2021-06-15 02:15:00,S,0.0,0,0
2021-06-15 02:15:00,S,0.0,0,0
2021-06-15 02:15:00,S,0.0,0,0
2021-06-15 02:15:00,S,0.0,0,0
2021-06-15 02:15:00,S,0.0,0,0
2021-06-15 02:15:00,S,246.65,1,100
2021-06-15 02:15:00,S,0.0,0,0
2021-06-15 02:15:00,S,0.0,0,0
2021-06-15 02:15:00,S,0.0,0,0
2021-06-15 02:15:00,S,0.0,0,0
2021-06-15 06:40:36,S,0.0,0,0
2021-06-15 06:40:36,S,0.0,0,0
2021-06-15 06:40:36,S,0.0,0,0
2021-06-15 06:40:36,S,0.0,0,0
2021-06-15 06:40:36,S,0.0,0,0
2021-06-15 06:40:36,S,246.65,1,100
2021-06-15 06:40:36,S,0.0,0,0
2021-06-15 06:40:36,S,0.0,0,0
2021-06-15 06:40:36,S,0.0,0,0
2021-06-15 06:40:36,S,0.0,0,0
2021-06-15 06:41:15,S,0.0,0,0
2021-06-15 06:41:15,S,0.0,0,0
2021-06-15 06:41:15,S,0.0,0,0
2021-06-15 06:41:15,S,0.0,0,0
2021-06-15 06:41:15,S,0.0,0,0
2021-06-15 06:41:15,S,0.0,0,0
2021-06-15 06:41:15,S,0.0,0,0
2021-06-15 06:41:15,S,0.0,0,0
2021-06-15 06:41:15,S,0.0,0,0
2021-06-15 06:41:15,S,0.0,0,0
2021-06-15 06:41:58,S,0.0,0,0
2021-06-15 06:41:58,S,0.0,0,0
2021-06-15 06:41:58,S,0.0,0,0
2021-06-15 06:41:58,S,0.0,0,0
2021-06-15 06:41:58,S,0.0,0,0
2021-06-15 06:41:58,S,0.0,0,0
2021-06-15 06:41:58,S,0.0,0,0
2021-06-15 06:41:58,S,0.0,0,0
2021-06-15 06:41:58,S,0.0,0,0
2021-06-15 06:41:58,S,0.0,0,0
2021-06-15 06:42:37,S,0.0,0,0
2021-06-15 06:42:37,S,0.0,0,0
2021-06-15 06:42:37,S,0.0,0,0
2021-06-15 06:42:37,S,0.0,0,0
2021-06-15 06:42:37,S,0.0,0,0
2021-06-15 06:42:37,S,0.0,0,0
2021-06-15 06:42:37,S,0.0,0,0
2021-06-15 06:42:37,S,0.0,0,0
2021-06-15 06:42:37,S,0.0,0,0
2021-06-15 06:42:37,S,0.0,0,0
2021-06-15 06:43:21,S,0.0,0,0
2021-06-15 06:43:21,S,0.0,0,0
2021-06-15 06:43:21,S,0.0,0,0
2021-06-15 06:43:21,S,0.0,0,0
2021-06-15 06:43:21,S,0.0,0,0
2021-06-15 06:43:21,S,0.0,0,0
2021-06-15 06:43:21,S,0.0,0,0
2021-06-15 06:43:21,S,0.0,0,0
2021-06-15 06:43:21,S,0.0,0,0
2021-06-15 06:43:21,S,0.0,0,0
2021-06-15 07:51:36,S,0.0,0,0
2021-06-15 07:51:36,S,0.0,0,0
2021-06-15 07:51:36,S,0.0,0,0
2021-06-15 07:51:36,S,0.0,0,0
2021-06-15 07:51:36,S,0.0,0,0
2021-06-15 07:51:36,S,0.0,0,0
2021-06-15 07:51:36,S,0.0,0,0
2021-06-15 07:51:36,S,0.0,0,0
2021-06-15 07:51:36,S,0.0,0,0
2021-06-15 07:51:36,S,0.0,0,0
2021-06-15 07:52:14,S,0.0,0,0
2021-06-15 07:52:14,S,0.0,0,0
2021-06-15 07:52:14,S,0.0,0,0
2021-06-15 07:52:14,S,0.0,0,0
2021-06-15 07:52:14,S,0.0,0,0
2021-06-15 07:52:14,S,0.0,0,0
2021-06-15 07:52:14,S,0.0,0,0
2021-06-15 07:52:14,S,0.0,0,0
2021-06-15 07:52:14,S,0.0,0,0
2021-06-15 07:52:14,S,0.0,0,0
2021-06-15 07:52:56,S,0.0,0,0
2021-06-15 07:52:56,S,0.0,0,0
2021-06-15 07:52:56,S,0.0,0,0
2021-06-15 07:52:56,S,0.0,0,0
2021-06-15 07:52:56,S,0.0,0,0
2021-06-15 07:52:56,S,0.0,0,0
2021-06-15 07:52:56,S,0.0,0,0
2021-06-15 07:52:56,S,0.0,0,0
2021-06-15 07:52:56,S,0.0,0,0
2021-06-15 07:52:56,S,0.0,0,0
2021-06-15 07:53:36,S,0.0,0,0
2021-06-15 07:53:36,S,0.0,0,0
2021-06-15 07:53:36,S,0.0,0,0
2021-06-15 07:53:36,S,0.0,0,0
2021-06-15 07:53:36,S,0.0,0,0
2021-06-15 07:53:36,S,0.0,0,0
2021-06-15 07:53:36,S,0.0,0,0
2021-06-15 07:53:36,S,0.0,0,0
2021-06-15 07:53:36,S,0.0,0,0
2021-06-15 07:53:36,S,0.0,0,0
2021-06-15 07:54:24,S,0.0,0,0
2021-06-15 07:54:24,S,0.0,0,0
2021-06-15 07:54:24,S,0.0,0,0
2021-06-15 07:54:24,S,0.0,0,0
2021-06-15 07:54:24,S,0.0,0,0
2021-06-15 07:54:24,S,0.0,0,0
2021-06-15 07:54:24,S,0.0,0,0
2021-06-15 07:54:24,S,0.0,0,0
2021-06-15 07:54:24,S,0.0,0,0
2021-06-15 07:54:24,S,0.0,0,0
2021-06-15 09:00:05,S,264.85,1,500
2021-06-15 09:00:05,S,265.0,1,100
2021-06-15 09:00:05,S,266.9,1,300
2021-06-15 09:00:05,S,269.9,2,275
2021-06-15 09:00:05,S,0.0,0,0
2021-06-15 09:00:05,S,242.0,1,30
2021-06-15 09:00:05,S,239.8,1,25
2021-06-15 09:00:05,S,239.3,1,1
2021-06-15 09:00:05,S,238.05,1,200
2021-06-15 09:00:05,S,0.0,0,0
2021-06-15 09:00:12,S,264.85,1,500
2021-06-15 09:00:12,S,265.0,1,100
2021-06-15 09:00:12,S,266.9,1,300
2021-06-15 09:00:12,S,269.9,2,275
2021-06-15 09:00:12,S,0.0,0,0
2021-06-15 09:00:12,S,242.0,1,30
2021-06-15 09:00:12,S,239.8,1,25
2021-06-15 09:00:12,S,239.3,1,1
2021-06-15 09:00:12,S,239.0,1,1
2021-06-15 09:00:12,S,0.0,0,0
2021-06-15 09:00:18,S,264.85,1,500
2021-06-15 09:00:18,S,265.0,1,100
2021-06-15 09:00:18,S,266.9,1,300
2021-06-15 09:00:18,S,269.9,2,275
2021-06-15 09:00:18,S,0.0,0,0
2021-06-15 09:00:18,S,242.0,1,30
2021-06-15 09:00:18,S,240.5,1,16
2021-06-15 09:00:18,S,239.8,1,25
2021-06-15 09:00:18,S,239.3,1,1
2021-06-15 09:00:18,S,0.0,1,15
2021-06-15 09:00:25,S,262.75,1,21
2021-06-15 09:00:25,S,264.85,1,500
2021-06-15 09:00:25,S,265.0,1,100
2021-06-15 09:00:25,S,266.9,1,300
2021-06-15 09:00:25,S,0.0,0,0
2021-06-15 09:00:25,S,246.0,1,133
2021-06-15 09:00:25,S,242.0,1,30
2021-06-15 09:00:25,S,240.5,1,16
2021-06-15 09:00:25,S,239.8,1,25
2021-06-15 09:00:25,S,0.0,1,15
2021-06-15 09:00:31,S,252.0,1,710
2021-06-15 09:00:31,S,262.75,1,21
2021-06-15 09:00:31,S,264.85,1,500
2021-06-15 09:00:31,S,265.0,1,100
2021-06-15 09:00:31,S,0.0,0,0
2021-06-15 09:00:31,S,246.0,1,133
2021-06-15 09:00:31,S,242.0,2,55
2021-06-15 09:00:31,S,240.5,1,16
2021-06-15 09:00:31,S,239.8,1,25
2021-06-15 09:00:31,S,0.0,1,15
2021-06-15 09:00:36,S,252.0,1,710
2021-06-15 09:00:36,S,262.75,1,21
2021-06-15 09:00:36,S,264.85,1,500
2021-06-15 09:00:36,S,265.0,1,100
2021-06-15 09:00:36,S,0.0,0,0
2021-06-15 09:00:36,S,246.0,1,133
2021-06-15 09:00:36,S,242.0,2,55
2021-06-15 09:00:36,S,240.5,1,16
2021-06-15 09:00:36,S,239.8,1,25
2021-06-15 09:00:36,S,0.0,1,15
2021-06-15 09:00:45,S,252.0,1,710
2021-06-15 09:00:45,S,262.75,1,21
2021-06-15 09:00:45,S,263.8,1,75
2021-06-15 09:00:45,S,264.85,1,500
2021-06-15 09:00:45,S,0.0,0,0
2021-06-15 09:00:45,S,246.0,1,133
2021-06-15 09:00:45,S,242.0,2,55
2021-06-15 09:00:45,S,240.5,1,16
2021-06-15 09:00:45,S,239.8,1,25
2021-06-15 09:00:45,S,0.0,1,15
2021-06-15 09:00:49,S,252.0,1,710
2021-06-15 09:00:49,S,262.75,1,21
2021-06-15 09:00:49,S,263.8,1,75
2021-06-15 09:00:49,S,264.85,1,500
2021-06-15 09:00:49,S,0.0,0,0
2021-06-15 09:00:49,S,246.0,1,133
2021-06-15 09:00:49,S,242.0,2,55
2021-06-15 09:00:49,S,240.5,1,16
2021-06-15 09:00:49,S,239.8,1,25
2021-06-15 09:00:49,S,0.0,1,15
2021-06-15 09:01:01,S,252.0,1,710
2021-06-15 09:01:01,S,262.75,1,21
2021-06-15 09:01:01,S,263.8,1,75
2021-06-15 09:01:01,S,264.85,1,500
2021-06-15 09:01:01,S,0.0,0,0
2021-06-15 09:01:01,S,246.0,1,133
2021-06-15 09:01:01,S,242.75,1,100
2021-06-15 09:01:01,S,242.0,2,55
2021-06-15 09:01:01,S,240.5,1,16
2021-06-15 09:01:01,S,0.0,1,15
2021-06-15 09:01:04,S,252.0,1,710
2021-06-15 09:01:04,S,262.75,1,21
2021-06-15 09:01:04,S,263.8,1,75
2021-06-15 09:01:04,S,264.85,1,500
2021-06-15 09:01:04,S,0.0,0,0
2021-06-15 09:01:04,S,246.0,1,133
2021-06-15 09:01:04,S,242.75,1,100
2021-06-15 09:01:04,S,242.0,2,55
2021-06-15 09:01:04,S,240.5,1,16
2021-06-15 09:01:04,S,0.0,1,15
2021-06-15 09:01:12,S,252.0,1,710
2021-06-15 09:01:12,S,262.75,1,21
2021-06-15 09:01:12,S,263.8,1,75
2021-06-15 09:01:12,S,264.85,1,500
2021-06-15 09:01:12,S,0.0,0,0
2021-06-15 09:01:12,S,246.0,1,133
2021-06-15 09:01:12,S,242.75,1,100
2021-06-15 09:01:12,S,242.0,2,55
2021-06-15 09:01:12,S,241.55,1,200
2021-06-15 09:01:12,S,0.0,1,15
2021-06-15 09:01:16,S,252.0,1,710
2021-06-15 09:01:16,S,262.75,1,21
2021-06-15 09:01:16,S,263.8,1,75
2021-06-15 09:01:16,S,264.85,1,500
2021-06-15 09:01:16,S,0.0,0,0
2021-06-15 09:01:16,S,246.0,1,133
2021-06-15 09:01:16,S,242.75,1,100
2021-06-15 09:01:16,S,242.0,2,55
2021-06-15 09:01:16,S,241.55,1,200
2021-06-15 09:01:16,S,0.0,1,15
2021-06-15 09:01:20,S,252.0,1,710
2021-06-15 09:01:20,S,262.75,1,21
2021-06-15 09:01:20,S,263.8,1,75
2021-06-15 09:01:20,S,264.85,1,500
2021-06-15 09:01:20,S,0.0,0,0
2021-06-15 09:01:20,S,246.0,1,133
2021-06-15 09:01:20,S,242.75,1,100
2021-06-15 09:01:20,S,242.0,2,55
2021-06-15 09:01:20,S,241.55,1,200
2021-06-15 09:01:20,S,0.0,1,15
2021-06-15 09:01:24,S,252.0,1,710
2021-06-15 09:01:24,S,257.0,1,50
2021-06-15 09:01:24,S,262.75,1,21
2021-06-15 09:01:24,S,263.8,1,75
2021-06-15 09:01:24,S,0.0,0,0
2021-06-15 09:01:24,S,246.0,1,133
2021-06-15 09:01:24,S,242.75,1,100
2021-06-15 09:01:24,S,242.0,2,55
2021-06-15 09:01:24,S,241.55,1,200
2021-06-15 09:01:24,S,0.0,1,15
2021-06-15 09:01:28,S,252.0,1,710
2021-06-15 09:01:28,S,257.0,1,50
2021-06-15 09:01:28,S,262.75,1,21
2021-06-15 09:01:28,S,263.8,1,75
2021-06-15 09:01:28,S,0.0,0,0
2021-06-15 09:01:28,S,246.0,1,133
2021-06-15 09:01:28,S,242.75,1,100
2021-06-15 09:01:28,S,242.0,2,55
2021-06-15 09:01:28,S,241.55,1,200
2021-06-15 09:01:28,S,0.0,1,15
2021-06-15 09:01:35,S,252.0,1,710
2021-06-15 09:01:35,S,257.0,1,50
2021-06-15 09:01:35,S,262.75,1,21
2021-06-15 09:01:35,S,263.8,1,75
2021-06-15 09:01:35,S,0.0,0,0
2021-06-15 09:01:35,S,246.0,1,133
2021-06-15 09:01:35,S,242.75,1,100
2021-06-15 09:01:35,S,242.0,2,55
2021-06-15 09:01:35,S,241.55,1,200
2021-06-15 09:01:35,S,0.0,1,15
2021-06-15 09:01:39,S,252.0,1,710
2021-06-15 09:01:39,S,257.0,1,50
2021-06-15 09:01:39,S,258.8,1,100
2021-06-15 09:01:39,S,262.75,1,21
2021-06-15 09:01:39,S,0.0,0,0
2021-06-15 09:01:39,S,246.0,1,133
2021-06-15 09:01:39,S,242.75,1,100
2021-06-15 09:01:39,S,242.0,2,55
2021-06-15 09:01:39,S,241.55,1,200
2021-06-15 09:01:39,S,0.0,1,15
2021-06-15 09:01:43,S,252.0,1,710
2021-06-15 09:01:43,S,257.0,1,50
2021-06-15 09:01:43,S,258.8,1,100
2021-06-15 09:01:43,S,262.75,1,21
2021-06-15 09:01:43,S,0.0,0,0
2021-06-15 09:01:43,S,246.0,1,133
2021-06-15 09:01:43,S,242.75,1,100
2021-06-15 09:01:43,S,242.0,2,55
2021-06-15 09:01:43,S,241.55,1,200
2021-06-15 09:01:43,S,0.0,1,15
2021-06-15 09:01:51,S,252.0,1,710
2021-06-15 09:01:51,S,257.0,1,50
2021-06-15 09:01:51,S,258.8,1,100
2021-06-15 09:01:51,S,262.75,1,21
2021-06-15 09:01:51,S,0.0,0,0
2021-06-15 09:01:51,S,246.0,1,133
2021-06-15 09:01:51,S,242.75,1,100
2021-06-15 09:01:51,S,242.0,2,55
2021-06-15 09:01:51,S,241.55,1,200
2021-06-15 09:01:51,S,0.0,1,15
2021-06-15 09:02:03,S,252.0,1,710
2021-06-15 09:02:03,S,257.0,1,50
2021-06-15 09:02:03,S,258.8,1,100
2021-06-15 09:02:03,S,262.75,1,21
2021-06-15 09:02:03,S,0.0,0,0
2021-06-15 09:02:03,S,246.0,1,133
2021-06-15 09:02:03,S,242.75,1,100
2021-06-15 09:02:03,S,242.0,2,55
2021-06-15 09:02:03,S,241.55,1,200
2021-06-15 09:02:03,S,0.0,1,15
2021-06-15 09:02:07,S,252.0,1,710
2021-06-15 09:02:07,S,257.0,1,50
2021-06-15 09:02:07,S,258.8,1,100
2021-06-15 09:02:07,S,262.75,1,21
2021-06-15 09:02:07,S,0.0,0,0
2021-06-15 09:02:07,S,246.0,1,133
2021-06-15 09:02:07,S,242.75,1,100
2021-06-15 09:02:07,S,242.0,2,55
2021-06-15 09:02:07,S,241.55,1,200
2021-06-15 09:02:07,S,0.0,1,15
2021-06-15 09:02:10,S,252.0,1,710
2021-06-15 09:02:10,S,255.0,1,3
2021-06-15 09:02:10,S,257.0,1,50
2021-06-15 09:02:10,S,258.8,1,100
2021-06-15 09:02:10,S,0.0,0,0
2021-06-15 09:02:10,S,246.0,1,133
2021-06-15 09:02:10,S,242.75,1,100
2021-06-15 09:02:10,S,242.0,2,55
2021-06-15 09:02:10,S,241.55,1,200
2021-06-15 09:02:10,S,0.0,1,15
2021-06-15 09:02:15,S,252.0,1,710
2021-06-15 09:02:15,S,255.0,1,3
2021-06-15 09:02:15,S,257.0,1,50
2021-06-15 09:02:15,S,258.8,1,100
2021-06-15 09:02:15,S,0.0,0,0
2021-06-15 09:02:15,S,246.0,1,133
2021-06-15 09:02:15,S,242.75,1,100
2021-06-15 09:02:15,S,242.0,2,55
2021-06-15 09:02:15,S,241.55,1,200
2021-06-15 09:02:15,S,0.0,1,15
2021-06-15 09:02:19,S,252.0,1,710
2021-06-15 09:02:19,S,255.0,1,3
2021-06-15 09:02:19,S,257.0,1,50
2021-06-15 09:02:19,S,258.8,1,100
2021-06-15 09:02:19,S,0.0,0,0
2021-06-15 09:02:19,S,246.0,1,133
2021-06-15 09:02:19,S,242.75,1,100
2021-06-15 09:02:19,S,242.0,2,55
2021-06-15 09:02:19,S,241.55,1,200
2021-06-15 09:02:19,S,0.0,1,15
2021-06-15 09:02:23,S,251.95,1,1417
2021-06-15 09:02:23,S,252.0,1,710
2021-06-15 09:02:23,S,255.0,1,3
2021-06-15 09:02:23,S,257.0,1,50
2021-06-15 09:02:23,S,0.0,0,0
2021-06-15 09:02:23,S,246.65,1,20
2021-06-15 09:02:23,S,246.0,1,133
2021-06-15 09:02:23,S,242.75,1,100
2021-06-15 09:02:23,S,242.0,2,55
2021-06-15 09:02:23,S,0.0,1,15
2021-06-15 09:02:27,S,251.95,1,1417
2021-06-15 09:02:27,S,252.0,1,710
2021-06-15 09:02:27,S,255.0,1,3
2021-06-15 09:02:27,S,257.0,1,50
2021-06-15 09:02:27,S,0.0,0,0
2021-06-15 09:02:27,S,246.65,1,20
2021-06-15 09:02:27,S,246.0,1,133
2021-06-15 09:02:27,S,242.75,1,100
2021-06-15 09:02:27,S,242.0,2,55
2021-06-15 09:02:27,S,0.0,1,15
2021-06-15 09:02:31,S,251.95,1,1417
2021-06-15 09:02:31,S,252.0,1,710
2021-06-15 09:02:31,S,255.0,1,3
2021-06-15 09:02:31,S,257.0,1,50
2021-06-15 09:02:31,S,0.0,0,0
2021-06-15 09:02:31,S,246.65,1,20
2021-06-15 09:02:31,S,246.0,1,133
2021-06-15 09:02:31,S,242.75,1,100
2021-06-15 09:02:31,S,242.0,2,55
2021-06-15 09:02:31,S,0.0,1,15
2021-06-15 09:02:35,S,249.0,1,50
2021-06-15 09:02:35,S,251.0,1,50
2021-06-15 09:02:35,S,251.95,1,1417
2021-06-15 09:02:35,S,252.0,1,710
2021-06-15 09:02:35,S,0.0,0,0
2021-06-15 09:02:35,S,246.65,1,20
2021-06-15 09:02:35,S,246.0,1,133
2021-06-15 09:02:35,S,242.75,1,100
2021-06-15 09:02:35,S,242.0,2,55
2021-06-15 09:02:35,S,0.0,1,15
2021-06-15 09:02:39,S,249.0,1,50
2021-06-15 09:02:39,S,251.0,1,50
2021-06-15 09:02:39,S,251.95,1,1417
2021-06-15 09:02:39,S,252.0,1,710
2021-06-15 09:02:39,S,0.0,0,0
2021-06-15 09:02:39,S,246.65,1,20
2021-06-15 09:02:39,S,246.0,1,133
2021-06-15 09:02:39,S,242.75,1,100
2021-06-15 09:02:39,S,242.0,2,55
2021-06-15 09:02:39,S,0.0,1,15
2021-06-15 09:02:47,S,249.0,1,50
2021-06-15 09:02:47,S,251.0,1,50
2021-06-15 09:02:47,S,251.95,1,1417
2021-06-15 09:02:47,S,252.0,1,710
2021-06-15 09:02:47,S,0.0,0,0
2021-06-15 09:02:47,S,246.65,1,20
2021-06-15 09:02:47,S,246.0,1,133
2021-06-15 09:02:47,S,242.75,1,100
2021-06-15 09:02:47,S,242.0,2,55
2021-06-15 09:02:47,S,0.0,1,15
2021-06-15 09:02:51,S,249.0,1,50
2021-06-15 09:02:51,S,251.0,1,50
2021-06-15 09:02:51,S,251.85,1,200
2021-06-15 09:02:51,S,251.95,1,1417
2021-06-15 09:02:51,S,0.0,0,0
2021-06-15 09:02:51,S,246.65,1,20
2021-06-15 09:02:51,S,246.0,1,133
2021-06-15 09:02:51,S,242.75,1,100
2021-06-15 09:02:51,S,242.0,2,55
2021-06-15 09:02:51,S,0.0,1,15
2021-06-15 09:02:58,S,249.0,1,50
2021-06-15 09:02:58,S,251.0,1,50
2021-06-15 09:02:58,S,251.85,1,200
2021-06-15 09:02:58,S,251.95,1,1417
2021-06-15 09:02:58,S,0.0,0,0
2021-06-15 09:02:58,S,246.65,1,20
2021-06-15 09:02:58,S,246.0,1,133
2021-06-15 09:02:58,S,242.75,1,100
2021-06-15 09:02:58,S,242.0,2,55
2021-06-15 09:02:58,S,0.0,1,15
2021-06-15 09:03:14,S,249.0,1,50
2021-06-15 09:03:14,S,251.0,1,50
2021-06-15 09:03:14,S,251.85,1,200
2021-06-15 09:03:14,S,251.95,1,1417
2021-06-15 09:03:14,S,0.0,0,0
2021-06-15 09:03:14,S,246.65,1,20
2021-06-15 09:03:14,S,246.0,1,133
2021-06-15 09:03:14,S,242.75,1,100
2021-06-15 09:03:14,S,242.0,2,55
2021-06-15 09:03:14,S,0.0,1,15
2021-06-15 09:03:25,S,249.0,1,50
2021-06-15 09:03:25,S,251.0,1,50
2021-06-15 09:03:25,S,251.85,1,200
2021-06-15 09:03:25,S,251.95,1,1417
2021-06-15 09:03:25,S,0.0,0,0
2021-06-15 09:03:25,S,246.65,1,20
2021-06-15 09:03:25,S,246.0,1,133
2021-06-15 09:03:25,S,242.75,1,100
2021-06-15 09:03:25,S,242.0,2,55
2021-06-15 09:03:25,S,0.0,1,15
2021-06-15 09:03:33,S,249.0,1,50
2021-06-15 09:03:33,S,251.0,1,50
2021-06-15 09:03:33,S,251.85,1,200
2021-06-15 09:03:33,S,251.95,1,1417
2021-06-15 09:03:33,S,0.0,0,0
2021-06-15 09:03:33,S,246.65,1,20
2021-06-15 09:03:33,S,246.0,1,133
2021-06-15 09:03:33,S,242.75,1,100
2021-06-15 09:03:33,S,242.0,2,55
2021-06-15 09:03:33,S,0.0,1,15
2021-06-15 09:03:40,S,249.0,1,50
2021-06-15 09:03:40,S,251.0,1,50
2021-06-15 09:03:40,S,251.85,1,200
2021-06-15 09:03:40,S,251.95,1,1417
2021-06-15 09:03:40,S,0.0,0,0
2021-06-15 09:03:40,S,246.65,1,20
2021-06-15 09:03:40,S,246.0,1,133
2021-06-15 09:03:40,S,242.75,1,100
2021-06-15 09:03:40,S,242.0,2,55
2021-06-15 09:03:40,S,0.0,1,15
2021-06-15 09:03:47,S,249.0,1,50
2021-06-15 09:03:47,S,251.0,1,50
2021-06-15 09:03:47,S,251.85,1,200
2021-06-15 09:03:47,S,251.95,1,1417
2021-06-15 09:03:47,S,0.0,0,0
2021-06-15 09:03:47,S,246.65,1,20
2021-06-15 09:03:47,S,246.0,1,133
2021-06-15 09:03:47,S,242.75,1,100
2021-06-15 09:03:47,S,242.0,2,55
2021-06-15 09:03:47,S,0.0,1,15
2021-06-15 09:03:57,S,249.0,1,50
2021-06-15 09:03:57,S,251.0,1,50
2021-06-15 09:03:57,S,251.85,1,200
2021-06-15 09:03:57,S,251.95,1,1417
2021-06-15 09:03:57,S,0.0,0,0
2021-06-15 09:03:57,S,246.65,1,20
2021-06-15 09:03:57,S,246.0,1,133
2021-06-15 09:03:57,S,242.75,1,100
2021-06-15 09:03:57,S,242.0,2,55
2021-06-15 09:03:57,S,0.0,1,15
2021-06-15 09:04:31,S,249.0,1,50
2021-06-15 09:04:31,S,251.0,1,50
2021-06-15 09:04:31,S,251.85,1,200
2021-06-15 09:04:31,S,251.95,1,1417
2021-06-15 09:04:31,S,0.0,0,0
2021-06-15 09:04:31,S,246.65,1,20
2021-06-15 09:04:31,S,246.0,1,133
2021-06-15 09:04:31,S,242.75,1,100
2021-06-15 09:04:31,S,242.0,2,55
2021-06-15 09:04:31,S,0.0,1,15
2021-06-15 09:04:34,S,249.0,2,80
2021-06-15 09:04:34,S,251.0,1,50
2021-06-15 09:04:34,S,251.85,1,200
2021-06-15 09:04:34,S,251.95,1,1417
2021-06-15 09:04:34,S,0.0,0,0
2021-06-15 09:04:34,S,246.65,1,20
2021-06-15 09:04:34,S,246.0,1,133
2021-06-15 09:04:34,S,242.75,1,100
2021-06-15 09:04:34,S,242.0,2,55
2021-06-15 09:04:34,S,0.0,1,15
2021-06-15 09:04:45,S,249.0,2,80
2021-06-15 09:04:45,S,251.0,1,50
2021-06-15 09:04:45,S,251.85,1,200
2021-06-15 09:04:45,S,251.95,1,1417
2021-06-15 09:04:45,S,0.0,0,0
2021-06-15 09:04:45,S,246.65,1,20
2021-06-15 09:04:45,S,246.0,1,133
2021-06-15 09:04:45,S,242.75,1,100
2021-06-15 09:04:45,S,242.0,2,55
2021-06-15 09:04:45,S,0.0,1,15
2021-06-15 09:04:48,S,249.0,2,80
2021-06-15 09:04:48,S,251.0,1,50
2021-06-15 09:04:48,S,251.85,1,200
2021-06-15 09:04:48,S,251.95,1,1417
2021-06-15 09:04:48,S,0.0,0,0
2021-06-15 09:04:48,S,246.65,1,20
2021-06-15 09:04:48,S,246.0,1,133
2021-06-15 09:04:48,S,242.75,1,100
2021-06-15 09:04:48,S,242.0,2,55
2021-06-15 09:04:48,S,0.0,1,15
2021-06-15 09:04:58,S,249.0,2,80
2021-06-15 09:04:58,S,251.0,1,50
2021-06-15 09:04:58,S,251.85,1,200
2021-06-15 09:04:58,S,251.95,1,1417
2021-06-15 09:04:58,S,0.0,0,0
2021-06-15 09:04:58,S,246.65,1,20
2021-06-15 09:04:58,S,246.0,1,133
2021-06-15 09:04:58,S,242.75,1,100
2021-06-15 09:04:58,S,242.0,2,55
2021-06-15 09:04:58,S,0.0,1,15
2021-06-15 09:05:01,S,248.95,1,30
2021-06-15 09:05:01,S,249.0,2,80
2021-06-15 09:05:01,S,250.0,1,100
2021-06-15 09:05:01,S,251.0,1,50
2021-06-15 09:05:01,S,0.0,0,0
2021-06-15 09:05:01,S,246.65,1,20
2021-06-15 09:05:01,S,246.0,1,133
2021-06-15 09:05:01,S,242.75,1,100
2021-06-15 09:05:01,S,242.0,2,55
2021-06-15 09:05:01,S,0.0,1,15
2021-06-15 09:05:04,S,248.95,2,780
2021-06-15 09:05:04,S,249.0,2,80
2021-06-15 09:05:04,S,250.0,1,100
2021-06-15 09:05:04,S,251.0,1,50
2021-06-15 09:05:04,S,0.0,0,0
2021-06-15 09:05:04,S,246.65,1,20
2021-06-15 09:05:04,S,246.0,1,133
2021-06-15 09:05:04,S,242.75,1,100
2021-06-15 09:05:04,S,242.0,2,55
2021-06-15 09:05:04,S,0.0,1,15
2021-06-15 09:05:08,S,248.95,2,780
2021-06-15 09:05:08,S,249.0,2,80
2021-06-15 09:05:08,S,250.0,1,100
2021-06-15 09:05:08,S,250.95,1,10
2021-06-15 09:05:08,S,0.0,0,0
2021-06-15 09:05:08,S,246.65,1,20
2021-06-15 09:05:08,S,246.0,1,133
2021-06-15 09:05:08,S,242.75,1,100
2021-06-15 09:05:08,S,242.0,2,55
2021-06-15 09:05:08,S,0.0,1,15
2021-06-15 09:05:12,S,248.95,2,780
2021-06-15 09:05:12,S,249.0,2,80
2021-06-15 09:05:12,S,250.0,1,100
2021-06-15 09:05:12,S,250.95,1,10
2021-06-15 09:05:12,S,0.0,0,0
2021-06-15 09:05:12,S,246.65,1,20
2021-06-15 09:05:12,S,246.0,1,133
2021-06-15 09:05:12,S,242.75,1,100
2021-06-15 09:05:12,S,242.0,2,55
2021-06-15 09:05:12,S,0.0,1,15
2021-06-15 09:05:15,S,248.45,1,750
2021-06-15 09:05:15,S,248.95,1,30
2021-06-15 09:05:15,S,249.0,2,80
2021-06-15 09:05:15,S,250.0,1,100
2021-06-15 09:05:15,S,0.0,0,0
2021-06-15 09:05:15,S,246.65,1,20
2021-06-15 09:05:15,S,246.0,1,133
2021-06-15 09:05:15,S,242.75,1,100
2021-06-15 09:05:15,S,242.0,2,55
2021-06-15 09:05:15,S,0.0,1,15
2021-06-15 09:05:22,S,248.45,1,750
2021-06-15 09:05:22,S,248.95,1,30
2021-06-15 09:05:22,S,249.0,2,80
2021-06-15 09:05:22,S,250.0,1,100
2021-06-15 09:05:22,S,0.0,0,0
2021-06-15 09:05:22,S,246.65,1,20
2021-06-15 09:05:22,S,246.0,1,133
2021-06-15 09:05:22,S,242.75,1,100
2021-06-15 09:05:22,S,242.0,2,55
2021-06-15 09:05:22,S,0.0,1,15
2021-06-15 09:05:25,S,248.45,1,750
2021-06-15 09:05:25,S,248.95,1,30
2021-06-15 09:05:25,S,249.0,2,80
2021-06-15 09:05:25,S,250.0,1,100
2021-06-15 09:05:25,S,0.0,0,0
2021-06-15 09:05:25,S,246.65,1,20
2021-06-15 09:05:25,S,246.0,1,133
2021-06-15 09:05:25,S,243.2,1,300
2021-06-15 09:05:25,S,242.75,1,100
2021-06-15 09:05:25,S,0.0,1,15
2021-06-15 09:05:29,S,248.45,1,750
2021-06-15 09:05:29,S,248.95,1,30
2021-06-15 09:05:29,S,249.0,2,80
2021-06-15 09:05:29,S,250.0,1,100
2021-06-15 09:05:29,S,0.0,0,0
2021-06-15 09:05:29,S,246.65,1,20
2021-06-15 09:05:29,S,246.0,1,133
2021-06-15 09:05:29,S,245.0,1,22
2021-06-15 09:05:29,S,243.2,1,300
2021-06-15 09:05:29,S,0.0,1,15
2021-06-15 09:05:53,S,248.45,1,750
2021-06-15 09:05:53,S,248.95,1,30
2021-06-15 09:05:53,S,249.0,2,80
2021-06-15 09:05:53,S,250.0,1,100
2021-06-15 09:05:53,S,0.0,0,0
2021-06-15 09:05:53,S,246.65,1,20
2021-06-15 09:05:53,S,246.0,1,133
2021-06-15 09:05:53,S,245.0,1,22
2021-06-15 09:05:53,S,243.2,1,300
2021-06-15 09:05:53,S,0.0,1,15
2021-06-15 09:06:41,S,248.0,1,10
2021-06-15 09:06:41,S,248.45,1,750
2021-06-15 09:06:41,S,248.95,1,30
2021-06-15 09:06:41,S,249.0,2,80
2021-06-15 09:06:41,S,0.0,0,0
2021-06-15 09:06:41,S,246.65,1,20
2021-06-15 09:06:41,S,246.0,1,133
2021-06-15 09:06:41,S,245.0,1,22
2021-06-15 09:06:41,S,243.2,1,300
2021-06-15 09:06:41,S,0.0,1,15
2021-06-15 09:07:04,S,248.0,1,10
2021-06-15 09:07:04,S,248.45,1,750
2021-06-15 09:07:04,S,248.95,1,30
2021-06-15 09:07:04,S,249.0,2,80
2021-06-15 09:07:04,S,0.0,0,0
2021-06-15 09:07:04,S,246.65,1,20
2021-06-15 09:07:04,S,246.0,1,133
2021-06-15 09:07:04,S,245.0,1,22
2021-06-15 09:07:04,S,243.2,1,300
2021-06-15 09:07:04,S,0.0,1,15
2021-06-15 09:07:08,S,248.0,1,10
2021-06-15 09:07:08,S,248.45,1,750
2021-06-15 09:07:08,S,248.95,1,30
2021-06-15 09:07:08,S,249.0,2,80
2021-06-15 09:07:08,S,0.0,0,0
2021-06-15 09:07:08,S,246.65,1,20
2021-06-15 09:07:08,S,246.0,1,133
2021-06-15 09:07:08,S,245.0,1,22
2021-06-15 09:07:08,S,243.2,1,300
2021-06-15 09:07:08,S,0.0,1,15
2021-06-15 09:07:11,S,248.45,1,745
2021-06-15 09:07:11,S,248.95,1,30
2021-06-15 09:07:11,S,249.0,2,80
2021-06-15 09:07:11,S,250.0,2,1100
2021-06-15 09:07:11,S,250.95,1,10
2021-06-15 09:07:11,S,246.65,1,20
2021-06-15 09:07:11,S,246.0,1,133
2021-06-15 09:07:11,S,245.0,1,22
2021-06-15 09:07:11,S,243.2,1,300
2021-06-15 09:07:11,S,242.75,1,100
2021-06-15 09:15:07,S,248.4,1,8
2021-06-15 09:15:07,S,248.45,1,745
2021-06-15 09:15:07,S,248.95,1,30
2021-06-15 09:15:07,S,249.0,2,80
2021-06-15 09:15:07,S,249.5,1,1
2021-06-15 09:15:07,S,246.65,1,20
2021-06-15 09:15:07,S,246.05,1,8
2021-06-15 09:15:07,S,246.0,2,183
2021-06-15 09:15:07,S,245.0,1,22
2021-06-15 09:15:07,S,243.2,1,300
2021-06-15 09:15:15,S,248.4,2,38
2021-06-15 09:15:15,S,248.45,1,745
2021-06-15 09:15:15,S,249.0,2,80
2021-06-15 09:15:15,S,249.5,1,1
2021-06-15 09:15:15,S,249.6,1,1
2021-06-15 09:15:15,S,246.65,1,20
2021-06-15 09:15:15,S,246.05,1,8
2021-06-15 09:15:15,S,246.0,2,183
2021-06-15 09:15:15,S,245.0,1,22
2021-06-15 09:15:15,S,243.2,1,300
2021-06-15 09:15:23,S,248.4,2,38
2021-06-15 09:15:23,S,248.45,1,745
2021-06-15 09:15:23,S,249.0,2,80
2021-06-15 09:15:23,S,249.5,1,1
2021-06-15 09:15:23,S,249.6,1,1
2021-06-15 09:15:23,S,246.7,1,8
2021-06-15 09:15:23,S,246.65,1,20
2021-06-15 09:15:23,S,246.0,2,183
2021-06-15 09:15:23,S,245.65,1,53
2021-06-15 09:15:23,S,245.25,1,51
2021-06-15 09:15:30,S,248.4,2,38
2021-06-15 09:15:30,S,248.45,1,745
2021-06-15 09:15:30,S,249.0,2,80
2021-06-15 09:15:30,S,249.5,1,1
2021-06-15 09:15:30,S,249.6,1,1
2021-06-15 09:15:30,S,246.7,1,8
2021-06-15 09:15:30,S,246.65,1,20
2021-06-15 09:15:30,S,246.0,2,183
2021-06-15 09:15:30,S,245.65,1,53
2021-06-15 09:15:30,S,245.25,1,51
2021-06-15 09:15:38,S,248.4,2,38
2021-06-15 09:15:38,S,248.45,1,745
2021-06-15 09:15:38,S,249.0,2,80
2021-06-15 09:15:38,S,249.5,1,1
2021-06-15 09:15:38,S,249.6,1,1
2021-06-15 09:15:38,S,246.7,1,8
2021-06-15 09:15:38,S,246.65,1,20
2021-06-15 09:15:38,S,246.0,2,183
2021-06-15 09:15:38,S,245.65,1,53
2021-06-15 09:15:38,S,245.25,1,51
2021-06-15 09:15:45,S,248.4,2,38
2021-06-15 09:15:45,S,248.45,1,745
2021-06-15 09:15:45,S,249.0,2,80
2021-06-15 09:15:45,S,249.5,1,1
2021-06-15 09:15:45,S,249.6,1,1
2021-06-15 09:15:45,S,246.7,1,8
2021-06-15 09:15:45,S,246.65,1,20
2021-06-15 09:15:45,S,246.0,2,183
2021-06-15 09:15:45,S,245.65,1,53
2021-06-15 09:15:45,S,245.25,1,51
2021-06-15 09:15:58,S,248.4,2,38
2021-06-15 09:15:58,S,248.45,1,745
2021-06-15 09:15:58,S,249.0,2,80
2021-06-15 09:15:58,S,249.5,1,1
2021-06-15 09:15:58,S,249.6,1,1
2021-06-15 09:15:58,S,246.7,1,8
2021-06-15 09:15:58,S,246.65,1,20
2021-06-15 09:15:58,S,246.0,2,183
2021-06-15 09:15:58,S,245.65,1,53
2021-06-15 09:15:58,S,245.25,1,51
2021-06-15 09:16:04,S,248.4,2,38
2021-06-15 09:16:04,S,248.45,1,745
2021-06-15 09:16:04,S,249.0,2,80
2021-06-15 09:16:04,S,249.5,1,1
2021-06-15 09:16:04,S,249.6,1,1
2021-06-15 09:16:04,S,246.7,1,8
2021-06-15 09:16:04,S,246.65,1,20
2021-06-15 09:16:04,S,246.0,2,183
2021-06-15 09:16:04,S,245.65,1,53
2021-06-15 09:16:04,S,245.25,1,51
2021-06-15 09:16:10,S,248.35,3,31
2021-06-15 09:16:10,S,248.4,1,30
2021-06-15 09:16:10,S,248.45,1,745
2021-06-15 09:16:10,S,249.0,2,80
2021-06-15 09:16:10,S,249.15,1,60
2021-06-15 09:16:10,S,246.7,2,11
2021-06-15 09:16:10,S,246.65,2,24
2021-06-15 09:16:10,S,246.0,3,188
2021-06-15 09:16:10,S,245.7,1,20
2021-06-15 09:16:10,S,245.65,1,53
2021-06-15 09:16:16,S,248.45,1,706
2021-06-15 09:16:16,S,249.0,2,80
2021-06-15 09:16:16,S,249.15,1,60
2021-06-15 09:16:16,S,249.5,1,1
2021-06-15 09:16:16,S,249.6,1,1
2021-06-15 09:16:16,S,246.7,2,11
2021-06-15 09:16:16,S,246.65,2,24
2021-06-15 09:16:16,S,246.0,3,188
2021-06-15 09:16:16,S,245.7,1,20
2021-06-15 09:16:16,S,245.65,1,53
2021-06-15 09:16:36,S,248.45,1,706
2021-06-15 09:16:36,S,248.95,1,20
2021-06-15 09:16:36,S,249.0,2,80
2021-06-15 09:16:36,S,249.15,1,60
2021-06-15 09:16:36,S,249.5,1,1
2021-06-15 09:16:36,S,246.75,1,8
2021-06-15 09:16:36,S,246.7,1,3
2021-06-15 09:16:36,S,246.65,2,24
2021-06-15 09:16:36,S,246.0,3,188
2021-06-15 09:16:36,S,245.7,1,20
2021-06-15 09:16:42,S,248.45,1,706
2021-06-15 09:16:42,S,248.95,1,20
2021-06-15 09:16:42,S,249.0,2,80
2021-06-15 09:16:42,S,249.15,1,60
2021-06-15 09:16:42,S,249.5,1,1
2021-06-15 09:16:42,S,246.75,1,8
2021-06-15 09:16:42,S,246.7,2,23
2021-06-15 09:16:42,S,246.65,2,24
2021-06-15 09:16:42,S,246.0,4,193
2021-06-15 09:16:42,S,245.65,1,53
2021-06-15 09:16:48,S,248.4,3,24
2021-06-15 09:16:48,S,248.45,1,706
2021-06-15 09:16:48,S,248.85,1,1
2021-06-15 09:16:48,S,248.95,1,20
2021-06-15 09:16:48,S,249.0,2,80
2021-06-15 09:16:48,S,246.75,2,11
2021-06-15 09:16:48,S,246.7,2,23
2021-06-15 09:16:48,S,246.65,2,24
2021-06-15 09:16:48,S,246.35,1,1
2021-06-15 09:16:48,S,246.0,4,193
2021-06-15 09:16:54,S,248.4,2,23
2021-06-15 09:16:54,S,248.45,2,710
2021-06-15 09:16:54,S,248.85,2,6
2021-06-15 09:16:54,S,248.95,2,21
2021-06-15 09:16:54,S,249.0,2,80
2021-06-15 09:16:54,S,247.05,2,11
2021-06-15 09:16:54,S,246.7,2,23
2021-06-15 09:16:54,S,246.65,2,24
2021-06-15 09:16:54,S,246.35,1,1
2021-06-15 09:16:54,S,246.0,4,193
2021-06-15 09:17:00,S,248.4,2,23
2021-06-15 09:17:00,S,248.45,3,742
2021-06-15 09:17:00,S,248.85,2,6
2021-06-15 09:17:00,S,248.95,2,21
2021-06-15 09:17:00,S,249.0,2,80
2021-06-15 09:17:00,S,246.75,2,11
2021-06-15 09:17:00,S,246.7,2,23
2021-06-15 09:17:00,S,246.65,2,24
2021-06-15 09:17:00,S,246.35,1,1
2021-06-15 09:17:00,S,246.0,4,193
2021-06-15 09:17:06,S,248.4,1,20
2021-06-15 09:17:06,S,248.45,2,738
2021-06-15 09:17:06,S,248.85,2,6
2021-06-15 09:17:06,S,248.95,1,1
2021-06-15 09:17:06,S,249.0,2,80
2021-06-15 09:17:06,S,247.1,1,8
2021-06-15 09:17:06,S,247.05,1,40
2021-06-15 09:17:06,S,246.95,1,3
2021-06-15 09:17:06,S,246.9,1,3
2021-06-15 09:17:06,S,246.8,1,4
2021-06-15 09:17:13,S,248.4,1,20
2021-06-15 09:17:13,S,248.45,2,738
2021-06-15 09:17:13,S,248.85,2,6
2021-06-15 09:17:13,S,248.95,2,21
2021-06-15 09:17:13,S,249.0,2,80
2021-06-15 09:17:13,S,246.75,2,11
2021-06-15 09:17:13,S,246.7,2,23
2021-06-15 09:17:13,S,246.65,2,24
2021-06-15 09:17:13,S,246.35,1,1
2021-06-15 09:17:13,S,246.05,1,59
2021-06-15 09:17:20,S,248.4,1,20
2021-06-15 09:17:20,S,248.45,2,738
2021-06-15 09:17:20,S,248.85,2,6
2021-06-15 09:17:20,S,248.95,2,21
2021-06-15 09:17:20,S,249.0,2,80
2021-06-15 09:17:20,S,246.75,2,11
2021-06-15 09:17:20,S,246.7,2,23
2021-06-15 09:17:20,S,246.65,2,24
2021-06-15 09:17:20,S,246.35,1,1
2021-06-15 09:17:20,S,246.05,1,59
2021-06-15 09:17:27,S,248.4,1,20
2021-06-15 09:17:27,S,248.45,2,738
2021-06-15 09:17:27,S,248.85,2,6
2021-06-15 09:17:27,S,248.95,2,21
2021-06-15 09:17:27,S,249.0,2,80
2021-06-15 09:17:27,S,246.75,2,11
2021-06-15 09:17:27,S,246.7,2,23
2021-06-15 09:17:27,S,246.65,2,24
2021-06-15 09:17:27,S,246.35,1,1
2021-06-15 09:17:27,S,246.05,1,59
2021-06-15 09:17:31,S,248.4,1,20
2021-06-15 09:17:31,S,248.45,2,738
2021-06-15 09:17:31,S,248.85,2,6
2021-06-15 09:17:31,S,248.95,2,21
2021-06-15 09:17:31,S,249.0,2,80
2021-06-15 09:17:31,S,246.75,2,11
2021-06-15 09:17:31,S,246.7,2,23
2021-06-15 09:17:31,S,246.65,2,24
2021-06-15 09:17:31,S,246.35,1,1
2021-06-15 09:17:31,S,246.05,1,59
2021-06-15 09:17:32,S,249.9,1,20
2021-06-15 09:17:32,S,249.95,1,50
2021-06-15 09:17:32,S,250.0,2,1100
2021-06-15 09:17:32,S,250.35,1,51
2021-06-15 09:17:32,S,250.75,2,62
2021-06-15 09:17:32,S,246.9,2,11
2021-06-15 09:17:32,S,246.75,1,12
2021-06-15 09:17:32,S,246.7,3,43
2021-06-15 09:17:32,S,246.65,2,24
2021-06-15 09:17:32,S,246.35,1,1
2021-06-15 09:17:37,S,249.95,1,50
2021-06-15 09:17:37,S,250.0,2,1100
2021-06-15 09:17:37,S,250.3,1,20
2021-06-15 09:17:37,S,250.35,1,51
2021-06-15 09:17:37,S,250.75,2,62
2021-06-15 09:17:37,S,248.05,1,8
2021-06-15 09:17:37,S,248.0,1,1
2021-06-15 09:17:37,S,247.4,1,20
2021-06-15 09:17:37,S,247.35,1,90
2021-06-15 09:17:37,S,246.9,1,3
2021-06-15 09:17:44,S,250.0,2,1100
2021-06-15 09:17:44,S,250.35,1,51
2021-06-15 09:17:44,S,250.75,2,62
2021-06-15 09:17:44,S,250.95,2,30
2021-06-15 09:17:44,S,251.0,2,75
2021-06-15 09:17:44,S,248.7,1,8
2021-06-15 09:17:44,S,248.65,2,45
2021-06-15 09:17:44,S,248.55,1,4
2021-06-15 09:17:44,S,248.5,1,90
2021-06-15 09:17:44,S,248.0,1,1
2021-06-15 09:17:49,S,250.0,2,1100
2021-06-15 09:17:49,S,250.75,1,2
2021-06-15 09:17:49,S,250.95,2,15
2021-06-15 09:17:49,S,251.0,2,75
2021-06-15 09:17:49,S,251.1,1,20
2021-06-15 09:17:49,S,249.35,2,11
2021-06-15 09:17:49,S,249.3,1,42
2021-06-15 09:17:49,S,249.2,1,3
2021-06-15 09:17:49,S,249.15,2,94
2021-06-15 09:17:49,S,248.55,1,20
2021-06-15 09:17:51,S,250.0,2,1100
2021-06-15 09:17:51,S,250.75,1,2
2021-06-15 09:17:51,S,250.95,2,15
2021-06-15 09:17:51,S,251.0,2,75
2021-06-15 09:17:51,S,251.1,1,20
2021-06-15 09:17:51,S,249.35,2,11
2021-06-15 09:17:51,S,249.3,1,42
2021-06-15 09:17:51,S,249.2,1,3
2021-06-15 09:17:51,S,249.15,2,94
2021-06-15 09:17:51,S,248.55,1,20
2021-06-15 09:17:56,S,250.0,3,1101
2021-06-15 09:17:56,S,250.75,1,2
2021-06-15 09:17:56,S,250.95,2,15
2021-06-15 09:17:56,S,251.0,2,75
2021-06-15 09:17:56,S,251.15,1,48
2021-06-15 09:17:56,S,249.35,2,11
2021-06-15 09:17:56,S,249.3,1,42
2021-06-15 09:17:56,S,249.2,1,3
2021-06-15 09:17:56,S,249.15,2,94
2021-06-15 09:17:56,S,248.0,2,4
2021-06-15 09:18:01,S,250.0,3,1101
2021-06-15 09:18:01,S,250.75,2,6
2021-06-15 09:18:01,S,250.95,2,15
2021-06-15 09:18:01,S,251.0,2,75
2021-06-15 09:18:01,S,251.15,1,48
2021-06-15 09:18:01,S,249.5,1,13
2021-06-15 09:18:01,S,249.4,2,12
2021-06-15 09:18:01,S,249.35,2,15
2021-06-15 09:18:01,S,249.2,1,3
2021-06-15 09:18:01,S,249.15,2,94
2021-06-15 09:18:02,S,250.0,3,1101
2021-06-15 09:18:02,S,250.75,2,6
2021-06-15 09:18:02,S,250.95,2,15
2021-06-15 09:18:02,S,251.0,2,75
2021-06-15 09:18:02,S,251.15,1,48
2021-06-15 09:18:02,S,249.5,1,13
2021-06-15 09:18:02,S,249.4,2,12
2021-06-15 09:18:02,S,249.35,2,15
2021-06-15 09:18:02,S,249.2,1,3
2021-06-15 09:18:02,S,249.15,2,94
2021-06-15 09:18:07,S,250.0,3,1101
2021-06-15 09:18:07,S,250.75,2,6
2021-06-15 09:18:07,S,250.95,2,15
2021-06-15 09:18:07,S,251.0,2,75
2021-06-15 09:18:07,S,251.1,1,20
2021-06-15 09:18:07,S,249.55,1,8
2021-06-15 09:18:07,S,249.5,1,11
2021-06-15 09:18:07,S,249.4,1,4
2021-06-15 09:18:07,S,249.35,2,15
2021-06-15 09:18:07,S,249.2,1,3
2021-06-15 09:18:13,S,249.75,1,26
2021-06-15 09:18:13,S,250.0,3,1101
2021-06-15 09:18:13,S,250.75,2,6
2021-06-15 09:18:13,S,250.95,2,15
2021-06-15 09:18:13,S,251.0,2,75
2021-06-15 09:18:13,S,249.55,2,20
2021-06-15 09:18:13,S,249.5,2,24
2021-06-15 09:18:13,S,249.4,1,4
2021-06-15 09:18:13,S,249.35,2,15
2021-06-15 09:18:13,S,249.2,1,3
2021-06-15 09:18:25,S,249.75,1,26
2021-06-15 09:18:25,S,250.0,3,1101
2021-06-15 09:18:25,S,250.75,2,6
2021-06-15 09:18:25,S,250.95,2,15
2021-06-15 09:18:25,S,251.0,2,75
2021-06-15 09:18:25,S,249.55,1,12
2021-06-15 09:18:25,S,249.5,1,11
2021-06-15 09:18:25,S,249.45,1,8
2021-06-15 09:18:25,S,249.4,1,4
2021-06-15 09:18:25,S,249.35,2,15
2021-06-15 09:18:25,S,249.75,1,26
2021-06-15 09:18:25,S,250.0,3,1101
2021-06-15 09:18:25,S,250.75,2,6
2021-06-15 09:18:25,S,250.95,2,15
2021-06-15 09:18:25,S,251.0,2,75
2021-06-15 09:18:25,S,249.55,1,12
2021-06-15 09:18:25,S,249.5,1,11
2021-06-15 09:18:25,S,249.45,1,8
2021-06-15 09:18:25,S,249.4,1,4
2021-06-15 09:18:25,S,249.35,2,15
2021-06-15 09:18:31,S,249.75,2,29
2021-06-15 09:18:31,S,250.0,4,1105
2021-06-15 09:18:31,S,250.2,1,2
2021-06-15 09:18:31,S,250.75,2,6
2021-06-15 09:18:31,S,250.9,1,2
2021-06-15 09:18:31,S,249.5,1,11
2021-06-15 09:18:31,S,249.35,1,12
2021-06-15 09:18:31,S,248.5,2,13
2021-06-15 09:18:31,S,248.45,1,2
2021-06-15 09:18:31,S,248.0,2,4
2021-06-15 09:18:31,S,249.75,2,29
2021-06-15 09:18:31,S,250.0,4,1105
2021-06-15 09:18:31,S,250.2,1,2
2021-06-15 09:18:31,S,250.75,2,6
2021-06-15 09:18:31,S,250.9,1,2
2021-06-15 09:18:31,S,249.5,1,11
2021-06-15 09:18:31,S,249.35,1,12
2021-06-15 09:18:31,S,248.5,2,13
2021-06-15 09:18:31,S,248.45,1,2
2021-06-15 09:18:31,S,248.0,2,4
2021-06-15 09:18:37,S,249.45,1,89
2021-06-15 09:18:37,S,249.75,2,29
2021-06-15 09:18:37,S,250.0,3,1005
2021-06-15 09:18:37,S,250.2,1,2
2021-06-15 09:18:37,S,250.75,2,6
2021-06-15 09:18:37,S,248.5,1,5
2021-06-15 09:18:37,S,248.05,1,8
2021-06-15 09:18:37,S,248.0,2,4
2021-06-15 09:18:37,S,247.85,1,20
2021-06-15 09:18:37,S,247.8,1,20
2021-06-15 09:18:43,S,249.35,1,43
2021-06-15 09:18:43,S,249.45,1,89
2021-06-15 09:18:43,S,249.75,2,29
2021-06-15 09:18:43,S,250.0,3,1005
2021-06-15 09:18:43,S,250.2,1,2
2021-06-15 09:18:43,S,248.5,1,5
2021-06-15 09:18:43,S,248.05,1,8
2021-06-15 09:18:43,S,248.0,1,1
2021-06-15 09:18:43,S,247.7,1,20
2021-06-15 09:18:43,S,247.65,2,62
2021-06-15 09:18:43,S,249.35,1,43
2021-06-15 09:18:43,S,249.45,1,89
2021-06-15 09:18:43,S,249.75,2,29
2021-06-15 09:18:43,S,250.0,3,1005
2021-06-15 09:18:43,S,250.2,1,2
2021-06-15 09:18:43,S,248.5,1,5
2021-06-15 09:18:43,S,248.05,1,8
2021-06-15 09:18:43,S,248.0,1,1
2021-06-15 09:18:43,S,247.7,1,20
2021-06-15 09:18:43,S,247.65,2,62
2021-06-15 09:18:45,S,249.35,1,43
2021-06-15 09:18:45,S,249.45,1,89
2021-06-15 09:18:45,S,249.75,2,29
2021-06-15 09:18:45,S,250.0,3,1005
2021-06-15 09:18:45,S,250.2,1,2
2021-06-15 09:18:45,S,248.5,1,5
2021-06-15 09:18:45,S,248.05,1,8
2021-06-15 09:18:45,S,248.0,1,1
2021-06-15 09:18:45,S,247.7,1,20
2021-06-15 09:18:45,S,247.65,2,62
2021-06-15 09:18:49,S,249.75,1,26
2021-06-15 09:18:49,S,250.0,2,1001
2021-06-15 09:18:49,S,250.2,2,7
2021-06-15 09:18:49,S,250.35,1,52
2021-06-15 09:18:49,S,250.75,2,6
2021-06-15 09:18:49,S,249.05,2,10
2021-06-15 09:18:49,S,249.0,2,204
2021-06-15 09:18:49,S,248.35,2,7
2021-06-15 09:18:49,S,248.0,3,8
2021-06-15 09:18:49,S,247.7,1,20
2021-06-15 09:18:55,S,249.55,1,50
2021-06-15 09:18:55,S,249.75,1,26
2021-06-15 09:18:55,S,249.8,1,2
2021-06-15 09:18:55,S,250.0,3,1006
2021-06-15 09:18:55,S,250.2,2,7
2021-06-15 09:18:55,S,249.2,1,8
2021-06-15 09:18:55,S,249.15,1,12
2021-06-15 09:18:55,S,249.05,3,42
2021-06-15 09:18:55,S,249.0,2,204
2021-06-15 09:18:55,S,248.35,2,7
2021-06-15 09:19:00,S,249.55,1,50
2021-06-15 09:19:00,S,249.75,1,26
2021-06-15 09:19:00,S,250.0,3,1006
2021-06-15 09:19:00,S,250.2,2,7
2021-06-15 09:19:00,S,250.25,1,2
2021-06-15 09:19:00,S,249.2,2,10
2021-06-15 09:19:00,S,249.15,1,12
2021-06-15 09:19:00,S,249.05,3,42
2021-06-15 09:19:00,S,249.0,2,204
2021-06-15 09:19:00,S,248.35,2,7
2021-06-15 09:19:11,S,249.55,1,50
2021-06-15 09:19:11,S,249.75,1,26
2021-06-15 09:19:11,S,250.0,3,1006
2021-06-15 09:19:11,S,250.2,2,7
2021-06-15 09:19:11,S,250.25,1,2
2021-06-15 09:19:11,S,249.2,2,10
2021-06-15 09:19:11,S,249.15,1,12
2021-06-15 09:19:11,S,249.05,3,42
2021-06-15 09:19:11,S,249.0,2,204
2021-06-15 09:19:11,S,248.35,2,7
2021-06-15 09:19:12,S,249.35,1,8
2021-06-15 09:19:12,S,249.4,2,8
2021-06-15 09:19:12,S,249.55,1,50
2021-06-15 09:19:12,S,249.75,2,31
2021-06-15 09:19:12,S,250.0,2,1001
2021-06-15 09:19:12,S,249.0,1,21
2021-06-15 09:19:12,S,248.4,1,8
2021-06-15 09:19:12,S,248.35,1,5
2021-06-15 09:19:12,S,248.0,2,6
2021-06-15 09:19:12,S,247.7,1,20
2021-06-15 09:19:18,S,249.25,1,8
2021-06-15 09:19:18,S,249.3,2,15
2021-06-15 09:19:18,S,249.4,2,8
2021-06-15 09:19:18,S,249.5,1,20
2021-06-15 09:19:18,S,249.55,1,50
2021-06-15 09:19:18,S,249.0,1,21
2021-06-15 09:19:18,S,248.4,2,12
2021-06-15 09:19:18,S,248.35,1,5
2021-06-15 09:19:18,S,248.0,2,6
2021-06-15 09:19:18,S,247.7,1,20
2021-06-15 09:19:20,S,249.25,1,8
2021-06-15 09:19:20,S,249.3,2,15
2021-06-15 09:19:20,S,249.4,2,8
2021-06-15 09:19:20,S,249.5,1,20
2021-06-15 09:19:20,S,249.55,1,50
2021-06-15 09:19:20,S,249.0,1,21
2021-06-15 09:19:20,S,248.4,2,12
2021-06-15 09:19:20,S,248.35,1,5
2021-06-15 09:19:20,S,248.0,2,6
2021-06-15 09:19:20,S,247.7,1,20
2021-06-15 09:19:23,S,248.95,4,43
2021-06-15 09:19:23,S,249.0,2,33
2021-06-15 09:19:23,S,249.4,2,8
2021-06-15 09:19:23,S,249.5,1,20
2021-06-15 09:19:23,S,249.55,1,50
2021-06-15 09:19:23,S,248.0,2,6
2021-06-15 09:19:23,S,247.35,2,12
2021-06-15 09:19:23,S,247.3,1,5
2021-06-15 09:19:23,S,247.25,1,2
2021-06-15 09:19:23,S,246.9,1,20
2021-06-15 09:19:29,S,248.95,4,43
2021-06-15 09:19:29,S,249.0,2,33
2021-06-15 09:19:29,S,249.4,2,8
2021-06-15 09:19:29,S,249.5,1,20
2021-06-15 09:19:29,S,249.55,1,50
2021-06-15 09:19:29,S,248.0,2,6
2021-06-15 09:19:29,S,247.35,2,12
2021-06-15 09:19:29,S,247.25,1,2
2021-06-15 09:19:29,S,246.9,1,20
2021-06-15 09:19:29,S,246.85,2,110
2021-06-15 09:19:35,S,248.95,4,43
2021-06-15 09:19:35,S,249.0,2,33
2021-06-15 09:19:35,S,249.4,2,8
2021-06-15 09:19:35,S,249.5,1,20
2021-06-15 09:19:35,S,249.55,1,50
2021-06-15 09:19:35,S,248.05,2,10
2021-06-15 09:19:35,S,248.0,2,6
2021-06-15 09:19:35,S,247.6,1,4
2021-06-15 09:19:35,S,247.55,2,6
2021-06-15 09:19:35,S,247.35,1,4
2021-06-15 09:19:41,S,248.95,3,31
2021-06-15 09:19:41,S,249.0,2,33
2021-06-15 09:19:41,S,249.4,2,8
2021-06-15 09:19:41,S,249.5,1,20
2021-06-15 09:19:41,S,249.55,1,50
2021-06-15 09:19:41,S,248.0,2,6
2021-06-15 09:19:41,S,247.6,2,13
2021-06-15 09:19:41,S,247.55,2,6
2021-06-15 09:19:41,S,247.25,2,7
2021-06-15 09:19:41,S,246.9,1,20
2021-06-15 09:19:46,S,248.75,1,8
2021-06-15 09:19:46,S,248.8,1,3
2021-06-15 09:19:46,S,248.85,1,3
2021-06-15 09:19:46,S,249.0,2,33
2021-06-15 09:19:46,S,249.25,2,7
2021-06-15 09:19:46,S,248.0,2,6
2021-06-15 09:19:46,S,247.6,1,8
2021-06-15 09:19:46,S,247.55,1,4
2021-06-15 09:19:46,S,247.25,2,7
2021-06-15 09:19:46,S,247.15,1,2
2021-06-15 09:19:53,S,248.9,2,11
2021-06-15 09:19:53,S,248.95,2,24
2021-06-15 09:19:53,S,249.0,2,33
2021-06-15 09:19:53,S,249.25,2,7
2021-06-15 09:19:53,S,249.35,1,2
2021-06-15 09:19:53,S,248.0,2,6
2021-06-15 09:19:53,S,247.3,2,11
2021-06-15 09:19:53,S,247.25,2,7
2021-06-15 09:19:53,S,247.15,1,2
2021-06-15 09:19:53,S,246.9,1,20
2021-06-15 09:19:58,S,248.85,1,8
2021-06-15 09:19:58,S,248.9,1,3
2021-06-15 09:19:58,S,248.95,1,4
2021-06-15 09:19:58,S,249.0,2,33
2021-06-15 09:19:58,S,249.25,2,7
2021-06-15 09:19:58,S,248.0,2,6
2021-06-15 09:19:58,S,247.3,2,11
2021-06-15 09:19:58,S,247.25,2,7
2021-06-15 09:19:58,S,247.15,1,2
2021-06-15 09:19:58,S,247.0,1,20
2021-06-15 09:20:04,S,248.75,1,8
2021-06-15 09:20:04,S,248.8,1,29
2021-06-15 09:20:04,S,248.9,1,3
2021-06-15 09:20:04,S,248.95,1,4
2021-06-15 09:20:04,S,249.0,1,4
2021-06-15 09:20:04,S,248.0,2,6
2021-06-15 09:20:04,S,247.35,1,8
2021-06-15 09:20:04,S,247.3,1,3
2021-06-15 09:20:04,S,247.25,2,7
2021-06-15 09:20:04,S,247.05,1,2
2021-06-15 09:20:10,S,248.75,1,8
2021-06-15 09:20:10,S,248.8,1,29
2021-06-15 09:20:10,S,249.25,2,7
2021-06-15 09:20:10,S,249.35,1,2
2021-06-15 09:20:10,S,249.4,2,8
2021-06-15 09:20:10,S,248.05,1,8
2021-06-15 09:20:10,S,248.0,3,14
2021-06-15 09:20:10,S,247.55,1,2
2021-06-15 09:20:10,S,247.35,1,2
2021-06-15 09:20:10,S,247.25,2,7
2021-06-15 09:20:11,S,248.75,1,8
2021-06-15 09:20:11,S,248.8,1,29
2021-06-15 09:20:11,S,249.25,2,7
2021-06-15 09:20:11,S,249.35,1,2
2021-06-15 09:20:11,S,249.4,2,8
2021-06-15 09:20:11,S,248.05,1,8
2021-06-15 09:20:11,S,248.0,3,14
2021-06-15 09:20:11,S,247.55,1,2
2021-06-15 09:20:11,S,247.35,1,2
2021-06-15 09:20:11,S,247.25,2,7
2021-06-15 09:20:15,S,248.8,1,17
2021-06-15 09:20:15,S,249.25,2,7
2021-06-15 09:20:15,S,249.35,2,7
2021-06-15 09:20:15,S,249.4,2,8
2021-06-15 09:20:15,S,249.45,2,40
2021-06-15 09:20:15,S,248.05,2,16
2021-06-15 09:20:15,S,248.0,3,14
2021-06-15 09:20:15,S,247.55,2,7
2021-06-15 09:20:15,S,247.35,1,2
2021-06-15 09:20:15,S,247.25,2,7
2021-06-15 09:20:21,S,248.8,1,17
2021-06-15 09:20:21,S,249.25,2,7
2021-06-15 09:20:21,S,249.35,2,7
2021-06-15 09:20:21,S,249.4,2,8
2021-06-15 09:20:21,S,249.45,1,20
2021-06-15 09:20:21,S,248.2,1,8
2021-06-15 09:20:21,S,248.15,1,13
2021-06-15 09:20:21,S,248.05,1,8
2021-06-15 09:20:21,S,248.0,3,14
2021-06-15 09:20:21,S,247.7,1,20
2021-06-15 09:20:27,S,248.8,1,17
2021-06-15 09:20:27,S,249.25,2,7
2021-06-15 09:20:27,S,249.35,2,7
2021-06-15 09:20:27,S,249.4,2,8
2021-06-15 09:20:27,S,249.45,1,20
2021-06-15 09:20:27,S,248.2,2,16
2021-06-15 09:20:27,S,248.15,1,13
2021-06-15 09:20:27,S,248.05,1,8
2021-06-15 09:20:27,S,248.0,3,14
2021-06-15 09:20:27,S,247.7,1,20
2021-06-15 09:20:38,S,248.8,1,17
2021-06-15 09:20:38,S,249.25,2,7
2021-06-15 09:20:38,S,249.35,2,7
2021-06-15 09:20:38,S,249.4,2,8
2021-06-15 09:20:38,S,249.45,1,20
2021-06-15 09:20:38,S,248.35,2,10
2021-06-15 09:20:38,S,248.2,2,12
2021-06-15 09:20:38,S,248.1,1,20
2021-06-15 09:20:38,S,248.05,2,67
2021-06-15 09:20:38,S,248.0,3,14
2021-06-15 09:20:44,S,248.8,1,17
2021-06-15 09:20:44,S,249.25,2,7
2021-06-15 09:20:44,S,249.35,2,7
2021-06-15 09:20:44,S,249.4,2,8
2021-06-15 09:20:44,S,249.45,1,20
2021-06-15 09:20:44,S,248.35,3,18
2021-06-15 09:20:44,S,248.2,2,12
2021-06-15 09:20:44,S,248.1,1,4
2021-06-15 09:20:44,S,248.05,1,59
2021-06-15 09:20:44,S,248.0,2,6
2021-06-15 09:20:49,S,248.8,1,17
2021-06-15 09:20:49,S,249.25,2,7
2021-06-15 09:20:49,S,249.35,2,7
2021-06-15 09:20:49,S,249.4,2,8
2021-06-15 09:20:49,S,249.5,1,71
2021-06-15 09:20:49,S,248.35,3,18
2021-06-15 09:20:49,S,248.2,2,12
2021-06-15 09:20:49,S,248.1,2,24
2021-06-15 09:20:49,S,248.05,1,59
2021-06-15 09:20:49,S,248.0,2,6
2021-06-15 09:20:56,S,248.8,1,17
2021-06-15 09:20:56,S,249.25,2,7
2021-06-15 09:20:56,S,249.35,2,7
2021-06-15 09:20:56,S,249.4,2,8
2021-06-15 09:20:56,S,249.5,1,71
2021-06-15 09:20:56,S,248.55,2,11
2021-06-15 09:20:56,S,248.5,2,15
2021-06-15 09:20:56,S,248.4,1,4
2021-06-15 09:20:56,S,248.35,2,10
2021-06-15 09:20:56,S,248.2,2,12
2021-06-15 09:21:01,S,248.8,2,67
2021-06-15 09:21:01,S,249.25,2,7
2021-06-15 09:21:01,S,249.35,2,7
2021-06-15 09:21:01,S,249.4,2,8
2021-06-15 09:21:01,S,249.5,1,71
2021-06-15 09:21:01,S,248.55,1,8
2021-06-15 09:21:01,S,248.5,1,3
2021-06-15 09:21:01,S,248.4,2,13
2021-06-15 09:21:01,S,248.35,2,10
2021-06-15 09:21:01,S,248.1,1,20
2021-06-15 09:21:07,S,248.8,2,67
2021-06-15 09:21:07,S,249.25,2,7
2021-06-15 09:21:07,S,249.35,2,7
2021-06-15 09:21:07,S,249.4,2,8
2021-06-15 09:21:07,S,249.5,1,71
2021-06-15 09:21:07,S,248.55,1,8
2021-06-15 09:21:07,S,248.45,1,4
2021-06-15 09:21:07,S,248.4,2,13
2021-06-15 09:21:07,S,248.35,2,10
2021-06-15 09:21:07,S,248.1,1,20
2021-06-15 09:21:12,S,248.8,2,67
2021-06-15 09:21:12,S,249.25,2,7
2021-06-15 09:21:12,S,249.35,2,7
2021-06-15 09:21:12,S,249.4,2,8
2021-06-15 09:21:12,S,249.5,1,71
2021-06-15 09:21:12,S,248.55,1,8
2021-06-15 09:21:12,S,248.4,2,12
2021-06-15 09:21:12,S,248.35,2,10
2021-06-15 09:21:12,S,248.1,1,20
2021-06-15 09:21:12,S,248.05,2,61
2021-06-15 09:21:18,S,248.8,1,10
2021-06-15 09:21:18,S,249.25,2,7
2021-06-15 09:21:18,S,249.35,2,7
2021-06-15 09:21:18,S,249.4,2,8
2021-06-15 09:21:18,S,249.5,1,71
2021-06-15 09:21:18,S,248.4,2,11
2021-06-15 09:21:18,S,248.35,2,10
2021-06-15 09:21:18,S,248.1,1,4
2021-06-15 09:21:18,S,248.05,1,59
2021-06-15 09:21:18,S,248.0,2,6
2021-06-15 09:21:24,S,248.8,1,10
2021-06-15 09:21:24,S,249.25,2,7
2021-06-15 09:21:24,S,249.35,2,7
2021-06-15 09:21:24,S,249.4,2,8
2021-06-15 09:21:24,S,249.5,1,71
2021-06-15 09:21:24,S,248.4,2,11
2021-06-15 09:21:24,S,248.35,2,10
2021-06-15 09:21:24,S,248.05,2,63
2021-06-15 09:21:24,S,248.0,2,6
2021-06-15 09:21:24,S,247.8,1,2
2021-06-15 09:21:30,S,248.8,1,10
2021-06-15 09:21:30,S,249.25,2,7
2021-06-15 09:21:30,S,249.35,2,7
2021-06-15 09:21:30,S,249.4,2,8
2021-06-15 09:21:30,S,249.5,1,71
2021-06-15 09:21:30,S,248.4,2,11
2021-06-15 09:21:30,S,248.35,3,22
2021-06-15 09:21:30,S,248.1,2,24
2021-06-15 09:21:30,S,248.05,2,63
2021-06-15 09:21:30,S,248.0,2,6
2021-06-15 09:21:38,S,248.8,1,10
2021-06-15 09:21:38,S,249.25,2,7
2021-06-15 09:21:38,S,249.35,2,7
2021-06-15 09:21:38,S,249.4,2,8
2021-06-15 09:21:38,S,249.5,1,71
2021-06-15 09:21:38,S,248.4,2,11
2021-06-15 09:21:38,S,248.35,3,22
2021-06-15 09:21:38,S,248.1,2,24
2021-06-15 09:21:38,S,248.05,2,63
2021-06-15 09:21:38,S,248.0,2,6
2021-06-15 09:21:42,S,249.0,2,82
2021-06-15 09:21:42,S,249.25,2,7
2021-06-15 09:21:42,S,249.4,2,8
2021-06-15 09:21:42,S,249.5,2,73
2021-06-15 09:21:42,S,249.55,1,48
2021-06-15 09:21:42,S,248.4,1,8
2021-06-15 09:21:42,S,248.35,2,10
2021-06-15 09:21:42,S,248.1,2,25
2021-06-15 09:21:42,S,248.05,2,63
2021-06-15 09:21:42,S,248.0,2,6
2021-06-15 09:21:48,S,249.0,1,80
2021-06-15 09:21:48,S,249.4,2,8
2021-06-15 09:21:48,S,249.5,3,78
2021-06-15 09:21:48,S,249.55,1,48
2021-06-15 09:21:48,S,249.65,1,2
2021-06-15 09:21:48,S,248.8,1,50
2021-06-15 09:21:48,S,248.4,2,12
2021-06-15 09:21:48,S,248.35,2,13
2021-06-15 09:21:48,S,248.1,2,25
2021-06-15 09:21:48,S,248.05,2,63
2021-06-15 09:21:53,S,249.0,1,80
2021-06-15 09:21:53,S,249.4,2,8
2021-06-15 09:21:53,S,249.5,3,78
2021-06-15 09:21:53,S,249.55,1,48
2021-06-15 09:21:53,S,249.65,1,2
2021-06-15 09:21:53,S,248.8,1,50
2021-06-15 09:21:53,S,248.5,2,12
2021-06-15 09:21:53,S,248.1,2,25
2021-06-15 09:21:53,S,248.05,3,65
2021-06-15 09:21:53,S,248.0,2,6
2021-06-15 09:21:59,S,249.0,1,80
2021-06-15 09:21:59,S,249.4,2,8
2021-06-15 09:21:59,S,249.5,3,78
2021-06-15 09:21:59,S,249.55,1,48
2021-06-15 09:21:59,S,249.65,1,2
2021-06-15 09:21:59,S,248.8,1,50
2021-06-15 09:21:59,S,248.5,2,12
2021-06-15 09:21:59,S,248.1,2,25
2021-06-15 09:21:59,S,248.05,3,65
2021-06-15 09:21:59,S,248.0,2,6
2021-06-15 09:22:05,S,249.0,1,80
2021-06-15 09:22:05,S,249.4,2,8
2021-06-15 09:22:05,S,249.5,3,78
2021-06-15 09:22:05,S,249.55,1,48
2021-06-15 09:22:05,S,249.65,1,2
2021-06-15 09:22:05,S,248.8,1,50
2021-06-15 09:22:05,S,248.5,2,12
2021-06-15 09:22:05,S,248.45,2,55
2021-06-15 09:22:05,S,248.35,1,2
2021-06-15 09:22:05,S,248.05,3,65
2021-06-15 09:22:07,S,249.0,1,80
2021-06-15 09:22:07,S,249.4,2,8
2021-06-15 09:22:07,S,249.5,3,78
2021-06-15 09:22:07,S,249.55,1,48
2021-06-15 09:22:07,S,249.65,1,2
2021-06-15 09:22:07,S,248.8,1,50
2021-06-15 09:22:07,S,248.5,2,12
2021-06-15 09:22:07,S,248.45,2,55
2021-06-15 09:22:07,S,248.35,1,2
2021-06-15 09:22:07,S,248.05,3,65
2021-06-15 09:22:10,S,249.25,2,7
2021-06-15 09:22:10,S,249.3,2,16
2021-06-15 09:22:10,S,249.4,2,8
2021-06-15 09:22:10,S,249.5,2,76
2021-06-15 09:22:10,S,249.55,2,53
2021-06-15 09:22:10,S,248.8,2,9
2021-06-15 09:22:10,S,248.35,2,8
2021-06-15 09:22:10,S,248.3,2,6
2021-06-15 09:22:10,S,248.1,1,20
2021-06-15 09:22:10,S,248.05,3,65
2021-06-15 09:22:27,S,249.25,2,7
2021-06-15 09:22:27,S,249.4,2,8
2021-06-15 09:22:27,S,249.45,2,7
2021-06-15 09:22:27,S,249.5,2,76
2021-06-15 09:22:27,S,249.55,2,53
2021-06-15 09:22:27,S,248.8,2,9
2021-06-15 09:22:27,S,248.35,2,8
2021-06-15 09:22:27,S,248.3,2,6
2021-06-15 09:22:27,S,248.1,1,20
2021-06-15 09:22:27,S,248.05,3,65
2021-06-15 09:22:27,S,249.25,2,7
2021-06-15 09:22:27,S,249.4,2,8
2021-06-15 09:22:27,S,249.45,2,7
2021-06-15 09:22:27,S,249.5,2,76
2021-06-15 09:22:27,S,249.55,2,53
2021-06-15 09:22:27,S,248.8,2,9
2021-06-15 09:22:27,S,248.35,2,8
2021-06-15 09:22:27,S,248.3,2,6
2021-06-15 09:22:27,S,248.1,1,20
2021-06-15 09:22:27,S,248.05,3,65
2021-06-15 09:22:33,S,249.25,2,7
2021-06-15 09:22:33,S,249.4,2,8
2021-06-15 09:22:33,S,249.45,2,7
2021-06-15 09:22:33,S,249.5,2,76
2021-06-15 09:22:33,S,249.55,2,53
2021-06-15 09:22:33,S,248.55,2,24
2021-06-15 09:22:33,S,248.5,1,30
2021-06-15 09:22:33,S,248.15,1,3
2021-06-15 09:22:33,S,248.1,1,5
2021-06-15 09:22:33,S,248.05,3,65
2021-06-15 09:22:38,S,249.25,2,7
2021-06-15 09:22:38,S,249.4,2,8
2021-06-15 09:22:38,S,249.45,2,7
2021-06-15 09:22:38,S,249.5,2,76
2021-06-15 09:22:38,S,249.55,2,53
2021-06-15 09:22:38,S,248.55,2,24
2021-06-15 09:22:38,S,248.5,1,30
2021-06-15 09:22:38,S,248.25,2,7
2021-06-15 09:22:38,S,248.05,3,65
2021-06-15 09:22:38,S,248.0,2,6
2021-06-15 09:22:44,S,249.25,2,7
2021-06-15 09:22:44,S,249.4,2,8
2021-06-15 09:22:44,S,249.45,2,7
2021-06-15 09:22:44,S,249.5,2,76
2021-06-15 09:22:44,S,249.55,2,53
2021-06-15 09:22:44,S,248.55,2,24
2021-06-15 09:22:44,S,248.5,1,30
2021-06-15 09:22:44,S,248.25,2,7
2021-06-15 09:22:44,S,248.05,3,65
2021-06-15 09:22:44,S,248.0,2,6
2021-06-15 09:22:49,S,249.25,2,7
2021-06-15 09:22:49,S,249.4,2,8
2021-06-15 09:22:49,S,249.45,2,7
2021-06-15 09:22:49,S,249.5,2,76
2021-06-15 09:22:49,S,249.55,2,53
2021-06-15 09:22:49,S,248.55,2,24
2021-06-15 09:22:49,S,248.5,2,34
2021-06-15 09:22:49,S,248.45,2,62
2021-06-15 09:22:49,S,248.25,2,7
2021-06-15 09:22:49,S,248.05,3,65
2021-06-15 09:22:56,S,248.95,1,4
2021-06-15 09:22:56,S,249.0,1,100
2021-06-15 09:22:56,S,249.25,2,5
2021-06-15 09:22:56,S,249.4,2,8
2021-06-15 09:22:56,S,249.45,2,7
2021-06-15 09:22:56,S,248.55,2,24
2021-06-15 09:22:56,S,248.5,2,34
2021-06-15 09:22:56,S,248.45,2,62
2021-06-15 09:22:56,S,248.25,2,7
2021-06-15 09:22:56,S,248.05,3,65
2021-06-15 09:23:01,S,248.95,2,7
2021-06-15 09:23:01,S,249.0,2,104
2021-06-15 09:23:01,S,249.25,2,5
2021-06-15 09:23:01,S,249.4,2,8
2021-06-15 09:23:01,S,249.45,2,7
2021-06-15 09:23:01,S,248.55,2,24
2021-06-15 09:23:01,S,248.5,1,30
2021-06-15 09:23:01,S,248.45,1,57
2021-06-15 09:23:01,S,248.25,2,7
2021-06-15 09:23:01,S,248.05,3,65
2021-06-15 09:23:12,S,248.95,2,7
2021-06-15 09:23:12,S,249.0,2,104
2021-06-15 09:23:12,S,249.25,2,5
2021-06-15 09:23:12,S,249.4,2,8
2021-06-15 09:23:12,S,249.45,2,7
2021-06-15 09:23:12,S,248.55,2,24
2021-06-15 09:23:12,S,248.5,1,30
2021-06-15 09:23:12,S,248.45,1,57
2021-06-15 09:23:12,S,248.25,2,7
2021-06-15 09:23:12,S,248.05,3,65
2021-06-15 09:23:15,S,248.95,2,7
2021-06-15 09:23:15,S,249.0,2,104
2021-06-15 09:23:15,S,249.25,2,5
2021-06-15 09:23:15,S,249.4,2,8
2021-06-15 09:23:15,S,249.45,2,7
2021-06-15 09:23:15,S,248.55,2,24
2021-06-15 09:23:15,S,248.5,1,30
2021-06-15 09:23:15,S,248.45,1,57
2021-06-15 09:23:15,S,248.25,2,7
2021-06-15 09:23:15,S,248.05,3,65
2021-06-15 09:23:16,S,248.95,2,7
2021-06-15 09:23:16,S,249.0,2,104
2021-06-15 09:23:16,S,249.25,2,5
2021-06-15 09:23:16,S,249.4,2,8
2021-06-15 09:23:16,S,249.45,2,7
2021-06-15 09:23:16,S,248.55,2,24
2021-06-15 09:23:16,S,248.5,1,30
2021-06-15 09:23:16,S,248.45,1,57
2021-06-15 09:23:16,S,248.25,2,7
2021-06-15 09:23:16,S,248.05,3,65
2021-06-15 09:23:18,S,248.45,2,17
2021-06-15 09:23:18,S,248.5,1,100
2021-06-15 09:23:18,S,248.95,1,3
2021-06-15 09:23:18,S,249.0,1,4
2021-06-15 09:23:18,S,249.25,2,5
2021-06-15 09:23:18,S,247.55,1,5
2021-06-15 09:23:18,S,247.5,1,2
2021-06-15 09:23:18,S,247.25,2,7
2021-06-15 09:23:18,S,247.05,1,4
2021-06-15 09:23:18,S,246.85,2,110
2021-06-15 09:23:23,S,248.45,3,20
2021-06-15 09:23:23,S,248.5,3,106
2021-06-15 09:23:23,S,248.7,2,7
2021-06-15 09:23:23,S,249.25,2,5
2021-06-15 09:23:23,S,249.4,3,28
2021-06-15 09:23:23,S,247.25,1,2
2021-06-15 09:23:23,S,247.05,2,9
2021-06-15 09:23:23,S,247.0,2,7
2021-06-15 09:23:23,S,246.9,1,20
2021-06-15 09:23:23,S,246.85,2,110
2021-06-15 09:23:29,S,248.45,2,7
2021-06-15 09:23:29,S,248.5,2,104
2021-06-15 09:23:29,S,248.7,3,27
2021-06-15 09:23:29,S,248.75,1,50
2021-06-15 09:23:29,S,248.8,1,2
2021-06-15 09:23:29,S,246.85,2,110
2021-06-15 09:23:29,S,246.75,2,7
2021-06-15 09:23:29,S,246.7,2,25
2021-06-15 09:23:29,S,246.65,2,24
2021-06-15 09:23:29,S,246.55,1,3
2021-06-15 09:23:40,S,248.45,2,7
2021-06-15 09:23:40,S,248.8,2,7
2021-06-15 09:23:40,S,249.0,2,7
2021-06-15 09:23:40,S,249.25,2,5
2021-06-15 09:23:40,S,249.4,2,8
2021-06-15 09:23:40,S,247.2,2,40
2021-06-15 09:23:40,S,247.15,2,45
2021-06-15 09:23:40,S,247.0,2,504
2021-06-15 09:23:40,S,246.95,1,2
2021-06-15 09:23:40,S,246.85,3,114
2021-06-15 09:23:51,S,248.45,2,7
2021-06-15 09:23:51,S,248.8,2,7
2021-06-15 09:23:51,S,249.0,2,7
2021-06-15 09:23:51,S,249.25,2,5
2021-06-15 09:23:51,S,249.4,2,8
2021-06-15 09:23:51,S,247.35,1,20
2021-06-15 09:23:51,S,247.3,2,44
2021-06-15 09:23:51,S,247.2,2,6
2021-06-15 09:23:51,S,247.0,2,504
2021-06-15 09:23:51,S,246.95,1,2
2021-06-15 09:23:52,S,248.45,2,7
2021-06-15 09:23:52,S,248.8,2,7
2021-06-15 09:23:52,S,249.0,2,7
2021-06-15 09:23:52,S,249.25,2,5
2021-06-15 09:23:52,S,249.4,2,8
2021-06-15 09:23:52,S,247.35,1,20
2021-06-15 09:23:52,S,247.3,2,44
2021-06-15 09:23:52,S,247.2,2,6
2021-06-15 09:23:52,S,247.0,2,504
2021-06-15 09:23:52,S,246.95,1,2
2021-06-15 09:23:52,S,248.45,2,7
2021-06-15 09:23:52,S,248.8,2,7
2021-06-15 09:23:52,S,249.0,2,7
2021-06-15 09:23:52,S,249.25,2,5
2021-06-15 09:23:52,S,249.4,2,8
2021-06-15 09:23:52,S,247.35,1,20
2021-06-15 09:23:52,S,247.3,2,44
2021-06-15 09:23:52,S,247.2,2,6
2021-06-15 09:23:52,S,247.0,2,504
2021-06-15 09:23:52,S,246.95,1,2
2021-06-15 09:23:57,S,248.95,2,5
2021-06-15 09:23:57,S,249.0,2,15
2021-06-15 09:23:57,S,249.15,2,65
2021-06-15 09:23:57,S,249.4,2,8
2021-06-15 09:23:57,S,249.45,2,7
2021-06-15 09:23:57,S,248.45,1,68
2021-06-15 09:23:57,S,247.2,3,26
2021-06-15 09:23:57,S,247.15,2,25
2021-06-15 09:23:57,S,247.1,1,5
2021-06-15 09:23:57,S,247.0,2,504
2021-06-15 09:24:01,S,248.95,2,5
2021-06-15 09:24:01,S,249.0,2,15
2021-06-15 09:24:01,S,249.15,2,65
2021-06-15 09:24:01,S,249.4,2,8
2021-06-15 09:24:01,S,249.45,2,7
2021-06-15 09:24:01,S,248.45,1,68
2021-06-15 09:24:01,S,247.2,3,26
2021-06-15 09:24:01,S,247.15,2,25
2021-06-15 09:24:01,S,247.1,1,5
2021-06-15 09:24:01,S,247.0,2,504
2021-06-15 09:24:03,S,248.95,2,5
2021-06-15 09:24:03,S,249.0,2,15
2021-06-15 09:24:03,S,249.15,2,65
2021-06-15 09:24:03,S,249.4,2,8
2021-06-15 09:24:03,S,249.45,2,7
2021-06-15 09:24:03,S,248.45,1,40
2021-06-15 09:24:03,S,247.3,1,20
2021-06-15 09:24:03,S,247.25,2,24
2021-06-15 09:24:03,S,247.2,2,6
2021-06-15 09:24:03,S,247.15,1,5
2021-06-15 09:24:08,S,248.7,2,5
2021-06-15 09:24:08,S,248.75,2,62
2021-06-15 09:24:08,S,249.1,2,7
2021-06-15 09:24:08,S,249.15,2,65
2021-06-15 09:24:08,S,249.4,2,8
2021-06-15 09:24:08,S,248.45,1,40
2021-06-15 09:24:08,S,247.3,2,24
2021-06-15 09:24:08,S,247.25,2,62
2021-06-15 09:24:08,S,247.2,2,6
2021-06-15 09:24:08,S,247.05,1,20
2021-06-15 09:24:14,S,248.7,2,5
2021-06-15 09:24:14,S,248.75,2,62
2021-06-15 09:24:14,S,249.1,2,7
2021-06-15 09:24:14,S,249.15,2,65
2021-06-15 09:24:14,S,249.4,2,8
2021-06-15 09:24:14,S,248.45,1,40
2021-06-15 09:24:14,S,247.95,1,2
2021-06-15 09:24:14,S,247.75,2,7
2021-06-15 09:24:14,S,247.3,2,24
2021-06-15 09:24:14,S,247.25,2,62
2021-06-15 09:24:19,S,248.7,3,55
2021-06-15 09:24:19,S,248.75,2,62
2021-06-15 09:24:19,S,249.1,2,7
2021-06-15 09:24:19,S,249.15,2,65
2021-06-15 09:24:19,S,249.4,2,8
2021-06-15 09:24:19,S,248.45,1,40
2021-06-15 09:24:19,S,247.95,1,2
2021-06-15 09:24:19,S,247.75,2,7
2021-06-15 09:24:19,S,247.3,2,24
2021-06-15 09:24:19,S,247.25,2,62
2021-06-15 09:24:21,S,248.7,3,55
2021-06-15 09:24:21,S,248.75,2,62
2021-06-15 09:24:21,S,249.1,2,7
2021-06-15 09:24:21,S,249.15,2,65
2021-06-15 09:24:21,S,249.4,2,8
2021-06-15 09:24:21,S,248.45,1,40
2021-06-15 09:24:21,S,247.95,1,2
2021-06-15 09:24:21,S,247.75,2,7
2021-06-15 09:24:21,S,247.3,2,24
2021-06-15 09:24:21,S,247.25,2,62
2021-06-15 09:24:24,S,248.7,3,55
2021-06-15 09:24:24,S,248.75,2,62
2021-06-15 09:24:24,S,249.1,2,7
2021-06-15 09:24:24,S,249.15,2,65
2021-06-15 09:24:24,S,249.4,2,8
2021-06-15 09:24:24,S,248.45,1,40
2021-06-15 09:24:24,S,247.95,1,2
2021-06-15 09:24:24,S,247.75,2,7
2021-06-15 09:24:24,S,247.3,2,24
2021-06-15 09:24:24,S,247.25,2,62
2021-06-15 09:24:25,S,248.4,1,20
2021-06-15 09:24:25,S,248.7,2,53
2021-06-15 09:24:25,S,248.9,2,7
2021-06-15 09:24:25,S,249.1,2,7
2021-06-15 09:24:25,S,249.15,2,65
2021-06-15 09:24:25,S,247.7,2,4
2021-06-15 09:24:25,S,247.55,1,4
2021-06-15 09:24:25,S,247.5,2,7
2021-06-15 09:24:25,S,247.3,2,24
2021-06-15 09:24:25,S,247.25,2,62
2021-06-15 09:24:30,S,248.4,1,20
2021-06-15 09:24:30,S,248.7,2,53
2021-06-15 09:24:30,S,248.9,2,7
2021-06-15 09:24:30,S,249.1,2,7
2021-06-15 09:24:30,S,249.15,2,65
2021-06-15 09:24:30,S,247.85,2,4
2021-06-15 09:24:30,S,247.8,2,16
2021-06-15 09:24:30,S,247.65,2,65
2021-06-15 09:24:30,S,247.5,2,7
2021-06-15 09:24:30,S,247.25,2,62
2021-06-15 09:24:36,S,248.4,1,20
2021-06-15 09:24:36,S,248.7,2,53
2021-06-15 09:24:36,S,248.9,2,7
2021-06-15 09:24:36,S,249.1,2,7
2021-06-15 09:24:36,S,249.15,2,65
2021-06-15 09:24:36,S,247.85,2,4
2021-06-15 09:24:36,S,247.8,1,4
2021-06-15 09:24:36,S,247.7,1,2
2021-06-15 09:24:36,S,247.65,2,65
2021-06-15 09:24:36,S,247.5,2,7
2021-06-15 09:24:41,S,248.4,1,20
2021-06-15 09:24:41,S,248.7,3,55
2021-06-15 09:24:41,S,248.9,2,7
2021-06-15 09:24:41,S,249.1,2,7
2021-06-15 09:24:41,S,249.15,2,65
2021-06-15 09:24:41,S,247.9,1,1
2021-06-15 09:24:41,S,247.85,1,3
2021-06-15 09:24:41,S,247.8,1,4
2021-06-15 09:24:41,S,247.7,1,2
2021-06-15 09:24:41,S,247.65,1,5
2021-06-15 09:24:47,S,248.4,1,20
2021-06-15 09:24:47,S,248.7,2,53
2021-06-15 09:24:47,S,248.9,2,7
2021-06-15 09:24:47,S,249.1,2,7
2021-06-15 09:24:47,S,249.15,2,65
2021-06-15 09:24:47,S,247.7,2,4
2021-06-15 09:24:47,S,247.65,1,40
2021-06-15 09:24:47,S,247.55,1,3
2021-06-15 09:24:47,S,247.5,2,7
2021-06-15 09:24:47,S,247.4,2,7
2021-06-15 09:24:52,S,248.4,2,23
2021-06-15 09:24:52,S,248.6,2,6
2021-06-15 09:24:52,S,248.9,2,7
2021-06-15 09:24:52,S,249.0,1,50
2021-06-15 09:24:52,S,249.1,2,7
2021-06-15 09:24:52,S,247.85,1,3
2021-06-15 09:24:52,S,247.75,1,1
2021-06-15 09:24:52,S,247.7,2,5
2021-06-15 09:24:52,S,247.65,1,4
2021-06-15 09:24:52,S,247.5,2,7
2021-06-15 09:24:58,S,248.4,2,23
2021-06-15 09:24:58,S,248.6,2,6
2021-06-15 09:24:58,S,248.9,2,7
2021-06-15 09:24:58,S,249.0,1,50
2021-06-15 09:24:58,S,249.1,2,7
2021-06-15 09:24:58,S,247.85,1,3
2021-06-15 09:24:58,S,247.75,1,1
2021-06-15 09:24:58,S,247.7,2,5
2021-06-15 09:24:58,S,247.65,1,4
2021-06-15 09:24:58,S,247.5,2,7
2021-06-15 09:25:03,S,248.4,2,23
2021-06-15 09:25:03,S,248.7,2,7
2021-06-15 09:25:03,S,248.9,2,7
2021-06-15 09:25:03,S,249.0,1,50
2021-06-15 09:25:03,S,249.1,2,7
2021-06-15 09:25:03,S,247.75,2,4
2021-06-15 09:25:03,S,247.7,2,5
2021-06-15 09:25:03,S,247.5,2,7
2021-06-15 09:25:03,S,247.3,1,20
2021-06-15 09:25:03,S,247.25,2,62
2021-06-15 09:25:09,S,248.4,2,23
2021-06-15 09:25:09,S,248.7,2,7
2021-06-15 09:25:09,S,248.9,2,7
2021-06-15 09:25:09,S,249.0,1,50
2021-06-15 09:25:09,S,249.1,2,7
2021-06-15 09:25:09,S,247.75,1,1
2021-06-15 09:25:09,S,247.7,2,5
2021-06-15 09:25:09,S,247.5,2,7
2021-06-15 09:25:09,S,247.3,1,20
2021-06-15 09:25:09,S,247.25,2,62
2021-06-15 09:25:12,S,248.4,2,23
2021-06-15 09:25:12,S,248.7,2,7
2021-06-15 09:25:12,S,248.9,2,7
2021-06-15 09:25:12,S,249.0,1,50
2021-06-15 09:25:12,S,249.1,2,7
2021-06-15 09:25:12,S,247.75,1,1
2021-06-15 09:25:12,S,247.7,2,5
2021-06-15 09:25:12,S,247.5,2,7
2021-06-15 09:25:12,S,247.3,1,20
2021-06-15 09:25:12,S,247.25,2,62
2021-06-15 09:25:14,S,248.4,1,3
2021-06-15 09:25:14,S,248.7,2,7
2021-06-15 09:25:14,S,248.9,2,7
2021-06-15 09:25:14,S,249.0,1,50
2021-06-15 09:25:14,S,249.1,2,7
2021-06-15 09:25:14,S,247.75,1,1
2021-06-15 09:25:14,S,247.7,1,2
2021-06-15 09:25:14,S,247.5,2,7
2021-06-15 09:25:14,S,247.3,1,20
2021-06-15 09:25:14,S,247.25,2,62
2021-06-15 09:25:20,S,248.4,1,3
2021-06-15 09:25:20,S,248.7,2,7
2021-06-15 09:25:20,S,248.9,2,7
2021-06-15 09:25:20,S,249.1,3,32
2021-06-15 09:25:20,S,249.15,2,65
2021-06-15 09:25:20,S,247.85,2,4
2021-06-15 09:25:20,S,247.8,2,16
2021-06-15 09:25:20,S,247.7,3,27
2021-06-15 09:25:20,S,247.65,1,48
2021-06-15 09:25:20,S,247.5,2,7
2021-06-15 09:25:25,S,248.4,1,3
2021-06-15 09:25:25,S,248.9,2,7
2021-06-15 09:25:25,S,249.1,3,32
2021-06-15 09:25:25,S,249.15,2,65
2021-06-15 09:25:25,S,249.2,1,3
2021-06-15 09:25:25,S,247.75,2,4
2021-06-15 09:25:25,S,247.7,2,7
2021-06-15 09:25:25,S,247.65,2,53
2021-06-15 09:25:25,S,247.5,2,7
2021-06-15 09:25:25,S,247.3,1,20
2021-06-15 09:25:31,S,248.4,1,3
2021-06-15 09:25:31,S,248.9,2,7
2021-06-15 09:25:31,S,249.1,3,32
2021-06-15 09:25:31,S,249.15,2,65
2021-06-15 09:25:31,S,249.2,1,3
2021-06-15 09:25:31,S,247.75,2,4
2021-06-15 09:25:31,S,247.7,2,7
2021-06-15 09:25:31,S,247.65,2,53
2021-06-15 09:25:31,S,247.5,2,7
2021-06-15 09:25:31,S,247.3,1,20
2021-06-15 09:25:36,S,248.4,1,3
2021-06-15 09:25:36,S,248.9,2,7
2021-06-15 09:25:36,S,249.1,3,32
2021-06-15 09:25:36,S,249.15,2,65
2021-06-15 09:25:36,S,249.2,1,3
2021-06-15 09:25:36,S,247.9,1,1
2021-06-15 09:25:36,S,247.85,2,14
2021-06-15 09:25:36,S,247.75,1,3
2021-06-15 09:25:36,S,247.7,3,27
2021-06-15 09:25:36,S,247.65,2,53
2021-06-15 09:25:42,S,248.4,1,3
2021-06-15 09:25:42,S,248.7,2,6
2021-06-15 09:25:42,S,248.9,2,7
2021-06-15 09:25:42,S,249.1,3,32
2021-06-15 09:25:42,S,249.15,2,65
2021-06-15 09:25:42,S,247.75,2,3
2021-06-15 09:25:42,S,247.7,2,7
2021-06-15 09:25:42,S,247.5,2,7
2021-06-15 09:25:42,S,247.3,1,20
2021-06-15 09:25:42,S,247.25,2,62
2021-06-15 09:25:47,S,249.1,3,32
2021-06-15 09:25:47,S,249.15,2,65
2021-06-15 09:25:47,S,249.25,1,2
2021-06-15 09:25:47,S,249.4,2,8
2021-06-15 09:25:47,S,249.45,2,7
2021-06-15 09:25:47,S,248.4,1,21
2021-06-15 09:25:47,S,247.75,2,3
2021-06-15 09:25:47,S,247.7,2,7
2021-06-15 09:25:47,S,247.5,2,7
2021-06-15 09:25:47,S,247.3,1,20
2021-06-15 09:25:53,S,249.1,2,30
2021-06-15 09:25:53,S,249.15,2,65
2021-06-15 09:25:53,S,249.25,1,2
2021-06-15 09:25:53,S,249.4,2,8
2021-06-15 09:25:53,S,249.45,2,7
2021-06-15 09:25:53,S,248.4,1,21
2021-06-15 09:25:53,S,247.75,2,3
2021-06-15 09:25:53,S,247.7,2,7
2021-06-15 09:25:53,S,247.5,2,7
2021-06-15 09:25:53,S,247.4,1,20
2021-06-15 09:25:58,S,249.0,2,16
2021-06-15 09:25:58,S,249.1,2,30
2021-06-15 09:25:58,S,249.15,2,65
2021-06-15 09:25:58,S,249.25,2,7
2021-06-15 09:25:58,S,249.4,2,8
2021-06-15 09:25:58,S,248.4,1,21
2021-06-15 09:25:58,S,247.75,2,3
2021-06-15 09:25:58,S,247.7,2,7
2021-06-15 09:25:58,S,247.5,2,7
2021-06-15 09:25:58,S,247.35,1,20
2021-06-15 09:26:08,S,249.1,2,30
2021-06-15 09:26:08,S,249.15,2,65
2021-06-15 09:26:08,S,249.25,2,7
2021-06-15 09:26:08,S,249.4,2,8
2021-06-15 09:26:08,S,249.45,2,7
2021-06-15 09:26:08,S,248.45,1,1
2021-06-15 09:26:08,S,248.4,1,21
2021-06-15 09:26:08,S,248.15,2,6
2021-06-15 09:26:08,S,247.95,1,2
2021-06-15 09:26:08,S,247.7,2,7
2021-06-15 09:26:13,S,249.1,2,30
2021-06-15 09:26:13,S,249.15,2,65
2021-06-15 09:26:13,S,249.25,2,7
2021-06-15 09:26:13,S,249.4,2,8
2021-06-15 09:26:13,S,249.45,2,7
2021-06-15 09:26:13,S,248.45,1,1
2021-06-15 09:26:13,S,248.4,1,21
2021-06-15 09:26:13,S,248.15,2,6
2021-06-15 09:26:13,S,247.95,1,2
2021-06-15 09:26:13,S,247.7,2,7
2021-06-15 09:26:17,S,249.1,2,30
2021-06-15 09:26:17,S,249.15,2,65
2021-06-15 09:26:17,S,249.25,2,7
2021-06-15 09:26:17,S,249.4,2,8
2021-06-15 09:26:17,S,249.45,2,7
2021-06-15 09:26:17,S,248.45,1,1
2021-06-15 09:26:17,S,248.4,1,21
2021-06-15 09:26:17,S,248.15,2,6
2021-06-15 09:26:17,S,247.95,1,2
2021-06-15 09:26:17,S,247.7,2,7
2021-06-15 09:26:19,S,249.5,2,81
2021-06-15 09:26:19,S,249.75,1,26
2021-06-15 09:26:19,S,249.9,1,50
2021-06-15 09:26:19,S,249.95,3,113
2021-06-15 09:26:19,S,250.0,3,1031
2021-06-15 09:26:19,S,248.45,1,1
2021-06-15 09:26:19,S,248.4,2,25
2021-06-15 09:26:19,S,248.15,2,6
2021-06-15 09:26:19,S,247.95,1,2
2021-06-15 09:26:19,S,247.7,2,7
2021-06-15 09:26:24,S,249.5,2,71
2021-06-15 09:26:24,S,249.75,1,26
2021-06-15 09:26:24,S,249.9,1,50
2021-06-15 09:26:24,S,249.95,3,113
2021-06-15 09:26:24,S,250.0,3,1031
2021-06-15 09:26:24,S,248.45,2,3
2021-06-15 09:26:24,S,248.4,2,25
2021-06-15 09:26:24,S,248.15,2,6
2021-06-15 09:26:24,S,247.95,1,2
2021-06-15 09:26:24,S,247.7,2,7
2021-06-15 09:26:30,S,249.5,2,71
2021-06-15 09:26:30,S,249.75,2,28
2021-06-15 09:26:30,S,249.9,1,50
2021-06-15 09:26:30,S,249.95,3,113
2021-06-15 09:26:30,S,250.0,3,1031
2021-06-15 09:26:30,S,248.45,2,5
2021-06-15 09:26:30,S,248.4,2,25
2021-06-15 09:26:30,S,248.15,2,6
2021-06-15 09:26:30,S,247.95,1,2
2021-06-15 09:26:30,S,247.7,2,7
2021-06-15 09:26:36,S,249.5,2,71
2021-06-15 09:26:36,S,249.75,2,28
2021-06-15 09:26:36,S,249.9,1,50
2021-06-15 09:26:36,S,249.95,3,113
2021-06-15 09:26:36,S,250.0,3,1031
2021-06-15 09:26:36,S,248.5,1,1
2021-06-15 09:26:36,S,248.45,2,6
2021-06-15 09:26:36,S,248.4,2,25
2021-06-15 09:26:36,S,248.15,2,6
2021-06-15 09:26:36,S,247.95,1,2
2021-06-15 09:26:39,S,249.5,2,71
2021-06-15 09:26:39,S,249.75,2,28
2021-06-15 09:26:39,S,249.9,1,50
2021-06-15 09:26:39,S,249.95,3,113
2021-06-15 09:26:39,S,250.0,3,1031
2021-06-15 09:26:39,S,248.5,1,1
2021-06-15 09:26:39,S,248.45,2,6
2021-06-15 09:26:39,S,248.4,2,25
2021-06-15 09:26:39,S,248.15,2,6
2021-06-15 09:26:39,S,247.95,1,2
2021-06-15 09:26:41,S,249.5,1,55
2021-06-15 09:26:41,S,249.75,1,26
2021-06-15 09:26:41,S,249.85,1,2
2021-06-15 09:26:41,S,249.9,1,50
2021-06-15 09:26:41,S,249.95,3,113
2021-06-15 09:26:41,S,248.5,1,1
2021-06-15 09:26:41,S,248.45,2,6
2021-06-15 09:26:41,S,248.4,2,25
2021-06-15 09:26:41,S,248.15,2,6
2021-06-15 09:26:41,S,247.95,1,2
2021-06-15 09:26:47,S,249.5,1,55
2021-06-15 09:26:47,S,249.55,1,48
2021-06-15 09:26:47,S,249.6,1,2
2021-06-15 09:26:47,S,249.75,1,26
2021-06-15 09:26:47,S,249.85,1,2
2021-06-15 09:26:47,S,248.5,2,2
2021-06-15 09:26:47,S,248.45,2,6
2021-06-15 09:26:47,S,248.4,2,25
2021-06-15 09:26:47,S,248.15,2,6
2021-06-15 09:26:47,S,248.05,1,48
2021-06-15 09:26:57,S,249.5,1,55
2021-06-15 09:26:57,S,249.55,1,48
2021-06-15 09:26:57,S,249.6,1,2
2021-06-15 09:26:57,S,249.75,1,26
2021-06-15 09:26:57,S,249.85,1,2
2021-06-15 09:26:57,S,248.5,2,2
2021-06-15 09:26:57,S,248.45,2,6
2021-06-15 09:26:57,S,248.4,2,25
2021-06-15 09:26:57,S,248.15,2,6
2021-06-15 09:26:57,S,248.05,1,48
2021-06-15 09:27:03,S,249.5,1,55
2021-06-15 09:27:03,S,249.55,1,48
2021-06-15 09:27:03,S,249.6,1,2
2021-06-15 09:27:03,S,249.75,1,26
2021-06-15 09:27:03,S,249.85,1,2
2021-06-15 09:27:03,S,248.5,2,2
2021-06-15 09:27:03,S,248.45,2,6
2021-06-15 09:27:03,S,248.4,2,25
2021-06-15 09:27:03,S,248.15,2,6
2021-06-15 09:27:03,S,248.05,1,48
2021-06-15 09:27:08,S,249.5,1,55
2021-06-15 09:27:08,S,249.55,1,48
2021-06-15 09:27:08,S,249.6,1,2
2021-06-15 09:27:08,S,249.75,1,26
2021-06-15 09:27:08,S,249.85,1,2
2021-06-15 09:27:08,S,248.5,2,2
2021-06-15 09:27:08,S,248.45,2,6
2021-06-15 09:27:08,S,248.4,2,25
2021-06-15 09:27:08,S,248.15,2,6
2021-06-15 09:27:08,S,248.05,1,48
2021-06-15 09:27:14,S,249.5,1,55
2021-06-15 09:27:14,S,249.55,1,48
2021-06-15 09:27:14,S,249.6,1,2
2021-06-15 09:27:14,S,249.75,1,26
2021-06-15 09:27:14,S,249.85,2,22
2021-06-15 09:27:14,S,248.5,3,102
2021-06-15 09:27:14,S,248.4,2,25
2021-06-15 09:27:14,S,248.15,2,6
2021-06-15 09:27:14,S,248.05,1,48
2021-06-15 09:27:14,S,247.95,1,2
2021-06-15 09:27:19,S,249.5,2,65
2021-06-15 09:27:19,S,249.55,1,48
2021-06-15 09:27:19,S,249.6,1,2
2021-06-15 09:27:19,S,249.75,1,26
2021-06-15 09:27:19,S,249.85,1,2
2021-06-15 09:27:19,S,248.5,3,102
2021-06-15 09:27:19,S,248.4,3,27
2021-06-15 09:27:19,S,248.15,2,6
2021-06-15 09:27:19,S,248.05,1,48
2021-06-15 09:27:19,S,247.7,3,27
2021-06-15 09:27:24,S,249.5,2,65
2021-06-15 09:27:24,S,249.55,1,48
2021-06-15 09:27:24,S,249.6,1,2
2021-06-15 09:27:24,S,249.75,1,26
2021-06-15 09:27:24,S,249.85,2,22
2021-06-15 09:27:24,S,248.5,3,102
2021-06-15 09:27:24,S,248.4,4,52
2021-06-15 09:27:24,S,248.15,2,6
2021-06-15 09:27:24,S,248.05,1,48
2021-06-15 09:27:24,S,247.7,3,27
2021-06-15 09:27:29,S,249.5,3,75
2021-06-15 09:27:29,S,249.55,1,48
2021-06-15 09:27:29,S,249.6,1,2
2021-06-15 09:27:29,S,249.75,1,26
2021-06-15 09:27:29,S,249.85,2,22
2021-06-15 09:27:29,S,248.5,3,102
2021-06-15 09:27:29,S,248.4,4,52
2021-06-15 09:27:29,S,248.15,2,6
2021-06-15 09:27:29,S,248.05,1,48
2021-06-15 09:27:29,S,247.7,3,27
2021-06-15 09:27:34,S,249.5,3,75
2021-06-15 09:27:34,S,249.55,1,48
2021-06-15 09:27:34,S,249.75,1,26
2021-06-15 09:27:34,S,249.85,1,2
2021-06-15 09:27:34,S,249.9,1,50
2021-06-15 09:27:34,S,248.5,3,102
2021-06-15 09:27:34,S,248.45,2,62
2021-06-15 09:27:34,S,248.4,3,27
2021-06-15 09:27:34,S,248.15,3,31
2021-06-15 09:27:34,S,248.1,1,20
2021-06-15 09:27:39,S,249.5,3,75
2021-06-15 09:27:39,S,249.55,1,48
2021-06-15 09:27:39,S,249.75,1,26
2021-06-15 09:27:39,S,249.85,1,2
2021-06-15 09:27:39,S,249.9,1,50
2021-06-15 09:27:39,S,248.5,3,102
2021-06-15 09:27:39,S,248.45,2,62
2021-06-15 09:27:39,S,248.4,3,27
2021-06-15 09:27:39,S,248.15,3,31
2021-06-15 09:27:39,S,248.1,1,20
2021-06-15 09:27:41,S,249.45,1,1
2021-06-15 09:27:41,S,249.5,3,75
2021-06-15 09:27:41,S,249.55,1,48
2021-06-15 09:27:41,S,249.75,1,26
2021-06-15 09:27:41,S,249.85,1,2
2021-06-15 09:27:41,S,248.55,1,1
2021-06-15 09:27:41,S,248.5,1,52
2021-06-15 09:27:41,S,248.45,1,4
2021-06-15 09:27:41,S,248.4,3,27
2021-06-15 09:27:41,S,248.15,3,31
2021-06-15 09:27:45,S,249.45,1,1
2021-06-15 09:27:45,S,249.5,3,75
2021-06-15 09:27:45,S,249.55,2,50
2021-06-15 09:27:45,S,249.75,1,26
2021-06-15 09:27:45,S,249.85,1,2
2021-06-15 09:27:45,S,248.55,2,4
2021-06-15 09:27:45,S,248.5,2,56
2021-06-15 09:27:45,S,248.4,3,27
2021-06-15 09:27:45,S,248.15,3,31
2021-06-15 09:27:45,S,248.05,1,48
2021-06-15 09:27:51,S,249.45,1,1
2021-06-15 09:27:51,S,249.5,3,75
2021-06-15 09:27:51,S,249.55,2,50
2021-06-15 09:27:51,S,249.7,1,20
2021-06-15 09:27:51,S,249.75,1,26
2021-06-15 09:27:51,S,248.55,2,4
2021-06-15 09:27:51,S,248.5,2,56
2021-06-15 09:27:51,S,248.4,3,27
2021-06-15 09:27:51,S,248.15,3,31
2021-06-15 09:27:51,S,248.05,1,48
2021-06-15 09:27:56,S,249.45,1,1
2021-06-15 09:27:56,S,249.5,3,75
2021-06-15 09:27:56,S,249.55,2,50
2021-06-15 09:27:56,S,249.7,1,20
2021-06-15 09:27:56,S,249.75,1,26
2021-06-15 09:27:56,S,248.55,2,4
2021-06-15 09:27:56,S,248.5,2,56
2021-06-15 09:27:56,S,248.4,3,27
2021-06-15 09:27:56,S,248.15,3,31
2021-06-15 09:27:56,S,248.05,1,48
2021-06-15 09:28:01,S,249.45,1,1
2021-06-15 09:28:01,S,249.5,3,75
2021-06-15 09:28:01,S,249.55,2,50
2021-06-15 09:28:01,S,249.75,1,26
2021-06-15 09:28:01,S,249.85,2,22
2021-06-15 09:28:01,S,248.55,2,4
2021-06-15 09:28:01,S,248.5,3,156
2021-06-15 09:28:01,S,248.4,2,25
2021-06-15 09:28:01,S,248.15,3,31
2021-06-15 09:28:01,S,248.05,1,48
2021-06-15 09:28:06,S,249.45,1,1
2021-06-15 09:28:06,S,249.5,3,75
2021-06-15 09:28:06,S,249.55,2,50
2021-06-15 09:28:06,S,249.75,1,26
2021-06-15 09:28:06,S,249.85,2,22
2021-06-15 09:28:06,S,248.55,2,4
2021-06-15 09:28:06,S,248.5,3,156
2021-06-15 09:28:06,S,248.4,2,25
2021-06-15 09:28:06,S,248.15,3,31
2021-06-15 09:28:06,S,248.05,1,48
2021-06-15 09:28:12,S,249.45,1,1
2021-06-15 09:28:12,S,249.5,3,75
2021-06-15 09:28:12,S,249.55,2,50
2021-06-15 09:28:12,S,249.75,1,26
2021-06-15 09:28:12,S,249.85,2,22
2021-06-15 09:28:12,S,248.55,2,4
2021-06-15 09:28:12,S,248.5,3,156
2021-06-15 09:28:12,S,248.4,2,25
2021-06-15 09:28:12,S,248.15,3,31
2021-06-15 09:28:12,S,248.05,1,48
2021-06-15 09:28:14,S,249.45,1,1
2021-06-15 09:28:14,S,249.5,3,75
2021-06-15 09:28:14,S,249.55,2,50
2021-06-15 09:28:14,S,249.75,1,26
2021-06-15 09:28:14,S,249.85,2,22
2021-06-15 09:28:14,S,248.55,2,4
2021-06-15 09:28:14,S,248.5,3,156
2021-06-15 09:28:14,S,248.4,2,25
2021-06-15 09:28:14,S,248.15,3,31
2021-06-15 09:28:14,S,248.05,1,48
2021-06-15 09:28:17,S,249.55,1,24
2021-06-15 09:28:17,S,249.75,1,26
2021-06-15 09:28:17,S,249.85,1,2
2021-06-15 09:28:17,S,249.9,1,50
2021-06-15 09:28:17,S,249.95,4,183
2021-06-15 09:28:17,S,248.55,2,4
2021-06-15 09:28:17,S,248.5,2,56
2021-06-15 09:28:17,S,248.4,2,25
2021-06-15 09:28:17,S,248.15,3,31
2021-06-15 09:28:17,S,248.05,1,48
2021-06-15 09:28:23,S,249.6,1,2
2021-06-15 09:28:23,S,249.75,1,26
2021-06-15 09:28:23,S,249.85,1,2
2021-06-15 09:28:23,S,249.9,1,50
2021-06-15 09:28:23,S,249.95,4,183
2021-06-15 09:28:23,S,248.55,2,4
2021-06-15 09:28:23,S,248.5,3,256
2021-06-15 09:28:23,S,248.45,2,57
2021-06-15 09:28:23,S,248.4,2,25
2021-06-15 09:28:23,S,248.2,1,20
2021-06-15 09:28:28,S,249.75,1,26
2021-06-15 09:28:28,S,249.85,1,2
2021-06-15 09:28:28,S,249.9,1,50
2021-06-15 09:28:28,S,249.95,4,183
2021-06-15 09:28:28,S,250.0,3,1031
2021-06-15 09:28:28,S,248.85,2,4
2021-06-15 09:28:28,S,248.5,3,256
2021-06-15 09:28:28,S,248.45,2,57
2021-06-15 09:28:28,S,248.4,2,25
2021-06-15 09:28:28,S,248.2,1,20
2021-06-15 09:28:33,S,249.75,1,26
2021-06-15 09:28:33,S,249.85,1,2
2021-06-15 09:28:33,S,249.9,1,50
2021-06-15 09:28:33,S,249.95,4,183
2021-06-15 09:28:33,S,250.0,3,1031
2021-06-15 09:28:33,S,248.85,2,4
2021-06-15 09:28:33,S,248.6,2,6
2021-06-15 09:28:33,S,248.5,3,256
2021-06-15 09:28:33,S,248.45,2,57
2021-06-15 09:28:33,S,248.4,2,25
2021-06-15 09:28:38,S,249.75,1,26
2021-06-15 09:28:38,S,249.85,1,2
2021-06-15 09:28:38,S,249.9,1,50
2021-06-15 09:28:38,S,249.95,4,183
2021-06-15 09:28:38,S,250.0,3,1031
2021-06-15 09:28:38,S,248.85,2,4
2021-06-15 09:28:38,S,248.6,2,6
2021-06-15 09:28:38,S,248.5,3,256
2021-06-15 09:28:38,S,248.45,2,57
2021-06-15 09:28:38,S,248.4,2,25
2021-06-15 09:28:48,S,249.75,1,25
2021-06-15 09:28:48,S,249.9,2,52
2021-06-15 09:28:48,S,249.95,4,183
2021-06-15 09:28:48,S,250.0,3,1031
2021-06-15 09:28:48,S,250.2,1,2
2021-06-15 09:28:48,S,248.85,2,4
2021-06-15 09:28:48,S,248.6,2,6
2021-06-15 09:28:48,S,248.5,3,256
2021-06-15 09:28:48,S,248.45,3,157
2021-06-15 09:28:48,S,248.4,2,25
2021-06-15 09:28:54,S,249.75,1,25
2021-06-15 09:28:54,S,249.9,2,52
2021-06-15 09:28:54,S,249.95,4,183
2021-06-15 09:28:54,S,250.0,3,1031
2021-06-15 09:28:54,S,250.2,1,2
2021-06-15 09:28:54,S,248.85,2,4
2021-06-15 09:28:54,S,248.6,2,6
2021-06-15 09:28:54,S,248.5,3,256
2021-06-15 09:28:54,S,248.45,3,157
2021-06-15 09:28:54,S,248.4,2,25
2021-06-15 09:28:59,S,249.75,1,26
2021-06-15 09:28:59,S,249.9,1,50
2021-06-15 09:28:59,S,249.95,4,183
2021-06-15 09:28:59,S,250.0,3,1031
2021-06-15 09:28:59,S,250.3,1,20
2021-06-15 09:28:59,S,248.85,2,4
2021-06-15 09:28:59,S,248.6,2,6
2021-06-15 09:28:59,S,248.5,3,256
2021-06-15 09:28:59,S,248.45,3,157
2021-06-15 09:28:59,S,248.4,2,25
2021-06-15 09:29:00,S,249.75,1,26
2021-06-15 09:29:00,S,249.9,1,50
2021-06-15 09:29:00,S,249.95,4,183
2021-06-15 09:29:00,S,250.0,3,1031
2021-06-15 09:29:00,S,250.3,1,20
2021-06-15 09:29:00,S,248.85,2,4
2021-06-15 09:29:00,S,248.6,2,6
2021-06-15 09:29:00,S,248.5,3,256
2021-06-15 09:29:00,S,248.45,3,157
2021-06-15 09:29:00,S,248.4,2,25
2021-06-15 09:29:03,S,249.75,1,26
2021-06-15 09:29:03,S,249.9,1,50
2021-06-15 09:29:03,S,249.95,4,183
2021-06-15 09:29:03,S,250.0,3,1031
2021-06-15 09:29:03,S,250.3,1,20
2021-06-15 09:29:03,S,248.85,2,4
2021-06-15 09:29:03,S,248.6,2,6
2021-06-15 09:29:03,S,248.5,3,256
2021-06-15 09:29:03,S,248.45,3,157
2021-06-15 09:29:03,S,248.4,2,25
2021-06-15 09:29:05,S,249.75,1,26
2021-06-15 09:29:05,S,249.9,1,50
2021-06-15 09:29:05,S,249.95,4,183
2021-06-15 09:29:05,S,250.0,3,1031
2021-06-15 09:29:05,S,250.2,1,2
2021-06-15 09:29:05,S,248.85,2,4
2021-06-15 09:29:05,S,248.6,2,6
2021-06-15 09:29:05,S,248.5,5,262
2021-06-15 09:29:05,S,248.45,3,157
2021-06-15 09:29:05,S,248.4,3,29
2021-06-15 09:29:11,S,249.75,1,26
2021-06-15 09:29:11,S,249.85,1,2
2021-06-15 09:29:11,S,249.9,1,50
2021-06-15 09:29:11,S,249.95,4,183
2021-06-15 09:29:11,S,250.0,3,1031
2021-06-15 09:29:11,S,248.85,2,4
2021-06-15 09:29:11,S,248.6,2,6
2021-06-15 09:29:11,S,248.5,5,262
2021-06-15 09:29:11,S,248.45,3,157
2021-06-15 09:29:11,S,248.4,3,29
2021-06-15 09:29:16,S,249.75,1,26
2021-06-15 09:29:16,S,249.85,1,2
2021-06-15 09:29:16,S,249.9,1,50
2021-06-15 09:29:16,S,249.95,4,183
2021-06-15 09:29:16,S,250.0,3,1031
2021-06-15 09:29:16,S,248.85,2,4
2021-06-15 09:29:16,S,248.6,2,6
2021-06-15 09:29:16,S,248.5,5,262
2021-06-15 09:29:16,S,248.45,3,157
2021-06-15 09:29:16,S,248.4,3,29
2021-06-15 09:29:21,S,249.75,1,26
2021-06-15 09:29:21,S,249.85,1,2
2021-06-15 09:29:21,S,249.9,1,50
2021-06-15 09:29:21,S,249.95,4,183
2021-06-15 09:29:21,S,250.0,3,1031
2021-06-15 09:29:21,S,248.85,2,4
2021-06-15 09:29:21,S,248.6,2,6
2021-06-15 09:29:21,S,248.5,5,262
2021-06-15 09:29:21,S,248.45,3,157
2021-06-15 09:29:21,S,248.4,3,29
2021-06-15 09:29:27,S,249.75,1,26
2021-06-15 09:29:27,S,249.85,1,2
2021-06-15 09:29:27,S,249.9,1,50
2021-06-15 09:29:27,S,249.95,4,183
2021-06-15 09:29:27,S,250.0,3,1031
2021-06-15 09:29:27,S,248.85,2,4
2021-06-15 09:29:27,S,248.6,2,6
2021-06-15 09:29:27,S,248.5,5,262
2021-06-15 09:29:27,S,248.45,3,157
2021-06-15 09:29:27,S,248.4,3,29
2021-06-15 09:29:32,S,249.75,1,26
2021-06-15 09:29:32,S,249.85,1,2
2021-06-15 09:29:32,S,249.9,1,50
2021-06-15 09:29:32,S,249.95,4,183
2021-06-15 09:29:32,S,250.0,3,1031
2021-06-15 09:29:32,S,248.85,2,4
2021-06-15 09:29:32,S,248.6,2,6
2021-06-15 09:29:32,S,248.5,5,262
2021-06-15 09:29:32,S,248.45,3,157
2021-06-15 09:29:32,S,248.4,3,29
2021-06-15 09:29:38,S,249.75,1,26
2021-06-15 09:29:38,S,249.85,1,2
2021-06-15 09:29:38,S,249.9,1,50
2021-06-15 09:29:38,S,249.95,4,183
2021-06-15 09:29:38,S,250.0,3,1031
2021-06-15 09:29:38,S,248.85,2,4
2021-06-15 09:29:38,S,248.6,2,6
2021-06-15 09:29:38,S,248.5,5,262
2021-06-15 09:29:38,S,248.45,3,157
2021-06-15 09:29:38,S,248.4,3,29
2021-06-15 09:29:42,S,249.75,1,26
2021-06-15 09:29:42,S,249.85,1,2
2021-06-15 09:29:42,S,249.9,1,50
2021-06-15 09:29:42,S,249.95,4,183
2021-06-15 09:29:42,S,250.0,3,1031
2021-06-15 09:29:42,S,248.85,2,4
2021-06-15 09:29:42,S,248.6,2,6
2021-06-15 09:29:42,S,248.5,5,262
2021-06-15 09:29:42,S,248.45,3,157
2021-06-15 09:29:42,S,248.4,3,29
2021-06-15 09:29:48,S,249.75,1,26
2021-06-15 09:29:48,S,249.85,1,2
2021-06-15 09:29:48,S,249.9,1,50
2021-06-15 09:29:48,S,249.95,4,183
2021-06-15 09:29:48,S,250.0,3,1031
2021-06-15 09:29:48,S,248.85,2,4
2021-06-15 09:29:48,S,248.6,2,6
2021-06-15 09:29:48,S,248.5,5,262
2021-06-15 09:29:48,S,248.45,3,157
2021-06-15 09:29:48,S,248.4,3,29
2021-06-15 09:29:53,S,249.75,1,26
2021-06-15 09:29:53,S,249.85,1,2
2021-06-15 09:29:53,S,249.9,1,50
2021-06-15 09:29:53,S,249.95,4,183
2021-06-15 09:29:53,S,250.0,3,1031
2021-06-15 09:29:53,S,248.85,2,4
2021-06-15 09:29:53,S,248.6,2,6
2021-06-15 09:29:53,S,248.5,5,262
2021-06-15 09:29:53,S,248.45,3,157
2021-06-15 09:29:53,S,248.4,3,29
2021-06-15 09:30:09,S,249.6,1,13
2021-06-15 09:30:09,S,249.7,1,50
2021-06-15 09:30:09,S,249.75,1,26
2021-06-15 09:30:09,S,249.85,1,2
2021-06-15 09:30:09,S,249.95,4,183
2021-06-15 09:30:09,S,248.85,2,4
2021-06-15 09:30:09,S,248.6,2,6
2021-06-15 09:30:09,S,248.55,2,7
2021-06-15 09:30:09,S,248.5,5,262
2021-06-15 09:30:09,S,248.45,3,157
2021-06-15 09:30:15,S,249.7,1,50
2021-06-15 09:30:15,S,249.75,1,26
2021-06-15 09:30:15,S,249.85,1,2
2021-06-15 09:30:15,S,249.95,4,183
2021-06-15 09:30:15,S,250.0,3,1031
2021-06-15 09:30:15,S,248.85,2,4
2021-06-15 09:30:15,S,248.6,2,6
2021-06-15 09:30:15,S,248.55,2,7
2021-06-15 09:30:15,S,248.5,5,262
2021-06-15 09:30:15,S,248.45,3,157
2021-06-15 09:30:20,S,249.7,1,50
2021-06-15 09:30:20,S,249.75,1,26
2021-06-15 09:30:20,S,249.85,1,2
2021-06-15 09:30:20,S,249.95,4,183
2021-06-15 09:30:20,S,250.0,3,1031
2021-06-15 09:30:20,S,248.85,2,4
2021-06-15 09:30:20,S,248.6,2,6
2021-06-15 09:30:20,S,248.55,2,7
2021-06-15 09:30:20,S,248.5,5,262
2021-06-15 09:30:20,S,248.45,3,157
2021-06-15 09:30:23,S,249.7,1,50
2021-06-15 09:30:23,S,249.75,1,26
2021-06-15 09:30:23,S,249.85,1,2
2021-06-15 09:30:23,S,249.95,4,183
2021-06-15 09:30:23,S,250.0,3,1031
2021-06-15 09:30:23,S,248.85,2,4
2021-06-15 09:30:23,S,248.6,2,6
2021-06-15 09:30:23,S,248.55,2,7
2021-06-15 09:30:23,S,248.5,5,262
2021-06-15 09:30:23,S,248.45,3,157
2021-06-15 09:30:25,S,249.7,1,47
2021-06-15 09:30:25,S,249.75,1,26
2021-06-15 09:30:25,S,249.95,4,183
2021-06-15 09:30:25,S,250.0,3,1031
2021-06-15 09:30:25,S,250.2,1,2
2021-06-15 09:30:25,S,248.85,2,4
2021-06-15 09:30:25,S,248.6,2,6
2021-06-15 09:30:25,S,248.55,2,7
2021-06-15 09:30:25,S,248.5,5,262
2021-06-15 09:30:25,S,248.45,3,157
2021-06-15 09:30:28,S,249.7,1,47
2021-06-15 09:30:28,S,249.75,1,26
2021-06-15 09:30:28,S,249.95,4,183
2021-06-15 09:30:28,S,250.0,3,1031
2021-06-15 09:30:28,S,250.2,1,2
2021-06-15 09:30:28,S,248.85,2,4
2021-06-15 09:30:28,S,248.6,2,6
2021-06-15 09:30:28,S,248.55,2,7
2021-06-15 09:30:28,S,248.5,5,262
2021-06-15 09:30:28,S,248.45,3,157
2021-06-15 09:30:30,S,249.7,2,27
2021-06-15 09:30:30,S,249.75,1,26
2021-06-15 09:30:30,S,249.95,4,183
2021-06-15 09:30:30,S,250.0,3,1031
2021-06-15 09:30:30,S,250.2,1,2
2021-06-15 09:30:30,S,248.85,2,4
2021-06-15 09:30:30,S,248.6,2,6
2021-06-15 09:30:30,S,248.55,2,7
2021-06-15 09:30:30,S,248.5,5,262
2021-06-15 09:30:30,S,248.45,3,157
2021-06-15 09:30:35,S,249.7,2,27
2021-06-15 09:30:35,S,249.75,1,26
2021-06-15 09:30:35,S,249.8,1,2
2021-06-15 09:30:35,S,249.95,4,183
2021-06-15 09:30:35,S,250.0,3,1031
2021-06-15 09:30:35,S,248.85,2,4
2021-06-15 09:30:35,S,248.6,2,6
2021-06-15 09:30:35,S,248.55,2,7
2021-06-15 09:30:35,S,248.5,5,262
2021-06-15 09:30:35,S,248.45,3,157
2021-06-15 09:30:57,S,249.7,2,27
2021-06-15 09:30:57,S,249.75,1,26
2021-06-15 09:30:57,S,249.8,1,2
2021-06-15 09:30:57,S,249.95,4,183
2021-06-15 09:30:57,S,250.0,3,1031
2021-06-15 09:30:57,S,248.85,2,4
2021-06-15 09:30:57,S,248.6,2,6
2021-06-15 09:30:57,S,248.55,2,7
2021-06-15 09:30:57,S,248.5,5,262
2021-06-15 09:30:57,S,248.45,3,157
2021-06-15 09:31:01,S,249.65,1,1
2021-06-15 09:31:01,S,249.7,2,27
2021-06-15 09:31:01,S,249.75,1,26
2021-06-15 09:31:01,S,249.95,4,183
2021-06-15 09:31:01,S,250.0,3,1031
2021-06-15 09:31:01,S,248.7,2,2
2021-06-15 09:31:01,S,248.65,1,3
2021-06-15 09:31:01,S,248.6,2,6
2021-06-15 09:31:01,S,248.55,2,7
2021-06-15 09:31:01,S,248.5,4,258
2021-06-15 09:31:16,S,249.65,1,1
2021-06-15 09:31:16,S,249.7,2,27
2021-06-15 09:31:16,S,249.75,1,26
2021-06-15 09:31:16,S,249.95,4,183
2021-06-15 09:31:16,S,250.0,3,1031
2021-06-15 09:31:16,S,248.7,2,2
2021-06-15 09:31:16,S,248.65,1,3
2021-06-15 09:31:16,S,248.6,2,6
2021-06-15 09:31:16,S,248.55,2,7
2021-06-15 09:31:16,S,248.5,4,258
2021-06-15 09:31:18,S,249.65,1,1
2021-06-15 09:31:18,S,249.7,2,27
2021-06-15 09:31:18,S,249.75,1,26
2021-06-15 09:31:18,S,249.95,4,183
2021-06-15 09:31:18,S,250.0,3,1031
2021-06-15 09:31:18,S,248.7,2,2
2021-06-15 09:31:18,S,248.65,1,3
2021-06-15 09:31:18,S,248.6,2,6
2021-06-15 09:31:18,S,248.55,2,7
2021-06-15 09:31:18,S,248.5,4,258
2021-06-15 09:31:22,S,249.75,1,26
2021-06-15 09:31:22,S,249.95,2,71
2021-06-15 09:31:22,S,250.0,3,1031
2021-06-15 09:31:22,S,250.25,1,2
2021-06-15 09:31:22,S,250.35,1,52
2021-06-15 09:31:22,S,249.7,3,22
2021-06-15 09:31:22,S,249.65,2,1001
2021-06-15 09:31:22,S,249.55,2,18
2021-06-15 09:31:22,S,249.1,2,5
2021-06-15 09:31:22,S,248.7,1,1
2021-06-15 09:31:32,S,249.75,1,26
2021-06-15 09:31:32,S,249.95,2,71
2021-06-15 09:31:32,S,250.0,3,1031
2021-06-15 09:31:32,S,250.25,1,2
2021-06-15 09:31:32,S,250.35,1,52
2021-06-15 09:31:32,S,249.7,4,42
2021-06-15 09:31:32,S,249.65,2,1001
2021-06-15 09:31:32,S,249.45,2,18
2021-06-15 09:31:32,S,249.15,1,6
2021-06-15 09:31:32,S,249.1,2,5
2021-06-15 09:31:33,S,249.75,1,26
2021-06-15 09:31:33,S,249.95,2,71
2021-06-15 09:31:33,S,250.0,3,1031
2021-06-15 09:31:33,S,250.25,1,2
2021-06-15 09:31:33,S,250.35,1,52
2021-06-15 09:31:33,S,249.7,4,42
2021-06-15 09:31:33,S,249.65,2,1001
2021-06-15 09:31:33,S,249.45,2,18
2021-06-15 09:31:33,S,249.15,1,6
2021-06-15 09:31:33,S,249.1,2,5
2021-06-15 09:31:38,S,250.0,3,795
2021-06-15 09:31:38,S,250.05,1,13
2021-06-15 09:31:38,S,250.35,2,57
2021-06-15 09:31:38,S,250.5,1,2
2021-06-15 09:31:38,S,250.7,1,5
2021-06-15 09:31:38,S,249.7,1,20
2021-06-15 09:31:38,S,249.5,2,7
2021-06-15 09:31:38,S,249.45,1,6
2021-06-15 09:31:38,S,249.15,1,6
2021-06-15 09:31:38,S,249.1,2,5
2021-06-15 09:31:48,S,249.95,1,1
2021-06-15 09:31:48,S,250.0,3,795
2021-06-15 09:31:48,S,250.05,1,13
2021-06-15 09:31:48,S,250.3,1,2
2021-06-15 09:31:48,S,250.35,2,57
2021-06-15 09:31:48,S,249.7,1,20
2021-06-15 09:31:48,S,249.15,2,7
2021-06-15 09:31:48,S,249.1,2,5
2021-06-15 09:31:48,S,248.6,2,6
2021-06-15 09:31:48,S,248.55,3,27
2021-06-15 09:31:53,S,249.95,1,1
2021-06-15 09:31:53,S,250.0,3,795
2021-06-15 09:31:53,S,250.05,1,13
2021-06-15 09:31:53,S,250.3,1,2
2021-06-15 09:31:53,S,250.35,2,57
2021-06-15 09:31:53,S,249.7,1,20
2021-06-15 09:31:53,S,249.15,2,7
2021-06-15 09:31:53,S,249.1,2,5
2021-06-15 09:31:53,S,248.6,3,7
2021-06-15 09:31:53,S,248.55,3,27
2021-06-15 09:31:58,S,249.95,1,1
2021-06-15 09:31:58,S,250.0,3,795
2021-06-15 09:31:58,S,250.05,1,13
2021-06-15 09:31:58,S,250.3,1,2
2021-06-15 09:31:58,S,250.35,2,57
2021-06-15 09:31:58,S,249.7,1,20
2021-06-15 09:31:58,S,249.35,1,1
2021-06-15 09:31:58,S,249.3,2,7
2021-06-15 09:31:58,S,249.15,1,6
2021-06-15 09:31:58,S,249.1,2,5
2021-06-15 09:32:13,S,249.95,1,1
2021-06-15 09:32:13,S,250.0,3,795
2021-06-15 09:32:13,S,250.05,1,13
2021-06-15 09:32:13,S,250.3,1,2
2021-06-15 09:32:13,S,250.35,2,57
2021-06-15 09:32:13,S,249.7,1,20
2021-06-15 09:32:13,S,249.35,1,1
2021-06-15 09:32:13,S,249.3,2,7
2021-06-15 09:32:13,S,249.15,1,6
2021-06-15 09:32:13,S,249.1,2,5
2021-06-15 09:32:14,S,249.95,2,14
2021-06-15 09:32:14,S,250.0,3,795
2021-06-15 09:32:14,S,250.3,1,2
2021-06-15 09:32:14,S,250.35,2,57
2021-06-15 09:32:14,S,250.5,1,2
2021-06-15 09:32:14,S,249.7,1,20
2021-06-15 09:32:14,S,249.35,1,1
2021-06-15 09:32:14,S,249.3,3,19
2021-06-15 09:32:14,S,249.15,1,6
2021-06-15 09:32:14,S,249.1,2,5
2021-06-15 09:32:15,S,249.95,2,14
2021-06-15 09:32:15,S,250.0,3,795
2021-06-15 09:32:15,S,250.3,1,2
2021-06-15 09:32:15,S,250.35,2,57
2021-06-15 09:32:15,S,250.5,1,2
2021-06-15 09:32:15,S,249.7,1,20
2021-06-15 09:32:15,S,249.35,1,1
2021-06-15 09:32:15,S,249.3,3,19
2021-06-15 09:32:15,S,249.15,1,6
2021-06-15 09:32:15,S,249.1,2,5
2021-06-15 09:32:19,S,249.95,2,14
2021-06-15 09:32:19,S,250.0,3,795
2021-06-15 09:32:19,S,250.3,1,2
2021-06-15 09:32:19,S,250.35,1,52
2021-06-15 09:32:19,S,250.5,1,2
2021-06-15 09:32:19,S,249.7,1,19
2021-06-15 09:32:19,S,249.35,2,6
2021-06-15 09:32:19,S,249.3,2,7
2021-06-15 09:32:19,S,249.15,1,6
2021-06-15 09:32:19,S,249.1,2,5
2021-06-15 09:32:20,S,249.95,2,14
2021-06-15 09:32:20,S,250.0,3,795
2021-06-15 09:32:20,S,250.3,1,2
2021-06-15 09:32:20,S,250.35,1,52
2021-06-15 09:32:20,S,250.5,1,2
2021-06-15 09:32:20,S,249.7,1,19
2021-06-15 09:32:20,S,249.35,2,6
2021-06-15 09:32:20,S,249.3,2,7
2021-06-15 09:32:20,S,249.15,1,6
2021-06-15 09:32:20,S,249.1,2,5
2021-06-15 09:32:25,S,249.95,2,14
2021-06-15 09:32:25,S,250.0,5,905
2021-06-15 09:32:25,S,250.3,1,2
2021-06-15 09:32:25,S,250.35,1,52
2021-06-15 09:32:25,S,250.5,1,2
2021-06-15 09:32:25,S,249.35,2,6
2021-06-15 09:32:25,S,249.3,2,7
2021-06-15 09:32:25,S,249.15,2,18
2021-06-15 09:32:25,S,249.1,2,5
2021-06-15 09:32:25,S,248.9,2,23
2021-06-15 09:32:30,S,249.95,2,14
2021-06-15 09:32:30,S,250.0,5,905
2021-06-15 09:32:30,S,250.3,1,2
2021-06-15 09:32:30,S,250.35,1,52
2021-06-15 09:32:30,S,250.5,1,2
2021-06-15 09:32:30,S,249.35,2,6
2021-06-15 09:32:30,S,249.3,2,7
2021-06-15 09:32:30,S,249.15,2,18
2021-06-15 09:32:30,S,249.1,2,5
2021-06-15 09:32:30,S,248.9,2,23
2021-06-15 09:32:35,S,249.95,2,14
2021-06-15 09:32:35,S,250.0,5,905
2021-06-15 09:32:35,S,250.3,1,2
2021-06-15 09:32:35,S,250.35,1,52
2021-06-15 09:32:35,S,250.5,1,2
2021-06-15 09:32:35,S,249.35,2,6
2021-06-15 09:32:35,S,249.3,2,7
2021-06-15 09:32:35,S,249.15,2,18
2021-06-15 09:32:35,S,249.1,2,5
2021-06-15 09:32:35,S,248.9,2,23
2021-06-15 09:32:39,S,249.95,2,14
2021-06-15 09:32:39,S,250.0,5,905
2021-06-15 09:32:39,S,250.3,1,2
2021-06-15 09:32:39,S,250.35,1,52
2021-06-15 09:32:39,S,250.5,1,2
2021-06-15 09:32:39,S,249.2,2,6
2021-06-15 09:32:39,S,249.1,2,5
2021-06-15 09:32:39,S,249.05,2,19
2021-06-15 09:32:39,S,248.9,2,23
2021-06-15 09:32:39,S,248.85,1,48
2021-06-15 09:32:45,S,249.95,2,14
2021-06-15 09:32:45,S,250.0,5,905
2021-06-15 09:32:45,S,250.3,1,2
2021-06-15 09:32:45,S,250.35,1,52
2021-06-15 09:32:45,S,250.5,1,2
2021-06-15 09:32:45,S,249.2,2,6
2021-06-15 09:32:45,S,249.1,2,5
2021-06-15 09:32:45,S,249.05,2,19
2021-06-15 09:32:45,S,248.9,2,23
2021-06-15 09:32:45,S,248.85,1,48
2021-06-15 09:32:51,S,249.95,2,14
2021-06-15 09:32:51,S,250.0,5,905
2021-06-15 09:32:51,S,250.3,1,2
2021-06-15 09:32:51,S,250.35,1,52
2021-06-15 09:32:51,S,250.5,1,2
2021-06-15 09:32:51,S,249.2,2,6
2021-06-15 09:32:51,S,249.1,2,5
2021-06-15 09:32:51,S,249.05,2,19
2021-06-15 09:32:51,S,248.9,2,23
2021-06-15 09:32:51,S,248.85,1,48
2021-06-15 09:32:56,S,249.95,2,14
2021-06-15 09:32:56,S,250.0,5,905
2021-06-15 09:32:56,S,250.3,1,2
2021-06-15 09:32:56,S,250.35,1,52
2021-06-15 09:32:56,S,250.5,1,2
2021-06-15 09:32:56,S,249.2,2,6
2021-06-15 09:32:56,S,249.1,2,5
2021-06-15 09:32:56,S,249.05,2,19
2021-06-15 09:32:56,S,248.9,2,23
2021-06-15 09:32:56,S,248.85,1,48
2021-06-15 09:32:56,S,249.9,2,4
2021-06-15 09:32:56,S,249.95,1,1
2021-06-15 09:32:56,S,250.0,6,910
2021-06-15 09:32:56,S,250.3,2,22
2021-06-15 09:32:56,S,250.35,1,52
2021-06-15 09:32:56,S,248.95,1,1
2021-06-15 09:32:56,S,248.9,1,4
2021-06-15 09:32:56,S,248.85,1,5
2021-06-15 09:32:56,S,248.6,3,7
2021-06-15 09:32:56,S,248.55,3,27
2021-06-15 09:33:07,S,249.95,3,64
2021-06-15 09:33:07,S,250.0,7,915
2021-06-15 09:33:07,S,250.1,1,5
2021-06-15 09:33:07,S,250.2,1,5
2021-06-15 09:33:07,S,250.3,3,27
2021-06-15 09:33:07,S,248.65,2,3
2021-06-15 09:33:07,S,248.6,2,5
2021-06-15 09:33:07,S,248.55,3,27
2021-06-15 09:33:07,S,248.5,3,256
2021-06-15 09:33:07,S,248.45,3,157
2021-06-15 09:33:18,S,249.95,2,59
2021-06-15 09:33:18,S,250.0,8,917
2021-06-15 09:33:18,S,250.1,1,5
2021-06-15 09:33:18,S,250.2,1,5
2021-06-15 09:33:18,S,250.3,3,27
2021-06-15 09:33:18,S,248.65,2,3
2021-06-15 09:33:18,S,248.6,3,10
2021-06-15 09:33:18,S,248.55,3,27
2021-06-15 09:33:18,S,248.5,4,261
2021-06-15 09:33:18,S,248.45,3,157
2021-06-15 09:33:33,S,249.95,2,59
2021-06-15 09:33:33,S,250.0,6,907
2021-06-15 09:33:33,S,250.1,2,10
2021-06-15 09:33:33,S,250.2,1,5
2021-06-15 09:33:33,S,250.3,3,27
2021-06-15 09:33:33,S,248.65,2,3
2021-06-15 09:33:33,S,248.6,3,7
2021-06-15 09:33:33,S,248.55,3,27
2021-06-15 09:33:33,S,248.5,4,261
2021-06-15 09:33:33,S,248.45,3,157
2021-06-15 09:33:38,S,249.95,2,59
2021-06-15 09:33:38,S,250.0,6,907
2021-06-15 09:33:38,S,250.1,1,5
2021-06-15 09:33:38,S,250.2,1,5
2021-06-15 09:33:38,S,250.3,3,27
2021-06-15 09:33:38,S,248.75,2,2
2021-06-15 09:33:38,S,248.7,2,21
2021-06-15 09:33:38,S,248.65,2,27
2021-06-15 09:33:38,S,248.6,3,7
2021-06-15 09:33:38,S,248.55,2,7
2021-06-15 09:33:43,S,249.95,2,59
2021-06-15 09:33:43,S,250.0,6,907
2021-06-15 09:33:43,S,250.3,3,12
2021-06-15 09:33:43,S,250.35,1,52
2021-06-15 09:33:43,S,250.4,1,5
2021-06-15 09:33:43,S,249.05,2,2
2021-06-15 09:33:43,S,249.0,1,51
2021-06-15 09:33:43,S,248.95,1,2
2021-06-15 09:33:43,S,248.75,1,1
2021-06-15 09:33:43,S,248.7,2,21
2021-06-15 09:33:48,S,249.5,1,5
2021-06-15 09:33:48,S,249.95,3,66
2021-06-15 09:33:48,S,250.0,5,905
2021-06-15 09:33:48,S,250.3,3,12
2021-06-15 09:33:48,S,250.35,1,52
2021-06-15 09:33:48,S,249.2,2,2
2021-06-15 09:33:48,S,249.0,2,55
2021-06-15 09:33:48,S,248.95,2,7
2021-06-15 09:33:48,S,248.85,1,55
2021-06-15 09:33:48,S,248.65,2,27
2021-06-15 09:33:52,S,249.5,1,5
2021-06-15 09:33:52,S,249.95,3,66
2021-06-15 09:33:52,S,250.0,5,905
2021-06-15 09:33:52,S,250.3,3,12
2021-06-15 09:33:52,S,250.35,1,52
2021-06-15 09:33:52,S,249.2,2,2
2021-06-15 09:33:52,S,249.0,2,55
2021-06-15 09:33:52,S,248.95,2,7
2021-06-15 09:33:52,S,248.85,1,55
2021-06-15 09:33:52,S,248.65,2,27
2021-06-15 09:33:54,S,249.2,2,12
2021-06-15 09:33:54,S,249.65,1,2
2021-06-15 09:33:54,S,249.7,1,2
2021-06-15 09:33:54,S,249.95,3,61
2021-06-15 09:33:54,S,250.0,5,905
2021-06-15 09:33:54,S,249.0,1,45
2021-06-15 09:33:54,S,248.7,2,24
2021-06-15 09:33:54,S,248.65,2,27
2021-06-15 09:33:54,S,248.6,2,5
2021-06-15 09:33:54,S,248.55,2,7
2021-06-15 09:33:56,S,249.2,2,12
2021-06-15 09:33:56,S,249.65,1,2
2021-06-15 09:33:56,S,249.7,1,2
2021-06-15 09:33:56,S,249.95,3,61
2021-06-15 09:33:56,S,250.0,5,905
2021-06-15 09:33:56,S,249.0,1,45
2021-06-15 09:33:56,S,248.7,2,24
2021-06-15 09:33:56,S,248.65,2,27
2021-06-15 09:33:56,S,248.6,2,5
2021-06-15 09:33:56,S,248.55,2,7
2021-06-15 09:33:57,S,249.2,2,12
2021-06-15 09:33:57,S,249.65,1,2
2021-06-15 09:33:57,S,249.7,1,2
2021-06-15 09:33:57,S,249.95,3,61
2021-06-15 09:33:57,S,250.0,5,905
2021-06-15 09:33:57,S,249.0,1,45
2021-06-15 09:33:57,S,248.7,2,24
2021-06-15 09:33:57,S,248.65,2,27
2021-06-15 09:33:57,S,248.6,2,5
2021-06-15 09:33:57,S,248.55,2,7
2021-06-15 09:33:58,S,249.0,1,6
2021-06-15 09:33:58,S,249.65,1,2
2021-06-15 09:33:58,S,249.7,1,2
2021-06-15 09:33:58,S,249.95,3,61
2021-06-15 09:33:58,S,250.0,5,905
2021-06-15 09:33:58,S,248.7,2,24
2021-06-15 09:33:58,S,248.65,3,40
2021-06-15 09:33:58,S,248.6,2,5
2021-06-15 09:33:58,S,248.55,2,7
2021-06-15 09:33:58,S,248.5,3,256
2021-06-15 09:33:59,S,249.0,1,6
2021-06-15 09:33:59,S,249.65,1,2
2021-06-15 09:33:59,S,249.7,1,2
2021-06-15 09:33:59,S,249.95,3,61
2021-06-15 09:33:59,S,250.0,5,905
2021-06-15 09:33:59,S,248.7,2,24
2021-06-15 09:33:59,S,248.65,3,40
2021-06-15 09:33:59,S,248.6,2,5
2021-06-15 09:33:59,S,248.55,2,7
2021-06-15 09:33:59,S,248.5,3,256
2021-06-15 09:34:00,S,249.0,1,6
2021-06-15 09:34:00,S,249.65,1,2
2021-06-15 09:34:00,S,249.7,1,2
2021-06-15 09:34:00,S,249.95,3,61
2021-06-15 09:34:00,S,250.0,5,905
2021-06-15 09:34:00,S,248.7,2,24
2021-06-15 09:34:00,S,248.65,3,40
2021-06-15 09:34:00,S,248.6,2,5
2021-06-15 09:34:00,S,248.55,2,7
2021-06-15 09:34:00,S,248.5,3,256
2021-06-15 09:34:04,S,248.7,2,18
2021-06-15 09:34:04,S,248.95,2,6
2021-06-15 09:34:04,S,249.0,2,11
2021-06-15 09:34:04,S,249.05,2,7
2021-06-15 09:34:04,S,249.3,1,2
2021-06-15 09:34:04,S,248.5,2,252
2021-06-15 09:34:04,S,248.45,1,100
2021-06-15 09:34:04,S,248.4,1,21
2021-06-15 09:34:04,S,248.05,2,97
2021-06-15 09:34:04,S,248.0,1,2
2021-06-15 09:34:06,S,248.7,2,18
2021-06-15 09:34:06,S,248.95,2,6
2021-06-15 09:34:06,S,249.0,2,11
2021-06-15 09:34:06,S,249.05,2,7
2021-06-15 09:34:06,S,249.3,1,2
2021-06-15 09:34:06,S,248.5,2,252
2021-06-15 09:34:06,S,248.45,1,100
2021-06-15 09:34:06,S,248.4,1,21
2021-06-15 09:34:06,S,248.05,2,97
2021-06-15 09:34:06,S,248.0,1,2
2021-06-15 09:34:08,S,248.7,1,11
2021-06-15 09:34:08,S,249.0,2,7
2021-06-15 09:34:08,S,249.05,2,7
2021-06-15 09:34:08,S,249.3,1,2
2021-06-15 09:34:08,S,249.7,2,7
2021-06-15 09:34:08,S,248.5,1,162
2021-06-15 09:34:08,S,248.45,1,100
2021-06-15 09:34:08,S,248.4,1,21
2021-06-15 09:34:08,S,248.1,1,2
2021-06-15 09:34:08,S,247.8,1,5
2021-06-15 09:34:13,S,248.7,1,11
2021-06-15 09:34:13,S,249.0,2,7
2021-06-15 09:34:13,S,249.05,2,7
2021-06-15 09:34:13,S,249.3,1,2
2021-06-15 09:34:13,S,249.7,2,7
2021-06-15 09:34:13,S,248.5,1,162
2021-06-15 09:34:13,S,248.45,1,100
2021-06-15 09:34:13,S,248.4,1,21
2021-06-15 09:34:13,S,248.1,1,2
2021-06-15 09:34:13,S,247.8,1,5
2021-06-15 09:34:18,S,248.7,2,17
2021-06-15 09:34:18,S,249.0,2,7
2021-06-15 09:34:18,S,249.05,2,7
2021-06-15 09:34:18,S,249.3,1,2
2021-06-15 09:34:18,S,249.55,1,59
2021-06-15 09:34:18,S,248.5,1,162
2021-06-15 09:34:18,S,248.45,1,100
2021-06-15 09:34:18,S,248.4,1,21
2021-06-15 09:34:18,S,248.0,1,2
2021-06-15 09:34:18,S,247.7,2,22
2021-06-15 09:34:20,S,248.7,2,17
2021-06-15 09:34:20,S,249.0,2,7
2021-06-15 09:34:20,S,249.05,2,7
2021-06-15 09:34:20,S,249.3,1,2
2021-06-15 09:34:20,S,249.55,1,59
2021-06-15 09:34:20,S,248.5,1,162
2021-06-15 09:34:20,S,248.45,1,100
2021-06-15 09:34:20,S,248.4,1,21
2021-06-15 09:34:20,S,248.0,1,2
2021-06-15 09:34:20,S,247.7,2,22
2021-06-15 09:34:23,S,248.7,2,15
2021-06-15 09:34:23,S,248.85,1,12
2021-06-15 09:34:23,S,249.0,1,2
2021-06-15 09:34:23,S,249.05,2,7
2021-06-15 09:34:23,S,249.3,1,2
2021-06-15 09:34:23,S,248.45,1,100
2021-06-15 09:34:23,S,248.4,1,21
2021-06-15 09:34:23,S,247.9,2,7
2021-06-15 09:34:23,S,247.7,1,2
2021-06-15 09:34:23,S,247.65,1,56
2021-06-15 09:34:24,S,248.7,2,15
2021-06-15 09:34:24,S,248.85,1,12
2021-06-15 09:34:24,S,249.0,1,2
2021-06-15 09:34:24,S,249.05,2,7
2021-06-15 09:34:24,S,249.3,1,2
2021-06-15 09:34:24,S,248.45,1,100
2021-06-15 09:34:24,S,248.4,1,21
2021-06-15 09:34:24,S,247.9,2,7
2021-06-15 09:34:24,S,247.7,1,2
2021-06-15 09:34:24,S,247.65,1,56
2021-06-15 09:34:26,S,248.7,2,15
2021-06-15 09:34:26,S,248.85,1,12
2021-06-15 09:34:26,S,249.0,1,2
2021-06-15 09:34:26,S,249.05,2,7
2021-06-15 09:34:26,S,249.3,1,2
2021-06-15 09:34:26,S,248.45,1,100
2021-06-15 09:34:26,S,248.4,1,21
2021-06-15 09:34:26,S,247.9,2,7
2021-06-15 09:34:26,S,247.7,1,2
2021-06-15 09:34:26,S,247.65,1,56
2021-06-15 09:34:28,S,248.55,2,5
2021-06-15 09:34:28,S,248.7,2,15
2021-06-15 09:34:28,S,249.05,2,7
2021-06-15 09:34:28,S,249.3,1,2
2021-06-15 09:34:28,S,249.55,2,117
2021-06-15 09:34:28,S,247.35,2,44
2021-06-15 09:34:28,S,247.25,2,34
2021-06-15 09:34:28,S,247.05,3,29
2021-06-15 09:34:28,S,247.0,2,502
2021-06-15 09:34:28,S,246.95,1,5
2021-06-15 09:34:31,S,248.55,2,5
2021-06-15 09:34:31,S,248.7,2,15
2021-06-15 09:34:31,S,249.05,2,7
2021-06-15 09:34:31,S,249.3,1,2
2021-06-15 09:34:31,S,249.55,2,117
2021-06-15 09:34:31,S,247.35,2,44
2021-06-15 09:34:31,S,247.25,2,34
2021-06-15 09:34:31,S,247.05,3,29
2021-06-15 09:34:31,S,247.0,2,502
2021-06-15 09:34:31,S,246.95,1,5
2021-06-15 09:34:33,S,248.3,2,5
2021-06-15 09:34:33,S,248.4,2,6
2021-06-15 09:34:33,S,248.55,2,8
2021-06-15 09:34:33,S,248.6,2,6
2021-06-15 09:34:33,S,248.7,2,15
2021-06-15 09:34:33,S,247.4,1,43
2021-06-15 09:34:33,S,247.25,3,36
2021-06-15 09:34:33,S,247.05,2,9
2021-06-15 09:34:33,S,247.0,2,502
2021-06-15 09:34:33,S,246.95,1,5
2021-06-15 09:34:38,S,247.3,1,11
2021-06-15 09:34:38,S,247.95,2,8
2021-06-15 09:34:38,S,248.0,2,8
2021-06-15 09:34:38,S,248.4,2,6
2021-06-15 09:34:38,S,248.6,2,6
2021-06-15 09:34:38,S,247.05,3,33
2021-06-15 09:34:38,S,247.0,1,500
2021-06-15 09:34:38,S,246.85,2,56
2021-06-15 09:34:38,S,246.75,1,2
2021-06-15 09:34:38,S,246.65,1,20
2021-06-15 09:34:40,S,247.3,1,11
2021-06-15 09:34:40,S,247.95,2,8
2021-06-15 09:34:40,S,248.0,2,8
2021-06-15 09:34:40,S,248.4,2,6
2021-06-15 09:34:40,S,248.6,2,6
2021-06-15 09:34:40,S,247.05,3,33
2021-06-15 09:34:40,S,247.0,1,500
2021-06-15 09:34:40,S,246.85,2,56
2021-06-15 09:34:40,S,246.75,1,2
2021-06-15 09:34:40,S,246.65,1,20
2021-06-15 09:34:43,S,247.7,2,6
2021-06-15 09:34:43,S,247.95,2,8
2021-06-15 09:34:43,S,248.0,2,8
2021-06-15 09:34:43,S,248.05,1,2
2021-06-15 09:34:43,S,248.4,2,6
2021-06-15 09:34:43,S,247.1,1,13
2021-06-15 09:34:43,S,247.05,1,1
2021-06-15 09:34:43,S,247.0,2,505
2021-06-15 09:34:43,S,246.85,2,57
2021-06-15 09:34:43,S,246.75,1,2
2021-06-15 09:34:52,S,247.95,2,6
2021-06-15 09:34:52,S,248.0,3,15
2021-06-15 09:34:52,S,248.05,2,8
2021-06-15 09:34:52,S,248.4,2,6
2021-06-15 09:34:52,S,248.6,3,7
2021-06-15 09:34:52,S,247.1,1,10
2021-06-15 09:34:52,S,247.05,2,51
2021-06-15 09:34:52,S,247.0,1,500
2021-06-15 09:34:52,S,246.85,2,57
2021-06-15 09:34:52,S,246.75,1,2
2021-06-15 09:34:57,S,247.95,2,6
2021-06-15 09:34:57,S,248.0,3,15
2021-06-15 09:34:57,S,248.05,2,8
2021-06-15 09:34:57,S,248.4,2,6
2021-06-15 09:34:57,S,248.6,3,7
2021-06-15 09:34:57,S,247.1,1,10
2021-06-15 09:34:57,S,247.05,2,51
2021-06-15 09:34:57,S,247.0,1,500
2021-06-15 09:34:57,S,246.85,2,57
2021-06-15 09:34:57,S,246.75,1,2
2021-06-15 09:35:03,S,247.95,2,6
2021-06-15 09:35:03,S,248.0,4,21
2021-06-15 09:35:03,S,248.05,2,8
2021-06-15 09:35:03,S,248.4,2,6
2021-06-15 09:35:03,S,248.6,3,7
2021-06-15 09:35:03,S,247.1,2,13
2021-06-15 09:35:03,S,247.05,2,51
2021-06-15 09:35:03,S,247.0,1,500
2021-06-15 09:35:03,S,246.95,1,2
2021-06-15 09:35:03,S,246.9,1,20
2021-06-15 09:35:03,S,247.95,2,6
2021-06-15 09:35:03,S,248.0,4,21
2021-06-15 09:35:03,S,248.05,2,8
2021-06-15 09:35:03,S,248.4,2,6
2021-06-15 09:35:03,S,248.6,3,7
2021-06-15 09:35:03,S,247.1,2,13
2021-06-15 09:35:03,S,247.05,2,51
2021-06-15 09:35:03,S,247.0,1,500
2021-06-15 09:35:03,S,246.95,1,2
2021-06-15 09:35:03,S,246.9,1,20
2021-06-15 09:35:04,S,247.95,2,6
2021-06-15 09:35:04,S,248.0,4,21
2021-06-15 09:35:04,S,248.05,2,8
2021-06-15 09:35:04,S,248.4,2,6
2021-06-15 09:35:04,S,248.6,3,7
2021-06-15 09:35:04,S,247.1,2,13
2021-06-15 09:35:04,S,247.05,2,51
2021-06-15 09:35:04,S,247.0,1,500
2021-06-15 09:35:04,S,246.95,1,2
2021-06-15 09:35:04,S,246.9,1,20
2021-06-15 09:35:08,S,247.3,2,5
2021-06-15 09:35:08,S,247.35,2,42
2021-06-15 09:35:08,S,247.4,2,26
2021-06-15 09:35:08,S,247.45,2,23
2021-06-15 09:35:08,S,247.5,1,4
2021-06-15 09:35:08,S,246.5,1,10
2021-06-15 09:35:08,S,246.05,2,63
2021-06-15 09:35:08,S,246.0,5,194
2021-06-15 09:35:08,S,245.9,1,5
2021-06-15 09:35:08,S,245.8,1,5
2021-06-15 09:35:13,S,247.0,2,5
2021-06-15 09:35:13,S,247.25,2,7
2021-06-15 09:35:13,S,247.5,3,26
2021-06-15 09:35:13,S,247.55,1,56
2021-06-15 09:35:13,S,247.7,1,2
2021-06-15 09:35:13,S,246.5,1,10
2021-06-15 09:35:13,S,246.35,1,2
2021-06-15 09:35:13,S,246.15,2,7
2021-06-15 09:35:13,S,246.05,2,63
2021-06-15 09:35:13,S,246.0,6,199
2021-06-15 09:35:18,S,247.2,2,7
2021-06-15 09:35:18,S,247.5,3,26
2021-06-15 09:35:18,S,247.55,2,62
2021-06-15 09:35:18,S,247.7,1,2
2021-06-15 09:35:18,S,247.9,3,28
2021-06-15 09:35:18,S,246.55,1,25
2021-06-15 09:35:18,S,246.5,1,10
2021-06-15 09:35:18,S,246.45,1,49
2021-06-15 09:35:18,S,246.35,1,2
2021-06-15 09:35:18,S,246.15,2,7
2021-06-15 09:35:24,S,247.2,3,12
2021-06-15 09:35:24,S,247.5,3,26
2021-06-15 09:35:24,S,247.55,2,62
2021-06-15 09:35:24,S,247.7,1,2
2021-06-15 09:35:24,S,247.9,3,28
2021-06-15 09:35:24,S,246.55,1,25
2021-06-15 09:35:24,S,246.5,1,10
2021-06-15 09:35:24,S,246.45,1,49
2021-06-15 09:35:24,S,246.35,1,2
2021-06-15 09:35:24,S,246.15,2,7
2021-06-15 09:35:28,S,247.2,3,12
2021-06-15 09:35:28,S,247.5,3,26
2021-06-15 09:35:28,S,247.55,2,62
2021-06-15 09:35:28,S,247.7,1,2
2021-06-15 09:35:28,S,247.9,3,28
2021-06-15 09:35:28,S,246.55,1,25
2021-06-15 09:35:28,S,246.5,1,10
2021-06-15 09:35:28,S,246.45,1,49
2021-06-15 09:35:28,S,246.35,1,2
2021-06-15 09:35:28,S,246.15,2,7
2021-06-15 09:35:29,S,247.2,2,7
2021-06-15 09:35:29,S,247.5,3,26
2021-06-15 09:35:29,S,247.55,2,62
2021-06-15 09:35:29,S,247.7,1,2
2021-06-15 09:35:29,S,247.9,3,28
2021-06-15 09:35:29,S,246.6,1,12
2021-06-15 09:35:29,S,246.55,1,25
2021-06-15 09:35:29,S,246.5,1,10
2021-06-15 09:35:29,S,246.45,1,49
2021-06-15 09:35:29,S,246.4,1,2
2021-06-15 09:35:38,S,247.2,2,7
2021-06-15 09:35:38,S,247.5,3,26
2021-06-15 09:35:38,S,247.55,2,62
2021-06-15 09:35:38,S,247.7,1,2
2021-06-15 09:35:38,S,247.9,3,28
2021-06-15 09:35:38,S,246.6,1,12
2021-06-15 09:35:38,S,246.55,1,25
2021-06-15 09:35:38,S,246.5,1,10
2021-06-15 09:35:38,S,246.45,1,49
2021-06-15 09:35:38,S,246.4,1,2
2021-06-15 09:35:39,S,247.4,2,5
2021-06-15 09:35:39,S,247.45,1,5
2021-06-15 09:35:39,S,247.5,3,26
2021-06-15 09:35:39,S,247.55,2,62
2021-06-15 09:35:39,S,247.7,1,2
2021-06-15 09:35:39,S,246.55,1,25
2021-06-15 09:35:39,S,246.5,1,10
2021-06-15 09:35:39,S,246.45,2,51
2021-06-15 09:35:39,S,246.15,2,7
2021-06-15 09:35:39,S,246.05,3,65
2021-06-15 09:35:46,S,247.4,2,5
2021-06-15 09:35:46,S,247.45,1,5
2021-06-15 09:35:46,S,247.5,3,26
2021-06-15 09:35:46,S,247.55,2,62
2021-06-15 09:35:46,S,247.7,1,2
2021-06-15 09:35:46,S,246.55,1,25
2021-06-15 09:35:46,S,246.5,1,10
2021-06-15 09:35:46,S,246.45,2,51
2021-06-15 09:35:46,S,246.15,2,7
2021-06-15 09:35:46,S,246.05,3,65
2021-06-15 09:35:48,S,247.35,2,5
2021-06-15 09:35:48,S,247.4,2,9
2021-06-15 09:35:48,S,247.5,3,26
2021-06-15 09:35:48,S,247.55,2,62
2021-06-15 09:35:48,S,247.7,1,2
2021-06-15 09:35:48,S,246.6,1,1
2021-06-15 09:35:48,S,246.55,3,42
2021-06-15 09:35:48,S,246.5,1,10
2021-06-15 09:35:48,S,246.45,1,49
2021-06-15 09:35:48,S,246.35,1,2
2021-06-15 09:35:53,S,246.6,1,6
2021-06-15 09:35:53,S,247.0,1,3
2021-06-15 09:35:53,S,247.35,2,5
2021-06-15 09:35:53,S,247.5,3,26
2021-06-15 09:35:53,S,247.55,2,62
2021-06-15 09:35:53,S,246.55,2,40
2021-06-15 09:35:53,S,246.5,1,10
2021-06-15 09:35:53,S,246.45,1,49
2021-06-15 09:35:53,S,246.15,2,7
2021-06-15 09:35:53,S,246.05,2,63
2021-06-15 09:35:54,S,246.6,1,6
2021-06-15 09:35:54,S,247.0,1,3
2021-06-15 09:35:54,S,247.35,2,5
2021-06-15 09:35:54,S,247.5,3,26
2021-06-15 09:35:54,S,247.55,2,62
2021-06-15 09:35:54,S,246.55,2,40
2021-06-15 09:35:54,S,246.5,1,10
2021-06-15 09:35:54,S,246.45,1,49
2021-06-15 09:35:54,S,246.15,2,7
2021-06-15 09:35:54,S,246.05,2,63
2021-06-15 09:35:59,S,247.25,2,7
2021-06-15 09:35:59,S,247.5,3,26
2021-06-15 09:35:59,S,247.55,2,62
2021-06-15 09:35:59,S,247.7,1,2
2021-06-15 09:35:59,S,247.9,3,28
2021-06-15 09:35:59,S,246.6,1,12
2021-06-15 09:35:59,S,246.55,2,40
2021-06-15 09:35:59,S,246.5,1,10
2021-06-15 09:35:59,S,246.45,1,49
2021-06-15 09:35:59,S,246.15,2,7
2021-06-15 09:36:03,S,247.25,3,12
2021-06-15 09:36:03,S,247.5,3,26
2021-06-15 09:36:03,S,247.55,2,62
2021-06-15 09:36:03,S,247.7,1,2
2021-06-15 09:36:03,S,247.9,3,28
2021-06-15 09:36:03,S,246.55,2,40
2021-06-15 09:36:03,S,246.5,1,10
2021-06-15 09:36:03,S,246.45,2,51
2021-06-15 09:36:03,S,246.15,2,7
2021-06-15 09:36:03,S,246.05,3,65
2021-06-15 09:36:08,S,247.25,2,7
2021-06-15 09:36:08,S,247.5,3,26
2021-06-15 09:36:08,S,247.55,2,62
2021-06-15 09:36:08,S,247.7,1,2
2021-06-15 09:36:08,S,247.9,3,28
2021-06-15 09:36:08,S,246.65,1,25
2021-06-15 09:36:08,S,246.55,1,15
2021-06-15 09:36:08,S,246.5,1,10
2021-06-15 09:36:08,S,246.45,2,54
2021-06-15 09:36:08,S,246.15,2,7
2021-06-15 09:36:14,S,246.95,2,5
2021-06-15 09:36:14,S,247.0,1,62
2021-06-15 09:36:14,S,247.1,1,13
2021-06-15 09:36:14,S,247.25,1,5
2021-06-15 09:36:14,S,247.45,1,6
2021-06-15 09:36:14,S,246.65,1,25
2021-06-15 09:36:14,S,246.55,1,15
2021-06-15 09:36:14,S,246.5,1,10
2021-06-15 09:36:14,S,246.35,1,2
2021-06-15 09:36:14,S,246.15,2,7
2021-06-15 09:36:18,S,246.95,5,44
2021-06-15 09:36:18,S,247.0,2,67
2021-06-15 09:36:18,S,247.25,1,5
2021-06-15 09:36:18,S,247.45,1,6
2021-06-15 09:36:18,S,247.5,4,27
2021-06-15 09:36:18,S,246.65,1,25
2021-06-15 09:36:18,S,246.55,1,15
2021-06-15 09:36:18,S,246.5,1,10
2021-06-15 09:36:18,S,246.15,2,7
2021-06-15 09:36:18,S,246.05,3,65
2021-06-15 09:36:19,S,246.95,5,44
2021-06-15 09:36:19,S,247.0,2,67
2021-06-15 09:36:19,S,247.25,1,5
2021-06-15 09:36:19,S,247.45,1,6
2021-06-15 09:36:19,S,247.5,4,27
2021-06-15 09:36:19,S,246.65,1,25
2021-06-15 09:36:19,S,246.55,1,15
2021-06-15 09:36:19,S,246.5,1,10
2021-06-15 09:36:19,S,246.15,2,7
2021-06-15 09:36:19,S,246.05,3,65
2021-06-15 09:36:23,S,246.95,3,27
2021-06-15 09:36:23,S,247.0,2,67
2021-06-15 09:36:23,S,247.15,1,6
2021-06-15 09:36:23,S,247.25,1,2
2021-06-15 09:36:23,S,247.5,4,27
2021-06-15 09:36:23,S,246.65,1,25
2021-06-15 09:36:23,S,246.55,1,15
2021-06-15 09:36:23,S,246.5,1,10
2021-06-15 09:36:23,S,246.15,2,7
2021-06-15 09:36:23,S,246.05,3,65
2021-06-15 09:36:28,S,246.85,1,2
2021-06-15 09:36:28,S,246.9,2,13
2021-06-15 09:36:28,S,246.95,2,25
2021-06-15 09:36:28,S,247.0,3,80
2021-06-15 09:36:28,S,247.15,1,6
2021-06-15 09:36:28,S,246.65,1,25
2021-06-15 09:36:28,S,246.55,1,15
2021-06-15 09:36:28,S,246.5,1,10
2021-06-15 09:36:28,S,246.15,2,7
2021-06-15 09:36:28,S,246.05,3,65
2021-06-15 09:36:30,S,246.85,1,2
2021-06-15 09:36:30,S,246.9,2,13
2021-06-15 09:36:30,S,246.95,2,25
2021-06-15 09:36:30,S,247.0,3,80
2021-06-15 09:36:30,S,247.15,1,6
2021-06-15 09:36:30,S,246.65,1,25
2021-06-15 09:36:30,S,246.55,1,15
2021-06-15 09:36:30,S,246.5,1,10
2021-06-15 09:36:30,S,246.15,2,7
2021-06-15 09:36:30,S,246.05,3,65
2021-06-15 09:36:30,S,246.85,1,2
2021-06-15 09:36:30,S,246.9,2,13
2021-06-15 09:36:30,S,246.95,2,25
2021-06-15 09:36:30,S,247.0,3,80
2021-06-15 09:36:30,S,247.15,1,6
2021-06-15 09:36:30,S,246.65,1,25
2021-06-15 09:36:30,S,246.55,1,15
2021-06-15 09:36:30,S,246.5,1,10
2021-06-15 09:36:30,S,246.15,2,7
2021-06-15 09:36:30,S,246.05,3,65
2021-06-15 09:36:33,S,246.85,1,7
2021-06-15 09:36:33,S,247.5,2,5
2021-06-15 09:36:33,S,247.9,3,28
2021-06-15 09:36:33,S,247.95,2,53
2021-06-15 09:36:33,S,248.0,2,6
2021-06-15 09:36:33,S,246.7,1,2
2021-06-15 09:36:33,S,246.65,1,25
2021-06-15 09:36:33,S,246.55,1,15
2021-06-15 09:36:33,S,246.5,2,15
2021-06-15 09:36:33,S,246.15,2,7
2021-06-15 09:36:38,S,246.7,1,1
2021-06-15 09:36:38,S,247.15,1,1
2021-06-15 09:36:38,S,247.2,1,2
2021-06-15 09:36:38,S,247.5,2,5
2021-06-15 09:36:38,S,247.55,2,7
2021-06-15 09:36:38,S,246.65,2,28
2021-06-15 09:36:38,S,246.55,2,19
2021-06-15 09:36:38,S,246.5,2,15
2021-06-15 09:36:38,S,246.15,2,7
2021-06-15 09:36:38,S,246.1,2,40
2021-06-15 09:36:42,S,246.7,1,1
2021-06-15 09:36:42,S,247.15,1,1
2021-06-15 09:36:42,S,247.2,1,2
2021-06-15 09:36:42,S,247.5,2,5
2021-06-15 09:36:42,S,247.55,2,7
2021-06-15 09:36:42,S,246.65,2,28
2021-06-15 09:36:42,S,246.55,2,19
2021-06-15 09:36:42,S,246.5,2,15
2021-06-15 09:36:42,S,246.15,2,7
2021-06-15 09:36:42,S,246.1,2,40
2021-06-15 09:36:43,S,247.45,2,5
2021-06-15 09:36:43,S,247.5,2,5
2021-06-15 09:36:43,S,247.55,2,7
2021-06-15 09:36:43,S,247.65,1,2
2021-06-15 09:36:43,S,247.9,2,8
2021-06-15 09:36:43,S,246.65,1,21
2021-06-15 09:36:43,S,246.55,2,19
2021-06-15 09:36:43,S,246.5,3,17
2021-06-15 09:36:43,S,246.45,1,60
2021-06-15 09:36:43,S,246.15,2,7
2021-06-15 09:36:48,S,247.45,3,12
2021-06-15 09:36:48,S,247.5,2,5
2021-06-15 09:36:48,S,247.65,1,2
2021-06-15 09:36:48,S,247.9,2,8
2021-06-15 09:36:48,S,247.95,1,50
2021-06-15 09:36:48,S,246.65,2,24
2021-06-15 09:36:48,S,246.55,2,19
2021-06-15 09:36:48,S,246.5,3,17
2021-06-15 09:36:48,S,246.45,1,60
2021-06-15 09:36:48,S,246.15,2,7
2021-06-15 09:36:53,S,247.45,1,1
2021-06-15 09:36:53,S,247.5,1,1
2021-06-15 09:36:53,S,247.95,2,52
2021-06-15 09:36:53,S,248.0,1,1
2021-06-15 09:36:53,S,248.1,2,10
2021-06-15 09:36:53,S,246.7,1,942
2021-06-15 09:36:53,S,246.65,2,24
2021-06-15 09:36:53,S,246.55,2,19
2021-06-15 09:36:53,S,246.5,5,42
2021-06-15 09:36:53,S,246.45,1,60
2021-06-15 09:36:58,S,247.5,1,1
2021-06-15 09:36:58,S,247.9,2,5
2021-06-15 09:36:58,S,247.95,2,8
2021-06-15 09:36:58,S,248.0,1,1
2021-06-15 09:36:58,S,248.1,2,10
2021-06-15 09:36:58,S,246.8,1,4
2021-06-15 09:36:58,S,246.75,1,20
2021-06-15 09:36:58,S,246.7,4,1061
2021-06-15 09:36:58,S,246.65,2,24
2021-06-15 09:36:58,S,246.5,4,22
2021-06-15 09:37:03,S,247.45,1,1
2021-06-15 09:37:03,S,247.5,2,6
2021-06-15 09:37:03,S,247.95,2,8
2021-06-15 09:37:03,S,248.0,1,1
2021-06-15 09:37:03,S,248.1,2,10
2021-06-15 09:37:03,S,246.75,2,6
2021-06-15 09:37:03,S,246.7,4,1061
2021-06-15 09:37:03,S,246.65,2,24
2021-06-15 09:37:03,S,246.5,4,22
2021-06-15 09:37:03,S,246.45,1,60
2021-06-15 09:37:04,S,247.45,1,1
2021-06-15 09:37:04,S,247.5,2,6
2021-06-15 09:37:04,S,247.95,2,8
2021-06-15 09:37:04,S,248.0,1,1
2021-06-15 09:37:04,S,248.1,2,10
2021-06-15 09:37:04,S,246.75,2,6
2021-06-15 09:37:04,S,246.7,4,1061
2021-06-15 09:37:04,S,246.65,2,24
2021-06-15 09:37:04,S,246.5,4,22
2021-06-15 09:37:04,S,246.45,1,60
2021-06-15 09:37:07,S,247.1,1,5
2021-06-15 09:37:07,S,247.45,1,1
2021-06-15 09:37:07,S,247.5,2,7
2021-06-15 09:37:07,S,247.95,2,8
2021-06-15 09:37:07,S,248.0,1,1
2021-06-15 09:37:07,S,246.7,4,1061
2021-06-15 09:37:07,S,246.65,2,24
2021-06-15 09:37:07,S,246.5,4,22
2021-06-15 09:37:07,S,246.45,1,60
2021-06-15 09:37:07,S,246.35,1,2
2021-06-15 09:37:12,S,247.45,1,1
2021-06-15 09:37:12,S,247.5,1,1
2021-06-15 09:37:12,S,247.75,2,8
2021-06-15 09:37:12,S,247.95,2,8
2021-06-15 09:37:12,S,248.0,1,1
2021-06-15 09:37:12,S,246.7,4,1016
2021-06-15 09:37:12,S,246.65,2,24
2021-06-15 09:37:12,S,246.5,4,22
2021-06-15 09:37:12,S,246.45,1,60
2021-06-15 09:37:12,S,246.35,1,2
2021-06-15 09:37:18,S,247.45,2,7
2021-06-15 09:37:18,S,247.5,1,1
2021-06-15 09:37:18,S,247.75,2,8
2021-06-15 09:37:18,S,247.95,2,8
2021-06-15 09:37:18,S,248.0,1,1
2021-06-15 09:37:18,S,246.7,4,1014
2021-06-15 09:37:18,S,246.65,2,24
2021-06-15 09:37:18,S,246.5,4,22
2021-06-15 09:37:18,S,246.45,1,60
2021-06-15 09:37:18,S,246.15,2,7
2021-06-15 09:37:22,S,247.1,1,6
2021-06-15 09:37:22,S,247.45,1,1
2021-06-15 09:37:22,S,247.5,1,1
2021-06-15 09:37:22,S,247.75,2,8
2021-06-15 09:37:22,S,247.95,2,8
2021-06-15 09:37:22,S,246.7,3,1012
2021-06-15 09:37:22,S,246.65,2,24
2021-06-15 09:37:22,S,246.5,4,22
2021-06-15 09:37:22,S,246.45,1,60
2021-06-15 09:37:22,S,246.15,2,7
2021-06-15 09:37:28,S,247.45,1,1
2021-06-15 09:37:28,S,247.5,1,1
2021-06-15 09:37:28,S,247.75,2,8
2021-06-15 09:37:28,S,247.95,2,8
2021-06-15 09:37:28,S,248.0,1,1
2021-06-15 09:37:28,S,246.75,2,23
2021-06-15 09:37:28,S,246.7,3,957
2021-06-15 09:37:28,S,246.65,2,24
2021-06-15 09:37:28,S,246.5,4,22
2021-06-15 09:37:28,S,246.45,1,60
2021-06-15 09:37:33,S,247.45,2,8
2021-06-15 09:37:33,S,247.5,1,1
2021-06-15 09:37:33,S,247.75,2,8
2021-06-15 09:37:33,S,247.95,3,56
2021-06-15 09:37:33,S,248.0,1,1
2021-06-15 09:37:33,S,246.7,3,957
2021-06-15 09:37:33,S,246.65,2,53
2021-06-15 09:37:33,S,246.55,2,25
2021-06-15 09:37:33,S,246.5,4,22
2021-06-15 09:37:33,S,246.45,1,60
2021-06-15 09:37:38,S,247.1,1,7
2021-06-15 09:37:38,S,247.45,1,1
2021-06-15 09:37:38,S,247.5,1,1
2021-06-15 09:37:38,S,247.75,2,8
2021-06-15 09:37:38,S,247.95,3,56
2021-06-15 09:37:38,S,246.7,3,957
2021-06-15 09:37:38,S,246.65,2,53
2021-06-15 09:37:38,S,246.5,4,22
2021-06-15 09:37:38,S,246.45,1,60
2021-06-15 09:37:38,S,246.15,2,7
2021-06-15 09:37:43,S,247.45,1,1
2021-06-15 09:37:43,S,247.5,2,5
2021-06-15 09:37:43,S,247.75,2,8
2021-06-15 09:37:43,S,247.95,3,56
2021-06-15 09:37:43,S,248.0,1,1
2021-06-15 09:37:43,S,246.75,2,53
2021-06-15 09:37:43,S,246.7,4,894
2021-06-15 09:37:43,S,246.65,1,3
2021-06-15 09:37:43,S,246.55,3,45
2021-06-15 09:37:43,S,246.5,4,22
2021-06-15 09:37:48,S,247.45,3,8
2021-06-15 09:37:48,S,247.5,2,5
2021-06-15 09:37:48,S,247.75,2,8
2021-06-15 09:37:48,S,247.95,3,56
2021-06-15 09:37:48,S,248.0,1,1
2021-06-15 09:37:48,S,246.75,2,53
2021-06-15 09:37:48,S,246.7,5,898
2021-06-15 09:37:48,S,246.65,1,3
2021-06-15 09:37:48,S,246.55,3,45
2021-06-15 09:37:48,S,246.5,4,22
2021-06-15 09:37:53,S,247.1,1,6
2021-06-15 09:37:53,S,247.45,2,2
2021-06-15 09:37:53,S,247.5,2,5
2021-06-15 09:37:53,S,247.75,2,8
2021-06-15 09:37:53,S,247.95,3,56
2021-06-15 09:37:53,S,246.75,2,53
2021-06-15 09:37:53,S,246.7,4,896
2021-06-15 09:37:53,S,246.55,1,5
2021-06-15 09:37:53,S,246.5,4,22
2021-06-15 09:37:53,S,246.45,1,60
2021-06-15 09:37:58,S,247.45,2,2
2021-06-15 09:37:58,S,247.5,2,5
2021-06-15 09:37:58,S,247.75,2,8
2021-06-15 09:37:58,S,247.95,3,56
2021-06-15 09:37:58,S,248.0,1,1
2021-06-15 09:37:58,S,246.75,1,45
2021-06-15 09:37:58,S,246.7,4,894
2021-06-15 09:37:58,S,246.55,2,40
2021-06-15 09:37:58,S,246.5,4,22
2021-06-15 09:37:58,S,246.45,1,60
2021-06-15 09:38:03,S,247.45,3,8
2021-06-15 09:38:03,S,247.5,2,5
2021-06-15 09:38:03,S,247.75,2,8
2021-06-15 09:38:03,S,247.95,3,56
2021-06-15 09:38:03,S,248.0,1,1
2021-06-15 09:38:03,S,246.75,1,45
2021-06-15 09:38:03,S,246.7,5,944
2021-06-15 09:38:03,S,246.55,2,25
2021-06-15 09:38:03,S,246.5,4,22
2021-06-15 09:38:03,S,246.45,1,60
2021-06-15 09:38:04,S,247.45,3,8
2021-06-15 09:38:04,S,247.5,2,5
2021-06-15 09:38:04,S,247.75,2,8
2021-06-15 09:38:04,S,247.95,3,56
2021-06-15 09:38:04,S,248.0,1,1
2021-06-15 09:38:04,S,246.75,1,45
2021-06-15 09:38:04,S,246.7,5,944
2021-06-15 09:38:04,S,246.55,2,25
2021-06-15 09:38:04,S,246.5,4,22
2021-06-15 09:38:04,S,246.45,1,60
2021-06-15 09:38:08,S,247.45,2,2
2021-06-15 09:38:08,S,247.5,2,5
2021-06-15 09:38:08,S,247.75,2,8
2021-06-15 09:38:08,S,247.95,3,56
2021-06-15 09:38:08,S,248.0,1,1
2021-06-15 09:38:08,S,246.75,1,50
2021-06-15 09:38:08,S,246.7,6,948
2021-06-15 09:38:08,S,246.55,2,40
2021-06-15 09:38:08,S,246.5,4,22
2021-06-15 09:38:08,S,246.45,1,60
2021-06-15 09:38:13,S,247.5,2,5
2021-06-15 09:38:13,S,247.7,1,1
2021-06-15 09:38:13,S,247.75,1,6
2021-06-15 09:38:13,S,247.95,2,54
2021-06-15 09:38:13,S,248.0,1,1
2021-06-15 09:38:13,S,247.0,1,500
2021-06-15 09:38:13,S,246.75,2,54
2021-06-15 09:38:13,S,246.7,6,948
2021-06-15 09:38:13,S,246.55,1,5
2021-06-15 09:38:13,S,246.5,4,22
2021-06-15 09:38:18,S,247.5,2,6
2021-06-15 09:38:18,S,247.85,2,4
2021-06-15 09:38:18,S,247.9,2,5
2021-06-15 09:38:18,S,247.95,2,54
2021-06-15 09:38:18,S,248.0,1,1
2021-06-15 09:38:18,S,247.0,1,500
2021-06-15 09:38:18,S,246.75,2,54
2021-06-15 09:38:18,S,246.7,6,948
2021-06-15 09:38:18,S,246.5,4,22
2021-06-15 09:38:18,S,246.45,1,60
2021-06-15 09:38:23,S,247.5,1,1
2021-06-15 09:38:23,S,247.85,2,4
2021-06-15 09:38:23,S,247.95,2,54
2021-06-15 09:38:23,S,248.0,1,1
2021-06-15 09:38:23,S,248.1,2,10
2021-06-15 09:38:23,S,247.0,1,464
2021-06-15 09:38:23,S,246.85,2,57
2021-06-15 09:38:23,S,246.75,2,54
2021-06-15 09:38:23,S,246.7,6,948
2021-06-15 09:38:23,S,246.55,1,20
2021-06-15 09:38:28,S,247.5,1,1
2021-06-15 09:38:28,S,247.85,2,4
2021-06-15 09:38:28,S,247.95,2,54
2021-06-15 09:38:28,S,248.0,1,1
2021-06-15 09:38:28,S,248.1,2,10
2021-06-15 09:38:28,S,247.1,1,13
2021-06-15 09:38:28,S,247.0,2,468
2021-06-15 09:38:28,S,246.9,2,7
2021-06-15 09:38:28,S,246.85,2,57
2021-06-15 09:38:28,S,246.75,2,54
2021-06-15 09:38:33,S,247.5,2,6
2021-06-15 09:38:33,S,247.85,2,4
2021-06-15 09:38:33,S,247.95,2,54
2021-06-15 09:38:33,S,248.0,1,1
2021-06-15 09:38:33,S,248.1,2,10
2021-06-15 09:38:33,S,247.0,1,464
2021-06-15 09:38:33,S,246.9,1,5
2021-06-15 09:38:33,S,246.85,2,57
2021-06-15 09:38:33,S,246.75,2,54
2021-06-15 09:38:33,S,246.7,6,948
2021-06-15 09:38:38,S,247.85,2,4
2021-06-15 09:38:38,S,247.95,2,54
2021-06-15 09:38:38,S,248.0,1,1
2021-06-15 09:38:38,S,248.1,2,10
2021-06-15 09:38:38,S,248.15,1,2
2021-06-15 09:38:38,S,247.0,1,417
2021-06-15 09:38:38,S,246.85,2,57
2021-06-15 09:38:38,S,246.75,2,54
2021-06-15 09:38:38,S,246.7,6,948
2021-06-15 09:38:38,S,246.5,5,222
2021-06-15 09:38:48,S,247.85,3,10
2021-06-15 09:38:48,S,247.95,2,54
2021-06-15 09:38:48,S,248.0,2,2
2021-06-15 09:38:48,S,248.1,2,10
2021-06-15 09:38:48,S,248.15,1,2
2021-06-15 09:38:48,S,247.0,1,417
2021-06-15 09:38:48,S,246.95,2,6
2021-06-15 09:38:48,S,246.85,2,57
2021-06-15 09:38:48,S,246.75,2,54
2021-06-15 09:38:48,S,246.7,6,948
2021-06-15 09:38:52,S,247.85,3,10
2021-06-15 09:38:52,S,247.95,2,54
2021-06-15 09:38:52,S,248.0,2,2
2021-06-15 09:38:52,S,248.1,2,10
2021-06-15 09:38:52,S,248.15,1,2
2021-06-15 09:38:52,S,247.0,1,417
2021-06-15 09:38:52,S,246.95,2,6
2021-06-15 09:38:52,S,246.85,2,57
2021-06-15 09:38:52,S,246.75,2,54
2021-06-15 09:38:52,S,246.7,6,948
2021-06-15 09:38:53,S,247.85,2,4
2021-06-15 09:38:53,S,247.9,2,8
2021-06-15 09:38:53,S,247.95,2,54
2021-06-15 09:38:53,S,248.0,2,2
2021-06-15 09:38:53,S,248.1,2,10
2021-06-15 09:38:53,S,247.0,1,367
2021-06-15 09:38:53,S,246.9,2,6
2021-06-15 09:38:53,S,246.85,2,57
2021-06-15 09:38:53,S,246.75,2,54
2021-06-15 09:38:53,S,246.7,6,948
2021-06-15 09:38:58,S,247.85,2,4
2021-06-15 09:38:58,S,247.95,2,54
2021-06-15 09:38:58,S,248.0,2,2
2021-06-15 09:38:58,S,248.1,2,10
2021-06-15 09:38:58,S,248.15,1,2
2021-06-15 09:38:58,S,247.1,1,13
2021-06-15 09:38:58,S,247.0,2,500
2021-06-15 09:38:58,S,246.9,1,2
2021-06-15 09:38:58,S,246.85,1,53
2021-06-15 09:38:58,S,246.75,1,50
2021-06-15 09:39:03,S,247.8,1,2
2021-06-15 09:39:03,S,247.85,2,9
2021-06-15 09:39:03,S,247.95,2,54
2021-06-15 09:39:03,S,248.0,2,2
2021-06-15 09:39:03,S,248.15,1,2
2021-06-15 09:39:03,S,247.3,1,2
2021-06-15 09:39:03,S,247.25,1,56
2021-06-15 09:39:03,S,247.1,1,2
2021-06-15 09:39:03,S,247.0,2,500
2021-06-15 09:39:03,S,246.9,1,2
2021-06-15 09:39:04,S,247.8,1,2
2021-06-15 09:39:04,S,247.85,2,9
2021-06-15 09:39:04,S,247.95,2,54
2021-06-15 09:39:04,S,248.0,2,2
2021-06-15 09:39:04,S,248.15,1,2
2021-06-15 09:39:04,S,247.3,1,2
2021-06-15 09:39:04,S,247.25,1,56
2021-06-15 09:39:04,S,247.1,1,2
2021-06-15 09:39:04,S,247.0,2,500
2021-06-15 09:39:04,S,246.9,1,2
2021-06-15 09:39:07,S,247.55,1,6
2021-06-15 09:39:07,S,247.8,2,7
2021-06-15 09:39:07,S,247.95,2,54
2021-06-15 09:39:07,S,248.0,2,2
2021-06-15 09:39:07,S,248.3,1,5
2021-06-15 09:39:07,S,247.15,1,2
2021-06-15 09:39:07,S,247.1,1,12
2021-06-15 09:39:07,S,247.0,3,505
2021-06-15 09:39:07,S,246.9,2,7
2021-06-15 09:39:07,S,246.85,1,53
2021-06-15 09:39:08,S,247.55,1,6
2021-06-15 09:39:08,S,247.8,2,7
2021-06-15 09:39:08,S,247.95,2,54
2021-06-15 09:39:08,S,248.0,2,2
2021-06-15 09:39:08,S,248.3,1,5
2021-06-15 09:39:08,S,247.15,1,2
2021-06-15 09:39:08,S,247.1,1,12
2021-06-15 09:39:08,S,247.0,3,505
2021-06-15 09:39:08,S,246.9,2,7
2021-06-15 09:39:08,S,246.85,1,53
2021-06-15 09:39:09,S,247.55,1,6
2021-06-15 09:39:09,S,247.8,2,7
2021-06-15 09:39:09,S,247.95,2,54
2021-06-15 09:39:09,S,248.0,2,2
2021-06-15 09:39:09,S,248.3,1,5
2021-06-15 09:39:09,S,247.15,1,2
2021-06-15 09:39:09,S,247.1,1,12
2021-06-15 09:39:09,S,247.0,3,505
2021-06-15 09:39:09,S,246.9,2,7
2021-06-15 09:39:09,S,246.85,1,53
2021-06-15 09:39:13,S,247.55,1,6
2021-06-15 09:39:13,S,247.8,2,7
2021-06-15 09:39:13,S,247.95,2,54
2021-06-15 09:39:13,S,248.0,2,2
2021-06-15 09:39:13,S,248.3,1,5
2021-06-15 09:39:13,S,247.15,1,2
2021-06-15 09:39:13,S,247.1,1,12
2021-06-15 09:39:13,S,247.0,3,505
2021-06-15 09:39:13,S,246.9,2,7
2021-06-15 09:39:13,S,246.85,1,53
2021-06-15 09:39:17,S,247.15,1,6
2021-06-15 09:39:17,S,247.65,2,8
2021-06-15 09:39:17,S,247.7,2,8
2021-06-15 09:39:17,S,247.9,2,8
2021-06-15 09:39:17,S,247.95,1,57
2021-06-15 09:39:17,S,247.0,2,485
2021-06-15 09:39:17,S,246.85,2,57
2021-06-15 09:39:17,S,246.75,2,55
2021-06-15 09:39:17,S,246.7,5,171
2021-06-15 09:39:17,S,246.6,1,25
2021-06-15 09:39:23,S,247.15,1,6
2021-06-15 09:39:23,S,247.65,2,8
2021-06-15 09:39:23,S,247.7,2,8
2021-06-15 09:39:23,S,247.9,2,8
2021-06-15 09:39:23,S,247.95,1,57
2021-06-15 09:39:23,S,247.0,2,485
2021-06-15 09:39:23,S,246.85,2,57
2021-06-15 09:39:23,S,246.75,2,55
2021-06-15 09:39:23,S,246.7,5,171
2021-06-15 09:39:23,S,246.6,1,25
2021-06-15 09:39:25,S,247.15,1,6
2021-06-15 09:39:25,S,247.65,2,8
2021-06-15 09:39:25,S,247.7,2,8
2021-06-15 09:39:25,S,247.9,2,8
2021-06-15 09:39:25,S,247.95,1,57
2021-06-15 09:39:25,S,247.0,2,485
2021-06-15 09:39:25,S,246.85,2,57
2021-06-15 09:39:25,S,246.75,2,55
2021-06-15 09:39:25,S,246.7,5,171
2021-06-15 09:39:25,S,246.6,1,25
2021-06-15 09:39:27,S,247.65,2,8
2021-06-15 09:39:27,S,247.9,2,8
2021-06-15 09:39:27,S,247.95,1,57
2021-06-15 09:39:27,S,248.0,2,2
2021-06-15 09:39:27,S,248.1,1,3
2021-06-15 09:39:27,S,247.0,2,205
2021-06-15 09:39:27,S,246.9,1,2
2021-06-15 09:39:27,S,246.85,1,53
2021-06-15 09:39:27,S,246.75,2,55
2021-06-15 09:39:27,S,246.7,5,171
2021-06-15 09:39:31,S,247.65,3,15
2021-06-15 09:39:31,S,247.9,2,8
2021-06-15 09:39:31,S,247.95,2,58
2021-06-15 09:39:31,S,248.0,2,2
2021-06-15 09:39:31,S,248.1,1,3
2021-06-15 09:39:31,S,247.0,3,405
2021-06-15 09:39:31,S,246.9,1,2
2021-06-15 09:39:31,S,246.85,1,53
2021-06-15 09:39:31,S,246.75,2,55
2021-06-15 09:39:31,S,246.7,5,171
2021-06-15 09:39:31,S,247.65,3,15
2021-06-15 09:39:31,S,247.9,2,8
2021-06-15 09:39:31,S,247.95,2,58
2021-06-15 09:39:31,S,248.0,2,2
2021-06-15 09:39:31,S,248.1,1,3
2021-06-15 09:39:31,S,247.0,3,405
2021-06-15 09:39:31,S,246.9,1,2
2021-06-15 09:39:31,S,246.85,1,53
2021-06-15 09:39:31,S,246.75,2,55
2021-06-15 09:39:31,S,246.7,5,171
2021-06-15 09:39:36,S,247.35,2,11
2021-06-15 09:39:36,S,247.5,2,4
2021-06-15 09:39:36,S,247.55,2,56
2021-06-15 09:39:36,S,247.9,2,8
2021-06-15 09:39:36,S,247.95,2,58
2021-06-15 09:39:36,S,246.75,1,50
2021-06-15 09:39:36,S,246.7,3,165
2021-06-15 09:39:36,S,246.6,1,25
2021-06-15 09:39:36,S,246.5,2,15
2021-06-15 09:39:36,S,246.45,1,2
2021-06-15 09:39:38,S,247.35,2,11
2021-06-15 09:39:38,S,247.5,2,4
2021-06-15 09:39:38,S,247.55,2,56
2021-06-15 09:39:38,S,247.9,2,8
2021-06-15 09:39:38,S,247.95,2,58
2021-06-15 09:39:38,S,246.75,1,50
2021-06-15 09:39:38,S,246.7,3,165
2021-06-15 09:39:38,S,246.6,1,25
2021-06-15 09:39:38,S,246.5,2,15
2021-06-15 09:39:38,S,246.45,1,2
2021-06-15 09:39:40,S,247.5,2,4
2021-06-15 09:39:40,S,247.55,2,56
2021-06-15 09:39:40,S,247.9,3,28
2021-06-15 09:39:40,S,247.95,2,58
2021-06-15 09:39:40,S,248.0,1,1
2021-06-15 09:39:40,S,246.75,1,5
2021-06-15 09:39:40,S,246.7,3,165
2021-06-15 09:39:40,S,246.6,1,25
2021-06-15 09:39:40,S,246.5,2,15
2021-06-15 09:39:40,S,246.45,1,55
2021-06-15 09:39:50,S,247.1,2,4
2021-06-15 09:39:50,S,247.15,3,21
2021-06-15 09:39:50,S,247.25,1,2
2021-06-15 09:39:50,S,247.3,1,2
2021-06-15 09:39:50,S,247.35,1,2
2021-06-15 09:39:50,S,246.75,1,5
2021-06-15 09:39:50,S,246.7,3,165
2021-06-15 09:39:50,S,246.6,1,25
2021-06-15 09:39:50,S,246.5,2,15
2021-06-15 09:39:50,S,246.45,1,55
2021-06-15 09:39:52,S,247.1,2,4
2021-06-15 09:39:52,S,247.15,3,21
2021-06-15 09:39:52,S,247.25,1,2
2021-06-15 09:39:52,S,247.3,1,2
2021-06-15 09:39:52,S,247.35,1,2
2021-06-15 09:39:52,S,246.75,1,5
2021-06-15 09:39:52,S,246.7,3,165
2021-06-15 09:39:52,S,246.6,1,25
2021-06-15 09:39:52,S,246.5,2,15
2021-06-15 09:39:52,S,246.45,1,55
2021-06-15 09:39:53,S,247.1,2,4
2021-06-15 09:39:53,S,247.15,3,21
2021-06-15 09:39:53,S,247.25,1,2
2021-06-15 09:39:53,S,247.3,1,2
2021-06-15 09:39:53,S,247.35,1,2
2021-06-15 09:39:53,S,246.75,1,5
2021-06-15 09:39:53,S,246.7,3,165
2021-06-15 09:39:53,S,246.6,1,25
2021-06-15 09:39:53,S,246.5,2,15
2021-06-15 09:39:53,S,246.45,1,55
2021-06-15 09:39:55,S,247.5,2,7
2021-06-15 09:39:55,S,247.55,2,56
2021-06-15 09:39:55,S,247.65,2,8
2021-06-15 09:39:55,S,247.9,3,12
2021-06-15 09:39:55,S,247.95,2,58
2021-06-15 09:39:55,S,247.0,1,446
2021-06-15 09:39:55,S,246.75,2,9
2021-06-15 09:39:55,S,246.7,4,170
2021-06-15 09:39:55,S,246.6,2,27
2021-06-15 09:39:55,S,246.5,2,15
2021-06-15 09:40:05,S,247.25,1,5
2021-06-15 09:40:05,S,247.5,2,7
2021-06-15 09:40:05,S,247.55,2,56
2021-06-15 09:40:05,S,247.7,1,2
2021-06-15 09:40:05,S,247.9,3,12
2021-06-15 09:40:05,S,247.0,1,446
2021-06-15 09:40:05,S,246.75,1,5
2021-06-15 09:40:05,S,246.7,4,170
2021-06-15 09:40:05,S,246.6,2,27
2021-06-15 09:40:05,S,246.5,2,15
2021-06-15 09:40:08,S,247.25,1,5
2021-06-15 09:40:08,S,247.5,2,7
2021-06-15 09:40:08,S,247.55,2,56
2021-06-15 09:40:08,S,247.7,1,2
2021-06-15 09:40:08,S,247.9,3,12
2021-06-15 09:40:08,S,247.0,1,446
2021-06-15 09:40:08,S,246.75,1,5
2021-06-15 09:40:08,S,246.7,4,170
2021-06-15 09:40:08,S,246.6,2,27
2021-06-15 09:40:08,S,246.5,2,15
2021-06-15 09:40:10,S,247.5,2,7
2021-06-15 09:40:10,S,247.55,2,56
2021-06-15 09:40:10,S,247.7,2,8
2021-06-15 09:40:10,S,247.9,3,12
2021-06-15 09:40:10,S,247.95,2,58
2021-06-15 09:40:10,S,247.0,1,401
2021-06-15 09:40:10,S,246.75,1,5
2021-06-15 09:40:10,S,246.7,3,165
2021-06-15 09:40:10,S,246.6,2,27
2021-06-15 09:40:10,S,246.55,1,2
2021-06-15 09:40:15,S,247.5,3,13
2021-06-15 09:40:15,S,247.55,2,56
2021-06-15 09:40:15,S,247.7,2,8
2021-06-15 09:40:15,S,247.9,3,12
2021-06-15 09:40:15,S,247.95,2,58
2021-06-15 09:40:15,S,247.0,1,401
2021-06-15 09:40:15,S,246.85,1,2
2021-06-15 09:40:15,S,246.75,1,5
2021-06-15 09:40:15,S,246.7,4,170
2021-06-15 09:40:15,S,246.6,2,27
2021-06-15 09:40:20,S,247.25,2,8
2021-06-15 09:40:20,S,247.5,2,7
2021-06-15 09:40:20,S,247.55,2,56
2021-06-15 09:40:20,S,247.7,2,8
2021-06-15 09:40:20,S,247.9,3,12
2021-06-15 09:40:20,S,247.0,1,401
2021-06-15 09:40:20,S,246.75,1,5
2021-06-15 09:40:20,S,246.7,4,170
2021-06-15 09:40:20,S,246.6,2,27
2021-06-15 09:40:20,S,246.55,1,2
2021-06-15 09:40:23,S,247.25,2,8
2021-06-15 09:40:23,S,247.5,2,7
2021-06-15 09:40:23,S,247.55,2,56
2021-06-15 09:40:23,S,247.7,2,8
2021-06-15 09:40:23,S,247.9,3,12
2021-06-15 09:40:23,S,247.0,1,401
2021-06-15 09:40:23,S,246.75,1,5
2021-06-15 09:40:23,S,246.7,4,170
2021-06-15 09:40:23,S,246.6,2,27
2021-06-15 09:40:23,S,246.55,1,2
2021-06-15 09:40:25,S,247.5,2,7
2021-06-15 09:40:25,S,247.55,2,56
2021-06-15 09:40:25,S,247.7,2,8
2021-06-15 09:40:25,S,247.9,3,12
2021-06-15 09:40:25,S,247.95,2,58
2021-06-15 09:40:25,S,247.0,1,342
2021-06-15 09:40:25,S,246.75,1,5
2021-06-15 09:40:25,S,246.7,3,165
2021-06-15 09:40:25,S,246.6,2,27
2021-06-15 09:40:25,S,246.55,1,2
2021-06-15 09:40:30,S,247.5,2,7
2021-06-15 09:40:30,S,247.55,2,56
2021-06-15 09:40:30,S,247.7,2,8
2021-06-15 09:40:30,S,247.9,3,12
2021-06-15 09:40:30,S,247.95,2,58
2021-06-15 09:40:30,S,247.0,1,342
2021-06-15 09:40:30,S,246.85,1,2
2021-06-15 09:40:30,S,246.75,1,5
2021-06-15 09:40:30,S,246.7,3,165
2021-06-15 09:40:30,S,246.6,2,27
2021-06-15 09:40:35,S,247.25,2,8
2021-06-15 09:40:35,S,247.5,2,7
2021-06-15 09:40:35,S,247.55,2,56
2021-06-15 09:40:35,S,247.7,2,8
2021-06-15 09:40:35,S,247.9,3,12
2021-06-15 09:40:35,S,247.0,1,342
2021-06-15 09:40:35,S,246.75,1,5
2021-06-15 09:40:35,S,246.7,4,171
2021-06-15 09:40:35,S,246.6,2,27
2021-06-15 09:40:35,S,246.5,1,10
2021-06-15 09:40:38,S,247.25,2,8
2021-06-15 09:40:38,S,247.5,2,7
2021-06-15 09:40:38,S,247.55,2,56
2021-06-15 09:40:38,S,247.7,2,8
2021-06-15 09:40:38,S,247.9,3,12
2021-06-15 09:40:38,S,247.0,1,342
2021-06-15 09:40:38,S,246.75,1,5
2021-06-15 09:40:38,S,246.7,4,171
2021-06-15 09:40:38,S,246.6,2,27
2021-06-15 09:40:38,S,246.5,1,10
2021-06-15 09:40:39,S,247.6,2,3
2021-06-15 09:40:39,S,247.65,1,4
2021-06-15 09:40:39,S,247.9,2,10
2021-06-15 09:40:39,S,247.95,2,58
2021-06-15 09:40:39,S,248.0,1,1
2021-06-15 09:40:39,S,247.05,1,1
2021-06-15 09:40:39,S,247.0,1,289
2021-06-15 09:40:39,S,246.85,2,53
2021-06-15 09:40:39,S,246.75,2,11
2021-06-15 09:40:39,S,246.7,3,165
2021-06-15 09:40:42,S,247.6,2,3
2021-06-15 09:40:42,S,247.65,1,4
2021-06-15 09:40:42,S,247.9,2,10
2021-06-15 09:40:42,S,247.95,2,58
2021-06-15 09:40:42,S,248.0,1,1
2021-06-15 09:40:42,S,247.05,1,1
2021-06-15 09:40:42,S,247.0,1,289
2021-06-15 09:40:42,S,246.85,2,53
2021-06-15 09:40:42,S,246.75,2,11
2021-06-15 09:40:42,S,246.7,3,165
2021-06-15 09:40:45,S,247.5,2,3
2021-06-15 09:40:45,S,247.55,2,55
2021-06-15 09:40:45,S,247.8,2,7
2021-06-15 09:40:45,S,247.9,2,10
2021-06-15 09:40:45,S,247.95,2,58
2021-06-15 09:40:45,S,247.0,1,270
2021-06-15 09:40:45,S,246.75,2,11
2021-06-15 09:40:45,S,246.7,4,171
2021-06-15 09:40:45,S,246.6,2,27
2021-06-15 09:40:45,S,246.5,1,10
2021-06-15 09:40:49,S,247.25,1,6
2021-06-15 09:40:49,S,247.5,2,3
2021-06-15 09:40:49,S,247.55,2,55
2021-06-15 09:40:49,S,247.8,2,7
2021-06-15 09:40:49,S,247.9,2,10
2021-06-15 09:40:49,S,247.0,1,270
2021-06-15 09:40:49,S,246.75,2,11
2021-06-15 09:40:49,S,246.7,4,171
2021-06-15 09:40:49,S,246.6,2,27
2021-06-15 09:40:49,S,246.5,1,10
2021-06-15 09:40:53,S,247.25,1,6
2021-06-15 09:40:53,S,247.5,2,3
2021-06-15 09:40:53,S,247.55,2,55
2021-06-15 09:40:53,S,247.8,2,7
2021-06-15 09:40:53,S,247.9,2,10
2021-06-15 09:40:53,S,247.0,1,270
2021-06-15 09:40:53,S,246.75,2,11
2021-06-15 09:40:53,S,246.7,4,171
2021-06-15 09:40:53,S,246.6,2,27
2021-06-15 09:40:53,S,246.5,1,10
2021-06-15 09:40:54,S,247.5,2,3
2021-06-15 09:40:54,S,247.55,2,55
2021-06-15 09:40:54,S,247.8,2,7
2021-06-15 09:40:54,S,247.9,2,10
2021-06-15 09:40:54,S,247.95,2,58
2021-06-15 09:40:54,S,247.0,1,214
2021-06-15 09:40:54,S,246.85,1,2
2021-06-15 09:40:54,S,246.75,2,11
2021-06-15 09:40:54,S,246.7,4,171
2021-06-15 09:40:54,S,246.6,2,27
2021-06-15 09:41:03,S,247.25,1,6
2021-06-15 09:41:03,S,247.5,2,3
2021-06-15 09:41:03,S,247.55,2,55
2021-06-15 09:41:03,S,247.8,2,7
2021-06-15 09:41:03,S,247.9,2,10
2021-06-15 09:41:03,S,247.0,1,214
2021-06-15 09:41:03,S,246.85,1,4
2021-06-15 09:41:03,S,246.75,1,5
2021-06-15 09:41:03,S,246.7,4,171
2021-06-15 09:41:03,S,246.6,2,27
2021-06-15 09:41:08,S,247.5,2,3
2021-06-15 09:41:08,S,247.55,2,55
2021-06-15 09:41:08,S,247.8,2,7
2021-06-15 09:41:08,S,247.9,2,10
2021-06-15 09:41:08,S,247.95,2,58
2021-06-15 09:41:08,S,247.0,1,160
2021-06-15 09:41:08,S,246.85,1,4
2021-06-15 09:41:08,S,246.75,1,100
2021-06-15 09:41:08,S,246.7,4,171
2021-06-15 09:41:08,S,246.6,2,27
2021-06-15 09:41:18,S,247.5,4,23
2021-06-15 09:41:18,S,247.55,2,55
2021-06-15 09:41:18,S,247.6,2,8
2021-06-15 09:41:18,S,247.8,2,7
2021-06-15 09:41:18,S,247.9,3,30
2021-06-15 09:41:18,S,247.0,1,160
2021-06-15 09:41:18,S,246.8,2,6
2021-06-15 09:41:18,S,246.75,1,100
2021-06-15 09:41:18,S,246.7,4,171
2021-06-15 09:41:18,S,246.6,2,27
2021-06-15 09:41:22,S,247.25,1,7
2021-06-15 09:41:22,S,247.5,2,3
2021-06-15 09:41:22,S,247.55,2,55
2021-06-15 09:41:22,S,247.6,2,8
2021-06-15 09:41:22,S,247.8,2,7
2021-06-15 09:41:22,S,247.0,1,160
2021-06-15 09:41:22,S,246.75,2,106
2021-06-15 09:41:22,S,246.7,4,171
2021-06-15 09:41:22,S,246.6,2,27
2021-06-15 09:41:22,S,246.5,1,10
2021-06-15 09:41:31,S,247.5,3,10
2021-06-15 09:41:31,S,247.55,2,55
2021-06-15 09:41:31,S,247.6,2,8
2021-06-15 09:41:31,S,247.8,2,7
2021-06-15 09:41:31,S,247.9,2,10
2021-06-15 09:41:31,S,247.0,1,99
2021-06-15 09:41:31,S,246.8,2,6
2021-06-15 09:41:31,S,246.75,2,106
2021-06-15 09:41:31,S,246.7,4,171
2021-06-15 09:41:31,S,246.6,2,27
2021-06-15 09:41:36,S,247.25,1,7
2021-06-15 09:41:36,S,247.5,2,3
2021-06-15 09:41:36,S,247.55,2,55
2021-06-15 09:41:36,S,247.6,2,8
2021-06-15 09:41:36,S,247.8,2,7
2021-06-15 09:41:36,S,247.0,1,99
2021-06-15 09:41:36,S,246.75,2,106
2021-06-15 09:41:36,S,246.7,4,171
2021-06-15 09:41:36,S,246.6,2,27
2021-06-15 09:41:36,S,246.5,1,10
2021-06-15 09:41:38,S,247.25,1,7
2021-06-15 09:41:38,S,247.5,2,3
2021-06-15 09:41:38,S,247.55,2,55
2021-06-15 09:41:38,S,247.6,2,8
2021-06-15 09:41:38,S,247.8,2,7
2021-06-15 09:41:38,S,247.0,1,99
2021-06-15 09:41:38,S,246.75,2,106
2021-06-15 09:41:38,S,246.7,4,171
2021-06-15 09:41:38,S,246.6,2,27
2021-06-15 09:41:38,S,246.5,1,10
2021-06-15 09:41:41,S,247.5,2,3
2021-06-15 09:41:41,S,247.55,2,55
2021-06-15 09:41:41,S,247.6,2,8
2021-06-15 09:41:41,S,247.8,2,7
2021-06-15 09:41:41,S,247.9,3,30
2021-06-15 09:41:41,S,247.0,1,37
2021-06-15 09:41:41,S,246.8,2,6
2021-06-15 09:41:41,S,246.75,2,106
2021-06-15 09:41:41,S,246.7,4,171
2021-06-15 09:41:41,S,246.6,2,27
2021-06-15 09:41:45,S,247.5,3,10
2021-06-15 09:41:45,S,247.55,2,55
2021-06-15 09:41:45,S,247.6,2,8
2021-06-15 09:41:45,S,247.8,2,7
2021-06-15 09:41:45,S,247.9,3,30
2021-06-15 09:41:45,S,247.0,1,37
2021-06-15 09:41:45,S,246.8,2,6
2021-06-15 09:41:45,S,246.75,2,106
2021-06-15 09:41:45,S,246.7,4,171
2021-06-15 09:41:45,S,246.6,2,27
2021-06-15 09:41:50,S,247.25,1,7
2021-06-15 09:41:50,S,247.5,2,3
2021-06-15 09:41:50,S,247.55,2,55
2021-06-15 09:41:50,S,247.6,2,8
2021-06-15 09:41:50,S,247.8,2,7
2021-06-15 09:41:50,S,247.0,1,37
2021-06-15 09:41:50,S,246.75,2,106
2021-06-15 09:41:50,S,246.7,4,171
2021-06-15 09:41:50,S,246.6,2,27
2021-06-15 09:41:50,S,246.5,1,10
2021-06-15 09:41:53,S,247.25,1,7
2021-06-15 09:41:53,S,247.5,2,3
2021-06-15 09:41:53,S,247.55,2,55
2021-06-15 09:41:53,S,247.6,2,8
2021-06-15 09:41:53,S,247.8,2,7
2021-06-15 09:41:53,S,247.0,1,37
2021-06-15 09:41:53,S,246.75,2,106
2021-06-15 09:41:53,S,246.7,4,171
2021-06-15 09:41:53,S,246.6,2,27
2021-06-15 09:41:53,S,246.5,1,10
2021-06-15 09:41:54,S,247.0,1,7
2021-06-15 09:41:54,S,247.5,2,3
2021-06-15 09:41:54,S,247.55,2,55
2021-06-15 09:41:54,S,247.6,2,8
2021-06-15 09:41:54,S,247.8,2,7
2021-06-15 09:41:54,S,246.75,2,106
2021-06-15 09:41:54,S,246.7,5,183
2021-06-15 09:41:54,S,246.6,2,31
2021-06-15 09:41:54,S,246.5,1,10
2021-06-15 09:41:54,S,246.45,1,55
2021-06-15 09:41:57,S,247.0,1,7
2021-06-15 09:41:57,S,247.5,2,3
2021-06-15 09:41:57,S,247.55,2,55
2021-06-15 09:41:57,S,247.6,2,8
2021-06-15 09:41:57,S,247.8,2,7
2021-06-15 09:41:57,S,246.75,2,106
2021-06-15 09:41:57,S,246.7,5,183
2021-06-15 09:41:57,S,246.6,2,31
2021-06-15 09:41:57,S,246.5,1,10
2021-06-15 09:41:57,S,246.45,1,55
2021-06-15 09:41:58,S,247.5,2,3
2021-06-15 09:41:58,S,247.55,2,55
2021-06-15 09:41:58,S,247.6,2,8
2021-06-15 09:41:58,S,247.8,2,7
2021-06-15 09:41:58,S,247.9,3,30
2021-06-15 09:41:58,S,246.75,1,74
2021-06-15 09:41:58,S,246.7,4,171
2021-06-15 09:41:58,S,246.6,3,33
2021-06-15 09:41:58,S,246.5,1,10
2021-06-15 09:41:58,S,246.45,1,55
2021-06-15 09:42:03,S,247.5,3,9
2021-06-15 09:42:03,S,247.55,2,55
2021-06-15 09:42:03,S,247.6,2,8
2021-06-15 09:42:03,S,247.8,2,7
2021-06-15 09:42:03,S,247.9,3,30
2021-06-15 09:42:03,S,246.75,1,74
2021-06-15 09:42:03,S,246.7,4,171
2021-06-15 09:42:03,S,246.6,3,33
2021-06-15 09:42:03,S,246.5,1,10
2021-06-15 09:42:03,S,246.45,1,55
2021-06-15 09:42:07,S,247.15,1,6
2021-06-15 09:42:07,S,247.5,2,3
2021-06-15 09:42:07,S,247.55,2,55
2021-06-15 09:42:07,S,247.6,2,8
2021-06-15 09:42:07,S,247.8,2,7
2021-06-15 09:42:07,S,247.0,1,500
2021-06-15 09:42:07,S,246.75,2,77
2021-06-15 09:42:07,S,246.7,5,173
2021-06-15 09:42:07,S,246.6,2,31
2021-06-15 09:42:07,S,246.5,1,10
2021-06-15 09:42:08,S,247.15,1,6
2021-06-15 09:42:08,S,247.5,2,3
2021-06-15 09:42:08,S,247.55,2,55
2021-06-15 09:42:08,S,247.6,2,8
2021-06-15 09:42:08,S,247.8,2,7
2021-06-15 09:42:08,S,247.0,1,500
2021-06-15 09:42:08,S,246.75,2,77
2021-06-15 09:42:08,S,246.7,5,173
2021-06-15 09:42:08,S,246.6,2,31
2021-06-15 09:42:08,S,246.5,1,10
2021-06-15 09:42:12,S,247.5,1,1
2021-06-15 09:42:12,S,247.55,2,55
2021-06-15 09:42:12,S,247.6,2,8
2021-06-15 09:42:12,S,247.8,2,7
2021-06-15 09:42:12,S,247.9,2,10
2021-06-15 09:42:12,S,247.0,1,449
2021-06-15 09:42:12,S,246.75,2,77
2021-06-15 09:42:12,S,246.7,5,173
2021-06-15 09:42:12,S,246.6,2,31
2021-06-15 09:42:12,S,246.5,1,10
2021-06-15 09:42:16,S,247.5,1,7
2021-06-15 09:42:16,S,247.75,2,6
2021-06-15 09:42:16,S,247.8,2,7
2021-06-15 09:42:16,S,247.9,3,12
2021-06-15 09:42:16,S,247.95,2,58
2021-06-15 09:42:16,S,247.0,2,461
2021-06-15 09:42:16,S,246.9,2,6
2021-06-15 09:42:16,S,246.75,2,77
2021-06-15 09:42:16,S,246.7,5,173
2021-06-15 09:42:16,S,246.6,2,31
2021-06-15 09:42:20,S,247.5,1,7
2021-06-15 09:42:20,S,247.75,2,6
2021-06-15 09:42:20,S,247.8,2,7
2021-06-15 09:42:20,S,247.9,3,12
2021-06-15 09:42:20,S,247.95,2,58
2021-06-15 09:42:20,S,247.0,2,461
2021-06-15 09:42:20,S,246.9,2,6
2021-06-15 09:42:20,S,246.85,2,65
2021-06-15 09:42:20,S,246.75,2,77
2021-06-15 09:42:20,S,246.7,5,173
2021-06-15 09:42:23,S,247.5,1,7
2021-06-15 09:42:23,S,247.75,2,6
2021-06-15 09:42:23,S,247.8,2,7
2021-06-15 09:42:23,S,247.9,3,12
2021-06-15 09:42:23,S,247.95,2,58
2021-06-15 09:42:23,S,247.0,2,461
2021-06-15 09:42:23,S,246.9,2,6
2021-06-15 09:42:23,S,246.85,2,65
2021-06-15 09:42:23,S,246.75,2,77
2021-06-15 09:42:23,S,246.7,5,173
2021-06-15 09:42:25,S,247.75,2,6
2021-06-15 09:42:25,S,247.9,3,12
2021-06-15 09:42:25,S,247.95,2,58
2021-06-15 09:42:25,S,248.0,1,1
2021-06-15 09:42:25,S,248.1,1,3
2021-06-15 09:42:25,S,247.0,1,385
2021-06-15 09:42:25,S,246.9,2,6
2021-06-15 09:42:25,S,246.85,2,65
2021-06-15 09:42:25,S,246.75,2,77
2021-06-15 09:42:25,S,246.7,5,173
2021-06-15 09:42:27,S,247.75,2,6
2021-06-15 09:42:27,S,247.9,3,12
2021-06-15 09:42:27,S,247.95,2,58
2021-06-15 09:42:27,S,248.0,1,1
2021-06-15 09:42:27,S,248.1,1,3
2021-06-15 09:42:27,S,247.0,1,385
2021-06-15 09:42:27,S,246.9,2,6
2021-06-15 09:42:27,S,246.85,2,65
2021-06-15 09:42:27,S,246.75,2,77
2021-06-15 09:42:27,S,246.7,5,173
2021-06-15 09:42:29,S,247.85,2,3
2021-06-15 09:42:29,S,247.9,2,10
2021-06-15 09:42:29,S,248.0,2,7
2021-06-15 09:42:29,S,248.1,1,3
2021-06-15 09:42:29,S,248.2,1,2
2021-06-15 09:42:29,S,247.35,1,2
2021-06-15 09:42:29,S,247.3,1,4
2021-06-15 09:42:29,S,247.2,1,3
2021-06-15 09:42:29,S,247.1,2,5
2021-06-15 09:42:29,S,247.0,2,391
2021-06-15 09:42:34,S,247.6,1,6
2021-06-15 09:42:34,S,247.9,3,12
2021-06-15 09:42:34,S,248.0,2,7
2021-06-15 09:42:34,S,248.1,1,3
2021-06-15 09:42:34,S,248.3,1,5
2021-06-15 09:42:34,S,247.25,2,5
2021-06-15 09:42:34,S,247.1,2,5
2021-06-15 09:42:34,S,247.0,2,391
2021-06-15 09:42:34,S,246.9,2,6
2021-06-15 09:42:34,S,246.85,2,65
2021-06-15 09:42:38,S,247.6,1,6
2021-06-15 09:42:38,S,247.9,3,12
2021-06-15 09:42:38,S,248.0,2,7
2021-06-15 09:42:38,S,248.1,1,3
2021-06-15 09:42:38,S,248.3,1,5
2021-06-15 09:42:38,S,247.25,2,5
2021-06-15 09:42:38,S,247.1,2,5
2021-06-15 09:42:38,S,247.0,2,391
2021-06-15 09:42:38,S,246.9,2,6
2021-06-15 09:42:38,S,246.85,2,65
2021-06-15 09:42:39,S,247.25,1,6
2021-06-15 09:42:39,S,247.85,1,2
2021-06-15 09:42:39,S,247.9,2,10
2021-06-15 09:42:39,S,248.0,2,7
2021-06-15 09:42:39,S,248.1,1,3
2021-06-15 09:42:39,S,247.15,1,2
2021-06-15 09:42:39,S,247.1,2,5
2021-06-15 09:42:39,S,247.0,2,391
2021-06-15 09:42:39,S,246.9,2,6
2021-06-15 09:42:39,S,246.85,2,65
2021-06-15 09:42:42,S,247.25,1,6
2021-06-15 09:42:42,S,247.85,1,2
2021-06-15 09:42:42,S,247.9,2,10
2021-06-15 09:42:42,S,248.0,2,7
2021-06-15 09:42:42,S,248.1,1,3
2021-06-15 09:42:42,S,247.15,1,2
2021-06-15 09:42:42,S,247.1,2,5
2021-06-15 09:42:42,S,247.0,2,391
2021-06-15 09:42:42,S,246.9,2,6
2021-06-15 09:42:42,S,246.85,2,65
2021-06-15 09:42:43,S,247.15,1,5
2021-06-15 09:42:43,S,247.85,2,7
2021-06-15 09:42:43,S,247.9,2,10
2021-06-15 09:42:43,S,248.0,2,7
2021-06-15 09:42:43,S,248.1,1,3
2021-06-15 09:42:43,S,247.0,2,391
2021-06-15 09:42:43,S,246.9,1,4
2021-06-15 09:42:43,S,246.85,2,65
2021-06-15 09:42:43,S,246.75,2,77
2021-06-15 09:42:43,S,246.7,5,173
2021-06-15 09:42:43,S,247.15,1,5
2021-06-15 09:42:43,S,247.85,2,7
2021-06-15 09:42:43,S,247.9,2,10
2021-06-15 09:42:43,S,248.0,2,7
2021-06-15 09:42:43,S,248.1,1,3
2021-06-15 09:42:43,S,247.0,2,391
2021-06-15 09:42:43,S,246.9,1,4
2021-06-15 09:42:43,S,246.85,2,65
2021-06-15 09:42:43,S,246.75,2,77
2021-06-15 09:42:43,S,246.7,5,173
2021-06-15 09:42:48,S,247.15,1,5
2021-06-15 09:42:48,S,247.85,2,7
2021-06-15 09:42:48,S,247.9,3,12
2021-06-15 09:42:48,S,248.0,2,7
2021-06-15 09:42:48,S,248.1,1,3
2021-06-15 09:42:48,S,247.0,1,349
2021-06-15 09:42:48,S,246.85,2,65
2021-06-15 09:42:48,S,246.75,2,77
2021-06-15 09:42:48,S,246.7,5,173
2021-06-15 09:42:48,S,246.6,1,25
2021-06-15 09:42:53,S,247.15,1,5
2021-06-15 09:42:53,S,247.85,2,7
2021-06-15 09:42:53,S,247.9,3,12
2021-06-15 09:42:53,S,248.0,2,7
2021-06-15 09:42:53,S,248.1,1,3
2021-06-15 09:42:53,S,247.0,1,349
2021-06-15 09:42:53,S,246.85,2,65
2021-06-15 09:42:53,S,246.75,2,77
2021-06-15 09:42:53,S,246.7,5,173
2021-06-15 09:42:53,S,246.6,1,25
2021-06-15 09:42:57,S,247.85,2,7
2021-06-15 09:42:57,S,247.9,3,12
2021-06-15 09:42:57,S,248.0,2,7
2021-06-15 09:42:57,S,248.1,2,53
2021-06-15 09:42:57,S,248.3,2,25
2021-06-15 09:42:57,S,247.0,1,300
2021-06-15 09:42:57,S,246.95,2,6
2021-06-15 09:42:57,S,246.85,2,65
2021-06-15 09:42:57,S,246.75,2,77
2021-06-15 09:42:57,S,246.7,5,173
2021-06-15 09:43:01,S,247.8,2,4
2021-06-15 09:43:01,S,247.85,2,11
2021-06-15 09:43:01,S,247.9,3,12
2021-06-15 09:43:01,S,247.95,1,59
2021-06-15 09:43:01,S,248.0,2,7
2021-06-15 09:43:01,S,247.0,1,300
2021-06-15 09:43:01,S,246.85,2,65
2021-06-15 09:43:01,S,246.75,2,77
2021-06-15 09:43:01,S,246.7,5,173
2021-06-15 09:43:01,S,246.6,1,25
2021-06-15 09:43:06,S,247.4,1,6
2021-06-15 09:43:06,S,247.65,2,7
2021-06-15 09:43:06,S,247.7,2,7
2021-06-15 09:43:06,S,247.9,3,12
2021-06-15 09:43:06,S,247.95,1,59
2021-06-15 09:43:06,S,247.0,1,300
2021-06-15 09:43:06,S,246.85,2,65
2021-06-15 09:43:06,S,246.75,2,77
2021-06-15 09:43:06,S,246.7,5,173
2021-06-15 09:43:06,S,246.6,1,25
2021-06-15 09:43:10,S,247.65,2,7
2021-06-15 09:43:10,S,247.7,2,7
2021-06-15 09:43:10,S,247.9,3,12
2021-06-15 09:43:10,S,247.95,1,59
2021-06-15 09:43:10,S,248.0,2,7
2021-06-15 09:43:10,S,247.0,1,246
2021-06-15 09:43:10,S,246.85,2,65
2021-06-15 09:43:10,S,246.75,2,77
2021-06-15 09:43:10,S,246.7,5,173
2021-06-15 09:43:10,S,246.6,1,25
2021-06-15 09:43:15,S,247.6,2,7
2021-06-15 09:43:15,S,247.65,1,5
2021-06-15 09:43:15,S,247.7,1,5
2021-06-15 09:43:15,S,247.9,3,12
2021-06-15 09:43:15,S,247.95,1,59
2021-06-15 09:43:15,S,247.0,1,246
2021-06-15 09:43:15,S,246.85,2,63
2021-06-15 09:43:15,S,246.75,2,77
2021-06-15 09:43:15,S,246.7,5,173
2021-06-15 09:43:15,S,246.6,1,25
2021-06-15 09:43:19,S,247.3,1,7
2021-06-15 09:43:19,S,247.6,2,7
2021-06-15 09:43:19,S,247.7,1,2
2021-06-15 09:43:19,S,247.9,3,12
2021-06-15 09:43:19,S,247.95,1,59
2021-06-15 09:43:19,S,247.0,1,246
2021-06-15 09:43:19,S,246.85,2,63
2021-06-15 09:43:19,S,246.75,2,77
2021-06-15 09:43:19,S,246.7,5,173
2021-06-15 09:43:19,S,246.6,1,25
2021-06-15 09:43:23,S,247.3,1,7
2021-06-15 09:43:23,S,247.6,2,7
2021-06-15 09:43:23,S,247.7,1,2
2021-06-15 09:43:23,S,247.9,3,12
2021-06-15 09:43:23,S,247.95,1,59
2021-06-15 09:43:23,S,247.0,1,246
2021-06-15 09:43:23,S,246.85,2,63
2021-06-15 09:43:23,S,246.75,2,77
2021-06-15 09:43:23,S,246.7,5,173
2021-06-15 09:43:23,S,246.6,1,25
2021-06-15 09:43:24,S,247.65,2,3
2021-06-15 09:43:24,S,247.7,2,7
2021-06-15 09:43:24,S,247.9,3,12
2021-06-15 09:43:24,S,247.95,1,59
2021-06-15 09:43:24,S,248.0,3,57
2021-06-15 09:43:24,S,247.0,1,182
2021-06-15 09:43:24,S,246.85,2,63
2021-06-15 09:43:24,S,246.75,2,77
2021-06-15 09:43:24,S,246.7,5,173
2021-06-15 09:43:24,S,246.6,1,25
2021-06-15 09:43:33,S,247.65,3,10
2021-06-15 09:43:33,S,247.7,2,7
2021-06-15 09:43:33,S,247.9,3,12
2021-06-15 09:43:33,S,247.95,1,59
2021-06-15 09:43:33,S,248.0,3,57
2021-06-15 09:43:33,S,247.0,1,182
2021-06-15 09:43:33,S,246.9,1,2
2021-06-15 09:43:33,S,246.85,2,63
2021-06-15 09:43:33,S,246.75,2,77
2021-06-15 09:43:33,S,246.7,5,173
2021-06-15 09:43:38,S,247.65,2,3
2021-06-15 09:43:38,S,247.7,2,7
2021-06-15 09:43:38,S,247.9,3,12
2021-06-15 09:43:38,S,247.95,1,59
2021-06-15 09:43:38,S,248.0,3,57
2021-06-15 09:43:38,S,247.0,1,116
2021-06-15 09:43:38,S,246.95,1,2
2021-06-15 09:43:38,S,246.85,1,59
2021-06-15 09:43:38,S,246.75,2,77
2021-06-15 09:43:38,S,246.7,5,173
2021-06-15 09:43:48,S,247.55,2,4
2021-06-15 09:43:48,S,247.6,1,2
2021-06-15 09:43:48,S,247.65,2,6
2021-06-15 09:43:48,S,247.7,2,7
2021-06-15 09:43:48,S,247.9,3,12
2021-06-15 09:43:48,S,247.0,1,116
2021-06-15 09:43:48,S,246.85,1,59
2021-06-15 09:43:48,S,246.75,2,77
2021-06-15 09:43:48,S,246.7,5,173
2021-06-15 09:43:48,S,246.6,1,25
2021-06-15 09:43:53,S,247.55,2,4
2021-06-15 09:43:53,S,247.6,1,2
2021-06-15 09:43:53,S,247.65,2,6
2021-06-15 09:43:53,S,247.7,2,7
2021-06-15 09:43:53,S,247.9,3,12
2021-06-15 09:43:53,S,247.0,1,116
2021-06-15 09:43:53,S,246.85,1,59
2021-06-15 09:43:53,S,246.75,2,77
2021-06-15 09:43:53,S,246.7,5,173
2021-06-15 09:43:53,S,246.6,1,25
2021-06-15 09:43:58,S,247.55,2,3
2021-06-15 09:43:58,S,247.7,2,7
2021-06-15 09:43:58,S,247.9,3,12
2021-06-15 09:43:58,S,247.95,1,59
2021-06-15 09:43:58,S,248.0,3,57
2021-06-15 09:43:58,S,247.0,1,67
2021-06-15 09:43:58,S,246.75,1,74
2021-06-15 09:43:58,S,246.7,4,167
2021-06-15 09:43:58,S,246.6,1,25
2021-06-15 09:43:58,S,246.55,1,2
2021-06-15 09:44:03,S,247.55,3,9
2021-06-15 09:44:03,S,247.7,2,7
2021-06-15 09:44:03,S,247.9,3,12
2021-06-15 09:44:03,S,247.95,1,59
2021-06-15 09:44:03,S,248.0,3,57
2021-06-15 09:44:03,S,247.0,1,67
2021-06-15 09:44:03,S,246.75,1,74
2021-06-15 09:44:03,S,246.7,5,173
2021-06-15 09:44:03,S,246.6,1,25
2021-06-15 09:44:03,S,246.55,1,2
2021-06-15 09:44:08,S,247.55,3,9
2021-06-15 09:44:08,S,247.7,2,7
2021-06-15 09:44:08,S,247.9,3,12
2021-06-15 09:44:08,S,247.95,1,59
2021-06-15 09:44:08,S,248.0,3,57
2021-06-15 09:44:08,S,247.0,1,67
2021-06-15 09:44:08,S,246.75,1,74
2021-06-15 09:44:08,S,246.7,5,173
2021-06-15 09:44:08,S,246.6,1,25
2021-06-15 09:44:08,S,246.55,1,2
2021-06-15 09:44:11,S,247.45,2,5
2021-06-15 09:44:11,S,247.5,2,4
2021-06-15 09:44:11,S,247.55,2,58
2021-06-15 09:44:11,S,247.7,2,7
2021-06-15 09:44:11,S,247.9,4,32
2021-06-15 09:44:11,S,247.0,1,10
2021-06-15 09:44:11,S,246.75,1,74
2021-06-15 09:44:11,S,246.7,4,171
2021-06-15 09:44:11,S,246.6,1,25
2021-06-15 09:44:11,S,246.5,1,10
2021-06-15 09:44:16,S,247.45,3,11
2021-06-15 09:44:16,S,247.5,2,13
2021-06-15 09:44:16,S,247.55,2,58
2021-06-15 09:44:16,S,247.7,2,7
2021-06-15 09:44:16,S,247.9,4,32
2021-06-15 09:44:16,S,247.0,1,10
2021-06-15 09:44:16,S,246.75,3,80
2021-06-15 09:44:16,S,246.7,3,165
2021-06-15 09:44:16,S,246.6,1,25
2021-06-15 09:44:16,S,246.55,1,2
2021-06-15 09:44:21,S,247.25,1,6
2021-06-15 09:44:21,S,247.45,2,5
2021-06-15 09:44:21,S,247.55,2,58
2021-06-15 09:44:21,S,247.7,2,7
2021-06-15 09:44:21,S,247.9,4,32
2021-06-15 09:44:21,S,247.0,1,10
2021-06-15 09:44:21,S,246.75,1,74
2021-06-15 09:44:21,S,246.7,4,171
2021-06-15 09:44:21,S,246.6,1,25
2021-06-15 09:44:21,S,246.55,1,2
2021-06-15 09:44:23,S,247.25,1,6
2021-06-15 09:44:23,S,247.45,2,5
2021-06-15 09:44:23,S,247.55,2,58
2021-06-15 09:44:23,S,247.7,2,7
2021-06-15 09:44:23,S,247.9,4,32
2021-06-15 09:44:23,S,247.0,1,10
2021-06-15 09:44:23,S,246.75,1,74
2021-06-15 09:44:23,S,246.7,4,171
2021-06-15 09:44:23,S,246.6,1,25
2021-06-15 09:44:23,S,246.55,1,2
2021-06-15 09:44:25,S,247.0,1,6
2021-06-15 09:44:25,S,247.45,2,5
2021-06-15 09:44:25,S,247.55,2,58
2021-06-15 09:44:25,S,247.7,2,7
2021-06-15 09:44:25,S,247.9,4,32
2021-06-15 09:44:25,S,246.75,3,80
2021-06-15 09:44:25,S,246.7,5,183
2021-06-15 09:44:25,S,246.6,1,25
2021-06-15 09:44:25,S,246.55,1,2
2021-06-15 09:44:25,S,246.5,1,10
2021-06-15 09:44:27,S,247.0,1,6
2021-06-15 09:44:27,S,247.45,2,5
2021-06-15 09:44:27,S,247.55,2,58
2021-06-15 09:44:27,S,247.7,2,7
2021-06-15 09:44:27,S,247.9,4,32
2021-06-15 09:44:27,S,246.75,3,80
2021-06-15 09:44:27,S,246.7,5,183
2021-06-15 09:44:27,S,246.6,1,25
2021-06-15 09:44:27,S,246.55,1,2
2021-06-15 09:44:27,S,246.5,1,10
2021-06-15 09:44:30,S,247.45,2,5
2021-06-15 09:44:30,S,247.5,2,3
2021-06-15 09:44:30,S,247.55,2,58
2021-06-15 09:44:30,S,247.7,2,7
2021-06-15 09:44:30,S,247.9,4,32
2021-06-15 09:44:30,S,246.75,1,28
2021-06-15 09:44:30,S,246.7,3,165
2021-06-15 09:44:30,S,246.6,2,31
2021-06-15 09:44:30,S,246.5,1,10
2021-06-15 09:44:30,S,246.45,1,55
2021-06-15 09:44:34,S,247.1,1,6
2021-06-15 09:44:34,S,247.45,2,5
2021-06-15 09:44:34,S,247.5,2,8
2021-06-15 09:44:34,S,247.55,2,58
2021-06-15 09:44:34,S,247.7,2,7
2021-06-15 09:44:34,S,247.05,1,22
2021-06-15 09:44:34,S,246.75,2,32
2021-06-15 09:44:34,S,246.7,4,171
2021-06-15 09:44:34,S,246.65,1,2
2021-06-15 09:44:34,S,246.5,1,10
2021-06-15 09:44:38,S,247.1,1,6
2021-06-15 09:44:38,S,247.45,2,5
2021-06-15 09:44:38,S,247.5,2,8
2021-06-15 09:44:38,S,247.55,2,58
2021-06-15 09:44:38,S,247.7,2,7
2021-06-15 09:44:38,S,247.05,1,22
2021-06-15 09:44:38,S,246.75,2,32
2021-06-15 09:44:38,S,246.7,4,171
2021-06-15 09:44:38,S,246.65,1,2
2021-06-15 09:44:38,S,246.5,1,10
2021-06-15 09:44:39,S,247.45,2,5
2021-06-15 09:44:39,S,247.55,2,58
2021-06-15 09:44:39,S,247.7,2,7
2021-06-15 09:44:39,S,247.9,4,32
2021-06-15 09:44:39,S,247.95,1,59
2021-06-15 09:44:39,S,247.05,1,22
2021-06-15 09:44:39,S,247.0,1,20
2021-06-15 09:44:39,S,246.75,1,28
2021-06-15 09:44:39,S,246.7,3,165
2021-06-15 09:44:39,S,246.65,1,2
2021-06-15 09:44:48,S,247.45,3,12
2021-06-15 09:44:48,S,247.55,2,58
2021-06-15 09:44:48,S,247.7,2,7
2021-06-15 09:44:48,S,247.9,4,32
2021-06-15 09:44:48,S,247.95,1,59
2021-06-15 09:44:48,S,247.05,1,22
2021-06-15 09:44:48,S,247.0,1,20
2021-06-15 09:44:48,S,246.85,1,2
2021-06-15 09:44:48,S,246.75,1,28
2021-06-15 09:44:48,S,246.7,3,165
2021-06-15 09:44:51,S,247.25,1,7
2021-06-15 09:44:51,S,247.45,2,5
2021-06-15 09:44:51,S,247.55,2,58
2021-06-15 09:44:51,S,247.7,2,7
2021-06-15 09:44:51,S,247.9,4,32
2021-06-15 09:44:51,S,247.05,1,22
2021-06-15 09:44:51,S,247.0,1,20
2021-06-15 09:44:51,S,246.75,2,34
2021-06-15 09:44:51,S,246.7,3,165
2021-06-15 09:44:51,S,246.65,1,2
2021-06-15 09:44:53,S,247.25,1,7
2021-06-15 09:44:53,S,247.45,2,5
2021-06-15 09:44:53,S,247.55,2,58
2021-06-15 09:44:53,S,247.7,2,7
2021-06-15 09:44:53,S,247.9,4,32
2021-06-15 09:44:53,S,247.05,1,22
2021-06-15 09:44:53,S,247.0,1,20
2021-06-15 09:44:53,S,246.75,2,34
2021-06-15 09:44:53,S,246.7,3,165
2021-06-15 09:44:53,S,246.65,1,2
2021-06-15 09:44:56,S,247.45,2,4
2021-06-15 09:44:56,S,247.5,1,3
2021-06-15 09:44:56,S,247.55,2,58
2021-06-15 09:44:56,S,247.7,2,7
2021-06-15 09:44:56,S,247.9,4,32
2021-06-15 09:44:56,S,247.05,1,22
2021-06-15 09:44:56,S,247.0,1,20
2021-06-15 09:44:56,S,246.75,1,28
2021-06-15 09:44:56,S,246.7,3,165
2021-06-15 09:44:56,S,246.65,1,2
2021-06-15 09:45:00,S,247.45,3,11
2021-06-15 09:45:00,S,247.55,2,58
2021-06-15 09:45:00,S,247.7,2,7
2021-06-15 09:45:00,S,247.9,4,32
2021-06-15 09:45:00,S,247.95,1,59
2021-06-15 09:45:00,S,247.05,1,22
2021-06-15 09:45:00,S,247.0,1,20
2021-06-15 09:45:00,S,246.85,1,2
2021-06-15 09:45:00,S,246.75,2,34
2021-06-15 09:45:00,S,246.7,3,165
2021-06-15 09:45:05,S,247.25,1,7
2021-06-15 09:45:05,S,247.45,2,4
2021-06-15 09:45:05,S,247.55,3,60
2021-06-15 09:45:05,S,247.7,2,7
2021-06-15 09:45:05,S,247.9,4,32
2021-06-15 09:45:05,S,247.05,1,22
2021-06-15 09:45:05,S,247.0,1,20
2021-06-15 09:45:05,S,246.85,2,8
2021-06-15 09:45:05,S,246.75,2,34
2021-06-15 09:45:05,S,246.7,3,165
2021-06-15 09:45:08,S,247.25,1,7
2021-06-15 09:45:08,S,247.45,2,4
2021-06-15 09:45:08,S,247.55,3,60
2021-06-15 09:45:08,S,247.7,2,7
2021-06-15 09:45:08,S,247.9,4,32
2021-06-15 09:45:08,S,247.05,1,22
2021-06-15 09:45:08,S,247.0,1,20
2021-06-15 09:45:08,S,246.85,2,8
2021-06-15 09:45:08,S,246.75,2,34
2021-06-15 09:45:08,S,246.7,3,165
2021-06-15 09:45:09,S,247.5,2,7
2021-06-15 09:45:09,S,247.55,2,58
2021-06-15 09:45:09,S,247.7,2,7
2021-06-15 09:45:09,S,247.9,4,32
2021-06-15 09:45:09,S,247.95,2,61
2021-06-15 09:45:09,S,247.05,1,22
2021-06-15 09:45:09,S,247.0,1,20
2021-06-15 09:45:09,S,246.85,3,66
2021-06-15 09:45:09,S,246.75,2,34
2021-06-15 09:45:09,S,246.7,3,165
2021-06-15 09:45:18,S,247.5,3,12
2021-06-15 09:45:18,S,247.55,2,58
2021-06-15 09:45:18,S,247.7,2,7
2021-06-15 09:45:18,S,247.9,4,32
2021-06-15 09:45:18,S,247.95,2,61
2021-06-15 09:45:18,S,247.05,1,22
2021-06-15 09:45:18,S,247.0,1,20
2021-06-15 09:45:18,S,246.85,2,60
2021-06-15 09:45:18,S,246.75,2,34
2021-06-15 09:45:18,S,246.7,3,165
2021-06-15 09:45:23,S,247.3,1,5
2021-06-15 09:45:23,S,247.5,2,7
2021-06-15 09:45:23,S,247.55,2,58
2021-06-15 09:45:23,S,247.7,2,7
2021-06-15 09:45:23,S,247.9,4,32
2021-06-15 09:45:23,S,247.05,1,22
2021-06-15 09:45:23,S,247.0,1,20
2021-06-15 09:45:23,S,246.85,2,60
2021-06-15 09:45:23,S,246.75,2,34
2021-06-15 09:45:23,S,246.7,3,165
2021-06-15 09:45:28,S,247.5,2,7
2021-06-15 09:45:28,S,247.55,2,58
2021-06-15 09:45:28,S,247.7,2,7
2021-06-15 09:45:28,S,247.9,3,12
2021-06-15 09:45:28,S,247.95,2,61
2021-06-15 09:45:28,S,247.05,1,172
2021-06-15 09:45:28,S,247.0,2,24
2021-06-15 09:45:28,S,246.95,2,8
2021-06-15 09:45:28,S,246.85,1,49
2021-06-15 09:45:28,S,246.8,1,2
2021-06-15 09:45:33,S,247.5,3,14
2021-06-15 09:45:33,S,247.55,2,58
2021-06-15 09:45:33,S,247.7,1,5
2021-06-15 09:45:33,S,247.9,4,32
2021-06-15 09:45:33,S,247.95,2,61
2021-06-15 09:45:33,S,247.05,1,172
2021-06-15 09:45:33,S,247.0,2,24
2021-06-15 09:45:33,S,246.95,2,8
2021-06-15 09:45:33,S,246.85,1,49
2021-06-15 09:45:33,S,246.8,1,2
2021-06-15 09:45:38,S,247.5,2,7
2021-06-15 09:45:38,S,247.55,2,58
2021-06-15 09:45:38,S,247.65,1,2
2021-06-15 09:45:38,S,247.9,3,12
2021-06-15 09:45:38,S,247.95,2,61
2021-06-15 09:45:38,S,247.05,1,106
2021-06-15 09:45:38,S,247.0,2,70
2021-06-15 09:45:38,S,246.85,2,55
2021-06-15 09:45:38,S,246.8,1,2
2021-06-15 09:45:38,S,246.75,2,34
2021-06-15 09:45:48,S,247.5,3,12
2021-06-15 09:45:48,S,247.55,2,58
2021-06-15 09:45:48,S,247.65,2,8
2021-06-15 09:45:48,S,247.9,4,32
2021-06-15 09:45:48,S,247.95,2,61
2021-06-15 09:45:48,S,247.05,1,106
2021-06-15 09:45:48,S,247.0,2,70
2021-06-15 09:45:48,S,246.95,1,2
2021-06-15 09:45:48,S,246.85,2,55
2021-06-15 09:45:48,S,246.8,1,2
2021-06-15 09:45:52,S,247.3,1,5
2021-06-15 09:45:52,S,247.5,2,7
2021-06-15 09:45:52,S,247.55,2,58
2021-06-15 09:45:52,S,247.65,2,8
2021-06-15 09:45:52,S,247.9,4,32
2021-06-15 09:45:52,S,247.05,1,106
2021-06-15 09:45:52,S,247.0,3,74
2021-06-15 09:45:52,S,246.85,2,55
2021-06-15 09:45:52,S,246.8,1,2
2021-06-15 09:45:52,S,246.75,2,34
2021-06-15 09:45:57,S,247.85,2,8
2021-06-15 09:45:57,S,247.9,2,10
2021-06-15 09:45:57,S,247.95,2,65
2021-06-15 09:45:57,S,248.0,4,87
2021-06-15 09:45:57,S,248.1,1,3
2021-06-15 09:45:57,S,247.05,2,157
2021-06-15 09:45:57,S,247.0,3,74
2021-06-15 09:45:57,S,246.85,2,55
2021-06-15 09:45:57,S,246.8,1,2
2021-06-15 09:45:57,S,246.75,2,34
2021-06-15 09:46:01,S,247.85,3,13
2021-06-15 09:46:01,S,247.9,2,10
2021-06-15 09:46:01,S,247.95,2,65
2021-06-15 09:46:01,S,248.0,4,87
2021-06-15 09:46:01,S,248.1,1,3
2021-06-15 09:46:01,S,247.05,2,157
2021-06-15 09:46:01,S,247.0,3,74
2021-06-15 09:46:01,S,246.95,2,8
2021-06-15 09:46:01,S,246.85,2,55
2021-06-15 09:46:01,S,246.8,1,2
2021-06-15 09:46:06,S,247.45,1,5
2021-06-15 09:46:06,S,247.7,2,7
2021-06-15 09:46:06,S,247.75,2,7
2021-06-15 09:46:06,S,247.85,1,6
2021-06-15 09:46:06,S,247.9,3,12
2021-06-15 09:46:06,S,247.05,2,157
2021-06-15 09:46:06,S,247.0,4,87
2021-06-15 09:46:06,S,246.95,2,8
2021-06-15 09:46:06,S,246.85,2,55
2021-06-15 09:46:06,S,246.8,1,2
2021-06-15 09:46:08,S,247.45,1,5
2021-06-15 09:46:08,S,247.7,2,7
2021-06-15 09:46:08,S,247.75,2,7
2021-06-15 09:46:08,S,247.85,1,6
2021-06-15 09:46:08,S,247.9,3,12
2021-06-15 09:46:08,S,247.05,2,157
2021-06-15 09:46:08,S,247.0,4,87
2021-06-15 09:46:08,S,246.95,2,8
2021-06-15 09:46:08,S,246.85,2,55
2021-06-15 09:46:08,S,246.8,1,2
2021-06-15 09:46:11,S,247.5,2,4
2021-06-15 09:46:11,S,247.55,1,54
2021-06-15 09:46:11,S,247.6,1,5
2021-06-15 09:46:11,S,247.65,2,4
2021-06-15 09:46:11,S,247.7,1,5
2021-06-15 09:46:11,S,247.05,3,160
2021-06-15 09:46:11,S,247.0,1,20
2021-06-15 09:46:11,S,246.95,2,8
2021-06-15 09:46:11,S,246.85,2,55
2021-06-15 09:46:11,S,246.8,1,2
2021-06-15 09:46:16,S,247.5,3,11
2021-06-15 09:46:16,S,247.55,2,59
2021-06-15 09:46:16,S,247.65,2,4
2021-06-15 09:46:16,S,247.9,4,32
2021-06-15 09:46:16,S,247.95,3,67
2021-06-15 09:46:16,S,247.05,3,160
2021-06-15 09:46:16,S,247.0,1,20
2021-06-15 09:46:16,S,246.85,2,55
2021-06-15 09:46:16,S,246.8,1,2
2021-06-15 09:46:16,S,246.75,2,34
2021-06-15 09:46:20,S,247.3,1,7
2021-06-15 09:46:20,S,247.5,2,4
2021-06-15 09:46:20,S,247.55,2,59
2021-06-15 09:46:20,S,247.65,2,4
2021-06-15 09:46:20,S,247.9,4,32
2021-06-15 09:46:20,S,247.05,3,160
2021-06-15 09:46:20,S,247.0,1,20
2021-06-15 09:46:20,S,246.85,2,55
2021-06-15 09:46:20,S,246.8,1,2
2021-06-15 09:46:20,S,246.75,2,34
2021-06-15 09:46:23,S,247.3,1,7
2021-06-15 09:46:23,S,247.5,2,4
2021-06-15 09:46:23,S,247.55,2,59
2021-06-15 09:46:23,S,247.65,2,4
2021-06-15 09:46:23,S,247.9,4,32
2021-06-15 09:46:23,S,247.05,3,160
2021-06-15 09:46:23,S,247.0,1,20
2021-06-15 09:46:23,S,246.85,2,55
2021-06-15 09:46:23,S,246.8,1,2
2021-06-15 09:46:23,S,246.75,2,34
2021-06-15 09:46:25,S,247.5,1,2
2021-06-15 09:46:25,S,247.55,1,5
2021-06-15 09:46:25,S,247.6,1,2
2021-06-15 09:46:25,S,247.65,1,2
2021-06-15 09:46:25,S,247.9,3,12
2021-06-15 09:46:25,S,247.05,3,295
2021-06-15 09:46:25,S,247.0,1,20
2021-06-15 09:46:25,S,246.85,2,55
2021-06-15 09:46:25,S,246.8,1,2
2021-06-15 09:46:25,S,246.75,2,34
2021-06-15 09:46:29,S,247.6,1,2
2021-06-15 09:46:29,S,247.65,1,2
2021-06-15 09:46:29,S,247.7,1,2
2021-06-15 09:46:29,S,247.9,3,12
2021-06-15 09:46:29,S,247.95,2,65
2021-06-15 09:46:29,S,247.05,3,295
2021-06-15 09:46:29,S,247.0,2,24
2021-06-15 09:46:29,S,246.85,2,55
2021-06-15 09:46:29,S,246.8,1,2
2021-06-15 09:46:29,S,246.75,2,34
2021-06-15 09:46:33,S,247.6,2,8
2021-06-15 09:46:33,S,247.65,2,7
2021-06-15 09:46:33,S,247.7,1,2
2021-06-15 09:46:33,S,247.9,3,12
2021-06-15 09:46:33,S,247.95,2,65
2021-06-15 09:46:33,S,247.05,3,295
2021-06-15 09:46:33,S,247.0,2,24
2021-06-15 09:46:33,S,246.85,2,55
2021-06-15 09:46:33,S,246.8,1,2
2021-06-15 09:46:33,S,246.75,2,34
2021-06-15 09:46:38,S,247.35,1,6
2021-06-15 09:46:38,S,247.6,2,7
2021-06-15 09:46:38,S,247.65,1,6
2021-06-15 09:46:38,S,247.7,2,8
2021-06-15 09:46:38,S,247.9,3,12
2021-06-15 09:46:38,S,247.05,3,295
2021-06-15 09:46:38,S,247.0,2,24
2021-06-15 09:46:38,S,246.85,2,55
2021-06-15 09:46:38,S,246.8,1,2
2021-06-15 09:46:38,S,246.75,2,34
2021-06-15 09:46:43,S,247.65,2,6
2021-06-15 09:46:43,S,247.7,1,5
2021-06-15 09:46:43,S,247.9,3,12
2021-06-15 09:46:43,S,247.95,3,67
2021-06-15 09:46:43,S,248.0,4,87
2021-06-15 09:46:43,S,247.05,3,341
2021-06-15 09:46:43,S,247.0,1,20
2021-06-15 09:46:43,S,246.85,2,55
2021-06-15 09:46:43,S,246.8,1,2
2021-06-15 09:46:43,S,246.75,2,34
2021-06-15 09:46:47,S,247.65,2,9
2021-06-15 09:46:47,S,247.85,2,5
2021-06-15 09:46:47,S,247.9,3,12
2021-06-15 09:46:47,S,247.95,3,67
2021-06-15 09:46:47,S,248.0,4,87
2021-06-15 09:46:47,S,247.35,1,20
2021-06-15 09:46:47,S,247.15,1,2
2021-06-15 09:46:47,S,247.05,3,341
2021-06-15 09:46:47,S,247.0,2,22
2021-06-15 09:46:47,S,246.85,2,55
2021-06-15 09:46:49,S,247.65,2,9
2021-06-15 09:46:49,S,247.85,2,5
2021-06-15 09:46:49,S,247.9,3,12
2021-06-15 09:46:49,S,247.95,3,67
2021-06-15 09:46:49,S,248.0,4,87
2021-06-15 09:46:49,S,247.35,1,20
2021-06-15 09:46:49,S,247.15,1,2
2021-06-15 09:46:49,S,247.05,3,341
2021-06-15 09:46:49,S,247.0,2,22
2021-06-15 09:46:49,S,246.85,2,55
2021-06-15 09:46:51,S,247.5,2,9
2021-06-15 09:46:51,S,247.85,2,8
2021-06-15 09:46:51,S,247.9,3,12
2021-06-15 09:46:51,S,247.95,3,67
2021-06-15 09:46:51,S,248.0,4,87
2021-06-15 09:46:51,S,247.35,1,20
2021-06-15 09:46:51,S,247.05,3,341
2021-06-15 09:46:51,S,247.0,3,28
2021-06-15 09:46:51,S,246.85,2,55
2021-06-15 09:46:51,S,246.8,1,2
2021-06-15 09:46:53,S,247.5,2,9
2021-06-15 09:46:53,S,247.85,2,8
2021-06-15 09:46:53,S,247.9,3,12
2021-06-15 09:46:53,S,247.95,3,67
2021-06-15 09:46:53,S,248.0,4,87
2021-06-15 09:46:53,S,247.35,1,20
2021-06-15 09:46:53,S,247.05,3,341
2021-06-15 09:46:53,S,247.0,3,28
2021-06-15 09:46:53,S,246.85,2,55
2021-06-15 09:46:53,S,246.8,1,2
2021-06-15 09:46:56,S,247.7,2,4
2021-06-15 09:46:56,S,247.75,1,5
2021-06-15 09:46:56,S,247.8,1,13
2021-06-15 09:46:56,S,247.85,1,6
2021-06-15 09:46:56,S,247.9,3,12
2021-06-15 09:46:56,S,247.35,1,20
2021-06-15 09:46:56,S,247.05,4,345
2021-06-15 09:46:56,S,247.0,3,28
2021-06-15 09:46:56,S,246.85,2,55
2021-06-15 09:46:56,S,246.8,1,2
2021-06-15 09:47:01,S,247.7,3,10
2021-06-15 09:47:01,S,247.9,3,12
2021-06-15 09:47:01,S,247.95,2,65
2021-06-15 09:47:01,S,248.0,4,87
2021-06-15 09:47:01,S,248.1,1,3
2021-06-15 09:47:01,S,247.35,1,20
2021-06-15 09:47:01,S,247.15,1,2
2021-06-15 09:47:01,S,247.05,3,341
2021-06-15 09:47:01,S,247.0,3,28
2021-06-15 09:47:01,S,246.85,2,55
2021-06-15 09:47:05,S,247.55,1,6
2021-06-15 09:47:05,S,247.7,2,4
2021-06-15 09:47:05,S,247.9,3,12
2021-06-15 09:47:05,S,247.95,2,65
2021-06-15 09:47:05,S,248.0,4,87
2021-06-15 09:47:05,S,247.35,1,20
2021-06-15 09:47:05,S,247.05,3,341
2021-06-15 09:47:05,S,247.0,3,28
2021-06-15 09:47:05,S,246.85,2,55
2021-06-15 09:47:05,S,246.8,1,2
2021-06-15 09:47:06,S,247.55,1,6
2021-06-15 09:47:06,S,247.7,2,4
2021-06-15 09:47:06,S,247.9,3,12
2021-06-15 09:47:06,S,247.95,2,65
2021-06-15 09:47:06,S,248.0,4,87
2021-06-15 09:47:06,S,247.35,1,20
2021-06-15 09:47:06,S,247.05,3,341
2021-06-15 09:47:06,S,247.0,3,28
2021-06-15 09:47:06,S,246.85,2,55
2021-06-15 09:47:06,S,246.8,1,2
2021-06-15 09:47:10,S,247.9,2,10
2021-06-15 09:47:10,S,248.0,4,87
2021-06-15 09:47:10,S,248.3,1,20
2021-06-15 09:47:10,S,248.35,2,103
2021-06-15 09:47:10,S,248.4,3,17
2021-06-15 09:47:10,S,247.55,1,2
2021-06-15 09:47:10,S,247.5,1,80
2021-06-15 09:47:10,S,247.05,4,345
2021-06-15 09:47:10,S,247.0,3,28
2021-06-15 09:47:10,S,246.85,2,55
2021-06-15 09:47:15,S,247.9,2,10
2021-06-15 09:47:15,S,248.0,4,87
2021-06-15 09:47:15,S,248.3,2,24
2021-06-15 09:47:15,S,248.35,2,103
2021-06-15 09:47:15,S,248.4,3,17
2021-06-15 09:47:15,S,247.55,1,2
2021-06-15 09:47:15,S,247.5,2,121
2021-06-15 09:47:15,S,247.05,3,304
2021-06-15 09:47:15,S,247.0,3,28
2021-06-15 09:47:15,S,246.85,2,55
2021-06-15 09:47:16,S,247.9,2,10
2021-06-15 09:47:16,S,248.0,4,87
2021-06-15 09:47:16,S,248.3,2,24
2021-06-15 09:47:16,S,248.35,2,103
2021-06-15 09:47:16,S,248.4,3,17
2021-06-15 09:47:16,S,247.55,1,2
2021-06-15 09:47:16,S,247.5,2,121
2021-06-15 09:47:16,S,247.05,3,304
2021-06-15 09:47:16,S,247.0,3,28
2021-06-15 09:47:16,S,246.85,2,55
2021-06-15 09:47:20,S,248.0,2,74
2021-06-15 09:47:20,S,248.35,3,109
2021-06-15 09:47:20,S,248.6,3,8
2021-06-15 09:47:20,S,248.65,1,2
2021-06-15 09:47:20,S,248.7,1,5
2021-06-15 09:47:20,S,247.65,1,2
2021-06-15 09:47:20,S,247.6,2,18
2021-06-15 09:47:20,S,247.55,1,5
2021-06-15 09:47:20,S,247.5,2,46
2021-06-15 09:47:20,S,247.45,1,6
2021-06-15 09:47:21,S,248.0,2,74
2021-06-15 09:47:21,S,248.35,3,109
2021-06-15 09:47:21,S,248.6,3,8
2021-06-15 09:47:21,S,248.65,1,2
2021-06-15 09:47:21,S,248.7,1,5
2021-06-15 09:47:21,S,247.65,1,2
2021-06-15 09:47:21,S,247.6,2,18
2021-06-15 09:47:21,S,247.55,1,5
2021-06-15 09:47:21,S,247.5,2,46
2021-06-15 09:47:21,S,247.45,1,6
2021-06-15 09:47:25,S,248.0,2,33
2021-06-15 09:47:25,S,248.35,3,109
2021-06-15 09:47:25,S,248.4,3,18
2021-06-15 09:47:25,S,248.6,4,14
2021-06-15 09:47:25,S,248.7,1,5
2021-06-15 09:47:25,S,247.65,2,5
2021-06-15 09:47:25,S,247.6,2,18
2021-06-15 09:47:25,S,247.4,2,8
2021-06-15 09:47:25,S,247.25,2,55
2021-06-15 09:47:25,S,247.05,3,304
2021-06-15 09:47:33,S,248.0,3,38
2021-06-15 09:47:33,S,248.25,2,6
2021-06-15 09:47:33,S,248.35,3,109
2021-06-15 09:47:33,S,248.4,3,18
2021-06-15 09:47:33,S,248.6,4,14
2021-06-15 09:47:33,S,247.65,2,5
2021-06-15 09:47:33,S,247.6,2,18
2021-06-15 09:47:33,S,247.4,2,8
2021-06-15 09:47:33,S,247.25,2,55
2021-06-15 09:47:33,S,247.05,3,304
2021-06-15 09:47:38,S,247.65,1,5
2021-06-15 09:47:38,S,248.0,2,33
2021-06-15 09:47:38,S,248.25,2,6
2021-06-15 09:47:38,S,248.35,3,109
2021-06-15 09:47:38,S,248.4,2,8
2021-06-15 09:47:38,S,247.55,2,5
2021-06-15 09:47:38,S,247.45,1,5
2021-06-15 09:47:38,S,247.25,2,55
2021-06-15 09:47:38,S,247.15,1,2
2021-06-15 09:47:38,S,247.05,3,304
2021-06-15 09:47:42,S,247.65,1,5
2021-06-15 09:47:42,S,248.0,2,33
2021-06-15 09:47:42,S,248.25,2,6
2021-06-15 09:47:42,S,248.35,3,109
2021-06-15 09:47:42,S,248.4,2,8
2021-06-15 09:47:42,S,247.55,2,5
2021-06-15 09:47:42,S,247.45,1,5
2021-06-15 09:47:42,S,247.25,2,55
2021-06-15 09:47:42,S,247.15,1,2
2021-06-15 09:47:42,S,247.05,3,304
2021-06-15 09:47:43,S,247.65,1,5
2021-06-15 09:47:43,S,248.0,2,33
2021-06-15 09:47:43,S,248.25,2,6
2021-06-15 09:47:43,S,248.35,3,109
2021-06-15 09:47:43,S,248.4,2,8
2021-06-15 09:47:43,S,247.55,2,5
2021-06-15 09:47:43,S,247.45,1,5
2021-06-15 09:47:43,S,247.25,2,55
2021-06-15 09:47:43,S,247.15,1,2
2021-06-15 09:47:43,S,247.05,3,304
2021-06-15 09:47:48,S,247.35,1,3
2021-06-15 09:47:48,S,247.55,1,6
2021-06-15 09:47:48,S,247.65,1,2
2021-06-15 09:47:48,S,247.7,1,2
2021-06-15 09:47:48,S,247.85,1,2
2021-06-15 09:47:48,S,247.25,2,59
2021-06-15 09:47:48,S,247.1,2,18
2021-06-15 09:47:48,S,247.05,3,304
2021-06-15 09:47:48,S,247.0,3,28
2021-06-15 09:47:48,S,246.85,2,55
2021-06-15 09:47:48,S,247.35,1,3
2021-06-15 09:47:48,S,247.55,1,6
2021-06-15 09:47:48,S,247.65,1,2
2021-06-15 09:47:48,S,247.7,1,2
2021-06-15 09:47:48,S,247.85,1,2
2021-06-15 09:47:48,S,247.25,2,59
2021-06-15 09:47:48,S,247.1,2,18
2021-06-15 09:47:48,S,247.05,3,304
2021-06-15 09:47:48,S,247.0,3,28
2021-06-15 09:47:48,S,246.85,2,55
2021-06-15 09:47:53,S,247.3,1,6
2021-06-15 09:47:53,S,247.8,2,6
2021-06-15 09:47:53,S,247.85,2,8
2021-06-15 09:47:53,S,247.95,1,2
2021-06-15 09:47:53,S,248.0,2,33
2021-06-15 09:47:53,S,247.05,2,300
2021-06-15 09:47:53,S,247.0,2,26
2021-06-15 09:47:53,S,246.95,2,18
2021-06-15 09:47:53,S,246.85,2,55
2021-06-15 09:47:53,S,246.8,1,2
2021-06-15 09:47:57,S,247.8,1,2
2021-06-15 09:47:57,S,247.85,1,2
2021-06-15 09:47:57,S,247.95,2,8
2021-06-15 09:47:57,S,248.0,2,33
2021-06-15 09:47:57,S,248.1,1,2
2021-06-15 09:47:57,S,247.05,2,253
2021-06-15 09:47:57,S,247.0,3,28
2021-06-15 09:47:57,S,246.85,2,55
2021-06-15 09:47:57,S,246.8,1,2
2021-06-15 09:47:57,S,246.75,2,34
2021-06-15 09:48:02,S,247.8,2,11
2021-06-15 09:48:02,S,247.95,2,8
2021-06-15 09:48:02,S,248.0,3,39
2021-06-15 09:48:02,S,248.1,1,2
2021-06-15 09:48:02,S,248.25,2,6
2021-06-15 09:48:02,S,247.35,2,7
2021-06-15 09:48:02,S,247.25,2,51
2021-06-15 09:48:02,S,247.05,2,253
2021-06-15 09:48:02,S,247.0,3,28
2021-06-15 09:48:02,S,246.95,2,11
2021-06-15 09:48:06,S,247.6,1,7
2021-06-15 09:48:06,S,247.9,2,9
2021-06-15 09:48:06,S,247.95,2,8
2021-06-15 09:48:06,S,248.0,3,39
2021-06-15 09:48:06,S,248.1,1,2
2021-06-15 09:48:06,S,247.35,2,7
2021-06-15 09:48:06,S,247.25,2,51
2021-06-15 09:48:06,S,247.15,2,8
2021-06-15 09:48:06,S,247.05,3,259
2021-06-15 09:48:06,S,247.0,3,28
2021-06-15 09:48:08,S,247.6,1,7
2021-06-15 09:48:08,S,247.9,2,9
2021-06-15 09:48:08,S,247.95,2,8
2021-06-15 09:48:08,S,248.0,3,39
2021-06-15 09:48:08,S,248.1,1,2
2021-06-15 09:48:08,S,247.35,2,7
2021-06-15 09:48:08,S,247.25,2,51
2021-06-15 09:48:08,S,247.15,2,8
2021-06-15 09:48:08,S,247.05,3,259
2021-06-15 09:48:08,S,247.0,3,28
2021-06-15 09:48:11,S,247.35,1,7
2021-06-15 09:48:11,S,247.7,2,9
2021-06-15 09:48:11,S,247.75,2,8
2021-06-15 09:48:11,S,247.95,2,8
2021-06-15 09:48:11,S,248.0,3,39
2021-06-15 09:48:11,S,247.05,2,253
2021-06-15 09:48:11,S,247.0,3,39
2021-06-15 09:48:11,S,246.85,2,55
2021-06-15 09:48:11,S,246.8,1,2
2021-06-15 09:48:11,S,246.75,3,39
2021-06-15 09:48:12,S,247.35,1,7
2021-06-15 09:48:12,S,247.7,2,9
2021-06-15 09:48:12,S,247.75,2,8
2021-06-15 09:48:12,S,247.95,2,8
2021-06-15 09:48:12,S,248.0,3,39
2021-06-15 09:48:12,S,247.05,2,253
2021-06-15 09:48:12,S,247.0,3,39
2021-06-15 09:48:12,S,246.85,2,55
2021-06-15 09:48:12,S,246.8,1,2
2021-06-15 09:48:12,S,246.75,3,39
2021-06-15 09:48:15,S,247.35,1,5
2021-06-15 09:48:15,S,247.7,1,4
2021-06-15 09:48:15,S,247.75,2,8
2021-06-15 09:48:15,S,247.95,2,8
2021-06-15 09:48:15,S,248.0,3,39
2021-06-15 09:48:15,S,247.05,2,203
2021-06-15 09:48:15,S,247.0,3,38
2021-06-15 09:48:15,S,246.85,2,55
2021-06-15 09:48:15,S,246.8,1,2
2021-06-15 09:48:15,S,246.75,3,39
2021-06-15 09:48:19,S,247.35,1,5
2021-06-15 09:48:19,S,247.7,2,9
2021-06-15 09:48:19,S,247.75,2,8
2021-06-15 09:48:19,S,247.95,2,8
2021-06-15 09:48:19,S,248.0,3,39
2021-06-15 09:48:19,S,247.05,2,203
2021-06-15 09:48:19,S,247.0,2,26
2021-06-15 09:48:19,S,246.85,2,55
2021-06-15 09:48:19,S,246.8,1,2
2021-06-15 09:48:19,S,246.75,3,39
2021-06-15 09:48:23,S,247.35,1,5
2021-06-15 09:48:23,S,247.7,2,9
2021-06-15 09:48:23,S,247.75,2,8
2021-06-15 09:48:23,S,247.95,2,8
2021-06-15 09:48:23,S,248.0,3,39
2021-06-15 09:48:23,S,247.05,2,203
2021-06-15 09:48:23,S,247.0,2,26
2021-06-15 09:48:23,S,246.85,2,55
2021-06-15 09:48:23,S,246.8,1,2
2021-06-15 09:48:23,S,246.75,3,39
2021-06-15 09:48:24,S,247.9,2,7
2021-06-15 09:48:24,S,247.95,2,8
2021-06-15 09:48:24,S,248.0,3,39
2021-06-15 09:48:24,S,248.1,1,2
2021-06-15 09:48:24,S,248.25,2,6
2021-06-15 09:48:24,S,247.05,2,158
2021-06-15 09:48:24,S,247.0,2,26
2021-06-15 09:48:24,S,246.85,2,55
2021-06-15 09:48:24,S,246.8,1,2
2021-06-15 09:48:24,S,246.75,3,39
2021-06-15 09:48:29,S,247.85,2,7
2021-06-15 09:48:29,S,247.9,1,5
2021-06-15 09:48:29,S,247.95,3,13
2021-06-15 09:48:29,S,248.0,3,39
2021-06-15 09:48:29,S,248.05,1,5
2021-06-15 09:48:29,S,247.05,2,158
2021-06-15 09:48:29,S,247.0,2,26
2021-06-15 09:48:29,S,246.95,2,8
2021-06-15 09:48:29,S,246.85,2,55
2021-06-15 09:48:29,S,246.8,1,2
2021-06-15 09:48:32,S,247.85,2,7
2021-06-15 09:48:32,S,247.9,1,5
2021-06-15 09:48:32,S,247.95,3,13
2021-06-15 09:48:32,S,248.0,3,39
2021-06-15 09:48:32,S,248.05,1,5
2021-06-15 09:48:32,S,247.05,2,158
2021-06-15 09:48:32,S,247.0,2,26
2021-06-15 09:48:32,S,246.95,2,8
2021-06-15 09:48:32,S,246.85,2,55
2021-06-15 09:48:32,S,246.8,1,2
2021-06-15 09:48:33,S,248.6,1,1
2021-06-15 09:48:33,S,248.7,2,25
2021-06-15 09:48:33,S,248.75,2,105
2021-06-15 09:48:33,S,248.8,2,7
2021-06-15 09:48:33,S,248.85,1,2
2021-06-15 09:48:33,S,248.0,1,30
2021-06-15 09:48:33,S,247.55,2,9
2021-06-15 09:48:33,S,247.5,2,15
2021-06-15 09:48:33,S,247.05,3,163
2021-06-15 09:48:33,S,247.0,2,26
2021-06-15 09:48:38,S,248.6,1,1
2021-06-15 09:48:38,S,248.65,2,12
2021-06-15 09:48:38,S,248.7,1,20
2021-06-15 09:48:38,S,248.75,2,105
2021-06-15 09:48:38,S,248.8,2,7
2021-06-15 09:48:38,S,248.05,1,4
2021-06-15 09:48:38,S,248.0,2,35
2021-06-15 09:48:38,S,247.85,2,7
2021-06-15 09:48:38,S,247.7,1,2
2021-06-15 09:48:38,S,247.5,3,35
2021-06-15 09:48:43,S,248.6,1,1
2021-06-15 09:48:43,S,248.65,2,12
2021-06-15 09:48:43,S,248.7,1,20
2021-06-15 09:48:43,S,248.75,2,105
2021-06-15 09:48:43,S,248.8,2,7
2021-06-15 09:48:43,S,248.05,1,4
2021-06-15 09:48:43,S,248.0,3,37
2021-06-15 09:48:43,S,247.85,2,7
2021-06-15 09:48:43,S,247.7,1,2
2021-06-15 09:48:43,S,247.55,1,3
2021-06-15 09:48:48,S,248.6,2,8
2021-06-15 09:48:48,S,248.65,2,12
2021-06-15 09:48:48,S,248.7,1,20
2021-06-15 09:48:48,S,248.75,2,105
2021-06-15 09:48:48,S,248.8,2,7
2021-06-15 09:48:48,S,248.05,1,4
2021-06-15 09:48:48,S,248.0,3,37
2021-06-15 09:48:48,S,247.85,2,7
2021-06-15 09:48:48,S,247.7,1,2
2021-06-15 09:48:48,S,247.55,1,3
2021-06-15 09:48:52,S,248.35,1,7
2021-06-15 09:48:52,S,248.6,1,1
2021-06-15 09:48:52,S,248.65,1,2
2021-06-15 09:48:52,S,248.75,2,105
2021-06-15 09:48:52,S,248.8,1,2
2021-06-15 09:48:52,S,248.05,3,63
2021-06-15 09:48:52,S,248.0,2,35
2021-06-15 09:48:52,S,247.95,2,18
2021-06-15 09:48:52,S,247.85,2,7
2021-06-15 09:48:52,S,247.7,1,2
2021-06-15 09:48:53,S,248.35,1,7
2021-06-15 09:48:53,S,248.6,1,1
2021-06-15 09:48:53,S,248.65,1,2
2021-06-15 09:48:53,S,248.75,2,105
2021-06-15 09:48:53,S,248.8,1,2
2021-06-15 09:48:53,S,248.05,3,63
2021-06-15 09:48:53,S,248.0,2,35
2021-06-15 09:48:53,S,247.95,2,18
2021-06-15 09:48:53,S,247.85,2,7
2021-06-15 09:48:53,S,247.7,1,2
2021-06-15 09:48:57,S,249.3,1,13
2021-06-15 09:48:57,S,249.45,1,4
2021-06-15 09:48:57,S,249.5,2,25
2021-06-15 09:48:57,S,249.55,3,62
2021-06-15 09:48:57,S,249.65,2,15
2021-06-15 09:48:57,S,249.0,1,49
2021-06-15 09:48:57,S,248.85,2,7
2021-06-15 09:48:57,S,248.7,2,7
2021-06-15 09:48:57,S,248.6,2,19
2021-06-15 09:48:57,S,248.5,2,7
2021-06-15 09:49:02,S,249.25,1,4
2021-06-15 09:49:02,S,249.3,2,20
2021-06-15 09:49:02,S,249.5,2,25
2021-06-15 09:49:02,S,249.55,3,62
2021-06-15 09:49:02,S,249.65,2,15
2021-06-15 09:49:02,S,249.0,1,49
2021-06-15 09:49:02,S,248.85,2,7
2021-06-15 09:49:02,S,248.7,2,7
2021-06-15 09:49:02,S,248.6,2,19
2021-06-15 09:49:02,S,248.5,2,7
2021-06-15 09:49:06,S,249.15,1,7
2021-06-15 09:49:06,S,249.25,1,4
2021-06-15 09:49:06,S,249.3,1,13
2021-06-15 09:49:06,S,249.5,2,25
2021-06-15 09:49:06,S,249.55,3,62
2021-06-15 09:49:06,S,249.0,1,49
2021-06-15 09:49:06,S,248.7,2,7
2021-06-15 09:49:06,S,248.6,2,19
2021-06-15 09:49:06,S,248.5,2,7
2021-06-15 09:49:06,S,248.35,2,8
2021-06-15 09:49:08,S,249.15,1,7
2021-06-15 09:49:08,S,249.25,1,4
2021-06-15 09:49:08,S,249.3,1,13
2021-06-15 09:49:08,S,249.5,2,25
2021-06-15 09:49:08,S,249.55,3,62
2021-06-15 09:49:08,S,249.0,1,49
2021-06-15 09:49:08,S,248.7,2,7
2021-06-15 09:49:08,S,248.6,2,19
2021-06-15 09:49:08,S,248.5,2,7
2021-06-15 09:49:08,S,248.35,2,8
2021-06-15 09:49:11,S,249.5,1,4
2021-06-15 09:49:11,S,249.55,2,59
2021-06-15 09:49:11,S,249.6,2,16
2021-06-15 09:49:11,S,249.7,2,8
2021-06-15 09:49:11,S,249.75,2,15
2021-06-15 09:49:11,S,249.0,1,100
2021-06-15 09:49:11,S,248.7,2,7
2021-06-15 09:49:11,S,248.65,1,2
2021-06-15 09:49:11,S,248.5,2,7
2021-06-15 09:49:11,S,248.35,2,8
2021-06-15 09:49:15,S,249.5,1,4
2021-06-15 09:49:15,S,249.55,2,59
2021-06-15 09:49:15,S,249.6,2,16
2021-06-15 09:49:15,S,249.7,2,8
2021-06-15 09:49:15,S,249.75,2,15
2021-06-15 09:49:15,S,249.0,1,100
2021-06-15 09:49:15,S,248.7,2,7
2021-06-15 09:49:15,S,248.65,1,2
2021-06-15 09:49:15,S,248.5,2,7
2021-06-15 09:49:15,S,248.35,2,8
2021-06-15 09:49:16,S,249.5,3,30
2021-06-15 09:49:16,S,249.55,2,59
2021-06-15 09:49:16,S,249.7,2,8
2021-06-15 09:49:16,S,249.75,2,15
2021-06-15 09:49:16,S,249.85,1,5
2021-06-15 09:49:16,S,249.0,1,60
2021-06-15 09:49:16,S,248.7,2,7
2021-06-15 09:49:16,S,248.5,2,7
2021-06-15 09:49:16,S,248.35,2,8
2021-06-15 09:49:16,S,248.25,1,4
2021-06-15 09:49:21,S,249.25,1,6
2021-06-15 09:49:21,S,249.5,2,24
2021-06-15 09:49:21,S,249.55,2,59
2021-06-15 09:49:21,S,249.7,2,8
2021-06-15 09:49:21,S,249.75,2,15
2021-06-15 09:49:21,S,249.0,1,60
2021-06-15 09:49:21,S,248.7,2,7
2021-06-15 09:49:21,S,248.5,2,7
2021-06-15 09:49:21,S,248.35,2,8
2021-06-15 09:49:21,S,248.25,1,4
2021-06-15 09:49:23,S,249.25,1,6
2021-06-15 09:49:23,S,249.5,2,24
2021-06-15 09:49:23,S,249.55,2,59
2021-06-15 09:49:23,S,249.7,2,8
2021-06-15 09:49:23,S,249.75,2,15
2021-06-15 09:49:23,S,249.0,1,60
2021-06-15 09:49:23,S,248.7,2,7
2021-06-15 09:49:23,S,248.5,2,7
2021-06-15 09:49:23,S,248.35,2,8
2021-06-15 09:49:23,S,248.25,1,4
2021-06-15 09:49:25,S,249.45,1,4
2021-06-15 09:49:25,S,249.5,1,20
2021-06-15 09:49:25,S,249.55,2,59
2021-06-15 09:49:25,S,249.7,2,8
2021-06-15 09:49:25,S,249.75,2,15
2021-06-15 09:49:25,S,249.0,1,55
2021-06-15 09:49:25,S,248.8,2,7
2021-06-15 09:49:25,S,248.65,2,7
2021-06-15 09:49:25,S,248.5,2,7
2021-06-15 09:49:25,S,248.45,1,57
2021-06-15 09:49:26,S,249.45,1,4
2021-06-15 09:49:26,S,249.5,1,20
2021-06-15 09:49:26,S,249.55,2,59
2021-06-15 09:49:26,S,249.7,2,8
2021-06-15 09:49:26,S,249.75,2,15
2021-06-15 09:49:26,S,249.0,1,55
2021-06-15 09:49:26,S,248.8,2,7
2021-06-15 09:49:26,S,248.65,2,7
2021-06-15 09:49:26,S,248.5,2,7
2021-06-15 09:49:26,S,248.45,1,57
2021-06-15 09:49:30,S,250.95,1,10
2021-06-15 09:49:30,S,251.0,4,180
2021-06-15 09:49:30,S,251.1,1,1
2021-06-15 09:49:30,S,251.25,1,1
2021-06-15 09:49:30,S,251.55,1,54
2021-06-15 09:49:30,S,250.45,2,16
2021-06-15 09:49:30,S,250.15,2,8
2021-06-15 09:49:30,S,250.1,2,8
2021-06-15 09:49:30,S,250.05,2,23
2021-06-15 09:49:30,S,250.0,2,3093
2021-06-15 09:49:35,S,250.95,1,7
2021-06-15 09:49:35,S,251.0,4,180
2021-06-15 09:49:35,S,251.1,1,1
2021-06-15 09:49:35,S,251.25,1,1
2021-06-15 09:49:35,S,251.55,1,54
2021-06-15 09:49:35,S,250.5,2,5
2021-06-15 09:49:35,S,250.45,3,18
2021-06-15 09:49:35,S,250.3,2,7
2021-06-15 09:49:35,S,250.1,2,8
2021-06-15 09:49:35,S,250.05,2,23
2021-06-15 09:49:37,S,250.95,1,7
2021-06-15 09:49:37,S,251.0,4,180
2021-06-15 09:49:37,S,251.1,1,1
2021-06-15 09:49:37,S,251.25,1,1
2021-06-15 09:49:37,S,251.55,1,54
2021-06-15 09:49:37,S,250.5,2,5
2021-06-15 09:49:37,S,250.45,3,18
2021-06-15 09:49:37,S,250.3,2,7
2021-06-15 09:49:37,S,250.1,2,8
2021-06-15 09:49:37,S,250.05,2,23
2021-06-15 09:49:39,S,250.95,1,7
2021-06-15 09:49:39,S,251.0,4,180
2021-06-15 09:49:39,S,251.1,1,1
2021-06-15 09:49:39,S,251.25,1,1
2021-06-15 09:49:39,S,251.55,1,54
2021-06-15 09:49:39,S,250.5,2,5
2021-06-15 09:49:39,S,250.45,3,18
2021-06-15 09:49:39,S,250.3,2,7
2021-06-15 09:49:39,S,250.1,2,8
2021-06-15 09:49:39,S,250.05,2,23
2021-06-15 09:49:39,S,251.0,1,10
2021-06-15 09:49:39,S,251.5,1,12
2021-06-15 09:49:39,S,251.6,1,1
2021-06-15 09:49:39,S,251.8,2,7
2021-06-15 09:49:39,S,251.9,1,100
2021-06-15 09:49:39,S,250.85,2,5
2021-06-15 09:49:39,S,250.8,3,18
2021-06-15 09:49:39,S,250.65,2,8
2021-06-15 09:49:39,S,250.45,2,5
2021-06-15 09:49:39,S,250.3,2,7
2021-06-15 09:49:40,S,251.0,1,10
2021-06-15 09:49:40,S,251.5,1,12
2021-06-15 09:49:40,S,251.6,1,1
2021-06-15 09:49:40,S,251.8,2,7
2021-06-15 09:49:40,S,251.9,1,100
2021-06-15 09:49:40,S,250.85,2,5
2021-06-15 09:49:40,S,250.8,3,18
2021-06-15 09:49:40,S,250.65,2,8
2021-06-15 09:49:40,S,250.45,2,5
2021-06-15 09:49:40,S,250.3,2,7
2021-06-15 09:49:40,S,251.0,1,10
2021-06-15 09:49:40,S,251.5,1,12
2021-06-15 09:49:40,S,251.6,1,1
2021-06-15 09:49:40,S,251.8,2,7
2021-06-15 09:49:40,S,251.9,1,100
2021-06-15 09:49:40,S,250.85,2,5
2021-06-15 09:49:40,S,250.8,3,18
2021-06-15 09:49:40,S,250.65,2,8
2021-06-15 09:49:40,S,250.45,2,5
2021-06-15 09:49:40,S,250.3,2,7
2021-06-15 09:49:41,S,251.0,1,10
2021-06-15 09:49:41,S,251.5,1,12
2021-06-15 09:49:41,S,251.6,1,1
2021-06-15 09:49:41,S,251.8,2,7
2021-06-15 09:49:41,S,251.9,1,100
2021-06-15 09:49:41,S,250.85,2,5
2021-06-15 09:49:41,S,250.8,3,18
2021-06-15 09:49:41,S,250.65,2,8
2021-06-15 09:49:41,S,250.45,2,5
2021-06-15 09:49:41,S,250.3,2,7
2021-06-15 09:49:43,S,249.85,2,7
2021-06-15 09:49:43,S,249.9,1,5
2021-06-15 09:49:43,S,249.95,3,59
2021-06-15 09:49:43,S,250.3,2,25
2021-06-15 09:49:43,S,250.35,2,60
2021-06-15 09:49:43,S,248.75,2,8
2021-06-15 09:49:43,S,248.65,4,18
2021-06-15 09:49:43,S,248.6,2,11
2021-06-15 09:49:43,S,248.45,2,63
2021-06-15 09:49:43,S,248.4,1,4
2021-06-15 09:49:46,S,249.85,2,7
2021-06-15 09:49:46,S,249.9,1,5
2021-06-15 09:49:46,S,249.95,3,59
2021-06-15 09:49:46,S,250.3,2,25
2021-06-15 09:49:46,S,250.35,2,60
2021-06-15 09:49:46,S,248.75,2,8
2021-06-15 09:49:46,S,248.65,4,18
2021-06-15 09:49:46,S,248.6,2,11
2021-06-15 09:49:46,S,248.45,2,63
2021-06-15 09:49:46,S,248.4,1,4
2021-06-15 09:49:48,S,250.35,1,1
2021-06-15 09:49:48,S,250.4,2,2
2021-06-15 09:49:48,S,250.5,2,2
2021-06-15 09:49:48,S,250.65,1,1
2021-06-15 09:49:48,S,250.75,1,56
2021-06-15 09:49:48,S,249.35,2,5
2021-06-15 09:49:48,S,249.2,2,9
2021-06-15 09:49:48,S,249.1,3,14
2021-06-15 09:49:48,S,249.05,2,9
2021-06-15 09:49:48,S,248.95,2,6
2021-06-15 09:49:52,S,250.6,1,1
2021-06-15 09:49:52,S,250.65,3,3
2021-06-15 09:49:52,S,250.7,1,5
2021-06-15 09:49:52,S,250.8,1,2
2021-06-15 09:49:52,S,251.0,3,13
2021-06-15 09:49:52,S,249.3,3,10
2021-06-15 09:49:52,S,249.25,4,61
2021-06-15 09:49:52,S,249.2,2,11
2021-06-15 09:49:52,S,249.15,2,9
2021-06-15 09:49:52,S,249.1,2,7
2021-06-15 09:49:57,S,250.75,1,1
2021-06-15 09:49:57,S,250.8,1,5
2021-06-15 09:49:57,S,250.85,2,2
2021-06-15 09:49:57,S,251.0,2,11
2021-06-15 09:49:57,S,251.15,3,116
2021-06-15 09:49:57,S,249.8,2,5
2021-06-15 09:49:57,S,249.7,2,25
2021-06-15 09:49:57,S,249.65,2,61
2021-06-15 09:49:57,S,249.6,2,6
2021-06-15 09:49:57,S,249.45,2,8
2021-06-15 09:50:06,S,250.15,1,1
2021-06-15 09:50:06,S,250.2,1,6
2021-06-15 09:50:06,S,250.4,1,1
2021-06-15 09:50:06,S,250.7,1,1
2021-06-15 09:50:06,S,250.75,1,56
2021-06-15 09:50:06,S,249.65,2,5
2021-06-15 09:50:06,S,249.55,2,8
2021-06-15 09:50:06,S,249.3,2,9
2021-06-15 09:50:06,S,249.25,3,56
2021-06-15 09:50:06,S,249.2,1,5
2021-06-15 09:50:08,S,250.15,1,1
2021-06-15 09:50:08,S,250.2,1,6
2021-06-15 09:50:08,S,250.4,1,1
2021-06-15 09:50:08,S,250.7,1,1
2021-06-15 09:50:08,S,250.75,1,56
2021-06-15 09:50:08,S,249.65,2,5
2021-06-15 09:50:08,S,249.55,2,8
2021-06-15 09:50:08,S,249.3,2,9
2021-06-15 09:50:08,S,249.25,3,56
2021-06-15 09:50:08,S,249.2,1,5
2021-06-15 09:50:10,S,249.65,1,4
2021-06-15 09:50:10,S,250.35,1,1
2021-06-15 09:50:10,S,250.4,1,1
2021-06-15 09:50:10,S,250.7,1,1
2021-06-15 09:50:10,S,250.75,1,56
2021-06-15 09:50:10,S,249.55,1,6
2021-06-15 09:50:10,S,249.35,2,18
2021-06-15 09:50:10,S,249.3,2,24
2021-06-15 09:50:10,S,249.25,3,56
2021-06-15 09:50:10,S,249.15,1,2
2021-06-15 09:50:10,S,249.65,1,4
2021-06-15 09:50:10,S,250.35,1,1
2021-06-15 09:50:10,S,250.4,1,1
2021-06-15 09:50:10,S,250.7,1,1
2021-06-15 09:50:10,S,250.75,1,56
2021-06-15 09:50:10,S,249.55,1,6
2021-06-15 09:50:10,S,249.35,2,18
2021-06-15 09:50:10,S,249.3,2,24
2021-06-15 09:50:10,S,249.25,3,56
2021-06-15 09:50:10,S,249.15,1,2
2021-06-15 09:50:12,S,249.65,1,4
2021-06-15 09:50:12,S,250.35,1,1
2021-06-15 09:50:12,S,250.4,1,1
2021-06-15 09:50:12,S,250.7,1,1
2021-06-15 09:50:12,S,250.75,1,56
2021-06-15 09:50:12,S,249.55,1,6
2021-06-15 09:50:12,S,249.35,2,18
2021-06-15 09:50:12,S,249.3,2,24
2021-06-15 09:50:12,S,249.25,3,56
2021-06-15 09:50:12,S,249.15,1,2
2021-06-15 09:50:13,S,249.65,1,4
2021-06-15 09:50:13,S,250.35,1,1
2021-06-15 09:50:13,S,250.4,1,1
2021-06-15 09:50:13,S,250.7,1,1
2021-06-15 09:50:13,S,250.75,1,56
2021-06-15 09:50:13,S,249.55,1,6
2021-06-15 09:50:13,S,249.35,2,18
2021-06-15 09:50:13,S,249.3,2,24
2021-06-15 09:50:13,S,249.25,3,56
2021-06-15 09:50:13,S,249.15,1,2
2021-06-15 09:50:14,S,249.55,1,5
2021-06-15 09:50:14,S,249.75,1,1
2021-06-15 09:50:14,S,249.8,1,1
2021-06-15 09:50:14,S,250.0,1,1
2021-06-15 09:50:14,S,250.2,1,1
2021-06-15 09:50:14,S,249.1,2,4
2021-06-15 09:50:14,S,248.95,2,7
2021-06-15 09:50:14,S,248.9,2,26
2021-06-15 09:50:14,S,248.85,1,58
2021-06-15 09:50:14,S,248.8,1,5
2021-06-15 09:50:15,S,249.55,1,5
2021-06-15 09:50:15,S,249.75,1,1
2021-06-15 09:50:15,S,249.8,1,1
2021-06-15 09:50:15,S,250.0,1,1
2021-06-15 09:50:15,S,250.2,1,1
2021-06-15 09:50:15,S,249.1,2,4
2021-06-15 09:50:15,S,248.95,2,7
2021-06-15 09:50:15,S,248.9,2,26
2021-06-15 09:50:15,S,248.85,1,58
2021-06-15 09:50:15,S,248.8,1,5
2021-06-15 09:50:18,S,249.1,1,4
2021-06-15 09:50:18,S,249.5,2,2
2021-06-15 09:50:18,S,249.55,1,7
2021-06-15 09:50:18,S,249.8,1,1
2021-06-15 09:50:18,S,249.95,1,60
2021-06-15 09:50:18,S,248.9,2,26
2021-06-15 09:50:18,S,248.85,2,63
2021-06-15 09:50:18,S,248.8,1,13
2021-06-15 09:50:18,S,248.75,1,4
2021-06-15 09:50:18,S,248.65,1,2
2021-06-15 09:50:22,S,249.0,1,7
2021-06-15 09:50:22,S,249.55,1,1
2021-06-15 09:50:22,S,249.6,1,1
2021-06-15 09:50:22,S,249.8,2,2
2021-06-15 09:50:22,S,249.9,1,1
2021-06-15 09:50:22,S,248.75,2,19
2021-06-15 09:50:22,S,248.65,2,7
2021-06-15 09:50:22,S,248.45,1,57
2021-06-15 09:50:22,S,248.4,1,4
2021-06-15 09:50:22,S,248.35,1,5
2021-06-15 09:50:24,S,249.0,1,7
2021-06-15 09:50:24,S,249.55,1,1
2021-06-15 09:50:24,S,249.6,1,1
2021-06-15 09:50:24,S,249.8,2,2
2021-06-15 09:50:24,S,249.9,1,1
2021-06-15 09:50:24,S,248.75,2,19
2021-06-15 09:50:24,S,248.65,2,7
2021-06-15 09:50:24,S,248.45,1,57
2021-06-15 09:50:24,S,248.4,1,4
2021-06-15 09:50:24,S,248.35,1,5
2021-06-15 09:50:27,S,249.0,1,7
2021-06-15 09:50:27,S,249.55,1,1
2021-06-15 09:50:27,S,249.6,1,1
2021-06-15 09:50:27,S,249.8,2,2
2021-06-15 09:50:27,S,249.9,1,1
2021-06-15 09:50:27,S,248.75,2,19
2021-06-15 09:50:27,S,248.65,2,7
2021-06-15 09:50:27,S,248.45,1,57
2021-06-15 09:50:27,S,248.4,1,4
2021-06-15 09:50:27,S,248.35,1,5
2021-06-15 09:50:27,S,250.7,3,12
2021-06-15 09:50:27,S,250.75,1,56
2021-06-15 09:50:27,S,250.85,1,200
2021-06-15 09:50:27,S,250.95,1,1
2021-06-15 09:50:27,S,251.0,1,10
2021-06-15 09:50:27,S,250.05,1,1
2021-06-15 09:50:27,S,250.0,2,342
2021-06-15 09:50:27,S,248.45,1,50
2021-06-15 09:50:27,S,248.4,2,10
2021-06-15 09:50:27,S,248.2,2,7
2021-06-15 09:50:30,S,250.7,3,12
2021-06-15 09:50:30,S,250.75,1,56
2021-06-15 09:50:30,S,250.85,1,200
2021-06-15 09:50:30,S,250.95,1,1
2021-06-15 09:50:30,S,251.0,1,10
2021-06-15 09:50:30,S,250.05,1,1
2021-06-15 09:50:30,S,250.0,2,342
2021-06-15 09:50:30,S,248.45,1,50
2021-06-15 09:50:30,S,248.4,2,10
2021-06-15 09:50:30,S,248.2,2,7
2021-06-15 09:50:32,S,250.7,3,7
2021-06-15 09:50:32,S,250.75,2,61
2021-06-15 09:50:32,S,250.85,2,206
2021-06-15 09:50:32,S,250.95,1,1
2021-06-15 09:50:32,S,251.0,2,11
2021-06-15 09:50:32,S,250.05,1,1
2021-06-15 09:50:32,S,250.0,2,293
2021-06-15 09:50:32,S,249.75,2,8
2021-06-15 09:50:32,S,249.55,2,8
2021-06-15 09:50:32,S,249.3,1,20
2021-06-15 09:50:36,S,250.4,1,5
2021-06-15 09:50:36,S,250.8,2,6
2021-06-15 09:50:36,S,250.85,2,206
2021-06-15 09:50:36,S,250.95,1,1
2021-06-15 09:50:36,S,251.0,2,11
2021-06-15 09:50:36,S,250.05,2,4
2021-06-15 09:50:36,S,250.0,3,295
2021-06-15 09:50:36,S,249.95,2,18
2021-06-15 09:50:36,S,249.75,2,8
2021-06-15 09:50:36,S,249.55,2,8
2021-06-15 09:50:38,S,250.4,1,5
2021-06-15 09:50:38,S,250.8,2,6
2021-06-15 09:50:38,S,250.85,2,206
2021-06-15 09:50:38,S,250.95,1,1
2021-06-15 09:50:38,S,251.0,2,11
2021-06-15 09:50:38,S,250.05,2,4
2021-06-15 09:50:38,S,250.0,3,295
2021-06-15 09:50:38,S,249.95,2,18
2021-06-15 09:50:38,S,249.75,2,8
2021-06-15 09:50:38,S,249.55,2,8
2021-06-15 09:50:40,S,250.05,1,3
2021-06-15 09:50:40,S,250.6,1,1
2021-06-15 09:50:40,S,250.65,1,1
2021-06-15 09:50:40,S,250.85,2,206
2021-06-15 09:50:40,S,250.95,1,1
2021-06-15 09:50:40,S,250.0,1,288
2021-06-15 09:50:40,S,249.85,2,18
2021-06-15 09:50:40,S,249.75,2,8
2021-06-15 09:50:40,S,249.65,1,49
2021-06-15 09:50:40,S,249.55,2,8
2021-06-15 09:50:42,S,250.05,1,3
2021-06-15 09:50:42,S,250.6,1,1
2021-06-15 09:50:42,S,250.65,1,1
2021-06-15 09:50:42,S,250.85,2,206
2021-06-15 09:50:42,S,250.95,1,1
2021-06-15 09:50:42,S,250.0,1,288
2021-06-15 09:50:42,S,249.85,2,18
2021-06-15 09:50:42,S,249.75,2,8
2021-06-15 09:50:42,S,249.65,1,49
2021-06-15 09:50:42,S,249.55,2,8
2021-06-15 09:50:45,S,250.05,1,3
2021-06-15 09:50:45,S,250.7,2,2
2021-06-15 09:50:45,S,250.85,2,206
2021-06-15 09:50:45,S,250.95,1,1
2021-06-15 09:50:45,S,251.0,1,10
2021-06-15 09:50:45,S,250.0,1,248
2021-06-15 09:50:45,S,249.85,2,17
2021-06-15 09:50:45,S,249.75,2,8
2021-06-15 09:50:45,S,249.7,2,26
2021-06-15 09:50:45,S,249.65,2,55
2021-06-15 09:50:50,S,250.8,2,2
2021-06-15 09:50:50,S,250.85,2,206
2021-06-15 09:50:50,S,251.0,1,10
2021-06-15 09:50:50,S,251.15,1,60
2021-06-15 09:50:50,S,251.2,1,1
2021-06-15 09:50:50,S,250.5,1,196
2021-06-15 09:50:50,S,249.75,2,8
2021-06-15 09:50:50,S,249.55,2,8
2021-06-15 09:50:50,S,249.4,1,3
2021-06-15 09:50:50,S,249.3,1,20
2021-06-15 09:50:50,S,250.8,2,2
2021-06-15 09:50:50,S,250.85,2,206
2021-06-15 09:50:50,S,251.0,1,10
2021-06-15 09:50:50,S,251.15,1,60
2021-06-15 09:50:50,S,251.2,1,1
2021-06-15 09:50:50,S,250.5,1,196
2021-06-15 09:50:50,S,249.75,2,8
2021-06-15 09:50:50,S,249.55,2,8
2021-06-15 09:50:50,S,249.4,1,3
2021-06-15 09:50:50,S,249.3,1,20
2021-06-15 09:50:52,S,250.8,2,2
2021-06-15 09:50:52,S,250.85,2,206
2021-06-15 09:50:52,S,251.0,1,10
2021-06-15 09:50:52,S,251.15,1,60
2021-06-15 09:50:52,S,251.2,1,1
2021-06-15 09:50:52,S,250.5,1,196
2021-06-15 09:50:52,S,249.75,2,8
2021-06-15 09:50:52,S,249.55,2,8
2021-06-15 09:50:52,S,249.4,1,3
2021-06-15 09:50:52,S,249.3,1,20
2021-06-15 09:50:54,S,251.95,3,41
2021-06-15 09:50:54,S,252.0,4,1667
2021-06-15 09:50:54,S,252.35,2,60
2021-06-15 09:50:54,S,252.7,1,3
2021-06-15 09:50:54,S,252.75,2,104
2021-06-15 09:50:54,S,251.25,1,34
2021-06-15 09:50:54,S,250.2,3,9
2021-06-15 09:50:54,S,250.15,2,10
2021-06-15 09:50:54,S,250.1,1,5
2021-06-15 09:50:54,S,250.05,3,78
2021-06-15 09:50:54,S,251.95,3,41
2021-06-15 09:50:54,S,252.0,4,1667
2021-06-15 09:50:54,S,252.35,2,60
2021-06-15 09:50:54,S,252.7,1,3
2021-06-15 09:50:54,S,252.75,2,104
2021-06-15 09:50:54,S,251.25,1,34
2021-06-15 09:50:54,S,250.2,3,9
2021-06-15 09:50:54,S,250.15,2,10
2021-06-15 09:50:54,S,250.1,1,5
2021-06-15 09:50:54,S,250.05,3,78
2021-06-15 09:50:56,S,251.95,3,41
2021-06-15 09:50:56,S,252.0,4,1667
2021-06-15 09:50:56,S,252.35,2,60
2021-06-15 09:50:56,S,252.7,1,3
2021-06-15 09:50:56,S,252.75,2,104
2021-06-15 09:50:56,S,251.25,1,34
2021-06-15 09:50:56,S,250.2,3,9
2021-06-15 09:50:56,S,250.15,2,10
2021-06-15 09:50:56,S,250.1,1,5
2021-06-15 09:50:56,S,250.05,3,78
2021-06-15 09:50:57,S,251.95,3,41
2021-06-15 09:50:57,S,252.0,4,1667
2021-06-15 09:50:57,S,252.35,2,60
2021-06-15 09:50:57,S,252.7,1,3
2021-06-15 09:50:57,S,252.75,2,104
2021-06-15 09:50:57,S,251.25,1,34
2021-06-15 09:50:57,S,250.2,3,9
2021-06-15 09:50:57,S,250.15,2,10
2021-06-15 09:50:57,S,250.1,1,5
2021-06-15 09:50:57,S,250.05,3,78
2021-06-15 09:50:58,S,251.9,1,1
2021-06-15 09:50:58,S,251.95,1,48
2021-06-15 09:50:58,S,252.0,4,1667
2021-06-15 09:50:58,S,252.35,2,60
2021-06-15 09:50:58,S,252.7,1,3
2021-06-15 09:50:58,S,250.85,1,10
2021-06-15 09:50:58,S,250.8,1,4
2021-06-15 09:50:58,S,250.75,3,14
2021-06-15 09:50:58,S,250.65,1,5
2021-06-15 09:50:58,S,250.6,1,2
2021-06-15 09:51:02,S,251.9,3,9
2021-06-15 09:51:02,S,251.95,1,48
2021-06-15 09:51:02,S,252.0,4,1667
2021-06-15 09:51:02,S,252.25,1,1
2021-06-15 09:51:02,S,252.35,2,60
2021-06-15 09:51:02,S,250.75,3,14
2021-06-15 09:51:02,S,250.7,2,15
2021-06-15 09:51:02,S,250.65,2,12
2021-06-15 09:51:02,S,250.6,1,2
2021-06-15 09:51:02,S,250.55,1,5
2021-06-15 09:51:05,S,251.9,3,9
2021-06-15 09:51:05,S,251.95,1,48
2021-06-15 09:51:05,S,252.0,4,1667
2021-06-15 09:51:05,S,252.25,1,1
2021-06-15 09:51:05,S,252.35,2,60
2021-06-15 09:51:05,S,250.75,3,14
2021-06-15 09:51:05,S,250.7,2,15
2021-06-15 09:51:05,S,250.65,2,12
2021-06-15 09:51:05,S,250.6,1,2
2021-06-15 09:51:05,S,250.55,1,5
2021-06-15 09:51:06,S,251.35,1,3
2021-06-15 09:51:06,S,251.65,1,1
2021-06-15 09:51:06,S,251.7,1,1
2021-06-15 09:51:06,S,251.9,4,29
2021-06-15 09:51:06,S,251.95,1,48
2021-06-15 09:51:06,S,250.7,2,15
2021-06-15 09:51:06,S,250.6,2,9
2021-06-15 09:51:06,S,250.5,1,5
2021-06-15 09:51:06,S,250.4,2,7
2021-06-15 09:51:06,S,250.3,1,5
2021-06-15 09:51:08,S,251.35,1,3
2021-06-15 09:51:08,S,251.65,1,1
2021-06-15 09:51:08,S,251.7,1,1
2021-06-15 09:51:08,S,251.9,4,29
2021-06-15 09:51:08,S,251.95,1,48
2021-06-15 09:51:08,S,250.7,2,15
2021-06-15 09:51:08,S,250.6,2,9
2021-06-15 09:51:08,S,250.5,1,5
2021-06-15 09:51:08,S,250.4,2,7
2021-06-15 09:51:08,S,250.3,1,5
2021-06-15 09:51:11,S,251.85,2,2
2021-06-15 09:51:11,S,251.9,3,28
2021-06-15 09:51:11,S,251.95,2,54
2021-06-15 09:51:11,S,252.0,4,1667
2021-06-15 09:51:11,S,252.05,1,1
2021-06-15 09:51:11,S,250.65,2,9
2021-06-15 09:51:11,S,250.6,3,16
2021-06-15 09:51:11,S,250.5,2,11
2021-06-15 09:51:11,S,250.15,1,2
2021-06-15 09:51:11,S,250.1,2,506
2021-06-15 09:51:15,S,251.85,2,4
2021-06-15 09:51:15,S,251.95,2,54
2021-06-15 09:51:15,S,252.0,5,1673
2021-06-15 09:51:15,S,252.05,1,1
2021-06-15 09:51:15,S,252.25,1,1
2021-06-15 09:51:15,S,250.65,2,9
2021-06-15 09:51:15,S,250.6,3,16
2021-06-15 09:51:15,S,250.55,2,9
2021-06-15 09:51:15,S,250.5,2,11
2021-06-15 09:51:15,S,250.35,1,2
2021-06-15 09:51:16,S,251.85,2,4
2021-06-15 09:51:16,S,251.95,2,54
2021-06-15 09:51:16,S,252.0,5,1673
2021-06-15 09:51:16,S,252.05,1,1
2021-06-15 09:51:16,S,252.25,1,1
2021-06-15 09:51:16,S,250.65,2,9
2021-06-15 09:51:16,S,250.6,3,16
2021-06-15 09:51:16,S,250.55,2,9
2021-06-15 09:51:16,S,250.5,2,11
2021-06-15 09:51:16,S,250.35,1,2
2021-06-15 09:51:19,S,251.95,1,1
2021-06-15 09:51:19,S,252.0,4,1417
2021-06-15 09:51:19,S,252.25,2,7
2021-06-15 09:51:19,S,252.35,2,60
2021-06-15 09:51:19,S,252.45,1,1
2021-06-15 09:51:19,S,251.0,2,5
2021-06-15 09:51:19,S,250.95,2,6
2021-06-15 09:51:19,S,250.85,3,14
2021-06-15 09:51:19,S,250.75,3,11
2021-06-15 09:51:19,S,250.65,1,5
2021-06-15 09:51:23,S,251.95,1,1
2021-06-15 09:51:23,S,252.0,4,1417
2021-06-15 09:51:23,S,252.25,2,7
2021-06-15 09:51:23,S,252.35,2,60
2021-06-15 09:51:23,S,252.45,1,1
2021-06-15 09:51:23,S,251.0,2,5
2021-06-15 09:51:23,S,250.95,2,6
2021-06-15 09:51:23,S,250.85,3,14
2021-06-15 09:51:23,S,250.75,3,11
2021-06-15 09:51:23,S,250.65,1,5
2021-06-15 09:51:31,S,251.8,1,1
2021-06-15 09:51:31,S,251.85,1,43
2021-06-15 09:51:31,S,251.95,1,7
2021-06-15 09:51:31,S,252.0,6,1443
2021-06-15 09:51:31,S,252.25,2,7
2021-06-15 09:51:31,S,251.0,2,5
2021-06-15 09:51:31,S,250.95,2,6
2021-06-15 09:51:31,S,250.85,3,14
2021-06-15 09:51:31,S,250.75,3,11
2021-06-15 09:51:31,S,250.65,1,5
2021-06-15 09:51:33,S,251.8,1,1
2021-06-15 09:51:33,S,251.85,1,43
2021-06-15 09:51:33,S,251.95,1,7
2021-06-15 09:51:33,S,252.0,6,1443
2021-06-15 09:51:33,S,252.25,2,7
2021-06-15 09:51:33,S,251.0,2,5
2021-06-15 09:51:33,S,250.95,2,6
2021-06-15 09:51:33,S,250.85,3,14
2021-06-15 09:51:33,S,250.75,3,11
2021-06-15 09:51:33,S,250.65,1,5
2021-06-15 09:51:36,S,251.7,1,2
2021-06-15 09:51:36,S,251.75,1,12
2021-06-15 09:51:36,S,251.95,1,20
2021-06-15 09:51:36,S,252.0,5,1412
2021-06-15 09:51:36,S,252.25,1,6
2021-06-15 09:51:36,S,251.05,1,2
2021-06-15 09:51:36,S,251.0,1,2
2021-06-15 09:51:36,S,250.95,1,4
2021-06-15 09:51:36,S,250.85,1,4
2021-06-15 09:51:36,S,250.75,1,4
2021-06-15 09:51:41,S,251.55,1,2
2021-06-15 09:51:41,S,251.6,1,12
2021-06-15 09:51:41,S,252.0,6,1418
2021-06-15 09:51:41,S,252.15,2,7
2021-06-15 09:51:41,S,252.25,1,1
2021-06-15 09:51:41,S,251.05,1,2
2021-06-15 09:51:41,S,251.0,2,7
2021-06-15 09:51:41,S,250.75,1,2
2021-06-15 09:51:41,S,250.55,2,9
2021-06-15 09:51:41,S,250.45,2,15
2021-06-15 09:51:45,S,251.5,1,2
2021-06-15 09:51:45,S,251.55,1,13
2021-06-15 09:51:45,S,251.8,1,1
2021-06-15 09:51:45,S,251.95,1,56
2021-06-15 09:51:45,S,252.0,5,1412
2021-06-15 09:51:45,S,251.05,2,6
2021-06-15 09:51:45,S,251.0,3,9
2021-06-15 09:51:45,S,250.85,2,19
2021-06-15 09:51:45,S,250.75,2,9
2021-06-15 09:51:45,S,250.55,2,9
2021-06-15 09:51:49,S,251.5,1,1
2021-06-15 09:51:49,S,251.95,2,62
2021-06-15 09:51:49,S,252.0,6,1418
2021-06-15 09:51:49,S,252.15,2,7
2021-06-15 09:51:49,S,252.25,1,1
2021-06-15 09:51:49,S,250.5,3,12
2021-06-15 09:51:49,S,250.45,2,13
2021-06-15 09:51:49,S,250.4,2,11
2021-06-15 09:51:49,S,250.35,3,13
2021-06-15 09:51:49,S,250.3,1,5
2021-06-15 09:51:49,S,251.5,1,1
2021-06-15 09:51:49,S,251.95,2,62
2021-06-15 09:51:49,S,252.0,6,1418
2021-06-15 09:51:49,S,252.15,2,7
2021-06-15 09:51:49,S,252.25,1,1
2021-06-15 09:51:49,S,250.5,3,12
2021-06-15 09:51:49,S,250.45,2,13
2021-06-15 09:51:49,S,250.4,2,11
2021-06-15 09:51:49,S,250.35,3,13
2021-06-15 09:51:49,S,250.3,1,5
2021-06-15 09:51:50,S,251.5,1,1
2021-06-15 09:51:50,S,251.95,2,62
2021-06-15 09:51:50,S,252.0,6,1418
2021-06-15 09:51:50,S,252.15,2,7
2021-06-15 09:51:50,S,252.25,1,1
2021-06-15 09:51:50,S,250.5,3,12
2021-06-15 09:51:50,S,250.45,2,13
2021-06-15 09:51:50,S,250.4,2,11
2021-06-15 09:51:50,S,250.35,3,13
2021-06-15 09:51:50,S,250.3,1,5
2021-06-15 09:51:53,S,251.95,1,56
2021-06-15 09:51:53,S,252.0,6,1418
2021-06-15 09:51:53,S,252.15,2,7
2021-06-15 09:51:53,S,252.35,2,60
2021-06-15 09:51:53,S,252.45,1,1
2021-06-15 09:51:53,S,251.3,1,10
2021-06-15 09:51:53,S,251.1,1,2
2021-06-15 09:51:53,S,251.05,1,2
2021-06-15 09:51:53,S,250.85,2,8
2021-06-15 09:51:53,S,250.55,2,5
2021-06-15 09:51:57,S,251.85,1,43
2021-06-15 09:51:57,S,251.9,2,15
2021-06-15 09:51:57,S,251.95,3,62
2021-06-15 09:51:57,S,252.0,5,1393
2021-06-15 09:51:57,S,252.15,2,7
2021-06-15 09:51:57,S,251.15,1,10
2021-06-15 09:51:57,S,251.1,1,2
2021-06-15 09:51:57,S,251.05,1,2
2021-06-15 09:51:57,S,250.85,1,2
2021-06-15 09:51:57,S,250.55,2,5
2021-06-15 09:52:01,S,251.85,2,48
2021-06-15 09:52:01,S,251.9,2,15
2021-06-15 09:52:01,S,251.95,3,62
2021-06-15 09:52:01,S,252.0,5,1393
2021-06-15 09:52:01,S,252.15,2,7
2021-06-15 09:52:01,S,251.15,1,10
2021-06-15 09:52:01,S,251.1,1,2
2021-06-15 09:52:01,S,251.05,1,2
2021-06-15 09:52:01,S,250.85,1,2
2021-06-15 09:52:01,S,250.55,2,5
2021-06-15 09:52:06,S,251.5,1,5
2021-06-15 09:52:06,S,251.9,2,15
2021-06-15 09:52:06,S,251.95,3,62
2021-06-15 09:52:06,S,252.0,5,1393
2021-06-15 09:52:06,S,252.15,2,7
2021-06-15 09:52:06,S,251.2,1,10
2021-06-15 09:52:06,S,251.15,1,2
2021-06-15 09:52:06,S,251.1,2,7
2021-06-15 09:52:06,S,250.85,3,61
2021-06-15 09:52:06,S,250.55,2,5
2021-06-15 09:52:08,S,251.5,1,5
2021-06-15 09:52:08,S,251.9,2,15
2021-06-15 09:52:08,S,251.95,3,62
2021-06-15 09:52:08,S,252.0,5,1393
2021-06-15 09:52:08,S,252.15,2,7
2021-06-15 09:52:08,S,251.2,1,10
2021-06-15 09:52:08,S,251.15,1,2
2021-06-15 09:52:08,S,251.1,2,7
2021-06-15 09:52:08,S,250.85,3,61
2021-06-15 09:52:08,S,250.55,2,5
2021-06-15 09:52:09,S,251.5,1,5
2021-06-15 09:52:09,S,251.9,2,15
2021-06-15 09:52:09,S,251.95,3,62
2021-06-15 09:52:09,S,252.0,5,1393
2021-06-15 09:52:09,S,252.15,2,7
2021-06-15 09:52:09,S,251.2,1,10
2021-06-15 09:52:09,S,251.15,1,2
2021-06-15 09:52:09,S,251.1,2,7
2021-06-15 09:52:09,S,250.85,3,61
2021-06-15 09:52:09,S,250.55,2,5
2021-06-15 09:52:11,S,251.65,2,5
2021-06-15 09:52:11,S,251.7,1,3
2021-06-15 09:52:11,S,251.8,1,3
2021-06-15 09:52:11,S,251.85,1,5
2021-06-15 09:52:11,S,251.9,2,15
2021-06-15 09:52:11,S,251.4,1,10
2021-06-15 09:52:11,S,250.8,2,7
2021-06-15 09:52:11,S,250.75,3,13
2021-06-15 09:52:11,S,250.65,2,11
2021-06-15 09:52:11,S,250.55,2,7
2021-06-15 09:52:18,S,251.65,2,5
2021-06-15 09:52:18,S,251.7,1,3
2021-06-15 09:52:18,S,251.8,1,3
2021-06-15 09:52:18,S,251.85,1,5
2021-06-15 09:52:18,S,251.9,2,15
2021-06-15 09:52:18,S,251.4,1,10
2021-06-15 09:52:18,S,250.8,2,7
2021-06-15 09:52:18,S,250.75,3,13
2021-06-15 09:52:18,S,250.65,2,11
2021-06-15 09:52:18,S,250.55,2,7
2021-06-15 09:52:19,S,252.0,4,1371
2021-06-15 09:52:19,S,252.35,2,60
2021-06-15 09:52:19,S,252.45,1,1
2021-06-15 09:52:19,S,252.5,1,25
2021-06-15 09:52:19,S,252.65,1,1
2021-06-15 09:52:19,S,251.45,2,6
2021-06-15 09:52:19,S,251.4,2,15
2021-06-15 09:52:19,S,251.35,1,3
2021-06-15 09:52:19,S,251.3,1,3
2021-06-15 09:52:19,S,251.25,2,7
2021-06-15 09:52:24,S,252.0,4,1371
2021-06-15 09:52:24,S,252.25,2,6
2021-06-15 09:52:24,S,252.35,2,60
2021-06-15 09:52:24,S,252.45,2,7
2021-06-15 09:52:24,S,252.65,1,1
2021-06-15 09:52:24,S,251.4,2,14
2021-06-15 09:52:24,S,251.25,2,6
2021-06-15 09:52:24,S,251.2,2,7
2021-06-15 09:52:24,S,250.95,2,5
2021-06-15 09:52:24,S,250.9,1,20
2021-06-15 09:52:25,S,252.0,4,1371
2021-06-15 09:52:25,S,252.25,2,6
2021-06-15 09:52:25,S,252.35,2,60
2021-06-15 09:52:25,S,252.45,2,7
2021-06-15 09:52:25,S,252.65,1,1
2021-06-15 09:52:25,S,251.4,2,14
2021-06-15 09:52:25,S,251.25,2,6
2021-06-15 09:52:25,S,251.2,2,7
2021-06-15 09:52:25,S,250.95,2,5
2021-06-15 09:52:25,S,250.9,1,20
2021-06-15 09:52:25,S,252.0,4,1371
2021-06-15 09:52:25,S,252.25,2,6
2021-06-15 09:52:25,S,252.35,2,60
2021-06-15 09:52:25,S,252.45,2,7
2021-06-15 09:52:25,S,252.65,1,1
2021-06-15 09:52:25,S,251.4,2,14
2021-06-15 09:52:25,S,251.25,2,6
2021-06-15 09:52:25,S,251.2,2,7
2021-06-15 09:52:25,S,250.95,2,5
2021-06-15 09:52:25,S,250.9,1,20
2021-06-15 09:52:29,S,252.0,3,908
2021-06-15 09:52:29,S,252.35,2,60
2021-06-15 09:52:29,S,252.45,2,7
2021-06-15 09:52:29,S,252.65,1,1
2021-06-15 09:52:29,S,252.7,1,25
2021-06-15 09:52:29,S,251.4,2,14
2021-06-15 09:52:29,S,251.15,2,6
2021-06-15 09:52:29,S,251.1,2,6
2021-06-15 09:52:29,S,251.0,1,16
2021-06-15 09:52:29,S,250.85,1,59
2021-06-15 09:52:33,S,252.0,4,913
2021-06-15 09:52:33,S,252.25,2,6
2021-06-15 09:52:33,S,252.35,2,60
2021-06-15 09:52:33,S,252.45,2,7
2021-06-15 09:52:33,S,252.65,1,1
2021-06-15 09:52:33,S,251.4,3,16
2021-06-15 09:52:33,S,251.15,2,6
2021-06-15 09:52:33,S,251.1,2,6
2021-06-15 09:52:33,S,251.05,1,5
2021-06-15 09:52:33,S,251.0,2,18
2021-06-15 09:52:33,S,252.0,4,913
2021-06-15 09:52:33,S,252.25,2,6
2021-06-15 09:52:33,S,252.35,2,60
2021-06-15 09:52:33,S,252.45,2,7
2021-06-15 09:52:33,S,252.65,1,1
2021-06-15 09:52:33,S,251.4,3,16
2021-06-15 09:52:33,S,251.15,2,6
2021-06-15 09:52:33,S,251.1,2,6
2021-06-15 09:52:33,S,251.05,1,5
2021-06-15 09:52:33,S,251.0,2,18
2021-06-15 09:52:34,S,252.0,4,913
2021-06-15 09:52:34,S,252.25,2,6
2021-06-15 09:52:34,S,252.35,2,60
2021-06-15 09:52:34,S,252.45,2,7
2021-06-15 09:52:34,S,252.65,1,1
2021-06-15 09:52:34,S,251.4,3,16
2021-06-15 09:52:34,S,251.15,2,6
2021-06-15 09:52:34,S,251.1,2,6
2021-06-15 09:52:34,S,251.05,1,5
2021-06-15 09:52:34,S,251.0,2,18
2021-06-15 09:52:35,S,252.0,4,913
2021-06-15 09:52:35,S,252.25,2,6
2021-06-15 09:52:35,S,252.35,2,60
2021-06-15 09:52:35,S,252.45,2,7
2021-06-15 09:52:35,S,252.65,1,1
2021-06-15 09:52:35,S,251.4,3,16
2021-06-15 09:52:35,S,251.15,2,6
2021-06-15 09:52:35,S,251.1,2,6
2021-06-15 09:52:35,S,251.05,1,5
2021-06-15 09:52:35,S,251.0,2,18
2021-06-15 09:52:37,S,252.8,1,25
2021-06-15 09:52:37,S,252.85,1,6
2021-06-15 09:52:37,S,252.9,1,50
2021-06-15 09:52:37,S,253.0,4,85
2021-06-15 09:52:37,S,253.3,1,2
2021-06-15 09:52:37,S,252.3,1,3
2021-06-15 09:52:37,S,252.25,2,6
2021-06-15 09:52:37,S,252.2,2,5
2021-06-15 09:52:37,S,252.05,2,24
2021-06-15 09:52:37,S,252.0,4,992
2021-06-15 09:52:38,S,252.8,1,25
2021-06-15 09:52:38,S,252.85,1,6
2021-06-15 09:52:38,S,252.9,1,50
2021-06-15 09:52:38,S,253.0,4,85
2021-06-15 09:52:38,S,253.3,1,2
2021-06-15 09:52:38,S,252.3,1,3
2021-06-15 09:52:38,S,252.25,2,6
2021-06-15 09:52:38,S,252.2,2,5
2021-06-15 09:52:38,S,252.05,2,24
2021-06-15 09:52:38,S,252.0,4,992
2021-06-15 09:52:41,S,252.8,1,2
2021-06-15 09:52:41,S,252.85,1,6
2021-06-15 09:52:41,S,252.9,1,50
2021-06-15 09:52:41,S,253.0,4,85
2021-06-15 09:52:41,S,253.2,1,13
2021-06-15 09:52:41,S,252.5,1,13
2021-06-15 09:52:41,S,252.45,1,3
2021-06-15 09:52:41,S,252.4,1,3
2021-06-15 09:52:41,S,252.25,1,2
2021-06-15 09:52:41,S,252.2,2,5
2021-06-15 09:52:45,S,252.8,3,214
2021-06-15 09:52:45,S,252.85,1,6
2021-06-15 09:52:45,S,252.9,2,57
2021-06-15 09:52:45,S,253.0,4,85
2021-06-15 09:52:45,S,253.05,1,2
2021-06-15 09:52:45,S,252.25,2,5
2021-06-15 09:52:45,S,252.2,2,5
2021-06-15 09:52:45,S,252.0,4,988
2021-06-15 09:52:45,S,251.9,2,7
2021-06-15 09:52:45,S,251.8,1,5
2021-06-15 09:52:46,S,252.8,3,214
2021-06-15 09:52:46,S,252.85,1,6
2021-06-15 09:52:46,S,252.9,2,57
2021-06-15 09:52:46,S,253.0,4,85
2021-06-15 09:52:46,S,253.05,1,2
2021-06-15 09:52:46,S,252.25,2,5
2021-06-15 09:52:46,S,252.2,2,5
2021-06-15 09:52:46,S,252.0,4,988
2021-06-15 09:52:46,S,251.9,2,7
2021-06-15 09:52:46,S,251.8,1,5
2021-06-15 09:52:49,S,252.8,3,214
2021-06-15 09:52:49,S,252.85,1,6
2021-06-15 09:52:49,S,252.9,2,57
2021-06-15 09:52:49,S,253.0,4,85
2021-06-15 09:52:49,S,253.05,1,2
2021-06-15 09:52:49,S,252.25,2,5
2021-06-15 09:52:49,S,252.2,2,5
2021-06-15 09:52:49,S,252.0,4,988
2021-06-15 09:52:49,S,251.9,2,7
2021-06-15 09:52:49,S,251.8,1,5
2021-06-15 09:52:50,S,252.55,1,6
2021-06-15 09:52:50,S,252.8,3,213
2021-06-15 09:52:50,S,252.9,2,57
2021-06-15 09:52:50,S,253.0,5,92
2021-06-15 09:52:50,S,253.05,1,2
2021-06-15 09:52:50,S,252.05,2,15
2021-06-15 09:52:50,S,252.0,3,985
2021-06-15 09:52:50,S,251.8,1,2
2021-06-15 09:52:50,S,251.7,1,5
2021-06-15 09:52:50,S,251.65,2,51
2021-06-15 09:52:50,S,252.55,1,6
2021-06-15 09:52:50,S,252.8,3,213
2021-06-15 09:52:50,S,252.9,2,57
2021-06-15 09:52:50,S,253.0,5,92
2021-06-15 09:52:50,S,253.05,1,2
2021-06-15 09:52:50,S,252.05,2,15
2021-06-15 09:52:50,S,252.0,3,985
2021-06-15 09:52:50,S,251.8,1,2
2021-06-15 09:52:50,S,251.7,1,5
2021-06-15 09:52:50,S,251.65,2,51
2021-06-15 09:52:54,S,253.9,1,50
2021-06-15 09:52:54,S,254.0,5,303
2021-06-15 09:52:54,S,254.2,2,9
2021-06-15 09:52:54,S,254.35,1,60
2021-06-15 09:52:54,S,254.5,1,2
2021-06-15 09:52:54,S,253.6,1,6
2021-06-15 09:52:54,S,253.05,2,6
2021-06-15 09:52:54,S,253.0,3,310
2021-06-15 09:52:54,S,252.95,1,2
2021-06-15 09:52:54,S,252.75,1,2
2021-06-15 09:52:57,S,253.85,2,6
2021-06-15 09:52:57,S,253.9,1,50
2021-06-15 09:52:57,S,254.0,6,309
2021-06-15 09:52:57,S,254.2,2,9
2021-06-15 09:52:57,S,254.25,1,2
2021-06-15 09:52:57,S,253.3,2,4
2021-06-15 09:52:57,S,253.15,2,5
2021-06-15 09:52:57,S,253.0,3,470
2021-06-15 09:52:57,S,252.95,1,2
2021-06-15 09:52:57,S,252.75,1,2
2021-06-15 09:53:00,S,253.85,2,6
2021-06-15 09:53:00,S,253.9,1,50
2021-06-15 09:53:00,S,254.0,6,309
2021-06-15 09:53:00,S,254.2,2,9
2021-06-15 09:53:00,S,254.25,1,2
2021-06-15 09:53:00,S,253.3,2,4
2021-06-15 09:53:00,S,253.15,2,5
2021-06-15 09:53:00,S,253.0,3,470
2021-06-15 09:53:00,S,252.95,1,2
2021-06-15 09:53:00,S,252.75,1,2
2021-06-15 09:53:02,S,253.85,1,3
2021-06-15 09:53:02,S,253.9,2,55
2021-06-15 09:53:02,S,254.0,6,309
2021-06-15 09:53:02,S,254.2,2,9
2021-06-15 09:53:02,S,254.25,1,2
2021-06-15 09:53:02,S,253.3,2,4
2021-06-15 09:53:02,S,253.15,2,5
2021-06-15 09:53:02,S,253.0,3,470
2021-06-15 09:53:02,S,252.95,1,2
2021-06-15 09:53:02,S,252.75,1,2
2021-06-15 09:53:06,S,253.85,1,3
2021-06-15 09:53:06,S,253.9,2,55
2021-06-15 09:53:06,S,254.0,6,309
2021-06-15 09:53:06,S,254.2,2,9
2021-06-15 09:53:06,S,254.25,1,2
2021-06-15 09:53:06,S,253.3,2,4
2021-06-15 09:53:06,S,253.15,2,5
2021-06-15 09:53:06,S,253.0,3,470
2021-06-15 09:53:06,S,252.95,1,2
2021-06-15 09:53:06,S,252.75,1,2
2021-06-15 09:53:06,S,254.7,1,1
2021-06-15 09:53:06,S,254.75,1,1
2021-06-15 09:53:06,S,254.95,1,5
2021-06-15 09:53:06,S,255.0,9,651
2021-06-15 09:53:06,S,255.15,1,56
2021-06-15 09:53:06,S,254.05,2,4
2021-06-15 09:53:06,S,254.0,2,502
2021-06-15 09:53:06,S,253.6,2,9
2021-06-15 09:53:06,S,253.4,2,7
2021-06-15 09:53:06,S,253.2,2,8
2021-06-15 09:53:07,S,254.7,1,1
2021-06-15 09:53:07,S,254.75,1,1
2021-06-15 09:53:07,S,254.95,1,5
2021-06-15 09:53:07,S,255.0,9,651
2021-06-15 09:53:07,S,255.15,1,56
2021-06-15 09:53:07,S,254.05,2,4
2021-06-15 09:53:07,S,254.0,2,502
2021-06-15 09:53:07,S,253.6,2,9
2021-06-15 09:53:07,S,253.4,2,7
2021-06-15 09:53:07,S,253.2,2,8
2021-06-15 09:53:11,S,254.7,1,1
2021-06-15 09:53:11,S,254.75,1,1
2021-06-15 09:53:11,S,254.95,1,5
2021-06-15 09:53:11,S,255.0,9,651
2021-06-15 09:53:11,S,255.05,1,2
2021-06-15 09:53:11,S,254.0,2,496
2021-06-15 09:53:11,S,253.8,2,7
2021-06-15 09:53:11,S,253.6,2,9
2021-06-15 09:53:11,S,253.4,2,7
2021-06-15 09:53:11,S,253.2,2,8
2021-06-15 09:53:11,S,254.7,1,1
2021-06-15 09:53:11,S,254.75,1,1
2021-06-15 09:53:11,S,254.95,1,5
2021-06-15 09:53:11,S,255.0,9,651
2021-06-15 09:53:11,S,255.05,1,2
2021-06-15 09:53:11,S,254.0,2,496
2021-06-15 09:53:11,S,253.8,2,7
2021-06-15 09:53:11,S,253.6,2,9
2021-06-15 09:53:11,S,253.4,2,7
2021-06-15 09:53:11,S,253.2,2,8
2021-06-15 09:53:13,S,254.7,1,1
2021-06-15 09:53:13,S,254.75,1,1
2021-06-15 09:53:13,S,254.95,1,5
2021-06-15 09:53:13,S,255.0,9,651
2021-06-15 09:53:13,S,255.05,1,2
2021-06-15 09:53:13,S,254.0,2,496
2021-06-15 09:53:13,S,253.8,2,7
2021-06-15 09:53:13,S,253.6,2,9
2021-06-15 09:53:13,S,253.4,2,7
2021-06-15 09:53:13,S,253.2,2,8
2021-06-15 09:53:15,S,255.0,2,18
2021-06-15 09:53:15,S,255.05,1,10
2021-06-15 09:53:15,S,255.5,2,9
2021-06-15 09:53:15,S,255.55,2,58
2021-06-15 09:53:15,S,255.7,1,2
2021-06-15 09:53:15,S,254.3,2,8
2021-06-15 09:53:15,S,254.25,1,7
2021-06-15 09:53:15,S,254.2,2,5
2021-06-15 09:53:15,S,254.0,2,9
2021-06-15 09:53:15,S,253.95,2,10
2021-06-15 09:53:19,S,254.65,1,6
2021-06-15 09:53:19,S,254.9,1,25
2021-06-15 09:53:19,S,255.0,3,20
2021-06-15 09:53:19,S,255.25,2,9
2021-06-15 09:53:19,S,255.5,2,9
2021-06-15 09:53:19,S,254.25,2,5
2021-06-15 09:53:19,S,254.2,2,5
2021-06-15 09:53:19,S,254.0,2,9
2021-06-15 09:53:19,S,253.95,2,10
2021-06-15 09:53:19,S,253.85,1,5
2021-06-15 09:53:23,S,254.25,1,6
2021-06-15 09:53:23,S,254.85,1,2
2021-06-15 09:53:23,S,254.9,1,25
2021-06-15 09:53:23,S,255.0,4,70
2021-06-15 09:53:23,S,255.15,1,48
2021-06-15 09:53:23,S,254.05,2,4
2021-06-15 09:53:23,S,254.0,2,9
2021-06-15 09:53:23,S,253.8,1,2
2021-06-15 09:53:23,S,253.6,1,2
2021-06-15 09:53:23,S,253.55,1,5
2021-06-15 09:53:27,S,254.85,1,2
2021-06-15 09:53:27,S,254.9,2,30
2021-06-15 09:53:27,S,255.0,5,77
2021-06-15 09:53:27,S,255.15,1,48
2021-06-15 09:53:27,S,255.25,2,9
2021-06-15 09:53:27,S,253.65,3,9
2021-06-15 09:53:27,S,253.6,2,9
2021-06-15 09:53:27,S,253.55,2,10
2021-06-15 09:53:27,S,253.45,1,5
2021-06-15 09:53:27,S,253.4,1,2
2021-06-15 09:53:31,S,254.2,1,111
2021-06-15 09:53:31,S,254.25,1,1
2021-06-15 09:53:31,S,254.8,1,2
2021-06-15 09:53:31,S,254.85,1,5
2021-06-15 09:53:31,S,254.9,2,30
2021-06-15 09:53:31,S,254.15,1,6
2021-06-15 09:53:31,S,253.85,2,8
2021-06-15 09:53:31,S,253.75,2,8
2021-06-15 09:53:31,S,253.7,1,2
2021-06-15 09:53:31,S,253.65,1,7
2021-06-15 09:53:31,S,254.2,1,111
2021-06-15 09:53:31,S,254.25,1,1
2021-06-15 09:53:31,S,254.8,1,2
2021-06-15 09:53:31,S,254.85,1,5
2021-06-15 09:53:31,S,254.9,2,30
2021-06-15 09:53:31,S,254.15,1,6
2021-06-15 09:53:31,S,253.85,2,8
2021-06-15 09:53:31,S,253.75,2,8
2021-06-15 09:53:31,S,253.7,1,2
2021-06-15 09:53:31,S,253.65,1,7
2021-06-15 09:53:34,S,254.2,1,111
2021-06-15 09:53:34,S,254.25,1,1
2021-06-15 09:53:34,S,254.8,1,2
2021-06-15 09:53:34,S,254.85,1,5
2021-06-15 09:53:34,S,254.9,2,30
2021-06-15 09:53:34,S,254.15,1,6
2021-06-15 09:53:34,S,253.85,2,8
2021-06-15 09:53:34,S,253.75,2,8
2021-06-15 09:53:34,S,253.7,1,2
2021-06-15 09:53:34,S,253.65,1,7
2021-06-15 09:53:35,S,254.2,3,136
2021-06-15 09:53:35,S,254.25,1,1
2021-06-15 09:53:35,S,254.75,2,65
2021-06-15 09:53:35,S,254.8,2,9
2021-06-15 09:53:35,S,254.9,2,30
2021-06-15 09:53:35,S,253.6,2,9
2021-06-15 09:53:35,S,253.45,2,9
2021-06-15 09:53:35,S,253.4,2,9
2021-06-15 09:53:35,S,253.35,1,5
2021-06-15 09:53:35,S,253.25,2,55
2021-06-15 09:53:38,S,254.2,3,136
2021-06-15 09:53:38,S,254.25,1,1
2021-06-15 09:53:38,S,254.75,2,65
2021-06-15 09:53:38,S,254.8,2,9
2021-06-15 09:53:38,S,254.9,2,30
2021-06-15 09:53:38,S,253.6,2,9
2021-06-15 09:53:38,S,253.45,2,9
2021-06-15 09:53:38,S,253.4,2,9
2021-06-15 09:53:38,S,253.35,1,5
2021-06-15 09:53:38,S,253.25,2,55
2021-06-15 09:53:40,S,253.6,1,2
2021-06-15 09:53:40,S,254.2,4,138
2021-06-15 09:53:40,S,254.25,2,8
2021-06-15 09:53:40,S,254.4,1,2
2021-06-15 09:53:40,S,254.75,2,65
2021-06-15 09:53:40,S,253.45,2,9
2021-06-15 09:53:40,S,253.25,2,18
2021-06-15 09:53:40,S,253.2,2,9
2021-06-15 09:53:40,S,253.05,2,27
2021-06-15 09:53:40,S,253.0,1,217
2021-06-15 09:53:42,S,253.6,1,2
2021-06-15 09:53:42,S,254.2,4,138
2021-06-15 09:53:42,S,254.25,2,8
2021-06-15 09:53:42,S,254.4,1,2
2021-06-15 09:53:42,S,254.75,2,65
2021-06-15 09:53:42,S,253.45,2,9
2021-06-15 09:53:42,S,253.25,2,18
2021-06-15 09:53:42,S,253.2,2,9
2021-06-15 09:53:42,S,253.05,2,27
2021-06-15 09:53:42,S,253.0,1,217
2021-06-15 09:53:45,S,253.45,1,3
2021-06-15 09:53:45,S,254.15,3,89
2021-06-15 09:53:45,S,254.2,3,138
2021-06-15 09:53:45,S,254.25,1,1
2021-06-15 09:53:45,S,254.4,2,9
2021-06-15 09:53:45,S,253.3,2,6
2021-06-15 09:53:45,S,253.15,2,18
2021-06-15 09:53:45,S,253.05,2,27
2021-06-15 09:53:45,S,253.0,1,217
2021-06-15 09:53:45,S,252.95,1,2
2021-06-15 09:53:49,S,253.45,1,6
2021-06-15 09:53:49,S,254.1,2,9
2021-06-15 09:53:49,S,254.15,3,87
2021-06-15 09:53:49,S,254.2,3,118
2021-06-15 09:53:49,S,254.25,2,8
2021-06-15 09:53:49,S,253.05,2,27
2021-06-15 09:53:49,S,253.0,3,237
2021-06-15 09:53:49,S,252.85,2,60
2021-06-15 09:53:49,S,252.75,1,2
2021-06-15 09:53:49,S,252.6,1,5
2021-06-15 09:53:52,S,253.45,1,6
2021-06-15 09:53:52,S,254.1,2,9
2021-06-15 09:53:52,S,254.15,3,87
2021-06-15 09:53:52,S,254.2,3,118
2021-06-15 09:53:52,S,254.25,2,8
2021-06-15 09:53:52,S,253.05,2,27
2021-06-15 09:53:52,S,253.0,3,237
2021-06-15 09:53:52,S,252.85,2,60
2021-06-15 09:53:52,S,252.75,1,2
2021-06-15 09:53:52,S,252.6,1,5
2021-06-15 09:53:54,S,254.1,2,8
2021-06-15 09:53:54,S,254.15,2,85
2021-06-15 09:53:54,S,254.2,3,116
2021-06-15 09:53:54,S,254.25,3,10
2021-06-15 09:53:54,S,254.55,1,3
2021-06-15 09:53:54,S,253.5,2,7
2021-06-15 09:53:54,S,253.45,1,3
2021-06-15 09:53:54,S,253.1,1,7
2021-06-15 09:53:54,S,253.05,2,27
2021-06-15 09:53:54,S,253.0,3,324
2021-06-15 09:53:58,S,254.1,2,8
2021-06-15 09:53:58,S,254.15,2,85
2021-06-15 09:53:58,S,254.2,3,116
2021-06-15 09:53:58,S,254.25,3,10
2021-06-15 09:53:58,S,254.35,1,58
2021-06-15 09:53:58,S,253.5,2,5
2021-06-15 09:53:58,S,253.35,2,9
2021-06-15 09:53:58,S,253.3,2,7
2021-06-15 09:53:58,S,253.05,2,27
2021-06-15 09:53:58,S,253.0,3,324
2021-06-15 09:54:02,S,254.05,1,4
2021-06-15 09:54:02,S,254.1,2,11
2021-06-15 09:54:02,S,254.15,2,85
2021-06-15 09:54:02,S,254.2,3,116
2021-06-15 09:54:02,S,254.25,2,8
2021-06-15 09:54:02,S,253.5,2,5
2021-06-15 09:54:02,S,253.35,2,9
2021-06-15 09:54:02,S,253.3,2,7
2021-06-15 09:54:02,S,253.05,2,27
2021-06-15 09:54:02,S,253.0,3,324
2021-06-15 09:54:07,S,253.75,1,4
2021-06-15 09:54:07,S,253.8,1,7
2021-06-15 09:54:07,S,254.15,3,87
2021-06-15 09:54:07,S,254.2,3,116
2021-06-15 09:54:07,S,254.25,2,8
2021-06-15 09:54:07,S,253.35,2,9
2021-06-15 09:54:07,S,253.2,2,9
2021-06-15 09:54:07,S,253.05,2,27
2021-06-15 09:54:07,S,253.0,3,324
2021-06-15 09:54:07,S,252.95,3,14
2021-06-15 09:54:08,S,253.75,1,4
2021-06-15 09:54:08,S,253.8,1,7
2021-06-15 09:54:08,S,254.15,3,87
2021-06-15 09:54:08,S,254.2,3,116
2021-06-15 09:54:08,S,254.25,2,8
2021-06-15 09:54:08,S,253.35,2,9
2021-06-15 09:54:08,S,253.2,2,9
2021-06-15 09:54:08,S,253.05,2,27
2021-06-15 09:54:08,S,253.0,3,324
2021-06-15 09:54:08,S,252.95,3,14
2021-06-15 09:54:11,S,253.35,1,7
2021-06-15 09:54:11,S,254.05,2,10
2021-06-15 09:54:11,S,254.1,1,7
2021-06-15 09:54:11,S,254.15,3,87
2021-06-15 09:54:11,S,254.2,3,116
2021-06-15 09:54:11,S,253.05,2,27
2021-06-15 09:54:11,S,253.0,4,336
2021-06-15 09:54:11,S,252.85,2,60
2021-06-15 09:54:11,S,252.75,1,2
2021-06-15 09:54:11,S,252.65,1,5
2021-06-15 09:54:12,S,253.35,1,7
2021-06-15 09:54:12,S,254.05,2,10
2021-06-15 09:54:12,S,254.1,1,7
2021-06-15 09:54:12,S,254.15,3,87
2021-06-15 09:54:12,S,254.2,3,116
2021-06-15 09:54:12,S,253.05,2,27
2021-06-15 09:54:12,S,253.0,4,336
2021-06-15 09:54:12,S,252.85,2,60
2021-06-15 09:54:12,S,252.75,1,2
2021-06-15 09:54:12,S,252.65,1,5
2021-06-15 09:54:14,S,253.35,1,7
2021-06-15 09:54:14,S,254.05,2,10
2021-06-15 09:54:14,S,254.1,1,7
2021-06-15 09:54:14,S,254.15,3,87
2021-06-15 09:54:14,S,254.2,3,116
2021-06-15 09:54:14,S,253.05,2,27
2021-06-15 09:54:14,S,253.0,4,336
2021-06-15 09:54:14,S,252.85,2,60
2021-06-15 09:54:14,S,252.75,1,2
2021-06-15 09:54:14,S,252.65,1,5
2021-06-15 09:54:15,S,252.95,1,4
2021-06-15 09:54:15,S,253.0,2,97
2021-06-15 09:54:15,S,253.35,2,14
2021-06-15 09:54:15,S,253.55,1,55
2021-06-15 09:54:15,S,253.9,2,9
2021-06-15 09:54:15,S,252.55,1,4
2021-06-15 09:54:15,S,252.5,1,2
2021-06-15 09:54:15,S,252.45,2,57
2021-06-15 09:54:15,S,252.25,1,4
2021-06-15 09:54:15,S,252.1,1,4
2021-06-15 09:54:20,S,252.7,1,4
2021-06-15 09:54:20,S,252.75,1,7
2021-06-15 09:54:20,S,253.0,2,97
2021-06-15 09:54:20,S,253.3,2,9
2021-06-15 09:54:20,S,253.35,1,7
2021-06-15 09:54:20,S,252.4,1,4
2021-06-15 09:54:20,S,252.35,1,13
2021-06-15 09:54:20,S,252.25,1,7
2021-06-15 09:54:20,S,252.1,1,4
2021-06-15 09:54:20,S,252.05,3,135
2021-06-15 09:54:23,S,252.7,1,4
2021-06-15 09:54:23,S,252.75,1,7
2021-06-15 09:54:23,S,253.0,2,97
2021-06-15 09:54:23,S,253.3,2,9
2021-06-15 09:54:23,S,253.35,1,7
2021-06-15 09:54:23,S,252.4,1,4
2021-06-15 09:54:23,S,252.35,1,13
2021-06-15 09:54:23,S,252.25,1,7
2021-06-15 09:54:23,S,252.1,1,4
2021-06-15 09:54:23,S,252.05,3,135
2021-06-15 09:54:24,S,252.4,1,7
2021-06-15 09:54:24,S,252.95,2,10
2021-06-15 09:54:24,S,253.0,2,97
2021-06-15 09:54:24,S,253.3,2,9
2021-06-15 09:54:24,S,253.5,1,2
2021-06-15 09:54:24,S,252.2,2,7
2021-06-15 09:54:24,S,252.05,3,137
2021-06-15 09:54:24,S,252.0,1,977
2021-06-15 09:54:24,S,251.9,1,2
2021-06-15 09:54:24,S,251.8,1,2
2021-06-15 09:54:27,S,252.4,1,7
2021-06-15 09:54:27,S,252.95,2,10
2021-06-15 09:54:27,S,253.0,2,97
2021-06-15 09:54:27,S,253.3,2,9
2021-06-15 09:54:27,S,253.5,1,2
2021-06-15 09:54:27,S,252.2,2,7
2021-06-15 09:54:27,S,252.05,3,137
2021-06-15 09:54:27,S,252.0,1,977
2021-06-15 09:54:27,S,251.9,1,2
2021-06-15 09:54:27,S,251.8,1,2
2021-06-15 09:54:28,S,253.25,1,4
2021-06-15 09:54:28,S,253.3,2,9
2021-06-15 09:54:28,S,253.5,2,9
2021-06-15 09:54:28,S,253.7,1,3
2021-06-15 09:54:28,S,253.9,3,61
2021-06-15 09:54:28,S,252.05,3,82
2021-06-15 09:54:28,S,252.0,3,987
2021-06-15 09:54:28,S,251.95,2,12
2021-06-15 09:54:28,S,251.9,3,14
2021-06-15 09:54:28,S,251.8,1,2
2021-06-15 09:54:32,S,253.2,1,4
2021-06-15 09:54:32,S,253.25,2,12
2021-06-15 09:54:32,S,253.7,2,10
2021-06-15 09:54:32,S,253.9,3,61
2021-06-15 09:54:32,S,253.95,1,48
2021-06-15 09:54:32,S,252.3,3,46
2021-06-15 09:54:32,S,252.2,3,15
2021-06-15 09:54:32,S,252.15,2,8
2021-06-15 09:54:32,S,252.1,3,29
2021-06-15 09:54:32,S,252.05,3,82
2021-06-15 09:54:34,S,253.2,1,4
2021-06-15 09:54:34,S,253.25,2,12
2021-06-15 09:54:34,S,253.7,2,10
2021-06-15 09:54:34,S,253.9,3,61
2021-06-15 09:54:34,S,253.95,1,48
2021-06-15 09:54:34,S,252.3,3,46
2021-06-15 09:54:34,S,252.2,3,15
2021-06-15 09:54:34,S,252.15,2,8
2021-06-15 09:54:34,S,252.1,3,29
2021-06-15 09:54:34,S,252.05,3,82
2021-06-15 09:54:37,S,252.75,1,6
2021-06-15 09:54:37,S,253.2,2,10
2021-06-15 09:54:37,S,253.25,1,6
2021-06-15 09:54:37,S,253.5,2,9
2021-06-15 09:54:37,S,253.7,2,10
2021-06-15 09:54:37,S,252.35,1,12
2021-06-15 09:54:37,S,252.3,2,5
2021-06-15 09:54:37,S,252.2,1,5
2021-06-15 09:54:37,S,252.15,1,3
2021-06-15 09:54:37,S,252.1,3,29
2021-06-15 09:54:42,S,253.6,2,8
2021-06-15 09:54:42,S,253.85,2,26
2021-06-15 09:54:42,S,253.9,2,59
2021-06-15 09:54:42,S,253.95,3,57
2021-06-15 09:54:42,S,254.0,1,13
2021-06-15 09:54:42,S,253.1,1,4
2021-06-15 09:54:42,S,253.05,1,50
2021-06-15 09:54:42,S,252.95,1,2
2021-06-15 09:54:42,S,252.75,1,2
2021-06-15 09:54:42,S,252.45,2,67
2021-06-15 09:54:46,S,253.6,3,14
2021-06-15 09:54:46,S,253.85,2,26
2021-06-15 09:54:46,S,253.9,2,59
2021-06-15 09:54:46,S,253.95,3,57
2021-06-15 09:54:46,S,254.0,1,13
2021-06-15 09:54:46,S,253.1,1,4
2021-06-15 09:54:46,S,253.05,1,50
2021-06-15 09:54:46,S,252.95,1,2
2021-06-15 09:54:46,S,252.75,1,2
2021-06-15 09:54:46,S,252.45,2,67
2021-06-15 09:54:51,S,253.35,2,10
2021-06-15 09:54:51,S,253.6,2,8
2021-06-15 09:54:51,S,253.85,2,26
2021-06-15 09:54:51,S,253.9,2,59
2021-06-15 09:54:51,S,253.95,3,57
2021-06-15 09:54:51,S,253.1,1,4
2021-06-15 09:54:51,S,253.05,1,50
2021-06-15 09:54:51,S,252.95,1,2
2021-06-15 09:54:51,S,252.75,1,2
2021-06-15 09:54:51,S,252.45,2,67
2021-06-15 09:54:53,S,253.35,2,10
2021-06-15 09:54:53,S,253.6,2,8
2021-06-15 09:54:53,S,253.85,2,26
2021-06-15 09:54:53,S,253.9,2,59
2021-06-15 09:54:53,S,253.95,3,57
2021-06-15 09:54:53,S,253.1,1,4
2021-06-15 09:54:53,S,253.05,1,50
2021-06-15 09:54:53,S,252.95,1,2
2021-06-15 09:54:53,S,252.75,1,2
2021-06-15 09:54:53,S,252.45,2,67
2021-06-15 09:54:54,S,253.1,1,6
2021-06-15 09:54:54,S,253.6,2,8
2021-06-15 09:54:54,S,253.85,2,26
2021-06-15 09:54:54,S,253.9,2,59
2021-06-15 09:54:54,S,253.95,3,57
2021-06-15 09:54:54,S,253.05,1,50
2021-06-15 09:54:54,S,252.75,2,9
2021-06-15 09:54:54,S,252.6,2,9
2021-06-15 09:54:54,S,252.45,2,67
2021-06-15 09:54:54,S,252.3,2,5
2021-06-15 09:54:57,S,253.1,1,6
2021-06-15 09:54:57,S,253.6,2,8
2021-06-15 09:54:57,S,253.85,2,26
2021-06-15 09:54:57,S,253.9,2,59
2021-06-15 09:54:57,S,253.95,3,57
2021-06-15 09:54:57,S,253.05,1,50
2021-06-15 09:54:57,S,252.75,2,9
2021-06-15 09:54:57,S,252.6,2,9
2021-06-15 09:54:57,S,252.45,2,67
2021-06-15 09:54:57,S,252.3,2,5
2021-06-15 09:54:59,S,253.6,2,8
2021-06-15 09:54:59,S,253.9,3,87
2021-06-15 09:54:59,S,253.95,3,57
2021-06-15 09:54:59,S,254.0,1,13
2021-06-15 09:54:59,S,254.15,3,87
2021-06-15 09:54:59,S,253.05,1,50
2021-06-15 09:54:59,S,252.75,2,7
2021-06-15 09:54:59,S,252.6,2,9
2021-06-15 09:54:59,S,252.45,2,67
2021-06-15 09:54:59,S,252.3,2,5
2021-06-15 09:55:03,S,253.6,3,15
2021-06-15 09:55:03,S,253.85,2,26
2021-06-15 09:55:03,S,253.9,3,87
2021-06-15 09:55:03,S,253.95,3,57
2021-06-15 09:55:03,S,254.0,1,13
2021-06-15 09:55:03,S,253.05,1,50
2021-06-15 09:55:03,S,253.0,1,2
2021-06-15 09:55:03,S,252.75,2,7
2021-06-15 09:55:03,S,252.6,2,9
2021-06-15 09:55:03,S,252.45,2,67
2021-06-15 09:55:07,S,253.35,2,11
2021-06-15 09:55:07,S,253.6,2,8
2021-06-15 09:55:07,S,253.75,2,9
2021-06-15 09:55:07,S,253.85,2,26
2021-06-15 09:55:07,S,253.9,3,87
2021-06-15 09:55:07,S,253.05,1,50
2021-06-15 09:55:07,S,252.75,1,2
2021-06-15 09:55:07,S,252.6,2,9
2021-06-15 09:55:07,S,252.5,1,2
2021-06-15 09:55:07,S,252.45,2,67
2021-06-15 09:55:08,S,253.35,2,11
2021-06-15 09:55:08,S,253.6,2,8
2021-06-15 09:55:08,S,253.75,2,9
2021-06-15 09:55:08,S,253.85,2,26
2021-06-15 09:55:08,S,253.9,3,87
2021-06-15 09:55:08,S,253.05,1,50
2021-06-15 09:55:08,S,252.75,1,2
2021-06-15 09:55:08,S,252.6,2,9
2021-06-15 09:55:08,S,252.5,1,2
2021-06-15 09:55:08,S,252.45,2,67
2021-06-15 09:55:12,S,253.5,2,8
2021-06-15 09:55:12,S,253.55,2,17
2021-06-15 09:55:12,S,253.75,2,9
2021-06-15 09:55:12,S,253.85,2,26
2021-06-15 09:55:12,S,253.9,3,87
2021-06-15 09:55:12,S,253.05,1,50
2021-06-15 09:55:12,S,252.75,1,2
2021-06-15 09:55:12,S,252.6,2,9
2021-06-15 09:55:12,S,252.5,1,2
2021-06-15 09:55:12,S,252.45,2,67
2021-06-15 09:55:16,S,253.5,2,10
2021-06-15 09:55:16,S,253.7,2,10
2021-06-15 09:55:16,S,253.75,2,9
2021-06-15 09:55:16,S,253.85,2,26
2021-06-15 09:55:16,S,253.9,3,87
2021-06-15 09:55:16,S,253.1,1,30
2021-06-15 09:55:16,S,253.05,1,50
2021-06-15 09:55:16,S,253.0,1,2
2021-06-15 09:55:16,S,252.75,2,9
2021-06-15 09:55:16,S,252.6,2,9
2021-06-15 09:55:21,S,253.3,2,10
2021-06-15 09:55:21,S,253.5,1,4
2021-06-15 09:55:21,S,253.7,2,10
2021-06-15 09:55:21,S,253.75,2,9
2021-06-15 09:55:21,S,253.85,2,26
2021-06-15 09:55:21,S,253.1,1,30
2021-06-15 09:55:21,S,253.05,1,50
2021-06-15 09:55:21,S,252.75,2,9
2021-06-15 09:55:21,S,252.6,2,9
2021-06-15 09:55:21,S,252.5,1,2
2021-06-15 09:55:23,S,253.3,2,10
2021-06-15 09:55:23,S,253.5,1,4
2021-06-15 09:55:23,S,253.7,2,10
2021-06-15 09:55:23,S,253.75,2,9
2021-06-15 09:55:23,S,253.85,2,26
2021-06-15 09:55:23,S,253.1,1,30
2021-06-15 09:55:23,S,253.05,1,50
2021-06-15 09:55:23,S,252.75,2,9
2021-06-15 09:55:23,S,252.6,2,9
2021-06-15 09:55:23,S,252.5,1,2
2021-06-15 09:55:25,S,253.55,2,8
2021-06-15 09:55:25,S,253.75,1,2
2021-06-15 09:55:25,S,253.85,2,26
2021-06-15 09:55:25,S,253.9,3,87
2021-06-15 09:55:25,S,253.95,3,57
2021-06-15 09:55:25,S,253.1,1,30
2021-06-15 09:55:25,S,253.05,1,50
2021-06-15 09:55:25,S,252.6,2,9
2021-06-15 09:55:25,S,252.45,2,67
2021-06-15 09:55:25,S,252.3,2,5
2021-06-15 09:55:29,S,253.6,2,8
2021-06-15 09:55:29,S,253.65,1,4
2021-06-15 09:55:29,S,253.7,1,6
2021-06-15 09:55:29,S,253.75,2,8
2021-06-15 09:55:29,S,253.85,2,26
2021-06-15 09:55:29,S,253.1,1,30
2021-06-15 09:55:29,S,253.05,1,50
2021-06-15 09:55:29,S,252.95,1,2
2021-06-15 09:55:29,S,252.6,2,9
2021-06-15 09:55:29,S,252.55,1,2
2021-06-15 09:55:33,S,253.6,3,13
2021-06-15 09:55:33,S,253.85,2,26
2021-06-15 09:55:33,S,253.9,3,87
2021-06-15 09:55:33,S,253.95,3,57
2021-06-15 09:55:33,S,254.0,1,13
2021-06-15 09:55:33,S,253.1,1,30
2021-06-15 09:55:33,S,253.05,1,50
2021-06-15 09:55:33,S,252.95,1,2
2021-06-15 09:55:33,S,252.6,2,9
2021-06-15 09:55:33,S,252.55,1,2
2021-06-15 09:55:37,S,253.35,2,9
2021-06-15 09:55:37,S,253.6,2,8
2021-06-15 09:55:37,S,253.85,2,26
2021-06-15 09:55:37,S,253.9,3,87
2021-06-15 09:55:37,S,253.95,3,57
2021-06-15 09:55:37,S,253.1,1,30
2021-06-15 09:55:37,S,253.05,1,50
2021-06-15 09:55:37,S,252.8,2,9
2021-06-15 09:55:37,S,252.6,2,9
2021-06-15 09:55:37,S,252.5,1,1
2021-06-15 09:55:38,S,253.35,2,9
2021-06-15 09:55:38,S,253.6,2,8
2021-06-15 09:55:38,S,253.85,2,26
2021-06-15 09:55:38,S,253.9,3,87
2021-06-15 09:55:38,S,253.95,3,57
2021-06-15 09:55:38,S,253.1,1,30
2021-06-15 09:55:38,S,253.05,1,50
2021-06-15 09:55:38,S,252.8,2,9
2021-06-15 09:55:38,S,252.6,2,9
2021-06-15 09:55:38,S,252.5,1,1
2021-06-15 09:55:41,S,253.6,2,8
2021-06-15 09:55:41,S,253.75,2,8
2021-06-15 09:55:41,S,253.85,2,26
2021-06-15 09:55:41,S,253.9,3,87
2021-06-15 09:55:41,S,253.95,3,57
2021-06-15 09:55:41,S,253.1,1,30
2021-06-15 09:55:41,S,253.05,1,50
2021-06-15 09:55:41,S,252.8,1,2
2021-06-15 09:55:41,S,252.6,2,9
2021-06-15 09:55:41,S,252.5,1,1
2021-06-15 09:55:44,S,253.6,2,8
2021-06-15 09:55:44,S,253.75,2,8
2021-06-15 09:55:44,S,253.85,2,26
2021-06-15 09:55:44,S,253.9,3,87
2021-06-15 09:55:44,S,253.95,3,57
2021-06-15 09:55:44,S,253.1,1,30
2021-06-15 09:55:44,S,253.05,1,50
2021-06-15 09:55:44,S,252.8,1,2
2021-06-15 09:55:44,S,252.6,2,9
2021-06-15 09:55:44,S,252.5,1,1
2021-06-15 09:55:46,S,253.6,1,6
2021-06-15 09:55:46,S,253.85,1,8
2021-06-15 09:55:46,S,253.9,2,38
2021-06-15 09:55:46,S,254.0,2,20
2021-06-15 09:55:46,S,254.15,3,87
2021-06-15 09:55:46,S,253.25,2,12
2021-06-15 09:55:46,S,253.2,2,8
2021-06-15 09:55:46,S,253.1,2,37
2021-06-15 09:55:46,S,253.05,2,55
2021-06-15 09:55:46,S,253.0,1,2
2021-06-15 09:55:48,S,253.6,1,6
2021-06-15 09:55:48,S,253.85,1,8
2021-06-15 09:55:48,S,253.9,2,38
2021-06-15 09:55:48,S,254.0,2,20
2021-06-15 09:55:48,S,254.15,3,87
2021-06-15 09:55:48,S,253.25,2,12
2021-06-15 09:55:48,S,253.2,2,8
2021-06-15 09:55:48,S,253.1,2,37
2021-06-15 09:55:48,S,253.05,2,55
2021-06-15 09:55:48,S,253.0,1,2
2021-06-15 09:55:51,S,253.9,2,133
2021-06-15 09:55:51,S,254.0,2,18
2021-06-15 09:55:51,S,254.15,2,85
2021-06-15 09:55:51,S,254.2,2,25
2021-06-15 09:55:51,S,254.25,2,8
2021-06-15 09:55:51,S,253.4,1,4
2021-06-15 09:55:51,S,253.3,1,8
2021-06-15 09:55:51,S,253.25,2,8
2021-06-15 09:55:51,S,253.1,2,37
2021-06-15 09:55:51,S,253.05,2,55
2021-06-15 09:55:52,S,253.9,2,133
2021-06-15 09:55:52,S,254.0,2,18
2021-06-15 09:55:52,S,254.15,2,85
2021-06-15 09:55:52,S,254.2,2,25
2021-06-15 09:55:52,S,254.25,2,8
2021-06-15 09:55:52,S,253.4,1,4
2021-06-15 09:55:52,S,253.3,1,8
2021-06-15 09:55:52,S,253.25,2,8
2021-06-15 09:55:52,S,253.1,2,37
2021-06-15 09:55:52,S,253.05,2,55
2021-06-15 09:55:55,S,253.6,1,10
2021-06-15 09:55:55,S,253.9,3,138
2021-06-15 09:55:55,S,254.0,3,20
2021-06-15 09:55:55,S,254.15,2,85
2021-06-15 09:55:55,S,254.2,3,27
2021-06-15 09:55:55,S,253.3,2,14
2021-06-15 09:55:55,S,253.1,2,37
2021-06-15 09:55:55,S,253.05,2,55
2021-06-15 09:55:55,S,253.0,1,2
2021-06-15 09:55:55,S,252.9,1,20
2021-06-15 09:55:59,S,253.85,3,27
2021-06-15 09:55:59,S,253.9,3,138
2021-06-15 09:55:59,S,254.0,3,20
2021-06-15 09:55:59,S,254.15,2,85
2021-06-15 09:55:59,S,254.2,3,27
2021-06-15 09:55:59,S,253.3,1,8
2021-06-15 09:55:59,S,253.25,1,6
2021-06-15 09:55:59,S,253.1,2,37
2021-06-15 09:55:59,S,253.05,2,55
2021-06-15 09:55:59,S,253.0,1,2
2021-06-15 09:56:04,S,253.75,1,13
2021-06-15 09:56:04,S,253.85,3,20
2021-06-15 09:56:04,S,253.9,3,138
2021-06-15 09:56:04,S,254.0,3,20
2021-06-15 09:56:04,S,254.15,2,85
2021-06-15 09:56:04,S,253.15,2,12
2021-06-15 09:56:04,S,253.1,2,37
2021-06-15 09:56:04,S,253.05,2,55
2021-06-15 09:56:04,S,253.0,1,2
2021-06-15 09:56:04,S,252.8,2,9
2021-06-15 09:56:05,S,253.75,1,13
2021-06-15 09:56:05,S,253.85,3,20
2021-06-15 09:56:05,S,253.9,3,138
2021-06-15 09:56:05,S,254.0,3,20
2021-06-15 09:56:05,S,254.15,2,85
2021-06-15 09:56:05,S,253.15,2,12
2021-06-15 09:56:05,S,253.1,2,37
2021-06-15 09:56:05,S,253.05,2,55
2021-06-15 09:56:05,S,253.0,1,2
2021-06-15 09:56:05,S,252.8,2,9
2021-06-15 09:56:08,S,253.9,2,107
2021-06-15 09:56:08,S,254.0,3,20
2021-06-15 09:56:08,S,254.15,2,85
2021-06-15 09:56:08,S,254.2,3,27
2021-06-15 09:56:08,S,254.25,2,8
2021-06-15 09:56:08,S,253.15,2,12
2021-06-15 09:56:08,S,253.1,2,37
2021-06-15 09:56:08,S,253.05,2,55
2021-06-15 09:56:08,S,253.0,1,2
2021-06-15 09:56:08,S,252.8,2,9
2021-06-15 09:56:12,S,253.9,2,107
2021-06-15 09:56:12,S,254.0,1,13
2021-06-15 09:56:12,S,254.15,2,85
2021-06-15 09:56:12,S,254.2,3,27
2021-06-15 09:56:12,S,254.25,2,8
2021-06-15 09:56:12,S,253.3,3,14
2021-06-15 09:56:12,S,253.2,2,34
2021-06-15 09:56:12,S,253.05,2,55
2021-06-15 09:56:12,S,253.0,1,2
2021-06-15 09:56:12,S,252.8,2,9
2021-06-15 09:56:13,S,253.9,2,107
2021-06-15 09:56:13,S,254.0,1,13
2021-06-15 09:56:13,S,254.15,2,85
2021-06-15 09:56:13,S,254.2,3,27
2021-06-15 09:56:13,S,254.25,2,8
2021-06-15 09:56:13,S,253.3,3,14
2021-06-15 09:56:13,S,253.2,2,34
2021-06-15 09:56:13,S,253.05,2,55
2021-06-15 09:56:13,S,253.0,1,2
2021-06-15 09:56:13,S,252.8,2,9
2021-06-15 09:56:17,S,253.9,3,113
2021-06-15 09:56:17,S,254.0,1,13
2021-06-15 09:56:17,S,254.15,2,85
2021-06-15 09:56:17,S,254.2,3,27
2021-06-15 09:56:17,S,254.25,2,8
2021-06-15 09:56:17,S,253.3,3,14
2021-06-15 09:56:17,S,253.2,2,34
2021-06-15 09:56:17,S,253.05,2,55
2021-06-15 09:56:17,S,253.0,1,2
2021-06-15 09:56:17,S,252.8,2,9
2021-06-15 09:56:20,S,253.6,1,7
2021-06-15 09:56:20,S,253.9,2,106
2021-06-15 09:56:20,S,254.0,3,22
2021-06-15 09:56:20,S,254.15,2,85
2021-06-15 09:56:20,S,254.2,3,27
2021-06-15 09:56:20,S,253.4,2,12
2021-06-15 09:56:20,S,253.35,2,34
2021-06-15 09:56:20,S,253.3,1,4
2021-06-15 09:56:20,S,253.2,2,6
2021-06-15 09:56:20,S,253.05,2,55
2021-06-15 09:56:21,S,253.6,1,7
2021-06-15 09:56:21,S,253.9,2,106
2021-06-15 09:56:21,S,254.0,3,22
2021-06-15 09:56:21,S,254.15,2,85
2021-06-15 09:56:21,S,254.2,3,27
2021-06-15 09:56:21,S,253.4,2,12
2021-06-15 09:56:21,S,253.35,2,34
2021-06-15 09:56:21,S,253.3,1,4
2021-06-15 09:56:21,S,253.2,2,6
2021-06-15 09:56:21,S,253.05,2,55
2021-06-15 09:56:23,S,253.6,1,7
2021-06-15 09:56:23,S,253.9,2,106
2021-06-15 09:56:23,S,254.0,3,22
2021-06-15 09:56:23,S,254.15,2,85
2021-06-15 09:56:23,S,254.2,3,27
2021-06-15 09:56:23,S,253.4,2,12
2021-06-15 09:56:23,S,253.35,2,34
2021-06-15 09:56:23,S,253.3,1,4
2021-06-15 09:56:23,S,253.2,2,6
2021-06-15 09:56:23,S,253.05,2,55
2021-06-15 09:56:24,S,253.4,1,7
2021-06-15 09:56:24,S,253.85,2,13
2021-06-15 09:56:24,S,253.9,3,113
2021-06-15 09:56:24,S,254.0,2,20
2021-06-15 09:56:24,S,254.15,2,85
2021-06-15 09:56:24,S,253.35,2,34
2021-06-15 09:56:24,S,253.2,2,6
2021-06-15 09:56:24,S,253.05,2,55
2021-06-15 09:56:24,S,253.0,1,2
2021-06-15 09:56:24,S,252.8,2,9
2021-06-15 09:56:27,S,253.4,1,7
2021-06-15 09:56:27,S,253.85,2,13
2021-06-15 09:56:27,S,253.9,3,113
2021-06-15 09:56:27,S,254.0,2,20
2021-06-15 09:56:27,S,254.15,2,85
2021-06-15 09:56:27,S,253.35,2,34
2021-06-15 09:56:27,S,253.2,2,6
2021-06-15 09:56:27,S,253.05,2,55
2021-06-15 09:56:27,S,253.0,1,2
2021-06-15 09:56:27,S,252.8,2,9
2021-06-15 09:56:28,S,253.65,1,8
2021-06-15 09:56:28,S,253.7,2,17
2021-06-15 09:56:28,S,253.75,1,5
2021-06-15 09:56:28,S,253.8,1,5
2021-06-15 09:56:28,S,253.85,1,4
2021-06-15 09:56:28,S,253.35,1,17
2021-06-15 09:56:28,S,253.05,2,55
2021-06-15 09:56:28,S,253.0,3,21
2021-06-15 09:56:28,S,252.8,2,9
2021-06-15 09:56:28,S,252.6,2,9
2021-06-15 09:56:30,S,253.65,1,8
2021-06-15 09:56:30,S,253.7,2,17
2021-06-15 09:56:30,S,253.75,1,5
2021-06-15 09:56:30,S,253.8,1,5
2021-06-15 09:56:30,S,253.85,1,4
2021-06-15 09:56:30,S,253.35,1,17
2021-06-15 09:56:30,S,253.05,2,55
2021-06-15 09:56:30,S,253.0,3,21
2021-06-15 09:56:30,S,252.8,2,9
2021-06-15 09:56:30,S,252.6,2,9
2021-06-15 09:56:33,S,253.6,1,8
2021-06-15 09:56:33,S,253.65,1,7
2021-06-15 09:56:33,S,253.8,2,20
2021-06-15 09:56:33,S,253.9,3,113
2021-06-15 09:56:33,S,253.95,2,59
2021-06-15 09:56:33,S,253.35,1,17
2021-06-15 09:56:33,S,253.25,1,5
2021-06-15 09:56:33,S,253.2,2,9
2021-06-15 09:56:33,S,253.05,2,55
2021-06-15 09:56:33,S,253.0,2,9
2021-06-15 09:56:37,S,253.5,1,7
2021-06-15 09:56:37,S,253.85,2,13
2021-06-15 09:56:37,S,253.9,3,113
2021-06-15 09:56:37,S,253.95,3,61
2021-06-15 09:56:37,S,254.0,2,20
2021-06-15 09:56:37,S,253.4,1,5
2021-06-15 09:56:37,S,253.35,2,23
2021-06-15 09:56:37,S,253.3,1,6
2021-06-15 09:56:37,S,253.25,1,6
2021-06-15 09:56:37,S,253.05,2,55
2021-06-15 09:56:38,S,253.5,1,7
2021-06-15 09:56:38,S,253.85,2,13
2021-06-15 09:56:38,S,253.9,3,113
2021-06-15 09:56:38,S,253.95,3,61
2021-06-15 09:56:38,S,254.0,2,20
2021-06-15 09:56:38,S,253.4,1,5
2021-06-15 09:56:38,S,253.35,2,23
2021-06-15 09:56:38,S,253.3,1,6
2021-06-15 09:56:38,S,253.25,1,6
2021-06-15 09:56:38,S,253.05,2,55
2021-06-15 09:56:40,S,253.5,1,7
2021-06-15 09:56:40,S,253.85,2,13
2021-06-15 09:56:40,S,253.9,3,113
2021-06-15 09:56:40,S,253.95,3,61
2021-06-15 09:56:40,S,254.0,2,20
2021-06-15 09:56:40,S,253.4,1,5
2021-06-15 09:56:40,S,253.35,2,23
2021-06-15 09:56:40,S,253.3,1,6
2021-06-15 09:56:40,S,253.25,1,6
2021-06-15 09:56:40,S,253.05,2,55
2021-06-15 09:56:40,S,254.75,1,45
2021-06-15 09:56:40,S,254.8,1,2
2021-06-15 09:56:40,S,254.9,1,25
2021-06-15 09:56:40,S,254.95,1,6
2021-06-15 09:56:40,S,255.0,10,294
2021-06-15 09:56:40,S,253.2,3,17
2021-06-15 09:56:40,S,253.15,3,15
2021-06-15 09:56:40,S,253.1,2,13
2021-06-15 09:56:40,S,253.05,3,60
2021-06-15 09:56:40,S,253.0,2,9
2021-06-15 09:56:49,S,254.75,2,51
2021-06-15 09:56:49,S,254.9,1,25
2021-06-15 09:56:49,S,254.95,1,6
2021-06-15 09:56:49,S,255.0,9,292
2021-06-15 09:56:49,S,255.15,2,106
2021-06-15 09:56:49,S,253.65,3,17
2021-06-15 09:56:49,S,253.6,2,9
2021-06-15 09:56:49,S,253.55,1,5
2021-06-15 09:56:49,S,253.5,2,9
2021-06-15 09:56:49,S,253.45,2,6
2021-06-15 09:56:53,S,254.2,1,6
2021-06-15 09:56:53,S,254.75,2,47
2021-06-15 09:56:53,S,254.9,2,32
2021-06-15 09:56:53,S,254.95,2,8
2021-06-15 09:56:53,S,255.0,8,242
2021-06-15 09:56:53,S,253.8,2,12
2021-06-15 09:56:53,S,253.7,2,19
2021-06-15 09:56:53,S,253.65,2,6
2021-06-15 09:56:53,S,253.45,2,6
2021-06-15 09:56:53,S,253.4,2,13
2021-06-15 09:56:57,S,253.8,1,6
2021-06-15 09:56:57,S,254.05,1,16
2021-06-15 09:56:57,S,254.1,1,2
2021-06-15 09:56:57,S,254.3,1,2
2021-06-15 09:56:57,S,254.5,1,2
2021-06-15 09:56:57,S,253.45,2,6
2021-06-15 09:56:57,S,253.15,2,10
2021-06-15 09:56:57,S,253.1,3,30
2021-06-15 09:56:57,S,253.05,1,50
2021-06-15 09:56:57,S,253.0,3,57
2021-06-15 09:57:01,S,253.45,1,2
2021-06-15 09:57:01,S,253.75,1,16
2021-06-15 09:57:01,S,253.8,1,6
2021-06-15 09:57:01,S,253.9,1,2
2021-06-15 09:57:01,S,254.1,1,2
2021-06-15 09:57:01,S,253.2,1,4
2021-06-15 09:57:01,S,253.1,2,25
2021-06-15 09:57:01,S,253.05,2,52
2021-06-15 09:57:01,S,253.0,1,50
2021-06-15 09:57:01,S,252.85,1,56
2021-06-15 09:57:04,S,253.45,1,2
2021-06-15 09:57:04,S,253.75,1,16
2021-06-15 09:57:04,S,253.8,1,6
2021-06-15 09:57:04,S,253.9,1,2
2021-06-15 09:57:04,S,254.1,1,2
2021-06-15 09:57:04,S,253.2,1,4
2021-06-15 09:57:04,S,253.1,2,25
2021-06-15 09:57:04,S,253.05,2,52
2021-06-15 09:57:04,S,253.0,1,50
2021-06-15 09:57:04,S,252.85,1,56
2021-06-15 09:57:05,S,253.45,1,2
2021-06-15 09:57:05,S,253.75,1,16
2021-06-15 09:57:05,S,253.8,1,6
2021-06-15 09:57:05,S,253.9,1,2
2021-06-15 09:57:05,S,254.1,1,2
2021-06-15 09:57:05,S,253.2,1,4
2021-06-15 09:57:05,S,253.1,2,25
2021-06-15 09:57:05,S,253.05,2,52
2021-06-15 09:57:05,S,253.0,1,50
2021-06-15 09:57:05,S,252.85,1,56
2021-06-15 09:57:06,S,253.35,1,6
2021-06-15 09:57:06,S,254.05,1,16
2021-06-15 09:57:06,S,254.1,1,2
2021-06-15 09:57:06,S,254.3,1,2
2021-06-15 09:57:06,S,254.5,1,2
2021-06-15 09:57:06,S,253.1,3,38
2021-06-15 09:57:06,S,253.05,2,57
2021-06-15 09:57:06,S,253.0,2,8
2021-06-15 09:57:06,S,252.85,1,56
2021-06-15 09:57:06,S,252.8,1,2
2021-06-15 09:57:08,S,253.35,1,6
2021-06-15 09:57:08,S,254.05,1,16
2021-06-15 09:57:08,S,254.1,1,2
2021-06-15 09:57:08,S,254.3,1,2
2021-06-15 09:57:08,S,254.5,1,2
2021-06-15 09:57:08,S,253.1,3,38
2021-06-15 09:57:08,S,253.05,2,57
2021-06-15 09:57:08,S,253.0,2,8
2021-06-15 09:57:08,S,252.85,1,56
2021-06-15 09:57:08,S,252.8,1,2
2021-06-15 09:57:10,S,254.25,1,16
2021-06-15 09:57:10,S,254.3,1,2
2021-06-15 09:57:10,S,254.45,1,2
2021-06-15 09:57:10,S,254.5,1,2
2021-06-15 09:57:10,S,254.7,1,3
2021-06-15 09:57:10,S,253.05,2,57
2021-06-15 09:57:10,S,253.0,2,8
2021-06-15 09:57:10,S,252.95,2,10
2021-06-15 09:57:10,S,252.9,1,20
2021-06-15 09:57:10,S,252.85,3,63
2021-06-15 09:57:18,S,254.25,2,21
2021-06-15 09:57:18,S,254.5,1,2
2021-06-15 09:57:18,S,254.65,2,9
2021-06-15 09:57:18,S,254.7,1,3
2021-06-15 09:57:18,S,254.75,2,52
2021-06-15 09:57:18,S,253.05,2,57
2021-06-15 09:57:18,S,253.0,2,8
2021-06-15 09:57:18,S,252.95,4,21
2021-06-15 09:57:18,S,252.85,3,63
2021-06-15 09:57:18,S,252.8,1,2
2021-06-15 09:57:22,S,253.65,1,5
2021-06-15 09:57:22,S,254.05,1,16
2021-06-15 09:57:22,S,254.1,1,2
2021-06-15 09:57:22,S,254.3,1,2
2021-06-15 09:57:22,S,254.5,2,9
2021-06-15 09:57:22,S,253.15,2,16
2021-06-15 09:57:22,S,253.05,2,57
2021-06-15 09:57:22,S,253.0,2,8
2021-06-15 09:57:22,S,252.9,1,20
2021-06-15 09:57:22,S,252.85,2,61
2021-06-15 09:57:22,S,253.65,1,5
2021-06-15 09:57:22,S,254.05,1,16
2021-06-15 09:57:22,S,254.1,1,2
2021-06-15 09:57:22,S,254.3,1,2
2021-06-15 09:57:22,S,254.5,2,9
2021-06-15 09:57:22,S,253.15,2,16
2021-06-15 09:57:22,S,253.05,2,57
2021-06-15 09:57:22,S,253.0,2,8
2021-06-15 09:57:22,S,252.9,1,20
2021-06-15 09:57:22,S,252.85,2,61
2021-06-15 09:57:26,S,254.7,1,16
2021-06-15 09:57:26,S,254.75,1,25
2021-06-15 09:57:26,S,254.9,2,27
2021-06-15 09:57:26,S,254.95,1,6
2021-06-15 09:57:26,S,255.0,9,244
2021-06-15 09:57:26,S,253.4,2,20
2021-06-15 09:57:26,S,253.35,1,4
2021-06-15 09:57:26,S,253.3,2,6
2021-06-15 09:57:26,S,253.2,2,9
2021-06-15 09:57:26,S,253.15,2,5
2021-06-15 09:57:30,S,254.7,1,16
2021-06-15 09:57:30,S,254.75,1,25
2021-06-15 09:57:30,S,254.9,2,27
2021-06-15 09:57:30,S,254.95,1,6
2021-06-15 09:57:30,S,255.0,9,244
2021-06-15 09:57:30,S,253.5,3,22
2021-06-15 09:57:30,S,253.3,2,6
2021-06-15 09:57:30,S,253.2,2,9
2021-06-15 09:57:30,S,253.15,2,5
2021-06-15 09:57:30,S,253.1,4,34
2021-06-15 09:57:33,S,254.7,2,21
2021-06-15 09:57:33,S,254.75,1,25
2021-06-15 09:57:33,S,254.9,1,25
2021-06-15 09:57:33,S,254.95,1,6
2021-06-15 09:57:33,S,255.0,9,244
2021-06-15 09:57:33,S,253.55,1,16
2021-06-15 09:57:33,S,253.5,2,6
2021-06-15 09:57:33,S,253.3,2,6
2021-06-15 09:57:33,S,253.2,2,9
2021-06-15 09:57:33,S,253.15,2,5
2021-06-15 09:57:36,S,254.7,2,21
2021-06-15 09:57:36,S,254.75,1,25
2021-06-15 09:57:36,S,254.9,1,25
2021-06-15 09:57:36,S,254.95,1,6
2021-06-15 09:57:36,S,255.0,9,244
2021-06-15 09:57:36,S,253.55,1,16
2021-06-15 09:57:36,S,253.5,2,6
2021-06-15 09:57:36,S,253.3,2,6
2021-06-15 09:57:36,S,253.2,2,9
2021-06-15 09:57:36,S,253.15,2,5
2021-06-15 09:57:38,S,254.15,1,5
2021-06-15 09:57:38,S,254.7,1,16
2021-06-15 09:57:38,S,254.75,2,27
2021-06-15 09:57:38,S,254.9,1,25
2021-06-15 09:57:38,S,254.95,1,6
2021-06-15 09:57:38,S,253.85,2,20
2021-06-15 09:57:38,S,253.75,2,8
2021-06-15 09:57:38,S,253.5,2,6
2021-06-15 09:57:38,S,253.35,1,1
2021-06-15 09:57:38,S,253.3,2,6
2021-06-15 09:57:41,S,253.85,1,5
2021-06-15 09:57:41,S,254.7,1,16
2021-06-15 09:57:41,S,254.75,1,25
2021-06-15 09:57:41,S,254.9,1,25
2021-06-15 09:57:41,S,254.95,2,7
2021-06-15 09:57:41,S,253.5,2,6
2021-06-15 09:57:41,S,253.45,2,18
2021-06-15 09:57:41,S,253.35,2,8
2021-06-15 09:57:41,S,253.3,2,6
2021-06-15 09:57:41,S,253.25,1,2
2021-06-15 09:57:42,S,253.85,1,5
2021-06-15 09:57:42,S,254.7,1,16
2021-06-15 09:57:42,S,254.75,1,25
2021-06-15 09:57:42,S,254.9,1,25
2021-06-15 09:57:42,S,254.95,2,7
2021-06-15 09:57:42,S,253.5,2,6
2021-06-15 09:57:42,S,253.45,2,18
2021-06-15 09:57:42,S,253.35,2,8
2021-06-15 09:57:42,S,253.3,2,6
2021-06-15 09:57:42,S,253.25,1,2
2021-06-15 09:57:42,S,253.85,1,5
2021-06-15 09:57:42,S,254.7,1,16
2021-06-15 09:57:42,S,254.75,1,25
2021-06-15 09:57:42,S,254.9,1,25
2021-06-15 09:57:42,S,254.95,2,7
2021-06-15 09:57:42,S,253.5,2,6
2021-06-15 09:57:42,S,253.45,2,18
2021-06-15 09:57:42,S,253.35,2,8
2021-06-15 09:57:42,S,253.3,2,6
2021-06-15 09:57:42,S,253.25,1,2
2021-06-15 09:57:45,S,253.8,1,16
2021-06-15 09:57:45,S,253.85,1,6
2021-06-15 09:57:45,S,254.35,2,61
2021-06-15 09:57:45,S,254.45,2,9
2021-06-15 09:57:45,S,254.6,1,1
2021-06-15 09:57:45,S,253.1,2,24
2021-06-15 09:57:45,S,253.05,3,58
2021-06-15 09:57:45,S,252.9,2,11
2021-06-15 09:57:45,S,252.85,2,53
2021-06-15 09:57:45,S,252.8,1,5
2021-06-15 09:57:49,S,253.45,1,6
2021-06-15 09:57:49,S,254.0,1,16
2021-06-15 09:57:49,S,254.05,1,2
2021-06-15 09:57:49,S,254.25,1,2
2021-06-15 09:57:49,S,254.35,2,61
2021-06-15 09:57:49,S,253.1,2,24
2021-06-15 09:57:49,S,253.05,3,69
2021-06-15 09:57:49,S,252.85,2,53
2021-06-15 09:57:49,S,252.7,1,5
2021-06-15 09:57:49,S,252.6,2,7
2021-06-15 09:57:50,S,253.45,1,6
2021-06-15 09:57:50,S,254.0,1,16
2021-06-15 09:57:50,S,254.05,1,2
2021-06-15 09:57:50,S,254.25,1,2
2021-06-15 09:57:50,S,254.35,2,61
2021-06-15 09:57:50,S,253.1,2,24
2021-06-15 09:57:50,S,253.05,3,69
2021-06-15 09:57:50,S,252.85,2,53
2021-06-15 09:57:50,S,252.7,1,5
2021-06-15 09:57:50,S,252.6,2,7
2021-06-15 09:57:53,S,253.8,1,16
2021-06-15 09:57:53,S,253.85,1,2
2021-06-15 09:57:53,S,254.05,1,2
2021-06-15 09:57:53,S,254.25,1,2
2021-06-15 09:57:53,S,254.35,2,61
2021-06-15 09:57:53,S,253.2,1,12
2021-06-15 09:57:53,S,253.1,2,14
2021-06-15 09:57:53,S,253.05,3,58
2021-06-15 09:57:53,S,252.85,3,59
2021-06-15 09:57:53,S,252.7,1,5
2021-06-15 09:57:56,S,253.8,1,16
2021-06-15 09:57:56,S,253.85,1,2
2021-06-15 09:57:56,S,254.05,1,2
2021-06-15 09:57:56,S,254.25,1,2
2021-06-15 09:57:56,S,254.35,2,61
2021-06-15 09:57:56,S,253.2,1,12
2021-06-15 09:57:56,S,253.1,2,14
2021-06-15 09:57:56,S,253.05,3,58
2021-06-15 09:57:56,S,252.85,3,59
2021-06-15 09:57:56,S,252.7,1,5
2021-06-15 09:57:57,S,254.65,2,4
2021-06-15 09:57:57,S,254.7,2,8
2021-06-15 09:57:57,S,254.75,2,32
2021-06-15 09:57:57,S,254.9,2,32
2021-06-15 09:57:57,S,254.95,1,6
2021-06-15 09:57:57,S,254.0,1,2
2021-06-15 09:57:57,S,253.15,2,14
2021-06-15 09:57:57,S,253.1,2,14
2021-06-15 09:57:57,S,253.05,3,58
2021-06-15 09:57:57,S,252.9,1,1
2021-06-15 09:58:02,S,254.65,2,47
2021-06-15 09:58:02,S,254.75,2,32
2021-06-15 09:58:02,S,254.9,2,32
2021-06-15 09:58:02,S,254.95,2,26
2021-06-15 09:58:02,S,255.0,9,244
2021-06-15 09:58:02,S,254.0,1,2
2021-06-15 09:58:02,S,253.85,1,8
2021-06-15 09:58:02,S,253.8,2,9
2021-06-15 09:58:02,S,253.6,1,2
2021-06-15 09:58:02,S,253.2,1,6
2021-06-15 09:58:05,S,254.35,1,5
2021-06-15 09:58:05,S,254.4,1,13
2021-06-15 09:58:05,S,254.7,1,2
2021-06-15 09:58:05,S,254.75,2,32
2021-06-15 09:58:05,S,254.9,2,32
2021-06-15 09:58:05,S,254.0,1,2
2021-06-15 09:58:05,S,253.85,2,14
2021-06-15 09:58:05,S,253.8,2,9
2021-06-15 09:58:05,S,253.6,1,2
2021-06-15 09:58:05,S,253.1,2,14
2021-06-15 09:58:08,S,254.35,1,5
2021-06-15 09:58:08,S,254.4,1,13
2021-06-15 09:58:08,S,254.7,1,2
2021-06-15 09:58:08,S,254.75,2,32
2021-06-15 09:58:08,S,254.9,2,32
2021-06-15 09:58:08,S,254.0,1,2
2021-06-15 09:58:08,S,253.85,2,14
2021-06-15 09:58:08,S,253.8,2,9
2021-06-15 09:58:08,S,253.6,1,2
2021-06-15 09:58:08,S,253.1,2,14
2021-06-15 09:58:09,S,254.6,2,16
2021-06-15 09:58:09,S,254.7,2,9
2021-06-15 09:58:09,S,254.75,2,32
2021-06-15 09:58:09,S,254.9,2,32
2021-06-15 09:58:09,S,254.95,1,6
2021-06-15 09:58:09,S,254.05,1,8
2021-06-15 09:58:09,S,254.0,1,9
2021-06-15 09:58:09,S,253.6,1,6
2021-06-15 09:58:09,S,253.55,2,9
2021-06-15 09:58:09,S,253.35,1,2
2021-06-15 09:58:15,S,254.6,2,16
2021-06-15 09:58:15,S,254.7,2,9
2021-06-15 09:58:15,S,254.75,2,32
2021-06-15 09:58:15,S,254.9,2,32
2021-06-15 09:58:15,S,254.95,1,6
2021-06-15 09:58:15,S,254.05,1,8
2021-06-15 09:58:15,S,254.0,1,9
2021-06-15 09:58:15,S,253.6,1,6
2021-06-15 09:58:15,S,253.55,2,9
2021-06-15 09:58:15,S,253.35,1,2
2021-06-15 09:58:21,S,253.85,1,6
2021-06-15 09:58:21,S,254.1,2,8
2021-06-15 09:58:21,S,254.5,2,6
2021-06-15 09:58:21,S,254.7,2,9
2021-06-15 09:58:21,S,254.75,2,32
2021-06-15 09:58:21,S,253.35,2,8
2021-06-15 09:58:21,S,253.3,1,4
2021-06-15 09:58:21,S,253.15,1,5
2021-06-15 09:58:21,S,253.1,2,14
2021-06-15 09:58:21,S,253.05,3,58
2021-06-15 09:58:23,S,253.85,1,6
2021-06-15 09:58:23,S,254.1,2,8
2021-06-15 09:58:23,S,254.5,2,6
2021-06-15 09:58:23,S,254.7,2,9
2021-06-15 09:58:23,S,254.75,2,32
2021-06-15 09:58:23,S,253.35,2,8
2021-06-15 09:58:23,S,253.3,1,4
2021-06-15 09:58:23,S,253.15,1,5
2021-06-15 09:58:23,S,253.1,2,14
2021-06-15 09:58:23,S,253.05,3,58
2021-06-15 09:58:24,S,253.85,1,6
2021-06-15 09:58:24,S,254.1,2,8
2021-06-15 09:58:24,S,254.5,2,6
2021-06-15 09:58:24,S,254.7,2,9
2021-06-15 09:58:24,S,254.75,2,32
2021-06-15 09:58:24,S,253.35,2,8
2021-06-15 09:58:24,S,253.3,1,4
2021-06-15 09:58:24,S,253.15,1,5
2021-06-15 09:58:24,S,253.1,2,14
2021-06-15 09:58:24,S,253.05,3,58
2021-06-15 09:58:24,S,254.85,2,6
2021-06-15 09:58:24,S,254.9,2,32
2021-06-15 09:58:24,S,254.95,1,6
2021-06-15 09:58:24,S,255.0,8,242
2021-06-15 09:58:24,S,255.15,1,48
2021-06-15 09:58:24,S,254.5,1,250
2021-06-15 09:58:24,S,253.3,2,10
2021-06-15 09:58:24,S,253.25,3,62
2021-06-15 09:58:24,S,253.1,1,20
2021-06-15 09:58:24,S,253.05,2,56
2021-06-15 09:58:26,S,254.85,2,6
2021-06-15 09:58:26,S,254.9,2,32
2021-06-15 09:58:26,S,254.95,1,6
2021-06-15 09:58:26,S,255.0,8,242
2021-06-15 09:58:26,S,255.15,1,48
2021-06-15 09:58:26,S,254.5,1,250
2021-06-15 09:58:26,S,253.3,2,10
2021-06-15 09:58:26,S,253.25,3,62
2021-06-15 09:58:26,S,253.1,1,20
2021-06-15 09:58:26,S,253.05,2,56
2021-06-15 09:58:28,S,255.9,3,81
2021-06-15 09:58:28,S,256.0,6,123
2021-06-15 09:58:28,S,256.15,1,26
2021-06-15 09:58:28,S,256.2,1,1
2021-06-15 09:58:28,S,256.35,2,116
2021-06-15 09:58:28,S,254.7,1,4
2021-06-15 09:58:28,S,254.65,2,6
2021-06-15 09:58:28,S,254.5,2,256
2021-06-15 09:58:28,S,254.45,4,21
2021-06-15 09:58:28,S,254.4,1,26
2021-06-15 09:58:30,S,255.9,3,81
2021-06-15 09:58:30,S,256.0,6,123
2021-06-15 09:58:30,S,256.15,1,26
2021-06-15 09:58:30,S,256.2,1,1
2021-06-15 09:58:30,S,256.35,2,116
2021-06-15 09:58:30,S,254.7,1,4
2021-06-15 09:58:30,S,254.65,2,6
2021-06-15 09:58:30,S,254.5,2,256
2021-06-15 09:58:30,S,254.45,4,21
2021-06-15 09:58:30,S,254.4,1,26
2021-06-15 09:58:33,S,255.75,2,8
2021-06-15 09:58:33,S,255.9,6,95
2021-06-15 09:58:33,S,255.95,2,64
2021-06-15 09:58:33,S,256.0,4,119
2021-06-15 09:58:33,S,256.05,2,9
2021-06-15 09:58:33,S,255.1,1,4
2021-06-15 09:58:33,S,255.05,2,9
2021-06-15 09:58:33,S,255.0,2,107
2021-06-15 09:58:33,S,254.85,2,9
2021-06-15 09:58:33,S,254.65,2,6
2021-06-15 09:58:37,S,255.45,1,6
2021-06-15 09:58:37,S,255.75,2,8
2021-06-15 09:58:37,S,255.9,5,89
2021-06-15 09:58:37,S,255.95,2,64
2021-06-15 09:58:37,S,256.0,4,119
2021-06-15 09:58:37,S,255.1,1,4
2021-06-15 09:58:37,S,255.05,2,9
2021-06-15 09:58:37,S,255.0,2,107
2021-06-15 09:58:37,S,254.85,2,9
2021-06-15 09:58:37,S,254.65,2,6
2021-06-15 09:58:38,S,255.45,1,6
2021-06-15 09:58:38,S,255.75,2,8
2021-06-15 09:58:38,S,255.9,5,89
2021-06-15 09:58:38,S,255.95,2,64
2021-06-15 09:58:38,S,256.0,4,119
2021-06-15 09:58:38,S,255.1,1,4
2021-06-15 09:58:38,S,255.05,2,9
2021-06-15 09:58:38,S,255.0,2,107
2021-06-15 09:58:38,S,254.85,2,9
2021-06-15 09:58:38,S,254.65,2,6
2021-06-15 09:58:39,S,255.45,1,6
2021-06-15 09:58:39,S,255.75,2,8
2021-06-15 09:58:39,S,255.9,5,89
2021-06-15 09:58:39,S,255.95,2,64
2021-06-15 09:58:39,S,256.0,4,119
2021-06-15 09:58:39,S,255.1,1,4
2021-06-15 09:58:39,S,255.05,2,9
2021-06-15 09:58:39,S,255.0,2,107
2021-06-15 09:58:39,S,254.85,2,9
2021-06-15 09:58:39,S,254.65,2,6
2021-06-15 09:58:41,S,256.3,1,2
2021-06-15 09:58:41,S,256.35,2,72
2021-06-15 09:58:41,S,256.5,2,57
2021-06-15 09:58:41,S,256.7,1,2
2021-06-15 09:58:41,S,256.75,1,60
2021-06-15 09:58:41,S,256.0,1,100
2021-06-15 09:58:41,S,254.9,2,10
2021-06-15 09:58:41,S,254.75,2,10
2021-06-15 09:58:41,S,254.55,1,20
2021-06-15 09:58:41,S,254.5,2,256
2021-06-15 09:58:45,S,256.3,1,5
2021-06-15 09:58:45,S,256.45,1,2
2021-06-15 09:58:45,S,256.5,1,50
2021-06-15 09:58:45,S,256.75,2,67
2021-06-15 09:58:45,S,256.8,1,2
2021-06-15 09:58:45,S,256.05,1,4
2021-06-15 09:58:45,S,256.0,2,106
2021-06-15 09:58:45,S,255.9,2,11
2021-06-15 09:58:45,S,255.65,2,9
2021-06-15 09:58:45,S,255.45,1,3
2021-06-15 09:58:46,S,256.3,1,5
2021-06-15 09:58:46,S,256.45,1,2
2021-06-15 09:58:46,S,256.5,1,50
2021-06-15 09:58:46,S,256.75,2,67
2021-06-15 09:58:46,S,256.8,1,2
2021-06-15 09:58:46,S,256.05,1,4
2021-06-15 09:58:46,S,256.0,2,106
2021-06-15 09:58:46,S,255.9,2,11
2021-06-15 09:58:46,S,255.65,2,9
2021-06-15 09:58:46,S,255.45,1,3
2021-06-15 09:58:48,S,256.3,1,5
2021-06-15 09:58:48,S,256.45,1,2
2021-06-15 09:58:48,S,256.5,1,50
2021-06-15 09:58:48,S,256.75,2,67
2021-06-15 09:58:48,S,256.8,1,2
2021-06-15 09:58:48,S,256.05,1,4
2021-06-15 09:58:48,S,256.0,2,106
2021-06-15 09:58:48,S,255.9,2,11
2021-06-15 09:58:48,S,255.65,2,9
2021-06-15 09:58:48,S,255.45,1,3
2021-06-15 09:58:50,S,256.05,1,50
2021-06-15 09:58:50,S,256.25,2,15
2021-06-15 09:58:50,S,256.3,2,15
2021-06-15 09:58:50,S,256.5,1,50
2021-06-15 09:58:50,S,256.75,2,67
2021-06-15 09:58:50,S,256.0,1,47
2021-06-15 09:58:50,S,255.85,2,10
2021-06-15 09:58:50,S,255.8,2,9
2021-06-15 09:58:50,S,255.45,2,11
2021-06-15 09:58:50,S,255.3,1,4
2021-06-15 09:58:50,S,256.05,1,50
2021-06-15 09:58:50,S,256.25,2,15
2021-06-15 09:58:50,S,256.3,2,15
2021-06-15 09:58:50,S,256.5,1,50
2021-06-15 09:58:50,S,256.75,2,67
2021-06-15 09:58:50,S,256.0,1,47
2021-06-15 09:58:50,S,255.85,2,10
2021-06-15 09:58:50,S,255.8,2,9
2021-06-15 09:58:50,S,255.45,2,11
2021-06-15 09:58:50,S,255.3,1,4
2021-06-15 09:58:53,S,256.5,1,50
2021-06-15 09:58:53,S,256.75,1,60
2021-06-15 09:58:53,S,256.9,3,67
2021-06-15 09:58:53,S,257.0,6,402
2021-06-15 09:58:53,S,257.1,1,2
2021-06-15 09:58:53,S,256.3,1,20
2021-06-15 09:58:53,S,256.15,2,10
2021-06-15 09:58:53,S,256.1,2,11
2021-06-15 09:58:53,S,256.0,2,53
2021-06-15 09:58:53,S,255.8,2,9
2021-06-15 09:58:54,S,256.5,1,50
2021-06-15 09:58:54,S,256.75,1,60
2021-06-15 09:58:54,S,256.9,3,67
2021-06-15 09:58:54,S,257.0,6,402
2021-06-15 09:58:54,S,257.1,1,2
2021-06-15 09:58:54,S,256.3,1,20
2021-06-15 09:58:54,S,256.15,2,10
2021-06-15 09:58:54,S,256.1,2,11
2021-06-15 09:58:54,S,256.0,2,53
2021-06-15 09:58:54,S,255.8,2,9
2021-06-15 09:58:57,S,256.5,1,50
2021-06-15 09:58:57,S,256.75,1,60
2021-06-15 09:58:57,S,256.9,3,67
2021-06-15 09:58:57,S,257.0,6,402
2021-06-15 09:58:57,S,257.1,1,2
2021-06-15 09:58:57,S,256.3,1,5
2021-06-15 09:58:57,S,256.05,2,10
2021-06-15 09:58:57,S,256.0,3,58
2021-06-15 09:58:57,S,255.8,2,9
2021-06-15 09:58:57,S,255.45,2,11
2021-06-15 09:59:00,S,256.5,1,50
2021-06-15 09:59:00,S,256.75,1,60
2021-06-15 09:59:00,S,256.9,3,67
2021-06-15 09:59:00,S,257.0,6,402
2021-06-15 09:59:00,S,257.1,1,2
2021-06-15 09:59:00,S,256.3,1,5
2021-06-15 09:59:00,S,256.05,2,10
2021-06-15 09:59:00,S,256.0,3,58
2021-06-15 09:59:00,S,255.8,2,9
2021-06-15 09:59:00,S,255.45,2,11
2021-06-15 09:59:00,S,256.45,1,4
2021-06-15 09:59:00,S,256.5,2,55
2021-06-15 09:59:00,S,256.6,1,6
2021-06-15 09:59:00,S,256.75,2,66
2021-06-15 09:59:00,S,256.9,3,67
2021-06-15 09:59:00,S,256.0,1,3
2021-06-15 09:59:00,S,255.85,1,4
2021-06-15 09:59:00,S,255.8,1,3
2021-06-15 09:59:00,S,255.45,2,11
2021-06-15 09:59:00,S,255.3,2,14
2021-06-15 09:59:03,S,256.45,1,4
2021-06-15 09:59:03,S,256.5,2,55
2021-06-15 09:59:03,S,256.6,1,6
2021-06-15 09:59:03,S,256.75,2,66
2021-06-15 09:59:03,S,256.9,3,67
2021-06-15 09:59:03,S,256.0,1,3
2021-06-15 09:59:03,S,255.85,1,4
2021-06-15 09:59:03,S,255.8,1,3
2021-06-15 09:59:03,S,255.45,2,11
2021-06-15 09:59:03,S,255.3,2,14
2021-06-15 09:59:04,S,255.95,1,4
2021-06-15 09:59:04,S,256.0,1,6
2021-06-15 09:59:04,S,256.05,1,4
2021-06-15 09:59:04,S,256.25,2,7
2021-06-15 09:59:04,S,256.3,4,359
2021-06-15 09:59:04,S,255.0,2,12
2021-06-15 09:59:04,S,254.8,2,13
2021-06-15 09:59:04,S,254.55,2,21
2021-06-15 09:59:04,S,254.5,2,256
2021-06-15 09:59:04,S,254.45,5,69
2021-06-15 09:59:08,S,255.95,1,4
2021-06-15 09:59:08,S,256.0,1,6
2021-06-15 09:59:08,S,256.05,1,4
2021-06-15 09:59:08,S,256.25,2,7
2021-06-15 09:59:08,S,256.3,4,359
2021-06-15 09:59:08,S,255.0,2,12
2021-06-15 09:59:08,S,254.8,2,13
2021-06-15 09:59:08,S,254.55,2,21
2021-06-15 09:59:08,S,254.5,2,256
2021-06-15 09:59:08,S,254.45,5,69
2021-06-15 09:59:09,S,255.0,1,2
2021-06-15 09:59:09,S,255.95,2,10
2021-06-15 09:59:09,S,256.0,2,56
2021-06-15 09:59:09,S,256.2,1,2
2021-06-15 09:59:09,S,256.25,1,2
2021-06-15 09:59:09,S,254.55,2,21
2021-06-15 09:59:09,S,254.5,2,256
2021-06-15 09:59:09,S,254.45,3,59
2021-06-15 09:59:09,S,254.25,2,9
2021-06-15 09:59:09,S,254.15,1,5
2021-06-15 09:59:12,S,255.0,1,2
2021-06-15 09:59:12,S,255.95,2,10
2021-06-15 09:59:12,S,256.0,2,56
2021-06-15 09:59:12,S,256.2,1,2
2021-06-15 09:59:12,S,256.25,1,2
2021-06-15 09:59:12,S,254.55,2,21
2021-06-15 09:59:12,S,254.5,2,256
2021-06-15 09:59:12,S,254.45,3,59
2021-06-15 09:59:12,S,254.25,2,9
2021-06-15 09:59:12,S,254.15,1,5
2021-06-15 09:59:13,S,255.35,1,2
2021-06-15 09:59:13,S,255.4,1,1
2021-06-15 09:59:13,S,255.6,2,8
2021-06-15 09:59:13,S,255.8,2,8
2021-06-15 09:59:13,S,255.9,1,1
2021-06-15 09:59:13,S,254.8,2,6
2021-06-15 09:59:13,S,254.75,1,6
2021-06-15 09:59:13,S,254.7,1,6
2021-06-15 09:59:13,S,254.65,1,4
2021-06-15 09:59:13,S,254.6,1,4
2021-06-15 09:59:13,S,255.35,1,2
2021-06-15 09:59:13,S,255.4,1,1
2021-06-15 09:59:13,S,255.6,2,8
2021-06-15 09:59:13,S,255.8,2,8
2021-06-15 09:59:13,S,255.9,1,1
2021-06-15 09:59:13,S,254.8,2,6
2021-06-15 09:59:13,S,254.75,1,6
2021-06-15 09:59:13,S,254.7,1,6
2021-06-15 09:59:13,S,254.65,1,4
2021-06-15 09:59:13,S,254.6,1,4
2021-06-15 09:59:15,S,255.35,1,2
2021-06-15 09:59:15,S,255.4,1,1
2021-06-15 09:59:15,S,255.6,2,8
2021-06-15 09:59:15,S,255.8,2,8
2021-06-15 09:59:15,S,255.9,1,1
2021-06-15 09:59:15,S,254.8,2,6
2021-06-15 09:59:15,S,254.75,1,6
2021-06-15 09:59:15,S,254.7,1,6
2021-06-15 09:59:15,S,254.65,1,4
2021-06-15 09:59:15,S,254.6,1,4
2021-06-15 09:59:16,S,256.3,2,350
2021-06-15 09:59:16,S,256.45,1,51
2021-06-15 09:59:16,S,256.5,3,80
2021-06-15 09:59:16,S,256.55,1,10
2021-06-15 09:59:16,S,256.75,3,68
2021-06-15 09:59:16,S,256.0,2,203
2021-06-15 09:59:16,S,255.7,2,9
2021-06-15 09:59:16,S,255.65,2,10
2021-06-15 09:59:16,S,255.6,1,3
2021-06-15 09:59:16,S,255.4,2,10
2021-06-15 09:59:17,S,256.3,2,350
2021-06-15 09:59:17,S,256.45,1,51
2021-06-15 09:59:17,S,256.5,3,80
2021-06-15 09:59:17,S,256.55,1,10
2021-06-15 09:59:17,S,256.75,3,68
2021-06-15 09:59:17,S,256.0,2,203
2021-06-15 09:59:17,S,255.7,2,9
2021-06-15 09:59:17,S,255.65,2,10
2021-06-15 09:59:17,S,255.6,1,3
2021-06-15 09:59:17,S,255.4,2,10
2021-06-15 09:59:20,S,256.3,2,350
2021-06-15 09:59:20,S,256.45,1,51
2021-06-15 09:59:20,S,256.5,3,80
2021-06-15 09:59:20,S,256.55,1,10
2021-06-15 09:59:20,S,256.75,3,68
2021-06-15 09:59:20,S,256.0,2,203
2021-06-15 09:59:20,S,255.7,2,9
2021-06-15 09:59:20,S,255.65,2,10
2021-06-15 09:59:20,S,255.6,1,3
2021-06-15 09:59:20,S,255.4,2,10
2021-06-15 09:59:21,S,256.3,2,350
2021-06-15 09:59:21,S,256.45,1,51
2021-06-15 09:59:21,S,256.5,3,80
2021-06-15 09:59:21,S,256.55,1,10
2021-06-15 09:59:21,S,256.75,2,62
2021-06-15 09:59:21,S,256.0,1,200
2021-06-15 09:59:21,S,255.9,2,9
2021-06-15 09:59:21,S,255.85,2,10
2021-06-15 09:59:21,S,255.65,2,10
2021-06-15 09:59:21,S,255.4,2,10
2021-06-15 09:59:25,S,256.3,2,350
2021-06-15 09:59:25,S,256.45,1,51
2021-06-15 09:59:25,S,256.5,3,80
2021-06-15 09:59:25,S,256.55,1,10
2021-06-15 09:59:25,S,256.75,2,62
2021-06-15 09:59:25,S,256.0,1,200
2021-06-15 09:59:25,S,255.9,2,9
2021-06-15 09:59:25,S,255.85,2,10
2021-06-15 09:59:25,S,255.65,2,10
2021-06-15 09:59:25,S,255.4,2,10
2021-06-15 09:59:30,S,256.3,2,350
2021-06-15 09:59:30,S,256.45,1,51
2021-06-15 09:59:30,S,256.5,3,80
2021-06-15 09:59:30,S,256.55,1,10
2021-06-15 09:59:30,S,256.75,2,62
2021-06-15 09:59:30,S,256.0,1,200
2021-06-15 09:59:30,S,255.9,2,9
2021-06-15 09:59:30,S,255.85,2,10
2021-06-15 09:59:30,S,255.65,2,10
2021-06-15 09:59:30,S,255.4,2,10
2021-06-15 09:59:33,S,256.3,3,356
2021-06-15 09:59:33,S,256.4,1,12
2021-06-15 09:59:33,S,256.45,1,51
2021-06-15 09:59:33,S,256.5,3,80
2021-06-15 09:59:33,S,256.55,1,10
2021-06-15 09:59:33,S,256.0,1,150
2021-06-15 09:59:33,S,255.9,2,9
2021-06-15 09:59:33,S,255.85,2,10
2021-06-15 09:59:33,S,255.65,2,10
2021-06-15 09:59:33,S,255.4,2,10
2021-06-15 09:59:34,S,256.3,3,356
2021-06-15 09:59:34,S,256.4,1,12
2021-06-15 09:59:34,S,256.45,1,51
2021-06-15 09:59:34,S,256.5,3,80
2021-06-15 09:59:34,S,256.55,1,10
2021-06-15 09:59:34,S,256.0,1,150
2021-06-15 09:59:34,S,255.9,2,9
2021-06-15 09:59:34,S,255.85,2,10
2021-06-15 09:59:34,S,255.65,2,10
2021-06-15 09:59:34,S,255.4,2,10
2021-06-15 09:59:36,S,256.3,3,356
2021-06-15 09:59:36,S,256.4,1,12
2021-06-15 09:59:36,S,256.45,1,51
2021-06-15 09:59:36,S,256.5,3,80
2021-06-15 09:59:36,S,256.55,1,10
2021-06-15 09:59:36,S,256.0,1,150
2021-06-15 09:59:36,S,255.9,2,9
2021-06-15 09:59:36,S,255.85,2,10
2021-06-15 09:59:36,S,255.65,2,10
2021-06-15 09:59:36,S,255.4,2,10
2021-06-15 09:59:36,S,256.15,1,6
2021-06-15 09:59:36,S,256.3,3,363
2021-06-15 09:59:36,S,256.45,2,58
2021-06-15 09:59:36,S,256.5,3,80
2021-06-15 09:59:36,S,256.55,1,10
2021-06-15 09:59:36,S,256.0,1,73
2021-06-15 09:59:36,S,255.9,2,9
2021-06-15 09:59:36,S,255.65,2,10
2021-06-15 09:59:36,S,255.4,2,10
2021-06-15 09:59:36,S,255.2,2,10
2021-06-15 09:59:38,S,256.15,1,6
2021-06-15 09:59:38,S,256.3,3,363
2021-06-15 09:59:38,S,256.45,2,58
2021-06-15 09:59:38,S,256.5,3,80
2021-06-15 09:59:38,S,256.55,1,10
2021-06-15 09:59:38,S,256.0,1,73
2021-06-15 09:59:38,S,255.9,2,9
2021-06-15 09:59:38,S,255.65,2,10
2021-06-15 09:59:38,S,255.4,2,10
2021-06-15 09:59:38,S,255.2,2,10
2021-06-15 09:59:40,S,256.25,1,13
2021-06-15 09:59:40,S,256.3,3,356
2021-06-15 09:59:40,S,256.45,2,58
2021-06-15 09:59:40,S,256.5,4,87
2021-06-15 09:59:40,S,256.75,2,62
2021-06-15 09:59:40,S,256.0,1,19
2021-06-15 09:59:40,S,255.75,2,9
2021-06-15 09:59:40,S,255.65,2,11
2021-06-15 09:59:40,S,255.4,2,10
2021-06-15 09:59:40,S,255.2,2,10
2021-06-15 09:59:40,S,256.25,1,13
2021-06-15 09:59:40,S,256.3,3,356
2021-06-15 09:59:40,S,256.45,2,58
2021-06-15 09:59:40,S,256.5,4,87
2021-06-15 09:59:40,S,256.75,2,62
2021-06-15 09:59:40,S,256.0,1,19
2021-06-15 09:59:40,S,255.75,2,9
2021-06-15 09:59:40,S,255.65,2,11
2021-06-15 09:59:40,S,255.4,2,10
2021-06-15 09:59:40,S,255.2,2,10
2021-06-15 09:59:44,S,256.2,1,10
2021-06-15 09:59:44,S,256.3,1,300
2021-06-15 09:59:44,S,256.45,1,51
2021-06-15 09:59:44,S,256.5,2,55
2021-06-15 09:59:44,S,256.75,2,62
2021-06-15 09:59:44,S,256.0,1,150
2021-06-15 09:59:44,S,255.9,2,9
2021-06-15 09:59:44,S,255.65,2,11
2021-06-15 09:59:44,S,255.4,2,10
2021-06-15 09:59:44,S,255.2,2,10
2021-06-15 09:59:45,S,256.2,1,10
2021-06-15 09:59:45,S,256.3,1,300
2021-06-15 09:59:45,S,256.45,1,51
2021-06-15 09:59:45,S,256.5,2,55
2021-06-15 09:59:45,S,256.75,2,62
2021-06-15 09:59:45,S,256.0,1,150
2021-06-15 09:59:45,S,255.9,2,9
2021-06-15 09:59:45,S,255.65,2,11
2021-06-15 09:59:45,S,255.4,2,10
2021-06-15 09:59:45,S,255.2,2,10
2021-06-15 09:59:45,S,256.2,1,10
2021-06-15 09:59:45,S,256.3,1,300
2021-06-15 09:59:45,S,256.45,1,51
2021-06-15 09:59:45,S,256.5,2,55
2021-06-15 09:59:45,S,256.75,2,62
2021-06-15 09:59:45,S,256.0,1,150
2021-06-15 09:59:45,S,255.9,2,9
2021-06-15 09:59:45,S,255.65,2,11
2021-06-15 09:59:45,S,255.4,2,10
2021-06-15 09:59:45,S,255.2,2,10
2021-06-15 09:59:47,S,256.2,1,10
2021-06-15 09:59:47,S,256.3,1,300
2021-06-15 09:59:47,S,256.45,1,51
2021-06-15 09:59:47,S,256.5,2,55
2021-06-15 09:59:47,S,256.75,2,62
2021-06-15 09:59:47,S,256.0,1,150
2021-06-15 09:59:47,S,255.9,2,9
2021-06-15 09:59:47,S,255.65,2,11
2021-06-15 09:59:47,S,255.4,2,10
2021-06-15 09:59:47,S,255.2,2,10
2021-06-15 09:59:48,S,256.9,2,51
2021-06-15 09:59:48,S,257.0,2,150
2021-06-15 09:59:48,S,257.15,2,62
2021-06-15 09:59:48,S,257.3,1,2
2021-06-15 09:59:48,S,257.4,1,2
2021-06-15 09:59:48,S,256.5,1,55
2021-06-15 09:59:48,S,256.25,2,9
2021-06-15 09:59:48,S,256.2,2,10
2021-06-15 09:59:48,S,256.05,2,27
2021-06-15 09:59:48,S,256.0,3,210
2021-06-15 09:59:52,S,256.9,2,51
2021-06-15 09:59:52,S,257.0,2,150
2021-06-15 09:59:52,S,257.15,2,62
2021-06-15 09:59:52,S,257.3,1,2
2021-06-15 09:59:52,S,257.4,1,2
2021-06-15 09:59:52,S,256.5,1,55
2021-06-15 09:59:52,S,256.25,2,9
2021-06-15 09:59:52,S,256.2,2,10
2021-06-15 09:59:52,S,256.05,2,27
2021-06-15 09:59:52,S,256.0,3,210
2021-06-15 09:59:56,S,257.0,2,150
2021-06-15 09:59:56,S,257.3,2,7
2021-06-15 09:59:56,S,257.5,3,10
2021-06-15 09:59:56,S,257.55,1,55
2021-06-15 09:59:56,S,257.6,1,2
2021-06-15 09:59:56,S,256.55,3,27
2021-06-15 09:59:56,S,256.5,2,62
2021-06-15 09:59:56,S,256.0,3,210
2021-06-15 09:59:56,S,255.75,2,11
2021-06-15 09:59:56,S,255.6,1,3
2021-06-15 10:00:00,S,256.9,1,10
2021-06-15 10:00:00,S,257.0,3,156
2021-06-15 10:00:00,S,257.1,1,1
2021-06-15 10:00:00,S,257.3,2,7
2021-06-15 10:00:00,S,257.5,3,10
2021-06-15 10:00:00,S,256.5,2,57
2021-06-15 10:00:00,S,256.3,2,9
2021-06-15 10:00:00,S,256.25,2,10
2021-06-15 10:00:00,S,256.0,3,210
2021-06-15 10:00:00,S,255.75,2,11
2021-06-15 10:00:02,S,256.9,1,10
2021-06-15 10:00:02,S,257.0,3,156
2021-06-15 10:00:02,S,257.1,1,1
2021-06-15 10:00:02,S,257.3,2,7
2021-06-15 10:00:02,S,257.5,3,10
2021-06-15 10:00:02,S,256.5,2,57
2021-06-15 10:00:02,S,256.3,2,9
2021-06-15 10:00:02,S,256.25,2,10
2021-06-15 10:00:02,S,256.0,3,210
2021-06-15 10:00:02,S,255.75,2,11
2021-06-15 10:00:04,S,258.05,2,5
2021-06-15 10:00:04,S,258.1,2,816
2021-06-15 10:00:04,S,258.25,1,1
2021-06-15 10:00:04,S,258.3,1,20
2021-06-15 10:00:04,S,258.35,1,58
2021-06-15 10:00:04,S,256.9,2,9
2021-06-15 10:00:04,S,256.85,2,10
2021-06-15 10:00:04,S,256.75,2,14
2021-06-15 10:00:04,S,256.65,3,17
2021-06-15 10:00:04,S,256.6,2,4
2021-06-15 10:00:05,S,258.05,2,5
2021-06-15 10:00:05,S,258.1,2,816
2021-06-15 10:00:05,S,258.25,1,1
2021-06-15 10:00:05,S,258.3,1,20
2021-06-15 10:00:05,S,258.35,1,58
2021-06-15 10:00:05,S,256.9,2,9
2021-06-15 10:00:05,S,256.85,2,10
2021-06-15 10:00:05,S,256.75,2,14
2021-06-15 10:00:05,S,256.65,3,17
2021-06-15 10:00:05,S,256.6,2,4
2021-06-15 10:00:08,S,257.85,1,1
2021-06-15 10:00:08,S,257.9,1,42
2021-06-15 10:00:08,S,258.05,3,28
2021-06-15 10:00:08,S,258.1,2,816
2021-06-15 10:00:08,S,258.25,3,13
2021-06-15 10:00:08,S,256.7,1,1
2021-06-15 10:00:08,S,256.65,2,10
2021-06-15 10:00:08,S,256.55,3,19
2021-06-15 10:00:08,S,256.5,3,43
2021-06-15 10:00:08,S,256.45,2,8
2021-06-15 10:00:12,S,257.85,1,1
2021-06-15 10:00:12,S,257.9,1,42
2021-06-15 10:00:12,S,258.0,1,100
2021-06-15 10:00:12,S,258.05,2,8
2021-06-15 10:00:12,S,258.1,2,816
2021-06-15 10:00:12,S,256.7,2,6
2021-06-15 10:00:12,S,256.65,2,10
2021-06-15 10:00:12,S,256.55,3,19
2021-06-15 10:00:12,S,256.5,2,37
2021-06-15 10:00:12,S,256.45,3,14
2021-06-15 10:00:13,S,257.85,1,1
2021-06-15 10:00:13,S,257.9,1,42
2021-06-15 10:00:13,S,258.0,1,100
2021-06-15 10:00:13,S,258.05,2,8
2021-06-15 10:00:13,S,258.1,2,816
2021-06-15 10:00:13,S,256.7,2,6
2021-06-15 10:00:13,S,256.65,2,10
2021-06-15 10:00:13,S,256.55,3,19
2021-06-15 10:00:13,S,256.5,2,37
2021-06-15 10:00:13,S,256.45,3,14
2021-06-15 10:00:14,S,257.85,1,1
2021-06-15 10:00:14,S,257.9,1,42
2021-06-15 10:00:14,S,258.0,1,100
2021-06-15 10:00:14,S,258.05,2,8
2021-06-15 10:00:14,S,258.1,2,816
2021-06-15 10:00:14,S,256.7,2,6
2021-06-15 10:00:14,S,256.65,2,10
2021-06-15 10:00:14,S,256.55,3,19
2021-06-15 10:00:14,S,256.5,2,37
2021-06-15 10:00:14,S,256.45,3,14
2021-06-15 10:00:15,S,257.85,1,1
2021-06-15 10:00:15,S,257.9,1,42
2021-06-15 10:00:15,S,258.0,1,100
2021-06-15 10:00:15,S,258.05,2,8
2021-06-15 10:00:15,S,258.1,2,816
2021-06-15 10:00:15,S,256.7,2,6
2021-06-15 10:00:15,S,256.65,2,10
2021-06-15 10:00:15,S,256.55,3,19
2021-06-15 10:00:15,S,256.5,2,37
2021-06-15 10:00:15,S,256.45,3,14
2021-06-15 10:00:16,S,257.0,1,119
2021-06-15 10:00:16,S,257.15,1,1
2021-06-15 10:00:16,S,257.4,1,1
2021-06-15 10:00:16,S,257.6,2,9
2021-06-15 10:00:16,S,257.75,1,1
2021-06-15 10:00:16,S,256.55,2,8
2021-06-15 10:00:16,S,256.5,2,37
2021-06-15 10:00:16,S,256.25,2,12
2021-06-15 10:00:16,S,256.2,2,14
2021-06-15 10:00:16,S,256.1,1,5
2021-06-15 10:00:16,S,257.0,1,119
2021-06-15 10:00:16,S,257.15,1,1
2021-06-15 10:00:16,S,257.4,1,1
2021-06-15 10:00:16,S,257.6,2,9
2021-06-15 10:00:16,S,257.75,1,1
2021-06-15 10:00:16,S,256.55,2,8
2021-06-15 10:00:16,S,256.5,2,37
2021-06-15 10:00:16,S,256.25,2,12
2021-06-15 10:00:16,S,256.2,2,14
2021-06-15 10:00:16,S,256.1,1,5
2021-06-15 10:00:19,S,257.0,1,119
2021-06-15 10:00:19,S,257.15,1,1
2021-06-15 10:00:19,S,257.4,1,1
2021-06-15 10:00:19,S,257.6,2,9
2021-06-15 10:00:19,S,257.75,1,1
2021-06-15 10:00:19,S,256.55,2,8
2021-06-15 10:00:19,S,256.5,2,37
2021-06-15 10:00:19,S,256.25,2,12
2021-06-15 10:00:19,S,256.2,2,14
2021-06-15 10:00:19,S,256.1,1,5
2021-06-15 10:00:21,S,257.0,1,119
2021-06-15 10:00:21,S,257.15,1,1
2021-06-15 10:00:21,S,257.4,1,1
2021-06-15 10:00:21,S,257.6,2,9
2021-06-15 10:00:21,S,257.75,1,1
2021-06-15 10:00:21,S,256.55,2,8
2021-06-15 10:00:21,S,256.5,2,37
2021-06-15 10:00:21,S,256.25,2,12
2021-06-15 10:00:21,S,256.2,2,14
2021-06-15 10:00:21,S,256.1,1,5
2021-06-15 10:00:29,S,257.9,2,41
2021-06-15 10:00:29,S,258.0,4,244
2021-06-15 10:00:29,S,258.05,2,26
2021-06-15 10:00:29,S,258.1,2,816
2021-06-15 10:00:29,S,258.15,2,14
2021-06-15 10:00:29,S,256.55,3,26
2021-06-15 10:00:29,S,256.5,5,52
2021-06-15 10:00:29,S,256.3,2,12
2021-06-15 10:00:29,S,256.2,1,3
2021-06-15 10:00:29,S,256.15,3,21
2021-06-15 10:00:33,S,257.9,2,41
2021-06-15 10:00:33,S,258.0,4,244
2021-06-15 10:00:33,S,258.05,2,26
2021-06-15 10:00:33,S,258.1,2,816
2021-06-15 10:00:33,S,258.15,2,14
2021-06-15 10:00:33,S,256.55,3,26
2021-06-15 10:00:33,S,256.5,5,52
2021-06-15 10:00:33,S,256.3,2,12
2021-06-15 10:00:33,S,256.2,1,3
2021-06-15 10:00:33,S,256.15,3,21
2021-06-15 10:00:33,S,257.25,1,5
2021-06-15 10:00:33,S,257.9,2,7
2021-06-15 10:00:33,S,257.95,2,28
2021-06-15 10:00:33,S,258.0,5,289
2021-06-15 10:00:33,S,258.05,1,18
2021-06-15 10:00:33,S,257.05,1,1
2021-06-15 10:00:33,S,257.0,2,35
2021-06-15 10:00:33,S,256.6,1,25
2021-06-15 10:00:33,S,256.55,2,12
2021-06-15 10:00:33,S,256.5,6,55
2021-06-15 10:00:34,S,257.25,1,5
2021-06-15 10:00:34,S,257.9,2,7
2021-06-15 10:00:34,S,257.95,2,28
2021-06-15 10:00:34,S,258.0,5,289
2021-06-15 10:00:34,S,258.05,1,18
2021-06-15 10:00:34,S,257.05,1,1
2021-06-15 10:00:34,S,257.0,2,35
2021-06-15 10:00:34,S,256.6,1,25
2021-06-15 10:00:34,S,256.55,2,12
2021-06-15 10:00:34,S,256.5,6,55
2021-06-15 10:00:36,S,257.25,1,5
2021-06-15 10:00:36,S,257.9,2,7
2021-06-15 10:00:36,S,257.95,2,28
2021-06-15 10:00:36,S,258.0,5,289
2021-06-15 10:00:36,S,258.05,1,18
2021-06-15 10:00:36,S,257.05,1,1
2021-06-15 10:00:36,S,257.0,2,35
2021-06-15 10:00:36,S,256.6,1,25
2021-06-15 10:00:36,S,256.55,2,12
2021-06-15 10:00:36,S,256.5,6,55
2021-06-15 10:00:37,S,257.1,1,1
2021-06-15 10:00:37,S,257.15,1,13
2021-06-15 10:00:37,S,257.2,1,1
2021-06-15 10:00:37,S,257.25,1,5
2021-06-15 10:00:37,S,257.4,1,1
2021-06-15 10:00:37,S,256.6,2,11
2021-06-15 10:00:37,S,256.5,2,37
2021-06-15 10:00:37,S,256.3,3,17
2021-06-15 10:00:37,S,256.2,1,5
2021-06-15 10:00:37,S,256.15,1,3
2021-06-15 10:00:40,S,257.1,1,1
2021-06-15 10:00:40,S,257.15,1,13
2021-06-15 10:00:40,S,257.2,1,1
2021-06-15 10:00:40,S,257.25,1,5
2021-06-15 10:00:40,S,257.4,1,1
2021-06-15 10:00:40,S,256.6,2,11
2021-06-15 10:00:40,S,256.5,2,37
2021-06-15 10:00:40,S,256.3,3,17
2021-06-15 10:00:40,S,256.2,1,5
2021-06-15 10:00:40,S,256.15,1,3
2021-06-15 10:00:42,S,257.15,1,1
2021-06-15 10:00:42,S,257.2,1,1
2021-06-15 10:00:42,S,257.4,1,1
2021-06-15 10:00:42,S,257.6,1,50
2021-06-15 10:00:42,S,257.65,1,1
2021-06-15 10:00:42,S,256.6,2,20
2021-06-15 10:00:42,S,256.5,2,37
2021-06-15 10:00:42,S,256.15,2,11
2021-06-15 10:00:42,S,256.05,1,59
2021-06-15 10:00:42,S,256.0,2,207
2021-06-15 10:00:46,S,256.95,1,1
2021-06-15 10:00:46,S,257.0,3,118
2021-06-15 10:00:46,S,257.15,1,6
2021-06-15 10:00:46,S,257.2,1,1
2021-06-15 10:00:46,S,257.4,2,9
2021-06-15 10:00:46,S,256.6,1,15
2021-06-15 10:00:46,S,256.5,2,37
2021-06-15 10:00:46,S,256.35,2,10
2021-06-15 10:00:46,S,256.15,2,11
2021-06-15 10:00:46,S,256.05,1,59
2021-06-15 10:00:49,S,256.95,1,1
2021-06-15 10:00:49,S,257.0,3,118
2021-06-15 10:00:49,S,257.15,1,6
2021-06-15 10:00:49,S,257.2,1,1
2021-06-15 10:00:49,S,257.4,2,9
2021-06-15 10:00:49,S,256.6,1,15
2021-06-15 10:00:49,S,256.5,2,37
2021-06-15 10:00:49,S,256.35,2,10
2021-06-15 10:00:49,S,256.15,2,11
2021-06-15 10:00:49,S,256.05,1,59
2021-06-15 10:00:50,S,256.8,1,6
2021-06-15 10:00:50,S,256.95,1,1
2021-06-15 10:00:50,S,257.0,3,106
2021-06-15 10:00:50,S,257.2,1,1
2021-06-15 10:00:50,S,257.4,2,9
2021-06-15 10:00:50,S,256.6,1,15
2021-06-15 10:00:50,S,256.5,2,37
2021-06-15 10:00:50,S,256.35,2,10
2021-06-15 10:00:50,S,256.15,2,11
2021-06-15 10:00:50,S,256.05,1,59
2021-06-15 10:00:54,S,257.55,1,1
2021-06-15 10:00:54,S,257.6,2,56
2021-06-15 10:00:54,S,257.95,2,58
2021-06-15 10:00:54,S,258.0,5,289
2021-06-15 10:00:54,S,258.05,1,18
2021-06-15 10:00:54,S,256.55,2,6
2021-06-15 10:00:54,S,256.5,2,37
2021-06-15 10:00:54,S,256.35,2,14
2021-06-15 10:00:54,S,256.25,1,5
2021-06-15 10:00:54,S,256.15,3,16
2021-06-15 10:00:56,S,257.55,1,1
2021-06-15 10:00:56,S,257.6,2,56
2021-06-15 10:00:56,S,257.95,2,58
2021-06-15 10:00:56,S,258.0,5,289
2021-06-15 10:00:56,S,258.05,1,18
2021-06-15 10:00:56,S,256.55,2,6
2021-06-15 10:00:56,S,256.5,2,37
2021-06-15 10:00:56,S,256.35,2,14
2021-06-15 10:00:56,S,256.25,1,5
2021-06-15 10:00:56,S,256.15,3,16
2021-06-15 10:00:58,S,257.5,2,5
2021-06-15 10:00:58,S,257.55,2,26
2021-06-15 10:00:58,S,257.6,2,56
2021-06-15 10:00:58,S,257.95,2,58
2021-06-15 10:00:58,S,258.0,7,489
2021-06-15 10:00:58,S,256.55,2,6
2021-06-15 10:00:58,S,256.5,2,37
2021-06-15 10:00:58,S,256.35,2,12
2021-06-15 10:00:58,S,256.15,2,11
2021-06-15 10:00:58,S,256.05,3,72
2021-06-15 10:01:03,S,257.35,2,5
2021-06-15 10:01:03,S,257.4,2,9
2021-06-15 10:01:03,S,257.45,2,28
2021-06-15 10:01:03,S,257.5,3,63
2021-06-15 10:01:03,S,257.55,1,6
2021-06-15 10:01:03,S,256.55,2,6
2021-06-15 10:01:03,S,256.5,2,37
2021-06-15 10:01:03,S,256.15,2,11
2021-06-15 10:01:03,S,256.05,3,72
2021-06-15 10:01:03,S,256.0,2,207
2021-06-15 10:01:07,S,256.9,1,1
2021-06-15 10:01:07,S,256.95,2,64
2021-06-15 10:01:07,S,257.1,1,1
2021-06-15 10:01:07,S,257.4,2,9
2021-06-15 10:01:07,S,257.5,2,58
2021-06-15 10:01:07,S,256.55,1,1
2021-06-15 10:01:07,S,256.5,2,37
2021-06-15 10:01:07,S,256.05,3,72
2021-06-15 10:01:07,S,256.0,2,207
2021-06-15 10:01:07,S,255.95,2,8
2021-06-15 10:01:09,S,256.9,1,1
2021-06-15 10:01:09,S,256.95,2,64
2021-06-15 10:01:09,S,257.1,1,1
2021-06-15 10:01:09,S,257.4,2,9
2021-06-15 10:01:09,S,257.5,2,58
2021-06-15 10:01:09,S,256.55,1,1
2021-06-15 10:01:09,S,256.5,2,37
2021-06-15 10:01:09,S,256.05,3,72
2021-06-15 10:01:09,S,256.0,2,207
2021-06-15 10:01:09,S,255.95,2,8
2021-06-15 10:01:09,S,256.9,1,1
2021-06-15 10:01:09,S,256.95,2,64
2021-06-15 10:01:09,S,257.1,1,1
2021-06-15 10:01:09,S,257.4,2,9
2021-06-15 10:01:09,S,257.5,2,58
2021-06-15 10:01:09,S,256.55,1,1
2021-06-15 10:01:09,S,256.5,2,37
2021-06-15 10:01:09,S,256.05,3,72
2021-06-15 10:01:09,S,256.0,2,207
2021-06-15 10:01:09,S,255.95,2,8
2021-06-15 10:01:11,S,256.9,1,1
2021-06-15 10:01:11,S,256.95,2,64
2021-06-15 10:01:11,S,257.1,1,1
2021-06-15 10:01:11,S,257.4,2,9
2021-06-15 10:01:11,S,257.5,2,58
2021-06-15 10:01:11,S,256.55,1,1
2021-06-15 10:01:11,S,256.5,2,37
2021-06-15 10:01:11,S,256.05,3,72
2021-06-15 10:01:11,S,256.0,2,207
2021-06-15 10:01:11,S,255.95,2,8
2021-06-15 10:01:12,S,256.9,1,1
2021-06-15 10:01:12,S,256.95,1,59
2021-06-15 10:01:12,S,257.1,1,1
2021-06-15 10:01:12,S,257.4,2,9
2021-06-15 10:01:12,S,257.5,2,58
2021-06-15 10:01:12,S,256.5,1,30
2021-06-15 10:01:12,S,256.15,2,10
2021-06-15 10:01:12,S,256.05,2,67
2021-06-15 10:01:12,S,256.0,2,207
2021-06-15 10:01:12,S,255.95,1,3
2021-06-15 10:01:15,S,256.9,1,1
2021-06-15 10:01:15,S,256.95,1,59
2021-06-15 10:01:15,S,257.1,1,1
2021-06-15 10:01:15,S,257.4,2,9
2021-06-15 10:01:15,S,257.5,2,58
2021-06-15 10:01:15,S,256.5,1,30
2021-06-15 10:01:15,S,256.15,2,10
2021-06-15 10:01:15,S,256.05,2,67
2021-06-15 10:01:15,S,256.0,2,207
2021-06-15 10:01:15,S,255.95,1,3
2021-06-15 10:01:16,S,256.9,1,1
2021-06-15 10:01:16,S,256.95,1,59
2021-06-15 10:01:16,S,257.4,1,1
2021-06-15 10:01:16,S,257.5,3,68
2021-06-15 10:01:16,S,257.6,1,50
2021-06-15 10:01:16,S,256.55,2,6
2021-06-15 10:01:16,S,256.5,2,37
2021-06-15 10:01:16,S,256.15,2,10
2021-06-15 10:01:16,S,256.05,2,67
2021-06-15 10:01:16,S,256.0,2,207
2021-06-15 10:01:20,S,256.9,1,1
2021-06-15 10:01:20,S,256.95,1,59
2021-06-15 10:01:20,S,257.1,1,1
2021-06-15 10:01:20,S,257.4,1,1
2021-06-15 10:01:20,S,257.45,1,20
2021-06-15 10:01:20,S,256.4,2,8
2021-06-15 10:01:20,S,256.05,2,67
2021-06-15 10:01:20,S,256.0,2,207
2021-06-15 10:01:20,S,255.95,1,3
2021-06-15 10:01:20,S,255.85,1,5
2021-06-15 10:01:24,S,256.9,1,1
2021-06-15 10:01:24,S,256.95,1,59
2021-06-15 10:01:24,S,257.1,1,1
2021-06-15 10:01:24,S,257.4,1,1
2021-06-15 10:01:24,S,257.45,1,20
2021-06-15 10:01:24,S,256.4,2,8
2021-06-15 10:01:24,S,256.05,2,67
2021-06-15 10:01:24,S,256.0,2,207
2021-06-15 10:01:24,S,255.95,1,3
2021-06-15 10:01:24,S,255.85,1,5
2021-06-15 10:01:24,S,256.95,1,58
2021-06-15 10:01:24,S,257.1,1,1
2021-06-15 10:01:24,S,257.4,2,9
2021-06-15 10:01:24,S,257.45,1,20
2021-06-15 10:01:24,S,257.5,4,69
2021-06-15 10:01:24,S,256.4,2,8
2021-06-15 10:01:24,S,256.2,2,10
2021-06-15 10:01:24,S,256.05,2,67
2021-06-15 10:01:24,S,256.0,2,207
2021-06-15 10:01:24,S,255.95,1,3
2021-06-15 10:01:28,S,256.95,1,58
2021-06-15 10:01:28,S,257.1,1,1
2021-06-15 10:01:28,S,257.4,1,1
2021-06-15 10:01:28,S,257.45,1,20
2021-06-15 10:01:28,S,257.5,4,69
2021-06-15 10:01:28,S,256.4,3,11
2021-06-15 10:01:28,S,256.2,2,10
2021-06-15 10:01:28,S,256.05,2,67
2021-06-15 10:01:28,S,256.0,2,207
2021-06-15 10:01:28,S,255.95,1,3
2021-06-15 10:01:33,S,256.95,2,45
2021-06-15 10:01:33,S,257.1,1,1
2021-06-15 10:01:33,S,257.4,1,1
2021-06-15 10:01:33,S,257.45,1,20
2021-06-15 10:01:33,S,257.5,4,69
2021-06-15 10:01:33,S,256.4,3,11
2021-06-15 10:01:33,S,256.2,2,10
2021-06-15 10:01:33,S,256.05,2,67
2021-06-15 10:01:33,S,256.0,2,207
2021-06-15 10:01:33,S,255.95,1,3
2021-06-15 10:01:34,S,256.95,2,45
2021-06-15 10:01:34,S,257.1,1,1
2021-06-15 10:01:34,S,257.4,1,1
2021-06-15 10:01:34,S,257.45,1,20
2021-06-15 10:01:34,S,257.5,4,69
2021-06-15 10:01:34,S,256.4,3,11
2021-06-15 10:01:34,S,256.2,2,10
2021-06-15 10:01:34,S,256.05,2,67
2021-06-15 10:01:34,S,256.0,2,207
2021-06-15 10:01:34,S,255.95,1,3
2021-06-15 10:01:35,S,256.95,2,45
2021-06-15 10:01:35,S,257.1,1,1
2021-06-15 10:01:35,S,257.4,1,1
2021-06-15 10:01:35,S,257.45,1,20
2021-06-15 10:01:35,S,257.5,4,69
2021-06-15 10:01:35,S,256.4,3,11
2021-06-15 10:01:35,S,256.2,2,10
2021-06-15 10:01:35,S,256.05,2,67
2021-06-15 10:01:35,S,256.0,2,207
2021-06-15 10:01:35,S,255.95,1,3
2021-06-15 10:01:37,S,256.45,1,1
2021-06-15 10:01:37,S,256.5,1,386
2021-06-15 10:01:37,S,256.7,2,8
2021-06-15 10:01:37,S,256.9,3,29
2021-06-15 10:01:37,S,256.95,2,46
2021-06-15 10:01:37,S,256.05,2,8
2021-06-15 10:01:37,S,256.0,2,207
2021-06-15 10:01:37,S,255.95,2,12
2021-06-15 10:01:37,S,255.75,2,11
2021-06-15 10:01:37,S,255.65,2,62
2021-06-15 10:01:38,S,256.45,1,1
2021-06-15 10:01:38,S,256.5,1,386
2021-06-15 10:01:38,S,256.7,2,8
2021-06-15 10:01:38,S,256.9,3,29
2021-06-15 10:01:38,S,256.95,2,46
2021-06-15 10:01:38,S,256.05,2,8
2021-06-15 10:01:38,S,256.0,2,207
2021-06-15 10:01:38,S,255.95,2,12
2021-06-15 10:01:38,S,255.75,2,11
2021-06-15 10:01:38,S,255.65,2,62
2021-06-15 10:01:39,S,256.45,1,1
2021-06-15 10:01:39,S,256.5,1,386
2021-06-15 10:01:39,S,256.7,2,8
2021-06-15 10:01:39,S,256.9,3,29
2021-06-15 10:01:39,S,256.95,2,46
2021-06-15 10:01:39,S,256.05,2,8
2021-06-15 10:01:39,S,256.0,2,207
2021-06-15 10:01:39,S,255.95,2,12
2021-06-15 10:01:39,S,255.75,2,11
2021-06-15 10:01:39,S,255.65,2,62
2021-06-15 10:01:39,S,256.45,1,1
2021-06-15 10:01:39,S,256.5,1,386
2021-06-15 10:01:39,S,256.7,2,8
2021-06-15 10:01:39,S,256.9,3,29
2021-06-15 10:01:39,S,256.95,2,46
2021-06-15 10:01:39,S,256.05,2,8
2021-06-15 10:01:39,S,256.0,2,207
2021-06-15 10:01:39,S,255.95,2,12
2021-06-15 10:01:39,S,255.75,2,11
2021-06-15 10:01:39,S,255.65,2,62
2021-06-15 10:01:41,S,256.45,1,1
2021-06-15 10:01:41,S,256.5,1,386
2021-06-15 10:01:41,S,256.7,2,9
2021-06-15 10:01:41,S,256.9,3,29
2021-06-15 10:01:41,S,256.95,2,46
2021-06-15 10:01:41,S,256.0,1,200
2021-06-15 10:01:41,S,255.75,2,11
2021-06-15 10:01:41,S,255.65,2,65
2021-06-15 10:01:41,S,255.6,1,4
2021-06-15 10:01:41,S,255.45,1,5
2021-06-15 10:01:45,S,256.35,1,1
2021-06-15 10:01:45,S,256.4,1,10
2021-06-15 10:01:45,S,256.45,1,7
2021-06-15 10:01:45,S,256.5,1,386
2021-06-15 10:01:45,S,256.7,2,9
2021-06-15 10:01:45,S,256.0,1,200
2021-06-15 10:01:45,S,255.75,2,11
2021-06-15 10:01:45,S,255.65,2,65
2021-06-15 10:01:45,S,255.6,1,4
2021-06-15 10:01:45,S,255.45,1,5
2021-06-15 10:01:49,S,256.2,1,7
2021-06-15 10:01:49,S,256.35,1,1
2021-06-15 10:01:49,S,256.4,1,10
2021-06-15 10:01:49,S,256.45,1,1
2021-06-15 10:01:49,S,256.5,1,386
2021-06-15 10:01:49,S,256.0,1,200
2021-06-15 10:01:49,S,255.75,2,11
2021-06-15 10:01:49,S,255.65,2,65
2021-06-15 10:01:49,S,255.6,1,4
2021-06-15 10:01:49,S,255.45,1,5
2021-06-15 10:01:52,S,256.2,1,7
2021-06-15 10:01:52,S,256.35,1,1
2021-06-15 10:01:52,S,256.4,1,10
2021-06-15 10:01:52,S,256.45,1,1
2021-06-15 10:01:52,S,256.5,1,386
2021-06-15 10:01:52,S,256.0,1,200
2021-06-15 10:01:52,S,255.75,2,11
2021-06-15 10:01:52,S,255.65,2,65
2021-06-15 10:01:52,S,255.6,1,4
2021-06-15 10:01:52,S,255.45,1,5
2021-06-15 10:01:53,S,256.35,1,1
2021-06-15 10:01:53,S,256.4,1,10
2021-06-15 10:01:53,S,256.45,1,1
2021-06-15 10:01:53,S,256.5,1,386
2021-06-15 10:01:53,S,256.7,2,9
2021-06-15 10:01:53,S,256.0,1,135
2021-06-15 10:01:53,S,255.75,2,11
2021-06-15 10:01:53,S,255.65,2,65
2021-06-15 10:01:53,S,255.6,1,4
2021-06-15 10:01:53,S,255.45,1,5
2021-06-15 10:01:57,S,256.35,1,1
2021-06-15 10:01:57,S,256.4,1,10
2021-06-15 10:01:57,S,256.5,2,387
2021-06-15 10:01:57,S,256.7,2,9
2021-06-15 10:01:57,S,256.9,3,29
2021-06-15 10:01:57,S,256.0,1,135
2021-06-15 10:01:57,S,255.75,2,11
2021-06-15 10:01:57,S,255.65,2,65
2021-06-15 10:01:57,S,255.6,1,4
2021-06-15 10:01:57,S,255.45,1,5
2021-06-15 10:02:02,S,256.35,2,7
2021-06-15 10:02:02,S,256.4,1,10
2021-06-15 10:02:02,S,256.5,2,387
2021-06-15 10:02:02,S,256.7,2,9
2021-06-15 10:02:02,S,256.9,3,29
2021-06-15 10:02:02,S,256.0,1,135
2021-06-15 10:02:02,S,255.75,2,11
2021-06-15 10:02:02,S,255.65,2,65
2021-06-15 10:02:02,S,255.6,1,4
2021-06-15 10:02:02,S,255.45,1,5
2021-06-15 10:02:06,S,256.2,1,6
2021-06-15 10:02:06,S,256.35,1,1
2021-06-15 10:02:06,S,256.4,1,10
2021-06-15 10:02:06,S,256.5,2,387
2021-06-15 10:02:06,S,256.7,2,9
2021-06-15 10:02:06,S,256.0,1,135
2021-06-15 10:02:06,S,255.75,2,11
2021-06-15 10:02:06,S,255.65,2,65
2021-06-15 10:02:06,S,255.6,1,4
2021-06-15 10:02:06,S,255.45,1,5
2021-06-15 10:02:08,S,256.2,1,6
2021-06-15 10:02:08,S,256.35,1,1
2021-06-15 10:02:08,S,256.4,1,10
2021-06-15 10:02:08,S,256.5,2,387
2021-06-15 10:02:08,S,256.7,2,9
2021-06-15 10:02:08,S,256.0,1,135
2021-06-15 10:02:08,S,255.75,2,11
2021-06-15 10:02:08,S,255.65,2,65
2021-06-15 10:02:08,S,255.6,1,4
2021-06-15 10:02:08,S,255.45,1,5
2021-06-15 10:02:10,S,256.35,1,1
2021-06-15 10:02:10,S,256.4,1,10
2021-06-15 10:02:10,S,256.5,3,395
2021-06-15 10:02:10,S,256.7,2,9
2021-06-15 10:02:10,S,256.9,3,29
2021-06-15 10:02:10,S,256.0,1,80
2021-06-15 10:02:10,S,255.75,2,11
2021-06-15 10:02:10,S,255.65,2,65
2021-06-15 10:02:10,S,255.6,1,4
2021-06-15 10:02:10,S,255.45,1,5
2021-06-15 10:02:13,S,256.35,1,1
2021-06-15 10:02:13,S,256.4,1,10
2021-06-15 10:02:13,S,256.5,3,395
2021-06-15 10:02:13,S,256.7,2,9
2021-06-15 10:02:13,S,256.9,3,29
2021-06-15 10:02:13,S,256.0,1,80
2021-06-15 10:02:13,S,255.75,2,11
2021-06-15 10:02:13,S,255.65,2,65
2021-06-15 10:02:13,S,255.6,1,4
2021-06-15 10:02:13,S,255.45,1,5
2021-06-15 10:02:14,S,256.35,2,13
2021-06-15 10:02:14,S,256.4,2,16
2021-06-15 10:02:14,S,256.5,3,395
2021-06-15 10:02:14,S,256.7,2,9
2021-06-15 10:02:14,S,256.9,2,9
2021-06-15 10:02:14,S,256.0,1,140
2021-06-15 10:02:14,S,255.7,2,20
2021-06-15 10:02:14,S,255.6,2,12
2021-06-15 10:02:14,S,255.4,1,3
2021-06-15 10:02:14,S,255.25,1,53
2021-06-15 10:02:18,S,256.35,3,20
2021-06-15 10:02:18,S,256.4,1,10
2021-06-15 10:02:18,S,256.5,2,394
2021-06-15 10:02:18,S,256.7,2,9
2021-06-15 10:02:18,S,256.9,3,29
2021-06-15 10:02:18,S,256.0,2,143
2021-06-15 10:02:18,S,255.8,2,10
2021-06-15 10:02:18,S,255.65,2,21
2021-06-15 10:02:18,S,255.6,2,12
2021-06-15 10:02:18,S,255.55,1,3
2021-06-15 10:02:20,S,256.35,3,20
2021-06-15 10:02:20,S,256.4,1,10
2021-06-15 10:02:20,S,256.5,2,394
2021-06-15 10:02:20,S,256.7,2,9
2021-06-15 10:02:20,S,256.9,3,29
2021-06-15 10:02:20,S,256.0,2,143
2021-06-15 10:02:20,S,255.8,2,10
2021-06-15 10:02:20,S,255.65,2,21
2021-06-15 10:02:20,S,255.6,2,12
2021-06-15 10:02:20,S,255.55,1,3
2021-06-15 10:02:22,S,256.7,2,2
2021-06-15 10:02:22,S,256.75,1,1
2021-06-15 10:02:22,S,256.9,2,9
2021-06-15 10:02:22,S,256.95,2,46
2021-06-15 10:02:22,S,257.0,3,771
2021-06-15 10:02:22,S,256.5,1,92
2021-06-15 10:02:22,S,256.15,2,8
2021-06-15 10:02:22,S,256.1,1,7
2021-06-15 10:02:22,S,256.0,3,150
2021-06-15 10:02:22,S,255.8,2,10
2021-06-15 10:02:25,S,256.7,2,2
2021-06-15 10:02:25,S,256.75,1,1
2021-06-15 10:02:25,S,256.9,2,9
2021-06-15 10:02:25,S,256.95,2,46
2021-06-15 10:02:25,S,257.0,3,771
2021-06-15 10:02:25,S,256.5,1,92
2021-06-15 10:02:25,S,256.15,2,8
2021-06-15 10:02:25,S,256.1,1,7
2021-06-15 10:02:25,S,256.0,3,150
2021-06-15 10:02:25,S,255.8,2,10
2021-06-15 10:02:27,S,256.9,3,16
2021-06-15 10:02:27,S,256.95,2,46
2021-06-15 10:02:27,S,257.0,4,779
2021-06-15 10:02:27,S,257.1,2,9
2021-06-15 10:02:27,S,257.15,1,60
2021-06-15 10:02:27,S,256.5,1,42
2021-06-15 10:02:27,S,256.15,2,8
2021-06-15 10:02:27,S,256.0,4,160
2021-06-15 10:02:27,S,255.8,2,10
2021-06-15 10:02:27,S,255.6,2,12
2021-06-15 10:02:31,S,256.9,2,6
2021-06-15 10:02:31,S,256.95,2,39
2021-06-15 10:02:31,S,257.0,3,778
2021-06-15 10:02:31,S,257.1,2,9
2021-06-15 10:02:31,S,257.15,1,60
2021-06-15 10:02:31,S,256.5,1,42
2021-06-15 10:02:31,S,256.3,2,10
2021-06-15 10:02:31,S,256.25,2,12
2021-06-15 10:02:31,S,256.15,1,3
2021-06-15 10:02:31,S,256.0,4,160
2021-06-15 10:02:38,S,256.9,2,6
2021-06-15 10:02:38,S,256.95,2,39
2021-06-15 10:02:38,S,257.0,3,778
2021-06-15 10:02:38,S,257.1,2,9
2021-06-15 10:02:38,S,257.15,1,60
2021-06-15 10:02:38,S,256.5,1,42
2021-06-15 10:02:38,S,256.3,2,10
2021-06-15 10:02:38,S,256.25,2,12
2021-06-15 10:02:38,S,256.15,1,3
2021-06-15 10:02:38,S,256.0,4,160
2021-06-15 10:02:40,S,256.9,1,1
2021-06-15 10:02:40,S,256.95,2,39
2021-06-15 10:02:40,S,257.0,2,770
2021-06-15 10:02:40,S,257.1,1,1
2021-06-15 10:02:40,S,257.15,1,60
2021-06-15 10:02:40,S,256.5,2,101
2021-06-15 10:02:40,S,256.45,2,10
2021-06-15 10:02:40,S,256.25,2,12
2021-06-15 10:02:40,S,256.15,1,3
2021-06-15 10:02:40,S,256.0,4,160
2021-06-15 10:02:44,S,256.9,1,1
2021-06-15 10:02:44,S,256.95,2,39
2021-06-15 10:02:44,S,257.0,1,400
2021-06-15 10:02:44,S,257.1,1,1
2021-06-15 10:02:44,S,257.15,1,60
2021-06-15 10:02:44,S,256.5,2,101
2021-06-15 10:02:44,S,256.45,2,10
2021-06-15 10:02:44,S,256.25,2,12
2021-06-15 10:02:44,S,256.15,1,3
2021-06-15 10:02:44,S,256.0,4,160
2021-06-15 10:02:48,S,256.9,2,7
2021-06-15 10:02:48,S,256.95,2,39
2021-06-15 10:02:48,S,257.0,1,400
2021-06-15 10:02:48,S,257.1,1,1
2021-06-15 10:02:48,S,257.15,1,60
2021-06-15 10:02:48,S,256.5,2,101
2021-06-15 10:02:48,S,256.45,2,10
2021-06-15 10:02:48,S,256.25,2,12
2021-06-15 10:02:48,S,256.15,1,3
2021-06-15 10:02:48,S,256.0,4,160
2021-06-15 10:02:49,S,256.9,2,7
2021-06-15 10:02:49,S,256.95,2,39
2021-06-15 10:02:49,S,257.0,1,400
2021-06-15 10:02:49,S,257.1,1,1
2021-06-15 10:02:49,S,257.15,1,60
2021-06-15 10:02:49,S,256.5,2,101
2021-06-15 10:02:49,S,256.45,2,10
2021-06-15 10:02:49,S,256.25,2,12
2021-06-15 10:02:49,S,256.15,1,3
2021-06-15 10:02:49,S,256.0,4,160
2021-06-15 10:02:51,S,256.9,2,7
2021-06-15 10:02:51,S,256.95,2,39
2021-06-15 10:02:51,S,257.0,1,400
2021-06-15 10:02:51,S,257.1,1,1
2021-06-15 10:02:51,S,257.15,1,60
2021-06-15 10:02:51,S,256.5,2,101
2021-06-15 10:02:51,S,256.45,2,10
2021-06-15 10:02:51,S,256.25,2,12
2021-06-15 10:02:51,S,256.15,1,3
2021-06-15 10:02:51,S,256.0,4,160
2021-06-15 10:02:52,S,256.95,1,19
2021-06-15 10:02:52,S,257.0,1,400
2021-06-15 10:02:52,S,257.3,2,9
2021-06-15 10:02:52,S,257.45,2,28
2021-06-15 10:02:52,S,257.5,4,168
2021-06-15 10:02:52,S,256.5,1,100
2021-06-15 10:02:52,S,256.3,2,8
2021-06-15 10:02:52,S,256.25,2,12
2021-06-15 10:02:52,S,256.15,1,3
2021-06-15 10:02:52,S,256.0,4,160
2021-06-15 10:02:57,S,256.95,1,19
2021-06-15 10:02:57,S,257.0,1,400
2021-06-15 10:02:57,S,257.1,1,1
2021-06-15 10:02:57,S,257.3,2,9
2021-06-15 10:02:57,S,257.4,1,1
2021-06-15 10:02:57,S,256.6,1,1
2021-06-15 10:02:57,S,256.55,2,8
2021-06-15 10:02:57,S,256.5,2,107
2021-06-15 10:02:57,S,256.3,1,7
2021-06-15 10:02:57,S,256.25,2,12
2021-06-15 10:03:00,S,256.95,1,19
2021-06-15 10:03:00,S,257.0,1,400
2021-06-15 10:03:00,S,257.1,1,1
2021-06-15 10:03:00,S,257.3,2,9
2021-06-15 10:03:00,S,257.4,1,1
2021-06-15 10:03:00,S,256.6,1,1
2021-06-15 10:03:00,S,256.55,2,8
2021-06-15 10:03:00,S,256.5,2,107
2021-06-15 10:03:00,S,256.3,1,7
2021-06-15 10:03:00,S,256.25,2,12
2021-06-15 10:03:01,S,257.5,3,160
2021-06-15 10:03:01,S,257.6,2,850
2021-06-15 10:03:01,S,257.9,2,33
2021-06-15 10:03:01,S,257.95,3,59
2021-06-15 10:03:01,S,258.0,5,538
2021-06-15 10:03:01,S,257.1,2,6
2021-06-15 10:03:01,S,257.05,2,17
2021-06-15 10:03:01,S,257.0,1,5
2021-06-15 10:03:01,S,256.95,3,1036
2021-06-15 10:03:01,S,256.6,2,10
2021-06-15 10:03:04,S,257.5,3,160
2021-06-15 10:03:04,S,257.6,2,850
2021-06-15 10:03:04,S,257.9,2,33
2021-06-15 10:03:04,S,257.95,3,59
2021-06-15 10:03:04,S,258.0,5,538
2021-06-15 10:03:04,S,257.1,2,6
2021-06-15 10:03:04,S,257.05,2,17
2021-06-15 10:03:04,S,257.0,1,5
2021-06-15 10:03:04,S,256.95,3,1036
2021-06-15 10:03:04,S,256.6,2,10
2021-06-15 10:03:06,S,257.5,3,160
2021-06-15 10:03:06,S,257.6,2,850
2021-06-15 10:03:06,S,257.9,2,33
2021-06-15 10:03:06,S,257.95,3,59
2021-06-15 10:03:06,S,258.0,5,538
2021-06-15 10:03:06,S,257.1,2,6
2021-06-15 10:03:06,S,257.05,2,17
2021-06-15 10:03:06,S,257.0,1,5
2021-06-15 10:03:06,S,256.95,3,1036
2021-06-15 10:03:06,S,256.6,2,10
2021-06-15 10:03:09,S,257.5,3,134
2021-06-15 10:03:09,S,257.6,2,850
2021-06-15 10:03:09,S,257.75,2,9
2021-06-15 10:03:09,S,257.9,4,118
2021-06-15 10:03:09,S,257.95,3,59
2021-06-15 10:03:09,S,257.1,3,19
2021-06-15 10:03:09,S,257.05,3,9
2021-06-15 10:03:09,S,257.0,2,105
2021-06-15 10:03:09,S,256.95,3,1036
2021-06-15 10:03:09,S,256.9,2,12
2021-06-15 10:03:10,S,257.5,3,134
2021-06-15 10:03:10,S,257.6,2,850
2021-06-15 10:03:10,S,257.75,2,9
2021-06-15 10:03:10,S,257.9,4,118
2021-06-15 10:03:10,S,257.95,3,59
2021-06-15 10:03:10,S,257.1,3,19
2021-06-15 10:03:10,S,257.05,3,9
2021-06-15 10:03:10,S,257.0,2,105
2021-06-15 10:03:10,S,256.95,3,1036
2021-06-15 10:03:10,S,256.9,2,12
2021-06-15 10:03:12,S,257.5,3,134
2021-06-15 10:03:12,S,257.6,2,850
2021-06-15 10:03:12,S,257.75,2,9
2021-06-15 10:03:12,S,257.9,4,118
2021-06-15 10:03:12,S,257.95,3,59
2021-06-15 10:03:12,S,257.1,3,19
2021-06-15 10:03:12,S,257.05,3,9
2021-06-15 10:03:12,S,257.0,2,105
2021-06-15 10:03:12,S,256.95,3,1036
2021-06-15 10:03:12,S,256.9,2,12
2021-06-15 10:03:13,S,257.6,1,54
2021-06-15 10:03:13,S,257.75,2,7
2021-06-15 10:03:13,S,257.9,3,113
2021-06-15 10:03:13,S,257.95,3,21
2021-06-15 10:03:13,S,258.0,5,538
2021-06-15 10:03:13,S,257.2,4,20
2021-06-15 10:03:13,S,257.05,2,7
2021-06-15 10:03:13,S,257.0,2,50
2021-06-15 10:03:13,S,256.95,3,1036
2021-06-15 10:03:13,S,256.9,2,12
2021-06-15 10:03:15,S,257.6,1,54
2021-06-15 10:03:15,S,257.75,2,7
2021-06-15 10:03:15,S,257.9,3,113
2021-06-15 10:03:15,S,257.95,3,21
2021-06-15 10:03:15,S,258.0,5,538
2021-06-15 10:03:15,S,257.2,4,20
2021-06-15 10:03:15,S,257.05,2,7
2021-06-15 10:03:15,S,257.0,2,50
2021-06-15 10:03:15,S,256.95,3,1036
2021-06-15 10:03:15,S,256.9,2,12
2021-06-15 10:03:15,S,257.6,1,54
2021-06-15 10:03:15,S,257.75,2,7
2021-06-15 10:03:15,S,257.9,3,113
2021-06-15 10:03:15,S,257.95,3,21
2021-06-15 10:03:15,S,258.0,5,538
2021-06-15 10:03:15,S,257.2,4,20
2021-06-15 10:03:15,S,257.05,2,7
2021-06-15 10:03:15,S,257.0,2,50
2021-06-15 10:03:15,S,256.95,3,1036
2021-06-15 10:03:15,S,256.9,2,12
2021-06-15 10:03:18,S,258.05,2,22
2021-06-15 10:03:18,S,258.1,2,816
2021-06-15 10:03:18,S,258.15,2,9
2021-06-15 10:03:18,S,258.2,2,13
2021-06-15 10:03:18,S,258.3,2,6
2021-06-15 10:03:18,S,257.25,1,1
2021-06-15 10:03:18,S,257.2,2,9
2021-06-15 10:03:18,S,257.05,2,7
2021-06-15 10:03:18,S,257.0,2,50
2021-06-15 10:03:18,S,256.9,2,12
2021-06-15 10:03:22,S,258.05,1,18
2021-06-15 10:03:22,S,258.1,1,810
2021-06-15 10:03:22,S,258.5,4,78
2021-06-15 10:03:22,S,258.55,1,1
2021-06-15 10:03:22,S,258.6,1,5
2021-06-15 10:03:22,S,258.0,1,500
2021-06-15 10:03:22,S,257.25,2,6
2021-06-15 10:03:22,S,257.2,2,9
2021-06-15 10:03:22,S,257.05,3,27
2021-06-15 10:03:22,S,257.0,2,50
2021-06-15 10:03:24,S,258.05,1,18
2021-06-15 10:03:24,S,258.1,1,810
2021-06-15 10:03:24,S,258.5,4,78
2021-06-15 10:03:24,S,258.55,1,1
2021-06-15 10:03:24,S,258.6,1,5
2021-06-15 10:03:24,S,258.0,1,500
2021-06-15 10:03:24,S,257.25,2,6
2021-06-15 10:03:24,S,257.2,2,9
2021-06-15 10:03:24,S,257.05,3,27
2021-06-15 10:03:24,S,257.0,2,50
2021-06-15 10:03:25,S,258.05,1,18
2021-06-15 10:03:25,S,258.1,1,810
2021-06-15 10:03:25,S,258.5,4,78
2021-06-15 10:03:25,S,258.55,1,1
2021-06-15 10:03:25,S,258.6,1,5
2021-06-15 10:03:25,S,258.0,1,500
2021-06-15 10:03:25,S,257.25,2,6
2021-06-15 10:03:25,S,257.2,2,9
2021-06-15 10:03:25,S,257.05,3,27
2021-06-15 10:03:25,S,257.0,2,50
2021-06-15 10:03:26,S,258.5,3,70
2021-06-15 10:03:26,S,258.75,2,8
2021-06-15 10:03:26,S,258.8,3,207
2021-06-15 10:03:26,S,259.0,4,164
2021-06-15 10:03:26,S,259.1,1,1
2021-06-15 10:03:26,S,258.05,2,6
2021-06-15 10:03:26,S,258.0,3,506
2021-06-15 10:03:26,S,257.85,2,9
2021-06-15 10:03:26,S,257.7,2,11
2021-06-15 10:03:26,S,257.55,1,3
2021-06-15 10:03:27,S,258.5,3,70
2021-06-15 10:03:27,S,258.75,2,8
2021-06-15 10:03:27,S,258.8,3,207
2021-06-15 10:03:27,S,259.0,4,164
2021-06-15 10:03:27,S,259.1,1,1
2021-06-15 10:03:27,S,258.05,2,6
2021-06-15 10:03:27,S,258.0,3,506
2021-06-15 10:03:27,S,257.85,2,9
2021-06-15 10:03:27,S,257.7,2,11
2021-06-15 10:03:27,S,257.55,1,3
2021-06-15 10:03:30,S,258.7,3,11
2021-06-15 10:03:30,S,258.75,3,32
2021-06-15 10:03:30,S,258.8,3,112
2021-06-15 10:03:30,S,258.85,1,5
2021-06-15 10:03:30,S,258.9,1,25
2021-06-15 10:03:30,S,257.7,2,11
2021-06-15 10:03:30,S,257.55,3,17
2021-06-15 10:03:30,S,257.45,2,14
2021-06-15 10:03:30,S,257.4,2,12
2021-06-15 10:03:30,S,257.35,1,5
2021-06-15 10:03:31,S,258.7,3,11
2021-06-15 10:03:31,S,258.75,3,32
2021-06-15 10:03:31,S,258.8,3,112
2021-06-15 10:03:31,S,258.85,1,5
2021-06-15 10:03:31,S,258.9,1,25
2021-06-15 10:03:31,S,257.7,2,11
2021-06-15 10:03:31,S,257.55,3,17
2021-06-15 10:03:31,S,257.45,2,14
2021-06-15 10:03:31,S,257.4,2,12
2021-06-15 10:03:31,S,257.35,1,5
2021-06-15 10:03:33,S,258.7,3,11
2021-06-15 10:03:33,S,258.75,3,32
2021-06-15 10:03:33,S,258.8,3,112
2021-06-15 10:03:33,S,258.85,1,5
2021-06-15 10:03:33,S,258.9,1,25
2021-06-15 10:03:33,S,257.7,2,11
2021-06-15 10:03:33,S,257.55,3,17
2021-06-15 10:03:33,S,257.45,2,14
2021-06-15 10:03:33,S,257.4,2,12
2021-06-15 10:03:33,S,257.35,1,5
2021-06-15 10:03:34,S,258.15,2,6
2021-06-15 10:03:34,S,258.2,1,5
2021-06-15 10:03:34,S,258.3,2,10
2021-06-15 10:03:34,S,258.35,2,57
2021-06-15 10:03:34,S,258.4,3,15
2021-06-15 10:03:34,S,257.2,2,9
2021-06-15 10:03:34,S,257.15,2,14
2021-06-15 10:03:34,S,257.05,3,12
2021-06-15 10:03:34,S,257.0,2,50
2021-06-15 10:03:34,S,256.95,1,5
2021-06-15 10:03:39,S,258.0,2,6
2021-06-15 10:03:39,S,258.05,2,8
2021-06-15 10:03:39,S,258.2,2,8
2021-06-15 10:03:39,S,258.25,1,5
2021-06-15 10:03:39,S,258.3,2,10
2021-06-15 10:03:39,S,257.05,2,7
2021-06-15 10:03:39,S,257.0,2,50
2021-06-15 10:03:39,S,256.9,2,12
2021-06-15 10:03:39,S,256.85,2,56
2021-06-15 10:03:39,S,256.75,2,8
2021-06-15 10:03:40,S,258.0,2,6
2021-06-15 10:03:40,S,258.05,2,8
2021-06-15 10:03:40,S,258.2,2,8
2021-06-15 10:03:40,S,258.25,1,5
2021-06-15 10:03:40,S,258.3,2,10
2021-06-15 10:03:40,S,257.05,2,7
2021-06-15 10:03:40,S,257.0,2,50
2021-06-15 10:03:40,S,256.9,2,12
2021-06-15 10:03:40,S,256.85,2,56
2021-06-15 10:03:40,S,256.75,2,8
2021-06-15 10:03:43,S,257.55,1,1
2021-06-15 10:03:43,S,257.6,1,50
2021-06-15 10:03:43,S,257.9,2,9
2021-06-15 10:03:43,S,258.05,2,8
2021-06-15 10:03:43,S,258.2,2,8
2021-06-15 10:03:43,S,257.45,1,5
2021-06-15 10:03:43,S,257.2,1,5
2021-06-15 10:03:43,S,257.15,1,5
2021-06-15 10:03:43,S,257.1,1,5
2021-06-15 10:03:43,S,257.05,3,17
2021-06-15 10:03:47,S,257.55,1,1
2021-06-15 10:03:47,S,257.6,1,50
2021-06-15 10:03:47,S,257.9,2,9
2021-06-15 10:03:47,S,258.05,2,8
2021-06-15 10:03:47,S,258.2,2,8
2021-06-15 10:03:47,S,257.45,1,5
2021-06-15 10:03:47,S,257.2,1,5
2021-06-15 10:03:47,S,257.15,1,5
2021-06-15 10:03:47,S,257.1,1,5
2021-06-15 10:03:47,S,257.05,3,17
2021-06-15 10:03:48,S,257.55,1,1
2021-06-15 10:03:48,S,257.6,1,50
2021-06-15 10:03:48,S,257.9,2,9
2021-06-15 10:03:48,S,258.05,2,8
2021-06-15 10:03:48,S,258.2,2,8
2021-06-15 10:03:48,S,257.45,1,5
2021-06-15 10:03:48,S,257.2,1,5
2021-06-15 10:03:48,S,257.15,1,5
2021-06-15 10:03:48,S,257.1,1,5
2021-06-15 10:03:48,S,257.05,3,17
2021-06-15 10:03:51,S,258.75,2,6
2021-06-15 10:03:51,S,258.8,1,5
2021-06-15 10:03:51,S,258.85,1,5
2021-06-15 10:03:51,S,258.9,1,5
2021-06-15 10:03:51,S,259.15,1,60
2021-06-15 10:03:51,S,257.7,2,10
2021-06-15 10:03:51,S,257.6,3,30
2021-06-15 10:03:51,S,257.55,3,28
2021-06-15 10:03:51,S,257.5,1,5
2021-06-15 10:03:51,S,257.45,2,12
2021-06-15 10:03:52,S,258.75,2,6
2021-06-15 10:03:52,S,258.8,1,5
2021-06-15 10:03:52,S,258.85,1,5
2021-06-15 10:03:52,S,258.9,1,5
2021-06-15 10:03:52,S,259.15,1,60
2021-06-15 10:03:52,S,257.7,2,10
2021-06-15 10:03:52,S,257.6,3,30
2021-06-15 10:03:52,S,257.55,3,28
2021-06-15 10:03:52,S,257.5,1,5
2021-06-15 10:03:52,S,257.45,2,12
2021-06-15 10:03:54,S,258.75,2,6
2021-06-15 10:03:54,S,258.8,1,5
2021-06-15 10:03:54,S,258.85,1,5
2021-06-15 10:03:54,S,258.9,1,5
2021-06-15 10:03:54,S,259.15,1,60
2021-06-15 10:03:54,S,257.7,2,10
2021-06-15 10:03:54,S,257.6,3,30
2021-06-15 10:03:54,S,257.55,3,28
2021-06-15 10:03:54,S,257.5,1,5
2021-06-15 10:03:54,S,257.45,2,12
2021-06-15 10:03:56,S,259.25,2,7
2021-06-15 10:03:56,S,259.3,1,5
2021-06-15 10:03:56,S,259.35,3,11
2021-06-15 10:03:56,S,259.6,1,1
2021-06-15 10:03:56,S,259.75,2,27
2021-06-15 10:03:56,S,258.15,3,30
2021-06-15 10:03:56,S,258.1,4,40
2021-06-15 10:03:56,S,258.05,4,15
2021-06-15 10:03:56,S,258.0,2,11
2021-06-15 10:03:56,S,257.8,1,3
2021-06-15 10:04:00,S,258.95,1,2
2021-06-15 10:04:00,S,259.0,1,100
2021-06-15 10:04:00,S,259.45,2,14
2021-06-15 10:04:00,S,259.55,1,5
2021-06-15 10:04:00,S,259.6,1,1
2021-06-15 10:04:00,S,258.4,2,8
2021-06-15 10:04:00,S,258.3,2,9
2021-06-15 10:04:00,S,258.25,2,9
2021-06-15 10:04:00,S,258.2,2,8
2021-06-15 10:04:00,S,258.0,2,11
2021-06-15 10:04:03,S,258.95,2,9
2021-06-15 10:04:03,S,259.0,1,100
2021-06-15 10:04:03,S,259.1,1,1
2021-06-15 10:04:03,S,259.3,1,1
2021-06-15 10:04:03,S,259.45,2,14
2021-06-15 10:04:03,S,258.4,2,8
2021-06-15 10:04:03,S,258.3,2,9
2021-06-15 10:04:03,S,258.25,2,9
2021-06-15 10:04:03,S,258.2,2,8
2021-06-15 10:04:03,S,258.0,2,11
2021-06-15 10:04:05,S,258.95,2,9
2021-06-15 10:04:05,S,259.0,1,100
2021-06-15 10:04:05,S,259.1,1,1
2021-06-15 10:04:05,S,259.3,1,1
2021-06-15 10:04:05,S,259.45,2,14
2021-06-15 10:04:05,S,258.4,2,8
2021-06-15 10:04:05,S,258.3,2,9
2021-06-15 10:04:05,S,258.25,2,9
2021-06-15 10:04:05,S,258.2,2,8
2021-06-15 10:04:05,S,258.0,2,11
2021-06-15 10:04:07,S,259.1,2,7
2021-06-15 10:04:07,S,259.15,2,51
2021-06-15 10:04:07,S,259.2,2,10
2021-06-15 10:04:07,S,259.25,1,5
2021-06-15 10:04:07,S,259.3,2,22
2021-06-15 10:04:07,S,257.9,2,10
2021-06-15 10:04:07,S,257.85,2,25
2021-06-15 10:04:07,S,257.8,5,43
2021-06-15 10:04:07,S,257.75,2,15
2021-06-15 10:04:07,S,257.7,3,32
2021-06-15 10:04:09,S,259.1,2,7
2021-06-15 10:04:09,S,259.15,2,51
2021-06-15 10:04:09,S,259.2,2,10
2021-06-15 10:04:09,S,259.25,1,5
2021-06-15 10:04:09,S,259.3,2,22
2021-06-15 10:04:09,S,257.9,2,10
2021-06-15 10:04:09,S,257.85,2,25
2021-06-15 10:04:09,S,257.8,5,43
2021-06-15 10:04:09,S,257.75,2,15
2021-06-15 10:04:09,S,257.7,3,32
2021-06-15 10:04:10,S,259.1,2,7
2021-06-15 10:04:10,S,259.15,2,51
2021-06-15 10:04:10,S,259.2,2,10
2021-06-15 10:04:10,S,259.25,1,5
2021-06-15 10:04:10,S,259.3,2,22
2021-06-15 10:04:10,S,257.9,2,10
2021-06-15 10:04:10,S,257.85,2,25
2021-06-15 10:04:10,S,257.8,5,43
2021-06-15 10:04:10,S,257.75,2,15
2021-06-15 10:04:10,S,257.7,3,32
2021-06-15 10:04:11,S,259.8,2,6
2021-06-15 10:04:11,S,259.85,2,5
2021-06-15 10:04:11,S,259.9,2,32
2021-06-15 10:04:11,S,259.95,4,27
2021-06-15 10:04:11,S,260.0,11,752
2021-06-15 10:04:11,S,258.5,1,2
2021-06-15 10:04:11,S,258.45,3,27
2021-06-15 10:04:11,S,258.35,3,18
2021-06-15 10:04:11,S,258.3,3,18
2021-06-15 10:04:11,S,258.2,1,5
2021-06-15 10:04:12,S,259.8,2,6
2021-06-15 10:04:12,S,259.85,2,5
2021-06-15 10:04:12,S,259.9,2,32
2021-06-15 10:04:12,S,259.95,4,27
2021-06-15 10:04:12,S,260.0,11,752
2021-06-15 10:04:12,S,258.5,1,2
2021-06-15 10:04:12,S,258.45,3,27
2021-06-15 10:04:12,S,258.35,3,18
2021-06-15 10:04:12,S,258.3,3,18
2021-06-15 10:04:12,S,258.2,1,5
2021-06-15 10:04:14,S,259.8,2,6
2021-06-15 10:04:14,S,259.85,2,5
2021-06-15 10:04:14,S,259.9,2,32
2021-06-15 10:04:14,S,259.95,4,27
2021-06-15 10:04:14,S,260.0,11,752
2021-06-15 10:04:14,S,258.5,1,2
2021-06-15 10:04:14,S,258.45,3,27
2021-06-15 10:04:14,S,258.35,3,18
2021-06-15 10:04:14,S,258.3,3,18
2021-06-15 10:04:14,S,258.2,1,5
2021-06-15 10:04:15,S,258.3,1,50
2021-06-15 10:04:15,S,258.55,1,2
2021-06-15 10:04:15,S,258.6,2,14
2021-06-15 10:04:15,S,258.8,1,1
2021-06-15 10:04:15,S,259.45,3,11
2021-06-15 10:04:15,S,257.9,2,17
2021-06-15 10:04:15,S,257.85,3,45
2021-06-15 10:04:15,S,257.8,2,13
2021-06-15 10:04:15,S,257.65,2,6
2021-06-15 10:04:15,S,257.6,1,4
2021-06-15 10:04:17,S,258.3,1,50
2021-06-15 10:04:17,S,258.55,1,2
2021-06-15 10:04:17,S,258.6,2,14
2021-06-15 10:04:17,S,258.8,1,1
2021-06-15 10:04:17,S,259.45,3,11
2021-06-15 10:04:17,S,257.9,2,17
2021-06-15 10:04:17,S,257.85,3,45
2021-06-15 10:04:17,S,257.8,2,13
2021-06-15 10:04:17,S,257.65,2,6
2021-06-15 10:04:17,S,257.6,1,4
2021-06-15 10:04:18,S,258.3,1,50
2021-06-15 10:04:18,S,258.55,1,2
2021-06-15 10:04:18,S,258.6,2,14
2021-06-15 10:04:18,S,258.8,1,1
2021-06-15 10:04:18,S,259.45,3,11
2021-06-15 10:04:18,S,257.9,2,17
2021-06-15 10:04:18,S,257.85,3,45
2021-06-15 10:04:18,S,257.8,2,13
2021-06-15 10:04:18,S,257.65,2,6
2021-06-15 10:04:18,S,257.6,1,4
2021-06-15 10:04:19,S,259.1,2,6
2021-06-15 10:04:19,S,259.3,3,12
2021-06-15 10:04:19,S,259.4,2,13
2021-06-15 10:04:19,S,259.5,3,14
2021-06-15 10:04:19,S,259.55,1,48
2021-06-15 10:04:19,S,258.3,2,55
2021-06-15 10:04:19,S,258.2,2,10
2021-06-15 10:04:19,S,258.15,2,20
2021-06-15 10:04:19,S,258.05,1,3
2021-06-15 10:04:19,S,257.8,2,13
2021-06-15 10:04:23,S,259.0,3,17
2021-06-15 10:04:23,S,259.05,2,8
2021-06-15 10:04:23,S,259.3,3,12
2021-06-15 10:04:23,S,259.4,2,13
2021-06-15 10:04:23,S,259.5,3,14
2021-06-15 10:04:23,S,258.45,1,3
2021-06-15 10:04:23,S,258.35,1,1
2021-06-15 10:04:23,S,258.3,2,55
2021-06-15 10:04:23,S,258.25,2,12
2021-06-15 10:04:23,S,258.15,2,20
2021-06-15 10:04:24,S,259.0,3,17
2021-06-15 10:04:24,S,259.05,2,8
2021-06-15 10:04:24,S,259.3,3,12
2021-06-15 10:04:24,S,259.4,2,13
2021-06-15 10:04:24,S,259.5,3,14
2021-06-15 10:04:24,S,258.45,1,3
2021-06-15 10:04:24,S,258.35,1,1
2021-06-15 10:04:24,S,258.3,2,55
2021-06-15 10:04:24,S,258.25,2,12
2021-06-15 10:04:24,S,258.15,2,20
2021-06-15 10:04:27,S,258.8,2,5
2021-06-15 10:04:27,S,258.85,1,3
2021-06-15 10:04:27,S,258.95,1,8
2021-06-15 10:04:27,S,259.0,1,8
2021-06-15 10:04:27,S,259.05,2,8
2021-06-15 10:04:27,S,258.3,1,50
2021-06-15 10:04:27,S,258.2,1,3
2021-06-15 10:04:27,S,258.15,1,11
2021-06-15 10:04:27,S,258.0,2,12
2021-06-15 10:04:27,S,257.8,2,13
2021-06-15 10:04:31,S,258.8,2,9
2021-06-15 10:04:31,S,259.0,2,10
2021-06-15 10:04:31,S,259.05,2,8
2021-06-15 10:04:31,S,259.3,3,12
2021-06-15 10:04:31,S,259.4,2,13
2021-06-15 10:04:31,S,258.35,1,3
2021-06-15 10:04:31,S,258.3,1,50
2021-06-15 10:04:31,S,258.2,1,3
2021-06-15 10:04:31,S,258.15,1,11
2021-06-15 10:04:31,S,258.0,2,12
2021-06-15 10:04:34,S,258.6,2,9
2021-06-15 10:04:34,S,258.75,2,5
2021-06-15 10:04:34,S,258.85,2,10
2021-06-15 10:04:34,S,258.9,2,28
2021-06-15 10:04:34,S,259.0,1,10
2021-06-15 10:04:34,S,258.3,1,50
2021-06-15 10:04:34,S,258.15,1,11
2021-06-15 10:04:34,S,258.05,1,3
2021-06-15 10:04:34,S,258.0,1,3
2021-06-15 10:04:34,S,257.8,2,13
2021-06-15 10:04:38,S,258.75,2,5
2021-06-15 10:04:38,S,258.85,2,10
2021-06-15 10:04:38,S,258.9,2,28
2021-06-15 10:04:38,S,259.0,1,10
2021-06-15 10:04:38,S,259.05,2,8
2021-06-15 10:04:38,S,258.3,1,50
2021-06-15 10:04:38,S,258.2,1,3
2021-06-15 10:04:38,S,258.15,1,11
2021-06-15 10:04:38,S,257.8,2,13
2021-06-15 10:04:38,S,257.7,1,3
2021-06-15 10:04:40,S,258.75,2,5
2021-06-15 10:04:40,S,258.85,2,10
2021-06-15 10:04:40,S,258.9,2,28
2021-06-15 10:04:40,S,259.0,1,10
2021-06-15 10:04:40,S,259.05,2,8
2021-06-15 10:04:40,S,258.3,1,50
2021-06-15 10:04:40,S,258.2,1,3
2021-06-15 10:04:40,S,258.15,1,11
2021-06-15 10:04:40,S,257.8,2,13
2021-06-15 10:04:40,S,257.7,1,3
2021-06-15 10:04:42,S,258.5,2,6
2021-06-15 10:04:42,S,258.65,1,8
2021-06-15 10:04:42,S,258.8,1,2
2021-06-15 10:04:42,S,258.85,1,1
2021-06-15 10:04:42,S,258.9,1,20
2021-06-15 10:04:42,S,258.3,1,50
2021-06-15 10:04:42,S,258.15,1,11
2021-06-15 10:04:42,S,257.85,2,12
2021-06-15 10:04:42,S,257.8,1,3
2021-06-15 10:04:42,S,257.65,3,58
2021-06-15 10:04:47,S,258.5,3,12
2021-06-15 10:04:47,S,258.8,2,11
2021-06-15 10:04:47,S,258.85,2,10
2021-06-15 10:04:47,S,258.9,1,20
2021-06-15 10:04:47,S,259.0,1,10
2021-06-15 10:04:47,S,258.3,1,50
2021-06-15 10:04:47,S,258.15,1,11
2021-06-15 10:04:47,S,258.0,1,3
2021-06-15 10:04:47,S,257.85,2,12
2021-06-15 10:04:47,S,257.8,1,3
2021-06-15 10:04:49,S,258.5,3,12
2021-06-15 10:04:49,S,258.8,2,11
2021-06-15 10:04:49,S,258.85,2,10
2021-06-15 10:04:49,S,258.9,1,20
2021-06-15 10:04:49,S,259.0,1,10
2021-06-15 10:04:49,S,258.3,1,50
2021-06-15 10:04:49,S,258.15,1,11
2021-06-15 10:04:49,S,258.0,1,3
2021-06-15 10:04:49,S,257.85,2,12
2021-06-15 10:04:49,S,257.8,1,3
2021-06-15 10:04:51,S,258.35,2,5
2021-06-15 10:04:51,S,258.4,3,10
2021-06-15 10:04:51,S,258.5,2,6
2021-06-15 10:04:51,S,258.6,2,10
2021-06-15 10:04:51,S,258.85,3,30
2021-06-15 10:04:51,S,257.65,1,5
2021-06-15 10:04:51,S,257.6,1,10
2021-06-15 10:04:51,S,257.55,2,22
2021-06-15 10:04:51,S,257.45,1,3
2021-06-15 10:04:51,S,257.4,1,5
2021-06-15 10:04:53,S,258.35,2,5
2021-06-15 10:04:53,S,258.4,3,10
2021-06-15 10:04:53,S,258.5,2,6
2021-06-15 10:04:53,S,258.6,2,10
2021-06-15 10:04:53,S,258.85,3,30
2021-06-15 10:04:53,S,257.65,1,5
2021-06-15 10:04:53,S,257.6,1,10
2021-06-15 10:04:53,S,257.55,2,22
2021-06-15 10:04:53,S,257.45,1,3
2021-06-15 10:04:53,S,257.4,1,5
2021-06-15 10:04:54,S,257.65,1,1
2021-06-15 10:04:54,S,257.95,1,2
2021-06-15 10:04:54,S,258.0,2,9
2021-06-15 10:04:54,S,258.2,2,3
2021-06-15 10:04:54,S,258.3,2,109
2021-06-15 10:04:54,S,257.55,1,15
2021-06-15 10:04:54,S,257.45,1,2
2021-06-15 10:04:54,S,257.25,2,66
2021-06-15 10:04:54,S,257.2,1,2
2021-06-15 10:04:54,S,257.0,2,15
2021-06-15 10:04:56,S,257.65,1,1
2021-06-15 10:04:56,S,257.95,1,2
2021-06-15 10:04:56,S,258.0,2,9
2021-06-15 10:04:56,S,258.2,2,3
2021-06-15 10:04:56,S,258.3,2,109
2021-06-15 10:04:56,S,257.55,1,15
2021-06-15 10:04:56,S,257.45,1,2
2021-06-15 10:04:56,S,257.25,2,66
2021-06-15 10:04:56,S,257.2,1,2
2021-06-15 10:04:56,S,257.0,2,15
2021-06-15 10:04:58,S,258.15,2,15
2021-06-15 10:04:58,S,258.25,2,27
2021-06-15 10:04:58,S,258.3,2,103
2021-06-15 10:04:58,S,258.4,2,4
2021-06-15 10:04:58,S,258.5,2,6
2021-06-15 10:04:58,S,257.6,1,1
2021-06-15 10:04:58,S,257.55,2,17
2021-06-15 10:04:58,S,257.2,2,11
2021-06-15 10:04:58,S,257.15,1,2
2021-06-15 10:04:58,S,257.0,1,10
2021-06-15 10:05:02,S,258.15,2,15
2021-06-15 10:05:02,S,258.25,2,27
2021-06-15 10:05:02,S,258.3,2,103
2021-06-15 10:05:02,S,258.4,2,4
2021-06-15 10:05:02,S,258.5,2,6
2021-06-15 10:05:02,S,257.6,1,1
2021-06-15 10:05:02,S,257.55,2,17
2021-06-15 10:05:02,S,257.2,2,11
2021-06-15 10:05:02,S,257.15,1,2
2021-06-15 10:05:02,S,257.0,1,10
2021-06-15 10:05:03,S,258.0,2,4
2021-06-15 10:05:03,S,258.05,2,15
2021-06-15 10:05:03,S,258.15,2,9
2021-06-15 10:05:03,S,258.2,1,1
2021-06-15 10:05:03,S,258.3,3,104
2021-06-15 10:05:03,S,257.6,1,1
2021-06-15 10:05:03,S,257.55,2,11
2021-06-15 10:05:03,S,257.2,2,11
2021-06-15 10:05:03,S,257.15,2,11
2021-06-15 10:05:03,S,257.0,1,10
2021-06-15 10:05:04,S,258.0,2,4
2021-06-15 10:05:04,S,258.05,2,15
2021-06-15 10:05:04,S,258.15,2,9
2021-06-15 10:05:04,S,258.2,1,1
2021-06-15 10:05:04,S,258.3,3,104
2021-06-15 10:05:04,S,257.6,1,1
2021-06-15 10:05:04,S,257.55,2,11
2021-06-15 10:05:04,S,257.2,2,11
2021-06-15 10:05:04,S,257.15,2,11
2021-06-15 10:05:04,S,257.0,1,10
2021-06-15 10:05:06,S,257.75,1,1
2021-06-15 10:05:06,S,257.8,1,7
2021-06-15 10:05:06,S,257.95,2,19
2021-06-15 10:05:06,S,258.0,1,1
2021-06-15 10:05:06,S,258.2,2,10
2021-06-15 10:05:06,S,257.55,1,15
2021-06-15 10:05:06,S,257.4,1,2
2021-06-15 10:05:06,S,257.2,2,11
2021-06-15 10:05:06,S,257.0,1,10
2021-06-15 10:05:06,S,256.9,1,3
2021-06-15 10:05:07,S,257.75,1,1
2021-06-15 10:05:07,S,257.8,1,7
2021-06-15 10:05:07,S,257.95,2,19
2021-06-15 10:05:07,S,258.0,1,1
2021-06-15 10:05:07,S,258.2,2,10
2021-06-15 10:05:07,S,257.55,1,15
2021-06-15 10:05:07,S,257.4,1,2
2021-06-15 10:05:07,S,257.2,2,11
2021-06-15 10:05:07,S,257.0,1,10
2021-06-15 10:05:07,S,256.9,1,3
2021-06-15 10:05:08,S,257.75,1,1
2021-06-15 10:05:08,S,257.8,1,7
2021-06-15 10:05:08,S,257.95,2,19
2021-06-15 10:05:08,S,258.0,1,1
2021-06-15 10:05:08,S,258.2,2,10
2021-06-15 10:05:08,S,257.55,1,15
2021-06-15 10:05:08,S,257.4,1,2
2021-06-15 10:05:08,S,257.2,2,11
2021-06-15 10:05:08,S,257.0,1,10
2021-06-15 10:05:08,S,256.9,1,3
2021-06-15 10:05:09,S,257.75,1,1
2021-06-15 10:05:09,S,257.8,1,7
2021-06-15 10:05:09,S,257.95,2,19
2021-06-15 10:05:09,S,258.0,1,1
2021-06-15 10:05:09,S,258.2,2,10
2021-06-15 10:05:09,S,257.55,1,15
2021-06-15 10:05:09,S,257.4,1,2
2021-06-15 10:05:09,S,257.2,2,11
2021-06-15 10:05:09,S,257.0,1,10
2021-06-15 10:05:09,S,256.9,1,3
2021-06-15 10:05:10,S,257.5,2,4
2021-06-15 10:05:10,S,257.55,2,15
2021-06-15 10:05:10,S,257.75,2,10
2021-06-15 10:05:10,S,258.0,3,110
2021-06-15 10:05:10,S,258.2,2,10
2021-06-15 10:05:10,S,256.9,1,2
2021-06-15 10:05:10,S,256.65,2,14
2021-06-15 10:05:10,S,256.6,1,3
2021-06-15 10:05:10,S,256.45,1,49
2021-06-15 10:05:10,S,256.25,1,4
2021-06-15 10:05:12,S,257.5,2,4
2021-06-15 10:05:12,S,257.55,2,15
2021-06-15 10:05:12,S,257.75,2,10
2021-06-15 10:05:12,S,258.0,3,110
2021-06-15 10:05:12,S,258.2,2,10
2021-06-15 10:05:12,S,256.9,1,2
2021-06-15 10:05:12,S,256.65,2,14
2021-06-15 10:05:12,S,256.6,1,3
2021-06-15 10:05:12,S,256.45,1,49
2021-06-15 10:05:12,S,256.25,1,4
2021-06-15 10:05:14,S,257.5,2,4
2021-06-15 10:05:14,S,257.55,2,15
2021-06-15 10:05:14,S,257.75,2,10
2021-06-15 10:05:14,S,258.0,3,110
2021-06-15 10:05:14,S,258.2,2,10
2021-06-15 10:05:14,S,256.9,1,2
2021-06-15 10:05:14,S,256.65,2,14
2021-06-15 10:05:14,S,256.6,1,3
2021-06-15 10:05:14,S,256.45,1,49
2021-06-15 10:05:14,S,256.25,1,4
2021-06-15 10:05:15,S,256.9,1,4
2021-06-15 10:05:15,S,257.3,1,1
2021-06-15 10:05:15,S,257.35,2,9
2021-06-15 10:05:15,S,257.5,1,8
2021-06-15 10:05:15,S,257.55,1,1
2021-06-15 10:05:15,S,256.6,2,12
2021-06-15 10:05:15,S,256.55,2,16
2021-06-15 10:05:15,S,256.45,3,54
2021-06-15 10:05:15,S,256.25,3,18
2021-06-15 10:05:15,S,256.1,1,20
2021-06-15 10:05:19,S,256.9,1,5
2021-06-15 10:05:19,S,257.1,1,1
2021-06-15 10:05:19,S,257.15,2,9
2021-06-15 10:05:19,S,257.3,1,8
2021-06-15 10:05:19,S,257.35,2,9
2021-06-15 10:05:19,S,256.4,2,20
2021-06-15 10:05:19,S,256.25,2,13
2021-06-15 10:05:19,S,256.05,3,111
2021-06-15 10:05:19,S,256.0,2,142
2021-06-15 10:05:19,S,255.75,1,3
2021-06-15 10:05:19,S,256.9,1,5
2021-06-15 10:05:19,S,257.1,1,1
2021-06-15 10:05:19,S,257.15,2,9
2021-06-15 10:05:19,S,257.3,1,8
2021-06-15 10:05:19,S,257.35,2,9
2021-06-15 10:05:19,S,256.4,2,20
2021-06-15 10:05:19,S,256.25,2,13
2021-06-15 10:05:19,S,256.05,3,111
2021-06-15 10:05:19,S,256.0,2,142
2021-06-15 10:05:19,S,255.75,1,3
2021-06-15 10:05:22,S,257.45,2,3
2021-06-15 10:05:22,S,257.55,2,9
2021-06-15 10:05:22,S,257.6,3,18
2021-06-15 10:05:22,S,257.7,2,14
2021-06-15 10:05:22,S,257.75,2,10
2021-06-15 10:05:22,S,256.5,3,8
2021-06-15 10:05:22,S,256.45,2,12
2021-06-15 10:05:22,S,256.4,3,19
2021-06-15 10:05:22,S,256.25,2,13
2021-06-15 10:05:22,S,256.05,3,113
2021-06-15 10:05:27,S,257.45,2,3
2021-06-15 10:05:27,S,257.55,2,9
2021-06-15 10:05:27,S,257.6,3,18
2021-06-15 10:05:27,S,257.7,2,14
2021-06-15 10:05:27,S,257.75,2,10
2021-06-15 10:05:27,S,256.5,3,8
2021-06-15 10:05:27,S,256.45,2,12
2021-06-15 10:05:27,S,256.4,3,19
2021-06-15 10:05:27,S,256.25,2,13
2021-06-15 10:05:27,S,256.05,3,113
2021-06-15 10:05:31,S,257.25,2,3
2021-06-15 10:05:31,S,257.3,2,3
2021-06-15 10:05:31,S,257.45,2,8
2021-06-15 10:05:31,S,257.55,2,9
2021-06-15 10:05:31,S,257.6,3,18
2021-06-15 10:05:31,S,256.5,2,3
2021-06-15 10:05:31,S,256.3,1,5
2021-06-15 10:05:31,S,256.25,2,13
2021-06-15 10:05:31,S,256.2,1,5
2021-06-15 10:05:31,S,256.1,1,5
2021-06-15 10:05:35,S,256.9,1,6
2021-06-15 10:05:35,S,257.25,2,3
2021-06-15 10:05:35,S,257.35,1,1
2021-06-15 10:05:35,S,257.55,2,9
2021-06-15 10:05:35,S,257.6,3,18
2021-06-15 10:05:35,S,256.6,1,1
2021-06-15 10:05:35,S,256.55,1,60
2021-06-15 10:05:35,S,256.5,2,14
2021-06-15 10:05:35,S,256.3,2,14
2021-06-15 10:05:35,S,256.25,2,13
2021-06-15 10:05:38,S,256.9,1,6
2021-06-15 10:05:38,S,257.25,2,3
2021-06-15 10:05:38,S,257.35,1,1
2021-06-15 10:05:38,S,257.55,2,9
2021-06-15 10:05:38,S,257.6,3,18
2021-06-15 10:05:38,S,256.6,1,1
2021-06-15 10:05:38,S,256.55,1,60
2021-06-15 10:05:38,S,256.5,2,14
2021-06-15 10:05:38,S,256.3,2,14
2021-06-15 10:05:38,S,256.25,2,13
2021-06-15 10:05:39,S,256.6,1,1
2021-06-15 10:05:39,S,257.25,2,3
2021-06-15 10:05:39,S,257.35,2,11
2021-06-15 10:05:39,S,257.55,2,9
2021-06-15 10:05:39,S,257.6,3,18
2021-06-15 10:05:39,S,256.55,1,60
2021-06-15 10:05:39,S,256.4,2,20
2021-06-15 10:05:39,S,256.25,2,13
2021-06-15 10:05:39,S,256.2,1,2
2021-06-15 10:05:39,S,256.05,2,106
2021-06-15 10:05:42,S,256.6,1,1
2021-06-15 10:05:42,S,257.25,2,3
2021-06-15 10:05:42,S,257.35,2,11
2021-06-15 10:05:42,S,257.55,2,9
2021-06-15 10:05:42,S,257.6,3,18
2021-06-15 10:05:42,S,256.55,1,60
2021-06-15 10:05:42,S,256.4,2,20
2021-06-15 10:05:42,S,256.25,2,13
2021-06-15 10:05:42,S,256.2,1,2
2021-06-15 10:05:42,S,256.05,2,106
2021-06-15 10:05:43,S,257.25,2,3
2021-06-15 10:05:43,S,257.35,2,11
2021-06-15 10:05:43,S,257.55,2,9
2021-06-15 10:05:43,S,257.6,3,18
2021-06-15 10:05:43,S,257.7,2,14
2021-06-15 10:05:43,S,256.55,2,19
2021-06-15 10:05:43,S,256.25,2,13
2021-06-15 10:05:43,S,256.05,2,106
2021-06-15 10:05:43,S,256.0,3,147
2021-06-15 10:05:43,S,255.95,1,3
2021-06-15 10:05:47,S,257.25,3,9
2021-06-15 10:05:47,S,257.35,2,11
2021-06-15 10:05:47,S,257.55,2,9
2021-06-15 10:05:47,S,257.6,3,18
2021-06-15 10:05:47,S,257.7,2,14
2021-06-15 10:05:47,S,256.55,2,19
2021-06-15 10:05:47,S,256.25,2,13
2021-06-15 10:05:47,S,256.05,3,115
2021-06-15 10:05:47,S,256.0,3,147
2021-06-15 10:05:47,S,255.95,1,3
2021-06-15 10:05:50,S,257.25,3,9
2021-06-15 10:05:50,S,257.35,2,11
2021-06-15 10:05:50,S,257.55,2,9
2021-06-15 10:05:50,S,257.6,3,18
2021-06-15 10:05:50,S,257.7,2,14
2021-06-15 10:05:50,S,256.55,2,19
2021-06-15 10:05:50,S,256.25,2,13
2021-06-15 10:05:50,S,256.05,3,115
2021-06-15 10:05:50,S,256.0,3,147
2021-06-15 10:05:50,S,255.95,1,3
2021-06-15 10:05:51,S,256.9,1,6
2021-06-15 10:05:51,S,257.1,1,1
2021-06-15 10:05:51,S,257.15,2,9
2021-06-15 10:05:51,S,257.25,1,2
2021-06-15 10:05:51,S,257.35,2,11
2021-06-15 10:05:51,S,256.55,2,43
2021-06-15 10:05:51,S,256.25,2,13
2021-06-15 10:05:51,S,256.05,3,115
2021-06-15 10:05:51,S,256.0,3,147
2021-06-15 10:05:51,S,255.95,1,3
2021-06-15 10:05:53,S,256.9,1,6
2021-06-15 10:05:53,S,257.1,1,1
2021-06-15 10:05:53,S,257.15,2,9
2021-06-15 10:05:53,S,257.25,1,2
2021-06-15 10:05:53,S,257.35,2,11
2021-06-15 10:05:53,S,256.55,2,43
2021-06-15 10:05:53,S,256.25,2,13
2021-06-15 10:05:53,S,256.05,3,115
2021-06-15 10:05:53,S,256.0,3,147
2021-06-15 10:05:53,S,255.95,1,3
2021-06-15 10:05:55,S,256.95,2,2
2021-06-15 10:05:55,S,257.0,3,116
2021-06-15 10:05:55,S,257.15,2,7
2021-06-15 10:05:55,S,257.35,2,11
2021-06-15 10:05:55,S,257.55,2,9
2021-06-15 10:05:55,S,256.55,1,60
2021-06-15 10:05:55,S,256.45,1,2
2021-06-15 10:05:55,S,256.25,2,13
2021-06-15 10:05:55,S,256.05,3,115
2021-06-15 10:05:55,S,256.0,3,147
2021-06-15 10:05:59,S,256.95,2,2
2021-06-15 10:05:59,S,257.0,2,104
2021-06-15 10:05:59,S,257.15,2,7
2021-06-15 10:05:59,S,257.35,2,11
2021-06-15 10:05:59,S,257.55,2,9
2021-06-15 10:05:59,S,256.55,1,60
2021-06-15 10:05:59,S,256.45,1,2
2021-06-15 10:05:59,S,256.25,2,13
2021-06-15 10:05:59,S,256.05,3,115
2021-06-15 10:05:59,S,256.0,4,157
2021-06-15 10:06:03,S,256.95,3,7
2021-06-15 10:06:03,S,257.0,2,104
2021-06-15 10:06:03,S,257.05,2,19
2021-06-15 10:06:03,S,257.15,2,7
2021-06-15 10:06:03,S,257.35,2,11
2021-06-15 10:06:03,S,256.55,1,60
2021-06-15 10:06:03,S,256.45,1,2
2021-06-15 10:06:03,S,256.25,2,13
2021-06-15 10:06:03,S,256.05,3,115
2021-06-15 10:06:03,S,256.0,4,157
2021-06-15 10:06:07,S,256.75,1,5
2021-06-15 10:06:07,S,256.95,2,9
2021-06-15 10:06:07,S,257.0,2,106
2021-06-15 10:06:07,S,257.15,2,7
2021-06-15 10:06:07,S,257.35,2,11
2021-06-15 10:06:07,S,256.55,1,60
2021-06-15 10:06:07,S,256.25,2,13
2021-06-15 10:06:07,S,256.05,3,115
2021-06-15 10:06:07,S,256.0,4,157
2021-06-15 10:06:07,S,255.95,1,2
2021-06-15 10:06:08,S,256.75,1,5
2021-06-15 10:06:08,S,256.95,2,9
2021-06-15 10:06:08,S,257.0,2,106
2021-06-15 10:06:08,S,257.15,2,7
2021-06-15 10:06:08,S,257.35,2,11
2021-06-15 10:06:08,S,256.55,1,60
2021-06-15 10:06:08,S,256.25,2,13
2021-06-15 10:06:08,S,256.05,3,115
2021-06-15 10:06:08,S,256.0,4,157
2021-06-15 10:06:08,S,255.95,1,2
2021-06-15 10:06:09,S,256.75,1,5
2021-06-15 10:06:09,S,256.95,2,9
2021-06-15 10:06:09,S,257.0,2,106
2021-06-15 10:06:09,S,257.15,2,7
2021-06-15 10:06:09,S,257.35,2,11
2021-06-15 10:06:09,S,256.55,1,60
2021-06-15 10:06:09,S,256.25,2,13
2021-06-15 10:06:09,S,256.05,3,115
2021-06-15 10:06:09,S,256.0,4,157
2021-06-15 10:06:09,S,255.95,1,2
2021-06-15 10:06:11,S,256.95,2,9
2021-06-15 10:06:11,S,257.0,3,118
2021-06-15 10:06:11,S,257.15,2,7
2021-06-15 10:06:11,S,257.35,2,11
2021-06-15 10:06:11,S,257.55,2,9
2021-06-15 10:06:11,S,256.55,1,8
2021-06-15 10:06:11,S,256.25,2,13
2021-06-15 10:06:11,S,256.05,3,115
2021-06-15 10:06:11,S,256.0,4,157
2021-06-15 10:06:11,S,255.95,1,2
2021-06-15 10:06:14,S,256.95,2,9
2021-06-15 10:06:14,S,257.0,2,106
2021-06-15 10:06:14,S,257.15,2,7
2021-06-15 10:06:14,S,257.35,2,11
2021-06-15 10:06:14,S,257.55,2,9
2021-06-15 10:06:14,S,256.55,3,60
2021-06-15 10:06:14,S,256.25,2,13
2021-06-15 10:06:14,S,256.05,3,115
2021-06-15 10:06:14,S,256.0,4,157
2021-06-15 10:06:14,S,255.95,1,2
2021-06-15 10:06:18,S,256.95,3,14
2021-06-15 10:06:18,S,257.0,2,106
2021-06-15 10:06:18,S,257.15,2,7
2021-06-15 10:06:18,S,257.35,2,11
2021-06-15 10:06:18,S,257.55,2,9
2021-06-15 10:06:18,S,256.55,3,60
2021-06-15 10:06:18,S,256.25,2,13
2021-06-15 10:06:18,S,256.05,3,115
2021-06-15 10:06:18,S,256.0,4,157
2021-06-15 10:06:18,S,255.95,1,2
2021-06-15 10:06:22,S,256.7,1,1
2021-06-15 10:06:22,S,256.75,2,13
2021-06-15 10:06:22,S,257.0,2,106
2021-06-15 10:06:22,S,257.15,2,7
2021-06-15 10:06:22,S,257.35,2,11
2021-06-15 10:06:22,S,256.55,1,8
2021-06-15 10:06:22,S,256.25,2,13
2021-06-15 10:06:22,S,256.05,3,115
2021-06-15 10:06:22,S,256.0,4,157
2021-06-15 10:06:22,S,255.95,1,2
2021-06-15 10:06:22,S,256.7,1,1
2021-06-15 10:06:22,S,256.75,2,13
2021-06-15 10:06:22,S,257.0,2,106
2021-06-15 10:06:22,S,257.15,2,7
2021-06-15 10:06:22,S,257.35,2,11
2021-06-15 10:06:22,S,256.55,1,8
2021-06-15 10:06:22,S,256.25,2,13
2021-06-15 10:06:22,S,256.05,3,115
2021-06-15 10:06:22,S,256.0,4,157
2021-06-15 10:06:22,S,255.95,1,2
2021-06-15 10:06:26,S,257.5,2,9
2021-06-15 10:06:26,S,257.7,2,14
2021-06-15 10:06:26,S,257.75,2,10
2021-06-15 10:06:26,S,257.8,1,4
2021-06-15 10:06:26,S,257.9,1,5
2021-06-15 10:06:26,S,256.95,1,150
2021-06-15 10:06:26,S,256.55,2,68
2021-06-15 10:06:26,S,256.5,2,11
2021-06-15 10:06:26,S,256.3,2,10
2021-06-15 10:06:26,S,256.1,4,26
2021-06-15 10:06:30,S,257.5,1,5
2021-06-15 10:06:30,S,257.7,3,9
2021-06-15 10:06:30,S,257.9,2,15
2021-06-15 10:06:30,S,258.0,4,115
2021-06-15 10:06:30,S,258.1,1,5
2021-06-15 10:06:30,S,256.95,2,163
2021-06-15 10:06:30,S,256.9,1,2
2021-06-15 10:06:30,S,256.85,1,9
2021-06-15 10:06:30,S,256.7,2,11
2021-06-15 10:06:30,S,256.65,1,5
2021-06-15 10:06:38,S,257.5,1,5
2021-06-15 10:06:38,S,257.7,3,9
2021-06-15 10:06:38,S,257.9,2,15
2021-06-15 10:06:38,S,258.0,4,115
2021-06-15 10:06:38,S,258.1,1,5
2021-06-15 10:06:38,S,256.95,2,163
2021-06-15 10:06:38,S,256.9,1,2
2021-06-15 10:06:38,S,256.85,1,9
2021-06-15 10:06:38,S,256.7,2,11
2021-06-15 10:06:38,S,256.65,1,5
2021-06-15 10:06:40,S,257.5,1,5
2021-06-15 10:06:40,S,257.7,3,9
2021-06-15 10:06:40,S,257.9,2,15
2021-06-15 10:06:40,S,258.0,4,115
2021-06-15 10:06:40,S,258.1,1,5
2021-06-15 10:06:40,S,256.95,2,163
2021-06-15 10:06:40,S,256.9,1,2
2021-06-15 10:06:40,S,256.85,1,9
2021-06-15 10:06:40,S,256.7,2,11
2021-06-15 10:06:40,S,256.65,1,5
2021-06-15 10:06:42,S,257.9,2,2
2021-06-15 10:06:42,S,258.0,2,82
2021-06-15 10:06:42,S,258.2,1,1
2021-06-15 10:06:42,S,258.3,2,21
2021-06-15 10:06:42,S,258.35,2,61
2021-06-15 10:06:42,S,257.05,2,6
2021-06-15 10:06:42,S,257.0,2,34
2021-06-15 10:06:42,S,256.9,2,9
2021-06-15 10:06:42,S,256.7,2,11
2021-06-15 10:06:42,S,256.65,1,5
2021-06-15 10:06:45,S,257.9,3,8
2021-06-15 10:06:45,S,258.0,2,82
2021-06-15 10:06:45,S,258.2,2,10
2021-06-15 10:06:45,S,258.3,2,21
2021-06-15 10:06:45,S,258.35,2,61
2021-06-15 10:06:45,S,257.2,1,1
2021-06-15 10:06:45,S,257.15,1,2
2021-06-15 10:06:45,S,257.0,2,34
2021-06-15 10:06:45,S,256.9,2,9
2021-06-15 10:06:45,S,256.7,2,11
2021-06-15 10:06:49,S,257.55,1,6
2021-06-15 10:06:49,S,257.9,3,3
2021-06-15 10:06:49,S,258.0,2,82
2021-06-15 10:06:49,S,258.2,2,10
2021-06-15 10:06:49,S,258.3,2,21
2021-06-15 10:06:49,S,257.2,2,6
2021-06-15 10:06:49,S,257.15,2,10
2021-06-15 10:06:49,S,257.1,1,12
2021-06-15 10:06:49,S,257.0,2,34
2021-06-15 10:06:49,S,256.9,2,9
2021-06-15 10:06:49,S,257.55,1,6
2021-06-15 10:06:49,S,257.9,3,3
2021-06-15 10:06:49,S,258.0,2,82
2021-06-15 10:06:49,S,258.2,2,10
2021-06-15 10:06:49,S,258.3,2,21
2021-06-15 10:06:49,S,257.2,2,6
2021-06-15 10:06:49,S,257.15,2,10
2021-06-15 10:06:49,S,257.1,1,12
2021-06-15 10:06:49,S,257.0,2,34
2021-06-15 10:06:49,S,256.9,2,9
2021-06-15 10:06:53,S,257.5,2,2
2021-06-15 10:06:53,S,257.55,2,7
2021-06-15 10:06:53,S,257.75,1,8
2021-06-15 10:06:53,S,257.8,2,10
2021-06-15 10:06:53,S,257.95,1,8
2021-06-15 10:06:53,S,257.15,1,5
2021-06-15 10:06:53,S,257.0,2,34
2021-06-15 10:06:53,S,256.9,2,9
2021-06-15 10:06:53,S,256.7,2,11
2021-06-15 10:06:53,S,256.65,1,5
2021-06-15 10:06:57,S,257.2,1,6
2021-06-15 10:06:57,S,257.55,2,10
2021-06-15 10:06:57,S,257.6,2,10
2021-06-15 10:06:57,S,257.8,2,10
2021-06-15 10:06:57,S,258.0,3,83
2021-06-15 10:06:57,S,257.0,1,25
2021-06-15 10:06:57,S,256.9,2,11
2021-06-15 10:06:57,S,256.85,2,21
2021-06-15 10:06:57,S,256.7,2,11
2021-06-15 10:06:57,S,256.55,4,273
2021-06-15 10:06:58,S,257.2,1,6
2021-06-15 10:06:58,S,257.55,2,10
2021-06-15 10:06:58,S,257.6,2,10
2021-06-15 10:06:58,S,257.8,2,10
2021-06-15 10:06:58,S,258.0,3,83
2021-06-15 10:06:58,S,257.0,1,25
2021-06-15 10:06:58,S,256.9,2,11
2021-06-15 10:06:58,S,256.85,2,21
2021-06-15 10:06:58,S,256.7,2,11
2021-06-15 10:06:58,S,256.55,4,273
2021-06-15 10:07:00,S,257.2,1,6
2021-06-15 10:07:00,S,257.55,2,10
2021-06-15 10:07:00,S,257.6,2,10
2021-06-15 10:07:00,S,257.8,2,10
2021-06-15 10:07:00,S,258.0,3,83
2021-06-15 10:07:00,S,257.0,1,25
2021-06-15 10:07:00,S,256.9,2,11
2021-06-15 10:07:00,S,256.85,2,21
2021-06-15 10:07:00,S,256.7,2,11
2021-06-15 10:07:00,S,256.55,4,273
2021-06-15 10:07:00,S,257.95,1,2
2021-06-15 10:07:00,S,258.0,1,13
2021-06-15 10:07:00,S,258.1,1,4
2021-06-15 10:07:00,S,258.2,4,18
2021-06-15 10:07:00,S,258.3,2,5
2021-06-15 10:07:00,S,257.0,3,35
2021-06-15 10:07:00,S,256.9,3,16
2021-06-15 10:07:00,S,256.85,1,57
2021-06-15 10:07:00,S,256.8,1,5
2021-06-15 10:07:00,S,256.7,3,16
2021-06-15 10:07:01,S,257.95,1,2
2021-06-15 10:07:01,S,258.0,1,13
2021-06-15 10:07:01,S,258.1,1,4
2021-06-15 10:07:01,S,258.2,4,18
2021-06-15 10:07:01,S,258.3,2,5
2021-06-15 10:07:01,S,257.0,3,35
2021-06-15 10:07:01,S,256.9,3,16
2021-06-15 10:07:01,S,256.85,1,57
2021-06-15 10:07:01,S,256.8,1,5
2021-06-15 10:07:01,S,256.7,3,16
2021-06-15 10:07:04,S,257.95,2,3
2021-06-15 10:07:04,S,258.0,2,20
2021-06-15 10:07:04,S,258.1,2,12
2021-06-15 10:07:04,S,258.2,4,18
2021-06-15 10:07:04,S,258.3,2,5
2021-06-15 10:07:04,S,257.1,2,10
2021-06-15 10:07:04,S,257.05,2,10
2021-06-15 10:07:04,S,257.0,3,35
2021-06-15 10:07:04,S,256.9,3,16
2021-06-15 10:07:04,S,256.85,2,66
2021-06-15 10:07:12,S,257.95,2,3
2021-06-15 10:07:12,S,258.0,2,20
2021-06-15 10:07:12,S,258.1,2,12
2021-06-15 10:07:12,S,258.2,4,18
2021-06-15 10:07:12,S,258.3,2,5
2021-06-15 10:07:12,S,257.1,2,10
2021-06-15 10:07:12,S,257.05,2,10
2021-06-15 10:07:12,S,257.0,3,35
2021-06-15 10:07:12,S,256.9,3,16
2021-06-15 10:07:12,S,256.85,2,66
2021-06-15 10:07:13,S,260.4,1,60
2021-06-15 10:07:13,S,260.45,1,200
2021-06-15 10:07:13,S,260.65,1,1
2021-06-15 10:07:13,S,260.8,1,25
2021-06-15 10:07:13,S,260.85,1,1
2021-06-15 10:07:13,S,260.05,3,25
2021-06-15 10:07:13,S,260.0,2,870
2021-06-15 10:07:13,S,259.85,2,13
2021-06-15 10:07:13,S,258.4,3,10
2021-06-15 10:07:13,S,257.25,1,55
2021-06-15 10:07:14,S,260.4,1,60
2021-06-15 10:07:14,S,260.45,1,200
2021-06-15 10:07:14,S,260.65,1,1
2021-06-15 10:07:14,S,260.8,1,25
2021-06-15 10:07:14,S,260.85,1,1
2021-06-15 10:07:14,S,260.05,3,25
2021-06-15 10:07:14,S,260.0,2,870
2021-06-15 10:07:14,S,259.85,2,13
2021-06-15 10:07:14,S,258.4,3,10
2021-06-15 10:07:14,S,257.25,1,55
2021-06-15 10:07:16,S,260.4,1,60
2021-06-15 10:07:16,S,260.45,1,200
2021-06-15 10:07:16,S,260.65,1,1
2021-06-15 10:07:16,S,260.8,1,25
2021-06-15 10:07:16,S,260.85,1,1
2021-06-15 10:07:16,S,260.05,3,25
2021-06-15 10:07:16,S,260.0,2,870
2021-06-15 10:07:16,S,259.85,2,13
2021-06-15 10:07:16,S,258.4,3,10
2021-06-15 10:07:16,S,257.25,1,55
2021-06-15 10:07:17,S,260.05,1,20
2021-06-15 10:07:17,S,260.35,1,2
2021-06-15 10:07:17,S,260.4,2,65
2021-06-15 10:07:17,S,260.45,1,200
2021-06-15 10:07:17,S,260.65,1,1
2021-06-15 10:07:17,S,260.0,1,900
2021-06-15 10:07:17,S,259.8,2,11
2021-06-15 10:07:17,S,259.65,2,13
2021-06-15 10:07:17,S,259.45,1,3
2021-06-15 10:07:17,S,259.25,1,4
2021-06-15 10:07:18,S,260.05,1,20
2021-06-15 10:07:18,S,260.35,1,2
2021-06-15 10:07:18,S,260.4,2,65
2021-06-15 10:07:18,S,260.45,1,200
2021-06-15 10:07:18,S,260.65,1,1
2021-06-15 10:07:18,S,260.0,1,900
2021-06-15 10:07:18,S,259.8,2,11
2021-06-15 10:07:18,S,259.65,2,13
2021-06-15 10:07:18,S,259.45,1,3
2021-06-15 10:07:18,S,259.25,1,4
2021-06-15 10:07:21,S,260.05,3,75
2021-06-15 10:07:21,S,260.35,1,2
2021-06-15 10:07:21,S,260.4,2,61
2021-06-15 10:07:21,S,260.45,1,200
2021-06-15 10:07:21,S,260.65,1,1
2021-06-15 10:07:21,S,260.0,1,900
2021-06-15 10:07:21,S,259.45,2,13
2021-06-15 10:07:21,S,259.25,2,14
2021-06-15 10:07:21,S,259.1,1,4
2021-06-15 10:07:21,S,258.8,2,2
2021-06-15 10:07:22,S,260.05,3,75
2021-06-15 10:07:22,S,260.35,1,2
2021-06-15 10:07:22,S,260.4,2,61
2021-06-15 10:07:22,S,260.45,1,200
2021-06-15 10:07:22,S,260.65,1,1
2021-06-15 10:07:22,S,260.0,1,900
2021-06-15 10:07:22,S,259.45,2,13
2021-06-15 10:07:22,S,259.25,2,14
2021-06-15 10:07:22,S,259.1,1,4
2021-06-15 10:07:22,S,258.8,2,2
2021-06-15 10:07:23,S,260.05,3,75
2021-06-15 10:07:23,S,260.35,1,2
2021-06-15 10:07:23,S,260.4,2,61
2021-06-15 10:07:23,S,260.45,1,200
2021-06-15 10:07:23,S,260.65,1,1
2021-06-15 10:07:23,S,260.0,1,900
2021-06-15 10:07:23,S,259.45,2,13
2021-06-15 10:07:23,S,259.25,2,14
2021-06-15 10:07:23,S,259.1,1,4
2021-06-15 10:07:23,S,258.8,2,2
2021-06-15 10:07:25,S,260.05,2,70
2021-06-15 10:07:25,S,260.35,1,2
2021-06-15 10:07:25,S,260.4,2,61
2021-06-15 10:07:25,S,260.45,1,200
2021-06-15 10:07:25,S,260.65,1,1
2021-06-15 10:07:25,S,260.0,1,704
2021-06-15 10:07:25,S,259.45,2,13
2021-06-15 10:07:25,S,259.25,2,14
2021-06-15 10:07:25,S,259.1,1,4
2021-06-15 10:07:25,S,258.8,2,2
2021-06-15 10:07:28,S,260.05,2,70
2021-06-15 10:07:28,S,260.35,1,2
2021-06-15 10:07:28,S,260.4,2,61
2021-06-15 10:07:28,S,260.45,1,200
2021-06-15 10:07:28,S,260.65,1,1
2021-06-15 10:07:28,S,260.0,1,704
2021-06-15 10:07:28,S,259.45,2,13
2021-06-15 10:07:28,S,259.25,2,14
2021-06-15 10:07:28,S,259.1,1,4
2021-06-15 10:07:28,S,258.8,2,2
2021-06-15 10:07:29,S,260.35,1,2
2021-06-15 10:07:29,S,260.4,1,60
2021-06-15 10:07:29,S,260.45,1,200
2021-06-15 10:07:29,S,260.55,2,6
2021-06-15 10:07:29,S,260.6,1,10
2021-06-15 10:07:29,S,260.0,2,925
2021-06-15 10:07:29,S,259.7,3,10
2021-06-15 10:07:29,S,259.65,2,11
2021-06-15 10:07:29,S,259.45,2,13
2021-06-15 10:07:29,S,259.25,2,14
2021-06-15 10:07:32,S,260.35,1,2
2021-06-15 10:07:32,S,260.4,1,60
2021-06-15 10:07:32,S,260.45,1,200
2021-06-15 10:07:32,S,260.55,2,6
2021-06-15 10:07:32,S,260.6,1,10
2021-06-15 10:07:32,S,260.0,2,925
2021-06-15 10:07:32,S,259.7,3,10
2021-06-15 10:07:32,S,259.65,2,11
2021-06-15 10:07:32,S,259.45,2,13
2021-06-15 10:07:32,S,259.25,2,14
2021-06-15 10:07:33,S,260.35,1,2
2021-06-15 10:07:33,S,260.4,1,60
2021-06-15 10:07:33,S,260.45,1,200
2021-06-15 10:07:33,S,260.55,2,6
2021-06-15 10:07:33,S,260.6,1,10
2021-06-15 10:07:33,S,260.0,2,925
2021-06-15 10:07:33,S,259.7,3,10
2021-06-15 10:07:33,S,259.65,2,11
2021-06-15 10:07:33,S,259.45,2,13
2021-06-15 10:07:33,S,259.25,2,14
2021-06-15 10:07:33,S,260.4,1,31
2021-06-15 10:07:33,S,260.45,1,200
2021-06-15 10:07:33,S,260.55,1,5
2021-06-15 10:07:33,S,260.6,1,10
2021-06-15 10:07:33,S,260.8,1,25
2021-06-15 10:07:33,S,260.1,3,11
2021-06-15 10:07:33,S,260.0,4,948
2021-06-15 10:07:33,S,259.9,2,11
2021-06-15 10:07:33,S,259.75,2,2
2021-06-15 10:07:33,S,259.7,2,13
2021-06-15 10:07:34,S,260.4,1,31
2021-06-15 10:07:34,S,260.45,1,200
2021-06-15 10:07:34,S,260.55,1,5
2021-06-15 10:07:34,S,260.6,1,10
2021-06-15 10:07:34,S,260.8,1,25
2021-06-15 10:07:34,S,260.1,3,11
2021-06-15 10:07:34,S,260.0,4,948
2021-06-15 10:07:34,S,259.9,2,11
2021-06-15 10:07:34,S,259.75,2,2
2021-06-15 10:07:34,S,259.7,2,13
2021-06-15 10:07:36,S,260.4,1,31
2021-06-15 10:07:36,S,260.45,1,200
2021-06-15 10:07:36,S,260.55,1,5
2021-06-15 10:07:36,S,260.6,1,10
2021-06-15 10:07:36,S,260.8,1,25
2021-06-15 10:07:36,S,260.1,3,11
2021-06-15 10:07:36,S,260.0,4,948
2021-06-15 10:07:36,S,259.9,2,11
2021-06-15 10:07:36,S,259.75,2,2
2021-06-15 10:07:36,S,259.7,2,13
2021-06-15 10:07:37,S,260.4,1,31
2021-06-15 10:07:37,S,260.45,1,200
2021-06-15 10:07:37,S,260.55,1,5
2021-06-15 10:07:37,S,260.6,1,10
2021-06-15 10:07:37,S,260.8,1,25
2021-06-15 10:07:37,S,260.1,3,11
2021-06-15 10:07:37,S,260.0,4,948
2021-06-15 10:07:37,S,259.9,2,11
2021-06-15 10:07:37,S,259.75,2,2
2021-06-15 10:07:37,S,259.7,2,13
2021-06-15 10:07:37,S,261.4,1,41
2021-06-15 10:07:37,S,261.5,1,20
2021-06-15 10:07:37,S,261.55,2,5
2021-06-15 10:07:37,S,261.65,1,4
2021-06-15 10:07:37,S,261.75,2,11
2021-06-15 10:07:37,S,260.6,1,4
2021-06-15 10:07:37,S,260.55,2,12
2021-06-15 10:07:37,S,260.15,2,11
2021-06-15 10:07:37,S,260.1,2,11
2021-06-15 10:07:37,S,260.0,3,617
2021-06-15 10:07:39,S,261.4,1,41
2021-06-15 10:07:39,S,261.5,1,20
2021-06-15 10:07:39,S,261.55,2,5
2021-06-15 10:07:39,S,261.65,1,4
2021-06-15 10:07:39,S,261.75,2,11
2021-06-15 10:07:39,S,260.6,1,4
2021-06-15 10:07:39,S,260.55,2,12
2021-06-15 10:07:39,S,260.15,2,11
2021-06-15 10:07:39,S,260.1,2,11
2021-06-15 10:07:39,S,260.0,3,617
2021-06-15 10:07:41,S,260.95,2,5
2021-06-15 10:07:41,S,261.15,2,11
2021-06-15 10:07:41,S,261.5,3,37
2021-06-15 10:07:41,S,261.55,2,5
2021-06-15 10:07:41,S,261.75,1,1
2021-06-15 10:07:41,S,260.05,2,6
2021-06-15 10:07:41,S,260.0,2,551
2021-06-15 10:07:41,S,259.9,2,15
2021-06-15 10:07:41,S,259.85,1,2
2021-06-15 10:07:41,S,259.8,2,10
2021-06-15 10:07:43,S,260.95,2,5
2021-06-15 10:07:43,S,261.15,2,11
2021-06-15 10:07:43,S,261.5,3,37
2021-06-15 10:07:43,S,261.55,2,5
2021-06-15 10:07:43,S,261.75,1,1
2021-06-15 10:07:43,S,260.05,2,6
2021-06-15 10:07:43,S,260.0,2,551
2021-06-15 10:07:43,S,259.9,2,15
2021-06-15 10:07:43,S,259.85,1,2
2021-06-15 10:07:43,S,259.8,2,10
2021-06-15 10:07:44,S,260.95,2,5
2021-06-15 10:07:44,S,261.15,2,11
2021-06-15 10:07:44,S,261.5,3,37
2021-06-15 10:07:44,S,261.55,2,5
2021-06-15 10:07:44,S,261.75,1,1
2021-06-15 10:07:44,S,260.05,2,6
2021-06-15 10:07:44,S,260.0,2,551
2021-06-15 10:07:44,S,259.9,2,15
2021-06-15 10:07:44,S,259.85,1,2
2021-06-15 10:07:44,S,259.8,2,10
2021-06-15 10:07:45,S,261.05,2,12
2021-06-15 10:07:45,S,261.15,2,11
2021-06-15 10:07:45,S,261.5,3,30
2021-06-15 10:07:45,S,261.55,3,59
2021-06-15 10:07:45,S,261.75,1,1
2021-06-15 10:07:45,S,260.05,1,8
2021-06-15 10:07:45,S,260.0,2,551
2021-06-15 10:07:45,S,259.95,2,10
2021-06-15 10:07:45,S,259.85,2,7
2021-06-15 10:07:45,S,259.75,1,5
2021-06-15 10:07:49,S,261.05,3,19
2021-06-15 10:07:49,S,261.15,2,11
2021-06-15 10:07:49,S,261.5,3,30
2021-06-15 10:07:49,S,261.55,3,59
2021-06-15 10:07:49,S,261.75,1,1
2021-06-15 10:07:49,S,260.05,3,30
2021-06-15 10:07:49,S,260.0,2,551
2021-06-15 10:07:49,S,259.95,2,10
2021-06-15 10:07:49,S,259.85,2,7
2021-06-15 10:07:49,S,259.75,1,5
2021-06-15 10:07:52,S,261.05,3,19
2021-06-15 10:07:52,S,261.15,2,11
2021-06-15 10:07:52,S,261.5,3,30
2021-06-15 10:07:52,S,261.55,3,59
2021-06-15 10:07:52,S,261.75,1,1
2021-06-15 10:07:52,S,260.05,3,30
2021-06-15 10:07:52,S,260.0,2,551
2021-06-15 10:07:52,S,259.95,2,10
2021-06-15 10:07:52,S,259.85,2,7
2021-06-15 10:07:52,S,259.75,1,5
2021-06-15 10:07:53,S,260.05,1,5
2021-06-15 10:07:53,S,260.5,2,16
2021-06-15 10:07:53,S,260.55,2,47
2021-06-15 10:07:53,S,260.65,2,9
2021-06-15 10:07:53,S,260.85,2,11
2021-06-15 10:07:53,S,260.0,2,551
2021-06-15 10:07:53,S,259.8,1,13
2021-06-15 10:07:53,S,259.65,2,12
2021-06-15 10:07:53,S,259.45,2,8
2021-06-15 10:07:53,S,259.35,1,5
2021-06-15 10:07:54,S,260.05,1,5
2021-06-15 10:07:54,S,260.5,2,16
2021-06-15 10:07:54,S,260.55,2,47
2021-06-15 10:07:54,S,260.65,2,9
2021-06-15 10:07:54,S,260.85,2,11
2021-06-15 10:07:54,S,260.0,2,551
2021-06-15 10:07:54,S,259.8,1,13
2021-06-15 10:07:54,S,259.65,2,12
2021-06-15 10:07:54,S,259.45,2,8
2021-06-15 10:07:54,S,259.35,1,5
2021-06-15 10:07:55,S,260.05,1,5
2021-06-15 10:07:55,S,260.5,2,16
2021-06-15 10:07:55,S,260.55,2,47
2021-06-15 10:07:55,S,260.65,2,9
2021-06-15 10:07:55,S,260.85,2,11
2021-06-15 10:07:55,S,260.0,2,551
2021-06-15 10:07:55,S,259.8,1,13
2021-06-15 10:07:55,S,259.65,2,12
2021-06-15 10:07:55,S,259.45,2,8
2021-06-15 10:07:55,S,259.35,1,5
2021-06-15 10:07:55,S,260.05,1,5
2021-06-15 10:07:55,S,260.5,2,16
2021-06-15 10:07:55,S,260.55,2,47
2021-06-15 10:07:55,S,260.65,2,9
2021-06-15 10:07:55,S,260.85,2,11
2021-06-15 10:07:55,S,260.0,2,551
2021-06-15 10:07:55,S,259.8,1,13
2021-06-15 10:07:55,S,259.65,2,12
2021-06-15 10:07:55,S,259.45,2,8
2021-06-15 10:07:55,S,259.35,1,5
2021-06-15 10:07:57,S,260.05,1,5
2021-06-15 10:07:57,S,260.5,2,16
2021-06-15 10:07:57,S,260.55,2,47
2021-06-15 10:07:57,S,260.65,2,9
2021-06-15 10:07:57,S,260.85,2,11
2021-06-15 10:07:57,S,260.0,2,551
2021-06-15 10:07:57,S,259.8,1,13
2021-06-15 10:07:57,S,259.65,2,12
2021-06-15 10:07:57,S,259.45,2,8
2021-06-15 10:07:57,S,259.35,1,5
2021-06-15 10:07:57,S,260.5,2,14
2021-06-15 10:07:57,S,260.55,2,47
2021-06-15 10:07:57,S,260.65,2,9
2021-06-15 10:07:57,S,260.75,1,3
2021-06-15 10:07:57,S,260.85,3,14
2021-06-15 10:07:57,S,260.0,2,531
2021-06-15 10:07:57,S,259.65,2,12
2021-06-15 10:07:57,S,259.45,3,18
2021-06-15 10:07:57,S,259.35,1,5
2021-06-15 10:07:57,S,259.3,1,20
2021-06-15 10:07:58,S,260.5,2,14
2021-06-15 10:07:58,S,260.55,2,47
2021-06-15 10:07:58,S,260.65,2,9
2021-06-15 10:07:58,S,260.75,1,3
2021-06-15 10:07:58,S,260.85,3,14
2021-06-15 10:07:58,S,260.0,2,531
2021-06-15 10:07:58,S,259.65,2,12
2021-06-15 10:07:58,S,259.45,3,18
2021-06-15 10:07:58,S,259.35,1,5
2021-06-15 10:07:58,S,259.3,1,20
2021-06-15 10:08:01,S,260.5,3,21
2021-06-15 10:08:01,S,260.55,2,47
2021-06-15 10:08:01,S,260.65,2,9
2021-06-15 10:08:01,S,260.75,1,3
2021-06-15 10:08:01,S,260.85,3,14
2021-06-15 10:08:01,S,260.0,2,531
2021-06-15 10:08:01,S,259.65,2,12
2021-06-15 10:08:01,S,259.45,3,18
2021-06-15 10:08:01,S,259.35,1,5
2021-06-15 10:08:01,S,259.3,1,20
2021-06-15 10:08:03,S,260.5,3,21
2021-06-15 10:08:03,S,260.55,2,47
2021-06-15 10:08:03,S,260.65,2,9
2021-06-15 10:08:03,S,260.75,1,3
2021-06-15 10:08:03,S,260.85,3,14
2021-06-15 10:08:03,S,260.0,2,531
2021-06-15 10:08:03,S,259.65,2,12
2021-06-15 10:08:03,S,259.45,3,18
2021-06-15 10:08:03,S,259.35,1,5
2021-06-15 10:08:03,S,259.3,1,20
2021-06-15 10:08:05,S,260.25,2,13
2021-06-15 10:08:05,S,260.4,2,14
2021-06-15 10:08:05,S,260.45,2,19
2021-06-15 10:08:05,S,260.65,2,9
2021-06-15 10:08:05,S,260.75,2,13
2021-06-15 10:08:05,S,260.0,2,140
2021-06-15 10:08:05,S,259.45,3,16
2021-06-15 10:08:05,S,259.35,2,15
2021-06-15 10:08:05,S,259.25,4,74
2021-06-15 10:08:05,S,259.15,1,5
2021-06-15 10:08:06,S,260.25,2,13
2021-06-15 10:08:06,S,260.4,2,14
2021-06-15 10:08:06,S,260.45,2,19
2021-06-15 10:08:06,S,260.65,2,9
2021-06-15 10:08:06,S,260.75,2,13
2021-06-15 10:08:06,S,260.0,2,140
2021-06-15 10:08:06,S,259.45,3,16
2021-06-15 10:08:06,S,259.35,2,15
2021-06-15 10:08:06,S,259.25,4,74
2021-06-15 10:08:06,S,259.15,1,5
2021-06-15 10:08:07,S,260.25,2,13
2021-06-15 10:08:07,S,260.4,2,14
2021-06-15 10:08:07,S,260.45,2,19
2021-06-15 10:08:07,S,260.65,2,9
2021-06-15 10:08:07,S,260.75,2,13
2021-06-15 10:08:07,S,260.0,2,140
2021-06-15 10:08:07,S,259.45,3,16
2021-06-15 10:08:07,S,259.35,2,15
2021-06-15 10:08:07,S,259.25,4,74
2021-06-15 10:08:07,S,259.15,1,5
2021-06-15 10:08:08,S,260.25,2,13
2021-06-15 10:08:08,S,260.4,2,14
2021-06-15 10:08:08,S,260.45,2,19
2021-06-15 10:08:08,S,260.65,2,9
2021-06-15 10:08:08,S,260.75,2,13
2021-06-15 10:08:08,S,260.0,2,140
2021-06-15 10:08:08,S,259.45,3,16
2021-06-15 10:08:08,S,259.35,2,15
2021-06-15 10:08:08,S,259.25,4,74
2021-06-15 10:08:08,S,259.15,1,5
2021-06-15 10:08:09,S,260.45,2,10
2021-06-15 10:08:09,S,260.5,1,6
2021-06-15 10:08:09,S,260.55,1,6
2021-06-15 10:08:09,S,260.65,1,6
2021-06-15 10:08:09,S,260.7,1,6
2021-06-15 10:08:09,S,260.0,1,449
2021-06-15 10:08:09,S,259.25,2,63
2021-06-15 10:08:09,S,259.1,1,5
2021-06-15 10:08:09,S,259.05,3,27
2021-06-15 10:08:09,S,259.0,2,9
2021-06-15 10:08:12,S,260.55,2,14
2021-06-15 10:08:12,S,260.6,2,6
2021-06-15 10:08:12,S,260.85,2,11
2021-06-15 10:08:12,S,260.95,2,13
2021-06-15 10:08:12,S,261.0,4,608
2021-06-15 10:08:12,S,260.0,1,449
2021-06-15 10:08:12,S,259.8,1,2
2021-06-15 10:08:12,S,259.6,2,12
2021-06-15 10:08:12,S,259.3,2,28
2021-06-15 10:08:12,S,259.25,2,63
2021-06-15 10:08:13,S,260.55,2,14
2021-06-15 10:08:13,S,260.6,2,6
2021-06-15 10:08:13,S,260.85,2,11
2021-06-15 10:08:13,S,260.95,2,13
2021-06-15 10:08:13,S,261.0,4,608
2021-06-15 10:08:13,S,260.0,1,449
2021-06-15 10:08:13,S,259.8,1,2
2021-06-15 10:08:13,S,259.6,2,12
2021-06-15 10:08:13,S,259.3,2,28
2021-06-15 10:08:13,S,259.25,2,63
2021-06-15 10:08:17,S,260.55,1,6
2021-06-15 10:08:17,S,260.95,2,10
2021-06-15 10:08:17,S,261.0,6,626
2021-06-15 10:08:17,S,261.05,2,13
2021-06-15 10:08:17,S,261.15,3,14
2021-06-15 10:08:17,S,260.05,4,24
2021-06-15 10:08:17,S,260.0,2,458
2021-06-15 10:08:17,S,259.8,2,10
2021-06-15 10:08:17,S,259.6,2,12
2021-06-15 10:08:17,S,259.45,1,3
2021-06-15 10:08:18,S,260.55,1,6
2021-06-15 10:08:18,S,260.95,2,10
2021-06-15 10:08:18,S,261.0,6,626
2021-06-15 10:08:18,S,261.05,2,13
2021-06-15 10:08:18,S,261.15,3,14
2021-06-15 10:08:18,S,260.05,4,24
2021-06-15 10:08:18,S,260.0,2,458
2021-06-15 10:08:18,S,259.8,2,10
2021-06-15 10:08:18,S,259.6,2,12
2021-06-15 10:08:18,S,259.45,1,3
2021-06-15 10:08:20,S,260.55,1,6
2021-06-15 10:08:20,S,260.95,2,10
2021-06-15 10:08:20,S,261.0,6,626
2021-06-15 10:08:20,S,261.05,2,13
2021-06-15 10:08:20,S,261.15,3,14
2021-06-15 10:08:20,S,260.0,1,383
2021-06-15 10:08:20,S,259.8,2,10
2021-06-15 10:08:20,S,259.6,2,12
2021-06-15 10:08:20,S,259.45,1,3
2021-06-15 10:08:20,S,259.3,1,20
2021-06-15 10:08:21,S,260.55,1,6
2021-06-15 10:08:21,S,260.95,2,10
2021-06-15 10:08:21,S,261.0,6,626
2021-06-15 10:08:21,S,261.05,2,13
2021-06-15 10:08:21,S,261.15,3,14
2021-06-15 10:08:21,S,260.0,1,383
2021-06-15 10:08:21,S,259.8,2,10
2021-06-15 10:08:21,S,259.6,2,12
2021-06-15 10:08:21,S,259.45,1,3
2021-06-15 10:08:21,S,259.3,1,20
2021-06-15 10:08:24,S,260.95,2,10
2021-06-15 10:08:24,S,261.0,5,184
2021-06-15 10:08:24,S,261.15,3,13
2021-06-15 10:08:24,S,261.25,1,2
2021-06-15 10:08:24,S,261.35,2,3
2021-06-15 10:08:24,S,260.25,2,10
2021-06-15 10:08:24,S,260.05,2,11
2021-06-15 10:08:24,S,260.0,2,392
2021-06-15 10:08:24,S,259.8,2,10
2021-06-15 10:08:24,S,259.75,1,5
2021-06-15 10:08:27,S,260.95,2,10
2021-06-15 10:08:27,S,261.0,5,184
2021-06-15 10:08:27,S,261.15,3,13
2021-06-15 10:08:27,S,261.25,1,2
2021-06-15 10:08:27,S,261.35,2,3
2021-06-15 10:08:27,S,260.15,2,14
2021-06-15 10:08:27,S,260.0,2,392
2021-06-15 10:08:27,S,259.75,1,5
2021-06-15 10:08:27,S,259.65,2,64
2021-06-15 10:08:27,S,259.6,2,12
2021-06-15 10:08:31,S,260.95,3,16
2021-06-15 10:08:31,S,261.0,5,184
2021-06-15 10:08:31,S,261.15,3,13
2021-06-15 10:08:31,S,261.25,1,2
2021-06-15 10:08:31,S,261.35,2,3
2021-06-15 10:08:31,S,260.2,1,8
2021-06-15 10:08:31,S,260.15,2,8
2021-06-15 10:08:31,S,260.05,2,14
2021-06-15 10:08:31,S,260.0,2,392
2021-06-15 10:08:31,S,259.95,1,2
2021-06-15 10:08:34,S,260.95,3,16
2021-06-15 10:08:34,S,261.0,5,184
2021-06-15 10:08:34,S,261.15,3,13
2021-06-15 10:08:34,S,261.25,1,2
2021-06-15 10:08:34,S,261.35,2,3
2021-06-15 10:08:34,S,260.2,1,8
2021-06-15 10:08:34,S,260.15,2,8
2021-06-15 10:08:34,S,260.05,2,14
2021-06-15 10:08:34,S,260.0,2,392
2021-06-15 10:08:34,S,259.95,1,2
2021-06-15 10:08:35,S,260.6,1,6
2021-06-15 10:08:35,S,260.8,1,8
2021-06-15 10:08:35,S,260.85,1,1
2021-06-15 10:08:35,S,260.95,1,2
2021-06-15 10:08:35,S,261.0,7,204
2021-06-15 10:08:35,S,260.2,2,14
2021-06-15 10:08:35,S,260.15,3,21
2021-06-15 10:08:35,S,260.05,2,14
2021-06-15 10:08:35,S,260.0,2,392
2021-06-15 10:08:35,S,259.95,1,2
2021-06-15 10:08:35,S,260.6,1,6
2021-06-15 10:08:35,S,260.8,1,8
2021-06-15 10:08:35,S,260.85,1,1
2021-06-15 10:08:35,S,260.95,1,2
2021-06-15 10:08:35,S,261.0,7,204
2021-06-15 10:08:35,S,260.2,2,14
2021-06-15 10:08:35,S,260.15,3,21
2021-06-15 10:08:35,S,260.05,2,14
2021-06-15 10:08:35,S,260.0,2,392
2021-06-15 10:08:35,S,259.95,1,2
2021-06-15 10:08:38,S,260.85,1,6
2021-06-15 10:08:38,S,261.0,5,328
2021-06-15 10:08:38,S,261.05,2,11
2021-06-15 10:08:38,S,261.35,2,11
2021-06-15 10:08:38,S,261.45,1,20
2021-06-15 10:08:38,S,260.2,1,8
2021-06-15 10:08:38,S,260.15,2,8
2021-06-15 10:08:38,S,260.05,2,14
2021-06-15 10:08:38,S,260.0,2,392
2021-06-15 10:08:38,S,259.95,1,2
2021-06-15 10:08:40,S,260.85,1,6
2021-06-15 10:08:40,S,261.0,5,328
2021-06-15 10:08:40,S,261.05,2,11
2021-06-15 10:08:40,S,261.35,2,11
2021-06-15 10:08:40,S,261.45,1,20
2021-06-15 10:08:40,S,260.2,1,8
2021-06-15 10:08:40,S,260.15,2,8
2021-06-15 10:08:40,S,260.05,2,14
2021-06-15 10:08:40,S,260.0,2,392
2021-06-15 10:08:40,S,259.95,1,2
2021-06-15 10:08:42,S,261.0,5,330
2021-06-15 10:08:42,S,261.05,2,9
2021-06-15 10:08:42,S,261.35,2,11
2021-06-15 10:08:42,S,261.45,2,30
2021-06-15 10:08:42,S,261.5,2,25
2021-06-15 10:08:42,S,260.2,2,17
2021-06-15 10:08:42,S,260.15,2,8
2021-06-15 10:08:42,S,260.05,2,14
2021-06-15 10:08:42,S,260.0,2,392
2021-06-15 10:08:42,S,259.95,1,2
2021-06-15 10:08:45,S,261.0,5,330
2021-06-15 10:08:45,S,261.05,2,9
2021-06-15 10:08:45,S,261.35,2,11
2021-06-15 10:08:45,S,261.45,2,30
2021-06-15 10:08:45,S,261.5,2,25
2021-06-15 10:08:45,S,260.2,2,17
2021-06-15 10:08:45,S,260.15,2,8
2021-06-15 10:08:45,S,260.05,2,14
2021-06-15 10:08:45,S,260.0,2,392
2021-06-15 10:08:45,S,259.95,1,2
2021-06-15 10:08:45,S,260.85,2,14
2021-06-15 10:08:45,S,261.0,8,408
2021-06-15 10:08:45,S,261.05,2,9
2021-06-15 10:08:45,S,261.15,1,2
2021-06-15 10:08:45,S,261.25,1,2
2021-06-15 10:08:45,S,260.1,2,14
2021-06-15 10:08:45,S,260.05,2,14
2021-06-15 10:08:45,S,260.0,2,392
2021-06-15 10:08:45,S,259.95,1,2
2021-06-15 10:08:45,S,259.65,1,59
2021-06-15 10:08:49,S,260.85,2,14
2021-06-15 10:08:49,S,261.0,8,408
2021-06-15 10:08:49,S,261.05,2,9
2021-06-15 10:08:49,S,261.15,1,2
2021-06-15 10:08:49,S,261.25,1,2
2021-06-15 10:08:49,S,260.1,2,14
2021-06-15 10:08:49,S,260.05,2,14
2021-06-15 10:08:49,S,260.0,3,432
2021-06-15 10:08:49,S,259.95,1,2
2021-06-15 10:08:49,S,259.65,1,59
2021-06-15 10:08:52,S,260.5,1,5
2021-06-15 10:08:52,S,260.75,2,16
2021-06-15 10:08:52,S,260.8,2,9
2021-06-15 10:08:52,S,261.0,7,403
2021-06-15 10:08:52,S,261.05,2,9
2021-06-15 10:08:52,S,260.1,2,13
2021-06-15 10:08:52,S,260.0,3,432
2021-06-15 10:08:52,S,259.8,1,2
2021-06-15 10:08:52,S,259.65,2,70
2021-06-15 10:08:52,S,259.6,2,12
2021-06-15 10:08:56,S,260.75,2,14
2021-06-15 10:08:56,S,260.8,3,59
2021-06-15 10:08:56,S,261.0,7,403
2021-06-15 10:08:56,S,261.05,2,9
2021-06-15 10:08:56,S,261.15,2,3
2021-06-15 10:08:56,S,260.1,2,56
2021-06-15 10:08:56,S,260.0,3,432
2021-06-15 10:08:56,S,259.8,2,13
2021-06-15 10:08:56,S,259.65,2,70
2021-06-15 10:08:56,S,259.6,2,12
2021-06-15 10:08:57,S,260.75,2,14
2021-06-15 10:08:57,S,260.8,3,59
2021-06-15 10:08:57,S,261.0,7,403
2021-06-15 10:08:57,S,261.05,2,9
2021-06-15 10:08:57,S,261.15,2,3
2021-06-15 10:08:57,S,260.1,2,56
2021-06-15 10:08:57,S,260.0,3,432
2021-06-15 10:08:57,S,259.8,2,13
2021-06-15 10:08:57,S,259.65,2,70
2021-06-15 10:08:57,S,259.6,2,12
2021-06-15 10:08:58,S,260.75,2,14
2021-06-15 10:08:58,S,260.8,3,59
2021-06-15 10:08:58,S,261.0,7,403
2021-06-15 10:08:58,S,261.05,2,9
2021-06-15 10:08:58,S,261.15,2,3
2021-06-15 10:08:58,S,260.1,2,56
2021-06-15 10:08:58,S,260.0,3,432
2021-06-15 10:08:58,S,259.8,2,13
2021-06-15 10:08:58,S,259.65,2,70
2021-06-15 10:08:58,S,259.6,2,12
2021-06-15 10:09:00,S,260.5,2,7
2021-06-15 10:09:00,S,260.75,2,16
2021-06-15 10:09:00,S,260.8,3,59
2021-06-15 10:09:00,S,261.0,7,403
2021-06-15 10:09:00,S,261.05,2,9
2021-06-15 10:09:00,S,260.0,2,401
2021-06-15 10:09:00,S,259.75,2,10
2021-06-15 10:09:00,S,259.65,2,70
2021-06-15 10:09:00,S,259.55,2,15
2021-06-15 10:09:00,S,259.45,2,7
2021-06-15 10:09:03,S,260.5,2,6
2021-06-15 10:09:03,S,260.75,2,16
2021-06-15 10:09:03,S,260.8,3,59
2021-06-15 10:09:03,S,261.0,7,403
2021-06-15 10:09:03,S,261.05,2,9
2021-06-15 10:09:03,S,260.0,4,503
2021-06-15 10:09:03,S,259.75,2,10
2021-06-15 10:09:03,S,259.65,2,70
2021-06-15 10:09:03,S,259.55,2,15
2021-06-15 10:09:03,S,259.45,2,7
2021-06-15 10:09:05,S,260.5,2,6
2021-06-15 10:09:05,S,260.75,2,16
2021-06-15 10:09:05,S,260.8,3,59
2021-06-15 10:09:05,S,261.0,7,403
2021-06-15 10:09:05,S,261.05,2,9
2021-06-15 10:09:05,S,260.0,4,503
2021-06-15 10:09:05,S,259.75,2,10
2021-06-15 10:09:05,S,259.65,2,70
2021-06-15 10:09:05,S,259.55,2,15
2021-06-15 10:09:05,S,259.45,2,7
2021-06-15 10:09:07,S,260.25,1,5
2021-06-15 10:09:07,S,260.5,2,9
2021-06-15 10:09:07,S,260.55,2,11
2021-06-15 10:09:07,S,260.75,1,8
2021-06-15 10:09:07,S,260.8,3,59
2021-06-15 10:09:07,S,260.0,3,401
2021-06-15 10:09:07,S,259.7,2,12
2021-06-15 10:09:07,S,259.65,2,70
2021-06-15 10:09:07,S,259.55,2,15
2021-06-15 10:09:07,S,259.45,2,7
2021-06-15 10:09:08,S,260.25,1,5
2021-06-15 10:09:08,S,260.5,2,9
2021-06-15 10:09:08,S,260.55,2,11
2021-06-15 10:09:08,S,260.75,1,8
2021-06-15 10:09:08,S,260.8,3,59
2021-06-15 10:09:08,S,260.0,3,401
2021-06-15 10:09:08,S,259.7,2,12
2021-06-15 10:09:08,S,259.65,2,70
2021-06-15 10:09:08,S,259.55,2,15
2021-06-15 10:09:08,S,259.45,2,7
2021-06-15 10:09:10,S,260.5,2,9
2021-06-15 10:09:10,S,260.7,2,16
2021-06-15 10:09:10,S,260.75,1,10
2021-06-15 10:09:10,S,260.8,3,59
2021-06-15 10:09:10,S,260.85,1,1
2021-06-15 10:09:10,S,260.0,3,385
2021-06-15 10:09:10,S,259.7,2,12
2021-06-15 10:09:10,S,259.65,2,70
2021-06-15 10:09:10,S,259.55,2,15
2021-06-15 10:09:10,S,259.45,2,7
2021-06-15 10:09:13,S,260.5,2,9
2021-06-15 10:09:13,S,260.55,1,8
2021-06-15 10:09:13,S,260.6,2,9
2021-06-15 10:09:13,S,260.7,1,8
2021-06-15 10:09:13,S,260.8,3,59
2021-06-15 10:09:13,S,260.0,3,385
2021-06-15 10:09:13,S,259.7,2,12
2021-06-15 10:09:13,S,259.65,2,70
2021-06-15 10:09:13,S,259.55,2,15
2021-06-15 10:09:13,S,259.45,2,7
2021-06-15 10:09:15,S,260.5,2,9
2021-06-15 10:09:15,S,260.55,1,8
2021-06-15 10:09:15,S,260.6,2,9
2021-06-15 10:09:15,S,260.7,1,8
2021-06-15 10:09:15,S,260.8,3,59
2021-06-15 10:09:15,S,260.0,3,385
2021-06-15 10:09:15,S,259.7,2,12
2021-06-15 10:09:15,S,259.65,2,70
2021-06-15 10:09:15,S,259.55,2,15
2021-06-15 10:09:15,S,259.45,2,7
2021-06-15 10:09:18,S,260.5,3,15
2021-06-15 10:09:18,S,260.55,2,18
2021-06-15 10:09:18,S,260.6,2,9
2021-06-15 10:09:18,S,260.8,3,59
2021-06-15 10:09:18,S,261.0,6,338
2021-06-15 10:09:18,S,260.05,1,10
2021-06-15 10:09:18,S,260.0,4,322
2021-06-15 10:09:18,S,259.7,2,10
2021-06-15 10:09:18,S,259.65,2,70
2021-06-15 10:09:18,S,259.55,2,15
2021-06-15 10:09:21,S,260.3,1,6
2021-06-15 10:09:21,S,260.45,2,16
2021-06-15 10:09:21,S,260.5,2,9
2021-06-15 10:09:21,S,260.6,2,9
2021-06-15 10:09:21,S,260.8,3,59
2021-06-15 10:09:21,S,260.05,1,10
2021-06-15 10:09:21,S,260.0,3,320
2021-06-15 10:09:21,S,259.7,2,10
2021-06-15 10:09:21,S,259.65,3,72
2021-06-15 10:09:21,S,259.55,2,15
2021-06-15 10:09:23,S,260.3,1,6
2021-06-15 10:09:23,S,260.45,2,16
2021-06-15 10:09:23,S,260.5,2,9
2021-06-15 10:09:23,S,260.6,2,9
2021-06-15 10:09:23,S,260.8,3,59
2021-06-15 10:09:23,S,260.05,1,10
2021-06-15 10:09:23,S,260.0,3,320
2021-06-15 10:09:23,S,259.7,2,10
2021-06-15 10:09:23,S,259.65,3,72
2021-06-15 10:09:23,S,259.55,2,15
2021-06-15 10:09:25,S,260.5,2,9
2021-06-15 10:09:25,S,260.55,2,16
2021-06-15 10:09:25,S,260.6,2,9
2021-06-15 10:09:25,S,260.8,3,59
2021-06-15 10:09:25,S,261.0,6,338
2021-06-15 10:09:25,S,260.05,1,10
2021-06-15 10:09:25,S,260.0,3,320
2021-06-15 10:09:25,S,259.9,1,10
2021-06-15 10:09:25,S,259.7,2,10
2021-06-15 10:09:25,S,259.65,2,70
2021-06-15 10:09:28,S,260.5,1,1
2021-06-15 10:09:28,S,260.55,2,16
2021-06-15 10:09:28,S,260.6,2,9
2021-06-15 10:09:28,S,260.8,3,59
2021-06-15 10:09:28,S,261.0,6,338
2021-06-15 10:09:28,S,260.05,2,110
2021-06-15 10:09:28,S,260.0,4,230
2021-06-15 10:09:28,S,259.9,1,10
2021-06-15 10:09:28,S,259.7,2,10
2021-06-15 10:09:28,S,259.65,2,70
2021-06-15 10:09:32,S,260.5,3,13
2021-06-15 10:09:32,S,260.55,2,16
2021-06-15 10:09:32,S,260.6,2,9
2021-06-15 10:09:32,S,260.8,3,59
2021-06-15 10:09:32,S,261.0,6,338
2021-06-15 10:09:32,S,260.05,2,110
2021-06-15 10:09:32,S,260.0,2,220
2021-06-15 10:09:32,S,259.7,2,10
2021-06-15 10:09:32,S,259.65,2,70
2021-06-15 10:09:32,S,259.55,2,15
2021-06-15 10:09:33,S,260.5,3,13
2021-06-15 10:09:33,S,260.55,2,16
2021-06-15 10:09:33,S,260.6,2,9
2021-06-15 10:09:33,S,260.8,3,59
2021-06-15 10:09:33,S,261.0,6,338
2021-06-15 10:09:33,S,260.05,2,110
2021-06-15 10:09:33,S,260.0,2,220
2021-06-15 10:09:33,S,259.7,2,10
2021-06-15 10:09:33,S,259.65,2,70
2021-06-15 10:09:33,S,259.55,2,15
2021-06-15 10:09:34,S,260.5,3,13
2021-06-15 10:09:34,S,260.55,2,16
2021-06-15 10:09:34,S,260.6,2,9
2021-06-15 10:09:34,S,260.8,3,59
2021-06-15 10:09:34,S,261.0,6,338
2021-06-15 10:09:34,S,260.05,2,110
2021-06-15 10:09:34,S,260.0,2,220
2021-06-15 10:09:34,S,259.7,2,10
2021-06-15 10:09:34,S,259.65,2,70
2021-06-15 10:09:34,S,259.55,2,15
2021-06-15 10:09:36,S,260.3,1,6
2021-06-15 10:09:36,S,260.5,1,1
2021-06-15 10:09:36,S,260.6,2,11
2021-06-15 10:09:36,S,260.75,1,8
2021-06-15 10:09:36,S,260.8,3,59
2021-06-15 10:09:36,S,260.0,1,767
2021-06-15 10:09:36,S,259.75,2,10
2021-06-15 10:09:36,S,259.65,2,67
2021-06-15 10:09:36,S,259.45,2,12
2021-06-15 10:09:36,S,259.3,1,20
2021-06-15 10:09:37,S,260.3,1,6
2021-06-15 10:09:37,S,260.5,1,1
2021-06-15 10:09:37,S,260.6,2,11
2021-06-15 10:09:37,S,260.75,1,8
2021-06-15 10:09:37,S,260.8,3,59
2021-06-15 10:09:37,S,260.0,1,767
2021-06-15 10:09:37,S,259.75,2,10
2021-06-15 10:09:37,S,259.65,2,67
2021-06-15 10:09:37,S,259.45,2,12
2021-06-15 10:09:37,S,259.3,1,20
2021-06-15 10:09:38,S,260.3,1,6
2021-06-15 10:09:38,S,260.5,1,1
2021-06-15 10:09:38,S,260.6,2,11
2021-06-15 10:09:38,S,260.75,1,8
2021-06-15 10:09:38,S,260.8,3,59
2021-06-15 10:09:38,S,260.0,1,767
2021-06-15 10:09:38,S,259.75,2,10
2021-06-15 10:09:38,S,259.65,2,67
2021-06-15 10:09:38,S,259.45,2,12
2021-06-15 10:09:38,S,259.3,1,20
2021-06-15 10:09:39,S,260.35,2,21
2021-06-15 10:09:39,S,260.45,2,16
2021-06-15 10:09:39,S,260.5,2,9
2021-06-15 10:09:39,S,260.6,2,11
2021-06-15 10:09:39,S,260.8,3,59
2021-06-15 10:09:39,S,260.0,1,325
2021-06-15 10:09:39,S,259.65,2,67
2021-06-15 10:09:39,S,259.45,2,12
2021-06-15 10:09:39,S,259.25,3,67
2021-06-15 10:09:39,S,259.05,1,4
2021-06-15 10:09:42,S,260.05,1,25
2021-06-15 10:09:42,S,260.3,2,16
2021-06-15 10:09:42,S,260.35,3,22
2021-06-15 10:09:42,S,260.5,2,9
2021-06-15 10:09:42,S,260.6,2,11
2021-06-15 10:09:42,S,260.0,1,325
2021-06-15 10:09:42,S,259.65,2,67
2021-06-15 10:09:42,S,259.45,2,12
2021-06-15 10:09:42,S,259.25,3,67
2021-06-15 10:09:42,S,259.05,1,4
2021-06-15 10:09:46,S,260.05,2,31
2021-06-15 10:09:46,S,260.3,2,16
2021-06-15 10:09:46,S,260.35,3,22
2021-06-15 10:09:46,S,260.5,2,9
2021-06-15 10:09:46,S,260.6,2,11
2021-06-15 10:09:46,S,260.0,1,325
2021-06-15 10:09:46,S,259.65,2,67
2021-06-15 10:09:46,S,259.45,2,12
2021-06-15 10:09:46,S,259.25,3,67
2021-06-15 10:09:46,S,259.05,1,4
2021-06-15 10:09:49,S,260.05,2,31
2021-06-15 10:09:49,S,260.3,2,16
2021-06-15 10:09:49,S,260.35,3,22
2021-06-15 10:09:49,S,260.5,2,9
2021-06-15 10:09:49,S,260.6,2,11
2021-06-15 10:09:49,S,260.0,1,325
2021-06-15 10:09:49,S,259.65,2,67
2021-06-15 10:09:49,S,259.45,2,12
2021-06-15 10:09:49,S,259.25,3,67
2021-06-15 10:09:49,S,259.05,1,4
2021-06-15 10:09:49,S,260.05,1,1
2021-06-15 10:09:49,S,260.25,2,21
2021-06-15 10:09:49,S,260.3,1,40
2021-06-15 10:09:49,S,260.35,1,11
2021-06-15 10:09:49,S,260.4,2,12
2021-06-15 10:09:49,S,260.0,1,800
2021-06-15 10:09:49,S,259.65,2,67
2021-06-15 10:09:49,S,259.45,2,12
2021-06-15 10:09:49,S,259.25,3,67
2021-06-15 10:09:49,S,259.2,1,3
2021-06-15 10:09:51,S,260.05,1,1
2021-06-15 10:09:51,S,260.25,2,21
2021-06-15 10:09:51,S,260.3,1,40
2021-06-15 10:09:51,S,260.35,1,11
2021-06-15 10:09:51,S,260.4,2,12
2021-06-15 10:09:51,S,260.0,1,800
2021-06-15 10:09:51,S,259.65,2,67
2021-06-15 10:09:51,S,259.45,2,12
2021-06-15 10:09:51,S,259.25,3,67
2021-06-15 10:09:51,S,259.2,1,3
2021-06-15 10:09:53,S,260.05,1,1
2021-06-15 10:09:53,S,260.25,2,21
2021-06-15 10:09:53,S,260.3,1,40
2021-06-15 10:09:53,S,260.35,1,11
2021-06-15 10:09:53,S,260.4,2,12
2021-06-15 10:09:53,S,260.0,1,800
2021-06-15 10:09:53,S,259.65,2,67
2021-06-15 10:09:53,S,259.45,2,12
2021-06-15 10:09:53,S,259.25,3,67
2021-06-15 10:09:53,S,259.2,1,3
2021-06-15 10:09:54,S,260.3,3,61
2021-06-15 10:09:54,S,260.35,2,15
2021-06-15 10:09:54,S,260.4,2,12
2021-06-15 10:09:54,S,260.5,3,19
2021-06-15 10:09:54,S,260.55,1,1
2021-06-15 10:09:54,S,260.0,2,509
2021-06-15 10:09:54,S,259.65,2,67
2021-06-15 10:09:54,S,259.4,1,2
2021-06-15 10:09:54,S,259.25,3,67
2021-06-15 10:09:54,S,259.05,1,4
2021-06-15 10:09:55,S,260.3,3,61
2021-06-15 10:09:55,S,260.35,2,15
2021-06-15 10:09:55,S,260.4,2,12
2021-06-15 10:09:55,S,260.5,3,19
2021-06-15 10:09:55,S,260.55,1,1
2021-06-15 10:09:55,S,260.0,2,509
2021-06-15 10:09:55,S,259.65,2,67
2021-06-15 10:09:55,S,259.4,1,2
2021-06-15 10:09:55,S,259.25,3,67
2021-06-15 10:09:55,S,259.05,1,4
2021-06-15 10:09:57,S,260.3,3,61
2021-06-15 10:09:57,S,260.35,2,15
2021-06-15 10:09:57,S,260.4,2,12
2021-06-15 10:09:57,S,260.5,3,19
2021-06-15 10:09:57,S,260.55,1,1
2021-06-15 10:09:57,S,260.0,2,419
2021-06-15 10:09:57,S,259.65,2,67
2021-06-15 10:09:57,S,259.6,1,2
2021-06-15 10:09:57,S,259.4,2,13
2021-06-15 10:09:57,S,259.25,3,67
2021-06-15 10:10:01,S,260.3,4,67
2021-06-15 10:10:01,S,260.35,2,15
2021-06-15 10:10:01,S,260.4,2,12
2021-06-15 10:10:01,S,260.5,3,19
2021-06-15 10:10:01,S,260.55,1,1
2021-06-15 10:10:01,S,260.0,2,419
2021-06-15 10:10:01,S,259.75,1,2
2021-06-15 10:10:01,S,259.65,2,67
2021-06-15 10:10:01,S,259.6,2,13
2021-06-15 10:10:01,S,259.4,2,13
2021-06-15 10:10:02,S,260.3,4,67
2021-06-15 10:10:02,S,260.35,2,15
2021-06-15 10:10:02,S,260.4,2,12
2021-06-15 10:10:02,S,260.5,3,19
2021-06-15 10:10:02,S,260.55,1,1
2021-06-15 10:10:02,S,260.0,2,419
2021-06-15 10:10:02,S,259.75,1,2
2021-06-15 10:10:02,S,259.65,2,67
2021-06-15 10:10:02,S,259.6,2,13
2021-06-15 10:10:02,S,259.4,2,13
2021-06-15 10:10:04,S,260.15,2,12
2021-06-15 10:10:04,S,260.3,3,61
2021-06-15 10:10:04,S,260.35,2,15
2021-06-15 10:10:04,S,260.4,2,12
2021-06-15 10:10:04,S,260.5,3,19
2021-06-15 10:10:04,S,260.0,2,409
2021-06-15 10:10:04,S,259.8,1,2
2021-06-15 10:10:04,S,259.65,2,67
2021-06-15 10:10:04,S,259.55,2,13
2021-06-15 10:10:04,S,259.4,2,13
2021-06-15 10:10:05,S,260.15,2,12
2021-06-15 10:10:05,S,260.3,3,61
2021-06-15 10:10:05,S,260.35,2,15
2021-06-15 10:10:05,S,260.4,2,12
2021-06-15 10:10:05,S,260.5,3,19
2021-06-15 10:10:05,S,260.0,2,409
2021-06-15 10:10:05,S,259.8,1,2
2021-06-15 10:10:05,S,259.65,2,67
2021-06-15 10:10:05,S,259.55,2,13
2021-06-15 10:10:05,S,259.4,2,13
2021-06-15 10:10:08,S,260.3,2,49
2021-06-15 10:10:08,S,260.35,2,19
2021-06-15 10:10:08,S,260.4,3,25
2021-06-15 10:10:08,S,260.5,3,19
2021-06-15 10:10:08,S,260.55,1,1
2021-06-15 10:10:08,S,260.0,2,400
2021-06-15 10:10:08,S,259.75,2,11
2021-06-15 10:10:08,S,259.65,2,67
2021-06-15 10:10:08,S,259.55,2,13
2021-06-15 10:10:08,S,259.4,2,13
2021-06-15 10:10:12,S,260.3,2,49
2021-06-15 10:10:12,S,260.35,2,19
2021-06-15 10:10:12,S,260.4,3,25
2021-06-15 10:10:12,S,260.5,3,19
2021-06-15 10:10:12,S,260.55,1,1
2021-06-15 10:10:12,S,260.0,2,350
2021-06-15 10:10:12,S,259.55,2,13
2021-06-15 10:10:12,S,259.4,2,13
2021-06-15 10:10:12,S,259.25,3,67
2021-06-15 10:10:12,S,259.05,1,4
2021-06-15 10:10:13,S,260.3,2,49
2021-06-15 10:10:13,S,260.35,2,19
2021-06-15 10:10:13,S,260.4,3,25
2021-06-15 10:10:13,S,260.5,3,19
2021-06-15 10:10:13,S,260.55,1,1
2021-06-15 10:10:13,S,260.0,2,350
2021-06-15 10:10:13,S,259.55,2,13
2021-06-15 10:10:13,S,259.4,2,13
2021-06-15 10:10:13,S,259.25,3,67
2021-06-15 10:10:13,S,259.05,1,4
2021-06-15 10:10:15,S,260.3,1,5
2021-06-15 10:10:15,S,260.5,1,1
2021-06-15 10:10:15,S,260.7,1,8
2021-06-15 10:10:15,S,260.75,1,1
2021-06-15 10:10:15,S,260.9,2,12
2021-06-15 10:10:15,S,260.0,2,348
2021-06-15 10:10:15,S,259.85,2,12
2021-06-15 10:10:15,S,259.7,2,12
2021-06-15 10:10:15,S,259.55,2,13
2021-06-15 10:10:15,S,259.4,2,13
2021-06-15 10:10:16,S,260.3,1,5
2021-06-15 10:10:16,S,260.5,1,1
2021-06-15 10:10:16,S,260.7,1,8
2021-06-15 10:10:16,S,260.75,1,1
2021-06-15 10:10:16,S,260.9,2,12
2021-06-15 10:10:16,S,260.0,2,348
2021-06-15 10:10:16,S,259.85,2,12
2021-06-15 10:10:16,S,259.7,2,12
2021-06-15 10:10:16,S,259.55,2,13
2021-06-15 10:10:16,S,259.4,2,13
2021-06-15 10:10:16,S,260.3,1,5
2021-06-15 10:10:16,S,260.5,1,1
2021-06-15 10:10:16,S,260.7,1,8
2021-06-15 10:10:16,S,260.75,1,1
2021-06-15 10:10:16,S,260.9,2,12
2021-06-15 10:10:16,S,260.0,2,348
2021-06-15 10:10:16,S,259.85,2,12
2021-06-15 10:10:16,S,259.7,2,12
2021-06-15 10:10:16,S,259.55,2,13
2021-06-15 10:10:16,S,259.4,2,13
2021-06-15 10:10:19,S,261.0,2,299
2021-06-15 10:10:19,S,261.35,2,11
2021-06-15 10:10:19,S,261.4,2,14
2021-06-15 10:10:19,S,261.45,1,2
2021-06-15 10:10:19,S,261.5,4,128
2021-06-15 10:10:19,S,260.6,1,8
2021-06-15 10:10:19,S,260.55,2,23
2021-06-15 10:10:19,S,260.5,2,82
2021-06-15 10:10:19,S,260.35,1,3
2021-06-15 10:10:19,S,260.2,1,3
2021-06-15 10:10:21,S,261.0,2,299
2021-06-15 10:10:21,S,261.35,2,11
2021-06-15 10:10:21,S,261.4,2,14
2021-06-15 10:10:21,S,261.45,1,2
2021-06-15 10:10:21,S,261.5,4,128
2021-06-15 10:10:21,S,260.6,1,8
2021-06-15 10:10:21,S,260.55,2,23
2021-06-15 10:10:21,S,260.5,2,82
2021-06-15 10:10:21,S,260.35,1,3
2021-06-15 10:10:21,S,260.2,1,3
2021-06-15 10:10:22,S,261.0,2,299
2021-06-15 10:10:22,S,261.35,2,11
2021-06-15 10:10:22,S,261.4,2,14
2021-06-15 10:10:22,S,261.45,1,2
2021-06-15 10:10:22,S,261.5,4,128
2021-06-15 10:10:22,S,260.6,1,8
2021-06-15 10:10:22,S,260.55,2,23
2021-06-15 10:10:22,S,260.5,2,82
2021-06-15 10:10:22,S,260.35,1,3
2021-06-15 10:10:22,S,260.2,1,3
2021-06-15 10:10:24,S,261.0,2,107
2021-06-15 10:10:24,S,261.3,1,12
2021-06-15 10:10:24,S,261.45,1,2
2021-06-15 10:10:24,S,261.5,3,118
2021-06-15 10:10:24,S,261.55,2,59
2021-06-15 10:10:24,S,260.6,1,12
2021-06-15 10:10:24,S,260.55,2,18
2021-06-15 10:10:24,S,260.5,2,13
2021-06-15 10:10:24,S,260.35,2,15
2021-06-15 10:10:24,S,260.2,1,3
2021-06-15 10:10:25,S,261.0,2,107
2021-06-15 10:10:25,S,261.3,1,12
2021-06-15 10:10:25,S,261.45,1,2
2021-06-15 10:10:25,S,261.5,3,118
2021-06-15 10:10:25,S,261.55,2,59
2021-06-15 10:10:25,S,260.6,1,12
2021-06-15 10:10:25,S,260.55,2,18
2021-06-15 10:10:25,S,260.5,2,13
2021-06-15 10:10:25,S,260.35,2,15
2021-06-15 10:10:25,S,260.2,1,3
2021-06-15 10:10:28,S,262.0,9,932
2021-06-15 10:10:28,S,262.1,1,500
2021-06-15 10:10:28,S,262.25,2,12
2021-06-15 10:10:28,S,262.3,2,22
2021-06-15 10:10:28,S,262.35,1,52
2021-06-15 10:10:28,S,260.9,1,8
2021-06-15 10:10:28,S,260.85,2,13
2021-06-15 10:10:28,S,260.7,3,18
2021-06-15 10:10:28,S,260.65,3,20
2021-06-15 10:10:28,S,260.6,2,15
2021-06-15 10:10:32,S,262.0,11,939
2021-06-15 10:10:32,S,262.1,1,500
2021-06-15 10:10:32,S,262.25,2,12
2021-06-15 10:10:32,S,262.3,2,22
2021-06-15 10:10:32,S,262.35,1,52
2021-06-15 10:10:32,S,260.9,1,8
2021-06-15 10:10:32,S,260.85,2,13
2021-06-15 10:10:32,S,260.7,3,18
2021-06-15 10:10:32,S,260.65,3,20
2021-06-15 10:10:32,S,260.6,2,15
2021-06-15 10:10:33,S,262.0,11,939
2021-06-15 10:10:33,S,262.1,1,500
2021-06-15 10:10:33,S,262.25,2,12
2021-06-15 10:10:33,S,262.3,2,22
2021-06-15 10:10:33,S,262.35,1,52
2021-06-15 10:10:33,S,260.9,1,8
2021-06-15 10:10:33,S,260.85,2,13
2021-06-15 10:10:33,S,260.7,3,18
2021-06-15 10:10:33,S,260.65,3,20
2021-06-15 10:10:33,S,260.6,2,15
2021-06-15 10:10:34,S,262.0,11,939
2021-06-15 10:10:34,S,262.1,1,500
2021-06-15 10:10:34,S,262.25,2,12
2021-06-15 10:10:34,S,262.3,2,22
2021-06-15 10:10:34,S,262.35,1,52
2021-06-15 10:10:34,S,260.9,1,8
2021-06-15 10:10:34,S,260.85,2,13
2021-06-15 10:10:34,S,260.7,3,18
2021-06-15 10:10:34,S,260.65,3,20
2021-06-15 10:10:34,S,260.6,2,15
2021-06-15 10:10:35,S,262.0,11,939
2021-06-15 10:10:35,S,262.1,1,500
2021-06-15 10:10:35,S,262.25,2,12
2021-06-15 10:10:35,S,262.3,2,22
2021-06-15 10:10:35,S,262.35,1,52
2021-06-15 10:10:35,S,260.9,1,8
2021-06-15 10:10:35,S,260.85,2,13
2021-06-15 10:10:35,S,260.7,3,18
2021-06-15 10:10:35,S,260.65,3,20
2021-06-15 10:10:35,S,260.6,2,15
2021-06-15 10:10:36,S,262.4,2,150
2021-06-15 10:10:36,S,262.5,1,50
2021-06-15 10:10:36,S,262.55,1,100
2021-06-15 10:10:36,S,262.75,1,21
2021-06-15 10:10:36,S,262.8,2,60
2021-06-15 10:10:36,S,261.7,2,18
2021-06-15 10:10:36,S,261.6,2,9
2021-06-15 10:10:36,S,261.45,2,9
2021-06-15 10:10:36,S,261.35,2,15
2021-06-15 10:10:36,S,261.3,2,10
2021-06-15 10:10:39,S,262.4,2,143
2021-06-15 10:10:39,S,262.5,1,50
2021-06-15 10:10:39,S,262.55,1,100
2021-06-15 10:10:39,S,262.75,2,23
2021-06-15 10:10:39,S,262.8,2,60
2021-06-15 10:10:39,S,261.85,2,18
2021-06-15 10:10:39,S,261.8,2,9
2021-06-15 10:10:39,S,261.6,2,9
2021-06-15 10:10:39,S,261.45,2,9
2021-06-15 10:10:39,S,261.35,2,15
2021-06-15 10:10:40,S,262.4,2,143
2021-06-15 10:10:40,S,262.5,1,50
2021-06-15 10:10:40,S,262.55,1,100
2021-06-15 10:10:40,S,262.75,2,23
2021-06-15 10:10:40,S,262.8,2,60
2021-06-15 10:10:40,S,261.85,2,18
2021-06-15 10:10:40,S,261.8,2,9
2021-06-15 10:10:40,S,261.6,2,9
2021-06-15 10:10:40,S,261.45,2,9
2021-06-15 10:10:40,S,261.35,2,15
2021-06-15 10:10:43,S,262.4,2,143
2021-06-15 10:10:43,S,262.5,1,50
2021-06-15 10:10:43,S,262.55,2,102
2021-06-15 10:10:43,S,262.7,1,2
2021-06-15 10:10:43,S,262.75,2,75
2021-06-15 10:10:43,S,261.9,2,15
2021-06-15 10:10:43,S,261.85,2,12
2021-06-15 10:10:43,S,261.75,2,14
2021-06-15 10:10:43,S,261.7,1,7
2021-06-15 10:10:43,S,261.65,1,7
2021-06-15 10:10:43,S,262.4,2,143
2021-06-15 10:10:43,S,262.5,1,50
2021-06-15 10:10:43,S,262.55,2,102
2021-06-15 10:10:43,S,262.7,1,2
2021-06-15 10:10:43,S,262.75,2,75
2021-06-15 10:10:43,S,261.9,2,15
2021-06-15 10:10:43,S,261.85,2,12
2021-06-15 10:10:43,S,261.75,2,14
2021-06-15 10:10:43,S,261.7,1,7
2021-06-15 10:10:43,S,261.65,1,7
2021-06-15 10:10:45,S,262.4,2,143
2021-06-15 10:10:45,S,262.5,1,50
2021-06-15 10:10:45,S,262.55,2,102
2021-06-15 10:10:45,S,262.7,1,2
2021-06-15 10:10:45,S,262.75,2,75
2021-06-15 10:10:45,S,261.9,2,15
2021-06-15 10:10:45,S,261.85,2,12
2021-06-15 10:10:45,S,261.75,2,14
2021-06-15 10:10:45,S,261.7,1,7
2021-06-15 10:10:45,S,261.65,1,7
2021-06-15 10:10:46,S,262.4,4,146
2021-06-15 10:10:46,S,262.5,1,50
2021-06-15 10:10:46,S,262.55,1,100
2021-06-15 10:10:46,S,262.65,1,2
2021-06-15 10:10:46,S,262.75,2,75
2021-06-15 10:10:46,S,262.05,2,15
2021-06-15 10:10:46,S,262.0,2,209
2021-06-15 10:10:46,S,261.95,2,24
2021-06-15 10:10:46,S,261.9,2,9
2021-06-15 10:10:46,S,261.85,2,12
2021-06-15 10:10:46,S,262.4,4,146
2021-06-15 10:10:46,S,262.5,1,50
2021-06-15 10:10:46,S,262.55,1,100
2021-06-15 10:10:46,S,262.65,1,2
2021-06-15 10:10:46,S,262.75,2,75
2021-06-15 10:10:46,S,262.05,2,15
2021-06-15 10:10:46,S,262.0,2,209
2021-06-15 10:10:46,S,261.95,2,24
2021-06-15 10:10:46,S,261.9,2,9
2021-06-15 10:10:46,S,261.85,2,12
2021-06-15 10:10:48,S,262.4,4,146
2021-06-15 10:10:48,S,262.5,1,50
2021-06-15 10:10:48,S,262.55,1,100
2021-06-15 10:10:48,S,262.65,1,2
2021-06-15 10:10:48,S,262.75,2,75
2021-06-15 10:10:48,S,262.05,2,15
2021-06-15 10:10:48,S,262.0,2,209
2021-06-15 10:10:48,S,261.95,2,24
2021-06-15 10:10:48,S,261.9,2,9
2021-06-15 10:10:48,S,261.85,2,12
2021-06-15 10:10:49,S,262.4,4,146
2021-06-15 10:10:49,S,262.5,1,50
2021-06-15 10:10:49,S,262.55,1,100
2021-06-15 10:10:49,S,262.65,1,2
2021-06-15 10:10:49,S,262.75,2,75
2021-06-15 10:10:49,S,262.05,2,15
2021-06-15 10:10:49,S,262.0,2,209
2021-06-15 10:10:49,S,261.95,2,24
2021-06-15 10:10:49,S,261.9,2,9
2021-06-15 10:10:49,S,261.85,2,12
2021-06-15 10:10:50,S,262.25,1,4
2021-06-15 10:10:50,S,262.4,2,81
2021-06-15 10:10:50,S,262.45,1,2
2021-06-15 10:10:50,S,262.5,1,50
2021-06-15 10:10:50,S,262.55,1,100
2021-06-15 10:10:50,S,261.9,2,15
2021-06-15 10:10:50,S,261.85,2,12
2021-06-15 10:10:50,S,261.75,2,14
2021-06-15 10:10:50,S,261.6,1,2
2021-06-15 10:10:50,S,261.5,2,159
2021-06-15 10:10:51,S,262.25,1,4
2021-06-15 10:10:51,S,262.4,2,81
2021-06-15 10:10:51,S,262.45,1,2
2021-06-15 10:10:51,S,262.5,1,50
2021-06-15 10:10:51,S,262.55,1,100
2021-06-15 10:10:51,S,261.9,2,15
2021-06-15 10:10:51,S,261.85,2,12
2021-06-15 10:10:51,S,261.75,2,14
2021-06-15 10:10:51,S,261.6,1,2
2021-06-15 10:10:51,S,261.5,2,159
2021-06-15 10:10:54,S,262.4,2,144
2021-06-15 10:10:54,S,262.5,3,71
2021-06-15 10:10:54,S,262.55,2,111
2021-06-15 10:10:54,S,262.7,2,22
2021-06-15 10:10:54,S,262.75,2,74
2021-06-15 10:10:54,S,262.25,1,4
2021-06-15 10:10:54,S,261.9,3,16
2021-06-15 10:10:54,S,261.85,2,12
2021-06-15 10:10:54,S,261.75,2,14
2021-06-15 10:10:54,S,261.6,1,2
2021-06-15 10:10:55,S,262.4,2,144
2021-06-15 10:10:55,S,262.5,3,71
2021-06-15 10:10:55,S,262.55,2,111
2021-06-15 10:10:55,S,262.7,2,22
2021-06-15 10:10:55,S,262.75,2,74
2021-06-15 10:10:55,S,262.25,1,4
2021-06-15 10:10:55,S,261.9,3,16
2021-06-15 10:10:55,S,261.85,2,12
2021-06-15 10:10:55,S,261.75,2,14
2021-06-15 10:10:55,S,261.6,1,2
2021-06-15 10:10:55,S,262.4,2,144
2021-06-15 10:10:55,S,262.5,3,71
2021-06-15 10:10:55,S,262.55,2,111
2021-06-15 10:10:55,S,262.7,2,22
2021-06-15 10:10:55,S,262.75,2,74
2021-06-15 10:10:55,S,262.25,1,4
2021-06-15 10:10:55,S,261.9,3,16
2021-06-15 10:10:55,S,261.85,2,12
2021-06-15 10:10:55,S,261.75,2,14
2021-06-15 10:10:55,S,261.6,1,2
2021-06-15 10:10:57,S,262.4,2,144
2021-06-15 10:10:57,S,262.5,3,71
2021-06-15 10:10:57,S,262.55,2,111
2021-06-15 10:10:57,S,262.7,2,22
2021-06-15 10:10:57,S,262.75,2,74
2021-06-15 10:10:57,S,262.25,1,4
2021-06-15 10:10:57,S,261.9,3,16
2021-06-15 10:10:57,S,261.85,2,12
2021-06-15 10:10:57,S,261.75,2,14
2021-06-15 10:10:57,S,261.6,1,2
2021-06-15 10:10:58,S,263.0,1,30
2021-06-15 10:10:58,S,263.2,1,1
2021-06-15 10:10:58,S,263.3,1,25
2021-06-15 10:10:58,S,263.4,2,255
2021-06-15 10:10:58,S,263.45,1,12
2021-06-15 10:10:58,S,262.7,2,9
2021-06-15 10:10:58,S,262.5,2,17
2021-06-15 10:10:58,S,262.45,1,11
2021-06-15 10:10:58,S,262.3,2,8
2021-06-15 10:10:58,S,262.25,3,513
2021-06-15 10:10:58,S,263.0,1,30
2021-06-15 10:10:58,S,263.2,1,1
2021-06-15 10:10:58,S,263.3,1,25
2021-06-15 10:10:58,S,263.4,2,255
2021-06-15 10:10:58,S,263.45,1,12
2021-06-15 10:10:58,S,262.7,2,9
2021-06-15 10:10:58,S,262.5,2,17
2021-06-15 10:10:58,S,262.45,1,11
2021-06-15 10:10:58,S,262.3,2,8
2021-06-15 10:10:58,S,262.25,3,513
2021-06-15 10:11:01,S,263.0,1,30
2021-06-15 10:11:01,S,263.2,1,1
2021-06-15 10:11:01,S,263.3,1,25
2021-06-15 10:11:01,S,263.4,2,255
2021-06-15 10:11:01,S,263.45,1,12
2021-06-15 10:11:01,S,262.7,2,9
2021-06-15 10:11:01,S,262.5,2,17
2021-06-15 10:11:01,S,262.45,1,11
2021-06-15 10:11:01,S,262.3,2,8
2021-06-15 10:11:01,S,262.25,3,513
2021-06-15 10:11:01,S,262.4,1,1
2021-06-15 10:11:01,S,262.95,3,35
2021-06-15 10:11:01,S,263.0,4,57
2021-06-15 10:11:01,S,263.1,1,2
2021-06-15 10:11:01,S,263.15,2,65
2021-06-15 10:11:01,S,262.0,1,20
2021-06-15 10:11:01,S,261.85,2,16
2021-06-15 10:11:01,S,261.75,1,2
2021-06-15 10:11:01,S,261.65,1,5
2021-06-15 10:11:01,S,261.6,1,2
2021-06-15 10:11:02,S,262.4,1,1
2021-06-15 10:11:02,S,262.95,3,35
2021-06-15 10:11:02,S,263.0,4,57
2021-06-15 10:11:02,S,263.1,1,2
2021-06-15 10:11:02,S,263.15,2,65
2021-06-15 10:11:02,S,262.0,1,20
2021-06-15 10:11:02,S,261.85,2,16
2021-06-15 10:11:02,S,261.75,1,2
2021-06-15 10:11:02,S,261.65,1,5
2021-06-15 10:11:02,S,261.6,1,2
2021-06-15 10:11:03,S,262.4,1,1
2021-06-15 10:11:03,S,262.95,3,35
2021-06-15 10:11:03,S,263.0,4,57
2021-06-15 10:11:03,S,263.1,1,2
2021-06-15 10:11:03,S,263.15,2,65
2021-06-15 10:11:03,S,262.0,1,20
2021-06-15 10:11:03,S,261.85,2,16
2021-06-15 10:11:03,S,261.75,1,2
2021-06-15 10:11:03,S,261.65,1,5
2021-06-15 10:11:03,S,261.6,1,2
2021-06-15 10:11:04,S,262.4,1,1
2021-06-15 10:11:04,S,262.95,3,35
2021-06-15 10:11:04,S,263.0,4,57
2021-06-15 10:11:04,S,263.1,1,2
2021-06-15 10:11:04,S,263.15,2,65
2021-06-15 10:11:04,S,262.0,1,20
2021-06-15 10:11:04,S,261.85,2,16
2021-06-15 10:11:04,S,261.75,1,2
2021-06-15 10:11:04,S,261.65,1,5
2021-06-15 10:11:04,S,261.6,1,2
2021-06-15 10:11:05,S,262.4,1,1
2021-06-15 10:11:05,S,262.95,3,35
2021-06-15 10:11:05,S,263.0,4,57
2021-06-15 10:11:05,S,263.1,1,2
2021-06-15 10:11:05,S,263.15,2,65
2021-06-15 10:11:05,S,262.0,1,20
2021-06-15 10:11:05,S,261.85,2,16
2021-06-15 10:11:05,S,261.75,1,2
2021-06-15 10:11:05,S,261.65,1,5
2021-06-15 10:11:05,S,261.6,1,2
2021-06-15 10:11:05,S,262.95,2,27
2021-06-15 10:11:05,S,263.0,4,30
2021-06-15 10:11:05,S,263.15,2,69
2021-06-15 10:11:05,S,263.2,2,13
2021-06-15 10:11:05,S,263.25,1,6
2021-06-15 10:11:05,S,261.85,2,9
2021-06-15 10:11:05,S,261.8,1,2
2021-06-15 10:11:05,S,261.75,1,5
2021-06-15 10:11:05,S,261.65,1,5
2021-06-15 10:11:05,S,261.6,2,11
2021-06-15 10:11:06,S,262.95,2,27
2021-06-15 10:11:06,S,263.0,4,30
2021-06-15 10:11:06,S,263.15,2,69
2021-06-15 10:11:06,S,263.2,2,13
2021-06-15 10:11:06,S,263.25,1,6
2021-06-15 10:11:06,S,261.85,2,9
2021-06-15 10:11:06,S,261.8,1,2
2021-06-15 10:11:06,S,261.75,1,5
2021-06-15 10:11:06,S,261.65,1,5
2021-06-15 10:11:06,S,261.6,2,11
2021-06-15 10:11:07,S,262.95,2,27
2021-06-15 10:11:07,S,263.0,4,30
2021-06-15 10:11:07,S,263.15,2,69
2021-06-15 10:11:07,S,263.2,2,13
2021-06-15 10:11:07,S,263.25,1,6
2021-06-15 10:11:07,S,261.85,2,9
2021-06-15 10:11:07,S,261.8,1,2
2021-06-15 10:11:07,S,261.75,1,5
2021-06-15 10:11:07,S,261.65,1,5
2021-06-15 10:11:07,S,261.6,2,11
2021-06-15 10:11:07,S,262.95,2,27
2021-06-15 10:11:07,S,263.0,4,30
2021-06-15 10:11:07,S,263.15,2,69
2021-06-15 10:11:07,S,263.2,2,13
2021-06-15 10:11:07,S,263.25,1,6
2021-06-15 10:11:07,S,261.85,2,9
2021-06-15 10:11:07,S,261.8,1,2
2021-06-15 10:11:07,S,261.75,1,5
2021-06-15 10:11:07,S,261.65,1,5
2021-06-15 10:11:07,S,261.6,2,11
2021-06-15 10:11:09,S,262.9,2,15
2021-06-15 10:11:09,S,263.0,5,32
2021-06-15 10:11:09,S,263.15,2,14
2021-06-15 10:11:09,S,263.2,2,13
2021-06-15 10:11:09,S,263.25,1,20
2021-06-15 10:11:09,S,262.05,1,4
2021-06-15 10:11:09,S,262.0,1,50
2021-06-15 10:11:09,S,261.75,3,18
2021-06-15 10:11:09,S,261.65,3,17
2021-06-15 10:11:09,S,261.6,1,2
2021-06-15 10:11:12,S,263.0,5,55
2021-06-15 10:11:12,S,263.15,2,14
2021-06-15 10:11:12,S,263.2,2,13
2021-06-15 10:11:12,S,263.35,2,22
2021-06-15 10:11:12,S,263.4,2,255
2021-06-15 10:11:12,S,262.15,1,4
2021-06-15 10:11:12,S,262.1,2,27
2021-06-15 10:11:12,S,262.0,1,50
2021-06-15 10:11:12,S,261.95,1,2
2021-06-15 10:11:12,S,261.75,3,18
2021-06-15 10:11:16,S,262.9,2,8
2021-06-15 10:11:16,S,263.0,6,60
2021-06-15 10:11:16,S,263.15,2,14
2021-06-15 10:11:16,S,263.2,2,13
2021-06-15 10:11:16,S,263.35,2,22
2021-06-15 10:11:16,S,262.15,1,4
2021-06-15 10:11:16,S,262.1,2,27
2021-06-15 10:11:16,S,262.0,2,60
2021-06-15 10:11:16,S,261.95,1,2
2021-06-15 10:11:16,S,261.75,3,18
2021-06-15 10:11:18,S,262.9,2,8
2021-06-15 10:11:18,S,263.0,6,60
2021-06-15 10:11:18,S,263.15,2,14
2021-06-15 10:11:18,S,263.2,2,13
2021-06-15 10:11:18,S,263.35,2,22
2021-06-15 10:11:18,S,262.15,1,4
2021-06-15 10:11:18,S,262.1,2,27
2021-06-15 10:11:18,S,262.0,2,60
2021-06-15 10:11:18,S,261.95,1,2
2021-06-15 10:11:18,S,261.75,3,18
2021-06-15 10:11:19,S,262.5,2,15
2021-06-15 10:11:19,S,262.55,2,12
2021-06-15 10:11:19,S,262.6,2,25
2021-06-15 10:11:19,S,262.8,2,9
2021-06-15 10:11:19,S,262.9,2,8
2021-06-15 10:11:19,S,262.15,1,8
2021-06-15 10:11:19,S,262.1,1,19
2021-06-15 10:11:19,S,262.0,1,10
2021-06-15 10:11:19,S,261.95,1,2
2021-06-15 10:11:19,S,261.75,2,7
2021-06-15 10:11:23,S,261.95,1,8
2021-06-15 10:11:23,S,262.0,2,60
2021-06-15 10:11:23,S,262.15,2,17
2021-06-15 10:11:23,S,262.25,2,12
2021-06-15 10:11:23,S,262.4,2,12
2021-06-15 10:11:23,S,261.5,1,150
2021-06-15 10:11:23,S,261.3,1,3
2021-06-15 10:11:23,S,261.25,2,66
2021-06-15 10:11:23,S,261.15,2,6
2021-06-15 10:11:23,S,261.05,1,5
2021-06-15 10:11:25,S,261.95,1,8
2021-06-15 10:11:25,S,262.0,2,60
2021-06-15 10:11:25,S,262.15,2,17
2021-06-15 10:11:25,S,262.25,2,12
2021-06-15 10:11:25,S,262.4,2,12
2021-06-15 10:11:25,S,261.5,1,150
2021-06-15 10:11:25,S,261.3,1,3
2021-06-15 10:11:25,S,261.25,2,66
2021-06-15 10:11:25,S,261.15,2,6
2021-06-15 10:11:25,S,261.05,1,5
2021-06-15 10:11:27,S,261.95,1,8
2021-06-15 10:11:27,S,262.0,2,60
2021-06-15 10:11:27,S,262.1,3,39
2021-06-15 10:11:27,S,262.15,2,17
2021-06-15 10:11:27,S,262.25,2,12
2021-06-15 10:11:27,S,261.5,1,114
2021-06-15 10:11:27,S,261.3,1,3
2021-06-15 10:11:27,S,261.25,2,66
2021-06-15 10:11:27,S,261.15,2,6
2021-06-15 10:11:27,S,261.05,2,25
2021-06-15 10:11:30,S,261.95,2,13
2021-06-15 10:11:30,S,262.0,2,60
2021-06-15 10:11:30,S,262.1,3,39
2021-06-15 10:11:30,S,262.25,2,12
2021-06-15 10:11:30,S,262.4,2,12
2021-06-15 10:11:30,S,261.5,1,66
2021-06-15 10:11:30,S,261.4,1,2
2021-06-15 10:11:30,S,261.25,2,64
2021-06-15 10:11:30,S,261.15,3,18
2021-06-15 10:11:30,S,261.05,3,27
2021-06-15 10:11:34,S,261.75,1,5
2021-06-15 10:11:34,S,261.95,2,18
2021-06-15 10:11:34,S,262.0,3,85
2021-06-15 10:11:34,S,262.1,2,14
2021-06-15 10:11:34,S,262.25,2,12
2021-06-15 10:11:34,S,261.5,1,66
2021-06-15 10:11:34,S,261.3,1,2
2021-06-15 10:11:34,S,261.25,2,67
2021-06-15 10:11:34,S,261.15,2,15
2021-06-15 10:11:34,S,261.05,2,25
2021-06-15 10:11:36,S,261.75,1,5
2021-06-15 10:11:36,S,261.95,2,18
2021-06-15 10:11:36,S,262.0,3,85
2021-06-15 10:11:36,S,262.1,2,14
2021-06-15 10:11:36,S,262.25,2,12
2021-06-15 10:11:36,S,261.5,1,66
2021-06-15 10:11:36,S,261.3,1,2
2021-06-15 10:11:36,S,261.25,2,67
2021-06-15 10:11:36,S,261.15,2,15
2021-06-15 10:11:36,S,261.05,2,25
2021-06-15 10:11:37,S,261.75,1,5
2021-06-15 10:11:37,S,261.95,2,18
2021-06-15 10:11:37,S,262.0,3,85
2021-06-15 10:11:37,S,262.1,2,14
2021-06-15 10:11:37,S,262.25,2,12
2021-06-15 10:11:37,S,261.5,1,41
2021-06-15 10:11:37,S,261.25,1,55
2021-06-15 10:11:37,S,261.15,2,15
2021-06-15 10:11:37,S,261.05,2,25
2021-06-15 10:11:37,S,261.0,5,1865
2021-06-15 10:11:39,S,261.75,1,5
2021-06-15 10:11:39,S,261.95,2,18
2021-06-15 10:11:39,S,262.0,3,85
2021-06-15 10:11:39,S,262.1,2,14
2021-06-15 10:11:39,S,262.25,2,12
2021-06-15 10:11:39,S,261.5,1,41
2021-06-15 10:11:39,S,261.25,1,55
2021-06-15 10:11:39,S,261.15,2,15
2021-06-15 10:11:39,S,261.05,2,25
2021-06-15 10:11:39,S,261.0,5,1865
2021-06-15 10:11:40,S,261.75,1,5
2021-06-15 10:11:40,S,261.95,2,18
2021-06-15 10:11:40,S,262.0,3,85
2021-06-15 10:11:40,S,262.1,2,14
2021-06-15 10:11:40,S,262.25,2,12
2021-06-15 10:11:40,S,261.5,1,41
2021-06-15 10:11:40,S,261.25,1,55
2021-06-15 10:11:40,S,261.15,2,15
2021-06-15 10:11:40,S,261.05,2,25
2021-06-15 10:11:40,S,261.0,5,1865
2021-06-15 10:11:41,S,262.45,1,8
2021-06-15 10:11:41,S,262.5,1,10
2021-06-15 10:11:41,S,262.55,2,12
2021-06-15 10:11:41,S,262.75,1,12
2021-06-15 10:11:41,S,262.8,3,11
2021-06-15 10:11:41,S,262.0,1,460
2021-06-15 10:11:41,S,261.55,2,11
2021-06-15 10:11:41,S,261.4,2,15
2021-06-15 10:11:41,S,261.25,1,58
2021-06-15 10:11:41,S,261.15,1,20
2021-06-15 10:11:44,S,262.5,1,10
2021-06-15 10:11:44,S,262.75,2,17
2021-06-15 10:11:44,S,262.8,3,11
2021-06-15 10:11:44,S,262.9,3,108
2021-06-15 10:11:44,S,263.0,7,107
2021-06-15 10:11:44,S,262.0,1,260
2021-06-15 10:11:44,S,261.95,2,11
2021-06-15 10:11:44,S,261.8,2,11
2021-06-15 10:11:44,S,261.75,2,109
2021-06-15 10:11:44,S,261.55,2,11
2021-06-15 10:11:45,S,262.5,1,10
2021-06-15 10:11:45,S,262.75,2,17
2021-06-15 10:11:45,S,262.8,3,11
2021-06-15 10:11:45,S,262.9,3,108
2021-06-15 10:11:45,S,263.0,7,107
2021-06-15 10:11:45,S,262.0,1,260
2021-06-15 10:11:45,S,261.95,2,11
2021-06-15 10:11:45,S,261.8,2,11
2021-06-15 10:11:45,S,261.75,2,109
2021-06-15 10:11:45,S,261.55,2,11
2021-06-15 10:11:48,S,262.0,1,290
2021-06-15 10:11:48,S,262.3,2,12
2021-06-15 10:11:48,S,262.45,2,12
2021-06-15 10:11:48,S,262.5,3,21
2021-06-15 10:11:48,S,262.8,3,11
2021-06-15 10:11:48,S,261.55,1,4
2021-06-15 10:11:48,S,261.5,2,102
2021-06-15 10:11:48,S,261.35,1,2
2021-06-15 10:11:48,S,261.25,2,64
2021-06-15 10:11:48,S,261.2,3,17
2021-06-15 10:11:49,S,262.0,1,290
2021-06-15 10:11:49,S,262.3,2,12
2021-06-15 10:11:49,S,262.45,2,12
2021-06-15 10:11:49,S,262.5,3,21
2021-06-15 10:11:49,S,262.8,3,11
2021-06-15 10:11:49,S,261.55,1,4
2021-06-15 10:11:49,S,261.5,2,102
2021-06-15 10:11:49,S,261.35,1,2
2021-06-15 10:11:49,S,261.25,2,64
2021-06-15 10:11:49,S,261.2,3,17
2021-06-15 10:11:51,S,261.8,2,14
2021-06-15 10:11:51,S,261.95,2,22
2021-06-15 10:11:51,S,262.0,3,390
2021-06-15 10:11:51,S,262.15,1,2
2021-06-15 10:11:51,S,262.3,2,12
2021-06-15 10:11:51,S,261.5,1,100
2021-06-15 10:11:51,S,261.3,1,4
2021-06-15 10:11:51,S,261.25,1,58
2021-06-15 10:11:51,S,261.2,2,14
2021-06-15 10:11:51,S,261.05,2,11
2021-06-15 10:11:53,S,261.8,2,14
2021-06-15 10:11:53,S,261.95,2,22
2021-06-15 10:11:53,S,262.0,3,390
2021-06-15 10:11:53,S,262.15,1,2
2021-06-15 10:11:53,S,262.3,2,12
2021-06-15 10:11:53,S,261.5,1,100
2021-06-15 10:11:53,S,261.3,1,4
2021-06-15 10:11:53,S,261.25,1,58
2021-06-15 10:11:53,S,261.2,2,14
2021-06-15 10:11:53,S,261.05,2,11
2021-06-15 10:11:55,S,261.95,2,22
2021-06-15 10:11:55,S,262.0,3,390
2021-06-15 10:11:55,S,262.15,2,14
2021-06-15 10:11:55,S,262.3,2,12
2021-06-15 10:11:55,S,262.35,1,57
2021-06-15 10:11:55,S,261.5,1,35
2021-06-15 10:11:55,S,261.3,1,4
2021-06-15 10:11:55,S,261.25,2,70
2021-06-15 10:11:55,S,261.2,1,2
2021-06-15 10:11:55,S,261.05,2,11
2021-06-15 10:11:58,S,261.95,2,22
2021-06-15 10:11:58,S,262.0,4,490
2021-06-15 10:11:58,S,262.15,2,14
2021-06-15 10:11:58,S,262.3,2,12
2021-06-15 10:11:58,S,262.35,1,57
2021-06-15 10:11:58,S,261.5,2,85
2021-06-15 10:11:58,S,261.3,1,4
2021-06-15 10:11:58,S,261.25,1,58
2021-06-15 10:11:58,S,261.2,1,2
2021-06-15 10:11:58,S,261.05,2,11
2021-06-15 10:11:59,S,261.95,2,22
2021-06-15 10:11:59,S,262.0,4,490
2021-06-15 10:11:59,S,262.15,2,14
2021-06-15 10:11:59,S,262.3,2,12
2021-06-15 10:11:59,S,262.35,1,57
2021-06-15 10:11:59,S,261.5,2,85
2021-06-15 10:11:59,S,261.3,1,4
2021-06-15 10:11:59,S,261.25,1,58
2021-06-15 10:11:59,S,261.2,1,2
2021-06-15 10:11:59,S,261.05,2,11
2021-06-15 10:12:00,S,261.95,2,22
2021-06-15 10:12:00,S,262.0,4,490
2021-06-15 10:12:00,S,262.15,2,14
2021-06-15 10:12:00,S,262.3,2,12
2021-06-15 10:12:00,S,262.35,1,57
2021-06-15 10:12:00,S,261.5,2,85
2021-06-15 10:12:00,S,261.3,1,4
2021-06-15 10:12:00,S,261.25,1,58
2021-06-15 10:12:00,S,261.2,1,2
2021-06-15 10:12:00,S,261.05,2,11
2021-06-15 10:12:01,S,261.95,2,22
2021-06-15 10:12:01,S,262.0,4,490
2021-06-15 10:12:01,S,262.15,2,14
2021-06-15 10:12:01,S,262.3,2,12
2021-06-15 10:12:01,S,262.35,1,57
2021-06-15 10:12:01,S,261.5,2,85
2021-06-15 10:12:01,S,261.3,1,4
2021-06-15 10:12:01,S,261.25,1,58
2021-06-15 10:12:01,S,261.2,1,2
2021-06-15 10:12:01,S,261.05,2,11
2021-06-15 10:12:02,S,261.7,1,8
2021-06-15 10:12:02,S,261.75,2,19
2021-06-15 10:12:02,S,261.8,1,7
2021-06-15 10:12:02,S,261.85,1,7
2021-06-15 10:12:02,S,261.9,1,7
2021-06-15 10:12:02,S,261.25,1,4
2021-06-15 10:12:02,S,261.2,2,14
2021-06-15 10:12:02,S,261.05,2,11
2021-06-15 10:12:02,S,261.0,7,2445
2021-06-15 10:12:02,S,260.9,2,8
2021-06-15 10:12:03,S,261.7,1,8
2021-06-15 10:12:03,S,261.75,2,19
2021-06-15 10:12:03,S,261.8,1,7
2021-06-15 10:12:03,S,261.85,1,7
2021-06-15 10:12:03,S,261.9,1,7
2021-06-15 10:12:03,S,261.25,1,4
2021-06-15 10:12:03,S,261.2,2,14
2021-06-15 10:12:03,S,261.05,2,11
2021-06-15 10:12:03,S,261.0,7,2445
2021-06-15 10:12:03,S,260.9,2,8
2021-06-15 10:12:06,S,259.0,2,24
2021-06-15 10:12:06,S,259.05,2,23
2021-06-15 10:12:06,S,259.1,2,17
2021-06-15 10:12:06,S,259.25,1,3
2021-06-15 10:12:06,S,259.55,2,14
2021-06-15 10:12:06,S,258.75,1,34
2021-06-15 10:12:06,S,258.3,1,2
2021-06-15 10:12:06,S,258.05,2,14
2021-06-15 10:12:06,S,258.0,2,123
2021-06-15 10:12:06,S,257.9,1,3
2021-06-15 10:12:08,S,259.0,2,24
2021-06-15 10:12:08,S,259.05,2,23
2021-06-15 10:12:08,S,259.1,2,17
2021-06-15 10:12:08,S,259.25,1,3
2021-06-15 10:12:08,S,259.55,2,14
2021-06-15 10:12:08,S,258.75,1,34
2021-06-15 10:12:08,S,258.3,1,2
2021-06-15 10:12:08,S,258.05,2,14
2021-06-15 10:12:08,S,258.0,2,123
2021-06-15 10:12:08,S,257.9,1,3
2021-06-15 10:12:10,S,259.1,2,24
2021-06-15 10:12:10,S,259.15,2,24
2021-06-15 10:12:10,S,259.2,2,14
2021-06-15 10:12:10,S,259.35,2,14
2021-06-15 10:12:10,S,259.5,1,5
2021-06-15 10:12:10,S,258.75,1,50
2021-06-15 10:12:10,S,258.45,1,2
2021-06-15 10:12:10,S,258.3,1,2
2021-06-15 10:12:10,S,258.05,3,72
2021-06-15 10:12:10,S,258.0,2,123
2021-06-15 10:12:10,S,259.1,2,24
2021-06-15 10:12:10,S,259.15,2,24
2021-06-15 10:12:10,S,259.2,2,14
2021-06-15 10:12:10,S,259.35,2,14
2021-06-15 10:12:10,S,259.5,1,5
2021-06-15 10:12:10,S,258.75,1,50
2021-06-15 10:12:10,S,258.45,1,2
2021-06-15 10:12:10,S,258.3,1,2
2021-06-15 10:12:10,S,258.05,3,72
2021-06-15 10:12:10,S,258.0,2,123
2021-06-15 10:12:12,S,259.1,2,24
2021-06-15 10:12:12,S,259.15,2,24
2021-06-15 10:12:12,S,259.2,2,14
2021-06-15 10:12:12,S,259.35,2,14
2021-06-15 10:12:12,S,259.5,1,5
2021-06-15 10:12:12,S,258.75,1,50
2021-06-15 10:12:12,S,258.45,1,2
2021-06-15 10:12:12,S,258.3,1,2
2021-06-15 10:12:12,S,258.05,3,72
2021-06-15 10:12:12,S,258.0,2,123
2021-06-15 10:12:13,S,259.3,1,4
2021-06-15 10:12:13,S,259.35,2,14
2021-06-15 10:12:13,S,259.55,2,14
2021-06-15 10:12:13,S,259.6,3,21
2021-06-15 10:12:13,S,259.65,2,15
2021-06-15 10:12:13,S,258.8,1,50
2021-06-15 10:12:13,S,258.75,1,49
2021-06-15 10:12:13,S,258.7,1,2
2021-06-15 10:12:13,S,258.45,2,15
2021-06-15 10:12:13,S,258.3,1,2
2021-06-15 10:12:14,S,259.3,1,4
2021-06-15 10:12:14,S,259.35,2,14
2021-06-15 10:12:14,S,259.55,2,14
2021-06-15 10:12:14,S,259.6,3,21
2021-06-15 10:12:14,S,259.65,2,15
2021-06-15 10:12:14,S,258.8,1,50
2021-06-15 10:12:14,S,258.75,1,49
2021-06-15 10:12:14,S,258.7,1,2
2021-06-15 10:12:14,S,258.45,2,15
2021-06-15 10:12:14,S,258.3,1,2
2021-06-15 10:12:15,S,259.3,1,4
2021-06-15 10:12:15,S,259.35,2,14
2021-06-15 10:12:15,S,259.55,2,14
2021-06-15 10:12:15,S,259.6,3,21
2021-06-15 10:12:15,S,259.65,2,15
2021-06-15 10:12:15,S,258.8,1,50
2021-06-15 10:12:15,S,258.75,1,49
2021-06-15 10:12:15,S,258.7,1,2
2021-06-15 10:12:15,S,258.45,2,15
2021-06-15 10:12:15,S,258.3,1,2
2021-06-15 10:12:17,S,259.3,1,5
2021-06-15 10:12:17,S,259.85,2,13
2021-06-15 10:12:17,S,260.0,2,23
2021-06-15 10:12:17,S,260.05,2,16
2021-06-15 10:12:17,S,260.25,2,16
2021-06-15 10:12:17,S,259.0,2,9
2021-06-15 10:12:17,S,258.95,2,23
2021-06-15 10:12:17,S,258.85,2,33
2021-06-15 10:12:17,S,258.8,2,63
2021-06-15 10:12:17,S,258.75,2,62
2021-06-15 10:12:20,S,259.3,1,5
2021-06-15 10:12:20,S,259.6,2,13
2021-06-15 10:12:20,S,259.65,2,14
2021-06-15 10:12:20,S,259.8,1,3
2021-06-15 10:12:20,S,259.95,1,20
2021-06-15 10:12:20,S,258.9,1,2
2021-06-15 10:12:20,S,258.85,1,20
2021-06-15 10:12:20,S,258.8,2,63
2021-06-15 10:12:20,S,258.75,2,62
2021-06-15 10:12:20,S,258.7,1,2
2021-06-15 10:12:21,S,259.3,1,5
2021-06-15 10:12:21,S,259.6,2,13
2021-06-15 10:12:21,S,259.65,2,14
2021-06-15 10:12:21,S,259.8,1,3
2021-06-15 10:12:21,S,259.95,1,20
2021-06-15 10:12:21,S,258.9,1,2
2021-06-15 10:12:21,S,258.85,1,20
2021-06-15 10:12:21,S,258.8,2,63
2021-06-15 10:12:21,S,258.75,2,62
2021-06-15 10:12:21,S,258.7,1,2
2021-06-15 10:12:22,S,259.3,1,5
2021-06-15 10:12:22,S,259.6,2,13
2021-06-15 10:12:22,S,259.65,2,14
2021-06-15 10:12:22,S,259.8,1,3
2021-06-15 10:12:22,S,259.95,1,20
2021-06-15 10:12:22,S,258.9,1,2
2021-06-15 10:12:22,S,258.85,1,20
2021-06-15 10:12:22,S,258.8,2,63
2021-06-15 10:12:22,S,258.75,2,62
2021-06-15 10:12:22,S,258.7,1,2
2021-06-15 10:12:24,S,259.6,3,25
2021-06-15 10:12:24,S,259.65,2,14
2021-06-15 10:12:24,S,259.8,2,16
2021-06-15 10:12:24,S,259.9,1,3
2021-06-15 10:12:24,S,259.95,1,20
2021-06-15 10:12:24,S,259.15,1,20
2021-06-15 10:12:24,S,258.85,1,2
2021-06-15 10:12:24,S,258.8,1,50
2021-06-15 10:12:24,S,258.75,1,49
2021-06-15 10:12:24,S,258.65,1,3
2021-06-15 10:12:27,S,259.6,3,25
2021-06-15 10:12:27,S,259.65,2,14
2021-06-15 10:12:27,S,259.8,2,16
2021-06-15 10:12:27,S,259.9,1,3
2021-06-15 10:12:27,S,259.95,1,20
2021-06-15 10:12:27,S,259.15,1,20
2021-06-15 10:12:27,S,258.85,1,2
2021-06-15 10:12:27,S,258.8,2,63
2021-06-15 10:12:27,S,258.75,1,49
2021-06-15 10:12:27,S,258.65,1,3
2021-06-15 10:12:30,S,259.6,3,25
2021-06-15 10:12:30,S,259.65,2,14
2021-06-15 10:12:30,S,259.8,2,16
2021-06-15 10:12:30,S,259.9,1,3
2021-06-15 10:12:30,S,259.95,1,20
2021-06-15 10:12:30,S,259.15,1,20
2021-06-15 10:12:30,S,258.85,1,2
2021-06-15 10:12:30,S,258.8,2,63
2021-06-15 10:12:30,S,258.75,1,49
2021-06-15 10:12:30,S,258.65,1,3
2021-06-15 10:12:31,S,259.0,1,42
2021-06-15 10:12:31,S,259.25,1,2
2021-06-15 10:12:31,S,259.3,2,14
2021-06-15 10:12:31,S,259.45,1,3
2021-06-15 10:12:31,S,259.6,2,16
2021-06-15 10:12:31,S,258.8,1,50
2021-06-15 10:12:31,S,258.75,1,49
2021-06-15 10:12:31,S,258.45,3,65
2021-06-15 10:12:31,S,258.4,1,5
2021-06-15 10:12:31,S,258.3,2,7
2021-06-15 10:12:34,S,258.9,1,5
2021-06-15 10:12:34,S,259.0,2,53
2021-06-15 10:12:34,S,259.05,2,15
2021-06-15 10:12:34,S,259.1,1,3
2021-06-15 10:12:34,S,259.3,2,14
2021-06-15 10:12:34,S,258.75,1,50
2021-06-15 10:12:34,S,258.45,2,63
2021-06-15 10:12:34,S,258.1,2,18
2021-06-15 10:12:34,S,258.05,3,72
2021-06-15 10:12:34,S,258.0,3,128
2021-06-15 10:12:35,S,258.9,1,5
2021-06-15 10:12:35,S,259.0,2,53
2021-06-15 10:12:35,S,259.05,2,15
2021-06-15 10:12:35,S,259.1,1,3
2021-06-15 10:12:35,S,259.3,2,14
2021-06-15 10:12:35,S,258.75,1,50
2021-06-15 10:12:35,S,258.45,2,63
2021-06-15 10:12:35,S,258.1,2,18
2021-06-15 10:12:35,S,258.05,3,72
2021-06-15 10:12:35,S,258.0,3,128
2021-06-15 10:12:39,S,259.05,1,2
2021-06-15 10:12:39,S,259.1,2,16
2021-06-15 10:12:39,S,259.3,2,14
2021-06-15 10:12:39,S,259.45,3,29
2021-06-15 10:12:39,S,259.5,1,60
2021-06-15 10:12:39,S,258.05,3,75
2021-06-15 10:12:39,S,258.0,2,123
2021-06-15 10:12:39,S,257.95,2,18
2021-06-15 10:12:39,S,257.9,3,21
2021-06-15 10:12:39,S,257.85,2,8
2021-06-15 10:12:39,S,259.05,1,2
2021-06-15 10:12:39,S,259.1,2,16
2021-06-15 10:12:39,S,259.3,2,14
2021-06-15 10:12:39,S,259.45,3,29
2021-06-15 10:12:39,S,259.5,1,60
2021-06-15 10:12:39,S,258.05,3,75
2021-06-15 10:12:39,S,258.0,2,123
2021-06-15 10:12:39,S,257.95,2,18
2021-06-15 10:12:39,S,257.9,3,21
2021-06-15 10:12:39,S,257.85,2,8
2021-06-15 10:12:43,S,259.45,2,10
2021-06-15 10:12:43,S,259.5,2,14
2021-06-15 10:12:43,S,259.6,2,19
2021-06-15 10:12:43,S,259.65,2,14
2021-06-15 10:12:43,S,259.75,1,6
2021-06-15 10:12:43,S,258.15,2,12
2021-06-15 10:12:43,S,258.05,7,94
2021-06-15 10:12:43,S,258.0,3,223
2021-06-15 10:12:43,S,257.95,1,6
2021-06-15 10:12:43,S,257.9,2,16
2021-06-15 10:12:47,S,259.45,3,17
2021-06-15 10:12:47,S,259.5,2,14
2021-06-15 10:12:47,S,259.6,2,19
2021-06-15 10:12:47,S,259.65,2,14
2021-06-15 10:12:47,S,259.75,1,6
2021-06-15 10:12:47,S,258.15,2,12
2021-06-15 10:12:47,S,258.05,7,94
2021-06-15 10:12:47,S,258.0,3,223
2021-06-15 10:12:47,S,257.95,1,6
2021-06-15 10:12:47,S,257.9,2,16
2021-06-15 10:12:49,S,259.45,3,17
2021-06-15 10:12:49,S,259.5,2,14
2021-06-15 10:12:49,S,259.6,2,19
2021-06-15 10:12:49,S,259.65,2,14
2021-06-15 10:12:49,S,259.75,1,6
2021-06-15 10:12:49,S,258.15,2,12
2021-06-15 10:12:49,S,258.05,7,94
2021-06-15 10:12:49,S,258.0,3,223
2021-06-15 10:12:49,S,257.95,1,6
2021-06-15 10:12:49,S,257.9,2,16
2021-06-15 10:12:51,S,259.6,2,10
2021-06-15 10:12:51,S,259.65,2,11
2021-06-15 10:12:51,S,259.75,1,11
2021-06-15 10:12:51,S,259.8,2,16
2021-06-15 10:12:51,S,259.85,1,14
2021-06-15 10:12:51,S,259.05,1,136
2021-06-15 10:12:51,S,258.95,2,13
2021-06-15 10:12:51,S,258.8,2,16
2021-06-15 10:12:51,S,258.75,1,27
2021-06-15 10:12:51,S,258.25,2,12
2021-06-15 10:12:55,S,259.6,2,10
2021-06-15 10:12:55,S,259.65,2,17
2021-06-15 10:12:55,S,259.8,2,16
2021-06-15 10:12:55,S,259.95,1,50
2021-06-15 10:12:55,S,260.0,3,273
2021-06-15 10:12:55,S,259.05,2,137
2021-06-15 10:12:55,S,258.85,1,3
2021-06-15 10:12:55,S,258.75,2,40
2021-06-15 10:12:55,S,258.65,2,16
2021-06-15 10:12:55,S,258.5,1,3
2021-06-15 10:13:01,S,259.6,2,10
2021-06-15 10:13:01,S,259.65,2,17
2021-06-15 10:13:01,S,259.8,2,16
2021-06-15 10:13:01,S,259.95,1,50
2021-06-15 10:13:01,S,260.0,3,273
2021-06-15 10:13:01,S,259.05,2,137
2021-06-15 10:13:01,S,258.85,1,3
2021-06-15 10:13:01,S,258.75,2,40
2021-06-15 10:13:01,S,258.65,2,16
2021-06-15 10:13:01,S,258.5,1,3
2021-06-15 10:13:03,S,259.6,2,10
2021-06-15 10:13:03,S,259.65,2,17
2021-06-15 10:13:03,S,259.8,2,16
2021-06-15 10:13:03,S,259.95,1,50
2021-06-15 10:13:03,S,260.0,3,273
2021-06-15 10:13:03,S,259.05,2,137
2021-06-15 10:13:03,S,258.85,1,3
2021-06-15 10:13:03,S,258.75,2,40
2021-06-15 10:13:03,S,258.65,2,16
2021-06-15 10:13:03,S,258.5,1,3
2021-06-15 10:13:03,S,260.0,3,273
2021-06-15 10:13:03,S,260.3,2,26
2021-06-15 10:13:03,S,260.35,2,60
2021-06-15 10:13:03,S,260.5,1,3
2021-06-15 10:13:03,S,260.75,2,55
2021-06-15 10:13:03,S,259.1,2,12
2021-06-15 10:13:03,S,259.05,3,148
2021-06-15 10:13:03,S,258.95,2,16
2021-06-15 10:13:03,S,258.8,2,13
2021-06-15 10:13:03,S,258.75,2,40
2021-06-15 10:13:04,S,260.0,3,273
2021-06-15 10:13:04,S,260.3,2,26
2021-06-15 10:13:04,S,260.35,2,60
2021-06-15 10:13:04,S,260.5,1,3
2021-06-15 10:13:04,S,260.75,2,55
2021-06-15 10:13:04,S,259.1,2,12
2021-06-15 10:13:04,S,259.05,3,148
2021-06-15 10:13:04,S,258.95,2,16
2021-06-15 10:13:04,S,258.8,2,13
2021-06-15 10:13:04,S,258.75,2,40
2021-06-15 10:13:07,S,259.65,1,7
2021-06-15 10:13:07,S,259.7,1,4
2021-06-15 10:13:07,S,259.75,1,10
2021-06-15 10:13:07,S,259.8,1,12
2021-06-15 10:13:07,S,259.85,2,10
2021-06-15 10:13:07,S,259.1,1,4
2021-06-15 10:13:07,S,259.05,2,115
2021-06-15 10:13:07,S,258.75,2,40
2021-06-15 10:13:07,S,258.65,2,16
2021-06-15 10:13:07,S,258.5,1,3
2021-06-15 10:13:11,S,259.65,2,14
2021-06-15 10:13:11,S,259.7,2,13
2021-06-15 10:13:11,S,259.85,2,10
2021-06-15 10:13:11,S,259.95,1,56
2021-06-15 10:13:11,S,260.0,3,273
2021-06-15 10:13:11,S,259.1,1,4
2021-06-15 10:13:11,S,259.05,2,115
2021-06-15 10:13:11,S,258.9,2,33
2021-06-15 10:13:11,S,258.8,1,3
2021-06-15 10:13:11,S,258.75,2,40
2021-06-15 10:13:15,S,259.65,2,14
2021-06-15 10:13:15,S,259.7,2,13
2021-06-15 10:13:15,S,259.75,2,23
2021-06-15 10:13:15,S,259.85,2,10
2021-06-15 10:13:15,S,259.95,1,56
2021-06-15 10:13:15,S,259.1,1,4
2021-06-15 10:13:15,S,259.05,2,115
2021-06-15 10:13:15,S,258.9,2,33
2021-06-15 10:13:15,S,258.8,1,3
2021-06-15 10:13:15,S,258.75,2,40
2021-06-15 10:13:16,S,259.65,2,14
2021-06-15 10:13:16,S,259.7,2,13
2021-06-15 10:13:16,S,259.75,2,23
2021-06-15 10:13:16,S,259.85,2,10
2021-06-15 10:13:16,S,259.95,1,56
2021-06-15 10:13:16,S,259.1,1,4
2021-06-15 10:13:16,S,259.05,2,115
2021-06-15 10:13:16,S,258.9,2,33
2021-06-15 10:13:16,S,258.8,1,3
2021-06-15 10:13:16,S,258.75,2,40
2021-06-15 10:13:18,S,259.65,1,6
2021-06-15 10:13:18,S,259.9,1,4
2021-06-15 10:13:18,S,259.95,1,3
2021-06-15 10:13:18,S,260.0,1,31
2021-06-15 10:13:18,S,260.1,1,3
2021-06-15 10:13:18,S,259.35,2,12
2021-06-15 10:13:18,S,259.3,2,26
2021-06-15 10:13:18,S,259.25,1,3
2021-06-15 10:13:18,S,259.05,6,382
2021-06-15 10:13:18,S,258.95,1,3
2021-06-15 10:13:18,S,259.65,1,6
2021-06-15 10:13:18,S,259.9,1,4
2021-06-15 10:13:18,S,259.95,1,3
2021-06-15 10:13:18,S,260.0,1,31
2021-06-15 10:13:18,S,260.1,1,3
2021-06-15 10:13:18,S,259.35,2,12
2021-06-15 10:13:18,S,259.3,2,26
2021-06-15 10:13:18,S,259.25,1,3
2021-06-15 10:13:18,S,259.05,6,382
2021-06-15 10:13:18,S,258.95,1,3
2021-06-15 10:13:21,S,259.65,1,6
2021-06-15 10:13:21,S,259.9,1,4
2021-06-15 10:13:21,S,259.95,1,3
2021-06-15 10:13:21,S,260.0,1,31
2021-06-15 10:13:21,S,260.1,1,3
2021-06-15 10:13:21,S,259.35,2,12
2021-06-15 10:13:21,S,259.3,2,26
2021-06-15 10:13:21,S,259.25,1,3
2021-06-15 10:13:21,S,259.05,6,382
2021-06-15 10:13:21,S,258.95,1,3
2021-06-15 10:13:21,S,260.75,1,4
2021-06-15 10:13:21,S,260.9,1,3
2021-06-15 10:13:21,S,261.0,2,101
2021-06-15 10:13:21,S,261.05,1,7
2021-06-15 10:13:21,S,261.15,1,1
2021-06-15 10:13:21,S,259.7,4,30
2021-06-15 10:13:21,S,259.65,3,162
2021-06-15 10:13:21,S,259.6,2,20
2021-06-15 10:13:21,S,259.55,2,20
2021-06-15 10:13:21,S,259.3,1,1
2021-06-15 10:13:22,S,260.75,1,4
2021-06-15 10:13:22,S,260.9,1,3
2021-06-15 10:13:22,S,261.0,2,101
2021-06-15 10:13:22,S,261.05,1,7
2021-06-15 10:13:22,S,261.15,1,1
2021-06-15 10:13:22,S,259.7,4,30
2021-06-15 10:13:22,S,259.65,3,162
2021-06-15 10:13:22,S,259.6,2,20
2021-06-15 10:13:22,S,259.55,2,20
2021-06-15 10:13:22,S,259.3,1,1
2021-06-15 10:13:25,S,261.0,2,101
2021-06-15 10:13:25,S,261.15,1,1
2021-06-15 10:13:25,S,261.2,1,3
2021-06-15 10:13:25,S,261.3,1,1
2021-06-15 10:13:25,S,261.35,1,3
2021-06-15 10:13:25,S,259.7,3,25
2021-06-15 10:13:25,S,259.6,2,20
2021-06-15 10:13:25,S,259.55,2,20
2021-06-15 10:13:25,S,259.5,1,3
2021-06-15 10:13:25,S,259.45,1,5
2021-06-15 10:13:28,S,261.0,2,42
2021-06-15 10:13:28,S,261.25,1,1
2021-06-15 10:13:28,S,261.4,1,1
2021-06-15 10:13:28,S,261.45,1,20
2021-06-15 10:13:28,S,261.5,1,90
2021-06-15 10:13:28,S,259.7,5,33
2021-06-15 10:13:28,S,259.6,3,25
2021-06-15 10:13:28,S,259.55,2,20
2021-06-15 10:13:28,S,259.5,2,203
2021-06-15 10:13:28,S,259.35,2,2
2021-06-15 10:13:28,S,261.0,2,42
2021-06-15 10:13:28,S,261.25,1,1
2021-06-15 10:13:28,S,261.4,1,1
2021-06-15 10:13:28,S,261.45,1,20
2021-06-15 10:13:28,S,261.5,1,90
2021-06-15 10:13:28,S,259.7,5,33
2021-06-15 10:13:28,S,259.6,3,25
2021-06-15 10:13:28,S,259.55,2,20
2021-06-15 10:13:28,S,259.5,2,203
2021-06-15 10:13:28,S,259.35,2,2
2021-06-15 10:13:32,S,260.95,1,4
2021-06-15 10:13:32,S,261.0,1,7
2021-06-15 10:13:32,S,261.25,2,16
2021-06-15 10:13:32,S,261.45,5,58
2021-06-15 10:13:32,S,261.5,2,101
2021-06-15 10:13:32,S,260.05,2,17
2021-06-15 10:13:32,S,259.95,2,17
2021-06-15 10:13:32,S,259.7,3,16
2021-06-15 10:13:32,S,259.6,3,25
2021-06-15 10:13:32,S,259.55,4,48
2021-06-15 10:13:36,S,260.5,1,7
2021-06-15 10:13:36,S,260.75,1,4
2021-06-15 10:13:36,S,260.8,1,3
2021-06-15 10:13:36,S,261.05,1,3
2021-06-15 10:13:36,S,261.25,2,16
2021-06-15 10:13:36,S,259.95,2,17
2021-06-15 10:13:36,S,259.7,3,16
2021-06-15 10:13:36,S,259.6,3,25
2021-06-15 10:13:36,S,259.55,2,20
2021-06-15 10:13:36,S,259.5,1,3
2021-06-15 10:13:38,S,260.5,1,7
2021-06-15 10:13:38,S,260.75,1,4
2021-06-15 10:13:38,S,260.8,1,3
2021-06-15 10:13:38,S,261.05,1,3
2021-06-15 10:13:38,S,261.25,2,16
2021-06-15 10:13:38,S,259.95,2,17
2021-06-15 10:13:38,S,259.7,3,16
2021-06-15 10:13:38,S,259.6,3,25
2021-06-15 10:13:38,S,259.55,2,20
2021-06-15 10:13:38,S,259.5,1,3
2021-06-15 10:13:39,S,260.5,1,7
2021-06-15 10:13:39,S,260.75,1,4
2021-06-15 10:13:39,S,260.8,1,3
2021-06-15 10:13:39,S,261.05,1,3
2021-06-15 10:13:39,S,261.25,2,16
2021-06-15 10:13:39,S,259.95,2,17
2021-06-15 10:13:39,S,259.7,3,16
2021-06-15 10:13:39,S,259.6,3,25
2021-06-15 10:13:39,S,259.55,2,20
2021-06-15 10:13:39,S,259.5,1,3
2021-06-15 10:13:40,S,259.95,1,6
2021-06-15 10:13:40,S,260.7,2,14
2021-06-15 10:13:40,S,260.75,2,13
2021-06-15 10:13:40,S,260.8,1,10
2021-06-15 10:13:40,S,260.85,2,16
2021-06-15 10:13:40,S,259.25,3,72
2021-06-15 10:13:40,S,259.05,5,182
2021-06-15 10:13:40,S,259.0,3,764
2021-06-15 10:13:40,S,258.9,1,5
2021-06-15 10:13:40,S,258.85,1,56
2021-06-15 10:13:41,S,259.95,1,6
2021-06-15 10:13:41,S,260.7,2,14
2021-06-15 10:13:41,S,260.75,2,13
2021-06-15 10:13:41,S,260.8,1,10
2021-06-15 10:13:41,S,260.85,2,16
2021-06-15 10:13:41,S,259.25,3,72
2021-06-15 10:13:41,S,259.05,5,182
2021-06-15 10:13:41,S,259.0,3,764
2021-06-15 10:13:41,S,258.9,1,5
2021-06-15 10:13:41,S,258.85,1,56
2021-06-15 10:13:43,S,259.95,1,6
2021-06-15 10:13:43,S,260.7,2,14
2021-06-15 10:13:43,S,260.75,2,13
2021-06-15 10:13:43,S,260.8,1,10
2021-06-15 10:13:43,S,260.85,2,16
2021-06-15 10:13:43,S,259.25,3,72
2021-06-15 10:13:43,S,259.05,5,182
2021-06-15 10:13:43,S,259.0,3,764
2021-06-15 10:13:43,S,258.9,1,5
2021-06-15 10:13:43,S,258.85,1,56
2021-06-15 10:13:44,S,261.0,1,4
2021-06-15 10:13:44,S,261.05,1,54
2021-06-15 10:13:44,S,261.2,2,6
2021-06-15 10:13:44,S,261.3,1,3
2021-06-15 10:13:44,S,261.4,1,3
2021-06-15 10:13:44,S,260.4,2,10
2021-06-15 10:13:44,S,260.35,2,9
2021-06-15 10:13:44,S,260.3,1,8
2021-06-15 10:13:44,S,260.25,2,11
2021-06-15 10:13:44,S,260.0,2,114
2021-06-15 10:13:48,S,261.0,2,9
2021-06-15 10:13:48,S,261.05,1,54
2021-06-15 10:13:48,S,261.2,2,6
2021-06-15 10:13:48,S,261.3,1,3
2021-06-15 10:13:48,S,261.4,1,3
2021-06-15 10:13:48,S,260.3,3,14
2021-06-15 10:13:48,S,260.25,2,11
2021-06-15 10:13:48,S,260.0,2,114
2021-06-15 10:13:48,S,259.95,2,17
2021-06-15 10:13:48,S,259.75,1,3
2021-06-15 10:13:51,S,261.0,2,9
2021-06-15 10:13:51,S,261.05,1,54
2021-06-15 10:13:51,S,261.2,2,6
2021-06-15 10:13:51,S,261.3,1,3
2021-06-15 10:13:51,S,261.4,1,3
2021-06-15 10:13:51,S,260.3,3,14
2021-06-15 10:13:51,S,260.25,2,11
2021-06-15 10:13:51,S,260.0,2,114
2021-06-15 10:13:51,S,259.95,2,17
2021-06-15 10:13:51,S,259.75,1,3
2021-06-15 10:13:51,S,261.05,1,54
2021-06-15 10:13:51,S,261.3,2,5
2021-06-15 10:13:51,S,261.4,1,3
2021-06-15 10:13:51,S,261.45,1,20
2021-06-15 10:13:51,S,261.5,3,96
2021-06-15 10:13:51,S,260.45,1,2
2021-06-15 10:13:51,S,260.4,2,9
2021-06-15 10:13:51,S,260.35,1,8
2021-06-15 10:13:51,S,260.3,1,11
2021-06-15 10:13:51,S,260.25,2,11
2021-06-15 10:13:56,S,261.5,2,93
2021-06-15 10:13:56,S,261.55,1,56
2021-06-15 10:13:56,S,261.6,1,3
2021-06-15 10:13:56,S,261.7,2,6
2021-06-15 10:13:56,S,261.8,1,3
2021-06-15 10:13:56,S,260.65,1,2
2021-06-15 10:13:56,S,260.6,2,9
2021-06-15 10:13:56,S,260.55,1,8
2021-06-15 10:13:56,S,260.5,1,8
2021-06-15 10:13:56,S,260.3,2,17
2021-06-15 10:13:58,S,261.45,1,6
2021-06-15 10:13:58,S,261.5,1,90
2021-06-15 10:13:58,S,261.7,1,3
2021-06-15 10:13:58,S,261.75,1,3
2021-06-15 10:13:58,S,261.85,1,3
2021-06-15 10:13:58,S,261.05,2,10
2021-06-15 10:13:58,S,261.0,2,108
2021-06-15 10:13:58,S,260.85,2,15
2021-06-15 10:13:58,S,260.8,1,3
2021-06-15 10:13:58,S,260.6,1,3
2021-06-15 10:14:00,S,261.45,1,6
2021-06-15 10:14:00,S,261.5,1,90
2021-06-15 10:14:00,S,261.7,1,3
2021-06-15 10:14:00,S,261.75,1,3
2021-06-15 10:14:00,S,261.85,1,3
2021-06-15 10:14:00,S,261.05,2,10
2021-06-15 10:14:00,S,261.0,2,108
2021-06-15 10:14:00,S,260.85,2,15
2021-06-15 10:14:00,S,260.8,1,3
2021-06-15 10:14:00,S,260.6,1,3
2021-06-15 10:14:01,S,261.45,1,6
2021-06-15 10:14:01,S,261.5,1,90
2021-06-15 10:14:01,S,261.7,1,3
2021-06-15 10:14:01,S,261.75,1,3
2021-06-15 10:14:01,S,261.85,1,3
2021-06-15 10:14:01,S,261.05,2,10
2021-06-15 10:14:01,S,261.0,2,108
2021-06-15 10:14:01,S,260.85,2,15
2021-06-15 10:14:01,S,260.8,1,3
2021-06-15 10:14:01,S,260.6,1,3
2021-06-15 10:14:02,S,260.95,1,2
2021-06-15 10:14:02,S,261.0,1,426
2021-06-15 10:14:02,S,261.35,2,33
2021-06-15 10:14:02,S,261.4,2,63
2021-06-15 10:14:02,S,261.45,3,14
2021-06-15 10:14:02,S,260.35,2,10
2021-06-15 10:14:02,S,260.3,2,17
2021-06-15 10:14:02,S,260.25,2,11
2021-06-15 10:14:02,S,260.1,2,9
2021-06-15 10:14:02,S,260.05,1,11
2021-06-15 10:14:03,S,260.95,1,2
2021-06-15 10:14:03,S,261.0,1,426
2021-06-15 10:14:03,S,261.35,2,33
2021-06-15 10:14:03,S,261.4,2,63
2021-06-15 10:14:03,S,261.45,3,14
2021-06-15 10:14:03,S,260.35,2,10
2021-06-15 10:14:03,S,260.3,2,17
2021-06-15 10:14:03,S,260.25,2,11
2021-06-15 10:14:03,S,260.1,2,9
2021-06-15 10:14:03,S,260.05,1,11
2021-06-15 10:14:05,S,260.95,1,2
2021-06-15 10:14:05,S,261.0,1,426
2021-06-15 10:14:05,S,261.35,2,33
2021-06-15 10:14:05,S,261.4,2,63
2021-06-15 10:14:05,S,261.45,3,14
2021-06-15 10:14:05,S,260.35,2,10
2021-06-15 10:14:05,S,260.3,2,17
2021-06-15 10:14:05,S,260.25,2,11
2021-06-15 10:14:05,S,260.1,2,9
2021-06-15 10:14:05,S,260.05,1,11
2021-06-15 10:14:06,S,260.65,1,6
2021-06-15 10:14:06,S,260.95,1,6
2021-06-15 10:14:06,S,261.0,1,348
2021-06-15 10:14:06,S,261.3,1,2
2021-06-15 10:14:06,S,261.35,2,33
2021-06-15 10:14:06,S,260.35,2,10
2021-06-15 10:14:06,S,260.3,2,17
2021-06-15 10:14:06,S,260.25,2,11
2021-06-15 10:14:06,S,260.05,1,3
2021-06-15 10:14:06,S,260.0,3,115
2021-06-15 10:14:08,S,260.65,1,6
2021-06-15 10:14:08,S,260.95,1,6
2021-06-15 10:14:08,S,261.0,1,348
2021-06-15 10:14:08,S,261.3,1,2
2021-06-15 10:14:08,S,261.35,2,33
2021-06-15 10:14:08,S,260.35,2,10
2021-06-15 10:14:08,S,260.3,2,17
2021-06-15 10:14:08,S,260.25,2,11
2021-06-15 10:14:08,S,260.05,1,3
2021-06-15 10:14:08,S,260.0,3,115
2021-06-15 10:14:09,S,260.35,1,1
2021-06-15 10:14:09,S,260.9,1,2
2021-06-15 10:14:09,S,260.95,1,6
2021-06-15 10:14:09,S,261.0,1,348
2021-06-15 10:14:09,S,261.3,1,2
2021-06-15 10:14:09,S,260.3,2,17
2021-06-15 10:14:09,S,260.25,2,11
2021-06-15 10:14:09,S,260.1,1,6
2021-06-15 10:14:09,S,260.05,1,6
2021-06-15 10:14:09,S,260.0,3,115
2021-06-15 10:14:10,S,260.35,1,1
2021-06-15 10:14:10,S,260.9,1,2
2021-06-15 10:14:10,S,260.95,1,6
2021-06-15 10:14:10,S,261.0,1,348
2021-06-15 10:14:10,S,261.3,1,2
2021-06-15 10:14:10,S,260.3,2,17
2021-06-15 10:14:10,S,260.25,2,11
2021-06-15 10:14:10,S,260.1,1,6
2021-06-15 10:14:10,S,260.05,1,6
2021-06-15 10:14:10,S,260.0,3,115
2021-06-15 10:14:12,S,260.35,1,1
2021-06-15 10:14:12,S,260.9,1,2
2021-06-15 10:14:12,S,260.95,1,6
2021-06-15 10:14:12,S,261.0,1,348
2021-06-15 10:14:12,S,261.3,1,2
2021-06-15 10:14:12,S,260.3,2,17
2021-06-15 10:14:12,S,260.25,2,11
2021-06-15 10:14:12,S,260.1,1,6
2021-06-15 10:14:12,S,260.05,1,6
2021-06-15 10:14:12,S,260.0,3,115
2021-06-15 10:14:13,S,260.75,1,2
2021-06-15 10:14:13,S,260.8,1,2
2021-06-15 10:14:13,S,260.85,1,11
2021-06-15 10:14:13,S,260.95,3,22
2021-06-15 10:14:13,S,261.0,3,363
2021-06-15 10:14:13,S,260.1,2,10
2021-06-15 10:14:13,S,260.05,1,7
2021-06-15 10:14:13,S,260.0,3,115
2021-06-15 10:14:13,S,259.95,2,17
2021-06-15 10:14:13,S,259.75,1,3
2021-06-15 10:14:16,S,260.75,1,2
2021-06-15 10:14:16,S,260.8,1,2
2021-06-15 10:14:16,S,260.85,1,11
2021-06-15 10:14:16,S,260.95,3,22
2021-06-15 10:14:16,S,261.0,3,363
2021-06-15 10:14:16,S,260.1,2,10
2021-06-15 10:14:16,S,260.05,1,7
2021-06-15 10:14:16,S,260.0,3,115
2021-06-15 10:14:16,S,259.95,2,17
2021-06-15 10:14:16,S,259.75,1,3
2021-06-15 10:14:17,S,260.7,1,2
2021-06-15 10:14:17,S,260.75,1,6
2021-06-15 10:14:17,S,260.95,3,22
2021-06-15 10:14:17,S,261.0,3,363
2021-06-15 10:14:17,S,261.05,1,3
2021-06-15 10:14:17,S,260.15,3,12
2021-06-15 10:14:17,S,260.1,2,10
2021-06-15 10:14:17,S,260.0,3,115
2021-06-15 10:14:17,S,259.95,2,17
2021-06-15 10:14:17,S,259.75,1,3
2021-06-15 10:14:22,S,260.45,1,4
2021-06-15 10:14:22,S,260.7,1,2
2021-06-15 10:14:22,S,260.75,1,2
2021-06-15 10:14:22,S,260.9,1,10
2021-06-15 10:14:22,S,260.95,2,16
2021-06-15 10:14:22,S,260.15,2,9
2021-06-15 10:14:22,S,260.0,4,118
2021-06-15 10:14:22,S,259.95,2,17
2021-06-15 10:14:22,S,259.75,1,3
2021-06-15 10:14:22,S,259.7,2,16
2021-06-15 10:14:23,S,260.45,1,4
2021-06-15 10:14:23,S,260.7,1,2
2021-06-15 10:14:23,S,260.75,1,2
2021-06-15 10:14:23,S,260.9,1,10
2021-06-15 10:14:23,S,260.95,2,16
2021-06-15 10:14:23,S,260.15,2,9
2021-06-15 10:14:23,S,260.0,4,118
2021-06-15 10:14:23,S,259.95,2,17
2021-06-15 10:14:23,S,259.75,1,3
2021-06-15 10:14:23,S,259.7,2,16
2021-06-15 10:14:25,S,260.85,1,4
2021-06-15 10:14:25,S,260.9,1,10
2021-06-15 10:14:25,S,261.0,2,350
2021-06-15 10:14:25,S,261.05,2,5
2021-06-15 10:14:25,S,261.15,1,3
2021-06-15 10:14:25,S,260.15,2,12
2021-06-15 10:14:25,S,260.1,2,11
2021-06-15 10:14:25,S,260.05,2,111
2021-06-15 10:14:25,S,260.0,3,115
2021-06-15 10:14:25,S,259.75,1,3
2021-06-15 10:14:29,S,260.75,1,4
2021-06-15 10:14:29,S,260.8,1,50
2021-06-15 10:14:29,S,260.9,1,10
2021-06-15 10:14:29,S,261.0,2,349
2021-06-15 10:14:29,S,261.25,1,3
2021-06-15 10:14:29,S,260.25,1,4
2021-06-15 10:14:29,S,260.2,2,11
2021-06-15 10:14:29,S,260.15,2,11
2021-06-15 10:14:29,S,260.1,1,8
2021-06-15 10:14:29,S,260.05,2,111
2021-06-15 10:14:30,S,260.75,1,4
2021-06-15 10:14:30,S,260.8,1,50
2021-06-15 10:14:30,S,260.9,1,10
2021-06-15 10:14:30,S,261.0,2,349
2021-06-15 10:14:30,S,261.25,1,3
2021-06-15 10:14:30,S,260.25,1,4
2021-06-15 10:14:30,S,260.2,2,11
2021-06-15 10:14:30,S,260.15,2,11
2021-06-15 10:14:30,S,260.1,1,8
2021-06-15 10:14:30,S,260.05,2,111
2021-06-15 10:14:33,S,260.75,2,16
2021-06-15 10:14:33,S,260.8,1,29
2021-06-15 10:14:33,S,261.0,2,349
2021-06-15 10:14:33,S,261.05,1,3
2021-06-15 10:14:33,S,261.25,1,3
2021-06-15 10:14:33,S,260.25,2,12
2021-06-15 10:14:33,S,260.2,2,11
2021-06-15 10:14:33,S,260.15,2,11
2021-06-15 10:14:33,S,260.05,2,111
2021-06-15 10:14:33,S,260.0,3,115
2021-06-15 10:14:36,S,260.5,1,6
2021-06-15 10:14:36,S,260.75,2,42
2021-06-15 10:14:36,S,260.8,2,42
2021-06-15 10:14:36,S,260.85,1,3
2021-06-15 10:14:36,S,261.0,2,349
2021-06-15 10:14:36,S,260.1,1,4
2021-06-15 10:14:36,S,260.05,3,114
2021-06-15 10:14:36,S,260.0,3,115
2021-06-15 10:14:36,S,259.75,1,3
2021-06-15 10:14:36,S,259.65,1,51
2021-06-15 10:14:38,S,260.5,1,6
2021-06-15 10:14:38,S,260.75,2,42
2021-06-15 10:14:38,S,260.8,2,42
2021-06-15 10:14:38,S,260.85,1,3
2021-06-15 10:14:38,S,261.0,2,349
2021-06-15 10:14:38,S,260.1,1,4
2021-06-15 10:14:38,S,260.05,3,114
2021-06-15 10:14:38,S,260.0,3,115
2021-06-15 10:14:38,S,259.75,1,3
2021-06-15 10:14:38,S,259.65,1,51
2021-06-15 10:14:40,S,260.1,2,4
2021-06-15 10:14:40,S,260.25,2,23
2021-06-15 10:14:40,S,260.5,2,17
2021-06-15 10:14:40,S,260.55,2,14
2021-06-15 10:14:40,S,260.7,1,20
2021-06-15 10:14:40,S,260.0,1,50
2021-06-15 10:14:40,S,259.55,2,14
2021-06-15 10:14:40,S,259.3,1,5
2021-06-15 10:14:40,S,259.25,2,60
2021-06-15 10:14:40,S,259.2,1,5
2021-06-15 10:14:42,S,260.1,2,4
2021-06-15 10:14:42,S,260.25,2,23
2021-06-15 10:14:42,S,260.5,2,17
2021-06-15 10:14:42,S,260.55,2,14
2021-06-15 10:14:42,S,260.7,1,20
2021-06-15 10:14:42,S,260.0,1,50
2021-06-15 10:14:42,S,259.55,2,14
2021-06-15 10:14:42,S,259.3,1,5
2021-06-15 10:14:42,S,259.25,2,60
2021-06-15 10:14:42,S,259.2,1,5
2021-06-15 10:14:43,S,260.1,2,4
2021-06-15 10:14:43,S,260.25,2,23
2021-06-15 10:14:43,S,260.5,2,17
2021-06-15 10:14:43,S,260.55,2,14
2021-06-15 10:14:43,S,260.7,1,20
2021-06-15 10:14:43,S,260.0,1,50
2021-06-15 10:14:43,S,259.55,2,14
2021-06-15 10:14:43,S,259.3,1,5
2021-06-15 10:14:43,S,259.25,2,60
2021-06-15 10:14:43,S,259.2,1,5
2021-06-15 10:14:43,S,260.4,2,15
2021-06-15 10:14:43,S,260.45,2,17
2021-06-15 10:14:43,S,260.5,1,13
2021-06-15 10:14:43,S,260.55,2,14
2021-06-15 10:14:43,S,260.8,2,42
2021-06-15 10:14:43,S,260.0,1,100
2021-06-15 10:14:43,S,259.7,2,23
2021-06-15 10:14:43,S,259.25,3,69
2021-06-15 10:14:43,S,259.1,1,5
2021-06-15 10:14:43,S,259.05,4,168
2021-06-15 10:14:47,S,260.4,2,15
2021-06-15 10:14:47,S,260.45,2,17
2021-06-15 10:14:47,S,260.5,1,13
2021-06-15 10:14:47,S,260.55,2,14
2021-06-15 10:14:47,S,260.8,2,42
2021-06-15 10:14:47,S,260.0,1,100
2021-06-15 10:14:47,S,259.7,2,23
2021-06-15 10:14:47,S,259.25,3,69
2021-06-15 10:14:47,S,259.1,1,5
2021-06-15 10:14:47,S,259.05,4,168
2021-06-15 10:14:48,S,260.3,2,15
2021-06-15 10:14:48,S,260.35,2,15
2021-06-15 10:14:48,S,260.4,2,7
2021-06-15 10:14:48,S,260.55,2,14
2021-06-15 10:14:48,S,260.75,1,20
2021-06-15 10:14:48,S,260.0,1,50
2021-06-15 10:14:48,S,259.65,2,14
2021-06-15 10:14:48,S,259.55,2,24
2021-06-15 10:14:48,S,259.45,2,16
2021-06-15 10:14:48,S,259.25,3,69
2021-06-15 10:14:48,S,260.3,2,15
2021-06-15 10:14:48,S,260.35,2,15
2021-06-15 10:14:48,S,260.4,2,7
2021-06-15 10:14:48,S,260.55,2,14
2021-06-15 10:14:48,S,260.75,1,20
2021-06-15 10:14:48,S,260.0,1,50
2021-06-15 10:14:48,S,259.65,2,14
2021-06-15 10:14:48,S,259.55,2,24
2021-06-15 10:14:48,S,259.45,2,16
2021-06-15 10:14:48,S,259.25,3,69
2021-06-15 10:14:49,S,260.3,2,15
2021-06-15 10:14:49,S,260.35,2,15
2021-06-15 10:14:49,S,260.4,2,7
2021-06-15 10:14:49,S,260.55,2,14
2021-06-15 10:14:49,S,260.75,1,20
2021-06-15 10:14:49,S,260.0,1,50
2021-06-15 10:14:49,S,259.65,2,14
2021-06-15 10:14:49,S,259.55,2,24
2021-06-15 10:14:49,S,259.45,2,16
2021-06-15 10:14:49,S,259.25,3,69
2021-06-15 10:14:51,S,260.15,1,5
2021-06-15 10:14:51,S,260.4,2,15
2021-06-15 10:14:51,S,260.45,2,14
2021-06-15 10:14:51,S,260.65,1,3
2021-06-15 10:14:51,S,260.75,1,12
2021-06-15 10:14:51,S,260.0,1,100
2021-06-15 10:14:51,S,259.7,2,14
2021-06-15 10:14:51,S,259.45,2,16
2021-06-15 10:14:51,S,259.25,3,69
2021-06-15 10:14:51,S,259.1,1,5
2021-06-15 10:14:53,S,260.15,1,5
2021-06-15 10:14:53,S,260.4,2,15
2021-06-15 10:14:53,S,260.45,2,14
2021-06-15 10:14:53,S,260.65,1,3
2021-06-15 10:14:53,S,260.75,1,12
2021-06-15 10:14:53,S,260.0,1,100
2021-06-15 10:14:53,S,259.7,2,14
2021-06-15 10:14:53,S,259.45,2,16
2021-06-15 10:14:53,S,259.25,3,69
2021-06-15 10:14:53,S,259.1,1,5
2021-06-15 10:14:54,S,260.15,1,5
2021-06-15 10:14:54,S,260.4,2,15
2021-06-15 10:14:54,S,260.45,2,14
2021-06-15 10:14:54,S,260.65,1,3
2021-06-15 10:14:54,S,260.75,1,12
2021-06-15 10:14:54,S,260.0,1,100
2021-06-15 10:14:54,S,259.7,2,14
2021-06-15 10:14:54,S,259.45,2,16
2021-06-15 10:14:54,S,259.25,3,69
2021-06-15 10:14:54,S,259.1,1,5
2021-06-15 10:14:55,S,260.8,2,6
2021-06-15 10:14:55,S,260.85,2,9
2021-06-15 10:14:55,S,260.9,1,34
2021-06-15 10:14:55,S,261.0,2,349
2021-06-15 10:14:55,S,261.05,1,3
2021-06-15 10:14:55,S,260.1,2,108
2021-06-15 10:14:55,S,260.0,2,86
2021-06-15 10:14:55,S,259.9,2,14
2021-06-15 10:14:55,S,259.7,1,3
2021-06-15 10:14:55,S,259.65,1,58
2021-06-15 10:14:55,S,260.8,2,6
2021-06-15 10:14:55,S,260.85,2,9
2021-06-15 10:14:55,S,260.9,1,34
2021-06-15 10:14:55,S,261.0,2,349
2021-06-15 10:14:55,S,261.05,1,3
2021-06-15 10:14:55,S,260.1,2,108
2021-06-15 10:14:55,S,260.0,2,86
2021-06-15 10:14:55,S,259.9,2,14
2021-06-15 10:14:55,S,259.7,1,3
2021-06-15 10:14:55,S,259.65,1,58
2021-06-15 10:14:57,S,260.8,2,6
2021-06-15 10:14:57,S,260.85,2,9
2021-06-15 10:14:57,S,260.9,1,34
2021-06-15 10:14:57,S,261.0,2,349
2021-06-15 10:14:57,S,261.05,1,3
2021-06-15 10:14:57,S,260.1,2,108
2021-06-15 10:14:57,S,260.0,2,86
2021-06-15 10:14:57,S,259.9,2,14
2021-06-15 10:14:57,S,259.7,1,3
2021-06-15 10:14:57,S,259.65,1,58
2021-06-15 10:14:58,S,259.95,2,6
2021-06-15 10:14:58,S,260.0,2,68
2021-06-15 10:14:58,S,260.25,2,14
2021-06-15 10:14:58,S,260.45,1,3
2021-06-15 10:14:58,S,260.65,2,2
2021-06-15 10:14:58,S,259.25,3,69
2021-06-15 10:14:58,S,259.1,2,11
2021-06-15 10:14:58,S,259.05,5,181
2021-06-15 10:14:58,S,259.0,3,206
2021-06-15 10:14:58,S,258.9,1,5
2021-06-15 10:15:01,S,259.95,2,6
2021-06-15 10:15:01,S,260.0,2,68
2021-06-15 10:15:01,S,260.25,2,14
2021-06-15 10:15:01,S,260.45,1,3
2021-06-15 10:15:01,S,260.65,2,2
2021-06-15 10:15:01,S,259.25,3,69
2021-06-15 10:15:01,S,259.1,2,11
2021-06-15 10:15:01,S,259.05,5,181
2021-06-15 10:15:01,S,259.0,3,206
2021-06-15 10:15:01,S,258.9,1,5
2021-06-15 10:15:02,S,261.0,3,9
2021-06-15 10:15:02,S,261.05,2,14
2021-06-15 10:15:02,S,261.1,2,14
2021-06-15 10:15:02,S,261.15,2,16
2021-06-15 10:15:02,S,261.2,1,11
2021-06-15 10:15:02,S,259.95,1,4
2021-06-15 10:15:02,S,259.9,3,14
2021-06-15 10:15:02,S,259.75,2,10
2021-06-15 10:15:02,S,259.65,2,57
2021-06-15 10:15:02,S,259.55,1,5
2021-06-15 10:15:06,S,261.25,1,4
2021-06-15 10:15:06,S,261.3,1,2
2021-06-15 10:15:06,S,261.45,1,3
2021-06-15 10:15:06,S,261.5,2,92
2021-06-15 10:15:06,S,261.55,1,3
2021-06-15 10:15:06,S,260.55,2,12
2021-06-15 10:15:06,S,260.25,3,12
2021-06-15 10:15:06,S,260.05,1,20
2021-06-15 10:15:06,S,260.0,2,255
2021-06-15 10:15:06,S,259.9,2,17
2021-06-15 10:15:09,S,261.45,2,7
2021-06-15 10:15:09,S,261.5,1,90
2021-06-15 10:15:09,S,261.55,1,3
2021-06-15 10:15:09,S,261.65,2,6
2021-06-15 10:15:09,S,261.7,1,2
2021-06-15 10:15:09,S,260.35,2,12
2021-06-15 10:15:09,S,260.2,2,13
2021-06-15 10:15:09,S,260.1,4,17
2021-06-15 10:15:09,S,260.05,3,85
2021-06-15 10:15:09,S,260.0,2,255
2021-06-15 10:15:13,S,261.45,2,7
2021-06-15 10:15:13,S,261.5,1,90
2021-06-15 10:15:13,S,261.55,1,3
2021-06-15 10:15:13,S,261.65,2,6
2021-06-15 10:15:13,S,261.7,1,2
2021-06-15 10:15:13,S,260.35,3,15
2021-06-15 10:15:13,S,260.2,2,13
2021-06-15 10:15:13,S,260.15,2,13
2021-06-15 10:15:13,S,260.1,4,17
2021-06-15 10:15:13,S,260.05,3,85
2021-06-15 10:15:17,S,261.45,3,14
2021-06-15 10:15:17,S,261.5,1,90
2021-06-15 10:15:17,S,261.55,1,3
2021-06-15 10:15:17,S,261.65,2,6
2021-06-15 10:15:17,S,261.7,1,2
2021-06-15 10:15:17,S,260.35,3,15
2021-06-15 10:15:17,S,260.2,2,13
2021-06-15 10:15:17,S,260.15,2,13
2021-06-15 10:15:17,S,260.1,4,17
2021-06-15 10:15:17,S,260.05,3,85
2021-06-15 10:15:18,S,261.45,3,14
2021-06-15 10:15:18,S,261.5,1,90
2021-06-15 10:15:18,S,261.55,1,3
2021-06-15 10:15:18,S,261.65,2,6
2021-06-15 10:15:18,S,261.7,1,2
2021-06-15 10:15:18,S,260.35,3,15
2021-06-15 10:15:18,S,260.2,2,13
2021-06-15 10:15:18,S,260.15,2,13
2021-06-15 10:15:18,S,260.1,4,17
2021-06-15 10:15:18,S,260.05,3,85
2021-06-15 10:15:21,S,260.85,1,4
2021-06-15 10:15:21,S,260.9,1,7
2021-06-15 10:15:21,S,261.0,1,30
2021-06-15 10:15:21,S,261.2,1,2
2021-06-15 10:15:21,S,261.4,1,2
2021-06-15 10:15:21,S,260.45,4,14
2021-06-15 10:15:21,S,260.35,2,11
2021-06-15 10:15:21,S,260.15,2,13
2021-06-15 10:15:21,S,260.1,2,25
2021-06-15 10:15:21,S,260.05,2,65
2021-06-15 10:15:22,S,260.85,1,4
2021-06-15 10:15:22,S,260.9,1,7
2021-06-15 10:15:22,S,261.0,1,30
2021-06-15 10:15:22,S,261.2,1,2
2021-06-15 10:15:22,S,261.4,1,2
2021-06-15 10:15:22,S,260.45,4,14
2021-06-15 10:15:22,S,260.35,2,11
2021-06-15 10:15:22,S,260.15,2,13
2021-06-15 10:15:22,S,260.1,2,25
2021-06-15 10:15:22,S,260.05,2,65
2021-06-15 10:15:23,S,260.85,1,4
2021-06-15 10:15:23,S,260.9,1,7
2021-06-15 10:15:23,S,261.0,1,30
2021-06-15 10:15:23,S,261.2,1,2
2021-06-15 10:15:23,S,261.4,1,2
2021-06-15 10:15:23,S,260.45,4,14
2021-06-15 10:15:23,S,260.35,2,11
2021-06-15 10:15:23,S,260.15,2,13
2021-06-15 10:15:23,S,260.1,2,25
2021-06-15 10:15:23,S,260.05,2,65
2021-06-15 10:15:24,S,260.85,1,4
2021-06-15 10:15:24,S,260.9,1,7
2021-06-15 10:15:24,S,261.0,1,30
2021-06-15 10:15:24,S,261.2,1,2
2021-06-15 10:15:24,S,261.4,1,2
2021-06-15 10:15:24,S,260.45,4,14
2021-06-15 10:15:24,S,260.35,2,11
2021-06-15 10:15:24,S,260.15,2,13
2021-06-15 10:15:24,S,260.1,2,25
2021-06-15 10:15:24,S,260.05,2,65
2021-06-15 10:15:25,S,261.0,1,30
2021-06-15 10:15:25,S,261.45,1,4
2021-06-15 10:15:25,S,261.5,2,92
2021-06-15 10:15:25,S,261.7,1,2
2021-06-15 10:15:25,S,261.8,2,113
2021-06-15 10:15:25,S,260.55,5,33
2021-06-15 10:15:25,S,260.5,3,93
2021-06-15 10:15:25,S,260.35,2,11
2021-06-15 10:15:25,S,260.15,2,13
2021-06-15 10:15:25,S,260.1,1,5
2021-06-15 10:15:30,S,261.0,1,30
2021-06-15 10:15:30,S,261.45,1,4
2021-06-15 10:15:30,S,261.5,2,92
2021-06-15 10:15:30,S,261.7,1,2
2021-06-15 10:15:30,S,261.8,2,113
2021-06-15 10:15:30,S,260.55,5,33
2021-06-15 10:15:30,S,260.5,3,93
2021-06-15 10:15:30,S,260.35,2,11
2021-06-15 10:15:30,S,260.15,2,13
2021-06-15 10:15:30,S,260.1,1,5
2021-06-15 10:15:31,S,261.0,1,30
2021-06-15 10:15:31,S,261.45,1,4
2021-06-15 10:15:31,S,261.5,2,92
2021-06-15 10:15:31,S,261.7,1,2
2021-06-15 10:15:31,S,261.8,2,113
2021-06-15 10:15:31,S,260.55,5,33
2021-06-15 10:15:31,S,260.5,3,93
2021-06-15 10:15:31,S,260.35,2,11
2021-06-15 10:15:31,S,260.15,2,13
2021-06-15 10:15:31,S,260.1,1,5
2021-06-15 10:15:33,S,261.45,1,4
2021-06-15 10:15:33,S,261.5,1,90
2021-06-15 10:15:33,S,261.6,1,2
2021-06-15 10:15:33,S,261.8,2,113
2021-06-15 10:15:33,S,261.85,1,2
2021-06-15 10:15:33,S,260.85,2,18
2021-06-15 10:15:33,S,260.7,2,9
2021-06-15 10:15:33,S,260.65,1,1
2021-06-15 10:15:33,S,260.6,1,1
2021-06-15 10:15:33,S,260.55,1,20
2021-06-15 10:15:37,S,261.45,1,4
2021-06-15 10:15:37,S,261.5,1,90
2021-06-15 10:15:37,S,261.8,2,113
2021-06-15 10:15:37,S,261.85,1,2
2021-06-15 10:15:37,S,261.95,1,50
2021-06-15 10:15:37,S,260.85,2,17
2021-06-15 10:15:37,S,260.7,2,9
2021-06-15 10:15:37,S,260.65,2,5
2021-06-15 10:15:37,S,260.6,1,1
2021-06-15 10:15:37,S,260.55,1,20
2021-06-15 10:15:45,S,261.45,1,4
2021-06-15 10:15:45,S,261.5,1,90
2021-06-15 10:15:45,S,261.8,1,100
2021-06-15 10:15:45,S,261.85,1,2
2021-06-15 10:15:45,S,261.95,1,50
2021-06-15 10:15:45,S,261.0,2,107
2021-06-15 10:15:45,S,260.95,2,8
2021-06-15 10:15:45,S,260.85,2,17
2021-06-15 10:15:45,S,260.7,2,9
2021-06-15 10:15:45,S,260.65,2,5
2021-06-15 10:15:47,S,261.45,1,4
2021-06-15 10:15:47,S,261.5,1,90
2021-06-15 10:15:47,S,261.8,1,100
2021-06-15 10:15:47,S,261.85,1,2
2021-06-15 10:15:47,S,261.95,1,50
2021-06-15 10:15:47,S,261.0,2,107
2021-06-15 10:15:47,S,260.95,2,8
2021-06-15 10:15:47,S,260.85,2,17
2021-06-15 10:15:47,S,260.7,2,9
2021-06-15 10:15:47,S,260.65,2,5
2021-06-15 10:15:49,S,261.4,3,17
2021-06-15 10:15:49,S,261.45,3,10
2021-06-15 10:15:49,S,261.5,3,105
2021-06-15 10:15:49,S,261.55,2,59
2021-06-15 10:15:49,S,261.65,1,3
2021-06-15 10:15:49,S,260.5,1,75
2021-06-15 10:15:49,S,260.35,3,16
2021-06-15 10:15:49,S,260.25,2,13
2021-06-15 10:15:49,S,260.15,3,18
2021-06-15 10:15:49,S,260.05,3,70
2021-06-15 10:15:53,S,261.0,2,5
2021-06-15 10:15:53,S,261.05,1,1
2021-06-15 10:15:53,S,261.1,1,1
2021-06-15 10:15:53,S,261.15,1,1
2021-06-15 10:15:53,S,261.25,1,11
2021-06-15 10:15:53,S,260.5,1,23
2021-06-15 10:15:53,S,260.15,3,18
2021-06-15 10:15:53,S,260.05,3,70
2021-06-15 10:15:53,S,260.0,1,250
2021-06-15 10:15:53,S,259.95,2,8
2021-06-15 10:15:54,S,261.0,2,5
2021-06-15 10:15:54,S,261.05,1,1
2021-06-15 10:15:54,S,261.1,1,1
2021-06-15 10:15:54,S,261.15,1,1
2021-06-15 10:15:54,S,261.25,1,11
2021-06-15 10:15:54,S,260.5,1,23
2021-06-15 10:15:54,S,260.15,3,18
2021-06-15 10:15:54,S,260.05,3,70
2021-06-15 10:15:54,S,260.0,1,250
2021-06-15 10:15:54,S,259.95,2,8
2021-06-15 10:16:01,S,260.7,2,15
2021-06-15 10:16:01,S,260.75,2,16
2021-06-15 10:16:01,S,260.95,2,7
2021-06-15 10:16:01,S,261.0,2,137
2021-06-15 10:16:01,S,261.05,3,17
2021-06-15 10:16:01,S,260.0,1,250
2021-06-15 10:16:01,S,259.7,2,14
2021-06-15 10:16:01,S,259.65,3,70
2021-06-15 10:16:01,S,259.55,2,12
2021-06-15 10:16:01,S,259.45,2,8
2021-06-15 10:16:06,S,260.35,1,6
2021-06-15 10:16:06,S,260.7,2,18
2021-06-15 10:16:06,S,260.75,2,16
2021-06-15 10:16:06,S,261.0,2,137
2021-06-15 10:16:06,S,261.05,3,17
2021-06-15 10:16:06,S,260.0,1,250
2021-06-15 10:16:06,S,259.7,2,14
2021-06-15 10:16:06,S,259.65,3,70
2021-06-15 10:16:06,S,259.55,2,12
2021-06-15 10:16:06,S,259.45,2,8
2021-06-15 10:16:08,S,260.35,1,6
2021-06-15 10:16:08,S,260.7,2,18
2021-06-15 10:16:08,S,260.75,2,16
2021-06-15 10:16:08,S,261.0,2,137
2021-06-15 10:16:08,S,261.05,3,17
2021-06-15 10:16:08,S,260.0,1,250
2021-06-15 10:16:08,S,259.7,2,14
2021-06-15 10:16:08,S,259.65,3,70
2021-06-15 10:16:08,S,259.55,2,12
2021-06-15 10:16:08,S,259.45,2,8
2021-06-15 10:16:09,S,260.7,2,18
2021-06-15 10:16:09,S,260.75,2,16
2021-06-15 10:16:09,S,261.0,3,177
2021-06-15 10:16:09,S,261.05,3,17
2021-06-15 10:16:09,S,261.1,3,22
2021-06-15 10:16:09,S,260.0,1,190
2021-06-15 10:16:09,S,259.7,2,14
2021-06-15 10:16:09,S,259.65,3,70
2021-06-15 10:16:09,S,259.55,2,12
2021-06-15 10:16:09,S,259.45,2,8
2021-06-15 10:16:13,S,260.6,2,6
2021-06-15 10:16:13,S,260.65,1,2
2021-06-15 10:16:13,S,260.7,1,14
2021-06-15 10:16:13,S,260.75,2,16
2021-06-15 10:16:13,S,261.0,3,177
2021-06-15 10:16:13,S,260.0,1,190
2021-06-15 10:16:13,S,259.7,2,14
2021-06-15 10:16:13,S,259.65,3,70
2021-06-15 10:16:13,S,259.55,2,12
2021-06-15 10:16:13,S,259.45,2,8
2021-06-15 10:16:13,S,260.6,2,6
2021-06-15 10:16:13,S,260.65,1,2
2021-06-15 10:16:13,S,260.7,1,14
2021-06-15 10:16:13,S,260.75,2,16
2021-06-15 10:16:13,S,261.0,3,177
2021-06-15 10:16:13,S,260.0,1,190
2021-06-15 10:16:13,S,259.7,2,14
2021-06-15 10:16:13,S,259.65,3,70
2021-06-15 10:16:13,S,259.55,2,12
2021-06-15 10:16:13,S,259.45,2,8
2021-06-15 10:16:16,S,260.6,4,23
2021-06-15 10:16:16,S,260.75,2,16
2021-06-15 10:16:16,S,261.0,3,177
2021-06-15 10:16:16,S,261.05,4,37
2021-06-15 10:16:16,S,261.1,3,22
2021-06-15 10:16:16,S,260.0,1,95
2021-06-15 10:16:16,S,259.7,1,3
2021-06-15 10:16:16,S,259.65,2,65
2021-06-15 10:16:16,S,259.55,2,12
2021-06-15 10:16:16,S,259.45,2,8
2021-06-15 10:16:20,S,260.3,2,7
2021-06-15 10:16:20,S,260.5,2,15
2021-06-15 10:16:20,S,260.55,2,13
2021-06-15 10:16:20,S,260.6,1,2
2021-06-15 10:16:20,S,260.75,2,16
2021-06-15 10:16:20,S,260.0,1,95
2021-06-15 10:16:20,S,259.7,2,14
2021-06-15 10:16:20,S,259.65,2,65
2021-06-15 10:16:20,S,259.55,2,12
2021-06-15 10:16:20,S,259.45,2,8
2021-06-15 10:16:23,S,260.4,1,4
2021-06-15 10:16:23,S,260.45,2,14
2021-06-15 10:16:23,S,260.5,1,14
2021-06-15 10:16:23,S,260.55,2,13
2021-06-15 10:16:23,S,260.75,2,16
2021-06-15 10:16:23,S,260.0,1,47
2021-06-15 10:16:23,S,259.65,3,66
2021-06-15 10:16:23,S,259.55,2,12
2021-06-15 10:16:23,S,259.45,2,8
2021-06-15 10:16:23,S,259.35,1,5
2021-06-15 10:16:24,S,260.4,1,4
2021-06-15 10:16:24,S,260.45,2,14
2021-06-15 10:16:24,S,260.5,1,14
2021-06-15 10:16:24,S,260.55,2,13
2021-06-15 10:16:24,S,260.75,2,16
2021-06-15 10:16:24,S,260.0,1,47
2021-06-15 10:16:24,S,259.65,3,66
2021-06-15 10:16:24,S,259.55,2,12
2021-06-15 10:16:24,S,259.45,2,8
2021-06-15 10:16:24,S,259.35,1,5
2021-06-15 10:16:27,S,261.15,1,4
2021-06-15 10:16:27,S,261.2,1,4
2021-06-15 10:16:27,S,261.3,3,10
2021-06-15 10:16:27,S,261.35,1,4
2021-06-15 10:16:27,S,261.45,1,50
2021-06-15 10:16:27,S,260.2,2,12
2021-06-15 10:16:27,S,260.1,2,15
2021-06-15 10:16:27,S,260.05,4,38
2021-06-15 10:16:27,S,260.0,3,64
2021-06-15 10:16:27,S,259.9,3,22
2021-06-15 10:16:30,S,261.1,1,4
2021-06-15 10:16:30,S,261.15,1,5
2021-06-15 10:16:30,S,261.45,2,54
2021-06-15 10:16:30,S,261.5,2,92
2021-06-15 10:16:30,S,261.55,2,60
2021-06-15 10:16:30,S,260.55,2,12
2021-06-15 10:16:30,S,260.5,1,8
2021-06-15 10:16:30,S,260.4,1,8
2021-06-15 10:16:30,S,260.3,2,11
2021-06-15 10:16:30,S,260.25,1,5
2021-06-15 10:16:34,S,261.1,1,4
2021-06-15 10:16:34,S,261.15,1,5
2021-06-15 10:16:34,S,261.45,2,54
2021-06-15 10:16:34,S,261.5,2,92
2021-06-15 10:16:34,S,261.55,2,60
2021-06-15 10:16:34,S,260.55,2,12
2021-06-15 10:16:34,S,260.5,1,8
2021-06-15 10:16:34,S,260.4,1,8
2021-06-15 10:16:34,S,260.3,2,11
2021-06-15 10:16:34,S,260.25,1,5
2021-06-15 10:16:34,S,260.85,1,5
2021-06-15 10:16:34,S,261.4,1,4
2021-06-15 10:16:34,S,261.45,2,54
2021-06-15 10:16:34,S,261.5,2,92
2021-06-15 10:16:34,S,261.55,2,60
2021-06-15 10:16:34,S,260.65,2,12
2021-06-15 10:16:34,S,260.6,1,8
2021-06-15 10:16:34,S,260.55,1,8
2021-06-15 10:16:34,S,260.5,1,12
2021-06-15 10:16:34,S,260.3,2,11
2021-06-15 10:16:35,S,260.85,1,5
2021-06-15 10:16:35,S,261.4,1,4
2021-06-15 10:16:35,S,261.45,2,54
2021-06-15 10:16:35,S,261.5,2,92
2021-06-15 10:16:35,S,261.55,2,60
2021-06-15 10:16:35,S,260.65,2,12
2021-06-15 10:16:35,S,260.6,1,8
2021-06-15 10:16:35,S,260.55,1,8
2021-06-15 10:16:35,S,260.5,1,12
2021-06-15 10:16:35,S,260.3,2,11
2021-06-15 10:16:39,S,260.95,1,4
2021-06-15 10:16:39,S,261.0,1,390
2021-06-15 10:16:39,S,261.3,2,15
2021-06-15 10:16:39,S,261.45,2,54
2021-06-15 10:16:39,S,261.5,4,136
2021-06-15 10:16:39,S,260.1,3,15
2021-06-15 10:16:39,S,260.05,3,33
2021-06-15 10:16:39,S,260.0,3,99
2021-06-15 10:16:39,S,259.9,1,3
2021-06-15 10:16:39,S,259.65,3,22
2021-06-15 10:16:42,S,260.95,1,4
2021-06-15 10:16:42,S,261.0,2,392
2021-06-15 10:16:42,S,261.3,2,15
2021-06-15 10:16:42,S,261.45,2,54
2021-06-15 10:16:42,S,261.5,4,136
2021-06-15 10:16:42,S,260.1,3,15
2021-06-15 10:16:42,S,260.05,3,33
2021-06-15 10:16:42,S,260.0,3,99
2021-06-15 10:16:42,S,259.9,1,3
2021-06-15 10:16:42,S,259.65,3,22
2021-06-15 10:16:46,S,260.95,2,10
2021-06-15 10:16:46,S,261.0,2,392
2021-06-15 10:16:46,S,261.3,2,15
2021-06-15 10:16:46,S,261.45,2,54
2021-06-15 10:16:46,S,261.5,4,136
2021-06-15 10:16:46,S,260.1,3,15
2021-06-15 10:16:46,S,260.05,3,33
2021-06-15 10:16:46,S,260.0,3,99
2021-06-15 10:16:46,S,259.9,1,3
2021-06-15 10:16:46,S,259.65,3,22
2021-06-15 10:16:50,S,260.55,1,6
2021-06-15 10:16:50,S,260.95,1,4
2021-06-15 10:16:50,S,261.0,2,392
2021-06-15 10:16:50,S,261.3,2,15
2021-06-15 10:16:50,S,261.45,2,54
2021-06-15 10:16:50,S,260.1,2,12
2021-06-15 10:16:50,S,260.05,3,33
2021-06-15 10:16:50,S,260.0,3,99
2021-06-15 10:16:50,S,259.9,1,3
2021-06-15 10:16:50,S,259.65,3,22
2021-06-15 10:16:51,S,260.55,1,6
2021-06-15 10:16:51,S,260.95,1,4
2021-06-15 10:16:51,S,261.0,2,392
2021-06-15 10:16:51,S,261.3,2,15
2021-06-15 10:16:51,S,261.45,2,54
2021-06-15 10:16:51,S,260.1,2,12
2021-06-15 10:16:51,S,260.05,3,33
2021-06-15 10:16:51,S,260.0,3,99
2021-06-15 10:16:51,S,259.9,1,3
2021-06-15 10:16:51,S,259.65,3,22
2021-06-15 10:16:53,S,260.55,1,6
2021-06-15 10:16:53,S,260.95,1,4
2021-06-15 10:16:53,S,261.0,2,392
2021-06-15 10:16:53,S,261.3,2,15
2021-06-15 10:16:53,S,261.45,2,54
2021-06-15 10:16:53,S,260.1,2,12
2021-06-15 10:16:53,S,260.05,3,33
2021-06-15 10:16:53,S,260.0,3,99
2021-06-15 10:16:53,S,259.9,1,3
2021-06-15 10:16:53,S,259.65,3,22
2021-06-15 10:16:54,S,260.55,1,6
2021-06-15 10:16:54,S,260.95,1,4
2021-06-15 10:16:54,S,261.0,2,392
2021-06-15 10:16:54,S,261.3,2,15
2021-06-15 10:16:54,S,261.45,2,54
2021-06-15 10:16:54,S,260.1,2,12
2021-06-15 10:16:54,S,260.05,3,33
2021-06-15 10:16:54,S,260.0,3,99
2021-06-15 10:16:54,S,259.9,1,3
2021-06-15 10:16:54,S,259.65,3,22
2021-06-15 10:16:54,S,260.1,1,5
2021-06-15 10:16:54,S,260.5,1,2
2021-06-15 10:16:54,S,260.7,1,4
2021-06-15 10:16:54,S,260.75,1,2
2021-06-15 10:16:54,S,260.95,2,111
2021-06-15 10:16:54,S,260.05,2,13
2021-06-15 10:16:54,S,260.0,3,99
2021-06-15 10:16:54,S,259.65,2,17
2021-06-15 10:16:54,S,259.5,1,20
2021-06-15 10:16:54,S,259.45,3,21
2021-06-15 10:16:57,S,260.1,1,5
2021-06-15 10:16:57,S,260.5,1,2
2021-06-15 10:16:57,S,260.7,1,4
2021-06-15 10:16:57,S,260.75,1,2
2021-06-15 10:16:57,S,260.95,2,111
2021-06-15 10:16:57,S,260.05,2,13
2021-06-15 10:16:57,S,260.0,3,99
2021-06-15 10:16:57,S,259.65,2,17
2021-06-15 10:16:57,S,259.5,1,20
2021-06-15 10:16:57,S,259.45,3,21
2021-06-15 10:16:58,S,260.5,1,4
2021-06-15 10:16:58,S,260.55,1,13
2021-06-15 10:16:58,S,260.75,2,15
2021-06-15 10:16:58,S,260.95,2,111
2021-06-15 10:16:58,S,261.0,3,405
2021-06-15 10:16:58,S,260.05,2,9
2021-06-15 10:16:58,S,260.0,3,99
2021-06-15 10:16:58,S,259.65,2,17
2021-06-15 10:16:58,S,259.5,1,20
2021-06-15 10:16:58,S,259.45,3,21
2021-06-15 10:16:58,S,260.5,1,4
2021-06-15 10:16:58,S,260.55,1,13
2021-06-15 10:16:58,S,260.75,2,15
2021-06-15 10:16:58,S,260.95,2,111
2021-06-15 10:16:58,S,261.0,3,405
2021-06-15 10:16:58,S,260.05,2,9
2021-06-15 10:16:58,S,260.0,3,99
2021-06-15 10:16:58,S,259.65,2,17
2021-06-15 10:16:58,S,259.5,1,20
2021-06-15 10:16:58,S,259.45,3,21
2021-06-15 10:17:00,S,260.5,1,4
2021-06-15 10:17:00,S,260.55,1,13
2021-06-15 10:17:00,S,260.75,2,15
2021-06-15 10:17:00,S,260.95,2,111
2021-06-15 10:17:00,S,261.0,3,405
2021-06-15 10:17:00,S,260.05,2,9
2021-06-15 10:17:00,S,260.0,3,99
2021-06-15 10:17:00,S,259.65,2,17
2021-06-15 10:17:00,S,259.5,1,20
2021-06-15 10:17:00,S,259.45,3,21
2021-06-15 10:17:01,S,260.1,1,40
2021-06-15 10:17:01,S,260.45,1,4
2021-06-15 10:17:01,S,260.5,1,7
2021-06-15 10:17:01,S,260.55,1,2
2021-06-15 10:17:01,S,260.75,2,15
2021-06-15 10:17:01,S,260.05,2,13
2021-06-15 10:17:01,S,260.0,3,98
2021-06-15 10:17:01,S,259.65,2,17
2021-06-15 10:17:01,S,259.5,1,20
2021-06-15 10:17:01,S,259.45,3,21
2021-06-15 10:17:03,S,260.1,1,40
2021-06-15 10:17:03,S,260.45,1,4
2021-06-15 10:17:03,S,260.5,1,7
2021-06-15 10:17:03,S,260.55,1,2
2021-06-15 10:17:03,S,260.75,2,15
2021-06-15 10:17:03,S,260.05,2,13
2021-06-15 10:17:03,S,260.0,3,98
2021-06-15 10:17:03,S,259.65,2,17
2021-06-15 10:17:03,S,259.5,1,20
2021-06-15 10:17:03,S,259.45,3,21
2021-06-15 10:17:06,S,260.9,1,4
2021-06-15 10:17:06,S,260.95,1,100
2021-06-15 10:17:06,S,261.0,2,480
2021-06-15 10:17:06,S,261.15,1,4
2021-06-15 10:17:06,S,261.2,1,2
2021-06-15 10:17:06,S,260.2,2,12
2021-06-15 10:17:06,S,260.0,3,95
2021-06-15 10:17:06,S,259.65,2,17
2021-06-15 10:17:06,S,259.5,3,26
2021-06-15 10:17:06,S,259.45,3,21
2021-06-15 10:17:09,S,260.9,2,9
2021-06-15 10:17:09,S,260.95,1,100
2021-06-15 10:17:09,S,261.0,2,480
2021-06-15 10:17:09,S,261.15,1,4
2021-06-15 10:17:09,S,261.2,1,2
2021-06-15 10:17:09,S,260.1,2,12
2021-06-15 10:17:09,S,260.05,2,35
2021-06-15 10:17:09,S,260.0,3,95
2021-06-15 10:17:09,S,259.65,2,17
2021-06-15 10:17:09,S,259.5,3,26
2021-06-15 10:17:10,S,260.9,2,9
2021-06-15 10:17:10,S,260.95,1,100
2021-06-15 10:17:10,S,261.0,2,480
2021-06-15 10:17:10,S,261.15,1,4
2021-06-15 10:17:10,S,261.2,1,2
2021-06-15 10:17:10,S,260.1,2,12
2021-06-15 10:17:10,S,260.05,2,35
2021-06-15 10:17:10,S,260.0,3,95
2021-06-15 10:17:10,S,259.65,2,17
2021-06-15 10:17:10,S,259.5,3,26
2021-06-15 10:17:13,S,260.9,2,9
2021-06-15 10:17:13,S,260.95,1,100
2021-06-15 10:17:13,S,261.0,2,480
2021-06-15 10:17:13,S,261.15,1,4
2021-06-15 10:17:13,S,261.2,1,2
2021-06-15 10:17:13,S,260.1,2,12
2021-06-15 10:17:13,S,260.05,2,35
2021-06-15 10:17:13,S,260.0,3,95
2021-06-15 10:17:13,S,259.65,2,17
2021-06-15 10:17:13,S,259.5,3,26
2021-06-15 10:17:13,S,259.95,1,4
2021-06-15 10:17:13,S,260.0,1,80
2021-06-15 10:17:13,S,260.1,1,60
2021-06-15 10:17:13,S,260.15,1,2
2021-06-15 10:17:13,S,260.35,1,2
2021-06-15 10:17:13,S,259.3,2,12
2021-06-15 10:17:13,S,259.25,3,70
2021-06-15 10:17:13,S,259.1,2,13
2021-06-15 10:17:13,S,259.05,5,182
2021-06-15 10:17:13,S,259.0,4,946
2021-06-15 10:17:14,S,259.95,1,4
2021-06-15 10:17:14,S,260.0,1,80
2021-06-15 10:17:14,S,260.1,1,60
2021-06-15 10:17:14,S,260.15,1,2
2021-06-15 10:17:14,S,260.35,1,2
2021-06-15 10:17:14,S,259.3,2,12
2021-06-15 10:17:14,S,259.25,3,70
2021-06-15 10:17:14,S,259.1,2,13
2021-06-15 10:17:14,S,259.05,5,182
2021-06-15 10:17:14,S,259.0,4,946
2021-06-15 10:17:17,S,259.95,1,5
2021-06-15 10:17:17,S,260.2,1,4
2021-06-15 10:17:17,S,260.25,1,2
2021-06-15 10:17:17,S,260.3,1,12
2021-06-15 10:17:17,S,260.35,1,4
2021-06-15 10:17:17,S,259.6,2,12
2021-06-15 10:17:17,S,259.55,2,21
2021-06-15 10:17:17,S,259.5,1,14
2021-06-15 10:17:17,S,259.25,2,15
2021-06-15 10:17:17,S,259.1,4,38
2021-06-15 10:17:21,S,259.95,1,5
2021-06-15 10:17:21,S,260.2,1,4
2021-06-15 10:17:21,S,260.25,1,2
2021-06-15 10:17:21,S,260.35,1,4
2021-06-15 10:17:21,S,260.4,1,12
2021-06-15 10:17:21,S,259.7,2,12
2021-06-15 10:17:21,S,259.65,2,20
2021-06-15 10:17:21,S,259.5,1,3
2021-06-15 10:17:21,S,259.25,2,15
2021-06-15 10:17:21,S,259.1,4,218
2021-06-15 10:17:23,S,259.95,1,5
2021-06-15 10:17:23,S,260.2,1,4
2021-06-15 10:17:23,S,260.25,1,2
2021-06-15 10:17:23,S,260.35,1,4
2021-06-15 10:17:23,S,260.4,1,12
2021-06-15 10:17:23,S,259.7,2,12
2021-06-15 10:17:23,S,259.65,2,20
2021-06-15 10:17:23,S,259.5,1,3
2021-06-15 10:17:23,S,259.25,2,15
2021-06-15 10:17:23,S,259.1,4,218
2021-06-15 10:17:25,S,259.7,1,5
2021-06-15 10:17:25,S,259.95,1,4
2021-06-15 10:17:25,S,260.0,1,50
2021-06-15 10:17:25,S,260.45,3,17
2021-06-15 10:17:25,S,260.5,1,4
2021-06-15 10:17:25,S,259.3,2,21
2021-06-15 10:17:25,S,259.25,2,15
2021-06-15 10:17:25,S,259.1,3,213
2021-06-15 10:17:25,S,259.05,5,182
2021-06-15 10:17:25,S,259.0,3,206
2021-06-15 10:17:27,S,259.7,1,5
2021-06-15 10:17:27,S,259.95,1,4
2021-06-15 10:17:27,S,260.0,1,50
2021-06-15 10:17:27,S,260.45,3,17
2021-06-15 10:17:27,S,260.5,1,4
2021-06-15 10:17:27,S,259.3,2,21
2021-06-15 10:17:27,S,259.25,2,15
2021-06-15 10:17:27,S,259.1,3,213
2021-06-15 10:17:27,S,259.05,5,182
2021-06-15 10:17:27,S,259.0,3,206
2021-06-15 10:17:28,S,259.3,1,4
2021-06-15 10:17:28,S,259.6,1,4
2021-06-15 10:17:28,S,259.65,1,2
2021-06-15 10:17:28,S,259.7,1,50
2021-06-15 10:17:28,S,260.0,3,66
2021-06-15 10:17:28,S,259.1,3,213
2021-06-15 10:17:28,S,259.05,4,179
2021-06-15 10:17:28,S,259.0,4,227
2021-06-15 10:17:28,S,258.85,2,60
2021-06-15 10:17:28,S,258.65,1,3
2021-06-15 10:17:29,S,259.3,1,4
2021-06-15 10:17:29,S,259.6,1,4
2021-06-15 10:17:29,S,259.65,1,2
2021-06-15 10:17:29,S,259.7,1,50
2021-06-15 10:17:29,S,260.0,3,66
2021-06-15 10:17:29,S,259.1,3,213
2021-06-15 10:17:29,S,259.05,4,179
2021-06-15 10:17:29,S,259.0,4,227
2021-06-15 10:17:29,S,258.85,2,60
2021-06-15 10:17:29,S,258.65,1,3
2021-06-15 10:17:31,S,259.3,1,4
2021-06-15 10:17:31,S,259.6,1,4
2021-06-15 10:17:31,S,259.65,1,2
2021-06-15 10:17:31,S,259.7,1,50
2021-06-15 10:17:31,S,260.0,3,66
2021-06-15 10:17:31,S,259.1,3,213
2021-06-15 10:17:31,S,259.05,4,179
2021-06-15 10:17:31,S,259.0,4,227
2021-06-15 10:17:31,S,258.85,2,60
2021-06-15 10:17:31,S,258.65,1,3
2021-06-15 10:17:32,S,259.3,1,4
2021-06-15 10:17:32,S,259.6,1,4
2021-06-15 10:17:32,S,259.65,1,2
2021-06-15 10:17:32,S,259.7,1,50
2021-06-15 10:17:32,S,260.0,3,66
2021-06-15 10:17:32,S,259.1,3,213
2021-06-15 10:17:32,S,259.05,4,179
2021-06-15 10:17:32,S,259.0,4,227
2021-06-15 10:17:32,S,258.85,2,60
2021-06-15 10:17:32,S,258.65,1,3
2021-06-15 10:17:33,S,260.8,2,6
2021-06-15 10:17:33,S,260.9,3,216
2021-06-15 10:17:33,S,260.95,4,121
2021-06-15 10:17:33,S,261.0,2,480
2021-06-15 10:17:33,S,261.05,1,4
2021-06-15 10:17:33,S,260.05,1,4
2021-06-15 10:17:33,S,260.0,2,864
2021-06-15 10:17:33,S,259.3,3,16
2021-06-15 10:17:33,S,259.25,2,68
2021-06-15 10:17:33,S,259.1,2,145
2021-06-15 10:17:34,S,260.8,2,6
2021-06-15 10:17:34,S,260.9,3,216
2021-06-15 10:17:34,S,260.95,4,121
2021-06-15 10:17:34,S,261.0,2,480
2021-06-15 10:17:34,S,261.05,1,4
2021-06-15 10:17:34,S,260.05,1,4
2021-06-15 10:17:34,S,260.0,2,864
2021-06-15 10:17:34,S,259.3,3,16
2021-06-15 10:17:34,S,259.25,2,68
2021-06-15 10:17:34,S,259.1,2,145
2021-06-15 10:17:36,S,260.85,1,4
2021-06-15 10:17:36,S,260.9,1,5
2021-06-15 10:17:36,S,260.95,4,121
2021-06-15 10:17:36,S,261.0,2,480
2021-06-15 10:17:36,S,261.05,1,4
2021-06-15 10:17:36,S,260.0,1,806
2021-06-15 10:17:36,S,259.95,2,15
2021-06-15 10:17:36,S,259.75,2,17
2021-06-15 10:17:36,S,259.4,1,3
2021-06-15 10:17:36,S,259.35,2,2
2021-06-15 10:17:40,S,260.7,1,66
2021-06-15 10:17:40,S,260.85,1,4
2021-06-15 10:17:40,S,260.9,1,5
2021-06-15 10:17:40,S,260.95,2,104
2021-06-15 10:17:40,S,261.0,3,482
2021-06-15 10:17:40,S,260.25,1,1000
2021-06-15 10:17:40,S,260.2,2,15
2021-06-15 10:17:40,S,260.05,2,64
2021-06-15 10:17:40,S,260.0,2,818
2021-06-15 10:17:40,S,259.95,2,15
2021-06-15 10:17:41,S,260.7,1,66
2021-06-15 10:17:41,S,260.85,1,4
2021-06-15 10:17:41,S,260.9,1,5
2021-06-15 10:17:41,S,260.95,2,104
2021-06-15 10:17:41,S,261.0,3,482
2021-06-15 10:17:41,S,260.25,1,1000
2021-06-15 10:17:41,S,260.2,2,15
2021-06-15 10:17:41,S,260.05,2,64
2021-06-15 10:17:41,S,260.0,2,818
2021-06-15 10:17:41,S,259.95,2,15
2021-06-15 10:17:41,S,260.7,1,66
2021-06-15 10:17:41,S,260.85,1,4
2021-06-15 10:17:41,S,260.9,1,5
2021-06-15 10:17:41,S,260.95,2,104
2021-06-15 10:17:41,S,261.0,3,482
2021-06-15 10:17:41,S,260.25,1,1000
2021-06-15 10:17:41,S,260.2,2,15
2021-06-15 10:17:41,S,260.05,2,64
2021-06-15 10:17:41,S,260.0,2,818
2021-06-15 10:17:41,S,259.95,2,15
2021-06-15 10:17:42,S,260.7,1,66
2021-06-15 10:17:42,S,260.85,1,4
2021-06-15 10:17:42,S,260.9,1,5
2021-06-15 10:17:42,S,260.95,2,104
2021-06-15 10:17:42,S,261.0,3,482
2021-06-15 10:17:42,S,260.25,1,1000
2021-06-15 10:17:42,S,260.2,2,15
2021-06-15 10:17:42,S,260.05,2,64
2021-06-15 10:17:42,S,260.0,2,818
2021-06-15 10:17:42,S,259.95,2,15
2021-06-15 10:17:43,S,263.3,2,15
2021-06-15 10:17:43,S,263.35,4,25
2021-06-15 10:17:43,S,263.4,2,53
2021-06-15 10:17:43,S,263.45,1,20
2021-06-15 10:17:43,S,263.5,4,321
2021-06-15 10:17:43,S,261.95,1,8
2021-06-15 10:17:43,S,261.9,3,14
2021-06-15 10:17:43,S,261.7,2,16
2021-06-15 10:17:43,S,261.5,2,19
2021-06-15 10:17:43,S,261.3,1,4
2021-06-15 10:17:47,S,263.3,2,15
2021-06-15 10:17:47,S,263.35,4,25
2021-06-15 10:17:47,S,263.4,2,53
2021-06-15 10:17:47,S,263.45,1,20
2021-06-15 10:17:47,S,263.5,4,321
2021-06-15 10:17:47,S,261.95,1,8
2021-06-15 10:17:47,S,261.9,3,14
2021-06-15 10:17:47,S,261.7,2,16
2021-06-15 10:17:47,S,261.5,2,19
2021-06-15 10:17:47,S,261.3,1,4
2021-06-15 10:17:48,S,263.05,2,10
2021-06-15 10:17:48,S,263.15,2,60
2021-06-15 10:17:48,S,263.3,3,25
2021-06-15 10:17:48,S,263.4,2,56
2021-06-15 10:17:48,S,263.45,3,22
2021-06-15 10:17:48,S,262.0,1,4
2021-06-15 10:17:48,S,261.95,3,13
2021-06-15 10:17:48,S,261.9,2,15
2021-06-15 10:17:48,S,261.7,2,16
2021-06-15 10:17:48,S,261.5,1,4
2021-06-15 10:17:49,S,263.05,2,10
2021-06-15 10:17:49,S,263.15,2,60
2021-06-15 10:17:49,S,263.3,3,25
2021-06-15 10:17:49,S,263.4,2,56
2021-06-15 10:17:49,S,263.45,3,22
2021-06-15 10:17:49,S,262.0,1,4
2021-06-15 10:17:49,S,261.95,3,13
2021-06-15 10:17:49,S,261.9,2,15
2021-06-15 10:17:49,S,261.7,2,16
2021-06-15 10:17:49,S,261.5,1,4
2021-06-15 10:17:51,S,262.5,1,6
2021-06-15 10:17:51,S,262.55,1,6
2021-06-15 10:17:51,S,262.85,2,12
2021-06-15 10:17:51,S,263.0,2,3
2021-06-15 10:17:51,S,263.05,2,3
2021-06-15 10:17:51,S,262.15,1,8
2021-06-15 10:17:51,S,262.1,1,3
2021-06-15 10:17:51,S,261.9,2,15
2021-06-15 10:17:51,S,261.75,2,2
2021-06-15 10:17:51,S,261.7,2,16
2021-06-15 10:17:53,S,262.5,1,6
2021-06-15 10:17:53,S,262.55,1,6
2021-06-15 10:17:53,S,262.85,2,12
2021-06-15 10:17:53,S,263.0,2,3
2021-06-15 10:17:53,S,263.05,2,3
2021-06-15 10:17:53,S,262.15,1,8
2021-06-15 10:17:53,S,262.1,1,3
2021-06-15 10:17:53,S,261.9,2,15
2021-06-15 10:17:53,S,261.75,2,2
2021-06-15 10:17:53,S,261.7,2,16
2021-06-15 10:17:54,S,262.5,1,6
2021-06-15 10:17:54,S,262.55,1,6
2021-06-15 10:17:54,S,262.85,2,12
2021-06-15 10:17:54,S,263.0,2,3
2021-06-15 10:17:54,S,263.05,2,3
2021-06-15 10:17:54,S,262.15,1,8
2021-06-15 10:17:54,S,262.1,1,3
2021-06-15 10:17:54,S,261.9,2,15
2021-06-15 10:17:54,S,261.75,2,2
2021-06-15 10:17:54,S,261.7,2,16
2021-06-15 10:17:55,S,263.25,2,10
2021-06-15 10:17:55,S,263.3,2,15
2021-06-15 10:17:55,S,263.35,2,34
2021-06-15 10:17:55,S,263.4,2,56
2021-06-15 10:17:55,S,263.5,5,315
2021-06-15 10:17:55,S,262.1,1,8
2021-06-15 10:17:55,S,262.05,3,16
2021-06-15 10:17:55,S,262.0,2,15
2021-06-15 10:17:55,S,261.7,2,16
2021-06-15 10:17:55,S,261.5,1,4
2021-06-15 10:17:56,S,263.25,2,10
2021-06-15 10:17:56,S,263.3,2,15
2021-06-15 10:17:56,S,263.35,2,34
2021-06-15 10:17:56,S,263.4,2,56
2021-06-15 10:17:56,S,263.5,5,315
2021-06-15 10:17:56,S,262.1,1,8
2021-06-15 10:17:56,S,262.05,3,16
2021-06-15 10:17:56,S,262.0,2,15
2021-06-15 10:17:56,S,261.7,2,16
2021-06-15 10:17:56,S,261.5,1,4
2021-06-15 10:17:57,S,263.25,2,10
2021-06-15 10:17:57,S,263.3,2,15
2021-06-15 10:17:57,S,263.35,2,34
2021-06-15 10:17:57,S,263.4,2,56
2021-06-15 10:17:57,S,263.5,5,315
2021-06-15 10:17:57,S,262.1,1,8
2021-06-15 10:17:57,S,262.05,3,16
2021-06-15 10:17:57,S,262.0,2,15
2021-06-15 10:17:57,S,261.7,2,16
2021-06-15 10:17:57,S,261.5,1,4
2021-06-15 10:17:59,S,263.25,2,10
2021-06-15 10:17:59,S,263.3,2,15
2021-06-15 10:17:59,S,263.35,2,34
2021-06-15 10:17:59,S,263.4,2,56
2021-06-15 10:17:59,S,263.5,5,315
2021-06-15 10:17:59,S,262.1,1,8
2021-06-15 10:17:59,S,262.05,3,16
2021-06-15 10:17:59,S,262.0,2,15
2021-06-15 10:17:59,S,261.7,2,16
2021-06-15 10:17:59,S,261.5,1,4
2021-06-15 10:18:00,S,263.25,2,10
2021-06-15 10:18:00,S,263.3,2,15
2021-06-15 10:18:00,S,263.35,2,34
2021-06-15 10:18:00,S,263.4,2,56
2021-06-15 10:18:00,S,263.5,5,315
2021-06-15 10:18:00,S,262.1,1,8
2021-06-15 10:18:00,S,262.05,3,16
2021-06-15 10:18:00,S,262.0,2,15
2021-06-15 10:18:00,S,261.7,2,16
2021-06-15 10:18:00,S,261.5,1,4
2021-06-15 10:18:02,S,262.55,1,15
2021-06-15 10:18:02,S,262.6,1,1
2021-06-15 10:18:02,S,262.7,2,8
2021-06-15 10:18:02,S,262.85,2,15
2021-06-15 10:18:02,S,263.0,3,214
2021-06-15 10:18:02,S,261.85,2,24
2021-06-15 10:18:02,S,261.75,2,11
2021-06-15 10:18:02,S,261.7,2,17
2021-06-15 10:18:02,S,261.6,2,13
2021-06-15 10:18:02,S,261.55,2,13
2021-06-15 10:18:06,S,262.05,1,15
2021-06-15 10:18:06,S,262.1,1,50
2021-06-15 10:18:06,S,262.2,1,6
2021-06-15 10:18:06,S,262.6,1,1
2021-06-15 10:18:06,S,262.85,2,15
2021-06-15 10:18:06,S,261.75,3,27
2021-06-15 10:18:06,S,261.7,2,17
2021-06-15 10:18:06,S,261.5,2,19
2021-06-15 10:18:06,S,261.4,1,5
2021-06-15 10:18:06,S,261.3,2,9
2021-06-15 10:18:07,S,262.05,1,15
2021-06-15 10:18:07,S,262.1,1,50
2021-06-15 10:18:07,S,262.2,1,6
2021-06-15 10:18:07,S,262.6,1,1
2021-06-15 10:18:07,S,262.85,2,15
2021-06-15 10:18:07,S,261.75,3,27
2021-06-15 10:18:07,S,261.7,2,17
2021-06-15 10:18:07,S,261.5,2,19
2021-06-15 10:18:07,S,261.4,1,5
2021-06-15 10:18:07,S,261.3,2,9
2021-06-15 10:18:08,S,262.05,1,15
2021-06-15 10:18:08,S,262.1,1,50
2021-06-15 10:18:08,S,262.2,1,6
2021-06-15 10:18:08,S,262.6,1,1
2021-06-15 10:18:08,S,262.85,2,15
2021-06-15 10:18:08,S,261.75,3,27
2021-06-15 10:18:08,S,261.7,2,17
2021-06-15 10:18:08,S,261.5,2,19
2021-06-15 10:18:08,S,261.4,1,5
2021-06-15 10:18:08,S,261.3,2,9
2021-06-15 10:18:10,S,261.7,1,16
2021-06-15 10:18:10,S,261.75,2,11
2021-06-15 10:18:10,S,262.0,2,114
2021-06-15 10:18:10,S,262.05,2,15
2021-06-15 10:18:10,S,262.1,1,40
2021-06-15 10:18:10,S,260.8,2,37
2021-06-15 10:18:10,S,260.6,3,15
2021-06-15 10:18:10,S,260.55,1,10
2021-06-15 10:18:10,S,260.5,2,23
2021-06-15 10:18:10,S,260.45,1,57
2021-06-15 10:18:12,S,261.7,1,16
2021-06-15 10:18:12,S,261.75,2,11
2021-06-15 10:18:12,S,262.0,2,114
2021-06-15 10:18:12,S,262.05,2,15
2021-06-15 10:18:12,S,262.1,1,40
2021-06-15 10:18:12,S,260.8,2,37
2021-06-15 10:18:12,S,260.6,3,15
2021-06-15 10:18:12,S,260.55,1,10
2021-06-15 10:18:12,S,260.5,2,23
2021-06-15 10:18:12,S,260.45,1,57
2021-06-15 10:18:13,S,261.95,1,16
2021-06-15 10:18:13,S,262.0,1,86
2021-06-15 10:18:13,S,262.1,1,40
2021-06-15 10:18:13,S,262.25,1,1
2021-06-15 10:18:13,S,262.35,1,3
2021-06-15 10:18:13,S,261.35,2,24
2021-06-15 10:18:13,S,261.3,1,8
2021-06-15 10:18:13,S,261.2,2,11
2021-06-15 10:18:13,S,261.0,3,38
2021-06-15 10:18:13,S,260.9,2,13
2021-06-15 10:18:18,S,261.85,1,16
2021-06-15 10:18:18,S,261.9,2,262
2021-06-15 10:18:18,S,261.95,1,7
2021-06-15 10:18:18,S,262.0,1,86
2021-06-15 10:18:18,S,262.1,2,55
2021-06-15 10:18:18,S,261.4,2,11
2021-06-15 10:18:18,S,261.25,2,30
2021-06-15 10:18:18,S,261.2,2,11
2021-06-15 10:18:18,S,261.0,3,38
2021-06-15 10:18:18,S,260.9,2,13
2021-06-15 10:18:19,S,261.85,1,16
2021-06-15 10:18:19,S,261.9,2,262
2021-06-15 10:18:19,S,261.95,1,7
2021-06-15 10:18:19,S,262.0,1,86
2021-06-15 10:18:19,S,262.1,2,55
2021-06-15 10:18:19,S,261.4,2,11
2021-06-15 10:18:19,S,261.25,2,30
2021-06-15 10:18:19,S,261.2,2,11
2021-06-15 10:18:19,S,261.0,3,38
2021-06-15 10:18:19,S,260.9,2,13
2021-06-15 10:18:22,S,261.85,1,16
2021-06-15 10:18:22,S,261.9,2,262
2021-06-15 10:18:22,S,261.95,1,7
2021-06-15 10:18:22,S,262.0,1,86
2021-06-15 10:18:22,S,262.1,2,55
2021-06-15 10:18:22,S,261.4,2,11
2021-06-15 10:18:22,S,261.25,2,30
2021-06-15 10:18:22,S,261.2,2,11
2021-06-15 10:18:22,S,261.0,3,38
2021-06-15 10:18:22,S,260.9,2,13
2021-06-15 10:18:23,S,261.85,1,16
2021-06-15 10:18:23,S,261.9,2,262
2021-06-15 10:18:23,S,261.95,1,7
2021-06-15 10:18:23,S,262.0,1,86
2021-06-15 10:18:23,S,262.1,2,55
2021-06-15 10:18:23,S,261.4,2,11
2021-06-15 10:18:23,S,261.25,2,30
2021-06-15 10:18:23,S,261.2,2,11
2021-06-15 10:18:23,S,261.0,3,38
2021-06-15 10:18:23,S,260.9,2,13
2021-06-15 10:18:25,S,261.8,1,12
2021-06-15 10:18:25,S,261.9,2,55
2021-06-15 10:18:25,S,262.0,3,103
2021-06-15 10:18:25,S,262.2,1,2
2021-06-15 10:18:25,S,262.3,2,4
2021-06-15 10:18:25,S,260.85,2,24
2021-06-15 10:18:25,S,260.8,2,36
2021-06-15 10:18:25,S,260.7,3,22
2021-06-15 10:18:25,S,260.6,1,5
2021-06-15 10:18:25,S,260.55,1,20
2021-06-15 10:18:27,S,261.8,1,12
2021-06-15 10:18:27,S,261.9,2,55
2021-06-15 10:18:27,S,262.0,3,103
2021-06-15 10:18:27,S,262.2,1,2
2021-06-15 10:18:27,S,262.3,2,4
2021-06-15 10:18:27,S,260.85,2,24
2021-06-15 10:18:27,S,260.8,2,36
2021-06-15 10:18:27,S,260.7,3,22
2021-06-15 10:18:27,S,260.6,1,5
2021-06-15 10:18:27,S,260.55,1,20
2021-06-15 10:18:28,S,261.8,1,12
2021-06-15 10:18:28,S,261.9,2,55
2021-06-15 10:18:28,S,262.0,3,103
2021-06-15 10:18:28,S,262.2,1,2
2021-06-15 10:18:28,S,262.3,2,4
2021-06-15 10:18:28,S,260.85,2,24
2021-06-15 10:18:28,S,260.8,2,36
2021-06-15 10:18:28,S,260.7,3,22
2021-06-15 10:18:28,S,260.6,1,5
2021-06-15 10:18:28,S,260.55,1,20
2021-06-15 10:18:29,S,261.8,2,37
2021-06-15 10:18:29,S,261.9,2,52
2021-06-15 10:18:29,S,262.0,2,101
2021-06-15 10:18:29,S,262.15,1,2
2021-06-15 10:18:29,S,262.35,1,3
2021-06-15 10:18:29,S,261.0,2,24
2021-06-15 10:18:29,S,260.9,2,15
2021-06-15 10:18:29,S,260.8,2,36
2021-06-15 10:18:29,S,260.7,2,17
2021-06-15 10:18:29,S,260.55,1,5
2021-06-15 10:18:29,S,261.8,2,37
2021-06-15 10:18:29,S,261.9,2,52
2021-06-15 10:18:29,S,262.0,2,101
2021-06-15 10:18:29,S,262.15,1,2
2021-06-15 10:18:29,S,262.35,1,3
2021-06-15 10:18:29,S,261.0,2,24
2021-06-15 10:18:29,S,260.9,2,15
2021-06-15 10:18:29,S,260.8,2,36
2021-06-15 10:18:29,S,260.7,2,17
2021-06-15 10:18:29,S,260.55,1,5
2021-06-15 10:18:31,S,261.8,2,37
2021-06-15 10:18:31,S,261.9,2,52
2021-06-15 10:18:31,S,262.0,2,101
2021-06-15 10:18:31,S,262.15,1,2
2021-06-15 10:18:31,S,262.35,1,3
2021-06-15 10:18:31,S,261.0,2,24
2021-06-15 10:18:31,S,260.9,2,15
2021-06-15 10:18:31,S,260.8,2,36
2021-06-15 10:18:31,S,260.7,2,17
2021-06-15 10:18:31,S,260.55,1,5
2021-06-15 10:18:32,S,261.8,3,118
2021-06-15 10:18:32,S,261.9,2,52
2021-06-15 10:18:32,S,262.0,2,101
2021-06-15 10:18:32,S,262.2,1,2
2021-06-15 10:18:32,S,262.4,1,1
2021-06-15 10:18:32,S,261.2,2,24
2021-06-15 10:18:32,S,261.15,2,11
2021-06-15 10:18:32,S,260.9,2,15
2021-06-15 10:18:32,S,260.8,2,36
2021-06-15 10:18:32,S,260.7,2,17
2021-06-15 10:18:35,S,261.5,1,5
2021-06-15 10:18:35,S,261.8,2,113
2021-06-15 10:18:35,S,261.9,2,52
2021-06-15 10:18:35,S,262.0,3,103
2021-06-15 10:18:35,S,262.2,1,2
2021-06-15 10:18:35,S,261.2,2,24
2021-06-15 10:18:35,S,261.15,2,11
2021-06-15 10:18:35,S,260.9,2,15
2021-06-15 10:18:35,S,260.8,2,36
2021-06-15 10:18:35,S,260.7,2,17
2021-06-15 10:18:38,S,261.5,1,5
2021-06-15 10:18:38,S,261.8,2,113
2021-06-15 10:18:38,S,261.9,2,52
2021-06-15 10:18:38,S,262.0,3,103
2021-06-15 10:18:38,S,262.2,1,2
2021-06-15 10:18:38,S,261.2,2,24
2021-06-15 10:18:38,S,261.15,2,11
2021-06-15 10:18:38,S,260.9,2,15
2021-06-15 10:18:38,S,260.8,2,36
2021-06-15 10:18:38,S,260.7,2,17
2021-06-15 10:18:39,S,261.2,1,3
2021-06-15 10:18:39,S,261.7,3,30
2021-06-15 10:18:39,S,261.8,3,128
2021-06-15 10:18:39,S,261.9,3,54
2021-06-15 10:18:39,S,262.0,2,101
2021-06-15 10:18:39,S,261.0,2,24
2021-06-15 10:18:39,S,260.9,2,15
2021-06-15 10:18:39,S,260.85,2,28
2021-06-15 10:18:39,S,260.8,2,36
2021-06-15 10:18:39,S,260.7,2,17
2021-06-15 10:18:42,S,261.2,1,3
2021-06-15 10:18:42,S,261.7,3,30
2021-06-15 10:18:42,S,261.8,3,128
2021-06-15 10:18:42,S,261.9,3,54
2021-06-15 10:18:42,S,262.0,2,101
2021-06-15 10:18:42,S,261.0,2,24
2021-06-15 10:18:42,S,260.9,2,15
2021-06-15 10:18:42,S,260.85,2,28
2021-06-15 10:18:42,S,260.8,2,36
2021-06-15 10:18:42,S,260.7,2,17
2021-06-15 10:18:42,S,261.8,2,102
2021-06-15 10:18:42,S,261.9,2,52
2021-06-15 10:18:42,S,262.0,3,103
2021-06-15 10:18:42,S,262.2,1,2
2021-06-15 10:18:42,S,262.4,1,1
2021-06-15 10:18:42,S,261.25,2,24
2021-06-15 10:18:42,S,261.2,1,8
2021-06-15 10:18:42,S,261.15,1,8
2021-06-15 10:18:42,S,261.1,1,8
2021-06-15 10:18:42,S,261.0,1,8
2021-06-15 10:18:46,S,261.8,3,108
2021-06-15 10:18:46,S,261.9,2,52
2021-06-15 10:18:46,S,262.0,3,103
2021-06-15 10:18:46,S,262.2,1,2
2021-06-15 10:18:46,S,262.4,1,1
2021-06-15 10:18:46,S,261.25,2,11
2021-06-15 10:18:46,S,260.95,2,31
2021-06-15 10:18:46,S,260.9,3,30
2021-06-15 10:18:46,S,260.8,2,36
2021-06-15 10:18:46,S,260.7,2,17
2021-06-15 10:18:48,S,261.8,3,108
2021-06-15 10:18:48,S,261.9,2,52
2021-06-15 10:18:48,S,262.0,3,103
2021-06-15 10:18:48,S,262.2,1,2
2021-06-15 10:18:48,S,262.4,1,1
2021-06-15 10:18:48,S,261.25,2,11
2021-06-15 10:18:48,S,260.95,2,31
2021-06-15 10:18:48,S,260.9,3,30
2021-06-15 10:18:48,S,260.8,2,36
2021-06-15 10:18:48,S,260.7,2,17
2021-06-15 10:18:50,S,261.55,1,6
2021-06-15 10:18:50,S,261.8,3,114
2021-06-15 10:18:50,S,261.9,2,52
2021-06-15 10:18:50,S,262.0,3,103
2021-06-15 10:18:50,S,262.2,1,2
2021-06-15 10:18:50,S,261.1,2,24
2021-06-15 10:18:50,S,261.05,3,23
2021-06-15 10:18:50,S,260.9,2,27
2021-06-15 10:18:50,S,260.8,2,36
2021-06-15 10:18:50,S,260.7,2,17
2021-06-15 10:18:53,S,261.55,1,6
2021-06-15 10:18:53,S,261.8,3,114
2021-06-15 10:18:53,S,261.9,2,52
2021-06-15 10:18:53,S,262.0,3,103
2021-06-15 10:18:53,S,262.2,1,2
2021-06-15 10:18:53,S,261.1,2,24
2021-06-15 10:18:53,S,261.05,3,23
2021-06-15 10:18:53,S,260.9,2,27
2021-06-15 10:18:53,S,260.8,2,36
2021-06-15 10:18:53,S,260.7,2,17
2021-06-15 10:18:54,S,261.55,1,6
2021-06-15 10:18:54,S,261.8,3,114
2021-06-15 10:18:54,S,261.9,2,52
2021-06-15 10:18:54,S,262.0,3,103
2021-06-15 10:18:54,S,262.2,1,2
2021-06-15 10:18:54,S,261.1,2,24
2021-06-15 10:18:54,S,261.05,3,23
2021-06-15 10:18:54,S,260.9,2,27
2021-06-15 10:18:54,S,260.8,2,36
2021-06-15 10:18:54,S,260.7,2,17
2021-06-15 10:18:54,S,261.55,2,22
2021-06-15 10:18:54,S,261.65,1,12
2021-06-15 10:18:54,S,261.8,2,102
2021-06-15 10:18:54,S,261.85,1,20
2021-06-15 10:18:54,S,261.9,2,52
2021-06-15 10:18:54,S,261.25,1,3
2021-06-15 10:18:54,S,261.1,1,16
2021-06-15 10:18:54,S,261.05,1,3
2021-06-15 10:18:54,S,260.9,2,27
2021-06-15 10:18:54,S,260.8,2,36
2021-06-15 10:18:57,S,261.55,2,22
2021-06-15 10:18:57,S,261.65,1,12
2021-06-15 10:18:57,S,261.8,2,102
2021-06-15 10:18:57,S,261.85,1,20
2021-06-15 10:18:57,S,261.9,2,52
2021-06-15 10:18:57,S,261.25,1,3
2021-06-15 10:18:57,S,261.1,1,16
2021-06-15 10:18:57,S,261.05,1,3
2021-06-15 10:18:57,S,260.9,2,27
2021-06-15 10:18:57,S,260.8,2,36
2021-06-15 10:18:58,S,261.8,2,98
2021-06-15 10:18:58,S,261.9,2,52
2021-06-15 10:18:58,S,262.0,2,101
2021-06-15 10:18:58,S,262.2,1,2
2021-06-15 10:18:58,S,262.35,1,58
2021-06-15 10:18:58,S,261.0,3,37
2021-06-15 10:18:58,S,260.95,2,15
2021-06-15 10:18:58,S,260.9,2,27
2021-06-15 10:18:58,S,260.8,2,36
2021-06-15 10:18:58,S,260.7,2,17
2021-06-15 10:19:01,S,261.8,4,114
2021-06-15 10:19:01,S,261.9,2,52
2021-06-15 10:19:01,S,261.95,2,17
2021-06-15 10:19:01,S,262.0,2,101
2021-06-15 10:19:01,S,262.2,1,2
2021-06-15 10:19:01,S,261.0,2,24
2021-06-15 10:19:01,S,260.95,2,15
2021-06-15 10:19:01,S,260.9,2,27
2021-06-15 10:19:01,S,260.8,2,36
2021-06-15 10:19:01,S,260.7,2,17
2021-06-15 10:19:04,S,261.8,4,114
2021-06-15 10:19:04,S,261.9,2,52
2021-06-15 10:19:04,S,261.95,2,17
2021-06-15 10:19:04,S,262.0,2,101
2021-06-15 10:19:04,S,262.2,1,2
2021-06-15 10:19:04,S,261.0,2,24
2021-06-15 10:19:04,S,260.95,2,15
2021-06-15 10:19:04,S,260.9,2,27
2021-06-15 10:19:04,S,260.8,2,36
2021-06-15 10:19:04,S,260.7,2,17
2021-06-15 10:19:05,S,261.0,1,100
2021-06-15 10:19:05,S,261.35,2,29
2021-06-15 10:19:05,S,261.4,2,18
2021-06-15 10:19:05,S,261.75,2,14
2021-06-15 10:19:05,S,261.8,4,120
2021-06-15 10:19:05,S,260.3,1,11
2021-06-15 10:19:05,S,260.25,3,560
2021-06-15 10:19:05,S,260.05,4,72
2021-06-15 10:19:05,S,260.0,3,832
2021-06-15 10:19:05,S,259.95,1,5
2021-06-15 10:19:06,S,261.0,1,100
2021-06-15 10:19:06,S,261.35,2,29
2021-06-15 10:19:06,S,261.4,2,18
2021-06-15 10:19:06,S,261.75,2,14
2021-06-15 10:19:06,S,261.8,4,120
2021-06-15 10:19:06,S,260.3,1,11
2021-06-15 10:19:06,S,260.25,3,560
2021-06-15 10:19:06,S,260.05,4,72
2021-06-15 10:19:06,S,260.0,3,832
2021-06-15 10:19:06,S,259.95,1,5
2021-06-15 10:19:08,S,261.0,1,100
2021-06-15 10:19:08,S,261.35,2,29
2021-06-15 10:19:08,S,261.4,2,18
2021-06-15 10:19:08,S,261.75,2,14
2021-06-15 10:19:08,S,261.8,4,120
2021-06-15 10:19:08,S,260.3,1,11
2021-06-15 10:19:08,S,260.25,3,560
2021-06-15 10:19:08,S,260.05,4,72
2021-06-15 10:19:08,S,260.0,3,832
2021-06-15 10:19:08,S,259.95,1,5
2021-06-15 10:19:09,S,261.0,1,100
2021-06-15 10:19:09,S,261.7,2,29
2021-06-15 10:19:09,S,261.75,3,31
2021-06-15 10:19:09,S,261.8,5,133
2021-06-15 10:19:09,S,261.85,1,20
2021-06-15 10:19:09,S,260.35,3,27
2021-06-15 10:19:09,S,260.25,4,572
2021-06-15 10:19:09,S,260.05,5,77
2021-06-15 10:19:09,S,260.0,4,847
2021-06-15 10:19:09,S,259.95,1,5
2021-06-15 10:19:12,S,261.0,1,100
2021-06-15 10:19:12,S,261.7,2,29
2021-06-15 10:19:12,S,261.75,3,31
2021-06-15 10:19:12,S,261.8,5,133
2021-06-15 10:19:12,S,261.85,1,20
2021-06-15 10:19:12,S,260.35,3,27
2021-06-15 10:19:12,S,260.25,4,572
2021-06-15 10:19:12,S,260.05,5,77
2021-06-15 10:19:12,S,260.0,4,847
2021-06-15 10:19:12,S,259.95,1,5
2021-06-15 10:19:12,S,261.0,1,29
2021-06-15 10:19:12,S,261.6,2,14
2021-06-15 10:19:12,S,261.75,2,18
2021-06-15 10:19:12,S,261.8,5,133
2021-06-15 10:19:12,S,261.9,3,57
2021-06-15 10:19:12,S,260.75,1,16
2021-06-15 10:19:12,S,260.7,1,13
2021-06-15 10:19:12,S,260.35,2,18
2021-06-15 10:19:12,S,260.3,2,212
2021-06-15 10:19:12,S,260.25,4,572
2021-06-15 10:19:19,S,261.0,1,29
2021-06-15 10:19:19,S,261.6,2,14
2021-06-15 10:19:19,S,261.75,2,18
2021-06-15 10:19:19,S,261.8,5,133
2021-06-15 10:19:19,S,261.9,3,57
2021-06-15 10:19:19,S,260.75,1,16
2021-06-15 10:19:19,S,260.7,1,13
2021-06-15 10:19:19,S,260.35,2,18
2021-06-15 10:19:19,S,260.3,2,212
2021-06-15 10:19:19,S,260.25,4,572
2021-06-15 10:19:20,S,260.8,1,7
2021-06-15 10:19:20,S,261.0,2,103
2021-06-15 10:19:20,S,261.25,2,14
2021-06-15 10:19:20,S,261.6,2,14
2021-06-15 10:19:20,S,261.75,3,23
2021-06-15 10:19:20,S,260.55,2,24
2021-06-15 10:19:20,S,260.5,2,18
2021-06-15 10:19:20,S,260.35,2,18
2021-06-15 10:19:20,S,260.3,2,212
2021-06-15 10:19:20,S,260.25,5,575
2021-06-15 10:19:23,S,260.8,1,7
2021-06-15 10:19:23,S,261.0,2,103
2021-06-15 10:19:23,S,261.25,2,14
2021-06-15 10:19:23,S,261.6,2,14
2021-06-15 10:19:23,S,261.75,3,23
2021-06-15 10:19:23,S,260.55,2,24
2021-06-15 10:19:23,S,260.5,2,18
2021-06-15 10:19:23,S,260.35,2,18
2021-06-15 10:19:23,S,260.3,2,212
2021-06-15 10:19:23,S,260.25,5,575
2021-06-15 10:19:24,S,260.8,1,7
2021-06-15 10:19:24,S,261.0,2,103
2021-06-15 10:19:24,S,261.25,2,14
2021-06-15 10:19:24,S,261.6,2,14
2021-06-15 10:19:24,S,261.75,3,23
2021-06-15 10:19:24,S,260.55,2,24
2021-06-15 10:19:24,S,260.5,2,18
2021-06-15 10:19:24,S,260.35,2,18
2021-06-15 10:19:24,S,260.3,2,212
2021-06-15 10:19:24,S,260.25,5,575
2021-06-15 10:19:28,S,261.0,1,100
2021-06-15 10:19:28,S,261.45,2,14
2021-06-15 10:19:28,S,261.65,3,34
2021-06-15 10:19:28,S,261.7,2,20
2021-06-15 10:19:28,S,261.75,3,25
2021-06-15 10:19:28,S,260.6,1,16
2021-06-15 10:19:28,S,260.55,2,21
2021-06-15 10:19:28,S,260.5,2,11
2021-06-15 10:19:28,S,260.3,3,215
2021-06-15 10:19:28,S,260.25,4,77
2021-06-15 10:19:30,S,261.0,1,100
2021-06-15 10:19:30,S,261.45,2,14
2021-06-15 10:19:30,S,261.65,3,34
2021-06-15 10:19:30,S,261.7,2,20
2021-06-15 10:19:30,S,261.75,3,25
2021-06-15 10:19:30,S,260.6,1,16
2021-06-15 10:19:30,S,260.55,2,21
2021-06-15 10:19:30,S,260.5,2,11
2021-06-15 10:19:30,S,260.3,3,215
2021-06-15 10:19:30,S,260.25,4,77
2021-06-15 10:19:31,S,260.95,2,17
2021-06-15 10:19:31,S,261.0,3,117
2021-06-15 10:19:31,S,261.25,2,17
2021-06-15 10:19:31,S,261.45,2,14
2021-06-15 10:19:31,S,261.55,1,60
2021-06-15 10:19:31,S,260.35,2,24
2021-06-15 10:19:31,S,260.3,3,215
2021-06-15 10:19:31,S,260.25,3,72
2021-06-15 10:19:31,S,260.05,4,72
2021-06-15 10:19:31,S,260.0,4,847
2021-06-15 10:19:34,S,260.95,2,17
2021-06-15 10:19:34,S,261.0,3,117
2021-06-15 10:19:34,S,261.25,2,17
2021-06-15 10:19:34,S,261.45,2,14
2021-06-15 10:19:34,S,261.55,1,60
2021-06-15 10:19:34,S,260.35,2,24
2021-06-15 10:19:34,S,260.3,3,215
2021-06-15 10:19:34,S,260.25,3,72
2021-06-15 10:19:34,S,260.05,4,72
2021-06-15 10:19:34,S,260.0,4,847
2021-06-15 10:19:34,S,260.95,1,7
2021-06-15 10:19:34,S,261.0,2,112
2021-06-15 10:19:34,S,261.25,2,17
2021-06-15 10:19:34,S,261.45,2,14
2021-06-15 10:19:34,S,261.55,1,60
2021-06-15 10:19:34,S,260.45,2,24
2021-06-15 10:19:34,S,260.3,2,212
2021-06-15 10:19:34,S,260.25,3,72
2021-06-15 10:19:34,S,260.05,4,72
2021-06-15 10:19:34,S,260.0,4,847
2021-06-15 10:19:42,S,261.0,1,100
2021-06-15 10:19:42,S,261.2,1,13
2021-06-15 10:19:42,S,261.45,2,14
2021-06-15 10:19:42,S,261.55,2,67
2021-06-15 10:19:42,S,261.65,2,14
2021-06-15 10:19:42,S,260.55,1,16
2021-06-15 10:19:42,S,260.5,2,20
2021-06-15 10:19:42,S,260.45,1,8
2021-06-15 10:19:42,S,260.4,2,9
2021-06-15 10:19:42,S,260.3,2,212
2021-06-15 10:19:45,S,261.0,3,187
2021-06-15 10:19:45,S,261.25,2,17
2021-06-15 10:19:45,S,261.45,2,14
2021-06-15 10:19:45,S,261.5,1,20
2021-06-15 10:19:45,S,261.55,2,67
2021-06-15 10:19:45,S,260.45,2,24
2021-06-15 10:19:45,S,260.4,2,9
2021-06-15 10:19:45,S,260.3,2,212
2021-06-15 10:19:45,S,260.25,3,72
2021-06-15 10:19:45,S,260.05,4,72
2021-06-15 10:19:48,S,261.0,3,187
2021-06-15 10:19:48,S,261.25,2,17
2021-06-15 10:19:48,S,261.45,2,14
2021-06-15 10:19:48,S,261.5,1,20
2021-06-15 10:19:48,S,261.55,2,67
2021-06-15 10:19:48,S,260.45,2,24
2021-06-15 10:19:48,S,260.4,2,9
2021-06-15 10:19:48,S,260.3,2,212
2021-06-15 10:19:48,S,260.25,3,72
2021-06-15 10:19:48,S,260.05,4,72
2021-06-15 10:19:49,S,260.75,1,5
2021-06-15 10:19:49,S,260.95,1,1
2021-06-15 10:19:49,S,261.0,2,45
2021-06-15 10:19:49,S,261.25,1,2
2021-06-15 10:19:49,S,261.45,2,14
2021-06-15 10:19:49,S,260.5,2,24
2021-06-15 10:19:49,S,260.4,2,9
2021-06-15 10:19:49,S,260.35,2,28
2021-06-15 10:19:49,S,260.25,4,75
2021-06-15 10:19:49,S,260.05,4,72
2021-06-15 10:19:50,S,260.75,1,5
2021-06-15 10:19:50,S,260.95,1,1
2021-06-15 10:19:50,S,261.0,2,45
2021-06-15 10:19:50,S,261.25,1,2
2021-06-15 10:19:50,S,261.45,2,14
2021-06-15 10:19:50,S,260.5,2,24
2021-06-15 10:19:50,S,260.4,2,9
2021-06-15 10:19:50,S,260.35,2,28
2021-06-15 10:19:50,S,260.25,4,75
2021-06-15 10:19:50,S,260.05,4,72
2021-06-15 10:19:52,S,260.75,1,5
2021-06-15 10:19:52,S,260.95,1,1
2021-06-15 10:19:52,S,261.0,2,45
2021-06-15 10:19:52,S,261.25,1,2
2021-06-15 10:19:52,S,261.45,2,14
2021-06-15 10:19:52,S,260.55,2,24
2021-06-15 10:19:52,S,260.35,2,27
2021-06-15 10:19:52,S,260.25,4,75
2021-06-15 10:19:52,S,260.1,1,20
2021-06-15 10:19:52,S,260.05,4,72
2021-06-15 10:19:56,S,260.95,1,16
2021-06-15 10:19:56,S,261.0,2,45
2021-06-15 10:19:56,S,261.25,2,17
2021-06-15 10:19:56,S,261.45,2,14
2021-06-15 10:19:56,S,261.55,1,52
2021-06-15 10:19:56,S,260.55,2,12
2021-06-15 10:19:56,S,260.25,4,75
2021-06-15 10:19:56,S,260.1,1,20
2021-06-15 10:19:56,S,260.05,3,67
2021-06-15 10:19:56,S,260.0,4,847
2021-06-15 10:19:58,S,260.95,1,16
2021-06-15 10:19:58,S,261.0,2,45
2021-06-15 10:19:58,S,261.25,2,17
2021-06-15 10:19:58,S,261.45,2,14
2021-06-15 10:19:58,S,261.55,1,52
2021-06-15 10:19:58,S,260.55,2,12
2021-06-15 10:19:58,S,260.25,4,75
2021-06-15 10:19:58,S,260.1,1,20
2021-06-15 10:19:58,S,260.05,3,67
2021-06-15 10:19:58,S,260.0,4,847
2021-06-15 10:19:58,S,260.95,1,16
2021-06-15 10:19:58,S,261.0,2,45
2021-06-15 10:19:58,S,261.25,2,17
2021-06-15 10:19:58,S,261.45,2,14
2021-06-15 10:19:58,S,261.55,1,52
2021-06-15 10:19:58,S,260.55,2,12
2021-06-15 10:19:58,S,260.25,4,75
2021-06-15 10:19:58,S,260.1,1,20
2021-06-15 10:19:58,S,260.05,3,67
2021-06-15 10:19:58,S,260.0,4,847
2021-06-15 10:20:00,S,260.7,1,1
2021-06-15 10:20:00,S,260.95,1,32
2021-06-15 10:20:00,S,261.0,2,95
2021-06-15 10:20:00,S,261.25,2,17
2021-06-15 10:20:00,S,261.45,2,14
2021-06-15 10:20:00,S,260.4,2,40
2021-06-15 10:20:00,S,260.2,2,19
2021-06-15 10:20:00,S,260.05,1,3
2021-06-15 10:20:00,S,260.0,4,842
2021-06-15 10:20:00,S,259.85,2,13
2021-06-15 10:20:03,S,260.7,1,1
2021-06-15 10:20:03,S,260.95,1,32
2021-06-15 10:20:03,S,261.0,2,95
2021-06-15 10:20:03,S,261.25,2,17
2021-06-15 10:20:03,S,261.45,2,14
2021-06-15 10:20:03,S,260.4,2,40
2021-06-15 10:20:03,S,260.2,2,19
2021-06-15 10:20:03,S,260.05,1,3
2021-06-15 10:20:03,S,260.0,4,842
2021-06-15 10:20:03,S,259.85,2,13
2021-06-15 10:20:04,S,260.55,2,27
2021-06-15 10:20:04,S,260.65,2,44
2021-06-15 10:20:04,S,260.7,3,18
2021-06-15 10:20:04,S,260.85,1,2
2021-06-15 10:20:04,S,261.0,2,95
2021-06-15 10:20:04,S,260.05,2,29
2021-06-15 10:20:04,S,260.0,4,837
2021-06-15 10:20:04,S,259.85,2,12
2021-06-15 10:20:04,S,259.7,2,18
2021-06-15 10:20:04,S,259.65,2,73
2021-06-15 10:20:06,S,260.55,2,27
2021-06-15 10:20:06,S,260.65,2,44
2021-06-15 10:20:06,S,260.7,3,18
2021-06-15 10:20:06,S,260.85,1,2
2021-06-15 10:20:06,S,261.0,2,95
2021-06-15 10:20:06,S,260.05,2,29
2021-06-15 10:20:06,S,260.0,4,837
2021-06-15 10:20:06,S,259.85,2,12
2021-06-15 10:20:06,S,259.7,2,18
2021-06-15 10:20:06,S,259.65,2,73
2021-06-15 10:20:08,S,260.65,1,26
2021-06-15 10:20:08,S,260.7,2,13
2021-06-15 10:20:08,S,260.85,2,17
2021-06-15 10:20:08,S,261.0,4,102
2021-06-15 10:20:08,S,261.25,2,17
2021-06-15 10:20:08,S,260.15,4,55
2021-06-15 10:20:08,S,260.0,5,840
2021-06-15 10:20:08,S,259.85,2,12
2021-06-15 10:20:08,S,259.7,3,38
2021-06-15 10:20:08,S,259.65,2,73
2021-06-15 10:20:12,S,260.65,1,26
2021-06-15 10:20:12,S,260.7,1,1
2021-06-15 10:20:12,S,260.85,2,17
2021-06-15 10:20:12,S,260.95,1,1
2021-06-15 10:20:12,S,261.0,4,102
2021-06-15 10:20:12,S,260.15,4,55
2021-06-15 10:20:12,S,260.0,5,840
2021-06-15 10:20:12,S,259.85,2,12
2021-06-15 10:20:12,S,259.7,3,38
2021-06-15 10:20:12,S,259.65,2,73
2021-06-15 10:20:15,S,260.65,2,31
2021-06-15 10:20:15,S,260.7,2,26
2021-06-15 10:20:15,S,260.85,2,17
2021-06-15 10:20:15,S,260.95,1,1
2021-06-15 10:20:15,S,261.0,3,77
2021-06-15 10:20:15,S,260.15,3,43
2021-06-15 10:20:15,S,260.0,5,840
2021-06-15 10:20:15,S,259.85,2,12
2021-06-15 10:20:15,S,259.7,3,38
2021-06-15 10:20:15,S,259.65,2,73
2021-06-15 10:20:19,S,260.4,1,5
2021-06-15 10:20:19,S,260.65,1,26
2021-06-15 10:20:19,S,260.7,3,41
2021-06-15 10:20:19,S,260.85,3,21
2021-06-15 10:20:19,S,260.95,1,1
2021-06-15 10:20:19,S,260.15,2,40
2021-06-15 10:20:19,S,260.0,6,852
2021-06-15 10:20:19,S,259.85,2,12
2021-06-15 10:20:19,S,259.7,3,38
2021-06-15 10:20:19,S,259.65,2,73
2021-06-15 10:20:22,S,260.4,1,5
2021-06-15 10:20:22,S,260.65,2,39
2021-06-15 10:20:22,S,260.7,4,43
2021-06-15 10:20:22,S,260.85,2,17
2021-06-15 10:20:22,S,260.95,1,1
2021-06-15 10:20:22,S,260.05,2,40
2021-06-15 10:20:22,S,260.0,6,852
2021-06-15 10:20:22,S,259.85,2,12
2021-06-15 10:20:22,S,259.7,2,18
2021-06-15 10:20:22,S,259.65,2,73
2021-06-15 10:20:26,S,260.45,2,36
2021-06-15 10:20:26,S,260.5,2,16
2021-06-15 10:20:26,S,260.55,1,4
2021-06-15 10:20:26,S,260.6,1,4
2021-06-15 10:20:26,S,260.65,2,513
2021-06-15 10:20:26,S,260.05,1,5
2021-06-15 10:20:26,S,260.0,3,832
2021-06-15 10:20:26,S,259.8,2,28
2021-06-15 10:20:26,S,259.7,2,18
2021-06-15 10:20:26,S,259.65,3,76
2021-06-15 10:20:30,S,260.4,2,29
2021-06-15 10:20:30,S,260.45,2,36
2021-06-15 10:20:30,S,260.5,2,16
2021-06-15 10:20:30,S,260.55,1,2
2021-06-15 10:20:30,S,260.65,2,513
2021-06-15 10:20:30,S,260.05,1,5
2021-06-15 10:20:30,S,260.0,3,832
2021-06-15 10:20:30,S,259.9,1,3
2021-06-15 10:20:30,S,259.8,2,28
2021-06-15 10:20:30,S,259.7,2,18
2021-06-15 10:20:33,S,260.4,3,36
2021-06-15 10:20:33,S,260.45,2,36
2021-06-15 10:20:33,S,260.5,2,16
2021-06-15 10:20:33,S,260.55,1,2
2021-06-15 10:20:33,S,260.65,2,513
2021-06-15 10:20:33,S,260.05,1,5
2021-06-15 10:20:33,S,260.0,3,832
2021-06-15 10:20:33,S,259.9,1,3
2021-06-15 10:20:33,S,259.75,1,12
2021-06-15 10:20:33,S,259.7,2,18
2021-06-15 10:20:37,S,260.15,1,20
2021-06-15 10:20:37,S,260.25,1,7
2021-06-15 10:20:37,S,260.35,2,45
2021-06-15 10:20:37,S,260.4,3,38
2021-06-15 10:20:37,S,260.55,1,2
2021-06-15 10:20:37,S,260.0,3,832
2021-06-15 10:20:37,S,259.75,2,17
2021-06-15 10:20:37,S,259.7,2,18
2021-06-15 10:20:37,S,259.65,3,76
2021-06-15 10:20:37,S,259.5,1,3
2021-06-15 10:20:38,S,260.15,1,20
2021-06-15 10:20:38,S,260.25,1,7
2021-06-15 10:20:38,S,260.35,2,45
2021-06-15 10:20:38,S,260.4,3,38
2021-06-15 10:20:38,S,260.55,1,2
2021-06-15 10:20:38,S,260.0,3,832
2021-06-15 10:20:38,S,259.75,2,17
2021-06-15 10:20:38,S,259.7,2,18
2021-06-15 10:20:38,S,259.65,3,76
2021-06-15 10:20:38,S,259.5,1,3
2021-06-15 10:20:40,S,260.15,1,20
2021-06-15 10:20:40,S,260.4,4,40
2021-06-15 10:20:40,S,260.5,2,48
2021-06-15 10:20:40,S,260.55,1,2
2021-06-15 10:20:40,S,260.65,2,513
2021-06-15 10:20:40,S,260.05,1,5
2021-06-15 10:20:40,S,260.0,3,769
2021-06-15 10:20:40,S,259.7,2,18
2021-06-15 10:20:40,S,259.65,3,76
2021-06-15 10:20:40,S,259.5,1,3
2021-06-15 10:20:42,S,260.15,1,20
2021-06-15 10:20:42,S,260.4,4,40
2021-06-15 10:20:42,S,260.5,2,48
2021-06-15 10:20:42,S,260.55,1,2
2021-06-15 10:20:42,S,260.65,2,513
2021-06-15 10:20:42,S,260.05,1,5
2021-06-15 10:20:42,S,260.0,3,769
2021-06-15 10:20:42,S,259.7,2,18
2021-06-15 10:20:42,S,259.65,3,76
2021-06-15 10:20:42,S,259.5,1,3
2021-06-15 10:20:44,S,259.95,2,37
2021-06-15 10:20:44,S,260.0,2,82
2021-06-15 10:20:44,S,260.15,2,33
2021-06-15 10:20:44,S,260.4,4,40
2021-06-15 10:20:44,S,260.5,1,16
2021-06-15 10:20:44,S,259.5,1,3
2021-06-15 10:20:44,S,259.3,1,5
2021-06-15 10:20:44,S,259.2,1,15
2021-06-15 10:20:44,S,259.15,1,7
2021-06-15 10:20:44,S,259.05,3,165
2021-06-15 10:20:48,S,259.75,2,37
2021-06-15 10:20:48,S,259.85,2,18
2021-06-15 10:20:48,S,259.95,2,11
2021-06-15 10:20:48,S,260.0,4,92
2021-06-15 10:20:48,S,260.1,1,5
2021-06-15 10:20:48,S,259.05,3,165
2021-06-15 10:20:48,S,259.0,4,219
2021-06-15 10:20:48,S,258.85,2,71
2021-06-15 10:20:48,S,258.8,1,3
2021-06-15 10:20:48,S,258.75,2,9
2021-06-15 10:20:50,S,259.75,2,37
2021-06-15 10:20:50,S,259.85,2,18
2021-06-15 10:20:50,S,259.95,2,11
2021-06-15 10:20:50,S,260.0,4,92
2021-06-15 10:20:50,S,260.1,1,5
2021-06-15 10:20:50,S,259.05,3,165
2021-06-15 10:20:50,S,259.0,4,219
2021-06-15 10:20:50,S,258.85,2,71
2021-06-15 10:20:50,S,258.8,1,3
2021-06-15 10:20:50,S,258.75,2,9
2021-06-15 10:20:52,S,259.4,1,6
2021-06-15 10:20:52,S,259.65,2,45
2021-06-15 10:20:52,S,259.7,2,15
2021-06-15 10:20:52,S,259.85,2,18
2021-06-15 10:20:52,S,260.0,7,205
2021-06-15 10:20:52,S,259.05,3,165
2021-06-15 10:20:52,S,259.0,3,216
2021-06-15 10:20:52,S,258.85,2,71
2021-06-15 10:20:52,S,258.8,1,3
2021-06-15 10:20:52,S,258.65,1,5
2021-06-15 10:20:53,S,259.4,1,6
2021-06-15 10:20:53,S,259.65,2,45
2021-06-15 10:20:53,S,259.7,2,15
2021-06-15 10:20:53,S,259.85,2,18
2021-06-15 10:20:53,S,260.0,7,205
2021-06-15 10:20:53,S,259.05,3,165
2021-06-15 10:20:53,S,259.0,3,216
2021-06-15 10:20:53,S,258.85,2,71
2021-06-15 10:20:53,S,258.8,1,3
2021-06-15 10:20:53,S,258.65,1,5
2021-06-15 10:20:55,S,259.4,1,6
2021-06-15 10:20:55,S,259.65,2,45
2021-06-15 10:20:55,S,259.7,2,15
2021-06-15 10:20:55,S,259.85,2,18
2021-06-15 10:20:55,S,260.0,7,205
2021-06-15 10:20:55,S,259.05,3,165
2021-06-15 10:20:55,S,259.0,3,216
2021-06-15 10:20:55,S,258.85,2,71
2021-06-15 10:20:55,S,258.8,1,3
2021-06-15 10:20:55,S,258.65,1,5
2021-06-15 10:20:55,S,259.65,2,45
2021-06-15 10:20:55,S,259.7,2,15
2021-06-15 10:20:55,S,259.85,2,18
2021-06-15 10:20:55,S,260.0,7,205
2021-06-15 10:20:55,S,260.1,1,5
2021-06-15 10:20:55,S,259.05,3,158
2021-06-15 10:20:55,S,259.0,3,213
2021-06-15 10:20:55,S,258.95,2,18
2021-06-15 10:20:55,S,258.85,2,71
2021-06-15 10:20:55,S,258.8,1,3
2021-06-15 10:20:57,S,259.65,2,45
2021-06-15 10:20:57,S,259.7,2,15
2021-06-15 10:20:57,S,259.85,2,18
2021-06-15 10:20:57,S,260.0,7,205
2021-06-15 10:20:57,S,260.1,1,5
2021-06-15 10:20:57,S,259.05,3,158
2021-06-15 10:20:57,S,259.0,3,213
2021-06-15 10:20:57,S,258.95,2,18
2021-06-15 10:20:57,S,258.85,2,71
2021-06-15 10:20:57,S,258.8,1,3
2021-06-15 10:20:59,S,259.65,3,57
2021-06-15 10:20:59,S,259.7,2,15
2021-06-15 10:20:59,S,259.85,2,18
2021-06-15 10:20:59,S,260.0,7,205
2021-06-15 10:20:59,S,260.1,1,5
2021-06-15 10:20:59,S,259.05,3,133
2021-06-15 10:20:59,S,259.0,2,201
2021-06-15 10:20:59,S,258.95,2,18
2021-06-15 10:20:59,S,258.85,2,71
2021-06-15 10:20:59,S,258.8,1,3
2021-06-15 10:21:00,S,259.65,3,57
2021-06-15 10:21:00,S,259.7,2,15
2021-06-15 10:21:00,S,259.85,2,18
2021-06-15 10:21:00,S,260.0,7,205
2021-06-15 10:21:00,S,260.1,1,5
2021-06-15 10:21:00,S,259.05,3,133
2021-06-15 10:21:00,S,259.0,2,201
2021-06-15 10:21:00,S,258.95,2,18
2021-06-15 10:21:00,S,258.85,2,71
2021-06-15 10:21:00,S,258.8,1,3
2021-06-15 10:21:03,S,259.6,2,36
2021-06-15 10:21:03,S,259.65,3,31
2021-06-15 10:21:03,S,259.7,2,15
2021-06-15 10:21:03,S,259.85,2,18
2021-06-15 10:21:03,S,260.0,7,205
2021-06-15 10:21:03,S,259.1,1,10
2021-06-15 10:21:03,S,259.05,3,133
2021-06-15 10:21:03,S,259.0,2,201
2021-06-15 10:21:03,S,258.95,2,18
2021-06-15 10:21:03,S,258.85,2,71
2021-06-15 10:21:07,S,259.35,2,12
2021-06-15 10:21:07,S,259.5,3,56
2021-06-15 10:21:07,S,259.55,2,15
2021-06-15 10:21:07,S,259.7,2,15
2021-06-15 10:21:07,S,259.85,2,18
2021-06-15 10:21:07,S,259.1,1,5
2021-06-15 10:21:07,S,259.05,3,133
2021-06-15 10:21:07,S,259.0,2,201
2021-06-15 10:21:07,S,258.8,1,3
2021-06-15 10:21:07,S,258.65,1,5
2021-06-15 10:21:09,S,259.35,2,12
2021-06-15 10:21:09,S,259.5,3,56
2021-06-15 10:21:09,S,259.55,2,15
2021-06-15 10:21:09,S,259.7,2,15
2021-06-15 10:21:09,S,259.85,2,18
2021-06-15 10:21:09,S,259.1,1,5
2021-06-15 10:21:09,S,259.05,3,133
2021-06-15 10:21:09,S,259.0,2,201
2021-06-15 10:21:09,S,258.8,1,3
2021-06-15 10:21:09,S,258.65,1,5
2021-06-15 10:21:10,S,259.55,2,15
2021-06-15 10:21:10,S,259.65,2,40
2021-06-15 10:21:10,S,259.7,2,15
2021-06-15 10:21:10,S,259.85,2,18
2021-06-15 10:21:10,S,259.95,1,57
2021-06-15 10:21:10,S,259.1,1,59
2021-06-15 10:21:10,S,259.05,3,93
2021-06-15 10:21:10,S,259.0,1,1
2021-06-15 10:21:10,S,258.9,1,3
2021-06-15 10:21:10,S,258.75,1,3
2021-06-15 10:21:13,S,259.55,2,15
2021-06-15 10:21:13,S,259.65,2,40
2021-06-15 10:21:13,S,259.7,2,15
2021-06-15 10:21:13,S,259.85,2,18
2021-06-15 10:21:13,S,259.95,1,57
2021-06-15 10:21:13,S,259.1,1,59
2021-06-15 10:21:13,S,259.05,3,93
2021-06-15 10:21:13,S,259.0,1,1
2021-06-15 10:21:13,S,258.9,1,3
2021-06-15 10:21:13,S,258.75,1,3
2021-06-15 10:21:15,S,259.5,1,2
2021-06-15 10:21:15,S,259.95,1,32
2021-06-15 10:21:15,S,260.0,3,92
2021-06-15 10:21:15,S,260.1,2,16
2021-06-15 10:21:15,S,260.15,2,33
2021-06-15 10:21:15,S,259.3,2,41
2021-06-15 10:21:15,S,259.2,1,3
2021-06-15 10:21:15,S,259.15,2,25
2021-06-15 10:21:15,S,259.1,2,75
2021-06-15 10:21:15,S,259.05,5,112
2021-06-15 10:21:17,S,259.5,1,2
2021-06-15 10:21:17,S,259.95,1,32
2021-06-15 10:21:17,S,260.0,3,92
2021-06-15 10:21:17,S,260.1,2,16
2021-06-15 10:21:17,S,260.15,2,33
2021-06-15 10:21:17,S,259.3,2,41
2021-06-15 10:21:17,S,259.2,1,3
2021-06-15 10:21:17,S,259.15,2,25
2021-06-15 10:21:17,S,259.1,2,75
2021-06-15 10:21:17,S,259.05,5,112
2021-06-15 10:21:18,S,259.5,1,2
2021-06-15 10:21:18,S,259.95,1,32
2021-06-15 10:21:18,S,260.0,3,92
2021-06-15 10:21:18,S,260.1,2,16
2021-06-15 10:21:18,S,260.15,2,33
2021-06-15 10:21:18,S,259.3,2,41
2021-06-15 10:21:18,S,259.2,1,3
2021-06-15 10:21:18,S,259.15,2,25
2021-06-15 10:21:18,S,259.1,2,75
2021-06-15 10:21:18,S,259.05,5,112
2021-06-15 10:21:18,S,259.5,2,21
2021-06-15 10:21:18,S,259.7,2,15
2021-06-15 10:21:18,S,259.75,2,16
2021-06-15 10:21:18,S,259.8,2,16
2021-06-15 10:21:18,S,259.85,1,3
2021-06-15 10:21:18,S,258.65,2,25
2021-06-15 10:21:18,S,258.6,2,12
2021-06-15 10:21:18,S,258.55,3,44
2021-06-15 10:21:18,S,258.5,3,22
2021-06-15 10:21:18,S,258.45,2,19
2021-06-15 10:21:22,S,259.5,2,21
2021-06-15 10:21:22,S,259.7,2,15
2021-06-15 10:21:22,S,259.75,2,16
2021-06-15 10:21:22,S,259.8,2,16
2021-06-15 10:21:22,S,259.85,1,3
2021-06-15 10:21:22,S,258.65,2,25
2021-06-15 10:21:22,S,258.6,2,12
2021-06-15 10:21:22,S,258.55,3,44
2021-06-15 10:21:22,S,258.5,3,22
2021-06-15 10:21:22,S,258.45,2,19
2021-06-15 10:21:22,S,259.85,3,13
2021-06-15 10:21:22,S,259.95,3,21
2021-06-15 10:21:22,S,260.0,4,88
2021-06-15 10:21:22,S,260.05,1,5
2021-06-15 10:21:22,S,260.15,2,33
2021-06-15 10:21:22,S,258.8,3,30
2021-06-15 10:21:22,S,258.7,2,17
2021-06-15 10:21:22,S,258.65,2,14
2021-06-15 10:21:22,S,258.6,3,17
2021-06-15 10:21:22,S,258.55,2,39
2021-06-15 10:21:26,S,259.25,2,17
2021-06-15 10:21:26,S,259.3,3,544
2021-06-15 10:21:26,S,259.35,1,13
2021-06-15 10:21:26,S,259.45,1,3
2021-06-15 10:21:26,S,259.85,2,10
2021-06-15 10:21:26,S,258.6,1,16
2021-06-15 10:21:26,S,258.55,1,27
2021-06-15 10:21:26,S,258.45,1,4
2021-06-15 10:21:26,S,258.35,2,16
2021-06-15 10:21:26,S,258.25,1,5
2021-06-15 10:21:31,S,259.25,2,17
2021-06-15 10:21:31,S,259.3,3,544
2021-06-15 10:21:31,S,259.35,1,13
2021-06-15 10:21:31,S,259.45,1,3
2021-06-15 10:21:31,S,259.85,2,10
2021-06-15 10:21:31,S,258.6,1,16
2021-06-15 10:21:31,S,258.55,1,27
2021-06-15 10:21:31,S,258.45,1,4
2021-06-15 10:21:31,S,258.35,2,16
2021-06-15 10:21:31,S,258.25,1,5
2021-06-15 10:21:33,S,259.2,2,19
2021-06-15 10:21:33,S,259.25,2,11
2021-06-15 10:21:33,S,259.3,3,544
2021-06-15 10:21:33,S,259.45,3,31
2021-06-15 10:21:33,S,259.5,1,20
2021-06-15 10:21:33,S,258.6,1,16
2021-06-15 10:21:33,S,258.55,1,27
2021-06-15 10:21:33,S,258.45,1,4
2021-06-15 10:21:33,S,258.4,1,3
2021-06-15 10:21:33,S,258.2,1,3
2021-06-15 10:21:37,S,258.9,2,12
2021-06-15 10:21:37,S,259.3,3,544
2021-06-15 10:21:37,S,259.45,2,11
2021-06-15 10:21:37,S,259.5,1,20
2021-06-15 10:21:37,S,259.6,1,3
2021-06-15 10:21:37,S,258.6,1,16
2021-06-15 10:21:37,S,258.55,1,27
2021-06-15 10:21:37,S,258.45,1,4
2021-06-15 10:21:37,S,258.4,1,3
2021-06-15 10:21:37,S,258.2,1,3
2021-06-15 10:21:41,S,258.6,1,6
2021-06-15 10:21:41,S,259.25,2,29
2021-06-15 10:21:41,S,259.3,2,533
2021-06-15 10:21:41,S,259.45,2,11
2021-06-15 10:21:41,S,259.5,2,36
2021-06-15 10:21:41,S,258.55,1,27
2021-06-15 10:21:41,S,258.2,2,18
2021-06-15 10:21:41,S,258.15,1,3
2021-06-15 10:21:41,S,258.05,3,64
2021-06-15 10:21:41,S,258.0,8,601
2021-06-15 10:21:43,S,258.6,1,6
2021-06-15 10:21:43,S,259.25,2,29
2021-06-15 10:21:43,S,259.3,2,533
2021-06-15 10:21:43,S,259.45,2,11
2021-06-15 10:21:43,S,259.5,2,36
2021-06-15 10:21:43,S,258.55,1,27
2021-06-15 10:21:43,S,258.2,2,18
2021-06-15 10:21:43,S,258.15,1,3
2021-06-15 10:21:43,S,258.05,3,64
2021-06-15 10:21:43,S,258.0,8,601
2021-06-15 10:21:43,S,258.6,1,6
2021-06-15 10:21:43,S,259.25,2,29
2021-06-15 10:21:43,S,259.3,2,533
2021-06-15 10:21:43,S,259.45,2,11
2021-06-15 10:21:43,S,259.5,2,36
2021-06-15 10:21:43,S,258.55,1,27
2021-06-15 10:21:43,S,258.2,2,18
2021-06-15 10:21:43,S,258.15,1,3
2021-06-15 10:21:43,S,258.05,3,64
2021-06-15 10:21:43,S,258.0,8,601
2021-06-15 10:21:45,S,258.95,2,21
2021-06-15 10:21:45,S,259.0,2,14
2021-06-15 10:21:45,S,259.05,2,28
2021-06-15 10:21:45,S,259.3,2,543
2021-06-15 10:21:45,S,259.45,3,31
2021-06-15 10:21:45,S,258.55,2,13
2021-06-15 10:21:45,S,258.4,2,14
2021-06-15 10:21:45,S,258.35,2,15
2021-06-15 10:21:45,S,258.2,2,18
2021-06-15 10:21:45,S,258.05,3,64
2021-06-15 10:21:48,S,258.85,2,21
2021-06-15 10:21:48,S,258.9,2,18
2021-06-15 10:21:48,S,258.95,2,11
2021-06-15 10:21:48,S,259.0,3,544
2021-06-15 10:21:48,S,259.05,1,3
2021-06-15 10:21:48,S,258.55,1,10
2021-06-15 10:21:48,S,258.4,1,2
2021-06-15 10:21:48,S,258.35,2,15
2021-06-15 10:21:48,S,258.2,3,30
2021-06-15 10:21:48,S,258.15,1,3
2021-06-15 10:21:52,S,258.7,1,6
2021-06-15 10:21:52,S,258.85,2,21
2021-06-15 10:21:52,S,258.9,2,18
2021-06-15 10:21:52,S,259.0,3,544
2021-06-15 10:21:52,S,259.05,1,3
2021-06-15 10:21:52,S,258.55,1,10
2021-06-15 10:21:52,S,258.4,1,2
2021-06-15 10:21:52,S,258.35,1,3
2021-06-15 10:21:52,S,258.2,3,30
2021-06-15 10:21:52,S,258.15,1,3
2021-06-15 10:21:53,S,258.7,1,6
2021-06-15 10:21:53,S,258.85,2,21
2021-06-15 10:21:53,S,258.9,2,18
2021-06-15 10:21:53,S,259.0,3,544
2021-06-15 10:21:53,S,259.05,1,3
2021-06-15 10:21:53,S,258.55,1,10
2021-06-15 10:21:53,S,258.4,1,2
2021-06-15 10:21:53,S,258.35,1,3
2021-06-15 10:21:53,S,258.2,3,30
2021-06-15 10:21:53,S,258.15,1,3
2021-06-15 10:21:54,S,258.7,1,6
2021-06-15 10:21:54,S,258.85,2,21
2021-06-15 10:21:54,S,258.9,2,18
2021-06-15 10:21:54,S,259.0,3,544
2021-06-15 10:21:54,S,259.05,1,3
2021-06-15 10:21:54,S,258.55,1,10
2021-06-15 10:21:54,S,258.4,1,2
2021-06-15 10:21:54,S,258.35,1,3
2021-06-15 10:21:54,S,258.2,3,30
2021-06-15 10:21:54,S,258.15,1,3
2021-06-15 10:21:55,S,258.55,1,6
2021-06-15 10:21:55,S,258.85,2,21
2021-06-15 10:21:55,S,259.0,3,544
2021-06-15 10:21:55,S,259.05,2,19
2021-06-15 10:21:55,S,259.2,1,3
2021-06-15 10:21:55,S,258.25,2,14
2021-06-15 10:21:55,S,258.2,2,18
2021-06-15 10:21:55,S,258.1,2,28
2021-06-15 10:21:55,S,258.05,1,1
2021-06-15 10:21:55,S,258.0,8,601
2021-06-15 10:21:57,S,258.55,1,6
2021-06-15 10:21:57,S,258.85,2,21
2021-06-15 10:21:57,S,259.0,3,544
2021-06-15 10:21:57,S,259.05,2,19
2021-06-15 10:21:57,S,259.2,1,3
2021-06-15 10:21:57,S,258.25,2,14
2021-06-15 10:21:57,S,258.2,2,18
2021-06-15 10:21:57,S,258.1,2,28
2021-06-15 10:21:57,S,258.05,1,1
2021-06-15 10:21:57,S,258.0,8,601
2021-06-15 10:21:59,S,258.25,1,3
2021-06-15 10:21:59,S,258.85,2,21
2021-06-15 10:21:59,S,259.0,3,544
2021-06-15 10:21:59,S,259.05,2,19
2021-06-15 10:21:59,S,259.2,1,3
2021-06-15 10:21:59,S,258.2,1,15
2021-06-15 10:21:59,S,258.05,2,16
2021-06-15 10:21:59,S,258.0,8,610
2021-06-15 10:21:59,S,257.85,1,4
2021-06-15 10:21:59,S,257.8,1,25
2021-06-15 10:22:01,S,258.25,1,3
2021-06-15 10:22:01,S,258.85,2,21
2021-06-15 10:22:01,S,259.0,3,544
2021-06-15 10:22:01,S,259.05,2,19
2021-06-15 10:22:01,S,259.2,1,3
2021-06-15 10:22:01,S,258.2,1,15
2021-06-15 10:22:01,S,258.05,2,16
2021-06-15 10:22:01,S,258.0,8,610
2021-06-15 10:22:01,S,257.85,1,4
2021-06-15 10:22:01,S,257.8,1,25
2021-06-15 10:22:03,S,258.2,1,16
2021-06-15 10:22:03,S,258.25,2,19
2021-06-15 10:22:03,S,258.3,2,29
2021-06-15 10:22:03,S,258.35,2,113
2021-06-15 10:22:03,S,258.75,1,13
2021-06-15 10:22:03,S,258.0,1,27
2021-06-15 10:22:03,S,257.8,1,25
2021-06-15 10:22:03,S,257.45,2,19
2021-06-15 10:22:03,S,257.35,1,3
2021-06-15 10:22:03,S,257.25,2,60
2021-06-15 10:22:06,S,258.1,2,22
2021-06-15 10:22:06,S,258.15,2,26
2021-06-15 10:22:06,S,258.35,2,113
2021-06-15 10:22:06,S,258.4,1,3
2021-06-15 10:22:06,S,258.55,1,3
2021-06-15 10:22:06,S,257.8,1,25
2021-06-15 10:22:06,S,257.65,1,3
2021-06-15 10:22:06,S,257.45,3,32
2021-06-15 10:22:06,S,257.35,2,18
2021-06-15 10:22:06,S,257.25,2,60
2021-06-15 10:22:08,S,258.1,2,22
2021-06-15 10:22:08,S,258.15,2,26
2021-06-15 10:22:08,S,258.35,2,113
2021-06-15 10:22:08,S,258.4,1,3
2021-06-15 10:22:08,S,258.55,1,3
2021-06-15 10:22:08,S,257.8,1,25
2021-06-15 10:22:08,S,257.65,1,3
2021-06-15 10:22:08,S,257.45,3,32
2021-06-15 10:22:08,S,257.35,2,18
2021-06-15 10:22:08,S,257.25,2,60
2021-06-15 10:22:10,S,257.8,1,6
2021-06-15 10:22:10,S,258.1,2,29
2021-06-15 10:22:10,S,258.35,2,113
2021-06-15 10:22:10,S,258.4,1,3
2021-06-15 10:22:10,S,258.55,1,3
2021-06-15 10:22:10,S,257.2,2,19
2021-06-15 10:22:10,S,257.15,1,70
2021-06-15 10:22:10,S,257.1,1,1
2021-06-15 10:22:10,S,257.05,2,251
2021-06-15 10:22:10,S,257.0,2,5
2021-06-15 10:22:12,S,257.8,1,6
2021-06-15 10:22:12,S,258.1,2,29
2021-06-15 10:22:12,S,258.35,2,113
2021-06-15 10:22:12,S,258.4,1,3
2021-06-15 10:22:12,S,258.55,1,3
2021-06-15 10:22:12,S,257.2,2,19
2021-06-15 10:22:12,S,257.15,1,70
2021-06-15 10:22:12,S,257.1,1,1
2021-06-15 10:22:12,S,257.05,2,251
2021-06-15 10:22:12,S,257.0,2,5
2021-06-15 10:22:13,S,257.2,1,3
2021-06-15 10:22:13,S,258.1,2,29
2021-06-15 10:22:13,S,258.35,2,113
2021-06-15 10:22:13,S,258.4,1,3
2021-06-15 10:22:13,S,258.55,1,3
2021-06-15 10:22:13,S,257.15,2,83
2021-06-15 10:22:13,S,257.1,3,27
2021-06-15 10:22:13,S,257.05,3,267
2021-06-15 10:22:13,S,257.0,1,1
2021-06-15 10:22:13,S,256.9,1,20
2021-06-15 10:22:15,S,257.2,1,3
2021-06-15 10:22:15,S,258.1,2,29
2021-06-15 10:22:15,S,258.35,2,113
2021-06-15 10:22:15,S,258.4,1,3
2021-06-15 10:22:15,S,258.55,1,3
2021-06-15 10:22:15,S,257.15,2,83
2021-06-15 10:22:15,S,257.1,3,27
2021-06-15 10:22:15,S,257.05,3,267
2021-06-15 10:22:15,S,257.0,1,1
2021-06-15 10:22:15,S,256.9,1,20
2021-06-15 10:22:16,S,257.2,1,3
2021-06-15 10:22:16,S,258.1,2,29
2021-06-15 10:22:16,S,258.35,2,113
2021-06-15 10:22:16,S,258.4,1,3
2021-06-15 10:22:16,S,258.55,1,3
2021-06-15 10:22:16,S,257.15,2,83
2021-06-15 10:22:16,S,257.1,3,27
2021-06-15 10:22:16,S,257.05,3,267
2021-06-15 10:22:16,S,257.0,1,1
2021-06-15 10:22:16,S,256.9,1,20
2021-06-15 10:22:16,S,257.2,1,6
2021-06-15 10:22:16,S,257.95,2,30
2021-06-15 10:22:16,S,258.0,2,34
2021-06-15 10:22:16,S,258.05,1,14
2021-06-15 10:22:16,S,258.2,2,19
2021-06-15 10:22:16,S,257.15,1,53
2021-06-15 10:22:16,S,257.1,2,14
2021-06-15 10:22:16,S,257.05,3,267
2021-06-15 10:22:16,S,257.0,2,14
2021-06-15 10:22:16,S,256.85,1,57
2021-06-15 10:22:17,S,257.2,1,6
2021-06-15 10:22:17,S,257.95,2,30
2021-06-15 10:22:17,S,258.0,2,34
2021-06-15 10:22:17,S,258.05,1,14
2021-06-15 10:22:17,S,258.2,2,19
2021-06-15 10:22:17,S,257.15,1,53
2021-06-15 10:22:17,S,257.1,2,14
2021-06-15 10:22:17,S,257.05,3,267
2021-06-15 10:22:17,S,257.0,2,14
2021-06-15 10:22:17,S,256.85,1,57
2021-06-15 10:22:18,S,257.2,1,6
2021-06-15 10:22:18,S,257.95,2,30
2021-06-15 10:22:18,S,258.0,2,34
2021-06-15 10:22:18,S,258.05,1,14
2021-06-15 10:22:18,S,258.2,2,19
2021-06-15 10:22:18,S,257.15,1,53
2021-06-15 10:22:18,S,257.1,2,14
2021-06-15 10:22:18,S,257.05,3,267
2021-06-15 10:22:18,S,257.0,2,14
2021-06-15 10:22:18,S,256.85,1,57
2021-06-15 10:22:19,S,257.2,1,6
2021-06-15 10:22:19,S,257.95,2,30
2021-06-15 10:22:19,S,258.0,2,34
2021-06-15 10:22:19,S,258.05,1,14
2021-06-15 10:22:19,S,258.2,2,19
2021-06-15 10:22:19,S,257.15,1,53
2021-06-15 10:22:19,S,257.1,2,14
2021-06-15 10:22:19,S,257.05,3,267
2021-06-15 10:22:19,S,257.0,2,14
2021-06-15 10:22:19,S,256.85,1,57
2021-06-15 10:22:20,S,257.75,1,16
2021-06-15 10:22:20,S,257.8,2,17
2021-06-15 10:22:20,S,257.95,2,17
2021-06-15 10:22:20,S,258.0,2,34
2021-06-15 10:22:20,S,258.2,2,19
2021-06-15 10:22:20,S,257.2,1,11
2021-06-15 10:22:20,S,257.15,1,53
2021-06-15 10:22:20,S,257.1,2,4
2021-06-15 10:22:20,S,257.05,2,251
2021-06-15 10:22:20,S,257.0,1,1
2021-06-15 10:22:24,S,257.95,2,19
2021-06-15 10:22:24,S,258.0,2,34
2021-06-15 10:22:24,S,258.05,2,20
2021-06-15 10:22:24,S,258.2,2,19
2021-06-15 10:22:24,S,258.25,2,14
2021-06-15 10:22:24,S,257.2,2,13
2021-06-15 10:22:24,S,257.15,1,53
2021-06-15 10:22:24,S,257.1,1,1
2021-06-15 10:22:24,S,257.05,2,251
2021-06-15 10:22:24,S,257.0,1,1
2021-06-15 10:22:27,S,257.8,2,19
2021-06-15 10:22:27,S,257.9,2,20
2021-06-15 10:22:27,S,258.0,2,34
2021-06-15 10:22:27,S,258.05,3,23
2021-06-15 10:22:27,S,258.2,2,19
2021-06-15 10:22:27,S,257.2,2,13
2021-06-15 10:22:27,S,257.15,1,53
2021-06-15 10:22:27,S,257.1,1,1
2021-06-15 10:22:27,S,257.05,2,251
2021-06-15 10:22:27,S,257.0,1,1
2021-06-15 10:22:31,S,257.8,3,25
2021-06-15 10:22:31,S,257.9,2,20
2021-06-15 10:22:31,S,258.0,2,34
2021-06-15 10:22:31,S,258.05,3,23
2021-06-15 10:22:31,S,258.2,2,19
2021-06-15 10:22:31,S,257.2,2,13
2021-06-15 10:22:31,S,257.15,1,53
2021-06-15 10:22:31,S,257.1,1,1
2021-06-15 10:22:31,S,257.05,2,251
2021-06-15 10:22:31,S,257.0,1,1
2021-06-15 10:22:34,S,257.5,1,6
2021-06-15 10:22:34,S,257.8,2,19
2021-06-15 10:22:34,S,257.9,2,20
2021-06-15 10:22:34,S,258.0,2,34
2021-06-15 10:22:34,S,258.05,2,20
2021-06-15 10:22:34,S,257.2,3,38
2021-06-15 10:22:34,S,257.15,1,53
2021-06-15 10:22:34,S,257.1,2,13
2021-06-15 10:22:34,S,257.05,2,251
2021-06-15 10:22:34,S,257.0,1,1
2021-06-15 10:22:37,S,257.5,1,4
2021-06-15 10:22:37,S,257.8,2,19
2021-06-15 10:22:37,S,257.9,2,20
2021-06-15 10:22:37,S,258.0,2,34
2021-06-15 10:22:37,S,258.05,2,20
2021-06-15 10:22:37,S,257.2,2,36
2021-06-15 10:22:37,S,257.15,1,53
2021-06-15 10:22:37,S,257.1,1,1
2021-06-15 10:22:37,S,257.05,2,251
2021-06-15 10:22:37,S,257.0,1,1
2021-06-15 10:22:39,S,257.5,1,4
2021-06-15 10:22:39,S,257.8,2,19
2021-06-15 10:22:39,S,257.9,2,20
2021-06-15 10:22:39,S,258.0,2,34
2021-06-15 10:22:39,S,258.05,2,20
2021-06-15 10:22:39,S,257.2,2,36
2021-06-15 10:22:39,S,257.15,1,53
2021-06-15 10:22:39,S,257.1,1,1
2021-06-15 10:22:39,S,257.05,2,251
2021-06-15 10:22:39,S,257.0,1,1
2021-06-15 10:22:42,S,257.95,2,30
2021-06-15 10:22:42,S,258.0,3,46
2021-06-15 10:22:42,S,258.05,3,23
2021-06-15 10:22:42,S,258.2,2,19
2021-06-15 10:22:42,S,258.25,2,14
2021-06-15 10:22:42,S,257.5,1,18
2021-06-15 10:22:42,S,257.2,1,3
2021-06-15 10:22:42,S,257.15,1,53
2021-06-15 10:22:42,S,257.1,1,1
2021-06-15 10:22:42,S,257.05,2,251
2021-06-15 10:22:45,S,257.95,3,37
2021-06-15 10:22:45,S,258.0,3,46
2021-06-15 10:22:45,S,258.05,3,23
2021-06-15 10:22:45,S,258.2,2,19
2021-06-15 10:22:45,S,258.25,2,14
2021-06-15 10:22:45,S,257.5,1,18
2021-06-15 10:22:45,S,257.2,1,3
2021-06-15 10:22:45,S,257.15,1,53
2021-06-15 10:22:45,S,257.1,1,1
2021-06-15 10:22:45,S,257.05,2,251
2021-06-15 10:22:52,S,257.75,2,12
2021-06-15 10:22:52,S,257.95,2,30
2021-06-15 10:22:52,S,258.0,2,34
2021-06-15 10:22:52,S,258.05,2,20
2021-06-15 10:22:52,S,258.2,2,19
2021-06-15 10:22:52,S,257.5,2,22
2021-06-15 10:22:52,S,257.2,1,3
2021-06-15 10:22:52,S,257.15,1,53
2021-06-15 10:22:52,S,257.1,1,1
2021-06-15 10:22:52,S,257.05,2,251
2021-06-15 10:22:53,S,257.75,2,12
2021-06-15 10:22:53,S,257.95,2,30
2021-06-15 10:22:53,S,258.0,2,34
2021-06-15 10:22:53,S,258.05,2,20
2021-06-15 10:22:53,S,258.2,2,19
2021-06-15 10:22:53,S,257.5,2,22
2021-06-15 10:22:53,S,257.2,1,3
2021-06-15 10:22:53,S,257.15,1,53
2021-06-15 10:22:53,S,257.1,1,1
2021-06-15 10:22:53,S,257.05,2,251
2021-06-15 10:22:56,S,257.5,1,3
2021-06-15 10:22:56,S,257.85,3,33
2021-06-15 10:22:56,S,258.0,2,34
2021-06-15 10:22:56,S,258.05,2,20
2021-06-15 10:22:56,S,258.2,2,19
2021-06-15 10:22:56,S,257.2,1,4
2021-06-15 10:22:56,S,257.15,1,53
2021-06-15 10:22:56,S,257.1,1,1
2021-06-15 10:22:56,S,257.05,3,264
2021-06-15 10:22:56,S,257.0,1,1
2021-06-15 10:22:57,S,257.5,1,3
2021-06-15 10:22:57,S,257.85,3,33
2021-06-15 10:22:57,S,258.0,2,34
2021-06-15 10:22:57,S,258.05,2,20
2021-06-15 10:22:57,S,258.2,2,19
2021-06-15 10:22:57,S,257.2,1,4
2021-06-15 10:22:57,S,257.15,1,53
2021-06-15 10:22:57,S,257.1,1,1
2021-06-15 10:22:57,S,257.05,3,264
2021-06-15 10:22:57,S,257.0,1,1
2021-06-15 10:22:58,S,257.5,1,3
2021-06-15 10:22:58,S,257.85,3,33
2021-06-15 10:22:58,S,258.0,2,34
2021-06-15 10:22:58,S,258.05,2,20
2021-06-15 10:22:58,S,258.2,2,19
2021-06-15 10:22:58,S,257.2,1,4
2021-06-15 10:22:58,S,257.15,1,53
2021-06-15 10:22:58,S,257.1,1,1
2021-06-15 10:22:58,S,257.05,3,264
2021-06-15 10:22:58,S,257.0,1,1
2021-06-15 10:23:00,S,257.2,1,2
2021-06-15 10:23:00,S,257.7,1,16
2021-06-15 10:23:00,S,257.75,2,17
2021-06-15 10:23:00,S,257.85,1,14
2021-06-15 10:23:00,S,257.9,2,20
2021-06-15 10:23:00,S,257.15,1,53
2021-06-15 10:23:00,S,257.1,1,1
2021-06-15 10:23:00,S,257.05,2,251
2021-06-15 10:23:00,S,257.0,2,14
2021-06-15 10:23:00,S,256.8,1,5
2021-06-15 10:23:00,S,257.2,1,2
2021-06-15 10:23:00,S,257.7,1,16
2021-06-15 10:23:00,S,257.75,2,17
2021-06-15 10:23:00,S,257.85,1,14
2021-06-15 10:23:00,S,257.9,2,20
2021-06-15 10:23:00,S,257.15,1,53
2021-06-15 10:23:00,S,257.1,1,1
2021-06-15 10:23:00,S,257.05,2,251
2021-06-15 10:23:00,S,257.0,2,14
2021-06-15 10:23:00,S,256.8,1,5
2021-06-15 10:23:01,S,257.2,1,2
2021-06-15 10:23:01,S,257.7,1,16
2021-06-15 10:23:01,S,257.75,2,17
2021-06-15 10:23:01,S,257.85,1,14
2021-06-15 10:23:01,S,257.9,2,20
2021-06-15 10:23:01,S,257.15,1,53
2021-06-15 10:23:01,S,257.1,1,1
2021-06-15 10:23:01,S,257.05,2,251
2021-06-15 10:23:01,S,257.0,2,14
2021-06-15 10:23:01,S,256.8,1,5
2021-06-15 10:23:03,S,257.2,1,5
2021-06-15 10:23:03,S,257.7,2,21
2021-06-15 10:23:03,S,258.0,2,34
2021-06-15 10:23:03,S,258.05,2,20
2021-06-15 10:23:03,S,258.1,1,3
2021-06-15 10:23:03,S,257.15,1,49
2021-06-15 10:23:03,S,257.1,1,1
2021-06-15 10:23:03,S,257.05,2,251
2021-06-15 10:23:03,S,257.0,2,14
2021-06-15 10:23:03,S,256.8,1,5
2021-06-15 10:23:05,S,257.2,1,5
2021-06-15 10:23:05,S,257.7,2,21
2021-06-15 10:23:05,S,258.0,2,34
2021-06-15 10:23:05,S,258.05,2,20
2021-06-15 10:23:05,S,258.1,1,3
2021-06-15 10:23:05,S,257.15,1,49
2021-06-15 10:23:05,S,257.1,1,1
2021-06-15 10:23:05,S,257.05,2,251
2021-06-15 10:23:05,S,257.0,2,14
2021-06-15 10:23:05,S,256.8,1,5
2021-06-15 10:23:06,S,257.2,1,5
2021-06-15 10:23:06,S,257.7,2,21
2021-06-15 10:23:06,S,258.0,2,34
2021-06-15 10:23:06,S,258.05,2,20
2021-06-15 10:23:06,S,258.1,1,3
2021-06-15 10:23:06,S,257.15,1,49
2021-06-15 10:23:06,S,257.1,1,1
2021-06-15 10:23:06,S,257.05,2,251
2021-06-15 10:23:06,S,257.0,2,14
2021-06-15 10:23:06,S,256.8,1,5
2021-06-15 10:23:07,S,257.2,2,2
2021-06-15 10:23:07,S,257.7,2,21
2021-06-15 10:23:07,S,257.8,2,20
2021-06-15 10:23:07,S,258.0,2,34
2021-06-15 10:23:07,S,258.05,2,20
2021-06-15 10:23:07,S,257.15,1,49
2021-06-15 10:23:07,S,257.1,1,1
2021-06-15 10:23:07,S,257.05,2,251
2021-06-15 10:23:07,S,257.0,2,14
2021-06-15 10:23:07,S,256.8,1,5
2021-06-15 10:23:07,S,257.2,2,2
2021-06-15 10:23:07,S,257.7,2,21
2021-06-15 10:23:07,S,257.8,2,20
2021-06-15 10:23:07,S,258.0,2,34
2021-06-15 10:23:07,S,258.05,2,20
2021-06-15 10:23:07,S,257.15,1,49
2021-06-15 10:23:07,S,257.1,1,1
2021-06-15 10:23:07,S,257.05,2,251
2021-06-15 10:23:07,S,257.0,2,14
2021-06-15 10:23:07,S,256.8,1,5
2021-06-15 10:23:10,S,257.2,1,1
2021-06-15 10:23:10,S,257.7,2,21
2021-06-15 10:23:10,S,257.8,2,20
2021-06-15 10:23:10,S,258.0,2,34
2021-06-15 10:23:10,S,258.05,2,20
2021-06-15 10:23:10,S,257.15,1,26
2021-06-15 10:23:10,S,257.1,1,1
2021-06-15 10:23:10,S,257.05,2,251
2021-06-15 10:23:10,S,257.0,2,14
2021-06-15 10:23:10,S,256.8,1,5
2021-06-15 10:23:18,S,257.2,2,8
2021-06-15 10:23:18,S,257.6,2,30
2021-06-15 10:23:18,S,257.65,3,18
2021-06-15 10:23:18,S,257.8,2,20
2021-06-15 10:23:18,S,258.0,2,34
2021-06-15 10:23:18,S,257.15,1,26
2021-06-15 10:23:18,S,257.1,1,1
2021-06-15 10:23:18,S,257.05,2,251
2021-06-15 10:23:18,S,257.0,1,1
2021-06-15 10:23:18,S,256.95,1,12
2021-06-15 10:23:22,S,257.2,2,8
2021-06-15 10:23:22,S,257.6,2,30
2021-06-15 10:23:22,S,257.65,3,18
2021-06-15 10:23:22,S,257.8,2,20
2021-06-15 10:23:22,S,258.0,2,34
2021-06-15 10:23:22,S,257.15,2,36
2021-06-15 10:23:22,S,257.1,1,1
2021-06-15 10:23:22,S,257.05,2,251
2021-06-15 10:23:22,S,257.0,1,1
2021-06-15 10:23:22,S,256.95,1,12
2021-06-15 10:23:23,S,257.2,2,8
2021-06-15 10:23:23,S,257.6,2,30
2021-06-15 10:23:23,S,257.65,3,18
2021-06-15 10:23:23,S,257.8,2,20
2021-06-15 10:23:23,S,258.0,2,34
2021-06-15 10:23:23,S,257.15,2,36
2021-06-15 10:23:23,S,257.1,1,1
2021-06-15 10:23:23,S,257.05,2,251
2021-06-15 10:23:23,S,257.0,1,1
2021-06-15 10:23:23,S,256.95,1,12
2021-06-15 10:23:25,S,257.15,1,7
2021-06-15 10:23:25,S,257.2,1,1
2021-06-15 10:23:25,S,257.6,2,30
2021-06-15 10:23:25,S,257.65,3,18
2021-06-15 10:23:25,S,257.8,2,20
2021-06-15 10:23:25,S,257.1,1,1
2021-06-15 10:23:25,S,257.05,2,251
2021-06-15 10:23:25,S,257.0,1,1
2021-06-15 10:23:25,S,256.9,1,12
2021-06-15 10:23:25,S,256.8,1,5
2021-06-15 10:23:27,S,257.15,1,7
2021-06-15 10:23:27,S,257.2,1,1
2021-06-15 10:23:27,S,257.6,2,30
2021-06-15 10:23:27,S,257.65,3,18
2021-06-15 10:23:27,S,257.8,2,20
2021-06-15 10:23:27,S,257.1,1,1
2021-06-15 10:23:27,S,257.05,2,251
2021-06-15 10:23:27,S,257.0,1,1
2021-06-15 10:23:27,S,256.9,1,12
2021-06-15 10:23:27,S,256.8,1,5
2021-06-15 10:23:29,S,257.15,1,7
2021-06-15 10:23:29,S,257.2,1,1
2021-06-15 10:23:29,S,257.6,2,30
2021-06-15 10:23:29,S,257.65,3,18
2021-06-15 10:23:29,S,257.8,2,20
2021-06-15 10:23:29,S,257.1,1,1
2021-06-15 10:23:29,S,257.05,2,251
2021-06-15 10:23:29,S,257.0,1,1
2021-06-15 10:23:29,S,256.9,1,12
2021-06-15 10:23:29,S,256.8,1,5
2021-06-15 10:23:30,S,257.15,1,7
2021-06-15 10:23:30,S,257.2,1,1
2021-06-15 10:23:30,S,257.6,2,30
2021-06-15 10:23:30,S,257.65,3,18
2021-06-15 10:23:30,S,257.8,2,20
2021-06-15 10:23:30,S,257.1,1,1
2021-06-15 10:23:30,S,257.05,2,251
2021-06-15 10:23:30,S,257.0,1,1
2021-06-15 10:23:30,S,256.9,1,12
2021-06-15 10:23:30,S,256.8,1,5
2021-06-15 10:23:31,S,257.15,1,7
2021-06-15 10:23:31,S,257.2,1,1
2021-06-15 10:23:31,S,257.6,2,30
2021-06-15 10:23:31,S,257.65,3,18
2021-06-15 10:23:31,S,257.8,2,20
2021-06-15 10:23:31,S,257.1,1,1
2021-06-15 10:23:31,S,257.05,2,251
2021-06-15 10:23:31,S,257.0,1,1
2021-06-15 10:23:31,S,256.9,1,12
2021-06-15 10:23:31,S,256.8,1,5
2021-06-15 10:23:33,S,257.6,2,30
2021-06-15 10:23:33,S,257.65,2,15
2021-06-15 10:23:33,S,257.8,2,20
2021-06-15 10:23:33,S,257.9,1,3
2021-06-15 10:23:33,S,258.0,2,34
2021-06-15 10:23:33,S,257.25,1,10
2021-06-15 10:23:33,S,257.2,1,10
2021-06-15 10:23:33,S,257.05,2,205
2021-06-15 10:23:33,S,257.0,2,17
2021-06-15 10:23:33,S,256.9,2,19
2021-06-15 10:23:35,S,257.6,2,30
2021-06-15 10:23:35,S,257.65,2,15
2021-06-15 10:23:35,S,257.8,2,20
2021-06-15 10:23:35,S,257.9,1,3
2021-06-15 10:23:35,S,258.0,2,34
2021-06-15 10:23:35,S,257.25,1,10
2021-06-15 10:23:35,S,257.2,1,10
2021-06-15 10:23:35,S,257.05,2,205
2021-06-15 10:23:35,S,257.0,2,17
2021-06-15 10:23:35,S,256.9,2,19
2021-06-15 10:23:36,S,257.35,2,20
2021-06-15 10:23:36,S,257.4,1,12
2021-06-15 10:23:36,S,257.45,1,4
2021-06-15 10:23:36,S,257.5,1,4
2021-06-15 10:23:36,S,257.55,1,4
2021-06-15 10:23:36,S,257.05,1,20
2021-06-15 10:23:36,S,257.0,1,1
2021-06-15 10:23:36,S,256.8,1,5
2021-06-15 10:23:36,S,256.75,1,3
2021-06-15 10:23:36,S,256.6,1,4
2021-06-15 10:23:42,S,257.35,2,20
2021-06-15 10:23:42,S,257.4,1,12
2021-06-15 10:23:42,S,257.45,1,4
2021-06-15 10:23:42,S,257.5,1,4
2021-06-15 10:23:42,S,257.55,1,4
2021-06-15 10:23:42,S,257.05,1,20
2021-06-15 10:23:42,S,257.0,1,1
2021-06-15 10:23:42,S,256.8,1,5
2021-06-15 10:23:42,S,256.75,1,3
2021-06-15 10:23:42,S,256.6,1,4
2021-06-15 10:23:43,S,257.65,2,15
2021-06-15 10:23:43,S,257.85,1,16
2021-06-15 10:23:43,S,257.9,2,10
2021-06-15 10:23:43,S,258.0,2,34
2021-06-15 10:23:43,S,258.05,2,20
2021-06-15 10:23:43,S,257.05,2,263
2021-06-15 10:23:43,S,257.0,3,114
2021-06-15 10:23:43,S,256.9,2,19
2021-06-15 10:23:43,S,256.8,2,21
2021-06-15 10:23:43,S,256.75,1,3
2021-06-15 10:23:47,S,257.65,3,22
2021-06-15 10:23:47,S,257.95,1,16
2021-06-15 10:23:47,S,258.0,2,34
2021-06-15 10:23:47,S,258.05,2,22
2021-06-15 10:23:47,S,258.2,1,5
2021-06-15 10:23:47,S,257.1,3,45
2021-06-15 10:23:47,S,257.05,4,316
2021-06-15 10:23:47,S,257.0,3,114
2021-06-15 10:23:47,S,256.9,2,19
2021-06-15 10:23:47,S,256.8,2,21
2021-06-15 10:23:49,S,257.65,3,22
2021-06-15 10:23:49,S,257.95,1,16
2021-06-15 10:23:49,S,258.0,2,34
2021-06-15 10:23:49,S,258.05,2,22
2021-06-15 10:23:49,S,258.2,1,5
2021-06-15 10:23:49,S,257.1,3,45
2021-06-15 10:23:49,S,257.05,4,316
2021-06-15 10:23:49,S,257.0,3,114
2021-06-15 10:23:49,S,256.9,2,19
2021-06-15 10:23:49,S,256.8,2,21
2021-06-15 10:23:50,S,257.4,1,7
2021-06-15 10:23:50,S,257.6,2,29
2021-06-15 10:23:50,S,257.65,2,15
2021-06-15 10:23:50,S,258.0,2,34
2021-06-15 10:23:50,S,258.05,1,3
2021-06-15 10:23:50,S,257.1,1,25
2021-06-15 10:23:50,S,257.05,2,300
2021-06-15 10:23:50,S,257.0,4,129
2021-06-15 10:23:50,S,256.9,2,19
2021-06-15 10:23:50,S,256.85,1,51
2021-06-15 10:23:51,S,257.4,1,7
2021-06-15 10:23:51,S,257.6,2,29
2021-06-15 10:23:51,S,257.65,2,15
2021-06-15 10:23:51,S,258.0,2,34
2021-06-15 10:23:51,S,258.05,1,3
2021-06-15 10:23:51,S,257.1,1,25
2021-06-15 10:23:51,S,257.05,2,300
2021-06-15 10:23:51,S,257.0,4,129
2021-06-15 10:23:51,S,256.9,2,19
2021-06-15 10:23:51,S,256.85,1,51
2021-06-15 10:23:54,S,257.6,2,29
2021-06-15 10:23:54,S,257.65,2,15
2021-06-15 10:23:54,S,257.85,1,3
2021-06-15 10:23:54,S,257.9,1,12
2021-06-15 10:23:54,S,258.0,2,34
2021-06-15 10:23:54,S,257.15,1,12
2021-06-15 10:23:54,S,257.1,1,25
2021-06-15 10:23:54,S,257.05,2,300
2021-06-15 10:23:54,S,257.0,2,101
2021-06-15 10:23:54,S,256.9,2,19
2021-06-15 10:23:57,S,259.2,2,24
2021-06-15 10:23:57,S,259.35,2,7
2021-06-15 10:23:57,S,260.1,3,10
2021-06-15 10:23:57,S,260.35,3,109
2021-06-15 10:23:57,S,260.4,1,9
2021-06-15 10:23:57,S,258.55,2,6
2021-06-15 10:23:57,S,257.75,2,33
2021-06-15 10:23:57,S,257.7,2,21
2021-06-15 10:23:57,S,257.6,2,21
2021-06-15 10:23:57,S,257.5,1,5
2021-06-15 10:24:01,S,259.0,2,20
2021-06-15 10:24:01,S,259.05,1,4
2021-06-15 10:24:01,S,259.1,1,4
2021-06-15 10:24:01,S,259.15,2,9
2021-06-15 10:24:01,S,259.2,2,14
2021-06-15 10:24:01,S,257.95,2,4
2021-06-15 10:24:01,S,257.9,1,3
2021-06-15 10:24:01,S,257.75,3,36
2021-06-15 10:24:01,S,257.7,2,21
2021-06-15 10:24:01,S,257.6,2,21
2021-06-15 10:24:04,S,258.5,1,6
2021-06-15 10:24:04,S,259.0,2,20
2021-06-15 10:24:04,S,259.15,2,14
2021-06-15 10:24:04,S,259.3,2,8
2021-06-15 10:24:04,S,259.35,2,5
2021-06-15 10:24:04,S,258.05,2,18
2021-06-15 10:24:04,S,257.95,3,10
2021-06-15 10:24:04,S,257.9,2,19
2021-06-15 10:24:04,S,257.75,3,36
2021-06-15 10:24:04,S,257.7,2,21
2021-06-15 10:24:07,S,258.5,1,6
2021-06-15 10:24:07,S,258.85,2,27
2021-06-15 10:24:07,S,258.9,3,25
2021-06-15 10:24:07,S,259.05,1,1
2021-06-15 10:24:07,S,259.3,2,8
2021-06-15 10:24:07,S,258.15,2,18
2021-06-15 10:24:07,S,258.05,2,9
2021-06-15 10:24:07,S,257.95,3,10
2021-06-15 10:24:07,S,257.9,2,19
2021-06-15 10:24:07,S,257.75,3,36
2021-06-15 10:24:08,S,258.5,1,6
2021-06-15 10:24:08,S,258.85,2,27
2021-06-15 10:24:08,S,258.9,3,25
2021-06-15 10:24:08,S,259.05,1,1
2021-06-15 10:24:08,S,259.3,2,8
2021-06-15 10:24:08,S,258.15,2,18
2021-06-15 10:24:08,S,258.05,2,9
2021-06-15 10:24:08,S,257.95,3,10
2021-06-15 10:24:08,S,257.9,2,19
2021-06-15 10:24:08,S,257.75,3,36
2021-06-15 10:24:12,S,258.85,2,27
2021-06-15 10:24:12,S,259.05,2,7
2021-06-15 10:24:12,S,259.15,2,7
2021-06-15 10:24:12,S,259.2,1,3
2021-06-15 10:24:12,S,259.35,2,5
2021-06-15 10:24:12,S,258.1,1,1
2021-06-15 10:24:12,S,258.05,1,3
2021-06-15 10:24:12,S,257.7,1,20
2021-06-15 10:24:12,S,257.65,2,554
2021-06-15 10:24:12,S,257.6,2,20
2021-06-15 10:24:18,S,258.85,3,32
2021-06-15 10:24:18,S,259.05,2,7
2021-06-15 10:24:18,S,259.15,2,7
2021-06-15 10:24:18,S,259.2,1,3
2021-06-15 10:24:18,S,259.35,2,5
2021-06-15 10:24:18,S,258.1,1,1
2021-06-15 10:24:18,S,258.05,1,3
2021-06-15 10:24:18,S,257.7,2,36
2021-06-15 10:24:18,S,257.65,2,554
2021-06-15 10:24:18,S,257.6,2,20
2021-06-15 10:24:22,S,258.45,1,16
2021-06-15 10:24:22,S,258.5,2,16
2021-06-15 10:24:22,S,258.75,1,1
2021-06-15 10:24:22,S,258.9,2,6
2021-06-15 10:24:22,S,259.0,1,10
2021-06-15 10:24:22,S,257.9,2,6
2021-06-15 10:24:22,S,257.75,2,9
2021-06-15 10:24:22,S,257.7,2,36
2021-06-15 10:24:22,S,257.65,3,570
2021-06-15 10:24:22,S,257.6,2,20
2021-06-15 10:24:23,S,258.45,1,16
2021-06-15 10:24:23,S,258.5,2,16
2021-06-15 10:24:23,S,258.75,1,1
2021-06-15 10:24:23,S,258.9,2,6
2021-06-15 10:24:23,S,259.0,1,10
2021-06-15 10:24:23,S,257.9,2,6
2021-06-15 10:24:23,S,257.75,2,9
2021-06-15 10:24:23,S,257.7,2,36
2021-06-15 10:24:23,S,257.65,3,570
2021-06-15 10:24:23,S,257.6,2,20
2021-06-15 10:24:25,S,257.9,1,3
2021-06-15 10:24:25,S,258.4,2,26
2021-06-15 10:24:25,S,258.75,2,5
2021-06-15 10:24:25,S,258.9,2,6
2021-06-15 10:24:25,S,259.0,1,10
2021-06-15 10:24:25,S,257.7,3,48
2021-06-15 10:24:25,S,257.65,2,516
2021-06-15 10:24:25,S,257.6,2,20
2021-06-15 10:24:25,S,257.4,1,3
2021-06-15 10:24:25,S,257.3,1,5
2021-06-15 10:24:27,S,257.9,1,3
2021-06-15 10:24:27,S,258.4,2,26
2021-06-15 10:24:27,S,258.75,2,5
2021-06-15 10:24:27,S,258.9,2,6
2021-06-15 10:24:27,S,259.0,1,10
2021-06-15 10:24:27,S,257.7,3,48
2021-06-15 10:24:27,S,257.65,2,516
2021-06-15 10:24:27,S,257.6,2,20
2021-06-15 10:24:27,S,257.4,1,3
2021-06-15 10:24:27,S,257.3,1,5
2021-06-15 10:24:30,S,258.4,2,26
2021-06-15 10:24:30,S,258.5,2,7
2021-06-15 10:24:30,S,258.75,2,5
2021-06-15 10:24:30,S,258.9,2,6
2021-06-15 10:24:30,S,259.0,1,10
2021-06-15 10:24:30,S,257.7,1,5
2021-06-15 10:24:30,S,257.65,1,500
2021-06-15 10:24:30,S,257.6,2,20
2021-06-15 10:24:30,S,257.4,1,3
2021-06-15 10:24:30,S,257.3,2,25
2021-06-15 10:24:33,S,258.4,2,17
2021-06-15 10:24:33,S,258.55,1,16
2021-06-15 10:24:33,S,258.6,2,7
2021-06-15 10:24:33,S,258.75,2,5
2021-06-15 10:24:33,S,258.9,2,6
2021-06-15 10:24:33,S,258.0,1,100
2021-06-15 10:24:33,S,257.95,1,3
2021-06-15 10:24:33,S,257.8,1,3
2021-06-15 10:24:33,S,257.7,1,20
2021-06-15 10:24:33,S,257.65,2,513
2021-06-15 10:24:34,S,258.4,2,17
2021-06-15 10:24:34,S,258.55,1,16
2021-06-15 10:24:34,S,258.6,2,7
2021-06-15 10:24:34,S,258.75,2,5
2021-06-15 10:24:34,S,258.9,2,6
2021-06-15 10:24:34,S,258.0,1,100
2021-06-15 10:24:34,S,257.95,1,3
2021-06-15 10:24:34,S,257.8,1,3
2021-06-15 10:24:34,S,257.7,1,20
2021-06-15 10:24:34,S,257.65,2,513
2021-06-15 10:24:37,S,258.2,1,7
2021-06-15 10:24:37,S,258.85,2,26
2021-06-15 10:24:37,S,258.9,2,6
2021-06-15 10:24:37,S,259.0,1,10
2021-06-15 10:24:37,S,259.05,2,7
2021-06-15 10:24:37,S,257.7,1,20
2021-06-15 10:24:37,S,257.65,1,73
2021-06-15 10:24:37,S,257.6,1,4
2021-06-15 10:24:37,S,257.4,2,19
2021-06-15 10:24:37,S,257.3,2,25
2021-06-15 10:24:40,S,258.2,1,7
2021-06-15 10:24:40,S,258.85,2,26
2021-06-15 10:24:40,S,258.9,2,6
2021-06-15 10:24:40,S,259.0,1,10
2021-06-15 10:24:40,S,259.05,2,7
2021-06-15 10:24:40,S,257.7,1,20
2021-06-15 10:24:40,S,257.65,1,73
2021-06-15 10:24:40,S,257.6,1,4
2021-06-15 10:24:40,S,257.4,2,19
2021-06-15 10:24:40,S,257.3,2,25
2021-06-15 10:24:41,S,257.65,1,16
2021-06-15 10:24:41,S,257.7,3,24
2021-06-15 10:24:41,S,258.25,1,2
2021-06-15 10:24:41,S,258.3,1,2
2021-06-15 10:24:41,S,258.45,1,3
2021-06-15 10:24:41,S,257.1,2,125
2021-06-15 10:24:41,S,257.05,3,303
2021-06-15 10:24:41,S,257.0,1,1
2021-06-15 10:24:41,S,256.95,1,3
2021-06-15 10:24:41,S,256.85,1,51
2021-06-15 10:24:42,S,257.65,1,16
2021-06-15 10:24:42,S,257.7,3,24
2021-06-15 10:24:42,S,258.25,1,2
2021-06-15 10:24:42,S,258.3,1,2
2021-06-15 10:24:42,S,258.45,1,3
2021-06-15 10:24:42,S,257.1,2,125
2021-06-15 10:24:42,S,257.05,3,303
2021-06-15 10:24:42,S,257.0,1,1
2021-06-15 10:24:42,S,256.95,1,3
2021-06-15 10:24:42,S,256.85,1,51
2021-06-15 10:24:44,S,257.7,1,8
2021-06-15 10:24:44,S,257.85,2,27
2021-06-15 10:24:44,S,257.9,2,5
2021-06-15 10:24:44,S,258.05,2,6
2021-06-15 10:24:44,S,258.25,2,6
2021-06-15 10:24:44,S,257.45,1,200
2021-06-15 10:24:44,S,257.35,1,3
2021-06-15 10:24:44,S,257.2,1,3
2021-06-15 10:24:44,S,257.1,1,100
2021-06-15 10:24:44,S,257.05,3,303
2021-06-15 10:24:48,S,257.7,2,15
2021-06-15 10:24:48,S,258.0,2,19
2021-06-15 10:24:48,S,258.25,2,6
2021-06-15 10:24:48,S,258.3,1,2
2021-06-15 10:24:48,S,258.45,1,3
2021-06-15 10:24:48,S,257.45,1,200
2021-06-15 10:24:48,S,257.35,1,3
2021-06-15 10:24:48,S,257.2,1,3
2021-06-15 10:24:48,S,257.1,1,100
2021-06-15 10:24:48,S,257.05,3,303
2021-06-15 10:24:49,S,257.7,2,15
2021-06-15 10:24:49,S,258.0,2,19
2021-06-15 10:24:49,S,258.25,2,6
2021-06-15 10:24:49,S,258.3,1,2
2021-06-15 10:24:49,S,258.45,1,3
2021-06-15 10:24:49,S,257.45,1,200
2021-06-15 10:24:49,S,257.35,1,3
2021-06-15 10:24:49,S,257.2,1,3
2021-06-15 10:24:49,S,257.1,1,100
2021-06-15 10:24:49,S,257.05,3,303
2021-06-15 10:24:51,S,257.6,1,7
2021-06-15 10:24:51,S,257.7,2,19
2021-06-15 10:24:51,S,258.0,3,29
2021-06-15 10:24:51,S,258.1,1,2
2021-06-15 10:24:51,S,258.25,2,6
2021-06-15 10:24:51,S,257.45,1,200
2021-06-15 10:24:51,S,257.35,1,3
2021-06-15 10:24:51,S,257.2,1,3
2021-06-15 10:24:51,S,257.1,1,100
2021-06-15 10:24:51,S,257.05,3,303
2021-06-15 10:24:53,S,257.6,1,7
2021-06-15 10:24:53,S,257.7,2,19
2021-06-15 10:24:53,S,258.0,3,29
2021-06-15 10:24:53,S,258.1,1,2
2021-06-15 10:24:53,S,258.25,2,6
2021-06-15 10:24:53,S,257.45,1,200
2021-06-15 10:24:53,S,257.35,1,3
2021-06-15 10:24:53,S,257.2,1,3
2021-06-15 10:24:53,S,257.1,1,100
2021-06-15 10:24:53,S,257.05,3,303
2021-06-15 10:24:55,S,257.7,1,8
2021-06-15 10:24:55,S,258.0,3,29
2021-06-15 10:24:55,S,258.1,1,2
2021-06-15 10:24:55,S,258.25,2,6
2021-06-15 10:24:55,S,258.45,1,3
2021-06-15 10:24:55,S,257.45,1,143
2021-06-15 10:24:55,S,257.35,1,3
2021-06-15 10:24:55,S,257.25,1,52
2021-06-15 10:24:55,S,257.2,1,3
2021-06-15 10:24:55,S,257.1,1,100
2021-06-15 10:24:58,S,257.7,1,8
2021-06-15 10:24:58,S,258.0,3,29
2021-06-15 10:24:58,S,258.25,2,6
2021-06-15 10:24:58,S,258.45,1,3
2021-06-15 10:24:58,S,258.6,1,3
2021-06-15 10:24:58,S,257.45,1,143
2021-06-15 10:24:58,S,257.35,1,3
2021-06-15 10:24:58,S,257.25,1,52
2021-06-15 10:24:58,S,257.2,1,3
2021-06-15 10:24:58,S,257.1,1,100
2021-06-15 10:25:00,S,257.7,1,8
2021-06-15 10:25:00,S,258.0,3,29
2021-06-15 10:25:00,S,258.25,2,6
2021-06-15 10:25:00,S,258.45,1,3
2021-06-15 10:25:00,S,258.6,1,3
2021-06-15 10:25:00,S,257.45,1,143
2021-06-15 10:25:00,S,257.35,1,3
2021-06-15 10:25:00,S,257.25,1,52
2021-06-15 10:25:00,S,257.2,1,3
2021-06-15 10:25:00,S,257.1,1,100
2021-06-15 10:25:01,S,257.7,1,8
2021-06-15 10:25:01,S,258.0,3,29
2021-06-15 10:25:01,S,258.25,2,6
2021-06-15 10:25:01,S,258.45,1,3
2021-06-15 10:25:01,S,258.6,1,3
2021-06-15 10:25:01,S,257.45,1,143
2021-06-15 10:25:01,S,257.35,1,3
2021-06-15 10:25:01,S,257.25,1,52
2021-06-15 10:25:01,S,257.2,1,3
2021-06-15 10:25:01,S,257.1,1,100
2021-06-15 10:25:01,S,257.7,1,6
2021-06-15 10:25:01,S,257.95,2,26
2021-06-15 10:25:01,S,258.0,2,13
2021-06-15 10:25:01,S,258.25,1,2
2021-06-15 10:25:01,S,258.45,2,10
2021-06-15 10:25:01,S,257.45,2,193
2021-06-15 10:25:01,S,257.4,1,13
2021-06-15 10:25:01,S,257.35,1,3
2021-06-15 10:25:01,S,257.25,1,52
2021-06-15 10:25:01,S,257.2,1,3
2021-06-15 10:25:02,S,257.7,1,6
2021-06-15 10:25:02,S,257.95,2,26
2021-06-15 10:25:02,S,258.0,2,13
2021-06-15 10:25:02,S,258.25,1,2
2021-06-15 10:25:02,S,258.45,2,10
2021-06-15 10:25:02,S,257.45,2,193
2021-06-15 10:25:02,S,257.4,1,13
2021-06-15 10:25:02,S,257.35,1,3
2021-06-15 10:25:02,S,257.25,1,52
2021-06-15 10:25:02,S,257.2,1,3
2021-06-15 10:25:03,S,257.7,1,6
2021-06-15 10:25:03,S,257.95,2,26
2021-06-15 10:25:03,S,258.0,2,13
2021-06-15 10:25:03,S,258.25,1,2
2021-06-15 10:25:03,S,258.45,2,10
2021-06-15 10:25:03,S,257.45,2,193
2021-06-15 10:25:03,S,257.4,1,13
2021-06-15 10:25:03,S,257.35,1,3
2021-06-15 10:25:03,S,257.25,1,52
2021-06-15 10:25:03,S,257.2,1,3
2021-06-15 10:25:04,S,257.7,1,6
2021-06-15 10:25:04,S,257.95,2,26
2021-06-15 10:25:04,S,258.0,2,13
2021-06-15 10:25:04,S,258.25,1,2
2021-06-15 10:25:04,S,258.45,2,10
2021-06-15 10:25:04,S,257.45,2,193
2021-06-15 10:25:04,S,257.4,1,13
2021-06-15 10:25:04,S,257.35,1,3
2021-06-15 10:25:04,S,257.25,1,52
2021-06-15 10:25:04,S,257.2,1,3
2021-06-15 10:25:05,S,258.35,2,11
2021-06-15 10:25:05,S,258.45,3,13
2021-06-15 10:25:05,S,258.5,2,13
2021-06-15 10:25:05,S,258.6,1,3
2021-06-15 10:25:05,S,258.75,1,2
2021-06-15 10:25:05,S,257.5,2,21
2021-06-15 10:25:05,S,257.45,2,164
2021-06-15 10:25:05,S,257.35,1,3
2021-06-15 10:25:05,S,257.3,1,5
2021-06-15 10:25:05,S,257.25,1,52
2021-06-15 10:25:08,S,258.35,2,11
2021-06-15 10:25:08,S,258.45,3,13
2021-06-15 10:25:08,S,258.5,2,13
2021-06-15 10:25:08,S,258.6,2,5
2021-06-15 10:25:08,S,258.75,1,2
2021-06-15 10:25:08,S,257.6,1,13
2021-06-15 10:25:08,S,257.5,2,21
2021-06-15 10:25:08,S,257.45,2,164
2021-06-15 10:25:08,S,257.35,1,3
2021-06-15 10:25:08,S,257.3,1,5
2021-06-15 10:25:11,S,258.35,3,14
2021-06-15 10:25:11,S,258.45,4,16
2021-06-15 10:25:11,S,258.6,2,5
2021-06-15 10:25:11,S,258.75,1,2
2021-06-15 10:25:11,S,258.85,1,4
2021-06-15 10:25:11,S,257.45,2,164
2021-06-15 10:25:11,S,257.35,1,3
2021-06-15 10:25:11,S,257.3,1,5
2021-06-15 10:25:11,S,257.25,1,52
2021-06-15 10:25:11,S,257.2,2,8
2021-06-15 10:25:14,S,258.35,3,14
2021-06-15 10:25:14,S,258.45,4,16
2021-06-15 10:25:14,S,258.6,2,5
2021-06-15 10:25:14,S,258.75,1,2
2021-06-15 10:25:14,S,258.85,1,4
2021-06-15 10:25:14,S,257.45,2,164
2021-06-15 10:25:14,S,257.35,1,3
2021-06-15 10:25:14,S,257.3,1,5
2021-06-15 10:25:14,S,257.25,1,52
2021-06-15 10:25:14,S,257.2,2,8
2021-06-15 10:25:18,S,258.9,2,11
2021-06-15 10:25:18,S,259.2,2,4
2021-06-15 10:25:18,S,259.35,3,8
2021-06-15 10:25:18,S,259.5,1,3
2021-06-15 10:25:18,S,259.55,1,48
2021-06-15 10:25:18,S,258.5,1,11
2021-06-15 10:25:18,S,257.7,1,4
2021-06-15 10:25:18,S,257.65,2,69
2021-06-15 10:25:18,S,257.55,1,3
2021-06-15 10:25:18,S,257.5,2,8
2021-06-15 10:25:21,S,258.7,2,10
2021-06-15 10:25:21,S,259.0,2,5
2021-06-15 10:25:21,S,259.2,2,4
2021-06-15 10:25:21,S,259.35,3,8
2021-06-15 10:25:21,S,259.5,1,3
2021-06-15 10:25:21,S,258.5,1,11
2021-06-15 10:25:21,S,257.7,3,37
2021-06-15 10:25:21,S,257.65,2,69
2021-06-15 10:25:21,S,257.55,1,3
2021-06-15 10:25:21,S,257.45,2,164
2021-06-15 10:25:23,S,258.7,2,10
2021-06-15 10:25:23,S,259.0,2,5
2021-06-15 10:25:23,S,259.2,2,4
2021-06-15 10:25:23,S,259.35,3,8
2021-06-15 10:25:23,S,259.5,1,3
2021-06-15 10:25:23,S,258.5,1,11
2021-06-15 10:25:23,S,257.7,3,37
2021-06-15 10:25:23,S,257.65,2,69
2021-06-15 10:25:23,S,257.55,1,3
2021-06-15 10:25:23,S,257.45,2,164
2021-06-15 10:25:24,S,259.0,2,5
2021-06-15 10:25:24,S,259.2,2,4
2021-06-15 10:25:24,S,259.35,3,8
2021-06-15 10:25:24,S,259.5,1,3
2021-06-15 10:25:24,S,259.55,1,48
2021-06-15 10:25:24,S,258.55,1,4
2021-06-15 10:25:24,S,258.5,1,54
2021-06-15 10:25:24,S,258.35,1,3
2021-06-15 10:25:24,S,258.2,1,3
2021-06-15 10:25:24,S,257.7,2,33
2021-06-15 10:25:27,S,259.4,2,5
2021-06-15 10:25:27,S,259.5,2,6
2021-06-15 10:25:27,S,259.55,2,50
2021-06-15 10:25:27,S,259.6,1,1
2021-06-15 10:25:27,S,259.8,1,2
2021-06-15 10:25:27,S,258.4,1,4
2021-06-15 10:25:27,S,258.35,1,3
2021-06-15 10:25:27,S,258.2,1,3
2021-06-15 10:25:27,S,258.0,1,54
2021-06-15 10:25:27,S,257.85,2,14
2021-06-15 10:25:29,S,259.4,2,5
2021-06-15 10:25:29,S,259.5,2,6
2021-06-15 10:25:29,S,259.55,2,50
2021-06-15 10:25:29,S,259.6,1,1
2021-06-15 10:25:29,S,259.8,1,2
2021-06-15 10:25:29,S,258.4,1,4
2021-06-15 10:25:29,S,258.35,1,3
2021-06-15 10:25:29,S,258.2,1,3
2021-06-15 10:25:29,S,258.0,1,54
2021-06-15 10:25:29,S,257.85,2,14
2021-06-15 10:25:30,S,259.4,2,5
2021-06-15 10:25:30,S,259.5,2,6
2021-06-15 10:25:30,S,259.55,2,50
2021-06-15 10:25:30,S,259.6,1,1
2021-06-15 10:25:30,S,259.8,1,2
2021-06-15 10:25:30,S,258.4,1,4
2021-06-15 10:25:30,S,258.35,1,3
2021-06-15 10:25:30,S,258.2,1,3
2021-06-15 10:25:30,S,258.0,1,54
2021-06-15 10:25:30,S,257.85,2,14
2021-06-15 10:25:31,S,259.4,2,9
2021-06-15 10:25:31,S,260.2,2,6
2021-06-15 10:25:31,S,260.35,3,17
2021-06-15 10:25:31,S,260.4,3,16
2021-06-15 10:25:31,S,260.7,1,1
2021-06-15 10:25:31,S,258.95,1,4
2021-06-15 10:25:31,S,258.9,2,14
2021-06-15 10:25:31,S,258.65,1,5
2021-06-15 10:25:31,S,258.55,1,5
2021-06-15 10:25:31,S,258.5,1,20
2021-06-15 10:25:34,S,259.4,2,9
2021-06-15 10:25:34,S,260.2,2,6
2021-06-15 10:25:34,S,260.35,3,17
2021-06-15 10:25:34,S,260.4,3,16
2021-06-15 10:25:34,S,260.7,1,1
2021-06-15 10:25:34,S,258.95,1,4
2021-06-15 10:25:34,S,258.9,2,14
2021-06-15 10:25:34,S,258.65,1,5
2021-06-15 10:25:34,S,258.55,1,5
2021-06-15 10:25:34,S,258.5,1,20
2021-06-15 10:25:34,S,259.2,2,8
2021-06-15 10:25:34,S,259.65,2,6
2021-06-15 10:25:34,S,259.95,2,6
2021-06-15 10:25:34,S,260.2,2,6
2021-06-15 10:25:34,S,260.35,3,17
2021-06-15 10:25:34,S,258.95,2,7
2021-06-15 10:25:34,S,258.75,1,3
2021-06-15 10:25:34,S,258.7,2,14
2021-06-15 10:25:34,S,258.55,1,5
2021-06-15 10:25:34,S,258.5,2,25
2021-06-15 10:25:37,S,259.2,2,8
2021-06-15 10:25:37,S,259.65,2,6
2021-06-15 10:25:37,S,259.95,2,6
2021-06-15 10:25:37,S,260.2,2,6
2021-06-15 10:25:37,S,260.35,3,17
2021-06-15 10:25:37,S,258.95,2,7
2021-06-15 10:25:37,S,258.75,1,3
2021-06-15 10:25:37,S,258.7,2,14
2021-06-15 10:25:37,S,258.55,2,10
2021-06-15 10:25:37,S,258.5,1,20
2021-06-15 10:25:38,S,259.2,2,8
2021-06-15 10:25:38,S,259.65,2,6
2021-06-15 10:25:38,S,259.95,2,6
2021-06-15 10:25:38,S,260.2,2,6
2021-06-15 10:25:38,S,260.35,3,17
2021-06-15 10:25:38,S,258.95,2,7
2021-06-15 10:25:38,S,258.75,1,3
2021-06-15 10:25:38,S,258.7,2,14
2021-06-15 10:25:38,S,258.55,2,10
2021-06-15 10:25:38,S,258.5,1,20
2021-06-15 10:25:41,S,258.95,1,5
2021-06-15 10:25:41,S,259.4,2,12
2021-06-15 10:25:41,S,259.45,2,9
2021-06-15 10:25:41,S,259.65,2,6
2021-06-15 10:25:41,S,259.95,2,6
2021-06-15 10:25:41,S,258.6,2,7
2021-06-15 10:25:41,S,258.55,2,17
2021-06-15 10:25:41,S,258.4,2,14
2021-06-15 10:25:41,S,258.35,1,3
2021-06-15 10:25:41,S,258.25,1,5
2021-06-15 10:25:45,S,258.95,2,9
2021-06-15 10:25:45,S,259.4,2,12
2021-06-15 10:25:45,S,259.45,2,9
2021-06-15 10:25:45,S,259.65,2,6
2021-06-15 10:25:45,S,259.95,2,6
2021-06-15 10:25:45,S,258.55,2,8
2021-06-15 10:25:45,S,258.4,2,14
2021-06-15 10:25:45,S,258.35,1,3
2021-06-15 10:25:45,S,258.25,1,5
2021-06-15 10:25:45,S,258.15,1,5
2021-06-15 10:25:48,S,258.95,2,9
2021-06-15 10:25:48,S,259.4,2,12
2021-06-15 10:25:48,S,259.45,2,9
2021-06-15 10:25:48,S,259.65,2,6
2021-06-15 10:25:48,S,259.9,2,14
2021-06-15 10:25:48,S,258.45,1,5
2021-06-15 10:25:48,S,258.4,2,14
2021-06-15 10:25:48,S,258.35,1,3
2021-06-15 10:25:48,S,258.15,1,5
2021-06-15 10:25:48,S,258.1,2,24
2021-06-15 10:25:49,S,258.95,2,9
2021-06-15 10:25:49,S,259.4,2,12
2021-06-15 10:25:49,S,259.45,2,9
2021-06-15 10:25:49,S,259.65,2,6
2021-06-15 10:25:49,S,259.9,2,14
2021-06-15 10:25:49,S,258.45,1,5
2021-06-15 10:25:49,S,258.4,2,14
2021-06-15 10:25:49,S,258.35,1,3
2021-06-15 10:25:49,S,258.15,1,5
2021-06-15 10:25:49,S,258.1,2,24
2021-06-15 10:25:52,S,259.6,3,20
2021-06-15 10:25:52,S,259.65,2,6
2021-06-15 10:25:52,S,259.7,2,3
2021-06-15 10:25:52,S,259.95,2,6
2021-06-15 10:25:52,S,260.2,3,9
2021-06-15 10:25:52,S,259.0,1,41
2021-06-15 10:25:52,S,258.9,1,3
2021-06-15 10:25:52,S,258.7,1,3
2021-06-15 10:25:52,S,258.5,2,14
2021-06-15 10:25:52,S,258.45,1,5
2021-06-15 10:25:54,S,259.6,3,20
2021-06-15 10:25:54,S,259.65,2,6
2021-06-15 10:25:54,S,259.7,2,3
2021-06-15 10:25:54,S,259.95,2,6
2021-06-15 10:25:54,S,260.15,1,4
2021-06-15 10:25:54,S,259.0,1,41
2021-06-15 10:25:54,S,258.9,1,3
2021-06-15 10:25:54,S,258.7,1,3
2021-06-15 10:25:54,S,258.5,2,14
2021-06-15 10:25:54,S,258.45,1,5
2021-06-15 10:25:59,S,259.6,3,20
2021-06-15 10:25:59,S,259.65,2,6
2021-06-15 10:25:59,S,259.7,2,3
2021-06-15 10:25:59,S,259.95,2,6
2021-06-15 10:25:59,S,260.15,1,4
2021-06-15 10:25:59,S,259.0,1,41
2021-06-15 10:25:59,S,258.9,1,3
2021-06-15 10:25:59,S,258.7,1,3
2021-06-15 10:25:59,S,258.5,2,14
2021-06-15 10:25:59,S,258.45,1,5
2021-06-15 10:26:00,S,259.6,3,20
2021-06-15 10:26:00,S,259.65,2,6
2021-06-15 10:26:00,S,259.7,2,3
2021-06-15 10:26:00,S,259.95,2,6
2021-06-15 10:26:00,S,260.15,1,4
2021-06-15 10:26:00,S,259.0,1,41
2021-06-15 10:26:00,S,258.9,1,3
2021-06-15 10:26:00,S,258.7,1,3
2021-06-15 10:26:00,S,258.5,2,14
2021-06-15 10:26:00,S,258.45,1,5
2021-06-15 10:26:01,S,260.15,2,6
2021-06-15 10:26:01,S,260.3,2,3
2021-06-15 10:26:01,S,260.4,2,15
2021-06-15 10:26:01,S,260.6,2,2
2021-06-15 10:26:01,S,260.7,1,1
2021-06-15 10:26:01,S,259.5,1,2
2021-06-15 10:26:01,S,259.45,1,1
2021-06-15 10:26:01,S,259.4,1,3
2021-06-15 10:26:01,S,259.15,1,1
2021-06-15 10:26:01,S,259.1,1,5
2021-06-15 10:26:02,S,260.15,2,6
2021-06-15 10:26:02,S,260.3,2,3
2021-06-15 10:26:02,S,260.4,2,15
2021-06-15 10:26:02,S,260.6,2,2
2021-06-15 10:26:02,S,260.7,1,1
2021-06-15 10:26:02,S,259.5,1,2
2021-06-15 10:26:02,S,259.45,1,1
2021-06-15 10:26:02,S,259.4,1,3
2021-06-15 10:26:02,S,259.15,1,1
2021-06-15 10:26:02,S,259.1,1,5
2021-06-15 10:26:04,S,260.15,2,6
2021-06-15 10:26:04,S,260.3,2,3
2021-06-15 10:26:04,S,260.4,2,15
2021-06-15 10:26:04,S,260.6,2,2
2021-06-15 10:26:04,S,260.65,2,2
2021-06-15 10:26:04,S,259.2,2,25
2021-06-15 10:26:04,S,259.15,4,20
2021-06-15 10:26:04,S,259.1,1,5
2021-06-15 10:26:04,S,259.05,2,10
2021-06-15 10:26:04,S,259.0,1,41
2021-06-15 10:26:08,S,260.15,2,6
2021-06-15 10:26:08,S,260.4,3,16
2021-06-15 10:26:08,S,260.6,2,2
2021-06-15 10:26:08,S,260.65,2,2
2021-06-15 10:26:08,S,260.7,1,1
2021-06-15 10:26:08,S,259.3,1,40
2021-06-15 10:26:08,S,259.2,2,25
2021-06-15 10:26:08,S,259.15,4,20
2021-06-15 10:26:08,S,259.1,2,10
2021-06-15 10:26:08,S,259.05,1,5
2021-06-15 10:26:12,S,259.95,2,6
2021-06-15 10:26:12,S,260.0,2,27
2021-06-15 10:26:12,S,260.2,2,6
2021-06-15 10:26:12,S,260.4,3,16
2021-06-15 10:26:12,S,260.55,2,2
2021-06-15 10:26:12,S,259.15,3,15
2021-06-15 10:26:12,S,259.05,2,25
2021-06-15 10:26:12,S,259.0,2,46
2021-06-15 10:26:12,S,258.9,2,8
2021-06-15 10:26:12,S,258.8,1,5
2021-06-15 10:26:15,S,259.95,2,6
2021-06-15 10:26:15,S,260.0,2,27
2021-06-15 10:26:15,S,260.2,2,6
2021-06-15 10:26:15,S,260.4,3,16
2021-06-15 10:26:15,S,260.55,2,2
2021-06-15 10:26:15,S,259.15,3,15
2021-06-15 10:26:15,S,259.05,2,25
2021-06-15 10:26:15,S,259.0,2,46
2021-06-15 10:26:15,S,258.9,2,8
2021-06-15 10:26:15,S,258.8,1,5
2021-06-15 10:26:15,S,260.35,2,6
2021-06-15 10:26:15,S,260.4,2,15
2021-06-15 10:26:15,S,260.7,1,1
2021-06-15 10:26:15,S,260.75,1,53
2021-06-15 10:26:15,S,260.8,1,1
2021-06-15 10:26:15,S,259.4,1,4
2021-06-15 10:26:15,S,259.35,2,14
2021-06-15 10:26:15,S,259.3,1,5
2021-06-15 10:26:15,S,259.25,2,65
2021-06-15 10:26:15,S,259.2,1,5
2021-06-15 10:26:18,S,259.95,2,7
2021-06-15 10:26:18,S,260.35,2,6
2021-06-15 10:26:18,S,260.4,2,15
2021-06-15 10:26:18,S,260.7,1,1
2021-06-15 10:26:18,S,260.75,1,53
2021-06-15 10:26:18,S,259.4,3,19
2021-06-15 10:26:18,S,259.35,2,14
2021-06-15 10:26:18,S,259.25,1,60
2021-06-15 10:26:18,S,259.2,1,5
2021-06-15 10:26:18,S,259.15,1,3
2021-06-15 10:26:21,S,259.7,2,7
2021-06-15 10:26:21,S,259.85,1,4
2021-06-15 10:26:21,S,259.9,1,6
2021-06-15 10:26:21,S,260.2,2,7
2021-06-15 10:26:21,S,260.35,1,2
2021-06-15 10:26:21,S,259.4,2,7
2021-06-15 10:26:21,S,259.3,1,20
2021-06-15 10:26:21,S,259.25,3,74
2021-06-15 10:26:21,S,259.15,1,3
2021-06-15 10:26:21,S,259.05,1,5
2021-06-15 10:26:23,S,259.7,2,7
2021-06-15 10:26:23,S,259.85,1,4
2021-06-15 10:26:23,S,259.9,1,6
2021-06-15 10:26:23,S,260.2,2,7
2021-06-15 10:26:23,S,260.35,1,2
2021-06-15 10:26:23,S,259.4,2,7
2021-06-15 10:26:23,S,259.3,1,20
2021-06-15 10:26:23,S,259.25,3,74
2021-06-15 10:26:23,S,259.15,1,3
2021-06-15 10:26:23,S,259.05,1,5
2021-06-15 10:26:25,S,259.95,2,6
2021-06-15 10:26:25,S,260.0,2,4
2021-06-15 10:26:25,S,260.2,2,6
2021-06-15 10:26:25,S,260.4,3,16
2021-06-15 10:26:25,S,260.5,1,4
2021-06-15 10:26:25,S,259.05,2,25
2021-06-15 10:26:25,S,259.0,2,46
2021-06-15 10:26:25,S,258.95,4,33
2021-06-15 10:26:25,S,258.9,1,5
2021-06-15 10:26:25,S,258.85,1,58
2021-06-15 10:26:28,S,259.4,2,17
2021-06-15 10:26:28,S,259.95,2,6
2021-06-15 10:26:28,S,260.0,3,6
2021-06-15 10:26:28,S,260.2,2,6
2021-06-15 10:26:28,S,260.4,3,16
2021-06-15 10:26:28,S,259.05,2,25
2021-06-15 10:26:28,S,259.0,1,41
2021-06-15 10:26:28,S,258.95,1,3
2021-06-15 10:26:28,S,258.9,2,14
2021-06-15 10:26:28,S,258.85,1,58
2021-06-15 10:26:32,S,259.4,3,22
2021-06-15 10:26:32,S,259.45,2,8
2021-06-15 10:26:32,S,259.5,2,17
2021-06-15 10:26:32,S,259.7,2,6
2021-06-15 10:26:32,S,260.0,3,6
2021-06-15 10:26:32,S,259.1,1,5
2021-06-15 10:26:32,S,259.0,1,41
2021-06-15 10:26:32,S,258.95,1,3
2021-06-15 10:26:32,S,258.9,2,14
2021-06-15 10:26:32,S,258.7,1,3
2021-06-15 10:26:36,S,259.25,2,8
2021-06-15 10:26:36,S,259.35,2,7
2021-06-15 10:26:36,S,259.4,2,17
2021-06-15 10:26:36,S,259.45,1,4
2021-06-15 10:26:36,S,259.5,2,17
2021-06-15 10:26:36,S,259.1,1,3
2021-06-15 10:26:36,S,259.0,1,41
2021-06-15 10:26:36,S,258.95,1,3
2021-06-15 10:26:36,S,258.75,2,14
2021-06-15 10:26:36,S,258.7,1,3
2021-06-15 10:26:38,S,259.25,2,8
2021-06-15 10:26:38,S,259.35,2,7
2021-06-15 10:26:38,S,259.4,2,17
2021-06-15 10:26:38,S,259.45,1,4
2021-06-15 10:26:38,S,259.5,2,17
2021-06-15 10:26:38,S,259.1,1,3
2021-06-15 10:26:38,S,259.0,1,41
2021-06-15 10:26:38,S,258.95,1,3
2021-06-15 10:26:38,S,258.75,2,14
2021-06-15 10:26:38,S,258.7,1,3
2021-06-15 10:26:39,S,259.1,1,5
2021-06-15 10:26:39,S,259.4,2,17
2021-06-15 10:26:39,S,259.65,2,11
2021-06-15 10:26:39,S,259.7,2,6
2021-06-15 10:26:39,S,260.0,2,4
2021-06-15 10:26:39,S,259.0,1,41
2021-06-15 10:26:39,S,258.7,3,35
2021-06-15 10:26:39,S,258.65,3,27
2021-06-15 10:26:39,S,258.55,1,3
2021-06-15 10:26:39,S,258.5,1,5
2021-06-15 10:26:42,S,259.1,1,5
2021-06-15 10:26:42,S,259.4,2,17
2021-06-15 10:26:42,S,259.65,2,11
2021-06-15 10:26:42,S,259.7,2,6
2021-06-15 10:26:42,S,260.0,2,4
2021-06-15 10:26:42,S,259.0,1,41
2021-06-15 10:26:42,S,258.7,3,35
2021-06-15 10:26:42,S,258.65,3,27
2021-06-15 10:26:42,S,258.55,1,3
2021-06-15 10:26:42,S,258.5,1,5
2021-06-15 10:26:43,S,259.35,2,10
2021-06-15 10:26:43,S,259.4,3,30
2021-06-15 10:26:43,S,259.45,1,1
2021-06-15 10:26:43,S,259.7,2,6
2021-06-15 10:26:43,S,259.75,1,2
2021-06-15 10:26:43,S,259.0,1,24
2021-06-15 10:26:43,S,258.75,2,14
2021-06-15 10:26:43,S,258.7,1,3
2021-06-15 10:26:43,S,258.6,1,13
2021-06-15 10:26:43,S,258.55,1,3
2021-06-15 10:26:46,S,259.35,3,17
2021-06-15 10:26:46,S,259.4,3,30
2021-06-15 10:26:46,S,259.5,1,2
2021-06-15 10:26:46,S,259.7,2,6
2021-06-15 10:26:46,S,260.0,2,4
2021-06-15 10:26:46,S,259.0,1,24
2021-06-15 10:26:46,S,258.75,2,14
2021-06-15 10:26:46,S,258.7,1,3
2021-06-15 10:26:46,S,258.55,1,3
2021-06-15 10:26:46,S,258.5,2,25
2021-06-15 10:26:51,S,259.2,2,9
2021-06-15 10:26:51,S,259.35,2,10
2021-06-15 10:26:51,S,259.4,3,30
2021-06-15 10:26:51,S,259.5,1,2
2021-06-15 10:26:51,S,259.7,2,6
2021-06-15 10:26:51,S,259.0,1,24
2021-06-15 10:26:51,S,258.9,1,3
2021-06-15 10:26:51,S,258.75,2,14
2021-06-15 10:26:51,S,258.7,2,19
2021-06-15 10:26:51,S,258.5,2,25
2021-06-15 10:26:53,S,259.2,2,9
2021-06-15 10:26:53,S,259.35,2,10
2021-06-15 10:26:53,S,259.4,3,30
2021-06-15 10:26:53,S,259.5,1,2
2021-06-15 10:26:53,S,259.7,2,6
2021-06-15 10:26:53,S,259.0,1,24
2021-06-15 10:26:53,S,258.9,1,3
2021-06-15 10:26:53,S,258.75,2,14
2021-06-15 10:26:53,S,258.7,2,19
2021-06-15 10:26:53,S,258.5,2,25
2021-06-15 10:26:54,S,259.0,1,7
2021-06-15 10:26:54,S,259.25,2,10
2021-06-15 10:26:54,S,259.4,2,17
2021-06-15 10:26:54,S,259.5,1,2
2021-06-15 10:26:54,S,259.7,2,6
2021-06-15 10:26:54,S,258.55,2,10
2021-06-15 10:26:54,S,258.5,4,37
2021-06-15 10:26:54,S,258.45,2,67
2021-06-15 10:26:54,S,258.35,2,19
2021-06-15 10:26:54,S,258.3,1,5
2021-06-15 10:26:57,S,259.0,1,7
2021-06-15 10:26:57,S,259.25,2,10
2021-06-15 10:26:57,S,259.4,2,17
2021-06-15 10:26:57,S,259.5,1,2
2021-06-15 10:26:57,S,259.7,2,6
2021-06-15 10:26:57,S,258.55,2,10
2021-06-15 10:26:57,S,258.5,4,37
2021-06-15 10:26:57,S,258.45,2,67
2021-06-15 10:26:57,S,258.35,2,19
2021-06-15 10:26:57,S,258.3,1,5
2021-06-15 10:26:58,S,259.25,2,10
2021-06-15 10:26:58,S,259.4,2,17
2021-06-15 10:26:58,S,259.5,2,4
2021-06-15 10:26:58,S,259.7,2,6
2021-06-15 10:26:58,S,259.9,1,20
2021-06-15 10:26:58,S,258.7,1,7
2021-06-15 10:26:58,S,258.6,1,7
2021-06-15 10:26:58,S,258.55,1,3
2021-06-15 10:26:58,S,258.35,2,19
2021-06-15 10:26:58,S,258.3,1,5
2021-06-15 10:27:03,S,259.25,3,16
2021-06-15 10:27:03,S,259.4,2,17
2021-06-15 10:27:03,S,259.5,2,4
2021-06-15 10:27:03,S,259.7,2,6
2021-06-15 10:27:03,S,259.95,1,52
2021-06-15 10:27:03,S,258.7,1,7
2021-06-15 10:27:03,S,258.6,1,7
2021-06-15 10:27:03,S,258.55,1,3
2021-06-15 10:27:03,S,258.35,2,19
2021-06-15 10:27:03,S,258.3,1,5
2021-06-15 10:27:06,S,259.0,1,6
2021-06-15 10:27:06,S,259.25,2,10
2021-06-15 10:27:06,S,259.3,2,6
2021-06-15 10:27:06,S,259.4,2,17
2021-06-15 10:27:06,S,259.5,2,4
2021-06-15 10:27:06,S,258.55,1,3
2021-06-15 10:27:06,S,258.4,3,30
2021-06-15 10:27:06,S,258.35,2,19
2021-06-15 10:27:06,S,258.3,1,5
2021-06-15 10:27:06,S,258.2,1,5
2021-06-15 10:27:08,S,259.0,1,6
2021-06-15 10:27:08,S,259.25,2,10
2021-06-15 10:27:08,S,259.3,2,6
2021-06-15 10:27:08,S,259.4,2,17
2021-06-15 10:27:08,S,259.5,2,4
2021-06-15 10:27:08,S,258.55,1,3
2021-06-15 10:27:08,S,258.4,3,30
2021-06-15 10:27:08,S,258.35,2,19
2021-06-15 10:27:08,S,258.3,1,5
2021-06-15 10:27:08,S,258.2,1,5
2021-06-15 10:27:10,S,258.55,1,6
2021-06-15 10:27:10,S,258.8,2,11
2021-06-15 10:27:10,S,258.85,2,9
2021-06-15 10:27:10,S,259.0,1,7
2021-06-15 10:27:10,S,259.05,2,9
2021-06-15 10:27:10,S,258.15,2,20
2021-06-15 10:27:10,S,258.1,4,25
2021-06-15 10:27:10,S,258.05,2,62
2021-06-15 10:27:10,S,258.0,2,63
2021-06-15 10:27:10,S,257.9,1,5
2021-06-15 10:27:12,S,258.55,1,6
2021-06-15 10:27:12,S,258.8,2,11
2021-06-15 10:27:12,S,258.85,2,9
2021-06-15 10:27:12,S,259.0,1,7
2021-06-15 10:27:12,S,259.05,2,9
2021-06-15 10:27:12,S,258.15,2,20
2021-06-15 10:27:12,S,258.1,4,25
2021-06-15 10:27:12,S,258.05,2,62
2021-06-15 10:27:12,S,258.0,2,63
2021-06-15 10:27:12,S,257.9,1,5
2021-06-15 10:27:13,S,259.25,2,6
2021-06-15 10:27:13,S,259.3,2,6
2021-06-15 10:27:13,S,259.4,2,17
2021-06-15 10:27:13,S,259.5,2,4
2021-06-15 10:27:13,S,259.7,2,6
2021-06-15 10:27:13,S,258.35,2,14
2021-06-15 10:27:13,S,258.3,1,7
2021-06-15 10:27:13,S,258.15,2,11
2021-06-15 10:27:13,S,258.1,2,11
2021-06-15 10:27:13,S,258.05,3,67
2021-06-15 10:27:16,S,259.25,3,12
2021-06-15 10:27:16,S,259.3,2,6
2021-06-15 10:27:16,S,259.4,2,17
2021-06-15 10:27:16,S,259.5,2,4
2021-06-15 10:27:16,S,259.7,2,6
2021-06-15 10:27:16,S,258.35,3,17
2021-06-15 10:27:16,S,258.15,2,11
2021-06-15 10:27:16,S,258.1,2,11
2021-06-15 10:27:16,S,258.05,3,67
2021-06-15 10:27:16,S,258.0,2,63
2021-06-15 10:27:23,S,259.05,2,10
2021-06-15 10:27:23,S,259.3,2,6
2021-06-15 10:27:23,S,259.4,2,17
2021-06-15 10:27:23,S,259.5,2,4
2021-06-15 10:27:23,S,259.7,2,6
2021-06-15 10:27:23,S,258.4,2,14
2021-06-15 10:27:23,S,258.15,1,6
2021-06-15 10:27:23,S,258.1,2,11
2021-06-15 10:27:23,S,258.05,2,62
2021-06-15 10:27:23,S,258.0,2,63
2021-06-15 10:27:27,S,259.05,2,10
2021-06-15 10:27:27,S,259.3,2,6
2021-06-15 10:27:27,S,259.4,2,17
2021-06-15 10:27:27,S,259.5,2,4
2021-06-15 10:27:27,S,259.7,2,6
2021-06-15 10:27:27,S,258.4,3,17
2021-06-15 10:27:27,S,258.15,1,6
2021-06-15 10:27:27,S,258.1,2,11
2021-06-15 10:27:27,S,258.05,2,62
2021-06-15 10:27:27,S,258.0,2,63
2021-06-15 10:27:33,S,259.05,3,17
2021-06-15 10:27:33,S,259.3,2,6
2021-06-15 10:27:33,S,259.4,2,17
2021-06-15 10:27:33,S,259.5,2,4
2021-06-15 10:27:33,S,259.7,2,6
2021-06-15 10:27:33,S,258.4,3,17
2021-06-15 10:27:33,S,258.1,2,11
2021-06-15 10:27:33,S,258.05,2,62
2021-06-15 10:27:33,S,258.0,2,63
2021-06-15 10:27:33,S,257.9,1,5
2021-06-15 10:27:37,S,258.75,1,7
2021-06-15 10:27:37,S,259.05,2,10
2021-06-15 10:27:37,S,259.1,2,6
2021-06-15 10:27:37,S,259.3,2,6
2021-06-15 10:27:37,S,259.4,2,17
2021-06-15 10:27:37,S,258.15,3,23
2021-06-15 10:27:37,S,258.1,2,11
2021-06-15 10:27:37,S,258.05,2,62
2021-06-15 10:27:37,S,258.0,2,63
2021-06-15 10:27:37,S,257.9,1,5
2021-06-15 10:27:38,S,258.75,1,7
2021-06-15 10:27:38,S,259.05,2,10
2021-06-15 10:27:38,S,259.1,2,6
2021-06-15 10:27:38,S,259.3,2,6
2021-06-15 10:27:38,S,259.4,2,17
2021-06-15 10:27:38,S,258.15,3,23
2021-06-15 10:27:38,S,258.1,2,11
2021-06-15 10:27:38,S,258.05,2,62
2021-06-15 10:27:38,S,258.0,2,63
2021-06-15 10:27:38,S,257.9,1,5
2021-06-15 10:27:40,S,259.05,2,10
2021-06-15 10:27:40,S,259.3,2,6
2021-06-15 10:27:40,S,259.4,2,17
2021-06-15 10:27:40,S,259.5,2,4
2021-06-15 10:27:40,S,259.65,2,8
2021-06-15 10:27:40,S,258.15,2,10
2021-06-15 10:27:40,S,258.1,1,4
2021-06-15 10:27:40,S,258.05,2,62
2021-06-15 10:27:40,S,258.0,2,63
2021-06-15 10:27:40,S,257.9,1,5
2021-06-15 10:27:48,S,259.05,3,16
2021-06-15 10:27:48,S,259.3,2,6
2021-06-15 10:27:48,S,259.4,2,17
2021-06-15 10:27:48,S,259.5,2,4
2021-06-15 10:27:48,S,259.65,2,8
2021-06-15 10:27:48,S,258.15,2,10
2021-06-15 10:27:48,S,258.1,1,4
2021-06-15 10:27:48,S,258.05,2,62
2021-06-15 10:27:48,S,258.0,2,63
2021-06-15 10:27:48,S,257.9,1,5
2021-06-15 10:27:52,S,258.6,1,6
2021-06-15 10:27:52,S,258.9,2,10
2021-06-15 10:27:52,S,258.95,2,8
2021-06-15 10:27:52,S,259.3,2,6
2021-06-15 10:27:52,S,259.4,2,17
2021-06-15 10:27:52,S,258.15,2,10
2021-06-15 10:27:52,S,258.1,1,4
2021-06-15 10:27:52,S,258.05,1,59
2021-06-15 10:27:52,S,258.0,2,63
2021-06-15 10:27:52,S,257.9,1,5
2021-06-15 10:27:53,S,258.6,1,6
2021-06-15 10:27:53,S,258.9,2,10
2021-06-15 10:27:53,S,258.95,2,8
2021-06-15 10:27:53,S,259.3,2,6
2021-06-15 10:27:53,S,259.4,2,17
2021-06-15 10:27:53,S,258.15,2,10
2021-06-15 10:27:53,S,258.1,1,4
2021-06-15 10:27:53,S,258.05,1,59
2021-06-15 10:27:53,S,258.0,2,63
2021-06-15 10:27:53,S,257.9,1,5
2021-06-15 10:27:55,S,258.9,2,10
2021-06-15 10:27:55,S,259.05,1,2
2021-06-15 10:27:55,S,259.3,2,6
2021-06-15 10:27:55,S,259.4,2,17
2021-06-15 10:27:55,S,259.5,2,4
2021-06-15 10:27:55,S,258.15,2,11
2021-06-15 10:27:55,S,258.1,1,4
2021-06-15 10:27:55,S,258.05,1,59
2021-06-15 10:27:55,S,258.0,1,54
2021-06-15 10:27:55,S,257.9,1,5
2021-06-15 10:27:59,S,258.9,2,10
2021-06-15 10:27:59,S,259.05,1,2
2021-06-15 10:27:59,S,259.3,2,6
2021-06-15 10:27:59,S,259.4,2,17
2021-06-15 10:27:59,S,259.5,2,4
2021-06-15 10:27:59,S,258.15,2,11
2021-06-15 10:27:59,S,258.1,1,4
2021-06-15 10:27:59,S,258.05,1,59
2021-06-15 10:27:59,S,258.0,1,54
2021-06-15 10:27:59,S,257.9,1,5
2021-06-15 10:28:03,S,258.9,3,17
2021-06-15 10:28:03,S,259.05,1,2
2021-06-15 10:28:03,S,259.3,2,6
2021-06-15 10:28:03,S,259.4,2,17
2021-06-15 10:28:03,S,259.5,2,4
2021-06-15 10:28:03,S,258.15,2,11
2021-06-15 10:28:03,S,258.1,1,4
2021-06-15 10:28:03,S,258.05,1,59
2021-06-15 10:28:03,S,258.0,1,54
2021-06-15 10:28:03,S,257.9,1,5
2021-06-15 10:28:06,S,258.55,1,7
2021-06-15 10:28:06,S,258.8,2,9
2021-06-15 10:28:06,S,258.85,2,7
2021-06-15 10:28:06,S,259.05,2,5
2021-06-15 10:28:06,S,259.3,2,6
2021-06-15 10:28:06,S,258.05,2,2
2021-06-15 10:28:06,S,258.0,1,54
2021-06-15 10:28:06,S,257.9,2,21
2021-06-15 10:28:06,S,257.75,2,8
2021-06-15 10:28:06,S,257.65,3,74
2021-06-15 10:28:08,S,258.55,1,7
2021-06-15 10:28:08,S,258.8,2,9
2021-06-15 10:28:08,S,258.85,2,7
2021-06-15 10:28:08,S,259.05,2,5
2021-06-15 10:28:08,S,259.3,2,6
2021-06-15 10:28:08,S,258.05,2,2
2021-06-15 10:28:08,S,258.0,1,54
2021-06-15 10:28:08,S,257.9,2,21
2021-06-15 10:28:08,S,257.75,2,8
2021-06-15 10:28:08,S,257.65,3,74
2021-06-15 10:28:09,S,258.05,1,5
2021-06-15 10:28:09,S,258.45,2,9
2021-06-15 10:28:09,S,258.5,3,107
2021-06-15 10:28:09,S,258.8,1,5
2021-06-15 10:28:09,S,258.85,2,7
2021-06-15 10:28:09,S,258.0,1,54
2021-06-15 10:28:09,S,257.75,1,3
2021-06-15 10:28:09,S,257.65,1,53
2021-06-15 10:28:09,S,257.55,1,3
2021-06-15 10:28:09,S,257.45,3,169
2021-06-15 10:28:12,S,258.0,1,4
2021-06-15 10:28:12,S,258.45,2,9
2021-06-15 10:28:12,S,258.5,3,107
2021-06-15 10:28:12,S,258.85,2,7
2021-06-15 10:28:12,S,259.0,2,4
2021-06-15 10:28:12,S,257.45,2,164
2021-06-15 10:28:12,S,257.35,2,19
2021-06-15 10:28:12,S,257.3,3,23
2021-06-15 10:28:12,S,257.25,3,106
2021-06-15 10:28:12,S,257.15,2,9
2021-06-15 10:28:13,S,258.0,1,4
2021-06-15 10:28:13,S,258.45,2,9
2021-06-15 10:28:13,S,258.5,3,107
2021-06-15 10:28:13,S,258.85,2,7
2021-06-15 10:28:13,S,259.0,2,4
2021-06-15 10:28:13,S,257.45,2,164
2021-06-15 10:28:13,S,257.35,2,19
2021-06-15 10:28:13,S,257.3,3,23
2021-06-15 10:28:13,S,257.25,3,106
2021-06-15 10:28:13,S,257.15,2,9
2021-06-15 10:28:16,S,258.0,1,6
2021-06-15 10:28:16,S,258.35,2,9
2021-06-15 10:28:16,S,258.45,2,32
2021-06-15 10:28:16,S,258.5,3,107
2021-06-15 10:28:16,S,258.85,2,7
2021-06-15 10:28:16,S,257.45,2,130
2021-06-15 10:28:16,S,257.35,1,3
2021-06-15 10:28:16,S,257.25,3,117
2021-06-15 10:28:16,S,257.15,3,17
2021-06-15 10:28:16,S,257.1,1,100
2021-06-15 10:28:23,S,258.0,1,6
2021-06-15 10:28:23,S,258.35,2,9
2021-06-15 10:28:23,S,258.45,2,32
2021-06-15 10:28:23,S,258.5,3,107
2021-06-15 10:28:23,S,258.85,2,7
2021-06-15 10:28:23,S,257.45,2,130
2021-06-15 10:28:23,S,257.35,1,3
2021-06-15 10:28:23,S,257.25,3,117
2021-06-15 10:28:23,S,257.15,3,17
2021-06-15 10:28:23,S,257.1,1,100
2021-06-15 10:28:26,S,258.2,2,6
2021-06-15 10:28:26,S,258.25,1,2
2021-06-15 10:28:26,S,258.35,1,5
2021-06-15 10:28:26,S,258.45,2,32
2021-06-15 10:28:26,S,258.5,3,107
2021-06-15 10:28:26,S,257.45,2,77
2021-06-15 10:28:26,S,257.35,1,3
2021-06-15 10:28:26,S,257.25,2,101
2021-06-15 10:28:26,S,257.15,3,17
2021-06-15 10:28:26,S,257.1,1,100
2021-06-15 10:28:28,S,258.25,2,6
2021-06-15 10:28:28,S,258.3,2,7
2021-06-15 10:28:28,S,258.45,2,32
2021-06-15 10:28:28,S,258.5,3,107
2021-06-15 10:28:28,S,258.85,2,7
2021-06-15 10:28:28,S,257.45,2,77
2021-06-15 10:28:28,S,257.35,1,3
2021-06-15 10:28:28,S,257.25,2,101
2021-06-15 10:28:28,S,257.15,2,9
2021-06-15 10:28:28,S,257.1,1,100
2021-06-15 10:28:32,S,258.2,2,6
2021-06-15 10:28:32,S,258.25,2,9
2021-06-15 10:28:32,S,258.45,2,32
2021-06-15 10:28:32,S,258.5,3,107
2021-06-15 10:28:32,S,258.6,1,2
2021-06-15 10:28:32,S,257.5,1,50
2021-06-15 10:28:32,S,257.45,2,77
2021-06-15 10:28:32,S,257.35,1,3
2021-06-15 10:28:32,S,257.25,2,101
2021-06-15 10:28:32,S,257.15,2,9
2021-06-15 10:28:36,S,257.85,1,7
2021-06-15 10:28:36,S,258.2,2,6
2021-06-15 10:28:36,S,258.3,1,2
2021-06-15 10:28:36,S,258.45,2,32
2021-06-15 10:28:36,S,258.5,3,107
2021-06-15 10:28:36,S,257.5,1,50
2021-06-15 10:28:36,S,257.45,2,77
2021-06-15 10:28:36,S,257.35,1,3
2021-06-15 10:28:36,S,257.25,2,101
2021-06-15 10:28:36,S,257.15,2,9
2021-06-15 10:28:37,S,257.85,1,7
2021-06-15 10:28:37,S,258.2,2,6
2021-06-15 10:28:37,S,258.3,1,2
2021-06-15 10:28:37,S,258.45,2,32
2021-06-15 10:28:37,S,258.5,3,107
2021-06-15 10:28:37,S,257.5,1,50
2021-06-15 10:28:37,S,257.45,2,77
2021-06-15 10:28:37,S,257.35,1,3
2021-06-15 10:28:37,S,257.25,2,101
2021-06-15 10:28:37,S,257.15,2,9
2021-06-15 10:28:39,S,258.45,2,6
2021-06-15 10:28:39,S,258.5,2,105
2021-06-15 10:28:39,S,258.65,1,2
2021-06-15 10:28:39,S,258.85,2,7
2021-06-15 10:28:39,S,259.05,2,5
2021-06-15 10:28:39,S,258.0,1,639
2021-06-15 10:28:39,S,257.5,2,63
2021-06-15 10:28:39,S,257.45,3,93
2021-06-15 10:28:39,S,257.35,1,3
2021-06-15 10:28:39,S,257.25,2,101
2021-06-15 10:28:42,S,258.45,2,6
2021-06-15 10:28:42,S,258.5,2,105
2021-06-15 10:28:42,S,258.85,2,7
2021-06-15 10:28:42,S,259.05,2,5
2021-06-15 10:28:42,S,259.3,2,6
2021-06-15 10:28:42,S,258.05,1,50
2021-06-15 10:28:42,S,258.0,1,639
2021-06-15 10:28:42,S,257.45,3,93
2021-06-15 10:28:42,S,257.35,1,3
2021-06-15 10:28:42,S,257.3,1,20
2021-06-15 10:28:46,S,258.45,2,6
2021-06-15 10:28:46,S,258.5,2,105
2021-06-15 10:28:46,S,258.85,2,7
2021-06-15 10:28:46,S,259.05,2,5
2021-06-15 10:28:46,S,259.3,2,6
2021-06-15 10:28:46,S,258.05,1,50
2021-06-15 10:28:46,S,258.0,1,639
2021-06-15 10:28:46,S,257.45,3,93
2021-06-15 10:28:46,S,257.35,1,3
2021-06-15 10:28:46,S,257.3,1,20
2021-06-15 10:28:49,S,258.45,2,6
2021-06-15 10:28:49,S,258.5,2,105
2021-06-15 10:28:49,S,258.85,2,7
2021-06-15 10:28:49,S,259.05,2,5
2021-06-15 10:28:49,S,259.3,2,6
2021-06-15 10:28:49,S,258.05,1,50
2021-06-15 10:28:49,S,258.0,1,639
2021-06-15 10:28:49,S,257.45,3,93
2021-06-15 10:28:49,S,257.35,1,3
2021-06-15 10:28:49,S,257.3,1,20
2021-06-15 10:28:50,S,259.2,2,12
2021-06-15 10:28:50,S,259.3,2,6
2021-06-15 10:28:50,S,259.4,2,17
2021-06-15 10:28:50,S,259.5,1,2
2021-06-15 10:28:50,S,259.7,1,2
2021-06-15 10:28:50,S,258.4,1,2
2021-06-15 10:28:50,S,258.35,1,639
2021-06-15 10:28:50,S,258.2,1,3
2021-06-15 10:28:50,S,258.15,1,5
2021-06-15 10:28:50,S,258.05,2,10
2021-06-15 10:28:54,S,259.2,2,12
2021-06-15 10:28:54,S,259.3,2,6
2021-06-15 10:28:54,S,259.4,2,17
2021-06-15 10:28:54,S,259.5,1,2
2021-06-15 10:28:54,S,259.7,1,2
2021-06-15 10:28:54,S,258.4,2,7
2021-06-15 10:28:54,S,258.35,1,639
2021-06-15 10:28:54,S,258.2,1,3
2021-06-15 10:28:54,S,258.15,1,5
2021-06-15 10:28:54,S,258.05,1,5
2021-06-15 10:29:00,S,259.2,3,17
2021-06-15 10:29:00,S,259.3,2,6
2021-06-15 10:29:00,S,259.4,2,17
2021-06-15 10:29:00,S,259.5,1,2
2021-06-15 10:29:00,S,259.7,1,2
2021-06-15 10:29:00,S,258.4,2,7
2021-06-15 10:29:00,S,258.35,1,639
2021-06-15 10:29:00,S,258.2,1,3
2021-06-15 10:29:00,S,258.15,1,5
2021-06-15 10:29:00,S,258.05,1,5
2021-06-15 10:29:04,S,258.8,1,5
2021-06-15 10:29:04,S,259.2,2,12
2021-06-15 10:29:04,S,259.3,2,6
2021-06-15 10:29:04,S,259.4,2,17
2021-06-15 10:29:04,S,259.5,1,2
2021-06-15 10:29:04,S,258.4,1,5
2021-06-15 10:29:04,S,258.35,1,639
2021-06-15 10:29:04,S,258.2,1,3
2021-06-15 10:29:04,S,258.15,1,5
2021-06-15 10:29:04,S,258.05,1,5
2021-06-15 10:29:05,S,258.8,1,5
2021-06-15 10:29:05,S,259.2,2,12
2021-06-15 10:29:05,S,259.3,2,6
2021-06-15 10:29:05,S,259.4,2,17
2021-06-15 10:29:05,S,259.5,1,2
2021-06-15 10:29:05,S,258.4,1,5
2021-06-15 10:29:05,S,258.35,1,639
2021-06-15 10:29:05,S,258.2,1,3
2021-06-15 10:29:05,S,258.15,1,5
2021-06-15 10:29:05,S,258.05,1,5
2021-06-15 10:29:07,S,259.4,2,10
2021-06-15 10:29:07,S,259.8,2,5
2021-06-15 10:29:07,S,259.95,2,56
2021-06-15 10:29:07,S,260.0,2,27
2021-06-15 10:29:07,S,260.1,2,14
2021-06-15 10:29:07,S,258.6,1,4
2021-06-15 10:29:07,S,258.55,1,3
2021-06-15 10:29:07,S,258.45,2,64
2021-06-15 10:29:07,S,258.4,2,18
2021-06-15 10:29:07,S,258.35,2,655
2021-06-15 10:29:08,S,259.4,2,10
2021-06-15 10:29:08,S,259.8,2,5
2021-06-15 10:29:08,S,259.95,2,56
2021-06-15 10:29:08,S,260.0,2,27
2021-06-15 10:29:08,S,260.1,2,14
2021-06-15 10:29:08,S,258.6,1,4
2021-06-15 10:29:08,S,258.55,1,3
2021-06-15 10:29:08,S,258.45,2,64
2021-06-15 10:29:08,S,258.4,2,18
2021-06-15 10:29:08,S,258.35,2,655
2021-06-15 10:29:11,S,259.4,2,10
2021-06-15 10:29:11,S,259.8,2,5
2021-06-15 10:29:11,S,259.85,2,13
2021-06-15 10:29:11,S,259.9,3,33
2021-06-15 10:29:11,S,259.95,2,56
2021-06-15 10:29:11,S,258.45,2,38
2021-06-15 10:29:11,S,258.4,1,5
2021-06-15 10:29:11,S,258.35,2,655
2021-06-15 10:29:11,S,258.3,1,5
2021-06-15 10:29:11,S,258.25,1,20
2021-06-15 10:29:15,S,259.4,2,10
2021-06-15 10:29:15,S,259.8,2,5
2021-06-15 10:29:15,S,259.85,2,13
2021-06-15 10:29:15,S,259.9,3,33
2021-06-15 10:29:15,S,259.95,2,56
2021-06-15 10:29:15,S,258.45,2,38
2021-06-15 10:29:15,S,258.4,1,5
2021-06-15 10:29:15,S,258.35,2,655
2021-06-15 10:29:15,S,258.3,1,5
2021-06-15 10:29:15,S,258.25,1,20
2021-06-15 10:29:18,S,259.4,3,17
2021-06-15 10:29:18,S,259.8,2,5
2021-06-15 10:29:18,S,259.85,2,13
2021-06-15 10:29:18,S,259.9,3,33
2021-06-15 10:29:18,S,259.95,2,56
2021-06-15 10:29:18,S,258.45,2,38
2021-06-15 10:29:18,S,258.4,1,5
2021-06-15 10:29:18,S,258.35,2,655
2021-06-15 10:29:18,S,258.3,1,5
2021-06-15 10:29:18,S,258.2,3,24
2021-06-15 10:29:22,S,258.95,1,7
2021-06-15 10:29:22,S,259.4,2,10
2021-06-15 10:29:22,S,259.45,2,10
2021-06-15 10:29:22,S,259.8,4,19
2021-06-15 10:29:22,S,259.9,2,26
2021-06-15 10:29:22,S,258.4,2,8
2021-06-15 10:29:22,S,258.35,1,639
2021-06-15 10:29:22,S,258.2,3,24
2021-06-15 10:29:22,S,258.1,1,5
2021-06-15 10:29:22,S,258.05,1,59
2021-06-15 10:29:23,S,258.95,1,7
2021-06-15 10:29:23,S,259.4,2,10
2021-06-15 10:29:23,S,259.45,2,10
2021-06-15 10:29:23,S,259.8,4,19
2021-06-15 10:29:23,S,259.9,2,26
2021-06-15 10:29:23,S,258.4,2,8
2021-06-15 10:29:23,S,258.35,1,639
2021-06-15 10:29:23,S,258.2,3,24
2021-06-15 10:29:23,S,258.1,1,5
2021-06-15 10:29:23,S,258.05,1,59
2021-06-15 10:29:27,S,259.4,2,10
2021-06-15 10:29:27,S,259.6,2,3
2021-06-15 10:29:27,S,259.8,2,5
2021-06-15 10:29:27,S,259.85,2,14
2021-06-15 10:29:27,S,259.9,2,26
2021-06-15 10:29:27,S,258.4,2,5
2021-06-15 10:29:27,S,258.35,1,639
2021-06-15 10:29:27,S,258.2,3,24
2021-06-15 10:29:27,S,258.1,3,41
2021-06-15 10:29:27,S,258.05,1,59
2021-06-15 10:29:30,S,259.4,3,16
2021-06-15 10:29:30,S,259.6,2,3
2021-06-15 10:29:30,S,259.8,2,5
2021-06-15 10:29:30,S,259.85,2,14
2021-06-15 10:29:30,S,259.9,2,26
2021-06-15 10:29:30,S,258.4,2,5
2021-06-15 10:29:30,S,258.35,1,639
2021-06-15 10:29:30,S,258.2,3,24
2021-06-15 10:29:30,S,258.1,3,41
2021-06-15 10:29:30,S,258.05,1,59
2021-06-15 10:29:37,S,258.9,1,6
2021-06-15 10:29:37,S,259.25,2,11
2021-06-15 10:29:37,S,259.3,2,9
2021-06-15 10:29:37,S,259.4,1,6
2021-06-15 10:29:37,S,259.6,2,3
2021-06-15 10:29:37,S,258.4,2,5
2021-06-15 10:29:37,S,258.35,1,639
2021-06-15 10:29:37,S,258.2,3,24
2021-06-15 10:29:37,S,258.1,3,41
2021-06-15 10:29:37,S,258.05,1,59
2021-06-15 10:29:40,S,258.4,1,4
2021-06-15 10:29:40,S,259.25,2,11
2021-06-15 10:29:40,S,259.3,2,9
2021-06-15 10:29:40,S,259.6,2,3
2021-06-15 10:29:40,S,259.75,2,14
2021-06-15 10:29:40,S,258.35,1,639
2021-06-15 10:29:40,S,258.25,2,26
2021-06-15 10:29:40,S,258.1,2,36
2021-06-15 10:29:40,S,258.05,1,59
2021-06-15 10:29:40,S,258.0,3,253
2021-06-15 10:29:42,S,258.4,1,4
2021-06-15 10:29:42,S,259.25,2,11
2021-06-15 10:29:42,S,259.3,2,9
2021-06-15 10:29:42,S,259.6,2,3
2021-06-15 10:29:42,S,259.75,2,14
2021-06-15 10:29:42,S,258.35,1,639
2021-06-15 10:29:42,S,258.25,2,26
2021-06-15 10:29:42,S,258.1,2,36
2021-06-15 10:29:42,S,258.05,1,59
2021-06-15 10:29:42,S,258.0,3,253
2021-06-15 10:29:44,S,259.25,2,11
2021-06-15 10:29:44,S,259.4,1,2
2021-06-15 10:29:44,S,259.6,2,3
2021-06-15 10:29:44,S,259.75,2,14
2021-06-15 10:29:44,S,259.8,2,5
2021-06-15 10:29:44,S,258.35,1,600
2021-06-15 10:29:44,S,258.1,2,36
2021-06-15 10:29:44,S,258.05,2,75
2021-06-15 10:29:44,S,258.0,3,253
2021-06-15 10:29:44,S,257.85,3,7
2021-06-15 10:29:48,S,259.25,3,16
2021-06-15 10:29:48,S,259.4,1,2
2021-06-15 10:29:48,S,259.6,2,3
2021-06-15 10:29:48,S,259.75,2,14
2021-06-15 10:29:48,S,259.8,2,5
2021-06-15 10:29:48,S,258.35,2,603
2021-06-15 10:29:48,S,258.1,2,36
2021-06-15 10:29:48,S,258.05,2,75
2021-06-15 10:29:48,S,258.0,3,253
2021-06-15 10:29:48,S,257.85,3,7
2021-06-15 10:29:51,S,258.8,1,5
2021-06-15 10:29:51,S,259.25,2,11
2021-06-15 10:29:51,S,259.4,2,5
2021-06-15 10:29:51,S,259.6,2,3
2021-06-15 10:29:51,S,259.75,2,14
2021-06-15 10:29:51,S,258.35,1,600
2021-06-15 10:29:51,S,258.25,2,16
2021-06-15 10:29:51,S,258.1,2,36
2021-06-15 10:29:51,S,258.05,2,75
2021-06-15 10:29:51,S,258.0,3,253
2021-06-15 10:29:53,S,258.8,1,5
2021-06-15 10:29:53,S,259.25,2,11
2021-06-15 10:29:53,S,259.4,2,5
2021-06-15 10:29:53,S,259.6,2,3
2021-06-15 10:29:53,S,259.75,2,14
2021-06-15 10:29:53,S,258.35,1,600
2021-06-15 10:29:53,S,258.25,2,16
2021-06-15 10:29:53,S,258.1,2,36
2021-06-15 10:29:53,S,258.05,2,75
2021-06-15 10:29:53,S,258.0,3,253
2021-06-15 10:29:54,S,259.25,2,11
2021-06-15 10:29:54,S,259.4,2,5
2021-06-15 10:29:54,S,259.6,2,3
2021-06-15 10:29:54,S,259.75,2,14
2021-06-15 10:29:54,S,259.8,2,5
2021-06-15 10:29:54,S,258.35,1,551
2021-06-15 10:29:54,S,258.25,1,3
2021-06-15 10:29:54,S,258.1,2,36
2021-06-15 10:29:54,S,258.05,2,75
2021-06-15 10:29:54,S,258.0,3,253
2021-06-15 10:29:55,S,259.25,2,11
2021-06-15 10:29:55,S,259.4,2,5
2021-06-15 10:29:55,S,259.6,2,3
2021-06-15 10:29:55,S,259.75,2,14
2021-06-15 10:29:55,S,259.8,2,5
2021-06-15 10:29:55,S,258.35,1,551
2021-06-15 10:29:55,S,258.25,1,3
2021-06-15 10:29:55,S,258.1,2,36
2021-06-15 10:29:55,S,258.05,2,75
2021-06-15 10:29:55,S,258.0,3,253
2021-06-15 10:29:57,S,259.25,2,11
2021-06-15 10:29:57,S,259.4,2,5
2021-06-15 10:29:57,S,259.6,2,3
2021-06-15 10:29:57,S,259.75,2,14
2021-06-15 10:29:57,S,259.8,2,5
2021-06-15 10:29:57,S,258.35,2,741
2021-06-15 10:29:57,S,258.25,2,16
2021-06-15 10:29:57,S,258.1,2,36
2021-06-15 10:29:57,S,258.05,2,75
2021-06-15 10:29:57,S,258.0,2,53
2021-06-15 10:30:00,S,259.25,3,17
2021-06-15 10:30:00,S,259.4,2,5
2021-06-15 10:30:00,S,259.6,2,3
2021-06-15 10:30:00,S,259.75,2,14
2021-06-15 10:30:00,S,259.8,2,5
2021-06-15 10:30:00,S,258.35,2,741
2021-06-15 10:30:00,S,258.25,2,16
2021-06-15 10:30:00,S,258.1,2,36
2021-06-15 10:30:00,S,258.05,2,75
2021-06-15 10:30:00,S,258.0,2,53
2021-06-15 10:30:05,S,258.8,1,6
2021-06-15 10:30:05,S,259.25,2,11
2021-06-15 10:30:05,S,259.4,2,5
2021-06-15 10:30:05,S,259.6,2,3
2021-06-15 10:30:05,S,259.75,2,14
2021-06-15 10:30:05,S,258.35,3,791
2021-06-15 10:30:05,S,258.25,2,16
2021-06-15 10:30:05,S,258.1,2,36
2021-06-15 10:30:05,S,258.05,2,75
2021-06-15 10:30:05,S,258.0,1,3
2021-06-15 10:30:08,S,258.8,1,6
2021-06-15 10:30:08,S,259.25,2,11
2021-06-15 10:30:08,S,259.4,2,5
2021-06-15 10:30:08,S,259.6,2,3
2021-06-15 10:30:08,S,259.75,2,14
2021-06-15 10:30:08,S,258.35,3,791
2021-06-15 10:30:08,S,258.25,2,16
2021-06-15 10:30:08,S,258.1,2,36
2021-06-15 10:30:08,S,258.05,2,75
2021-06-15 10:30:08,S,258.0,1,3
2021-06-15 10:30:13,S,258.8,1,6
2021-06-15 10:30:13,S,259.25,2,11
2021-06-15 10:30:13,S,259.4,2,5
2021-06-15 10:30:13,S,259.6,2,3
2021-06-15 10:30:13,S,259.75,2,14
2021-06-15 10:30:13,S,258.35,3,791
2021-06-15 10:30:13,S,258.25,2,16
2021-06-15 10:30:13,S,258.1,2,36
2021-06-15 10:30:13,S,258.05,2,75
2021-06-15 10:30:13,S,258.0,1,3
2021-06-15 10:30:15,S,259.25,2,11
2021-06-15 10:30:15,S,259.4,2,5
2021-06-15 10:30:15,S,259.6,2,3
2021-06-15 10:30:15,S,259.75,2,14
2021-06-15 10:30:15,S,259.8,2,5
2021-06-15 10:30:15,S,258.35,3,737
2021-06-15 10:30:15,S,258.1,2,36
2021-06-15 10:30:15,S,258.05,2,75
2021-06-15 10:30:15,S,258.0,1,3
2021-06-15 10:30:15,S,257.85,2,8
2021-06-15 10:30:18,S,259.25,3,18
2021-06-15 10:30:18,S,259.4,2,5
2021-06-15 10:30:18,S,259.6,2,3
2021-06-15 10:30:18,S,259.75,2,14
2021-06-15 10:30:18,S,259.8,2,5
2021-06-15 10:30:18,S,258.35,4,740
2021-06-15 10:30:18,S,258.1,2,36
2021-06-15 10:30:18,S,258.05,2,75
2021-06-15 10:30:18,S,258.0,1,3
2021-06-15 10:30:18,S,257.85,2,8
2021-06-15 10:30:21,S,258.8,1,7
2021-06-15 10:30:21,S,259.25,2,11
2021-06-15 10:30:21,S,259.4,2,5
2021-06-15 10:30:21,S,259.6,2,3
2021-06-15 10:30:21,S,259.75,2,14
2021-06-15 10:30:21,S,258.35,4,740
2021-06-15 10:30:21,S,258.1,2,36
2021-06-15 10:30:21,S,258.05,2,75
2021-06-15 10:30:21,S,258.0,1,3
2021-06-15 10:30:21,S,257.85,2,8
2021-06-15 10:30:22,S,258.8,1,7
2021-06-15 10:30:22,S,259.25,2,11
2021-06-15 10:30:22,S,259.4,2,5
2021-06-15 10:30:22,S,259.6,2,3
2021-06-15 10:30:22,S,259.75,2,14
2021-06-15 10:30:22,S,258.35,4,740
2021-06-15 10:30:22,S,258.1,2,36
2021-06-15 10:30:22,S,258.05,2,75
2021-06-15 10:30:22,S,258.0,1,3
2021-06-15 10:30:22,S,257.85,2,8
2021-06-15 10:30:25,S,259.5,2,6
2021-06-15 10:30:25,S,259.8,2,5
2021-06-15 10:30:25,S,259.9,2,26
2021-06-15 10:30:25,S,259.95,3,104
2021-06-15 10:30:25,S,260.0,2,27
2021-06-15 10:30:25,S,258.5,2,7
2021-06-15 10:30:25,S,258.45,2,61
2021-06-15 10:30:25,S,258.4,1,2
2021-06-15 10:30:25,S,258.35,3,737
2021-06-15 10:30:25,S,258.3,1,5
2021-06-15 10:30:29,S,259.5,2,6
2021-06-15 10:30:29,S,259.8,2,5
2021-06-15 10:30:29,S,259.85,2,53
2021-06-15 10:30:29,S,259.9,1,6
2021-06-15 10:30:29,S,259.95,2,54
2021-06-15 10:30:29,S,258.5,2,7
2021-06-15 10:30:29,S,258.45,2,61
2021-06-15 10:30:29,S,258.4,1,2
2021-06-15 10:30:29,S,258.35,3,737
2021-06-15 10:30:29,S,258.3,1,5
2021-06-15 10:30:30,S,259.5,2,6
2021-06-15 10:30:30,S,259.8,2,5
2021-06-15 10:30:30,S,259.85,2,53
2021-06-15 10:30:30,S,259.9,1,6
2021-06-15 10:30:30,S,259.95,2,54
2021-06-15 10:30:30,S,258.5,2,7
2021-06-15 10:30:30,S,258.45,2,61
2021-06-15 10:30:30,S,258.4,1,2
2021-06-15 10:30:30,S,258.35,3,737
2021-06-15 10:30:30,S,258.3,1,5
2021-06-15 10:30:33,S,259.5,1,5
2021-06-15 10:30:33,S,260.0,2,11
2021-06-15 10:30:33,S,260.1,1,20
2021-06-15 10:30:33,S,260.15,2,56
2021-06-15 10:30:33,S,260.2,1,2
2021-06-15 10:30:33,S,259.0,2,17
2021-06-15 10:30:33,S,258.95,2,16
2021-06-15 10:30:33,S,258.9,3,19
2021-06-15 10:30:33,S,258.65,2,14
2021-06-15 10:30:33,S,258.6,2,14
2021-06-15 10:30:36,S,259.5,2,7
2021-06-15 10:30:36,S,259.95,2,23
2021-06-15 10:30:36,S,260.0,3,36
2021-06-15 10:30:36,S,260.1,1,9
2021-06-15 10:30:36,S,260.15,2,56
2021-06-15 10:30:36,S,259.0,1,4
2021-06-15 10:30:36,S,258.95,1,3
2021-06-15 10:30:36,S,258.9,2,3
2021-06-15 10:30:36,S,258.85,1,48
2021-06-15 10:30:36,S,258.65,2,14
2021-06-15 10:30:38,S,259.5,2,7
2021-06-15 10:30:38,S,259.95,2,23
2021-06-15 10:30:38,S,260.0,3,36
2021-06-15 10:30:38,S,260.1,1,9
2021-06-15 10:30:38,S,260.15,2,56
2021-06-15 10:30:38,S,259.0,1,4
2021-06-15 10:30:38,S,258.95,1,3
2021-06-15 10:30:38,S,258.9,2,3
2021-06-15 10:30:38,S,258.85,1,48
2021-06-15 10:30:38,S,258.65,2,14
2021-06-15 10:30:39,S,259.0,1,4
2021-06-15 10:30:39,S,259.05,1,13
2021-06-15 10:30:39,S,259.25,1,2
2021-06-15 10:30:39,S,259.35,2,203
2021-06-15 10:30:39,S,259.6,2,8
2021-06-15 10:30:39,S,258.6,1,4
2021-06-15 10:30:39,S,258.55,2,2
2021-06-15 10:30:39,S,258.5,1,3
2021-06-15 10:30:39,S,258.4,1,100
2021-06-15 10:30:39,S,258.35,3,737
2021-06-15 10:30:42,S,258.6,1,4
2021-06-15 10:30:42,S,259.3,2,13
2021-06-15 10:30:42,S,259.35,3,205
2021-06-15 10:30:42,S,259.6,2,8
2021-06-15 10:30:42,S,259.85,1,2
2021-06-15 10:30:42,S,258.5,2,12
2021-06-15 10:30:42,S,258.4,2,116
2021-06-15 10:30:42,S,258.35,4,753
2021-06-15 10:30:42,S,258.25,1,3
2021-06-15 10:30:42,S,258.1,2,3
2021-06-15 10:30:43,S,258.6,1,4
2021-06-15 10:30:43,S,259.3,2,13
2021-06-15 10:30:43,S,259.35,3,205
2021-06-15 10:30:43,S,259.6,2,8
2021-06-15 10:30:43,S,259.85,1,2
2021-06-15 10:30:43,S,258.5,2,12
2021-06-15 10:30:43,S,258.4,2,116
2021-06-15 10:30:43,S,258.35,4,753
2021-06-15 10:30:43,S,258.25,1,3
2021-06-15 10:30:43,S,258.1,2,3
2021-06-15 10:30:45,S,258.6,1,4
2021-06-15 10:30:45,S,259.3,2,13
2021-06-15 10:30:45,S,259.35,3,205
2021-06-15 10:30:45,S,259.6,2,8
2021-06-15 10:30:45,S,259.85,1,2
2021-06-15 10:30:45,S,258.5,2,12
2021-06-15 10:30:45,S,258.4,2,116
2021-06-15 10:30:45,S,258.35,4,753
2021-06-15 10:30:45,S,258.25,1,3
2021-06-15 10:30:45,S,258.1,2,3
2021-06-15 10:30:49,S,258.6,1,7
2021-06-15 10:30:49,S,259.05,2,10
2021-06-15 10:30:49,S,259.35,3,205
2021-06-15 10:30:49,S,259.6,2,8
2021-06-15 10:30:49,S,259.8,2,4
2021-06-15 10:30:49,S,258.4,2,109
2021-06-15 10:30:49,S,258.35,4,753
2021-06-15 10:30:49,S,258.25,2,19
2021-06-15 10:30:49,S,258.2,1,13
2021-06-15 10:30:49,S,258.1,2,3
2021-06-15 10:30:53,S,258.6,1,7
2021-06-15 10:30:53,S,259.0,2,6
2021-06-15 10:30:53,S,259.05,2,10
2021-06-15 10:30:53,S,259.35,3,205
2021-06-15 10:30:53,S,259.6,2,8
2021-06-15 10:30:53,S,258.4,2,109
2021-06-15 10:30:53,S,258.35,4,753
2021-06-15 10:30:53,S,258.25,2,19
2021-06-15 10:30:53,S,258.1,2,3
2021-06-15 10:30:53,S,258.05,2,72
2021-06-15 10:30:57,S,259.0,2,6
2021-06-15 10:30:57,S,259.05,2,10
2021-06-15 10:30:57,S,259.35,3,205
2021-06-15 10:30:57,S,259.5,1,20
2021-06-15 10:30:57,S,259.55,1,49
2021-06-15 10:30:57,S,258.45,2,3
2021-06-15 10:30:57,S,258.4,1,45
2021-06-15 10:30:57,S,258.35,4,753
2021-06-15 10:30:57,S,258.25,2,19
2021-06-15 10:30:57,S,258.05,2,72
2021-06-15 10:31:00,S,259.0,4,26
2021-06-15 10:31:00,S,259.05,2,10
2021-06-15 10:31:00,S,259.35,3,205
2021-06-15 10:31:00,S,259.55,1,49
2021-06-15 10:31:00,S,259.6,2,8
2021-06-15 10:31:00,S,258.45,2,3
2021-06-15 10:31:00,S,258.4,1,45
2021-06-15 10:31:00,S,258.35,3,737
2021-06-15 10:31:00,S,258.25,2,19
2021-06-15 10:31:00,S,258.05,2,72
2021-06-15 10:31:04,S,258.75,1,7
2021-06-15 10:31:04,S,259.0,2,6
2021-06-15 10:31:04,S,259.05,2,10
2021-06-15 10:31:04,S,259.35,3,205
2021-06-15 10:31:04,S,259.5,1,20
2021-06-15 10:31:04,S,258.4,1,45
2021-06-15 10:31:04,S,258.35,4,753
2021-06-15 10:31:04,S,258.3,3,19
2021-06-15 10:31:04,S,258.25,2,19
2021-06-15 10:31:04,S,258.05,2,72
2021-06-15 10:31:07,S,258.75,1,7
2021-06-15 10:31:07,S,259.0,2,6
2021-06-15 10:31:07,S,259.05,2,10
2021-06-15 10:31:07,S,259.35,3,205
2021-06-15 10:31:07,S,259.5,1,20
2021-06-15 10:31:07,S,258.4,2,54
2021-06-15 10:31:07,S,258.35,4,753
2021-06-15 10:31:07,S,258.3,4,32
2021-06-15 10:31:07,S,258.25,2,19
2021-06-15 10:31:07,S,258.05,2,72
2021-06-15 10:31:08,S,258.75,1,7
2021-06-15 10:31:08,S,259.0,2,6
2021-06-15 10:31:08,S,259.05,2,10
2021-06-15 10:31:08,S,259.35,3,205
2021-06-15 10:31:08,S,259.5,1,20
2021-06-15 10:31:08,S,258.4,2,54
2021-06-15 10:31:08,S,258.35,4,753
2021-06-15 10:31:08,S,258.3,4,32
2021-06-15 10:31:08,S,258.25,2,19
2021-06-15 10:31:08,S,258.05,2,72
2021-06-15 10:31:10,S,258.75,1,7
2021-06-15 10:31:10,S,259.0,2,6
2021-06-15 10:31:10,S,259.05,2,10
2021-06-15 10:31:10,S,259.35,3,205
2021-06-15 10:31:10,S,259.5,1,20
2021-06-15 10:31:10,S,258.4,2,54
2021-06-15 10:31:10,S,258.35,4,753
2021-06-15 10:31:10,S,258.3,4,32
2021-06-15 10:31:10,S,258.25,2,19
2021-06-15 10:31:10,S,258.05,2,72
2021-06-15 10:31:11,S,259.05,2,11
2021-06-15 10:31:11,S,259.1,1,3
2021-06-15 10:31:11,S,259.15,1,3
2021-06-15 10:31:11,S,259.35,3,205
2021-06-15 10:31:11,S,259.5,1,16
2021-06-15 10:31:11,S,258.5,2,2
2021-06-15 10:31:11,S,258.4,1,3
2021-06-15 10:31:11,S,258.35,3,737
2021-06-15 10:31:11,S,258.05,2,72
2021-06-15 10:31:11,S,258.0,2,6
2021-06-15 10:31:15,S,259.05,2,11
2021-06-15 10:31:15,S,259.35,3,205
2021-06-15 10:31:15,S,259.5,1,20
2021-06-15 10:31:15,S,259.55,1,49
2021-06-15 10:31:15,S,259.6,2,8
2021-06-15 10:31:15,S,258.5,2,2
2021-06-15 10:31:15,S,258.4,1,3
2021-06-15 10:31:15,S,258.35,3,737
2021-06-15 10:31:15,S,258.05,2,72
2021-06-15 10:31:15,S,258.0,3,21
2021-06-15 10:31:18,S,259.05,3,18
2021-06-15 10:31:18,S,259.35,3,205
2021-06-15 10:31:18,S,259.5,2,36
2021-06-15 10:31:18,S,259.55,1,49
2021-06-15 10:31:18,S,259.6,2,8
2021-06-15 10:31:18,S,258.5,2,2
2021-06-15 10:31:18,S,258.4,1,3
2021-06-15 10:31:18,S,258.35,3,737
2021-06-15 10:31:18,S,258.05,2,72
2021-06-15 10:31:18,S,258.0,3,21
2021-06-15 10:31:21,S,258.8,1,7
2021-06-15 10:31:21,S,259.05,2,11
2021-06-15 10:31:21,S,259.35,3,205
2021-06-15 10:31:21,S,259.5,2,36
2021-06-15 10:31:21,S,259.55,1,49
2021-06-15 10:31:21,S,258.35,4,753
2021-06-15 10:31:21,S,258.25,1,3
2021-06-15 10:31:21,S,258.1,2,2
2021-06-15 10:31:21,S,258.05,2,72
2021-06-15 10:31:21,S,258.0,3,21
2021-06-15 10:31:23,S,258.8,1,7
2021-06-15 10:31:23,S,259.05,2,11
2021-06-15 10:31:23,S,259.35,3,205
2021-06-15 10:31:23,S,259.5,2,36
2021-06-15 10:31:23,S,259.55,1,49
2021-06-15 10:31:23,S,258.35,4,753
2021-06-15 10:31:23,S,258.25,1,3
2021-06-15 10:31:23,S,258.1,2,2
2021-06-15 10:31:23,S,258.05,2,72
2021-06-15 10:31:23,S,258.0,3,21
2021-06-15 10:31:24,S,259.05,2,11
2021-06-15 10:31:24,S,259.35,3,205
2021-06-15 10:31:24,S,259.55,1,49
2021-06-15 10:31:24,S,259.6,2,8
2021-06-15 10:31:24,S,259.8,2,2
2021-06-15 10:31:24,S,258.4,2,2
2021-06-15 10:31:24,S,258.35,3,670
2021-06-15 10:31:24,S,258.25,2,16
2021-06-15 10:31:24,S,258.05,2,72
2021-06-15 10:31:24,S,258.0,3,21
2021-06-15 10:31:31,S,259.35,1,200
2021-06-15 10:31:31,S,259.45,2,13
2021-06-15 10:31:31,S,259.85,1,2
2021-06-15 10:31:31,S,259.9,2,22
2021-06-15 10:31:31,S,259.95,1,58
2021-06-15 10:31:31,S,259.1,1,8
2021-06-15 10:31:31,S,259.05,1,933
2021-06-15 10:31:31,S,258.45,3,15
2021-06-15 10:31:31,S,258.35,3,670
2021-06-15 10:31:31,S,258.25,2,16
2021-06-15 10:31:34,S,259.35,1,200
2021-06-15 10:31:34,S,259.45,2,13
2021-06-15 10:31:34,S,259.85,1,2
2021-06-15 10:31:34,S,259.9,2,22
2021-06-15 10:31:34,S,259.95,1,58
2021-06-15 10:31:34,S,259.1,1,8
2021-06-15 10:31:34,S,259.05,1,933
2021-06-15 10:31:34,S,258.45,3,15
2021-06-15 10:31:34,S,258.35,3,670
2021-06-15 10:31:34,S,258.25,2,16
2021-06-15 10:31:37,S,259.35,1,200
2021-06-15 10:31:37,S,259.7,2,16
2021-06-15 10:31:37,S,259.75,1,8
2021-06-15 10:31:37,S,259.8,1,16
2021-06-15 10:31:37,S,259.85,2,18
2021-06-15 10:31:37,S,259.05,1,916
2021-06-15 10:31:37,S,258.45,3,15
2021-06-15 10:31:37,S,258.35,4,686
2021-06-15 10:31:37,S,258.25,2,16
2021-06-15 10:31:37,S,258.05,2,72
2021-06-15 10:31:45,S,259.35,1,200
2021-06-15 10:31:45,S,259.7,2,16
2021-06-15 10:31:45,S,259.75,1,8
2021-06-15 10:31:45,S,259.8,1,16
2021-06-15 10:31:45,S,259.85,2,18
2021-06-15 10:31:45,S,259.05,1,916
2021-06-15 10:31:45,S,258.45,3,15
2021-06-15 10:31:45,S,258.35,4,686
2021-06-15 10:31:45,S,258.25,2,16
2021-06-15 10:31:45,S,258.05,2,72
2021-06-15 10:31:45,S,259.35,1,200
2021-06-15 10:31:45,S,259.7,2,16
2021-06-15 10:31:45,S,259.75,1,8
2021-06-15 10:31:45,S,259.8,1,16
2021-06-15 10:31:45,S,259.85,2,18
2021-06-15 10:31:45,S,259.05,1,916
2021-06-15 10:31:45,S,258.45,3,15
2021-06-15 10:31:45,S,258.35,4,686
2021-06-15 10:31:45,S,258.25,2,16
2021-06-15 10:31:45,S,258.05,2,72
2021-06-15 10:31:47,S,259.3,3,30
2021-06-15 10:31:47,S,259.35,3,215
2021-06-15 10:31:47,S,259.5,2,18
2021-06-15 10:31:47,S,259.85,2,18
2021-06-15 10:31:47,S,259.9,3,4
2021-06-15 10:31:47,S,258.45,3,5
2021-06-15 10:31:47,S,258.4,1,12
2021-06-15 10:31:47,S,258.35,4,686
2021-06-15 10:31:47,S,258.25,2,16
2021-06-15 10:31:47,S,258.05,2,72
2021-06-15 10:31:51,S,258.9,1,6
2021-06-15 10:31:51,S,259.2,2,17
2021-06-15 10:31:51,S,259.25,2,11
2021-06-15 10:31:51,S,259.35,2,209
2021-06-15 10:31:51,S,259.5,2,18
2021-06-15 10:31:51,S,258.4,4,28
2021-06-15 10:31:51,S,258.35,4,686
2021-06-15 10:31:51,S,258.25,2,16
2021-06-15 10:31:51,S,258.05,2,72
2021-06-15 10:31:51,S,258.0,3,21
2021-06-15 10:31:53,S,258.9,1,6
2021-06-15 10:31:53,S,259.2,2,17
2021-06-15 10:31:53,S,259.25,2,11
2021-06-15 10:31:53,S,259.35,2,209
2021-06-15 10:31:53,S,259.5,2,18
2021-06-15 10:31:53,S,258.4,4,28
2021-06-15 10:31:53,S,258.35,4,686
2021-06-15 10:31:53,S,258.25,2,16
2021-06-15 10:31:53,S,258.05,2,72
2021-06-15 10:31:53,S,258.0,3,21
2021-06-15 10:31:54,S,259.0,2,18
2021-06-15 10:31:54,S,259.05,1,10
2021-06-15 10:31:54,S,259.15,1,10
2021-06-15 10:31:54,S,259.35,2,209
2021-06-15 10:31:54,S,259.65,2,20
2021-06-15 10:31:54,S,258.35,3,670
2021-06-15 10:31:54,S,258.1,2,19
2021-06-15 10:31:54,S,258.05,2,72
2021-06-15 10:31:54,S,258.0,2,18
2021-06-15 10:31:54,S,257.9,1,5
2021-06-15 10:31:58,S,258.85,1,10
2021-06-15 10:31:58,S,258.95,1,10
2021-06-15 10:31:58,S,259.05,1,8
2021-06-15 10:31:58,S,259.1,1,2
2021-06-15 10:31:58,S,259.3,1,2
2021-06-15 10:31:58,S,258.35,3,670
2021-06-15 10:31:58,S,258.1,2,19
2021-06-15 10:31:58,S,258.05,2,72
2021-06-15 10:31:58,S,258.0,2,18
2021-06-15 10:31:58,S,257.9,1,5
2021-06-15 10:32:06,S,258.6,1,6
2021-06-15 10:32:06,S,259.05,2,25
2021-06-15 10:32:06,S,259.1,2,18
2021-06-15 10:32:06,S,259.3,2,22
2021-06-15 10:32:06,S,259.35,2,209
2021-06-15 10:32:06,S,258.35,3,670
2021-06-15 10:32:06,S,258.05,2,72
2021-06-15 10:32:06,S,258.0,3,34
2021-06-15 10:32:06,S,257.9,1,5
2021-06-15 10:32:06,S,257.85,1,4
2021-06-15 10:32:08,S,258.6,1,6
2021-06-15 10:32:08,S,259.05,2,25
2021-06-15 10:32:08,S,259.1,2,18
2021-06-15 10:32:08,S,259.3,2,22
2021-06-15 10:32:08,S,259.35,2,209
2021-06-15 10:32:08,S,258.35,3,670
2021-06-15 10:32:08,S,258.05,2,72
2021-06-15 10:32:08,S,258.0,3,34
2021-06-15 10:32:08,S,257.9,1,5
2021-06-15 10:32:08,S,257.85,1,4
2021-06-15 10:32:09,S,259.05,2,25
2021-06-15 10:32:09,S,259.1,2,18
2021-06-15 10:32:09,S,259.3,2,22
2021-06-15 10:32:09,S,259.35,2,209
2021-06-15 10:32:09,S,259.55,1,48
2021-06-15 10:32:09,S,258.35,3,573
2021-06-15 10:32:09,S,258.1,1,3
2021-06-15 10:32:09,S,258.05,2,72
2021-06-15 10:32:09,S,258.0,3,34
2021-06-15 10:32:09,S,257.9,1,5
2021-06-15 10:32:12,S,259.05,2,25
2021-06-15 10:32:12,S,259.1,2,18
2021-06-15 10:32:12,S,259.3,2,22
2021-06-15 10:32:12,S,259.35,2,209
2021-06-15 10:32:12,S,259.55,1,48
2021-06-15 10:32:12,S,258.35,3,573
2021-06-15 10:32:12,S,258.1,1,3
2021-06-15 10:32:12,S,258.05,2,72
2021-06-15 10:32:12,S,258.0,3,34
2021-06-15 10:32:12,S,257.9,1,5
2021-06-15 10:32:13,S,258.95,2,23
2021-06-15 10:32:13,S,259.05,2,25
2021-06-15 10:32:13,S,259.1,2,18
2021-06-15 10:32:13,S,259.3,2,22
2021-06-15 10:32:13,S,259.35,2,209
2021-06-15 10:32:13,S,258.35,3,471
2021-06-15 10:32:13,S,258.05,1,59
2021-06-15 10:32:13,S,258.0,3,34
2021-06-15 10:32:13,S,257.85,1,4
2021-06-15 10:32:13,S,257.7,1,5
2021-06-15 10:32:16,S,258.95,3,30
2021-06-15 10:32:16,S,259.05,2,25
2021-06-15 10:32:16,S,259.1,2,18
2021-06-15 10:32:16,S,259.3,2,22
2021-06-15 10:32:16,S,259.35,2,209
2021-06-15 10:32:16,S,258.35,3,471
2021-06-15 10:32:16,S,258.2,1,3
2021-06-15 10:32:16,S,258.05,2,72
2021-06-15 10:32:16,S,258.0,3,34
2021-06-15 10:32:16,S,257.85,1,4
2021-06-15 10:32:19,S,258.65,2,17
2021-06-15 10:32:19,S,258.75,2,21
2021-06-15 10:32:19,S,258.9,2,19
2021-06-15 10:32:19,S,258.95,1,10
2021-06-15 10:32:19,S,259.05,1,17
2021-06-15 10:32:19,S,258.35,3,471
2021-06-15 10:32:19,S,258.1,1,3
2021-06-15 10:32:19,S,258.05,1,59
2021-06-15 10:32:19,S,258.0,3,34
2021-06-15 10:32:19,S,257.85,1,4
2021-06-15 10:32:23,S,258.65,2,17
2021-06-15 10:32:23,S,258.75,2,21
2021-06-15 10:32:23,S,258.9,2,19
2021-06-15 10:32:23,S,258.95,1,10
2021-06-15 10:32:23,S,259.05,1,17
2021-06-15 10:32:23,S,258.35,3,471
2021-06-15 10:32:23,S,258.1,1,3
2021-06-15 10:32:23,S,258.05,1,59
2021-06-15 10:32:23,S,258.0,3,34
2021-06-15 10:32:23,S,257.85,1,4
2021-06-15 10:32:25,S,258.9,1,13
2021-06-15 10:32:25,S,259.05,2,14
2021-06-15 10:32:25,S,259.1,2,18
2021-06-15 10:32:25,S,259.3,2,22
2021-06-15 10:32:25,S,259.35,2,209
2021-06-15 10:32:25,S,258.35,3,405
2021-06-15 10:32:25,S,258.05,2,75
2021-06-15 10:32:25,S,258.0,3,34
2021-06-15 10:32:25,S,257.85,1,4
2021-06-15 10:32:25,S,257.7,1,5
2021-06-15 10:32:32,S,258.9,3,30
2021-06-15 10:32:32,S,259.05,2,14
2021-06-15 10:32:32,S,259.1,2,18
2021-06-15 10:32:32,S,259.3,2,22
2021-06-15 10:32:32,S,259.35,2,209
2021-06-15 10:32:32,S,258.35,3,405
2021-06-15 10:32:32,S,258.2,1,3
2021-06-15 10:32:32,S,258.05,2,75
2021-06-15 10:32:32,S,258.0,3,34
2021-06-15 10:32:32,S,257.85,1,4
2021-06-15 10:32:36,S,258.65,2,17
2021-06-15 10:32:36,S,258.75,2,14
2021-06-15 10:32:36,S,258.8,1,12
2021-06-15 10:32:36,S,258.85,1,6
2021-06-15 10:32:36,S,258.9,1,10
2021-06-15 10:32:36,S,258.35,3,405
2021-06-15 10:32:36,S,258.1,1,3
2021-06-15 10:32:36,S,258.05,2,75
2021-06-15 10:32:36,S,258.0,3,34
2021-06-15 10:32:36,S,257.85,1,4
2021-06-15 10:32:38,S,258.65,2,17
2021-06-15 10:32:38,S,258.75,2,14
2021-06-15 10:32:38,S,258.8,1,12
2021-06-15 10:32:38,S,258.85,1,6
2021-06-15 10:32:38,S,258.9,1,10
2021-06-15 10:32:38,S,258.35,3,405
2021-06-15 10:32:38,S,258.1,1,3
2021-06-15 10:32:38,S,258.05,2,75
2021-06-15 10:32:38,S,258.0,3,34
2021-06-15 10:32:38,S,257.85,1,4
2021-06-15 10:32:39,S,258.95,2,22
2021-06-15 10:32:39,S,259.05,2,14
2021-06-15 10:32:39,S,259.1,2,18
2021-06-15 10:32:39,S,259.3,3,26
2021-06-15 10:32:39,S,259.35,2,209
2021-06-15 10:32:39,S,258.35,3,343
2021-06-15 10:32:39,S,258.05,2,75
2021-06-15 10:32:39,S,258.0,3,34
2021-06-15 10:32:39,S,257.85,1,4
2021-06-15 10:32:39,S,257.8,1,3
2021-06-15 10:32:46,S,258.95,3,27
2021-06-15 10:32:46,S,259.05,2,14
2021-06-15 10:32:46,S,259.1,2,18
2021-06-15 10:32:46,S,259.3,3,26
2021-06-15 10:32:46,S,259.35,2,209
2021-06-15 10:32:46,S,258.35,3,343
2021-06-15 10:32:46,S,258.2,1,3
2021-06-15 10:32:46,S,258.05,2,75
2021-06-15 10:32:46,S,258.0,3,34
2021-06-15 10:32:46,S,257.85,1,4
2021-06-15 10:32:52,S,258.65,2,15
2021-06-15 10:32:52,S,258.9,2,13
2021-06-15 10:32:52,S,258.95,1,10
2021-06-15 10:32:52,S,259.05,1,6
2021-06-15 10:32:52,S,259.1,2,18
2021-06-15 10:32:52,S,258.35,3,343
2021-06-15 10:32:52,S,258.05,3,78
2021-06-15 10:32:52,S,258.0,3,34
2021-06-15 10:32:52,S,257.85,1,4
2021-06-15 10:32:52,S,257.7,1,5
2021-06-15 10:32:55,S,258.95,2,21
2021-06-15 10:32:55,S,259.05,2,15
2021-06-15 10:32:55,S,259.1,2,18
2021-06-15 10:32:55,S,259.3,3,26
2021-06-15 10:32:55,S,259.35,2,209
2021-06-15 10:32:55,S,258.35,3,294
2021-06-15 10:32:55,S,258.1,1,3
2021-06-15 10:32:55,S,258.05,2,75
2021-06-15 10:32:55,S,258.0,3,34
2021-06-15 10:32:55,S,257.85,1,4
2021-06-15 10:32:58,S,258.95,2,21
2021-06-15 10:32:58,S,259.05,2,15
2021-06-15 10:32:58,S,259.1,2,18
2021-06-15 10:32:58,S,259.3,3,26
2021-06-15 10:32:58,S,259.35,2,209
2021-06-15 10:32:58,S,258.35,3,294
2021-06-15 10:32:58,S,258.1,1,3
2021-06-15 10:32:58,S,258.05,1,59
2021-06-15 10:32:58,S,258.0,3,34
2021-06-15 10:32:58,S,257.85,1,4
2021-06-15 10:33:02,S,258.95,3,27
2021-06-15 10:33:02,S,259.05,2,15
2021-06-15 10:33:02,S,259.1,2,18
2021-06-15 10:33:02,S,259.3,3,26
2021-06-15 10:33:02,S,259.35,2,209
2021-06-15 10:33:02,S,258.35,3,294
2021-06-15 10:33:02,S,258.1,1,3
2021-06-15 10:33:02,S,258.05,1,59
2021-06-15 10:33:02,S,258.0,3,34
2021-06-15 10:33:02,S,257.85,1,4
2021-06-15 10:33:05,S,258.65,2,15
2021-06-15 10:33:05,S,258.9,1,8
2021-06-15 10:33:05,S,258.95,1,9
2021-06-15 10:33:05,S,259.05,1,7
2021-06-15 10:33:05,S,259.1,2,18
2021-06-15 10:33:05,S,258.35,3,294
2021-06-15 10:33:05,S,258.05,2,75
2021-06-15 10:33:05,S,258.0,3,34
2021-06-15 10:33:05,S,257.85,1,4
2021-06-15 10:33:05,S,257.8,1,3
2021-06-15 10:33:08,S,259.05,2,12
2021-06-15 10:33:08,S,259.1,2,18
2021-06-15 10:33:08,S,259.3,3,26
2021-06-15 10:33:08,S,259.35,2,209
2021-06-15 10:33:08,S,259.55,1,48
2021-06-15 10:33:08,S,258.35,2,241
2021-06-15 10:33:08,S,258.05,2,62
2021-06-15 10:33:08,S,258.0,3,34
2021-06-15 10:33:08,S,257.85,1,4
2021-06-15 10:33:08,S,257.7,1,5
2021-06-15 10:33:11,S,258.95,2,22
2021-06-15 10:33:11,S,259.05,2,12
2021-06-15 10:33:11,S,259.1,2,18
2021-06-15 10:33:11,S,259.3,3,26
2021-06-15 10:33:11,S,259.35,2,209
2021-06-15 10:33:11,S,258.35,2,241
2021-06-15 10:33:11,S,258.05,3,75
2021-06-15 10:33:11,S,258.0,3,34
2021-06-15 10:33:11,S,257.85,1,4
2021-06-15 10:33:11,S,257.7,1,5
2021-06-15 10:33:15,S,258.95,2,22
2021-06-15 10:33:15,S,259.05,2,12
2021-06-15 10:33:15,S,259.1,2,18
2021-06-15 10:33:15,S,259.3,3,26
2021-06-15 10:33:15,S,259.35,2,209
2021-06-15 10:33:15,S,258.35,2,241
2021-06-15 10:33:15,S,258.05,3,75
2021-06-15 10:33:15,S,258.0,3,34
2021-06-15 10:33:15,S,257.85,1,4
2021-06-15 10:33:15,S,257.7,1,5
2021-06-15 10:33:18,S,258.3,3,28
2021-06-15 10:33:18,S,258.35,2,13
2021-06-15 10:33:18,S,258.6,2,7
2021-06-15 10:33:18,S,258.8,2,7
2021-06-15 10:33:18,S,258.95,2,15
2021-06-15 10:33:18,S,258.0,2,18
2021-06-15 10:33:18,S,257.75,1,3
2021-06-15 10:33:18,S,257.55,2,21
2021-06-15 10:33:18,S,257.5,1,5
2021-06-15 10:33:18,S,257.45,3,93
2021-06-15 10:33:19,S,258.3,3,28
2021-06-15 10:33:19,S,258.35,2,13
2021-06-15 10:33:19,S,258.6,2,7
2021-06-15 10:33:19,S,258.8,2,7
2021-06-15 10:33:19,S,258.95,2,15
2021-06-15 10:33:19,S,258.0,2,18
2021-06-15 10:33:19,S,257.75,1,3
2021-06-15 10:33:19,S,257.55,2,21
2021-06-15 10:33:19,S,257.5,1,5
2021-06-15 10:33:19,S,257.45,3,93
2021-06-15 10:33:22,S,258.1,2,16
2021-06-15 10:33:22,S,258.15,2,11
2021-06-15 10:33:22,S,258.2,2,8
2021-06-15 10:33:22,S,258.3,1,12
2021-06-15 10:33:22,S,258.35,1,7
2021-06-15 10:33:22,S,257.45,3,80
2021-06-15 10:33:22,S,257.25,3,117
2021-06-15 10:33:22,S,257.2,2,10
2021-06-15 10:33:22,S,257.1,2,105
2021-06-15 10:33:22,S,257.05,3,310
2021-06-15 10:33:23,S,258.1,2,16
2021-06-15 10:33:23,S,258.15,2,11
2021-06-15 10:33:23,S,258.2,2,8
2021-06-15 10:33:23,S,258.3,1,12
2021-06-15 10:33:23,S,258.35,1,7
2021-06-15 10:33:23,S,257.45,3,80
2021-06-15 10:33:23,S,257.25,3,117
2021-06-15 10:33:23,S,257.2,2,10
2021-06-15 10:33:23,S,257.1,2,105
2021-06-15 10:33:23,S,257.05,3,310
2021-06-15 10:33:26,S,258.35,2,12
2021-06-15 10:33:26,S,258.6,3,27
2021-06-15 10:33:26,S,258.65,2,37
2021-06-15 10:33:26,S,258.8,2,7
2021-06-15 10:33:26,S,258.9,1,3
2021-06-15 10:33:26,S,257.45,3,36
2021-06-15 10:33:26,S,257.25,3,117
2021-06-15 10:33:26,S,257.2,3,26
2021-06-15 10:33:26,S,257.1,2,105
2021-06-15 10:33:26,S,257.05,3,310
2021-06-15 10:33:29,S,258.35,2,12
2021-06-15 10:33:29,S,258.6,3,27
2021-06-15 10:33:29,S,258.65,2,37
2021-06-15 10:33:29,S,258.8,2,7
2021-06-15 10:33:29,S,258.9,1,3
2021-06-15 10:33:29,S,257.45,3,36
2021-06-15 10:33:29,S,257.25,3,117
2021-06-15 10:33:29,S,257.2,3,26
2021-06-15 10:33:29,S,257.1,2,105
2021-06-15 10:33:29,S,257.05,3,310
2021-06-15 10:33:33,S,258.35,3,18
2021-06-15 10:33:33,S,258.6,2,25
2021-06-15 10:33:33,S,258.65,2,37
2021-06-15 10:33:33,S,258.8,2,7
2021-06-15 10:33:33,S,258.9,1,3
2021-06-15 10:33:33,S,257.55,1,12
2021-06-15 10:33:33,S,257.45,4,39
2021-06-15 10:33:33,S,257.25,3,117
2021-06-15 10:33:33,S,257.2,3,26
2021-06-15 10:33:33,S,257.15,1,5
2021-06-15 10:33:34,S,258.35,3,18
2021-06-15 10:33:34,S,258.6,2,25
2021-06-15 10:33:34,S,258.65,2,37
2021-06-15 10:33:34,S,258.8,2,7
2021-06-15 10:33:34,S,258.9,1,3
2021-06-15 10:33:34,S,257.55,1,12
2021-06-15 10:33:34,S,257.45,4,39
2021-06-15 10:33:34,S,257.25,3,117
2021-06-15 10:33:34,S,257.2,3,26
2021-06-15 10:33:34,S,257.15,1,5
2021-06-15 10:33:35,S,258.35,3,18
2021-06-15 10:33:35,S,258.6,2,25
2021-06-15 10:33:35,S,258.65,2,37
2021-06-15 10:33:35,S,258.8,2,7
2021-06-15 10:33:35,S,258.9,1,3
2021-06-15 10:33:35,S,257.55,1,12
2021-06-15 10:33:35,S,257.45,4,39
2021-06-15 10:33:35,S,257.25,3,117
2021-06-15 10:33:35,S,257.2,3,26
2021-06-15 10:33:35,S,257.15,1,5
2021-06-15 10:33:39,S,258.55,2,15
2021-06-15 10:33:39,S,258.6,2,25
2021-06-15 10:33:39,S,258.65,2,37
2021-06-15 10:33:39,S,258.85,2,4
2021-06-15 10:33:39,S,258.9,1,2
2021-06-15 10:33:39,S,257.45,5,44
2021-06-15 10:33:39,S,257.35,3,23
2021-06-15 10:33:39,S,257.3,2,21
2021-06-15 10:33:39,S,257.25,3,117
2021-06-15 10:33:39,S,257.2,2,21
2021-06-15 10:33:42,S,258.55,2,15
2021-06-15 10:33:42,S,258.6,2,25
2021-06-15 10:33:42,S,258.65,2,37
2021-06-15 10:33:42,S,259.05,2,4
2021-06-15 10:33:42,S,259.1,2,18
2021-06-15 10:33:42,S,257.55,2,51
2021-06-15 10:33:42,S,257.45,5,44
2021-06-15 10:33:42,S,257.35,3,23
2021-06-15 10:33:42,S,257.3,2,21
2021-06-15 10:33:42,S,257.25,3,117
2021-06-15 10:33:45,S,258.45,2,14
2021-06-15 10:33:45,S,258.55,2,13
2021-06-15 10:33:45,S,258.6,2,27
2021-06-15 10:33:45,S,258.65,2,37
2021-06-15 10:33:45,S,258.85,2,4
2021-06-15 10:33:45,S,257.45,4,39
2021-06-15 10:33:45,S,257.35,3,23
2021-06-15 10:33:45,S,257.3,2,21
2021-06-15 10:33:45,S,257.25,3,117
2021-06-15 10:33:45,S,257.2,3,26
2021-06-15 10:33:48,S,258.45,2,14
2021-06-15 10:33:48,S,258.55,2,13
2021-06-15 10:33:48,S,258.6,2,27
2021-06-15 10:33:48,S,258.65,2,37
2021-06-15 10:33:48,S,258.9,1,2
2021-06-15 10:33:48,S,257.45,4,39
2021-06-15 10:33:48,S,257.35,3,23
2021-06-15 10:33:48,S,257.3,2,21
2021-06-15 10:33:48,S,257.25,3,117
2021-06-15 10:33:48,S,257.2,3,26
2021-06-15 10:33:51,S,257.95,1,6
2021-06-15 10:33:51,S,258.45,2,14
2021-06-15 10:33:51,S,258.6,2,27
2021-06-15 10:33:51,S,258.65,3,39
2021-06-15 10:33:51,S,258.9,1,2
2021-06-15 10:33:51,S,257.5,2,22
2021-06-15 10:33:51,S,257.45,4,39
2021-06-15 10:33:51,S,257.35,1,13
2021-06-15 10:33:51,S,257.3,1,16
2021-06-15 10:33:51,S,257.25,3,117
2021-06-15 10:33:53,S,257.95,1,6
2021-06-15 10:33:53,S,258.45,2,14
2021-06-15 10:33:53,S,258.6,2,27
2021-06-15 10:33:53,S,258.65,3,39
2021-06-15 10:33:53,S,258.9,1,2
2021-06-15 10:33:53,S,257.5,2,22
2021-06-15 10:33:53,S,257.45,4,39
2021-06-15 10:33:53,S,257.35,1,13
2021-06-15 10:33:53,S,257.3,1,16
2021-06-15 10:33:53,S,257.25,3,117
2021-06-15 10:33:54,S,257.95,1,6
2021-06-15 10:33:54,S,258.45,2,14
2021-06-15 10:33:54,S,258.6,2,27
2021-06-15 10:33:54,S,258.65,3,39
2021-06-15 10:33:54,S,258.9,1,2
2021-06-15 10:33:54,S,257.5,2,22
2021-06-15 10:33:54,S,257.45,4,39
2021-06-15 10:33:54,S,257.35,1,13
2021-06-15 10:33:54,S,257.3,1,16
2021-06-15 10:33:54,S,257.25,3,117
2021-06-15 10:33:55,S,257.95,1,6
2021-06-15 10:33:55,S,258.45,2,14
2021-06-15 10:33:55,S,258.6,2,27
2021-06-15 10:33:55,S,258.65,3,39
2021-06-15 10:33:55,S,258.9,1,2
2021-06-15 10:33:55,S,257.5,2,22
2021-06-15 10:33:55,S,257.45,4,39
2021-06-15 10:33:55,S,257.35,1,13
2021-06-15 10:33:55,S,257.3,1,16
2021-06-15 10:33:55,S,257.25,3,117
2021-06-15 10:33:56,S,257.95,1,6
2021-06-15 10:33:56,S,258.45,2,14
2021-06-15 10:33:56,S,258.6,2,27
2021-06-15 10:33:56,S,258.65,3,39
2021-06-15 10:33:56,S,258.9,1,2
2021-06-15 10:33:56,S,257.5,2,22
2021-06-15 10:33:56,S,257.45,4,39
2021-06-15 10:33:56,S,257.35,1,13
2021-06-15 10:33:56,S,257.3,1,16
2021-06-15 10:33:56,S,257.25,3,117
2021-06-15 10:33:58,S,258.3,2,13
2021-06-15 10:33:58,S,258.55,2,5
2021-06-15 10:33:58,S,258.6,2,27
2021-06-15 10:33:58,S,258.65,2,37
2021-06-15 10:33:58,S,258.7,1,4
2021-06-15 10:33:58,S,257.5,1,5
2021-06-15 10:33:58,S,257.45,2,27
2021-06-15 10:33:58,S,257.4,1,3
2021-06-15 10:33:58,S,257.25,3,114
2021-06-15 10:33:58,S,257.2,2,21
2021-06-15 10:34:01,S,258.3,3,19
2021-06-15 10:34:01,S,258.55,2,5
2021-06-15 10:34:01,S,258.6,2,27
2021-06-15 10:34:01,S,258.65,2,37
2021-06-15 10:34:01,S,258.7,1,4
2021-06-15 10:34:01,S,257.5,1,5
2021-06-15 10:34:01,S,257.45,2,27
2021-06-15 10:34:01,S,257.4,1,3
2021-06-15 10:34:01,S,257.25,3,114
2021-06-15 10:34:01,S,257.2,2,21
2021-06-15 10:34:02,S,258.3,3,19
2021-06-15 10:34:02,S,258.55,2,5
2021-06-15 10:34:02,S,258.6,2,27
2021-06-15 10:34:02,S,258.65,2,37
2021-06-15 10:34:02,S,258.7,1,4
2021-06-15 10:34:02,S,257.5,1,5
2021-06-15 10:34:02,S,257.45,2,27
2021-06-15 10:34:02,S,257.4,1,3
2021-06-15 10:34:02,S,257.25,3,114
2021-06-15 10:34:02,S,257.2,2,21
2021-06-15 10:34:05,S,257.9,1,3
2021-06-15 10:34:05,S,258.1,2,18
2021-06-15 10:34:05,S,258.15,1,10
2021-06-15 10:34:05,S,258.5,1,8
2021-06-15 10:34:05,S,258.55,2,16
2021-06-15 10:34:05,S,257.55,1,8
2021-06-15 10:34:05,S,257.5,1,5
2021-06-15 10:34:05,S,257.45,2,27
2021-06-15 10:34:05,S,257.4,1,3
2021-06-15 10:34:05,S,257.25,3,114
2021-06-15 10:34:08,S,257.9,1,3
2021-06-15 10:34:08,S,258.1,2,18
2021-06-15 10:34:08,S,258.15,1,10
2021-06-15 10:34:08,S,258.5,1,8
2021-06-15 10:34:08,S,258.55,2,16
2021-06-15 10:34:08,S,257.55,1,8
2021-06-15 10:34:08,S,257.5,1,5
2021-06-15 10:34:08,S,257.45,2,27
2021-06-15 10:34:08,S,257.4,1,3
2021-06-15 10:34:08,S,257.25,3,114
2021-06-15 10:34:09,S,257.9,1,3
2021-06-15 10:34:09,S,258.1,2,18
2021-06-15 10:34:09,S,258.15,1,10
2021-06-15 10:34:09,S,258.5,1,8
2021-06-15 10:34:09,S,258.55,2,16
2021-06-15 10:34:09,S,257.55,1,8
2021-06-15 10:34:09,S,257.5,1,5
2021-06-15 10:34:09,S,257.45,2,27
2021-06-15 10:34:09,S,257.4,1,3
2021-06-15 10:34:09,S,257.25,3,114
2021-06-15 10:34:11,S,257.55,1,3
2021-06-15 10:34:11,S,258.1,2,18
2021-06-15 10:34:11,S,258.35,2,11
2021-06-15 10:34:11,S,258.55,2,16
2021-06-15 10:34:11,S,258.6,2,27
2021-06-15 10:34:11,S,257.5,1,5
2021-06-15 10:34:11,S,257.45,2,27
2021-06-15 10:34:11,S,257.25,3,114
2021-06-15 10:34:11,S,257.2,2,21
2021-06-15 10:34:11,S,257.1,1,100
2021-06-15 10:34:15,S,258.1,2,18
2021-06-15 10:34:15,S,258.35,2,11
2021-06-15 10:34:15,S,258.55,2,16
2021-06-15 10:34:15,S,258.6,2,27
2021-06-15 10:34:15,S,258.65,2,37
2021-06-15 10:34:15,S,257.5,1,5
2021-06-15 10:34:15,S,257.45,3,30
2021-06-15 10:34:15,S,257.25,3,114
2021-06-15 10:34:15,S,257.2,2,21
2021-06-15 10:34:15,S,257.1,1,100
2021-06-15 10:34:18,S,258.1,3,24
2021-06-15 10:34:18,S,258.35,2,11
2021-06-15 10:34:18,S,258.55,2,16
2021-06-15 10:34:18,S,258.6,2,27
2021-06-15 10:34:18,S,258.65,2,37
2021-06-15 10:34:18,S,257.5,1,5
2021-06-15 10:34:18,S,257.45,3,30
2021-06-15 10:34:18,S,257.25,3,114
2021-06-15 10:34:18,S,257.2,2,21
2021-06-15 10:34:18,S,257.1,1,100
2021-06-15 10:34:18,S,258.1,3,24
2021-06-15 10:34:18,S,258.35,2,11
2021-06-15 10:34:18,S,258.55,2,16
2021-06-15 10:34:18,S,258.6,2,27
2021-06-15 10:34:18,S,258.65,2,37
2021-06-15 10:34:18,S,257.5,1,5
2021-06-15 10:34:18,S,257.45,3,30
2021-06-15 10:34:18,S,257.25,3,114
2021-06-15 10:34:18,S,257.2,2,21
2021-06-15 10:34:18,S,257.1,1,100
2021-06-15 10:34:19,S,258.1,3,24
2021-06-15 10:34:19,S,258.35,2,11
2021-06-15 10:34:19,S,258.55,2,16
2021-06-15 10:34:19,S,258.6,2,27
2021-06-15 10:34:19,S,258.65,2,37
2021-06-15 10:34:19,S,257.5,1,5
2021-06-15 10:34:19,S,257.45,3,30
2021-06-15 10:34:19,S,257.25,3,114
2021-06-15 10:34:19,S,257.2,2,21
2021-06-15 10:34:19,S,257.1,1,100
2021-06-15 10:34:21,S,257.8,1,5
2021-06-15 10:34:21,S,258.3,2,6
2021-06-15 10:34:21,S,258.6,2,27
2021-06-15 10:34:21,S,258.65,2,37
2021-06-15 10:34:21,S,258.8,1,3
2021-06-15 10:34:21,S,257.55,2,13
2021-06-15 10:34:21,S,257.5,2,21
2021-06-15 10:34:21,S,257.45,4,46
2021-06-15 10:34:21,S,257.25,3,114
2021-06-15 10:34:21,S,257.2,2,21
2021-06-15 10:34:23,S,257.8,1,5
2021-06-15 10:34:23,S,258.3,2,6
2021-06-15 10:34:23,S,258.6,2,27
2021-06-15 10:34:23,S,258.65,2,37
2021-06-15 10:34:23,S,258.8,1,3
2021-06-15 10:34:23,S,257.55,2,13
2021-06-15 10:34:23,S,257.5,2,21
2021-06-15 10:34:23,S,257.45,4,46
2021-06-15 10:34:23,S,257.25,3,114
2021-06-15 10:34:23,S,257.2,2,21
2021-06-15 10:34:25,S,258.25,2,8
2021-06-15 10:34:25,S,258.6,3,30
2021-06-15 10:34:25,S,258.65,2,37
2021-06-15 10:34:25,S,258.8,1,3
2021-06-15 10:34:25,S,259.0,1,2
2021-06-15 10:34:25,S,257.55,1,2
2021-06-15 10:34:25,S,257.5,1,5
2021-06-15 10:34:25,S,257.45,2,27
2021-06-15 10:34:25,S,257.25,3,114
2021-06-15 10:34:25,S,257.2,2,21
2021-06-15 10:34:32,S,258.25,3,15
2021-06-15 10:34:32,S,258.6,2,27
2021-06-15 10:34:32,S,258.65,2,37
2021-06-15 10:34:32,S,258.8,1,3
2021-06-15 10:34:32,S,258.9,1,3
2021-06-15 10:34:32,S,257.55,2,5
2021-06-15 10:34:32,S,257.5,1,5
2021-06-15 10:34:32,S,257.45,3,43
2021-06-15 10:34:32,S,257.25,3,114
2021-06-15 10:34:32,S,257.2,2,21
2021-06-15 10:34:35,S,257.9,1,7
2021-06-15 10:34:35,S,258.25,2,8
2021-06-15 10:34:35,S,258.6,2,27
2021-06-15 10:34:35,S,258.65,2,37
2021-06-15 10:34:35,S,258.8,1,3
2021-06-15 10:34:35,S,257.55,2,5
2021-06-15 10:34:35,S,257.5,1,5
2021-06-15 10:34:35,S,257.45,4,55
2021-06-15 10:34:35,S,257.25,3,114
2021-06-15 10:34:35,S,257.2,2,21
2021-06-15 10:34:38,S,257.55,1,7
2021-06-15 10:34:38,S,258.25,2,8
2021-06-15 10:34:38,S,258.5,2,16
2021-06-15 10:34:38,S,258.6,2,27
2021-06-15 10:34:38,S,258.65,2,37
2021-06-15 10:34:38,S,257.5,2,8
2021-06-15 10:34:38,S,257.45,1,24
2021-06-15 10:34:38,S,257.3,2,29
2021-06-15 10:34:38,S,257.25,3,114
2021-06-15 10:34:38,S,257.2,2,21
2021-06-15 10:34:39,S,257.55,1,7
2021-06-15 10:34:39,S,258.25,2,8
2021-06-15 10:34:39,S,258.5,2,16
2021-06-15 10:34:39,S,258.6,2,27
2021-06-15 10:34:39,S,258.65,2,37
2021-06-15 10:34:39,S,257.5,2,8
2021-06-15 10:34:39,S,257.45,1,24
2021-06-15 10:34:39,S,257.3,2,29
2021-06-15 10:34:39,S,257.25,3,114
2021-06-15 10:34:39,S,257.2,2,21
2021-06-15 10:34:41,S,258.15,2,8
2021-06-15 10:34:41,S,258.35,2,7
2021-06-15 10:34:41,S,258.45,1,3
2021-06-15 10:34:41,S,258.5,2,16
2021-06-15 10:34:41,S,258.55,1,3
2021-06-15 10:34:41,S,257.55,1,13
2021-06-15 10:34:41,S,257.5,2,8
2021-06-15 10:34:41,S,257.45,1,24
2021-06-15 10:34:41,S,257.25,2,101
2021-06-15 10:34:41,S,257.2,2,21
2021-06-15 10:34:42,S,258.15,2,8
2021-06-15 10:34:42,S,258.35,2,7
2021-06-15 10:34:42,S,258.45,1,3
2021-06-15 10:34:42,S,258.5,2,16
2021-06-15 10:34:42,S,258.55,1,3
2021-06-15 10:34:42,S,257.55,1,13
2021-06-15 10:34:42,S,257.5,2,8
2021-06-15 10:34:42,S,257.45,1,24
2021-06-15 10:34:42,S,257.25,2,101
2021-06-15 10:34:42,S,257.2,2,21
2021-06-15 10:34:45,S,258.35,2,7
2021-06-15 10:34:45,S,258.4,1,3
2021-06-15 10:34:45,S,258.5,1,5
2021-06-15 10:34:45,S,258.55,1,5
2021-06-15 10:34:45,S,258.6,2,27
2021-06-15 10:34:45,S,257.6,1,4
2021-06-15 10:34:45,S,257.55,3,116
2021-06-15 10:34:45,S,257.5,3,24
2021-06-15 10:34:45,S,257.45,2,40
2021-06-15 10:34:45,S,257.25,2,101
2021-06-15 10:34:48,S,258.35,3,13
2021-06-15 10:34:48,S,258.5,2,8
2021-06-15 10:34:48,S,258.6,2,27
2021-06-15 10:34:48,S,258.65,2,37
2021-06-15 10:34:48,S,258.7,1,2
2021-06-15 10:34:48,S,257.6,1,4
2021-06-15 10:34:48,S,257.55,3,119
2021-06-15 10:34:48,S,257.5,3,24
2021-06-15 10:34:48,S,257.45,2,40
2021-06-15 10:34:48,S,257.25,2,101
2021-06-15 10:34:51,S,258.0,1,6
2021-06-15 10:34:51,S,258.35,2,7
2021-06-15 10:34:51,S,258.5,2,8
2021-06-15 10:34:51,S,258.6,2,27
2021-06-15 10:34:51,S,258.65,2,37
2021-06-15 10:34:51,S,257.6,3,25
2021-06-15 10:34:51,S,257.55,3,119
2021-06-15 10:34:51,S,257.5,3,24
2021-06-15 10:34:51,S,257.45,2,40
2021-06-15 10:34:51,S,257.25,2,101
2021-06-15 10:34:53,S,258.0,1,6
2021-06-15 10:34:53,S,258.35,2,7
2021-06-15 10:34:53,S,258.5,2,8
2021-06-15 10:34:53,S,258.6,2,27
2021-06-15 10:34:53,S,258.65,2,37
2021-06-15 10:34:53,S,257.6,3,25
2021-06-15 10:34:53,S,257.55,3,119
2021-06-15 10:34:53,S,257.5,3,24
2021-06-15 10:34:53,S,257.45,2,40
2021-06-15 10:34:53,S,257.25,2,101
2021-06-15 10:34:54,S,258.35,2,7
2021-06-15 10:34:54,S,258.6,3,30
2021-06-15 10:34:54,S,258.65,2,37
2021-06-15 10:34:54,S,258.7,1,2
2021-06-15 10:34:54,S,258.75,1,59
2021-06-15 10:34:54,S,257.65,1,1
2021-06-15 10:34:54,S,257.55,2,103
2021-06-15 10:34:54,S,257.5,1,3
2021-06-15 10:34:54,S,257.45,2,40
2021-06-15 10:34:54,S,257.25,2,101
2021-06-15 10:35:01,S,258.35,3,14
2021-06-15 10:35:01,S,258.6,3,30
2021-06-15 10:35:01,S,258.65,2,37
2021-06-15 10:35:01,S,258.7,1,2
2021-06-15 10:35:01,S,258.75,1,59
2021-06-15 10:35:01,S,257.65,1,1
2021-06-15 10:35:01,S,257.55,2,103
2021-06-15 10:35:01,S,257.5,1,3
2021-06-15 10:35:01,S,257.45,2,40
2021-06-15 10:35:01,S,257.25,2,101
2021-06-15 10:35:06,S,258.35,3,14
2021-06-15 10:35:06,S,258.6,3,30
2021-06-15 10:35:06,S,258.65,2,37
2021-06-15 10:35:06,S,258.7,1,2
2021-06-15 10:35:06,S,258.75,1,59
2021-06-15 10:35:06,S,257.65,1,1
2021-06-15 10:35:06,S,257.55,2,103
2021-06-15 10:35:06,S,257.5,1,3
2021-06-15 10:35:06,S,257.45,2,40
2021-06-15 10:35:06,S,257.25,2,101
2021-06-15 10:35:06,S,258.6,2,7
2021-06-15 10:35:06,S,258.65,2,14
2021-06-15 10:35:06,S,258.8,1,2
2021-06-15 10:35:06,S,258.85,1,3
2021-06-15 10:35:06,S,258.9,1,2
2021-06-15 10:35:06,S,257.6,2,12
2021-06-15 10:35:06,S,257.55,3,118
2021-06-15 10:35:06,S,257.5,2,16
2021-06-15 10:35:06,S,257.45,3,43
2021-06-15 10:35:06,S,257.35,2,10
2021-06-15 10:35:09,S,258.6,2,7
2021-06-15 10:35:09,S,258.65,2,14
2021-06-15 10:35:09,S,258.8,2,6
2021-06-15 10:35:09,S,258.85,1,3
2021-06-15 10:35:09,S,258.9,1,2
2021-06-15 10:35:09,S,257.7,2,12
2021-06-15 10:35:09,S,257.6,2,12
2021-06-15 10:35:09,S,257.55,3,118
2021-06-15 10:35:09,S,257.5,3,19
2021-06-15 10:35:09,S,257.45,3,43
2021-06-15 10:35:16,S,258.6,3,12
2021-06-15 10:35:16,S,258.65,2,14
2021-06-15 10:35:16,S,258.8,2,6
2021-06-15 10:35:16,S,258.85,1,3
2021-06-15 10:35:16,S,258.9,1,2
2021-06-15 10:35:16,S,257.7,2,12
2021-06-15 10:35:16,S,257.6,2,12
2021-06-15 10:35:16,S,257.55,3,118
2021-06-15 10:35:16,S,257.5,3,19
2021-06-15 10:35:16,S,257.45,3,43
2021-06-15 10:35:22,S,258.15,1,5
2021-06-15 10:35:22,S,258.6,2,7
2021-06-15 10:35:22,S,258.65,2,14
2021-06-15 10:35:22,S,258.7,1,2
2021-06-15 10:35:22,S,258.8,2,6
2021-06-15 10:35:22,S,257.7,2,12
2021-06-15 10:35:22,S,257.65,2,25
2021-06-15 10:35:22,S,257.55,2,113
2021-06-15 10:35:22,S,257.5,3,19
2021-06-15 10:35:22,S,257.45,2,38
2021-06-15 10:35:23,S,258.15,1,5
2021-06-15 10:35:23,S,258.6,2,7
2021-06-15 10:35:23,S,258.65,2,14
2021-06-15 10:35:23,S,258.7,1,2
2021-06-15 10:35:23,S,258.8,2,6
2021-06-15 10:35:23,S,257.7,2,12
2021-06-15 10:35:23,S,257.65,2,25
2021-06-15 10:35:23,S,257.55,2,113
2021-06-15 10:35:23,S,257.5,3,19
2021-06-15 10:35:23,S,257.45,2,38
2021-06-15 10:35:24,S,258.5,2,11
2021-06-15 10:35:24,S,258.6,1,1
2021-06-15 10:35:24,S,258.65,2,14
2021-06-15 10:35:24,S,258.7,1,3
2021-06-15 10:35:24,S,258.75,2,6
2021-06-15 10:35:24,S,257.55,2,113
2021-06-15 10:35:24,S,257.5,3,19
2021-06-15 10:35:24,S,257.45,2,38
2021-06-15 10:35:24,S,257.3,1,1
2021-06-15 10:35:24,S,257.25,2,101
2021-06-15 10:35:27,S,258.5,2,11
2021-06-15 10:35:27,S,258.65,2,14
2021-06-15 10:35:27,S,258.7,1,1
2021-06-15 10:35:27,S,258.75,2,6
2021-06-15 10:35:27,S,258.95,1,2
2021-06-15 10:35:27,S,257.55,2,113
2021-06-15 10:35:27,S,257.5,3,19
2021-06-15 10:35:27,S,257.45,2,38
2021-06-15 10:35:27,S,257.3,1,1
2021-06-15 10:35:27,S,257.25,2,101
2021-06-15 10:35:30,S,257.95,2,6
2021-06-15 10:35:30,S,258.0,3,118
2021-06-15 10:35:30,S,258.4,2,10
2021-06-15 10:35:30,S,258.5,1,7
2021-06-15 10:35:30,S,258.6,1,3
2021-06-15 10:35:30,S,257.55,1,100
2021-06-15 10:35:30,S,257.5,1,3
2021-06-15 10:35:30,S,257.45,1,24
2021-06-15 10:35:30,S,257.4,1,3
2021-06-15 10:35:30,S,257.25,2,101
2021-06-15 10:35:36,S,257.75,1,7
2021-06-15 10:35:36,S,257.95,2,6
2021-06-15 10:35:36,S,258.0,2,105
2021-06-15 10:35:36,S,258.2,1,3
2021-06-15 10:35:36,S,258.4,2,10
2021-06-15 10:35:36,S,257.55,1,100
2021-06-15 10:35:36,S,257.5,1,3
2021-06-15 10:35:36,S,257.45,1,24
2021-06-15 10:35:36,S,257.25,2,101
2021-06-15 10:35:36,S,257.2,2,21
2021-06-15 10:35:38,S,257.75,1,7
2021-06-15 10:35:38,S,257.95,2,6
2021-06-15 10:35:38,S,258.0,2,105
2021-06-15 10:35:38,S,258.2,1,3
2021-06-15 10:35:38,S,258.4,2,10
2021-06-15 10:35:38,S,257.55,1,100
2021-06-15 10:35:38,S,257.5,1,3
2021-06-15 10:35:38,S,257.45,1,24
2021-06-15 10:35:38,S,257.25,2,101
2021-06-15 10:35:38,S,257.2,2,21
2021-06-15 10:35:40,S,257.95,2,6
2021-06-15 10:35:40,S,258.0,3,117
2021-06-15 10:35:40,S,258.2,2,14
2021-06-15 10:35:40,S,258.4,2,10
2021-06-15 10:35:40,S,258.6,1,3
2021-06-15 10:35:40,S,257.55,1,35
2021-06-15 10:35:40,S,257.5,1,3
2021-06-15 10:35:40,S,257.45,1,24
2021-06-15 10:35:40,S,257.4,1,3
2021-06-15 10:35:40,S,257.25,2,101
2021-06-15 10:35:46,S,257.95,3,12
2021-06-15 10:35:46,S,258.0,3,117
2021-06-15 10:35:46,S,258.2,2,14
2021-06-15 10:35:46,S,258.4,2,10
2021-06-15 10:35:46,S,258.6,1,3
2021-06-15 10:35:46,S,257.55,1,35
2021-06-15 10:35:46,S,257.5,1,3
2021-06-15 10:35:46,S,257.45,1,24
2021-06-15 10:35:46,S,257.4,1,3
2021-06-15 10:35:46,S,257.25,2,101
2021-06-15 10:35:49,S,257.75,1,6
2021-06-15 10:35:49,S,257.95,2,6
2021-06-15 10:35:49,S,258.0,2,105
2021-06-15 10:35:49,S,258.2,2,14
2021-06-15 10:35:49,S,258.4,3,40
2021-06-15 10:35:49,S,257.55,1,35
2021-06-15 10:35:49,S,257.5,1,3
2021-06-15 10:35:49,S,257.45,1,24
2021-06-15 10:35:49,S,257.25,2,101
2021-06-15 10:35:49,S,257.2,2,21
2021-06-15 10:35:53,S,257.95,2,6
2021-06-15 10:35:53,S,258.0,3,118
2021-06-15 10:35:53,S,258.2,2,14
2021-06-15 10:35:53,S,258.4,3,40
2021-06-15 10:35:53,S,258.6,1,3
2021-06-15 10:35:53,S,257.55,1,77
2021-06-15 10:35:53,S,257.5,1,3
2021-06-15 10:35:53,S,257.45,3,43
2021-06-15 10:35:53,S,257.25,2,101
2021-06-15 10:35:53,S,257.2,2,21
2021-06-15 10:36:03,S,257.95,3,11
2021-06-15 10:36:03,S,258.0,3,118
2021-06-15 10:36:03,S,258.2,2,14
2021-06-15 10:36:03,S,258.4,3,40
2021-06-15 10:36:03,S,258.6,1,3
2021-06-15 10:36:03,S,257.55,1,77
2021-06-15 10:36:03,S,257.5,1,3
2021-06-15 10:36:03,S,257.45,2,27
2021-06-15 10:36:03,S,257.25,2,101
2021-06-15 10:36:03,S,257.2,2,21
2021-06-15 10:36:06,S,257.75,1,5
2021-06-15 10:36:06,S,257.95,2,6
2021-06-15 10:36:06,S,258.0,2,105
2021-06-15 10:36:06,S,258.2,2,14
2021-06-15 10:36:06,S,258.4,3,40
2021-06-15 10:36:06,S,257.55,2,87
2021-06-15 10:36:06,S,257.5,1,3
2021-06-15 10:36:06,S,257.45,1,24
2021-06-15 10:36:06,S,257.25,2,101
2021-06-15 10:36:06,S,257.2,2,21
2021-06-15 10:36:07,S,257.75,1,5
2021-06-15 10:36:07,S,257.95,2,6
2021-06-15 10:36:07,S,258.0,2,105
2021-06-15 10:36:07,S,258.2,2,14
2021-06-15 10:36:07,S,258.4,3,40
2021-06-15 10:36:07,S,257.55,2,87
2021-06-15 10:36:07,S,257.5,1,3
2021-06-15 10:36:07,S,257.45,1,24
2021-06-15 10:36:07,S,257.25,2,101
2021-06-15 10:36:07,S,257.2,2,21
2021-06-15 10:36:08,S,257.75,1,5
2021-06-15 10:36:08,S,257.95,2,6
2021-06-15 10:36:08,S,258.0,2,105
2021-06-15 10:36:08,S,258.2,2,14
2021-06-15 10:36:08,S,258.4,3,40
2021-06-15 10:36:08,S,257.55,2,87
2021-06-15 10:36:08,S,257.5,1,3
2021-06-15 10:36:08,S,257.45,1,24
2021-06-15 10:36:08,S,257.25,2,101
2021-06-15 10:36:08,S,257.2,2,21
2021-06-15 10:36:09,S,257.95,2,6
2021-06-15 10:36:09,S,258.0,3,118
2021-06-15 10:36:09,S,258.4,3,40
2021-06-15 10:36:09,S,258.5,1,1
2021-06-15 10:36:09,S,258.6,1,3
2021-06-15 10:36:09,S,257.45,2,17
2021-06-15 10:36:09,S,257.25,3,117
2021-06-15 10:36:09,S,257.2,2,21
2021-06-15 10:36:09,S,257.15,1,20
2021-06-15 10:36:09,S,257.1,2,105
2021-06-15 10:36:13,S,257.85,2,6
2021-06-15 10:36:13,S,257.9,2,15
2021-06-15 10:36:13,S,258.0,2,105
2021-06-15 10:36:13,S,258.15,2,20
2021-06-15 10:36:13,S,258.4,3,40
2021-06-15 10:36:13,S,257.45,2,17
2021-06-15 10:36:13,S,257.25,3,117
2021-06-15 10:36:13,S,257.2,3,33
2021-06-15 10:36:13,S,257.1,2,105
2021-06-15 10:36:13,S,257.05,2,300
2021-06-15 10:36:15,S,257.85,2,6
2021-06-15 10:36:15,S,257.9,2,15
2021-06-15 10:36:15,S,258.0,2,105
2021-06-15 10:36:15,S,258.15,2,20
2021-06-15 10:36:15,S,258.4,3,40
2021-06-15 10:36:15,S,257.45,2,17
2021-06-15 10:36:15,S,257.25,3,117
2021-06-15 10:36:15,S,257.2,3,33
2021-06-15 10:36:15,S,257.1,2,105
2021-06-15 10:36:15,S,257.05,2,300
2021-06-15 10:36:16,S,257.75,1,4
2021-06-15 10:36:16,S,257.8,1,2
2021-06-15 10:36:16,S,257.85,2,9
2021-06-15 10:36:16,S,257.95,2,5
2021-06-15 10:36:16,S,258.0,2,105
2021-06-15 10:36:16,S,257.25,2,58
2021-06-15 10:36:16,S,257.2,2,21
2021-06-15 10:36:16,S,257.1,2,103
2021-06-15 10:36:16,S,257.05,2,300
2021-06-15 10:36:16,S,257.0,3,12
2021-06-15 10:36:20,S,257.5,1,7
2021-06-15 10:36:20,S,257.75,2,6
2021-06-15 10:36:20,S,257.95,3,10
2021-06-15 10:36:20,S,258.0,2,105
2021-06-15 10:36:20,S,258.15,2,20
2021-06-15 10:36:20,S,257.25,2,58
2021-06-15 10:36:20,S,257.2,1,13
2021-06-15 10:36:20,S,257.15,2,36
2021-06-15 10:36:20,S,257.1,2,103
2021-06-15 10:36:20,S,257.05,2,300
2021-06-15 10:36:24,S,257.8,2,16
2021-06-15 10:36:24,S,257.95,3,10
2021-06-15 10:36:24,S,258.0,2,105
2021-06-15 10:36:24,S,258.15,2,20
2021-06-15 10:36:24,S,258.3,1,3
2021-06-15 10:36:24,S,257.25,1,3
2021-06-15 10:36:24,S,257.1,2,103
2021-06-15 10:36:24,S,257.05,2,300
2021-06-15 10:36:24,S,257.0,3,12
2021-06-15 10:36:24,S,256.95,1,4
2021-06-15 10:36:23,S,257.5,1,7
2021-06-15 10:36:23,S,257.75,2,6
2021-06-15 10:36:23,S,257.95,3,10
2021-06-15 10:36:23,S,258.0,2,105
2021-06-15 10:36:23,S,258.15,2,20
2021-06-15 10:36:23,S,257.25,2,58
2021-06-15 10:36:23,S,257.2,1,13
2021-06-15 10:36:23,S,257.15,2,36
2021-06-15 10:36:23,S,257.1,2,103
2021-06-15 10:36:23,S,257.05,2,300
2021-06-15 10:36:27,S,257.7,2,6
2021-06-15 10:36:27,S,257.75,1,2
2021-06-15 10:36:27,S,257.8,1,12
2021-06-15 10:36:27,S,257.95,3,10
2021-06-15 10:36:27,S,258.0,2,105
2021-06-15 10:36:27,S,257.1,1,100
2021-06-15 10:36:27,S,257.05,3,316
2021-06-15 10:36:27,S,257.0,3,12
2021-06-15 10:36:27,S,256.95,1,4
2021-06-15 10:36:27,S,256.85,2,55
2021-06-15 10:36:28,S,257.7,2,6
2021-06-15 10:36:28,S,257.75,1,2
2021-06-15 10:36:28,S,257.8,1,12
2021-06-15 10:36:28,S,257.95,3,10
2021-06-15 10:36:28,S,258.0,2,105
2021-06-15 10:36:28,S,257.1,1,100
2021-06-15 10:36:28,S,257.05,3,316
2021-06-15 10:36:28,S,257.0,3,12
2021-06-15 10:36:28,S,256.95,1,4
2021-06-15 10:36:28,S,256.85,2,55
2021-06-15 10:36:31,S,257.65,1,4
2021-06-15 10:36:31,S,257.7,2,7
2021-06-15 10:36:31,S,257.95,3,10
2021-06-15 10:36:31,S,258.0,2,105
2021-06-15 10:36:31,S,258.15,2,20
2021-06-15 10:36:31,S,257.1,3,36
2021-06-15 10:36:31,S,257.05,3,313
2021-06-15 10:36:31,S,257.0,4,28
2021-06-15 10:36:31,S,256.85,2,55
2021-06-15 10:36:31,S,256.7,2,8
2021-06-15 10:36:34,S,257.65,1,4
2021-06-15 10:36:34,S,257.7,2,7
2021-06-15 10:36:34,S,257.95,3,10
2021-06-15 10:36:34,S,258.0,2,105
2021-06-15 10:36:34,S,258.15,2,20
2021-06-15 10:36:34,S,257.1,3,36
2021-06-15 10:36:34,S,257.05,3,313
2021-06-15 10:36:34,S,257.0,4,28
2021-06-15 10:36:34,S,256.85,2,55
2021-06-15 10:36:34,S,256.7,2,8
2021-06-15 10:36:34,S,257.4,1,5
2021-06-15 10:36:34,S,257.9,2,9
2021-06-15 10:36:34,S,257.95,3,10
2021-06-15 10:36:34,S,258.0,2,105
2021-06-15 10:36:34,S,258.15,2,20
2021-06-15 10:36:34,S,257.1,2,33
2021-06-15 10:36:34,S,257.05,3,313
2021-06-15 10:36:34,S,257.0,4,28
2021-06-15 10:36:34,S,256.85,2,55
2021-06-15 10:36:34,S,256.7,1,5
2021-06-15 10:36:35,S,257.4,1,5
2021-06-15 10:36:35,S,257.9,2,9
2021-06-15 10:36:35,S,257.95,3,10
2021-06-15 10:36:35,S,258.0,2,105
2021-06-15 10:36:35,S,258.15,2,20
2021-06-15 10:36:35,S,257.1,2,33
2021-06-15 10:36:35,S,257.05,3,313
2021-06-15 10:36:35,S,257.0,4,28
2021-06-15 10:36:35,S,256.85,2,55
2021-06-15 10:36:35,S,256.7,1,5
2021-06-15 10:36:37,S,257.9,2,9
2021-06-15 10:36:37,S,257.95,2,7
2021-06-15 10:36:37,S,258.0,2,105
2021-06-15 10:36:37,S,258.2,1,3
2021-06-15 10:36:37,S,258.3,1,5
2021-06-15 10:36:37,S,257.35,1,13
2021-06-15 10:36:37,S,257.3,2,27
2021-06-15 10:36:37,S,257.25,1,57
2021-06-15 10:36:37,S,257.1,3,36
2021-06-15 10:36:37,S,257.05,3,313
2021-06-15 10:36:42,S,257.9,2,9
2021-06-15 10:36:42,S,257.95,2,7
2021-06-15 10:36:42,S,258.0,2,105
2021-06-15 10:36:42,S,258.2,1,3
2021-06-15 10:36:42,S,258.3,1,5
2021-06-15 10:36:42,S,257.35,1,13
2021-06-15 10:36:42,S,257.3,2,27
2021-06-15 10:36:42,S,257.25,1,57
2021-06-15 10:36:42,S,257.1,3,36
2021-06-15 10:36:42,S,257.05,3,313
2021-06-15 10:36:43,S,257.9,2,9
2021-06-15 10:36:43,S,257.95,2,7
2021-06-15 10:36:43,S,258.0,2,105
2021-06-15 10:36:43,S,258.2,1,3
2021-06-15 10:36:43,S,258.3,1,5
2021-06-15 10:36:43,S,257.35,1,13
2021-06-15 10:36:43,S,257.3,2,27
2021-06-15 10:36:43,S,257.25,1,57
2021-06-15 10:36:43,S,257.1,3,36
2021-06-15 10:36:43,S,257.05,3,313
2021-06-15 10:36:45,S,257.95,2,7
2021-06-15 10:36:45,S,258.0,2,105
2021-06-15 10:36:45,S,258.35,3,25
2021-06-15 10:36:45,S,258.4,2,37
2021-06-15 10:36:45,S,258.6,1,3
2021-06-15 10:36:45,S,257.35,2,13
2021-06-15 10:36:45,S,257.3,2,19
2021-06-15 10:36:45,S,257.25,2,73
2021-06-15 10:36:45,S,257.1,3,36
2021-06-15 10:36:45,S,257.05,3,313
2021-06-15 10:36:48,S,257.95,3,14
2021-06-15 10:36:48,S,258.0,2,105
2021-06-15 10:36:48,S,258.3,2,22
2021-06-15 10:36:48,S,258.35,2,17
2021-06-15 10:36:48,S,258.4,2,37
2021-06-15 10:36:48,S,257.35,2,13
2021-06-15 10:36:48,S,257.3,2,19
2021-06-15 10:36:48,S,257.25,2,73
2021-06-15 10:36:48,S,257.1,3,36
2021-06-15 10:36:48,S,257.05,3,313
2021-06-15 10:36:51,S,257.95,3,14
2021-06-15 10:36:51,S,258.0,2,105
2021-06-15 10:36:51,S,258.3,2,22
2021-06-15 10:36:51,S,258.35,2,17
2021-06-15 10:36:51,S,258.4,2,37
2021-06-15 10:36:51,S,257.35,2,13
2021-06-15 10:36:51,S,257.3,2,19
2021-06-15 10:36:51,S,257.25,2,73
2021-06-15 10:36:51,S,257.1,3,36
2021-06-15 10:36:51,S,257.05,3,313
2021-06-15 10:36:52,S,257.65,1,6
2021-06-15 10:36:52,S,257.95,2,7
2021-06-15 10:36:52,S,258.0,2,105
2021-06-15 10:36:52,S,258.15,1,3
2021-06-15 10:36:52,S,258.35,2,17
2021-06-15 10:36:52,S,257.35,2,13
2021-06-15 10:36:52,S,257.3,2,19
2021-06-15 10:36:52,S,257.25,3,85
2021-06-15 10:36:52,S,257.1,3,36
2021-06-15 10:36:52,S,257.05,3,313
2021-06-15 10:36:53,S,257.65,1,6
2021-06-15 10:36:53,S,257.95,2,7
2021-06-15 10:36:53,S,258.0,2,105
2021-06-15 10:36:53,S,258.15,1,3
2021-06-15 10:36:53,S,258.35,2,17
2021-06-15 10:36:53,S,257.35,2,13
2021-06-15 10:36:53,S,257.3,2,19
2021-06-15 10:36:53,S,257.25,3,85
2021-06-15 10:36:53,S,257.1,3,36
2021-06-15 10:36:53,S,257.05,3,313
2021-06-15 10:36:55,S,257.35,1,3
2021-06-15 10:36:55,S,257.9,2,13
2021-06-15 10:36:55,S,257.95,2,7
2021-06-15 10:36:55,S,258.0,2,105
2021-06-15 10:36:55,S,258.3,1,8
2021-06-15 10:36:55,S,257.1,2,33
2021-06-15 10:36:55,S,257.05,3,313
2021-06-15 10:36:55,S,257.0,6,106
2021-06-15 10:36:55,S,256.85,2,55
2021-06-15 10:36:55,S,256.7,1,5
2021-06-15 10:36:57,S,257.35,1,3
2021-06-15 10:36:57,S,257.9,2,13
2021-06-15 10:36:57,S,257.95,2,7
2021-06-15 10:36:57,S,258.0,2,105
2021-06-15 10:36:57,S,258.3,1,8
2021-06-15 10:36:57,S,257.1,2,33
2021-06-15 10:36:57,S,257.05,3,313
2021-06-15 10:36:57,S,257.0,6,106
2021-06-15 10:36:57,S,256.85,2,55
2021-06-15 10:36:57,S,256.7,1,5
2021-06-15 10:36:58,S,257.9,2,13
2021-06-15 10:36:58,S,257.95,2,7
2021-06-15 10:36:58,S,258.0,2,105
2021-06-15 10:36:58,S,258.3,1,8
2021-06-15 10:36:58,S,258.35,2,17
2021-06-15 10:36:58,S,257.1,2,23
2021-06-15 10:36:58,S,257.05,3,313
2021-06-15 10:36:58,S,257.0,5,93
2021-06-15 10:36:58,S,256.9,1,2
2021-06-15 10:36:58,S,256.85,2,55
2021-06-15 10:37:00,S,257.9,2,13
2021-06-15 10:37:00,S,257.95,2,7
2021-06-15 10:37:00,S,258.0,2,105
2021-06-15 10:37:00,S,258.3,1,8
2021-06-15 10:37:00,S,258.35,2,17
2021-06-15 10:37:00,S,257.1,2,23
2021-06-15 10:37:00,S,257.05,3,313
2021-06-15 10:37:00,S,257.0,5,93
2021-06-15 10:37:00,S,256.9,1,2
2021-06-15 10:37:00,S,256.85,2,55
2021-06-15 10:37:03,S,257.9,3,16
2021-06-15 10:37:03,S,258.0,2,77
2021-06-15 10:37:03,S,258.15,1,3
2021-06-15 10:37:03,S,258.3,1,2
2021-06-15 10:37:03,S,258.35,2,17
2021-06-15 10:37:03,S,257.3,1,8
2021-06-15 10:37:03,S,257.25,2,61
2021-06-15 10:37:03,S,257.1,2,12
2021-06-15 10:37:03,S,257.05,4,318
2021-06-15 10:37:03,S,257.0,5,93
2021-06-15 10:37:04,S,257.9,3,16
2021-06-15 10:37:04,S,258.0,2,77
2021-06-15 10:37:04,S,258.15,1,3
2021-06-15 10:37:04,S,258.3,1,2
2021-06-15 10:37:04,S,258.35,2,17
2021-06-15 10:37:04,S,257.3,1,8
2021-06-15 10:37:04,S,257.25,2,61
2021-06-15 10:37:04,S,257.1,2,12
2021-06-15 10:37:04,S,257.05,4,318
2021-06-15 10:37:04,S,257.0,5,93
2021-06-15 10:37:06,S,257.6,1,6
2021-06-15 10:37:06,S,257.9,2,10
2021-06-15 10:37:06,S,258.0,2,77
2021-06-15 10:37:06,S,258.15,1,3
2021-06-15 10:37:06,S,258.3,1,2
2021-06-15 10:37:06,S,257.3,2,16
2021-06-15 10:37:06,S,257.25,2,61
2021-06-15 10:37:06,S,257.15,2,29
2021-06-15 10:37:06,S,257.1,2,12
2021-06-15 10:37:06,S,257.05,3,313
2021-06-15 10:37:08,S,257.6,1,6
2021-06-15 10:37:08,S,257.9,2,10
2021-06-15 10:37:08,S,258.0,2,77
2021-06-15 10:37:08,S,258.15,1,3
2021-06-15 10:37:08,S,258.3,1,2
2021-06-15 10:37:08,S,257.3,2,16
2021-06-15 10:37:08,S,257.25,2,61
2021-06-15 10:37:08,S,257.15,2,29
2021-06-15 10:37:08,S,257.1,2,12
2021-06-15 10:37:08,S,257.05,3,313
2021-06-15 10:37:10,S,257.3,1,5
2021-06-15 10:37:10,S,257.8,1,8
2021-06-15 10:37:10,S,257.85,2,16
2021-06-15 10:37:10,S,257.9,1,2
2021-06-15 10:37:10,S,258.0,3,177
2021-06-15 10:37:10,S,257.05,2,300
2021-06-15 10:37:10,S,257.0,5,93
2021-06-15 10:37:10,S,256.9,3,49
2021-06-15 10:37:10,S,256.85,2,55
2021-06-15 10:37:10,S,256.65,2,8
2021-06-15 10:37:12,S,257.3,1,5
2021-06-15 10:37:12,S,257.8,1,8
2021-06-15 10:37:12,S,257.85,2,16
2021-06-15 10:37:12,S,257.9,1,2
2021-06-15 10:37:12,S,258.0,3,177
2021-06-15 10:37:12,S,257.05,2,300
2021-06-15 10:37:12,S,257.0,5,93
2021-06-15 10:37:12,S,256.9,3,49
2021-06-15 10:37:12,S,256.85,2,55
2021-06-15 10:37:12,S,256.65,2,8
2021-06-15 10:37:13,S,257.8,2,10
2021-06-15 10:37:13,S,257.85,2,16
2021-06-15 10:37:13,S,258.0,3,177
2021-06-15 10:37:13,S,258.1,1,7
2021-06-15 10:37:13,S,258.15,1,3
2021-06-15 10:37:13,S,257.05,3,268
2021-06-15 10:37:13,S,257.0,5,93
2021-06-15 10:37:13,S,256.9,2,36
2021-06-15 10:37:13,S,256.85,2,55
2021-06-15 10:37:13,S,256.7,1,7
2021-06-15 10:37:16,S,257.8,3,16
2021-06-15 10:37:16,S,257.85,2,16
2021-06-15 10:37:16,S,258.0,3,177
2021-06-15 10:37:16,S,258.1,1,7
2021-06-15 10:37:16,S,258.15,1,3
2021-06-15 10:37:16,S,257.05,3,268
2021-06-15 10:37:16,S,257.0,5,93
2021-06-15 10:37:16,S,256.9,2,36
2021-06-15 10:37:16,S,256.85,2,55
2021-06-15 10:37:16,S,256.7,1,7
2021-06-15 10:37:19,S,257.8,3,16
2021-06-15 10:37:19,S,257.85,2,16
2021-06-15 10:37:19,S,258.0,3,177
2021-06-15 10:37:19,S,258.1,1,7
2021-06-15 10:37:19,S,258.15,1,3
2021-06-15 10:37:19,S,257.05,3,268
2021-06-15 10:37:19,S,257.0,5,93
2021-06-15 10:37:19,S,256.9,2,36
2021-06-15 10:37:19,S,256.85,2,55
2021-06-15 10:37:19,S,256.7,1,7
2021-06-15 10:37:19,S,257.45,1,6
2021-06-15 10:37:19,S,257.8,2,10
2021-06-15 10:37:19,S,257.95,2,10
2021-06-15 10:37:19,S,258.0,3,177
2021-06-15 10:37:19,S,258.1,1,7
2021-06-15 10:37:19,S,257.05,3,365
2021-06-15 10:37:19,S,257.0,5,93
2021-06-15 10:37:19,S,256.85,3,71
2021-06-15 10:37:19,S,256.65,2,8
2021-06-15 10:37:19,S,256.55,2,8
2021-06-15 10:37:23,S,257.45,1,6
2021-06-15 10:37:23,S,257.8,2,10
2021-06-15 10:37:23,S,257.95,2,10
2021-06-15 10:37:23,S,258.0,3,177
2021-06-15 10:37:23,S,258.1,1,7
2021-06-15 10:37:23,S,257.05,3,365
2021-06-15 10:37:23,S,257.0,6,106
2021-06-15 10:37:23,S,256.85,3,71
2021-06-15 10:37:23,S,256.65,2,8
2021-06-15 10:37:23,S,256.55,2,8
2021-06-15 10:37:26,S,257.8,2,10
2021-06-15 10:37:26,S,257.95,2,10
2021-06-15 10:37:26,S,258.0,3,177
2021-06-15 10:37:26,S,258.1,1,7
2021-06-15 10:37:26,S,258.15,1,3
2021-06-15 10:37:26,S,257.05,5,316
2021-06-15 10:37:26,S,257.0,5,93
2021-06-15 10:37:26,S,256.9,2,36
2021-06-15 10:37:26,S,256.85,3,71
2021-06-15 10:37:26,S,256.7,1,1
2021-06-15 10:37:30,S,257.8,2,10
2021-06-15 10:37:30,S,257.95,2,10
2021-06-15 10:37:30,S,258.0,3,177
2021-06-15 10:37:30,S,258.1,1,7
2021-06-15 10:37:30,S,258.15,1,3
2021-06-15 10:37:30,S,257.05,5,316
2021-06-15 10:37:30,S,257.0,4,28
2021-06-15 10:37:30,S,256.9,2,36
2021-06-15 10:37:30,S,256.85,3,71
2021-06-15 10:37:30,S,256.7,1,1
2021-06-15 10:37:33,S,257.75,1,8
2021-06-15 10:37:33,S,257.8,2,8
2021-06-15 10:37:33,S,258.0,3,177
2021-06-15 10:37:33,S,258.3,1,1
2021-06-15 10:37:33,S,258.35,2,17
2021-06-15 10:37:33,S,257.3,1,8
2021-06-15 10:37:33,S,257.25,3,73
2021-06-15 10:37:33,S,257.05,6,332
2021-06-15 10:37:33,S,257.0,4,28
2021-06-15 10:37:33,S,256.85,3,71
2021-06-15 10:37:34,S,257.75,1,8
2021-06-15 10:37:34,S,257.8,2,8
2021-06-15 10:37:34,S,258.0,3,177
2021-06-15 10:37:34,S,258.3,1,1
2021-06-15 10:37:34,S,258.35,2,17
2021-06-15 10:37:34,S,257.3,1,8
2021-06-15 10:37:34,S,257.25,3,73
2021-06-15 10:37:34,S,257.05,6,332
2021-06-15 10:37:34,S,257.0,4,28
2021-06-15 10:37:34,S,256.85,3,71
2021-06-15 10:37:36,S,257.55,1,6
2021-06-15 10:37:36,S,257.95,2,16
2021-06-15 10:37:36,S,258.0,3,177
2021-06-15 10:37:36,S,258.25,1,2
2021-06-15 10:37:36,S,258.35,2,17
2021-06-15 10:37:36,S,257.3,1,8
2021-06-15 10:37:36,S,257.25,1,52
2021-06-15 10:37:36,S,257.1,1,13
2021-06-15 10:37:36,S,257.05,6,332
2021-06-15 10:37:36,S,257.0,4,28
2021-06-15 10:37:38,S,257.55,1,6
2021-06-15 10:37:38,S,257.95,2,16
2021-06-15 10:37:38,S,258.0,3,177
2021-06-15 10:37:38,S,258.25,1,2
2021-06-15 10:37:38,S,258.35,2,17
2021-06-15 10:37:38,S,257.3,1,8
2021-06-15 10:37:38,S,257.25,1,52
2021-06-15 10:37:38,S,257.1,1,13
2021-06-15 10:37:38,S,257.05,6,332
2021-06-15 10:37:38,S,257.0,4,28
2021-06-15 10:37:39,S,257.3,1,5
2021-06-15 10:37:39,S,257.95,2,16
2021-06-15 10:37:39,S,258.0,3,177
2021-06-15 10:37:39,S,258.3,1,3
2021-06-15 10:37:39,S,258.35,2,17
2021-06-15 10:37:39,S,257.05,5,316
2021-06-15 10:37:39,S,257.0,4,28
2021-06-15 10:37:39,S,256.9,2,36
2021-06-15 10:37:39,S,256.85,3,71
2021-06-15 10:37:39,S,256.65,2,8
2021-06-15 10:37:42,S,257.95,2,16
2021-06-15 10:37:42,S,258.0,3,177
2021-06-15 10:37:42,S,258.15,2,20
2021-06-15 10:37:42,S,258.2,2,6
2021-06-15 10:37:42,S,258.3,1,3
2021-06-15 10:37:42,S,257.05,4,305
2021-06-15 10:37:42,S,257.0,4,28
2021-06-15 10:37:42,S,256.9,2,36
2021-06-15 10:37:42,S,256.85,3,71
2021-06-15 10:37:42,S,256.7,1,4
2021-06-15 10:37:45,S,257.95,3,21
2021-06-15 10:37:45,S,258.0,3,177
2021-06-15 10:37:45,S,258.15,2,20
2021-06-15 10:37:45,S,258.2,2,6
2021-06-15 10:37:45,S,258.3,1,3
2021-06-15 10:37:45,S,257.05,5,308
2021-06-15 10:37:45,S,257.0,4,28
2021-06-15 10:37:45,S,256.9,2,36
2021-06-15 10:37:45,S,256.85,3,71
2021-06-15 10:37:45,S,256.7,1,4
2021-06-15 10:37:49,S,257.85,2,10
2021-06-15 10:37:49,S,257.9,2,7
2021-06-15 10:37:49,S,257.95,3,16
2021-06-15 10:37:49,S,258.0,3,177
2021-06-15 10:37:49,S,258.15,2,20
2021-06-15 10:37:49,S,257.05,5,308
2021-06-15 10:37:49,S,257.0,4,28
2021-06-15 10:37:49,S,256.9,2,36
2021-06-15 10:37:49,S,256.85,3,71
2021-06-15 10:37:49,S,256.7,1,4
2021-06-15 10:37:52,S,257.45,1,5
2021-06-15 10:37:52,S,257.85,2,10
2021-06-15 10:37:52,S,257.9,2,7
2021-06-15 10:37:52,S,257.95,2,11
2021-06-15 10:37:52,S,258.0,3,177
2021-06-15 10:37:52,S,257.05,4,305
2021-06-15 10:37:52,S,257.0,5,41
2021-06-15 10:37:52,S,256.9,2,36
2021-06-15 10:37:52,S,256.85,3,71
2021-06-15 10:37:52,S,256.65,2,8
2021-06-15 10:37:52,S,257.45,1,5
2021-06-15 10:37:52,S,257.85,2,10
2021-06-15 10:37:52,S,257.9,2,7
2021-06-15 10:37:52,S,257.95,2,11
2021-06-15 10:37:52,S,258.0,3,177
2021-06-15 10:37:52,S,257.05,4,305
2021-06-15 10:37:52,S,257.0,5,41
2021-06-15 10:37:52,S,256.9,2,36
2021-06-15 10:37:52,S,256.85,3,71
2021-06-15 10:37:52,S,256.65,2,8
2021-06-15 10:37:55,S,257.85,2,10
2021-06-15 10:37:55,S,257.9,2,7
2021-06-15 10:37:55,S,257.95,2,11
2021-06-15 10:37:55,S,258.0,3,177
2021-06-15 10:37:55,S,258.15,2,20
2021-06-15 10:37:55,S,257.05,5,262
2021-06-15 10:37:55,S,257.0,4,28
2021-06-15 10:37:55,S,256.9,3,40
2021-06-15 10:37:55,S,256.85,3,71
2021-06-15 10:37:55,S,256.65,2,8
2021-06-15 10:38:01,S,257.7,2,10
2021-06-15 10:38:01,S,257.75,1,2
2021-06-15 10:38:01,S,257.85,2,8
2021-06-15 10:38:01,S,257.9,2,7
2021-06-15 10:38:01,S,257.95,2,11
2021-06-15 10:38:01,S,257.05,5,262
2021-06-15 10:38:01,S,257.0,4,28
2021-06-15 10:38:01,S,256.9,2,36
2021-06-15 10:38:01,S,256.85,3,71
2021-06-15 10:38:01,S,256.7,1,4
2021-06-15 10:38:04,S,257.4,1,6
2021-06-15 10:38:04,S,257.7,2,10
2021-06-15 10:38:04,S,257.9,2,7
2021-06-15 10:38:04,S,257.95,2,11
2021-06-15 10:38:04,S,258.0,3,177
2021-06-15 10:38:04,S,257.05,4,259
2021-06-15 10:38:04,S,257.0,4,28
2021-06-15 10:38:04,S,256.9,2,36
2021-06-15 10:38:04,S,256.85,3,71
2021-06-15 10:38:04,S,256.65,2,8
2021-06-15 10:38:07,S,257.4,1,6
2021-06-15 10:38:07,S,257.7,2,10
2021-06-15 10:38:07,S,257.75,2,20
2021-06-15 10:38:07,S,257.9,2,7
2021-06-15 10:38:07,S,257.95,2,11
2021-06-15 10:38:07,S,257.05,3,258
2021-06-15 10:38:07,S,257.0,4,28
2021-06-15 10:38:07,S,256.85,3,71
2021-06-15 10:38:07,S,256.65,2,8
2021-06-15 10:38:07,S,256.55,1,5
2021-06-15 10:38:08,S,257.4,1,6
2021-06-15 10:38:08,S,257.7,2,10
2021-06-15 10:38:08,S,257.75,2,20
2021-06-15 10:38:08,S,257.9,2,7
2021-06-15 10:38:08,S,257.95,2,11
2021-06-15 10:38:08,S,257.05,3,258
2021-06-15 10:38:08,S,257.0,4,28
2021-06-15 10:38:08,S,256.85,3,71
2021-06-15 10:38:08,S,256.65,2,8
2021-06-15 10:38:08,S,256.55,1,5
2021-06-15 10:38:11,S,257.7,2,12
2021-06-15 10:38:11,S,257.9,2,7
2021-06-15 10:38:11,S,257.95,2,11
2021-06-15 10:38:11,S,258.0,3,177
2021-06-15 10:38:11,S,258.15,2,20
2021-06-15 10:38:11,S,257.05,4,301
2021-06-15 10:38:11,S,257.0,4,25
2021-06-15 10:38:11,S,256.9,2,36
2021-06-15 10:38:11,S,256.85,3,71
2021-06-15 10:38:11,S,256.7,1,4
2021-06-15 10:38:18,S,257.65,1,8
2021-06-15 10:38:18,S,257.7,2,9
2021-06-15 10:38:18,S,257.9,2,7
2021-06-15 10:38:18,S,257.95,2,11
2021-06-15 10:38:18,S,258.0,3,177
2021-06-15 10:38:18,S,257.1,1,1
2021-06-15 10:38:18,S,257.05,6,317
2021-06-15 10:38:18,S,257.0,4,25
2021-06-15 10:38:18,S,256.9,2,36
2021-06-15 10:38:18,S,256.85,3,71
2021-06-15 10:38:19,S,257.65,1,8
2021-06-15 10:38:19,S,257.7,2,9
2021-06-15 10:38:19,S,257.9,2,7
2021-06-15 10:38:19,S,257.95,2,11
2021-06-15 10:38:19,S,258.0,3,177
2021-06-15 10:38:19,S,257.1,1,1
2021-06-15 10:38:19,S,257.05,6,317
2021-06-15 10:38:19,S,257.0,4,25
2021-06-15 10:38:19,S,256.9,2,36
2021-06-15 10:38:19,S,256.85,3,71
2021-06-15 10:38:21,S,257.4,1,5
2021-06-15 10:38:21,S,257.85,2,22
2021-06-15 10:38:21,S,257.9,2,7
2021-06-15 10:38:21,S,257.95,2,11
2021-06-15 10:38:21,S,258.0,3,177
2021-06-15 10:38:21,S,257.1,1,1
2021-06-15 10:38:21,S,257.05,5,314
2021-06-15 10:38:21,S,257.0,5,37
2021-06-15 10:38:21,S,256.9,2,36
2021-06-15 10:38:21,S,256.85,3,71
2021-06-15 10:38:23,S,257.4,1,5
2021-06-15 10:38:23,S,257.85,2,22
2021-06-15 10:38:23,S,257.9,2,7
2021-06-15 10:38:23,S,257.95,2,11
2021-06-15 10:38:23,S,258.0,3,177
2021-06-15 10:38:23,S,257.1,1,1
2021-06-15 10:38:23,S,257.05,5,314
2021-06-15 10:38:23,S,257.0,5,37
2021-06-15 10:38:23,S,256.9,2,36
2021-06-15 10:38:23,S,256.85,3,71
2021-06-15 10:38:24,S,257.1,1,4
2021-06-15 10:38:24,S,257.85,2,22
2021-06-15 10:38:24,S,257.9,2,7
2021-06-15 10:38:24,S,257.95,2,11
2021-06-15 10:38:24,S,258.0,3,177
2021-06-15 10:38:24,S,257.05,4,301
2021-06-15 10:38:24,S,257.0,4,25
2021-06-15 10:38:24,S,256.9,2,36
2021-06-15 10:38:24,S,256.85,3,80
2021-06-15 10:38:24,S,256.65,2,8
2021-06-15 10:38:27,S,257.1,1,4
2021-06-15 10:38:27,S,257.85,2,22
2021-06-15 10:38:27,S,257.9,2,7
2021-06-15 10:38:27,S,257.95,2,11
2021-06-15 10:38:27,S,258.0,3,177
2021-06-15 10:38:27,S,257.05,4,301
2021-06-15 10:38:27,S,257.0,4,25
2021-06-15 10:38:27,S,256.9,2,36
2021-06-15 10:38:27,S,256.85,3,80
2021-06-15 10:38:27,S,256.65,2,8
2021-06-15 10:38:30,S,257.85,2,22
2021-06-15 10:38:30,S,257.9,2,7
2021-06-15 10:38:30,S,257.95,2,11
2021-06-15 10:38:30,S,258.0,3,177
2021-06-15 10:38:30,S,258.1,1,2
2021-06-15 10:38:30,S,257.05,4,274
2021-06-15 10:38:30,S,257.0,4,15
2021-06-15 10:38:30,S,256.9,3,39
2021-06-15 10:38:30,S,256.85,2,67
2021-06-15 10:38:30,S,256.65,2,8
2021-06-15 10:38:32,S,257.85,2,22
2021-06-15 10:38:32,S,257.9,2,7
2021-06-15 10:38:32,S,257.95,2,11
2021-06-15 10:38:32,S,258.0,3,177
2021-06-15 10:38:32,S,258.1,1,2
2021-06-15 10:38:32,S,257.05,4,274
2021-06-15 10:38:32,S,257.0,4,15
2021-06-15 10:38:32,S,256.9,3,39
2021-06-15 10:38:32,S,256.85,2,67
2021-06-15 10:38:32,S,256.65,2,8
2021-06-15 10:38:33,S,257.85,3,27
2021-06-15 10:38:33,S,257.9,2,7
2021-06-15 10:38:33,S,257.95,2,11
2021-06-15 10:38:33,S,258.0,3,177
2021-06-15 10:38:33,S,258.1,1,2
2021-06-15 10:38:33,S,257.05,4,264
2021-06-15 10:38:33,S,257.0,4,15
2021-06-15 10:38:33,S,256.9,3,39
2021-06-15 10:38:33,S,256.85,2,67
2021-06-15 10:38:33,S,256.65,2,8
2021-06-15 10:38:36,S,257.45,1,5
2021-06-15 10:38:36,S,257.7,2,15
2021-06-15 10:38:36,S,257.75,2,10
2021-06-15 10:38:36,S,257.85,1,14
2021-06-15 10:38:36,S,257.9,2,7
2021-06-15 10:38:36,S,257.05,4,264
2021-06-15 10:38:36,S,257.0,4,25
2021-06-15 10:38:36,S,256.9,2,19
2021-06-15 10:38:36,S,256.85,2,67
2021-06-15 10:38:36,S,256.65,2,8
2021-06-15 10:38:38,S,257.45,1,5
2021-06-15 10:38:38,S,257.7,2,15
2021-06-15 10:38:38,S,257.75,2,10
2021-06-15 10:38:38,S,257.85,1,14
2021-06-15 10:38:38,S,257.9,2,7
2021-06-15 10:38:38,S,257.05,4,264
2021-06-15 10:38:38,S,257.0,4,25
2021-06-15 10:38:38,S,256.9,2,19
2021-06-15 10:38:38,S,256.85,2,67
2021-06-15 10:38:38,S,256.65,2,8
2021-06-15 10:38:39,S,257.7,2,15
2021-06-15 10:38:39,S,257.9,2,7
2021-06-15 10:38:39,S,257.95,2,11
2021-06-15 10:38:39,S,258.0,3,177
2021-06-15 10:38:39,S,258.1,1,2
2021-06-15 10:38:39,S,257.05,4,465
2021-06-15 10:38:39,S,257.0,4,25
2021-06-15 10:38:39,S,256.9,2,19
2021-06-15 10:38:39,S,256.85,2,67
2021-06-15 10:38:39,S,256.7,1,2
2021-06-15 10:38:46,S,257.7,3,22
2021-06-15 10:38:46,S,257.95,2,11
2021-06-15 10:38:46,S,258.0,3,177
2021-06-15 10:38:46,S,258.1,1,2
2021-06-15 10:38:46,S,258.15,2,20
2021-06-15 10:38:46,S,257.05,4,465
2021-06-15 10:38:46,S,257.0,4,25
2021-06-15 10:38:46,S,256.9,2,19
2021-06-15 10:38:46,S,256.85,2,67
2021-06-15 10:38:46,S,256.7,1,2
2021-06-15 10:38:50,S,257.4,1,7
2021-06-15 10:38:50,S,257.7,2,15
2021-06-15 10:38:50,S,257.75,2,12
2021-06-15 10:38:50,S,257.95,2,11
2021-06-15 10:38:50,S,258.0,3,177
2021-06-15 10:38:50,S,257.05,4,465
2021-06-15 10:38:50,S,257.0,4,25
2021-06-15 10:38:50,S,256.9,2,19
2021-06-15 10:38:50,S,256.85,2,67
2021-06-15 10:38:50,S,256.65,2,8
2021-06-15 10:38:53,S,257.4,1,7
2021-06-15 10:38:53,S,257.7,2,15
2021-06-15 10:38:53,S,257.75,2,12
2021-06-15 10:38:53,S,257.95,2,11
2021-06-15 10:38:53,S,258.0,3,177
2021-06-15 10:38:53,S,257.05,4,465
2021-06-15 10:38:53,S,257.0,4,25
2021-06-15 10:38:53,S,256.9,2,19
2021-06-15 10:38:53,S,256.85,2,67
2021-06-15 10:38:53,S,256.65,2,8
2021-06-15 10:38:54,S,257.65,2,15
2021-06-15 10:38:54,S,257.7,2,15
2021-06-15 10:38:54,S,257.75,2,12
2021-06-15 10:38:54,S,257.95,2,11
2021-06-15 10:38:54,S,258.0,3,177
2021-06-15 10:38:54,S,257.05,3,404
2021-06-15 10:38:54,S,257.0,3,12
2021-06-15 10:38:54,S,256.9,3,39
2021-06-15 10:38:54,S,256.85,2,67
2021-06-15 10:38:54,S,256.7,1,2
2021-06-15 10:38:56,S,257.65,2,15
2021-06-15 10:38:56,S,257.7,2,15
2021-06-15 10:38:56,S,257.75,2,12
2021-06-15 10:38:56,S,257.95,2,11
2021-06-15 10:38:56,S,258.0,3,177
2021-06-15 10:38:56,S,257.05,3,404
2021-06-15 10:38:56,S,257.0,3,12
2021-06-15 10:38:56,S,256.9,3,39
2021-06-15 10:38:56,S,256.85,2,67
2021-06-15 10:38:56,S,256.7,1,2
2021-06-15 10:38:57,S,257.65,2,15
2021-06-15 10:38:57,S,257.7,2,15
2021-06-15 10:38:57,S,257.75,2,12
2021-06-15 10:38:57,S,257.95,2,11
2021-06-15 10:38:57,S,258.0,3,177
2021-06-15 10:38:57,S,257.05,3,398
2021-06-15 10:38:57,S,257.0,3,12
2021-06-15 10:38:57,S,256.9,3,39
2021-06-15 10:38:57,S,256.85,2,67
2021-06-15 10:38:57,S,256.7,1,2
2021-06-15 10:39:00,S,257.65,3,22
2021-06-15 10:39:00,S,257.7,2,15
2021-06-15 10:39:00,S,257.75,2,12
2021-06-15 10:39:00,S,257.95,2,11
2021-06-15 10:39:00,S,258.0,3,177
2021-06-15 10:39:00,S,257.05,3,398
2021-06-15 10:39:00,S,257.0,3,12
2021-06-15 10:39:00,S,256.9,3,39
2021-06-15 10:39:00,S,256.85,2,67
2021-06-15 10:39:00,S,256.7,1,2
2021-06-15 10:39:07,S,257.35,1,7
2021-06-15 10:39:07,S,257.7,2,15
2021-06-15 10:39:07,S,257.75,2,12
2021-06-15 10:39:07,S,257.95,2,11
2021-06-15 10:39:07,S,258.0,3,177
2021-06-15 10:39:07,S,257.05,3,398
2021-06-15 10:39:07,S,257.0,4,25
2021-06-15 10:39:07,S,256.85,2,67
2021-06-15 10:39:07,S,256.65,2,8
2021-06-15 10:39:07,S,256.55,2,8
2021-06-15 10:39:08,S,257.35,1,7
2021-06-15 10:39:08,S,257.7,2,15
2021-06-15 10:39:08,S,257.75,2,12
2021-06-15 10:39:08,S,257.95,2,11
2021-06-15 10:39:08,S,258.0,3,177
2021-06-15 10:39:08,S,257.05,3,398
2021-06-15 10:39:08,S,257.0,4,25
2021-06-15 10:39:08,S,256.85,2,67
2021-06-15 10:39:08,S,256.65,2,8
2021-06-15 10:39:08,S,256.55,2,8
2021-06-15 10:39:10,S,257.6,2,16
2021-06-15 10:39:10,S,257.7,2,15
2021-06-15 10:39:10,S,257.75,2,12
2021-06-15 10:39:10,S,257.95,2,11
2021-06-15 10:39:10,S,258.0,3,177
2021-06-15 10:39:10,S,257.05,2,333
2021-06-15 10:39:10,S,257.0,4,15
2021-06-15 10:39:10,S,256.9,1,16
2021-06-15 10:39:10,S,256.85,1,16
2021-06-15 10:39:10,S,256.65,2,8
2021-06-15 10:39:14,S,257.6,2,16
2021-06-15 10:39:14,S,257.7,2,15
2021-06-15 10:39:14,S,257.75,2,12
2021-06-15 10:39:14,S,257.95,2,11
2021-06-15 10:39:14,S,258.0,3,177
2021-06-15 10:39:14,S,257.05,2,333
2021-06-15 10:39:14,S,257.0,6,38
2021-06-15 10:39:14,S,256.9,1,16
2021-06-15 10:39:14,S,256.85,1,16
2021-06-15 10:39:14,S,256.65,2,8
2021-06-15 10:39:18,S,257.6,1,6
2021-06-15 10:39:18,S,257.7,2,15
2021-06-15 10:39:18,S,257.95,2,11
2021-06-15 10:39:18,S,258.0,3,177
2021-06-15 10:39:18,S,258.1,1,2
2021-06-15 10:39:18,S,257.05,3,433
2021-06-15 10:39:18,S,257.0,6,38
2021-06-15 10:39:18,S,256.65,3,24
2021-06-15 10:39:18,S,256.6,1,1
2021-06-15 10:39:18,S,256.55,2,8
2021-06-15 10:39:21,S,257.6,1,6
2021-06-15 10:39:21,S,257.7,2,15
2021-06-15 10:39:21,S,257.95,2,11
2021-06-15 10:39:21,S,258.0,3,177
2021-06-15 10:39:21,S,258.1,1,2
2021-06-15 10:39:21,S,257.05,3,433
2021-06-15 10:39:21,S,257.0,6,38
2021-06-15 10:39:21,S,256.65,3,24
2021-06-15 10:39:21,S,256.6,1,1
2021-06-15 10:39:21,S,256.55,2,8
2021-06-15 10:39:23,S,257.6,1,6
2021-06-15 10:39:23,S,257.7,2,15
2021-06-15 10:39:23,S,257.95,2,11
2021-06-15 10:39:23,S,258.0,3,177
2021-06-15 10:39:23,S,258.1,1,2
2021-06-15 10:39:23,S,257.05,3,433
2021-06-15 10:39:23,S,257.0,6,38
2021-06-15 10:39:23,S,256.65,3,24
2021-06-15 10:39:23,S,256.6,1,1
2021-06-15 10:39:23,S,256.55,2,8
2021-06-15 10:39:25,S,257.7,2,15
2021-06-15 10:39:25,S,257.95,2,11
2021-06-15 10:39:25,S,258.0,3,177
2021-06-15 10:39:25,S,258.1,1,2
2021-06-15 10:39:25,S,258.15,2,20
2021-06-15 10:39:25,S,257.05,3,380
2021-06-15 10:39:25,S,257.0,6,38
2021-06-15 10:39:25,S,256.7,2,17
2021-06-15 10:39:25,S,256.65,3,24
2021-06-15 10:39:25,S,256.55,2,8
2021-06-15 10:39:31,S,257.7,3,20
2021-06-15 10:39:31,S,257.95,2,11
2021-06-15 10:39:31,S,258.0,3,177
2021-06-15 10:39:31,S,258.1,1,2
2021-06-15 10:39:31,S,258.15,2,20
2021-06-15 10:39:31,S,257.05,3,360
2021-06-15 10:39:31,S,257.0,6,38
2021-06-15 10:39:31,S,256.7,3,37
2021-06-15 10:39:31,S,256.65,3,24
2021-06-15 10:39:31,S,256.55,2,8
2021-06-15 10:39:33,S,257.7,3,20
2021-06-15 10:39:33,S,257.95,2,11
2021-06-15 10:39:33,S,258.0,3,177
2021-06-15 10:39:33,S,258.1,1,2
2021-06-15 10:39:33,S,258.15,2,20
2021-06-15 10:39:33,S,257.05,3,360
2021-06-15 10:39:33,S,257.0,6,38
2021-06-15 10:39:33,S,256.7,3,37
2021-06-15 10:39:33,S,256.65,3,24
2021-06-15 10:39:33,S,256.55,2,8
2021-06-15 10:39:34,S,257.7,3,20
2021-06-15 10:39:34,S,257.95,2,11
2021-06-15 10:39:34,S,258.0,3,177
2021-06-15 10:39:34,S,258.1,1,2
2021-06-15 10:39:34,S,258.15,2,20
2021-06-15 10:39:34,S,257.05,3,360
2021-06-15 10:39:34,S,257.0,6,38
2021-06-15 10:39:34,S,256.7,3,37
2021-06-15 10:39:34,S,256.65,3,24
2021-06-15 10:39:34,S,256.55,2,8
2021-06-15 10:39:35,S,257.9,2,9
2021-06-15 10:39:35,S,258.0,4,189
2021-06-15 10:39:35,S,258.2,3,21
2021-06-15 10:39:35,S,258.35,2,17
2021-06-15 10:39:35,S,258.4,3,40
2021-06-15 10:39:35,S,257.6,1,20
2021-06-15 10:39:35,S,257.25,2,16
2021-06-15 10:39:35,S,257.05,4,373
2021-06-15 10:39:35,S,257.0,6,38
2021-06-15 10:39:35,S,256.85,1,3
2021-06-15 10:39:38,S,257.9,2,9
2021-06-15 10:39:38,S,258.0,4,189
2021-06-15 10:39:38,S,258.2,3,21
2021-06-15 10:39:38,S,258.35,2,17
2021-06-15 10:39:38,S,258.4,3,40
2021-06-15 10:39:38,S,257.6,1,20
2021-06-15 10:39:38,S,257.25,2,16
2021-06-15 10:39:38,S,257.05,4,373
2021-06-15 10:39:38,S,257.0,6,38
2021-06-15 10:39:38,S,256.85,1,3
2021-06-15 10:39:45,S,257.9,2,9
2021-06-15 10:39:45,S,258.0,4,189
2021-06-15 10:39:45,S,258.2,3,21
2021-06-15 10:39:45,S,258.35,2,17
2021-06-15 10:39:45,S,258.4,3,40
2021-06-15 10:39:45,S,257.6,1,20
2021-06-15 10:39:45,S,257.25,2,16
2021-06-15 10:39:45,S,257.05,4,373
2021-06-15 10:39:45,S,257.0,6,38
2021-06-15 10:39:45,S,256.85,1,3
2021-06-15 10:39:48,S,257.9,3,15
2021-06-15 10:39:48,S,258.0,4,189
2021-06-15 10:39:48,S,258.2,3,21
2021-06-15 10:39:48,S,258.35,3,21
2021-06-15 10:39:48,S,258.4,3,40
2021-06-15 10:39:48,S,257.6,1,20
2021-06-15 10:39:48,S,257.25,2,16
2021-06-15 10:39:48,S,257.05,4,373
2021-06-15 10:39:48,S,257.0,6,38
2021-06-15 10:39:48,S,256.85,1,3
2021-06-15 10:39:51,S,257.75,1,6
2021-06-15 10:39:51,S,257.95,2,22
2021-06-15 10:39:51,S,258.0,3,177
2021-06-15 10:39:51,S,258.2,3,21
2021-06-15 10:39:51,S,258.35,2,17
2021-06-15 10:39:51,S,257.6,1,20
2021-06-15 10:39:51,S,257.5,1,250
2021-06-15 10:39:51,S,257.25,2,16
2021-06-15 10:39:51,S,257.1,1,20
2021-06-15 10:39:51,S,257.05,4,373
2021-06-15 10:39:53,S,257.75,1,6
2021-06-15 10:39:53,S,257.95,2,22
2021-06-15 10:39:53,S,258.0,3,177
2021-06-15 10:39:53,S,258.2,3,21
2021-06-15 10:39:53,S,258.35,2,17
2021-06-15 10:39:53,S,257.6,1,20
2021-06-15 10:39:53,S,257.5,1,250
2021-06-15 10:39:53,S,257.25,2,16
2021-06-15 10:39:53,S,257.1,1,20
2021-06-15 10:39:53,S,257.05,4,373
2021-06-15 10:39:55,S,257.95,2,22
2021-06-15 10:39:55,S,258.0,3,177
2021-06-15 10:39:55,S,258.2,1,15
2021-06-15 10:39:55,S,258.3,1,3
2021-06-15 10:39:55,S,258.35,2,17
2021-06-15 10:39:55,S,257.6,1,20
2021-06-15 10:39:55,S,257.5,1,250
2021-06-15 10:39:55,S,257.45,1,3
2021-06-15 10:39:55,S,257.25,2,16
2021-06-15 10:39:55,S,257.1,1,20
2021-06-15 10:40:01,S,257.95,3,28
2021-06-15 10:40:01,S,258.0,3,177
2021-06-15 10:40:01,S,258.3,2,20
2021-06-15 10:40:01,S,258.35,2,17
2021-06-15 10:40:01,S,258.4,3,40
2021-06-15 10:40:01,S,257.6,1,20
2021-06-15 10:40:01,S,257.5,2,263
2021-06-15 10:40:01,S,257.45,2,19
2021-06-15 10:40:01,S,257.25,2,16
2021-06-15 10:40:01,S,257.1,1,20
2021-06-15 10:40:03,S,257.95,3,28
2021-06-15 10:40:03,S,258.0,3,177
2021-06-15 10:40:03,S,258.3,2,20
2021-06-15 10:40:03,S,258.35,2,17
2021-06-15 10:40:03,S,258.4,3,40
2021-06-15 10:40:03,S,257.6,1,20
2021-06-15 10:40:03,S,257.5,2,263
2021-06-15 10:40:03,S,257.45,2,19
2021-06-15 10:40:03,S,257.25,2,16
2021-06-15 10:40:03,S,257.1,1,20
2021-06-15 10:40:05,S,258.6,1,16
2021-06-15 10:40:05,S,258.65,1,6
2021-06-15 10:40:05,S,258.95,2,18
2021-06-15 10:40:05,S,259.0,1,25
2021-06-15 10:40:05,S,259.05,1,300
2021-06-15 10:40:05,S,258.1,2,24
2021-06-15 10:40:05,S,257.9,2,19
2021-06-15 10:40:05,S,257.75,2,21
2021-06-15 10:40:05,S,257.65,1,20
2021-06-15 10:40:05,S,257.6,2,30
2021-06-15 10:40:08,S,258.6,1,16
2021-06-15 10:40:08,S,258.65,1,6
2021-06-15 10:40:08,S,258.95,2,18
2021-06-15 10:40:08,S,259.0,1,25
2021-06-15 10:40:08,S,259.05,1,300
2021-06-15 10:40:08,S,258.1,2,24
2021-06-15 10:40:08,S,257.9,2,19
2021-06-15 10:40:08,S,257.75,2,21
2021-06-15 10:40:08,S,257.65,1,20
2021-06-15 10:40:08,S,257.6,2,30
2021-06-15 10:40:11,S,258.6,1,16
2021-06-15 10:40:11,S,258.65,1,6
2021-06-15 10:40:11,S,258.95,2,18
2021-06-15 10:40:11,S,259.0,1,25
2021-06-15 10:40:11,S,259.05,1,300
2021-06-15 10:40:11,S,258.1,2,24
2021-06-15 10:40:11,S,257.9,2,19
2021-06-15 10:40:11,S,257.75,2,21
2021-06-15 10:40:11,S,257.65,1,20
2021-06-15 10:40:11,S,257.6,2,30
2021-06-15 10:40:18,S,258.6,2,23
2021-06-15 10:40:18,S,258.65,1,6
2021-06-15 10:40:18,S,258.95,2,18
2021-06-15 10:40:18,S,259.0,1,25
2021-06-15 10:40:18,S,259.05,1,300
2021-06-15 10:40:18,S,258.1,2,24
2021-06-15 10:40:18,S,258.05,2,17
2021-06-15 10:40:18,S,257.9,2,19
2021-06-15 10:40:18,S,257.75,2,21
2021-06-15 10:40:18,S,257.65,2,23
2021-06-15 10:40:19,S,258.6,2,23
2021-06-15 10:40:19,S,258.65,1,6
2021-06-15 10:40:19,S,258.95,2,18
2021-06-15 10:40:19,S,259.0,1,25
2021-06-15 10:40:19,S,259.05,1,300
2021-06-15 10:40:19,S,258.1,2,24
2021-06-15 10:40:19,S,258.05,2,17
2021-06-15 10:40:19,S,257.9,2,19
2021-06-15 10:40:19,S,257.75,2,21
2021-06-15 10:40:19,S,257.65,2,23
2021-06-15 10:40:22,S,258.6,2,23
2021-06-15 10:40:22,S,258.65,1,6
2021-06-15 10:40:22,S,258.95,2,18
2021-06-15 10:40:22,S,259.0,1,25
2021-06-15 10:40:22,S,259.05,1,300
2021-06-15 10:40:22,S,258.1,2,24
2021-06-15 10:40:22,S,258.05,2,17
2021-06-15 10:40:22,S,257.9,2,19
2021-06-15 10:40:22,S,257.75,2,21
2021-06-15 10:40:22,S,257.65,2,23
2021-06-15 10:40:23,S,258.65,1,6
2021-06-15 10:40:23,S,258.9,2,21
2021-06-15 10:40:23,S,258.95,2,19
2021-06-15 10:40:23,S,259.0,1,25
2021-06-15 10:40:23,S,259.05,1,300
2021-06-15 10:40:23,S,258.0,2,30
2021-06-15 10:40:23,S,257.95,2,15
2021-06-15 10:40:23,S,257.75,2,21
2021-06-15 10:40:23,S,257.7,1,20
2021-06-15 10:40:23,S,257.65,2,20
2021-06-15 10:40:27,S,258.65,1,6
2021-06-15 10:40:27,S,258.9,2,21
2021-06-15 10:40:27,S,258.95,2,19
2021-06-15 10:40:27,S,259.0,1,25
2021-06-15 10:40:27,S,259.05,1,300
2021-06-15 10:40:27,S,258.0,2,30
2021-06-15 10:40:27,S,257.95,2,15
2021-06-15 10:40:27,S,257.75,2,21
2021-06-15 10:40:27,S,257.7,1,20
2021-06-15 10:40:27,S,257.65,2,20
2021-06-15 10:40:30,S,258.05,1,16
2021-06-15 10:40:30,S,258.1,1,400
2021-06-15 10:40:30,S,258.15,2,28
2021-06-15 10:40:30,S,258.25,2,19
2021-06-15 10:40:30,S,258.45,2,16
2021-06-15 10:40:30,S,257.7,2,15
2021-06-15 10:40:30,S,257.65,2,30
2021-06-15 10:40:30,S,257.6,2,30
2021-06-15 10:40:30,S,257.5,1,250
2021-06-15 10:40:30,S,257.45,2,19
2021-06-15 10:40:34,S,257.95,1,16
2021-06-15 10:40:34,S,258.0,1,12
2021-06-15 10:40:34,S,258.1,3,416
2021-06-15 10:40:34,S,258.25,2,19
2021-06-15 10:40:34,S,258.45,2,16
2021-06-15 10:40:34,S,257.65,1,16
2021-06-15 10:40:34,S,257.6,2,30
2021-06-15 10:40:34,S,257.5,2,18
2021-06-15 10:40:34,S,257.45,2,19
2021-06-15 10:40:34,S,257.4,1,3
2021-06-15 10:40:37,S,257.8,1,5
2021-06-15 10:40:37,S,258.05,1,16
2021-06-15 10:40:37,S,258.1,3,416
2021-06-15 10:40:37,S,258.25,2,19
2021-06-15 10:40:37,S,258.45,2,16
2021-06-15 10:40:37,S,257.65,2,26
2021-06-15 10:40:37,S,257.6,2,30
2021-06-15 10:40:37,S,257.5,2,18
2021-06-15 10:40:37,S,257.45,2,19
2021-06-15 10:40:37,S,257.4,1,3
2021-06-15 10:40:40,S,257.8,1,5
2021-06-15 10:40:40,S,258.05,1,16
2021-06-15 10:40:40,S,258.1,3,416
2021-06-15 10:40:40,S,258.25,2,19
2021-06-15 10:40:40,S,258.45,2,16
2021-06-15 10:40:40,S,257.65,2,26
2021-06-15 10:40:40,S,257.6,2,30
2021-06-15 10:40:40,S,257.5,2,18
2021-06-15 10:40:40,S,257.45,2,19
2021-06-15 10:40:40,S,257.4,1,3
2021-06-15 10:40:41,S,257.65,1,5
2021-06-15 10:40:41,S,257.85,1,16
2021-06-15 10:40:41,S,257.9,1,12
2021-06-15 10:40:41,S,257.95,1,3
2021-06-15 10:40:41,S,258.1,3,416
2021-06-15 10:40:41,S,257.6,1,20
2021-06-15 10:40:41,S,257.25,2,16
2021-06-15 10:40:41,S,257.1,2,22
2021-06-15 10:40:41,S,257.05,3,273
2021-06-15 10:40:41,S,257.0,6,33
2021-06-15 10:40:42,S,257.65,1,5
2021-06-15 10:40:42,S,257.85,1,16
2021-06-15 10:40:42,S,257.9,1,12
2021-06-15 10:40:42,S,257.95,1,3
2021-06-15 10:40:42,S,258.1,3,416
2021-06-15 10:40:42,S,257.6,1,20
2021-06-15 10:40:42,S,257.25,2,16
2021-06-15 10:40:42,S,257.1,2,22
2021-06-15 10:40:42,S,257.05,3,273
2021-06-15 10:40:42,S,257.0,6,33
2021-06-15 10:40:43,S,257.65,1,5
2021-06-15 10:40:43,S,257.85,1,16
2021-06-15 10:40:43,S,257.9,1,12
2021-06-15 10:40:43,S,257.95,1,3
2021-06-15 10:40:43,S,258.1,3,416
2021-06-15 10:40:43,S,257.6,1,20
2021-06-15 10:40:43,S,257.25,2,16
2021-06-15 10:40:43,S,257.1,2,22
2021-06-15 10:40:43,S,257.05,3,273
2021-06-15 10:40:43,S,257.0,6,33
2021-06-15 10:40:45,S,258.05,1,16
2021-06-15 10:40:45,S,258.1,2,16
2021-06-15 10:40:45,S,258.15,2,20
2021-06-15 10:40:45,S,258.25,3,22
2021-06-15 10:40:45,S,258.3,1,3
2021-06-15 10:40:45,S,257.1,4,41
2021-06-15 10:40:45,S,257.05,5,281
2021-06-15 10:40:45,S,257.0,5,30
2021-06-15 10:40:45,S,256.95,1,5
2021-06-15 10:40:45,S,256.9,1,3
2021-06-15 10:40:48,S,258.05,2,23
2021-06-15 10:40:48,S,258.25,2,19
2021-06-15 10:40:48,S,258.3,1,3
2021-06-15 10:40:48,S,258.35,2,20
2021-06-15 10:40:48,S,258.45,3,19
2021-06-15 10:40:48,S,257.2,2,20
2021-06-15 10:40:48,S,257.15,2,37
2021-06-15 10:40:48,S,257.1,3,21
2021-06-15 10:40:48,S,257.05,5,281
2021-06-15 10:40:48,S,257.0,5,30
2021-06-15 10:40:52,S,258.45,2,16
2021-06-15 10:40:52,S,258.6,2,63
2021-06-15 10:40:52,S,258.65,2,16
2021-06-15 10:40:52,S,258.75,2,59
2021-06-15 10:40:52,S,258.85,2,9
2021-06-15 10:40:52,S,258.05,1,16
2021-06-15 10:40:52,S,258.0,1,172
2021-06-15 10:40:52,S,257.3,2,12
2021-06-15 10:40:52,S,257.25,1,52
2021-06-15 10:40:52,S,257.05,4,276
2021-06-15 10:40:58,S,258.4,2,19
2021-06-15 10:40:58,S,258.45,1,3
2021-06-15 10:40:58,S,258.5,1,3
2021-06-15 10:40:58,S,258.55,1,13
2021-06-15 10:40:58,S,258.6,2,63
2021-06-15 10:40:58,S,258.05,1,16
2021-06-15 10:40:58,S,258.0,1,50
2021-06-15 10:40:58,S,257.7,2,20
2021-06-15 10:40:58,S,257.6,1,3
2021-06-15 10:40:58,S,257.45,1,3
2021-06-15 10:41:02,S,258.4,3,25
2021-06-15 10:41:02,S,258.5,2,16
2021-06-15 10:41:02,S,258.6,2,63
2021-06-15 10:41:02,S,258.65,2,16
2021-06-15 10:41:02,S,258.75,2,66
2021-06-15 10:41:02,S,257.9,1,16
2021-06-15 10:41:02,S,257.85,1,3
2021-06-15 10:41:02,S,257.7,2,20
2021-06-15 10:41:02,S,257.45,1,3
2021-06-15 10:41:02,S,257.35,2,20
2021-06-15 10:41:06,S,258.15,1,6
2021-06-15 10:41:06,S,258.3,1,16
2021-06-15 10:41:06,S,258.35,2,16
2021-06-15 10:41:06,S,258.4,1,3
2021-06-15 10:41:06,S,258.5,2,16
2021-06-15 10:41:06,S,257.8,2,25
2021-06-15 10:41:06,S,257.75,2,30
2021-06-15 10:41:06,S,257.7,2,20
2021-06-15 10:41:06,S,257.45,1,3
2021-06-15 10:41:06,S,257.3,2,24
2021-06-15 10:41:09,S,257.8,1,6
2021-06-15 10:41:09,S,257.95,1,16
2021-06-15 10:41:09,S,258.0,1,50
2021-06-15 10:41:09,S,258.1,1,3
2021-06-15 10:41:09,S,258.35,2,16
2021-06-15 10:41:09,S,257.5,2,30
2021-06-15 10:41:09,S,257.4,2,27
2021-06-15 10:41:09,S,257.35,1,20
2021-06-15 10:41:09,S,257.3,2,21
2021-06-15 10:41:09,S,257.25,3,72
2021-06-15 10:41:12,S,257.8,1,6
2021-06-15 10:41:12,S,257.95,1,16
2021-06-15 10:41:12,S,258.0,1,50
2021-06-15 10:41:12,S,258.1,1,3
2021-06-15 10:41:12,S,258.35,2,16
2021-06-15 10:41:12,S,257.5,2,30
2021-06-15 10:41:12,S,257.4,2,27
2021-06-15 10:41:12,S,257.35,1,20
2021-06-15 10:41:12,S,257.3,2,21
2021-06-15 10:41:12,S,257.25,3,72
2021-06-15 10:41:13,S,257.5,1,6
2021-06-15 10:41:13,S,257.95,2,30
2021-06-15 10:41:13,S,258.0,2,67
2021-06-15 10:41:13,S,258.1,2,20
2021-06-15 10:41:13,S,258.35,2,16
2021-06-15 10:41:13,S,257.45,2,12
2021-06-15 10:41:13,S,257.3,2,21
2021-06-15 10:41:13,S,257.25,3,82
2021-06-15 10:41:13,S,257.05,4,276
2021-06-15 10:41:13,S,257.0,4,25
2021-06-15 10:41:16,S,257.5,1,5
2021-06-15 10:41:16,S,257.95,3,33
2021-06-15 10:41:16,S,258.0,2,67
2021-06-15 10:41:16,S,258.1,2,20
2021-06-15 10:41:16,S,258.35,2,16
2021-06-15 10:41:16,S,257.05,3,263
2021-06-15 10:41:16,S,257.0,5,38
2021-06-15 10:41:16,S,256.9,1,3
2021-06-15 10:41:16,S,256.85,1,51
2021-06-15 10:41:16,S,256.8,1,3
2021-06-15 10:41:23,S,257.95,2,19
2021-06-15 10:41:23,S,258.0,2,67
2021-06-15 10:41:23,S,258.05,2,4
2021-06-15 10:41:23,S,258.1,2,20
2021-06-15 10:41:23,S,258.15,1,3
2021-06-15 10:41:23,S,257.05,2,216
2021-06-15 10:41:23,S,257.0,5,30
2021-06-15 10:41:23,S,256.9,3,25
2021-06-15 10:41:23,S,256.85,2,53
2021-06-15 10:41:23,S,256.8,2,8
2021-06-15 10:41:32,S,257.85,2,19
2021-06-15 10:41:32,S,257.9,2,8
2021-06-15 10:41:32,S,257.95,2,9
2021-06-15 10:41:32,S,258.0,2,67
2021-06-15 10:41:32,S,258.05,2,4
2021-06-15 10:41:32,S,257.05,1,213
2021-06-15 10:41:32,S,257.0,4,25
2021-06-15 10:41:32,S,256.9,3,22
2021-06-15 10:41:32,S,256.85,1,51
2021-06-15 10:41:32,S,256.8,2,8
2021-06-15 10:41:35,S,257.45,1,6
2021-06-15 10:41:35,S,257.7,2,19
2021-06-15 10:41:35,S,257.75,2,6
2021-06-15 10:41:35,S,257.9,2,8
2021-06-15 10:41:35,S,258.0,2,67
2021-06-15 10:41:35,S,257.05,1,213
2021-06-15 10:41:35,S,257.0,4,25
2021-06-15 10:41:35,S,256.95,2,29
2021-06-15 10:41:35,S,256.9,2,20
2021-06-15 10:41:35,S,256.85,1,51
2021-06-15 10:41:38,S,257.45,1,6
2021-06-15 10:41:38,S,257.7,2,19
2021-06-15 10:41:38,S,257.75,2,6
2021-06-15 10:41:38,S,257.9,2,8
2021-06-15 10:41:38,S,258.0,2,67
2021-06-15 10:41:38,S,257.05,1,213
2021-06-15 10:41:38,S,257.0,4,25
2021-06-15 10:41:38,S,256.95,2,29
2021-06-15 10:41:38,S,256.9,2,20
2021-06-15 10:41:38,S,256.85,1,51
2021-06-15 10:41:39,S,257.7,2,19
2021-06-15 10:41:39,S,257.75,2,6
2021-06-15 10:41:39,S,257.9,2,8
2021-06-15 10:41:39,S,258.0,2,67
2021-06-15 10:41:39,S,258.05,2,4
2021-06-15 10:41:39,S,257.05,2,162
2021-06-15 10:41:39,S,257.0,4,25
2021-06-15 10:41:39,S,256.9,2,20
2021-06-15 10:41:39,S,256.85,1,51
2021-06-15 10:41:39,S,256.7,1,2
2021-06-15 10:41:42,S,257.7,2,19
2021-06-15 10:41:42,S,257.9,2,8
2021-06-15 10:41:42,S,258.0,2,67
2021-06-15 10:41:42,S,258.05,2,4
2021-06-15 10:41:42,S,258.1,2,20
2021-06-15 10:41:42,S,257.45,1,1
2021-06-15 10:41:42,S,257.05,3,175
2021-06-15 10:41:42,S,257.0,4,25
2021-06-15 10:41:42,S,256.9,2,20
2021-06-15 10:41:42,S,256.85,1,51
2021-06-15 10:41:45,S,257.7,2,19
2021-06-15 10:41:45,S,257.9,2,8
2021-06-15 10:41:45,S,258.0,2,67
2021-06-15 10:41:45,S,258.05,2,4
2021-06-15 10:41:45,S,258.1,2,20
2021-06-15 10:41:45,S,257.45,1,1
2021-06-15 10:41:45,S,257.2,1,3
2021-06-15 10:41:45,S,257.05,3,175
2021-06-15 10:41:45,S,257.0,4,25
2021-06-15 10:41:45,S,256.9,2,20
2021-06-15 10:41:48,S,257.7,3,25
2021-06-15 10:41:48,S,257.9,2,8
2021-06-15 10:41:48,S,258.0,2,67
2021-06-15 10:41:48,S,258.05,2,4
2021-06-15 10:41:48,S,258.1,2,20
2021-06-15 10:41:48,S,257.45,1,1
2021-06-15 10:41:48,S,257.2,1,3
2021-06-15 10:41:48,S,257.1,2,42
2021-06-15 10:41:48,S,257.05,3,175
2021-06-15 10:41:48,S,257.0,4,25
2021-06-15 10:41:51,S,257.6,1,6
2021-06-15 10:41:51,S,257.7,2,19
2021-06-15 10:41:51,S,257.9,2,8
2021-06-15 10:41:51,S,258.0,2,67
2021-06-15 10:41:51,S,258.05,2,4
2021-06-15 10:41:51,S,257.1,2,23
2021-06-15 10:41:51,S,257.05,3,175
2021-06-15 10:41:51,S,257.0,4,25
2021-06-15 10:41:51,S,256.9,2,20
2021-06-15 10:41:51,S,256.85,1,51
2021-06-15 10:41:53,S,257.6,1,6
2021-06-15 10:41:53,S,257.7,2,19
2021-06-15 10:41:53,S,257.9,2,8
2021-06-15 10:41:53,S,258.0,2,67
2021-06-15 10:41:53,S,258.05,2,4
2021-06-15 10:41:53,S,257.1,2,23
2021-06-15 10:41:53,S,257.05,3,175
2021-06-15 10:41:53,S,257.0,4,25
2021-06-15 10:41:53,S,256.9,2,20
2021-06-15 10:41:53,S,256.85,1,51
2021-06-15 10:41:54,S,257.6,1,6
2021-06-15 10:41:54,S,257.7,2,19
2021-06-15 10:41:54,S,257.9,2,8
2021-06-15 10:41:54,S,258.0,2,67
2021-06-15 10:41:54,S,258.05,2,4
2021-06-15 10:41:54,S,257.1,2,23
2021-06-15 10:41:54,S,257.05,3,175
2021-06-15 10:41:54,S,257.0,4,25
2021-06-15 10:41:54,S,256.9,2,20
2021-06-15 10:41:54,S,256.85,1,51
2021-06-15 10:41:55,S,257.1,1,5
2021-06-15 10:41:55,S,257.7,2,19
2021-06-15 10:41:55,S,257.9,2,8
2021-06-15 10:41:55,S,258.0,2,67
2021-06-15 10:41:55,S,258.05,3,6
2021-06-15 10:41:55,S,257.05,1,159
2021-06-15 10:41:55,S,257.0,3,12
2021-06-15 10:41:55,S,256.9,1,20
2021-06-15 10:41:55,S,256.85,1,51
2021-06-15 10:41:55,S,256.65,1,3
2021-06-15 10:41:57,S,257.1,1,5
2021-06-15 10:41:57,S,257.7,2,19
2021-06-15 10:41:57,S,257.9,2,8
2021-06-15 10:41:57,S,258.0,2,67
2021-06-15 10:41:57,S,258.05,3,6
2021-06-15 10:41:57,S,257.05,1,159
2021-06-15 10:41:57,S,257.0,3,12
2021-06-15 10:41:57,S,256.9,1,20
2021-06-15 10:41:57,S,256.85,1,51
2021-06-15 10:41:57,S,256.65,1,3
2021-06-15 10:41:58,S,257.6,2,6
2021-06-15 10:41:58,S,257.7,2,19
2021-06-15 10:41:58,S,257.75,1,3
2021-06-15 10:41:58,S,257.9,2,8
2021-06-15 10:41:58,S,258.0,2,67
2021-06-15 10:41:58,S,257.05,1,159
2021-06-15 10:41:58,S,257.0,3,12
2021-06-15 10:41:58,S,256.9,1,20
2021-06-15 10:41:58,S,256.85,1,51
2021-06-15 10:41:58,S,256.7,1,4
2021-06-15 10:42:02,S,257.6,3,11
2021-06-15 10:42:02,S,257.7,2,19
2021-06-15 10:42:02,S,257.75,2,20
2021-06-15 10:42:02,S,257.9,2,8
2021-06-15 10:42:02,S,258.0,2,67
2021-06-15 10:42:02,S,257.05,1,159
2021-06-15 10:42:02,S,257.0,4,15
2021-06-15 10:42:02,S,256.9,1,20
2021-06-15 10:42:02,S,256.85,2,54
2021-06-15 10:42:02,S,256.65,1,3
2021-06-15 10:42:06,S,257.35,2,8
2021-06-15 10:42:06,S,257.55,2,28
2021-06-15 10:42:06,S,257.6,2,6
2021-06-15 10:42:06,S,257.7,1,3
2021-06-15 10:42:06,S,257.75,2,20
2021-06-15 10:42:06,S,257.05,1,159
2021-06-15 10:42:06,S,257.0,3,12
2021-06-15 10:42:06,S,256.85,2,54
2021-06-15 10:42:06,S,256.65,1,3
2021-06-15 10:42:06,S,256.5,1,3
2021-06-15 10:42:08,S,257.35,2,8
2021-06-15 10:42:08,S,257.55,2,28
2021-06-15 10:42:08,S,257.6,2,6
2021-06-15 10:42:08,S,257.7,1,3
2021-06-15 10:42:08,S,257.75,2,20
2021-06-15 10:42:08,S,257.05,1,159
2021-06-15 10:42:08,S,257.0,3,12
2021-06-15 10:42:08,S,256.85,2,54
2021-06-15 10:42:08,S,256.65,1,3
2021-06-15 10:42:08,S,256.5,1,3
2021-06-15 10:42:09,S,257.5,2,19
2021-06-15 10:42:09,S,257.55,2,24
2021-06-15 10:42:09,S,257.6,2,6
2021-06-15 10:42:09,S,257.7,1,7
2021-06-15 10:42:09,S,257.75,2,20
2021-06-15 10:42:09,S,257.05,1,112
2021-06-15 10:42:09,S,257.0,3,12
2021-06-15 10:42:09,S,256.85,1,51
2021-06-15 10:42:09,S,256.65,1,3
2021-06-15 10:42:09,S,256.55,1,4
2021-06-15 10:42:16,S,257.5,3,24
2021-06-15 10:42:16,S,257.55,2,24
2021-06-15 10:42:16,S,257.6,2,6
2021-06-15 10:42:16,S,257.75,2,20
2021-06-15 10:42:16,S,257.9,2,8
2021-06-15 10:42:16,S,257.05,1,112
2021-06-15 10:42:16,S,257.0,3,12
2021-06-15 10:42:16,S,256.85,2,54
2021-06-15 10:42:16,S,256.65,1,3
2021-06-15 10:42:16,S,256.55,1,4
2021-06-15 10:42:19,S,257.5,3,24
2021-06-15 10:42:19,S,257.55,2,24
2021-06-15 10:42:19,S,257.6,2,6
2021-06-15 10:42:19,S,257.75,2,20
2021-06-15 10:42:19,S,257.9,2,8
2021-06-15 10:42:19,S,257.05,1,112
2021-06-15 10:42:19,S,257.0,3,12
2021-06-15 10:42:19,S,256.85,2,54
2021-06-15 10:42:19,S,256.65,1,3
2021-06-15 10:42:19,S,256.55,1,4
2021-06-15 10:42:22,S,257.3,2,8
2021-06-15 10:42:22,S,257.55,2,25
2021-06-15 10:42:22,S,257.6,2,6
2021-06-15 10:42:22,S,257.75,2,20
2021-06-15 10:42:22,S,257.9,2,8
2021-06-15 10:42:22,S,257.05,1,112
2021-06-15 10:42:22,S,257.0,3,12
2021-06-15 10:42:22,S,256.85,1,51
2021-06-15 10:42:22,S,256.65,1,3
2021-06-15 10:42:22,S,256.5,1,3
2021-06-15 10:42:23,S,257.3,2,8
2021-06-15 10:42:23,S,257.55,2,25
2021-06-15 10:42:23,S,257.6,2,6
2021-06-15 10:42:23,S,257.75,2,20
2021-06-15 10:42:23,S,257.9,2,8
2021-06-15 10:42:23,S,257.05,1,112
2021-06-15 10:42:23,S,257.0,3,12
2021-06-15 10:42:23,S,256.85,1,51
2021-06-15 10:42:23,S,256.65,1,3
2021-06-15 10:42:23,S,256.5,1,3
2021-06-15 10:42:25,S,257.6,2,6
2021-06-15 10:42:25,S,257.7,2,23
2021-06-15 10:42:25,S,257.75,2,20
2021-06-15 10:42:25,S,257.9,2,8
2021-06-15 10:42:25,S,258.0,2,67
2021-06-15 10:42:25,S,257.05,2,91
2021-06-15 10:42:25,S,257.0,3,12
2021-06-15 10:42:25,S,256.95,1,3
2021-06-15 10:42:25,S,256.85,1,51
2021-06-15 10:42:25,S,256.8,1,3
2021-06-15 10:42:28,S,257.6,2,6
2021-06-15 10:42:28,S,257.7,2,23
2021-06-15 10:42:28,S,257.75,2,20
2021-06-15 10:42:28,S,257.9,2,8
2021-06-15 10:42:28,S,258.0,2,67
2021-06-15 10:42:28,S,257.05,2,91
2021-06-15 10:42:28,S,257.0,3,12
2021-06-15 10:42:28,S,256.95,1,3
2021-06-15 10:42:28,S,256.85,1,51
2021-06-15 10:42:28,S,256.8,1,3
2021-06-15 10:42:32,S,257.6,3,13
2021-06-15 10:42:32,S,257.7,2,23
2021-06-15 10:42:32,S,257.75,2,20
2021-06-15 10:42:32,S,257.9,2,8
2021-06-15 10:42:32,S,258.0,2,67
2021-06-15 10:42:32,S,257.05,2,91
2021-06-15 10:42:32,S,257.0,3,12
2021-06-15 10:42:32,S,256.95,1,3
2021-06-15 10:42:32,S,256.85,1,51
2021-06-15 10:42:32,S,256.8,1,3
2021-06-15 10:42:35,S,257.35,2,10
2021-06-15 10:42:35,S,257.55,2,28
2021-06-15 10:42:35,S,257.6,2,6
2021-06-15 10:42:35,S,257.7,1,7
2021-06-15 10:42:35,S,257.75,2,20
2021-06-15 10:42:35,S,257.05,2,91
2021-06-15 10:42:35,S,257.0,3,12
2021-06-15 10:42:35,S,256.85,2,68
2021-06-15 10:42:35,S,256.8,1,3
2021-06-15 10:42:35,S,256.65,1,3
2021-06-15 10:42:38,S,257.35,2,10
2021-06-15 10:42:38,S,257.55,2,28
2021-06-15 10:42:38,S,257.6,2,6
2021-06-15 10:42:38,S,257.7,1,7
2021-06-15 10:42:38,S,257.75,2,20
2021-06-15 10:42:38,S,257.05,2,91
2021-06-15 10:42:38,S,257.0,3,12
2021-06-15 10:42:38,S,256.85,2,68
2021-06-15 10:42:38,S,256.8,1,3
2021-06-15 10:42:38,S,256.65,1,3
2021-06-15 10:42:39,S,257.45,2,19
2021-06-15 10:42:39,S,257.5,2,15
2021-06-15 10:42:39,S,257.55,1,12
2021-06-15 10:42:39,S,257.6,2,6
2021-06-15 10:42:39,S,257.75,2,20
2021-06-15 10:42:39,S,257.05,2,29
2021-06-15 10:42:39,S,257.0,3,12
2021-06-15 10:42:39,S,256.8,1,3
2021-06-15 10:42:39,S,256.65,1,3
2021-06-15 10:42:39,S,256.55,1,4
2021-06-15 10:42:42,S,257.45,1,3
2021-06-15 10:42:42,S,257.55,1,16
2021-06-15 10:42:42,S,257.6,2,6
2021-06-15 10:42:42,S,257.75,2,20
2021-06-15 10:42:42,S,257.9,2,8
2021-06-15 10:42:42,S,257.05,2,29
2021-06-15 10:42:42,S,257.0,3,12
2021-06-15 10:42:42,S,256.95,1,3
2021-06-15 10:42:42,S,256.8,2,20
2021-06-15 10:42:42,S,256.65,1,3
2021-06-15 10:42:45,S,257.55,2,23
2021-06-15 10:42:45,S,257.6,2,6
2021-06-15 10:42:45,S,257.75,2,20
2021-06-15 10:42:45,S,257.9,2,8
2021-06-15 10:42:45,S,258.0,2,67
2021-06-15 10:42:45,S,257.05,2,29
2021-06-15 10:42:45,S,257.0,3,12
2021-06-15 10:42:45,S,256.95,1,3
2021-06-15 10:42:45,S,256.8,2,20
2021-06-15 10:42:45,S,256.65,1,3
2021-06-15 10:42:48,S,257.55,3,29
2021-06-15 10:42:48,S,257.6,2,6
2021-06-15 10:42:48,S,257.75,2,20
2021-06-15 10:42:48,S,257.9,2,8
2021-06-15 10:42:48,S,258.0,2,67
2021-06-15 10:42:48,S,257.05,2,29
2021-06-15 10:42:48,S,257.0,3,12
2021-06-15 10:42:48,S,256.95,1,3
2021-06-15 10:42:48,S,256.8,2,20
2021-06-15 10:42:48,S,256.65,1,3
2021-06-15 10:42:51,S,257.3,1,6
2021-06-15 10:42:51,S,257.55,2,23
2021-06-15 10:42:51,S,257.6,2,6
2021-06-15 10:42:51,S,257.75,2,20
2021-06-15 10:42:51,S,257.9,2,8
2021-06-15 10:42:51,S,257.05,2,29
2021-06-15 10:42:51,S,257.0,3,12
2021-06-15 10:42:51,S,256.85,2,76
2021-06-15 10:42:51,S,256.8,2,20
2021-06-15 10:42:51,S,256.65,1,3
2021-06-15 10:42:53,S,257.3,1,6
2021-06-15 10:42:53,S,257.55,2,23
2021-06-15 10:42:53,S,257.6,2,6
2021-06-15 10:42:53,S,257.75,2,20
2021-06-15 10:42:53,S,257.9,2,8
2021-06-15 10:42:53,S,257.05,2,29
2021-06-15 10:42:53,S,257.0,3,12
2021-06-15 10:42:53,S,256.85,2,76
2021-06-15 10:42:53,S,256.8,2,20
2021-06-15 10:42:53,S,256.65,1,3
2021-06-15 10:42:54,S,257.7,2,19
2021-06-15 10:42:54,S,257.75,2,20
2021-06-15 10:42:54,S,257.9,2,8
2021-06-15 10:42:54,S,258.05,2,4
2021-06-15 10:42:54,S,258.1,2,20
2021-06-15 10:42:54,S,257.05,1,223
2021-06-15 10:42:54,S,257.0,4,26
2021-06-15 10:42:54,S,256.85,2,76
2021-06-15 10:42:54,S,256.8,2,20
2021-06-15 10:42:54,S,256.7,1,4
2021-06-15 10:42:58,S,258.15,3,29
2021-06-15 10:42:58,S,258.35,3,19
2021-06-15 10:42:58,S,258.45,1,4
2021-06-15 10:42:58,S,258.5,1,3
2021-06-15 10:42:58,S,258.55,2,8
2021-06-15 10:42:58,S,257.55,1,200
2021-06-15 10:42:58,S,257.15,2,18
2021-06-15 10:42:58,S,257.1,2,37
2021-06-15 10:42:58,S,257.05,2,237
2021-06-15 10:42:58,S,257.0,4,26
2021-06-15 10:43:01,S,258.15,4,36
2021-06-15 10:43:01,S,258.35,3,19
2021-06-15 10:43:01,S,258.45,1,4
2021-06-15 10:43:01,S,258.5,1,3
2021-06-15 10:43:01,S,258.55,1,4
2021-06-15 10:43:01,S,257.55,1,200
2021-06-15 10:43:01,S,257.5,1,3
2021-06-15 10:43:01,S,257.4,1,20
2021-06-15 10:43:01,S,257.35,2,20
2021-06-15 10:43:01,S,257.15,2,18
2021-06-15 10:43:04,S,258.15,4,36
2021-06-15 10:43:04,S,258.35,3,19
2021-06-15 10:43:04,S,258.45,1,4
2021-06-15 10:43:04,S,258.5,1,3
2021-06-15 10:43:04,S,258.55,1,4
2021-06-15 10:43:04,S,257.55,1,200
2021-06-15 10:43:04,S,257.5,1,3
2021-06-15 10:43:04,S,257.4,1,20
2021-06-15 10:43:04,S,257.35,2,20
2021-06-15 10:43:04,S,257.15,2,18
2021-06-15 10:43:04,S,258.15,4,36
2021-06-15 10:43:04,S,258.35,3,19
2021-06-15 10:43:04,S,258.45,1,4
2021-06-15 10:43:04,S,258.5,1,3
2021-06-15 10:43:04,S,258.55,1,4
2021-06-15 10:43:04,S,257.55,1,200
2021-06-15 10:43:04,S,257.5,1,3
2021-06-15 10:43:04,S,257.4,1,20
2021-06-15 10:43:04,S,257.35,2,20
2021-06-15 10:43:04,S,257.15,2,18
2021-06-15 10:43:07,S,257.85,1,7
2021-06-15 10:43:07,S,258.15,2,24
2021-06-15 10:43:07,S,258.35,3,19
2021-06-15 10:43:07,S,258.45,1,4
2021-06-15 10:43:07,S,258.5,1,3
2021-06-15 10:43:07,S,257.55,1,200
2021-06-15 10:43:07,S,257.45,2,25
2021-06-15 10:43:07,S,257.4,1,17
2021-06-15 10:43:07,S,257.35,2,20
2021-06-15 10:43:07,S,257.25,2,63
2021-06-15 10:43:07,S,257.85,1,7
2021-06-15 10:43:07,S,258.15,2,24
2021-06-15 10:43:07,S,258.35,3,19
2021-06-15 10:43:07,S,258.45,1,4
2021-06-15 10:43:07,S,258.5,1,3
2021-06-15 10:43:07,S,257.55,1,200
2021-06-15 10:43:07,S,257.45,2,25
2021-06-15 10:43:07,S,257.4,1,17
2021-06-15 10:43:07,S,257.35,2,20
2021-06-15 10:43:07,S,257.25,2,63
2021-06-15 10:43:10,S,258.15,2,24
2021-06-15 10:43:10,S,258.35,3,19
2021-06-15 10:43:10,S,258.45,2,16
2021-06-15 10:43:10,S,258.5,1,3
2021-06-15 10:43:10,S,258.55,1,4
2021-06-15 10:43:10,S,257.65,1,12
2021-06-15 10:43:10,S,257.6,1,20
2021-06-15 10:43:10,S,257.55,1,156
2021-06-15 10:43:10,S,257.5,2,253
2021-06-15 10:43:10,S,257.35,2,20
2021-06-15 10:43:15,S,258.15,2,24
2021-06-15 10:43:15,S,258.35,3,19
2021-06-15 10:43:15,S,258.45,2,16
2021-06-15 10:43:15,S,258.5,1,3
2021-06-15 10:43:15,S,258.55,1,4
2021-06-15 10:43:15,S,257.65,1,12
2021-06-15 10:43:15,S,257.6,1,20
2021-06-15 10:43:15,S,257.55,1,156
2021-06-15 10:43:15,S,257.5,2,253
2021-06-15 10:43:15,S,257.35,2,20
2021-06-15 10:43:15,S,258.15,2,24
2021-06-15 10:43:15,S,258.35,3,19
2021-06-15 10:43:15,S,258.45,2,16
2021-06-15 10:43:15,S,258.5,1,3
2021-06-15 10:43:15,S,258.55,1,4
2021-06-15 10:43:15,S,257.65,1,12
2021-06-15 10:43:15,S,257.6,1,20
2021-06-15 10:43:15,S,257.55,1,156
2021-06-15 10:43:15,S,257.5,2,253
2021-06-15 10:43:15,S,257.35,2,20
2021-06-15 10:43:16,S,258.65,1,32
2021-06-15 10:43:16,S,258.7,2,16
2021-06-15 10:43:16,S,258.85,2,9
2021-06-15 10:43:16,S,258.9,2,14
2021-06-15 10:43:16,S,258.95,1,4
2021-06-15 10:43:16,S,258.15,1,88
2021-06-15 10:43:16,S,257.85,2,20
2021-06-15 10:43:16,S,257.75,1,3
2021-06-15 10:43:16,S,257.55,2,22
2021-06-15 10:43:16,S,257.5,2,253
2021-06-15 10:43:22,S,258.8,1,32
2021-06-15 10:43:22,S,258.85,2,9
2021-06-15 10:43:22,S,258.95,2,6
2021-06-15 10:43:22,S,259.0,2,28
2021-06-15 10:43:22,S,259.05,2,304
2021-06-15 10:43:22,S,258.0,2,91
2021-06-15 10:43:22,S,257.85,2,16
2021-06-15 10:43:22,S,257.75,2,19
2021-06-15 10:43:22,S,257.7,2,20
2021-06-15 10:43:22,S,257.5,2,253
2021-06-15 10:43:26,S,258.8,1,32
2021-06-15 10:43:26,S,258.85,2,9
2021-06-15 10:43:26,S,258.95,4,21
2021-06-15 10:43:26,S,259.0,2,28
2021-06-15 10:43:26,S,259.05,2,304
2021-06-15 10:43:26,S,258.0,1,88
2021-06-15 10:43:26,S,257.85,1,3
2021-06-15 10:43:26,S,257.7,2,20
2021-06-15 10:43:26,S,257.55,1,2
2021-06-15 10:43:26,S,257.5,2,253
2021-06-15 10:43:29,S,258.5,1,32
2021-06-15 10:43:29,S,258.55,3,21
2021-06-15 10:43:29,S,258.7,2,14
2021-06-15 10:43:29,S,258.85,2,9
2021-06-15 10:43:29,S,258.9,1,5
2021-06-15 10:43:29,S,258.0,1,88
2021-06-15 10:43:29,S,257.85,1,3
2021-06-15 10:43:29,S,257.7,2,20
2021-06-15 10:43:29,S,257.55,1,2
2021-06-15 10:43:29,S,257.5,1,3
2021-06-15 10:43:32,S,258.45,2,17
2021-06-15 10:43:32,S,258.5,3,43
2021-06-15 10:43:32,S,258.55,2,8
2021-06-15 10:43:32,S,258.7,2,14
2021-06-15 10:43:32,S,258.85,2,9
2021-06-15 10:43:32,S,258.0,1,88
2021-06-15 10:43:32,S,257.75,2,30
2021-06-15 10:43:32,S,257.7,2,20
2021-06-15 10:43:32,S,257.5,1,3
2021-06-15 10:43:32,S,257.45,1,2
2021-06-15 10:43:33,S,258.45,2,17
2021-06-15 10:43:33,S,258.5,3,43
2021-06-15 10:43:33,S,258.55,2,8
2021-06-15 10:43:33,S,258.7,2,14
2021-06-15 10:43:33,S,258.85,2,9
2021-06-15 10:43:33,S,258.0,1,88
2021-06-15 10:43:33,S,257.75,2,30
2021-06-15 10:43:33,S,257.7,2,20
2021-06-15 10:43:33,S,257.5,1,3
2021-06-15 10:43:33,S,257.45,1,2
2021-06-15 10:43:35,S,258.25,1,2
2021-06-15 10:43:35,S,258.45,2,44
2021-06-15 10:43:35,S,258.8,2,15
2021-06-15 10:43:35,S,258.85,1,2
2021-06-15 10:43:35,S,258.9,1,5
2021-06-15 10:43:35,S,257.75,2,41
2021-06-15 10:43:35,S,257.7,2,20
2021-06-15 10:43:35,S,257.55,2,22
2021-06-15 10:43:35,S,257.5,2,13
2021-06-15 10:43:35,S,257.45,1,5
2021-06-15 10:43:38,S,258.25,1,2
2021-06-15 10:43:38,S,258.45,2,44
2021-06-15 10:43:38,S,258.8,2,15
2021-06-15 10:43:38,S,258.85,1,2
2021-06-15 10:43:38,S,258.9,1,5
2021-06-15 10:43:38,S,257.75,2,41
2021-06-15 10:43:38,S,257.7,2,20
2021-06-15 10:43:38,S,257.55,2,22
2021-06-15 10:43:38,S,257.5,2,13
2021-06-15 10:43:38,S,257.45,1,5
2021-06-15 10:43:39,S,258.5,1,32
2021-06-15 10:43:39,S,258.55,2,15
2021-06-15 10:43:39,S,258.65,2,9
2021-06-15 10:43:39,S,258.75,2,9
2021-06-15 10:43:39,S,258.8,2,15
2021-06-15 10:43:39,S,257.75,1,18
2021-06-15 10:43:39,S,257.7,1,3
2021-06-15 10:43:39,S,257.55,3,24
2021-06-15 10:43:39,S,257.5,2,13
2021-06-15 10:43:39,S,257.45,1,5
2021-06-15 10:43:42,S,258.35,1,32
2021-06-15 10:43:42,S,258.4,2,15
2021-06-15 10:43:42,S,258.55,2,15
2021-06-15 10:43:42,S,258.65,2,9
2021-06-15 10:43:42,S,258.75,2,9
2021-06-15 10:43:42,S,257.75,1,18
2021-06-15 10:43:42,S,257.7,1,3
2021-06-15 10:43:42,S,257.55,2,22
2021-06-15 10:43:42,S,257.5,2,13
2021-06-15 10:43:42,S,257.45,1,5
2021-06-15 10:43:45,S,258.35,2,38
2021-06-15 10:43:45,S,258.4,2,15
2021-06-15 10:43:45,S,258.55,2,15
2021-06-15 10:43:45,S,258.65,2,9
2021-06-15 10:43:45,S,258.75,2,9
2021-06-15 10:43:45,S,257.75,1,18
2021-06-15 10:43:45,S,257.7,1,3
2021-06-15 10:43:45,S,257.55,2,22
2021-06-15 10:43:45,S,257.5,2,13
2021-06-15 10:43:45,S,257.45,1,5
2021-06-15 10:43:49,S,258.3,1,32
2021-06-15 10:43:49,S,258.35,2,17
2021-06-15 10:43:49,S,258.4,2,15
2021-06-15 10:43:49,S,258.55,2,15
2021-06-15 10:43:49,S,258.6,1,2
2021-06-15 10:43:49,S,257.55,1,18
2021-06-15 10:43:49,S,257.5,2,13
2021-06-15 10:43:49,S,257.4,2,37
2021-06-15 10:43:49,S,257.35,3,25
2021-06-15 10:43:49,S,257.3,1,2
2021-06-15 10:43:52,S,257.95,1,6
2021-06-15 10:43:52,S,258.3,2,45
2021-06-15 10:43:52,S,258.4,2,15
2021-06-15 10:43:52,S,258.55,2,15
2021-06-15 10:43:52,S,258.6,1,2
2021-06-15 10:43:52,S,257.55,2,27
2021-06-15 10:43:52,S,257.5,2,22
2021-06-15 10:43:52,S,257.35,2,20
2021-06-15 10:43:52,S,257.25,3,68
2021-06-15 10:43:52,S,257.15,1,5
2021-06-15 10:43:53,S,257.95,1,6
2021-06-15 10:43:53,S,258.3,2,45
2021-06-15 10:43:53,S,258.4,2,15
2021-06-15 10:43:53,S,258.55,2,15
2021-06-15 10:43:53,S,258.6,1,2
2021-06-15 10:43:53,S,257.55,2,27
2021-06-15 10:43:53,S,257.5,2,22
2021-06-15 10:43:53,S,257.35,2,20
2021-06-15 10:43:53,S,257.25,3,68
2021-06-15 10:43:53,S,257.15,1,5
2021-06-15 10:43:55,S,257.55,1,6
2021-06-15 10:43:55,S,258.1,2,45
2021-06-15 10:43:55,S,258.15,2,16
2021-06-15 10:43:55,S,258.4,2,15
2021-06-15 10:43:55,S,258.5,1,2
2021-06-15 10:43:55,S,257.4,2,27
2021-06-15 10:43:55,S,257.25,3,80
2021-06-15 10:43:55,S,257.1,3,25
2021-06-15 10:43:55,S,257.05,2,237
2021-06-15 10:43:55,S,257.0,6,346
2021-06-15 10:43:57,S,257.55,1,6
2021-06-15 10:43:57,S,258.1,2,45
2021-06-15 10:43:57,S,258.15,2,16
2021-06-15 10:43:57,S,258.4,2,15
2021-06-15 10:43:57,S,258.5,1,2
2021-06-15 10:43:57,S,257.4,2,27
2021-06-15 10:43:57,S,257.25,3,80
2021-06-15 10:43:57,S,257.1,3,25
2021-06-15 10:43:57,S,257.05,2,237
2021-06-15 10:43:57,S,257.0,6,346
2021-06-15 10:43:58,S,258.1,1,32
2021-06-15 10:43:58,S,258.15,2,16
2021-06-15 10:43:58,S,258.25,2,8
2021-06-15 10:43:58,S,258.35,2,8
2021-06-15 10:43:58,S,258.4,2,15
2021-06-15 10:43:58,S,257.4,1,12
2021-06-15 10:43:58,S,257.3,3,32
2021-06-15 10:43:58,S,257.25,2,68
2021-06-15 10:43:58,S,257.15,2,16
2021-06-15 10:43:58,S,257.1,3,25
2021-06-15 10:44:01,S,258.1,2,37
2021-06-15 10:44:01,S,258.15,2,16
2021-06-15 10:44:01,S,258.25,2,8
2021-06-15 10:44:01,S,258.35,2,8
2021-06-15 10:44:01,S,258.4,2,15
2021-06-15 10:44:01,S,257.4,1,12
2021-06-15 10:44:01,S,257.3,3,32
2021-06-15 10:44:01,S,257.25,2,68
2021-06-15 10:44:01,S,257.15,2,16
2021-06-15 10:44:01,S,257.1,3,25
2021-06-15 10:44:04,S,257.75,1,5
2021-06-15 10:44:04,S,257.95,2,46
2021-06-15 10:44:04,S,258.0,2,17
2021-06-15 10:44:04,S,258.1,1,14
2021-06-15 10:44:04,S,258.15,2,16
2021-06-15 10:44:04,S,257.3,1,3
2021-06-15 10:44:04,S,257.25,2,68
2021-06-15 10:44:04,S,257.1,3,25
2021-06-15 10:44:04,S,257.05,2,237
2021-06-15 10:44:04,S,257.0,6,346
2021-06-15 10:44:08,S,257.75,1,5
2021-06-15 10:44:08,S,257.95,2,46
2021-06-15 10:44:08,S,258.0,2,17
2021-06-15 10:44:08,S,258.1,1,14
2021-06-15 10:44:08,S,258.15,2,16
2021-06-15 10:44:08,S,257.3,1,3
2021-06-15 10:44:08,S,257.25,2,68
2021-06-15 10:44:08,S,257.1,3,25
2021-06-15 10:44:08,S,257.05,2,237
2021-06-15 10:44:08,S,257.0,6,346
2021-06-15 10:44:08,S,257.3,1,5
2021-06-15 10:44:08,S,257.85,2,46
2021-06-15 10:44:08,S,258.0,2,17
2021-06-15 10:44:08,S,258.15,2,16
2021-06-15 10:44:08,S,258.25,2,8
2021-06-15 10:44:08,S,257.1,2,22
2021-06-15 10:44:08,S,257.05,2,237
2021-06-15 10:44:08,S,257.0,7,359
2021-06-15 10:44:08,S,256.85,1,59
2021-06-15 10:44:08,S,256.8,1,3
2021-06-15 10:44:12,S,257.3,1,5
2021-06-15 10:44:12,S,257.85,2,46
2021-06-15 10:44:12,S,258.0,2,17
2021-06-15 10:44:12,S,258.15,2,16
2021-06-15 10:44:12,S,258.25,2,8
2021-06-15 10:44:12,S,257.1,2,22
2021-06-15 10:44:12,S,257.05,2,237
2021-06-15 10:44:12,S,257.0,7,359
2021-06-15 10:44:12,S,256.85,1,59
2021-06-15 10:44:12,S,256.8,1,3
2021-06-15 10:44:15,S,257.3,1,6
2021-06-15 10:44:15,S,257.7,2,46
2021-06-15 10:44:15,S,257.75,2,17
2021-06-15 10:44:15,S,258.0,3,21
2021-06-15 10:44:15,S,258.1,2,8
2021-06-15 10:44:15,S,257.1,1,5
2021-06-15 10:44:15,S,257.05,1,223
2021-06-15 10:44:15,S,257.0,5,332
2021-06-15 10:44:15,S,256.85,1,59
2021-06-15 10:44:15,S,256.8,1,3
2021-06-15 10:44:19,S,257.3,1,6
2021-06-15 10:44:19,S,257.7,2,46
2021-06-15 10:44:19,S,257.75,2,17
2021-06-15 10:44:19,S,258.0,3,21
2021-06-15 10:44:19,S,258.1,2,8
2021-06-15 10:44:19,S,257.1,1,20
2021-06-15 10:44:19,S,257.05,1,223
2021-06-15 10:44:19,S,257.0,5,332
2021-06-15 10:44:19,S,256.85,1,59
2021-06-15 10:44:19,S,256.8,1,3
2021-06-15 10:44:23,S,257.3,1,6
2021-06-15 10:44:23,S,257.7,2,46
2021-06-15 10:44:23,S,257.75,2,17
2021-06-15 10:44:23,S,258.0,3,21
2021-06-15 10:44:23,S,258.1,2,8
2021-06-15 10:44:23,S,257.1,1,20
2021-06-15 10:44:23,S,257.05,1,223
2021-06-15 10:44:23,S,257.0,5,332
2021-06-15 10:44:23,S,256.85,1,59
2021-06-15 10:44:23,S,256.8,1,3
2021-06-15 10:44:26,S,257.1,1,6
2021-06-15 10:44:26,S,257.7,2,46
2021-06-15 10:44:26,S,257.75,2,17
2021-06-15 10:44:26,S,258.0,3,21
2021-06-15 10:44:26,S,258.1,2,8
2021-06-15 10:44:26,S,257.05,2,226
2021-06-15 10:44:26,S,257.0,5,332
2021-06-15 10:44:26,S,256.85,2,76
2021-06-15 10:44:26,S,256.8,2,15
2021-06-15 10:44:26,S,256.65,1,3
2021-06-15 10:44:27,S,257.1,1,6
2021-06-15 10:44:27,S,257.7,2,46
2021-06-15 10:44:27,S,257.75,2,17
2021-06-15 10:44:27,S,258.0,3,21
2021-06-15 10:44:27,S,258.1,2,8
2021-06-15 10:44:27,S,257.05,2,226
2021-06-15 10:44:27,S,257.0,5,332
2021-06-15 10:44:27,S,256.85,2,76
2021-06-15 10:44:27,S,256.8,2,15
2021-06-15 10:44:27,S,256.65,1,3
2021-06-15 10:44:28,S,257.7,1,32
2021-06-15 10:44:28,S,257.75,2,17
2021-06-15 10:44:28,S,258.0,3,21
2021-06-15 10:44:28,S,258.1,2,8
2021-06-15 10:44:28,S,258.15,2,16
2021-06-15 10:44:28,S,257.1,1,5
2021-06-15 10:44:28,S,257.05,1,198
2021-06-15 10:44:28,S,257.0,5,332
2021-06-15 10:44:28,S,256.95,1,3
2021-06-15 10:44:28,S,256.85,2,76
2021-06-15 10:44:32,S,257.7,2,39
2021-06-15 10:44:32,S,257.75,2,17
2021-06-15 10:44:32,S,258.0,3,21
2021-06-15 10:44:32,S,258.1,2,8
2021-06-15 10:44:32,S,258.15,2,16
2021-06-15 10:44:32,S,257.05,1,198
2021-06-15 10:44:32,S,257.0,5,332
2021-06-15 10:44:32,S,256.95,1,3
2021-06-15 10:44:32,S,256.85,2,76
2021-06-15 10:44:32,S,256.8,1,3
2021-06-15 10:44:36,S,257.4,1,7
2021-06-15 10:44:36,S,257.7,2,46
2021-06-15 10:44:36,S,257.75,2,17
2021-06-15 10:44:36,S,258.0,3,21
2021-06-15 10:44:36,S,258.1,2,8
2021-06-15 10:44:36,S,257.05,1,198
2021-06-15 10:44:36,S,257.0,5,332
2021-06-15 10:44:36,S,256.85,2,76
2021-06-15 10:44:36,S,256.8,1,3
2021-06-15 10:44:36,S,256.65,1,3
2021-06-15 10:44:38,S,257.4,1,7
2021-06-15 10:44:38,S,257.7,2,46
2021-06-15 10:44:38,S,257.75,2,17
2021-06-15 10:44:38,S,258.0,3,21
2021-06-15 10:44:38,S,258.1,2,8
2021-06-15 10:44:38,S,257.05,1,198
2021-06-15 10:44:38,S,257.0,5,332
2021-06-15 10:44:38,S,256.85,2,76
2021-06-15 10:44:38,S,256.8,1,3
2021-06-15 10:44:38,S,256.65,1,3
2021-06-15 10:44:39,S,257.65,1,6
2021-06-15 10:44:39,S,257.7,1,32
2021-06-15 10:44:39,S,257.75,2,17
2021-06-15 10:44:39,S,258.0,3,21
2021-06-15 10:44:39,S,258.1,2,8
2021-06-15 10:44:39,S,257.05,1,137
2021-06-15 10:44:39,S,257.0,5,332
2021-06-15 10:44:39,S,256.95,1,3
2021-06-15 10:44:39,S,256.85,1,59
2021-06-15 10:44:39,S,256.8,1,3
2021-06-15 10:44:43,S,257.65,1,6
2021-06-15 10:44:43,S,257.7,1,32
2021-06-15 10:44:43,S,257.75,2,17
2021-06-15 10:44:43,S,258.0,3,21
2021-06-15 10:44:43,S,258.1,2,8
2021-06-15 10:44:43,S,257.05,1,137
2021-06-15 10:44:43,S,257.0,5,332
2021-06-15 10:44:43,S,256.95,1,3
2021-06-15 10:44:43,S,256.85,1,59
2021-06-15 10:44:43,S,256.8,1,3
2021-06-15 10:44:45,S,258.35,2,35
2021-06-15 10:44:45,S,258.4,2,18
2021-06-15 10:44:45,S,258.45,3,13
2021-06-15 10:44:45,S,258.55,3,17
2021-06-15 10:44:45,S,258.6,2,10
2021-06-15 10:44:45,S,257.4,2,41
2021-06-15 10:44:45,S,257.35,2,16
2021-06-15 10:44:45,S,257.25,2,58
2021-06-15 10:44:45,S,257.05,3,156
2021-06-15 10:44:45,S,257.0,5,332
2021-06-15 10:44:48,S,258.3,1,32
2021-06-15 10:44:48,S,258.35,4,25
2021-06-15 10:44:48,S,258.4,4,25
2021-06-15 10:44:48,S,258.5,1,4
2021-06-15 10:44:48,S,258.55,2,15
2021-06-15 10:44:48,S,257.4,3,44
2021-06-15 10:44:48,S,257.3,2,19
2021-06-15 10:44:48,S,257.25,3,61
2021-06-15 10:44:48,S,257.05,3,156
2021-06-15 10:44:48,S,257.0,5,332
2021-06-15 10:44:51,S,257.85,1,6
2021-06-15 10:44:51,S,258.05,2,46
2021-06-15 10:44:51,S,258.1,2,17
2021-06-15 10:44:51,S,258.25,1,3
2021-06-15 10:44:51,S,258.35,3,37
2021-06-15 10:44:51,S,257.45,2,41
2021-06-15 10:44:51,S,257.4,2,12
2021-06-15 10:44:51,S,257.25,3,61
2021-06-15 10:44:51,S,257.05,3,156
2021-06-15 10:44:51,S,257.0,5,332
2021-06-15 10:44:53,S,258.05,1,32
2021-06-15 10:44:53,S,258.1,2,17
2021-06-15 10:44:53,S,258.25,2,8
2021-06-15 10:44:53,S,258.35,4,39
2021-06-15 10:44:53,S,258.4,4,25
2021-06-15 10:44:53,S,257.25,2,58
2021-06-15 10:44:53,S,257.2,2,19
2021-06-15 10:44:53,S,257.15,2,20
2021-06-15 10:44:53,S,257.1,1,5
2021-06-15 10:44:53,S,257.05,2,151
2021-06-15 10:44:56,S,258.25,2,36
2021-06-15 10:44:56,S,258.3,3,22
2021-06-15 10:44:56,S,258.35,2,17
2021-06-15 10:44:56,S,258.4,3,19
2021-06-15 10:44:56,S,258.55,2,15
2021-06-15 10:44:56,S,257.25,3,63
2021-06-15 10:44:56,S,257.2,3,21
2021-06-15 10:44:56,S,257.15,4,30
2021-06-15 10:44:56,S,257.05,2,151
2021-06-15 10:44:56,S,257.0,5,332
2021-06-15 10:45:03,S,258.15,1,32
2021-06-15 10:45:03,S,258.2,2,7
2021-06-15 10:45:03,S,258.25,5,32
2021-06-15 10:45:03,S,258.3,3,22
2021-06-15 10:45:03,S,258.4,3,19
2021-06-15 10:45:03,S,257.25,1,49
2021-06-15 10:45:03,S,257.2,2,16
2021-06-15 10:45:03,S,257.15,4,30
2021-06-15 10:45:03,S,257.05,3,156
2021-06-15 10:45:03,S,257.0,5,332
2021-06-15 10:45:06,S,257.65,1,32
2021-06-15 10:45:06,S,257.7,2,18
2021-06-15 10:45:06,S,257.8,1,8
2021-06-15 10:45:06,S,257.85,2,16
2021-06-15 10:45:06,S,258.05,2,16
2021-06-15 10:45:06,S,257.05,1,137
2021-06-15 10:45:06,S,257.0,6,346
2021-06-15 10:45:06,S,256.95,1,3
2021-06-15 10:45:06,S,256.85,2,64
2021-06-15 10:45:06,S,256.8,1,3
2021-06-15 10:45:08,S,257.65,1,32
2021-06-15 10:45:08,S,257.7,2,18
2021-06-15 10:45:08,S,257.8,1,8
2021-06-15 10:45:08,S,257.85,2,16
2021-06-15 10:45:08,S,258.05,2,16
2021-06-15 10:45:08,S,257.05,1,137
2021-06-15 10:45:08,S,257.0,6,346
2021-06-15 10:45:08,S,256.95,1,3
2021-06-15 10:45:08,S,256.85,2,64
2021-06-15 10:45:08,S,256.8,1,3
2021-06-15 10:45:09,S,257.8,1,32
2021-06-15 10:45:09,S,257.85,2,16
2021-06-15 10:45:09,S,258.05,2,16
2021-06-15 10:45:09,S,258.2,3,27
2021-06-15 10:45:09,S,258.25,5,29
2021-06-15 10:45:09,S,257.05,2,98
2021-06-15 10:45:09,S,257.0,6,346
2021-06-15 10:45:09,S,256.95,2,20
2021-06-15 10:45:09,S,256.85,2,64
2021-06-15 10:45:09,S,256.8,2,5
2021-06-15 10:45:12,S,257.8,1,32
2021-06-15 10:45:12,S,257.85,2,16
2021-06-15 10:45:12,S,258.05,2,16
2021-06-15 10:45:12,S,258.2,3,27
2021-06-15 10:45:12,S,258.25,5,29
2021-06-15 10:45:12,S,257.05,2,98
2021-06-15 10:45:12,S,257.0,6,346
2021-06-15 10:45:12,S,256.95,2,20
2021-06-15 10:45:12,S,256.85,2,64
2021-06-15 10:45:12,S,256.8,2,5
2021-06-15 10:45:18,S,257.8,2,39
2021-06-15 10:45:18,S,257.85,2,16
2021-06-15 10:45:18,S,258.05,2,16
2021-06-15 10:45:18,S,258.2,3,27
2021-06-15 10:45:18,S,258.25,5,29
2021-06-15 10:45:18,S,257.05,2,98
2021-06-15 10:45:18,S,257.0,6,346
2021-06-15 10:45:18,S,256.95,2,20
2021-06-15 10:45:18,S,256.85,2,64
2021-06-15 10:45:18,S,256.8,2,5
2021-06-15 10:45:21,S,257.45,1,7
2021-06-15 10:45:21,S,257.8,2,46
2021-06-15 10:45:21,S,257.85,2,16
2021-06-15 10:45:21,S,258.05,2,16
2021-06-15 10:45:21,S,258.2,3,27
2021-06-15 10:45:21,S,257.05,2,98
2021-06-15 10:45:21,S,257.0,6,346
2021-06-15 10:45:21,S,256.85,1,59
2021-06-15 10:45:21,S,256.8,1,3
2021-06-15 10:45:21,S,256.75,1,5
2021-06-15 10:45:23,S,257.45,1,7
2021-06-15 10:45:23,S,257.8,2,46
2021-06-15 10:45:23,S,257.85,2,16
2021-06-15 10:45:23,S,258.05,2,16
2021-06-15 10:45:23,S,258.2,3,27
2021-06-15 10:45:23,S,257.05,2,98
2021-06-15 10:45:23,S,257.0,6,346
2021-06-15 10:45:23,S,256.85,1,59
2021-06-15 10:45:23,S,256.8,1,3
2021-06-15 10:45:23,S,256.75,1,5
2021-06-15 10:45:24,S,257.8,1,32
2021-06-15 10:45:24,S,257.85,2,16
2021-06-15 10:45:24,S,258.05,2,16
2021-06-15 10:45:24,S,258.2,3,27
2021-06-15 10:45:24,S,258.25,5,29
2021-06-15 10:45:24,S,257.05,2,36
2021-06-15 10:45:24,S,257.0,6,346
2021-06-15 10:45:24,S,256.85,2,76
2021-06-15 10:45:24,S,256.8,1,3
2021-06-15 10:45:24,S,256.75,1,5
2021-06-15 10:45:30,S,257.8,2,39
2021-06-15 10:45:30,S,257.85,2,16
2021-06-15 10:45:30,S,258.05,2,16
2021-06-15 10:45:30,S,258.2,3,27
2021-06-15 10:45:30,S,258.25,5,29
2021-06-15 10:45:30,S,257.05,2,36
2021-06-15 10:45:30,S,257.0,6,346
2021-06-15 10:45:30,S,256.85,2,76
2021-06-15 10:45:30,S,256.8,1,3
2021-06-15 10:45:30,S,256.75,1,5
2021-06-15 10:45:36,S,257.45,1,7
2021-06-15 10:45:36,S,257.55,3,59
2021-06-15 10:45:36,S,257.6,2,9
2021-06-15 10:45:36,S,257.85,2,16
2021-06-15 10:45:36,S,258.05,2,16
2021-06-15 10:45:36,S,257.05,1,27
2021-06-15 10:45:36,S,257.0,5,332
2021-06-15 10:45:36,S,256.85,2,76
2021-06-15 10:45:36,S,256.8,1,3
2021-06-15 10:45:36,S,256.65,2,8
2021-06-15 10:45:38,S,257.45,1,7
2021-06-15 10:45:38,S,257.55,3,59
2021-06-15 10:45:38,S,257.6,2,9
2021-06-15 10:45:38,S,257.85,2,16
2021-06-15 10:45:38,S,258.05,2,16
2021-06-15 10:45:38,S,257.05,1,27
2021-06-15 10:45:38,S,257.0,5,332
2021-06-15 10:45:38,S,256.85,2,76
2021-06-15 10:45:38,S,256.8,1,3
2021-06-15 10:45:38,S,256.65,2,8
2021-06-15 10:45:39,S,257.05,1,7
2021-06-15 10:45:39,S,257.5,2,46
2021-06-15 10:45:39,S,257.55,1,14
2021-06-15 10:45:39,S,257.6,1,6
2021-06-15 10:45:39,S,257.85,2,16
2021-06-15 10:45:39,S,257.0,6,382
2021-06-15 10:45:39,S,256.85,2,76
2021-06-15 10:45:39,S,256.75,2,29
2021-06-15 10:45:39,S,256.65,1,3
2021-06-15 10:45:39,S,256.5,1,20
2021-06-15 10:45:42,S,257.05,1,7
2021-06-15 10:45:42,S,257.5,2,46
2021-06-15 10:45:42,S,257.55,1,14
2021-06-15 10:45:42,S,257.6,1,6
2021-06-15 10:45:42,S,257.85,2,16
2021-06-15 10:45:42,S,257.0,6,382
2021-06-15 10:45:42,S,256.85,2,76
2021-06-15 10:45:42,S,256.75,2,29
2021-06-15 10:45:42,S,256.65,1,3
2021-06-15 10:45:42,S,256.5,1,20
2021-06-15 10:45:43,S,257.8,1,32
2021-06-15 10:45:43,S,257.85,2,16
2021-06-15 10:45:43,S,258.05,2,16
2021-06-15 10:45:43,S,258.15,1,2
2021-06-15 10:45:43,S,258.2,3,27
2021-06-15 10:45:43,S,257.0,3,361
2021-06-15 10:45:43,S,256.9,2,17
2021-06-15 10:45:43,S,256.85,2,76
2021-06-15 10:45:43,S,256.7,1,2
2021-06-15 10:45:43,S,256.65,1,3
2021-06-15 10:45:45,S,257.75,1,32
2021-06-15 10:45:45,S,257.8,2,22
2021-06-15 10:45:45,S,257.85,2,16
2021-06-15 10:45:45,S,258.0,2,12
2021-06-15 10:45:45,S,258.05,2,16
2021-06-15 10:45:45,S,257.0,3,361
2021-06-15 10:45:45,S,256.85,3,79
2021-06-15 10:45:45,S,256.75,2,19
2021-06-15 10:45:45,S,256.7,1,17
2021-06-15 10:45:45,S,256.65,1,3
2021-06-15 10:45:47,S,257.75,1,32
2021-06-15 10:45:47,S,257.8,2,22
2021-06-15 10:45:47,S,257.85,2,16
2021-06-15 10:45:47,S,258.0,2,12
2021-06-15 10:45:47,S,258.05,2,16
2021-06-15 10:45:47,S,257.0,3,361
2021-06-15 10:45:47,S,256.85,3,79
2021-06-15 10:45:47,S,256.75,2,19
2021-06-15 10:45:47,S,256.7,1,17
2021-06-15 10:45:47,S,256.65,1,3
2021-06-15 10:45:48,S,257.6,1,32
2021-06-15 10:45:48,S,257.65,2,13
2021-06-15 10:45:48,S,257.8,2,22
2021-06-15 10:45:48,S,257.85,2,16
2021-06-15 10:45:48,S,258.0,2,12
2021-06-15 10:45:48,S,257.05,1,15
2021-06-15 10:45:48,S,257.0,3,361
2021-06-15 10:45:48,S,256.85,3,79
2021-06-15 10:45:48,S,256.65,2,20
2021-06-15 10:45:48,S,256.6,1,2
2021-06-15 10:45:51,S,257.35,1,7
2021-06-15 10:45:51,S,257.6,2,46
2021-06-15 10:45:51,S,257.65,2,13
2021-06-15 10:45:51,S,257.8,1,15
2021-06-15 10:45:51,S,257.85,2,16
2021-06-15 10:45:51,S,257.05,1,15
2021-06-15 10:45:51,S,257.0,3,361
2021-06-15 10:45:51,S,256.85,2,76
2021-06-15 10:45:51,S,256.65,2,20
2021-06-15 10:45:51,S,256.5,1,20
2021-06-15 10:45:53,S,257.35,1,7
2021-06-15 10:45:53,S,257.6,2,46
2021-06-15 10:45:53,S,257.65,2,13
2021-06-15 10:45:53,S,257.8,1,15
2021-06-15 10:45:53,S,257.85,2,16
2021-06-15 10:45:53,S,257.05,1,15
2021-06-15 10:45:53,S,257.0,3,361
2021-06-15 10:45:53,S,256.85,2,76
2021-06-15 10:45:53,S,256.65,2,20
2021-06-15 10:45:53,S,256.5,1,20
2021-06-15 10:45:54,S,257.05,1,7
2021-06-15 10:45:54,S,257.6,3,196
2021-06-15 10:45:54,S,257.65,2,13
2021-06-15 10:45:54,S,257.85,2,16
2021-06-15 10:45:54,S,258.0,2,12
2021-06-15 10:45:54,S,257.0,3,361
2021-06-15 10:45:54,S,256.85,1,59
2021-06-15 10:45:54,S,256.75,1,17
2021-06-15 10:45:54,S,256.45,3,108
2021-06-15 10:45:54,S,256.4,1,3
2021-06-15 10:45:57,S,257.45,1,32
2021-06-15 10:45:57,S,257.5,2,27
2021-06-15 10:45:57,S,257.6,2,164
2021-06-15 10:45:57,S,257.65,2,13
2021-06-15 10:45:57,S,257.85,2,16
2021-06-15 10:45:57,S,257.0,3,329
2021-06-15 10:45:57,S,256.5,2,16
2021-06-15 10:45:57,S,256.45,3,108
2021-06-15 10:45:57,S,256.4,1,3
2021-06-15 10:45:57,S,256.35,1,5
2021-06-15 10:46:00,S,257.45,2,38
2021-06-15 10:46:00,S,257.5,2,27
2021-06-15 10:46:00,S,257.6,2,164
2021-06-15 10:46:00,S,257.65,2,13
2021-06-15 10:46:00,S,257.85,2,16
2021-06-15 10:46:00,S,257.0,3,329
2021-06-15 10:46:00,S,256.75,1,3
2021-06-15 10:46:00,S,256.5,2,16
2021-06-15 10:46:00,S,256.45,4,125
2021-06-15 10:46:00,S,256.4,1,3
2021-06-15 10:46:03,S,257.45,2,38
2021-06-15 10:46:03,S,257.5,2,27
2021-06-15 10:46:03,S,257.6,2,164
2021-06-15 10:46:03,S,257.65,2,13
2021-06-15 10:46:03,S,257.85,2,16
2021-06-15 10:46:03,S,257.0,3,329
2021-06-15 10:46:03,S,256.75,1,3
2021-06-15 10:46:03,S,256.5,2,16
2021-06-15 10:46:03,S,256.45,4,125
2021-06-15 10:46:03,S,256.4,1,3
2021-06-15 10:46:06,S,257.25,2,12
2021-06-15 10:46:06,S,257.55,2,41
2021-06-15 10:46:06,S,257.6,2,164
2021-06-15 10:46:06,S,257.65,2,13
2021-06-15 10:46:06,S,257.85,2,16
2021-06-15 10:46:06,S,257.0,3,329
2021-06-15 10:46:06,S,256.65,2,17
2021-06-15 10:46:06,S,256.45,4,125
2021-06-15 10:46:06,S,256.4,1,3
2021-06-15 10:46:06,S,256.35,1,5
2021-06-15 10:46:08,S,257.25,2,12
2021-06-15 10:46:08,S,257.55,2,41
2021-06-15 10:46:08,S,257.6,2,164
2021-06-15 10:46:08,S,257.65,2,13
2021-06-15 10:46:08,S,257.85,2,16
2021-06-15 10:46:08,S,257.0,3,329
2021-06-15 10:46:08,S,256.65,2,17
2021-06-15 10:46:08,S,256.45,4,125
2021-06-15 10:46:08,S,256.4,1,3
2021-06-15 10:46:08,S,256.35,1,5
2021-06-15 10:46:09,S,257.6,1,32
2021-06-15 10:46:09,S,257.65,2,13
2021-06-15 10:46:09,S,257.85,2,16
2021-06-15 10:46:09,S,258.0,2,12
2021-06-15 10:46:09,S,258.05,2,16
2021-06-15 10:46:09,S,257.0,3,275
2021-06-15 10:46:09,S,256.85,2,69
2021-06-15 10:46:09,S,256.65,2,17
2021-06-15 10:46:09,S,256.55,2,19
2021-06-15 10:46:09,S,256.45,4,125
2021-06-15 10:46:15,S,257.6,2,38
2021-06-15 10:46:15,S,257.65,2,13
2021-06-15 10:46:15,S,257.85,2,16
2021-06-15 10:46:15,S,258.0,2,12
2021-06-15 10:46:15,S,258.05,2,16
2021-06-15 10:46:15,S,257.0,3,275
2021-06-15 10:46:15,S,256.9,1,3
2021-06-15 10:46:15,S,256.85,2,69
2021-06-15 10:46:15,S,256.65,2,17
2021-06-15 10:46:15,S,256.55,2,19
2021-06-15 10:46:21,S,257.3,1,6
2021-06-15 10:46:21,S,257.6,2,46
2021-06-15 10:46:21,S,257.65,2,13
2021-06-15 10:46:21,S,257.85,2,16
2021-06-15 10:46:21,S,258.0,2,12
2021-06-15 10:46:21,S,257.0,3,275
2021-06-15 10:46:21,S,256.85,2,69
2021-06-15 10:46:21,S,256.65,2,17
2021-06-15 10:46:21,S,256.5,1,20
2021-06-15 10:46:21,S,256.45,4,125
2021-06-15 10:46:23,S,257.3,1,6
2021-06-15 10:46:23,S,257.6,2,46
2021-06-15 10:46:23,S,257.65,2,13
2021-06-15 10:46:23,S,257.85,2,16
2021-06-15 10:46:23,S,258.0,2,12
2021-06-15 10:46:23,S,257.0,3,275
2021-06-15 10:46:23,S,256.85,2,69
2021-06-15 10:46:23,S,256.65,2,17
2021-06-15 10:46:23,S,256.5,1,20
2021-06-15 10:46:23,S,256.45,4,125
2021-06-15 10:46:24,S,257.6,1,32
2021-06-15 10:46:24,S,257.65,2,13
2021-06-15 10:46:24,S,257.85,2,16
2021-06-15 10:46:24,S,258.0,2,12
2021-06-15 10:46:24,S,258.05,2,16
2021-06-15 10:46:24,S,257.0,3,216
2021-06-15 10:46:24,S,256.95,1,3
2021-06-15 10:46:24,S,256.85,1,55
2021-06-15 10:46:24,S,256.8,1,3
2021-06-15 10:46:24,S,256.65,2,17
2021-06-15 10:46:27,S,257.6,1,32
2021-06-15 10:46:27,S,257.65,2,13
2021-06-15 10:46:27,S,257.85,2,16
2021-06-15 10:46:27,S,258.0,2,12
2021-06-15 10:46:27,S,258.05,2,16
2021-06-15 10:46:27,S,257.0,3,216
2021-06-15 10:46:27,S,256.95,1,3
2021-06-15 10:46:27,S,256.85,2,72
2021-06-15 10:46:27,S,256.8,1,3
2021-06-15 10:46:27,S,256.65,2,17
2021-06-15 10:46:30,S,257.6,2,39
2021-06-15 10:46:30,S,257.65,2,13
2021-06-15 10:46:30,S,257.85,2,16
2021-06-15 10:46:30,S,258.0,2,12
2021-06-15 10:46:30,S,258.05,2,16
2021-06-15 10:46:30,S,257.0,3,216
2021-06-15 10:46:30,S,256.95,1,3
2021-06-15 10:46:30,S,256.85,2,72
2021-06-15 10:46:30,S,256.8,1,3
2021-06-15 10:46:30,S,256.65,2,17
2021-06-15 10:46:36,S,257.3,1,7
2021-06-15 10:46:36,S,257.6,2,46
2021-06-15 10:46:36,S,257.65,2,13
2021-06-15 10:46:36,S,257.85,2,16
2021-06-15 10:46:36,S,258.0,2,12
2021-06-15 10:46:36,S,257.0,3,216
2021-06-15 10:46:36,S,256.85,1,55
2021-06-15 10:46:36,S,256.8,2,20
2021-06-15 10:46:36,S,256.65,2,17
2021-06-15 10:46:36,S,256.5,1,20
2021-06-15 10:46:38,S,257.3,1,7
2021-06-15 10:46:38,S,257.6,2,46
2021-06-15 10:46:38,S,257.65,2,13
2021-06-15 10:46:38,S,257.85,2,16
2021-06-15 10:46:38,S,258.0,2,12
2021-06-15 10:46:38,S,257.0,3,216
2021-06-15 10:46:38,S,256.85,1,55
2021-06-15 10:46:38,S,256.8,2,20
2021-06-15 10:46:38,S,256.65,2,17
2021-06-15 10:46:38,S,256.5,1,20
2021-06-15 10:46:40,S,257.6,1,32
2021-06-15 10:46:40,S,257.65,2,13
2021-06-15 10:46:40,S,257.85,2,16
2021-06-15 10:46:40,S,258.0,2,12
2021-06-15 10:46:40,S,258.05,2,16
2021-06-15 10:46:40,S,257.0,3,152
2021-06-15 10:46:40,S,256.95,1,3
2021-06-15 10:46:40,S,256.85,1,55
2021-06-15 10:46:40,S,256.8,1,3
2021-06-15 10:46:40,S,256.65,2,17
2021-06-15 10:46:46,S,257.6,2,37
2021-06-15 10:46:46,S,257.65,2,13
2021-06-15 10:46:46,S,257.85,2,16
2021-06-15 10:46:46,S,258.0,2,12
2021-06-15 10:46:46,S,258.05,2,16
2021-06-15 10:46:46,S,257.0,3,152
2021-06-15 10:46:46,S,256.95,1,3
2021-06-15 10:46:46,S,256.85,1,55
2021-06-15 10:46:46,S,256.8,1,3
2021-06-15 10:46:46,S,256.65,2,17
2021-06-15 10:46:49,S,257.3,2,12
2021-06-15 10:46:49,S,257.6,2,46
2021-06-15 10:46:49,S,257.65,2,13
2021-06-15 10:46:49,S,257.85,2,16
2021-06-15 10:46:49,S,258.0,2,12
2021-06-15 10:46:49,S,257.0,3,152
2021-06-15 10:46:49,S,256.85,2,72
2021-06-15 10:46:49,S,256.8,1,17
2021-06-15 10:46:49,S,256.65,2,17
2021-06-15 10:46:49,S,256.6,1,3
2021-06-15 10:46:53,S,257.3,2,12
2021-06-15 10:46:53,S,257.6,2,46
2021-06-15 10:46:53,S,257.65,2,13
2021-06-15 10:46:53,S,257.85,2,16
2021-06-15 10:46:53,S,258.0,2,12
2021-06-15 10:46:53,S,257.0,3,152
2021-06-15 10:46:53,S,256.85,2,72
2021-06-15 10:46:53,S,256.8,1,17
2021-06-15 10:46:53,S,256.65,2,17
2021-06-15 10:46:53,S,256.6,1,3
2021-06-15 10:46:55,S,257.5,3,24
2021-06-15 10:46:55,S,257.6,2,38
2021-06-15 10:46:55,S,257.65,2,13
2021-06-15 10:46:55,S,257.85,2,16
2021-06-15 10:46:55,S,258.0,2,12
2021-06-15 10:46:55,S,257.0,2,103
2021-06-15 10:46:55,S,256.65,2,17
2021-06-15 10:46:55,S,256.6,2,20
2021-06-15 10:46:55,S,256.5,1,2
2021-06-15 10:46:55,S,256.45,4,125
2021-06-15 10:47:01,S,257.5,4,29
2021-06-15 10:47:01,S,257.6,2,38
2021-06-15 10:47:01,S,257.65,2,13
2021-06-15 10:47:01,S,257.85,2,16
2021-06-15 10:47:01,S,258.0,2,12
2021-06-15 10:47:01,S,257.0,2,103
2021-06-15 10:47:01,S,256.8,1,3
2021-06-15 10:47:01,S,256.65,2,17
2021-06-15 10:47:01,S,256.5,1,2
2021-06-15 10:47:01,S,256.45,4,125
2021-06-15 10:47:04,S,257.5,4,29
2021-06-15 10:47:04,S,257.6,2,38
2021-06-15 10:47:04,S,257.65,3,38
2021-06-15 10:47:04,S,257.85,2,16
2021-06-15 10:47:04,S,258.0,2,12
2021-06-15 10:47:04,S,257.0,2,103
2021-06-15 10:47:04,S,256.8,1,3
2021-06-15 10:47:04,S,256.65,2,17
2021-06-15 10:47:04,S,256.5,1,2
2021-06-15 10:47:04,S,256.45,4,125
2021-06-15 10:47:07,S,257.25,2,12
2021-06-15 10:47:07,S,257.35,2,41
2021-06-15 10:47:07,S,257.4,1,13
2021-06-15 10:47:07,S,257.45,1,9
2021-06-15 10:47:07,S,257.5,2,12
2021-06-15 10:47:07,S,257.0,2,103
2021-06-15 10:47:07,S,256.65,2,17
2021-06-15 10:47:07,S,256.55,2,20
2021-06-15 10:47:07,S,256.45,4,125
2021-06-15 10:47:07,S,256.4,1,3
2021-06-15 10:47:08,S,257.25,2,12
2021-06-15 10:47:08,S,257.35,2,41
2021-06-15 10:47:08,S,257.4,1,13
2021-06-15 10:47:08,S,257.45,1,9
2021-06-15 10:47:08,S,257.5,2,12
2021-06-15 10:47:08,S,257.0,2,103
2021-06-15 10:47:08,S,256.65,2,17
2021-06-15 10:47:08,S,256.55,2,20
2021-06-15 10:47:08,S,256.45,4,125
2021-06-15 10:47:08,S,256.4,1,3
2021-06-15 10:47:10,S,257.35,3,54
2021-06-15 10:47:10,S,257.4,1,7
2021-06-15 10:47:10,S,257.5,2,12
2021-06-15 10:47:10,S,257.6,2,26
2021-06-15 10:47:10,S,257.65,3,38
2021-06-15 10:47:10,S,257.0,2,55
2021-06-15 10:47:10,S,256.65,2,17
2021-06-15 10:47:10,S,256.55,2,20
2021-06-15 10:47:10,S,256.45,4,125
2021-06-15 10:47:10,S,256.4,1,3
2021-06-15 10:47:13,S,257.25,2,36
2021-06-15 10:47:13,S,257.3,3,14
2021-06-15 10:47:13,S,257.35,2,19
2021-06-15 10:47:13,S,257.4,1,15
2021-06-15 10:47:13,S,257.5,2,12
2021-06-15 10:47:13,S,256.2,2,22
2021-06-15 10:47:13,S,256.15,2,19
2021-06-15 10:47:13,S,256.1,3,11
2021-06-15 10:47:13,S,256.05,4,121
2021-06-15 10:47:13,S,256.0,6,246
2021-06-15 10:47:16,S,257.25,3,42
2021-06-15 10:47:16,S,257.3,3,14
2021-06-15 10:47:16,S,257.35,2,19
2021-06-15 10:47:16,S,257.5,2,12
2021-06-15 10:47:16,S,257.55,1,2
2021-06-15 10:47:16,S,256.2,2,22
2021-06-15 10:47:16,S,256.15,2,19
2021-06-15 10:47:16,S,256.1,4,28
2021-06-15 10:47:16,S,256.05,4,121
2021-06-15 10:47:16,S,256.0,6,246
2021-06-15 10:47:19,S,256.7,1,32
2021-06-15 10:47:19,S,256.75,1,6
2021-06-15 10:47:19,S,257.0,2,17
2021-06-15 10:47:19,S,257.15,1,3
2021-06-15 10:47:19,S,257.2,1,2
2021-06-15 10:47:19,S,256.1,2,18
2021-06-15 10:47:19,S,256.05,2,59
2021-06-15 10:47:19,S,256.0,6,246
2021-06-15 10:47:19,S,255.85,1,5
2021-06-15 10:47:19,S,255.8,1,4
2021-06-15 10:47:22,S,256.7,1,32
2021-06-15 10:47:22,S,256.75,2,9
2021-06-15 10:47:22,S,257.0,2,17
2021-06-15 10:47:22,S,257.15,1,3
2021-06-15 10:47:22,S,257.2,1,2
2021-06-15 10:47:22,S,256.1,2,18
2021-06-15 10:47:22,S,256.05,3,73
2021-06-15 10:47:22,S,256.0,6,246
2021-06-15 10:47:22,S,255.85,1,5
2021-06-15 10:47:22,S,255.8,1,4
2021-06-15 10:47:23,S,256.7,1,32
2021-06-15 10:47:23,S,256.75,2,9
2021-06-15 10:47:23,S,257.0,2,17
2021-06-15 10:47:23,S,257.15,1,3
2021-06-15 10:47:23,S,257.2,1,2
2021-06-15 10:47:23,S,256.1,2,18
2021-06-15 10:47:23,S,256.05,3,73
2021-06-15 10:47:23,S,256.0,6,246
2021-06-15 10:47:23,S,255.85,1,5
2021-06-15 10:47:23,S,255.8,1,4
2021-06-15 10:47:25,S,256.9,1,32
2021-06-15 10:47:25,S,256.95,2,7
2021-06-15 10:47:25,S,257.0,2,17
2021-06-15 10:47:25,S,257.05,1,3
2021-06-15 10:47:25,S,257.15,2,7
2021-06-15 10:47:25,S,256.05,2,13
2021-06-15 10:47:25,S,256.0,7,263
2021-06-15 10:47:25,S,255.85,1,2
2021-06-15 10:47:25,S,255.8,1,4
2021-06-15 10:47:25,S,255.65,2,56
2021-06-15 10:47:28,S,256.95,1,32
2021-06-15 10:47:28,S,257.0,2,17
2021-06-15 10:47:28,S,257.05,2,9
2021-06-15 10:47:28,S,257.15,2,7
2021-06-15 10:47:28,S,257.2,1,20
2021-06-15 10:47:28,S,256.1,1,1
2021-06-15 10:47:28,S,256.05,1,3
2021-06-15 10:47:28,S,256.0,7,263
2021-06-15 10:47:28,S,255.9,1,2
2021-06-15 10:47:28,S,255.8,1,4
2021-06-15 10:47:31,S,256.9,1,32
2021-06-15 10:47:31,S,256.95,2,18
2021-06-15 10:47:31,S,257.0,2,17
2021-06-15 10:47:31,S,257.05,2,9
2021-06-15 10:47:31,S,257.15,2,7
2021-06-15 10:47:31,S,256.1,1,1
2021-06-15 10:47:31,S,256.0,8,263
2021-06-15 10:47:31,S,255.8,1,4
2021-06-15 10:47:31,S,255.7,1,2
2021-06-15 10:47:31,S,255.65,1,48
2021-06-15 10:47:34,S,256.5,1,6
2021-06-15 10:47:34,S,256.9,2,46
2021-06-15 10:47:34,S,256.95,1,12
2021-06-15 10:47:34,S,257.0,2,17
2021-06-15 10:47:34,S,257.05,2,9
2021-06-15 10:47:34,S,256.1,1,1
2021-06-15 10:47:34,S,256.05,3,31
2021-06-15 10:47:34,S,256.0,7,260
2021-06-15 10:47:34,S,255.8,1,4
2021-06-15 10:47:34,S,255.65,1,48
2021-06-15 10:47:38,S,256.5,1,6
2021-06-15 10:47:38,S,256.9,2,46
2021-06-15 10:47:38,S,256.95,1,12
2021-06-15 10:47:38,S,257.0,2,17
2021-06-15 10:47:38,S,257.05,2,9
2021-06-15 10:47:38,S,256.1,1,1
2021-06-15 10:47:38,S,256.05,3,31
2021-06-15 10:47:38,S,256.0,7,260
2021-06-15 10:47:38,S,255.8,1,4
2021-06-15 10:47:38,S,255.65,1,48
2021-06-15 10:47:39,S,256.5,1,6
2021-06-15 10:47:39,S,256.9,2,46
2021-06-15 10:47:39,S,256.95,1,12
2021-06-15 10:47:39,S,257.0,2,17
2021-06-15 10:47:39,S,257.05,2,9
2021-06-15 10:47:39,S,256.1,1,1
2021-06-15 10:47:39,S,256.05,3,31
2021-06-15 10:47:39,S,256.0,7,260
2021-06-15 10:47:39,S,255.8,1,4
2021-06-15 10:47:39,S,255.65,1,48
2021-06-15 10:47:40,S,256.95,1,32
2021-06-15 10:47:40,S,257.0,2,17
2021-06-15 10:47:40,S,257.05,2,9
2021-06-15 10:47:40,S,257.1,1,2
2021-06-15 10:47:40,S,257.15,2,7
2021-06-15 10:47:40,S,256.1,1,5
2021-06-15 10:47:40,S,256.0,6,246
2021-06-15 10:47:40,S,255.8,2,20
2021-06-15 10:47:40,S,255.7,1,2
2021-06-15 10:47:40,S,255.65,2,65
2021-06-15 10:47:43,S,256.95,1,32
2021-06-15 10:47:43,S,257.0,2,17
2021-06-15 10:47:43,S,257.05,2,9
2021-06-15 10:47:43,S,257.1,1,2
2021-06-15 10:47:43,S,257.15,2,7
2021-06-15 10:47:43,S,256.05,1,5
2021-06-15 10:47:43,S,256.0,7,249
2021-06-15 10:47:43,S,255.8,2,20
2021-06-15 10:47:43,S,255.7,2,22
2021-06-15 10:47:43,S,255.65,2,65
2021-06-15 10:47:46,S,256.95,2,38
2021-06-15 10:47:46,S,257.0,2,17
2021-06-15 10:47:46,S,257.05,2,9
2021-06-15 10:47:46,S,257.15,2,7
2021-06-15 10:47:46,S,257.2,1,20
2021-06-15 10:47:46,S,256.05,1,5
2021-06-15 10:47:46,S,256.0,7,249
2021-06-15 10:47:46,S,255.8,2,20
2021-06-15 10:47:46,S,255.7,1,20
2021-06-15 10:47:46,S,255.65,2,65
2021-06-15 10:47:49,S,256.5,1,6
2021-06-15 10:47:49,S,256.95,2,46
2021-06-15 10:47:49,S,257.0,2,17
2021-06-15 10:47:49,S,257.05,2,9
2021-06-15 10:47:49,S,257.15,2,7
2021-06-15 10:47:49,S,256.1,2,22
2021-06-15 10:47:49,S,256.05,3,64
2021-06-15 10:47:49,S,256.0,7,263
2021-06-15 10:47:49,S,255.8,2,20
2021-06-15 10:47:49,S,255.65,2,65
2021-06-15 10:47:53,S,256.5,1,6
2021-06-15 10:47:53,S,256.95,2,46
2021-06-15 10:47:53,S,257.0,2,17
2021-06-15 10:47:53,S,257.05,2,9
2021-06-15 10:47:53,S,257.15,2,7
2021-06-15 10:47:53,S,256.1,2,22
2021-06-15 10:47:53,S,256.05,3,64
2021-06-15 10:47:53,S,256.0,7,263
2021-06-15 10:47:53,S,255.8,2,20
2021-06-15 10:47:53,S,255.65,2,65
2021-06-15 10:47:54,S,256.5,1,6
2021-06-15 10:47:54,S,256.95,2,46
2021-06-15 10:47:54,S,257.0,2,17
2021-06-15 10:47:54,S,257.05,2,9
2021-06-15 10:47:54,S,257.15,2,7
2021-06-15 10:47:54,S,256.1,2,22
2021-06-15 10:47:54,S,256.05,3,64
2021-06-15 10:47:54,S,256.0,7,263
2021-06-15 10:47:54,S,255.8,2,20
2021-06-15 10:47:54,S,255.65,2,65
2021-06-15 10:47:56,S,256.1,1,3
2021-06-15 10:47:56,S,256.55,2,46
2021-06-15 10:47:56,S,256.6,2,17
2021-06-15 10:47:56,S,256.75,1,14
2021-06-15 10:47:56,S,256.8,2,9
2021-06-15 10:47:56,S,256.0,6,246
2021-06-15 10:47:56,S,255.65,2,65
2021-06-15 10:47:56,S,255.6,2,20
2021-06-15 10:47:56,S,255.5,1,5
2021-06-15 10:47:56,S,255.4,3,29
2021-06-15 10:47:57,S,256.1,1,3
2021-06-15 10:47:57,S,256.55,2,46
2021-06-15 10:47:57,S,256.6,2,17
2021-06-15 10:47:57,S,256.75,1,14
2021-06-15 10:47:57,S,256.8,2,9
2021-06-15 10:47:57,S,256.0,6,246
2021-06-15 10:47:57,S,255.65,2,65
2021-06-15 10:47:57,S,255.6,2,20
2021-06-15 10:47:57,S,255.5,1,5
2021-06-15 10:47:57,S,255.4,3,29
2021-06-15 10:47:59,S,256.55,1,32
2021-06-15 10:47:59,S,256.6,2,17
2021-06-15 10:47:59,S,256.8,2,9
2021-06-15 10:47:59,S,257.0,1,3
2021-06-15 10:47:59,S,257.05,2,9
2021-06-15 10:47:59,S,256.0,6,243
2021-06-15 10:47:59,S,255.8,2,17
2021-06-15 10:47:59,S,255.65,2,65
2021-06-15 10:47:59,S,255.6,2,20
2021-06-15 10:47:59,S,255.5,1,5
2021-06-15 10:48:00,S,256.55,1,32
2021-06-15 10:48:00,S,256.6,2,17
2021-06-15 10:48:00,S,256.8,2,9
2021-06-15 10:48:00,S,257.0,1,3
2021-06-15 10:48:00,S,257.05,2,9
2021-06-15 10:48:00,S,256.0,6,243
2021-06-15 10:48:00,S,255.8,2,17
2021-06-15 10:48:00,S,255.65,2,65
2021-06-15 10:48:00,S,255.6,2,20
2021-06-15 10:48:00,S,255.5,1,5
2021-06-15 10:48:03,S,256.1,1,25
2021-06-15 10:48:03,S,256.5,2,46
2021-06-15 10:48:03,S,256.55,2,21
2021-06-15 10:48:03,S,256.75,1,14
2021-06-15 10:48:03,S,256.8,2,9
2021-06-15 10:48:03,S,256.0,6,242
2021-06-15 10:48:03,S,255.65,2,65
2021-06-15 10:48:03,S,255.6,2,20
2021-06-15 10:48:03,S,255.5,1,5
2021-06-15 10:48:03,S,255.4,3,29
2021-06-15 10:48:04,S,256.1,1,25
2021-06-15 10:48:04,S,256.5,2,46
2021-06-15 10:48:04,S,256.55,2,21
2021-06-15 10:48:04,S,256.75,1,14
2021-06-15 10:48:04,S,256.8,2,9
2021-06-15 10:48:04,S,256.0,6,242
2021-06-15 10:48:04,S,255.65,2,65
2021-06-15 10:48:04,S,255.6,2,20
2021-06-15 10:48:04,S,255.5,1,5
2021-06-15 10:48:04,S,255.4,3,29
2021-06-15 10:48:06,S,256.05,1,7
2021-06-15 10:48:06,S,256.1,1,25
2021-06-15 10:48:06,S,256.5,2,46
2021-06-15 10:48:06,S,256.55,1,3
2021-06-15 10:48:06,S,256.8,2,9
2021-06-15 10:48:06,S,256.0,6,242
2021-06-15 10:48:06,S,255.65,2,65
2021-06-15 10:48:06,S,255.6,2,20
2021-06-15 10:48:06,S,255.4,1,4
2021-06-15 10:48:06,S,255.35,1,25
2021-06-15 10:48:08,S,256.05,1,7
2021-06-15 10:48:08,S,256.1,1,25
2021-06-15 10:48:08,S,256.5,2,46
2021-06-15 10:48:08,S,256.55,1,3
2021-06-15 10:48:08,S,256.8,2,9
2021-06-15 10:48:08,S,256.0,6,242
2021-06-15 10:48:08,S,255.65,2,65
2021-06-15 10:48:08,S,255.6,2,20
2021-06-15 10:48:08,S,255.4,1,4
2021-06-15 10:48:08,S,255.35,1,25
2021-06-15 10:48:09,S,256.1,1,25
2021-06-15 10:48:09,S,256.5,2,46
2021-06-15 10:48:09,S,256.55,2,8
2021-06-15 10:48:09,S,256.8,2,9
2021-06-15 10:48:09,S,257.0,2,17
2021-06-15 10:48:09,S,256.0,6,184
2021-06-15 10:48:09,S,255.65,2,65
2021-06-15 10:48:09,S,255.6,2,20
2021-06-15 10:48:09,S,255.4,2,24
2021-06-15 10:48:09,S,255.35,1,25
2021-06-15 10:48:15,S,256.1,2,31
2021-06-15 10:48:15,S,256.5,2,46
2021-06-15 10:48:15,S,256.55,2,8
2021-06-15 10:48:15,S,256.8,2,9
2021-06-15 10:48:15,S,257.0,2,17
2021-06-15 10:48:15,S,256.0,6,184
2021-06-15 10:48:15,S,255.65,2,65
2021-06-15 10:48:15,S,255.6,2,20
2021-06-15 10:48:15,S,255.4,1,4
2021-06-15 10:48:15,S,255.35,1,25
2021-06-15 10:48:21,S,256.05,1,6
2021-06-15 10:48:21,S,256.1,1,25
2021-06-15 10:48:21,S,256.5,2,46
2021-06-15 10:48:21,S,256.55,2,8
2021-06-15 10:48:21,S,256.8,2,9
2021-06-15 10:48:21,S,256.0,6,184
2021-06-15 10:48:21,S,255.65,2,65
2021-06-15 10:48:21,S,255.6,2,20
2021-06-15 10:48:21,S,255.4,1,4
2021-06-15 10:48:21,S,255.35,1,25
2021-06-15 10:48:23,S,256.05,1,6
2021-06-15 10:48:23,S,256.1,1,25
2021-06-15 10:48:23,S,256.5,2,46
2021-06-15 10:48:23,S,256.55,2,8
2021-06-15 10:48:23,S,256.8,2,9
2021-06-15 10:48:23,S,256.0,6,184
2021-06-15 10:48:23,S,255.65,2,65
2021-06-15 10:48:23,S,255.6,2,20
2021-06-15 10:48:23,S,255.4,1,4
2021-06-15 10:48:23,S,255.35,1,25
2021-06-15 10:48:24,S,256.1,1,25
2021-06-15 10:48:24,S,256.5,2,46
2021-06-15 10:48:24,S,256.55,2,8
2021-06-15 10:48:24,S,256.8,2,9
2021-06-15 10:48:24,S,257.0,2,17
2021-06-15 10:48:24,S,256.0,6,132
2021-06-15 10:48:24,S,255.65,2,65
2021-06-15 10:48:24,S,255.6,2,20
2021-06-15 10:48:24,S,255.4,1,4
2021-06-15 10:48:24,S,255.35,1,25
2021-06-15 10:48:31,S,256.1,2,32
2021-06-15 10:48:31,S,256.5,2,46
2021-06-15 10:48:31,S,256.55,2,8
2021-06-15 10:48:31,S,256.8,2,9
2021-06-15 10:48:31,S,257.0,2,17
2021-06-15 10:48:31,S,256.0,6,132
2021-06-15 10:48:31,S,255.65,2,65
2021-06-15 10:48:31,S,255.6,2,20
2021-06-15 10:48:31,S,255.4,1,4
2021-06-15 10:48:31,S,255.35,1,25
2021-06-15 10:48:34,S,256.05,1,7
2021-06-15 10:48:34,S,256.1,1,25
2021-06-15 10:48:34,S,256.5,2,46
2021-06-15 10:48:34,S,256.55,2,8
2021-06-15 10:48:34,S,256.8,2,9
2021-06-15 10:48:34,S,256.0,6,132
2021-06-15 10:48:34,S,255.65,2,65
2021-06-15 10:48:34,S,255.6,2,20
2021-06-15 10:48:34,S,255.4,1,4
2021-06-15 10:48:34,S,255.35,1,25
2021-06-15 10:48:38,S,256.05,1,32
2021-06-15 10:48:38,S,256.1,2,31
2021-06-15 10:48:38,S,256.4,2,19
2021-06-15 10:48:38,S,256.55,2,8
2021-06-15 10:48:38,S,256.8,2,9
2021-06-15 10:48:38,S,255.6,1,3
2021-06-15 10:48:38,S,255.4,2,18
2021-06-15 10:48:38,S,255.35,2,42
2021-06-15 10:48:38,S,255.25,3,119
2021-06-15 10:48:38,S,255.2,1,35
2021-06-15 10:48:42,S,256.05,1,32
2021-06-15 10:48:42,S,256.1,2,31
2021-06-15 10:48:42,S,256.4,2,19
2021-06-15 10:48:42,S,256.55,2,8
2021-06-15 10:48:42,S,256.8,3,10
2021-06-15 10:48:42,S,255.4,2,14
2021-06-15 10:48:42,S,255.35,2,42
2021-06-15 10:48:42,S,255.25,3,119
2021-06-15 10:48:42,S,255.2,1,35
2021-06-15 10:48:42,S,255.15,1,4
2021-06-15 10:48:48,S,256.05,2,38
2021-06-15 10:48:48,S,256.1,2,31
2021-06-15 10:48:48,S,256.4,2,19
2021-06-15 10:48:48,S,256.55,2,8
2021-06-15 10:48:48,S,256.75,1,1
2021-06-15 10:48:48,S,255.35,2,42
2021-06-15 10:48:48,S,255.25,4,136
2021-06-15 10:48:48,S,255.2,1,35
2021-06-15 10:48:48,S,255.15,1,4
2021-06-15 10:48:48,S,255.1,2,8
2021-06-15 10:48:51,S,255.7,1,6
2021-06-15 10:48:51,S,256.0,2,47
2021-06-15 10:48:51,S,256.1,3,34
2021-06-15 10:48:51,S,256.25,2,19
2021-06-15 10:48:51,S,256.4,2,19
2021-06-15 10:48:51,S,255.35,2,35
2021-06-15 10:48:51,S,255.25,4,93
2021-06-15 10:48:51,S,255.2,2,52
2021-06-15 10:48:51,S,255.15,1,4
2021-06-15 10:48:51,S,255.1,1,3
2021-06-15 10:48:53,S,255.7,1,6
2021-06-15 10:48:53,S,256.0,2,47
2021-06-15 10:48:53,S,256.1,3,34
2021-06-15 10:48:53,S,256.25,2,19
2021-06-15 10:48:53,S,256.4,2,19
2021-06-15 10:48:53,S,255.35,2,35
2021-06-15 10:48:53,S,255.25,4,93
2021-06-15 10:48:53,S,255.2,2,52
2021-06-15 10:48:53,S,255.15,1,4
2021-06-15 10:48:53,S,255.1,1,3
2021-06-15 10:48:54,S,255.35,1,5
2021-06-15 10:48:54,S,256.0,2,47
2021-06-15 10:48:54,S,256.1,2,31
2021-06-15 10:48:54,S,256.25,2,19
2021-06-15 10:48:54,S,256.4,2,19
2021-06-15 10:48:54,S,255.25,1,10
2021-06-15 10:48:54,S,255.2,3,50
2021-06-15 10:48:54,S,255.05,2,51
2021-06-15 10:48:54,S,255.0,5,622
2021-06-15 10:48:54,S,254.85,2,63
2021-06-15 10:48:57,S,255.35,1,5
2021-06-15 10:48:57,S,256.0,2,47
2021-06-15 10:48:57,S,256.1,2,31
2021-06-15 10:48:57,S,256.25,2,19
2021-06-15 10:48:57,S,256.4,2,19
2021-06-15 10:48:57,S,255.25,1,10
2021-06-15 10:48:57,S,255.2,4,64
2021-06-15 10:48:57,S,255.1,1,13
2021-06-15 10:48:57,S,255.05,2,51
2021-06-15 10:48:57,S,255.0,6,625
2021-06-15 10:48:57,S,255.35,1,5
2021-06-15 10:48:57,S,256.0,2,47
2021-06-15 10:48:57,S,256.1,2,31
2021-06-15 10:48:57,S,256.25,2,19
2021-06-15 10:48:57,S,256.4,2,19
2021-06-15 10:48:57,S,255.25,1,10
2021-06-15 10:48:57,S,255.2,4,64
2021-06-15 10:48:57,S,255.1,1,13
2021-06-15 10:48:57,S,255.05,2,51
2021-06-15 10:48:57,S,255.0,6,625
2021-06-15 10:49:00,S,255.35,1,5
2021-06-15 10:49:00,S,256.05,2,47
2021-06-15 10:49:00,S,256.1,3,36
2021-06-15 10:49:00,S,256.2,2,22
2021-06-15 10:49:00,S,256.25,2,19
2021-06-15 10:49:00,S,255.2,3,40
2021-06-15 10:49:00,S,255.1,2,27
2021-06-15 10:49:00,S,255.05,3,65
2021-06-15 10:49:00,S,255.0,6,639
2021-06-15 10:49:00,S,254.9,1,20
2021-06-15 10:49:08,S,255.35,1,5
2021-06-15 10:49:08,S,256.05,2,47
2021-06-15 10:49:08,S,256.1,3,36
2021-06-15 10:49:08,S,256.2,2,22
2021-06-15 10:49:08,S,256.25,2,19
2021-06-15 10:49:08,S,255.2,3,40
2021-06-15 10:49:08,S,255.1,2,27
2021-06-15 10:49:08,S,255.05,3,65
2021-06-15 10:49:08,S,255.0,6,639
2021-06-15 10:49:08,S,254.9,1,20
2021-06-15 10:49:10,S,255.25,1,4
2021-06-15 10:49:10,S,255.7,2,47
2021-06-15 10:49:10,S,255.75,2,18
2021-06-15 10:49:10,S,255.85,1,15
2021-06-15 10:49:10,S,255.9,2,18
2021-06-15 10:49:10,S,255.2,3,40
2021-06-15 10:49:10,S,255.05,2,51
2021-06-15 10:49:10,S,255.0,7,652
2021-06-15 10:49:10,S,254.85,2,63
2021-06-15 10:49:10,S,254.7,2,8
2021-06-15 10:49:12,S,255.25,1,4
2021-06-15 10:49:12,S,255.7,2,47
2021-06-15 10:49:12,S,255.75,2,18
2021-06-15 10:49:12,S,255.85,1,15
2021-06-15 10:49:12,S,255.9,2,18
2021-06-15 10:49:12,S,255.2,3,40
2021-06-15 10:49:12,S,255.05,2,51
2021-06-15 10:49:12,S,255.0,7,652
2021-06-15 10:49:12,S,254.85,2,63
2021-06-15 10:49:12,S,254.7,2,8
2021-06-15 10:49:13,S,256.0,1,32
2021-06-15 10:49:13,S,256.05,2,19
2021-06-15 10:49:13,S,256.1,4,39
2021-06-15 10:49:13,S,256.2,2,22
2021-06-15 10:49:13,S,256.25,2,19
2021-06-15 10:49:13,S,255.2,3,47
2021-06-15 10:49:13,S,255.1,1,3
2021-06-15 10:49:13,S,255.05,3,68
2021-06-15 10:49:13,S,255.0,5,622
2021-06-15 10:49:13,S,254.85,2,63
2021-06-15 10:49:16,S,256.0,2,37
2021-06-15 10:49:16,S,256.1,3,36
2021-06-15 10:49:16,S,256.2,2,22
2021-06-15 10:49:16,S,256.25,2,19
2021-06-15 10:49:16,S,256.3,1,5
2021-06-15 10:49:16,S,255.2,3,47
2021-06-15 10:49:16,S,255.1,1,3
2021-06-15 10:49:16,S,255.05,3,68
2021-06-15 10:49:16,S,255.0,5,622
2021-06-15 10:49:16,S,254.9,1,20
2021-06-15 10:49:20,S,255.6,1,5
2021-06-15 10:49:20,S,255.9,2,47
2021-06-15 10:49:20,S,255.95,2,18
2021-06-15 10:49:20,S,256.0,1,15
2021-06-15 10:49:20,S,256.1,4,39
2021-06-15 10:49:20,S,255.2,1,32
2021-06-15 10:49:20,S,255.1,1,3
2021-06-15 10:49:20,S,255.05,3,68
2021-06-15 10:49:20,S,255.0,5,622
2021-06-15 10:49:20,S,254.85,2,63
2021-06-15 10:49:23,S,255.6,1,5
2021-06-15 10:49:23,S,255.9,2,47
2021-06-15 10:49:23,S,255.95,2,18
2021-06-15 10:49:23,S,256.0,1,15
2021-06-15 10:49:23,S,256.1,4,39
2021-06-15 10:49:23,S,255.2,1,32
2021-06-15 10:49:23,S,255.1,1,3
2021-06-15 10:49:23,S,255.05,3,68
2021-06-15 10:49:23,S,255.0,5,622
2021-06-15 10:49:23,S,254.85,2,63
2021-06-15 10:49:25,S,256.05,1,32
2021-06-15 10:49:25,S,256.1,3,36
2021-06-15 10:49:25,S,256.2,2,21
2021-06-15 10:49:25,S,256.3,2,10
2021-06-15 10:49:25,S,256.35,1,20
2021-06-15 10:49:25,S,255.2,1,33
2021-06-15 10:49:25,S,255.05,3,68
2021-06-15 10:49:25,S,255.0,7,642
2021-06-15 10:49:25,S,254.85,2,63
2021-06-15 10:49:25,S,254.7,2,8
2021-06-15 10:49:29,S,256.05,1,32
2021-06-15 10:49:29,S,256.1,3,36
2021-06-15 10:49:29,S,256.2,2,21
2021-06-15 10:49:29,S,256.25,1,3
2021-06-15 10:49:29,S,256.3,1,5
2021-06-15 10:49:29,S,255.2,1,33
2021-06-15 10:49:29,S,255.15,1,3
2021-06-15 10:49:29,S,255.05,2,51
2021-06-15 10:49:29,S,255.0,6,592
2021-06-15 10:49:29,S,254.85,2,63
2021-06-15 10:49:32,S,256.0,1,32
2021-06-15 10:49:32,S,256.05,2,25
2021-06-15 10:49:32,S,256.1,4,39
2021-06-15 10:49:32,S,256.2,2,21
2021-06-15 10:49:32,S,256.25,1,3
2021-06-15 10:49:32,S,255.2,1,33
2021-06-15 10:49:32,S,255.05,2,51
2021-06-15 10:49:32,S,255.0,5,575
2021-06-15 10:49:32,S,254.85,2,63
2021-06-15 10:49:32,S,254.7,2,8
2021-06-15 10:49:36,S,255.6,1,7
2021-06-15 10:49:36,S,255.9,2,47
2021-06-15 10:49:36,S,255.95,2,18
2021-06-15 10:49:36,S,256.1,4,39
2021-06-15 10:49:36,S,256.15,1,20
2021-06-15 10:49:36,S,255.2,1,33
2021-06-15 10:49:36,S,255.05,2,51
2021-06-15 10:49:36,S,255.0,6,592
2021-06-15 10:49:36,S,254.85,2,63
2021-06-15 10:49:36,S,254.7,2,8
2021-06-15 10:49:38,S,255.6,1,7
2021-06-15 10:49:38,S,255.9,2,47
2021-06-15 10:49:38,S,255.95,2,18
2021-06-15 10:49:38,S,256.1,4,39
2021-06-15 10:49:38,S,256.15,1,20
2021-06-15 10:49:38,S,255.2,1,33
2021-06-15 10:49:38,S,255.05,2,51
2021-06-15 10:49:38,S,255.0,6,592
2021-06-15 10:49:38,S,254.85,2,63
2021-06-15 10:49:38,S,254.7,2,8
2021-06-15 10:49:39,S,256.05,1,32
2021-06-15 10:49:39,S,256.1,4,39
2021-06-15 10:49:39,S,256.2,2,21
2021-06-15 10:49:39,S,256.25,1,3
2021-06-15 10:49:39,S,256.3,1,5
2021-06-15 10:49:39,S,255.2,1,35
2021-06-15 10:49:39,S,255.05,2,51
2021-06-15 10:49:39,S,255.0,5,575
2021-06-15 10:49:39,S,254.85,2,63
2021-06-15 10:49:39,S,254.7,2,8
2021-06-15 10:49:46,S,256.0,1,32
2021-06-15 10:49:46,S,256.05,2,24
2021-06-15 10:49:46,S,256.1,4,39
2021-06-15 10:49:46,S,256.2,2,21
2021-06-15 10:49:46,S,256.25,1,3
2021-06-15 10:49:46,S,255.2,1,35
2021-06-15 10:49:46,S,255.05,2,51
2021-06-15 10:49:46,S,255.0,5,575
2021-06-15 10:49:46,S,254.85,2,63
2021-06-15 10:49:46,S,254.7,2,8
2021-06-15 10:49:49,S,256.0,1,32
2021-06-15 10:49:49,S,256.05,2,24
2021-06-15 10:49:49,S,256.1,4,39
2021-06-15 10:49:49,S,256.2,2,21
2021-06-15 10:49:49,S,256.25,1,3
2021-06-15 10:49:49,S,255.2,3,47
2021-06-15 10:49:49,S,255.05,2,51
2021-06-15 10:49:49,S,255.0,5,575
2021-06-15 10:49:49,S,254.9,1,20
2021-06-15 10:49:49,S,254.85,2,63
2021-06-15 10:49:52,S,255.6,1,6
2021-06-15 10:49:52,S,255.9,2,47
2021-06-15 10:49:52,S,255.95,2,18
2021-06-15 10:49:52,S,256.0,1,15
2021-06-15 10:49:52,S,256.05,1,18
2021-06-15 10:49:52,S,255.2,3,47
2021-06-15 10:49:52,S,255.05,2,51
2021-06-15 10:49:52,S,255.0,5,575
2021-06-15 10:49:52,S,254.85,2,63
2021-06-15 10:49:52,S,254.7,2,8
2021-06-15 10:49:53,S,255.6,1,6
2021-06-15 10:49:53,S,255.9,2,47
2021-06-15 10:49:53,S,255.95,2,18
2021-06-15 10:49:53,S,256.0,1,15
2021-06-15 10:49:53,S,256.05,1,18
2021-06-15 10:49:53,S,255.2,3,47
2021-06-15 10:49:53,S,255.05,2,51
2021-06-15 10:49:53,S,255.0,5,575
2021-06-15 10:49:53,S,254.85,2,63
2021-06-15 10:49:53,S,254.7,2,8
2021-06-15 10:49:54,S,256.05,1,32
2021-06-15 10:49:54,S,256.1,4,39
2021-06-15 10:49:54,S,256.2,2,21
2021-06-15 10:49:54,S,256.25,1,3
2021-06-15 10:49:54,S,256.3,1,5
2021-06-15 10:49:54,S,255.2,1,9
2021-06-15 10:49:54,S,255.05,2,51
2021-06-15 10:49:54,S,255.0,5,575
2021-06-15 10:49:54,S,254.85,2,63
2021-06-15 10:49:54,S,254.7,2,8
2021-06-15 10:50:00,S,256.05,2,37
2021-06-15 10:50:00,S,256.1,4,39
2021-06-15 10:50:00,S,256.2,2,21
2021-06-15 10:50:00,S,256.25,1,3
2021-06-15 10:50:00,S,256.3,1,5
2021-06-15 10:50:00,S,255.2,2,22
2021-06-15 10:50:00,S,255.05,2,51
2021-06-15 10:50:00,S,255.0,5,575
2021-06-15 10:50:00,S,254.9,1,20
2021-06-15 10:50:00,S,254.85,2,63
2021-06-15 10:50:07,S,255.65,1,5
2021-06-15 10:50:07,S,255.85,2,47
2021-06-15 10:50:07,S,255.9,2,18
2021-06-15 10:50:07,S,256.1,4,39
2021-06-15 10:50:07,S,256.2,2,21
2021-06-15 10:50:07,S,255.2,2,22
2021-06-15 10:50:07,S,255.05,2,51
2021-06-15 10:50:07,S,255.0,6,592
2021-06-15 10:50:07,S,254.85,2,63
2021-06-15 10:50:07,S,254.7,2,8
2021-06-15 10:50:08,S,255.65,1,5
2021-06-15 10:50:08,S,255.85,2,47
2021-06-15 10:50:08,S,255.9,2,18
2021-06-15 10:50:08,S,256.1,4,39
2021-06-15 10:50:08,S,256.2,2,21
2021-06-15 10:50:08,S,255.2,2,22
2021-06-15 10:50:08,S,255.05,2,51
2021-06-15 10:50:08,S,255.0,6,592
2021-06-15 10:50:08,S,254.85,2,63
2021-06-15 10:50:08,S,254.7,2,8
2021-06-15 10:50:10,S,255.2,1,5
2021-06-15 10:50:10,S,255.75,2,47
2021-06-15 10:50:10,S,256.1,4,39
2021-06-15 10:50:10,S,256.2,3,24
2021-06-15 10:50:10,S,256.3,1,5
2021-06-15 10:50:10,S,255.05,2,51
2021-06-15 10:50:10,S,255.0,5,575
2021-06-15 10:50:10,S,254.95,2,29
2021-06-15 10:50:10,S,254.85,2,63
2021-06-15 10:50:10,S,254.7,1,3
2021-06-15 10:50:12,S,255.2,1,5
2021-06-15 10:50:12,S,255.75,2,47
2021-06-15 10:50:12,S,256.1,4,39
2021-06-15 10:50:12,S,256.2,3,24
2021-06-15 10:50:12,S,256.3,1,5
2021-06-15 10:50:12,S,255.05,2,51
2021-06-15 10:50:12,S,255.0,5,575
2021-06-15 10:50:12,S,254.95,2,29
2021-06-15 10:50:12,S,254.85,2,63
2021-06-15 10:50:12,S,254.7,1,3
2021-06-15 10:50:13,S,255.9,1,32
2021-06-15 10:50:13,S,255.95,2,20
2021-06-15 10:50:13,S,256.05,3,25
2021-06-15 10:50:13,S,256.1,4,39
2021-06-15 10:50:13,S,256.15,1,18
2021-06-15 10:50:13,S,255.05,1,36
2021-06-15 10:50:13,S,255.0,4,572
2021-06-15 10:50:13,S,254.85,3,80
2021-06-15 10:50:13,S,254.7,1,3
2021-06-15 10:50:13,S,254.6,1,5
2021-06-15 10:50:16,S,255.85,1,32
2021-06-15 10:50:16,S,255.9,3,27
2021-06-15 10:50:16,S,255.95,2,20
2021-06-15 10:50:16,S,256.05,3,25
2021-06-15 10:50:16,S,256.1,4,39
2021-06-15 10:50:16,S,255.05,1,36
2021-06-15 10:50:16,S,255.0,4,572
2021-06-15 10:50:16,S,254.85,2,63
2021-06-15 10:50:16,S,254.7,1,3
2021-06-15 10:50:16,S,254.6,1,5
2021-06-15 10:50:19,S,255.45,1,6
2021-06-15 10:50:19,S,255.85,2,47
2021-06-15 10:50:19,S,255.9,2,21
2021-06-15 10:50:19,S,255.95,2,20
2021-06-15 10:50:19,S,256.05,3,25
2021-06-15 10:50:19,S,255.05,1,36
2021-06-15 10:50:19,S,255.0,4,572
2021-06-15 10:50:19,S,254.85,2,76
2021-06-15 10:50:19,S,254.7,1,3
2021-06-15 10:50:19,S,254.6,1,5
2021-06-15 10:50:23,S,255.45,1,6
2021-06-15 10:50:23,S,255.85,2,47
2021-06-15 10:50:23,S,255.9,2,21
2021-06-15 10:50:23,S,255.95,2,20
2021-06-15 10:50:23,S,256.05,3,25
2021-06-15 10:50:23,S,255.05,1,36
2021-06-15 10:50:23,S,255.0,6,615
2021-06-15 10:50:23,S,254.85,2,76
2021-06-15 10:50:23,S,254.7,1,3
2021-06-15 10:50:23,S,254.6,1,5
2021-06-15 10:50:26,S,255.85,1,32
2021-06-15 10:50:26,S,255.9,2,21
2021-06-15 10:50:26,S,255.95,2,20
2021-06-15 10:50:26,S,256.05,3,25
2021-06-15 10:50:26,S,256.1,4,39
2021-06-15 10:50:26,S,255.05,1,50
2021-06-15 10:50:26,S,255.0,5,602
2021-06-15 10:50:26,S,254.95,1,3
2021-06-15 10:50:26,S,254.85,1,59
2021-06-15 10:50:26,S,254.7,1,3
2021-06-15 10:50:29,S,256.05,1,32
2021-06-15 10:50:29,S,256.1,2,31
2021-06-15 10:50:29,S,256.35,2,23
2021-06-15 10:50:29,S,256.4,3,24
2021-06-15 10:50:29,S,256.5,1,5
2021-06-15 10:50:29,S,255.45,1,36
2021-06-15 10:50:29,S,255.35,1,3
2021-06-15 10:50:29,S,255.15,1,3
2021-06-15 10:50:29,S,255.1,1,20
2021-06-15 10:50:29,S,255.05,1,50
2021-06-15 10:50:32,S,256.05,2,38
2021-06-15 10:50:32,S,256.1,2,31
2021-06-15 10:50:32,S,256.35,2,23
2021-06-15 10:50:32,S,256.4,3,24
2021-06-15 10:50:32,S,256.5,1,5
2021-06-15 10:50:32,S,255.45,1,36
2021-06-15 10:50:32,S,255.35,1,3
2021-06-15 10:50:32,S,255.15,1,3
2021-06-15 10:50:32,S,255.1,1,20
2021-06-15 10:50:32,S,255.05,1,50
2021-06-15 10:50:35,S,255.75,1,6
2021-06-15 10:50:35,S,256.05,2,47
2021-06-15 10:50:35,S,256.1,2,31
2021-06-15 10:50:35,S,256.35,1,20
2021-06-15 10:50:35,S,256.4,3,24
2021-06-15 10:50:35,S,255.45,1,36
2021-06-15 10:50:35,S,255.15,1,3
2021-06-15 10:50:35,S,255.05,2,67
2021-06-15 10:50:35,S,255.0,6,619
2021-06-15 10:50:35,S,254.95,1,3
2021-06-15 10:50:38,S,256.05,1,32
2021-06-15 10:50:38,S,256.1,3,36
2021-06-15 10:50:38,S,256.2,3,12
2021-06-15 10:50:38,S,256.3,1,5
2021-06-15 10:50:38,S,256.4,3,24
2021-06-15 10:50:38,S,255.15,1,3
2021-06-15 10:50:38,S,255.05,1,50
2021-06-15 10:50:38,S,255.0,5,602
2021-06-15 10:50:38,S,254.95,1,3
2021-06-15 10:50:38,S,254.85,1,59
2021-06-15 10:50:39,S,256.05,1,32
2021-06-15 10:50:39,S,256.1,3,36
2021-06-15 10:50:39,S,256.2,3,12
2021-06-15 10:50:39,S,256.3,1,5
2021-06-15 10:50:39,S,256.4,3,24
2021-06-15 10:50:39,S,255.15,1,3
2021-06-15 10:50:39,S,255.05,1,50
2021-06-15 10:50:39,S,255.0,5,602
2021-06-15 10:50:39,S,254.95,1,3
2021-06-15 10:50:39,S,254.85,1,59
2021-06-15 10:50:41,S,256.05,1,32
2021-06-15 10:50:41,S,256.1,2,31
2021-06-15 10:50:41,S,256.15,2,19
2021-06-15 10:50:41,S,256.2,3,12
2021-06-15 10:50:41,S,256.3,1,5
2021-06-15 10:50:41,S,255.3,1,30
2021-06-15 10:50:41,S,255.25,1,49
2021-06-15 10:50:41,S,255.1,1,3
2021-06-15 10:50:41,S,255.05,3,117
2021-06-15 10:50:41,S,255.0,6,594
2021-06-15 10:50:48,S,256.05,2,37
2021-06-15 10:50:48,S,256.1,2,31
2021-06-15 10:50:48,S,256.15,1,14
2021-06-15 10:50:48,S,256.2,3,12
2021-06-15 10:50:48,S,256.3,1,5
2021-06-15 10:50:48,S,255.3,1,30
2021-06-15 10:50:48,S,255.25,1,49
2021-06-15 10:50:48,S,255.1,1,3
2021-06-15 10:50:48,S,255.05,3,117
2021-06-15 10:50:48,S,255.0,6,594
2021-06-15 10:50:51,S,255.7,1,5
2021-06-15 10:50:51,S,255.95,2,47
2021-06-15 10:50:51,S,256.0,2,18
2021-06-15 10:50:51,S,256.05,1,15
2021-06-15 10:50:51,S,256.1,2,31
2021-06-15 10:50:51,S,255.3,1,30
2021-06-15 10:50:51,S,255.25,1,49
2021-06-15 10:50:51,S,255.1,1,3
2021-06-15 10:50:51,S,255.05,3,117
2021-06-15 10:50:51,S,255.0,6,594
2021-06-15 10:50:53,S,255.7,1,5
2021-06-15 10:50:53,S,255.95,2,47
2021-06-15 10:50:53,S,256.0,2,18
2021-06-15 10:50:53,S,256.05,1,15
2021-06-15 10:50:53,S,256.1,2,31
2021-06-15 10:50:53,S,255.3,1,30
2021-06-15 10:50:53,S,255.25,1,49
2021-06-15 10:50:53,S,255.1,1,3
2021-06-15 10:50:53,S,255.05,3,117
2021-06-15 10:50:53,S,255.0,6,594
2021-06-15 10:50:54,S,255.95,1,32
2021-06-15 10:50:54,S,256.0,2,20
2021-06-15 10:50:54,S,256.1,3,36
2021-06-15 10:50:54,S,256.2,4,17
2021-06-15 10:50:54,S,256.4,2,19
2021-06-15 10:50:54,S,255.1,1,3
2021-06-15 10:50:54,S,255.05,2,100
2021-06-15 10:50:54,S,255.0,4,572
2021-06-15 10:50:54,S,254.9,1,3
2021-06-15 10:50:54,S,254.85,1,59
2021-06-15 10:50:57,S,256.05,2,37
2021-06-15 10:50:57,S,256.1,3,36
2021-06-15 10:50:57,S,256.15,2,23
2021-06-15 10:50:57,S,256.2,3,12
2021-06-15 10:50:57,S,256.35,1,5
2021-06-15 10:50:57,S,255.1,1,3
2021-06-15 10:50:57,S,255.05,2,100
2021-06-15 10:50:57,S,255.0,5,577
2021-06-15 10:50:57,S,254.9,3,25
2021-06-15 10:50:57,S,254.85,1,59
2021-06-15 10:51:00,S,256.05,3,44
2021-06-15 10:51:00,S,256.1,4,41
2021-06-15 10:51:00,S,256.15,2,23
2021-06-15 10:51:00,S,256.2,3,12
2021-06-15 10:51:00,S,256.4,2,19
2021-06-15 10:51:00,S,255.05,2,100
2021-06-15 10:51:00,S,255.0,5,577
2021-06-15 10:51:00,S,254.9,2,8
2021-06-15 10:51:00,S,254.85,1,59
2021-06-15 10:51:00,S,254.8,1,5
2021-06-15 10:51:03,S,255.4,2,10
2021-06-15 10:51:03,S,255.75,2,38
2021-06-15 10:51:03,S,255.8,2,19
2021-06-15 10:51:03,S,255.95,2,20
2021-06-15 10:51:03,S,256.0,2,10
2021-06-15 10:51:03,S,255.05,2,100
2021-06-15 10:51:03,S,255.0,4,572
2021-06-15 10:51:03,S,254.85,1,59
2021-06-15 10:51:03,S,254.6,1,5
2021-06-15 10:51:03,S,254.5,3,28
2021-06-15 10:51:04,S,255.4,2,10
2021-06-15 10:51:04,S,255.75,2,38
2021-06-15 10:51:04,S,255.8,2,19
2021-06-15 10:51:04,S,255.95,2,20
2021-06-15 10:51:04,S,256.0,2,10
2021-06-15 10:51:04,S,255.05,2,100
2021-06-15 10:51:04,S,255.0,4,572
2021-06-15 10:51:04,S,254.85,1,59
2021-06-15 10:51:04,S,254.6,1,5
2021-06-15 10:51:04,S,254.5,3,28
2021-06-15 10:51:06,S,255.4,2,10
2021-06-15 10:51:06,S,255.75,2,38
2021-06-15 10:51:06,S,255.8,2,19
2021-06-15 10:51:06,S,255.95,2,20
2021-06-15 10:51:06,S,256.0,2,10
2021-06-15 10:51:06,S,255.05,2,100
2021-06-15 10:51:06,S,255.0,4,572
2021-06-15 10:51:06,S,254.85,1,59
2021-06-15 10:51:06,S,254.6,1,5
2021-06-15 10:51:06,S,254.5,3,28
2021-06-15 10:51:07,S,255.2,1,3
2021-06-15 10:51:07,S,255.25,2,22
2021-06-15 10:51:07,S,255.75,2,50
2021-06-15 10:51:07,S,255.8,2,19
2021-06-15 10:51:07,S,255.95,2,20
2021-06-15 10:51:07,S,255.05,1,21
2021-06-15 10:51:07,S,255.0,4,572
2021-06-15 10:51:07,S,254.7,1,3
2021-06-15 10:51:07,S,254.55,2,37
2021-06-15 10:51:07,S,254.5,2,20
2021-06-15 10:51:09,S,255.2,1,3
2021-06-15 10:51:09,S,255.25,2,22
2021-06-15 10:51:09,S,255.75,2,50
2021-06-15 10:51:09,S,255.8,2,19
2021-06-15 10:51:09,S,255.95,2,20
2021-06-15 10:51:09,S,255.05,1,21
2021-06-15 10:51:09,S,255.0,4,572
2021-06-15 10:51:09,S,254.7,1,3
2021-06-15 10:51:09,S,254.55,2,37
2021-06-15 10:51:09,S,254.5,2,20
2021-06-15 10:51:10,S,255.2,1,3
2021-06-15 10:51:10,S,255.25,2,22
2021-06-15 10:51:10,S,255.75,2,50
2021-06-15 10:51:10,S,255.8,2,19
2021-06-15 10:51:10,S,255.95,2,20
2021-06-15 10:51:10,S,255.05,1,21
2021-06-15 10:51:10,S,255.0,4,572
2021-06-15 10:51:10,S,254.7,1,3
2021-06-15 10:51:10,S,254.55,2,37
2021-06-15 10:51:10,S,254.5,2,20
2021-06-15 10:51:10,S,255.05,1,7
2021-06-15 10:51:10,S,255.75,2,50
2021-06-15 10:51:10,S,255.8,2,19
2021-06-15 10:51:10,S,255.95,2,20
2021-06-15 10:51:10,S,256.0,3,30
2021-06-15 10:51:10,S,255.0,4,572
2021-06-15 10:51:10,S,254.75,2,26
2021-06-15 10:51:10,S,254.7,2,20
2021-06-15 10:51:10,S,254.55,1,20
2021-06-15 10:51:10,S,254.5,2,20
2021-06-15 10:51:12,S,255.05,1,7
2021-06-15 10:51:12,S,255.75,2,50
2021-06-15 10:51:12,S,255.8,2,19
2021-06-15 10:51:12,S,255.95,2,20
2021-06-15 10:51:12,S,256.0,3,30
2021-06-15 10:51:12,S,255.0,4,572
2021-06-15 10:51:12,S,254.75,2,26
2021-06-15 10:51:12,S,254.7,2,20
2021-06-15 10:51:12,S,254.55,1,20
2021-06-15 10:51:12,S,254.5,2,20
2021-06-15 10:51:13,S,255.05,1,7
2021-06-15 10:51:13,S,255.75,2,50
2021-06-15 10:51:13,S,255.8,2,19
2021-06-15 10:51:13,S,255.95,2,20
2021-06-15 10:51:13,S,256.0,3,30
2021-06-15 10:51:13,S,255.0,4,572
2021-06-15 10:51:13,S,254.75,2,26
2021-06-15 10:51:13,S,254.7,2,20
2021-06-15 10:51:13,S,254.55,1,20
2021-06-15 10:51:13,S,254.5,2,20
2021-06-15 10:51:13,S,255.7,1,32
2021-06-15 10:51:13,S,255.75,2,10
2021-06-15 10:51:13,S,255.95,2,20
2021-06-15 10:51:13,S,256.0,1,3
2021-06-15 10:51:13,S,256.05,2,10
2021-06-15 10:51:13,S,255.0,1,500
2021-06-15 10:51:13,S,254.9,1,3
2021-06-15 10:51:13,S,254.75,2,37
2021-06-15 10:51:13,S,254.7,2,20
2021-06-15 10:51:13,S,254.5,2,17
2021-06-15 10:51:15,S,255.7,1,32
2021-06-15 10:51:15,S,255.75,2,10
2021-06-15 10:51:15,S,255.95,2,20
2021-06-15 10:51:15,S,256.0,1,3
2021-06-15 10:51:15,S,256.05,2,10
2021-06-15 10:51:15,S,255.0,1,500
2021-06-15 10:51:15,S,254.9,1,3
2021-06-15 10:51:15,S,254.75,2,37
2021-06-15 10:51:15,S,254.7,2,20
2021-06-15 10:51:15,S,254.5,2,17
2021-06-15 10:51:17,S,255.65,1,32
2021-06-15 10:51:17,S,255.7,2,12
2021-06-15 10:51:17,S,256.0,2,18
2021-06-15 10:51:17,S,256.1,2,32
2021-06-15 10:51:17,S,256.2,2,8
2021-06-15 10:51:17,S,255.0,2,503
2021-06-15 10:51:17,S,254.85,1,48
2021-06-15 10:51:17,S,254.7,2,17
2021-06-15 10:51:17,S,254.5,3,37
2021-06-15 10:51:17,S,254.45,3,122
2021-06-15 10:51:19,S,255.65,1,32
2021-06-15 10:51:19,S,255.7,2,12
2021-06-15 10:51:19,S,256.0,2,18
2021-06-15 10:51:19,S,256.1,2,32
2021-06-15 10:51:19,S,256.2,2,8
2021-06-15 10:51:19,S,255.0,2,503
2021-06-15 10:51:19,S,254.85,1,48
2021-06-15 10:51:19,S,254.7,2,17
2021-06-15 10:51:19,S,254.5,3,37
2021-06-15 10:51:19,S,254.45,3,122
2021-06-15 10:51:20,S,255.35,1,7
2021-06-15 10:51:20,S,255.65,2,47
2021-06-15 10:51:20,S,256.0,2,18
2021-06-15 10:51:20,S,256.05,1,20
2021-06-15 10:51:20,S,256.1,2,32
2021-06-15 10:51:20,S,255.0,1,500
2021-06-15 10:51:20,S,254.95,1,13
2021-06-15 10:51:20,S,254.85,2,65
2021-06-15 10:51:20,S,254.7,2,17
2021-06-15 10:51:20,S,254.5,3,37
2021-06-15 10:51:23,S,255.75,1,32
2021-06-15 10:51:23,S,255.8,2,18
2021-06-15 10:51:23,S,256.0,2,18
2021-06-15 10:51:23,S,256.1,2,32
2021-06-15 10:51:23,S,256.2,2,8
2021-06-15 10:51:23,S,255.0,1,464
2021-06-15 10:51:23,S,254.85,1,48
2021-06-15 10:51:23,S,254.7,2,17
2021-06-15 10:51:23,S,254.5,3,37
2021-06-15 10:51:23,S,254.45,3,122
2021-06-15 10:51:30,S,255.75,2,39
2021-06-15 10:51:30,S,256.0,2,18
2021-06-15 10:51:30,S,256.1,2,32
2021-06-15 10:51:30,S,256.2,2,8
2021-06-15 10:51:30,S,256.3,1,5
2021-06-15 10:51:30,S,255.0,1,464
2021-06-15 10:51:30,S,254.85,2,62
2021-06-15 10:51:30,S,254.7,2,17
2021-06-15 10:51:30,S,254.5,3,37
2021-06-15 10:51:30,S,254.45,3,122
2021-06-15 10:51:34,S,255.75,2,39
2021-06-15 10:51:34,S,256.0,2,18
2021-06-15 10:51:34,S,256.1,2,32
2021-06-15 10:51:34,S,256.2,2,8
2021-06-15 10:51:34,S,256.3,2,25
2021-06-15 10:51:34,S,255.1,2,38
2021-06-15 10:51:34,S,255.0,3,477
2021-06-15 10:51:34,S,254.85,2,62
2021-06-15 10:51:34,S,254.7,2,17
2021-06-15 10:51:34,S,254.5,3,37
2021-06-15 10:51:37,S,255.45,1,7
2021-06-15 10:51:37,S,255.75,2,47
2021-06-15 10:51:37,S,255.8,1,3
2021-06-15 10:51:37,S,255.95,1,8
2021-06-15 10:51:37,S,256.0,2,18
2021-06-15 10:51:37,S,255.1,2,38
2021-06-15 10:51:37,S,255.0,3,477
2021-06-15 10:51:37,S,254.85,2,62
2021-06-15 10:51:37,S,254.7,2,17
2021-06-15 10:51:37,S,254.5,3,37
2021-06-15 10:51:38,S,255.45,1,7
2021-06-15 10:51:38,S,255.75,2,47
2021-06-15 10:51:38,S,255.8,1,3
2021-06-15 10:51:38,S,255.95,1,8
2021-06-15 10:51:38,S,256.0,2,18
2021-06-15 10:51:38,S,255.1,2,38
2021-06-15 10:51:38,S,255.0,3,477
2021-06-15 10:51:38,S,254.85,2,62
2021-06-15 10:51:38,S,254.7,2,17
2021-06-15 10:51:38,S,254.5,3,37
2021-06-15 10:51:42,S,255.95,1,32
2021-06-15 10:51:42,S,256.0,2,18
2021-06-15 10:51:42,S,256.1,2,32
2021-06-15 10:51:42,S,256.2,2,8
2021-06-15 10:51:42,S,256.3,1,5
2021-06-15 10:51:42,S,255.25,1,33
2021-06-15 10:51:42,S,255.0,3,477
2021-06-15 10:51:42,S,254.85,2,65
2021-06-15 10:51:42,S,254.7,2,17
2021-06-15 10:51:42,S,254.5,4,19
2021-06-15 10:51:45,S,255.95,2,39
2021-06-15 10:51:45,S,256.0,2,18
2021-06-15 10:51:45,S,256.1,2,32
2021-06-15 10:51:45,S,256.2,2,8
2021-06-15 10:51:45,S,256.3,2,25
2021-06-15 10:51:45,S,255.25,2,36
2021-06-15 10:51:45,S,255.0,3,477
2021-06-15 10:51:45,S,254.85,2,65
2021-06-15 10:51:45,S,254.7,2,17
2021-06-15 10:51:45,S,254.5,4,19
2021-06-15 10:51:52,S,255.6,1,7
2021-06-15 10:51:52,S,255.95,2,47
2021-06-15 10:51:52,S,256.0,2,18
2021-06-15 10:51:52,S,256.1,2,32
2021-06-15 10:51:52,S,256.2,2,8
2021-06-15 10:51:52,S,255.05,1,12
2021-06-15 10:51:52,S,255.0,3,477
2021-06-15 10:51:52,S,254.95,2,20
2021-06-15 10:51:52,S,254.85,2,65
2021-06-15 10:51:52,S,254.7,2,17
2021-06-15 10:51:53,S,255.6,1,7
2021-06-15 10:51:53,S,255.95,2,47
2021-06-15 10:51:53,S,256.0,2,18
2021-06-15 10:51:53,S,256.1,2,32
2021-06-15 10:51:53,S,256.2,2,8
2021-06-15 10:51:53,S,255.05,1,12
2021-06-15 10:51:53,S,255.0,3,477
2021-06-15 10:51:53,S,254.95,2,20
2021-06-15 10:51:53,S,254.85,2,65
2021-06-15 10:51:53,S,254.7,2,17
2021-06-15 10:51:54,S,255.6,1,7
2021-06-15 10:51:54,S,255.95,2,47
2021-06-15 10:51:54,S,256.0,2,18
2021-06-15 10:51:54,S,256.1,2,32
2021-06-15 10:51:54,S,256.2,2,8
2021-06-15 10:51:54,S,255.05,1,12
2021-06-15 10:51:54,S,255.0,3,477
2021-06-15 10:51:54,S,254.95,2,20
2021-06-15 10:51:54,S,254.85,2,65
2021-06-15 10:51:54,S,254.7,2,17
2021-06-15 10:51:57,S,255.05,1,7
2021-06-15 10:51:57,S,255.8,2,47
2021-06-15 10:51:57,S,255.85,2,18
2021-06-15 10:51:57,S,256.0,2,20
2021-06-15 10:51:57,S,256.1,3,37
2021-06-15 10:51:57,S,255.0,3,724
2021-06-15 10:51:57,S,254.85,2,65
2021-06-15 10:51:57,S,254.75,2,117
2021-06-15 10:51:57,S,254.7,2,17
2021-06-15 10:51:57,S,254.5,2,17
2021-06-15 10:51:56,S,255.05,1,7
2021-06-15 10:51:56,S,255.8,2,47
2021-06-15 10:51:56,S,255.85,2,18
2021-06-15 10:51:56,S,256.0,2,20
2021-06-15 10:51:56,S,256.1,3,37
2021-06-15 10:51:56,S,255.0,3,724
2021-06-15 10:51:56,S,254.85,2,65
2021-06-15 10:51:56,S,254.75,2,117
2021-06-15 10:51:56,S,254.7,2,17
2021-06-15 10:51:56,S,254.5,2,17
2021-06-15 10:51:59,S,255.9,1,32
2021-06-15 10:51:59,S,255.95,2,11
2021-06-15 10:51:59,S,256.0,2,20
2021-06-15 10:51:59,S,256.1,3,37
2021-06-15 10:51:59,S,256.2,3,13
2021-06-15 10:51:59,S,255.0,3,716
2021-06-15 10:51:59,S,254.85,2,62
2021-06-15 10:51:59,S,254.75,2,117
2021-06-15 10:51:59,S,254.7,2,17
2021-06-15 10:51:59,S,254.5,4,25
2021-06-15 10:52:02,S,255.9,2,38
2021-06-15 10:52:02,S,256.0,2,20
2021-06-15 10:52:02,S,256.1,3,37
2021-06-15 10:52:02,S,256.2,3,13
2021-06-15 10:52:02,S,256.3,1,20
2021-06-15 10:52:02,S,255.0,3,716
2021-06-15 10:52:02,S,254.9,1,20
2021-06-15 10:52:02,S,254.85,2,65
2021-06-15 10:52:02,S,254.75,2,117
2021-06-15 10:52:02,S,254.7,2,17
2021-06-15 10:52:04,S,255.9,2,38
2021-06-15 10:52:04,S,256.0,2,20
2021-06-15 10:52:04,S,256.1,3,37
2021-06-15 10:52:04,S,256.2,3,13
2021-06-15 10:52:04,S,256.3,1,20
2021-06-15 10:52:04,S,255.0,3,716
2021-06-15 10:52:04,S,254.9,1,20
2021-06-15 10:52:04,S,254.85,2,65
2021-06-15 10:52:04,S,254.75,2,117
2021-06-15 10:52:04,S,254.7,2,17
2021-06-15 10:52:06,S,255.45,1,6
2021-06-15 10:52:06,S,255.9,2,47
2021-06-15 10:52:06,S,256.0,2,20
2021-06-15 10:52:06,S,256.1,3,37
2021-06-15 10:52:06,S,256.2,3,13
2021-06-15 10:52:06,S,255.0,3,616
2021-06-15 10:52:06,S,254.9,1,3
2021-06-15 10:52:06,S,254.85,2,65
2021-06-15 10:52:06,S,254.75,2,117
2021-06-15 10:52:06,S,254.7,2,17
2021-06-15 10:52:08,S,255.45,1,6
2021-06-15 10:52:08,S,255.9,2,47
2021-06-15 10:52:08,S,256.0,2,20
2021-06-15 10:52:08,S,256.1,3,37
2021-06-15 10:52:08,S,256.2,3,13
2021-06-15 10:52:08,S,255.0,3,616
2021-06-15 10:52:08,S,254.9,1,3
2021-06-15 10:52:08,S,254.85,2,65
2021-06-15 10:52:08,S,254.75,2,117
2021-06-15 10:52:08,S,254.7,2,17
2021-06-15 10:52:09,S,255.45,1,6
2021-06-15 10:52:09,S,255.9,2,47
2021-06-15 10:52:09,S,256.0,2,20
2021-06-15 10:52:09,S,256.1,3,37
2021-06-15 10:52:09,S,256.2,3,13
2021-06-15 10:52:09,S,255.0,3,616
2021-06-15 10:52:09,S,254.9,1,3
2021-06-15 10:52:09,S,254.85,2,65
2021-06-15 10:52:09,S,254.75,2,117
2021-06-15 10:52:09,S,254.7,2,17
2021-06-15 10:52:09,S,255.55,2,20
2021-06-15 10:52:09,S,255.6,1,32
2021-06-15 10:52:09,S,255.65,1,7
2021-06-15 10:52:09,S,255.8,1,15
2021-06-15 10:52:09,S,255.9,1,15
2021-06-15 10:52:09,S,255.0,3,533
2021-06-15 10:52:09,S,254.85,1,48
2021-06-15 10:52:09,S,254.75,1,100
2021-06-15 10:52:09,S,254.7,1,3
2021-06-15 10:52:09,S,254.5,3,37
2021-06-15 10:52:13,S,255.9,1,32
2021-06-15 10:52:13,S,255.95,2,20
2021-06-15 10:52:13,S,256.0,3,23
2021-06-15 10:52:13,S,256.05,2,14
2021-06-15 10:52:13,S,256.1,3,37
2021-06-15 10:52:13,S,255.0,4,538
2021-06-15 10:52:13,S,254.85,1,48
2021-06-15 10:52:13,S,254.75,1,100
2021-06-15 10:52:13,S,254.7,1,3
2021-06-15 10:52:13,S,254.5,4,23
2021-06-15 10:52:19,S,255.45,1,6
2021-06-15 10:52:19,S,255.85,2,47
2021-06-15 10:52:19,S,255.95,2,20
2021-06-15 10:52:19,S,256.0,3,23
2021-06-15 10:52:19,S,256.05,2,14
2021-06-15 10:52:19,S,255.0,4,538
2021-06-15 10:52:19,S,254.85,1,48
2021-06-15 10:52:19,S,254.75,2,117
2021-06-15 10:52:19,S,254.7,1,3
2021-06-15 10:52:19,S,254.5,2,17
2021-06-15 10:52:23,S,255.45,1,6
2021-06-15 10:52:23,S,255.85,2,47
2021-06-15 10:52:23,S,255.95,2,20
2021-06-15 10:52:23,S,256.0,3,23
2021-06-15 10:52:23,S,256.05,2,14
2021-06-15 10:52:23,S,255.0,4,538
2021-06-15 10:52:23,S,254.85,1,48
2021-06-15 10:52:23,S,254.75,2,117
2021-06-15 10:52:23,S,254.7,1,3
2021-06-15 10:52:23,S,254.5,2,17
2021-06-15 10:52:25,S,255.9,1,32
2021-06-15 10:52:25,S,255.95,2,20
2021-06-15 10:52:25,S,256.0,3,23
2021-06-15 10:52:25,S,256.05,2,14
2021-06-15 10:52:25,S,256.1,3,37
2021-06-15 10:52:25,S,255.0,4,486
2021-06-15 10:52:25,S,254.9,1,3
2021-06-15 10:52:25,S,254.85,1,48
2021-06-15 10:52:25,S,254.75,1,100
2021-06-15 10:52:25,S,254.7,1,3
2021-06-15 10:52:32,S,255.9,2,38
2021-06-15 10:52:32,S,255.95,2,20
2021-06-15 10:52:32,S,256.0,3,23
2021-06-15 10:52:32,S,256.05,2,14
2021-06-15 10:52:32,S,256.1,3,37
2021-06-15 10:52:32,S,255.0,4,486
2021-06-15 10:52:32,S,254.9,1,3
2021-06-15 10:52:32,S,254.85,1,48
2021-06-15 10:52:32,S,254.75,1,100
2021-06-15 10:52:32,S,254.7,1,3
2021-06-15 10:52:35,S,255.45,1,6
2021-06-15 10:52:35,S,255.9,2,47
2021-06-15 10:52:35,S,255.95,2,20
2021-06-15 10:52:35,S,256.0,3,23
2021-06-15 10:52:35,S,256.05,2,14
2021-06-15 10:52:35,S,255.0,4,486
2021-06-15 10:52:35,S,254.85,1,48
2021-06-15 10:52:35,S,254.75,1,100
2021-06-15 10:52:35,S,254.7,1,3
2021-06-15 10:52:35,S,254.5,3,37
2021-06-15 10:52:38,S,255.9,1,32
2021-06-15 10:52:38,S,255.95,2,20
2021-06-15 10:52:38,S,256.0,3,23
2021-06-15 10:52:38,S,256.05,2,14
2021-06-15 10:52:38,S,256.1,3,37
2021-06-15 10:52:38,S,255.0,4,435
2021-06-15 10:52:38,S,254.9,1,3
2021-06-15 10:52:38,S,254.85,1,48
2021-06-15 10:52:38,S,254.75,1,100
2021-06-15 10:52:38,S,254.7,1,3
2021-06-15 10:52:47,S,255.9,2,38
2021-06-15 10:52:47,S,255.95,2,20
2021-06-15 10:52:47,S,256.0,3,23
2021-06-15 10:52:47,S,256.05,3,34
2021-06-15 10:52:47,S,256.1,3,37
2021-06-15 10:52:47,S,255.0,4,435
2021-06-15 10:52:47,S,254.9,1,3
2021-06-15 10:52:47,S,254.85,1,48
2021-06-15 10:52:47,S,254.75,1,100
2021-06-15 10:52:47,S,254.7,1,3
2021-06-15 10:52:50,S,255.45,1,6
2021-06-15 10:52:50,S,255.9,2,47
2021-06-15 10:52:50,S,255.95,2,20
2021-06-15 10:52:50,S,256.0,3,23
2021-06-15 10:52:50,S,256.05,2,14
2021-06-15 10:52:50,S,255.0,4,435
2021-06-15 10:52:50,S,254.85,1,48
2021-06-15 10:52:50,S,254.75,1,100
2021-06-15 10:52:50,S,254.7,1,3
2021-06-15 10:52:50,S,254.5,3,37
2021-06-15 10:52:53,S,255.45,1,6
2021-06-15 10:52:53,S,255.75,1,32
2021-06-15 10:52:53,S,255.8,2,18
2021-06-15 10:52:53,S,255.9,1,15
2021-06-15 10:52:53,S,255.95,2,20
2021-06-15 10:52:53,S,255.0,4,435
2021-06-15 10:52:53,S,254.85,1,48
2021-06-15 10:52:53,S,254.75,1,100
2021-06-15 10:52:53,S,254.7,1,3
2021-06-15 10:52:53,S,254.5,3,37
2021-06-15 10:52:56,S,255.75,1,32
2021-06-15 10:52:56,S,255.8,2,18
2021-06-15 10:52:56,S,255.95,2,20
2021-06-15 10:52:56,S,256.0,3,23
2021-06-15 10:52:56,S,256.05,2,14
2021-06-15 10:52:56,S,255.0,4,380
2021-06-15 10:52:56,S,254.85,1,48
2021-06-15 10:52:56,S,254.75,1,100
2021-06-15 10:52:56,S,254.7,1,3
2021-06-15 10:52:56,S,254.5,3,37
2021-06-15 10:53:02,S,255.7,1,32
2021-06-15 10:53:02,S,255.75,2,24
2021-06-15 10:53:02,S,255.95,2,20
2021-06-15 10:53:02,S,256.0,3,23
2021-06-15 10:53:02,S,256.05,2,14
2021-06-15 10:53:02,S,255.0,4,380
2021-06-15 10:53:02,S,254.85,1,48
2021-06-15 10:53:02,S,254.75,1,100
2021-06-15 10:53:02,S,254.7,1,3
2021-06-15 10:53:02,S,254.5,3,37
2021-06-15 10:53:04,S,255.35,2,14
2021-06-15 10:53:04,S,255.7,2,47
2021-06-15 10:53:04,S,255.75,1,17
2021-06-15 10:53:04,S,255.8,1,3
2021-06-15 10:53:04,S,255.9,1,20
2021-06-15 10:53:04,S,255.0,4,380
2021-06-15 10:53:04,S,254.85,1,48
2021-06-15 10:53:04,S,254.75,1,100
2021-06-15 10:53:04,S,254.7,1,3
2021-06-15 10:53:04,S,254.5,3,37
2021-06-15 10:53:08,S,255.35,2,14
2021-06-15 10:53:08,S,255.7,2,47
2021-06-15 10:53:08,S,255.75,1,17
2021-06-15 10:53:08,S,255.8,1,3
2021-06-15 10:53:08,S,255.9,1,20
2021-06-15 10:53:08,S,255.0,4,380
2021-06-15 10:53:08,S,254.85,1,48
2021-06-15 10:53:08,S,254.75,1,100
2021-06-15 10:53:08,S,254.7,1,3
2021-06-15 10:53:08,S,254.5,3,37
2021-06-15 10:53:10,S,255.75,1,32
2021-06-15 10:53:10,S,255.8,2,10
2021-06-15 10:53:10,S,255.95,2,20
2021-06-15 10:53:10,S,256.0,3,23
2021-06-15 10:53:10,S,256.05,2,14
2021-06-15 10:53:10,S,255.0,4,317
2021-06-15 10:53:10,S,254.85,1,48
2021-06-15 10:53:10,S,254.75,1,100
2021-06-15 10:53:10,S,254.5,2,23
2021-06-15 10:53:10,S,254.45,3,122
2021-06-15 10:53:16,S,255.7,1,32
2021-06-15 10:53:16,S,255.75,2,22
2021-06-15 10:53:16,S,255.9,1,20
2021-06-15 10:53:16,S,255.95,2,20
2021-06-15 10:53:16,S,256.0,3,23
2021-06-15 10:53:16,S,255.0,4,317
2021-06-15 10:53:16,S,254.85,1,48
2021-06-15 10:53:16,S,254.75,1,100
2021-06-15 10:53:16,S,254.5,2,23
2021-06-15 10:53:16,S,254.45,3,122
2021-06-15 10:53:19,S,255.35,2,14
2021-06-15 10:53:19,S,255.7,1,32
2021-06-15 10:53:19,S,255.75,2,18
2021-06-15 10:53:19,S,255.9,1,20
2021-06-15 10:53:19,S,255.95,2,20
2021-06-15 10:53:19,S,255.0,4,317
2021-06-15 10:53:19,S,254.85,1,48
2021-06-15 10:53:19,S,254.75,1,100
2021-06-15 10:53:19,S,254.5,2,23
2021-06-15 10:53:19,S,254.45,3,122
2021-06-15 10:53:23,S,255.35,2,14
2021-06-15 10:53:23,S,255.7,1,32
2021-06-15 10:53:23,S,255.75,2,18
2021-06-15 10:53:23,S,255.9,1,20
2021-06-15 10:53:23,S,255.95,2,20
2021-06-15 10:53:23,S,255.0,4,317
2021-06-15 10:53:23,S,254.85,1,48
2021-06-15 10:53:23,S,254.75,1,100
2021-06-15 10:53:23,S,254.5,2,23
2021-06-15 10:53:23,S,254.45,3,122
2021-06-15 10:53:25,S,255.9,1,32
2021-06-15 10:53:25,S,255.95,2,20
2021-06-15 10:53:25,S,256.0,3,23
2021-06-15 10:53:25,S,256.05,2,14
2021-06-15 10:53:25,S,256.1,3,37
2021-06-15 10:53:25,S,255.0,3,754
2021-06-15 10:53:25,S,254.85,2,51
2021-06-15 10:53:25,S,254.75,1,100
2021-06-15 10:53:25,S,254.5,3,9
2021-06-15 10:53:25,S,254.45,3,122
2021-06-15 10:53:32,S,255.85,1,32
2021-06-15 10:53:32,S,255.9,2,21
2021-06-15 10:53:32,S,255.95,2,20
2021-06-15 10:53:32,S,256.0,3,23
2021-06-15 10:53:32,S,256.05,2,14
2021-06-15 10:53:32,S,255.0,3,754
2021-06-15 10:53:32,S,254.85,2,51
2021-06-15 10:53:32,S,254.8,1,20
2021-06-15 10:53:32,S,254.75,1,100
2021-06-15 10:53:32,S,254.5,1,3
2021-06-15 10:53:34,S,255.45,1,6
2021-06-15 10:53:34,S,255.85,2,47
2021-06-15 10:53:34,S,255.95,2,20
2021-06-15 10:53:34,S,256.0,3,23
2021-06-15 10:53:34,S,256.05,2,14
2021-06-15 10:53:34,S,255.0,3,754
2021-06-15 10:53:34,S,254.85,1,48
2021-06-15 10:53:34,S,254.75,1,100
2021-06-15 10:53:34,S,254.7,1,3
2021-06-15 10:53:34,S,254.5,1,3
2021-06-15 10:53:35,S,255.45,1,6
2021-06-15 10:53:35,S,255.85,2,47
2021-06-15 10:53:35,S,255.95,2,20
2021-06-15 10:53:35,S,256.0,3,23
2021-06-15 10:53:35,S,256.05,2,14
2021-06-15 10:53:35,S,255.0,3,754
2021-06-15 10:53:35,S,254.85,1,48
2021-06-15 10:53:35,S,254.75,1,100
2021-06-15 10:53:35,S,254.7,1,3
2021-06-15 10:53:35,S,254.5,1,3
2021-06-15 10:53:40,S,256.05,1,32
2021-06-15 10:53:40,S,256.1,2,32
2021-06-15 10:53:40,S,256.25,2,18
2021-06-15 10:53:40,S,256.5,1,3
2021-06-15 10:53:40,S,256.7,1,20
2021-06-15 10:53:40,S,255.35,2,42
2021-06-15 10:53:40,S,255.3,2,13
2021-06-15 10:53:40,S,255.25,2,63
2021-06-15 10:53:40,S,255.15,1,20
2021-06-15 10:53:40,S,255.1,2,20
2021-06-15 10:53:44,S,255.95,1,32
2021-06-15 10:53:44,S,256.0,1,14
2021-06-15 10:53:44,S,256.1,2,32
2021-06-15 10:53:44,S,256.25,1,3
2021-06-15 10:53:44,S,256.5,1,3
2021-06-15 10:53:44,S,255.35,2,42
2021-06-15 10:53:44,S,255.3,2,13
2021-06-15 10:53:44,S,255.25,2,63
2021-06-15 10:53:44,S,255.15,1,20
2021-06-15 10:53:44,S,255.1,2,20
2021-06-15 10:53:46,S,255.9,1,32
2021-06-15 10:53:46,S,255.95,2,20
2021-06-15 10:53:46,S,256.1,2,32
2021-06-15 10:53:46,S,256.5,1,3
2021-06-15 10:53:46,S,256.55,1,3
2021-06-15 10:53:46,S,255.35,2,42
2021-06-15 10:53:46,S,255.3,2,13
2021-06-15 10:53:46,S,255.25,2,63
2021-06-15 10:53:46,S,255.1,2,20
2021-06-15 10:53:46,S,255.0,6,781
2021-06-15 10:53:49,S,255.65,1,6
2021-06-15 10:53:49,S,256.05,2,46
2021-06-15 10:53:49,S,256.1,2,32
2021-06-15 10:53:49,S,256.5,1,3
2021-06-15 10:53:49,S,256.55,1,3
2021-06-15 10:53:49,S,255.35,2,42
2021-06-15 10:53:49,S,255.25,2,63
2021-06-15 10:53:49,S,255.15,2,37
2021-06-15 10:53:49,S,255.1,2,20
2021-06-15 10:53:49,S,255.0,7,784
2021-06-15 10:53:50,S,255.65,1,6
2021-06-15 10:53:50,S,256.05,2,46
2021-06-15 10:53:50,S,256.1,2,32
2021-06-15 10:53:50,S,256.5,1,3
2021-06-15 10:53:50,S,256.55,1,3
2021-06-15 10:53:50,S,255.35,2,42
2021-06-15 10:53:50,S,255.25,2,63
2021-06-15 10:53:50,S,255.15,2,37
2021-06-15 10:53:50,S,255.1,2,20
2021-06-15 10:53:50,S,255.0,7,784
2021-06-15 10:53:52,S,255.65,1,6
2021-06-15 10:53:52,S,256.05,2,46
2021-06-15 10:53:52,S,256.1,2,32
2021-06-15 10:53:52,S,256.2,1,3
2021-06-15 10:53:52,S,256.5,1,3
2021-06-15 10:53:52,S,255.35,2,42
2021-06-15 10:53:52,S,255.25,3,75
2021-06-15 10:53:52,S,255.15,2,37
2021-06-15 10:53:52,S,255.1,2,20
2021-06-15 10:53:52,S,255.0,7,784
2021-06-15 10:53:55,S,256.05,1,32
2021-06-15 10:53:55,S,256.1,2,32
2021-06-15 10:53:55,S,256.3,1,3
2021-06-15 10:53:55,S,256.5,1,3
2021-06-15 10:53:55,S,256.6,1,3
2021-06-15 10:53:55,S,255.35,2,13
2021-06-15 10:53:55,S,255.25,2,63
2021-06-15 10:53:55,S,255.1,2,20
2021-06-15 10:53:55,S,255.0,6,781
2021-06-15 10:53:55,S,254.95,1,3
2021-06-15 10:53:58,S,256.05,1,32
2021-06-15 10:53:58,S,256.1,2,32
2021-06-15 10:53:58,S,256.25,2,19
2021-06-15 10:53:58,S,256.5,2,19
2021-06-15 10:53:58,S,256.55,1,3
2021-06-15 10:53:58,S,255.35,2,13
2021-06-15 10:53:58,S,255.25,2,63
2021-06-15 10:53:58,S,255.15,2,37
2021-06-15 10:53:58,S,255.1,2,20
2021-06-15 10:53:58,S,255.0,6,781
2021-06-15 10:54:01,S,256.0,1,32
2021-06-15 10:54:01,S,256.05,2,21
2021-06-15 10:54:01,S,256.1,2,32
2021-06-15 10:54:01,S,256.25,2,19
2021-06-15 10:54:01,S,256.5,2,19
2021-06-15 10:54:01,S,255.35,2,13
2021-06-15 10:54:01,S,255.25,2,63
2021-06-15 10:54:01,S,255.1,2,20
2021-06-15 10:54:01,S,255.0,6,781
2021-06-15 10:54:01,S,254.95,1,3
2021-06-15 10:54:04,S,255.7,1,5
2021-06-15 10:54:04,S,256.0,2,46
2021-06-15 10:54:04,S,256.1,2,32
2021-06-15 10:54:04,S,256.25,2,19
2021-06-15 10:54:04,S,256.5,2,19
2021-06-15 10:54:04,S,255.25,2,63
2021-06-15 10:54:04,S,255.2,2,27
2021-06-15 10:54:04,S,255.1,2,20
2021-06-15 10:54:04,S,255.0,5,776
2021-06-15 10:54:04,S,254.95,1,3
2021-06-15 10:54:08,S,255.7,1,5
2021-06-15 10:54:08,S,256.0,2,46
2021-06-15 10:54:08,S,256.1,2,32
2021-06-15 10:54:08,S,256.25,2,19
2021-06-15 10:54:08,S,256.5,2,19
2021-06-15 10:54:08,S,255.25,2,63
2021-06-15 10:54:08,S,255.2,2,27
2021-06-15 10:54:08,S,255.1,2,20
2021-06-15 10:54:08,S,255.0,5,776
2021-06-15 10:54:08,S,254.95,1,3
2021-06-15 10:54:10,S,256.0,1,32
2021-06-15 10:54:10,S,256.05,2,19
2021-06-15 10:54:10,S,256.1,2,32
2021-06-15 10:54:10,S,256.25,2,19
2021-06-15 10:54:10,S,256.35,1,2
2021-06-15 10:54:10,S,255.25,2,13
2021-06-15 10:54:10,S,255.1,2,20
2021-06-15 10:54:10,S,255.05,2,37
2021-06-15 10:54:10,S,255.0,5,776
2021-06-15 10:54:10,S,254.95,1,3
2021-06-15 10:54:13,S,256.0,1,32
2021-06-15 10:54:13,S,256.05,2,19
2021-06-15 10:54:13,S,256.1,2,32
2021-06-15 10:54:13,S,256.25,2,19
2021-06-15 10:54:13,S,256.35,1,2
2021-06-15 10:54:13,S,255.25,2,13
2021-06-15 10:54:13,S,255.1,2,20
2021-06-15 10:54:13,S,255.05,2,37
2021-06-15 10:54:13,S,255.0,5,776
2021-06-15 10:54:13,S,254.95,1,3
2021-06-15 10:54:16,S,256.0,2,38
2021-06-15 10:54:16,S,256.1,2,32
2021-06-15 10:54:16,S,256.25,2,19
2021-06-15 10:54:16,S,256.35,1,2
2021-06-15 10:54:16,S,256.45,1,2
2021-06-15 10:54:16,S,255.25,2,13
2021-06-15 10:54:16,S,255.1,2,20
2021-06-15 10:54:16,S,255.0,5,776
2021-06-15 10:54:16,S,254.95,1,3
2021-06-15 10:54:16,S,254.9,1,5
2021-06-15 10:54:22,S,255.65,1,6
2021-06-15 10:54:22,S,255.95,2,46
2021-06-15 10:54:22,S,256.0,2,17
2021-06-15 10:54:22,S,256.1,2,32
2021-06-15 10:54:22,S,256.25,2,19
2021-06-15 10:54:22,S,255.25,2,13
2021-06-15 10:54:22,S,255.1,2,20
2021-06-15 10:54:22,S,255.0,5,776
2021-06-15 10:54:22,S,254.95,1,3
2021-06-15 10:54:22,S,254.9,2,25
2021-06-15 10:54:22,S,255.65,1,6
2021-06-15 10:54:22,S,255.95,2,46
2021-06-15 10:54:22,S,256.0,2,17
2021-06-15 10:54:22,S,256.1,2,32
2021-06-15 10:54:22,S,256.25,2,19
2021-06-15 10:54:22,S,255.25,2,13
2021-06-15 10:54:22,S,255.1,2,20
2021-06-15 10:54:22,S,255.0,5,776
2021-06-15 10:54:22,S,254.95,1,3
2021-06-15 10:54:22,S,254.9,2,25
2021-06-15 10:54:24,S,255.25,1,4
2021-06-15 10:54:24,S,255.95,2,46
2021-06-15 10:54:24,S,256.1,2,32
2021-06-15 10:54:24,S,256.25,2,19
2021-06-15 10:54:24,S,256.35,1,2
2021-06-15 10:54:24,S,255.0,4,759
2021-06-15 10:54:24,S,254.85,2,65
2021-06-15 10:54:24,S,254.75,1,100
2021-06-15 10:54:24,S,254.7,1,3
2021-06-15 10:54:24,S,254.5,3,28
2021-06-15 10:54:27,S,255.25,1,4
2021-06-15 10:54:27,S,255.95,2,46
2021-06-15 10:54:27,S,256.1,2,32
2021-06-15 10:54:27,S,256.25,2,19
2021-06-15 10:54:27,S,256.35,1,2
2021-06-15 10:54:27,S,255.0,4,759
2021-06-15 10:54:27,S,254.85,2,65
2021-06-15 10:54:27,S,254.75,1,100
2021-06-15 10:54:27,S,254.7,1,3
2021-06-15 10:54:27,S,254.5,3,28
2021-06-15 10:54:31,S,256.0,1,32
2021-06-15 10:54:31,S,256.05,3,27
2021-06-15 10:54:31,S,256.1,2,32
2021-06-15 10:54:31,S,256.2,3,20
2021-06-15 10:54:31,S,256.25,2,19
2021-06-15 10:54:31,S,255.0,4,744
2021-06-15 10:54:31,S,254.95,2,17
2021-06-15 10:54:31,S,254.85,2,65
2021-06-15 10:54:31,S,254.75,2,117
2021-06-15 10:54:31,S,254.7,1,3
2021-06-15 10:54:37,S,255.5,1,7
2021-06-15 10:54:37,S,256.0,2,46
2021-06-15 10:54:37,S,256.05,2,20
2021-06-15 10:54:37,S,256.1,2,32
2021-06-15 10:54:37,S,256.2,3,20
2021-06-15 10:54:37,S,255.0,4,744
2021-06-15 10:54:37,S,254.85,2,65
2021-06-15 10:54:37,S,254.75,2,117
2021-06-15 10:54:37,S,254.7,1,3
2021-06-15 10:54:37,S,254.5,2,8
2021-06-15 10:54:40,S,256.0,1,32
2021-06-15 10:54:40,S,256.05,2,20
2021-06-15 10:54:40,S,256.1,2,32
2021-06-15 10:54:40,S,256.2,3,20
2021-06-15 10:54:40,S,256.25,2,19
2021-06-15 10:54:40,S,255.0,4,683
2021-06-15 10:54:40,S,254.9,2,17
2021-06-15 10:54:40,S,254.85,2,65
2021-06-15 10:54:40,S,254.75,2,117
2021-06-15 10:54:40,S,254.7,1,3
2021-06-15 10:54:46,S,256.0,2,38
2021-06-15 10:54:46,S,256.05,2,20
2021-06-15 10:54:46,S,256.1,2,32
2021-06-15 10:54:46,S,256.2,3,20
2021-06-15 10:54:46,S,256.25,2,19
2021-06-15 10:54:46,S,255.0,4,683
2021-06-15 10:54:46,S,254.9,3,37
2021-06-15 10:54:46,S,254.85,2,65
2021-06-15 10:54:46,S,254.75,2,117
2021-06-15 10:54:46,S,254.7,1,3
2021-06-15 10:54:49,S,255.5,1,6
2021-06-15 10:54:49,S,256.0,2,46
2021-06-15 10:54:49,S,256.05,2,20
2021-06-15 10:54:49,S,256.1,2,32
2021-06-15 10:54:49,S,256.2,3,20
2021-06-15 10:54:49,S,255.0,4,683
2021-06-15 10:54:49,S,254.9,2,34
2021-06-15 10:54:49,S,254.85,2,65
2021-06-15 10:54:49,S,254.75,2,117
2021-06-15 10:54:49,S,254.7,1,3
2021-06-15 10:54:53,S,255.5,1,6
2021-06-15 10:54:53,S,256.0,2,46
2021-06-15 10:54:53,S,256.05,2,20
2021-06-15 10:54:53,S,256.1,2,32
2021-06-15 10:54:53,S,256.2,3,20
2021-06-15 10:54:53,S,255.0,4,683
2021-06-15 10:54:53,S,254.9,2,34
2021-06-15 10:54:53,S,254.85,2,65
2021-06-15 10:54:53,S,254.75,2,117
2021-06-15 10:54:53,S,254.7,1,3
2021-06-15 10:54:55,S,256.05,1,32
2021-06-15 10:54:55,S,256.1,2,32
2021-06-15 10:54:55,S,256.2,3,20
2021-06-15 10:54:55,S,256.25,2,19
2021-06-15 10:54:55,S,256.45,2,6
2021-06-15 10:54:55,S,255.0,4,629
2021-06-15 10:54:55,S,254.9,2,17
2021-06-15 10:54:55,S,254.85,3,70
2021-06-15 10:54:55,S,254.75,3,122
2021-06-15 10:54:55,S,254.7,1,3
2021-06-15 10:54:58,S,256.05,1,32
2021-06-15 10:54:58,S,256.1,2,32
2021-06-15 10:54:58,S,256.2,3,20
2021-06-15 10:54:58,S,256.25,2,19
2021-06-15 10:54:58,S,256.45,2,6
2021-06-15 10:54:58,S,255.05,2,35
2021-06-15 10:54:58,S,255.0,5,643
2021-06-15 10:54:58,S,254.9,2,17
2021-06-15 10:54:58,S,254.85,3,70
2021-06-15 10:54:58,S,254.75,3,122
2021-06-15 10:55:01,S,256.0,1,32
2021-06-15 10:55:01,S,256.05,3,26
2021-06-15 10:55:01,S,256.1,2,32
2021-06-15 10:55:01,S,256.2,3,20
2021-06-15 10:55:01,S,256.25,2,19
2021-06-15 10:55:01,S,255.05,2,35
2021-06-15 10:55:01,S,255.0,5,643
2021-06-15 10:55:01,S,254.9,3,37
2021-06-15 10:55:01,S,254.85,3,70
2021-06-15 10:55:01,S,254.75,3,122
2021-06-15 10:55:04,S,255.55,1,6
2021-06-15 10:55:04,S,256.0,2,46
2021-06-15 10:55:04,S,256.05,2,20
2021-06-15 10:55:04,S,256.1,2,32
2021-06-15 10:55:04,S,256.2,3,20
2021-06-15 10:55:04,S,255.05,3,335
2021-06-15 10:55:04,S,255.0,5,643
2021-06-15 10:55:04,S,254.9,2,17
2021-06-15 10:55:04,S,254.85,2,65
2021-06-15 10:55:04,S,254.75,2,117
2021-06-15 10:55:08,S,255.55,1,6
2021-06-15 10:55:08,S,256.0,3,71
2021-06-15 10:55:08,S,256.05,2,20
2021-06-15 10:55:08,S,256.1,2,32
2021-06-15 10:55:08,S,256.2,3,20
2021-06-15 10:55:08,S,255.05,3,335
2021-06-15 10:55:08,S,255.0,5,643
2021-06-15 10:55:08,S,254.9,2,17
2021-06-15 10:55:08,S,254.85,2,65
2021-06-15 10:55:08,S,254.75,2,117
2021-06-15 10:55:09,S,255.55,1,6
2021-06-15 10:55:09,S,256.0,3,71
2021-06-15 10:55:09,S,256.05,2,20
2021-06-15 10:55:09,S,256.1,2,32
2021-06-15 10:55:09,S,256.2,3,20
2021-06-15 10:55:09,S,255.05,3,335
2021-06-15 10:55:09,S,255.0,5,643
2021-06-15 10:55:09,S,254.9,2,17
2021-06-15 10:55:09,S,254.85,2,65
2021-06-15 10:55:09,S,254.75,2,117
2021-06-15 10:55:11,S,255.95,2,23
2021-06-15 10:55:11,S,256.0,1,7
2021-06-15 10:55:11,S,256.1,2,42
2021-06-15 10:55:11,S,256.35,2,19
2021-06-15 10:55:11,S,256.45,1,2
2021-06-15 10:55:11,S,255.25,2,55
2021-06-15 10:55:11,S,255.05,2,289
2021-06-15 10:55:11,S,255.0,5,643
2021-06-15 10:55:11,S,254.95,1,5
2021-06-15 10:55:11,S,254.9,2,17
2021-06-15 10:55:17,S,255.95,2,22
2021-06-15 10:55:17,S,256.1,2,42
2021-06-15 10:55:17,S,256.15,2,9
2021-06-15 10:55:17,S,256.3,1,20
2021-06-15 10:55:17,S,256.35,3,22
2021-06-15 10:55:17,S,255.25,2,55
2021-06-15 10:55:17,S,255.2,2,17
2021-06-15 10:55:17,S,255.05,2,289
2021-06-15 10:55:17,S,255.0,5,643
2021-06-15 10:55:17,S,254.95,1,5
2021-06-15 10:55:20,S,255.6,1,6
2021-06-15 10:55:20,S,256.0,2,30
2021-06-15 10:55:20,S,256.05,1,9
2021-06-15 10:55:20,S,256.1,2,42
2021-06-15 10:55:20,S,256.15,2,9
2021-06-15 10:55:20,S,255.25,2,55
2021-06-15 10:55:20,S,255.05,2,289
2021-06-15 10:55:20,S,255.0,5,643
2021-06-15 10:55:20,S,254.9,2,17
2021-06-15 10:55:20,S,254.85,3,70
2021-06-15 10:55:23,S,255.25,1,6
2021-06-15 10:55:23,S,256.0,2,30
2021-06-15 10:55:23,S,256.1,2,42
2021-06-15 10:55:23,S,256.15,2,9
2021-06-15 10:55:23,S,256.35,3,22
2021-06-15 10:55:23,S,255.05,1,275
2021-06-15 10:55:23,S,255.0,5,643
2021-06-15 10:55:23,S,254.95,2,29
2021-06-15 10:55:23,S,254.85,2,65
2021-06-15 10:55:23,S,254.75,2,117
2021-06-15 10:55:26,S,255.9,1,16
2021-06-15 10:55:26,S,255.95,2,17
2021-06-15 10:55:26,S,256.1,2,42
2021-06-15 10:55:26,S,256.15,2,9
2021-06-15 10:55:26,S,256.35,3,22
2021-06-15 10:55:26,S,255.3,2,30
2021-06-15 10:55:26,S,255.1,2,35
2021-06-15 10:55:26,S,255.05,2,289
2021-06-15 10:55:26,S,255.0,5,643
2021-06-15 10:55:26,S,254.85,2,65
2021-06-15 10:55:33,S,255.9,3,27
2021-06-15 10:55:33,S,256.1,2,42
2021-06-15 10:55:33,S,256.15,2,9
2021-06-15 10:55:33,S,256.3,1,20
2021-06-15 10:55:33,S,256.35,3,22
2021-06-15 10:55:33,S,255.3,2,30
2021-06-15 10:55:33,S,255.25,2,17
2021-06-15 10:55:33,S,255.1,2,35
2021-06-15 10:55:33,S,255.05,3,292
2021-06-15 10:55:33,S,255.0,5,643
2021-06-15 10:55:36,S,255.6,1,5
2021-06-15 10:55:36,S,255.9,2,22
2021-06-15 10:55:36,S,256.1,2,42
2021-06-15 10:55:36,S,256.15,2,9
2021-06-15 10:55:36,S,256.3,1,20
2021-06-15 10:55:36,S,255.3,2,30
2021-06-15 10:55:36,S,255.1,2,35
2021-06-15 10:55:36,S,255.05,3,292
2021-06-15 10:55:36,S,255.0,5,643
2021-06-15 10:55:36,S,254.9,1,3
2021-06-15 10:55:38,S,255.6,1,5
2021-06-15 10:55:38,S,255.9,2,22
2021-06-15 10:55:38,S,256.1,2,42
2021-06-15 10:55:38,S,256.15,2,9
2021-06-15 10:55:38,S,256.3,1,20
2021-06-15 10:55:38,S,255.3,2,30
2021-06-15 10:55:38,S,255.1,2,35
2021-06-15 10:55:38,S,255.05,3,292
2021-06-15 10:55:38,S,255.0,5,643
2021-06-15 10:55:38,S,254.9,1,3
2021-06-15 10:55:39,S,255.9,2,22
2021-06-15 10:55:39,S,256.1,2,42
2021-06-15 10:55:39,S,256.15,2,9
2021-06-15 10:55:39,S,256.3,1,20
2021-06-15 10:55:39,S,256.35,3,22
2021-06-15 10:55:39,S,255.3,2,7
2021-06-15 10:55:39,S,255.1,2,35
2021-06-15 10:55:39,S,255.05,3,292
2021-06-15 10:55:39,S,255.0,5,643
2021-06-15 10:55:39,S,254.9,1,3
2021-06-15 10:55:41,S,255.9,2,22
2021-06-15 10:55:41,S,256.1,2,42
2021-06-15 10:55:41,S,256.15,2,9
2021-06-15 10:55:41,S,256.3,1,20
2021-06-15 10:55:41,S,256.35,3,22
2021-06-15 10:55:41,S,255.5,1,25
2021-06-15 10:55:41,S,255.3,2,7
2021-06-15 10:55:41,S,255.05,3,292
2021-06-15 10:55:41,S,255.0,5,643
2021-06-15 10:55:41,S,254.9,1,3
2021-06-15 10:55:47,S,255.9,3,28
2021-06-15 10:55:47,S,255.95,2,22
2021-06-15 10:55:47,S,256.0,2,210
2021-06-15 10:55:47,S,256.1,2,42
2021-06-15 10:55:47,S,256.15,2,9
2021-06-15 10:55:47,S,255.5,1,25
2021-06-15 10:55:47,S,255.3,1,4
2021-06-15 10:55:47,S,255.05,3,292
2021-06-15 10:55:47,S,255.0,5,643
2021-06-15 10:55:47,S,254.9,1,3
2021-06-15 10:55:50,S,255.65,2,22
2021-06-15 10:55:50,S,255.7,2,12
2021-06-15 10:55:50,S,255.85,1,13
2021-06-15 10:55:50,S,255.9,1,6
2021-06-15 10:55:50,S,255.95,2,30
2021-06-15 10:55:50,S,255.5,1,25
2021-06-15 10:55:50,S,255.3,1,4
2021-06-15 10:55:50,S,255.05,3,292
2021-06-15 10:55:50,S,255.0,5,643
2021-06-15 10:55:50,S,254.9,1,3
2021-06-15 10:55:53,S,255.5,1,6
2021-06-15 10:55:53,S,255.65,2,22
2021-06-15 10:55:53,S,255.95,2,30
2021-06-15 10:55:53,S,256.0,2,210
2021-06-15 10:55:53,S,256.1,2,42
2021-06-15 10:55:53,S,255.3,1,4
2021-06-15 10:55:53,S,255.05,2,289
2021-06-15 10:55:53,S,255.0,5,643
2021-06-15 10:55:53,S,254.9,1,3
2021-06-15 10:55:53,S,254.85,2,65
2021-06-15 10:55:57,S,255.5,1,6
2021-06-15 10:55:57,S,255.65,2,22
2021-06-15 10:55:57,S,255.95,2,30
2021-06-15 10:55:57,S,256.0,2,210
2021-06-15 10:55:57,S,256.1,2,42
2021-06-15 10:55:57,S,255.3,1,4
2021-06-15 10:55:57,S,255.05,2,289
2021-06-15 10:55:57,S,255.0,5,643
2021-06-15 10:55:57,S,254.9,1,3
2021-06-15 10:55:57,S,254.85,2,65
2021-06-15 10:55:59,S,255.85,3,34
2021-06-15 10:55:59,S,255.9,2,12
2021-06-15 10:55:59,S,256.0,2,210
2021-06-15 10:55:59,S,256.1,2,42
2021-06-15 10:55:59,S,256.15,2,9
2021-06-15 10:55:59,S,255.3,1,20
2021-06-15 10:55:59,S,255.05,2,292
2021-06-15 10:55:59,S,255.0,5,643
2021-06-15 10:55:59,S,254.9,2,20
2021-06-15 10:55:59,S,254.85,2,65
2021-06-15 10:56:01,S,255.85,4,40
2021-06-15 10:56:01,S,255.9,2,12
2021-06-15 10:56:01,S,256.0,2,210
2021-06-15 10:56:01,S,256.1,2,42
2021-06-15 10:56:01,S,256.15,2,9
2021-06-15 10:56:01,S,255.3,1,20
2021-06-15 10:56:01,S,255.2,1,3
2021-06-15 10:56:01,S,255.05,2,292
2021-06-15 10:56:01,S,255.0,5,643
2021-06-15 10:56:01,S,254.9,2,20
2021-06-15 10:56:04,S,255.6,1,6
2021-06-15 10:56:04,S,255.85,2,22
2021-06-15 10:56:04,S,255.9,2,12
2021-06-15 10:56:04,S,256.0,2,210
2021-06-15 10:56:04,S,256.1,2,42
2021-06-15 10:56:04,S,255.3,1,20
2021-06-15 10:56:04,S,255.1,2,17
2021-06-15 10:56:04,S,255.05,2,292
2021-06-15 10:56:04,S,255.0,5,643
2021-06-15 10:56:04,S,254.9,2,20
2021-06-15 10:56:08,S,255.6,1,6
2021-06-15 10:56:08,S,255.85,2,22
2021-06-15 10:56:08,S,255.9,2,12
2021-06-15 10:56:08,S,256.0,2,210
2021-06-15 10:56:08,S,256.1,2,42
2021-06-15 10:56:08,S,255.3,1,20
2021-06-15 10:56:08,S,255.1,2,17
2021-06-15 10:56:08,S,255.05,2,292
2021-06-15 10:56:08,S,255.0,5,643
2021-06-15 10:56:08,S,254.9,2,20
2021-06-15 10:56:10,S,255.75,2,23
2021-06-15 10:56:10,S,256.0,2,210
2021-06-15 10:56:10,S,256.1,2,42
2021-06-15 10:56:10,S,256.15,2,9
2021-06-15 10:56:10,S,256.35,3,22
2021-06-15 10:56:10,S,255.3,1,20
2021-06-15 10:56:10,S,255.1,2,17
2021-06-15 10:56:10,S,255.05,2,292
2021-06-15 10:56:10,S,255.0,5,643
2021-06-15 10:56:10,S,254.9,2,20
2021-06-15 10:56:16,S,255.75,3,29
2021-06-15 10:56:16,S,255.8,2,27
2021-06-15 10:56:16,S,255.9,2,20
2021-06-15 10:56:16,S,255.95,1,14
2021-06-15 10:56:16,S,256.0,2,210
2021-06-15 10:56:16,S,255.3,1,20
2021-06-15 10:56:16,S,255.1,2,17
2021-06-15 10:56:16,S,255.05,2,292
2021-06-15 10:56:16,S,255.0,5,643
2021-06-15 10:56:16,S,254.9,2,20
2021-06-15 10:56:22,S,255.55,1,6
2021-06-15 10:56:22,S,255.75,2,23
2021-06-15 10:56:22,S,255.8,1,14
2021-06-15 10:56:22,S,255.85,1,20
2021-06-15 10:56:22,S,255.9,2,20
2021-06-15 10:56:22,S,255.3,1,20
2021-06-15 10:56:22,S,255.1,1,14
2021-06-15 10:56:22,S,255.05,2,292
2021-06-15 10:56:22,S,255.0,5,643
2021-06-15 10:56:22,S,254.9,2,20
2021-06-15 10:56:22,S,255.55,1,6
2021-06-15 10:56:22,S,255.75,2,23
2021-06-15 10:56:22,S,255.8,1,14
2021-06-15 10:56:22,S,255.85,1,20
2021-06-15 10:56:22,S,255.9,2,20
2021-06-15 10:56:22,S,255.3,1,20
2021-06-15 10:56:22,S,255.1,1,14
2021-06-15 10:56:22,S,255.05,2,292
2021-06-15 10:56:22,S,255.0,5,643
2021-06-15 10:56:22,S,254.9,2,20
2021-06-15 10:56:25,S,255.75,2,23
2021-06-15 10:56:25,S,255.8,1,14
2021-06-15 10:56:25,S,255.85,1,15
2021-06-15 10:56:25,S,255.9,2,20
2021-06-15 10:56:25,S,255.95,1,14
2021-06-15 10:56:25,S,255.1,2,13
2021-06-15 10:56:25,S,255.05,2,292
2021-06-15 10:56:25,S,255.0,5,643
2021-06-15 10:56:25,S,254.9,2,20
2021-06-15 10:56:25,S,254.85,2,65
2021-06-15 10:56:30,S,255.75,3,29
2021-06-15 10:56:30,S,255.85,2,34
2021-06-15 10:56:30,S,255.9,2,20
2021-06-15 10:56:30,S,256.0,2,210
2021-06-15 10:56:30,S,256.1,2,42
2021-06-15 10:56:30,S,255.05,1,275
2021-06-15 10:56:30,S,255.0,5,643
2021-06-15 10:56:30,S,254.9,2,20
2021-06-15 10:56:30,S,254.85,2,65
2021-06-15 10:56:30,S,254.75,2,117
2021-06-15 10:56:34,S,255.75,3,29
2021-06-15 10:56:34,S,255.85,2,34
2021-06-15 10:56:34,S,255.9,2,20
2021-06-15 10:56:34,S,256.0,2,210
2021-06-15 10:56:34,S,256.1,2,42
2021-06-15 10:56:34,S,255.05,1,275
2021-06-15 10:56:34,S,255.0,5,643
2021-06-15 10:56:34,S,254.9,2,20
2021-06-15 10:56:34,S,254.85,2,65
2021-06-15 10:56:34,S,254.75,2,117
2021-06-15 10:56:35,S,255.75,3,29
2021-06-15 10:56:35,S,255.85,2,34
2021-06-15 10:56:35,S,255.9,2,20
2021-06-15 10:56:35,S,256.0,2,210
2021-06-15 10:56:35,S,256.1,2,42
2021-06-15 10:56:35,S,255.05,1,275
2021-06-15 10:56:35,S,255.0,5,643
2021-06-15 10:56:35,S,254.9,2,20
2021-06-15 10:56:35,S,254.85,2,65
2021-06-15 10:56:35,S,254.75,2,117
2021-06-15 10:56:36,S,255.4,1,6
2021-06-15 10:56:36,S,255.65,1,16
2021-06-15 10:56:36,S,255.7,2,17
2021-06-15 10:56:36,S,255.75,1,7
2021-06-15 10:56:36,S,255.85,1,17
2021-06-15 10:56:36,S,255.05,1,275
2021-06-15 10:56:36,S,255.0,5,643
2021-06-15 10:56:36,S,254.85,2,65
2021-06-15 10:56:36,S,254.75,2,117
2021-06-15 10:56:36,S,254.7,1,3
2021-06-15 10:56:38,S,255.4,1,6
2021-06-15 10:56:38,S,255.65,1,16
2021-06-15 10:56:38,S,255.7,2,17
2021-06-15 10:56:38,S,255.75,1,7
2021-06-15 10:56:38,S,255.85,1,17
2021-06-15 10:56:38,S,255.05,1,275
2021-06-15 10:56:38,S,255.0,5,643
2021-06-15 10:56:38,S,254.85,2,65
2021-06-15 10:56:38,S,254.75,2,117
2021-06-15 10:56:38,S,254.7,1,3
2021-06-15 10:56:39,S,255.85,2,30
2021-06-15 10:56:39,S,255.9,2,20
2021-06-15 10:56:39,S,256.0,2,210
2021-06-15 10:56:39,S,256.1,2,42
2021-06-15 10:56:39,S,256.15,2,9
2021-06-15 10:56:39,S,255.05,1,239
2021-06-15 10:56:39,S,255.0,5,643
2021-06-15 10:56:39,S,254.85,2,65
2021-06-15 10:56:39,S,254.75,2,117
2021-06-15 10:56:39,S,254.7,1,3
2021-06-15 10:56:46,S,255.85,3,36
2021-06-15 10:56:46,S,255.9,2,20
2021-06-15 10:56:46,S,256.0,2,210
2021-06-15 10:56:46,S,256.05,1,20
2021-06-15 10:56:46,S,256.1,2,42
2021-06-15 10:56:46,S,255.05,1,239
2021-06-15 10:56:46,S,255.0,5,643
2021-06-15 10:56:46,S,254.95,2,20
2021-06-15 10:56:46,S,254.85,2,65
2021-06-15 10:56:46,S,254.75,2,117
2021-06-15 10:56:49,S,255.45,1,6
2021-06-15 10:56:49,S,255.75,2,30
2021-06-15 10:56:49,S,255.8,1,14
2021-06-15 10:56:49,S,255.85,1,14
2021-06-15 10:56:49,S,255.9,2,20
2021-06-15 10:56:49,S,255.05,1,239
2021-06-15 10:56:49,S,255.0,5,643
2021-06-15 10:56:49,S,254.85,2,65
2021-06-15 10:56:49,S,254.75,2,117
2021-06-15 10:56:49,S,254.7,1,3
2021-06-15 10:56:53,S,255.45,1,6
2021-06-15 10:56:53,S,255.75,2,30
2021-06-15 10:56:53,S,255.8,1,14
2021-06-15 10:56:53,S,255.85,1,14
2021-06-15 10:56:53,S,255.9,2,20
2021-06-15 10:56:53,S,255.05,1,239
2021-06-15 10:56:53,S,255.0,5,643
2021-06-15 10:56:53,S,254.85,2,65
2021-06-15 10:56:53,S,254.75,2,117
2021-06-15 10:56:53,S,254.7,1,3
2021-06-15 10:56:55,S,255.75,2,30
2021-06-15 10:56:55,S,255.9,2,20
2021-06-15 10:56:55,S,256.0,2,210
2021-06-15 10:56:55,S,256.05,1,20
2021-06-15 10:56:55,S,256.1,2,42
2021-06-15 10:56:55,S,255.05,1,186
2021-06-15 10:56:55,S,255.0,6,646
2021-06-15 10:56:55,S,254.85,2,65
2021-06-15 10:56:55,S,254.75,2,117
2021-06-15 10:56:55,S,254.7,1,3
2021-06-15 10:56:58,S,255.75,2,30
2021-06-15 10:56:58,S,255.9,2,20
2021-06-15 10:56:58,S,256.0,2,210
2021-06-15 10:56:58,S,256.05,1,20
2021-06-15 10:56:58,S,256.1,2,42
2021-06-15 10:56:58,S,255.05,1,186
2021-06-15 10:56:58,S,255.0,6,646
2021-06-15 10:56:58,S,254.85,2,65
2021-06-15 10:56:58,S,254.75,2,117
2021-06-15 10:56:58,S,254.7,1,3
2021-06-15 10:57:01,S,255.75,3,37
2021-06-15 10:57:01,S,255.9,2,20
2021-06-15 10:57:01,S,256.0,2,210
2021-06-15 10:57:01,S,256.1,2,42
2021-06-15 10:57:01,S,256.15,2,9
2021-06-15 10:57:01,S,255.05,1,186
2021-06-15 10:57:01,S,255.0,6,646
2021-06-15 10:57:01,S,254.85,2,65
2021-06-15 10:57:01,S,254.75,2,117
2021-06-15 10:57:01,S,254.7,1,3
2021-06-15 10:57:04,S,255.4,1,7
2021-06-15 10:57:04,S,255.75,2,30
2021-06-15 10:57:04,S,255.9,2,20
2021-06-15 10:57:04,S,256.0,2,210
2021-06-15 10:57:04,S,256.1,2,42
2021-06-15 10:57:04,S,255.05,1,186
2021-06-15 10:57:04,S,255.0,5,643
2021-06-15 10:57:04,S,254.95,1,12
2021-06-15 10:57:04,S,254.85,2,65
2021-06-15 10:57:04,S,254.75,2,117
2021-06-15 10:57:07,S,255.4,1,7
2021-06-15 10:57:07,S,255.75,2,30
2021-06-15 10:57:07,S,255.85,1,20
2021-06-15 10:57:07,S,255.9,2,20
2021-06-15 10:57:07,S,256.0,2,210
2021-06-15 10:57:07,S,255.05,2,286
2021-06-15 10:57:07,S,255.0,5,643
2021-06-15 10:57:07,S,254.95,2,15
2021-06-15 10:57:07,S,254.85,2,65
2021-06-15 10:57:07,S,254.75,2,117
2021-06-15 10:57:11,S,255.75,2,30
2021-06-15 10:57:11,S,255.95,2,24
2021-06-15 10:57:11,S,256.0,2,210
2021-06-15 10:57:11,S,256.1,2,42
2021-06-15 10:57:11,S,256.15,2,9
2021-06-15 10:57:11,S,255.2,1,12
2021-06-15 10:57:11,S,255.15,2,13
2021-06-15 10:57:11,S,255.05,3,235
2021-06-15 10:57:11,S,255.0,5,643
2021-06-15 10:57:11,S,254.95,2,20
2021-06-15 10:57:18,S,255.75,3,35
2021-06-15 10:57:18,S,255.95,2,24
2021-06-15 10:57:18,S,256.0,2,210
2021-06-15 10:57:18,S,256.1,2,42
2021-06-15 10:57:18,S,256.15,2,9
2021-06-15 10:57:18,S,255.2,1,12
2021-06-15 10:57:18,S,255.15,2,13
2021-06-15 10:57:18,S,255.05,3,235
2021-06-15 10:57:18,S,255.0,5,643
2021-06-15 10:57:18,S,254.95,2,20
2021-06-15 10:57:19,S,255.75,3,35
2021-06-15 10:57:19,S,255.95,2,24
2021-06-15 10:57:19,S,256.0,2,210
2021-06-15 10:57:19,S,256.1,2,42
2021-06-15 10:57:19,S,256.15,2,9
2021-06-15 10:57:19,S,255.2,1,12
2021-06-15 10:57:19,S,255.15,2,13
2021-06-15 10:57:19,S,255.05,3,235
2021-06-15 10:57:19,S,255.0,5,643
2021-06-15 10:57:19,S,254.95,2,20
2021-06-15 10:57:20,S,255.95,1,32
2021-06-15 10:57:20,S,256.0,1,99
2021-06-15 10:57:20,S,256.1,2,42
2021-06-15 10:57:20,S,256.35,3,22
2021-06-15 10:57:20,S,256.45,1,2
2021-06-15 10:57:20,S,255.5,2,42
2021-06-15 10:57:20,S,255.45,3,30
2021-06-15 10:57:20,S,255.3,1,14
2021-06-15 10:57:20,S,255.25,2,68
2021-06-15 10:57:20,S,255.15,2,13
2021-06-15 10:57:31,S,255.95,2,39
2021-06-15 10:57:31,S,256.0,2,113
2021-06-15 10:57:31,S,256.1,2,42
2021-06-15 10:57:31,S,256.35,3,22
2021-06-15 10:57:31,S,256.45,1,2
2021-06-15 10:57:31,S,255.5,1,32
2021-06-15 10:57:31,S,255.45,2,17
2021-06-15 10:57:31,S,255.25,2,68
2021-06-15 10:57:31,S,255.15,2,13
2021-06-15 10:57:31,S,255.1,1,20
2021-06-15 10:57:34,S,255.75,1,7
2021-06-15 10:57:34,S,255.95,2,46
2021-06-15 10:57:34,S,256.0,2,113
2021-06-15 10:57:34,S,256.1,2,42
2021-06-15 10:57:34,S,256.35,3,22
2021-06-15 10:57:34,S,255.3,2,42
2021-06-15 10:57:34,S,255.25,2,68
2021-06-15 10:57:34,S,255.15,2,13
2021-06-15 10:57:34,S,255.05,3,235
2021-06-15 10:57:34,S,255.0,5,643
2021-06-15 10:57:37,S,255.75,1,7
2021-06-15 10:57:37,S,255.95,2,46
2021-06-15 10:57:37,S,256.0,2,113
2021-06-15 10:57:37,S,256.1,2,42
2021-06-15 10:57:37,S,256.15,1,3
2021-06-15 10:57:37,S,255.3,3,54
2021-06-15 10:57:37,S,255.25,2,68
2021-06-15 10:57:37,S,255.15,2,13
2021-06-15 10:57:37,S,255.05,3,235
2021-06-15 10:57:37,S,255.0,5,643
2021-06-15 10:57:38,S,255.75,1,7
2021-06-15 10:57:38,S,255.95,2,46
2021-06-15 10:57:38,S,256.0,2,113
2021-06-15 10:57:38,S,256.1,2,42
2021-06-15 10:57:38,S,256.15,1,3
2021-06-15 10:57:38,S,255.3,3,54
2021-06-15 10:57:38,S,255.25,2,68
2021-06-15 10:57:38,S,255.15,2,13
2021-06-15 10:57:38,S,255.05,3,235
2021-06-15 10:57:38,S,255.0,5,643
2021-06-15 10:57:40,S,255.95,1,32
2021-06-15 10:57:40,S,256.0,2,113
2021-06-15 10:57:40,S,256.1,2,42
2021-06-15 10:57:40,S,256.15,1,3
2021-06-15 10:57:40,S,256.35,3,22
2021-06-15 10:57:40,S,255.05,2,221
2021-06-15 10:57:40,S,255.0,5,643
2021-06-15 10:57:40,S,254.95,2,20
2021-06-15 10:57:40,S,254.85,2,65
2021-06-15 10:57:40,S,254.75,2,117
2021-06-15 10:57:44,S,255.95,1,32
2021-06-15 10:57:44,S,256.0,2,113
2021-06-15 10:57:44,S,256.1,2,42
2021-06-15 10:57:44,S,256.35,3,22
2021-06-15 10:57:44,S,256.45,1,2
2021-06-15 10:57:44,S,255.05,3,235
2021-06-15 10:57:44,S,255.0,6,743
2021-06-15 10:57:44,S,254.95,2,20
2021-06-15 10:57:44,S,254.85,2,65
2021-06-15 10:57:44,S,254.75,2,117
2021-06-15 10:57:47,S,255.95,2,38
2021-06-15 10:57:47,S,256.0,2,113
2021-06-15 10:57:47,S,256.1,2,42
2021-06-15 10:57:47,S,256.35,3,22
2021-06-15 10:57:47,S,256.45,1,2
2021-06-15 10:57:47,S,255.1,1,20
2021-06-15 10:57:47,S,255.05,2,221
2021-06-15 10:57:47,S,255.0,6,743
2021-06-15 10:57:47,S,254.95,2,20
2021-06-15 10:57:47,S,254.9,1,20
2021-06-15 10:57:51,S,255.55,1,6
2021-06-15 10:57:51,S,255.95,2,46
2021-06-15 10:57:51,S,256.0,3,116
2021-06-15 10:57:51,S,256.1,2,42
2021-06-15 10:57:51,S,256.35,3,22
2021-06-15 10:57:51,S,255.05,2,221
2021-06-15 10:57:51,S,255.0,6,743
2021-06-15 10:57:51,S,254.95,2,20
2021-06-15 10:57:51,S,254.85,2,65
2021-06-15 10:57:51,S,254.75,2,117
2021-06-15 10:57:53,S,255.55,1,6
2021-06-15 10:57:53,S,255.95,2,46
2021-06-15 10:57:53,S,256.0,3,116
2021-06-15 10:57:53,S,256.1,2,42
2021-06-15 10:57:53,S,256.35,3,22
2021-06-15 10:57:53,S,255.05,2,221
2021-06-15 10:57:53,S,255.0,6,743
2021-06-15 10:57:53,S,254.95,2,20
2021-06-15 10:57:53,S,254.85,2,65
2021-06-15 10:57:53,S,254.75,2,117
2021-06-15 10:57:54,S,255.95,1,32
2021-06-15 10:57:54,S,256.0,2,113
2021-06-15 10:57:54,S,256.1,2,42
2021-06-15 10:57:54,S,256.35,3,22
2021-06-15 10:57:54,S,256.45,1,2
2021-06-15 10:57:54,S,255.1,2,30
2021-06-15 10:57:54,S,255.05,2,168
2021-06-15 10:57:54,S,255.0,6,743
2021-06-15 10:57:54,S,254.95,2,20
2021-06-15 10:57:54,S,254.9,1,20
2021-06-15 10:58:00,S,255.95,2,39
2021-06-15 10:58:00,S,256.0,2,113
2021-06-15 10:58:00,S,256.1,2,42
2021-06-15 10:58:00,S,256.35,3,22
2021-06-15 10:58:00,S,256.45,1,2
2021-06-15 10:58:00,S,255.1,2,30
2021-06-15 10:58:00,S,255.05,3,182
2021-06-15 10:58:00,S,255.0,6,743
2021-06-15 10:58:00,S,254.95,2,20
2021-06-15 10:58:00,S,254.9,1,20
2021-06-15 10:58:07,S,255.55,1,7
2021-06-15 10:58:07,S,255.95,2,46
2021-06-15 10:58:07,S,256.0,3,116
2021-06-15 10:58:07,S,256.1,2,42
2021-06-15 10:58:07,S,256.35,3,22
2021-06-15 10:58:07,S,255.1,2,30
2021-06-15 10:58:07,S,255.05,3,182
2021-06-15 10:58:07,S,255.0,6,743
2021-06-15 10:58:07,S,254.95,2,20
2021-06-15 10:58:07,S,254.85,2,65
2021-06-15 10:58:10,S,255.95,1,32
2021-06-15 10:58:10,S,256.0,2,113
2021-06-15 10:58:10,S,256.1,2,42
2021-06-15 10:58:10,S,256.15,1,3
2021-06-15 10:58:10,S,256.35,3,22
2021-06-15 10:58:10,S,255.05,2,168
2021-06-15 10:58:10,S,255.0,5,729
2021-06-15 10:58:10,S,254.95,2,20
2021-06-15 10:58:10,S,254.85,2,65
2021-06-15 10:58:10,S,254.75,2,117
2021-06-15 10:58:16,S,255.95,2,38
2021-06-15 10:58:16,S,256.0,2,113
2021-06-15 10:58:16,S,256.1,2,42
2021-06-15 10:58:16,S,256.15,1,3
2021-06-15 10:58:16,S,256.2,2,6
2021-06-15 10:58:16,S,255.05,2,168
2021-06-15 10:58:16,S,255.0,6,743
2021-06-15 10:58:16,S,254.95,2,20
2021-06-15 10:58:16,S,254.85,2,65
2021-06-15 10:58:16,S,254.75,2,117
2021-06-15 10:58:19,S,255.5,1,6
2021-06-15 10:58:19,S,255.8,2,46
2021-06-15 10:58:19,S,255.85,2,17
2021-06-15 10:58:19,S,255.95,1,14
2021-06-15 10:58:19,S,256.0,2,113
2021-06-15 10:58:19,S,255.05,2,168
2021-06-15 10:58:19,S,255.0,6,743
2021-06-15 10:58:19,S,254.95,2,20
2021-06-15 10:58:19,S,254.85,2,65
2021-06-15 10:58:19,S,254.75,2,117
2021-06-15 10:58:23,S,255.5,1,6
2021-06-15 10:58:23,S,255.8,2,46
2021-06-15 10:58:23,S,255.85,2,17
2021-06-15 10:58:23,S,255.95,1,14
2021-06-15 10:58:23,S,256.0,2,113
2021-06-15 10:58:23,S,255.05,2,168
2021-06-15 10:58:23,S,255.0,6,743
2021-06-15 10:58:23,S,254.95,2,20
2021-06-15 10:58:23,S,254.85,2,65
2021-06-15 10:58:23,S,254.75,2,117
2021-06-15 10:58:25,S,255.9,1,32
2021-06-15 10:58:25,S,255.95,2,17
2021-06-15 10:58:25,S,256.0,2,113
2021-06-15 10:58:25,S,256.1,2,42
2021-06-15 10:58:25,S,256.15,1,3
2021-06-15 10:58:25,S,255.05,2,116
2021-06-15 10:58:25,S,255.0,5,729
2021-06-15 10:58:25,S,254.95,2,20
2021-06-15 10:58:25,S,254.85,2,65
2021-06-15 10:58:25,S,254.75,2,117
2021-06-15 10:58:31,S,255.85,1,32
2021-06-15 10:58:31,S,255.9,2,23
2021-06-15 10:58:31,S,255.95,2,17
2021-06-15 10:58:31,S,256.0,2,113
2021-06-15 10:58:31,S,256.1,2,42
2021-06-15 10:58:31,S,255.05,2,116
2021-06-15 10:58:31,S,255.0,5,729
2021-06-15 10:58:31,S,254.95,2,20
2021-06-15 10:58:31,S,254.85,2,65
2021-06-15 10:58:31,S,254.75,2,117
2021-06-15 10:58:34,S,255.45,1,6
2021-06-15 10:58:34,S,255.85,2,46
2021-06-15 10:58:34,S,255.95,2,17
2021-06-15 10:58:34,S,256.0,2,113
2021-06-15 10:58:34,S,256.05,1,20
2021-06-15 10:58:34,S,255.05,2,116
2021-06-15 10:58:34,S,255.0,6,743
2021-06-15 10:58:34,S,254.85,2,65
2021-06-15 10:58:34,S,254.75,2,117
2021-06-15 10:58:34,S,254.7,1,3
2021-06-15 10:58:38,S,255.45,1,6
2021-06-15 10:58:38,S,255.85,2,46
2021-06-15 10:58:38,S,255.95,2,17
2021-06-15 10:58:38,S,256.0,2,113
2021-06-15 10:58:38,S,256.05,1,20
2021-06-15 10:58:38,S,255.05,2,116
2021-06-15 10:58:38,S,255.0,6,743
2021-06-15 10:58:38,S,254.85,2,65
2021-06-15 10:58:38,S,254.75,2,117
2021-06-15 10:58:38,S,254.7,1,3
2021-06-15 10:58:40,S,255.9,1,32
2021-06-15 10:58:40,S,255.95,2,17
2021-06-15 10:58:40,S,256.0,2,113
2021-06-15 10:58:40,S,256.1,2,42
2021-06-15 10:58:40,S,256.15,1,3
2021-06-15 10:58:40,S,255.05,1,57
2021-06-15 10:58:40,S,255.0,5,729
2021-06-15 10:58:40,S,254.9,2,20
2021-06-15 10:58:40,S,254.85,2,65
2021-06-15 10:58:40,S,254.75,2,117
2021-06-15 10:58:46,S,255.85,1,32
2021-06-15 10:58:46,S,255.9,2,23
2021-06-15 10:58:46,S,255.95,2,17
2021-06-15 10:58:46,S,256.0,2,113
2021-06-15 10:58:46,S,256.1,2,42
2021-06-15 10:58:46,S,255.05,1,57
2021-06-15 10:58:46,S,255.0,5,729
2021-06-15 10:58:46,S,254.9,2,20
2021-06-15 10:58:46,S,254.85,2,65
2021-06-15 10:58:46,S,254.75,2,117
2021-06-15 10:58:49,S,255.45,1,6
2021-06-15 10:58:49,S,255.85,2,46
2021-06-15 10:58:49,S,255.95,2,17
2021-06-15 10:58:49,S,256.0,2,113
2021-06-15 10:58:49,S,256.1,2,42
2021-06-15 10:58:49,S,255.05,1,57
2021-06-15 10:58:49,S,255.0,6,743
2021-06-15 10:58:49,S,254.85,2,65
2021-06-15 10:58:49,S,254.75,2,117
2021-06-15 10:58:49,S,254.7,1,3
2021-06-15 10:58:51,S,255.45,1,6
2021-06-15 10:58:51,S,255.85,2,46
2021-06-15 10:58:51,S,255.95,2,17
2021-06-15 10:58:51,S,256.0,2,113
2021-06-15 10:58:51,S,256.1,2,42
2021-06-15 10:58:51,S,255.05,1,57
2021-06-15 10:58:51,S,255.0,6,743
2021-06-15 10:58:51,S,254.85,2,65
2021-06-15 10:58:51,S,254.75,2,117
2021-06-15 10:58:51,S,254.7,1,3
2021-06-15 10:58:53,S,255.45,1,6
2021-06-15 10:58:53,S,255.65,2,46
2021-06-15 10:58:53,S,255.7,2,17
2021-06-15 10:58:53,S,255.95,2,17
2021-06-15 10:58:53,S,256.0,2,113
2021-06-15 10:58:53,S,255.05,1,57
2021-06-15 10:58:53,S,255.0,5,729
2021-06-15 10:58:53,S,254.85,2,65
2021-06-15 10:58:53,S,254.75,2,117
2021-06-15 10:58:53,S,254.7,1,3
2021-06-15 10:58:53,S,255.45,1,6
2021-06-15 10:58:53,S,255.65,2,46
2021-06-15 10:58:53,S,255.7,2,17
2021-06-15 10:58:53,S,255.95,2,17
2021-06-15 10:58:53,S,256.0,2,113
2021-06-15 10:58:53,S,255.05,1,57
2021-06-15 10:58:53,S,255.0,5,729
2021-06-15 10:58:53,S,254.85,2,65
2021-06-15 10:58:53,S,254.75,2,117
2021-06-15 10:58:53,S,254.7,1,3
2021-06-15 10:58:55,S,255.65,1,32
2021-06-15 10:58:55,S,255.7,2,17
2021-06-15 10:58:55,S,255.95,2,17
2021-06-15 10:58:55,S,256.0,2,113
2021-06-15 10:58:55,S,256.1,2,42
2021-06-15 10:58:55,S,255.05,1,30
2021-06-15 10:58:55,S,255.0,6,743
2021-06-15 10:58:55,S,254.9,2,20
2021-06-15 10:58:55,S,254.85,2,65
2021-06-15 10:58:55,S,254.75,2,117
2021-06-15 10:58:58,S,255.9,1,32
2021-06-15 10:58:58,S,255.95,2,17
2021-06-15 10:58:58,S,256.0,2,113
2021-06-15 10:58:58,S,256.1,2,42
2021-06-15 10:58:58,S,256.15,1,3
2021-06-15 10:58:58,S,255.05,1,30
2021-06-15 10:58:58,S,255.0,6,743
2021-06-15 10:58:58,S,254.9,2,20
2021-06-15 10:58:58,S,254.85,2,65
2021-06-15 10:58:58,S,254.75,2,117
2021-06-15 10:59:01,S,255.9,2,38
2021-06-15 10:59:01,S,255.95,2,17
2021-06-15 10:59:01,S,256.0,2,113
2021-06-15 10:59:01,S,256.1,2,42
2021-06-15 10:59:01,S,256.15,1,3
2021-06-15 10:59:01,S,255.05,1,30
2021-06-15 10:59:01,S,255.0,6,743
2021-06-15 10:59:01,S,254.9,2,20
2021-06-15 10:59:01,S,254.85,2,65
2021-06-15 10:59:01,S,254.75,2,117
2021-06-15 10:59:01,S,255.9,2,38
2021-06-15 10:59:01,S,255.95,2,17
2021-06-15 10:59:01,S,256.0,2,113
2021-06-15 10:59:01,S,256.1,2,42
2021-06-15 10:59:01,S,256.15,1,3
2021-06-15 10:59:01,S,255.05,1,30
2021-06-15 10:59:01,S,255.0,6,743
2021-06-15 10:59:01,S,254.9,2,20
2021-06-15 10:59:01,S,254.85,2,65
2021-06-15 10:59:01,S,254.75,2,117
2021-06-15 10:59:04,S,255.5,1,6
2021-06-15 10:59:04,S,255.85,2,46
2021-06-15 10:59:04,S,255.9,1,14
2021-06-15 10:59:04,S,255.95,2,17
2021-06-15 10:59:04,S,256.0,2,113
2021-06-15 10:59:04,S,255.3,1,1
2021-06-15 10:59:04,S,255.25,1,58
2021-06-15 10:59:04,S,255.1,1,3
2021-06-15 10:59:04,S,255.05,2,47
2021-06-15 10:59:04,S,255.0,6,743
2021-06-15 10:59:07,S,255.5,1,6
2021-06-15 10:59:07,S,255.85,2,46
2021-06-15 10:59:07,S,255.95,2,17
2021-06-15 10:59:07,S,256.0,2,113
2021-06-15 10:59:07,S,256.05,1,20
2021-06-15 10:59:07,S,255.1,2,11
2021-06-15 10:59:07,S,255.05,3,59
2021-06-15 10:59:07,S,255.0,6,743
2021-06-15 10:59:07,S,254.9,2,20
2021-06-15 10:59:07,S,254.85,2,65
2021-06-15 10:59:07,S,255.5,1,6
2021-06-15 10:59:07,S,255.85,2,46
2021-06-15 10:59:07,S,255.95,2,17
2021-06-15 10:59:07,S,256.0,2,113
2021-06-15 10:59:07,S,256.05,1,20
2021-06-15 10:59:07,S,255.1,2,11
2021-06-15 10:59:07,S,255.05,3,59
2021-06-15 10:59:07,S,255.0,6,743
2021-06-15 10:59:07,S,254.9,2,20
2021-06-15 10:59:07,S,254.85,2,65
2021-06-15 10:59:10,S,255.9,1,32
2021-06-15 10:59:10,S,255.95,2,17
2021-06-15 10:59:10,S,256.0,2,113
2021-06-15 10:59:10,S,256.1,2,42
2021-06-15 10:59:10,S,256.15,1,3
2021-06-15 10:59:10,S,255.25,1,25
2021-06-15 10:59:10,S,255.05,2,44
2021-06-15 10:59:10,S,255.0,6,743
2021-06-15 10:59:10,S,254.9,2,20
2021-06-15 10:59:10,S,254.85,2,65
2021-06-15 10:59:13,S,255.95,1,32
2021-06-15 10:59:13,S,256.0,2,113
2021-06-15 10:59:13,S,256.1,2,42
2021-06-15 10:59:13,S,256.3,2,23
2021-06-15 10:59:13,S,256.35,2,20
2021-06-15 10:59:13,S,255.5,1,1
2021-06-15 10:59:13,S,255.45,1,50
2021-06-15 10:59:13,S,255.35,1,3
2021-06-15 10:59:13,S,255.15,1,3
2021-06-15 10:59:13,S,255.05,2,44
2021-06-15 10:59:16,S,255.95,2,39
2021-06-15 10:59:16,S,256.0,2,113
2021-06-15 10:59:16,S,256.1,2,42
2021-06-15 10:59:16,S,256.3,2,23
2021-06-15 10:59:16,S,256.35,2,20
2021-06-15 10:59:16,S,255.5,1,1
2021-06-15 10:59:16,S,255.45,1,50
2021-06-15 10:59:16,S,255.35,1,3
2021-06-15 10:59:16,S,255.15,1,3
2021-06-15 10:59:16,S,255.05,2,44
2021-06-15 10:59:19,S,255.7,1,32
2021-06-15 10:59:19,S,255.75,2,15
2021-06-15 10:59:19,S,256.0,2,113
2021-06-15 10:59:19,S,256.1,2,42
2021-06-15 10:59:19,S,256.3,1,3
2021-06-15 10:59:19,S,255.5,1,1
2021-06-15 10:59:19,S,255.45,1,50
2021-06-15 10:59:19,S,255.15,1,3
2021-06-15 10:59:19,S,255.05,2,44
2021-06-15 10:59:19,S,255.0,6,743
2021-06-15 10:59:23,S,255.7,1,32
2021-06-15 10:59:23,S,255.75,2,15
2021-06-15 10:59:23,S,256.0,2,113
2021-06-15 10:59:23,S,256.1,2,42
2021-06-15 10:59:23,S,256.3,1,3
2021-06-15 10:59:23,S,255.5,1,1
2021-06-15 10:59:23,S,255.45,1,50
2021-06-15 10:59:23,S,255.15,1,3
2021-06-15 10:59:23,S,255.05,2,44
2021-06-15 10:59:23,S,255.0,6,743
2021-06-15 10:59:25,S,255.95,1,32
2021-06-15 10:59:25,S,256.0,2,113
2021-06-15 10:59:25,S,256.1,2,42
2021-06-15 10:59:25,S,256.3,1,17
2021-06-15 10:59:25,S,256.35,1,17
2021-06-15 10:59:25,S,255.5,1,32
2021-06-15 10:59:25,S,255.45,1,50
2021-06-15 10:59:25,S,255.25,2,71
2021-06-15 10:59:25,S,255.15,2,20
2021-06-15 10:59:25,S,255.05,2,44
2021-06-15 10:59:28,S,255.95,1,32
2021-06-15 10:59:28,S,256.0,2,113
2021-06-15 10:59:28,S,256.1,3,45
2021-06-15 10:59:28,S,256.3,1,3
2021-06-15 10:59:28,S,256.65,1,3
2021-06-15 10:59:28,S,255.5,1,32
2021-06-15 10:59:28,S,255.45,1,50
2021-06-15 10:59:28,S,255.25,2,71
2021-06-15 10:59:28,S,255.15,2,20
2021-06-15 10:59:28,S,255.05,2,44
2021-06-15 10:59:30,S,255.95,2,37
2021-06-15 10:59:30,S,256.0,2,113
2021-06-15 10:59:30,S,256.1,2,42
2021-06-15 10:59:30,S,256.3,1,3
2021-06-15 10:59:30,S,256.4,1,3
2021-06-15 10:59:30,S,255.5,1,32
2021-06-15 10:59:30,S,255.45,1,50
2021-06-15 10:59:30,S,255.4,1,3
2021-06-15 10:59:30,S,255.25,2,71
2021-06-15 10:59:30,S,255.15,2,20
2021-06-15 10:59:36,S,255.75,1,5
2021-06-15 10:59:36,S,255.95,2,46
2021-06-15 10:59:36,S,256.0,2,113
2021-06-15 10:59:36,S,256.1,2,42
2021-06-15 10:59:36,S,256.3,1,3
2021-06-15 10:59:36,S,255.5,1,32
2021-06-15 10:59:36,S,255.45,1,50
2021-06-15 10:59:36,S,255.25,2,71
2021-06-15 10:59:36,S,255.15,2,20
2021-06-15 10:59:36,S,255.1,1,3
2021-06-15 10:59:38,S,255.5,1,5
2021-06-15 10:59:38,S,255.95,2,46
2021-06-15 10:59:38,S,256.0,2,113
2021-06-15 10:59:38,S,256.1,2,42
2021-06-15 10:59:38,S,256.3,1,3
2021-06-15 10:59:38,S,255.45,1,50
2021-06-15 10:59:38,S,255.25,2,71
2021-06-15 10:59:38,S,255.2,2,29
2021-06-15 10:59:38,S,255.15,2,20
2021-06-15 10:59:38,S,255.1,1,3
2021-06-15 10:59:40,S,255.5,1,5
2021-06-15 10:59:40,S,255.95,2,46
2021-06-15 10:59:40,S,256.0,2,113
2021-06-15 10:59:40,S,256.1,2,42
2021-06-15 10:59:40,S,256.3,1,3
2021-06-15 10:59:40,S,255.45,1,50
2021-06-15 10:59:40,S,255.25,2,71
2021-06-15 10:59:40,S,255.2,2,29
2021-06-15 10:59:40,S,255.15,2,20
2021-06-15 10:59:40,S,255.1,1,3
2021-06-15 10:59:41,S,255.95,1,32
2021-06-15 10:59:41,S,256.0,2,113
2021-06-15 10:59:41,S,256.1,3,45
2021-06-15 10:59:41,S,256.3,1,3
2021-06-15 10:59:41,S,256.6,1,4
2021-06-15 10:59:41,S,255.45,2,63
2021-06-15 10:59:41,S,255.25,2,71
2021-06-15 10:59:41,S,255.15,3,120
2021-06-15 10:59:41,S,255.1,1,3
2021-06-15 10:59:41,S,255.05,2,44
2021-06-15 10:59:44,S,255.95,1,32
2021-06-15 10:59:44,S,256.0,2,113
2021-06-15 10:59:44,S,256.1,3,45
2021-06-15 10:59:44,S,256.3,1,3
2021-06-15 10:59:44,S,256.6,1,4
2021-06-15 10:59:44,S,255.45,2,63
2021-06-15 10:59:44,S,255.25,2,71
2021-06-15 10:59:44,S,255.15,3,120
2021-06-15 10:59:44,S,255.1,1,3
2021-06-15 10:59:44,S,255.05,2,44
2021-06-15 10:59:47,S,255.95,2,37
2021-06-15 10:59:47,S,256.0,2,113
2021-06-15 10:59:47,S,256.1,3,45
2021-06-15 10:59:47,S,256.3,1,3
2021-06-15 10:59:47,S,256.6,1,4
2021-06-15 10:59:47,S,255.45,2,63
2021-06-15 10:59:47,S,255.35,2,17
2021-06-15 10:59:47,S,255.25,2,71
2021-06-15 10:59:47,S,255.15,3,120
2021-06-15 10:59:47,S,255.05,2,44
2021-06-15 10:59:49,S,255.7,1,5
2021-06-15 10:59:49,S,255.95,2,46
2021-06-15 10:59:49,S,256.0,2,113
2021-06-15 10:59:49,S,256.1,3,45
2021-06-15 10:59:49,S,256.3,1,3
2021-06-15 10:59:49,S,255.45,1,50
2021-06-15 10:59:49,S,255.25,2,71
2021-06-15 10:59:49,S,255.15,3,120
2021-06-15 10:59:49,S,255.05,2,44
2021-06-15 10:59:49,S,255.0,6,743
2021-06-15 10:59:52,S,255.7,1,5
2021-06-15 10:59:52,S,255.95,2,46
2021-06-15 10:59:52,S,256.0,2,113
2021-06-15 10:59:52,S,256.1,3,45
2021-06-15 10:59:52,S,256.3,1,3
2021-06-15 10:59:52,S,255.45,1,50
2021-06-15 10:59:52,S,255.3,2,27
2021-06-15 10:59:52,S,255.25,2,71
2021-06-15 10:59:52,S,255.15,3,120
2021-06-15 10:59:52,S,255.05,2,44
2021-06-15 10:59:53,S,255.7,1,5
2021-06-15 10:59:53,S,255.95,2,46
2021-06-15 10:59:53,S,256.0,2,113
2021-06-15 10:59:53,S,256.1,3,45
2021-06-15 10:59:53,S,256.3,1,3
2021-06-15 10:59:53,S,255.45,1,50
2021-06-15 10:59:53,S,255.3,2,27
2021-06-15 10:59:53,S,255.25,2,71
2021-06-15 10:59:53,S,255.15,3,120
2021-06-15 10:59:53,S,255.05,2,44
2021-06-15 10:59:55,S,255.95,1,32
2021-06-15 10:59:55,S,256.0,2,113
2021-06-15 10:59:55,S,256.1,2,42
2021-06-15 10:59:55,S,256.3,1,3
2021-06-15 10:59:55,S,256.4,1,3
2021-06-15 10:59:55,S,255.5,1,1
2021-06-15 10:59:55,S,255.4,1,3
2021-06-15 10:59:55,S,255.25,2,71
2021-06-15 10:59:55,S,255.15,3,120
2021-06-15 10:59:55,S,255.05,2,44
2021-06-15 11:00:01,S,255.95,2,37
2021-06-15 11:00:01,S,256.0,2,113
2021-06-15 11:00:01,S,256.1,2,42
2021-06-15 11:00:01,S,256.3,1,3
2021-06-15 11:00:01,S,256.4,1,3
2021-06-15 11:00:01,S,255.5,1,1
2021-06-15 11:00:01,S,255.4,2,17
2021-06-15 11:00:01,S,255.25,2,71
2021-06-15 11:00:01,S,255.15,3,120
2021-06-15 11:00:01,S,255.05,2,44
2021-06-15 11:00:08,S,255.95,2,37
2021-06-15 11:00:08,S,256.0,2,113
2021-06-15 11:00:08,S,256.1,2,42
2021-06-15 11:00:08,S,256.3,1,3
2021-06-15 11:00:08,S,256.4,1,3
2021-06-15 11:00:08,S,255.5,1,1
2021-06-15 11:00:08,S,255.4,2,17
2021-06-15 11:00:08,S,255.25,2,71
2021-06-15 11:00:08,S,255.15,3,120
2021-06-15 11:00:08,S,255.05,2,44
2021-06-15 11:00:09,S,255.95,2,37
2021-06-15 11:00:09,S,256.0,2,113
2021-06-15 11:00:09,S,256.1,2,42
2021-06-15 11:00:09,S,256.3,1,3
2021-06-15 11:00:09,S,256.4,1,3
2021-06-15 11:00:09,S,255.5,1,1
2021-06-15 11:00:09,S,255.4,2,17
2021-06-15 11:00:09,S,255.25,2,71
2021-06-15 11:00:09,S,255.15,3,120
2021-06-15 11:00:09,S,255.05,2,44
2021-06-15 11:00:10,S,255.95,2,37
2021-06-15 11:00:10,S,256.0,2,113
2021-06-15 11:00:10,S,256.1,2,42
2021-06-15 11:00:10,S,256.3,1,3
2021-06-15 11:00:10,S,256.4,1,3
2021-06-15 11:00:10,S,255.5,1,1
2021-06-15 11:00:10,S,255.4,2,17
2021-06-15 11:00:10,S,255.25,2,71
2021-06-15 11:00:10,S,255.15,3,120
2021-06-15 11:00:10,S,255.05,2,44
2021-06-15 11:00:11,S,255.5,1,5
2021-06-15 11:00:11,S,255.95,2,46
2021-06-15 11:00:11,S,256.0,2,113
2021-06-15 11:00:11,S,256.05,1,3
2021-06-15 11:00:11,S,256.1,2,42
2021-06-15 11:00:11,S,255.25,2,71
2021-06-15 11:00:11,S,255.15,3,129
2021-06-15 11:00:11,S,255.05,2,44
2021-06-15 11:00:11,S,255.0,6,743
2021-06-15 11:00:11,S,254.9,2,20
2021-06-15 11:00:12,S,255.5,1,5
2021-06-15 11:00:12,S,255.95,2,46
2021-06-15 11:00:12,S,256.0,2,113
2021-06-15 11:00:12,S,256.05,1,3
2021-06-15 11:00:12,S,256.1,2,42
2021-06-15 11:00:12,S,255.25,2,71
2021-06-15 11:00:12,S,255.15,3,129
2021-06-15 11:00:12,S,255.05,2,44
2021-06-15 11:00:12,S,255.0,6,743
2021-06-15 11:00:12,S,254.9,2,20
2021-06-15 11:00:15,S,255.95,1,32
2021-06-15 11:00:15,S,256.0,2,113
2021-06-15 11:00:15,S,256.05,2,20
2021-06-15 11:00:15,S,256.1,2,42
2021-06-15 11:00:15,S,256.3,1,3
2021-06-15 11:00:15,S,255.25,2,65
2021-06-15 11:00:15,S,255.15,2,117
2021-06-15 11:00:15,S,255.1,2,20
2021-06-15 11:00:15,S,255.05,2,44
2021-06-15 11:00:15,S,255.0,6,743
2021-06-15 11:00:18,S,255.95,2,39
2021-06-15 11:00:18,S,256.0,2,113
2021-06-15 11:00:18,S,256.05,2,20
2021-06-15 11:00:18,S,256.1,2,42
2021-06-15 11:00:18,S,256.3,1,3
2021-06-15 11:00:18,S,255.25,2,65
2021-06-15 11:00:18,S,255.15,2,117
2021-06-15 11:00:18,S,255.1,2,20
2021-06-15 11:00:18,S,255.05,2,44
2021-06-15 11:00:18,S,255.0,6,743
2021-06-15 11:00:20,S,255.6,1,7
2021-06-15 11:00:20,S,255.85,3,49
2021-06-15 11:00:20,S,256.0,2,113
2021-06-15 11:00:20,S,256.05,2,20
2021-06-15 11:00:20,S,256.1,2,42
2021-06-15 11:00:20,S,255.25,2,65
2021-06-15 11:00:20,S,255.2,2,27
2021-06-15 11:00:20,S,255.15,2,117
2021-06-15 11:00:20,S,255.1,2,20
2021-06-15 11:00:20,S,255.05,2,44
2021-06-15 11:00:23,S,255.95,1,32
2021-06-15 11:00:23,S,256.0,2,113
2021-06-15 11:00:23,S,256.05,2,20
2021-06-15 11:00:23,S,256.1,2,42
2021-06-15 11:00:23,S,256.3,1,3
2021-06-15 11:00:23,S,255.15,2,117
2021-06-15 11:00:23,S,255.1,2,20
2021-06-15 11:00:23,S,255.05,2,44
2021-06-15 11:00:23,S,255.0,6,743
2021-06-15 11:00:23,S,254.9,2,20
2021-06-15 11:00:33,S,255.95,2,37
2021-06-15 11:00:33,S,256.0,2,113
2021-06-15 11:00:33,S,256.05,2,20
2021-06-15 11:00:33,S,256.1,2,42
2021-06-15 11:00:33,S,256.3,1,3
2021-06-15 11:00:33,S,255.15,2,117
2021-06-15 11:00:33,S,255.1,2,20
2021-06-15 11:00:33,S,255.05,2,44
2021-06-15 11:00:33,S,255.0,6,743
2021-06-15 11:00:33,S,254.9,2,20
2021-06-15 11:00:34,S,255.95,2,37
2021-06-15 11:00:34,S,256.0,2,113
2021-06-15 11:00:34,S,256.05,2,20
2021-06-15 11:00:34,S,256.1,2,42
2021-06-15 11:00:34,S,256.3,1,3
2021-06-15 11:00:34,S,255.15,2,117
2021-06-15 11:00:34,S,255.1,2,20
2021-06-15 11:00:34,S,255.05,2,44
2021-06-15 11:00:34,S,255.0,6,743
2021-06-15 11:00:34,S,254.9,2,20
2021-06-15 11:00:35,S,255.55,1,5
2021-06-15 11:00:35,S,255.95,2,46
2021-06-15 11:00:35,S,256.0,2,113
2021-06-15 11:00:35,S,256.05,2,20
2021-06-15 11:00:35,S,256.1,2,42
2021-06-15 11:00:35,S,255.15,2,117
2021-06-15 11:00:35,S,255.1,2,29
2021-06-15 11:00:35,S,255.05,2,44
2021-06-15 11:00:35,S,255.0,6,743
2021-06-15 11:00:35,S,254.9,2,20
2021-06-15 11:00:38,S,255.95,1,32
2021-06-15 11:00:38,S,256.0,2,113
2021-06-15 11:00:38,S,256.05,2,20
2021-06-15 11:00:38,S,256.1,2,42
2021-06-15 11:00:38,S,256.3,1,3
2021-06-15 11:00:38,S,255.15,1,72
2021-06-15 11:00:38,S,255.1,1,3
2021-06-15 11:00:38,S,255.05,1,30
2021-06-15 11:00:38,S,255.0,6,743
2021-06-15 11:00:38,S,254.9,2,20
2021-06-15 11:00:41,S,255.95,1,32
2021-06-15 11:00:41,S,256.0,2,113
2021-06-15 11:00:41,S,256.05,2,20
2021-06-15 11:00:41,S,256.1,2,42
2021-06-15 11:00:41,S,256.3,1,3
2021-06-15 11:00:41,S,255.15,1,72
2021-06-15 11:00:41,S,255.1,1,3
2021-06-15 11:00:41,S,255.05,1,30
2021-06-15 11:00:41,S,255.0,5,729
2021-06-15 11:00:41,S,254.9,2,20
2021-06-15 11:00:44,S,255.95,1,32
2021-06-15 11:00:44,S,256.0,2,113
2021-06-15 11:00:44,S,256.05,2,20
2021-06-15 11:00:44,S,256.1,2,42
2021-06-15 11:00:44,S,256.3,1,3
2021-06-15 11:00:44,S,255.15,1,72
2021-06-15 11:00:44,S,255.1,1,3
2021-06-15 11:00:44,S,255.05,1,30
2021-06-15 11:00:44,S,255.0,5,729
2021-06-15 11:00:44,S,254.9,2,20
2021-06-15 11:00:47,S,255.9,1,32
2021-06-15 11:00:47,S,255.95,2,23
2021-06-15 11:00:47,S,256.0,2,113
2021-06-15 11:00:47,S,256.05,2,20
2021-06-15 11:00:47,S,256.1,2,42
2021-06-15 11:00:47,S,255.15,1,72
2021-06-15 11:00:47,S,255.05,1,30
2021-06-15 11:00:47,S,255.0,5,729
2021-06-15 11:00:47,S,254.9,2,20
2021-06-15 11:00:47,S,254.85,2,65
2021-06-15 11:00:50,S,255.55,1,5
2021-06-15 11:00:50,S,255.9,2,47
2021-06-15 11:00:50,S,255.95,1,18
2021-06-15 11:00:50,S,256.0,2,113
2021-06-15 11:00:50,S,256.05,2,20
2021-06-15 11:00:50,S,255.15,1,72
2021-06-15 11:00:50,S,255.05,1,30
2021-06-15 11:00:50,S,255.0,6,746
2021-06-15 11:00:50,S,254.9,2,20
2021-06-15 11:00:50,S,254.85,2,65
2021-06-15 11:00:53,S,255.55,1,5
2021-06-15 11:00:53,S,255.9,2,47
2021-06-15 11:00:53,S,255.95,1,18
2021-06-15 11:00:53,S,256.0,2,113
2021-06-15 11:00:53,S,256.05,2,20
2021-06-15 11:00:53,S,255.15,1,72
2021-06-15 11:00:53,S,255.05,1,30
2021-06-15 11:00:53,S,255.0,6,746
2021-06-15 11:00:53,S,254.9,2,20
2021-06-15 11:00:53,S,254.85,2,65
2021-06-15 11:00:54,S,255.95,1,32
2021-06-15 11:00:54,S,256.0,2,113
2021-06-15 11:00:54,S,256.05,2,20
2021-06-15 11:00:54,S,256.1,2,42
2021-06-15 11:00:54,S,256.3,1,3
2021-06-15 11:00:54,S,255.15,1,26
2021-06-15 11:00:54,S,255.05,1,30
2021-06-15 11:00:54,S,255.0,5,729
2021-06-15 11:00:54,S,254.9,2,20
2021-06-15 11:00:54,S,254.85,2,65
2021-06-15 11:00:57,S,255.95,1,32
2021-06-15 11:00:57,S,256.0,2,113
2021-06-15 11:00:57,S,256.05,2,20
2021-06-15 11:00:57,S,256.1,2,42
2021-06-15 11:00:57,S,256.3,1,3
2021-06-15 11:00:57,S,255.15,1,26
2021-06-15 11:00:57,S,255.05,1,30
2021-06-15 11:00:57,S,255.0,5,729
2021-06-15 11:00:57,S,254.9,2,20
2021-06-15 11:00:57,S,254.85,2,65
2021-06-15 11:01:02,S,255.9,1,32
2021-06-15 11:01:02,S,255.95,2,23
2021-06-15 11:01:02,S,256.0,2,113
2021-06-15 11:01:02,S,256.05,2,20
2021-06-15 11:01:02,S,256.1,2,42
2021-06-15 11:01:02,S,255.15,1,26
2021-06-15 11:01:02,S,255.05,1,30
2021-06-15 11:01:02,S,255.0,4,724
2021-06-15 11:01:02,S,254.9,1,3
2021-06-15 11:01:02,S,254.85,2,65
2021-06-15 11:01:05,S,255.55,2,11
2021-06-15 11:01:05,S,255.8,1,32
2021-06-15 11:01:05,S,255.85,2,18
2021-06-15 11:01:05,S,255.9,1,15
2021-06-15 11:01:05,S,256.0,2,113
2021-06-15 11:01:05,S,255.15,1,26
2021-06-15 11:01:05,S,255.05,1,30
2021-06-15 11:01:05,S,255.0,4,724
2021-06-15 11:01:05,S,254.85,2,65
2021-06-15 11:01:05,S,254.7,1,3
2021-06-15 11:01:08,S,255.15,1,5
2021-06-15 11:01:08,S,255.8,2,47
2021-06-15 11:01:08,S,255.85,2,18
2021-06-15 11:01:08,S,256.0,2,113
2021-06-15 11:01:08,S,256.05,2,20
2021-06-15 11:01:08,S,255.05,1,30
2021-06-15 11:01:08,S,255.0,4,724
2021-06-15 11:01:08,S,254.85,3,77
2021-06-15 11:01:08,S,254.55,1,5
2021-06-15 11:01:08,S,254.5,2,23
2021-06-15 11:01:12,S,255.15,1,5
2021-06-15 11:01:12,S,255.8,2,47
2021-06-15 11:01:12,S,255.85,2,18
2021-06-15 11:01:12,S,256.0,2,113
2021-06-15 11:01:12,S,256.05,2,20
2021-06-15 11:01:12,S,255.05,1,30
2021-06-15 11:01:12,S,255.0,4,724
2021-06-15 11:01:12,S,254.85,3,77
2021-06-15 11:01:12,S,254.55,1,5
2021-06-15 11:01:12,S,254.5,2,23
2021-06-15 11:01:15,S,255.8,1,32
2021-06-15 11:01:15,S,255.85,2,18
2021-06-15 11:01:15,S,256.0,2,113
2021-06-15 11:01:15,S,256.05,2,20
2021-06-15 11:01:15,S,256.1,2,42
2021-06-15 11:01:15,S,255.05,1,24
2021-06-15 11:01:15,S,255.0,4,724
2021-06-15 11:01:15,S,254.85,2,65
2021-06-15 11:01:15,S,254.8,1,3
2021-06-15 11:01:15,S,254.55,1,5
2021-06-15 11:01:18,S,255.8,2,37
2021-06-15 11:01:18,S,255.85,2,18
2021-06-15 11:01:18,S,256.0,2,113
2021-06-15 11:01:18,S,256.05,2,20
2021-06-15 11:01:18,S,256.1,2,42
2021-06-15 11:01:18,S,255.05,1,24
2021-06-15 11:01:18,S,255.0,4,724
2021-06-15 11:01:18,S,254.85,2,65
2021-06-15 11:01:18,S,254.8,1,3
2021-06-15 11:01:18,S,254.55,1,5
2021-06-15 11:01:21,S,255.45,1,5
2021-06-15 11:01:21,S,255.8,2,47
2021-06-15 11:01:21,S,255.85,2,18
2021-06-15 11:01:21,S,256.0,2,113
2021-06-15 11:01:21,S,256.05,2,20
2021-06-15 11:01:21,S,255.05,1,24
2021-06-15 11:01:21,S,255.0,4,724
2021-06-15 11:01:21,S,254.85,2,65
2021-06-15 11:01:21,S,254.7,1,3
2021-06-15 11:01:21,S,254.55,1,5
2021-06-15 11:01:23,S,255.45,1,5
2021-06-15 11:01:23,S,255.8,2,47
2021-06-15 11:01:23,S,255.85,2,18
2021-06-15 11:01:23,S,256.0,2,113
2021-06-15 11:01:23,S,256.05,2,20
2021-06-15 11:01:23,S,255.05,1,24
2021-06-15 11:01:23,S,255.0,4,724
2021-06-15 11:01:23,S,254.85,2,65
2021-06-15 11:01:23,S,254.7,1,3
2021-06-15 11:01:23,S,254.55,1,5
2021-06-15 11:01:24,S,255.05,1,5
2021-06-15 11:01:24,S,255.8,2,47
2021-06-15 11:01:24,S,255.85,1,15
2021-06-15 11:01:24,S,256.0,2,113
2021-06-15 11:01:24,S,256.05,2,20
2021-06-15 11:01:24,S,255.0,4,724
2021-06-15 11:01:24,S,254.85,2,65
2021-06-15 11:01:24,S,254.8,2,30
2021-06-15 11:01:24,S,254.7,1,17
2021-06-15 11:01:24,S,254.45,2,105
2021-06-15 11:01:26,S,255.05,1,5
2021-06-15 11:01:26,S,255.8,2,47
2021-06-15 11:01:26,S,255.85,1,15
2021-06-15 11:01:26,S,256.0,2,113
2021-06-15 11:01:26,S,256.05,2,20
2021-06-15 11:01:26,S,255.0,4,724
2021-06-15 11:01:26,S,254.85,2,65
2021-06-15 11:01:26,S,254.8,2,30
2021-06-15 11:01:26,S,254.7,1,17
2021-06-15 11:01:26,S,254.45,2,105
2021-06-15 11:01:27,S,255.95,1,32
2021-06-15 11:01:27,S,256.0,3,116
2021-06-15 11:01:27,S,256.05,2,20
2021-06-15 11:01:27,S,256.1,3,45
2021-06-15 11:01:27,S,256.2,1,3
2021-06-15 11:01:27,S,255.0,4,717
2021-06-15 11:01:27,S,254.85,1,48
2021-06-15 11:01:27,S,254.45,3,122
2021-06-15 11:01:27,S,254.4,1,2
2021-06-15 11:01:27,S,254.35,1,5
2021-06-15 11:01:30,S,255.95,1,32
2021-06-15 11:01:30,S,256.0,3,116
2021-06-15 11:01:30,S,256.05,2,20
2021-06-15 11:01:30,S,256.1,3,45
2021-06-15 11:01:30,S,256.2,1,3
2021-06-15 11:01:30,S,255.0,4,717
2021-06-15 11:01:30,S,254.85,1,48
2021-06-15 11:01:30,S,254.75,2,20
2021-06-15 11:01:30,S,254.55,1,3
2021-06-15 11:01:30,S,254.45,3,122
2021-06-15 11:01:33,S,255.8,1,32
2021-06-15 11:01:33,S,255.85,1,5
2021-06-15 11:01:33,S,255.95,3,26
2021-06-15 11:01:33,S,256.0,3,116
2021-06-15 11:01:33,S,256.05,3,23
2021-06-15 11:01:33,S,255.0,4,717
2021-06-15 11:01:33,S,254.85,1,48
2021-06-15 11:01:33,S,254.75,2,20
2021-06-15 11:01:33,S,254.55,1,3
2021-06-15 11:01:33,S,254.5,1,20
2021-06-15 11:01:33,S,255.8,1,32
2021-06-15 11:01:33,S,255.85,1,5
2021-06-15 11:01:33,S,255.95,3,26
2021-06-15 11:01:33,S,256.0,3,116
2021-06-15 11:01:33,S,256.05,3,23
2021-06-15 11:01:33,S,255.0,4,717
2021-06-15 11:01:33,S,254.85,1,48
2021-06-15 11:01:33,S,254.75,2,20
2021-06-15 11:01:33,S,254.55,1,3
2021-06-15 11:01:33,S,254.5,1,20
2021-06-15 11:01:36,S,255.35,2,17
2021-06-15 11:01:36,S,255.4,2,10
2021-06-15 11:01:36,S,255.6,2,47
2021-06-15 11:01:36,S,255.65,2,18
2021-06-15 11:01:36,S,255.85,1,3
2021-06-15 11:01:36,S,255.0,1,217
2021-06-15 11:01:36,S,254.55,1,3
2021-06-15 11:01:36,S,254.45,3,122
2021-06-15 11:01:36,S,254.35,1,5
2021-06-15 11:01:36,S,254.3,1,3
2021-06-15 11:01:38,S,255.35,2,17
2021-06-15 11:01:38,S,255.4,2,10
2021-06-15 11:01:38,S,255.6,2,47
2021-06-15 11:01:38,S,255.65,2,18
2021-06-15 11:01:38,S,255.85,1,3
2021-06-15 11:01:38,S,255.0,1,217
2021-06-15 11:01:38,S,254.55,1,3
2021-06-15 11:01:38,S,254.45,3,122
2021-06-15 11:01:38,S,254.35,1,5
2021-06-15 11:01:38,S,254.3,1,3
2021-06-15 11:01:39,S,255.35,2,17
2021-06-15 11:01:39,S,255.6,2,47
2021-06-15 11:01:39,S,255.65,2,18
2021-06-15 11:01:39,S,255.85,1,3
2021-06-15 11:01:39,S,255.95,2,21
2021-06-15 11:01:39,S,255.0,1,170
2021-06-15 11:01:39,S,254.55,2,17
2021-06-15 11:01:39,S,254.45,3,122
2021-06-15 11:01:39,S,254.35,1,5
2021-06-15 11:01:39,S,254.3,1,3
2021-06-15 11:01:42,S,255.5,1,13
2021-06-15 11:01:42,S,255.6,1,32
2021-06-15 11:01:42,S,255.65,2,18
2021-06-15 11:01:42,S,255.85,2,6
2021-06-15 11:01:42,S,255.9,1,20
2021-06-15 11:01:42,S,255.1,1,5
2021-06-15 11:01:42,S,255.0,1,170
2021-06-15 11:01:42,S,254.75,1,3
2021-06-15 11:01:42,S,254.55,2,17
2021-06-15 11:01:42,S,254.45,3,122
2021-06-15 11:01:45,S,255.8,1,32
2021-06-15 11:01:45,S,255.85,2,6
2021-06-15 11:01:45,S,255.95,2,21
2021-06-15 11:01:45,S,256.0,3,116
2021-06-15 11:01:45,S,256.05,3,23
2021-06-15 11:01:45,S,255.1,1,5
2021-06-15 11:01:45,S,255.0,1,170
2021-06-15 11:01:45,S,254.75,1,3
2021-06-15 11:01:45,S,254.55,2,17
2021-06-15 11:01:45,S,254.45,3,122
2021-06-15 11:01:48,S,255.55,1,32
2021-06-15 11:01:48,S,255.6,1,13
2021-06-15 11:01:48,S,255.7,1,15
2021-06-15 11:01:48,S,255.75,2,33
2021-06-15 11:01:48,S,255.8,2,24
2021-06-15 11:01:48,S,255.1,1,5
2021-06-15 11:01:48,S,255.0,1,170
2021-06-15 11:01:48,S,254.75,1,3
2021-06-15 11:01:48,S,254.55,2,17
2021-06-15 11:01:48,S,254.45,3,122
2021-06-15 11:01:52,S,255.35,2,11
2021-06-15 11:01:52,S,255.65,2,45
2021-06-15 11:01:52,S,255.85,2,6
2021-06-15 11:01:52,S,255.9,1,20
2021-06-15 11:01:52,S,255.95,2,21
2021-06-15 11:01:52,S,255.1,1,5
2021-06-15 11:01:52,S,255.0,2,220
2021-06-15 11:01:52,S,254.85,2,56
2021-06-15 11:01:52,S,254.55,2,17
2021-06-15 11:01:52,S,254.45,3,122
2021-06-15 11:01:52,S,255.35,2,11
2021-06-15 11:01:52,S,255.65,2,45
2021-06-15 11:01:52,S,255.85,2,6
2021-06-15 11:01:52,S,255.9,1,20
2021-06-15 11:01:52,S,255.95,2,21
2021-06-15 11:01:52,S,255.1,1,5
2021-06-15 11:01:52,S,255.0,2,220
2021-06-15 11:01:52,S,254.85,2,56
2021-06-15 11:01:52,S,254.55,2,17
2021-06-15 11:01:52,S,254.45,3,122
2021-06-15 11:01:54,S,255.35,2,11
2021-06-15 11:01:54,S,255.65,2,45
2021-06-15 11:01:54,S,255.85,2,6
2021-06-15 11:01:54,S,255.9,1,20
2021-06-15 11:01:54,S,255.95,2,21
2021-06-15 11:01:54,S,255.1,1,5
2021-06-15 11:01:54,S,255.0,2,220
2021-06-15 11:01:54,S,254.85,2,56
2021-06-15 11:01:54,S,254.55,2,17
2021-06-15 11:01:54,S,254.45,3,122
2021-06-15 11:01:55,S,255.1,1,6
2021-06-15 11:01:55,S,255.55,2,47
2021-06-15 11:01:55,S,255.6,2,18
2021-06-15 11:01:55,S,255.65,1,13
2021-06-15 11:01:55,S,255.85,2,6
2021-06-15 11:01:55,S,255.0,2,220
2021-06-15 11:01:55,S,254.85,1,53
2021-06-15 11:01:55,S,254.8,1,12
2021-06-15 11:01:55,S,254.55,2,17
2021-06-15 11:01:55,S,254.5,1,3
2021-06-15 11:01:57,S,255.1,1,6
2021-06-15 11:01:57,S,255.55,2,47
2021-06-15 11:01:57,S,255.6,2,18
2021-06-15 11:01:57,S,255.65,1,13
2021-06-15 11:01:57,S,255.85,2,6
2021-06-15 11:01:57,S,255.0,2,220
2021-06-15 11:01:57,S,254.85,1,53
2021-06-15 11:01:57,S,254.8,1,12
2021-06-15 11:01:57,S,254.55,2,17
2021-06-15 11:01:57,S,254.5,1,3
2021-06-15 11:01:59,S,255.55,1,32
2021-06-15 11:01:59,S,255.6,2,18
2021-06-15 11:01:59,S,255.75,1,13
2021-06-15 11:01:59,S,255.8,1,3
2021-06-15 11:01:59,S,255.85,2,6
2021-06-15 11:01:59,S,255.0,2,192
2021-06-15 11:01:59,S,254.85,1,53
2021-06-15 11:01:59,S,254.8,1,3
2021-06-15 11:01:59,S,254.55,2,17
2021-06-15 11:01:59,S,254.45,3,122
2021-06-15 11:02:02,S,255.55,2,11
2021-06-15 11:02:02,S,255.7,2,45
2021-06-15 11:02:02,S,255.85,2,6
2021-06-15 11:02:02,S,255.95,2,21
2021-06-15 11:02:02,S,256.0,4,117
2021-06-15 11:02:02,S,255.0,2,192
2021-06-15 11:02:02,S,254.85,1,53
2021-06-15 11:02:02,S,254.8,1,3
2021-06-15 11:02:02,S,254.55,2,17
2021-06-15 11:02:02,S,254.45,3,122
2021-06-15 11:02:05,S,255.3,1,6
2021-06-15 11:02:05,S,255.5,1,15
2021-06-15 11:02:05,S,255.65,1,32
2021-06-15 11:02:05,S,255.7,1,13
2021-06-15 11:02:05,S,255.85,2,6
2021-06-15 11:02:05,S,255.0,2,192
2021-06-15 11:02:05,S,254.85,1,53
2021-06-15 11:02:05,S,254.55,2,17
2021-06-15 11:02:05,S,254.5,1,3
2021-06-15 11:02:05,S,254.45,3,122
2021-06-15 11:02:08,S,255.3,1,6
2021-06-15 11:02:08,S,255.5,1,15
2021-06-15 11:02:08,S,255.65,1,32
2021-06-15 11:02:08,S,255.7,1,13
2021-06-15 11:02:08,S,255.85,2,6
2021-06-15 11:02:08,S,255.0,2,192
2021-06-15 11:02:08,S,254.85,1,53
2021-06-15 11:02:08,S,254.55,2,17
2021-06-15 11:02:08,S,254.5,1,3
2021-06-15 11:02:08,S,254.45,3,122
2021-06-15 11:02:10,S,255.6,1,32
2021-06-15 11:02:10,S,255.65,2,6
2021-06-15 11:02:10,S,255.85,2,6
2021-06-15 11:02:10,S,255.95,2,21
2021-06-15 11:02:10,S,256.0,4,117
2021-06-15 11:02:10,S,255.0,2,139
2021-06-15 11:02:10,S,254.85,1,53
2021-06-15 11:02:10,S,254.55,2,17
2021-06-15 11:02:10,S,254.5,1,3
2021-06-15 11:02:10,S,254.45,3,122
2021-06-15 11:02:16,S,255.5,1,32
2021-06-15 11:02:16,S,255.55,1,5
2021-06-15 11:02:16,S,255.6,2,25
2021-06-15 11:02:16,S,255.65,2,6
2021-06-15 11:02:16,S,255.85,2,6
2021-06-15 11:02:16,S,255.0,2,139
2021-06-15 11:02:16,S,254.85,1,53
2021-06-15 11:02:16,S,254.75,1,3
2021-06-15 11:02:16,S,254.55,2,17
2021-06-15 11:02:16,S,254.45,3,122
2021-06-15 11:02:19,S,255.5,2,18
2021-06-15 11:02:19,S,255.55,1,32
2021-06-15 11:02:19,S,255.6,2,25
2021-06-15 11:02:19,S,255.65,2,6
2021-06-15 11:02:19,S,255.85,2,6
2021-06-15 11:02:19,S,255.0,2,139
2021-06-15 11:02:19,S,254.85,1,53
2021-06-15 11:02:19,S,254.75,1,3
2021-06-15 11:02:19,S,254.55,2,17
2021-06-15 11:02:19,S,254.45,3,122
2021-06-15 11:02:21,S,255.25,2,12
2021-06-15 11:02:21,S,255.45,1,32
2021-06-15 11:02:21,S,255.5,1,5
2021-06-15 11:02:21,S,255.6,1,18
2021-06-15 11:02:21,S,255.65,2,6
2021-06-15 11:02:21,S,255.0,2,139
2021-06-15 11:02:21,S,254.85,1,53
2021-06-15 11:02:21,S,254.55,2,17
2021-06-15 11:02:21,S,254.45,3,122
2021-06-15 11:02:21,S,254.35,1,5
2021-06-15 11:02:23,S,255.25,2,12
2021-06-15 11:02:23,S,255.45,1,32
2021-06-15 11:02:23,S,255.5,1,5
2021-06-15 11:02:23,S,255.6,1,18
2021-06-15 11:02:23,S,255.65,2,6
2021-06-15 11:02:23,S,255.0,2,139
2021-06-15 11:02:23,S,254.85,1,53
2021-06-15 11:02:23,S,254.55,2,17
2021-06-15 11:02:23,S,254.45,3,122
2021-06-15 11:02:23,S,254.35,1,5
2021-06-15 11:02:24,S,255.5,1,32
2021-06-15 11:02:24,S,255.55,2,18
2021-06-15 11:02:24,S,255.65,2,6
2021-06-15 11:02:24,S,255.85,2,6
2021-06-15 11:02:24,S,255.95,2,21
2021-06-15 11:02:24,S,255.0,2,78
2021-06-15 11:02:24,S,254.7,1,3
2021-06-15 11:02:24,S,254.5,2,21
2021-06-15 11:02:24,S,254.45,3,122
2021-06-15 11:02:24,S,254.35,2,23
2021-06-15 11:02:27,S,255.6,1,32
2021-06-15 11:02:27,S,255.65,2,6
2021-06-15 11:02:27,S,255.85,2,6
2021-06-15 11:02:27,S,255.9,1,20
2021-06-15 11:02:27,S,255.95,2,21
2021-06-15 11:02:27,S,255.0,2,78
2021-06-15 11:02:27,S,254.9,1,3
2021-06-15 11:02:27,S,254.7,2,17
2021-06-15 11:02:27,S,254.5,2,21
2021-06-15 11:02:27,S,254.45,3,122
2021-06-15 11:02:30,S,255.5,2,45
2021-06-15 11:02:30,S,255.55,1,5
2021-06-15 11:02:30,S,255.6,2,23
2021-06-15 11:02:30,S,255.65,2,6
2021-06-15 11:02:30,S,255.85,2,6
2021-06-15 11:02:30,S,255.0,2,78
2021-06-15 11:02:30,S,254.7,1,3
2021-06-15 11:02:30,S,254.5,2,21
2021-06-15 11:02:30,S,254.45,3,122
2021-06-15 11:02:30,S,254.35,2,23
2021-06-15 11:02:31,S,255.5,2,45
2021-06-15 11:02:31,S,255.55,1,5
2021-06-15 11:02:31,S,255.6,2,23
2021-06-15 11:02:31,S,255.65,2,6
2021-06-15 11:02:31,S,255.85,2,6
2021-06-15 11:02:31,S,255.0,2,78
2021-06-15 11:02:31,S,254.7,1,3
2021-06-15 11:02:31,S,254.5,2,21
2021-06-15 11:02:31,S,254.45,3,122
2021-06-15 11:02:31,S,254.35,2,23
2021-06-15 11:02:33,S,255.6,2,23
2021-06-15 11:02:33,S,255.8,1,32
2021-06-15 11:02:33,S,255.85,2,6
2021-06-15 11:02:33,S,255.9,1,20
2021-06-15 11:02:33,S,255.95,2,21
2021-06-15 11:02:33,S,255.05,2,44
2021-06-15 11:02:33,S,255.0,1,500
2021-06-15 11:02:33,S,254.85,2,66
2021-06-15 11:02:33,S,254.5,1,20
2021-06-15 11:02:33,S,254.45,2,62
2021-06-15 11:02:36,S,255.35,1,7
2021-06-15 11:02:36,S,255.65,2,47
2021-06-15 11:02:36,S,255.85,2,6
2021-06-15 11:02:36,S,255.9,1,20
2021-06-15 11:02:36,S,255.95,2,21
2021-06-15 11:02:36,S,255.05,1,32
2021-06-15 11:02:36,S,255.0,1,500
2021-06-15 11:02:36,S,254.95,2,30
2021-06-15 11:02:36,S,254.9,2,20
2021-06-15 11:02:36,S,254.85,2,66
2021-06-15 11:02:38,S,255.35,1,7
2021-06-15 11:02:38,S,255.65,2,47
2021-06-15 11:02:38,S,255.85,2,6
2021-06-15 11:02:38,S,255.9,1,20
2021-06-15 11:02:38,S,255.95,2,21
2021-06-15 11:02:38,S,255.05,1,32
2021-06-15 11:02:38,S,255.0,1,500
2021-06-15 11:02:38,S,254.95,2,30
2021-06-15 11:02:38,S,254.9,2,20
2021-06-15 11:02:38,S,254.85,2,66
2021-06-15 11:02:39,S,255.05,1,6
2021-06-15 11:02:39,S,255.75,2,47
2021-06-15 11:02:39,S,255.85,2,6
2021-06-15 11:02:39,S,255.9,2,24
2021-06-15 11:02:39,S,255.95,2,21
2021-06-15 11:02:39,S,255.0,1,500
2021-06-15 11:02:39,S,254.85,3,78
2021-06-15 11:02:39,S,254.7,2,20
2021-06-15 11:02:39,S,254.5,2,23
2021-06-15 11:02:39,S,254.45,2,62
2021-06-15 11:02:42,S,255.05,1,6
2021-06-15 11:02:42,S,255.75,2,47
2021-06-15 11:02:42,S,255.85,2,6
2021-06-15 11:02:42,S,255.9,2,24
2021-06-15 11:02:42,S,255.95,2,21
2021-06-15 11:02:42,S,255.0,1,500
2021-06-15 11:02:42,S,254.85,3,78
2021-06-15 11:02:42,S,254.7,2,20
2021-06-15 11:02:42,S,254.5,2,23
2021-06-15 11:02:42,S,254.45,2,62
2021-06-15 11:02:44,S,255.8,1,32
2021-06-15 11:02:44,S,255.85,2,6
2021-06-15 11:02:44,S,255.95,2,21
2021-06-15 11:02:44,S,256.0,4,117
2021-06-15 11:02:44,S,256.05,3,23
2021-06-15 11:02:44,S,255.0,1,493
2021-06-15 11:02:44,S,254.95,1,3
2021-06-15 11:02:44,S,254.85,2,66
2021-06-15 11:02:44,S,254.7,2,20
2021-06-15 11:02:44,S,254.5,2,23
2021-06-15 11:02:47,S,255.8,2,38
2021-06-15 11:02:47,S,255.85,2,6
2021-06-15 11:02:47,S,255.95,2,21
2021-06-15 11:02:47,S,256.0,4,117
2021-06-15 11:02:47,S,256.05,3,23
2021-06-15 11:02:47,S,255.0,1,493
2021-06-15 11:02:47,S,254.95,1,3
2021-06-15 11:02:47,S,254.85,2,66
2021-06-15 11:02:47,S,254.7,2,20
2021-06-15 11:02:47,S,254.5,2,23
2021-06-15 11:02:49,S,255.4,1,6
2021-06-15 11:02:49,S,255.8,2,47
2021-06-15 11:02:49,S,255.85,2,6
2021-06-15 11:02:49,S,255.9,1,20
2021-06-15 11:02:49,S,255.95,2,21
2021-06-15 11:02:49,S,255.0,1,493
2021-06-15 11:02:49,S,254.95,1,12
2021-06-15 11:02:49,S,254.85,2,66
2021-06-15 11:02:49,S,254.7,2,20
2021-06-15 11:02:49,S,254.5,2,23
2021-06-15 11:02:53,S,255.4,1,6
2021-06-15 11:02:53,S,255.8,2,47
2021-06-15 11:02:53,S,255.85,2,6
2021-06-15 11:02:53,S,255.9,1,20
2021-06-15 11:02:53,S,255.95,2,21
2021-06-15 11:02:53,S,255.0,1,493
2021-06-15 11:02:53,S,254.95,1,12
2021-06-15 11:02:53,S,254.85,2,66
2021-06-15 11:02:53,S,254.7,2,20
2021-06-15 11:02:53,S,254.5,2,23
2021-06-15 11:02:57,S,255.8,1,32
2021-06-15 11:02:57,S,255.85,2,6
2021-06-15 11:02:57,S,255.9,2,22
2021-06-15 11:02:57,S,255.95,2,21
2021-06-15 11:02:57,S,256.0,4,117
2021-06-15 11:02:57,S,255.0,2,436
2021-06-15 11:02:57,S,254.95,1,3
2021-06-15 11:02:57,S,254.85,1,49
2021-06-15 11:02:57,S,254.7,2,20
2021-06-15 11:02:57,S,254.5,2,23
2021-06-15 11:03:00,S,255.8,2,39
2021-06-15 11:03:00,S,255.85,2,6
2021-06-15 11:03:00,S,255.9,2,22
2021-06-15 11:03:00,S,255.95,2,21
2021-06-15 11:03:00,S,256.0,4,117
2021-06-15 11:03:00,S,255.0,2,436
2021-06-15 11:03:00,S,254.95,1,3
2021-06-15 11:03:00,S,254.85,1,49
2021-06-15 11:03:00,S,254.7,2,20
2021-06-15 11:03:00,S,254.5,2,23
2021-06-15 11:03:06,S,255.4,1,7
2021-06-15 11:03:06,S,255.8,2,47
2021-06-15 11:03:06,S,255.85,2,6
2021-06-15 11:03:06,S,255.9,2,22
2021-06-15 11:03:06,S,255.95,2,21
2021-06-15 11:03:06,S,255.0,2,436
2021-06-15 11:03:06,S,254.85,2,67
2021-06-15 11:03:06,S,254.7,2,20
2021-06-15 11:03:06,S,254.5,2,23
2021-06-15 11:03:06,S,254.45,2,62
2021-06-15 11:03:08,S,255.4,1,7
2021-06-15 11:03:08,S,255.8,2,47
2021-06-15 11:03:08,S,255.85,2,6
2021-06-15 11:03:08,S,255.9,2,22
2021-06-15 11:03:08,S,255.95,2,21
2021-06-15 11:03:08,S,255.0,2,436
2021-06-15 11:03:08,S,254.85,2,67
2021-06-15 11:03:08,S,254.7,2,20
2021-06-15 11:03:08,S,254.5,2,23
2021-06-15 11:03:08,S,254.45,2,62
2021-06-15 11:03:09,S,255.8,1,32
2021-06-15 11:03:09,S,255.85,2,6
2021-06-15 11:03:09,S,255.9,2,22
2021-06-15 11:03:09,S,255.95,2,21
2021-06-15 11:03:09,S,256.0,4,117
2021-06-15 11:03:09,S,255.0,2,371
2021-06-15 11:03:09,S,254.95,1,3
2021-06-15 11:03:09,S,254.85,1,49
2021-06-15 11:03:09,S,254.7,2,20
2021-06-15 11:03:09,S,254.5,2,23
2021-06-15 11:03:12,S,255.8,1,32
2021-06-15 11:03:12,S,255.85,2,6
2021-06-15 11:03:12,S,255.9,2,22
2021-06-15 11:03:12,S,255.95,2,21
2021-06-15 11:03:12,S,256.0,4,117
2021-06-15 11:03:12,S,255.0,2,371
2021-06-15 11:03:12,S,254.85,1,49
2021-06-15 11:03:12,S,254.7,2,20
2021-06-15 11:03:12,S,254.5,2,23
2021-06-15 11:03:12,S,254.45,2,62
2021-06-15 11:03:15,S,255.65,1,32
2021-06-15 11:03:15,S,255.7,1,6
2021-06-15 11:03:15,S,255.8,1,6
2021-06-15 11:03:15,S,255.85,2,6
2021-06-15 11:03:15,S,255.9,2,22
2021-06-15 11:03:15,S,255.0,2,371
2021-06-15 11:03:15,S,254.85,1,49
2021-06-15 11:03:15,S,254.7,2,20
2021-06-15 11:03:15,S,254.5,2,23
2021-06-15 11:03:15,S,254.45,2,62
2021-06-15 11:03:21,S,255.35,1,6
2021-06-15 11:03:21,S,255.75,2,46
2021-06-15 11:03:21,S,255.85,2,6
2021-06-15 11:03:21,S,255.9,2,22
2021-06-15 11:03:21,S,255.95,2,21
2021-06-15 11:03:21,S,255.0,3,471
2021-06-15 11:03:21,S,254.9,1,13
2021-06-15 11:03:21,S,254.85,1,49
2021-06-15 11:03:21,S,254.7,2,20
2021-06-15 11:03:21,S,254.5,2,23
2021-06-15 11:03:23,S,255.35,1,6
2021-06-15 11:03:23,S,255.75,2,46
2021-06-15 11:03:23,S,255.85,2,6
2021-06-15 11:03:23,S,255.9,2,22
2021-06-15 11:03:23,S,255.95,2,21
2021-06-15 11:03:23,S,255.0,3,471
2021-06-15 11:03:23,S,254.9,1,13
2021-06-15 11:03:23,S,254.85,1,49
2021-06-15 11:03:23,S,254.7,2,20
2021-06-15 11:03:23,S,254.5,2,23
2021-06-15 11:03:24,S,255.8,1,32
2021-06-15 11:03:24,S,255.85,2,6
2021-06-15 11:03:24,S,255.9,2,22
2021-06-15 11:03:24,S,255.95,2,21
2021-06-15 11:03:24,S,256.0,4,117
2021-06-15 11:03:24,S,255.0,4,419
2021-06-15 11:03:24,S,254.95,1,3
2021-06-15 11:03:24,S,254.85,1,49
2021-06-15 11:03:24,S,254.7,2,20
2021-06-15 11:03:24,S,254.5,2,23
2021-06-15 11:03:32,S,255.8,2,39
2021-06-15 11:03:32,S,255.85,2,6
2021-06-15 11:03:32,S,255.9,2,22
2021-06-15 11:03:32,S,255.95,2,21
2021-06-15 11:03:32,S,256.0,4,117
2021-06-15 11:03:32,S,255.0,4,419
2021-06-15 11:03:32,S,254.95,1,3
2021-06-15 11:03:32,S,254.85,1,49
2021-06-15 11:03:32,S,254.7,2,20
2021-06-15 11:03:32,S,254.5,2,23
2021-06-15 11:03:34,S,255.4,1,7
2021-06-15 11:03:34,S,255.8,2,46
2021-06-15 11:03:34,S,255.85,2,6
2021-06-15 11:03:34,S,255.9,2,22
2021-06-15 11:03:34,S,255.95,2,21
2021-06-15 11:03:34,S,255.05,1,2
2021-06-15 11:03:34,S,255.0,3,418
2021-06-15 11:03:34,S,254.85,1,49
2021-06-15 11:03:34,S,254.7,2,20
2021-06-15 11:03:34,S,254.5,2,23
2021-06-15 11:03:38,S,255.4,1,7
2021-06-15 11:03:38,S,255.8,2,46
2021-06-15 11:03:38,S,255.85,2,6
2021-06-15 11:03:38,S,255.9,2,22
2021-06-15 11:03:38,S,255.95,2,21
2021-06-15 11:03:38,S,255.05,1,2
2021-06-15 11:03:38,S,255.0,3,418
2021-06-15 11:03:38,S,254.85,1,49
2021-06-15 11:03:38,S,254.7,2,20
2021-06-15 11:03:38,S,254.5,2,23
2021-06-15 11:03:40,S,255.05,1,7
2021-06-15 11:03:40,S,255.55,2,46
2021-06-15 11:03:40,S,255.6,2,17
2021-06-15 11:03:40,S,255.8,1,14
2021-06-15 11:03:40,S,255.85,2,6
2021-06-15 11:03:40,S,255.0,3,418
2021-06-15 11:03:40,S,254.85,1,49
2021-06-15 11:03:40,S,254.8,1,13
2021-06-15 11:03:40,S,254.7,2,20
2021-06-15 11:03:40,S,254.5,2,23
2021-06-15 11:03:42,S,255.05,1,7
2021-06-15 11:03:42,S,255.55,2,46
2021-06-15 11:03:42,S,255.6,2,17
2021-06-15 11:03:42,S,255.8,1,14
2021-06-15 11:03:42,S,255.85,2,6
2021-06-15 11:03:42,S,255.0,3,418
2021-06-15 11:03:42,S,254.85,1,49
2021-06-15 11:03:42,S,254.8,1,13
2021-06-15 11:03:42,S,254.7,2,20
2021-06-15 11:03:42,S,254.5,2,23
2021-06-15 11:03:43,S,255.8,1,32
2021-06-15 11:03:43,S,255.85,2,6
2021-06-15 11:03:43,S,255.9,2,22
2021-06-15 11:03:43,S,255.95,2,21
2021-06-15 11:03:43,S,256.0,4,117
2021-06-15 11:03:43,S,255.0,3,376
2021-06-15 11:03:43,S,254.85,1,49
2021-06-15 11:03:43,S,254.7,2,20
2021-06-15 11:03:43,S,254.5,1,3
2021-06-15 11:03:43,S,254.45,2,62
2021-06-15 11:03:45,S,255.8,2,38
2021-06-15 11:03:45,S,255.85,2,6
2021-06-15 11:03:45,S,255.9,2,22
2021-06-15 11:03:45,S,255.95,2,21
2021-06-15 11:03:45,S,256.0,4,117
2021-06-15 11:03:45,S,255.0,3,376
2021-06-15 11:03:45,S,254.9,1,3
2021-06-15 11:03:45,S,254.85,1,49
2021-06-15 11:03:45,S,254.7,2,20
2021-06-15 11:03:45,S,254.5,2,23
2021-06-15 11:03:50,S,255.4,1,6
2021-06-15 11:03:50,S,255.8,2,46
2021-06-15 11:03:50,S,255.85,2,6
2021-06-15 11:03:50,S,255.9,2,22
2021-06-15 11:03:50,S,255.95,2,21
2021-06-15 11:03:50,S,255.0,3,376
2021-06-15 11:03:50,S,254.85,2,67
2021-06-15 11:03:50,S,254.7,2,20
2021-06-15 11:03:50,S,254.5,2,23
2021-06-15 11:03:50,S,254.45,2,62
2021-06-15 11:03:53,S,255.4,1,6
2021-06-15 11:03:53,S,255.8,2,46
2021-06-15 11:03:53,S,255.85,2,6
2021-06-15 11:03:53,S,255.9,2,22
2021-06-15 11:03:53,S,255.95,2,21
2021-06-15 11:03:53,S,255.0,3,376
2021-06-15 11:03:53,S,254.85,2,67
2021-06-15 11:03:53,S,254.7,2,20
2021-06-15 11:03:53,S,254.5,2,23
2021-06-15 11:03:53,S,254.45,2,62
2021-06-15 11:03:55,S,255.8,1,32
2021-06-15 11:03:55,S,255.85,2,6
2021-06-15 11:03:55,S,255.95,2,21
2021-06-15 11:03:55,S,256.0,4,117
2021-06-15 11:03:55,S,256.05,3,23
2021-06-15 11:03:55,S,255.0,3,321
2021-06-15 11:03:55,S,254.95,1,3
2021-06-15 11:03:55,S,254.85,1,49
2021-06-15 11:03:55,S,254.7,2,20
2021-06-15 11:03:55,S,254.5,1,3
2021-06-15 11:04:00,S,255.8,2,38
2021-06-15 11:04:00,S,255.85,2,6
2021-06-15 11:04:00,S,255.95,2,21
2021-06-15 11:04:00,S,256.0,4,117
2021-06-15 11:04:00,S,256.05,3,23
2021-06-15 11:04:00,S,255.0,3,321
2021-06-15 11:04:00,S,254.85,1,49
2021-06-15 11:04:00,S,254.7,2,20
2021-06-15 11:04:00,S,254.5,1,3
2021-06-15 11:04:00,S,254.45,2,62
2021-06-15 11:04:06,S,255.4,2,12
2021-06-15 11:04:06,S,255.6,1,32
2021-06-15 11:04:06,S,255.65,1,3
2021-06-15 11:04:06,S,255.8,1,14
2021-06-15 11:04:06,S,255.85,2,6
2021-06-15 11:04:06,S,255.0,3,321
2021-06-15 11:04:06,S,254.85,1,49
2021-06-15 11:04:06,S,254.7,2,20
2021-06-15 11:04:06,S,254.5,1,3
2021-06-15 11:04:06,S,254.45,2,62
2021-06-15 11:04:08,S,255.6,1,32
2021-06-15 11:04:08,S,255.65,2,9
2021-06-15 11:04:08,S,255.85,2,6
2021-06-15 11:04:08,S,255.9,1,20
2021-06-15 11:04:08,S,255.95,2,21
2021-06-15 11:04:08,S,255.0,3,266
2021-06-15 11:04:08,S,254.85,1,49
2021-06-15 11:04:08,S,254.7,2,20
2021-06-15 11:04:08,S,254.5,1,3
2021-06-15 11:04:08,S,254.45,2,62
2021-06-15 11:04:11,S,255.55,2,19
2021-06-15 11:04:11,S,255.6,1,32
2021-06-15 11:04:11,S,255.65,2,9
2021-06-15 11:04:11,S,255.85,2,6
2021-06-15 11:04:11,S,255.9,1,20
2021-06-15 11:04:11,S,255.0,3,266
2021-06-15 11:04:11,S,254.85,1,49
2021-06-15 11:04:11,S,254.7,2,20
2021-06-15 11:04:11,S,254.5,1,3
2021-06-15 11:04:11,S,254.45,2,62
2021-06-15 11:04:16,S,255.5,1,32
2021-06-15 11:04:16,S,255.55,3,25
2021-06-15 11:04:16,S,255.65,2,9
2021-06-15 11:04:16,S,255.85,2,6
2021-06-15 11:04:16,S,255.9,1,20
2021-06-15 11:04:16,S,255.0,3,266
2021-06-15 11:04:16,S,254.85,1,49
2021-06-15 11:04:16,S,254.7,1,3
2021-06-15 11:04:16,S,254.5,1,3
2021-06-15 11:04:16,S,254.45,2,62
2021-06-15 11:04:19,S,255.25,2,13
2021-06-15 11:04:19,S,255.5,2,39
2021-06-15 11:04:19,S,255.55,1,7
2021-06-15 11:04:19,S,255.65,2,9
2021-06-15 11:04:19,S,255.85,2,6
2021-06-15 11:04:19,S,255.0,3,266
2021-06-15 11:04:19,S,254.85,1,49
2021-06-15 11:04:19,S,254.5,2,21
2021-06-15 11:04:19,S,254.45,2,62
2021-06-15 11:04:19,S,254.4,1,20
2021-06-15 11:04:23,S,255.25,2,13
2021-06-15 11:04:23,S,255.5,2,39
2021-06-15 11:04:23,S,255.55,1,7
2021-06-15 11:04:23,S,255.65,2,9
2021-06-15 11:04:23,S,255.85,2,6
2021-06-15 11:04:23,S,255.0,3,266
2021-06-15 11:04:23,S,254.85,1,49
2021-06-15 11:04:23,S,254.5,2,21
2021-06-15 11:04:23,S,254.45,2,62
2021-06-15 11:04:23,S,254.4,1,20
2021-06-15 11:04:25,S,255.6,1,32
2021-06-15 11:04:25,S,255.65,2,9
2021-06-15 11:04:25,S,255.85,2,6
2021-06-15 11:04:25,S,255.9,1,20
2021-06-15 11:04:25,S,255.95,2,21
2021-06-15 11:04:25,S,255.0,3,206
2021-06-15 11:04:25,S,254.85,1,49
2021-06-15 11:04:25,S,254.7,1,3
2021-06-15 11:04:25,S,254.5,2,21
2021-06-15 11:04:25,S,254.45,2,62
2021-06-15 11:04:28,S,255.6,1,32
2021-06-15 11:04:28,S,255.65,2,9
2021-06-15 11:04:28,S,255.85,2,6
2021-06-15 11:04:28,S,255.9,1,20
2021-06-15 11:04:28,S,255.95,2,21
2021-06-15 11:04:28,S,255.0,3,206
2021-06-15 11:04:28,S,254.85,1,49
2021-06-15 11:04:28,S,254.7,2,21
2021-06-15 11:04:28,S,254.5,2,21
2021-06-15 11:04:28,S,254.45,2,62
2021-06-15 11:04:31,S,255.5,1,32
2021-06-15 11:04:31,S,255.55,1,6
2021-06-15 11:04:31,S,255.6,2,17
2021-06-15 11:04:31,S,255.65,2,9
2021-06-15 11:04:31,S,255.85,2,6
2021-06-15 11:04:31,S,255.0,3,206
2021-06-15 11:04:31,S,254.85,1,49
2021-06-15 11:04:31,S,254.7,1,3
2021-06-15 11:04:31,S,254.5,2,21
2021-06-15 11:04:31,S,254.45,2,62
2021-06-15 11:04:34,S,255.55,1,32
2021-06-15 11:04:34,S,255.6,2,17
2021-06-15 11:04:34,S,255.65,2,9
2021-06-15 11:04:34,S,255.85,2,6
2021-06-15 11:04:34,S,255.9,1,20
2021-06-15 11:04:34,S,255.0,3,206
2021-06-15 11:04:34,S,254.85,1,49
2021-06-15 11:04:34,S,254.7,2,21
2021-06-15 11:04:34,S,254.5,2,21
2021-06-15 11:04:34,S,254.45,2,62
2021-06-15 11:04:37,S,255.3,2,12
2021-06-15 11:04:37,S,255.55,2,38
2021-06-15 11:04:37,S,255.65,2,9
2021-06-15 11:04:37,S,255.85,2,6
2021-06-15 11:04:37,S,255.9,1,20
2021-06-15 11:04:37,S,255.0,3,206
2021-06-15 11:04:37,S,254.85,1,49
2021-06-15 11:04:37,S,254.7,2,21
2021-06-15 11:04:37,S,254.5,2,21
2021-06-15 11:04:37,S,254.45,2,62
2021-06-15 11:04:38,S,255.3,2,12
2021-06-15 11:04:38,S,255.55,2,38
2021-06-15 11:04:38,S,255.65,2,9
2021-06-15 11:04:38,S,255.85,2,6
2021-06-15 11:04:38,S,255.9,1,20
2021-06-15 11:04:38,S,255.0,3,206
2021-06-15 11:04:38,S,254.85,1,49
2021-06-15 11:04:38,S,254.7,2,21
2021-06-15 11:04:38,S,254.5,2,21
2021-06-15 11:04:38,S,254.45,2,62
2021-06-15 11:04:40,S,255.8,1,32
2021-06-15 11:04:40,S,255.85,2,6
2021-06-15 11:04:40,S,255.95,2,21
2021-06-15 11:04:40,S,256.0,4,117
2021-06-15 11:04:40,S,256.05,3,23
2021-06-15 11:04:40,S,255.0,3,157
2021-06-15 11:04:40,S,254.85,1,49
2021-06-15 11:04:40,S,254.7,2,21
2021-06-15 11:04:40,S,254.5,2,21
2021-06-15 11:04:40,S,254.45,2,62
2021-06-15 11:04:43,S,255.8,1,32
2021-06-15 11:04:43,S,255.85,2,6
2021-06-15 11:04:43,S,255.95,2,21
2021-06-15 11:04:43,S,256.0,4,117
2021-06-15 11:04:43,S,256.05,3,23
2021-06-15 11:04:43,S,255.0,3,157
2021-06-15 11:04:43,S,254.9,1,3
2021-06-15 11:04:43,S,254.85,1,49
2021-06-15 11:04:43,S,254.7,1,3
2021-06-15 11:04:43,S,254.5,2,21
2021-06-15 11:04:46,S,255.65,1,32
2021-06-15 11:04:46,S,255.7,1,7
2021-06-15 11:04:46,S,255.75,1,10
2021-06-15 11:04:46,S,255.8,1,6
2021-06-15 11:04:46,S,255.85,2,6
2021-06-15 11:04:46,S,255.0,3,157
2021-06-15 11:04:46,S,254.9,1,3
2021-06-15 11:04:46,S,254.85,1,49
2021-06-15 11:04:46,S,254.7,1,3
2021-06-15 11:04:46,S,254.5,2,21
2021-06-15 11:04:48,S,255.65,1,32
2021-06-15 11:04:48,S,255.7,1,7
2021-06-15 11:04:48,S,255.75,1,10
2021-06-15 11:04:48,S,255.8,1,6
2021-06-15 11:04:48,S,255.85,2,6
2021-06-15 11:04:48,S,255.0,3,157
2021-06-15 11:04:48,S,254.9,1,3
2021-06-15 11:04:48,S,254.85,1,49
2021-06-15 11:04:48,S,254.7,1,3
2021-06-15 11:04:48,S,254.5,2,21
2021-06-15 11:04:49,S,255.35,2,13
2021-06-15 11:04:49,S,255.8,2,36
2021-06-15 11:04:49,S,255.85,2,6
2021-06-15 11:04:49,S,255.95,2,21
2021-06-15 11:04:49,S,256.0,4,117
2021-06-15 11:04:49,S,255.0,3,152
2021-06-15 11:04:49,S,254.85,1,49
2021-06-15 11:04:49,S,254.7,2,21
2021-06-15 11:04:49,S,254.5,2,21
2021-06-15 11:04:49,S,254.45,2,62
2021-06-15 11:04:53,S,255.35,2,13
2021-06-15 11:04:53,S,255.8,2,36
2021-06-15 11:04:53,S,255.85,2,6
2021-06-15 11:04:53,S,255.95,2,21
2021-06-15 11:04:53,S,256.0,4,117
2021-06-15 11:04:53,S,255.0,3,152
2021-06-15 11:04:53,S,254.85,1,49
2021-06-15 11:04:53,S,254.7,2,21
2021-06-15 11:04:53,S,254.5,2,21
2021-06-15 11:04:53,S,254.45,2,62
2021-06-15 11:04:55,S,255.8,1,32
2021-06-15 11:04:55,S,255.85,2,6
2021-06-15 11:04:55,S,255.95,2,21
2021-06-15 11:04:55,S,256.0,4,117
2021-06-15 11:04:55,S,256.05,3,23
2021-06-15 11:04:55,S,255.0,3,596
2021-06-15 11:04:55,S,254.85,2,63
2021-06-15 11:04:55,S,254.7,2,21
2021-06-15 11:04:55,S,254.5,2,21
2021-06-15 11:04:55,S,254.45,2,62
2021-06-15 11:05:00,S,255.8,2,38
2021-06-15 11:05:00,S,255.85,2,6
2021-06-15 11:05:00,S,255.95,2,21
2021-06-15 11:05:00,S,256.0,4,117
2021-06-15 11:05:00,S,256.05,3,23
2021-06-15 11:05:00,S,255.0,4,599
2021-06-15 11:05:00,S,254.85,1,49
2021-06-15 11:05:00,S,254.7,2,21
2021-06-15 11:05:00,S,254.55,1,20
2021-06-15 11:05:00,S,254.5,2,21
2021-06-15 11:05:07,S,255.4,1,6
2021-06-15 11:05:07,S,255.8,2,45
2021-06-15 11:05:07,S,255.85,2,6
2021-06-15 11:05:07,S,255.95,2,21
2021-06-15 11:05:07,S,256.0,4,117
2021-06-15 11:05:07,S,255.0,3,596
2021-06-15 11:05:07,S,254.85,1,49
2021-06-15 11:05:07,S,254.7,2,21
2021-06-15 11:05:07,S,254.55,1,20
2021-06-15 11:05:07,S,254.5,2,21
2021-06-15 11:05:08,S,255.4,1,6
2021-06-15 11:05:08,S,255.8,2,45
2021-06-15 11:05:08,S,255.85,2,6
2021-06-15 11:05:08,S,255.95,2,21
2021-06-15 11:05:08,S,256.0,4,117
2021-06-15 11:05:08,S,255.0,3,596
2021-06-15 11:05:08,S,254.85,1,49
2021-06-15 11:05:08,S,254.7,2,21
2021-06-15 11:05:08,S,254.55,1,20
2021-06-15 11:05:08,S,254.5,2,21
2021-06-15 11:05:10,S,255.8,1,32
2021-06-15 11:05:10,S,255.85,2,6
2021-06-15 11:05:10,S,255.95,2,21
2021-06-15 11:05:10,S,256.0,4,117
2021-06-15 11:05:10,S,256.05,3,23
2021-06-15 11:05:10,S,255.0,3,544
2021-06-15 11:05:10,S,254.95,1,3
2021-06-15 11:05:10,S,254.85,1,49
2021-06-15 11:05:10,S,254.7,2,21
2021-06-15 11:05:10,S,254.55,1,20
2021-06-15 11:05:16,S,255.8,2,38
2021-06-15 11:05:16,S,255.85,2,6
2021-06-15 11:05:16,S,255.95,2,21
2021-06-15 11:05:16,S,256.0,4,117
2021-06-15 11:05:16,S,256.05,3,23
2021-06-15 11:05:16,S,255.0,3,544
2021-06-15 11:05:16,S,254.95,1,3
2021-06-15 11:05:16,S,254.85,1,49
2021-06-15 11:05:16,S,254.7,2,21
2021-06-15 11:05:16,S,254.55,1,20
2021-06-15 11:05:19,S,255.4,1,6
2021-06-15 11:05:19,S,255.8,2,45
2021-06-15 11:05:19,S,255.85,2,6
2021-06-15 11:05:19,S,255.95,2,21
2021-06-15 11:05:19,S,256.0,4,117
2021-06-15 11:05:19,S,255.0,3,544
2021-06-15 11:05:19,S,254.85,2,67
2021-06-15 11:05:19,S,254.7,2,21
2021-06-15 11:05:19,S,254.55,1,20
2021-06-15 11:05:19,S,254.5,2,21
2021-06-15 11:05:23,S,255.4,1,6
2021-06-15 11:05:23,S,255.8,2,45
2021-06-15 11:05:23,S,255.85,2,6
2021-06-15 11:05:23,S,255.95,2,21
2021-06-15 11:05:23,S,256.0,4,117
2021-06-15 11:05:23,S,255.0,3,544
2021-06-15 11:05:23,S,254.85,2,67
2021-06-15 11:05:23,S,254.7,2,21
2021-06-15 11:05:23,S,254.55,1,20
2021-06-15 11:05:23,S,254.5,2,21
2021-06-15 11:05:25,S,255.5,2,19
2021-06-15 11:05:25,S,255.55,2,39
2021-06-15 11:05:25,S,255.6,1,6
2021-06-15 11:05:25,S,255.85,2,6
2021-06-15 11:05:25,S,255.9,1,20
2021-06-15 11:05:25,S,255.0,1,493
2021-06-15 11:05:25,S,254.85,1,49
2021-06-15 11:05:25,S,254.8,1,12
2021-06-15 11:05:25,S,254.7,2,21
2021-06-15 11:05:25,S,254.55,1,20
2021-06-15 11:05:28,S,255.5,2,19
2021-06-15 11:05:28,S,255.55,2,39
2021-06-15 11:05:28,S,255.85,2,6
2021-06-15 11:05:28,S,255.9,1,20
2021-06-15 11:05:28,S,255.95,2,21
2021-06-15 11:05:28,S,255.0,1,493
2021-06-15 11:05:28,S,254.85,1,49
2021-06-15 11:05:28,S,254.75,2,31
2021-06-15 11:05:28,S,254.7,2,21
2021-06-15 11:05:28,S,254.55,1,20
2021-06-15 11:05:31,S,255.5,3,24
2021-06-15 11:05:31,S,255.55,2,39
2021-06-15 11:05:31,S,255.85,2,6
2021-06-15 11:05:31,S,255.9,1,20
2021-06-15 11:05:31,S,255.95,2,21
2021-06-15 11:05:31,S,255.0,1,493
2021-06-15 11:05:31,S,254.85,1,49
2021-06-15 11:05:31,S,254.75,2,31
2021-06-15 11:05:31,S,254.7,2,21
2021-06-15 11:05:31,S,254.55,1,20
2021-06-15 11:05:33,S,255.5,3,24
2021-06-15 11:05:33,S,255.55,2,39
2021-06-15 11:05:33,S,255.85,2,6
2021-06-15 11:05:33,S,255.9,1,20
2021-06-15 11:05:33,S,255.95,2,21
2021-06-15 11:05:33,S,255.0,1,493
2021-06-15 11:05:33,S,254.85,1,49
2021-06-15 11:05:33,S,254.75,2,31
2021-06-15 11:05:33,S,254.7,2,21
2021-06-15 11:05:33,S,254.55,1,20
2021-06-15 11:05:35,S,255.25,1,5
2021-06-15 11:05:35,S,255.55,2,46
2021-06-15 11:05:35,S,255.6,1,3
2021-06-15 11:05:35,S,255.85,2,6
2021-06-15 11:05:35,S,255.9,1,20
2021-06-15 11:05:35,S,255.0,1,468
2021-06-15 11:05:35,S,254.85,1,49
2021-06-15 11:05:35,S,254.7,2,21
2021-06-15 11:05:35,S,254.5,2,21
2021-06-15 11:05:35,S,254.45,2,62
2021-06-15 11:05:38,S,255.25,1,5
2021-06-15 11:05:38,S,255.55,2,46
2021-06-15 11:05:38,S,255.6,1,3
2021-06-15 11:05:38,S,255.85,2,6
2021-06-15 11:05:38,S,255.9,1,20
2021-06-15 11:05:38,S,255.0,1,468
2021-06-15 11:05:38,S,254.85,1,49
2021-06-15 11:05:38,S,254.7,2,21
2021-06-15 11:05:38,S,254.5,2,21
2021-06-15 11:05:38,S,254.45,2,62
2021-06-15 11:05:39,S,255.5,1,6
2021-06-15 11:05:39,S,255.8,1,32
2021-06-15 11:05:39,S,255.85,2,6
2021-06-15 11:05:39,S,255.9,1,20
2021-06-15 11:05:39,S,255.95,2,21
2021-06-15 11:05:39,S,255.0,1,423
2021-06-15 11:05:39,S,254.85,1,49
2021-06-15 11:05:39,S,254.7,2,21
2021-06-15 11:05:39,S,254.5,2,21
2021-06-15 11:05:39,S,254.45,2,62
2021-06-15 11:05:41,S,255.5,1,6
2021-06-15 11:05:41,S,255.8,1,32
2021-06-15 11:05:41,S,255.85,2,6
2021-06-15 11:05:41,S,255.9,1,20
2021-06-15 11:05:41,S,255.95,2,21
2021-06-15 11:05:41,S,255.0,1,423
2021-06-15 11:05:41,S,254.85,1,49
2021-06-15 11:05:41,S,254.7,2,21
2021-06-15 11:05:41,S,254.5,2,21
2021-06-15 11:05:41,S,254.45,2,62
2021-06-15 11:05:43,S,255.5,1,5
2021-06-15 11:05:43,S,255.8,2,39
2021-06-15 11:05:43,S,255.85,2,6
2021-06-15 11:05:43,S,255.9,1,20
2021-06-15 11:05:43,S,255.95,2,21
2021-06-15 11:05:43,S,255.0,1,423
2021-06-15 11:05:43,S,254.85,1,49
2021-06-15 11:05:43,S,254.7,2,21
2021-06-15 11:05:43,S,254.55,1,20
2021-06-15 11:05:43,S,254.5,2,21
2021-06-15 11:05:46,S,255.5,2,10
2021-06-15 11:05:46,S,255.75,2,40
2021-06-15 11:05:46,S,255.85,2,6
2021-06-15 11:05:46,S,255.9,1,20
2021-06-15 11:05:46,S,255.95,2,21
2021-06-15 11:05:46,S,255.0,1,423
2021-06-15 11:05:46,S,254.85,1,49
2021-06-15 11:05:46,S,254.7,2,21
2021-06-15 11:05:46,S,254.5,2,21
2021-06-15 11:05:46,S,254.45,2,62
2021-06-15 11:05:49,S,255.25,1,5
2021-06-15 11:05:49,S,255.6,2,36
2021-06-15 11:05:49,S,255.65,1,3
2021-06-15 11:05:49,S,255.75,1,8
2021-06-15 11:05:49,S,255.85,2,6
2021-06-15 11:05:49,S,255.0,1,423
2021-06-15 11:05:49,S,254.85,1,49
2021-06-15 11:05:49,S,254.7,2,21
2021-06-15 11:05:49,S,254.5,2,21
2021-06-15 11:05:49,S,254.45,2,62
2021-06-15 11:05:53,S,255.45,2,44
2021-06-15 11:05:53,S,255.5,2,55
2021-06-15 11:05:53,S,255.6,1,4
2021-06-15 11:05:53,S,255.65,1,3
2021-06-15 11:05:53,S,255.75,1,8
2021-06-15 11:05:53,S,255.0,1,377
2021-06-15 11:05:53,S,254.85,1,49
2021-06-15 11:05:53,S,254.5,2,21
2021-06-15 11:05:53,S,254.45,2,62
2021-06-15 11:05:53,S,254.4,1,20
2021-06-15 11:05:55,S,255.45,2,44
2021-06-15 11:05:55,S,255.5,2,55
2021-06-15 11:05:55,S,255.6,1,4
2021-06-15 11:05:55,S,255.65,1,3
2021-06-15 11:05:55,S,255.75,1,8
2021-06-15 11:05:55,S,255.0,1,377
2021-06-15 11:05:55,S,254.85,1,49
2021-06-15 11:05:55,S,254.5,2,21
2021-06-15 11:05:55,S,254.45,2,62
2021-06-15 11:05:55,S,254.4,1,20
2021-06-15 11:05:56,S,255.45,1,32
2021-06-15 11:05:56,S,255.5,3,75
2021-06-15 11:05:56,S,255.65,2,9
2021-06-15 11:05:56,S,255.85,2,6
2021-06-15 11:05:56,S,255.9,1,20
2021-06-15 11:05:56,S,255.05,1,25
2021-06-15 11:05:56,S,255.0,1,377
2021-06-15 11:05:56,S,254.85,1,49
2021-06-15 11:05:56,S,254.75,1,3
2021-06-15 11:05:56,S,254.5,2,21
2021-06-15 11:06:00,S,255.5,1,50
2021-06-15 11:06:00,S,255.6,1,32
2021-06-15 11:06:00,S,255.65,2,9
2021-06-15 11:06:00,S,255.85,2,6
2021-06-15 11:06:00,S,255.9,1,20
2021-06-15 11:06:00,S,255.05,1,25
2021-06-15 11:06:00,S,255.0,1,377
2021-06-15 11:06:00,S,254.85,1,49
2021-06-15 11:06:00,S,254.75,1,3
2021-06-15 11:06:00,S,254.5,2,21
2021-06-15 11:06:03,S,255.45,1,32
2021-06-15 11:06:03,S,255.5,4,82
2021-06-15 11:06:03,S,255.65,2,9
2021-06-15 11:06:03,S,255.85,2,6
2021-06-15 11:06:03,S,255.9,1,20
2021-06-15 11:06:03,S,255.05,1,25
2021-06-15 11:06:03,S,255.0,1,377
2021-06-15 11:06:03,S,254.85,1,49
2021-06-15 11:06:03,S,254.5,2,21
2021-06-15 11:06:03,S,254.45,2,62
2021-06-15 11:06:06,S,255.25,2,11
2021-06-15 11:06:06,S,255.45,1,32
2021-06-15 11:06:06,S,255.5,2,63
2021-06-15 11:06:06,S,255.65,2,9
2021-06-15 11:06:06,S,255.85,2,6
2021-06-15 11:06:06,S,255.05,1,25
2021-06-15 11:06:06,S,255.0,1,377
2021-06-15 11:06:06,S,254.85,1,49
2021-06-15 11:06:06,S,254.5,2,21
2021-06-15 11:06:06,S,254.45,2,62
2021-06-15 11:06:08,S,255.25,2,11
2021-06-15 11:06:08,S,255.45,1,32
2021-06-15 11:06:08,S,255.5,2,63
2021-06-15 11:06:08,S,255.65,2,9
2021-06-15 11:06:08,S,255.85,2,6
2021-06-15 11:06:08,S,255.05,1,25
2021-06-15 11:06:08,S,255.0,1,377
2021-06-15 11:06:08,S,254.85,1,49
2021-06-15 11:06:08,S,254.5,2,21
2021-06-15 11:06:08,S,254.45,2,62
2021-06-15 11:06:09,S,255.05,1,6
2021-06-15 11:06:09,S,255.45,2,43
2021-06-15 11:06:09,S,255.5,2,63
2021-06-15 11:06:09,S,255.65,2,9
2021-06-15 11:06:09,S,255.85,2,6
2021-06-15 11:06:09,S,255.0,1,377
2021-06-15 11:06:09,S,254.45,2,62
2021-06-15 11:06:09,S,254.4,2,38
2021-06-15 11:06:09,S,254.35,2,23
2021-06-15 11:06:09,S,254.3,1,3
2021-06-15 11:06:12,S,255.05,1,6
2021-06-15 11:06:12,S,255.45,2,43
2021-06-15 11:06:12,S,255.5,2,63
2021-06-15 11:06:12,S,255.65,2,9
2021-06-15 11:06:12,S,255.85,2,6
2021-06-15 11:06:12,S,255.0,1,377
2021-06-15 11:06:12,S,254.85,1,57
2021-06-15 11:06:12,S,254.55,2,21
2021-06-15 11:06:12,S,254.45,2,62
2021-06-15 11:06:12,S,254.4,2,38
2021-06-15 11:06:15,S,255.05,1,7
2021-06-15 11:06:15,S,255.45,2,47
2021-06-15 11:06:15,S,255.5,2,65
2021-06-15 11:06:15,S,255.65,2,9
2021-06-15 11:06:15,S,255.85,2,6
2021-06-15 11:06:15,S,255.0,1,348
2021-06-15 11:06:15,S,254.55,2,21
2021-06-15 11:06:15,S,254.45,2,62
2021-06-15 11:06:15,S,254.35,2,23
2021-06-15 11:06:15,S,254.3,1,3
2021-06-15 11:06:23,S,255.05,1,7
2021-06-15 11:06:23,S,255.45,2,47
2021-06-15 11:06:23,S,255.5,2,65
2021-06-15 11:06:23,S,255.65,2,9
2021-06-15 11:06:23,S,255.85,2,6
2021-06-15 11:06:23,S,255.0,1,348
2021-06-15 11:06:23,S,254.55,2,21
2021-06-15 11:06:23,S,254.45,2,62
2021-06-15 11:06:23,S,254.35,2,23
2021-06-15 11:06:23,S,254.3,1,3
2021-06-15 11:06:25,S,255.45,1,32
2021-06-15 11:06:25,S,255.5,3,77
2021-06-15 11:06:25,S,255.65,2,9
2021-06-15 11:06:25,S,255.85,2,6
2021-06-15 11:06:25,S,255.9,1,20
2021-06-15 11:06:25,S,255.0,1,283
2021-06-15 11:06:25,S,254.75,1,3
2021-06-15 11:06:25,S,254.55,2,21
2021-06-15 11:06:25,S,254.45,2,62
2021-06-15 11:06:25,S,254.35,2,23
2021-06-15 11:06:28,S,255.45,1,32
2021-06-15 11:06:28,S,255.5,3,77
2021-06-15 11:06:28,S,255.65,2,9
2021-06-15 11:06:28,S,255.85,2,6
2021-06-15 11:06:28,S,255.9,1,20
2021-06-15 11:06:28,S,255.0,1,283
2021-06-15 11:06:28,S,254.75,1,3
2021-06-15 11:06:28,S,254.55,2,21
2021-06-15 11:06:28,S,254.45,2,62
2021-06-15 11:06:28,S,254.35,2,23
2021-06-15 11:06:31,S,255.45,2,38
2021-06-15 11:06:31,S,255.5,3,78
2021-06-15 11:06:31,S,255.65,2,9
2021-06-15 11:06:31,S,255.85,2,6
2021-06-15 11:06:31,S,255.9,1,20
2021-06-15 11:06:31,S,255.0,1,283
2021-06-15 11:06:31,S,254.75,1,3
2021-06-15 11:06:31,S,254.55,2,21
2021-06-15 11:06:31,S,254.45,2,62
2021-06-15 11:06:31,S,254.35,2,23
2021-06-15 11:06:35,S,255.25,2,11
2021-06-15 11:06:35,S,255.35,2,47
2021-06-15 11:06:35,S,255.4,2,28
2021-06-15 11:06:35,S,255.45,1,7
2021-06-15 11:06:35,S,255.5,2,65
2021-06-15 11:06:35,S,255.0,1,283
2021-06-15 11:06:35,S,254.55,2,21
2021-06-15 11:06:35,S,254.45,2,62
2021-06-15 11:06:35,S,254.35,2,23
2021-06-15 11:06:35,S,254.3,1,3
2021-06-15 11:06:36,S,255.25,2,11
2021-06-15 11:06:36,S,255.35,2,47
2021-06-15 11:06:36,S,255.4,2,28
2021-06-15 11:06:36,S,255.45,1,7
2021-06-15 11:06:36,S,255.5,2,65
2021-06-15 11:06:36,S,255.0,1,283
2021-06-15 11:06:36,S,254.55,2,21
2021-06-15 11:06:36,S,254.45,2,62
2021-06-15 11:06:36,S,254.35,2,23
2021-06-15 11:06:36,S,254.3,1,3
2021-06-15 11:06:37,S,255.25,2,11
2021-06-15 11:06:37,S,255.35,2,47
2021-06-15 11:06:37,S,255.4,2,28
2021-06-15 11:06:37,S,255.45,1,7
2021-06-15 11:06:37,S,255.5,2,65
2021-06-15 11:06:37,S,255.0,1,283
2021-06-15 11:06:37,S,254.55,2,21
2021-06-15 11:06:37,S,254.45,2,62
2021-06-15 11:06:37,S,254.35,2,23
2021-06-15 11:06:37,S,254.3,1,3
2021-06-15 11:06:38,S,255.3,2,18
2021-06-15 11:06:38,S,255.35,1,32
2021-06-15 11:06:38,S,255.4,1,15
2021-06-15 11:06:38,S,255.45,2,23
2021-06-15 11:06:38,S,255.5,2,65
2021-06-15 11:06:38,S,255.0,1,134
2021-06-15 11:06:38,S,254.65,1,12
2021-06-15 11:06:38,S,254.6,2,21
2021-06-15 11:06:38,S,254.45,3,65
2021-06-15 11:06:38,S,254.35,2,23
2021-06-15 11:06:47,S,255.3,2,12
2021-06-15 11:06:47,S,255.35,2,27
2021-06-15 11:06:47,S,255.4,2,39
2021-06-15 11:06:47,S,255.45,2,17
2021-06-15 11:06:47,S,255.5,2,65
2021-06-15 11:06:47,S,255.0,1,134
2021-06-15 11:06:47,S,254.75,1,3
2021-06-15 11:06:47,S,254.6,2,21
2021-06-15 11:06:47,S,254.45,3,65
2021-06-15 11:06:47,S,254.35,2,23
2021-06-15 11:06:50,S,255.15,2,12
2021-06-15 11:06:50,S,255.35,2,27
2021-06-15 11:06:50,S,255.4,1,32
2021-06-15 11:06:50,S,255.45,3,37
2021-06-15 11:06:50,S,255.5,2,65
2021-06-15 11:06:50,S,255.0,1,134
2021-06-15 11:06:50,S,254.6,2,21
2021-06-15 11:06:50,S,254.45,3,65
2021-06-15 11:06:50,S,254.35,2,23
2021-06-15 11:06:50,S,254.3,1,3
2021-06-15 11:06:53,S,255.3,1,32
2021-06-15 11:06:53,S,255.35,2,27
2021-06-15 11:06:53,S,255.45,2,17
2021-06-15 11:06:53,S,255.5,2,65
2021-06-15 11:06:53,S,255.65,2,9
2021-06-15 11:06:53,S,255.0,1,67
2021-06-15 11:06:53,S,254.6,2,21
2021-06-15 11:06:53,S,254.45,3,65
2021-06-15 11:06:53,S,254.35,2,23
2021-06-15 11:06:53,S,254.3,1,3
2021-06-15 11:07:01,S,255.3,2,39
2021-06-15 11:07:01,S,255.35,2,27
2021-06-15 11:07:01,S,255.45,2,17
2021-06-15 11:07:01,S,255.5,2,65
2021-06-15 11:07:01,S,255.65,2,9
2021-06-15 11:07:01,S,255.0,1,67
2021-06-15 11:07:01,S,254.6,2,21
2021-06-15 11:07:01,S,254.45,3,65
2021-06-15 11:07:01,S,254.35,2,23
2021-06-15 11:07:01,S,254.3,1,3
2021-06-15 11:07:04,S,255.15,2,13
2021-06-15 11:07:04,S,255.3,1,32
2021-06-15 11:07:04,S,255.35,2,27
2021-06-15 11:07:04,S,255.45,2,17
2021-06-15 11:07:04,S,255.5,2,65
2021-06-15 11:07:04,S,255.0,1,67
2021-06-15 11:07:04,S,254.6,2,21
2021-06-15 11:07:04,S,254.45,3,65
2021-06-15 11:07:04,S,254.35,2,23
2021-06-15 11:07:04,S,254.3,1,3
2021-06-15 11:07:07,S,255.15,1,7
2021-06-15 11:07:07,S,255.4,2,47
2021-06-15 11:07:07,S,255.45,2,17
2021-06-15 11:07:07,S,255.5,2,65
2021-06-15 11:07:07,S,255.65,2,9
2021-06-15 11:07:07,S,255.0,2,127
2021-06-15 11:07:07,S,254.75,2,17
2021-06-15 11:07:07,S,254.6,2,21
2021-06-15 11:07:07,S,254.45,3,65
2021-06-15 11:07:07,S,254.35,2,23
2021-06-15 11:07:13,S,255.15,1,7
2021-06-15 11:07:13,S,255.4,2,47
2021-06-15 11:07:13,S,255.45,2,17
2021-06-15 11:07:13,S,255.5,2,65
2021-06-15 11:07:13,S,255.65,2,9
2021-06-15 11:07:13,S,255.0,2,127
2021-06-15 11:07:13,S,254.75,2,17
2021-06-15 11:07:13,S,254.6,2,21
2021-06-15 11:07:13,S,254.45,3,65
2021-06-15 11:07:13,S,254.35,2,23
2021-06-15 11:07:14,S,255.45,3,58
2021-06-15 11:07:14,S,255.5,2,65
2021-06-15 11:07:14,S,255.65,2,9
2021-06-15 11:07:14,S,255.85,2,6
2021-06-15 11:07:14,S,255.9,2,25
2021-06-15 11:07:14,S,255.0,1,491
2021-06-15 11:07:14,S,254.75,1,3
2021-06-15 11:07:14,S,254.6,2,21
2021-06-15 11:07:14,S,254.45,3,65
2021-06-15 11:07:14,S,254.35,2,23
2021-06-15 11:07:16,S,255.45,3,58
2021-06-15 11:07:16,S,255.5,2,65
2021-06-15 11:07:16,S,255.65,2,9
2021-06-15 11:07:16,S,255.85,2,6
2021-06-15 11:07:16,S,255.9,2,25
2021-06-15 11:07:16,S,255.0,1,491
2021-06-15 11:07:16,S,254.75,1,3
2021-06-15 11:07:16,S,254.6,2,21
2021-06-15 11:07:16,S,254.45,3,65
2021-06-15 11:07:16,S,254.35,2,23
2021-06-15 11:07:17,S,255.45,4,65
2021-06-15 11:07:17,S,255.5,2,65
2021-06-15 11:07:17,S,255.65,2,9
2021-06-15 11:07:17,S,255.85,2,6
2021-06-15 11:07:17,S,255.9,2,25
2021-06-15 11:07:17,S,255.0,1,391
2021-06-15 11:07:17,S,254.75,2,21
2021-06-15 11:07:17,S,254.6,2,21
2021-06-15 11:07:17,S,254.5,1,1
2021-06-15 11:07:17,S,254.45,3,65
2021-06-15 11:07:23,S,255.45,2,44
2021-06-15 11:07:23,S,255.5,3,68
2021-06-15 11:07:23,S,255.65,2,9
2021-06-15 11:07:23,S,255.85,2,6
2021-06-15 11:07:23,S,255.9,1,20
2021-06-15 11:07:23,S,255.0,1,329
2021-06-15 11:07:23,S,254.6,2,21
2021-06-15 11:07:23,S,254.5,2,19
2021-06-15 11:07:23,S,254.45,3,65
2021-06-15 11:07:23,S,254.35,2,23
2021-06-15 11:07:28,S,255.45,1,32
2021-06-15 11:07:28,S,255.5,2,65
2021-06-15 11:07:28,S,255.65,2,9
2021-06-15 11:07:28,S,255.85,2,6
2021-06-15 11:07:28,S,255.9,1,20
2021-06-15 11:07:28,S,255.0,1,329
2021-06-15 11:07:28,S,254.85,2,72
2021-06-15 11:07:28,S,254.6,2,21
2021-06-15 11:07:28,S,254.5,2,19
2021-06-15 11:07:28,S,254.45,3,65
2021-06-15 11:07:31,S,255.45,2,39
2021-06-15 11:07:31,S,255.5,2,65
2021-06-15 11:07:31,S,255.65,2,9
2021-06-15 11:07:31,S,255.85,2,6
2021-06-15 11:07:31,S,255.9,1,20
2021-06-15 11:07:31,S,255.0,1,329
2021-06-15 11:07:31,S,254.95,1,3
2021-06-15 11:07:31,S,254.85,2,72
2021-06-15 11:07:31,S,254.8,1,3
2021-06-15 11:07:31,S,254.6,2,21
2021-06-15 11:07:38,S,255.45,2,39
2021-06-15 11:07:38,S,255.5,2,65
2021-06-15 11:07:38,S,255.65,2,9
2021-06-15 11:07:38,S,255.85,2,6
2021-06-15 11:07:38,S,255.9,1,20
2021-06-15 11:07:38,S,255.0,1,329
2021-06-15 11:07:38,S,254.95,1,3
2021-06-15 11:07:38,S,254.85,2,72
2021-06-15 11:07:38,S,254.8,1,3
2021-06-15 11:07:38,S,254.6,2,21
2021-06-15 11:07:40,S,255.45,1,32
2021-06-15 11:07:40,S,255.5,2,65
2021-06-15 11:07:40,S,255.65,2,9
2021-06-15 11:07:40,S,255.85,2,6
2021-06-15 11:07:40,S,255.9,1,20
2021-06-15 11:07:40,S,255.0,1,266
2021-06-15 11:07:40,S,254.95,1,3
2021-06-15 11:07:40,S,254.85,2,72
2021-06-15 11:07:40,S,254.8,2,21
2021-06-15 11:07:40,S,254.6,2,21
2021-06-15 11:07:45,S,255.45,2,39
2021-06-15 11:07:45,S,255.5,2,65
2021-06-15 11:07:45,S,255.65,2,9
2021-06-15 11:07:45,S,255.85,2,6
2021-06-15 11:07:45,S,255.9,1,20
2021-06-15 11:07:45,S,255.0,1,266
2021-06-15 11:07:45,S,254.95,1,3
2021-06-15 11:07:45,S,254.85,2,72
2021-06-15 11:07:45,S,254.8,2,21
2021-06-15 11:07:45,S,254.6,2,21
2021-06-15 11:07:49,S,255.45,2,39
2021-06-15 11:07:49,S,255.5,2,65
2021-06-15 11:07:49,S,255.65,2,9
2021-06-15 11:07:49,S,255.85,2,6
2021-06-15 11:07:49,S,255.9,1,20
2021-06-15 11:07:49,S,255.0,1,266
2021-06-15 11:07:49,S,254.95,1,3
2021-06-15 11:07:49,S,254.85,2,72
2021-06-15 11:07:49,S,254.8,2,21
2021-06-15 11:07:49,S,254.6,2,21
2021-06-15 11:07:52,S,255.25,1,7
2021-06-15 11:07:52,S,255.45,2,47
2021-06-15 11:07:52,S,255.5,2,65
2021-06-15 11:07:52,S,255.65,2,9
2021-06-15 11:07:52,S,255.85,2,6
2021-06-15 11:07:52,S,255.0,1,266
2021-06-15 11:07:52,S,254.85,2,72
2021-06-15 11:07:52,S,254.8,2,21
2021-06-15 11:07:52,S,254.6,2,21
2021-06-15 11:07:52,S,254.45,3,65
2021-06-15 11:07:53,S,255.25,1,7
2021-06-15 11:07:53,S,255.45,2,47
2021-06-15 11:07:53,S,255.5,2,65
2021-06-15 11:07:53,S,255.65,2,9
2021-06-15 11:07:53,S,255.85,2,6
2021-06-15 11:07:53,S,255.0,1,266
2021-06-15 11:07:53,S,254.85,2,72
2021-06-15 11:07:53,S,254.8,2,21
2021-06-15 11:07:53,S,254.6,2,21
2021-06-15 11:07:53,S,254.45,3,65
2021-06-15 11:07:55,S,255.45,1,32
2021-06-15 11:07:55,S,255.5,2,65
2021-06-15 11:07:55,S,255.65,2,9
2021-06-15 11:07:55,S,255.85,2,6
2021-06-15 11:07:55,S,255.9,1,20
2021-06-15 11:07:55,S,255.0,1,201
2021-06-15 11:07:55,S,254.85,2,72
2021-06-15 11:07:55,S,254.8,2,21
2021-06-15 11:07:55,S,254.6,2,21
2021-06-15 11:07:55,S,254.5,1,1
2021-06-15 11:08:00,S,255.45,1,32
2021-06-15 11:08:00,S,255.5,2,65
2021-06-15 11:08:00,S,255.65,2,9
2021-06-15 11:08:00,S,255.85,2,6
2021-06-15 11:08:00,S,255.9,1,20
2021-06-15 11:08:00,S,255.0,1,201
2021-06-15 11:08:00,S,254.85,2,72
2021-06-15 11:08:00,S,254.8,2,21
2021-06-15 11:08:00,S,254.6,2,21
2021-06-15 11:08:00,S,254.5,1,1
2021-06-15 11:08:03,S,255.45,2,39
2021-06-15 11:08:03,S,255.5,3,78
2021-06-15 11:08:03,S,255.65,2,9
2021-06-15 11:08:03,S,255.85,2,6
2021-06-15 11:08:03,S,255.9,1,20
2021-06-15 11:08:03,S,255.0,1,201
2021-06-15 11:08:03,S,254.85,1,58
2021-06-15 11:08:03,S,254.8,2,21
2021-06-15 11:08:03,S,254.6,2,21
2021-06-15 11:08:03,S,254.5,1,1
2021-06-15 11:08:06,S,255.25,1,7
2021-06-15 11:08:06,S,255.45,2,47
2021-06-15 11:08:06,S,255.5,3,68
2021-06-15 11:08:06,S,255.65,2,9
2021-06-15 11:08:06,S,255.85,2,6
2021-06-15 11:08:06,S,255.0,1,201
2021-06-15 11:08:06,S,254.85,2,72
2021-06-15 11:08:06,S,254.8,2,21
2021-06-15 11:08:06,S,254.6,2,21
2021-06-15 11:08:06,S,254.45,3,65
2021-06-15 11:08:08,S,255.25,1,7
2021-06-15 11:08:08,S,255.45,2,47
2021-06-15 11:08:08,S,255.5,3,68
2021-06-15 11:08:08,S,255.65,2,9
2021-06-15 11:08:08,S,255.85,2,6
2021-06-15 11:08:08,S,255.0,1,201
2021-06-15 11:08:08,S,254.85,2,72
2021-06-15 11:08:08,S,254.8,2,21
2021-06-15 11:08:08,S,254.6,2,21
2021-06-15 11:08:08,S,254.45,3,65
2021-06-15 11:08:09,S,255.45,1,32
2021-06-15 11:08:09,S,255.5,4,80
2021-06-15 11:08:09,S,255.65,2,9
2021-06-15 11:08:09,S,255.85,2,6
2021-06-15 11:08:09,S,255.9,1,20
2021-06-15 11:08:09,S,255.0,1,135
2021-06-15 11:08:09,S,254.85,1,58
2021-06-15 11:08:09,S,254.8,2,21
2021-06-15 11:08:09,S,254.6,2,21
2021-06-15 11:08:09,S,254.5,1,1
2021-06-15 11:08:18,S,255.4,2,20
2021-06-15 11:08:18,S,255.45,3,53
2021-06-15 11:08:18,S,255.5,3,68
2021-06-15 11:08:18,S,255.65,2,9
2021-06-15 11:08:18,S,255.85,2,6
2021-06-15 11:08:18,S,255.0,1,135
2021-06-15 11:08:18,S,254.8,1,3
2021-06-15 11:08:18,S,254.7,2,31
2021-06-15 11:08:18,S,254.6,2,21
2021-06-15 11:08:18,S,254.45,3,65
2021-06-15 11:08:22,S,255.2,2,14
2021-06-15 11:08:22,S,255.35,2,47
2021-06-15 11:08:22,S,255.4,2,20
2021-06-15 11:08:22,S,255.45,2,35
2021-06-15 11:08:22,S,255.5,3,68
2021-06-15 11:08:22,S,255.0,1,135
2021-06-15 11:08:22,S,254.8,1,3
2021-06-15 11:08:22,S,254.6,3,34
2021-06-15 11:08:22,S,254.45,3,65
2021-06-15 11:08:22,S,254.35,2,23
2021-06-15 11:08:23,S,255.2,2,14
2021-06-15 11:08:23,S,255.35,2,47
2021-06-15 11:08:23,S,255.4,2,20
2021-06-15 11:08:23,S,255.45,2,35
2021-06-15 11:08:23,S,255.5,3,68
2021-06-15 11:08:23,S,255.0,1,135
2021-06-15 11:08:23,S,254.8,1,3
2021-06-15 11:08:23,S,254.6,3,34
2021-06-15 11:08:23,S,254.45,3,65
2021-06-15 11:08:23,S,254.35,2,23
2021-06-15 11:08:25,S,255.3,1,32
2021-06-15 11:08:25,S,255.35,2,28
2021-06-15 11:08:25,S,255.5,3,68
2021-06-15 11:08:25,S,255.65,2,9
2021-06-15 11:08:25,S,255.85,2,6
2021-06-15 11:08:25,S,255.0,1,79
2021-06-15 11:08:25,S,254.6,2,21
2021-06-15 11:08:25,S,254.45,3,65
2021-06-15 11:08:25,S,254.35,2,23
2021-06-15 11:08:25,S,254.3,2,4
2021-06-15 11:08:28,S,255.35,1,32
2021-06-15 11:08:28,S,255.4,2,22
2021-06-15 11:08:28,S,255.5,3,68
2021-06-15 11:08:28,S,255.65,2,9
2021-06-15 11:08:28,S,255.85,2,6
2021-06-15 11:08:28,S,255.0,1,79
2021-06-15 11:08:28,S,254.8,1,3
2021-06-15 11:08:28,S,254.6,2,21
2021-06-15 11:08:28,S,254.45,3,65
2021-06-15 11:08:28,S,254.35,2,23
2021-06-15 11:08:29,S,255.35,1,32
2021-06-15 11:08:29,S,255.4,2,22
2021-06-15 11:08:29,S,255.5,3,68
2021-06-15 11:08:29,S,255.65,2,9
2021-06-15 11:08:29,S,255.85,2,6
2021-06-15 11:08:29,S,255.0,1,79
2021-06-15 11:08:29,S,254.8,1,3
2021-06-15 11:08:29,S,254.6,2,21
2021-06-15 11:08:29,S,254.45,3,65
2021-06-15 11:08:29,S,254.35,2,23
2021-06-15 11:08:31,S,255.35,2,38
2021-06-15 11:08:31,S,255.4,2,22
2021-06-15 11:08:31,S,255.5,2,18
2021-06-15 11:08:31,S,255.65,2,9
2021-06-15 11:08:31,S,255.75,1,5
2021-06-15 11:08:31,S,255.0,1,29
2021-06-15 11:08:31,S,254.6,2,21
2021-06-15 11:08:31,S,254.45,3,65
2021-06-15 11:08:31,S,254.35,2,23
2021-06-15 11:08:31,S,254.3,1,3
2021-06-15 11:08:34,S,255.2,2,14
2021-06-15 11:08:34,S,255.35,2,47
2021-06-15 11:08:34,S,255.4,2,22
2021-06-15 11:08:34,S,255.5,2,18
2021-06-15 11:08:34,S,255.65,2,9
2021-06-15 11:08:34,S,255.0,1,29
2021-06-15 11:08:34,S,254.6,2,21
2021-06-15 11:08:34,S,254.45,3,65
2021-06-15 11:08:34,S,254.35,2,23
2021-06-15 11:08:34,S,254.3,1,3
2021-06-15 11:08:38,S,255.6,1,8
2021-06-15 11:08:38,S,255.65,1,32
2021-06-15 11:08:38,S,255.7,2,21
2021-06-15 11:08:38,S,255.85,2,6
2021-06-15 11:08:38,S,255.95,2,21
2021-06-15 11:08:38,S,255.0,1,500
2021-06-15 11:08:38,S,254.85,2,63
2021-06-15 11:08:38,S,254.6,2,21
2021-06-15 11:08:38,S,254.5,1,1
2021-06-15 11:08:38,S,254.45,3,65
2021-06-15 11:08:41,S,255.65,1,32
2021-06-15 11:08:41,S,255.7,2,21
2021-06-15 11:08:41,S,255.85,3,11
2021-06-15 11:08:41,S,255.9,1,20
2021-06-15 11:08:41,S,255.95,2,21
2021-06-15 11:08:41,S,255.0,1,500
2021-06-15 11:08:41,S,254.85,3,67
2021-06-15 11:08:41,S,254.6,2,21
2021-06-15 11:08:41,S,254.55,1,1
2021-06-15 11:08:41,S,254.5,1,20
2021-06-15 11:08:48,S,255.5,1,32
2021-06-15 11:08:48,S,255.55,2,19
2021-06-15 11:08:48,S,255.65,2,25
2021-06-15 11:08:48,S,255.7,2,21
2021-06-15 11:08:48,S,255.8,1,5
2021-06-15 11:08:48,S,255.0,1,500
2021-06-15 11:08:48,S,254.85,3,67
2021-06-15 11:08:48,S,254.6,2,21
2021-06-15 11:08:48,S,254.55,1,1
2021-06-15 11:08:48,S,254.5,1,20
2021-06-15 11:08:48,S,255.5,1,32
2021-06-15 11:08:48,S,255.55,2,19
2021-06-15 11:08:48,S,255.65,2,25
2021-06-15 11:08:48,S,255.7,2,21
2021-06-15 11:08:48,S,255.8,1,5
2021-06-15 11:08:48,S,255.0,1,500
2021-06-15 11:08:48,S,254.85,3,67
2021-06-15 11:08:48,S,254.6,2,21
2021-06-15 11:08:48,S,254.55,1,1
2021-06-15 11:08:48,S,254.5,1,20
2021-06-15 11:08:49,S,255.5,1,32
2021-06-15 11:08:49,S,255.55,2,19
2021-06-15 11:08:49,S,255.65,2,25
2021-06-15 11:08:49,S,255.7,2,21
2021-06-15 11:08:49,S,255.8,1,5
2021-06-15 11:08:49,S,255.0,1,500
2021-06-15 11:08:49,S,254.85,3,67
2021-06-15 11:08:49,S,254.6,2,21
2021-06-15 11:08:49,S,254.55,1,1
2021-06-15 11:08:49,S,254.5,1,20
2021-06-15 11:08:50,S,255.5,1,32
2021-06-15 11:08:50,S,255.55,2,19
2021-06-15 11:08:50,S,255.65,2,25
2021-06-15 11:08:50,S,255.7,2,21
2021-06-15 11:08:50,S,255.8,1,5
2021-06-15 11:08:50,S,255.0,1,500
2021-06-15 11:08:50,S,254.85,3,67
2021-06-15 11:08:50,S,254.6,2,21
2021-06-15 11:08:50,S,254.55,1,1
2021-06-15 11:08:50,S,254.5,1,20
2021-06-15 11:08:51,S,255.25,1,7
2021-06-15 11:08:51,S,255.5,2,47
2021-06-15 11:08:51,S,255.55,2,19
2021-06-15 11:08:51,S,255.65,1,12
2021-06-15 11:08:51,S,255.7,2,21
2021-06-15 11:08:51,S,255.0,1,500
2021-06-15 11:08:51,S,254.85,3,75
2021-06-15 11:08:51,S,254.75,2,22
2021-06-15 11:08:51,S,254.6,2,21
2021-06-15 11:08:51,S,254.5,1,20
2021-06-15 11:08:53,S,255.25,1,7
2021-06-15 11:08:53,S,255.5,2,47
2021-06-15 11:08:53,S,255.55,2,19
2021-06-15 11:08:53,S,255.65,1,12
2021-06-15 11:08:53,S,255.7,2,21
2021-06-15 11:08:53,S,255.0,1,500
2021-06-15 11:08:53,S,254.85,3,75
2021-06-15 11:08:53,S,254.75,2,22
2021-06-15 11:08:53,S,254.6,2,21
2021-06-15 11:08:53,S,254.5,1,20
2021-06-15 11:08:54,S,255.65,1,32
2021-06-15 11:08:54,S,255.7,2,21
2021-06-15 11:08:54,S,255.85,2,6
2021-06-15 11:08:54,S,255.9,1,20
2021-06-15 11:08:54,S,255.95,2,21
2021-06-15 11:08:54,S,255.0,2,493
2021-06-15 11:08:54,S,254.9,2,18
2021-06-15 11:08:54,S,254.85,2,63
2021-06-15 11:08:54,S,254.75,2,22
2021-06-15 11:08:54,S,254.65,1,5
2021-06-15 11:09:00,S,255.65,2,38
2021-06-15 11:09:00,S,255.7,2,21
2021-06-15 11:09:00,S,255.85,2,6
2021-06-15 11:09:00,S,255.9,1,20
2021-06-15 11:09:00,S,255.95,2,21
2021-06-15 11:09:00,S,255.0,2,493
2021-06-15 11:09:00,S,254.9,2,18
2021-06-15 11:09:00,S,254.85,2,63
2021-06-15 11:09:00,S,254.75,2,22
2021-06-15 11:09:00,S,254.65,1,5
2021-06-15 11:09:07,S,255.35,2,14
2021-06-15 11:09:07,S,255.5,2,47
2021-06-15 11:09:07,S,255.55,2,13
2021-06-15 11:09:07,S,255.7,2,21
2021-06-15 11:09:07,S,255.85,2,6
2021-06-15 11:09:07,S,255.0,1,480
2021-06-15 11:09:07,S,254.85,2,63
2021-06-15 11:09:07,S,254.75,2,22
2021-06-15 11:09:07,S,254.6,2,21
2021-06-15 11:09:07,S,254.45,3,65
2021-06-15 11:09:08,S,255.35,2,14
2021-06-15 11:09:08,S,255.5,2,47
2021-06-15 11:09:08,S,255.55,2,13
2021-06-15 11:09:08,S,255.7,2,21
2021-06-15 11:09:08,S,255.85,2,6
2021-06-15 11:09:08,S,255.0,1,480
2021-06-15 11:09:08,S,254.85,2,63
2021-06-15 11:09:08,S,254.75,2,22
2021-06-15 11:09:08,S,254.6,2,21
2021-06-15 11:09:08,S,254.45,3,65
2021-06-15 11:09:10,S,255.65,1,32
2021-06-15 11:09:10,S,255.7,2,21
2021-06-15 11:09:10,S,255.85,2,6
2021-06-15 11:09:10,S,255.9,1,20
2021-06-15 11:09:10,S,255.95,2,21
2021-06-15 11:09:10,S,255.0,1,421
2021-06-15 11:09:10,S,254.9,1,4
2021-06-15 11:09:10,S,254.85,2,63
2021-06-15 11:09:10,S,254.75,2,22
2021-06-15 11:09:10,S,254.65,1,5
2021-06-15 11:09:13,S,255.45,1,32
2021-06-15 11:09:13,S,255.5,2,34
2021-06-15 11:09:13,S,255.55,2,14
2021-06-15 11:09:13,S,255.7,2,21
2021-06-15 11:09:13,S,255.85,2,6
2021-06-15 11:09:13,S,255.0,2,521
2021-06-15 11:09:13,S,254.9,2,18
2021-06-15 11:09:13,S,254.85,2,63
2021-06-15 11:09:13,S,254.75,2,22
2021-06-15 11:09:13,S,254.6,2,21
2021-06-15 11:09:16,S,255.45,2,39
2021-06-15 11:09:16,S,255.5,2,34
2021-06-15 11:09:16,S,255.55,2,14
2021-06-15 11:09:16,S,255.7,2,21
2021-06-15 11:09:16,S,255.85,2,6
2021-06-15 11:09:16,S,255.0,2,521
2021-06-15 11:09:16,S,254.9,1,4
2021-06-15 11:09:16,S,254.85,2,63
2021-06-15 11:09:16,S,254.75,2,22
2021-06-15 11:09:16,S,254.6,2,21
2021-06-15 11:09:19,S,255.25,1,7
2021-06-15 11:09:19,S,255.45,2,47
2021-06-15 11:09:19,S,255.5,2,34
2021-06-15 11:09:19,S,255.55,2,14
2021-06-15 11:09:19,S,255.7,2,21
2021-06-15 11:09:19,S,255.0,2,521
2021-06-15 11:09:19,S,254.9,2,18
2021-06-15 11:09:19,S,254.85,3,75
2021-06-15 11:09:19,S,254.75,2,22
2021-06-15 11:09:19,S,254.6,2,21
2021-06-15 11:09:23,S,255.25,1,7
2021-06-15 11:09:23,S,255.45,2,47
2021-06-15 11:09:23,S,255.5,2,34
2021-06-15 11:09:23,S,255.55,2,14
2021-06-15 11:09:23,S,255.7,2,21
2021-06-15 11:09:23,S,255.0,2,521
2021-06-15 11:09:23,S,254.9,2,18
2021-06-15 11:09:23,S,254.85,3,75
2021-06-15 11:09:23,S,254.75,2,22
2021-06-15 11:09:23,S,254.6,2,21
2021-06-15 11:09:24,S,255.45,1,32
2021-06-15 11:09:24,S,255.5,2,34
2021-06-15 11:09:24,S,255.55,2,14
2021-06-15 11:09:24,S,255.7,2,21
2021-06-15 11:09:24,S,255.85,2,6
2021-06-15 11:09:24,S,255.0,2,456
2021-06-15 11:09:24,S,254.9,1,4
2021-06-15 11:09:24,S,254.85,2,63
2021-06-15 11:09:24,S,254.75,2,22
2021-06-15 11:09:24,S,254.6,2,21
2021-06-15 11:09:33,S,255.45,2,38
2021-06-15 11:09:33,S,255.5,2,34
2021-06-15 11:09:33,S,255.55,2,14
2021-06-15 11:09:33,S,255.7,2,21
2021-06-15 11:09:33,S,255.85,2,6
2021-06-15 11:09:33,S,255.0,2,456
2021-06-15 11:09:33,S,254.9,1,4
2021-06-15 11:09:33,S,254.85,2,63
2021-06-15 11:09:33,S,254.75,2,22
2021-06-15 11:09:33,S,254.6,2,21
2021-06-15 11:09:35,S,255.25,1,6
2021-06-15 11:09:35,S,255.45,2,47
2021-06-15 11:09:35,S,255.5,2,34
2021-06-15 11:09:35,S,255.55,2,14
2021-06-15 11:09:35,S,255.7,2,21
2021-06-15 11:09:35,S,255.0,2,456
2021-06-15 11:09:35,S,254.9,2,18
2021-06-15 11:09:35,S,254.85,2,63
2021-06-15 11:09:35,S,254.75,2,22
2021-06-15 11:09:35,S,254.6,2,21
2021-06-15 11:09:38,S,255.45,1,32
2021-06-15 11:09:38,S,255.5,2,34
2021-06-15 11:09:38,S,255.55,2,14
2021-06-15 11:09:38,S,255.7,2,21
2021-06-15 11:09:38,S,255.85,2,6
2021-06-15 11:09:38,S,255.0,2,399
2021-06-15 11:09:38,S,254.9,1,4
2021-06-15 11:09:38,S,254.85,2,63
2021-06-15 11:09:38,S,254.75,2,22
2021-06-15 11:09:38,S,254.6,2,21
2021-06-15 11:09:48,S,255.45,2,37
2021-06-15 11:09:48,S,255.5,2,34
2021-06-15 11:09:48,S,255.55,2,14
2021-06-15 11:09:48,S,255.7,2,21
2021-06-15 11:09:48,S,255.85,2,6
2021-06-15 11:09:48,S,255.0,2,399
2021-06-15 11:09:48,S,254.9,1,4
2021-06-15 11:09:48,S,254.85,2,63
2021-06-15 11:09:48,S,254.75,2,22
2021-06-15 11:09:48,S,254.6,2,21
2021-06-15 11:09:51,S,255.25,1,5
2021-06-15 11:09:51,S,255.45,2,47
2021-06-15 11:09:51,S,255.5,2,34
2021-06-15 11:09:51,S,255.55,2,14
2021-06-15 11:09:51,S,255.7,2,21
2021-06-15 11:09:51,S,255.0,2,399
2021-06-15 11:09:51,S,254.9,1,4
2021-06-15 11:09:51,S,254.85,2,63
2021-06-15 11:09:51,S,254.75,2,22
2021-06-15 11:09:51,S,254.6,2,21
2021-06-15 11:09:53,S,255.45,1,32
2021-06-15 11:09:53,S,255.5,2,34
2021-06-15 11:09:53,S,255.55,2,14
2021-06-15 11:09:53,S,255.7,2,21
2021-06-15 11:09:53,S,255.85,2,6
2021-06-15 11:09:53,S,255.0,2,354
2021-06-15 11:09:53,S,254.9,1,4
2021-06-15 11:09:53,S,254.85,2,67
2021-06-15 11:09:53,S,254.75,2,22
2021-06-15 11:09:53,S,254.6,2,21
2021-06-15 11:10:01,S,255.45,2,39
2021-06-15 11:10:01,S,255.5,3,46
2021-06-15 11:10:01,S,255.55,2,14
2021-06-15 11:10:01,S,255.7,2,21
2021-06-15 11:10:01,S,255.85,2,6
2021-06-15 11:10:01,S,255.0,2,354
2021-06-15 11:10:01,S,254.9,1,4
2021-06-15 11:10:01,S,254.85,1,49
2021-06-15 11:10:01,S,254.75,2,22
2021-06-15 11:10:01,S,254.6,2,21
2021-06-15 11:10:03,S,255.45,2,39
2021-06-15 11:10:03,S,255.5,3,46
2021-06-15 11:10:03,S,255.55,2,14
2021-06-15 11:10:03,S,255.7,2,21
2021-06-15 11:10:03,S,255.85,2,6
2021-06-15 11:10:03,S,255.0,2,354
2021-06-15 11:10:03,S,254.9,1,4
2021-06-15 11:10:03,S,254.85,1,49
2021-06-15 11:10:03,S,254.75,2,22
2021-06-15 11:10:03,S,254.6,2,21
2021-06-15 11:10:04,S,255.25,2,14
2021-06-15 11:10:04,S,255.45,2,47
2021-06-15 11:10:04,S,255.5,2,34
2021-06-15 11:10:04,S,255.55,1,10
2021-06-15 11:10:04,S,255.7,2,21
2021-06-15 11:10:04,S,255.0,2,344
2021-06-15 11:10:04,S,254.85,1,49
2021-06-15 11:10:04,S,254.75,2,22
2021-06-15 11:10:04,S,254.6,2,21
2021-06-15 11:10:04,S,254.45,3,65
2021-06-15 11:10:07,S,255.25,2,14
2021-06-15 11:10:07,S,255.35,3,57
2021-06-15 11:10:07,S,255.4,2,38
2021-06-15 11:10:07,S,255.45,2,19
2021-06-15 11:10:07,S,255.65,1,20
2021-06-15 11:10:07,S,255.0,2,344
2021-06-15 11:10:07,S,254.75,1,4
2021-06-15 11:10:07,S,254.6,2,21
2021-06-15 11:10:07,S,254.45,3,65
2021-06-15 11:10:07,S,254.35,2,23
2021-06-15 11:10:08,S,255.25,2,14
2021-06-15 11:10:08,S,255.35,3,57
2021-06-15 11:10:08,S,255.4,2,38
2021-06-15 11:10:08,S,255.45,2,19
2021-06-15 11:10:08,S,255.65,1,20
2021-06-15 11:10:08,S,255.0,2,344
2021-06-15 11:10:08,S,254.75,1,4
2021-06-15 11:10:08,S,254.6,2,21
2021-06-15 11:10:08,S,254.45,3,65
2021-06-15 11:10:08,S,254.35,2,23
2021-06-15 11:10:10,S,255.4,4,82
2021-06-15 11:10:10,S,255.45,2,19
2021-06-15 11:10:10,S,255.65,1,20
2021-06-15 11:10:10,S,255.7,2,21
2021-06-15 11:10:10,S,255.85,2,6
2021-06-15 11:10:10,S,255.0,2,283
2021-06-15 11:10:10,S,254.6,2,21
2021-06-15 11:10:10,S,254.45,3,65
2021-06-15 11:10:10,S,254.35,2,23
2021-06-15 11:10:10,S,254.3,1,3
2021-06-15 11:10:17,S,255.4,5,88
2021-06-15 11:10:17,S,255.45,2,19
2021-06-15 11:10:17,S,255.65,1,20
2021-06-15 11:10:17,S,255.7,2,21
2021-06-15 11:10:17,S,255.85,2,6
2021-06-15 11:10:17,S,255.0,2,283
2021-06-15 11:10:17,S,254.8,1,4
2021-06-15 11:10:17,S,254.6,2,21
2021-06-15 11:10:17,S,254.45,3,65
2021-06-15 11:10:17,S,254.35,2,23
2021-06-15 11:10:20,S,255.2,2,16
2021-06-15 11:10:20,S,255.35,3,56
2021-06-15 11:10:20,S,255.4,2,38
2021-06-15 11:10:20,S,255.45,2,19
2021-06-15 11:10:20,S,255.65,1,20
2021-06-15 11:10:20,S,255.0,2,283
2021-06-15 11:10:20,S,254.6,2,21
2021-06-15 11:10:20,S,254.45,3,65
2021-06-15 11:10:20,S,254.35,2,23
2021-06-15 11:10:20,S,254.3,1,3
2021-06-15 11:10:22,S,255.2,2,16
2021-06-15 11:10:22,S,255.35,3,56
2021-06-15 11:10:22,S,255.4,2,38
2021-06-15 11:10:22,S,255.45,2,19
2021-06-15 11:10:22,S,255.65,1,20
2021-06-15 11:10:22,S,255.0,2,283
2021-06-15 11:10:22,S,254.6,2,21
2021-06-15 11:10:22,S,254.45,3,65
2021-06-15 11:10:22,S,254.35,2,23
2021-06-15 11:10:22,S,254.3,1,3
2021-06-15 11:10:23,S,255.95,1,32
2021-06-15 11:10:23,S,256.0,2,38
2021-06-15 11:10:23,S,256.1,2,43
2021-06-15 11:10:23,S,256.15,1,3
2021-06-15 11:10:23,S,256.2,1,12
2021-06-15 11:10:23,S,255.6,1,32
2021-06-15 11:10:23,S,255.55,2,27
2021-06-15 11:10:23,S,255.5,1,11
2021-06-15 11:10:23,S,255.45,1,11
2021-06-15 11:10:23,S,255.3,1,20
2021-06-15 11:10:28,S,255.95,1,32
2021-06-15 11:10:28,S,256.0,2,38
2021-06-15 11:10:28,S,256.1,1,25
2021-06-15 11:10:28,S,256.15,1,3
2021-06-15 11:10:28,S,256.2,1,12
2021-06-15 11:10:28,S,255.6,1,32
2021-06-15 11:10:28,S,255.55,2,27
2021-06-15 11:10:28,S,255.5,2,23
2021-06-15 11:10:28,S,255.35,2,23
2021-06-15 11:10:28,S,255.25,1,53
2021-06-15 11:10:31,S,255.95,2,39
2021-06-15 11:10:31,S,256.0,2,38
2021-06-15 11:10:31,S,256.1,1,25
2021-06-15 11:10:31,S,256.15,1,3
2021-06-15 11:10:31,S,256.2,1,12
2021-06-15 11:10:31,S,255.6,1,32
2021-06-15 11:10:31,S,255.55,2,27
2021-06-15 11:10:31,S,255.5,2,23
2021-06-15 11:10:31,S,255.35,2,23
2021-06-15 11:10:31,S,255.3,1,20
2021-06-15 11:10:34,S,255.8,1,7
2021-06-15 11:10:34,S,255.95,1,32
2021-06-15 11:10:34,S,256.0,2,38
2021-06-15 11:10:34,S,256.1,1,25
2021-06-15 11:10:34,S,256.15,1,3
2021-06-15 11:10:34,S,255.55,2,48
2021-06-15 11:10:34,S,255.5,2,23
2021-06-15 11:10:34,S,255.35,2,23
2021-06-15 11:10:34,S,255.25,1,53
2021-06-15 11:10:34,S,255.1,1,5
2021-06-15 11:10:35,S,255.8,1,7
2021-06-15 11:10:35,S,255.95,1,32
2021-06-15 11:10:35,S,256.0,2,38
2021-06-15 11:10:35,S,256.1,1,25
2021-06-15 11:10:35,S,256.15,1,3
2021-06-15 11:10:35,S,255.55,2,48
2021-06-15 11:10:35,S,255.5,2,23
2021-06-15 11:10:35,S,255.35,2,23
2021-06-15 11:10:35,S,255.25,1,53
2021-06-15 11:10:35,S,255.1,1,5
2021-06-15 11:10:36,S,255.8,1,7
2021-06-15 11:10:36,S,255.95,1,32
2021-06-15 11:10:36,S,256.0,2,38
2021-06-15 11:10:36,S,256.1,1,25
2021-06-15 11:10:36,S,256.15,1,3
2021-06-15 11:10:36,S,255.55,2,48
2021-06-15 11:10:36,S,255.5,2,23
2021-06-15 11:10:36,S,255.35,2,23
2021-06-15 11:10:36,S,255.25,1,53
2021-06-15 11:10:36,S,255.1,1,5
2021-06-15 11:10:37,S,256.95,1,32
2021-06-15 11:10:37,S,257.0,2,315
2021-06-15 11:10:37,S,257.05,2,3
2021-06-15 11:10:37,S,257.15,2,66
2021-06-15 11:10:37,S,257.3,2,13
2021-06-15 11:10:37,S,255.95,1,32
2021-06-15 11:10:37,S,255.9,2,20
2021-06-15 11:10:37,S,255.8,2,23
2021-06-15 11:10:37,S,255.75,2,23
2021-06-15 11:10:37,S,255.7,3,21
2021-06-15 11:10:40,S,256.4,1,32
2021-06-15 11:10:40,S,256.45,1,12
2021-06-15 11:10:40,S,256.6,2,20
2021-06-15 11:10:40,S,256.75,2,16
2021-06-15 11:10:40,S,256.9,3,25
2021-06-15 11:10:40,S,255.95,2,43
2021-06-15 11:10:40,S,255.9,2,20
2021-06-15 11:10:40,S,255.75,3,36
2021-06-15 11:10:40,S,255.7,3,21
2021-06-15 11:10:40,S,255.65,1,4
2021-06-15 11:10:43,S,256.4,1,32
2021-06-15 11:10:43,S,256.45,1,12
2021-06-15 11:10:43,S,256.6,2,20
2021-06-15 11:10:43,S,256.75,2,16
2021-06-15 11:10:43,S,256.9,2,20
2021-06-15 11:10:43,S,255.95,2,43
2021-06-15 11:10:43,S,255.9,2,20
2021-06-15 11:10:43,S,255.75,3,36
2021-06-15 11:10:43,S,255.7,3,21
2021-06-15 11:10:43,S,255.65,1,4
2021-06-15 11:10:46,S,256.4,2,39
2021-06-15 11:10:46,S,256.45,2,14
2021-06-15 11:10:46,S,256.6,2,20
2021-06-15 11:10:46,S,256.75,2,16
2021-06-15 11:10:46,S,256.9,2,20
2021-06-15 11:10:46,S,255.95,2,43
2021-06-15 11:10:46,S,255.9,2,20
2021-06-15 11:10:46,S,255.75,3,36
2021-06-15 11:10:46,S,255.7,3,21
2021-06-15 11:10:46,S,255.65,1,4
2021-06-15 11:10:47,S,256.4,2,39
2021-06-15 11:10:47,S,256.45,2,14
2021-06-15 11:10:47,S,256.6,2,20
2021-06-15 11:10:47,S,256.75,2,16
2021-06-15 11:10:47,S,256.9,2,20
2021-06-15 11:10:47,S,255.95,2,43
2021-06-15 11:10:47,S,255.9,2,20
2021-06-15 11:10:47,S,255.75,3,36
2021-06-15 11:10:47,S,255.7,3,21
2021-06-15 11:10:47,S,255.65,1,4
2021-06-15 11:10:48,S,255.75,1,32
2021-06-15 11:10:48,S,255.8,1,1
2021-06-15 11:10:48,S,255.95,2,575
2021-06-15 11:10:48,S,256.05,1,2
2021-06-15 11:10:48,S,256.2,1,2
2021-06-15 11:10:48,S,255.25,3,79
2021-06-15 11:10:48,S,255.15,2,23
2021-06-15 11:10:48,S,255.1,2,23
2021-06-15 11:10:48,S,255.05,1,5
2021-06-15 11:10:48,S,255.0,3,297
2021-06-15 11:10:49,S,255.75,1,32
2021-06-15 11:10:49,S,255.8,1,1
2021-06-15 11:10:49,S,255.95,2,575
2021-06-15 11:10:49,S,256.05,1,2
2021-06-15 11:10:49,S,256.2,1,2
2021-06-15 11:10:49,S,255.25,3,79
2021-06-15 11:10:49,S,255.15,2,23
2021-06-15 11:10:49,S,255.1,2,23
2021-06-15 11:10:49,S,255.05,1,5
2021-06-15 11:10:49,S,255.0,3,297
2021-06-15 11:10:51,S,255.5,1,7
2021-06-15 11:10:51,S,255.75,1,32
2021-06-15 11:10:51,S,255.8,1,1
2021-06-15 11:10:51,S,255.9,1,2
2021-06-15 11:10:51,S,255.95,2,575
2021-06-15 11:10:51,S,255.25,2,23
2021-06-15 11:10:51,S,255.1,2,23
2021-06-15 11:10:51,S,255.05,2,23
2021-06-15 11:10:51,S,255.0,3,297
2021-06-15 11:10:51,S,254.95,1,5
2021-06-15 11:10:53,S,255.5,1,7
2021-06-15 11:10:53,S,255.75,1,32
2021-06-15 11:10:53,S,255.8,1,1
2021-06-15 11:10:53,S,255.9,1,2
2021-06-15 11:10:53,S,255.95,2,575
2021-06-15 11:10:53,S,255.25,2,23
2021-06-15 11:10:53,S,255.1,2,23
2021-06-15 11:10:53,S,255.05,2,23
2021-06-15 11:10:53,S,255.0,3,297
2021-06-15 11:10:53,S,254.95,1,5
2021-06-15 11:10:54,S,255.25,1,6
2021-06-15 11:10:54,S,255.8,1,32
2021-06-15 11:10:54,S,255.85,2,575
2021-06-15 11:10:54,S,255.9,1,2
2021-06-15 11:10:54,S,256.0,1,1
2021-06-15 11:10:54,S,255.0,2,283
2021-06-15 11:10:54,S,254.95,2,20
2021-06-15 11:10:54,S,254.85,2,66
2021-06-15 11:10:54,S,254.8,1,5
2021-06-15 11:10:54,S,254.7,1,4
2021-06-15 11:10:56,S,255.25,1,6
2021-06-15 11:10:56,S,255.6,1,32
2021-06-15 11:10:56,S,255.65,1,2
2021-06-15 11:10:56,S,255.85,2,575
2021-06-15 11:10:56,S,255.9,1,2
2021-06-15 11:10:56,S,255.0,2,283
2021-06-15 11:10:56,S,254.95,2,20
2021-06-15 11:10:56,S,254.85,2,66
2021-06-15 11:10:56,S,254.8,1,5
2021-06-15 11:10:56,S,254.7,1,4
2021-06-15 11:10:57,S,255.25,1,6
2021-06-15 11:10:57,S,255.6,1,32
2021-06-15 11:10:57,S,255.65,1,2
2021-06-15 11:10:57,S,255.85,2,575
2021-06-15 11:10:57,S,255.9,1,2
2021-06-15 11:10:57,S,255.0,2,283
2021-06-15 11:10:57,S,254.95,2,20
2021-06-15 11:10:57,S,254.85,2,66
2021-06-15 11:10:57,S,254.8,1,5
2021-06-15 11:10:57,S,254.7,1,4
2021-06-15 11:10:58,S,255.25,1,6
2021-06-15 11:10:58,S,255.6,1,32
2021-06-15 11:10:58,S,255.65,1,2
2021-06-15 11:10:58,S,255.85,2,575
2021-06-15 11:10:58,S,255.9,1,2
2021-06-15 11:10:58,S,255.0,2,283
2021-06-15 11:10:58,S,254.95,2,20
2021-06-15 11:10:58,S,254.85,2,66
2021-06-15 11:10:58,S,254.8,1,5
2021-06-15 11:10:58,S,254.7,1,4
2021-06-15 11:10:59,S,255.65,1,2
2021-06-15 11:10:59,S,255.85,1,32
2021-06-15 11:10:59,S,255.9,1,2
2021-06-15 11:10:59,S,256.05,1,2
2021-06-15 11:10:59,S,256.2,1,2
2021-06-15 11:10:59,S,255.25,2,62
2021-06-15 11:10:59,S,255.1,3,29
2021-06-15 11:10:59,S,255.05,2,34
2021-06-15 11:10:59,S,255.0,2,291
2021-06-15 11:10:59,S,254.95,1,4
2021-06-15 11:11:02,S,255.65,1,6
2021-06-15 11:11:02,S,256.1,2,47
2021-06-15 11:11:02,S,256.15,2,17
2021-06-15 11:11:02,S,256.25,1,15
2021-06-15 11:11:02,S,256.3,2,22
2021-06-15 11:11:02,S,255.3,2,14
2021-06-15 11:11:02,S,255.25,3,74
2021-06-15 11:11:02,S,255.1,3,29
2021-06-15 11:11:02,S,255.0,3,296
2021-06-15 11:11:02,S,254.95,1,4
2021-06-15 11:11:06,S,255.65,1,6
2021-06-15 11:11:06,S,255.9,2,47
2021-06-15 11:11:06,S,255.95,2,17
2021-06-15 11:11:06,S,256.15,2,17
2021-06-15 11:11:06,S,256.3,2,22
2021-06-15 11:11:06,S,255.3,2,14
2021-06-15 11:11:06,S,255.25,2,62
2021-06-15 11:11:06,S,255.1,3,29
2021-06-15 11:11:06,S,255.0,3,296
2021-06-15 11:11:06,S,254.95,1,4
2021-06-15 11:11:08,S,256.1,1,32
2021-06-15 11:11:08,S,256.15,2,17
2021-06-15 11:11:08,S,256.3,2,22
2021-06-15 11:11:08,S,256.45,1,2
2021-06-15 11:11:08,S,256.55,1,2
2021-06-15 11:11:08,S,255.1,4,34
2021-06-15 11:11:08,S,255.05,3,22
2021-06-15 11:11:08,S,255.0,3,296
2021-06-15 11:11:08,S,254.95,3,27
2021-06-15 11:11:08,S,254.85,2,66
2021-06-15 11:11:12,S,256.1,1,32
2021-06-15 11:11:12,S,256.15,2,17
2021-06-15 11:11:12,S,256.25,2,28
2021-06-15 11:11:12,S,256.3,2,22
2021-06-15 11:11:12,S,256.35,1,5
2021-06-15 11:11:12,S,255.1,4,34
2021-06-15 11:11:12,S,255.05,3,22
2021-06-15 11:11:12,S,255.0,4,301
2021-06-15 11:11:12,S,254.95,2,22
2021-06-15 11:11:12,S,254.85,2,66
2021-06-15 11:11:18,S,256.1,2,38
2021-06-15 11:11:18,S,256.15,2,17
2021-06-15 11:11:18,S,256.25,2,28
2021-06-15 11:11:18,S,256.3,2,22
2021-06-15 11:11:18,S,256.35,1,5
2021-06-15 11:11:18,S,255.1,4,34
2021-06-15 11:11:18,S,255.05,3,22
2021-06-15 11:11:18,S,255.0,4,301
2021-06-15 11:11:18,S,254.95,2,22
2021-06-15 11:11:18,S,254.85,2,66
2021-06-15 11:11:19,S,256.1,2,38
2021-06-15 11:11:19,S,256.15,2,17
2021-06-15 11:11:19,S,256.25,2,28
2021-06-15 11:11:19,S,256.3,2,22
2021-06-15 11:11:19,S,256.35,1,5
2021-06-15 11:11:19,S,255.1,4,34
2021-06-15 11:11:19,S,255.05,3,22
2021-06-15 11:11:19,S,255.0,4,301
2021-06-15 11:11:19,S,254.95,2,22
2021-06-15 11:11:19,S,254.85,2,66
2021-06-15 11:11:21,S,255.55,1,32
2021-06-15 11:11:21,S,255.6,3,33
2021-06-15 11:11:21,S,255.65,2,21
2021-06-15 11:11:21,S,255.8,2,18
2021-06-15 11:11:21,S,255.95,1,3
2021-06-15 11:11:21,S,255.1,3,29
2021-06-15 11:11:21,S,255.0,2,291
2021-06-15 11:11:21,S,254.95,2,22
2021-06-15 11:11:21,S,254.85,2,66
2021-06-15 11:11:21,S,254.75,3,27
2021-06-15 11:11:23,S,255.9,1,32
2021-06-15 11:11:23,S,255.95,2,11
2021-06-15 11:11:23,S,256.15,2,17
2021-06-15 11:11:23,S,256.25,2,28
2021-06-15 11:11:23,S,256.3,2,22
2021-06-15 11:11:23,S,255.15,1,20
2021-06-15 11:11:23,S,255.1,3,29
2021-06-15 11:11:23,S,255.0,2,291
2021-06-15 11:11:23,S,254.95,2,22
2021-06-15 11:11:23,S,254.9,1,1
2021-06-15 11:11:26,S,255.9,1,32
2021-06-15 11:11:26,S,255.95,2,11
2021-06-15 11:11:26,S,256.1,2,16
2021-06-15 11:11:26,S,256.15,2,17
2021-06-15 11:11:26,S,256.25,2,28
2021-06-15 11:11:26,S,255.15,1,20
2021-06-15 11:11:26,S,255.1,3,29
2021-06-15 11:11:26,S,255.0,2,291
2021-06-15 11:11:26,S,254.95,2,22
2021-06-15 11:11:26,S,254.9,1,1
2021-06-15 11:11:29,S,255.9,1,32
2021-06-15 11:11:29,S,255.95,2,11
2021-06-15 11:11:29,S,256.1,2,16
2021-06-15 11:11:29,S,256.15,2,17
2021-06-15 11:11:29,S,256.25,2,28
2021-06-15 11:11:29,S,255.15,1,20
2021-06-15 11:11:29,S,255.1,3,29
2021-06-15 11:11:29,S,255.0,2,291
2021-06-15 11:11:29,S,254.95,2,22
2021-06-15 11:11:29,S,254.9,1,1
2021-06-15 11:11:31,S,255.9,2,37
2021-06-15 11:11:31,S,255.95,2,11
2021-06-15 11:11:31,S,256.1,2,16
2021-06-15 11:11:31,S,256.15,2,17
2021-06-15 11:11:31,S,256.25,2,28
2021-06-15 11:11:31,S,255.15,1,20
2021-06-15 11:11:31,S,255.1,3,29
2021-06-15 11:11:31,S,255.0,2,291
2021-06-15 11:11:31,S,254.95,2,22
2021-06-15 11:11:31,S,254.9,1,1
2021-06-15 11:11:34,S,255.55,1,5
2021-06-15 11:11:34,S,255.7,2,47
2021-06-15 11:11:34,S,255.75,2,18
2021-06-15 11:11:34,S,255.95,2,11
2021-06-15 11:11:34,S,256.15,2,17
2021-06-15 11:11:34,S,255.15,1,20
2021-06-15 11:11:34,S,255.1,3,29
2021-06-15 11:11:34,S,255.0,2,291
2021-06-15 11:11:34,S,254.95,2,22
2021-06-15 11:11:34,S,254.85,2,66
2021-06-15 11:11:38,S,255.55,1,5
2021-06-15 11:11:38,S,255.7,2,47
2021-06-15 11:11:38,S,255.75,2,18
2021-06-15 11:11:38,S,255.95,2,11
2021-06-15 11:11:38,S,256.15,2,17
2021-06-15 11:11:38,S,255.15,1,20
2021-06-15 11:11:38,S,255.1,3,29
2021-06-15 11:11:38,S,255.0,2,291
2021-06-15 11:11:38,S,254.95,2,22
2021-06-15 11:11:38,S,254.85,2,66
2021-06-15 11:11:39,S,255.9,1,32
2021-06-15 11:11:39,S,255.95,2,11
2021-06-15 11:11:39,S,256.0,2,17
2021-06-15 11:11:39,S,256.15,2,17
2021-06-15 11:11:39,S,256.25,2,28
2021-06-15 11:11:39,S,255.15,1,20
2021-06-15 11:11:39,S,255.1,3,34
2021-06-15 11:11:39,S,255.0,2,291
2021-06-15 11:11:39,S,254.95,2,22
2021-06-15 11:11:39,S,254.85,2,66
2021-06-15 11:11:45,S,255.9,2,37
2021-06-15 11:11:45,S,255.95,2,11
2021-06-15 11:11:45,S,256.0,2,17
2021-06-15 11:11:45,S,256.15,2,17
2021-06-15 11:11:45,S,256.25,2,28
2021-06-15 11:11:45,S,255.15,1,20
2021-06-15 11:11:45,S,255.1,3,34
2021-06-15 11:11:45,S,255.0,2,291
2021-06-15 11:11:45,S,254.95,2,22
2021-06-15 11:11:45,S,254.85,2,66
2021-06-15 11:11:49,S,255.9,2,37
2021-06-15 11:11:49,S,255.95,2,11
2021-06-15 11:11:49,S,256.0,2,17
2021-06-15 11:11:49,S,256.15,2,17
2021-06-15 11:11:49,S,256.25,2,28
2021-06-15 11:11:49,S,255.15,1,20
2021-06-15 11:11:49,S,255.1,3,34
2021-06-15 11:11:49,S,255.0,2,291
2021-06-15 11:11:49,S,254.95,2,22
2021-06-15 11:11:49,S,254.85,2,66
2021-06-15 11:11:52,S,255.55,1,5
2021-06-15 11:11:52,S,255.75,1,32
2021-06-15 11:11:52,S,255.8,2,18
2021-06-15 11:11:52,S,255.9,1,15
2021-06-15 11:11:52,S,255.95,2,11
2021-06-15 11:11:52,S,255.15,2,30
2021-06-15 11:11:52,S,255.1,4,46
2021-06-15 11:11:52,S,255.0,2,291
2021-06-15 11:11:52,S,254.95,2,22
2021-06-15 11:11:52,S,254.85,2,66
2021-06-15 11:11:53,S,255.55,1,5
2021-06-15 11:11:53,S,255.75,1,32
2021-06-15 11:11:53,S,255.8,2,18
2021-06-15 11:11:53,S,255.9,1,15
2021-06-15 11:11:53,S,255.95,2,11
2021-06-15 11:11:53,S,255.15,2,30
2021-06-15 11:11:53,S,255.1,4,46
2021-06-15 11:11:53,S,255.0,2,291
2021-06-15 11:11:53,S,254.95,2,22
2021-06-15 11:11:53,S,254.85,2,66
2021-06-15 11:11:55,S,255.9,1,32
2021-06-15 11:11:55,S,255.95,2,11
2021-06-15 11:11:55,S,256.15,2,17
2021-06-15 11:11:55,S,256.25,2,28
2021-06-15 11:11:55,S,256.3,2,22
2021-06-15 11:11:55,S,255.15,1,3
2021-06-15 11:11:55,S,255.1,2,19
2021-06-15 11:11:55,S,255.0,2,291
2021-06-15 11:11:55,S,254.95,2,22
2021-06-15 11:11:55,S,254.9,1,1
2021-06-15 11:11:58,S,256.25,1,32
2021-06-15 11:11:58,S,256.3,2,17
2021-06-15 11:11:58,S,256.35,2,5
2021-06-15 11:11:58,S,256.4,1,20
2021-06-15 11:11:58,S,256.45,2,20
2021-06-15 11:11:58,S,255.25,1,1
2021-06-15 11:11:58,S,255.15,2,53
2021-06-15 11:11:58,S,255.1,3,34
2021-06-15 11:11:58,S,255.05,3,28
2021-06-15 11:11:58,S,255.0,2,291
2021-06-15 11:12:01,S,256.2,1,32
2021-06-15 11:12:01,S,256.25,2,19
2021-06-15 11:12:01,S,256.3,2,17
2021-06-15 11:12:01,S,256.35,2,5
2021-06-15 11:12:01,S,256.4,1,20
2021-06-15 11:12:01,S,255.2,1,1
2021-06-15 11:12:01,S,255.15,2,53
2021-06-15 11:12:01,S,255.1,3,37
2021-06-15 11:12:01,S,255.05,3,28
2021-06-15 11:12:01,S,255.0,2,291
2021-06-15 11:12:04,S,255.7,2,12
2021-06-15 11:12:04,S,255.9,2,39
2021-06-15 11:12:04,S,255.95,2,17
2021-06-15 11:12:04,S,256.1,1,3
2021-06-15 11:12:04,S,256.3,2,17
2021-06-15 11:12:04,S,255.15,2,53
2021-06-15 11:12:04,S,255.1,2,19
2021-06-15 11:12:04,S,255.0,2,291
2021-06-15 11:12:04,S,254.95,3,27
2021-06-15 11:12:04,S,254.9,1,4
2021-06-15 11:12:07,S,255.7,2,12
2021-06-15 11:12:07,S,255.9,2,39
2021-06-15 11:12:07,S,255.95,2,17
2021-06-15 11:12:07,S,256.1,1,3
2021-06-15 11:12:07,S,256.3,2,17
2021-06-15 11:12:07,S,255.15,2,53
2021-06-15 11:12:07,S,255.1,2,19
2021-06-15 11:12:07,S,255.0,2,291
2021-06-15 11:12:07,S,254.95,3,27
2021-06-15 11:12:07,S,254.9,1,4
2021-06-15 11:12:09,S,255.75,1,32
2021-06-15 11:12:09,S,255.8,2,10
2021-06-15 11:12:09,S,255.95,2,17
2021-06-15 11:12:09,S,256.1,1,3
2021-06-15 11:12:09,S,256.3,2,17
2021-06-15 11:12:09,S,255.15,2,23
2021-06-15 11:12:09,S,255.1,2,19
2021-06-15 11:12:09,S,255.0,1,273
2021-06-15 11:12:09,S,254.95,1,4
2021-06-15 11:12:09,S,254.9,1,4
2021-06-15 11:12:12,S,255.9,1,32
2021-06-15 11:12:12,S,255.95,2,17
2021-06-15 11:12:12,S,256.1,3,9
2021-06-15 11:12:12,S,256.3,2,17
2021-06-15 11:12:12,S,256.4,1,20
2021-06-15 11:12:12,S,255.15,2,23
2021-06-15 11:12:12,S,255.1,2,19
2021-06-15 11:12:12,S,255.0,1,273
2021-06-15 11:12:12,S,254.95,2,5
2021-06-15 11:12:12,S,254.9,1,4
2021-06-15 11:12:15,S,255.9,2,39
2021-06-15 11:12:15,S,255.95,2,17
2021-06-15 11:12:15,S,256.1,2,8
2021-06-15 11:12:15,S,256.3,2,17
2021-06-15 11:12:15,S,256.4,1,20
2021-06-15 11:12:15,S,255.15,2,23
2021-06-15 11:12:15,S,255.1,2,19
2021-06-15 11:12:15,S,255.0,1,273
2021-06-15 11:12:15,S,254.95,1,4
2021-06-15 11:12:15,S,254.9,1,4
2021-06-15 11:12:18,S,255.75,1,32
2021-06-15 11:12:18,S,255.8,1,3
2021-06-15 11:12:18,S,255.9,2,19
2021-06-15 11:12:18,S,255.95,2,17
2021-06-15 11:12:18,S,256.1,2,8
2021-06-15 11:12:18,S,255.15,2,23
2021-06-15 11:12:18,S,255.1,2,19
2021-06-15 11:12:18,S,255.0,1,273
2021-06-15 11:12:18,S,254.95,1,4
2021-06-15 11:12:18,S,254.9,1,4
2021-06-15 11:12:21,S,255.45,1,7
2021-06-15 11:12:21,S,255.75,2,46
2021-06-15 11:12:21,S,255.95,2,17
2021-06-15 11:12:21,S,256.1,2,8
2021-06-15 11:12:21,S,256.3,2,17
2021-06-15 11:12:21,S,255.15,2,23
2021-06-15 11:12:21,S,255.1,1,15
2021-06-15 11:12:21,S,255.0,1,273
2021-06-15 11:12:21,S,254.95,1,4
2021-06-15 11:12:21,S,254.85,2,66
2021-06-15 11:12:23,S,255.45,1,7
2021-06-15 11:12:23,S,255.75,2,46
2021-06-15 11:12:23,S,255.95,2,17
2021-06-15 11:12:23,S,256.1,2,8
2021-06-15 11:12:23,S,256.3,2,17
2021-06-15 11:12:23,S,255.15,2,23
2021-06-15 11:12:23,S,255.1,1,15
2021-06-15 11:12:23,S,255.0,1,273
2021-06-15 11:12:23,S,254.95,1,4
2021-06-15 11:12:23,S,254.85,2,66
2021-06-15 11:12:24,S,255.9,1,32
2021-06-15 11:12:24,S,255.95,2,17
2021-06-15 11:12:24,S,256.1,2,8
2021-06-15 11:12:24,S,256.15,1,1
2021-06-15 11:12:24,S,256.3,2,17
2021-06-15 11:12:24,S,255.15,1,17
2021-06-15 11:12:24,S,255.1,2,19
2021-06-15 11:12:24,S,255.0,1,273
2021-06-15 11:12:24,S,254.95,1,4
2021-06-15 11:12:24,S,254.9,1,1
2021-06-15 11:12:30,S,255.85,1,32
2021-06-15 11:12:30,S,255.9,2,20
2021-06-15 11:12:30,S,255.95,2,17
2021-06-15 11:12:30,S,256.1,2,8
2021-06-15 11:12:30,S,256.3,2,17
2021-06-15 11:12:30,S,255.15,1,17
2021-06-15 11:12:30,S,255.1,2,19
2021-06-15 11:12:30,S,255.0,1,273
2021-06-15 11:12:30,S,254.95,1,4
2021-06-15 11:12:30,S,254.85,2,49
2021-06-15 11:12:33,S,255.85,1,32
2021-06-15 11:12:33,S,255.9,2,20
2021-06-15 11:12:33,S,255.95,2,17
2021-06-15 11:12:33,S,256.05,1,1
2021-06-15 11:12:33,S,256.1,2,8
2021-06-15 11:12:33,S,255.15,1,17
2021-06-15 11:12:33,S,255.1,2,19
2021-06-15 11:12:33,S,255.0,1,273
2021-06-15 11:12:33,S,254.95,1,4
2021-06-15 11:12:33,S,254.9,1,1
2021-06-15 11:12:36,S,255.5,2,13
2021-06-15 11:12:36,S,255.75,2,46
2021-06-15 11:12:36,S,255.8,2,17
2021-06-15 11:12:36,S,255.95,2,17
2021-06-15 11:12:36,S,256.1,2,8
2021-06-15 11:12:36,S,255.15,1,17
2021-06-15 11:12:36,S,255.1,1,15
2021-06-15 11:12:36,S,255.0,1,273
2021-06-15 11:12:36,S,254.95,1,4
2021-06-15 11:12:36,S,254.85,1,48
2021-06-15 11:12:38,S,255.5,2,13
2021-06-15 11:12:38,S,255.75,2,46
2021-06-15 11:12:38,S,255.8,2,17
2021-06-15 11:12:38,S,255.95,2,17
2021-06-15 11:12:38,S,256.1,2,8
2021-06-15 11:12:38,S,255.15,1,17
2021-06-15 11:12:38,S,255.1,1,15
2021-06-15 11:12:38,S,255.0,1,273
2021-06-15 11:12:38,S,254.95,1,4
2021-06-15 11:12:38,S,254.85,1,48
2021-06-15 11:12:39,S,255.75,1,32
2021-06-15 11:12:39,S,255.8,2,17
2021-06-15 11:12:39,S,255.95,2,17
2021-06-15 11:12:39,S,256.1,2,8
2021-06-15 11:12:39,S,256.3,2,17
2021-06-15 11:12:39,S,255.15,1,13
2021-06-15 11:12:39,S,255.1,1,15
2021-06-15 11:12:39,S,255.0,2,291
2021-06-15 11:12:39,S,254.9,2,22
2021-06-15 11:12:39,S,254.85,2,66
2021-06-15 11:12:42,S,255.8,2,17
2021-06-15 11:12:42,S,255.9,1,32
2021-06-15 11:12:42,S,255.95,2,17
2021-06-15 11:12:42,S,256.1,2,8
2021-06-15 11:12:42,S,256.3,2,17
2021-06-15 11:12:42,S,255.25,1,51
2021-06-15 11:12:42,S,255.2,1,13
2021-06-15 11:12:42,S,255.1,3,37
2021-06-15 11:12:42,S,255.0,2,291
2021-06-15 11:12:42,S,254.9,2,22
2021-06-15 11:12:45,S,255.8,1,6
2021-06-15 11:12:45,S,256.05,2,46
2021-06-15 11:12:45,S,256.1,2,17
2021-06-15 11:12:45,S,256.3,2,17
2021-06-15 11:12:45,S,256.35,1,3
2021-06-15 11:12:45,S,255.25,2,55
2021-06-15 11:12:45,S,255.15,2,38
2021-06-15 11:12:45,S,255.1,3,37
2021-06-15 11:12:45,S,255.0,2,291
2021-06-15 11:12:45,S,254.9,3,27
2021-06-15 11:12:48,S,255.8,1,6
2021-06-15 11:12:48,S,256.05,2,46
2021-06-15 11:12:48,S,256.1,2,17
2021-06-15 11:12:48,S,256.3,2,17
2021-06-15 11:12:48,S,256.4,1,20
2021-06-15 11:12:48,S,255.25,3,67
2021-06-15 11:12:48,S,255.15,2,38
2021-06-15 11:12:48,S,255.1,3,37
2021-06-15 11:12:48,S,255.0,2,291
2021-06-15 11:12:48,S,254.9,3,27
2021-06-15 11:12:51,S,255.25,1,919
2021-06-15 11:12:51,S,255.35,3,59
2021-06-15 11:12:51,S,255.55,2,9
2021-06-15 11:12:51,S,255.7,1,3
2021-06-15 11:12:51,S,255.8,2,20
2021-06-15 11:12:51,S,255.15,1,2
2021-06-15 11:12:51,S,255.1,1,15
2021-06-15 11:12:51,S,255.0,1,273
2021-06-15 11:12:51,S,254.85,1,53
2021-06-15 11:12:51,S,254.8,3,15
2021-06-15 11:12:52,S,255.25,1,919
2021-06-15 11:12:52,S,255.35,3,59
2021-06-15 11:12:52,S,255.55,2,9
2021-06-15 11:12:52,S,255.7,1,3
2021-06-15 11:12:52,S,255.8,2,20
2021-06-15 11:12:52,S,255.15,1,2
2021-06-15 11:12:52,S,255.1,1,15
2021-06-15 11:12:52,S,255.0,1,273
2021-06-15 11:12:52,S,254.85,1,53
2021-06-15 11:12:52,S,254.8,3,15
2021-06-15 11:12:53,S,255.25,1,919
2021-06-15 11:12:53,S,255.35,3,59
2021-06-15 11:12:53,S,255.55,2,9
2021-06-15 11:12:53,S,255.7,1,3
2021-06-15 11:12:53,S,255.8,2,20
2021-06-15 11:12:53,S,255.15,1,2
2021-06-15 11:12:53,S,255.1,1,15
2021-06-15 11:12:53,S,255.0,1,273
2021-06-15 11:12:53,S,254.85,1,53
2021-06-15 11:12:53,S,254.8,3,15
2021-06-15 11:12:54,S,255.15,1,4
2021-06-15 11:12:54,S,255.8,2,48
2021-06-15 11:12:54,S,255.85,2,19
2021-06-15 11:12:54,S,256.1,2,17
2021-06-15 11:12:54,S,256.15,1,4
2021-06-15 11:12:54,S,255.0,1,77
2021-06-15 11:12:54,S,254.8,4,39
2021-06-15 11:12:54,S,254.75,2,22
2021-06-15 11:12:54,S,254.6,1,4
2021-06-15 11:12:54,S,254.5,2,38
2021-06-15 11:12:57,S,255.8,1,32
2021-06-15 11:12:57,S,255.85,2,19
2021-06-15 11:12:57,S,256.1,2,17
2021-06-15 11:12:57,S,256.15,1,4
2021-06-15 11:12:57,S,256.3,2,17
2021-06-15 11:12:57,S,255.0,2,66
2021-06-15 11:12:57,S,254.8,4,31
2021-06-15 11:12:57,S,254.75,2,22
2021-06-15 11:12:57,S,254.7,1,5
2021-06-15 11:12:57,S,254.65,1,5
2021-06-15 11:12:57,S,255.8,1,32
2021-06-15 11:12:57,S,255.85,2,19
2021-06-15 11:12:57,S,256.1,2,17
2021-06-15 11:12:57,S,256.15,1,4
2021-06-15 11:12:57,S,256.3,2,17
2021-06-15 11:12:57,S,255.0,2,66
2021-06-15 11:12:57,S,254.8,4,31
2021-06-15 11:12:57,S,254.75,2,22
2021-06-15 11:12:57,S,254.7,1,5
2021-06-15 11:12:57,S,254.65,1,5
2021-06-15 11:13:00,S,255.8,1,32
2021-06-15 11:13:00,S,255.85,2,19
2021-06-15 11:13:00,S,256.0,2,17
2021-06-15 11:13:00,S,256.1,2,17
2021-06-15 11:13:00,S,256.15,1,4
2021-06-15 11:13:00,S,255.0,2,66
2021-06-15 11:13:00,S,254.8,4,31
2021-06-15 11:13:00,S,254.75,2,22
2021-06-15 11:13:00,S,254.7,1,5
2021-06-15 11:13:00,S,254.65,1,5
2021-06-15 11:13:03,S,255.6,1,32
2021-06-15 11:13:03,S,255.65,2,18
2021-06-15 11:13:03,S,255.8,2,22
2021-06-15 11:13:03,S,255.85,2,19
2021-06-15 11:13:03,S,256.1,2,17
2021-06-15 11:13:03,S,255.0,1,62
2021-06-15 11:13:03,S,254.8,3,26
2021-06-15 11:13:03,S,254.75,2,22
2021-06-15 11:13:03,S,254.7,1,5
2021-06-15 11:13:03,S,254.6,2,9
2021-06-15 11:13:04,S,255.6,1,32
2021-06-15 11:13:04,S,255.65,2,18
2021-06-15 11:13:04,S,255.8,2,22
2021-06-15 11:13:04,S,255.85,2,19
2021-06-15 11:13:04,S,256.1,2,17
2021-06-15 11:13:04,S,255.0,1,62
2021-06-15 11:13:04,S,254.8,3,26
2021-06-15 11:13:04,S,254.75,2,22
2021-06-15 11:13:04,S,254.7,1,5
2021-06-15 11:13:04,S,254.6,2,9
2021-06-15 11:13:06,S,255.3,1,6
2021-06-15 11:13:06,S,255.8,2,49
2021-06-15 11:13:06,S,255.85,2,19
2021-06-15 11:13:06,S,256.1,2,17
2021-06-15 11:13:06,S,256.3,2,17
2021-06-15 11:13:06,S,255.0,1,62
2021-06-15 11:13:06,S,254.85,3,78
2021-06-15 11:13:06,S,254.8,3,26
2021-06-15 11:13:06,S,254.75,2,22
2021-06-15 11:13:06,S,254.6,2,9
2021-06-15 11:13:08,S,255.45,1,32
2021-06-15 11:13:08,S,255.5,2,23
2021-06-15 11:13:08,S,255.85,2,19
2021-06-15 11:13:08,S,256.1,2,17
2021-06-15 11:13:08,S,256.3,3,37
2021-06-15 11:13:08,S,255.0,2,20
2021-06-15 11:13:08,S,254.8,2,11
2021-06-15 11:13:08,S,254.75,1,4
2021-06-15 11:13:08,S,254.6,1,4
2021-06-15 11:13:08,S,254.5,1,5
2021-06-15 11:13:11,S,255.45,1,32
2021-06-15 11:13:11,S,255.5,2,23
2021-06-15 11:13:11,S,255.85,2,19
2021-06-15 11:13:11,S,256.1,2,17
2021-06-15 11:13:11,S,256.25,1,20
2021-06-15 11:13:11,S,255.0,1,16
2021-06-15 11:13:11,S,254.8,2,11
2021-06-15 11:13:11,S,254.75,1,4
2021-06-15 11:13:11,S,254.6,1,4
2021-06-15 11:13:11,S,254.5,2,9
2021-06-15 11:13:17,S,255.35,1,32
2021-06-15 11:13:17,S,255.4,2,24
2021-06-15 11:13:17,S,255.45,2,23
2021-06-15 11:13:17,S,255.65,2,20
2021-06-15 11:13:17,S,255.85,2,19
2021-06-15 11:13:17,S,255.0,1,16
2021-06-15 11:13:17,S,254.8,2,11
2021-06-15 11:13:17,S,254.75,1,4
2021-06-15 11:13:17,S,254.6,1,4
2021-06-15 11:13:17,S,254.5,1,4
2021-06-15 11:13:20,S,255.2,1,6
2021-06-15 11:13:20,S,255.4,1,32
2021-06-15 11:13:20,S,255.45,1,17
2021-06-15 11:13:20,S,255.6,2,37
2021-06-15 11:13:20,S,255.65,2,20
2021-06-15 11:13:20,S,255.0,2,66
2021-06-15 11:13:20,S,254.8,2,11
2021-06-15 11:13:20,S,254.6,1,4
2021-06-15 11:13:20,S,254.45,3,71
2021-06-15 11:13:20,S,254.3,1,5
2021-06-15 11:13:23,S,255.2,1,6
2021-06-15 11:13:23,S,255.4,1,32
2021-06-15 11:13:23,S,255.45,1,17
2021-06-15 11:13:23,S,255.6,2,37
2021-06-15 11:13:23,S,255.65,2,20
2021-06-15 11:13:23,S,255.0,2,66
2021-06-15 11:13:23,S,254.8,2,11
2021-06-15 11:13:23,S,254.6,1,4
2021-06-15 11:13:23,S,254.45,3,71
2021-06-15 11:13:23,S,254.3,1,5
2021-06-15 11:13:24,S,255.4,1,32
2021-06-15 11:13:24,S,255.45,2,27
2021-06-15 11:13:24,S,255.65,2,20
2021-06-15 11:13:24,S,255.85,2,19
2021-06-15 11:13:24,S,255.95,1,56
2021-06-15 11:13:24,S,255.0,1,7
2021-06-15 11:13:24,S,254.8,2,11
2021-06-15 11:13:24,S,254.75,1,4
2021-06-15 11:13:24,S,254.6,1,4
2021-06-15 11:13:24,S,254.45,3,71
2021-06-15 11:13:32,S,255.3,2,45
2021-06-15 11:13:32,S,255.4,2,24
2021-06-15 11:13:32,S,255.45,1,15
2021-06-15 11:13:32,S,255.65,2,20
2021-06-15 11:13:32,S,255.85,2,19
2021-06-15 11:13:32,S,255.0,1,7
2021-06-15 11:13:32,S,254.8,2,11
2021-06-15 11:13:32,S,254.75,1,4
2021-06-15 11:13:32,S,254.6,1,4
2021-06-15 11:13:32,S,254.45,2,53
2021-06-15 11:13:34,S,255.3,2,45
2021-06-15 11:13:34,S,255.4,2,24
2021-06-15 11:13:34,S,255.45,1,15
2021-06-15 11:13:34,S,255.65,2,20
2021-06-15 11:13:34,S,255.85,2,19
2021-06-15 11:13:34,S,255.0,1,7
2021-06-15 11:13:34,S,254.8,2,11
2021-06-15 11:13:34,S,254.75,1,4
2021-06-15 11:13:34,S,254.6,1,4
2021-06-15 11:13:34,S,254.45,2,53
2021-06-15 11:13:34,S,255.1,1,32
2021-06-15 11:13:34,S,255.15,2,18
2021-06-15 11:13:34,S,255.2,2,30
2021-06-15 11:13:34,S,255.25,1,17
2021-06-15 11:13:34,S,255.4,1,17
2021-06-15 11:13:34,S,254.8,2,11
2021-06-15 11:13:34,S,254.6,1,4
2021-06-15 11:13:34,S,254.45,2,53
2021-06-15 11:13:34,S,254.3,1,5
2021-06-15 11:13:34,S,254.25,1,4
2021-06-15 11:13:38,S,255.1,1,32
2021-06-15 11:13:38,S,255.15,2,18
2021-06-15 11:13:38,S,255.2,2,30
2021-06-15 11:13:38,S,255.25,1,17
2021-06-15 11:13:38,S,255.4,1,17
2021-06-15 11:13:38,S,254.8,2,11
2021-06-15 11:13:38,S,254.6,1,4
2021-06-15 11:13:38,S,254.45,2,53
2021-06-15 11:13:38,S,254.3,1,5
2021-06-15 11:13:38,S,254.25,1,4
2021-06-15 11:13:40,S,254.6,1,2
2021-06-15 11:13:40,S,254.75,2,47
2021-06-15 11:13:40,S,254.8,2,22
2021-06-15 11:13:40,S,255.0,1,15
2021-06-15 11:13:40,S,255.15,2,4
2021-06-15 11:13:40,S,254.2,2,95
2021-06-15 11:13:40,S,254.15,2,7
2021-06-15 11:13:40,S,254.05,3,79
2021-06-15 11:13:40,S,254.0,1,500
2021-06-15 11:13:40,S,253.95,2,24
2021-06-15 11:13:42,S,254.6,1,2
2021-06-15 11:13:42,S,254.75,2,47
2021-06-15 11:13:42,S,254.8,2,22
2021-06-15 11:13:42,S,255.0,1,15
2021-06-15 11:13:42,S,255.15,2,4
2021-06-15 11:13:42,S,254.2,2,95
2021-06-15 11:13:42,S,254.15,2,7
2021-06-15 11:13:42,S,254.05,3,79
2021-06-15 11:13:42,S,254.0,1,500
2021-06-15 11:13:42,S,253.95,2,24
2021-06-15 11:13:43,S,254.6,1,2
2021-06-15 11:13:43,S,254.75,2,47
2021-06-15 11:13:43,S,255.15,2,21
2021-06-15 11:13:43,S,255.2,1,1
2021-06-15 11:13:43,S,255.25,1,3
2021-06-15 11:13:43,S,254.2,1,27
2021-06-15 11:13:43,S,254.05,3,79
2021-06-15 11:13:43,S,254.0,2,518
2021-06-15 11:13:43,S,253.95,2,18
2021-06-15 11:13:43,S,253.85,1,22
2021-06-15 11:13:46,S,254.6,2,7
2021-06-15 11:13:46,S,254.75,2,47
2021-06-15 11:13:46,S,254.85,2,22
2021-06-15 11:13:46,S,255.0,1,4
2021-06-15 11:13:46,S,255.15,2,21
2021-06-15 11:13:46,S,254.2,1,27
2021-06-15 11:13:46,S,254.05,3,73
2021-06-15 11:13:46,S,254.0,2,518
2021-06-15 11:13:46,S,253.95,2,18
2021-06-15 11:13:46,S,253.85,1,22
2021-06-15 11:13:49,S,254.6,2,7
2021-06-15 11:13:49,S,254.75,2,47
2021-06-15 11:13:49,S,254.85,2,22
2021-06-15 11:13:49,S,255.0,1,4
2021-06-15 11:13:49,S,255.15,2,21
2021-06-15 11:13:49,S,254.2,1,27
2021-06-15 11:13:49,S,254.05,3,73
2021-06-15 11:13:49,S,254.0,2,518
2021-06-15 11:13:49,S,253.95,2,18
2021-06-15 11:13:49,S,253.85,1,22
2021-06-15 11:13:51,S,254.4,1,5
2021-06-15 11:13:51,S,254.55,2,48
2021-06-15 11:13:51,S,254.6,2,18
2021-06-15 11:13:51,S,254.7,1,4
2021-06-15 11:13:51,S,254.85,2,22
2021-06-15 11:13:51,S,254.2,1,27
2021-06-15 11:13:51,S,254.05,2,61
2021-06-15 11:13:51,S,254.0,2,518
2021-06-15 11:13:51,S,253.95,2,18
2021-06-15 11:13:51,S,253.85,1,22
2021-06-15 11:13:53,S,254.6,2,18
2021-06-15 11:13:53,S,254.8,2,37
2021-06-15 11:13:53,S,254.85,2,22
2021-06-15 11:13:53,S,255.0,1,4
2021-06-15 11:13:53,S,255.1,1,20
2021-06-15 11:13:53,S,254.2,1,100
2021-06-15 11:13:53,S,254.05,3,76
2021-06-15 11:13:53,S,254.0,2,518
2021-06-15 11:13:53,S,253.95,2,18
2021-06-15 11:13:53,S,253.85,1,22
2021-06-15 11:13:58,S,254.6,2,18
2021-06-15 11:13:58,S,254.8,2,37
2021-06-15 11:13:58,S,254.85,2,22
2021-06-15 11:13:58,S,255.0,1,4
2021-06-15 11:13:58,S,255.1,1,20
2021-06-15 11:13:58,S,254.2,1,100
2021-06-15 11:13:58,S,254.05,3,76
2021-06-15 11:13:58,S,254.0,2,518
2021-06-15 11:13:58,S,253.95,2,18
2021-06-15 11:13:58,S,253.85,1,22
2021-06-15 11:14:01,S,254.6,3,25
2021-06-15 11:14:01,S,254.8,2,37
2021-06-15 11:14:01,S,254.85,2,22
2021-06-15 11:14:01,S,255.0,1,4
2021-06-15 11:14:01,S,255.1,1,20
2021-06-15 11:14:01,S,254.2,1,100
2021-06-15 11:14:01,S,254.05,3,76
2021-06-15 11:14:01,S,254.0,2,518
2021-06-15 11:14:01,S,253.95,2,18
2021-06-15 11:14:01,S,253.85,1,22
2021-06-15 11:14:05,S,254.4,1,7
2021-06-15 11:14:05,S,254.6,2,18
2021-06-15 11:14:05,S,254.8,2,37
2021-06-15 11:14:05,S,254.85,2,22
2021-06-15 11:14:05,S,255.0,1,4
2021-06-15 11:14:05,S,254.2,1,100
2021-06-15 11:14:05,S,254.05,3,76
2021-06-15 11:14:05,S,254.0,2,518
2021-06-15 11:14:05,S,253.95,2,18
2021-06-15 11:14:05,S,253.85,1,22
2021-06-15 11:14:07,S,254.4,1,7
2021-06-15 11:14:07,S,254.6,2,18
2021-06-15 11:14:07,S,254.8,2,37
2021-06-15 11:14:07,S,254.85,2,22
2021-06-15 11:14:07,S,255.0,1,4
2021-06-15 11:14:07,S,254.2,1,100
2021-06-15 11:14:07,S,254.05,3,76
2021-06-15 11:14:07,S,254.0,2,518
2021-06-15 11:14:07,S,253.95,2,18
2021-06-15 11:14:07,S,253.85,1,22
2021-06-15 11:14:08,S,254.6,1,2
2021-06-15 11:14:08,S,254.8,2,37
2021-06-15 11:14:08,S,254.85,2,22
2021-06-15 11:14:08,S,255.0,1,4
2021-06-15 11:14:08,S,255.1,1,20
2021-06-15 11:14:08,S,254.2,1,33
2021-06-15 11:14:08,S,254.05,3,76
2021-06-15 11:14:08,S,254.0,2,518
2021-06-15 11:14:08,S,253.95,2,18
2021-06-15 11:14:08,S,253.85,1,22
2021-06-15 11:14:11,S,254.6,1,2
2021-06-15 11:14:11,S,254.8,2,37
2021-06-15 11:14:11,S,254.85,2,22
2021-06-15 11:14:11,S,255.0,1,4
2021-06-15 11:14:11,S,255.1,1,20
2021-06-15 11:14:11,S,254.2,1,33
2021-06-15 11:14:11,S,254.05,3,76
2021-06-15 11:14:11,S,254.0,2,518
2021-06-15 11:14:11,S,253.95,2,18
2021-06-15 11:14:11,S,253.85,1,22
2021-06-15 11:14:14,S,255.25,1,32
2021-06-15 11:14:14,S,255.3,2,23
2021-06-15 11:14:14,S,255.35,2,21
2021-06-15 11:14:14,S,255.4,1,6
2021-06-15 11:14:14,S,255.45,1,3
2021-06-15 11:14:14,S,254.5,1,5
2021-06-15 11:14:14,S,254.45,1,51
2021-06-15 11:14:14,S,254.3,1,1
2021-06-15 11:14:14,S,254.25,2,28
2021-06-15 11:14:14,S,254.2,2,51
2021-06-15 11:14:17,S,255.25,2,38
2021-06-15 11:14:17,S,255.3,2,23
2021-06-15 11:14:17,S,255.35,2,21
2021-06-15 11:14:17,S,255.4,1,6
2021-06-15 11:14:17,S,255.45,1,3
2021-06-15 11:14:17,S,254.45,1,51
2021-06-15 11:14:17,S,254.35,1,4
2021-06-15 11:14:17,S,254.3,2,7
2021-06-15 11:14:17,S,254.25,1,1
2021-06-15 11:14:17,S,254.2,2,51
2021-06-15 11:14:20,S,254.8,1,32
2021-06-15 11:14:20,S,254.85,2,17
2021-06-15 11:14:20,S,255.1,2,20
2021-06-15 11:14:20,S,255.25,2,18
2021-06-15 11:14:20,S,255.3,2,15
2021-06-15 11:14:20,S,254.35,1,4
2021-06-15 11:14:20,S,254.3,2,7
2021-06-15 11:14:20,S,254.2,1,33
2021-06-15 11:14:20,S,254.1,1,4
2021-06-15 11:14:20,S,254.05,2,61
2021-06-15 11:14:22,S,254.8,1,32
2021-06-15 11:14:22,S,254.85,2,17
2021-06-15 11:14:22,S,255.1,2,20
2021-06-15 11:14:22,S,255.2,1,1
2021-06-15 11:14:22,S,255.25,2,18
2021-06-15 11:14:22,S,254.2,1,33
2021-06-15 11:14:22,S,254.15,1,5
2021-06-15 11:14:22,S,254.1,1,4
2021-06-15 11:14:22,S,254.05,2,61
2021-06-15 11:14:22,S,254.0,2,518
2021-06-15 11:14:23,S,254.8,1,32
2021-06-15 11:14:23,S,254.85,2,17
2021-06-15 11:14:23,S,255.1,2,20
2021-06-15 11:14:23,S,255.2,1,1
2021-06-15 11:14:23,S,255.25,2,18
2021-06-15 11:14:23,S,254.2,1,33
2021-06-15 11:14:23,S,254.15,1,5
2021-06-15 11:14:23,S,254.1,1,4
2021-06-15 11:14:23,S,254.05,2,61
2021-06-15 11:14:23,S,254.0,2,518
2021-06-15 11:14:25,S,255.15,1,32
2021-06-15 11:14:25,S,255.2,2,15
2021-06-15 11:14:25,S,255.25,4,24
2021-06-15 11:14:25,S,255.35,2,8
2021-06-15 11:14:25,S,255.4,2,18
2021-06-15 11:14:25,S,254.2,1,100
2021-06-15 11:14:25,S,254.1,3,23
2021-06-15 11:14:25,S,254.05,4,84
2021-06-15 11:14:25,S,254.0,2,518
2021-06-15 11:14:25,S,253.95,3,23
2021-06-15 11:14:31,S,255.15,2,37
2021-06-15 11:14:31,S,255.2,2,15
2021-06-15 11:14:31,S,255.25,4,24
2021-06-15 11:14:31,S,255.35,2,8
2021-06-15 11:14:31,S,255.4,2,18
2021-06-15 11:14:31,S,254.2,1,100
2021-06-15 11:14:31,S,254.1,3,23
2021-06-15 11:14:31,S,254.05,4,84
2021-06-15 11:14:31,S,254.0,2,518
2021-06-15 11:14:31,S,253.95,3,23
2021-06-15 11:14:34,S,255.15,2,37
2021-06-15 11:14:34,S,255.2,2,15
2021-06-15 11:14:34,S,255.25,4,24
2021-06-15 11:14:34,S,255.35,2,8
2021-06-15 11:14:34,S,255.4,2,18
2021-06-15 11:14:34,S,254.2,1,100
2021-06-15 11:14:34,S,254.1,3,23
2021-06-15 11:14:34,S,254.05,4,84
2021-06-15 11:14:34,S,254.0,2,518
2021-06-15 11:14:34,S,253.95,3,23
2021-06-15 11:14:34,S,254.7,1,5
2021-06-15 11:14:34,S,254.9,2,48
2021-06-15 11:14:34,S,254.95,2,15
2021-06-15 11:14:34,S,255.1,1,4
2021-06-15 11:14:34,S,255.15,2,17
2021-06-15 11:14:34,S,254.2,1,100
2021-06-15 11:14:34,S,254.1,2,22
2021-06-15 11:14:34,S,254.05,3,79
2021-06-15 11:14:34,S,254.0,2,518
2021-06-15 11:14:34,S,253.95,3,23
2021-06-15 11:14:38,S,254.7,1,5
2021-06-15 11:14:38,S,254.9,2,48
2021-06-15 11:14:38,S,254.95,2,15
2021-06-15 11:14:38,S,255.1,1,4
2021-06-15 11:14:38,S,255.15,2,17
2021-06-15 11:14:38,S,254.2,1,100
2021-06-15 11:14:38,S,254.1,2,22
2021-06-15 11:14:38,S,254.05,3,79
2021-06-15 11:14:38,S,254.0,2,518
2021-06-15 11:14:38,S,253.95,3,23
2021-06-15 11:14:40,S,255.2,1,32
2021-06-15 11:14:40,S,255.25,1,14
2021-06-15 11:14:40,S,255.35,2,16
2021-06-15 11:14:40,S,255.45,2,7
2021-06-15 11:14:40,S,255.55,1,3
2021-06-15 11:14:40,S,254.3,2,45
2021-06-15 11:14:40,S,254.25,1,1
2021-06-15 11:14:40,S,254.2,3,78
2021-06-15 11:14:40,S,254.15,2,23
2021-06-15 11:14:40,S,254.1,3,27
2021-06-15 11:14:46,S,255.1,1,32
2021-06-15 11:14:46,S,255.15,2,14
2021-06-15 11:14:46,S,255.2,4,26
2021-06-15 11:14:46,S,255.3,1,3
2021-06-15 11:14:46,S,255.4,1,1
2021-06-15 11:14:46,S,254.2,1,58
2021-06-15 11:14:46,S,254.1,4,32
2021-06-15 11:14:46,S,254.05,4,83
2021-06-15 11:14:46,S,254.0,3,523
2021-06-15 11:14:46,S,253.9,1,5
2021-06-15 11:14:49,S,255.1,1,32
2021-06-15 11:14:49,S,255.15,2,14
2021-06-15 11:14:49,S,255.2,4,26
2021-06-15 11:14:49,S,255.3,1,3
2021-06-15 11:14:49,S,255.4,1,1
2021-06-15 11:14:49,S,254.2,1,58
2021-06-15 11:14:49,S,254.1,4,32
2021-06-15 11:14:49,S,254.05,4,83
2021-06-15 11:14:49,S,254.0,3,523
2021-06-15 11:14:49,S,253.9,1,5
2021-06-15 11:14:52,S,254.65,1,6
2021-06-15 11:14:52,S,255.0,2,48
2021-06-15 11:14:52,S,255.05,2,20
2021-06-15 11:14:52,S,255.15,2,14
2021-06-15 11:14:52,S,255.2,3,20
2021-06-15 11:14:52,S,254.2,2,71
2021-06-15 11:14:52,S,254.1,2,22
2021-06-15 11:14:52,S,254.05,4,83
2021-06-15 11:14:52,S,254.0,2,518
2021-06-15 11:14:52,S,253.9,1,5
2021-06-15 11:14:53,S,254.65,1,6
2021-06-15 11:14:53,S,255.0,2,48
2021-06-15 11:14:53,S,255.05,2,20
2021-06-15 11:14:53,S,255.15,2,14
2021-06-15 11:14:53,S,255.2,3,20
2021-06-15 11:14:53,S,254.2,2,71
2021-06-15 11:14:53,S,254.1,2,22
2021-06-15 11:14:53,S,254.05,4,83
2021-06-15 11:14:53,S,254.0,2,518
2021-06-15 11:14:53,S,253.9,1,5
2021-06-15 11:14:55,S,255.1,1,32
2021-06-15 11:14:55,S,255.15,2,14
2021-06-15 11:14:55,S,255.2,3,20
2021-06-15 11:14:55,S,255.25,1,4
2021-06-15 11:14:55,S,255.3,1,3
2021-06-15 11:14:55,S,254.2,1,9
2021-06-15 11:14:55,S,254.1,1,4
2021-06-15 11:14:55,S,254.05,4,83
2021-06-15 11:14:55,S,254.0,2,518
2021-06-15 11:14:55,S,253.9,1,5
2021-06-15 11:14:57,S,255.1,1,32
2021-06-15 11:14:57,S,255.15,2,14
2021-06-15 11:14:57,S,255.2,3,20
2021-06-15 11:14:57,S,255.25,1,4
2021-06-15 11:14:57,S,255.3,1,3
2021-06-15 11:14:57,S,254.2,1,9
2021-06-15 11:14:57,S,254.1,1,4
2021-06-15 11:14:57,S,254.05,4,83
2021-06-15 11:14:57,S,254.0,2,518
2021-06-15 11:14:57,S,253.9,1,5
2021-06-15 11:14:58,S,255.4,1,32
2021-06-15 11:14:58,S,255.45,2,13
2021-06-15 11:14:58,S,255.5,2,18
2021-06-15 11:14:58,S,255.55,1,1
2021-06-15 11:14:58,S,255.6,1,3
2021-06-15 11:14:58,S,254.5,1,32
2021-06-15 11:14:58,S,254.45,1,56
2021-06-15 11:14:58,S,254.25,2,19
2021-06-15 11:14:58,S,254.2,3,32
2021-06-15 11:14:58,S,254.1,3,24
2021-06-15 11:15:01,S,255.35,1,32
2021-06-15 11:15:01,S,255.4,2,21
2021-06-15 11:15:01,S,255.5,2,18
2021-06-15 11:15:01,S,255.55,1,1
2021-06-15 11:15:01,S,255.6,1,3
2021-06-15 11:15:01,S,254.5,1,32
2021-06-15 11:15:01,S,254.45,2,60
2021-06-15 11:15:01,S,254.25,2,68
2021-06-15 11:15:01,S,254.2,4,132
2021-06-15 11:15:01,S,254.15,1,1
2021-06-15 11:15:04,S,254.95,1,6
2021-06-15 11:15:04,S,255.35,2,47
2021-06-15 11:15:04,S,255.4,2,19
2021-06-15 11:15:04,S,255.5,2,18
2021-06-15 11:15:04,S,255.55,1,1
2021-06-15 11:15:04,S,254.5,2,45
2021-06-15 11:15:04,S,254.45,2,60
2021-06-15 11:15:04,S,254.25,2,68
2021-06-15 11:15:04,S,254.2,4,132
2021-06-15 11:15:04,S,254.1,3,24
2021-06-15 11:15:08,S,254.95,1,6
2021-06-15 11:15:08,S,255.35,2,47
2021-06-15 11:15:08,S,255.4,2,19
2021-06-15 11:15:08,S,255.5,2,18
2021-06-15 11:15:08,S,255.55,1,1
2021-06-15 11:15:08,S,254.5,2,45
2021-06-15 11:15:08,S,254.45,2,60
2021-06-15 11:15:08,S,254.25,2,68
2021-06-15 11:15:08,S,254.2,4,132
2021-06-15 11:15:08,S,254.1,3,24
2021-06-15 11:15:10,S,255.35,2,47
2021-06-15 11:15:10,S,255.4,1,15
2021-06-15 11:15:10,S,255.5,2,18
2021-06-15 11:15:10,S,255.6,2,4
2021-06-15 11:15:10,S,255.65,2,20
2021-06-15 11:15:10,S,254.45,1,4
2021-06-15 11:15:10,S,254.25,2,68
2021-06-15 11:15:10,S,254.2,3,127
2021-06-15 11:15:10,S,254.15,1,1
2021-06-15 11:15:10,S,254.1,2,19
2021-06-15 11:15:16,S,255.2,2,35
2021-06-15 11:15:16,S,255.25,2,13
2021-06-15 11:15:16,S,255.3,3,20
2021-06-15 11:15:16,S,255.35,3,21
2021-06-15 11:15:16,S,255.6,1,1
2021-06-15 11:15:16,S,254.25,1,50
2021-06-15 11:15:16,S,254.2,2,109
2021-06-15 11:15:16,S,254.15,1,1
2021-06-15 11:15:16,S,254.1,2,19
2021-06-15 11:15:16,S,254.05,4,84
2021-06-15 11:15:22,S,254.75,1,7
2021-06-15 11:15:22,S,255.0,2,47
2021-06-15 11:15:22,S,255.05,2,19
2021-06-15 11:15:22,S,255.2,2,18
2021-06-15 11:15:22,S,255.25,2,13
2021-06-15 11:15:22,S,254.25,1,50
2021-06-15 11:15:22,S,254.2,2,109
2021-06-15 11:15:22,S,254.1,1,4
2021-06-15 11:15:22,S,254.05,2,61
2021-06-15 11:15:22,S,254.0,3,522
2021-06-15 11:15:23,S,254.75,1,7
2021-06-15 11:15:23,S,255.0,2,47
2021-06-15 11:15:23,S,255.05,2,19
2021-06-15 11:15:23,S,255.2,2,18
2021-06-15 11:15:23,S,255.25,2,13
2021-06-15 11:15:23,S,254.25,1,50
2021-06-15 11:15:23,S,254.2,2,109
2021-06-15 11:15:23,S,254.1,1,4
2021-06-15 11:15:23,S,254.05,2,61
2021-06-15 11:15:23,S,254.0,3,522
2021-06-15 11:15:30,S,255.0,2,15
2021-06-15 11:15:30,S,255.3,2,41
2021-06-15 11:15:30,S,255.35,2,14
2021-06-15 11:15:30,S,255.4,2,7
2021-06-15 11:15:30,S,255.5,1,3
2021-06-15 11:15:30,S,254.55,1,25
2021-06-15 11:15:30,S,254.25,2,54
2021-06-15 11:15:30,S,254.2,3,127
2021-06-15 11:15:30,S,254.05,3,62
2021-06-15 11:15:30,S,254.0,2,504
2021-06-15 11:15:33,S,255.0,2,15
2021-06-15 11:15:33,S,255.3,2,41
2021-06-15 11:15:33,S,255.35,2,14
2021-06-15 11:15:33,S,255.4,2,7
2021-06-15 11:15:33,S,255.5,1,3
2021-06-15 11:15:33,S,254.55,1,21
2021-06-15 11:15:33,S,254.25,2,54
2021-06-15 11:15:33,S,254.2,3,127
2021-06-15 11:15:33,S,254.05,3,62
2021-06-15 11:15:33,S,254.0,2,504
2021-06-15 11:15:36,S,254.8,2,14
2021-06-15 11:15:36,S,255.05,2,41
2021-06-15 11:15:36,S,255.1,2,10
2021-06-15 11:15:36,S,255.3,1,9
2021-06-15 11:15:36,S,255.35,2,14
2021-06-15 11:15:36,S,254.55,1,21
2021-06-15 11:15:36,S,254.25,2,54
2021-06-15 11:15:36,S,254.2,2,109
2021-06-15 11:15:36,S,254.05,2,61
2021-06-15 11:15:36,S,254.0,2,504
2021-06-15 11:15:38,S,254.8,2,14
2021-06-15 11:15:38,S,255.05,2,41
2021-06-15 11:15:38,S,255.1,2,10
2021-06-15 11:15:38,S,255.3,1,9
2021-06-15 11:15:38,S,255.35,2,14
2021-06-15 11:15:38,S,254.55,1,21
2021-06-15 11:15:38,S,254.25,2,54
2021-06-15 11:15:38,S,254.2,2,109
2021-06-15 11:15:38,S,254.05,2,61
2021-06-15 11:15:38,S,254.0,2,504
2021-06-15 11:15:39,S,255.05,1,32
2021-06-15 11:15:39,S,255.1,2,10
2021-06-15 11:15:39,S,255.35,2,14
2021-06-15 11:15:39,S,255.4,1,3
2021-06-15 11:15:39,S,255.5,1,3
2021-06-15 11:15:39,S,254.55,1,25
2021-06-15 11:15:39,S,254.25,1,50
2021-06-15 11:15:39,S,254.2,3,127
2021-06-15 11:15:39,S,254.05,2,61
2021-06-15 11:15:39,S,254.0,2,504
2021-06-15 11:15:46,S,255.05,2,38
2021-06-15 11:15:46,S,255.1,2,10
2021-06-15 11:15:46,S,255.35,2,14
2021-06-15 11:15:46,S,255.4,1,3
2021-06-15 11:15:46,S,255.5,1,3
2021-06-15 11:15:46,S,254.55,1,25
2021-06-15 11:15:46,S,254.4,1,4
2021-06-15 11:15:46,S,254.25,2,65
2021-06-15 11:15:46,S,254.2,4,131
2021-06-15 11:15:46,S,254.05,2,61
2021-06-15 11:15:49,S,254.8,1,6
2021-06-15 11:15:49,S,255.2,2,47
2021-06-15 11:15:49,S,255.35,2,14
2021-06-15 11:15:49,S,255.4,3,18
2021-06-15 11:15:49,S,255.5,1,3
2021-06-15 11:15:49,S,254.55,1,25
2021-06-15 11:15:49,S,254.45,1,57
2021-06-15 11:15:49,S,254.25,2,65
2021-06-15 11:15:49,S,254.2,4,131
2021-06-15 11:15:49,S,254.05,2,61
2021-06-15 11:15:52,S,254.8,1,6
2021-06-15 11:15:52,S,255.2,2,47
2021-06-15 11:15:52,S,255.35,2,14
2021-06-15 11:15:52,S,255.4,4,38
2021-06-15 11:15:52,S,255.45,1,20
2021-06-15 11:15:52,S,254.55,1,25
2021-06-15 11:15:52,S,254.45,1,57
2021-06-15 11:15:52,S,254.25,2,65
2021-06-15 11:15:52,S,254.2,4,131
2021-06-15 11:15:52,S,254.05,2,61
2021-06-15 11:15:52,S,254.8,1,6
2021-06-15 11:15:52,S,255.2,2,47
2021-06-15 11:15:52,S,255.35,2,14
2021-06-15 11:15:52,S,255.4,4,38
2021-06-15 11:15:52,S,255.45,1,20
2021-06-15 11:15:52,S,254.55,1,25
2021-06-15 11:15:52,S,254.45,1,57
2021-06-15 11:15:52,S,254.25,2,65
2021-06-15 11:15:52,S,254.2,4,131
2021-06-15 11:15:52,S,254.05,2,61
2021-06-15 11:15:55,S,255.1,1,32
2021-06-15 11:15:55,S,255.15,1,15
2021-06-15 11:15:55,S,255.35,2,14
2021-06-15 11:15:55,S,255.4,3,18
2021-06-15 11:15:55,S,255.45,2,21
2021-06-15 11:15:55,S,254.5,1,4
2021-06-15 11:15:55,S,254.25,2,65
2021-06-15 11:15:55,S,254.2,4,131
2021-06-15 11:15:55,S,254.05,2,61
2021-06-15 11:15:55,S,254.0,2,504
2021-06-15 11:16:03,S,255.1,2,37
2021-06-15 11:16:03,S,255.3,2,16
2021-06-15 11:16:03,S,255.35,2,14
2021-06-15 11:16:03,S,255.4,4,38
2021-06-15 11:16:03,S,255.45,1,20
2021-06-15 11:16:03,S,254.25,1,50
2021-06-15 11:16:03,S,254.2,4,131
2021-06-15 11:16:03,S,254.05,3,79
2021-06-15 11:16:03,S,254.0,2,504
2021-06-15 11:16:03,S,253.85,2,27
2021-06-15 11:16:04,S,255.1,2,37
2021-06-15 11:16:04,S,255.3,2,16
2021-06-15 11:16:04,S,255.35,2,14
2021-06-15 11:16:04,S,255.4,4,38
2021-06-15 11:16:04,S,255.45,1,20
2021-06-15 11:16:04,S,254.25,1,50
2021-06-15 11:16:04,S,254.2,4,131
2021-06-15 11:16:04,S,254.05,3,79
2021-06-15 11:16:04,S,254.0,2,504
2021-06-15 11:16:04,S,253.85,2,27
2021-06-15 11:16:05,S,254.7,1,5
2021-06-15 11:16:05,S,255.1,2,47
2021-06-15 11:16:05,S,255.15,1,6
2021-06-15 11:16:05,S,255.35,2,14
2021-06-15 11:16:05,S,255.4,4,19
2021-06-15 11:16:05,S,254.25,2,60
2021-06-15 11:16:05,S,254.2,3,127
2021-06-15 11:16:05,S,254.05,3,79
2021-06-15 11:16:05,S,254.0,2,504
2021-06-15 11:16:05,S,253.85,2,27
2021-06-15 11:16:08,S,255.1,1,32
2021-06-15 11:16:08,S,255.15,3,22
2021-06-15 11:16:08,S,255.25,2,9
2021-06-15 11:16:08,S,255.35,3,17
2021-06-15 11:16:08,S,255.4,2,14
2021-06-15 11:16:08,S,254.25,1,6
2021-06-15 11:16:08,S,254.2,3,127
2021-06-15 11:16:08,S,254.1,2,19
2021-06-15 11:16:08,S,254.05,3,79
2021-06-15 11:16:08,S,254.0,2,504
2021-06-15 11:16:14,S,255.1,1,32
2021-06-15 11:16:14,S,255.15,3,22
2021-06-15 11:16:14,S,255.25,2,9
2021-06-15 11:16:14,S,255.35,3,17
2021-06-15 11:16:14,S,255.4,2,14
2021-06-15 11:16:14,S,254.25,2,10
2021-06-15 11:16:14,S,254.2,3,127
2021-06-15 11:16:14,S,254.1,2,19
2021-06-15 11:16:14,S,254.05,3,79
2021-06-15 11:16:14,S,254.0,3,524
2021-06-15 11:16:18,S,255.1,2,39
2021-06-15 11:16:18,S,255.15,2,19
2021-06-15 11:16:18,S,255.25,2,9
2021-06-15 11:16:18,S,255.35,3,17
2021-06-15 11:16:18,S,255.4,3,34
2021-06-15 11:16:18,S,254.25,2,10
2021-06-15 11:16:18,S,254.2,3,127
2021-06-15 11:16:18,S,254.1,2,19
2021-06-15 11:16:18,S,254.05,3,79
2021-06-15 11:16:18,S,254.0,3,524
2021-06-15 11:16:21,S,254.7,1,7
2021-06-15 11:16:21,S,255.1,2,47
2021-06-15 11:16:21,S,255.15,2,19
2021-06-15 11:16:21,S,255.25,2,9
2021-06-15 11:16:21,S,255.35,3,17
2021-06-15 11:16:21,S,254.25,2,15
2021-06-15 11:16:21,S,254.2,3,127
2021-06-15 11:16:21,S,254.05,3,79
2021-06-15 11:16:21,S,254.0,3,524
2021-06-15 11:16:21,S,253.85,2,27
2021-06-15 11:16:23,S,254.7,1,7
2021-06-15 11:16:23,S,255.1,2,47
2021-06-15 11:16:23,S,255.15,2,19
2021-06-15 11:16:23,S,255.25,2,9
2021-06-15 11:16:23,S,255.35,3,17
2021-06-15 11:16:23,S,254.25,2,15
2021-06-15 11:16:23,S,254.2,3,127
2021-06-15 11:16:23,S,254.05,3,79
2021-06-15 11:16:23,S,254.0,3,524
2021-06-15 11:16:23,S,253.85,2,27
2021-06-15 11:16:25,S,255.1,1,32
2021-06-15 11:16:25,S,255.15,2,19
2021-06-15 11:16:25,S,255.25,2,9
2021-06-15 11:16:25,S,255.35,3,17
2021-06-15 11:16:25,S,255.4,3,34
2021-06-15 11:16:25,S,254.25,1,2
2021-06-15 11:16:25,S,254.2,3,113
2021-06-15 11:16:25,S,254.1,2,19
2021-06-15 11:16:25,S,254.05,3,79
2021-06-15 11:16:25,S,254.0,3,524
2021-06-15 11:16:27,S,255.1,1,32
2021-06-15 11:16:27,S,255.15,2,19
2021-06-15 11:16:27,S,255.25,2,9
2021-06-15 11:16:27,S,255.35,3,17
2021-06-15 11:16:27,S,255.4,3,34
2021-06-15 11:16:27,S,254.25,1,2
2021-06-15 11:16:27,S,254.2,3,113
2021-06-15 11:16:27,S,254.1,2,19
2021-06-15 11:16:27,S,254.05,3,79
2021-06-15 11:16:27,S,254.0,3,524
2021-06-15 11:16:28,S,255.3,2,25
2021-06-15 11:16:28,S,255.35,2,14
2021-06-15 11:16:28,S,255.45,2,24
2021-06-15 11:16:28,S,255.5,1,3
2021-06-15 11:16:28,S,255.6,2,4
2021-06-15 11:16:28,S,254.5,1,4
2021-06-15 11:16:28,S,254.45,1,54
2021-06-15 11:16:28,S,254.3,2,19
2021-06-15 11:16:28,S,254.25,3,120
2021-06-15 11:16:28,S,254.2,3,28
2021-06-15 11:16:31,S,255.3,3,31
2021-06-15 11:16:31,S,255.45,3,26
2021-06-15 11:16:31,S,255.5,2,13
2021-06-15 11:16:31,S,255.6,1,3
2021-06-15 11:16:31,S,255.65,3,21
2021-06-15 11:16:31,S,254.5,2,8
2021-06-15 11:16:31,S,254.45,1,54
2021-06-15 11:16:31,S,254.3,2,19
2021-06-15 11:16:31,S,254.25,3,120
2021-06-15 11:16:31,S,254.2,3,28
2021-06-15 11:16:34,S,255.3,3,31
2021-06-15 11:16:34,S,255.45,3,26
2021-06-15 11:16:34,S,255.5,2,13
2021-06-15 11:16:34,S,255.6,1,3
2021-06-15 11:16:34,S,255.65,3,21
2021-06-15 11:16:34,S,254.5,2,8
2021-06-15 11:16:34,S,254.45,1,54
2021-06-15 11:16:34,S,254.3,2,19
2021-06-15 11:16:34,S,254.25,3,120
2021-06-15 11:16:34,S,254.2,3,28
2021-06-15 11:16:37,S,254.9,1,6
2021-06-15 11:16:37,S,255.3,2,25
2021-06-15 11:16:37,S,255.45,3,26
2021-06-15 11:16:37,S,255.5,2,13
2021-06-15 11:16:37,S,255.6,1,3
2021-06-15 11:16:37,S,254.5,1,4
2021-06-15 11:16:37,S,254.45,1,54
2021-06-15 11:16:37,S,254.25,3,120
2021-06-15 11:16:37,S,254.2,3,28
2021-06-15 11:16:37,S,254.1,1,20
2021-06-15 11:16:38,S,254.9,1,6
2021-06-15 11:16:38,S,255.3,2,25
2021-06-15 11:16:38,S,255.45,3,26
2021-06-15 11:16:38,S,255.5,2,13
2021-06-15 11:16:38,S,255.6,1,3
2021-06-15 11:16:38,S,254.5,1,4
2021-06-15 11:16:38,S,254.45,1,54
2021-06-15 11:16:38,S,254.25,3,120
2021-06-15 11:16:38,S,254.2,3,28
2021-06-15 11:16:38,S,254.1,1,20
2021-06-15 11:16:39,S,254.5,1,5
2021-06-15 11:16:39,S,255.05,2,31
2021-06-15 11:16:39,S,255.1,2,19
2021-06-15 11:16:39,S,255.25,1,1
2021-06-15 11:16:39,S,255.45,3,26
2021-06-15 11:16:39,S,254.25,2,102
2021-06-15 11:16:39,S,254.2,3,28
2021-06-15 11:16:39,S,254.05,3,79
2021-06-15 11:16:39,S,254.0,3,524
2021-06-15 11:16:39,S,253.85,2,27
2021-06-15 11:16:42,S,254.5,1,5
2021-06-15 11:16:42,S,255.05,2,31
2021-06-15 11:16:42,S,255.1,2,19
2021-06-15 11:16:42,S,255.25,1,1
2021-06-15 11:16:42,S,255.45,3,26
2021-06-15 11:16:42,S,254.25,2,102
2021-06-15 11:16:42,S,254.2,3,28
2021-06-15 11:16:42,S,254.05,3,79
2021-06-15 11:16:42,S,254.0,3,524
2021-06-15 11:16:42,S,253.85,2,27
2021-06-15 11:16:42,S,255.15,2,22
2021-06-15 11:16:42,S,255.2,2,9
2021-06-15 11:16:42,S,255.45,3,26
2021-06-15 11:16:42,S,255.5,2,13
2021-06-15 11:16:42,S,255.55,1,1
2021-06-15 11:16:42,S,254.45,1,49
2021-06-15 11:16:42,S,254.25,3,157
2021-06-15 11:16:42,S,254.2,2,24
2021-06-15 11:16:42,S,254.1,1,1
2021-06-15 11:16:42,S,254.05,3,79
2021-06-15 11:16:45,S,255.15,3,28
2021-06-15 11:16:45,S,255.4,2,29
2021-06-15 11:16:45,S,255.45,3,26
2021-06-15 11:16:45,S,255.5,2,13
2021-06-15 11:16:45,S,255.55,1,1
2021-06-15 11:16:45,S,254.45,1,49
2021-06-15 11:16:45,S,254.25,3,157
2021-06-15 11:16:45,S,254.2,2,24
2021-06-15 11:16:45,S,254.1,1,1
2021-06-15 11:16:45,S,254.05,3,79
2021-06-15 11:16:48,S,255.15,3,28
2021-06-15 11:16:48,S,255.4,2,29
2021-06-15 11:16:48,S,255.45,2,22
2021-06-15 11:16:48,S,255.5,2,13
2021-06-15 11:16:48,S,255.6,1,3
2021-06-15 11:16:48,S,254.45,1,49
2021-06-15 11:16:48,S,254.25,3,157
2021-06-15 11:16:48,S,254.2,2,24
2021-06-15 11:16:48,S,254.05,3,79
2021-06-15 11:16:48,S,254.0,2,520
2021-06-15 11:16:49,S,255.15,3,28
2021-06-15 11:16:49,S,255.4,2,29
2021-06-15 11:16:49,S,255.45,2,22
2021-06-15 11:16:49,S,255.5,2,13
2021-06-15 11:16:49,S,255.6,1,3
2021-06-15 11:16:49,S,254.45,1,49
2021-06-15 11:16:49,S,254.25,3,157
2021-06-15 11:16:49,S,254.2,2,24
2021-06-15 11:16:49,S,254.05,3,79
2021-06-15 11:16:49,S,254.0,2,520
2021-06-15 11:16:53,S,255.15,2,22
2021-06-15 11:16:53,S,255.25,2,8
2021-06-15 11:16:53,S,255.3,2,17
2021-06-15 11:16:53,S,255.4,3,32
2021-06-15 11:16:53,S,255.45,2,22
2021-06-15 11:16:53,S,254.3,1,4
2021-06-15 11:16:53,S,254.25,3,157
2021-06-15 11:16:53,S,254.2,2,24
2021-06-15 11:16:53,S,254.1,1,4
2021-06-15 11:16:53,S,254.05,3,79
2021-06-15 11:17:00,S,255.15,2,22
2021-06-15 11:17:00,S,255.2,2,8
2021-06-15 11:17:00,S,255.3,2,17
2021-06-15 11:17:00,S,255.4,3,32
2021-06-15 11:17:00,S,255.45,2,22
2021-06-15 11:17:00,S,254.25,2,142
2021-06-15 11:17:00,S,254.2,2,24
2021-06-15 11:17:00,S,254.1,3,27
2021-06-15 11:17:00,S,254.05,4,83
2021-06-15 11:17:00,S,254.0,3,525
2021-06-15 11:17:03,S,255.15,3,29
2021-06-15 11:17:03,S,255.2,2,11
2021-06-15 11:17:03,S,255.25,2,6
2021-06-15 11:17:03,S,255.3,2,17
2021-06-15 11:17:03,S,255.4,3,32
2021-06-15 11:17:03,S,254.25,2,142
2021-06-15 11:17:03,S,254.2,2,24
2021-06-15 11:17:03,S,254.1,3,27
2021-06-15 11:17:03,S,254.05,4,83
2021-06-15 11:17:03,S,254.0,3,525
2021-06-15 11:17:07,S,254.7,1,7
2021-06-15 11:17:07,S,254.95,2,29
2021-06-15 11:17:07,S,255.0,2,17
2021-06-15 11:17:07,S,255.2,2,11
2021-06-15 11:17:07,S,255.25,2,6
2021-06-15 11:17:07,S,254.25,2,142
2021-06-15 11:17:07,S,254.2,1,9
2021-06-15 11:17:07,S,254.1,2,22
2021-06-15 11:17:07,S,254.05,4,83
2021-06-15 11:17:07,S,254.0,2,520
2021-06-15 11:17:08,S,254.7,1,7
2021-06-15 11:17:08,S,254.95,2,29
2021-06-15 11:17:08,S,255.0,2,17
2021-06-15 11:17:08,S,255.2,2,11
2021-06-15 11:17:08,S,255.25,2,6
2021-06-15 11:17:08,S,254.25,2,142
2021-06-15 11:17:08,S,254.2,1,9
2021-06-15 11:17:08,S,254.1,2,22
2021-06-15 11:17:08,S,254.05,4,83
2021-06-15 11:17:08,S,254.0,2,520
2021-06-15 11:17:10,S,255.15,2,22
2021-06-15 11:17:10,S,255.2,2,11
2021-06-15 11:17:10,S,255.3,3,21
2021-06-15 11:17:10,S,255.4,3,13
2021-06-15 11:17:10,S,255.45,2,22
2021-06-15 11:17:10,S,254.45,1,1
2021-06-15 11:17:10,S,254.3,1,4
2021-06-15 11:17:10,S,254.25,2,84
2021-06-15 11:17:10,S,254.2,1,9
2021-06-15 11:17:10,S,254.1,3,23
2021-06-15 11:17:16,S,255.15,3,27
2021-06-15 11:17:16,S,255.3,3,21
2021-06-15 11:17:16,S,255.4,4,33
2021-06-15 11:17:16,S,255.45,2,22
2021-06-15 11:17:16,S,255.5,3,17
2021-06-15 11:17:16,S,254.45,1,1
2021-06-15 11:17:16,S,254.3,1,4
2021-06-15 11:17:16,S,254.25,2,84
2021-06-15 11:17:16,S,254.2,1,9
2021-06-15 11:17:16,S,254.1,2,22
2021-06-15 11:17:19,S,255.15,3,27
2021-06-15 11:17:19,S,255.3,3,21
2021-06-15 11:17:19,S,255.4,4,33
2021-06-15 11:17:19,S,255.45,2,22
2021-06-15 11:17:19,S,255.5,3,17
2021-06-15 11:17:19,S,254.45,1,1
2021-06-15 11:17:19,S,254.35,1,40
2021-06-15 11:17:19,S,254.3,1,4
2021-06-15 11:17:19,S,254.25,2,84
2021-06-15 11:17:19,S,254.2,1,9
2021-06-15 11:17:22,S,254.8,1,5
2021-06-15 11:17:22,S,255.15,2,22
2021-06-15 11:17:22,S,255.3,2,17
2021-06-15 11:17:22,S,255.4,3,13
2021-06-15 11:17:22,S,255.45,2,22
2021-06-15 11:17:22,S,254.45,2,57
2021-06-15 11:17:22,S,254.35,1,40
2021-06-15 11:17:22,S,254.3,1,4
2021-06-15 11:17:22,S,254.25,2,84
2021-06-15 11:17:22,S,254.2,1,9
2021-06-15 11:17:23,S,254.8,1,5
2021-06-15 11:17:23,S,255.15,2,22
2021-06-15 11:17:23,S,255.3,2,17
2021-06-15 11:17:23,S,255.4,3,13
2021-06-15 11:17:23,S,255.45,2,22
2021-06-15 11:17:23,S,254.45,2,57
2021-06-15 11:17:23,S,254.35,1,40
2021-06-15 11:17:23,S,254.3,1,4
2021-06-15 11:17:23,S,254.25,2,84
2021-06-15 11:17:23,S,254.2,1,9
2021-06-15 11:17:24,S,255.15,2,22
2021-06-15 11:17:24,S,255.25,2,18
2021-06-15 11:17:24,S,255.3,3,21
2021-06-15 11:17:24,S,255.35,1,1
2021-06-15 11:17:24,S,255.4,2,12
2021-06-15 11:17:24,S,254.45,1,12
2021-06-15 11:17:24,S,254.35,1,40
2021-06-15 11:17:24,S,254.3,1,4
2021-06-15 11:17:24,S,254.25,3,102
2021-06-15 11:17:24,S,254.2,1,9
2021-06-15 11:17:30,S,255.45,2,22
2021-06-15 11:17:30,S,255.5,2,14
2021-06-15 11:17:30,S,255.85,1,4
2021-06-15 11:17:30,S,255.9,2,23
2021-06-15 11:17:30,S,255.95,1,56
2021-06-15 11:17:30,S,255.05,1,8
2021-06-15 11:17:30,S,254.5,1,16
2021-06-15 11:17:30,S,254.45,1,48
2021-06-15 11:17:30,S,254.25,3,75
2021-06-15 11:17:30,S,254.2,1,9
2021-06-15 11:17:30,S,255.45,2,22
2021-06-15 11:17:30,S,255.5,2,14
2021-06-15 11:17:30,S,255.85,1,4
2021-06-15 11:17:30,S,255.9,2,23
2021-06-15 11:17:30,S,255.95,1,56
2021-06-15 11:17:30,S,255.05,1,8
2021-06-15 11:17:30,S,254.5,1,16
2021-06-15 11:17:30,S,254.45,1,48
2021-06-15 11:17:30,S,254.25,3,75
2021-06-15 11:17:30,S,254.2,1,9
2021-06-15 11:17:33,S,255.4,2,25
2021-06-15 11:17:33,S,255.45,3,29
2021-06-15 11:17:33,S,255.85,2,8
2021-06-15 11:17:33,S,255.9,2,23
2021-06-15 11:17:33,S,255.95,1,56
2021-06-15 11:17:33,S,255.05,1,8
2021-06-15 11:17:33,S,254.5,1,16
2021-06-15 11:17:33,S,254.45,1,48
2021-06-15 11:17:33,S,254.3,1,4
2021-06-15 11:17:33,S,254.25,4,80
2021-06-15 11:17:33,S,255.4,2,25
2021-06-15 11:17:33,S,255.45,3,29
2021-06-15 11:17:33,S,255.85,2,8
2021-06-15 11:17:33,S,255.9,2,23
2021-06-15 11:17:33,S,255.95,1,56
2021-06-15 11:17:33,S,255.05,1,8
2021-06-15 11:17:33,S,254.5,1,16
2021-06-15 11:17:33,S,254.45,1,48
2021-06-15 11:17:33,S,254.3,1,4
2021-06-15 11:17:33,S,254.25,4,80
2021-06-15 11:17:36,S,255.25,2,57
2021-06-15 11:17:36,S,255.4,2,32
2021-06-15 11:17:36,S,255.45,2,22
2021-06-15 11:17:36,S,255.55,1,8
2021-06-15 11:17:36,S,255.85,2,8
2021-06-15 11:17:36,S,255.05,1,8
2021-06-15 11:17:36,S,254.85,1,52
2021-06-15 11:17:36,S,254.7,1,16
2021-06-15 11:17:36,S,254.65,1,4
2021-06-15 11:17:36,S,254.45,1,48
2021-06-15 11:17:38,S,255.25,2,57
2021-06-15 11:17:38,S,255.4,2,32
2021-06-15 11:17:38,S,255.45,2,22
2021-06-15 11:17:38,S,255.55,1,8
2021-06-15 11:17:38,S,255.85,2,8
2021-06-15 11:17:38,S,255.05,1,8
2021-06-15 11:17:38,S,254.85,1,52
2021-06-15 11:17:38,S,254.7,1,16
2021-06-15 11:17:38,S,254.65,1,4
2021-06-15 11:17:38,S,254.45,1,48
2021-06-15 11:17:39,S,255.05,1,7
2021-06-15 11:17:39,S,255.25,2,62
2021-06-15 11:17:39,S,255.45,3,26
2021-06-15 11:17:39,S,255.6,1,1
2021-06-15 11:17:39,S,255.65,1,4
2021-06-15 11:17:39,S,254.5,1,16
2021-06-15 11:17:39,S,254.45,1,48
2021-06-15 11:17:39,S,254.3,2,22
2021-06-15 11:17:39,S,254.25,5,110
2021-06-15 11:17:39,S,254.2,1,9
2021-06-15 11:17:42,S,255.05,1,7
2021-06-15 11:17:42,S,255.25,2,62
2021-06-15 11:17:42,S,255.45,3,26
2021-06-15 11:17:42,S,255.6,1,1
2021-06-15 11:17:42,S,255.65,1,4
2021-06-15 11:17:42,S,254.5,1,16
2021-06-15 11:17:42,S,254.45,1,48
2021-06-15 11:17:42,S,254.3,2,22
2021-06-15 11:17:42,S,254.25,4,105
2021-06-15 11:17:42,S,254.2,1,9
2021-06-15 11:17:44,S,255.2,3,34
2021-06-15 11:17:44,S,255.25,2,60
2021-06-15 11:17:44,S,255.45,3,26
2021-06-15 11:17:44,S,255.6,2,6
2021-06-15 11:17:44,S,255.65,1,4
2021-06-15 11:17:44,S,254.55,1,16
2021-06-15 11:17:44,S,254.5,1,4
2021-06-15 11:17:44,S,254.45,1,48
2021-06-15 11:17:44,S,254.3,1,4
2021-06-15 11:17:44,S,254.25,4,105
2021-06-15 11:17:47,S,255.2,4,40
2021-06-15 11:17:47,S,255.25,2,60
2021-06-15 11:17:47,S,255.45,3,26
2021-06-15 11:17:47,S,255.55,1,1
2021-06-15 11:17:47,S,255.65,1,4
2021-06-15 11:17:47,S,254.5,1,16
2021-06-15 11:17:47,S,254.45,1,48
2021-06-15 11:17:47,S,254.3,1,4
2021-06-15 11:17:47,S,254.25,3,87
2021-06-15 11:17:47,S,254.2,1,9
2021-06-15 11:17:49,S,255.2,4,40
2021-06-15 11:17:49,S,255.25,2,60
2021-06-15 11:17:49,S,255.45,3,26
2021-06-15 11:17:49,S,255.55,1,1
2021-06-15 11:17:49,S,255.65,1,4
2021-06-15 11:17:49,S,254.5,1,16
2021-06-15 11:17:49,S,254.45,1,48
2021-06-15 11:17:49,S,254.3,1,4
2021-06-15 11:17:49,S,254.25,3,87
2021-06-15 11:17:49,S,254.2,1,9
2021-06-15 11:17:50,S,254.85,1,6
2021-06-15 11:17:50,S,255.2,4,38
2021-06-15 11:17:50,S,255.25,2,60
2021-06-15 11:17:50,S,255.45,3,26
2021-06-15 11:17:50,S,255.55,1,1
2021-06-15 11:17:50,S,254.5,1,16
2021-06-15 11:17:50,S,254.45,1,48
2021-06-15 11:17:50,S,254.3,2,22
2021-06-15 11:17:50,S,254.25,3,87
2021-06-15 11:17:50,S,254.2,1,9
2021-06-15 11:17:53,S,255.15,2,30
2021-06-15 11:17:53,S,255.25,2,60
2021-06-15 11:17:53,S,255.45,3,26
2021-06-15 11:17:53,S,255.6,1,1
2021-06-15 11:17:53,S,255.65,1,4
2021-06-15 11:17:53,S,254.3,1,4
2021-06-15 11:17:53,S,254.25,3,87
2021-06-15 11:17:53,S,254.2,2,27
2021-06-15 11:17:53,S,254.15,1,1
2021-06-15 11:17:53,S,254.1,2,22
2021-06-15 11:17:56,S,255.2,2,20
2021-06-15 11:17:56,S,255.25,2,60
2021-06-15 11:17:56,S,255.4,2,11
2021-06-15 11:17:56,S,255.45,3,26
2021-06-15 11:17:56,S,255.65,1,4
2021-06-15 11:17:56,S,254.25,3,87
2021-06-15 11:17:56,S,254.2,1,9
2021-06-15 11:17:56,S,254.15,1,4
2021-06-15 11:17:56,S,254.1,2,23
2021-06-15 11:17:56,S,254.05,4,131
2021-06-15 11:18:03,S,255.15,2,20
2021-06-15 11:18:03,S,255.2,2,10
2021-06-15 11:18:03,S,255.25,3,64
2021-06-15 11:18:03,S,255.4,2,27
2021-06-15 11:18:03,S,255.45,3,26
2021-06-15 11:18:03,S,254.5,1,30
2021-06-15 11:18:03,S,254.25,3,61
2021-06-15 11:18:03,S,254.2,2,27
2021-06-15 11:18:03,S,254.1,3,27
2021-06-15 11:18:03,S,254.05,5,135
2021-06-15 11:18:03,S,255.15,2,20
2021-06-15 11:18:03,S,255.2,2,10
2021-06-15 11:18:03,S,255.25,3,64
2021-06-15 11:18:03,S,255.4,2,27
2021-06-15 11:18:03,S,255.45,3,26
2021-06-15 11:18:03,S,254.5,1,30
2021-06-15 11:18:03,S,254.25,3,61
2021-06-15 11:18:03,S,254.2,2,27
2021-06-15 11:18:03,S,254.1,3,27
2021-06-15 11:18:03,S,254.05,5,135
2021-06-15 11:18:06,S,254.85,1,6
2021-06-15 11:18:06,S,255.15,2,20
2021-06-15 11:18:06,S,255.2,1,4
2021-06-15 11:18:06,S,255.25,2,60
2021-06-15 11:18:06,S,255.4,2,27
2021-06-15 11:18:06,S,254.5,1,30
2021-06-15 11:18:06,S,254.45,1,58
2021-06-15 11:18:06,S,254.25,3,61
2021-06-15 11:18:06,S,254.2,2,27
2021-06-15 11:18:06,S,254.1,2,23
2021-06-15 11:18:08,S,254.85,1,6
2021-06-15 11:18:08,S,255.15,2,20
2021-06-15 11:18:08,S,255.2,1,4
2021-06-15 11:18:08,S,255.25,2,60
2021-06-15 11:18:08,S,255.4,2,27
2021-06-15 11:18:08,S,254.5,1,30
2021-06-15 11:18:08,S,254.45,1,58
2021-06-15 11:18:08,S,254.25,3,61
2021-06-15 11:18:08,S,254.2,2,27
2021-06-15 11:18:08,S,254.1,2,23
2021-06-15 11:18:09,S,255.15,2,20
2021-06-15 11:18:09,S,255.2,1,4
2021-06-15 11:18:09,S,255.25,2,60
2021-06-15 11:18:09,S,255.4,1,7
2021-06-15 11:18:09,S,255.45,3,26
2021-06-15 11:18:09,S,254.45,1,4
2021-06-15 11:18:09,S,254.25,3,61
2021-06-15 11:18:09,S,254.2,2,27
2021-06-15 11:18:09,S,254.15,1,1
2021-06-15 11:18:09,S,254.1,1,18
2021-06-15 11:18:13,S,255.15,2,20
2021-06-15 11:18:13,S,255.2,1,4
2021-06-15 11:18:13,S,255.25,2,60
2021-06-15 11:18:13,S,255.4,1,7
2021-06-15 11:18:13,S,255.45,3,26
2021-06-15 11:18:13,S,254.45,1,4
2021-06-15 11:18:13,S,254.25,3,61
2021-06-15 11:18:13,S,254.2,2,27
2021-06-15 11:18:13,S,254.15,1,1
2021-06-15 11:18:13,S,254.1,1,18
2021-06-15 11:18:15,S,255.1,2,20
2021-06-15 11:18:15,S,255.15,2,14
2021-06-15 11:18:15,S,255.4,2,12
2021-06-15 11:18:15,S,255.45,2,22
2021-06-15 11:18:15,S,255.6,2,17
2021-06-15 11:18:15,S,254.5,1,10
2021-06-15 11:18:15,S,254.45,2,53
2021-06-15 11:18:15,S,254.25,4,79
2021-06-15 11:18:15,S,254.2,3,32
2021-06-15 11:18:15,S,254.15,1,3
2021-06-15 11:18:18,S,255.1,2,20
2021-06-15 11:18:18,S,255.15,2,14
2021-06-15 11:18:18,S,255.4,2,12
2021-06-15 11:18:18,S,255.45,2,22
2021-06-15 11:18:18,S,255.65,1,4
2021-06-15 11:18:18,S,254.85,1,1
2021-06-15 11:18:18,S,254.5,1,10
2021-06-15 11:18:18,S,254.45,2,53
2021-06-15 11:18:18,S,254.25,3,61
2021-06-15 11:18:18,S,254.2,3,32
2021-06-15 11:18:21,S,255.0,2,10
2021-06-15 11:18:21,S,255.1,2,20
2021-06-15 11:18:21,S,255.4,3,32
2021-06-15 11:18:21,S,255.45,2,22
2021-06-15 11:18:21,S,255.65,1,4
2021-06-15 11:18:21,S,254.85,1,1
2021-06-15 11:18:21,S,254.5,1,10
2021-06-15 11:18:21,S,254.45,2,53
2021-06-15 11:18:21,S,254.25,3,61
2021-06-15 11:18:21,S,254.2,3,32
2021-06-15 11:18:22,S,255.0,2,10
2021-06-15 11:18:22,S,255.1,2,20
2021-06-15 11:18:22,S,255.4,3,32
2021-06-15 11:18:22,S,255.45,2,22
2021-06-15 11:18:22,S,255.65,1,4
2021-06-15 11:18:22,S,254.85,1,1
2021-06-15 11:18:22,S,254.5,1,10
2021-06-15 11:18:22,S,254.45,2,53
2021-06-15 11:18:22,S,254.25,3,61
2021-06-15 11:18:22,S,254.2,3,32
2021-06-15 11:18:24,S,254.85,1,6
2021-06-15 11:18:24,S,254.95,2,27
2021-06-15 11:18:24,S,255.4,2,12
2021-06-15 11:18:24,S,255.45,2,22
2021-06-15 11:18:24,S,255.6,1,1
2021-06-15 11:18:24,S,254.25,2,57
2021-06-15 11:18:24,S,254.2,1,9
2021-06-15 11:18:24,S,254.1,2,23
2021-06-15 11:18:24,S,254.05,5,135
2021-06-15 11:18:24,S,254.0,4,575
2021-06-15 11:18:27,S,254.85,1,6
2021-06-15 11:18:27,S,254.95,2,27
2021-06-15 11:18:27,S,255.4,2,12
2021-06-15 11:18:27,S,255.45,2,22
2021-06-15 11:18:27,S,255.6,1,1
2021-06-15 11:18:27,S,254.25,2,57
2021-06-15 11:18:27,S,254.2,1,9
2021-06-15 11:18:27,S,254.1,2,23
2021-06-15 11:18:27,S,254.05,5,135
2021-06-15 11:18:27,S,254.0,4,575
2021-06-15 11:18:29,S,255.0,2,20
2021-06-15 11:18:29,S,255.3,3,13
2021-06-15 11:18:29,S,255.35,2,7
2021-06-15 11:18:29,S,255.4,3,15
2021-06-15 11:18:29,S,255.45,3,25
2021-06-15 11:18:29,S,254.35,1,13
2021-06-15 11:18:29,S,254.25,2,54
2021-06-15 11:18:29,S,254.2,1,9
2021-06-15 11:18:29,S,254.1,1,5
2021-06-15 11:18:29,S,254.05,4,117
2021-06-15 11:18:32,S,255.0,3,27
2021-06-15 11:18:32,S,255.2,2,11
2021-06-15 11:18:32,S,255.25,2,12
2021-06-15 11:18:32,S,255.3,2,10
2021-06-15 11:18:32,S,255.35,2,7
2021-06-15 11:18:32,S,254.25,2,54
2021-06-15 11:18:32,S,254.2,1,9
2021-06-15 11:18:32,S,254.1,1,5
2021-06-15 11:18:32,S,254.05,4,117
2021-06-15 11:18:32,S,254.0,4,575
2021-06-15 11:18:34,S,255.0,3,27
2021-06-15 11:18:34,S,255.2,2,11
2021-06-15 11:18:34,S,255.25,2,12
2021-06-15 11:18:34,S,255.3,2,10
2021-06-15 11:18:34,S,255.35,2,7
2021-06-15 11:18:34,S,254.25,2,54
2021-06-15 11:18:34,S,254.2,1,9
2021-06-15 11:18:34,S,254.1,1,5
2021-06-15 11:18:34,S,254.05,4,117
2021-06-15 11:18:34,S,254.0,4,575
2021-06-15 11:18:34,S,254.65,1,7
2021-06-15 11:18:34,S,255.0,2,20
2021-06-15 11:18:34,S,255.2,2,11
2021-06-15 11:18:34,S,255.3,2,10
2021-06-15 11:18:34,S,255.35,3,10
2021-06-15 11:18:34,S,254.25,1,50
2021-06-15 11:18:34,S,254.2,2,21
2021-06-15 11:18:34,S,254.05,5,135
2021-06-15 11:18:34,S,254.0,3,570
2021-06-15 11:18:34,S,253.9,1,5
2021-06-15 11:18:38,S,254.65,1,7
2021-06-15 11:18:38,S,255.0,2,20
2021-06-15 11:18:38,S,255.2,2,11
2021-06-15 11:18:38,S,255.3,2,10
2021-06-15 11:18:38,S,255.35,3,10
2021-06-15 11:18:38,S,254.25,1,50
2021-06-15 11:18:38,S,254.2,2,21
2021-06-15 11:18:38,S,254.05,5,135
2021-06-15 11:18:38,S,254.0,3,570
2021-06-15 11:18:38,S,253.9,1,5
2021-06-15 11:18:40,S,255.0,2,21
2021-06-15 11:18:40,S,255.2,2,11
2021-06-15 11:18:40,S,255.3,2,10
2021-06-15 11:18:40,S,255.35,2,7
2021-06-15 11:18:40,S,255.4,3,15
2021-06-15 11:18:40,S,254.35,1,12
2021-06-15 11:18:40,S,254.25,2,16
2021-06-15 11:18:40,S,254.2,1,9
2021-06-15 11:18:40,S,254.1,1,20
2021-06-15 11:18:40,S,254.05,5,135
2021-06-15 11:18:46,S,255.0,3,28
2021-06-15 11:18:46,S,255.2,2,11
2021-06-15 11:18:46,S,255.25,2,8
2021-06-15 11:18:46,S,255.3,2,10
2021-06-15 11:18:46,S,255.35,2,7
2021-06-15 11:18:46,S,254.35,1,13
2021-06-15 11:18:46,S,254.25,2,16
2021-06-15 11:18:46,S,254.2,1,9
2021-06-15 11:18:46,S,254.1,1,20
2021-06-15 11:18:46,S,254.05,5,135
2021-06-15 11:18:49,S,255.0,3,28
2021-06-15 11:18:49,S,255.2,2,11
2021-06-15 11:18:49,S,255.25,2,8
2021-06-15 11:18:49,S,255.3,2,10
2021-06-15 11:18:49,S,255.35,2,7
2021-06-15 11:18:49,S,254.35,1,13
2021-06-15 11:18:49,S,254.25,2,16
2021-06-15 11:18:49,S,254.2,1,9
2021-06-15 11:18:49,S,254.1,1,20
2021-06-15 11:18:49,S,254.05,5,135
2021-06-15 11:18:51,S,255.0,3,28
2021-06-15 11:18:51,S,255.2,2,11
2021-06-15 11:18:51,S,255.25,2,8
2021-06-15 11:18:51,S,255.3,2,10
2021-06-15 11:18:51,S,255.35,2,7
2021-06-15 11:18:51,S,254.35,1,13
2021-06-15 11:18:51,S,254.25,2,16
2021-06-15 11:18:51,S,254.2,1,9
2021-06-15 11:18:51,S,254.1,1,20
2021-06-15 11:18:51,S,254.05,5,135
2021-06-15 11:18:51,S,255.7,2,21
2021-06-15 11:18:51,S,256.0,3,249
2021-06-15 11:18:51,S,256.2,1,1
2021-06-15 11:18:51,S,256.3,1,1
2021-06-15 11:18:51,S,256.35,1,49
2021-06-15 11:18:51,S,254.85,1,16
2021-06-15 11:18:51,S,254.8,2,6
2021-06-15 11:18:51,S,254.5,2,19
2021-06-15 11:18:51,S,254.45,1,56
2021-06-15 11:18:51,S,254.3,1,4
2021-06-15 11:18:54,S,255.7,2,21
2021-06-15 11:18:54,S,255.95,2,28
2021-06-15 11:18:54,S,256.0,3,249
2021-06-15 11:18:54,S,256.3,1,12
2021-06-15 11:18:54,S,256.35,2,55
2021-06-15 11:18:54,S,254.85,2,20
2021-06-15 11:18:54,S,254.8,2,6
2021-06-15 11:18:54,S,254.5,2,19
2021-06-15 11:18:54,S,254.45,1,56
2021-06-15 11:18:54,S,254.3,1,4
2021-06-15 11:19:00,S,255.6,2,21
2021-06-15 11:19:00,S,255.7,2,13
2021-06-15 11:19:00,S,255.95,2,11
2021-06-15 11:19:00,S,256.0,3,249
2021-06-15 11:19:00,S,256.15,1,3
2021-06-15 11:19:00,S,255.05,1,16
2021-06-15 11:19:00,S,255.0,1,40
2021-06-15 11:19:00,S,254.85,3,73
2021-06-15 11:19:00,S,254.8,2,6
2021-06-15 11:19:00,S,254.5,2,19
2021-06-15 11:19:04,S,255.6,2,21
2021-06-15 11:19:04,S,255.7,2,13
2021-06-15 11:19:04,S,255.95,2,11
2021-06-15 11:19:04,S,256.0,3,249
2021-06-15 11:19:04,S,256.15,1,3
2021-06-15 11:19:04,S,255.05,1,16
2021-06-15 11:19:04,S,255.0,1,40
2021-06-15 11:19:04,S,254.85,3,73
2021-06-15 11:19:04,S,254.8,2,6
2021-06-15 11:19:04,S,254.5,2,19
2021-06-15 11:19:04,S,255.6,2,21
2021-06-15 11:19:04,S,255.7,2,13
2021-06-15 11:19:04,S,255.95,2,11
2021-06-15 11:19:04,S,256.0,3,249
2021-06-15 11:19:04,S,256.15,1,3
2021-06-15 11:19:04,S,255.05,1,16
2021-06-15 11:19:04,S,255.0,1,40
2021-06-15 11:19:04,S,254.85,3,73
2021-06-15 11:19:04,S,254.8,2,6
2021-06-15 11:19:04,S,254.5,2,19
2021-06-15 11:19:06,S,255.35,1,5
2021-06-15 11:19:06,S,255.6,2,6
2021-06-15 11:19:06,S,255.75,2,22
2021-06-15 11:19:06,S,255.85,1,20
2021-06-15 11:19:06,S,255.9,2,39
2021-06-15 11:19:06,S,255.05,1,16
2021-06-15 11:19:06,S,255.0,1,40
2021-06-15 11:19:06,S,254.85,2,19
2021-06-15 11:19:06,S,254.8,2,6
2021-06-15 11:19:06,S,254.5,2,19
2021-06-15 11:19:08,S,255.35,1,5
2021-06-15 11:19:08,S,255.6,2,6
2021-06-15 11:19:08,S,255.75,2,22
2021-06-15 11:19:08,S,255.85,1,20
2021-06-15 11:19:08,S,255.9,2,39
2021-06-15 11:19:08,S,255.05,1,16
2021-06-15 11:19:08,S,255.0,1,40
2021-06-15 11:19:08,S,254.85,2,19
2021-06-15 11:19:08,S,254.8,2,6
2021-06-15 11:19:08,S,254.5,2,19
2021-06-15 11:19:09,S,255.75,2,21
2021-06-15 11:19:09,S,255.9,2,39
2021-06-15 11:19:09,S,256.0,3,249
2021-06-15 11:19:09,S,256.1,1,3
2021-06-15 11:19:09,S,256.15,1,3
2021-06-15 11:19:09,S,255.05,1,16
2021-06-15 11:19:09,S,255.0,1,40
2021-06-15 11:19:09,S,254.75,3,18
2021-06-15 11:19:09,S,254.7,2,22
2021-06-15 11:19:09,S,254.5,2,19
2021-06-15 11:19:15,S,255.75,3,28
2021-06-15 11:19:15,S,255.9,3,42
2021-06-15 11:19:15,S,255.95,1,17
2021-06-15 11:19:15,S,256.0,3,249
2021-06-15 11:19:15,S,256.15,1,3
2021-06-15 11:19:15,S,255.05,1,16
2021-06-15 11:19:15,S,255.0,2,55
2021-06-15 11:19:15,S,254.75,3,18
2021-06-15 11:19:15,S,254.7,2,22
2021-06-15 11:19:15,S,254.5,2,19
2021-06-15 11:19:18,S,255.75,3,28
2021-06-15 11:19:18,S,255.9,3,42
2021-06-15 11:19:18,S,256.0,4,271
2021-06-15 11:19:18,S,256.15,1,3
2021-06-15 11:19:18,S,256.3,1,20
2021-06-15 11:19:18,S,255.05,2,20
2021-06-15 11:19:18,S,255.0,2,55
2021-06-15 11:19:18,S,254.75,3,18
2021-06-15 11:19:18,S,254.7,2,22
2021-06-15 11:19:18,S,254.5,2,19
2021-06-15 11:19:21,S,255.4,1,7
2021-06-15 11:19:21,S,255.75,2,21
2021-06-15 11:19:21,S,255.9,3,42
2021-06-15 11:19:21,S,255.95,1,20
2021-06-15 11:19:21,S,256.0,4,271
2021-06-15 11:19:21,S,255.05,1,16
2021-06-15 11:19:21,S,255.0,2,55
2021-06-15 11:19:21,S,254.9,2,16
2021-06-15 11:19:21,S,254.75,2,15
2021-06-15 11:19:21,S,254.7,2,22
2021-06-15 11:19:23,S,255.4,1,7
2021-06-15 11:19:23,S,255.75,2,21
2021-06-15 11:19:23,S,255.9,3,42
2021-06-15 11:19:23,S,255.95,1,20
2021-06-15 11:19:23,S,256.0,4,271
2021-06-15 11:19:23,S,255.05,1,16
2021-06-15 11:19:23,S,255.0,2,55
2021-06-15 11:19:23,S,254.9,2,16
2021-06-15 11:19:23,S,254.75,2,15
2021-06-15 11:19:23,S,254.7,2,22
2021-06-15 11:19:24,S,255.4,1,7
2021-06-15 11:19:24,S,255.75,2,21
2021-06-15 11:19:24,S,255.9,3,42
2021-06-15 11:19:24,S,255.95,1,20
2021-06-15 11:19:24,S,256.0,4,271
2021-06-15 11:19:24,S,255.05,1,16
2021-06-15 11:19:24,S,255.0,2,55
2021-06-15 11:19:24,S,254.9,2,16
2021-06-15 11:19:24,S,254.75,2,15
2021-06-15 11:19:24,S,254.7,2,22
2021-06-15 11:19:24,S,255.05,1,7
2021-06-15 11:19:24,S,255.65,2,28
2021-06-15 11:19:24,S,255.7,2,16
2021-06-15 11:19:24,S,255.9,3,42
2021-06-15 11:19:24,S,256.0,4,271
2021-06-15 11:19:24,S,255.0,1,40
2021-06-15 11:19:24,S,254.7,2,22
2021-06-15 11:19:24,S,254.5,2,19
2021-06-15 11:19:24,S,254.45,1,56
2021-06-15 11:19:24,S,254.3,1,4
2021-06-15 11:19:27,S,255.65,2,28
2021-06-15 11:19:27,S,255.7,2,16
2021-06-15 11:19:27,S,255.85,2,33
2021-06-15 11:19:27,S,255.9,3,42
2021-06-15 11:19:27,S,256.0,4,271
2021-06-15 11:19:27,S,255.0,1,19
2021-06-15 11:19:27,S,254.9,2,19
2021-06-15 11:19:27,S,254.7,2,22
2021-06-15 11:19:27,S,254.55,1,3
2021-06-15 11:19:27,S,254.5,2,19
2021-06-15 11:19:30,S,255.65,2,28
2021-06-15 11:19:30,S,255.7,2,16
2021-06-15 11:19:30,S,255.85,2,33
2021-06-15 11:19:30,S,255.9,3,42
2021-06-15 11:19:30,S,256.0,4,271
2021-06-15 11:19:30,S,255.0,1,19
2021-06-15 11:19:30,S,254.9,2,19
2021-06-15 11:19:30,S,254.7,2,22
2021-06-15 11:19:30,S,254.55,1,3
2021-06-15 11:19:30,S,254.5,2,19
2021-06-15 11:19:33,S,255.6,2,21
2021-06-15 11:19:33,S,255.65,2,10
2021-06-15 11:19:33,S,255.8,2,22
2021-06-15 11:19:33,S,255.85,2,33
2021-06-15 11:19:33,S,255.9,2,39
2021-06-15 11:19:33,S,255.05,2,22
2021-06-15 11:19:33,S,255.0,2,25
2021-06-15 11:19:33,S,254.9,2,19
2021-06-15 11:19:33,S,254.7,2,22
2021-06-15 11:19:33,S,254.55,1,3
2021-06-15 11:19:36,S,255.35,1,7
2021-06-15 11:19:36,S,255.6,2,21
2021-06-15 11:19:36,S,255.8,2,22
2021-06-15 11:19:36,S,255.85,1,20
2021-06-15 11:19:36,S,255.9,2,39
2021-06-15 11:19:36,S,255.05,1,16
2021-06-15 11:19:36,S,255.0,2,25
2021-06-15 11:19:36,S,254.9,2,19
2021-06-15 11:19:36,S,254.7,2,22
2021-06-15 11:19:36,S,254.5,2,19
2021-06-15 11:19:38,S,255.35,1,7
2021-06-15 11:19:38,S,255.6,2,21
2021-06-15 11:19:38,S,255.8,2,22
2021-06-15 11:19:38,S,255.85,1,20
2021-06-15 11:19:38,S,255.9,2,39
2021-06-15 11:19:38,S,255.05,1,16
2021-06-15 11:19:38,S,255.0,2,25
2021-06-15 11:19:38,S,254.9,2,19
2021-06-15 11:19:38,S,254.7,2,22
2021-06-15 11:19:38,S,254.5,2,19
2021-06-15 11:19:39,S,255.05,1,7
2021-06-15 11:19:39,S,255.4,2,27
2021-06-15 11:19:39,S,255.55,2,15
2021-06-15 11:19:39,S,255.8,2,22
2021-06-15 11:19:39,S,255.85,1,3
2021-06-15 11:19:39,S,254.45,2,57
2021-06-15 11:19:39,S,254.4,1,5
2021-06-15 11:19:39,S,254.3,3,34
2021-06-15 11:19:39,S,254.25,1,12
2021-06-15 11:19:39,S,254.2,2,14
2021-06-15 11:19:42,S,255.05,1,7
2021-06-15 11:19:42,S,255.3,1,16
2021-06-15 11:19:42,S,255.35,2,15
2021-06-15 11:19:42,S,255.4,1,11
2021-06-15 11:19:42,S,255.55,2,15
2021-06-15 11:19:42,S,254.5,2,19
2021-06-15 11:19:42,S,254.45,2,57
2021-06-15 11:19:42,S,254.4,2,23
2021-06-15 11:19:42,S,254.3,3,34
2021-06-15 11:19:42,S,254.25,1,12
2021-06-15 11:19:44,S,255.3,2,26
2021-06-15 11:19:44,S,255.35,2,15
2021-06-15 11:19:44,S,255.55,2,15
2021-06-15 11:19:44,S,255.75,1,20
2021-06-15 11:19:44,S,255.8,2,22
2021-06-15 11:19:44,S,254.45,2,57
2021-06-15 11:19:44,S,254.35,2,8
2021-06-15 11:19:44,S,254.3,2,24
2021-06-15 11:19:44,S,254.25,1,12
2021-06-15 11:19:44,S,254.2,1,9
2021-06-15 11:19:47,S,255.3,3,33
2021-06-15 11:19:47,S,255.55,2,15
2021-06-15 11:19:47,S,255.8,2,22
2021-06-15 11:19:47,S,255.9,2,39
2021-06-15 11:19:47,S,255.95,1,5
2021-06-15 11:19:47,S,254.45,2,57
2021-06-15 11:19:47,S,254.35,2,8
2021-06-15 11:19:47,S,254.3,3,42
2021-06-15 11:19:47,S,254.25,1,12
2021-06-15 11:19:47,S,254.2,1,9
2021-06-15 11:19:49,S,255.3,3,33
2021-06-15 11:19:49,S,255.55,2,15
2021-06-15 11:19:49,S,255.8,2,22
2021-06-15 11:19:49,S,255.9,2,39
2021-06-15 11:19:49,S,255.95,1,5
2021-06-15 11:19:49,S,254.45,2,57
2021-06-15 11:19:49,S,254.35,2,8
2021-06-15 11:19:49,S,254.3,3,42
2021-06-15 11:19:49,S,254.25,1,12
2021-06-15 11:19:49,S,254.2,1,9
2021-06-15 11:19:50,S,254.9,1,7
2021-06-15 11:19:50,S,255.2,2,26
2021-06-15 11:19:50,S,255.25,2,14
2021-06-15 11:19:50,S,255.55,2,15
2021-06-15 11:19:50,S,255.8,2,22
2021-06-15 11:19:50,S,254.45,2,57
2021-06-15 11:19:50,S,254.3,3,42
2021-06-15 11:19:50,S,254.25,1,12
2021-06-15 11:19:50,S,254.2,1,9
2021-06-15 11:19:50,S,254.05,4,117
2021-06-15 11:19:53,S,254.9,1,7
2021-06-15 11:19:53,S,255.2,2,26
2021-06-15 11:19:53,S,255.25,2,14
2021-06-15 11:19:53,S,255.55,2,15
2021-06-15 11:19:53,S,255.8,2,22
2021-06-15 11:19:53,S,254.45,2,57
2021-06-15 11:19:53,S,254.3,3,42
2021-06-15 11:19:53,S,254.25,1,12
2021-06-15 11:19:53,S,254.2,1,9
2021-06-15 11:19:53,S,254.05,4,117
2021-06-15 11:19:55,S,255.2,2,26
2021-06-15 11:19:55,S,255.55,2,15
2021-06-15 11:19:55,S,255.6,2,9
2021-06-15 11:19:55,S,255.75,1,2
2021-06-15 11:19:55,S,255.8,2,22
2021-06-15 11:19:55,S,254.3,2,38
2021-06-15 11:19:55,S,254.25,3,22
2021-06-15 11:19:55,S,254.2,1,9
2021-06-15 11:19:55,S,254.05,2,61
2021-06-15 11:19:55,S,254.0,3,570
2021-06-15 11:19:58,S,255.2,2,26
2021-06-15 11:19:58,S,255.25,1,4
2021-06-15 11:19:58,S,255.55,2,15
2021-06-15 11:19:58,S,255.75,2,22
2021-06-15 11:19:58,S,255.8,2,22
2021-06-15 11:19:58,S,254.3,3,42
2021-06-15 11:19:58,S,254.25,3,22
2021-06-15 11:19:58,S,254.2,2,10
2021-06-15 11:19:58,S,254.1,1,4
2021-06-15 11:19:58,S,254.05,2,61
2021-06-15 11:20:01,S,255.2,3,33
2021-06-15 11:20:01,S,255.25,1,4
2021-06-15 11:20:01,S,255.55,2,15
2021-06-15 11:20:01,S,255.75,2,22
2021-06-15 11:20:01,S,255.8,2,22
2021-06-15 11:20:01,S,254.3,3,42
2021-06-15 11:20:01,S,254.25,3,22
2021-06-15 11:20:01,S,254.2,2,10
2021-06-15 11:20:01,S,254.1,1,4
2021-06-15 11:20:01,S,254.05,2,61
2021-06-15 11:20:04,S,254.75,1,7
2021-06-15 11:20:04,S,255.2,2,26
2021-06-15 11:20:04,S,255.25,2,18
2021-06-15 11:20:04,S,255.55,2,15
2021-06-15 11:20:04,S,255.75,2,22
2021-06-15 11:20:04,S,254.3,2,38
2021-06-15 11:20:04,S,254.25,2,20
2021-06-15 11:20:04,S,254.2,2,10
2021-06-15 11:20:04,S,254.1,1,4
2021-06-15 11:20:04,S,254.05,2,61
2021-06-15 11:20:06,S,254.75,1,7
2021-06-15 11:20:06,S,255.2,2,26
2021-06-15 11:20:06,S,255.25,2,18
2021-06-15 11:20:06,S,255.55,2,15
2021-06-15 11:20:06,S,255.75,2,22
2021-06-15 11:20:06,S,254.3,2,38
2021-06-15 11:20:06,S,254.25,2,20
2021-06-15 11:20:06,S,254.2,2,10
2021-06-15 11:20:06,S,254.1,1,4
2021-06-15 11:20:06,S,254.05,2,61
2021-06-15 11:20:07,S,255.2,1,16
2021-06-15 11:20:07,S,255.25,2,14
2021-06-15 11:20:07,S,255.5,1,10
2021-06-15 11:20:07,S,255.55,2,15
2021-06-15 11:20:07,S,255.75,1,20
2021-06-15 11:20:07,S,254.5,2,25
2021-06-15 11:20:07,S,254.45,2,62
2021-06-15 11:20:07,S,254.3,2,21
2021-06-15 11:20:07,S,254.25,1,12
2021-06-15 11:20:07,S,254.2,1,9
2021-06-15 11:20:13,S,255.5,2,21
2021-06-15 11:20:13,S,255.55,2,15
2021-06-15 11:20:13,S,255.8,2,22
2021-06-15 11:20:13,S,255.85,1,6
2021-06-15 11:20:13,S,255.9,4,46
2021-06-15 11:20:13,S,254.5,2,24
2021-06-15 11:20:13,S,254.45,3,66
2021-06-15 11:20:13,S,254.3,2,29
2021-06-15 11:20:13,S,254.25,3,19
2021-06-15 11:20:13,S,254.2,1,9
2021-06-15 11:20:15,S,255.5,3,26
2021-06-15 11:20:15,S,255.55,2,15
2021-06-15 11:20:15,S,255.75,2,25
2021-06-15 11:20:15,S,255.8,2,22
2021-06-15 11:20:15,S,255.85,1,6
2021-06-15 11:20:15,S,254.5,2,24
2021-06-15 11:20:15,S,254.45,3,66
2021-06-15 11:20:15,S,254.3,2,29
2021-06-15 11:20:15,S,254.25,3,19
2021-06-15 11:20:15,S,254.2,1,9
2021-06-15 11:20:19,S,255.5,3,26
2021-06-15 11:20:19,S,255.55,2,15
2021-06-15 11:20:19,S,255.75,2,25
2021-06-15 11:20:19,S,255.8,2,22
2021-06-15 11:20:19,S,255.85,1,6
2021-06-15 11:20:19,S,254.5,2,24
2021-06-15 11:20:19,S,254.45,3,66
2021-06-15 11:20:19,S,254.3,2,29
2021-06-15 11:20:19,S,254.25,3,19
2021-06-15 11:20:19,S,254.2,1,9
2021-06-15 11:20:20,S,255.0,1,5
2021-06-15 11:20:20,S,255.25,1,16
2021-06-15 11:20:20,S,255.3,1,4
2021-06-15 11:20:20,S,255.55,2,15
2021-06-15 11:20:20,S,255.8,2,22
2021-06-15 11:20:20,S,254.5,2,24
2021-06-15 11:20:20,S,254.45,3,66
2021-06-15 11:20:20,S,254.3,2,29
2021-06-15 11:20:20,S,254.25,2,16
2021-06-15 11:20:20,S,254.2,1,9
2021-06-15 11:20:22,S,254.95,1,16
2021-06-15 11:20:22,S,255.0,3,92
2021-06-15 11:20:22,S,255.3,2,15
2021-06-15 11:20:22,S,255.55,2,15
2021-06-15 11:20:22,S,255.75,1,20
2021-06-15 11:20:22,S,254.5,2,24
2021-06-15 11:20:22,S,254.45,1,9
2021-06-15 11:20:22,S,254.3,2,29
2021-06-15 11:20:22,S,254.25,2,16
2021-06-15 11:20:22,S,254.2,1,9
2021-06-15 11:20:23,S,254.95,1,16
2021-06-15 11:20:23,S,255.0,3,92
2021-06-15 11:20:23,S,255.3,2,15
2021-06-15 11:20:23,S,255.55,2,15
2021-06-15 11:20:23,S,255.75,1,20
2021-06-15 11:20:23,S,254.5,2,24
2021-06-15 11:20:23,S,254.45,1,9
2021-06-15 11:20:23,S,254.3,2,29
2021-06-15 11:20:23,S,254.25,2,16
2021-06-15 11:20:23,S,254.2,1,9
2021-06-15 11:20:25,S,254.5,1,5
2021-06-15 11:20:25,S,254.95,2,30
2021-06-15 11:20:25,S,255.0,2,93
2021-06-15 11:20:25,S,255.3,2,15
2021-06-15 11:20:25,S,255.5,1,1
2021-06-15 11:20:25,S,254.3,2,29
2021-06-15 11:20:25,S,254.25,1,12
2021-06-15 11:20:25,S,254.2,1,9
2021-06-15 11:20:25,S,254.05,2,61
2021-06-15 11:20:25,S,254.0,2,70
2021-06-15 11:20:27,S,254.5,1,5
2021-06-15 11:20:27,S,254.95,2,30
2021-06-15 11:20:27,S,255.0,2,93
2021-06-15 11:20:27,S,255.3,2,15
2021-06-15 11:20:27,S,255.5,1,1
2021-06-15 11:20:27,S,254.3,2,29
2021-06-15 11:20:27,S,254.25,1,12
2021-06-15 11:20:27,S,254.2,1,9
2021-06-15 11:20:27,S,254.05,2,61
2021-06-15 11:20:27,S,254.0,2,70
2021-06-15 11:20:28,S,254.95,1,16
2021-06-15 11:20:28,S,255.0,2,93
2021-06-15 11:20:28,S,255.1,2,9
2021-06-15 11:20:28,S,255.3,2,15
2021-06-15 11:20:28,S,255.5,1,1
2021-06-15 11:20:28,S,254.3,2,15
2021-06-15 11:20:28,S,254.25,2,25
2021-06-15 11:20:28,S,254.2,2,16
2021-06-15 11:20:28,S,254.05,2,61
2021-06-15 11:20:28,S,254.0,2,70
2021-06-15 11:20:30,S,255.85,1,6
2021-06-15 11:20:30,S,255.9,1,20
2021-06-15 11:20:30,S,256.0,2,234
2021-06-15 11:20:30,S,256.1,1,2
2021-06-15 11:20:30,S,256.15,1,3
2021-06-15 11:20:30,S,255.15,2,17
2021-06-15 11:20:30,S,255.0,1,8
2021-06-15 11:20:30,S,254.95,2,33
2021-06-15 11:20:30,S,254.45,3,62
2021-06-15 11:20:30,S,254.4,1,2
2021-06-15 11:20:35,S,255.85,1,6
2021-06-15 11:20:35,S,255.9,1,20
2021-06-15 11:20:35,S,256.0,2,234
2021-06-15 11:20:35,S,256.1,1,2
2021-06-15 11:20:35,S,256.15,1,3
2021-06-15 11:20:35,S,255.15,2,17
2021-06-15 11:20:35,S,255.0,1,8
2021-06-15 11:20:35,S,254.95,2,33
2021-06-15 11:20:35,S,254.45,3,62
2021-06-15 11:20:35,S,254.4,1,2
2021-06-15 11:20:36,S,255.75,2,12
2021-06-15 11:20:36,S,255.85,2,24
2021-06-15 11:20:36,S,255.9,3,42
2021-06-15 11:20:36,S,255.95,2,23
2021-06-15 11:20:36,S,256.0,2,234
2021-06-15 11:20:36,S,254.65,2,15
2021-06-15 11:20:36,S,254.6,2,10
2021-06-15 11:20:36,S,254.55,1,7
2021-06-15 11:20:36,S,254.4,2,17
2021-06-15 11:20:36,S,254.35,2,12
2021-06-15 11:20:36,S,255.75,2,12
2021-06-15 11:20:36,S,255.85,2,24
2021-06-15 11:20:36,S,255.9,3,42
2021-06-15 11:20:36,S,255.95,2,23
2021-06-15 11:20:36,S,256.0,2,234
2021-06-15 11:20:36,S,254.65,2,15
2021-06-15 11:20:36,S,254.6,2,10
2021-06-15 11:20:36,S,254.55,1,7
2021-06-15 11:20:36,S,254.4,2,17
2021-06-15 11:20:36,S,254.35,2,12
2021-06-15 11:20:43,S,255.6,2,12
2021-06-15 11:20:43,S,255.65,1,4
2021-06-15 11:20:43,S,255.75,1,8
2021-06-15 11:20:43,S,255.8,2,28
2021-06-15 11:20:43,S,255.85,2,24
2021-06-15 11:20:43,S,254.65,2,15
2021-06-15 11:20:43,S,254.6,2,11
2021-06-15 11:20:43,S,254.4,3,21
2021-06-15 11:20:43,S,254.35,2,12
2021-06-15 11:20:43,S,254.3,4,23
2021-06-15 11:20:46,S,255.55,2,12
2021-06-15 11:20:46,S,255.6,2,10
2021-06-15 11:20:46,S,255.65,2,24
2021-06-15 11:20:46,S,255.7,2,23
2021-06-15 11:20:46,S,255.8,1,8
2021-06-15 11:20:46,S,254.65,2,15
2021-06-15 11:20:46,S,254.4,2,16
2021-06-15 11:20:46,S,254.3,3,20
2021-06-15 11:20:46,S,254.25,2,25
2021-06-15 11:20:46,S,254.2,3,21
2021-06-15 11:20:49,S,255.2,1,8
2021-06-15 11:20:49,S,255.25,2,97
2021-06-15 11:20:49,S,255.3,2,23
2021-06-15 11:20:49,S,255.45,1,3
2021-06-15 11:20:49,S,255.5,2,23
2021-06-15 11:20:49,S,254.45,2,15
2021-06-15 11:20:49,S,254.3,3,19
2021-06-15 11:20:49,S,254.25,2,25
2021-06-15 11:20:49,S,254.2,2,16
2021-06-15 11:20:49,S,254.1,2,9
2021-06-15 11:20:51,S,254.85,1,6
2021-06-15 11:20:51,S,255.2,2,20
2021-06-15 11:20:51,S,255.25,2,97
2021-06-15 11:20:51,S,255.3,2,23
2021-06-15 11:20:51,S,255.45,1,3
2021-06-15 11:20:51,S,254.45,2,15
2021-06-15 11:20:51,S,254.3,2,15
2021-06-15 11:20:51,S,254.25,2,25
2021-06-15 11:20:51,S,254.2,2,16
2021-06-15 11:20:51,S,254.1,2,9
2021-06-15 11:20:53,S,254.85,1,6
2021-06-15 11:20:53,S,255.2,2,20
2021-06-15 11:20:53,S,255.25,2,97
2021-06-15 11:20:53,S,255.3,2,23
2021-06-15 11:20:53,S,255.45,1,3
2021-06-15 11:20:53,S,254.45,2,15
2021-06-15 11:20:53,S,254.3,2,15
2021-06-15 11:20:53,S,254.25,2,25
2021-06-15 11:20:53,S,254.2,2,16
2021-06-15 11:20:53,S,254.1,2,9
2021-06-15 11:20:54,S,255.2,1,8
2021-06-15 11:20:54,S,255.25,1,85
2021-06-15 11:20:54,S,255.3,2,23
2021-06-15 11:20:54,S,255.4,1,3
2021-06-15 11:20:54,S,255.45,1,3
2021-06-15 11:20:54,S,254.45,2,64
2021-06-15 11:20:54,S,254.3,2,15
2021-06-15 11:20:54,S,254.25,3,28
2021-06-15 11:20:54,S,254.2,2,16
2021-06-15 11:20:54,S,254.1,1,4
2021-06-15 11:20:57,S,255.2,1,8
2021-06-15 11:20:57,S,255.25,1,85
2021-06-15 11:20:57,S,255.3,2,23
2021-06-15 11:20:57,S,255.4,1,3
2021-06-15 11:20:57,S,255.45,1,3
2021-06-15 11:20:57,S,254.45,2,64
2021-06-15 11:20:57,S,254.3,2,15
2021-06-15 11:20:57,S,254.25,3,28
2021-06-15 11:20:57,S,254.2,2,16
2021-06-15 11:20:57,S,254.1,1,4
2021-06-15 11:20:58,S,255.2,1,8
2021-06-15 11:20:58,S,255.25,1,85
2021-06-15 11:20:58,S,255.3,2,23
2021-06-15 11:20:58,S,255.4,1,3
2021-06-15 11:20:58,S,255.45,1,3
2021-06-15 11:20:58,S,254.45,2,64
2021-06-15 11:20:58,S,254.3,2,15
2021-06-15 11:20:58,S,254.25,3,28
2021-06-15 11:20:58,S,254.2,2,16
2021-06-15 11:20:58,S,254.1,1,4
2021-06-15 11:21:00,S,255.2,1,8
2021-06-15 11:21:00,S,255.25,2,96
2021-06-15 11:21:00,S,255.3,2,23
2021-06-15 11:21:00,S,255.4,1,3
2021-06-15 11:21:00,S,255.45,1,3
2021-06-15 11:21:00,S,254.45,3,59
2021-06-15 11:21:00,S,254.3,2,15
2021-06-15 11:21:00,S,254.25,3,28
2021-06-15 11:21:00,S,254.2,2,16
2021-06-15 11:21:00,S,254.1,1,4
2021-06-15 11:21:03,S,255.15,1,8
2021-06-15 11:21:03,S,255.2,1,6
2021-06-15 11:21:03,S,255.25,2,96
2021-06-15 11:21:03,S,255.3,2,23
2021-06-15 11:21:03,S,255.4,1,3
2021-06-15 11:21:03,S,254.45,2,55
2021-06-15 11:21:03,S,254.35,2,13
2021-06-15 11:21:03,S,254.3,2,15
2021-06-15 11:21:03,S,254.25,2,25
2021-06-15 11:21:03,S,254.2,2,16
2021-06-15 11:21:06,S,254.8,1,6
2021-06-15 11:21:06,S,255.15,2,18
2021-06-15 11:21:06,S,255.25,2,96
2021-06-15 11:21:06,S,255.3,2,23
2021-06-15 11:21:06,S,255.4,1,3
2021-06-15 11:21:06,S,254.45,2,55
2021-06-15 11:21:06,S,254.3,2,15
2021-06-15 11:21:06,S,254.25,2,25
2021-06-15 11:21:06,S,254.2,2,16
2021-06-15 11:21:06,S,254.1,1,4
2021-06-15 11:21:08,S,254.45,1,6
2021-06-15 11:21:08,S,254.95,2,18
2021-06-15 11:21:08,S,255.0,2,85
2021-06-15 11:21:08,S,255.1,2,14
2021-06-15 11:21:08,S,255.25,2,96
2021-06-15 11:21:08,S,254.3,2,15
2021-06-15 11:21:08,S,254.25,2,25
2021-06-15 11:21:08,S,254.2,2,16
2021-06-15 11:21:08,S,254.1,1,13
2021-06-15 11:21:08,S,254.05,2,61
2021-06-15 11:21:09,S,254.45,1,6
2021-06-15 11:21:09,S,254.95,2,18
2021-06-15 11:21:09,S,255.0,2,85
2021-06-15 11:21:09,S,255.1,2,14
2021-06-15 11:21:09,S,255.25,2,96
2021-06-15 11:21:09,S,254.3,2,15
2021-06-15 11:21:09,S,254.25,2,25
2021-06-15 11:21:09,S,254.2,2,16
2021-06-15 11:21:09,S,254.1,1,13
2021-06-15 11:21:09,S,254.05,2,61
2021-06-15 11:21:10,S,254.45,1,6
2021-06-15 11:21:10,S,254.85,1,8
2021-06-15 11:21:10,S,254.9,1,4
2021-06-15 11:21:10,S,255.0,2,85
2021-06-15 11:21:10,S,255.1,2,14
2021-06-15 11:21:10,S,254.3,2,15
2021-06-15 11:21:10,S,254.25,2,25
2021-06-15 11:21:10,S,254.2,2,16
2021-06-15 11:21:10,S,254.1,1,12
2021-06-15 11:21:10,S,254.05,2,61
2021-06-15 11:21:12,S,254.45,1,6
2021-06-15 11:21:12,S,254.85,1,8
2021-06-15 11:21:12,S,254.9,1,4
2021-06-15 11:21:12,S,255.0,2,85
2021-06-15 11:21:12,S,255.1,2,14
2021-06-15 11:21:12,S,254.3,2,15
2021-06-15 11:21:12,S,254.25,2,25
2021-06-15 11:21:12,S,254.2,2,16
2021-06-15 11:21:12,S,254.1,1,12
2021-06-15 11:21:12,S,254.05,2,61
2021-06-15 11:21:13,S,254.95,2,11
2021-06-15 11:21:13,S,255.0,2,85
2021-06-15 11:21:13,S,255.1,2,14
2021-06-15 11:21:13,S,255.2,1,3
2021-06-15 11:21:13,S,255.25,2,96
2021-06-15 11:21:13,S,254.25,2,25
2021-06-15 11:21:13,S,254.2,2,16
2021-06-15 11:21:13,S,254.05,2,61
2021-06-15 11:21:13,S,254.0,2,70
2021-06-15 11:21:13,S,253.9,1,3
2021-06-15 11:21:16,S,254.95,3,16
2021-06-15 11:21:16,S,255.0,2,85
2021-06-15 11:21:16,S,255.1,2,14
2021-06-15 11:21:16,S,255.2,1,3
2021-06-15 11:21:16,S,255.25,2,96
2021-06-15 11:21:16,S,254.25,2,25
2021-06-15 11:21:16,S,254.2,2,16
2021-06-15 11:21:16,S,254.15,1,4
2021-06-15 11:21:16,S,254.05,3,62
2021-06-15 11:21:16,S,254.0,2,70
2021-06-15 11:21:21,S,254.6,1,5
2021-06-15 11:21:21,S,254.95,2,11
2021-06-15 11:21:21,S,255.0,2,85
2021-06-15 11:21:21,S,255.1,2,14
2021-06-15 11:21:21,S,255.2,1,3
2021-06-15 11:21:21,S,254.25,2,25
2021-06-15 11:21:21,S,254.2,2,16
2021-06-15 11:21:21,S,254.15,2,13
2021-06-15 11:21:21,S,254.05,3,62
2021-06-15 11:21:21,S,254.0,2,70
2021-06-15 11:21:23,S,254.6,1,5
2021-06-15 11:21:23,S,254.95,2,11
2021-06-15 11:21:23,S,255.0,2,85
2021-06-15 11:21:23,S,255.1,2,14
2021-06-15 11:21:23,S,255.2,1,3
2021-06-15 11:21:23,S,254.25,2,25
2021-06-15 11:21:23,S,254.2,2,16
2021-06-15 11:21:23,S,254.15,2,13
2021-06-15 11:21:23,S,254.05,3,62
2021-06-15 11:21:23,S,254.0,2,70
2021-06-15 11:21:24,S,254.7,2,16
2021-06-15 11:21:24,S,254.75,2,93
2021-06-15 11:21:24,S,254.9,2,16
2021-06-15 11:21:24,S,255.0,2,85
2021-06-15 11:21:24,S,255.1,2,14
2021-06-15 11:21:24,S,254.25,1,50
2021-06-15 11:21:24,S,254.2,1,9
2021-06-15 11:21:24,S,254.05,3,62
2021-06-15 11:21:24,S,254.0,2,70
2021-06-15 11:21:24,S,253.85,2,26
2021-06-15 11:21:26,S,254.7,2,16
2021-06-15 11:21:26,S,254.75,3,106
2021-06-15 11:21:26,S,254.9,2,16
2021-06-15 11:21:26,S,255.0,2,85
2021-06-15 11:21:26,S,255.1,2,14
2021-06-15 11:21:26,S,254.25,1,50
2021-06-15 11:21:26,S,254.2,1,9
2021-06-15 11:21:26,S,254.05,3,62
2021-06-15 11:21:26,S,254.0,2,70
2021-06-15 11:21:26,S,253.85,2,26
2021-06-15 11:21:34,S,254.5,1,7
2021-06-15 11:21:34,S,254.7,2,16
2021-06-15 11:21:34,S,254.75,2,93
2021-06-15 11:21:34,S,254.9,2,16
2021-06-15 11:21:34,S,255.0,2,85
2021-06-15 11:21:34,S,254.25,1,50
2021-06-15 11:21:34,S,254.2,1,9
2021-06-15 11:21:34,S,254.05,3,62
2021-06-15 11:21:34,S,254.0,2,70
2021-06-15 11:21:34,S,253.85,2,26
2021-06-15 11:21:38,S,254.5,1,7
2021-06-15 11:21:38,S,254.7,2,16
2021-06-15 11:21:38,S,254.75,2,93
2021-06-15 11:21:38,S,254.9,2,16
2021-06-15 11:21:38,S,255.0,2,85
2021-06-15 11:21:38,S,254.25,1,50
2021-06-15 11:21:38,S,254.2,1,9
2021-06-15 11:21:38,S,254.05,3,62
2021-06-15 11:21:38,S,254.0,2,70
2021-06-15 11:21:38,S,253.85,2,26
2021-06-15 11:21:40,S,254.7,2,16
2021-06-15 11:21:40,S,254.75,2,93
2021-06-15 11:21:40,S,254.9,3,25
2021-06-15 11:21:40,S,255.0,2,85
2021-06-15 11:21:40,S,255.1,2,14
2021-06-15 11:21:40,S,254.25,1,50
2021-06-15 11:21:40,S,254.2,2,24
2021-06-15 11:21:40,S,254.05,4,66
2021-06-15 11:21:40,S,254.0,2,70
2021-06-15 11:21:40,S,253.85,2,26
2021-06-15 11:21:46,S,254.7,3,21
2021-06-15 11:21:46,S,254.75,3,106
2021-06-15 11:21:46,S,254.9,3,25
2021-06-15 11:21:46,S,255.0,2,85
2021-06-15 11:21:46,S,255.1,2,14
2021-06-15 11:21:46,S,254.25,1,50
2021-06-15 11:21:46,S,254.2,1,9
2021-06-15 11:21:46,S,254.05,4,66
2021-06-15 11:21:46,S,254.0,2,70
2021-06-15 11:21:46,S,253.85,2,26
2021-06-15 11:21:49,S,254.7,1,5
2021-06-15 11:21:49,S,254.75,1,85
2021-06-15 11:21:49,S,254.85,2,27
2021-06-15 11:21:49,S,254.9,3,25
2021-06-15 11:21:49,S,255.0,2,85
2021-06-15 11:21:49,S,254.3,1,200
2021-06-15 11:21:49,S,254.25,3,78
2021-06-15 11:21:49,S,254.2,2,21
2021-06-15 11:21:49,S,254.05,4,66
2021-06-15 11:21:49,S,254.0,2,70
2021-06-15 11:21:53,S,254.7,1,5
2021-06-15 11:21:53,S,254.75,1,85
2021-06-15 11:21:53,S,254.85,2,27
2021-06-15 11:21:53,S,254.9,3,25
2021-06-15 11:21:53,S,255.0,2,85
2021-06-15 11:21:53,S,254.3,1,200
2021-06-15 11:21:53,S,254.25,3,78
2021-06-15 11:21:53,S,254.2,2,21
2021-06-15 11:21:53,S,254.05,4,66
2021-06-15 11:21:53,S,254.0,2,70
2021-06-15 11:21:54,S,254.75,1,85
2021-06-15 11:21:54,S,254.85,2,27
2021-06-15 11:21:54,S,254.9,3,25
2021-06-15 11:21:54,S,255.0,2,85
2021-06-15 11:21:54,S,255.1,2,14
2021-06-15 11:21:54,S,254.3,1,154
2021-06-15 11:21:54,S,254.25,3,69
2021-06-15 11:21:54,S,254.2,2,21
2021-06-15 11:21:54,S,254.05,4,66
2021-06-15 11:21:54,S,254.0,2,70
2021-06-15 11:22:00,S,254.75,1,85
2021-06-15 11:22:00,S,254.85,2,27
2021-06-15 11:22:00,S,254.9,3,25
2021-06-15 11:22:00,S,255.0,2,85
2021-06-15 11:22:00,S,255.1,2,14
2021-06-15 11:22:00,S,254.3,1,154
2021-06-15 11:22:00,S,254.25,3,69
2021-06-15 11:22:00,S,254.2,2,21
2021-06-15 11:22:00,S,254.05,4,66
2021-06-15 11:22:00,S,254.0,2,70
2021-06-15 11:22:00,S,254.75,2,92
2021-06-15 11:22:00,S,254.85,2,27
2021-06-15 11:22:00,S,254.9,3,25
2021-06-15 11:22:00,S,255.0,2,85
2021-06-15 11:22:00,S,255.1,2,14
2021-06-15 11:22:00,S,254.3,1,144
2021-06-15 11:22:00,S,254.25,2,65
2021-06-15 11:22:00,S,254.2,2,21
2021-06-15 11:22:00,S,254.05,4,66
2021-06-15 11:22:00,S,254.0,2,70
2021-06-15 11:22:08,S,254.75,2,92
2021-06-15 11:22:08,S,254.85,2,27
2021-06-15 11:22:08,S,254.9,3,25
2021-06-15 11:22:08,S,255.0,2,85
2021-06-15 11:22:08,S,255.1,2,14
2021-06-15 11:22:08,S,254.3,1,144
2021-06-15 11:22:08,S,254.25,2,65
2021-06-15 11:22:08,S,254.2,2,21
2021-06-15 11:22:08,S,254.05,4,66
2021-06-15 11:22:08,S,254.0,2,70
2021-06-15 11:22:09,S,254.7,2,16
2021-06-15 11:22:09,S,254.75,2,99
2021-06-15 11:22:09,S,254.8,2,25
2021-06-15 11:22:09,S,254.85,2,28
2021-06-15 11:22:09,S,254.9,3,25
2021-06-15 11:22:09,S,254.3,1,78
2021-06-15 11:22:09,S,254.25,1,50
2021-06-15 11:22:09,S,254.2,1,9
2021-06-15 11:22:09,S,254.05,3,62
2021-06-15 11:22:09,S,254.0,2,70
2021-06-15 11:22:12,S,254.7,2,16
2021-06-15 11:22:12,S,254.75,2,99
2021-06-15 11:22:12,S,254.8,2,25
2021-06-15 11:22:12,S,254.85,2,28
2021-06-15 11:22:12,S,254.9,3,25
2021-06-15 11:22:12,S,254.3,1,78
2021-06-15 11:22:12,S,254.25,1,50
2021-06-15 11:22:12,S,254.2,1,9
2021-06-15 11:22:12,S,254.1,1,4
2021-06-15 11:22:12,S,254.05,3,62
2021-06-15 11:22:17,S,254.7,3,22
2021-06-15 11:22:17,S,254.75,2,99
2021-06-15 11:22:17,S,254.8,2,25
2021-06-15 11:22:17,S,254.85,2,28
2021-06-15 11:22:17,S,254.9,3,25
2021-06-15 11:22:17,S,254.3,1,78
2021-06-15 11:22:17,S,254.25,1,50
2021-06-15 11:22:17,S,254.2,1,9
2021-06-15 11:22:17,S,254.1,1,4
2021-06-15 11:22:17,S,254.05,3,62
2021-06-15 11:22:19,S,254.7,3,22
2021-06-15 11:22:19,S,254.75,2,99
2021-06-15 11:22:19,S,254.8,2,25
2021-06-15 11:22:19,S,254.85,2,28
2021-06-15 11:22:19,S,254.9,3,25
2021-06-15 11:22:19,S,254.3,1,78
2021-06-15 11:22:19,S,254.25,1,50
2021-06-15 11:22:19,S,254.2,1,9
2021-06-15 11:22:19,S,254.1,1,4
2021-06-15 11:22:19,S,254.05,3,62
2021-06-15 11:22:20,S,254.5,1,6
2021-06-15 11:22:20,S,254.7,2,23
2021-06-15 11:22:20,S,254.75,2,99
2021-06-15 11:22:20,S,254.8,1,19
2021-06-15 11:22:20,S,254.85,2,28
2021-06-15 11:22:20,S,254.3,2,178
2021-06-15 11:22:20,S,254.25,2,65
2021-06-15 11:22:20,S,254.2,2,28
2021-06-15 11:22:20,S,254.1,1,4
2021-06-15 11:22:20,S,254.05,3,62
2021-06-15 11:22:21,S,254.5,1,6
2021-06-15 11:22:21,S,254.7,2,23
2021-06-15 11:22:21,S,254.75,2,99
2021-06-15 11:22:21,S,254.8,1,19
2021-06-15 11:22:21,S,254.85,2,28
2021-06-15 11:22:21,S,254.3,2,178
2021-06-15 11:22:21,S,254.25,2,65
2021-06-15 11:22:21,S,254.2,2,28
2021-06-15 11:22:21,S,254.1,1,4
2021-06-15 11:22:21,S,254.05,3,62
2021-06-15 11:22:23,S,254.5,1,6
2021-06-15 11:22:23,S,254.7,2,23
2021-06-15 11:22:23,S,254.75,2,99
2021-06-15 11:22:23,S,254.85,2,28
2021-06-15 11:22:23,S,254.9,3,25
2021-06-15 11:22:23,S,254.3,2,178
2021-06-15 11:22:23,S,254.25,2,65
2021-06-15 11:22:23,S,254.2,2,28
2021-06-15 11:22:23,S,254.1,2,16
2021-06-15 11:22:23,S,254.05,3,62
2021-06-15 11:22:25,S,254.7,2,14
2021-06-15 11:22:25,S,254.75,2,99
2021-06-15 11:22:25,S,254.8,1,8
2021-06-15 11:22:25,S,254.85,2,28
2021-06-15 11:22:25,S,254.9,3,25
2021-06-15 11:22:25,S,254.3,2,146
2021-06-15 11:22:25,S,254.25,1,50
2021-06-15 11:22:25,S,254.2,2,28
2021-06-15 11:22:25,S,254.1,1,4
2021-06-15 11:22:25,S,254.05,3,62
2021-06-15 11:22:31,S,254.7,3,20
2021-06-15 11:22:31,S,254.75,2,99
2021-06-15 11:22:31,S,254.85,2,28
2021-06-15 11:22:31,S,254.9,3,25
2021-06-15 11:22:31,S,255.0,2,85
2021-06-15 11:22:31,S,254.3,2,146
2021-06-15 11:22:31,S,254.25,1,50
2021-06-15 11:22:31,S,254.2,2,28
2021-06-15 11:22:31,S,254.1,1,4
2021-06-15 11:22:31,S,254.05,3,62
2021-06-15 11:22:33,S,254.7,3,20
2021-06-15 11:22:33,S,254.75,2,99
2021-06-15 11:22:33,S,254.85,2,28
2021-06-15 11:22:33,S,254.9,3,25
2021-06-15 11:22:33,S,255.0,2,85
2021-06-15 11:22:33,S,254.3,2,146
2021-06-15 11:22:33,S,254.25,1,50
2021-06-15 11:22:33,S,254.2,2,28
2021-06-15 11:22:33,S,254.1,1,4
2021-06-15 11:22:33,S,254.05,3,62
2021-06-15 11:22:36,S,254.75,1,59
2021-06-15 11:22:36,S,254.8,2,23
2021-06-15 11:22:36,S,254.85,2,28
2021-06-15 11:22:36,S,254.9,3,25
2021-06-15 11:22:36,S,255.0,2,85
2021-06-15 11:22:36,S,254.35,1,8
2021-06-15 11:22:36,S,254.3,3,161
2021-06-15 11:22:36,S,254.25,3,77
2021-06-15 11:22:36,S,254.2,1,9
2021-06-15 11:22:36,S,254.05,3,62
2021-06-15 11:22:39,S,254.75,1,59
2021-06-15 11:22:39,S,254.8,2,23
2021-06-15 11:22:39,S,254.85,2,28
2021-06-15 11:22:39,S,254.9,3,25
2021-06-15 11:22:39,S,255.0,2,85
2021-06-15 11:22:39,S,254.35,1,8
2021-06-15 11:22:39,S,254.3,3,161
2021-06-15 11:22:39,S,254.25,3,77
2021-06-15 11:22:39,S,254.2,1,9
2021-06-15 11:22:39,S,254.15,1,4
2021-06-15 11:22:41,S,254.7,1,9
2021-06-15 11:22:41,S,254.75,2,74
2021-06-15 11:22:41,S,254.8,1,8
2021-06-15 11:22:41,S,254.85,2,28
2021-06-15 11:22:41,S,254.9,3,25
2021-06-15 11:22:41,S,254.35,2,13
2021-06-15 11:22:41,S,254.3,2,146
2021-06-15 11:22:41,S,254.25,3,78
2021-06-15 11:22:41,S,254.2,1,9
2021-06-15 11:22:41,S,254.15,1,4
2021-06-15 11:22:47,S,254.7,3,22
2021-06-15 11:22:47,S,254.75,2,74
2021-06-15 11:22:47,S,254.8,1,8
2021-06-15 11:22:47,S,254.85,2,28
2021-06-15 11:22:47,S,254.9,3,25
2021-06-15 11:22:47,S,254.35,2,13
2021-06-15 11:22:47,S,254.3,2,146
2021-06-15 11:22:47,S,254.25,2,65
2021-06-15 11:22:47,S,254.2,1,9
2021-06-15 11:22:47,S,254.15,1,4
2021-06-15 11:22:49,S,254.55,1,7
2021-06-15 11:22:49,S,254.7,3,23
2021-06-15 11:22:49,S,254.75,2,74
2021-06-15 11:22:49,S,254.85,2,28
2021-06-15 11:22:49,S,254.9,3,25
2021-06-15 11:22:49,S,254.35,2,13
2021-06-15 11:22:49,S,254.3,2,146
2021-06-15 11:22:49,S,254.25,2,65
2021-06-15 11:22:49,S,254.2,1,9
2021-06-15 11:22:49,S,254.05,4,66
2021-06-15 11:22:53,S,254.55,1,7
2021-06-15 11:22:53,S,254.7,3,23
2021-06-15 11:22:53,S,254.75,2,74
2021-06-15 11:22:53,S,254.85,2,28
2021-06-15 11:22:53,S,254.9,3,25
2021-06-15 11:22:53,S,254.35,2,13
2021-06-15 11:22:53,S,254.3,2,146
2021-06-15 11:22:53,S,254.25,2,65
2021-06-15 11:22:53,S,254.2,1,9
2021-06-15 11:22:53,S,254.05,4,66
2021-06-15 11:22:55,S,254.35,1,7
2021-06-15 11:22:55,S,254.7,3,32
2021-06-15 11:22:55,S,254.75,3,78
2021-06-15 11:22:55,S,254.85,3,43
2021-06-15 11:22:55,S,254.9,3,25
2021-06-15 11:22:55,S,254.3,2,146
2021-06-15 11:22:55,S,254.25,2,65
2021-06-15 11:22:55,S,254.2,2,28
2021-06-15 11:22:55,S,254.1,1,15
2021-06-15 11:22:55,S,254.05,5,79
2021-06-15 11:22:57,S,254.55,1,68
2021-06-15 11:22:57,S,254.65,2,27
2021-06-15 11:22:57,S,254.7,3,36
2021-06-15 11:22:57,S,254.75,3,78
2021-06-15 11:22:57,S,254.85,3,43
2021-06-15 11:22:57,S,254.3,2,118
2021-06-15 11:22:57,S,254.25,1,50
2021-06-15 11:22:57,S,254.2,1,9
2021-06-15 11:22:57,S,254.1,1,15
2021-06-15 11:22:57,S,254.05,3,62
2021-06-15 11:23:00,S,254.55,2,74
2021-06-15 11:23:00,S,254.65,2,27
2021-06-15 11:23:00,S,254.7,3,36
2021-06-15 11:23:00,S,254.75,3,78
2021-06-15 11:23:00,S,254.85,3,43
2021-06-15 11:23:00,S,254.3,2,118
2021-06-15 11:23:00,S,254.25,1,50
2021-06-15 11:23:00,S,254.2,1,9
2021-06-15 11:23:00,S,254.1,1,15
2021-06-15 11:23:00,S,254.05,3,62
2021-06-15 11:23:06,S,254.45,1,6
2021-06-15 11:23:06,S,254.55,1,68
2021-06-15 11:23:06,S,254.65,3,39
2021-06-15 11:23:06,S,254.7,2,24
2021-06-15 11:23:06,S,254.75,3,78
2021-06-15 11:23:06,S,254.3,2,118
2021-06-15 11:23:06,S,254.25,1,50
2021-06-15 11:23:06,S,254.2,1,9
2021-06-15 11:23:06,S,254.1,1,15
2021-06-15 11:23:06,S,254.05,3,62
2021-06-15 11:23:08,S,254.45,1,6
2021-06-15 11:23:08,S,254.55,1,68
2021-06-15 11:23:08,S,254.65,3,39
2021-06-15 11:23:08,S,254.7,2,24
2021-06-15 11:23:08,S,254.75,3,78
2021-06-15 11:23:08,S,254.3,2,118
2021-06-15 11:23:08,S,254.25,1,50
2021-06-15 11:23:08,S,254.2,1,9
2021-06-15 11:23:08,S,254.1,1,15
2021-06-15 11:23:08,S,254.05,3,62
2021-06-15 11:23:09,S,254.55,1,68
2021-06-15 11:23:09,S,254.65,2,27
2021-06-15 11:23:09,S,254.7,3,36
2021-06-15 11:23:09,S,254.75,3,78
2021-06-15 11:23:09,S,254.85,3,43
2021-06-15 11:23:09,S,254.3,2,85
2021-06-15 11:23:09,S,254.25,1,50
2021-06-15 11:23:09,S,254.2,2,28
2021-06-15 11:23:09,S,254.15,1,4
2021-06-15 11:23:09,S,254.1,1,15
2021-06-15 11:23:14,S,254.4,1,15
2021-06-15 11:23:14,S,254.55,3,91
2021-06-15 11:23:14,S,254.6,2,32
2021-06-15 11:23:14,S,254.7,2,24
2021-06-15 11:23:14,S,254.75,3,78
2021-06-15 11:23:14,S,254.3,2,85
2021-06-15 11:23:14,S,254.25,1,50
2021-06-15 11:23:14,S,254.2,1,9
2021-06-15 11:23:14,S,254.1,1,15
2021-06-15 11:23:14,S,254.05,3,62
2021-06-15 11:23:16,S,254.4,2,21
2021-06-15 11:23:16,S,254.55,3,91
2021-06-15 11:23:16,S,254.6,2,32
2021-06-15 11:23:16,S,254.7,2,24
2021-06-15 11:23:16,S,254.75,3,78
2021-06-15 11:23:16,S,254.3,2,85
2021-06-15 11:23:16,S,254.25,1,50
2021-06-15 11:23:16,S,254.2,1,9
2021-06-15 11:23:16,S,254.1,1,15
2021-06-15 11:23:16,S,254.05,2,2
2021-06-15 11:23:19,S,254.4,2,21
2021-06-15 11:23:19,S,254.55,3,91
2021-06-15 11:23:19,S,254.6,2,32
2021-06-15 11:23:19,S,254.7,2,24
2021-06-15 11:23:19,S,254.75,3,78
2021-06-15 11:23:19,S,254.3,2,85
2021-06-15 11:23:19,S,254.25,1,50
2021-06-15 11:23:19,S,254.2,1,9
2021-06-15 11:23:19,S,254.1,1,15
2021-06-15 11:23:19,S,254.05,2,2
2021-06-15 11:23:19,S,254.35,1,6
2021-06-15 11:23:19,S,254.4,2,30
2021-06-15 11:23:19,S,254.45,2,31
2021-06-15 11:23:19,S,254.5,2,27
2021-06-15 11:23:19,S,254.55,2,83
2021-06-15 11:23:19,S,254.25,1,50
2021-06-15 11:23:19,S,254.2,1,9
2021-06-15 11:23:19,S,254.1,1,15
2021-06-15 11:23:19,S,254.05,1,1
2021-06-15 11:23:19,S,254.0,2,70
2021-06-15 11:23:23,S,254.35,1,6
2021-06-15 11:23:23,S,254.4,2,30
2021-06-15 11:23:23,S,254.45,2,31
2021-06-15 11:23:23,S,254.5,2,27
2021-06-15 11:23:23,S,254.55,2,83
2021-06-15 11:23:23,S,254.25,1,50
2021-06-15 11:23:23,S,254.2,1,9
2021-06-15 11:23:23,S,254.1,1,15
2021-06-15 11:23:23,S,254.05,1,1
2021-06-15 11:23:23,S,254.0,2,70
2021-06-15 11:23:24,S,254.4,1,15
2021-06-15 11:23:24,S,254.55,2,83
2021-06-15 11:23:24,S,254.65,2,27
2021-06-15 11:23:24,S,254.7,2,24
2021-06-15 11:23:24,S,254.75,3,78
2021-06-15 11:23:24,S,254.25,1,33
2021-06-15 11:23:24,S,254.2,2,209
2021-06-15 11:23:24,S,254.1,2,34
2021-06-15 11:23:24,S,254.05,1,1
2021-06-15 11:23:24,S,254.0,3,74
2021-06-15 11:23:31,S,254.4,2,21
2021-06-15 11:23:31,S,254.55,3,91
2021-06-15 11:23:31,S,254.6,2,32
2021-06-15 11:23:31,S,254.65,1,19
2021-06-15 11:23:31,S,254.7,2,24
2021-06-15 11:23:31,S,254.25,1,33
2021-06-15 11:23:31,S,254.2,2,209
2021-06-15 11:23:31,S,254.1,2,34
2021-06-15 11:23:31,S,254.05,1,1
2021-06-15 11:23:31,S,254.0,3,74
2021-06-15 11:23:34,S,254.35,1,6
2021-06-15 11:23:34,S,254.4,1,15
2021-06-15 11:23:34,S,254.55,3,91
2021-06-15 11:23:34,S,254.6,2,23
2021-06-15 11:23:34,S,254.7,2,24
2021-06-15 11:23:34,S,254.25,1,33
2021-06-15 11:23:34,S,254.2,2,209
2021-06-15 11:23:34,S,254.1,2,34
2021-06-15 11:23:34,S,254.05,1,1
2021-06-15 11:23:34,S,254.0,3,74
2021-06-15 11:23:35,S,254.35,1,6
2021-06-15 11:23:35,S,254.4,1,15
2021-06-15 11:23:35,S,254.55,3,91
2021-06-15 11:23:35,S,254.6,2,23
2021-06-15 11:23:35,S,254.7,2,24
2021-06-15 11:23:35,S,254.25,1,33
2021-06-15 11:23:35,S,254.2,2,209
2021-06-15 11:23:35,S,254.1,2,34
2021-06-15 11:23:35,S,254.05,1,1
2021-06-15 11:23:35,S,254.0,3,74
2021-06-15 11:23:36,S,254.35,1,6
2021-06-15 11:23:36,S,254.4,1,15
2021-06-15 11:23:36,S,254.55,3,95
2021-06-15 11:23:36,S,254.6,1,19
2021-06-15 11:23:36,S,254.7,2,24
2021-06-15 11:23:36,S,254.25,1,33
2021-06-15 11:23:36,S,254.2,2,209
2021-06-15 11:23:36,S,254.1,2,34
2021-06-15 11:23:36,S,254.05,2,54
2021-06-15 11:23:36,S,254.0,3,74
2021-06-15 11:23:38,S,254.35,1,6
2021-06-15 11:23:38,S,254.4,1,15
2021-06-15 11:23:38,S,254.55,3,95
2021-06-15 11:23:38,S,254.6,1,19
2021-06-15 11:23:38,S,254.7,2,24
2021-06-15 11:23:38,S,254.25,1,33
2021-06-15 11:23:38,S,254.2,2,209
2021-06-15 11:23:38,S,254.1,2,34
2021-06-15 11:23:38,S,254.05,2,54
2021-06-15 11:23:38,S,254.0,3,74
2021-06-15 11:23:39,S,254.4,1,15
2021-06-15 11:23:39,S,254.55,2,87
2021-06-15 11:23:39,S,254.65,2,25
2021-06-15 11:23:39,S,254.7,2,24
2021-06-15 11:23:39,S,254.75,3,78
2021-06-15 11:23:39,S,254.25,1,7
2021-06-15 11:23:39,S,254.2,2,209
2021-06-15 11:23:39,S,254.1,2,34
2021-06-15 11:23:39,S,254.05,2,54
2021-06-15 11:23:39,S,254.0,3,74
2021-06-15 11:23:46,S,254.4,2,22
2021-06-15 11:23:46,S,254.55,2,87
2021-06-15 11:23:46,S,254.65,2,25
2021-06-15 11:23:46,S,254.7,2,24
2021-06-15 11:23:46,S,254.75,3,78
2021-06-15 11:23:46,S,254.25,1,7
2021-06-15 11:23:46,S,254.2,2,209
2021-06-15 11:23:46,S,254.1,2,34
2021-06-15 11:23:46,S,254.05,2,54
2021-06-15 11:23:46,S,254.0,3,74
2021-06-15 11:23:49,S,254.35,1,7
2021-06-15 11:23:49,S,254.4,1,15
2021-06-15 11:23:49,S,254.55,3,95
2021-06-15 11:23:49,S,254.6,1,4
2021-06-15 11:23:49,S,254.7,2,24
2021-06-15 11:23:49,S,254.25,1,7
2021-06-15 11:23:49,S,254.2,2,209
2021-06-15 11:23:49,S,254.1,2,34
2021-06-15 11:23:49,S,254.05,2,54
2021-06-15 11:23:49,S,254.0,3,74
2021-06-15 11:23:53,S,254.35,1,7
2021-06-15 11:23:53,S,254.4,1,15
2021-06-15 11:23:53,S,254.55,3,95
2021-06-15 11:23:53,S,254.6,1,4
2021-06-15 11:23:53,S,254.7,2,24
2021-06-15 11:23:53,S,254.25,1,7
2021-06-15 11:23:53,S,254.2,2,209
2021-06-15 11:23:53,S,254.1,2,34
2021-06-15 11:23:53,S,254.05,2,54
2021-06-15 11:23:53,S,254.0,3,74
2021-06-15 11:23:55,S,254.25,1,7
2021-06-15 11:23:55,S,254.4,1,15
2021-06-15 11:23:55,S,254.55,3,95
2021-06-15 11:23:55,S,254.6,2,21
2021-06-15 11:23:55,S,254.7,2,24
2021-06-15 11:23:55,S,254.2,2,209
2021-06-15 11:23:55,S,254.1,2,34
2021-06-15 11:23:55,S,254.05,3,73
2021-06-15 11:23:55,S,254.0,2,70
2021-06-15 11:23:55,S,253.95,1,13
2021-06-15 11:23:57,S,254.4,1,15
2021-06-15 11:23:57,S,254.55,2,87
2021-06-15 11:23:57,S,254.6,2,21
2021-06-15 11:23:57,S,254.65,1,8
2021-06-15 11:23:57,S,254.7,2,24
2021-06-15 11:23:57,S,254.2,2,252
2021-06-15 11:23:57,S,254.1,2,34
2021-06-15 11:23:57,S,254.05,4,77
2021-06-15 11:23:57,S,254.0,2,70
2021-06-15 11:23:57,S,253.85,2,26
2021-06-15 11:24:00,S,254.4,1,15
2021-06-15 11:24:00,S,254.55,2,87
2021-06-15 11:24:00,S,254.6,2,21
2021-06-15 11:24:00,S,254.65,1,8
2021-06-15 11:24:00,S,254.7,2,24
2021-06-15 11:24:00,S,254.2,2,252
2021-06-15 11:24:00,S,254.15,2,20
2021-06-15 11:24:00,S,254.1,3,44
2021-06-15 11:24:00,S,254.05,4,77
2021-06-15 11:24:00,S,254.0,2,70
2021-06-15 11:24:03,S,254.4,2,20
2021-06-15 11:24:03,S,254.55,3,95
2021-06-15 11:24:03,S,254.6,2,21
2021-06-15 11:24:03,S,254.7,2,24
2021-06-15 11:24:03,S,254.75,3,78
2021-06-15 11:24:03,S,254.2,2,252
2021-06-15 11:24:03,S,254.15,2,20
2021-06-15 11:24:03,S,254.1,3,44
2021-06-15 11:24:03,S,254.05,4,77
2021-06-15 11:24:03,S,254.0,2,70
2021-06-15 11:24:04,S,254.4,2,20
2021-06-15 11:24:04,S,254.55,3,95
2021-06-15 11:24:04,S,254.6,2,21
2021-06-15 11:24:04,S,254.7,2,24
2021-06-15 11:24:04,S,254.75,3,78
2021-06-15 11:24:04,S,254.2,2,252
2021-06-15 11:24:04,S,254.15,2,20
2021-06-15 11:24:04,S,254.1,3,44
2021-06-15 11:24:04,S,254.05,4,77
2021-06-15 11:24:04,S,254.0,2,70
2021-06-15 11:24:06,S,254.3,1,5
2021-06-15 11:24:06,S,254.4,1,15
2021-06-15 11:24:06,S,254.55,3,95
2021-06-15 11:24:06,S,254.6,2,21
2021-06-15 11:24:06,S,254.7,2,24
2021-06-15 11:24:06,S,254.2,2,252
2021-06-15 11:24:06,S,254.15,2,20
2021-06-15 11:24:06,S,254.1,3,44
2021-06-15 11:24:06,S,254.05,4,77
2021-06-15 11:24:06,S,254.0,2,70
2021-06-15 11:24:07,S,254.3,1,5
2021-06-15 11:24:07,S,254.4,1,15
2021-06-15 11:24:07,S,254.55,3,95
2021-06-15 11:24:07,S,254.6,2,21
2021-06-15 11:24:07,S,254.7,2,24
2021-06-15 11:24:07,S,254.2,2,252
2021-06-15 11:24:07,S,254.15,2,20
2021-06-15 11:24:07,S,254.1,3,44
2021-06-15 11:24:07,S,254.05,4,77
2021-06-15 11:24:07,S,254.0,2,70
2021-06-15 11:24:08,S,254.3,1,5
2021-06-15 11:24:08,S,254.4,1,15
2021-06-15 11:24:08,S,254.55,3,95
2021-06-15 11:24:08,S,254.6,2,21
2021-06-15 11:24:08,S,254.7,2,24
2021-06-15 11:24:08,S,254.2,2,252
2021-06-15 11:24:08,S,254.15,2,20
2021-06-15 11:24:08,S,254.1,3,44
2021-06-15 11:24:08,S,254.05,4,77
2021-06-15 11:24:08,S,254.0,2,70
2021-06-15 11:24:09,S,254.4,1,15
2021-06-15 11:24:09,S,254.55,3,95
2021-06-15 11:24:09,S,254.6,2,21
2021-06-15 11:24:09,S,254.7,2,24
2021-06-15 11:24:09,S,254.75,3,78
2021-06-15 11:24:09,S,254.2,2,192
2021-06-15 11:24:09,S,254.15,2,20
2021-06-15 11:24:09,S,254.1,3,44
2021-06-15 11:24:09,S,254.05,2,20
2021-06-15 11:24:09,S,254.0,3,74
2021-06-15 11:24:10,S,254.4,1,15
2021-06-15 11:24:10,S,254.55,3,95
2021-06-15 11:24:10,S,254.6,2,21
2021-06-15 11:24:10,S,254.7,2,24
2021-06-15 11:24:10,S,254.75,3,78
2021-06-15 11:24:10,S,254.2,2,192
2021-06-15 11:24:10,S,254.15,2,20
2021-06-15 11:24:10,S,254.1,3,44
2021-06-15 11:24:10,S,254.05,2,20
2021-06-15 11:24:10,S,254.0,3,74
2021-06-15 11:24:11,S,254.35,3,26
2021-06-15 11:24:11,S,254.4,2,21
2021-06-15 11:24:11,S,254.45,2,24
2021-06-15 11:24:11,S,254.55,2,87
2021-06-15 11:24:11,S,254.6,2,21
2021-06-15 11:24:11,S,254.0,1,41
2021-06-15 11:24:11,S,253.9,1,10
2021-06-15 11:24:11,S,253.85,1,22
2021-06-15 11:24:11,S,253.8,1,4
2021-06-15 11:24:11,S,253.7,2,34
2021-06-15 11:24:14,S,254.35,3,26
2021-06-15 11:24:14,S,254.4,2,21
2021-06-15 11:24:14,S,254.45,2,24
2021-06-15 11:24:14,S,254.55,2,87
2021-06-15 11:24:14,S,254.6,2,21
2021-06-15 11:24:14,S,254.0,1,41
2021-06-15 11:24:14,S,253.85,1,22
2021-06-15 11:24:14,S,253.8,2,23
2021-06-15 11:24:14,S,253.7,2,34
2021-06-15 11:24:14,S,253.65,1,5
2021-06-15 11:24:17,S,254.35,4,32
2021-06-15 11:24:17,S,254.4,2,21
2021-06-15 11:24:17,S,254.45,2,24
2021-06-15 11:24:17,S,254.55,2,87
2021-06-15 11:24:17,S,254.6,2,21
2021-06-15 11:24:17,S,254.0,1,41
2021-06-15 11:24:17,S,253.95,1,4
2021-06-15 11:24:17,S,253.85,1,22
2021-06-15 11:24:17,S,253.8,2,23
2021-06-15 11:24:17,S,253.7,2,34
2021-06-15 11:24:19,S,254.35,4,32
2021-06-15 11:24:19,S,254.4,2,21
2021-06-15 11:24:19,S,254.45,2,24
2021-06-15 11:24:19,S,254.55,2,87
2021-06-15 11:24:19,S,254.6,2,21
2021-06-15 11:24:19,S,254.0,1,41
2021-06-15 11:24:19,S,253.95,1,4
2021-06-15 11:24:19,S,253.85,1,22
2021-06-15 11:24:19,S,253.8,2,23
2021-06-15 11:24:19,S,253.7,2,34
2021-06-15 11:24:20,S,254.2,3,25
2021-06-15 11:24:20,S,254.35,2,14
2021-06-15 11:24:20,S,254.4,2,21
2021-06-15 11:24:20,S,254.45,2,24
2021-06-15 11:24:20,S,254.55,2,87
2021-06-15 11:24:20,S,253.85,1,22
2021-06-15 11:24:20,S,253.7,2,34
2021-06-15 11:24:20,S,253.65,1,5
2021-06-15 11:24:20,S,253.55,1,16
2021-06-15 11:24:20,S,253.45,1,4
2021-06-15 11:24:23,S,254.2,3,25
2021-06-15 11:24:23,S,254.35,2,14
2021-06-15 11:24:23,S,254.4,2,21
2021-06-15 11:24:23,S,254.45,2,24
2021-06-15 11:24:23,S,254.55,2,87
2021-06-15 11:24:23,S,253.85,1,22
2021-06-15 11:24:23,S,253.7,2,34
2021-06-15 11:24:23,S,253.65,1,5
2021-06-15 11:24:23,S,253.55,1,16
2021-06-15 11:24:23,S,253.45,1,4
2021-06-15 11:24:25,S,254.2,2,19
2021-06-15 11:24:25,S,254.35,2,14
2021-06-15 11:24:25,S,254.4,2,21
2021-06-15 11:24:25,S,254.45,2,24
2021-06-15 11:24:25,S,254.55,2,87
2021-06-15 11:24:25,S,253.85,1,22
2021-06-15 11:24:25,S,253.8,1,4
2021-06-15 11:24:25,S,253.7,2,34
2021-06-15 11:24:25,S,253.65,1,5
2021-06-15 11:24:25,S,253.55,1,16
2021-06-15 11:24:27,S,254.2,2,14
2021-06-15 11:24:27,S,254.35,2,14
2021-06-15 11:24:27,S,254.4,2,21
2021-06-15 11:24:27,S,254.45,2,24
2021-06-15 11:24:27,S,254.55,2,87
2021-06-15 11:24:27,S,253.85,1,22
2021-06-15 11:24:27,S,253.7,2,34
2021-06-15 11:24:27,S,253.65,2,24
2021-06-15 11:24:27,S,253.55,1,16
2021-06-15 11:24:27,S,253.45,1,4
2021-06-15 11:24:31,S,254.2,2,14
2021-06-15 11:24:31,S,254.35,2,14
2021-06-15 11:24:31,S,254.4,2,21
2021-06-15 11:24:31,S,254.45,2,24
2021-06-15 11:24:31,S,254.55,2,87
2021-06-15 11:24:31,S,253.85,1,22
2021-06-15 11:24:31,S,253.7,2,34
2021-06-15 11:24:31,S,253.65,2,24
2021-06-15 11:24:31,S,253.55,1,16
2021-06-15 11:24:31,S,253.45,1,4
2021-06-15 11:24:40,S,254.5,2,14
2021-06-15 11:24:40,S,254.55,2,87
2021-06-15 11:24:40,S,254.7,2,24
2021-06-15 11:24:40,S,254.75,2,19
2021-06-15 11:24:40,S,254.8,1,5
2021-06-15 11:24:40,S,253.9,3,34
2021-06-15 11:24:40,S,253.85,2,37
2021-06-15 11:24:40,S,253.7,2,34
2021-06-15 11:24:40,S,253.65,3,82
2021-06-15 11:24:40,S,253.6,1,4
2021-06-15 11:24:43,S,254.5,2,14
2021-06-15 11:24:43,S,254.55,2,87
2021-06-15 11:24:43,S,254.7,2,24
2021-06-15 11:24:43,S,254.75,2,19
2021-06-15 11:24:43,S,254.8,1,5
2021-06-15 11:24:43,S,253.9,3,34
2021-06-15 11:24:43,S,253.85,2,37
2021-06-15 11:24:43,S,253.7,2,34
2021-06-15 11:24:43,S,253.65,3,82
2021-06-15 11:24:43,S,253.6,1,4
2021-06-15 11:24:46,S,254.5,3,20
2021-06-15 11:24:46,S,254.55,2,87
2021-06-15 11:24:46,S,254.7,2,24
2021-06-15 11:24:46,S,254.75,3,22
2021-06-15 11:24:46,S,254.85,4,44
2021-06-15 11:24:46,S,253.9,3,34
2021-06-15 11:24:46,S,253.85,2,37
2021-06-15 11:24:46,S,253.7,2,34
2021-06-15 11:24:46,S,253.65,3,82
2021-06-15 11:24:46,S,253.6,1,4
2021-06-15 11:24:49,S,254.5,3,20
2021-06-15 11:24:49,S,254.55,2,87
2021-06-15 11:24:49,S,254.7,2,24
2021-06-15 11:24:49,S,254.75,3,22
2021-06-15 11:24:49,S,254.85,4,44
2021-06-15 11:24:49,S,253.9,3,34
2021-06-15 11:24:49,S,253.85,2,37
2021-06-15 11:24:49,S,253.7,2,34
2021-06-15 11:24:49,S,253.65,3,82
2021-06-15 11:24:49,S,253.6,1,4
2021-06-15 11:24:51,S,254.2,1,6
2021-06-15 11:24:51,S,254.5,2,14
2021-06-15 11:24:51,S,254.55,2,87
2021-06-15 11:24:51,S,254.7,2,24
2021-06-15 11:24:51,S,254.75,2,19
2021-06-15 11:24:51,S,253.9,4,45
2021-06-15 11:24:51,S,253.85,2,37
2021-06-15 11:24:51,S,253.7,2,34
2021-06-15 11:24:51,S,253.65,3,82
2021-06-15 11:24:51,S,253.6,1,4
2021-06-15 11:24:53,S,254.2,1,6
2021-06-15 11:24:53,S,254.5,2,14
2021-06-15 11:24:53,S,254.55,2,87
2021-06-15 11:24:53,S,254.7,2,24
2021-06-15 11:24:53,S,254.75,2,19
2021-06-15 11:24:53,S,253.9,4,45
2021-06-15 11:24:53,S,253.85,2,37
2021-06-15 11:24:53,S,253.7,2,34
2021-06-15 11:24:53,S,253.65,3,82
2021-06-15 11:24:53,S,253.6,1,4
2021-06-15 11:24:54,S,254.3,2,13
2021-06-15 11:24:54,S,254.35,2,17
2021-06-15 11:24:54,S,254.4,1,5
2021-06-15 11:24:54,S,254.45,1,5
2021-06-15 11:24:54,S,254.5,1,6
2021-06-15 11:24:54,S,253.9,1,4
2021-06-15 11:24:54,S,253.85,1,22
2021-06-15 11:24:54,S,253.7,2,34
2021-06-15 11:24:54,S,253.65,2,24
2021-06-15 11:24:54,S,253.55,1,16
2021-06-15 11:24:57,S,254.3,2,13
2021-06-15 11:24:57,S,254.35,2,17
2021-06-15 11:24:57,S,254.55,2,87
2021-06-15 11:24:57,S,254.7,2,24
2021-06-15 11:24:57,S,254.75,2,19
2021-06-15 11:24:57,S,253.85,2,26
2021-06-15 11:24:57,S,253.7,2,34
2021-06-15 11:24:57,S,253.65,3,37
2021-06-15 11:24:57,S,253.55,1,16
2021-06-15 11:24:57,S,253.45,1,4
2021-06-15 11:25:01,S,254.2,2,13
2021-06-15 11:25:01,S,254.25,2,17
2021-06-15 11:25:01,S,254.3,2,10
2021-06-15 11:25:01,S,254.45,2,24
2021-06-15 11:25:01,S,254.55,2,87
2021-06-15 11:25:01,S,253.85,2,26
2021-06-15 11:25:01,S,253.7,1,15
2021-06-15 11:25:01,S,253.65,2,24
2021-06-15 11:25:01,S,253.55,2,29
2021-06-15 11:25:01,S,253.45,1,4
2021-06-15 11:25:04,S,254.2,2,13
2021-06-15 11:25:04,S,254.25,2,17
2021-06-15 11:25:04,S,254.3,2,10
2021-06-15 11:25:04,S,254.45,2,24
2021-06-15 11:25:04,S,254.55,2,87
2021-06-15 11:25:04,S,253.85,2,26
2021-06-15 11:25:04,S,253.7,1,15
2021-06-15 11:25:04,S,253.65,2,24
2021-06-15 11:25:04,S,253.55,2,29
2021-06-15 11:25:04,S,253.45,1,4
2021-06-15 11:25:04,S,254.05,1,5
2021-06-15 11:25:04,S,254.35,2,23
2021-06-15 11:25:04,S,254.4,1,20
2021-06-15 11:25:04,S,254.45,2,24
2021-06-15 11:25:04,S,254.55,2,87
2021-06-15 11:25:04,S,253.85,1,22
2021-06-15 11:25:04,S,253.7,1,15
2021-06-15 11:25:04,S,253.65,2,24
2021-06-15 11:25:04,S,253.55,1,16
2021-06-15 11:25:04,S,253.45,1,4
2021-06-15 11:25:07,S,254.05,2,9
2021-06-15 11:25:07,S,254.1,2,19
2021-06-15 11:25:07,S,254.15,2,23
2021-06-15 11:25:07,S,254.25,1,13
2021-06-15 11:25:07,S,254.3,1,4
2021-06-15 11:25:07,S,253.85,1,22
2021-06-15 11:25:07,S,253.7,1,15
2021-06-15 11:25:07,S,253.65,1,5
2021-06-15 11:25:07,S,253.55,1,16
2021-06-15 11:25:07,S,253.45,1,4
2021-06-15 11:25:10,S,254.25,1,8
2021-06-15 11:25:10,S,254.3,2,17
2021-06-15 11:25:10,S,254.4,1,13
2021-06-15 11:25:10,S,254.45,2,24
2021-06-15 11:25:10,S,254.55,2,87
2021-06-15 11:25:10,S,253.85,1,22
2021-06-15 11:25:10,S,253.7,1,15
2021-06-15 11:25:10,S,253.65,1,5
2021-06-15 11:25:10,S,253.55,1,16
2021-06-15 11:25:10,S,253.45,1,4
2021-06-15 11:25:15,S,254.25,2,10
2021-06-15 11:25:15,S,254.4,2,18
2021-06-15 11:25:15,S,254.45,2,24
2021-06-15 11:25:15,S,254.55,2,87
2021-06-15 11:25:15,S,254.6,1,4
2021-06-15 11:25:15,S,253.9,1,5
2021-06-15 11:25:15,S,253.85,1,22
2021-06-15 11:25:15,S,253.8,1,4
2021-06-15 11:25:15,S,253.7,2,34
2021-06-15 11:25:15,S,253.65,2,24
2021-06-15 11:25:23,S,254.25,2,10
2021-06-15 11:25:23,S,254.4,2,18
2021-06-15 11:25:23,S,254.45,2,24
2021-06-15 11:25:23,S,254.55,2,87
2021-06-15 11:25:23,S,254.6,1,4
2021-06-15 11:25:23,S,253.9,1,5
2021-06-15 11:25:23,S,253.85,1,22
2021-06-15 11:25:23,S,253.8,1,4
2021-06-15 11:25:23,S,253.7,2,34
2021-06-15 11:25:23,S,253.65,2,24
2021-06-15 11:25:24,S,254.0,1,35
2021-06-15 11:25:24,S,254.1,2,22
2021-06-15 11:25:24,S,254.15,1,12
2021-06-15 11:25:24,S,254.25,1,4
2021-06-15 11:25:24,S,254.45,2,24
2021-06-15 11:25:24,S,253.85,1,7
2021-06-15 11:25:24,S,253.7,1,15
2021-06-15 11:25:24,S,253.65,1,5
2021-06-15 11:25:24,S,253.6,1,4
2021-06-15 11:25:24,S,253.55,1,16
2021-06-15 11:25:30,S,254.0,1,35
2021-06-15 11:25:30,S,254.1,2,22
2021-06-15 11:25:30,S,254.15,2,22
2021-06-15 11:25:30,S,254.25,1,4
2021-06-15 11:25:30,S,254.45,2,24
2021-06-15 11:25:30,S,253.85,1,7
2021-06-15 11:25:30,S,253.7,1,15
2021-06-15 11:25:30,S,253.65,1,5
2021-06-15 11:25:30,S,253.6,1,4
2021-06-15 11:25:30,S,253.55,1,16
2021-06-15 11:25:33,S,254.0,2,41
2021-06-15 11:25:33,S,254.1,2,22
2021-06-15 11:25:33,S,254.15,2,22
2021-06-15 11:25:33,S,254.25,1,4
2021-06-15 11:25:33,S,254.45,2,24
2021-06-15 11:25:33,S,253.85,1,7
2021-06-15 11:25:33,S,253.7,1,15
2021-06-15 11:25:33,S,253.65,1,5
2021-06-15 11:25:33,S,253.6,1,4
2021-06-15 11:25:33,S,253.55,1,16
2021-06-15 11:25:35,S,254.0,2,41
2021-06-15 11:25:35,S,254.1,2,22
2021-06-15 11:25:35,S,254.15,2,22
2021-06-15 11:25:35,S,254.25,1,4
2021-06-15 11:25:35,S,254.45,2,24
2021-06-15 11:25:35,S,253.85,1,7
2021-06-15 11:25:35,S,253.7,1,15
2021-06-15 11:25:35,S,253.65,1,5
2021-06-15 11:25:35,S,253.6,1,4
2021-06-15 11:25:35,S,253.55,1,16
2021-06-15 11:25:38,S,254.0,1,35
2021-06-15 11:25:38,S,254.2,2,17
2021-06-15 11:25:38,S,254.45,2,24
2021-06-15 11:25:38,S,254.55,2,87
2021-06-15 11:25:38,S,254.6,1,4
2021-06-15 11:25:38,S,253.85,1,22
2021-06-15 11:25:38,S,253.75,1,5
2021-06-15 11:25:38,S,253.7,2,31
2021-06-15 11:25:38,S,253.6,1,4
2021-06-15 11:25:38,S,253.55,1,16
2021-06-15 11:25:40,S,254.0,1,35
2021-06-15 11:25:40,S,254.2,2,17
2021-06-15 11:25:40,S,254.45,2,24
2021-06-15 11:25:40,S,254.55,2,87
2021-06-15 11:25:40,S,254.6,1,4
2021-06-15 11:25:40,S,253.85,1,22
2021-06-15 11:25:40,S,253.75,1,5
2021-06-15 11:25:40,S,253.7,2,31
2021-06-15 11:25:40,S,253.6,1,4
2021-06-15 11:25:40,S,253.55,1,16
2021-06-15 11:25:45,S,254.0,2,34
2021-06-15 11:25:45,S,254.2,2,17
2021-06-15 11:25:45,S,254.3,2,19
2021-06-15 11:25:45,S,254.45,2,24
2021-06-15 11:25:45,S,254.55,2,87
2021-06-15 11:25:45,S,253.75,2,8
2021-06-15 11:25:45,S,253.7,2,30
2021-06-15 11:25:45,S,253.65,1,19
2021-06-15 11:25:45,S,253.6,2,20
2021-06-15 11:25:45,S,253.55,1,16
2021-06-15 11:25:49,S,254.0,2,34
2021-06-15 11:25:49,S,254.2,2,17
2021-06-15 11:25:49,S,254.3,2,19
2021-06-15 11:25:49,S,254.45,2,24
2021-06-15 11:25:49,S,254.55,2,87
2021-06-15 11:25:49,S,253.75,2,8
2021-06-15 11:25:49,S,253.7,2,30
2021-06-15 11:25:49,S,253.65,1,19
2021-06-15 11:25:49,S,253.6,2,20
2021-06-15 11:25:49,S,253.55,1,16
2021-06-15 11:25:50,S,253.9,1,7
2021-06-15 11:25:50,S,254.0,1,27
2021-06-15 11:25:50,S,254.2,2,17
2021-06-15 11:25:50,S,254.3,2,19
2021-06-15 11:25:50,S,254.45,2,24
2021-06-15 11:25:50,S,253.75,2,8
2021-06-15 11:25:50,S,253.7,2,30
2021-06-15 11:25:50,S,253.65,1,19
2021-06-15 11:25:50,S,253.6,2,20
2021-06-15 11:25:50,S,253.55,1,16
2021-06-15 11:25:53,S,253.9,1,7
2021-06-15 11:25:53,S,254.0,1,27
2021-06-15 11:25:53,S,254.2,2,17
2021-06-15 11:25:53,S,254.3,2,19
2021-06-15 11:25:53,S,254.45,2,24
2021-06-15 11:25:53,S,253.75,2,8
2021-06-15 11:25:53,S,253.7,2,30
2021-06-15 11:25:53,S,253.65,1,19
2021-06-15 11:25:53,S,253.6,2,20
2021-06-15 11:25:53,S,253.55,1,16
2021-06-15 11:25:55,S,253.75,1,6
2021-06-15 11:25:55,S,254.0,2,41
2021-06-15 11:25:55,S,254.2,2,17
2021-06-15 11:25:55,S,254.3,2,19
2021-06-15 11:25:55,S,254.45,2,24
2021-06-15 11:25:55,S,253.7,1,15
2021-06-15 11:25:55,S,253.6,2,20
2021-06-15 11:25:55,S,253.55,2,20
2021-06-15 11:25:55,S,253.5,1,12
2021-06-15 11:25:55,S,253.45,1,4
2021-06-15 11:25:57,S,253.75,1,6
2021-06-15 11:25:57,S,254.0,2,41
2021-06-15 11:25:57,S,254.2,2,17
2021-06-15 11:25:57,S,254.3,2,19
2021-06-15 11:25:57,S,254.45,2,24
2021-06-15 11:25:57,S,253.7,1,15
2021-06-15 11:25:57,S,253.6,2,20
2021-06-15 11:25:57,S,253.55,2,20
2021-06-15 11:25:57,S,253.5,1,12
2021-06-15 11:25:57,S,253.45,1,4
2021-06-15 11:25:58,S,253.7,1,2
2021-06-15 11:25:58,S,253.95,2,22
2021-06-15 11:25:58,S,254.0,2,35
2021-06-15 11:25:58,S,254.05,1,4
2021-06-15 11:25:58,S,254.3,2,19
2021-06-15 11:25:58,S,253.55,1,16
2021-06-15 11:25:58,S,253.45,3,30
2021-06-15 11:25:58,S,253.25,3,61
2021-06-15 11:25:58,S,253.2,1,5
2021-06-15 11:25:58,S,253.1,2,32
2021-06-15 11:26:00,S,253.7,1,5
2021-06-15 11:26:00,S,253.95,2,22
2021-06-15 11:26:00,S,254.0,2,35
2021-06-15 11:26:00,S,254.05,1,4
2021-06-15 11:26:00,S,254.3,2,19
2021-06-15 11:26:00,S,253.55,1,13
2021-06-15 11:26:00,S,253.45,2,18
2021-06-15 11:26:00,S,253.4,2,19
2021-06-15 11:26:00,S,253.25,3,61
2021-06-15 11:26:00,S,253.2,1,5
2021-06-15 11:26:03,S,253.7,1,5
2021-06-15 11:26:03,S,253.95,2,22
2021-06-15 11:26:03,S,254.0,2,35
2021-06-15 11:26:03,S,254.05,1,4
2021-06-15 11:26:03,S,254.3,2,19
2021-06-15 11:26:03,S,253.55,1,13
2021-06-15 11:26:03,S,253.45,2,18
2021-06-15 11:26:03,S,253.4,2,19
2021-06-15 11:26:03,S,253.25,3,61
2021-06-15 11:26:03,S,253.2,1,5
2021-06-15 11:26:08,S,253.55,1,5
2021-06-15 11:26:08,S,253.95,2,22
2021-06-15 11:26:08,S,254.0,2,35
2021-06-15 11:26:08,S,254.15,1,4
2021-06-15 11:26:08,S,254.25,1,3
2021-06-15 11:26:08,S,253.25,4,73
2021-06-15 11:26:08,S,253.1,1,27
2021-06-15 11:26:08,S,253.05,2,24
2021-06-15 11:26:08,S,253.0,6,700
2021-06-15 11:26:08,S,252.9,3,39
2021-06-15 11:26:11,S,253.55,1,5
2021-06-15 11:26:11,S,253.85,2,20
2021-06-15 11:26:11,S,253.9,2,16
2021-06-15 11:26:11,S,254.0,2,35
2021-06-15 11:26:11,S,254.15,1,4
2021-06-15 11:26:11,S,253.25,3,22
2021-06-15 11:26:11,S,253.1,2,34
2021-06-15 11:26:11,S,253.05,2,10
2021-06-15 11:26:11,S,253.0,6,700
2021-06-15 11:26:11,S,252.9,3,39
2021-06-15 11:26:12,S,253.55,1,5
2021-06-15 11:26:12,S,253.85,2,20
2021-06-15 11:26:12,S,253.9,2,16
2021-06-15 11:26:12,S,254.0,2,35
2021-06-15 11:26:12,S,254.15,1,4
2021-06-15 11:26:12,S,253.25,3,22
2021-06-15 11:26:12,S,253.1,2,34
2021-06-15 11:26:12,S,253.05,2,10
2021-06-15 11:26:12,S,253.0,6,700
2021-06-15 11:26:12,S,252.9,3,39
2021-06-15 11:26:14,S,253.85,2,20
2021-06-15 11:26:14,S,253.95,1,3
2021-06-15 11:26:14,S,254.0,3,39
2021-06-15 11:26:14,S,254.05,1,3
2021-06-15 11:26:14,S,254.15,2,7
2021-06-15 11:26:14,S,253.25,1,3
2021-06-15 11:26:14,S,253.1,2,34
2021-06-15 11:26:14,S,253.05,2,10
2021-06-15 11:26:14,S,253.0,6,700
2021-06-15 11:26:14,S,252.95,1,20
2021-06-15 11:26:16,S,253.85,3,27
2021-06-15 11:26:16,S,253.95,1,3
2021-06-15 11:26:16,S,254.0,3,39
2021-06-15 11:26:16,S,254.05,1,3
2021-06-15 11:26:16,S,254.1,1,2
2021-06-15 11:26:16,S,253.1,2,34
2021-06-15 11:26:16,S,253.05,2,10
2021-06-15 11:26:16,S,253.0,7,706
2021-06-15 11:26:16,S,252.95,1,20
2021-06-15 11:26:16,S,252.9,3,39
2021-06-15 11:26:19,S,253.85,3,27
2021-06-15 11:26:19,S,253.95,1,3
2021-06-15 11:26:19,S,254.0,3,39
2021-06-15 11:26:19,S,254.05,1,3
2021-06-15 11:26:19,S,254.1,1,2
2021-06-15 11:26:19,S,253.1,2,34
2021-06-15 11:26:19,S,253.05,2,10
2021-06-15 11:26:19,S,253.0,7,706
2021-06-15 11:26:19,S,252.95,1,20
2021-06-15 11:26:19,S,252.9,3,39
2021-06-15 11:26:19,S,253.5,1,7
2021-06-15 11:26:19,S,253.65,2,19
2021-06-15 11:26:19,S,253.7,2,15
2021-06-15 11:26:19,S,253.85,2,16
2021-06-15 11:26:19,S,253.95,2,10
2021-06-15 11:26:19,S,253.1,2,33
2021-06-15 11:26:19,S,253.05,2,10
2021-06-15 11:26:19,S,253.0,6,701
2021-06-15 11:26:19,S,252.9,2,34
2021-06-15 11:26:19,S,252.85,3,111
2021-06-15 11:26:22,S,253.5,1,7
2021-06-15 11:26:22,S,253.65,2,19
2021-06-15 11:26:22,S,253.7,2,15
2021-06-15 11:26:22,S,253.85,2,16
2021-06-15 11:26:22,S,253.95,2,10
2021-06-15 11:26:22,S,253.1,2,33
2021-06-15 11:26:22,S,253.05,2,10
2021-06-15 11:26:22,S,253.0,6,701
2021-06-15 11:26:22,S,252.9,2,34
2021-06-15 11:26:22,S,252.85,3,111
2021-06-15 11:26:23,S,253.5,1,7
2021-06-15 11:26:23,S,253.65,2,19
2021-06-15 11:26:23,S,253.7,2,15
2021-06-15 11:26:23,S,253.85,2,16
2021-06-15 11:26:23,S,253.95,2,10
2021-06-15 11:26:23,S,253.1,2,33
2021-06-15 11:26:23,S,253.05,2,10
2021-06-15 11:26:23,S,253.0,6,701
2021-06-15 11:26:23,S,252.9,2,34
2021-06-15 11:26:23,S,252.85,3,111
2021-06-15 11:26:25,S,253.95,2,12
2021-06-15 11:26:25,S,254.0,2,35
2021-06-15 11:26:25,S,254.1,2,8
2021-06-15 11:26:25,S,254.15,3,13
2021-06-15 11:26:25,S,254.25,1,3
2021-06-15 11:26:25,S,253.15,1,8
2021-06-15 11:26:25,S,253.1,2,7
2021-06-15 11:26:25,S,253.05,2,10
2021-06-15 11:26:25,S,253.0,6,701
2021-06-15 11:26:25,S,252.95,2,7
2021-06-15 11:26:28,S,253.95,2,12
2021-06-15 11:26:28,S,254.0,2,35
2021-06-15 11:26:28,S,254.15,3,13
2021-06-15 11:26:28,S,254.2,1,4
2021-06-15 11:26:28,S,254.25,2,5
2021-06-15 11:26:28,S,253.3,1,8
2021-06-15 11:26:28,S,253.25,1,4
2021-06-15 11:26:28,S,253.1,2,7
2021-06-15 11:26:28,S,253.05,2,10
2021-06-15 11:26:28,S,253.0,6,701
2021-06-15 11:26:31,S,253.95,3,18
2021-06-15 11:26:31,S,254.0,2,35
2021-06-15 11:26:31,S,254.15,3,13
2021-06-15 11:26:31,S,254.2,1,4
2021-06-15 11:26:31,S,254.25,1,3
2021-06-15 11:26:31,S,253.3,1,8
2021-06-15 11:26:31,S,253.25,1,4
2021-06-15 11:26:31,S,253.1,2,7
2021-06-15 11:26:31,S,253.05,2,10
2021-06-15 11:26:31,S,253.0,6,701
2021-06-15 11:26:34,S,253.95,3,18
2021-06-15 11:26:34,S,254.0,2,35
2021-06-15 11:26:34,S,254.15,2,9
2021-06-15 11:26:34,S,254.25,1,3
2021-06-15 11:26:34,S,254.3,2,19
2021-06-15 11:26:34,S,253.45,1,8
2021-06-15 11:26:34,S,253.4,1,4
2021-06-15 11:26:34,S,253.25,2,23
2021-06-15 11:26:34,S,253.1,3,57
2021-06-15 11:26:34,S,253.05,3,30
2021-06-15 11:26:37,S,253.7,2,18
2021-06-15 11:26:37,S,253.95,2,12
2021-06-15 11:26:37,S,254.0,3,39
2021-06-15 11:26:37,S,254.15,3,13
2021-06-15 11:26:37,S,254.25,2,4
2021-06-15 11:26:37,S,253.3,1,8
2021-06-15 11:26:37,S,253.25,2,17
2021-06-15 11:26:37,S,253.1,3,57
2021-06-15 11:26:37,S,253.05,2,10
2021-06-15 11:26:37,S,253.0,6,701
2021-06-15 11:26:40,S,253.95,2,12
2021-06-15 11:26:40,S,254.0,2,35
2021-06-15 11:26:40,S,254.15,3,13
2021-06-15 11:26:40,S,254.2,1,1
2021-06-15 11:26:40,S,254.25,1,3
2021-06-15 11:26:40,S,253.2,1,39
2021-06-15 11:26:40,S,253.1,3,57
2021-06-15 11:26:40,S,253.05,2,25
2021-06-15 11:26:40,S,253.0,6,701
2021-06-15 11:26:40,S,252.95,1,4
2021-06-15 11:26:43,S,253.95,2,12
2021-06-15 11:26:43,S,254.0,2,35
2021-06-15 11:26:43,S,254.15,3,13
2021-06-15 11:26:43,S,254.2,2,49
2021-06-15 11:26:43,S,254.25,1,3
2021-06-15 11:26:43,S,253.2,1,39
2021-06-15 11:26:43,S,253.15,1,4
2021-06-15 11:26:43,S,253.1,3,57
2021-06-15 11:26:43,S,253.0,6,701
2021-06-15 11:26:43,S,252.95,2,24
2021-06-15 11:26:46,S,253.95,3,18
2021-06-15 11:26:46,S,254.0,2,35
2021-06-15 11:26:46,S,254.15,3,13
2021-06-15 11:26:46,S,254.2,2,49
2021-06-15 11:26:46,S,254.25,1,3
2021-06-15 11:26:46,S,253.2,1,39
2021-06-15 11:26:46,S,253.15,1,4
2021-06-15 11:26:46,S,253.1,3,57
2021-06-15 11:26:46,S,253.0,6,701
2021-06-15 11:26:46,S,252.95,2,24
2021-06-15 11:26:49,S,253.6,1,6
2021-06-15 11:26:49,S,253.95,2,12
2021-06-15 11:26:49,S,254.0,2,35
2021-06-15 11:26:49,S,254.15,3,13
2021-06-15 11:26:49,S,254.2,1,48
2021-06-15 11:26:49,S,253.3,1,100
2021-06-15 11:26:49,S,253.25,1,13
2021-06-15 11:26:49,S,253.15,2,23
2021-06-15 11:26:49,S,253.1,3,57
2021-06-15 11:26:49,S,253.0,6,701
2021-06-15 11:26:49,S,253.6,1,6
2021-06-15 11:26:49,S,253.95,2,12
2021-06-15 11:26:49,S,254.0,2,35
2021-06-15 11:26:49,S,254.15,3,13
2021-06-15 11:26:49,S,254.2,1,48
2021-06-15 11:26:49,S,253.3,1,100
2021-06-15 11:26:49,S,253.25,1,13
2021-06-15 11:26:49,S,253.15,2,23
2021-06-15 11:26:49,S,253.1,3,57
2021-06-15 11:26:49,S,253.0,6,701
2021-06-15 11:26:52,S,253.6,1,6
2021-06-15 11:26:52,S,253.95,2,12
2021-06-15 11:26:52,S,254.0,2,35
2021-06-15 11:26:52,S,254.15,3,13
2021-06-15 11:26:52,S,254.2,1,48
2021-06-15 11:26:52,S,253.3,1,100
2021-06-15 11:26:52,S,253.25,1,13
2021-06-15 11:26:52,S,253.15,2,23
2021-06-15 11:26:52,S,253.1,3,57
2021-06-15 11:26:52,S,253.0,7,711
2021-06-15 11:26:55,S,253.95,2,12
2021-06-15 11:26:55,S,254.0,2,35
2021-06-15 11:26:55,S,254.15,3,13
2021-06-15 11:26:55,S,254.2,2,52
2021-06-15 11:26:55,S,254.25,1,3
2021-06-15 11:26:55,S,253.35,1,13
2021-06-15 11:26:55,S,253.3,2,57
2021-06-15 11:26:55,S,253.15,2,23
2021-06-15 11:26:55,S,253.1,3,57
2021-06-15 11:26:55,S,253.0,8,712
2021-06-15 11:26:58,S,253.95,2,12
2021-06-15 11:26:58,S,254.0,2,35
2021-06-15 11:26:58,S,254.15,3,13
2021-06-15 11:26:58,S,254.2,1,48
2021-06-15 11:26:58,S,254.25,1,3
2021-06-15 11:26:58,S,253.35,1,13
2021-06-15 11:26:58,S,253.3,2,57
2021-06-15 11:26:58,S,253.15,2,23
2021-06-15 11:26:58,S,253.1,3,57
2021-06-15 11:26:58,S,253.0,8,712
2021-06-15 11:27:01,S,253.95,3,18
2021-06-15 11:27:01,S,254.0,2,35
2021-06-15 11:27:01,S,254.15,2,9
2021-06-15 11:27:01,S,254.2,1,48
2021-06-15 11:27:01,S,254.25,1,3
2021-06-15 11:27:01,S,253.35,1,13
2021-06-15 11:27:01,S,253.3,3,132
2021-06-15 11:27:01,S,253.15,2,23
2021-06-15 11:27:01,S,253.1,3,57
2021-06-15 11:27:01,S,253.0,8,712
2021-06-15 11:27:04,S,253.65,1,6
2021-06-15 11:27:04,S,253.95,2,12
2021-06-15 11:27:04,S,254.0,2,35
2021-06-15 11:27:04,S,254.05,1,4
2021-06-15 11:27:04,S,254.15,2,9
2021-06-15 11:27:04,S,253.3,4,144
2021-06-15 11:27:04,S,253.25,2,69
2021-06-15 11:27:04,S,253.15,2,23
2021-06-15 11:27:04,S,253.1,3,57
2021-06-15 11:27:04,S,253.0,7,711
2021-06-15 11:27:04,S,253.65,1,6
2021-06-15 11:27:04,S,253.95,2,12
2021-06-15 11:27:04,S,254.0,2,35
2021-06-15 11:27:04,S,254.05,1,4
2021-06-15 11:27:04,S,254.15,2,9
2021-06-15 11:27:04,S,253.3,4,144
2021-06-15 11:27:04,S,253.25,2,69
2021-06-15 11:27:04,S,253.15,2,23
2021-06-15 11:27:04,S,253.1,3,57
2021-06-15 11:27:04,S,253.0,7,711
2021-06-15 11:27:07,S,253.65,1,6
2021-06-15 11:27:07,S,253.95,2,12
2021-06-15 11:27:07,S,254.0,2,35
2021-06-15 11:27:07,S,254.15,2,9
2021-06-15 11:27:07,S,254.2,1,48
2021-06-15 11:27:07,S,253.3,4,190
2021-06-15 11:27:07,S,253.25,2,69
2021-06-15 11:27:07,S,253.15,2,23
2021-06-15 11:27:07,S,253.1,3,57
2021-06-15 11:27:07,S,253.0,7,711
2021-06-15 11:27:08,S,253.65,1,6
2021-06-15 11:27:08,S,253.95,2,12
2021-06-15 11:27:08,S,254.0,2,35
2021-06-15 11:27:08,S,254.15,2,9
2021-06-15 11:27:08,S,254.2,1,48
2021-06-15 11:27:08,S,253.3,4,190
2021-06-15 11:27:08,S,253.25,2,69
2021-06-15 11:27:08,S,253.15,2,23
2021-06-15 11:27:08,S,253.1,3,57
2021-06-15 11:27:08,S,253.0,7,711
2021-06-15 11:27:11,S,253.95,2,12
2021-06-15 11:27:11,S,254.0,2,35
2021-06-15 11:27:11,S,254.15,2,9
2021-06-15 11:27:11,S,254.2,1,48
2021-06-15 11:27:11,S,254.25,1,3
2021-06-15 11:27:11,S,253.3,5,143
2021-06-15 11:27:11,S,253.25,2,69
2021-06-15 11:27:11,S,253.15,2,23
2021-06-15 11:27:11,S,253.1,3,57
2021-06-15 11:27:11,S,253.0,8,712
2021-06-15 11:27:14,S,253.95,2,12
2021-06-15 11:27:14,S,254.0,2,35
2021-06-15 11:27:14,S,254.15,2,9
2021-06-15 11:27:14,S,254.2,1,48
2021-06-15 11:27:14,S,254.25,1,3
2021-06-15 11:27:14,S,253.3,5,143
2021-06-15 11:27:14,S,253.25,1,54
2021-06-15 11:27:14,S,253.15,2,23
2021-06-15 11:27:14,S,253.1,3,57
2021-06-15 11:27:14,S,253.0,8,712
2021-06-15 11:27:16,S,253.95,3,18
2021-06-15 11:27:16,S,254.0,2,35
2021-06-15 11:27:16,S,254.15,2,9
2021-06-15 11:27:16,S,254.2,1,48
2021-06-15 11:27:16,S,254.25,1,3
2021-06-15 11:27:16,S,253.3,5,143
2021-06-15 11:27:16,S,253.25,1,54
2021-06-15 11:27:16,S,253.15,2,23
2021-06-15 11:27:16,S,253.1,3,57
2021-06-15 11:27:16,S,253.0,8,712
2021-06-15 11:27:19,S,253.65,1,6
2021-06-15 11:27:19,S,253.95,2,12
2021-06-15 11:27:19,S,254.0,2,35
2021-06-15 11:27:19,S,254.15,2,9
2021-06-15 11:27:19,S,254.2,1,48
2021-06-15 11:27:19,S,253.3,3,127
2021-06-15 11:27:19,S,253.25,1,54
2021-06-15 11:27:19,S,253.15,2,23
2021-06-15 11:27:19,S,253.1,3,57
2021-06-15 11:27:19,S,253.0,7,711
2021-06-15 11:27:22,S,253.65,1,6
2021-06-15 11:27:22,S,253.95,2,12
2021-06-15 11:27:22,S,254.0,2,35
2021-06-15 11:27:22,S,254.1,1,4
2021-06-15 11:27:22,S,254.15,2,9
2021-06-15 11:27:22,S,253.3,3,127
2021-06-15 11:27:22,S,253.25,2,66
2021-06-15 11:27:22,S,253.15,2,23
2021-06-15 11:27:22,S,253.1,3,57
2021-06-15 11:27:22,S,253.0,7,711
2021-06-15 11:27:23,S,253.65,1,6
2021-06-15 11:27:23,S,253.95,2,12
2021-06-15 11:27:23,S,254.0,2,35
2021-06-15 11:27:23,S,254.1,1,4
2021-06-15 11:27:23,S,254.15,2,9
2021-06-15 11:27:23,S,253.3,3,127
2021-06-15 11:27:23,S,253.25,2,66
2021-06-15 11:27:23,S,253.15,2,23
2021-06-15 11:27:23,S,253.1,3,57
2021-06-15 11:27:23,S,253.0,7,711
2021-06-15 11:27:24,S,253.95,2,12
2021-06-15 11:27:24,S,254.0,2,35
2021-06-15 11:27:24,S,254.15,2,9
2021-06-15 11:27:24,S,254.2,1,48
2021-06-15 11:27:24,S,254.25,1,3
2021-06-15 11:27:24,S,253.3,2,70
2021-06-15 11:27:24,S,253.25,1,54
2021-06-15 11:27:24,S,253.15,2,23
2021-06-15 11:27:24,S,253.1,3,57
2021-06-15 11:27:24,S,253.0,8,712
2021-06-15 11:27:27,S,253.95,3,37
2021-06-15 11:27:27,S,254.0,2,35
2021-06-15 11:27:27,S,254.15,2,9
2021-06-15 11:27:27,S,254.2,1,48
2021-06-15 11:27:27,S,254.25,1,3
2021-06-15 11:27:27,S,253.35,2,24
2021-06-15 11:27:27,S,253.3,2,70
2021-06-15 11:27:27,S,253.25,1,54
2021-06-15 11:27:27,S,253.15,2,23
2021-06-15 11:27:27,S,253.1,3,57
2021-06-15 11:27:33,S,253.95,4,44
2021-06-15 11:27:33,S,254.0,2,35
2021-06-15 11:27:33,S,254.1,2,55
2021-06-15 11:27:33,S,254.15,2,9
2021-06-15 11:27:33,S,254.25,1,3
2021-06-15 11:27:33,S,253.35,2,24
2021-06-15 11:27:33,S,253.3,2,70
2021-06-15 11:27:33,S,253.25,1,54
2021-06-15 11:27:33,S,253.15,1,4
2021-06-15 11:27:33,S,253.1,3,57
2021-06-15 11:27:36,S,253.65,1,7
2021-06-15 11:27:36,S,253.95,3,37
2021-06-15 11:27:36,S,254.0,2,35
2021-06-15 11:27:36,S,254.1,2,55
2021-06-15 11:27:36,S,254.15,2,9
2021-06-15 11:27:36,S,253.35,1,20
2021-06-15 11:27:36,S,253.3,2,70
2021-06-15 11:27:36,S,253.25,1,54
2021-06-15 11:27:36,S,253.15,1,4
2021-06-15 11:27:36,S,253.1,4,61
2021-06-15 11:27:38,S,253.65,1,7
2021-06-15 11:27:38,S,253.95,3,37
2021-06-15 11:27:38,S,254.0,2,35
2021-06-15 11:27:38,S,254.1,2,55
2021-06-15 11:27:38,S,254.15,2,9
2021-06-15 11:27:38,S,253.35,1,20
2021-06-15 11:27:38,S,253.3,2,70
2021-06-15 11:27:38,S,253.25,1,54
2021-06-15 11:27:38,S,253.15,1,4
2021-06-15 11:27:38,S,253.1,4,61
2021-06-15 11:27:39,S,253.95,3,37
2021-06-15 11:27:39,S,254.0,2,35
2021-06-15 11:27:39,S,254.05,1,7
2021-06-15 11:27:39,S,254.1,2,55
2021-06-15 11:27:39,S,254.15,3,13
2021-06-15 11:27:39,S,253.35,1,20
2021-06-15 11:27:39,S,253.3,3,170
2021-06-15 11:27:39,S,253.25,1,54
2021-06-15 11:27:39,S,253.15,1,4
2021-06-15 11:27:39,S,253.1,4,61
2021-06-15 11:27:42,S,253.95,3,37
2021-06-15 11:27:42,S,254.0,2,35
2021-06-15 11:27:42,S,254.1,2,55
2021-06-15 11:27:42,S,254.15,3,13
2021-06-15 11:27:42,S,254.2,1,4
2021-06-15 11:27:42,S,253.35,1,20
2021-06-15 11:27:42,S,253.3,4,174
2021-06-15 11:27:42,S,253.25,1,54
2021-06-15 11:27:42,S,253.15,1,4
2021-06-15 11:27:42,S,253.1,3,57
2021-06-15 11:27:45,S,253.95,4,42
2021-06-15 11:27:45,S,254.0,2,35
2021-06-15 11:27:45,S,254.1,2,55
2021-06-15 11:27:45,S,254.15,3,13
2021-06-15 11:27:45,S,254.2,1,4
2021-06-15 11:27:45,S,253.35,1,20
2021-06-15 11:27:45,S,253.3,4,174
2021-06-15 11:27:45,S,253.25,1,54
2021-06-15 11:27:45,S,253.15,1,4
2021-06-15 11:27:45,S,253.1,3,57
2021-06-15 11:27:51,S,253.65,1,5
2021-06-15 11:27:51,S,253.95,3,37
2021-06-15 11:27:51,S,254.0,3,39
2021-06-15 11:27:51,S,254.1,2,55
2021-06-15 11:27:51,S,254.15,3,13
2021-06-15 11:27:51,S,253.35,1,20
2021-06-15 11:27:51,S,253.3,4,174
2021-06-15 11:27:51,S,253.25,1,54
2021-06-15 11:27:51,S,253.15,1,4
2021-06-15 11:27:51,S,253.1,3,57
2021-06-15 11:27:53,S,253.65,1,5
2021-06-15 11:27:53,S,253.95,3,37
2021-06-15 11:27:53,S,254.0,3,39
2021-06-15 11:27:53,S,254.1,2,55
2021-06-15 11:27:53,S,254.15,3,13
2021-06-15 11:27:53,S,253.35,1,20
2021-06-15 11:27:53,S,253.3,4,174
2021-06-15 11:27:53,S,253.25,1,54
2021-06-15 11:27:53,S,253.15,1,4
2021-06-15 11:27:53,S,253.1,3,57
2021-06-15 11:27:54,S,253.95,3,37
2021-06-15 11:27:54,S,254.0,2,35
2021-06-15 11:27:54,S,254.1,2,55
2021-06-15 11:27:54,S,254.15,3,13
2021-06-15 11:27:54,S,254.25,1,3
2021-06-15 11:27:54,S,253.35,1,20
2021-06-15 11:27:54,S,253.3,4,174
2021-06-15 11:27:54,S,253.25,1,54
2021-06-15 11:27:54,S,253.15,1,4
2021-06-15 11:27:54,S,253.1,3,57
2021-06-15 11:28:03,S,253.95,4,43
2021-06-15 11:28:03,S,254.0,2,35
2021-06-15 11:28:03,S,254.1,2,55
2021-06-15 11:28:03,S,254.15,3,13
2021-06-15 11:28:03,S,254.25,1,3
2021-06-15 11:28:03,S,253.35,1,20
2021-06-15 11:28:03,S,253.3,4,174
2021-06-15 11:28:03,S,253.25,1,54
2021-06-15 11:28:03,S,253.15,1,4
2021-06-15 11:28:03,S,253.1,3,57
2021-06-15 11:28:05,S,253.65,1,6
2021-06-15 11:28:05,S,253.95,3,37
2021-06-15 11:28:05,S,254.0,3,39
2021-06-15 11:28:05,S,254.1,2,55
2021-06-15 11:28:05,S,254.15,3,13
2021-06-15 11:28:05,S,253.35,1,20
2021-06-15 11:28:05,S,253.3,4,174
2021-06-15 11:28:05,S,253.25,1,54
2021-06-15 11:28:05,S,253.15,1,4
2021-06-15 11:28:05,S,253.1,3,57
2021-06-15 11:28:08,S,253.65,1,6
2021-06-15 11:28:08,S,253.95,3,37
2021-06-15 11:28:08,S,254.0,3,69
2021-06-15 11:28:08,S,254.1,2,55
2021-06-15 11:28:08,S,254.15,3,13
2021-06-15 11:28:08,S,253.35,1,20
2021-06-15 11:28:08,S,253.3,4,174
2021-06-15 11:28:08,S,253.25,1,54
2021-06-15 11:28:08,S,253.15,1,4
2021-06-15 11:28:08,S,253.1,3,57
2021-06-15 11:28:10,S,253.95,3,37
2021-06-15 11:28:10,S,254.0,3,69
2021-06-15 11:28:10,S,254.1,2,55
2021-06-15 11:28:10,S,254.15,3,13
2021-06-15 11:28:10,S,254.25,1,3
2021-06-15 11:28:10,S,253.35,1,20
2021-06-15 11:28:10,S,253.3,4,174
2021-06-15 11:28:10,S,253.25,1,54
2021-06-15 11:28:10,S,253.15,1,4
2021-06-15 11:28:10,S,253.1,3,57
2021-06-15 11:28:16,S,253.95,4,42
2021-06-15 11:28:16,S,254.0,3,69
2021-06-15 11:28:16,S,254.1,2,55
2021-06-15 11:28:16,S,254.15,3,13
2021-06-15 11:28:16,S,254.25,1,3
2021-06-15 11:28:16,S,253.35,1,20
2021-06-15 11:28:16,S,253.3,4,174
2021-06-15 11:28:16,S,253.25,1,54
2021-06-15 11:28:16,S,253.15,1,4
2021-06-15 11:28:16,S,253.1,3,57
2021-06-15 11:28:19,S,253.95,4,42
2021-06-15 11:28:19,S,254.0,3,69
2021-06-15 11:28:19,S,254.1,2,55
2021-06-15 11:28:19,S,254.15,3,13
2021-06-15 11:28:19,S,254.25,1,3
2021-06-15 11:28:19,S,253.35,1,20
2021-06-15 11:28:19,S,253.3,4,174
2021-06-15 11:28:19,S,253.25,1,54
2021-06-15 11:28:19,S,253.15,1,4
2021-06-15 11:28:19,S,253.1,3,57
2021-06-15 11:28:22,S,253.65,1,5
2021-06-15 11:28:22,S,253.95,3,37
2021-06-15 11:28:22,S,254.0,3,69
2021-06-15 11:28:22,S,254.1,2,55
2021-06-15 11:28:22,S,254.15,3,13
2021-06-15 11:28:22,S,253.35,1,20
2021-06-15 11:28:22,S,253.3,4,174
2021-06-15 11:28:22,S,253.25,1,54
2021-06-15 11:28:22,S,253.15,1,4
2021-06-15 11:28:22,S,253.1,3,57
2021-06-15 11:28:22,S,253.65,1,5
2021-06-15 11:28:22,S,253.95,3,37
2021-06-15 11:28:22,S,254.0,3,69
2021-06-15 11:28:22,S,254.1,2,55
2021-06-15 11:28:22,S,254.15,3,13
2021-06-15 11:28:22,S,253.35,1,20
2021-06-15 11:28:22,S,253.3,4,174
2021-06-15 11:28:22,S,253.25,1,54
2021-06-15 11:28:22,S,253.15,1,4
2021-06-15 11:28:22,S,253.1,3,57
2021-06-15 11:28:25,S,253.95,3,37
2021-06-15 11:28:25,S,254.0,3,69
2021-06-15 11:28:25,S,254.1,2,55
2021-06-15 11:28:25,S,254.15,3,13
2021-06-15 11:28:25,S,254.2,1,4
2021-06-15 11:28:25,S,253.35,1,1
2021-06-15 11:28:25,S,253.3,3,170
2021-06-15 11:28:25,S,253.1,3,57
2021-06-15 11:28:25,S,253.05,2,29
2021-06-15 11:28:25,S,253.0,6,611
2021-06-15 11:28:31,S,253.95,4,43
2021-06-15 11:28:31,S,254.0,3,69
2021-06-15 11:28:31,S,254.1,2,55
2021-06-15 11:28:31,S,254.15,3,13
2021-06-15 11:28:31,S,254.25,1,3
2021-06-15 11:28:31,S,253.35,3,55
2021-06-15 11:28:31,S,253.3,2,120
2021-06-15 11:28:31,S,253.2,1,4
2021-06-15 11:28:31,S,253.1,3,57
2021-06-15 11:28:31,S,253.05,2,29
2021-06-15 11:28:34,S,253.65,1,6
2021-06-15 11:28:34,S,253.95,3,37
2021-06-15 11:28:34,S,254.0,3,69
2021-06-15 11:28:34,S,254.1,2,55
2021-06-15 11:28:34,S,254.15,3,13
2021-06-15 11:28:34,S,253.35,2,51
2021-06-15 11:28:34,S,253.3,2,120
2021-06-15 11:28:34,S,253.2,2,23
2021-06-15 11:28:34,S,253.1,3,57
2021-06-15 11:28:34,S,253.05,2,29
2021-06-15 11:28:38,S,253.65,1,6
2021-06-15 11:28:38,S,253.95,3,37
2021-06-15 11:28:38,S,254.0,3,69
2021-06-15 11:28:38,S,254.1,2,55
2021-06-15 11:28:38,S,254.15,3,13
2021-06-15 11:28:38,S,253.35,2,51
2021-06-15 11:28:38,S,253.3,2,120
2021-06-15 11:28:38,S,253.2,2,23
2021-06-15 11:28:38,S,253.1,3,57
2021-06-15 11:28:38,S,253.05,2,29
2021-06-15 11:28:40,S,253.95,3,37
2021-06-15 11:28:40,S,254.0,2,65
2021-06-15 11:28:40,S,254.1,2,55
2021-06-15 11:28:40,S,254.15,3,13
2021-06-15 11:28:40,S,254.25,1,3
2021-06-15 11:28:40,S,253.35,1,2
2021-06-15 11:28:40,S,253.3,2,120
2021-06-15 11:28:40,S,253.2,1,4
2021-06-15 11:28:40,S,253.1,3,57
2021-06-15 11:28:40,S,253.05,2,29
2021-06-15 11:28:43,S,253.95,3,37
2021-06-15 11:28:43,S,254.0,2,65
2021-06-15 11:28:43,S,254.1,2,55
2021-06-15 11:28:43,S,254.15,3,13
2021-06-15 11:28:43,S,254.25,1,3
2021-06-15 11:28:43,S,253.35,2,6
2021-06-15 11:28:43,S,253.3,2,120
2021-06-15 11:28:43,S,253.2,1,4
2021-06-15 11:28:43,S,253.1,3,57
2021-06-15 11:28:43,S,253.05,2,29
2021-06-15 11:28:46,S,253.95,4,44
2021-06-15 11:28:46,S,254.0,2,65
2021-06-15 11:28:46,S,254.1,2,55
2021-06-15 11:28:46,S,254.15,3,13
2021-06-15 11:28:46,S,254.25,1,3
2021-06-15 11:28:46,S,253.35,2,6
2021-06-15 11:28:46,S,253.3,2,120
2021-06-15 11:28:46,S,253.2,1,4
2021-06-15 11:28:46,S,253.1,3,57
2021-06-15 11:28:46,S,253.05,2,29
2021-06-15 11:28:49,S,253.95,4,44
2021-06-15 11:28:49,S,254.0,2,65
2021-06-15 11:28:49,S,254.1,2,55
2021-06-15 11:28:49,S,254.15,3,13
2021-06-15 11:28:49,S,254.25,1,3
2021-06-15 11:28:49,S,253.35,2,6
2021-06-15 11:28:49,S,253.3,2,120
2021-06-15 11:28:49,S,253.25,1,2
2021-06-15 11:28:49,S,253.2,1,4
2021-06-15 11:28:49,S,253.1,3,57
2021-06-15 11:28:51,S,253.65,1,4
2021-06-15 11:28:51,S,253.95,3,37
2021-06-15 11:28:51,S,254.0,3,69
2021-06-15 11:28:51,S,254.1,2,55
2021-06-15 11:28:51,S,254.15,3,13
2021-06-15 11:28:51,S,253.35,1,2
2021-06-15 11:28:51,S,253.3,2,120
2021-06-15 11:28:51,S,253.2,2,23
2021-06-15 11:28:51,S,253.1,3,57
2021-06-15 11:28:51,S,253.05,2,29
2021-06-15 11:28:53,S,253.65,1,4
2021-06-15 11:28:53,S,253.95,3,37
2021-06-15 11:28:53,S,254.0,3,69
2021-06-15 11:28:53,S,254.1,2,55
2021-06-15 11:28:53,S,254.15,3,13
2021-06-15 11:28:53,S,253.35,1,2
2021-06-15 11:28:53,S,253.3,2,120
2021-06-15 11:28:53,S,253.2,2,23
2021-06-15 11:28:53,S,253.1,3,57
2021-06-15 11:28:53,S,253.05,2,29
2021-06-15 11:28:54,S,253.35,1,6
2021-06-15 11:28:54,S,253.75,2,24
2021-06-15 11:28:54,S,253.8,2,20
2021-06-15 11:28:54,S,253.95,2,29
2021-06-15 11:28:54,S,254.0,3,69
2021-06-15 11:28:54,S,253.3,2,120
2021-06-15 11:28:54,S,253.1,4,69
2021-06-15 11:28:54,S,253.05,2,29
2021-06-15 11:28:54,S,253.0,7,641
2021-06-15 11:28:54,S,252.95,1,4
2021-06-15 11:28:57,S,253.75,2,24
2021-06-15 11:28:57,S,253.8,2,20
2021-06-15 11:28:57,S,253.95,2,29
2021-06-15 11:28:57,S,254.0,3,69
2021-06-15 11:28:57,S,254.1,2,55
2021-06-15 11:28:57,S,253.3,2,105
2021-06-15 11:28:57,S,253.1,4,61
2021-06-15 11:28:57,S,253.05,2,29
2021-06-15 11:28:57,S,253.0,7,641
2021-06-15 11:28:57,S,252.95,1,4
2021-06-15 11:29:03,S,253.75,3,29
2021-06-15 11:29:03,S,253.8,2,20
2021-06-15 11:29:03,S,253.95,2,29
2021-06-15 11:29:03,S,254.0,3,69
2021-06-15 11:29:03,S,254.1,2,55
2021-06-15 11:29:03,S,253.3,2,105
2021-06-15 11:29:03,S,253.1,4,61
2021-06-15 11:29:03,S,253.05,2,29
2021-06-15 11:29:03,S,253.0,7,641
2021-06-15 11:29:03,S,252.95,1,4
2021-06-15 11:29:07,S,253.55,1,5
2021-06-15 11:29:07,S,253.75,2,24
2021-06-15 11:29:07,S,253.8,2,20
2021-06-15 11:29:07,S,253.95,2,29
2021-06-15 11:29:07,S,254.0,3,69
2021-06-15 11:29:07,S,253.3,2,105
2021-06-15 11:29:07,S,253.1,4,61
2021-06-15 11:29:07,S,253.05,2,29
2021-06-15 11:29:07,S,253.0,7,641
2021-06-15 11:29:07,S,252.95,1,4
2021-06-15 11:29:08,S,253.55,1,5
2021-06-15 11:29:08,S,253.75,2,24
2021-06-15 11:29:08,S,253.8,2,20
2021-06-15 11:29:08,S,253.95,2,29
2021-06-15 11:29:08,S,254.0,3,69
2021-06-15 11:29:08,S,253.3,2,105
2021-06-15 11:29:08,S,253.1,4,61
2021-06-15 11:29:08,S,253.05,2,29
2021-06-15 11:29:08,S,253.0,7,641
2021-06-15 11:29:08,S,252.95,1,4
2021-06-15 11:29:10,S,253.75,2,24
2021-06-15 11:29:10,S,253.8,3,32
2021-06-15 11:29:10,S,253.95,2,29
2021-06-15 11:29:10,S,254.0,3,69
2021-06-15 11:29:10,S,254.1,2,55
2021-06-15 11:29:10,S,253.3,1,59
2021-06-15 11:29:10,S,253.1,3,55
2021-06-15 11:29:10,S,253.05,2,29
2021-06-15 11:29:10,S,253.0,7,641
2021-06-15 11:29:10,S,252.95,1,4
2021-06-15 11:29:16,S,253.75,2,14
2021-06-15 11:29:16,S,253.9,2,11
2021-06-15 11:29:16,S,253.95,2,29
2021-06-15 11:29:16,S,254.0,3,69
2021-06-15 11:29:16,S,254.1,2,55
2021-06-15 11:29:16,S,253.35,1,50
2021-06-15 11:29:16,S,253.3,1,59
2021-06-15 11:29:16,S,253.1,4,74
2021-06-15 11:29:16,S,253.05,2,29
2021-06-15 11:29:16,S,253.0,7,641
2021-06-15 11:29:19,S,253.55,1,7
2021-06-15 11:29:19,S,253.75,1,8
2021-06-15 11:29:19,S,253.8,2,20
2021-06-15 11:29:19,S,253.9,1,3
2021-06-15 11:29:19,S,253.95,2,29
2021-06-15 11:29:19,S,253.35,1,50
2021-06-15 11:29:19,S,253.3,1,59
2021-06-15 11:29:19,S,253.1,4,74
2021-06-15 11:29:19,S,253.05,2,29
2021-06-15 11:29:19,S,253.0,7,641
2021-06-15 11:29:23,S,253.55,1,7
2021-06-15 11:29:23,S,253.75,1,8
2021-06-15 11:29:23,S,253.8,2,20
2021-06-15 11:29:23,S,253.9,1,3
2021-06-15 11:29:23,S,253.95,2,29
2021-06-15 11:29:23,S,253.35,1,50
2021-06-15 11:29:23,S,253.3,1,59
2021-06-15 11:29:23,S,253.1,4,74
2021-06-15 11:29:23,S,253.05,2,29
2021-06-15 11:29:23,S,253.0,7,641
2021-06-15 11:29:25,S,253.35,1,7
2021-06-15 11:29:25,S,253.75,2,24
2021-06-15 11:29:25,S,253.8,2,20
2021-06-15 11:29:25,S,253.95,2,29
2021-06-15 11:29:25,S,254.0,3,69
2021-06-15 11:29:25,S,253.3,1,59
2021-06-15 11:29:25,S,253.1,2,51
2021-06-15 11:29:25,S,253.05,2,29
2021-06-15 11:29:25,S,253.0,7,641
2021-06-15 11:29:25,S,252.95,1,4
2021-06-15 11:29:27,S,253.35,1,7
2021-06-15 11:29:27,S,253.75,2,24
2021-06-15 11:29:27,S,253.8,2,20
2021-06-15 11:29:27,S,253.95,2,29
2021-06-15 11:29:27,S,254.0,3,69
2021-06-15 11:29:27,S,253.3,1,59
2021-06-15 11:29:27,S,253.1,2,51
2021-06-15 11:29:27,S,253.05,2,29
2021-06-15 11:29:27,S,253.0,7,641
2021-06-15 11:29:27,S,252.95,1,4
2021-06-15 11:29:28,S,253.75,2,24
2021-06-15 11:29:28,S,253.8,2,20
2021-06-15 11:29:28,S,253.95,2,29
2021-06-15 11:29:28,S,254.0,3,69
2021-06-15 11:29:28,S,254.1,2,55
2021-06-15 11:29:28,S,253.3,1,44
2021-06-15 11:29:28,S,253.15,1,4
2021-06-15 11:29:28,S,253.1,2,51
2021-06-15 11:29:28,S,253.05,1,10
2021-06-15 11:29:28,S,253.0,7,641
2021-06-15 11:29:31,S,253.75,3,31
2021-06-15 11:29:31,S,253.95,2,29
2021-06-15 11:29:31,S,254.0,3,69
2021-06-15 11:29:31,S,254.1,2,55
2021-06-15 11:29:31,S,254.15,3,13
2021-06-15 11:29:31,S,253.3,1,44
2021-06-15 11:29:31,S,253.15,1,4
2021-06-15 11:29:31,S,253.1,2,51
2021-06-15 11:29:31,S,253.05,1,10
2021-06-15 11:29:31,S,253.0,7,641
2021-06-15 11:29:33,S,253.75,3,31
2021-06-15 11:29:33,S,253.95,2,29
2021-06-15 11:29:33,S,254.0,3,69
2021-06-15 11:29:33,S,254.1,2,55
2021-06-15 11:29:33,S,254.15,3,13
2021-06-15 11:29:33,S,253.3,1,44
2021-06-15 11:29:33,S,253.15,1,4
2021-06-15 11:29:33,S,253.1,2,51
2021-06-15 11:29:33,S,253.05,1,10
2021-06-15 11:29:33,S,253.0,6,611
2021-06-15 11:29:36,S,253.55,2,13
2021-06-15 11:29:36,S,253.75,2,24
2021-06-15 11:29:36,S,253.95,2,29
2021-06-15 11:29:36,S,254.0,3,69
2021-06-15 11:29:36,S,254.1,2,55
2021-06-15 11:29:36,S,253.3,1,44
2021-06-15 11:29:36,S,253.1,2,51
2021-06-15 11:29:36,S,253.05,1,10
2021-06-15 11:29:36,S,253.0,6,611
2021-06-15 11:29:36,S,252.95,1,4
2021-06-15 11:29:38,S,253.55,2,13
2021-06-15 11:29:38,S,253.75,2,24
2021-06-15 11:29:38,S,253.95,2,29
2021-06-15 11:29:38,S,254.0,3,69
2021-06-15 11:29:38,S,254.1,2,55
2021-06-15 11:29:38,S,253.3,1,44
2021-06-15 11:29:38,S,253.1,2,51
2021-06-15 11:29:38,S,253.05,1,10
2021-06-15 11:29:38,S,253.0,6,611
2021-06-15 11:29:38,S,252.95,1,4
2021-06-15 11:29:39,S,253.3,1,7
2021-06-15 11:29:39,S,253.75,2,24
2021-06-15 11:29:39,S,253.8,2,18
2021-06-15 11:29:39,S,253.95,2,29
2021-06-15 11:29:39,S,254.0,3,69
2021-06-15 11:29:39,S,253.1,2,51
2021-06-15 11:29:39,S,253.05,1,10
2021-06-15 11:29:39,S,253.0,6,624
2021-06-15 11:29:39,S,252.95,2,17
2021-06-15 11:29:39,S,252.9,3,59
2021-06-15 11:29:42,S,253.3,1,7
2021-06-15 11:29:42,S,253.75,2,24
2021-06-15 11:29:42,S,253.8,2,18
2021-06-15 11:29:42,S,253.95,2,29
2021-06-15 11:29:42,S,254.0,3,69
2021-06-15 11:29:42,S,253.1,2,51
2021-06-15 11:29:42,S,253.05,1,10
2021-06-15 11:29:42,S,253.0,6,624
2021-06-15 11:29:42,S,252.95,2,17
2021-06-15 11:29:42,S,252.9,3,59
2021-06-15 11:29:45,S,253.75,3,29
2021-06-15 11:29:45,S,253.8,2,18
2021-06-15 11:29:45,S,253.95,2,29
2021-06-15 11:29:45,S,254.0,3,69
2021-06-15 11:29:45,S,254.05,1,3
2021-06-15 11:29:45,S,253.1,2,58
2021-06-15 11:29:45,S,253.05,2,14
2021-06-15 11:29:45,S,253.0,5,605
2021-06-15 11:29:45,S,252.95,1,5
2021-06-15 11:29:45,S,252.9,4,63
2021-06-15 11:29:49,S,253.75,3,29
2021-06-15 11:29:49,S,253.8,2,18
2021-06-15 11:29:49,S,253.95,2,29
2021-06-15 11:29:49,S,254.0,3,69
2021-06-15 11:29:49,S,254.05,1,3
2021-06-15 11:29:49,S,253.1,2,58
2021-06-15 11:29:49,S,253.05,2,14
2021-06-15 11:29:49,S,253.0,5,605
2021-06-15 11:29:49,S,252.95,1,5
2021-06-15 11:29:49,S,252.9,4,63
2021-06-15 11:29:51,S,253.45,1,5
2021-06-15 11:29:51,S,253.75,2,24
2021-06-15 11:29:51,S,253.8,2,18
2021-06-15 11:29:51,S,253.95,2,29
2021-06-15 11:29:51,S,254.0,3,69
2021-06-15 11:29:51,S,253.1,2,58
2021-06-15 11:29:51,S,253.05,1,10
2021-06-15 11:29:51,S,253.0,6,624
2021-06-15 11:29:51,S,252.95,1,5
2021-06-15 11:29:51,S,252.9,4,63
2021-06-15 11:29:53,S,253.45,1,5
2021-06-15 11:29:53,S,253.75,2,24
2021-06-15 11:29:53,S,253.8,2,18
2021-06-15 11:29:53,S,253.95,2,29
2021-06-15 11:29:53,S,254.0,3,69
2021-06-15 11:29:53,S,253.1,2,58
2021-06-15 11:29:53,S,253.05,1,10
2021-06-15 11:29:53,S,253.0,6,624
2021-06-15 11:29:53,S,252.95,1,5
2021-06-15 11:29:53,S,252.9,4,63
2021-06-15 11:29:54,S,253.75,2,24
2021-06-15 11:29:54,S,253.8,2,18
2021-06-15 11:29:54,S,253.95,2,29
2021-06-15 11:29:54,S,254.0,3,69
2021-06-15 11:29:54,S,254.05,1,3
2021-06-15 11:29:54,S,253.1,2,63
2021-06-15 11:29:54,S,253.05,2,14
2021-06-15 11:29:54,S,253.0,5,605
2021-06-15 11:29:54,S,252.95,1,5
2021-06-15 11:29:54,S,252.9,4,63
2021-06-15 11:29:57,S,253.75,2,24
2021-06-15 11:29:57,S,253.8,2,18
2021-06-15 11:29:57,S,253.95,2,29
2021-06-15 11:29:57,S,254.0,3,69
2021-06-15 11:29:57,S,254.05,1,3
2021-06-15 11:29:57,S,253.1,2,63
2021-06-15 11:29:57,S,253.05,2,14
2021-06-15 11:29:57,S,253.0,5,605
2021-06-15 11:29:57,S,252.95,1,5
2021-06-15 11:29:57,S,252.9,4,63
2021-06-15 11:30:03,S,253.7,2,15
2021-06-15 11:30:03,S,253.75,2,22
2021-06-15 11:30:03,S,253.8,2,18
2021-06-15 11:30:03,S,253.95,2,29
2021-06-15 11:30:03,S,254.0,3,69
2021-06-15 11:30:03,S,253.1,2,63
2021-06-15 11:30:03,S,253.05,1,10
2021-06-15 11:30:03,S,253.0,5,605
2021-06-15 11:30:03,S,252.95,1,5
2021-06-15 11:30:03,S,252.9,3,44
2021-06-15 11:30:07,S,253.7,2,15
2021-06-15 11:30:07,S,253.75,2,22
2021-06-15 11:30:07,S,253.8,2,18
2021-06-15 11:30:07,S,253.95,2,29
2021-06-15 11:30:07,S,254.0,3,69
2021-06-15 11:30:07,S,253.1,2,63
2021-06-15 11:30:07,S,253.05,1,10
2021-06-15 11:30:07,S,253.0,5,605
2021-06-15 11:30:07,S,252.95,1,5
2021-06-15 11:30:07,S,252.9,3,44
2021-06-15 11:30:08,S,253.75,2,22
2021-06-15 11:30:08,S,253.8,2,18
2021-06-15 11:30:08,S,253.95,2,29
2021-06-15 11:30:08,S,254.0,3,69
2021-06-15 11:30:08,S,254.1,2,55
2021-06-15 11:30:08,S,253.25,1,56
2021-06-15 11:30:08,S,253.15,1,30
2021-06-15 11:30:08,S,253.1,3,113
2021-06-15 11:30:08,S,253.05,2,14
2021-06-15 11:30:08,S,253.0,5,605
2021-06-15 11:30:09,S,253.75,2,22
2021-06-15 11:30:09,S,253.8,2,18
2021-06-15 11:30:09,S,253.95,2,29
2021-06-15 11:30:09,S,254.0,3,69
2021-06-15 11:30:09,S,254.1,2,55
2021-06-15 11:30:09,S,253.25,1,56
2021-06-15 11:30:09,S,253.15,1,30
2021-06-15 11:30:09,S,253.1,3,113
2021-06-15 11:30:09,S,253.05,2,14
2021-06-15 11:30:09,S,253.0,5,605
2021-06-15 11:30:10,S,253.75,2,22
2021-06-15 11:30:10,S,253.8,2,18
2021-06-15 11:30:10,S,253.95,2,29
2021-06-15 11:30:10,S,254.0,3,69
2021-06-15 11:30:10,S,254.1,2,55
2021-06-15 11:30:10,S,253.25,1,56
2021-06-15 11:30:10,S,253.15,1,30
2021-06-15 11:30:10,S,253.1,3,113
2021-06-15 11:30:10,S,253.05,2,14
2021-06-15 11:30:10,S,253.0,5,605
2021-06-15 11:30:11,S,253.75,2,22
2021-06-15 11:30:11,S,253.95,2,29
2021-06-15 11:30:11,S,254.0,3,69
2021-06-15 11:30:11,S,254.1,2,55
2021-06-15 11:30:11,S,254.15,4,15
2021-06-15 11:30:11,S,253.15,1,30
2021-06-15 11:30:11,S,253.1,3,113
2021-06-15 11:30:11,S,253.05,2,14
2021-06-15 11:30:11,S,253.0,5,605
2021-06-15 11:30:11,S,252.95,1,5
2021-06-15 11:30:13,S,253.75,2,22
2021-06-15 11:30:13,S,253.95,2,29
2021-06-15 11:30:13,S,254.0,3,69
2021-06-15 11:30:13,S,254.1,2,55
2021-06-15 11:30:13,S,254.15,3,13
2021-06-15 11:30:13,S,253.2,1,12
2021-06-15 11:30:13,S,253.15,1,30
2021-06-15 11:30:13,S,253.1,3,113
2021-06-15 11:30:13,S,253.05,2,14
2021-06-15 11:30:13,S,253.0,5,605
2021-06-15 11:30:16,S,253.75,3,29
2021-06-15 11:30:16,S,253.95,2,29
2021-06-15 11:30:16,S,254.0,3,69
2021-06-15 11:30:16,S,254.1,2,55
2021-06-15 11:30:16,S,254.15,3,13
2021-06-15 11:30:16,S,253.2,2,15
2021-06-15 11:30:16,S,253.15,1,30
2021-06-15 11:30:16,S,253.1,3,113
2021-06-15 11:30:16,S,253.05,2,14
2021-06-15 11:30:16,S,253.0,5,605
2021-06-15 11:30:19,S,253.75,3,29
2021-06-15 11:30:19,S,253.95,2,29
2021-06-15 11:30:19,S,254.0,3,69
2021-06-15 11:30:19,S,254.1,2,55
2021-06-15 11:30:19,S,254.15,3,13
2021-06-15 11:30:19,S,253.2,2,15
2021-06-15 11:30:19,S,253.15,1,30
2021-06-15 11:30:19,S,253.1,3,113
2021-06-15 11:30:19,S,253.05,2,14
2021-06-15 11:30:19,S,253.0,5,605
2021-06-15 11:30:19,S,253.5,1,7
2021-06-15 11:30:19,S,253.75,2,22
2021-06-15 11:30:19,S,253.95,2,29
2021-06-15 11:30:19,S,254.0,3,69
2021-06-15 11:30:19,S,254.1,2,55
2021-06-15 11:30:19,S,253.15,1,30
2021-06-15 11:30:19,S,253.1,4,188
2021-06-15 11:30:19,S,253.05,2,14
2021-06-15 11:30:19,S,253.0,5,605
2021-06-15 11:30:19,S,252.95,1,5
2021-06-15 11:30:21,S,253.5,1,7
2021-06-15 11:30:21,S,253.75,2,22
2021-06-15 11:30:21,S,253.95,2,29
2021-06-15 11:30:21,S,254.0,3,69
2021-06-15 11:30:21,S,254.1,2,55
2021-06-15 11:30:21,S,253.15,1,30
2021-06-15 11:30:21,S,253.1,4,188
2021-06-15 11:30:21,S,253.05,2,14
2021-06-15 11:30:21,S,253.0,5,605
2021-06-15 11:30:21,S,252.95,1,5
2021-06-15 11:30:22,S,253.85,2,20
2021-06-15 11:30:22,S,253.9,2,8
2021-06-15 11:30:22,S,253.95,2,29
2021-06-15 11:30:22,S,254.0,2,65
2021-06-15 11:30:22,S,254.1,2,55
2021-06-15 11:30:22,S,253.3,1,16
2021-06-15 11:30:22,S,253.25,1,49
2021-06-15 11:30:22,S,253.15,1,30
2021-06-15 11:30:22,S,253.1,3,138
2021-06-15 11:30:22,S,253.05,2,14
2021-06-15 11:30:25,S,253.85,2,20
2021-06-15 11:30:25,S,253.95,2,29
2021-06-15 11:30:25,S,254.0,2,65
2021-06-15 11:30:25,S,254.1,2,55
2021-06-15 11:30:25,S,254.15,3,13
2021-06-15 11:30:25,S,253.3,1,16
2021-06-15 11:30:25,S,253.25,1,49
2021-06-15 11:30:25,S,253.15,2,80
2021-06-15 11:30:25,S,253.1,3,138
2021-06-15 11:30:25,S,253.05,2,14
2021-06-15 11:30:27,S,253.85,2,20
2021-06-15 11:30:27,S,253.95,2,29
2021-06-15 11:30:27,S,254.0,2,65
2021-06-15 11:30:27,S,254.1,2,55
2021-06-15 11:30:27,S,254.15,3,13
2021-06-15 11:30:27,S,253.3,3,32
2021-06-15 11:30:27,S,253.25,1,49
2021-06-15 11:30:27,S,253.15,2,80
2021-06-15 11:30:27,S,253.1,3,138
2021-06-15 11:30:27,S,253.05,2,14
2021-06-15 11:30:30,S,253.85,3,27
2021-06-15 11:30:30,S,253.95,2,29
2021-06-15 11:30:30,S,254.0,2,65
2021-06-15 11:30:30,S,254.1,2,55
2021-06-15 11:30:30,S,254.15,2,9
2021-06-15 11:30:30,S,253.55,1,40
2021-06-15 11:30:30,S,253.5,1,16
2021-06-15 11:30:30,S,253.45,1,4
2021-06-15 11:30:30,S,253.3,1,4
2021-06-15 11:30:30,S,253.25,1,49
2021-06-15 11:30:34,S,253.85,3,27
2021-06-15 11:30:34,S,253.95,2,29
2021-06-15 11:30:34,S,254.0,2,65
2021-06-15 11:30:34,S,254.1,2,55
2021-06-15 11:30:34,S,254.15,2,9
2021-06-15 11:30:34,S,253.55,1,40
2021-06-15 11:30:34,S,253.5,1,16
2021-06-15 11:30:34,S,253.45,1,4
2021-06-15 11:30:34,S,253.3,1,4
2021-06-15 11:30:34,S,253.25,1,49
2021-06-15 11:30:34,S,253.7,1,7
2021-06-15 11:30:34,S,253.8,1,16
2021-06-15 11:30:34,S,253.85,1,4
2021-06-15 11:30:34,S,253.95,2,29
2021-06-15 11:30:34,S,254.0,2,65
2021-06-15 11:30:34,S,253.55,1,40
2021-06-15 11:30:34,S,253.35,1,16
2021-06-15 11:30:34,S,253.3,1,4
2021-06-15 11:30:34,S,253.25,1,49
2021-06-15 11:30:34,S,253.2,1,4
2021-06-15 11:30:37,S,253.7,2,12
2021-06-15 11:30:37,S,253.8,1,16
2021-06-15 11:30:37,S,253.85,1,4
2021-06-15 11:30:37,S,253.95,2,29
2021-06-15 11:30:37,S,254.0,2,65
2021-06-15 11:30:37,S,253.55,1,40
2021-06-15 11:30:37,S,253.35,1,16
2021-06-15 11:30:37,S,253.3,1,4
2021-06-15 11:30:37,S,253.25,1,49
2021-06-15 11:30:37,S,253.2,1,4
2021-06-15 11:30:40,S,253.55,1,6
2021-06-15 11:30:40,S,253.8,2,23
2021-06-15 11:30:40,S,253.95,2,29
2021-06-15 11:30:40,S,254.0,2,65
2021-06-15 11:30:40,S,254.1,2,55
2021-06-15 11:30:40,S,253.3,1,16
2021-06-15 11:30:40,S,253.25,1,49
2021-06-15 11:30:40,S,253.2,2,17
2021-06-15 11:30:40,S,253.15,2,80
2021-06-15 11:30:40,S,253.1,3,138
2021-06-15 11:30:42,S,253.55,1,6
2021-06-15 11:30:42,S,253.8,2,23
2021-06-15 11:30:42,S,253.95,2,29
2021-06-15 11:30:42,S,254.0,2,65
2021-06-15 11:30:42,S,254.1,2,55
2021-06-15 11:30:42,S,253.3,1,16
2021-06-15 11:30:42,S,253.25,1,49
2021-06-15 11:30:42,S,253.2,2,17
2021-06-15 11:30:42,S,253.15,2,80
2021-06-15 11:30:42,S,253.1,3,138
2021-06-15 11:30:43,S,253.8,2,23
2021-06-15 11:30:43,S,253.95,2,29
2021-06-15 11:30:43,S,254.0,3,69
2021-06-15 11:30:43,S,254.1,2,55
2021-06-15 11:30:43,S,254.15,3,13
2021-06-15 11:30:43,S,253.2,1,13
2021-06-15 11:30:43,S,253.15,3,84
2021-06-15 11:30:43,S,253.1,3,138
2021-06-15 11:30:43,S,253.05,2,29
2021-06-15 11:30:43,S,253.0,6,635
2021-06-15 11:30:45,S,253.8,3,29
2021-06-15 11:30:45,S,253.95,2,29
2021-06-15 11:30:45,S,254.0,3,69
2021-06-15 11:30:45,S,254.1,2,55
2021-06-15 11:30:45,S,254.15,4,18
2021-06-15 11:30:45,S,253.15,3,84
2021-06-15 11:30:45,S,253.1,3,138
2021-06-15 11:30:45,S,253.05,2,29
2021-06-15 11:30:45,S,253.0,6,635
2021-06-15 11:30:45,S,252.95,1,5
2021-06-15 11:30:48,S,253.8,3,29
2021-06-15 11:30:48,S,253.95,2,29
2021-06-15 11:30:48,S,254.0,3,69
2021-06-15 11:30:48,S,254.1,2,55
2021-06-15 11:30:48,S,254.15,3,13
2021-06-15 11:30:48,S,253.15,3,84
2021-06-15 11:30:48,S,253.1,3,138
2021-06-15 11:30:48,S,253.05,2,29
2021-06-15 11:30:48,S,253.0,6,635
2021-06-15 11:30:48,S,252.95,1,5
2021-06-15 11:30:51,S,253.5,1,6
2021-06-15 11:30:51,S,253.8,2,23
2021-06-15 11:30:51,S,253.95,2,29
2021-06-15 11:30:51,S,254.0,2,65
2021-06-15 11:30:51,S,254.1,3,59
2021-06-15 11:30:51,S,253.3,1,25
2021-06-15 11:30:51,S,253.25,1,56
2021-06-15 11:30:51,S,253.15,3,95
2021-06-15 11:30:51,S,253.1,5,165
2021-06-15 11:30:51,S,253.05,3,33
2021-06-15 11:30:53,S,253.5,1,6
2021-06-15 11:30:53,S,253.8,2,23
2021-06-15 11:30:53,S,253.95,2,29
2021-06-15 11:30:53,S,254.0,2,65
2021-06-15 11:30:53,S,254.1,3,59
2021-06-15 11:30:53,S,253.3,1,25
2021-06-15 11:30:53,S,253.25,1,56
2021-06-15 11:30:53,S,253.15,3,95
2021-06-15 11:30:53,S,253.1,5,165
2021-06-15 11:30:53,S,253.05,3,33
2021-06-15 11:30:54,S,253.85,2,23
2021-06-15 11:30:54,S,253.95,2,29
2021-06-15 11:30:54,S,254.0,2,65
2021-06-15 11:30:54,S,254.1,3,59
2021-06-15 11:30:54,S,254.15,2,9
2021-06-15 11:30:54,S,253.3,1,3
2021-06-15 11:30:54,S,253.15,2,80
2021-06-15 11:30:54,S,253.1,3,138
2021-06-15 11:30:54,S,253.05,3,33
2021-06-15 11:30:54,S,253.0,7,645
2021-06-15 11:31:01,S,253.85,3,28
2021-06-15 11:31:01,S,253.95,2,29
2021-06-15 11:31:01,S,254.0,2,65
2021-06-15 11:31:01,S,254.1,3,59
2021-06-15 11:31:01,S,254.15,2,9
2021-06-15 11:31:01,S,253.15,2,80
2021-06-15 11:31:01,S,253.1,3,138
2021-06-15 11:31:01,S,253.05,2,14
2021-06-15 11:31:01,S,253.0,8,646
2021-06-15 11:31:01,S,252.95,1,5
2021-06-15 11:31:04,S,253.85,3,28
2021-06-15 11:31:04,S,253.95,2,29
2021-06-15 11:31:04,S,254.0,2,65
2021-06-15 11:31:04,S,254.1,3,59
2021-06-15 11:31:04,S,254.15,2,9
2021-06-15 11:31:04,S,253.15,2,80
2021-06-15 11:31:04,S,253.1,3,138
2021-06-15 11:31:04,S,253.05,2,14
2021-06-15 11:31:04,S,253.0,8,646
2021-06-15 11:31:04,S,252.95,1,5
2021-06-15 11:31:08,S,253.85,3,28
2021-06-15 11:31:08,S,253.95,2,29
2021-06-15 11:31:08,S,254.0,2,65
2021-06-15 11:31:08,S,254.1,3,59
2021-06-15 11:31:08,S,254.15,2,9
2021-06-15 11:31:08,S,253.15,2,80
2021-06-15 11:31:08,S,253.1,3,138
2021-06-15 11:31:08,S,253.05,2,14
2021-06-15 11:31:08,S,253.0,8,646
2021-06-15 11:31:08,S,252.95,1,5
2021-06-15 11:31:09,S,253.75,2,20
2021-06-15 11:31:09,S,253.8,1,4
2021-06-15 11:31:09,S,253.9,1,4
2021-06-15 11:31:09,S,253.95,4,37
2021-06-15 11:31:09,S,254.0,2,65
2021-06-15 11:31:09,S,253.15,2,67
2021-06-15 11:31:09,S,253.1,3,138
2021-06-15 11:31:09,S,253.05,2,14
2021-06-15 11:31:09,S,253.0,8,646
2021-06-15 11:31:09,S,252.95,1,5
2021-06-15 11:31:12,S,253.75,2,21
2021-06-15 11:31:12,S,253.8,1,5
2021-06-15 11:31:12,S,253.9,1,7
2021-06-15 11:31:12,S,253.95,4,37
2021-06-15 11:31:12,S,254.0,2,65
2021-06-15 11:31:12,S,253.15,2,67
2021-06-15 11:31:12,S,253.1,3,138
2021-06-15 11:31:12,S,253.05,2,14
2021-06-15 11:31:12,S,253.0,8,646
2021-06-15 11:31:12,S,252.95,1,5
2021-06-15 11:31:16,S,253.75,3,27
2021-06-15 11:31:16,S,253.8,2,9
2021-06-15 11:31:16,S,253.9,1,7
2021-06-15 11:31:16,S,253.95,4,37
2021-06-15 11:31:16,S,254.0,2,65
2021-06-15 11:31:16,S,253.15,2,67
2021-06-15 11:31:16,S,253.1,3,138
2021-06-15 11:31:16,S,253.05,2,14
2021-06-15 11:31:16,S,253.0,8,646
2021-06-15 11:31:16,S,252.95,1,5
2021-06-15 11:31:19,S,253.45,1,6
2021-06-15 11:31:19,S,253.75,2,21
2021-06-15 11:31:19,S,253.95,4,37
2021-06-15 11:31:19,S,254.0,2,65
2021-06-15 11:31:19,S,254.05,1,4
2021-06-15 11:31:19,S,253.15,2,67
2021-06-15 11:31:19,S,253.1,3,138
2021-06-15 11:31:19,S,253.05,2,22
2021-06-15 11:31:19,S,253.0,8,646
2021-06-15 11:31:19,S,252.95,1,5
2021-06-15 11:31:23,S,253.45,1,6
2021-06-15 11:31:23,S,253.75,2,21
2021-06-15 11:31:23,S,253.95,4,37
2021-06-15 11:31:23,S,254.0,2,65
2021-06-15 11:31:23,S,254.05,1,4
2021-06-15 11:31:23,S,253.15,2,67
2021-06-15 11:31:23,S,253.1,3,138
2021-06-15 11:31:23,S,253.05,2,22
2021-06-15 11:31:23,S,253.0,8,646
2021-06-15 11:31:23,S,252.95,1,5
2021-06-15 11:31:24,S,253.8,2,20
2021-06-15 11:31:24,S,253.95,3,33
2021-06-15 11:31:24,S,254.0,2,65
2021-06-15 11:31:24,S,254.05,1,4
2021-06-15 11:31:24,S,254.1,2,11
2021-06-15 11:31:24,S,253.15,1,22
2021-06-15 11:31:24,S,253.1,3,138
2021-06-15 11:31:24,S,253.05,2,14
2021-06-15 11:31:24,S,253.0,8,646
2021-06-15 11:31:24,S,252.95,1,5
2021-06-15 11:31:26,S,253.9,2,22
2021-06-15 11:31:26,S,253.95,2,29
2021-06-15 11:31:26,S,254.05,2,17
2021-06-15 11:31:26,S,254.1,2,11
2021-06-15 11:31:26,S,254.15,3,13
2021-06-15 11:31:26,S,253.45,1,100
2021-06-15 11:31:26,S,253.15,2,37
2021-06-15 11:31:26,S,253.1,4,157
2021-06-15 11:31:26,S,253.05,3,33
2021-06-15 11:31:26,S,253.0,8,646
2021-06-15 11:31:29,S,253.9,2,22
2021-06-15 11:31:29,S,253.95,2,29
2021-06-15 11:31:29,S,254.15,3,13
2021-06-15 11:31:29,S,254.2,1,5
2021-06-15 11:31:29,S,254.25,1,4
2021-06-15 11:31:29,S,253.45,1,100
2021-06-15 11:31:29,S,253.4,1,12
2021-06-15 11:31:29,S,253.35,1,4
2021-06-15 11:31:29,S,253.2,2,23
2021-06-15 11:31:29,S,253.15,2,37
2021-06-15 11:31:31,S,253.9,3,28
2021-06-15 11:31:31,S,253.95,2,29
2021-06-15 11:31:31,S,254.15,3,13
2021-06-15 11:31:31,S,254.25,1,4
2021-06-15 11:31:31,S,254.3,1,4
2021-06-15 11:31:31,S,253.45,1,100
2021-06-15 11:31:31,S,253.35,1,4
2021-06-15 11:31:31,S,253.2,3,73
2021-06-15 11:31:31,S,253.15,2,37
2021-06-15 11:31:31,S,253.1,4,157
2021-06-15 11:31:34,S,253.9,3,28
2021-06-15 11:31:34,S,253.95,2,29
2021-06-15 11:31:34,S,254.15,3,13
2021-06-15 11:31:34,S,254.25,1,4
2021-06-15 11:31:34,S,254.3,1,4
2021-06-15 11:31:34,S,253.45,1,100
2021-06-15 11:31:34,S,253.35,1,4
2021-06-15 11:31:34,S,253.2,3,73
2021-06-15 11:31:34,S,253.15,2,37
2021-06-15 11:31:34,S,253.1,4,157
2021-06-15 11:31:37,S,253.7,1,6
2021-06-15 11:31:37,S,253.9,2,22
2021-06-15 11:31:37,S,253.95,2,29
2021-06-15 11:31:37,S,254.15,4,17
2021-06-15 11:31:37,S,254.25,1,4
2021-06-15 11:31:37,S,253.45,1,100
2021-06-15 11:31:37,S,253.35,1,4
2021-06-15 11:31:37,S,253.3,1,13
2021-06-15 11:31:37,S,253.25,1,50
2021-06-15 11:31:37,S,253.2,3,73
2021-06-15 11:31:38,S,253.7,1,6
2021-06-15 11:31:38,S,253.9,2,22
2021-06-15 11:31:38,S,253.95,2,29
2021-06-15 11:31:38,S,254.15,4,17
2021-06-15 11:31:38,S,254.25,1,4
2021-06-15 11:31:38,S,253.45,1,100
2021-06-15 11:31:38,S,253.35,1,4
2021-06-15 11:31:38,S,253.3,1,13
2021-06-15 11:31:38,S,253.25,1,50
2021-06-15 11:31:38,S,253.2,3,73
2021-06-15 11:31:40,S,253.9,2,22
2021-06-15 11:31:40,S,253.95,2,29
2021-06-15 11:31:40,S,254.15,3,13
2021-06-15 11:31:40,S,254.25,1,4
2021-06-15 11:31:40,S,254.3,1,4
2021-06-15 11:31:40,S,253.45,1,46
2021-06-15 11:31:40,S,253.35,1,4
2021-06-15 11:31:40,S,253.25,1,50
2021-06-15 11:31:40,S,253.2,3,73
2021-06-15 11:31:40,S,253.15,2,37
2021-06-15 11:31:48,S,253.9,3,29
2021-06-15 11:31:48,S,253.95,2,29
2021-06-15 11:31:48,S,254.15,3,13
2021-06-15 11:31:48,S,254.25,1,4
2021-06-15 11:31:48,S,254.3,1,4
2021-06-15 11:31:48,S,253.45,1,46
2021-06-15 11:31:48,S,253.35,1,4
2021-06-15 11:31:48,S,253.25,1,50
2021-06-15 11:31:48,S,253.2,3,73
2021-06-15 11:31:48,S,253.15,2,37
2021-06-15 11:31:49,S,253.9,3,29
2021-06-15 11:31:49,S,253.95,2,29
2021-06-15 11:31:49,S,254.15,3,13
2021-06-15 11:31:49,S,254.25,1,4
2021-06-15 11:31:49,S,254.3,1,4
2021-06-15 11:31:49,S,253.45,1,46
2021-06-15 11:31:49,S,253.35,1,4
2021-06-15 11:31:49,S,253.25,1,50
2021-06-15 11:31:49,S,253.2,3,73
2021-06-15 11:31:49,S,253.15,2,37
2021-06-15 11:31:51,S,253.0,2,22
2021-06-15 11:31:51,S,253.35,2,23
2021-06-15 11:31:51,S,253.4,2,9
2021-06-15 11:31:51,S,253.5,1,12
2021-06-15 11:31:51,S,253.55,1,12
2021-06-15 11:31:51,S,252.55,1,76
2021-06-15 11:31:51,S,252.5,3,3
2021-06-15 11:31:51,S,252.35,1,1
2021-06-15 11:31:51,S,252.2,1,20
2021-06-15 11:31:51,S,252.05,4,504
2021-06-15 11:31:52,S,253.0,2,22
2021-06-15 11:31:52,S,253.35,2,23
2021-06-15 11:31:52,S,253.4,2,9
2021-06-15 11:31:52,S,253.5,1,12
2021-06-15 11:31:52,S,253.55,1,12
2021-06-15 11:31:52,S,252.55,1,76
2021-06-15 11:31:52,S,252.5,3,3
2021-06-15 11:31:52,S,252.35,1,1
2021-06-15 11:31:52,S,252.2,1,20
2021-06-15 11:31:52,S,252.05,4,504
2021-06-15 11:31:53,S,252.8,3,38
2021-06-15 11:31:53,S,252.85,2,23
2021-06-15 11:31:53,S,253.0,3,243
2021-06-15 11:31:53,S,253.05,1,4
2021-06-15 11:31:53,S,253.2,1,4
2021-06-15 11:31:53,S,252.55,1,37
2021-06-15 11:31:53,S,252.5,3,3
2021-06-15 11:31:53,S,252.35,1,1
2021-06-15 11:31:53,S,252.2,1,20
2021-06-15 11:31:53,S,252.1,1,4
2021-06-15 11:31:58,S,252.95,2,28
2021-06-15 11:31:58,S,253.0,3,46
2021-06-15 11:31:58,S,253.05,2,13
2021-06-15 11:31:58,S,253.2,1,4
2021-06-15 11:31:58,S,253.65,1,6
2021-06-15 11:31:58,S,252.55,1,37
2021-06-15 11:31:58,S,252.5,3,3
2021-06-15 11:31:58,S,252.35,1,1
2021-06-15 11:31:58,S,252.25,1,4
2021-06-15 11:31:58,S,252.2,1,20
2021-06-15 11:32:01,S,252.95,3,26
2021-06-15 11:32:01,S,253.0,4,59
2021-06-15 11:32:01,S,253.2,2,18
2021-06-15 11:32:01,S,253.3,1,4
2021-06-15 11:32:01,S,253.45,1,4
2021-06-15 11:32:01,S,252.55,1,37
2021-06-15 11:32:01,S,252.5,3,3
2021-06-15 11:32:01,S,252.35,1,1
2021-06-15 11:32:01,S,252.25,1,4
2021-06-15 11:32:01,S,252.2,1,20
2021-06-15 11:32:06,S,252.75,2,11
2021-06-15 11:32:06,S,252.95,2,21
2021-06-15 11:32:06,S,253.0,3,46
2021-06-15 11:32:06,S,253.05,1,4
2021-06-15 11:32:06,S,253.2,2,18
2021-06-15 11:32:06,S,252.55,1,37
2021-06-15 11:32:06,S,252.5,3,3
2021-06-15 11:32:06,S,252.35,1,1
2021-06-15 11:32:06,S,252.25,1,4
2021-06-15 11:32:06,S,252.2,1,20
2021-06-15 11:32:07,S,252.75,2,11
2021-06-15 11:32:07,S,252.95,2,21
2021-06-15 11:32:07,S,253.0,3,46
2021-06-15 11:32:07,S,253.05,1,4
2021-06-15 11:32:07,S,253.2,2,18
2021-06-15 11:32:07,S,252.55,1,37
2021-06-15 11:32:07,S,252.5,3,3
2021-06-15 11:32:07,S,252.35,1,1
2021-06-15 11:32:07,S,252.25,1,4
2021-06-15 11:32:07,S,252.2,1,20
2021-06-15 11:32:09,S,252.75,2,11
2021-06-15 11:32:09,S,252.95,2,21
2021-06-15 11:32:09,S,253.0,3,46
2021-06-15 11:32:09,S,253.05,1,4
2021-06-15 11:32:09,S,253.2,2,18
2021-06-15 11:32:09,S,252.55,1,37
2021-06-15 11:32:09,S,252.5,3,3
2021-06-15 11:32:09,S,252.35,1,1
2021-06-15 11:32:09,S,252.25,1,4
2021-06-15 11:32:09,S,252.2,1,20
2021-06-15 11:32:09,S,253.0,2,22
2021-06-15 11:32:09,S,253.05,2,26
2021-06-15 11:32:09,S,253.1,2,15
2021-06-15 11:32:09,S,253.2,2,18
2021-06-15 11:32:09,S,253.45,1,4
2021-06-15 11:32:09,S,252.55,1,100
2021-06-15 11:32:09,S,252.5,3,3
2021-06-15 11:32:09,S,252.35,1,1
2021-06-15 11:32:09,S,252.2,1,20
2021-06-15 11:32:09,S,252.1,2,24
2021-06-15 11:32:12,S,253.0,2,22
2021-06-15 11:32:12,S,253.05,2,26
2021-06-15 11:32:12,S,253.2,2,18
2021-06-15 11:32:12,S,253.45,1,4
2021-06-15 11:32:12,S,253.55,1,1
2021-06-15 11:32:12,S,252.55,1,100
2021-06-15 11:32:12,S,252.5,3,3
2021-06-15 11:32:12,S,252.35,1,1
2021-06-15 11:32:12,S,252.2,1,20
2021-06-15 11:32:12,S,252.1,2,24
2021-06-15 11:32:15,S,253.0,3,28
2021-06-15 11:32:15,S,253.05,2,26
2021-06-15 11:32:15,S,253.2,2,18
2021-06-15 11:32:15,S,253.45,1,4
2021-06-15 11:32:15,S,253.55,1,1
2021-06-15 11:32:15,S,252.55,1,100
2021-06-15 11:32:15,S,252.5,3,3
2021-06-15 11:32:15,S,252.35,1,1
2021-06-15 11:32:15,S,252.3,1,4
2021-06-15 11:32:15,S,252.2,1,20
2021-06-15 11:32:18,S,253.0,3,28
2021-06-15 11:32:18,S,253.05,2,26
2021-06-15 11:32:18,S,253.1,2,10
2021-06-15 11:32:18,S,253.2,2,18
2021-06-15 11:32:18,S,253.45,1,4
2021-06-15 11:32:18,S,252.55,3,200
2021-06-15 11:32:18,S,252.5,3,3
2021-06-15 11:32:18,S,252.45,1,4
2021-06-15 11:32:18,S,252.35,1,1
2021-06-15 11:32:18,S,252.3,1,4
2021-06-15 11:32:21,S,252.8,1,6
2021-06-15 11:32:21,S,252.95,2,31
2021-06-15 11:32:21,S,253.0,2,22
2021-06-15 11:32:21,S,253.2,2,18
2021-06-15 11:32:21,S,253.45,1,4
2021-06-15 11:32:21,S,252.55,3,200
2021-06-15 11:32:21,S,252.5,3,3
2021-06-15 11:32:21,S,252.35,1,1
2021-06-15 11:32:21,S,252.3,1,4
2021-06-15 11:32:21,S,252.2,1,20
2021-06-15 11:32:23,S,252.8,1,6
2021-06-15 11:32:23,S,252.95,2,31
2021-06-15 11:32:23,S,253.0,2,22
2021-06-15 11:32:23,S,253.2,2,18
2021-06-15 11:32:23,S,253.45,1,4
2021-06-15 11:32:23,S,252.55,3,200
2021-06-15 11:32:23,S,252.5,3,3
2021-06-15 11:32:23,S,252.35,1,1
2021-06-15 11:32:23,S,252.3,1,4
2021-06-15 11:32:23,S,252.2,1,20
2021-06-15 11:32:24,S,253.0,2,22
2021-06-15 11:32:24,S,253.15,2,25
2021-06-15 11:32:24,S,253.2,2,18
2021-06-15 11:32:24,S,253.45,1,4
2021-06-15 11:32:24,S,253.5,1,3
2021-06-15 11:32:24,S,252.55,3,153
2021-06-15 11:32:24,S,252.5,3,3
2021-06-15 11:32:24,S,252.45,1,4
2021-06-15 11:32:24,S,252.35,1,1
2021-06-15 11:32:24,S,252.3,1,4
2021-06-15 11:32:27,S,253.0,2,22
2021-06-15 11:32:27,S,253.15,2,25
2021-06-15 11:32:27,S,253.2,2,18
2021-06-15 11:32:27,S,253.45,1,4
2021-06-15 11:32:27,S,253.6,1,6
2021-06-15 11:32:27,S,252.55,3,153
2021-06-15 11:32:27,S,252.5,3,3
2021-06-15 11:32:27,S,252.45,1,4
2021-06-15 11:32:27,S,252.35,1,1
2021-06-15 11:32:27,S,252.3,1,4
2021-06-15 11:32:30,S,253.0,3,29
2021-06-15 11:32:30,S,253.15,2,25
2021-06-15 11:32:30,S,253.2,2,18
2021-06-15 11:32:30,S,253.45,1,4
2021-06-15 11:32:30,S,253.6,1,6
2021-06-15 11:32:30,S,252.55,4,163
2021-06-15 11:32:30,S,252.5,3,3
2021-06-15 11:32:30,S,252.45,1,4
2021-06-15 11:32:30,S,252.35,1,1
2021-06-15 11:32:30,S,252.3,1,4
2021-06-15 11:32:35,S,253.0,3,29
2021-06-15 11:32:35,S,253.15,2,25
2021-06-15 11:32:35,S,253.2,2,18
2021-06-15 11:32:35,S,253.45,1,4
2021-06-15 11:32:35,S,253.6,1,6
2021-06-15 11:32:35,S,252.55,4,163
2021-06-15 11:32:35,S,252.5,3,3
2021-06-15 11:32:35,S,252.45,1,4
2021-06-15 11:32:35,S,252.35,1,1
2021-06-15 11:32:35,S,252.3,1,4
2021-06-15 11:32:36,S,252.8,1,7
2021-06-15 11:32:36,S,253.0,2,22
2021-06-15 11:32:36,S,253.15,2,25
2021-06-15 11:32:36,S,253.2,2,18
2021-06-15 11:32:36,S,253.45,1,4
2021-06-15 11:32:36,S,252.55,4,148
2021-06-15 11:32:36,S,252.5,3,3
2021-06-15 11:32:36,S,252.35,1,1
2021-06-15 11:32:36,S,252.3,1,4
2021-06-15 11:32:36,S,252.2,1,20
2021-06-15 11:32:37,S,252.8,1,7
2021-06-15 11:32:37,S,253.0,2,22
2021-06-15 11:32:37,S,253.15,2,25
2021-06-15 11:32:37,S,253.2,2,18
2021-06-15 11:32:37,S,253.45,1,4
2021-06-15 11:32:37,S,252.55,4,148
2021-06-15 11:32:37,S,252.5,3,3
2021-06-15 11:32:37,S,252.35,1,1
2021-06-15 11:32:37,S,252.3,1,4
2021-06-15 11:32:37,S,252.2,1,20
2021-06-15 11:32:38,S,252.95,2,22
2021-06-15 11:32:38,S,253.0,2,23
2021-06-15 11:32:38,S,253.05,2,12
2021-06-15 11:32:38,S,253.2,1,4
2021-06-15 11:32:38,S,253.45,1,4
2021-06-15 11:32:38,S,252.55,4,113
2021-06-15 11:32:38,S,252.5,3,3
2021-06-15 11:32:38,S,252.35,1,1
2021-06-15 11:32:38,S,252.3,1,4
2021-06-15 11:32:38,S,252.2,1,20
2021-06-15 11:32:40,S,252.95,2,22
2021-06-15 11:32:40,S,253.0,2,23
2021-06-15 11:32:40,S,253.05,2,12
2021-06-15 11:32:40,S,253.2,1,4
2021-06-15 11:32:40,S,253.45,1,4
2021-06-15 11:32:40,S,252.55,4,113
2021-06-15 11:32:40,S,252.5,3,3
2021-06-15 11:32:40,S,252.35,1,1
2021-06-15 11:32:40,S,252.3,1,4
2021-06-15 11:32:40,S,252.2,1,20
2021-06-15 11:32:41,S,253.3,2,12
2021-06-15 11:32:41,S,253.45,2,10
2021-06-15 11:32:41,S,253.55,1,16
2021-06-15 11:32:41,S,253.6,1,6
2021-06-15 11:32:41,S,253.8,1,7
2021-06-15 11:32:41,S,253.05,1,8
2021-06-15 11:32:41,S,253.0,1,111
2021-06-15 11:32:41,S,252.55,5,132
2021-06-15 11:32:41,S,252.5,4,22
2021-06-15 11:32:41,S,252.35,2,2
2021-06-15 11:32:43,S,253.45,2,10
2021-06-15 11:32:43,S,253.6,2,13
2021-06-15 11:32:43,S,253.75,1,16
2021-06-15 11:32:43,S,253.8,1,7
2021-06-15 11:32:43,S,253.95,4,85
2021-06-15 11:32:43,S,253.05,1,8
2021-06-15 11:32:43,S,253.0,1,111
2021-06-15 11:32:43,S,252.55,5,132
2021-06-15 11:32:43,S,252.5,5,23
2021-06-15 11:32:43,S,252.45,1,48
2021-06-15 11:32:46,S,253.45,2,12
2021-06-15 11:32:46,S,253.55,2,23
2021-06-15 11:32:46,S,253.6,2,13
2021-06-15 11:32:46,S,253.8,1,7
2021-06-15 11:32:46,S,253.9,1,20
2021-06-15 11:32:46,S,253.05,1,8
2021-06-15 11:32:46,S,253.0,1,111
2021-06-15 11:32:46,S,252.55,5,132
2021-06-15 11:32:46,S,252.5,5,23
2021-06-15 11:32:46,S,252.45,1,48
2021-06-15 11:32:48,S,253.45,2,12
2021-06-15 11:32:48,S,253.5,2,23
2021-06-15 11:32:48,S,253.55,1,7
2021-06-15 11:32:48,S,253.6,2,13
2021-06-15 11:32:48,S,253.8,2,12
2021-06-15 11:32:48,S,253.05,1,8
2021-06-15 11:32:48,S,253.0,1,111
2021-06-15 11:32:48,S,252.9,1,4
2021-06-15 11:32:48,S,252.75,1,4
2021-06-15 11:32:48,S,252.6,1,50
2021-06-15 11:32:51,S,253.25,2,11
2021-06-15 11:32:51,S,253.55,2,24
2021-06-15 11:32:51,S,253.6,2,13
2021-06-15 11:32:51,S,253.8,2,12
2021-06-15 11:32:51,S,253.95,4,85
2021-06-15 11:32:51,S,253.05,1,8
2021-06-15 11:32:51,S,253.0,1,111
2021-06-15 11:32:51,S,252.75,1,4
2021-06-15 11:32:51,S,252.65,1,4
2021-06-15 11:32:51,S,252.6,1,50
2021-06-15 11:32:51,S,253.25,2,11
2021-06-15 11:32:51,S,253.55,2,24
2021-06-15 11:32:51,S,253.6,2,13
2021-06-15 11:32:51,S,253.8,2,12
2021-06-15 11:32:51,S,253.95,4,85
2021-06-15 11:32:51,S,253.05,1,8
2021-06-15 11:32:51,S,253.0,1,111
2021-06-15 11:32:51,S,252.75,1,4
2021-06-15 11:32:51,S,252.65,1,4
2021-06-15 11:32:51,S,252.6,1,50
2021-06-15 11:32:53,S,253.25,2,11
2021-06-15 11:32:53,S,253.55,2,24
2021-06-15 11:32:53,S,253.6,2,13
2021-06-15 11:32:53,S,253.8,2,12
2021-06-15 11:32:53,S,253.95,4,85
2021-06-15 11:32:53,S,253.05,1,8
2021-06-15 11:32:53,S,253.0,1,111
2021-06-15 11:32:53,S,252.75,1,4
2021-06-15 11:32:53,S,252.65,1,4
2021-06-15 11:32:53,S,252.6,1,50
2021-06-15 11:32:54,S,253.05,1,5
2021-06-15 11:32:54,S,253.55,2,28
2021-06-15 11:32:54,S,253.6,2,13
2021-06-15 11:32:54,S,253.8,2,12
2021-06-15 11:32:54,S,253.95,4,85
2021-06-15 11:32:54,S,253.0,1,111
2021-06-15 11:32:54,S,252.85,1,59
2021-06-15 11:32:54,S,252.65,2,23
2021-06-15 11:32:54,S,252.6,1,50
2021-06-15 11:32:54,S,252.55,4,113
2021-06-15 11:32:57,S,253.05,1,5
2021-06-15 11:32:57,S,253.55,2,28
2021-06-15 11:32:57,S,253.6,2,13
2021-06-15 11:32:57,S,253.8,2,12
2021-06-15 11:32:57,S,253.95,4,85
2021-06-15 11:32:57,S,253.0,1,111
2021-06-15 11:32:57,S,252.85,1,59
2021-06-15 11:32:57,S,252.65,2,23
2021-06-15 11:32:57,S,252.6,1,50
2021-06-15 11:32:57,S,252.55,4,113
2021-06-15 11:32:58,S,253.05,1,5
2021-06-15 11:32:58,S,253.55,2,28
2021-06-15 11:32:58,S,253.6,2,13
2021-06-15 11:32:58,S,253.8,2,12
2021-06-15 11:32:58,S,253.95,4,85
2021-06-15 11:32:58,S,253.0,1,111
2021-06-15 11:32:58,S,252.85,1,59
2021-06-15 11:32:58,S,252.65,2,23
2021-06-15 11:32:58,S,252.6,1,50
2021-06-15 11:32:58,S,252.55,4,113
2021-06-15 11:32:58,S,253.45,2,16
2021-06-15 11:32:58,S,253.55,1,16
2021-06-15 11:32:58,S,253.6,2,13
2021-06-15 11:32:58,S,253.8,2,12
2021-06-15 11:32:58,S,253.9,1,20
2021-06-15 11:32:58,S,253.0,1,111
2021-06-15 11:32:58,S,252.75,1,4
2021-06-15 11:32:58,S,252.6,2,69
2021-06-15 11:32:58,S,252.55,5,132
2021-06-15 11:32:58,S,252.5,5,9
2021-06-15 11:33:01,S,253.45,2,18
2021-06-15 11:33:01,S,253.55,1,16
2021-06-15 11:33:01,S,253.6,2,13
2021-06-15 11:33:01,S,253.8,2,12
2021-06-15 11:33:01,S,253.95,4,85
2021-06-15 11:33:01,S,253.0,1,111
2021-06-15 11:33:01,S,252.75,1,4
2021-06-15 11:33:01,S,252.6,2,69
2021-06-15 11:33:01,S,252.55,5,132
2021-06-15 11:33:01,S,252.5,5,9
2021-06-15 11:33:02,S,253.45,2,18
2021-06-15 11:33:02,S,253.55,1,16
2021-06-15 11:33:02,S,253.6,2,13
2021-06-15 11:33:02,S,253.8,2,12
2021-06-15 11:33:02,S,253.95,4,85
2021-06-15 11:33:02,S,253.0,1,111
2021-06-15 11:33:02,S,252.75,1,4
2021-06-15 11:33:02,S,252.6,2,69
2021-06-15 11:33:02,S,252.55,5,132
2021-06-15 11:33:02,S,252.5,5,9
2021-06-15 11:33:03,S,253.45,2,18
2021-06-15 11:33:03,S,253.55,1,16
2021-06-15 11:33:03,S,253.6,2,13
2021-06-15 11:33:03,S,253.8,2,12
2021-06-15 11:33:03,S,253.9,1,20
2021-06-15 11:33:03,S,253.0,1,100
2021-06-15 11:33:03,S,252.9,1,4
2021-06-15 11:33:03,S,252.75,1,4
2021-06-15 11:33:03,S,252.6,1,50
2021-06-15 11:33:03,S,252.55,5,132
2021-06-15 11:33:06,S,253.25,2,11
2021-06-15 11:33:06,S,253.55,2,21
2021-06-15 11:33:06,S,253.6,2,13
2021-06-15 11:33:06,S,253.8,2,12
2021-06-15 11:33:06,S,253.9,1,20
2021-06-15 11:33:06,S,253.0,2,110
2021-06-15 11:33:06,S,252.75,1,4
2021-06-15 11:33:06,S,252.65,1,4
2021-06-15 11:33:06,S,252.6,1,50
2021-06-15 11:33:06,S,252.55,4,113
2021-06-15 11:33:08,S,253.25,2,11
2021-06-15 11:33:08,S,253.55,2,21
2021-06-15 11:33:08,S,253.6,2,13
2021-06-15 11:33:08,S,253.8,2,12
2021-06-15 11:33:08,S,253.9,1,20
2021-06-15 11:33:08,S,253.0,2,110
2021-06-15 11:33:08,S,252.75,1,4
2021-06-15 11:33:08,S,252.65,1,4
2021-06-15 11:33:08,S,252.6,1,50
2021-06-15 11:33:08,S,252.55,4,113
2021-06-15 11:33:10,S,253.55,2,21
2021-06-15 11:33:10,S,253.6,2,13
2021-06-15 11:33:10,S,253.8,2,12
2021-06-15 11:33:10,S,253.9,1,20
2021-06-15 11:33:10,S,253.95,4,85
2021-06-15 11:33:10,S,253.0,2,54
2021-06-15 11:33:10,S,252.75,1,4
2021-06-15 11:33:10,S,252.65,1,4
2021-06-15 11:33:10,S,252.6,1,50
2021-06-15 11:33:10,S,252.55,5,114
2021-06-15 11:33:13,S,253.55,2,22
2021-06-15 11:33:13,S,253.6,2,13
2021-06-15 11:33:13,S,253.8,2,12
2021-06-15 11:33:13,S,253.9,1,20
2021-06-15 11:33:13,S,253.95,4,85
2021-06-15 11:33:13,S,253.0,2,54
2021-06-15 11:33:13,S,252.75,1,4
2021-06-15 11:33:13,S,252.65,1,4
2021-06-15 11:33:13,S,252.6,2,51
2021-06-15 11:33:13,S,252.55,4,113
2021-06-15 11:33:13,S,253.55,2,22
2021-06-15 11:33:13,S,253.6,2,13
2021-06-15 11:33:13,S,253.8,2,12
2021-06-15 11:33:13,S,253.9,1,20
2021-06-15 11:33:13,S,253.95,4,85
2021-06-15 11:33:13,S,253.0,2,54
2021-06-15 11:33:13,S,252.75,1,4
2021-06-15 11:33:13,S,252.65,1,4
2021-06-15 11:33:13,S,252.6,2,51
2021-06-15 11:33:13,S,252.55,4,113
2021-06-15 11:33:15,S,253.45,2,25
2021-06-15 11:33:15,S,253.5,2,21
2021-06-15 11:33:15,S,253.55,3,22
2021-06-15 11:33:15,S,253.6,2,13
2021-06-15 11:33:15,S,253.8,2,12
2021-06-15 11:33:15,S,253.0,1,108
2021-06-15 11:33:15,S,252.65,1,4
2021-06-15 11:33:15,S,252.6,1,50
2021-06-15 11:33:15,S,252.55,5,117
2021-06-15 11:33:15,S,252.5,4,4
2021-06-15 11:33:21,S,253.25,2,10
2021-06-15 11:33:21,S,253.35,1,6
2021-06-15 11:33:21,S,253.4,1,16
2021-06-15 11:33:21,S,253.45,1,6
2021-06-15 11:33:21,S,253.6,2,13
2021-06-15 11:33:21,S,253.0,1,105
2021-06-15 11:33:21,S,252.65,1,25
2021-06-15 11:33:21,S,252.6,1,50
2021-06-15 11:33:21,S,252.55,4,113
2021-06-15 11:33:21,S,252.5,3,3
2021-06-15 11:33:22,S,253.25,2,10
2021-06-15 11:33:22,S,253.35,1,6
2021-06-15 11:33:22,S,253.4,1,16
2021-06-15 11:33:22,S,253.45,1,6
2021-06-15 11:33:22,S,253.6,2,13
2021-06-15 11:33:22,S,253.0,1,105
2021-06-15 11:33:22,S,252.65,1,25
2021-06-15 11:33:22,S,252.6,1,50
2021-06-15 11:33:22,S,252.55,4,113
2021-06-15 11:33:22,S,252.5,3,3
2021-06-15 11:33:24,S,253.55,2,20
2021-06-15 11:33:24,S,253.6,1,4
2021-06-15 11:33:24,S,253.65,2,8
2021-06-15 11:33:24,S,253.8,3,16
2021-06-15 11:33:24,S,253.9,3,30
2021-06-15 11:33:24,S,253.0,1,105
2021-06-15 11:33:24,S,252.85,1,54
2021-06-15 11:33:24,S,252.8,2,9
2021-06-15 11:33:24,S,252.7,1,5
2021-06-15 11:33:24,S,252.65,3,30
2021-06-15 11:33:31,S,253.55,2,9
2021-06-15 11:33:31,S,253.6,2,22
2021-06-15 11:33:31,S,253.65,2,8
2021-06-15 11:33:31,S,253.8,3,16
2021-06-15 11:33:31,S,253.9,3,30
2021-06-15 11:33:31,S,253.0,1,105
2021-06-15 11:33:31,S,252.85,1,54
2021-06-15 11:33:31,S,252.8,2,9
2021-06-15 11:33:31,S,252.7,1,5
2021-06-15 11:33:31,S,252.65,2,29
2021-06-15 11:33:34,S,253.3,1,5
2021-06-15 11:33:34,S,253.45,2,26
2021-06-15 11:33:34,S,253.5,2,14
2021-06-15 11:33:34,S,253.55,1,4
2021-06-15 11:33:34,S,253.6,1,6
2021-06-15 11:33:34,S,253.0,1,105
2021-06-15 11:33:34,S,252.85,1,54
2021-06-15 11:33:34,S,252.8,1,4
2021-06-15 11:33:34,S,252.7,1,5
2021-06-15 11:33:34,S,252.65,2,29
2021-06-15 11:33:36,S,253.3,1,5
2021-06-15 11:33:36,S,253.45,2,26
2021-06-15 11:33:36,S,253.5,2,14
2021-06-15 11:33:36,S,253.55,1,4
2021-06-15 11:33:36,S,253.6,1,6
2021-06-15 11:33:36,S,253.0,1,105
2021-06-15 11:33:36,S,252.85,1,54
2021-06-15 11:33:36,S,252.8,1,4
2021-06-15 11:33:36,S,252.7,1,5
2021-06-15 11:33:36,S,252.65,2,29
2021-06-15 11:33:37,S,253.5,2,8
2021-06-15 11:33:37,S,253.8,2,9
2021-06-15 11:33:37,S,253.9,3,30
2021-06-15 11:33:37,S,253.95,3,33
2021-06-15 11:33:37,S,254.0,1,4
2021-06-15 11:33:37,S,253.1,1,8
2021-06-15 11:33:37,S,253.05,1,13
2021-06-15 11:33:37,S,253.0,2,155
2021-06-15 11:33:37,S,252.85,1,54
2021-06-15 11:33:37,S,252.7,1,5
2021-06-15 11:33:40,S,253.9,2,26
2021-06-15 11:33:40,S,253.95,3,33
2021-06-15 11:33:40,S,254.1,2,8
2021-06-15 11:33:40,S,254.15,2,5
2021-06-15 11:33:40,S,254.2,2,9
2021-06-15 11:33:40,S,253.05,1,8
2021-06-15 11:33:40,S,253.0,2,155
2021-06-15 11:33:40,S,252.85,1,54
2021-06-15 11:33:40,S,252.75,1,1
2021-06-15 11:33:40,S,252.7,1,5
2021-06-15 11:33:46,S,253.9,3,32
2021-06-15 11:33:46,S,253.95,2,29
2021-06-15 11:33:46,S,254.1,2,9
2021-06-15 11:33:46,S,254.15,2,5
2021-06-15 11:33:46,S,254.2,1,4
2021-06-15 11:33:46,S,253.05,1,8
2021-06-15 11:33:46,S,253.0,3,159
2021-06-15 11:33:46,S,252.85,2,58
2021-06-15 11:33:46,S,252.75,1,1
2021-06-15 11:33:46,S,252.7,1,5
2021-06-15 11:33:49,S,253.9,3,32
2021-06-15 11:33:49,S,253.95,2,29
2021-06-15 11:33:49,S,254.1,2,9
2021-06-15 11:33:49,S,254.15,2,5
2021-06-15 11:33:49,S,254.2,1,4
2021-06-15 11:33:49,S,253.05,1,8
2021-06-15 11:33:49,S,253.0,3,159
2021-06-15 11:33:49,S,252.85,2,58
2021-06-15 11:33:49,S,252.75,1,1
2021-06-15 11:33:49,S,252.7,1,5
2021-06-15 11:33:51,S,253.5,1,6
2021-06-15 11:33:51,S,253.85,2,15
2021-06-15 11:33:51,S,253.9,2,26
2021-06-15 11:33:51,S,253.95,2,29
2021-06-15 11:33:51,S,254.0,1,4
2021-06-15 11:33:51,S,253.15,1,8
2021-06-15 11:33:51,S,253.1,1,12
2021-06-15 11:33:51,S,253.0,3,159
2021-06-15 11:33:51,S,252.85,2,58
2021-06-15 11:33:51,S,252.7,1,5
2021-06-15 11:33:53,S,253.5,1,6
2021-06-15 11:33:53,S,253.85,2,15
2021-06-15 11:33:53,S,253.9,2,26
2021-06-15 11:33:53,S,253.95,2,29
2021-06-15 11:33:53,S,254.0,1,4
2021-06-15 11:33:53,S,253.15,1,8
2021-06-15 11:33:53,S,253.1,1,12
2021-06-15 11:33:53,S,253.0,3,159
2021-06-15 11:33:53,S,252.85,2,58
2021-06-15 11:33:53,S,252.7,1,5
2021-06-15 11:33:54,S,253.15,1,3
2021-06-15 11:33:54,S,253.9,2,26
2021-06-15 11:33:54,S,253.95,2,29
2021-06-15 11:33:54,S,254.0,1,4
2021-06-15 11:33:54,S,254.1,2,9
2021-06-15 11:33:54,S,253.05,1,8
2021-06-15 11:33:54,S,253.0,2,155
2021-06-15 11:33:54,S,252.85,1,54
2021-06-15 11:33:54,S,252.8,1,4
2021-06-15 11:33:54,S,252.7,1,5
2021-06-15 11:33:54,S,253.15,1,3
2021-06-15 11:33:54,S,253.9,2,26
2021-06-15 11:33:54,S,253.95,2,29
2021-06-15 11:33:54,S,254.0,1,4
2021-06-15 11:33:54,S,254.1,2,9
2021-06-15 11:33:54,S,253.05,1,8
2021-06-15 11:33:54,S,253.0,2,155
2021-06-15 11:33:54,S,252.85,1,54
2021-06-15 11:33:54,S,252.8,1,4
2021-06-15 11:33:54,S,252.7,1,5
2021-06-15 11:33:56,S,253.9,2,26
2021-06-15 11:33:56,S,253.95,2,29
2021-06-15 11:33:56,S,254.1,2,9
2021-06-15 11:33:56,S,254.15,1,4
2021-06-15 11:33:56,S,254.2,3,15
2021-06-15 11:33:56,S,253.1,1,8
2021-06-15 11:33:56,S,253.05,1,4
2021-06-15 11:33:56,S,253.0,2,155
2021-06-15 11:33:56,S,252.9,2,10
2021-06-15 11:33:56,S,252.85,1,54
2021-06-15 11:33:58,S,253.9,2,26
2021-06-15 11:33:58,S,253.95,2,29
2021-06-15 11:33:58,S,254.1,2,9
2021-06-15 11:33:58,S,254.15,1,4
2021-06-15 11:33:58,S,254.2,2,9
2021-06-15 11:33:58,S,253.25,1,8
2021-06-15 11:33:58,S,253.2,1,4
2021-06-15 11:33:58,S,253.05,1,4
2021-06-15 11:33:58,S,253.0,2,155
2021-06-15 11:33:58,S,252.9,2,10
2021-06-15 11:34:01,S,253.9,3,31
2021-06-15 11:34:01,S,253.95,2,29
2021-06-15 11:34:01,S,254.1,2,9
2021-06-15 11:34:01,S,254.15,1,4
2021-06-15 11:34:01,S,254.2,2,9
2021-06-15 11:34:01,S,253.25,1,8
2021-06-15 11:34:01,S,253.2,1,4
2021-06-15 11:34:01,S,253.05,1,4
2021-06-15 11:34:01,S,253.0,2,155
2021-06-15 11:34:01,S,252.9,2,10
2021-06-15 11:34:04,S,253.9,3,31
2021-06-15 11:34:04,S,253.95,2,29
2021-06-15 11:34:04,S,254.1,2,9
2021-06-15 11:34:04,S,254.15,1,4
2021-06-15 11:34:04,S,254.2,2,9
2021-06-15 11:34:04,S,253.25,1,8
2021-06-15 11:34:04,S,253.2,1,4
2021-06-15 11:34:04,S,253.05,1,4
2021-06-15 11:34:04,S,253.0,2,155
2021-06-15 11:34:04,S,252.9,2,10
2021-06-15 11:34:04,S,253.6,1,5
2021-06-15 11:34:04,S,253.9,2,26
2021-06-15 11:34:04,S,253.95,2,29
2021-06-15 11:34:04,S,254.0,1,4
2021-06-15 11:34:04,S,254.1,2,9
2021-06-15 11:34:04,S,253.1,1,8
2021-06-15 11:34:04,S,253.05,1,4
2021-06-15 11:34:04,S,253.0,2,155
2021-06-15 11:34:04,S,252.9,1,4
2021-06-15 11:34:04,S,252.85,1,54
2021-06-15 11:34:07,S,253.6,1,5
2021-06-15 11:34:07,S,253.9,2,26
2021-06-15 11:34:07,S,253.95,2,29
2021-06-15 11:34:07,S,254.0,1,4
2021-06-15 11:34:07,S,254.1,2,9
2021-06-15 11:34:07,S,253.1,1,8
2021-06-15 11:34:07,S,253.05,1,4
2021-06-15 11:34:07,S,253.0,2,155
2021-06-15 11:34:07,S,252.9,1,4
2021-06-15 11:34:07,S,252.85,1,54
2021-06-15 11:34:10,S,253.85,2,13
2021-06-15 11:34:10,S,253.9,3,30
2021-06-15 11:34:10,S,253.95,2,29
2021-06-15 11:34:10,S,254.0,1,4
2021-06-15 11:34:10,S,254.1,3,13
2021-06-15 11:34:10,S,253.1,1,8
2021-06-15 11:34:10,S,253.05,1,4
2021-06-15 11:34:10,S,253.0,2,155
2021-06-15 11:34:10,S,252.95,1,1
2021-06-15 11:34:10,S,252.9,1,4
2021-06-15 11:34:19,S,253.85,2,13
2021-06-15 11:34:19,S,253.9,3,30
2021-06-15 11:34:19,S,253.95,2,29
2021-06-15 11:34:19,S,254.0,1,4
2021-06-15 11:34:19,S,254.1,3,13
2021-06-15 11:34:19,S,253.1,1,8
2021-06-15 11:34:19,S,253.05,1,4
2021-06-15 11:34:19,S,253.0,2,155
2021-06-15 11:34:19,S,252.95,1,1
2021-06-15 11:34:19,S,252.9,1,4
2021-06-15 11:34:21,S,253.5,1,5
2021-06-15 11:34:21,S,253.85,2,13
2021-06-15 11:34:21,S,253.9,3,30
2021-06-15 11:34:21,S,253.95,2,29
2021-06-15 11:34:21,S,254.0,2,8
2021-06-15 11:34:21,S,253.1,2,21
2021-06-15 11:34:21,S,253.05,1,20
2021-06-15 11:34:21,S,253.0,2,155
2021-06-15 11:34:21,S,252.9,1,4
2021-06-15 11:34:21,S,252.85,1,54
2021-06-15 11:34:23,S,253.5,1,5
2021-06-15 11:34:23,S,253.85,2,13
2021-06-15 11:34:23,S,253.9,3,30
2021-06-15 11:34:23,S,253.95,2,29
2021-06-15 11:34:23,S,254.0,2,8
2021-06-15 11:34:23,S,253.1,2,21
2021-06-15 11:34:23,S,253.05,1,20
2021-06-15 11:34:23,S,253.0,2,155
2021-06-15 11:34:23,S,252.9,1,4
2021-06-15 11:34:23,S,252.85,1,54
2021-06-15 11:34:24,S,253.85,2,13
2021-06-15 11:34:24,S,253.9,2,26
2021-06-15 11:34:24,S,253.95,2,29
2021-06-15 11:34:24,S,254.0,2,8
2021-06-15 11:34:24,S,254.1,3,13
2021-06-15 11:34:24,S,253.25,1,51
2021-06-15 11:34:24,S,253.1,1,4
2021-06-15 11:34:24,S,253.05,1,20
2021-06-15 11:34:24,S,253.0,2,155
2021-06-15 11:34:24,S,252.9,2,5
2021-06-15 11:34:31,S,253.75,2,12
2021-06-15 11:34:31,S,253.8,1,4
2021-06-15 11:34:31,S,253.85,2,12
2021-06-15 11:34:31,S,253.9,2,26
2021-06-15 11:34:31,S,253.95,2,29
2021-06-15 11:34:31,S,253.1,1,4
2021-06-15 11:34:31,S,253.05,1,20
2021-06-15 11:34:31,S,253.0,2,155
2021-06-15 11:34:31,S,252.9,1,4
2021-06-15 11:34:31,S,252.85,1,54
2021-06-15 11:34:34,S,253.75,2,12
2021-06-15 11:34:34,S,253.8,1,4
2021-06-15 11:34:34,S,253.85,2,12
2021-06-15 11:34:34,S,253.9,2,26
2021-06-15 11:34:34,S,253.95,2,29
2021-06-15 11:34:34,S,253.1,1,4
2021-06-15 11:34:34,S,253.05,1,20
2021-06-15 11:34:34,S,253.0,2,155
2021-06-15 11:34:34,S,252.9,1,4
2021-06-15 11:34:34,S,252.85,1,54
2021-06-15 11:34:36,S,253.45,1,7
2021-06-15 11:34:36,S,253.75,2,12
2021-06-15 11:34:36,S,253.8,2,15
2021-06-15 11:34:36,S,253.9,2,26
2021-06-15 11:34:36,S,253.95,3,33
2021-06-15 11:34:36,S,253.1,1,4
2021-06-15 11:34:36,S,253.05,2,33
2021-06-15 11:34:36,S,253.0,2,155
2021-06-15 11:34:36,S,252.9,1,4
2021-06-15 11:34:36,S,252.85,1,54
2021-06-15 11:34:38,S,253.45,1,7
2021-06-15 11:34:38,S,253.75,2,12
2021-06-15 11:34:38,S,253.8,2,15
2021-06-15 11:34:38,S,253.9,2,26
2021-06-15 11:34:38,S,253.95,3,33
2021-06-15 11:34:38,S,253.1,1,4
2021-06-15 11:34:38,S,253.05,2,33
2021-06-15 11:34:38,S,253.0,2,155
2021-06-15 11:34:38,S,252.9,1,4
2021-06-15 11:34:38,S,252.85,1,54
2021-06-15 11:34:39,S,253.1,1,6
2021-06-15 11:34:39,S,253.5,2,17
2021-06-15 11:34:39,S,253.55,2,13
2021-06-15 11:34:39,S,253.8,2,15
2021-06-15 11:34:39,S,253.9,2,26
2021-06-15 11:34:39,S,253.05,1,20
2021-06-15 11:34:39,S,253.0,2,155
2021-06-15 11:34:39,S,252.85,2,66
2021-06-15 11:34:39,S,252.75,1,4
2021-06-15 11:34:39,S,252.6,3,79
2021-06-15 11:34:42,S,253.1,1,6
2021-06-15 11:34:42,S,253.5,2,17
2021-06-15 11:34:42,S,253.55,2,13
2021-06-15 11:34:42,S,253.8,2,15
2021-06-15 11:34:42,S,253.9,2,26
2021-06-15 11:34:42,S,253.05,1,20
2021-06-15 11:34:42,S,253.0,2,155
2021-06-15 11:34:42,S,252.85,2,66
2021-06-15 11:34:42,S,252.75,1,4
2021-06-15 11:34:42,S,252.6,3,79
2021-06-15 11:34:45,S,253.6,2,11
2021-06-15 11:34:45,S,253.65,2,10
2021-06-15 11:34:45,S,253.8,2,15
2021-06-15 11:34:45,S,253.9,2,26
2021-06-15 11:34:45,S,253.95,3,33
2021-06-15 11:34:45,S,253.05,1,12
2021-06-15 11:34:45,S,253.0,2,155
2021-06-15 11:34:45,S,252.85,1,54
2021-06-15 11:34:45,S,252.75,1,4
2021-06-15 11:34:45,S,252.6,3,79
2021-06-15 11:34:47,S,253.6,3,17
2021-06-15 11:34:47,S,253.65,2,10
2021-06-15 11:34:47,S,253.8,2,15
2021-06-15 11:34:47,S,253.9,2,26
2021-06-15 11:34:47,S,253.95,3,33
2021-06-15 11:34:47,S,253.05,1,12
2021-06-15 11:34:47,S,253.0,2,155
2021-06-15 11:34:47,S,252.9,1,4
2021-06-15 11:34:47,S,252.85,1,54
2021-06-15 11:34:47,S,252.75,1,4
2021-06-15 11:34:49,S,253.35,1,6
2021-06-15 11:34:49,S,253.6,2,11
2021-06-15 11:34:49,S,253.65,2,10
2021-06-15 11:34:49,S,253.8,2,15
2021-06-15 11:34:49,S,253.9,2,26
2021-06-15 11:34:49,S,253.05,1,12
2021-06-15 11:34:49,S,253.0,2,155
2021-06-15 11:34:49,S,252.95,1,13
2021-06-15 11:34:49,S,252.85,1,54
2021-06-15 11:34:49,S,252.75,1,4
2021-06-15 11:34:53,S,253.35,1,6
2021-06-15 11:34:53,S,253.6,2,11
2021-06-15 11:34:53,S,253.65,2,10
2021-06-15 11:34:53,S,253.8,2,15
2021-06-15 11:34:53,S,253.9,2,26
2021-06-15 11:34:53,S,253.05,1,12
2021-06-15 11:34:53,S,253.0,2,155
2021-06-15 11:34:53,S,252.95,1,13
2021-06-15 11:34:53,S,252.85,1,54
2021-06-15 11:34:53,S,252.75,1,4
2021-06-15 11:34:55,S,253.05,1,6
2021-06-15 11:34:55,S,253.6,2,11
2021-06-15 11:34:55,S,253.65,2,10
2021-06-15 11:34:55,S,253.8,2,15
2021-06-15 11:34:55,S,253.9,2,26
2021-06-15 11:34:55,S,253.0,2,155
2021-06-15 11:34:55,S,252.95,1,4
2021-06-15 11:34:55,S,252.85,2,67
2021-06-15 11:34:55,S,252.75,1,4
2021-06-15 11:34:55,S,252.65,1,4
2021-06-15 11:34:57,S,253.05,1,6
2021-06-15 11:34:57,S,253.6,2,11
2021-06-15 11:34:57,S,253.65,2,10
2021-06-15 11:34:57,S,253.8,2,15
2021-06-15 11:34:57,S,253.9,2,26
2021-06-15 11:34:57,S,253.0,2,155
2021-06-15 11:34:57,S,252.95,1,4
2021-06-15 11:34:57,S,252.85,2,67
2021-06-15 11:34:57,S,252.75,1,4
2021-06-15 11:34:57,S,252.65,1,4
2021-06-15 11:34:58,S,253.6,2,11
2021-06-15 11:34:58,S,253.65,2,10
2021-06-15 11:34:58,S,253.8,2,15
2021-06-15 11:34:58,S,253.9,2,26
2021-06-15 11:34:58,S,253.95,3,33
2021-06-15 11:34:58,S,253.0,2,127
2021-06-15 11:34:58,S,252.85,1,54
2021-06-15 11:34:58,S,252.75,1,4
2021-06-15 11:34:58,S,252.65,2,6
2021-06-15 11:34:58,S,252.6,2,74
2021-06-15 11:35:04,S,253.6,2,11
2021-06-15 11:35:04,S,253.65,2,10
2021-06-15 11:35:04,S,253.8,2,15
2021-06-15 11:35:04,S,253.9,2,26
2021-06-15 11:35:04,S,253.95,3,33
2021-06-15 11:35:04,S,253.0,2,127
2021-06-15 11:35:04,S,252.85,1,54
2021-06-15 11:35:04,S,252.75,1,4
2021-06-15 11:35:04,S,252.65,2,6
2021-06-15 11:35:04,S,252.6,2,74
2021-06-15 11:35:05,S,253.3,1,7
2021-06-15 11:35:05,S,253.6,2,11
2021-06-15 11:35:05,S,253.65,2,10
2021-06-15 11:35:05,S,253.8,2,15
2021-06-15 11:35:05,S,253.9,2,26
2021-06-15 11:35:05,S,253.0,2,127
2021-06-15 11:35:05,S,252.9,1,13
2021-06-15 11:35:05,S,252.85,1,54
2021-06-15 11:35:05,S,252.75,1,4
2021-06-15 11:35:05,S,252.65,1,4
2021-06-15 11:35:08,S,253.6,2,11
2021-06-15 11:35:08,S,253.65,2,10
2021-06-15 11:35:08,S,253.8,2,15
2021-06-15 11:35:08,S,253.9,2,26
2021-06-15 11:35:08,S,253.95,3,33
2021-06-15 11:35:08,S,253.0,2,69
2021-06-15 11:35:08,S,252.9,1,4
2021-06-15 11:35:08,S,252.85,1,54
2021-06-15 11:35:08,S,252.75,1,4
2021-06-15 11:35:08,S,252.65,1,1
2021-06-15 11:35:11,S,252.9,2,13
2021-06-15 11:35:11,S,252.95,2,25
2021-06-15 11:35:11,S,253.0,3,271
2021-06-15 11:35:11,S,253.65,2,10
2021-06-15 11:35:11,S,253.75,1,1
2021-06-15 11:35:11,S,252.65,1,3
2021-06-15 11:35:11,S,252.6,2,74
2021-06-15 11:35:11,S,252.55,3,63
2021-06-15 11:35:11,S,252.5,3,3
2021-06-15 11:35:11,S,252.35,1,1
2021-06-15 11:35:15,S,252.9,2,13
2021-06-15 11:35:15,S,252.95,2,25
2021-06-15 11:35:15,S,253.0,3,271
2021-06-15 11:35:15,S,253.65,2,10
2021-06-15 11:35:15,S,253.75,1,1
2021-06-15 11:35:15,S,252.65,1,3
2021-06-15 11:35:15,S,252.6,2,74
2021-06-15 11:35:15,S,252.55,3,63
2021-06-15 11:35:15,S,252.5,3,3
2021-06-15 11:35:15,S,252.35,1,1
2021-06-15 11:35:16,S,252.9,2,8
2021-06-15 11:35:16,S,252.95,1,19
2021-06-15 11:35:16,S,253.0,1,253
2021-06-15 11:35:16,S,253.35,1,4
2021-06-15 11:35:16,S,253.5,1,4
2021-06-15 11:35:16,S,252.65,1,8
2021-06-15 11:35:16,S,252.6,2,74
2021-06-15 11:35:16,S,252.55,3,63
2021-06-15 11:35:16,S,252.5,3,3
2021-06-15 11:35:16,S,252.45,1,58
2021-06-15 11:35:20,S,252.9,2,8
2021-06-15 11:35:20,S,252.95,1,19
2021-06-15 11:35:20,S,253.0,1,253
2021-06-15 11:35:20,S,253.35,1,4
2021-06-15 11:35:20,S,253.5,1,4
2021-06-15 11:35:20,S,252.65,1,8
2021-06-15 11:35:20,S,252.6,2,74
2021-06-15 11:35:20,S,252.55,3,63
2021-06-15 11:35:20,S,252.5,3,3
2021-06-15 11:35:20,S,252.45,1,58
2021-06-15 11:35:21,S,253.65,2,10
2021-06-15 11:35:21,S,253.75,2,6
2021-06-15 11:35:21,S,253.8,2,15
2021-06-15 11:35:21,S,253.85,2,5
2021-06-15 11:35:21,S,253.9,1,20
2021-06-15 11:35:21,S,252.75,2,13
2021-06-15 11:35:21,S,252.7,2,6
2021-06-15 11:35:21,S,252.65,3,29
2021-06-15 11:35:21,S,252.6,3,90
2021-06-15 11:35:21,S,252.55,4,82
2021-06-15 11:35:24,S,253.8,3,35
2021-06-15 11:35:24,S,253.85,4,24
2021-06-15 11:35:24,S,253.95,4,84
2021-06-15 11:35:24,S,254.1,1,1
2021-06-15 11:35:24,S,254.15,2,9
2021-06-15 11:35:24,S,252.85,1,8
2021-06-15 11:35:24,S,252.8,1,4
2021-06-15 11:35:24,S,252.75,1,1
2021-06-15 11:35:24,S,252.7,2,10
2021-06-15 11:35:24,S,252.65,1,4
2021-06-15 11:35:27,S,253.65,2,7
2021-06-15 11:35:27,S,253.7,2,9
2021-06-15 11:35:27,S,253.75,2,21
2021-06-15 11:35:27,S,253.8,2,15
2021-06-15 11:35:27,S,253.85,1,12
2021-06-15 11:35:27,S,252.75,2,13
2021-06-15 11:35:27,S,252.7,3,11
2021-06-15 11:35:27,S,252.65,2,9
2021-06-15 11:35:27,S,252.6,2,74
2021-06-15 11:35:27,S,252.55,4,82
2021-06-15 11:35:30,S,253.7,2,25
2021-06-15 11:35:30,S,253.75,2,21
2021-06-15 11:35:30,S,253.85,2,7
2021-06-15 11:35:30,S,253.95,5,88
2021-06-15 11:35:30,S,254.05,1,4
2021-06-15 11:35:30,S,253.05,1,8
2021-06-15 11:35:30,S,253.0,1,50
2021-06-15 11:35:30,S,252.9,1,4
2021-06-15 11:35:30,S,252.75,2,24
2021-06-15 11:35:30,S,252.7,3,29
2021-06-15 11:35:33,S,253.7,3,32
2021-06-15 11:35:33,S,253.75,2,21
2021-06-15 11:35:33,S,253.85,2,7
2021-06-15 11:35:33,S,253.95,5,88
2021-06-15 11:35:33,S,254.05,1,4
2021-06-15 11:35:33,S,253.05,1,8
2021-06-15 11:35:33,S,253.0,1,50
2021-06-15 11:35:33,S,252.9,1,4
2021-06-15 11:35:33,S,252.75,2,24
2021-06-15 11:35:33,S,252.7,3,29
2021-06-15 11:35:35,S,253.4,1,7
2021-06-15 11:35:35,S,253.7,2,25
2021-06-15 11:35:35,S,253.75,2,21
2021-06-15 11:35:35,S,253.85,2,7
2021-06-15 11:35:35,S,253.95,5,88
2021-06-15 11:35:35,S,253.05,1,8
2021-06-15 11:35:35,S,253.0,1,50
2021-06-15 11:35:35,S,252.95,1,12
2021-06-15 11:35:35,S,252.9,1,4
2021-06-15 11:35:35,S,252.85,1,52
2021-06-15 11:35:38,S,253.4,1,7
2021-06-15 11:35:38,S,253.7,2,25
2021-06-15 11:35:38,S,253.75,2,21
2021-06-15 11:35:38,S,253.85,2,7
2021-06-15 11:35:38,S,253.95,5,88
2021-06-15 11:35:38,S,253.05,1,8
2021-06-15 11:35:38,S,253.0,1,50
2021-06-15 11:35:38,S,252.95,1,12
2021-06-15 11:35:38,S,252.9,1,4
2021-06-15 11:35:38,S,252.85,1,52
2021-06-15 11:35:39,S,253.4,1,7
2021-06-15 11:35:39,S,253.7,2,25
2021-06-15 11:35:39,S,253.75,2,21
2021-06-15 11:35:39,S,253.85,2,7
2021-06-15 11:35:39,S,253.95,5,88
2021-06-15 11:35:39,S,253.05,1,8
2021-06-15 11:35:39,S,253.0,1,50
2021-06-15 11:35:39,S,252.95,1,12
2021-06-15 11:35:39,S,252.9,1,4
2021-06-15 11:35:39,S,252.85,1,52
2021-06-15 11:35:40,S,253.05,1,7
2021-06-15 11:35:40,S,253.65,2,17
2021-06-15 11:35:40,S,253.85,2,7
2021-06-15 11:35:40,S,253.95,4,37
2021-06-15 11:35:40,S,254.05,1,4
2021-06-15 11:35:40,S,253.0,1,50
2021-06-15 11:35:40,S,252.9,2,28
2021-06-15 11:35:40,S,252.85,2,71
2021-06-15 11:35:40,S,252.8,1,800
2021-06-15 11:35:40,S,252.65,2,54
2021-06-15 11:35:42,S,253.05,1,7
2021-06-15 11:35:42,S,253.65,2,17
2021-06-15 11:35:42,S,253.85,2,7
2021-06-15 11:35:42,S,253.95,4,37
2021-06-15 11:35:42,S,254.05,1,4
2021-06-15 11:35:42,S,253.0,1,50
2021-06-15 11:35:42,S,252.9,2,28
2021-06-15 11:35:42,S,252.85,2,71
2021-06-15 11:35:42,S,252.8,1,800
2021-06-15 11:35:42,S,252.65,2,54
2021-06-15 11:35:42,S,253.55,2,17
2021-06-15 11:35:42,S,253.6,1,9
2021-06-15 11:35:42,S,253.7,1,4
2021-06-15 11:35:42,S,253.85,2,7
2021-06-15 11:35:42,S,253.95,4,37
2021-06-15 11:35:42,S,253.0,2,59
2021-06-15 11:35:42,S,252.85,2,71
2021-06-15 11:35:42,S,252.8,2,819
2021-06-15 11:35:42,S,252.65,2,54
2021-06-15 11:35:42,S,252.6,3,78
2021-06-15 11:35:43,S,253.55,2,17
2021-06-15 11:35:43,S,253.6,1,9
2021-06-15 11:35:43,S,253.7,1,4
2021-06-15 11:35:43,S,253.85,2,7
2021-06-15 11:35:43,S,253.95,4,37
2021-06-15 11:35:43,S,253.0,2,59
2021-06-15 11:35:43,S,252.85,2,71
2021-06-15 11:35:43,S,252.8,2,819
2021-06-15 11:35:43,S,252.65,2,54
2021-06-15 11:35:43,S,252.6,3,78
2021-06-15 11:35:45,S,253.55,3,23
2021-06-15 11:35:45,S,253.7,2,6
2021-06-15 11:35:45,S,253.85,2,7
2021-06-15 11:35:45,S,253.95,4,37
2021-06-15 11:35:45,S,254.05,1,4
2021-06-15 11:35:45,S,253.05,1,12
2021-06-15 11:35:45,S,253.0,1,47
2021-06-15 11:35:45,S,252.95,1,4
2021-06-15 11:35:45,S,252.85,2,71
2021-06-15 11:35:45,S,252.8,2,819
2021-06-15 11:35:47,S,253.55,3,23
2021-06-15 11:35:47,S,253.7,2,6
2021-06-15 11:35:47,S,253.85,2,7
2021-06-15 11:35:47,S,253.95,4,37
2021-06-15 11:35:47,S,254.05,1,4
2021-06-15 11:35:47,S,253.05,1,12
2021-06-15 11:35:47,S,253.0,1,47
2021-06-15 11:35:47,S,252.95,1,4
2021-06-15 11:35:47,S,252.85,2,71
2021-06-15 11:35:47,S,252.8,2,819
2021-06-15 11:35:49,S,253.55,3,23
2021-06-15 11:35:49,S,253.7,2,6
2021-06-15 11:35:49,S,253.85,2,7
2021-06-15 11:35:49,S,253.95,4,37
2021-06-15 11:35:49,S,254.05,1,4
2021-06-15 11:35:49,S,253.05,1,12
2021-06-15 11:35:49,S,253.0,1,47
2021-06-15 11:35:49,S,252.95,1,4
2021-06-15 11:35:49,S,252.85,2,71
2021-06-15 11:35:49,S,252.8,2,819
2021-06-15 11:35:49,S,253.3,1,6
2021-06-15 11:35:49,S,253.55,2,17
2021-06-15 11:35:49,S,253.7,2,6
2021-06-15 11:35:49,S,253.85,2,7
2021-06-15 11:35:49,S,253.9,1,20
2021-06-15 11:35:49,S,253.0,1,47
2021-06-15 11:35:49,S,252.95,1,13
2021-06-15 11:35:49,S,252.85,3,75
2021-06-15 11:35:49,S,252.8,2,819
2021-06-15 11:35:49,S,252.7,1,20
2021-06-15 11:35:53,S,253.3,1,6
2021-06-15 11:35:53,S,253.55,2,17
2021-06-15 11:35:53,S,253.7,2,6
2021-06-15 11:35:53,S,253.85,2,7
2021-06-15 11:35:53,S,253.9,1,20
2021-06-15 11:35:53,S,253.0,1,47
2021-06-15 11:35:53,S,252.95,1,13
2021-06-15 11:35:53,S,252.85,3,75
2021-06-15 11:35:53,S,252.8,2,819
2021-06-15 11:35:53,S,252.7,1,20
2021-06-15 11:35:54,S,253.65,1,8
2021-06-15 11:35:54,S,253.7,2,6
2021-06-15 11:35:54,S,253.85,2,7
2021-06-15 11:35:54,S,253.95,4,37
2021-06-15 11:35:54,S,254.05,1,4
2021-06-15 11:35:54,S,253.0,1,1
2021-06-15 11:35:54,S,252.95,1,12
2021-06-15 11:35:54,S,252.85,3,75
2021-06-15 11:35:54,S,252.8,2,819
2021-06-15 11:35:54,S,252.7,1,2
2021-06-15 11:35:59,S,253.8,2,11
2021-06-15 11:35:59,S,253.95,4,37
2021-06-15 11:35:59,S,254.05,1,4
2021-06-15 11:35:59,S,254.15,2,8
2021-06-15 11:35:59,S,254.25,2,7
2021-06-15 11:35:59,S,253.1,1,13
2021-06-15 11:35:59,S,253.05,1,4
2021-06-15 11:35:59,S,253.0,2,6
2021-06-15 11:35:59,S,252.9,2,36
2021-06-15 11:35:59,S,252.85,4,77
2021-06-15 11:36:01,S,253.8,3,17
2021-06-15 11:36:01,S,253.95,4,37
2021-06-15 11:36:01,S,254.05,2,15
2021-06-15 11:36:01,S,254.15,2,8
2021-06-15 11:36:01,S,254.25,2,7
2021-06-15 11:36:01,S,253.1,1,13
2021-06-15 11:36:01,S,253.05,1,4
2021-06-15 11:36:01,S,253.0,2,6
2021-06-15 11:36:01,S,252.9,2,36
2021-06-15 11:36:01,S,252.85,4,77
2021-06-15 11:36:04,S,253.3,1,15
2021-06-15 11:36:04,S,253.4,2,18
2021-06-15 11:36:04,S,253.45,2,16
2021-06-15 11:36:04,S,253.65,2,12
2021-06-15 11:36:04,S,253.9,1,20
2021-06-15 11:36:04,S,253.0,2,6
2021-06-15 11:36:04,S,252.85,2,56
2021-06-15 11:36:04,S,252.8,2,819
2021-06-15 11:36:04,S,252.65,2,54
2021-06-15 11:36:04,S,252.6,2,74
2021-06-15 11:36:08,S,253.3,1,15
2021-06-15 11:36:08,S,253.4,2,18
2021-06-15 11:36:08,S,253.45,2,16
2021-06-15 11:36:08,S,253.65,2,12
2021-06-15 11:36:08,S,253.9,1,20
2021-06-15 11:36:08,S,253.0,2,6
2021-06-15 11:36:08,S,252.85,2,56
2021-06-15 11:36:08,S,252.8,2,819
2021-06-15 11:36:08,S,252.65,2,54
2021-06-15 11:36:08,S,252.6,2,74
2021-06-15 11:36:09,S,253.0,1,6
2021-06-15 11:36:09,S,253.3,2,25
2021-06-15 11:36:09,S,253.4,2,18
2021-06-15 11:36:09,S,253.65,2,12
2021-06-15 11:36:09,S,253.9,1,20
2021-06-15 11:36:09,S,252.8,1,800
2021-06-15 11:36:09,S,252.65,4,81
2021-06-15 11:36:09,S,252.6,3,93
2021-06-15 11:36:09,S,252.55,4,82
2021-06-15 11:36:09,S,252.5,3,3
2021-06-15 11:36:12,S,253.0,1,6
2021-06-15 11:36:12,S,253.3,2,25
2021-06-15 11:36:12,S,253.4,2,18
2021-06-15 11:36:12,S,253.65,2,12
2021-06-15 11:36:12,S,253.9,1,20
2021-06-15 11:36:12,S,252.8,1,800
2021-06-15 11:36:12,S,252.65,4,81
2021-06-15 11:36:12,S,252.6,3,93
2021-06-15 11:36:12,S,252.55,4,82
2021-06-15 11:36:12,S,252.5,3,3
2021-06-15 11:36:14,S,253.6,1,8
2021-06-15 11:36:14,S,253.65,2,15
2021-06-15 11:36:14,S,253.75,4,23
2021-06-15 11:36:14,S,253.85,1,5
2021-06-15 11:36:14,S,253.95,3,33
2021-06-15 11:36:14,S,252.8,1,748
2021-06-15 11:36:14,S,252.7,2,21
2021-06-15 11:36:14,S,252.65,5,75
2021-06-15 11:36:14,S,252.6,3,93
2021-06-15 11:36:14,S,252.55,5,87
2021-06-15 11:36:17,S,253.6,3,18
2021-06-15 11:36:17,S,253.65,2,15
2021-06-15 11:36:17,S,253.75,4,23
2021-06-15 11:36:17,S,253.85,1,5
2021-06-15 11:36:17,S,253.95,3,33
2021-06-15 11:36:17,S,252.8,1,748
2021-06-15 11:36:17,S,252.7,2,21
2021-06-15 11:36:17,S,252.65,5,75
2021-06-15 11:36:17,S,252.6,3,93
2021-06-15 11:36:17,S,252.55,5,87
2021-06-15 11:36:19,S,253.6,3,18
2021-06-15 11:36:19,S,253.65,2,15
2021-06-15 11:36:19,S,253.75,4,23
2021-06-15 11:36:19,S,253.85,1,5
2021-06-15 11:36:19,S,253.95,3,33
2021-06-15 11:36:19,S,252.8,1,748
2021-06-15 11:36:19,S,252.7,2,21
2021-06-15 11:36:19,S,252.65,5,75
2021-06-15 11:36:19,S,252.6,3,93
2021-06-15 11:36:19,S,252.55,5,87
2021-06-15 11:36:20,S,253.2,1,7
2021-06-15 11:36:20,S,253.5,2,18
2021-06-15 11:36:20,S,253.55,2,14
2021-06-15 11:36:20,S,253.6,1,3
2021-06-15 11:36:20,S,253.65,2,15
2021-06-15 11:36:20,S,252.8,1,748
2021-06-15 11:36:20,S,252.75,2,29
2021-06-15 11:36:20,S,252.65,3,68
2021-06-15 11:36:20,S,252.6,3,93
2021-06-15 11:36:20,S,252.55,5,87
2021-06-15 11:36:22,S,253.2,1,7
2021-06-15 11:36:22,S,253.5,2,18
2021-06-15 11:36:22,S,253.55,2,14
2021-06-15 11:36:22,S,253.65,2,15
2021-06-15 11:36:22,S,253.7,1,20
2021-06-15 11:36:22,S,252.8,1,748
2021-06-15 11:36:22,S,252.65,3,68
2021-06-15 11:36:22,S,252.6,3,93
2021-06-15 11:36:22,S,252.55,5,87
2021-06-15 11:36:22,S,252.5,4,23
2021-06-15 11:36:25,S,253.6,2,11
2021-06-15 11:36:25,S,253.7,2,12
2021-06-15 11:36:25,S,253.75,4,23
2021-06-15 11:36:25,S,253.85,1,5
2021-06-15 11:36:25,S,253.9,1,20
2021-06-15 11:36:25,S,253.0,1,137
2021-06-15 11:36:25,S,252.85,1,4
2021-06-15 11:36:25,S,252.8,2,711
2021-06-15 11:36:25,S,252.7,2,39
2021-06-15 11:36:25,S,252.65,4,71
2021-06-15 11:36:30,S,253.6,3,18
2021-06-15 11:36:30,S,253.7,2,12
2021-06-15 11:36:30,S,253.75,4,23
2021-06-15 11:36:30,S,253.85,1,5
2021-06-15 11:36:30,S,253.9,1,20
2021-06-15 11:36:30,S,253.0,1,137
2021-06-15 11:36:30,S,252.85,1,4
2021-06-15 11:36:30,S,252.8,2,711
2021-06-15 11:36:30,S,252.7,2,39
2021-06-15 11:36:30,S,252.65,4,71
2021-06-15 11:36:33,S,253.6,3,18
2021-06-15 11:36:33,S,253.7,2,12
2021-06-15 11:36:33,S,253.75,4,23
2021-06-15 11:36:33,S,253.85,1,5
2021-06-15 11:36:33,S,253.9,1,20
2021-06-15 11:36:33,S,253.0,1,137
2021-06-15 11:36:33,S,252.85,1,4
2021-06-15 11:36:33,S,252.8,2,711
2021-06-15 11:36:33,S,252.7,2,39
2021-06-15 11:36:33,S,252.65,4,71
2021-06-15 11:36:34,S,253.6,3,18
2021-06-15 11:36:34,S,253.7,2,12
2021-06-15 11:36:34,S,253.75,4,23
2021-06-15 11:36:34,S,253.85,1,5
2021-06-15 11:36:34,S,253.9,1,20
2021-06-15 11:36:34,S,253.0,1,137
2021-06-15 11:36:34,S,252.85,1,4
2021-06-15 11:36:34,S,252.8,2,711
2021-06-15 11:36:34,S,252.7,2,39
2021-06-15 11:36:34,S,252.65,4,71
2021-06-15 11:36:35,S,253.3,1,7
2021-06-15 11:36:35,S,253.6,2,11
2021-06-15 11:36:35,S,253.7,2,12
2021-06-15 11:36:35,S,253.75,4,23
2021-06-15 11:36:35,S,253.85,1,5
2021-06-15 11:36:35,S,253.0,1,137
2021-06-15 11:36:35,S,252.85,1,4
2021-06-15 11:36:35,S,252.8,2,711
2021-06-15 11:36:35,S,252.65,3,68
2021-06-15 11:36:35,S,252.6,3,93
2021-06-15 11:36:37,S,253.3,1,7
2021-06-15 11:36:37,S,253.6,2,11
2021-06-15 11:36:37,S,253.7,2,12
2021-06-15 11:36:37,S,253.75,4,23
2021-06-15 11:36:37,S,253.85,1,5
2021-06-15 11:36:37,S,253.0,1,137
2021-06-15 11:36:37,S,252.85,3,33
2021-06-15 11:36:37,S,252.8,2,711
2021-06-15 11:36:37,S,252.7,1,20
2021-06-15 11:36:37,S,252.65,3,68
2021-06-15 11:36:40,S,253.6,2,11
2021-06-15 11:36:40,S,253.7,2,12
2021-06-15 11:36:40,S,253.75,4,23
2021-06-15 11:36:40,S,253.85,1,5
2021-06-15 11:36:40,S,253.9,1,20
2021-06-15 11:36:40,S,253.0,1,79
2021-06-15 11:36:40,S,252.85,2,20
2021-06-15 11:36:40,S,252.8,2,711
2021-06-15 11:36:40,S,252.7,1,20
2021-06-15 11:36:40,S,252.65,4,69
2021-06-15 11:36:45,S,253.6,3,18
2021-06-15 11:36:45,S,253.7,2,12
2021-06-15 11:36:45,S,253.75,4,23
2021-06-15 11:36:45,S,253.85,1,5
2021-06-15 11:36:45,S,253.9,1,20
2021-06-15 11:36:45,S,253.0,1,79
2021-06-15 11:36:45,S,252.85,1,4
2021-06-15 11:36:45,S,252.8,2,711
2021-06-15 11:36:45,S,252.7,1,20
2021-06-15 11:36:45,S,252.65,4,69
2021-06-15 11:36:48,S,253.6,3,18
2021-06-15 11:36:48,S,253.7,2,12
2021-06-15 11:36:48,S,253.75,4,23
2021-06-15 11:36:48,S,253.85,1,5
2021-06-15 11:36:48,S,253.9,1,20
2021-06-15 11:36:48,S,253.0,1,79
2021-06-15 11:36:48,S,252.85,2,20
2021-06-15 11:36:48,S,252.8,2,711
2021-06-15 11:36:48,S,252.7,1,20
2021-06-15 11:36:48,S,252.65,4,69
2021-06-15 11:36:51,S,253.3,1,7
2021-06-15 11:36:51,S,253.6,2,11
2021-06-15 11:36:51,S,253.7,2,12
2021-06-15 11:36:51,S,253.75,4,23
2021-06-15 11:36:51,S,253.85,1,5
2021-06-15 11:36:51,S,253.0,1,79
2021-06-15 11:36:51,S,252.9,2,29
2021-06-15 11:36:51,S,252.85,2,20
2021-06-15 11:36:51,S,252.8,2,711
2021-06-15 11:36:51,S,252.65,3,68
2021-06-15 11:36:53,S,253.55,2,11
2021-06-15 11:36:53,S,253.6,1,5
2021-06-15 11:36:53,S,253.7,2,12
2021-06-15 11:36:53,S,253.75,3,19
2021-06-15 11:36:53,S,253.85,1,5
2021-06-15 11:36:53,S,253.0,1,13
2021-06-15 11:36:53,S,252.85,2,20
2021-06-15 11:36:53,S,252.8,2,711
2021-06-15 11:36:53,S,252.65,3,68
2021-06-15 11:36:53,S,252.6,3,93
2021-06-15 11:36:55,S,253.6,2,11
2021-06-15 11:36:55,S,253.65,1,5
2021-06-15 11:36:55,S,253.85,2,11
2021-06-15 11:36:55,S,253.95,4,38
2021-06-15 11:36:55,S,254.05,1,5
2021-06-15 11:36:55,S,253.05,1,8
2021-06-15 11:36:55,S,253.0,1,13
2021-06-15 11:36:55,S,252.85,3,73
2021-06-15 11:36:55,S,252.8,2,711
2021-06-15 11:36:55,S,252.65,4,69
2021-06-15 11:36:57,S,253.6,2,11
2021-06-15 11:36:57,S,253.65,1,5
2021-06-15 11:36:57,S,253.85,2,11
2021-06-15 11:36:57,S,253.95,4,38
2021-06-15 11:36:57,S,254.05,1,5
2021-06-15 11:36:57,S,253.05,1,8
2021-06-15 11:36:57,S,253.0,1,13
2021-06-15 11:36:57,S,252.85,3,73
2021-06-15 11:36:57,S,252.8,2,711
2021-06-15 11:36:57,S,252.65,4,69
2021-06-15 11:36:58,S,253.8,2,13
2021-06-15 11:36:58,S,253.85,2,11
2021-06-15 11:36:58,S,253.95,4,38
2021-06-15 11:36:58,S,254.05,1,5
2021-06-15 11:36:58,S,254.15,2,9
2021-06-15 11:36:58,S,253.05,1,5
2021-06-15 11:36:58,S,253.0,1,13
2021-06-15 11:36:58,S,252.85,3,23
2021-06-15 11:36:58,S,252.8,2,711
2021-06-15 11:36:58,S,252.65,3,68
2021-06-15 11:37:00,S,253.8,3,19
2021-06-15 11:37:00,S,253.85,2,11
2021-06-15 11:37:00,S,253.95,4,38
2021-06-15 11:37:00,S,254.05,1,5
2021-06-15 11:37:00,S,254.15,2,9
2021-06-15 11:37:00,S,253.05,1,5
2021-06-15 11:37:00,S,253.0,1,13
2021-06-15 11:37:00,S,252.85,3,23
2021-06-15 11:37:00,S,252.8,2,711
2021-06-15 11:37:00,S,252.65,3,68
2021-06-15 11:37:03,S,253.8,3,19
2021-06-15 11:37:03,S,253.85,2,11
2021-06-15 11:37:03,S,253.95,4,38
2021-06-15 11:37:03,S,254.05,1,5
2021-06-15 11:37:03,S,254.15,2,9
2021-06-15 11:37:03,S,253.05,1,5
2021-06-15 11:37:03,S,253.0,1,13
2021-06-15 11:37:03,S,252.85,3,23
2021-06-15 11:37:03,S,252.8,2,711
2021-06-15 11:37:03,S,252.65,3,68
2021-06-15 11:37:03,S,253.75,2,11
2021-06-15 11:37:03,S,253.8,2,11
2021-06-15 11:37:03,S,253.85,2,11
2021-06-15 11:37:03,S,253.95,4,38
2021-06-15 11:37:03,S,254.05,1,5
2021-06-15 11:37:03,S,253.1,1,6
2021-06-15 11:37:03,S,253.05,1,4
2021-06-15 11:37:03,S,253.0,1,13
2021-06-15 11:37:03,S,252.85,3,75
2021-06-15 11:37:03,S,252.8,2,711
2021-06-15 11:37:06,S,253.45,1,6
2021-06-15 11:37:06,S,253.75,2,11
2021-06-15 11:37:06,S,253.85,2,11
2021-06-15 11:37:06,S,253.95,4,38
2021-06-15 11:37:06,S,254.05,1,5
2021-06-15 11:37:06,S,253.05,1,6
2021-06-15 11:37:06,S,253.0,1,13
2021-06-15 11:37:06,S,252.85,3,75
2021-06-15 11:37:06,S,252.8,2,711
2021-06-15 11:37:06,S,252.65,3,68
2021-06-15 11:37:08,S,253.45,1,6
2021-06-15 11:37:08,S,253.75,2,11
2021-06-15 11:37:08,S,253.85,2,11
2021-06-15 11:37:08,S,253.95,4,38
2021-06-15 11:37:08,S,254.05,1,5
2021-06-15 11:37:08,S,253.05,1,6
2021-06-15 11:37:08,S,253.0,1,13
2021-06-15 11:37:08,S,252.85,3,75
2021-06-15 11:37:08,S,252.8,2,711
2021-06-15 11:37:08,S,252.65,3,68
2021-06-15 11:37:09,S,253.05,1,6
2021-06-15 11:37:09,S,253.65,2,16
2021-06-15 11:37:09,S,253.7,2,12
2021-06-15 11:37:09,S,253.75,1,3
2021-06-15 11:37:09,S,253.85,2,11
2021-06-15 11:37:09,S,253.0,1,13
2021-06-15 11:37:09,S,252.8,1,692
2021-06-15 11:37:09,S,252.7,1,19
2021-06-15 11:37:09,S,252.65,3,68
2021-06-15 11:37:09,S,252.6,3,93
2021-06-15 11:37:10,S,253.05,1,6
2021-06-15 11:37:10,S,253.65,2,16
2021-06-15 11:37:10,S,253.7,2,12
2021-06-15 11:37:10,S,253.75,1,3
2021-06-15 11:37:10,S,253.85,2,11
2021-06-15 11:37:10,S,253.0,1,13
2021-06-15 11:37:10,S,252.8,1,692
2021-06-15 11:37:10,S,252.7,1,19
2021-06-15 11:37:10,S,252.65,3,68
2021-06-15 11:37:10,S,252.6,3,93
2021-06-15 11:37:12,S,253.65,2,16
2021-06-15 11:37:12,S,253.85,2,11
2021-06-15 11:37:12,S,253.9,2,25
2021-06-15 11:37:12,S,253.95,4,38
2021-06-15 11:37:12,S,254.05,1,5
2021-06-15 11:37:12,S,253.1,1,15
2021-06-15 11:37:12,S,253.0,1,13
2021-06-15 11:37:12,S,252.85,1,4
2021-06-15 11:37:12,S,252.8,2,711
2021-06-15 11:37:12,S,252.75,1,20
2021-06-15 11:37:13,S,253.65,2,16
2021-06-15 11:37:13,S,253.85,2,11
2021-06-15 11:37:13,S,253.9,2,25
2021-06-15 11:37:13,S,253.95,4,38
2021-06-15 11:37:13,S,254.05,1,5
2021-06-15 11:37:13,S,253.1,1,15
2021-06-15 11:37:13,S,253.0,1,13
2021-06-15 11:37:13,S,252.85,1,4
2021-06-15 11:37:13,S,252.8,2,711
2021-06-15 11:37:13,S,252.75,1,20
2021-06-15 11:37:15,S,253.7,2,11
2021-06-15 11:37:15,S,253.85,2,11
2021-06-15 11:37:15,S,253.95,3,33
2021-06-15 11:37:15,S,254.05,1,5
2021-06-15 11:37:15,S,254.15,2,9
2021-06-15 11:37:15,S,253.15,1,8
2021-06-15 11:37:15,S,253.1,1,15
2021-06-15 11:37:15,S,253.05,1,4
2021-06-15 11:37:15,S,253.0,1,13
2021-06-15 11:37:15,S,252.85,1,4
2021-06-15 11:37:17,S,253.7,3,16
2021-06-15 11:37:17,S,253.85,2,11
2021-06-15 11:37:17,S,253.9,2,18
2021-06-15 11:37:17,S,253.95,3,33
2021-06-15 11:37:17,S,254.05,1,5
2021-06-15 11:37:17,S,253.15,1,8
2021-06-15 11:37:17,S,253.1,1,15
2021-06-15 11:37:17,S,253.05,2,154
2021-06-15 11:37:17,S,253.0,1,13
2021-06-15 11:37:17,S,252.85,2,58
2021-06-15 11:37:20,S,253.45,1,5
2021-06-15 11:37:20,S,253.7,2,11
2021-06-15 11:37:20,S,253.85,2,11
2021-06-15 11:37:20,S,253.9,3,38
2021-06-15 11:37:20,S,253.95,3,33
2021-06-15 11:37:20,S,253.15,1,8
2021-06-15 11:37:20,S,253.1,1,15
2021-06-15 11:37:20,S,253.05,1,150
2021-06-15 11:37:20,S,253.0,1,13
2021-06-15 11:37:20,S,252.85,2,58
2021-06-15 11:37:22,S,253.45,1,5
2021-06-15 11:37:22,S,253.7,2,11
2021-06-15 11:37:22,S,253.85,2,11
2021-06-15 11:37:22,S,253.9,3,38
2021-06-15 11:37:22,S,253.95,3,33
2021-06-15 11:37:22,S,253.15,1,8
2021-06-15 11:37:22,S,253.1,1,15
2021-06-15 11:37:22,S,253.05,2,162
2021-06-15 11:37:22,S,253.0,1,13
2021-06-15 11:37:22,S,252.85,2,58
2021-06-15 11:37:25,S,253.15,1,5
2021-06-15 11:37:25,S,253.65,2,15
2021-06-15 11:37:25,S,253.7,1,4
2021-06-15 11:37:25,S,253.85,2,11
2021-06-15 11:37:25,S,253.9,2,18
2021-06-15 11:37:25,S,253.1,1,15
2021-06-15 11:37:25,S,253.05,1,150
2021-06-15 11:37:25,S,253.0,1,13
2021-06-15 11:37:25,S,252.9,1,13
2021-06-15 11:37:25,S,252.85,1,54
2021-06-15 11:37:27,S,253.15,1,5
2021-06-15 11:37:27,S,253.65,2,15
2021-06-15 11:37:27,S,253.7,1,4
2021-06-15 11:37:27,S,253.85,2,11
2021-06-15 11:37:27,S,253.9,2,18
2021-06-15 11:37:27,S,253.1,1,15
2021-06-15 11:37:27,S,253.05,1,150
2021-06-15 11:37:27,S,253.0,1,13
2021-06-15 11:37:27,S,252.9,1,13
2021-06-15 11:37:27,S,252.85,1,54
2021-06-15 11:37:28,S,253.8,2,11
2021-06-15 11:37:28,S,253.85,2,11
2021-06-15 11:37:28,S,253.9,2,18
2021-06-15 11:37:28,S,253.95,3,33
2021-06-15 11:37:28,S,254.05,1,5
2021-06-15 11:37:28,S,253.1,1,15
2021-06-15 11:37:28,S,253.05,1,150
2021-06-15 11:37:28,S,253.0,1,13
2021-06-15 11:37:28,S,252.95,1,4
2021-06-15 11:37:28,S,252.85,2,57
2021-06-15 11:37:30,S,253.8,3,17
2021-06-15 11:37:30,S,253.85,2,11
2021-06-15 11:37:30,S,253.9,2,18
2021-06-15 11:37:30,S,253.95,3,33
2021-06-15 11:37:30,S,254.05,1,5
2021-06-15 11:37:30,S,253.1,1,15
2021-06-15 11:37:30,S,253.05,1,150
2021-06-15 11:37:30,S,253.0,1,13
2021-06-15 11:37:30,S,252.95,1,4
2021-06-15 11:37:30,S,252.85,2,57
2021-06-15 11:37:36,S,253.45,1,6
2021-06-15 11:37:36,S,253.65,1,8
2021-06-15 11:37:36,S,253.7,1,4
2021-06-15 11:37:36,S,253.8,1,3
2021-06-15 11:37:36,S,253.85,2,11
2021-06-15 11:37:36,S,253.1,1,15
2021-06-15 11:37:36,S,253.05,1,150
2021-06-15 11:37:36,S,253.0,1,13
2021-06-15 11:37:36,S,252.85,2,58
2021-06-15 11:37:36,S,252.8,2,711
2021-06-15 11:37:38,S,253.45,1,6
2021-06-15 11:37:38,S,253.65,1,8
2021-06-15 11:37:38,S,253.7,1,4
2021-06-15 11:37:38,S,253.8,1,3
2021-06-15 11:37:38,S,253.85,2,11
2021-06-15 11:37:38,S,253.1,1,15
2021-06-15 11:37:38,S,253.05,1,150
2021-06-15 11:37:38,S,253.0,1,13
2021-06-15 11:37:38,S,252.85,2,58
2021-06-15 11:37:38,S,252.8,2,711
2021-06-15 11:37:39,S,253.1,1,5
2021-06-15 11:37:39,S,253.65,2,15
2021-06-15 11:37:39,S,253.85,2,11
2021-06-15 11:37:39,S,253.9,3,38
2021-06-15 11:37:39,S,253.95,3,33
2021-06-15 11:37:39,S,253.05,1,150
2021-06-15 11:37:39,S,253.0,1,13
2021-06-15 11:37:39,S,252.85,3,85
2021-06-15 11:37:39,S,252.8,2,711
2021-06-15 11:37:39,S,252.65,2,18
2021-06-15 11:37:42,S,253.1,1,5
2021-06-15 11:37:42,S,253.65,2,15
2021-06-15 11:37:42,S,253.85,2,11
2021-06-15 11:37:42,S,253.9,3,38
2021-06-15 11:37:42,S,253.95,3,33
2021-06-15 11:37:42,S,253.05,1,150
2021-06-15 11:37:42,S,253.0,1,13
2021-06-15 11:37:42,S,252.85,3,85
2021-06-15 11:37:42,S,252.8,2,711
2021-06-15 11:37:42,S,252.65,2,18
2021-06-15 11:37:44,S,253.7,1,8
2021-06-15 11:37:44,S,253.75,1,4
2021-06-15 11:37:44,S,253.85,2,11
2021-06-15 11:37:44,S,253.9,2,18
2021-06-15 11:37:44,S,253.95,3,33
2021-06-15 11:37:44,S,253.05,1,145
2021-06-15 11:37:44,S,253.0,1,13
2021-06-15 11:37:44,S,252.85,2,73
2021-06-15 11:37:44,S,252.8,2,711
2021-06-15 11:37:44,S,252.7,1,1
2021-06-15 11:37:47,S,253.7,3,18
2021-06-15 11:37:47,S,253.75,2,8
2021-06-15 11:37:47,S,253.85,3,12
2021-06-15 11:37:47,S,253.9,2,18
2021-06-15 11:37:47,S,253.95,3,33
2021-06-15 11:37:47,S,253.05,1,145
2021-06-15 11:37:47,S,253.0,1,13
2021-06-15 11:37:47,S,252.95,1,4
2021-06-15 11:37:47,S,252.85,2,73
2021-06-15 11:37:47,S,252.8,2,711
2021-06-15 11:37:48,S,253.7,3,18
2021-06-15 11:37:48,S,253.75,2,8
2021-06-15 11:37:48,S,253.85,3,12
2021-06-15 11:37:48,S,253.9,2,18
2021-06-15 11:37:48,S,253.95,3,33
2021-06-15 11:37:48,S,253.05,1,145
2021-06-15 11:37:48,S,253.0,1,13
2021-06-15 11:37:48,S,252.95,1,4
2021-06-15 11:37:48,S,252.85,2,73
2021-06-15 11:37:48,S,252.8,2,711
2021-06-15 11:37:49,S,253.4,2,10
2021-06-15 11:37:49,S,253.65,2,12
2021-06-15 11:37:49,S,253.75,2,8
2021-06-15 11:37:49,S,253.85,2,11
2021-06-15 11:37:49,S,253.9,3,38
2021-06-15 11:37:49,S,253.15,1,10
2021-06-15 11:37:49,S,253.05,1,105
2021-06-15 11:37:49,S,253.0,1,13
2021-06-15 11:37:49,S,252.85,1,54
2021-06-15 11:37:49,S,252.8,1,692
2021-06-15 11:37:53,S,253.4,2,10
2021-06-15 11:37:53,S,253.65,2,12
2021-06-15 11:37:53,S,253.75,2,8
2021-06-15 11:37:53,S,253.85,2,11
2021-06-15 11:37:53,S,253.9,3,38
2021-06-15 11:37:53,S,253.15,1,10
2021-06-15 11:37:53,S,253.05,1,105
2021-06-15 11:37:53,S,253.0,1,13
2021-06-15 11:37:53,S,252.85,1,54
2021-06-15 11:37:53,S,252.8,1,692
2021-06-15 11:37:54,S,253.15,1,7
2021-06-15 11:37:54,S,253.65,2,12
2021-06-15 11:37:54,S,253.75,2,8
2021-06-15 11:37:54,S,253.85,2,11
2021-06-15 11:37:54,S,253.9,3,38
2021-06-15 11:37:54,S,253.05,1,105
2021-06-15 11:37:54,S,253.0,1,13
2021-06-15 11:37:54,S,252.85,1,54
2021-06-15 11:37:54,S,252.8,1,692
2021-06-15 11:37:54,S,252.65,2,34
2021-06-15 11:37:57,S,253.15,1,6
2021-06-15 11:37:57,S,253.65,2,12
2021-06-15 11:37:57,S,253.75,2,8
2021-06-15 11:37:57,S,253.85,2,11
2021-06-15 11:37:57,S,253.9,3,38
2021-06-15 11:37:57,S,253.05,1,105
2021-06-15 11:37:57,S,253.0,1,13
2021-06-15 11:37:57,S,252.85,1,54
2021-06-15 11:37:57,S,252.8,1,692
2021-06-15 11:37:57,S,252.65,2,34
2021-06-15 11:37:59,S,253.65,2,12
2021-06-15 11:37:59,S,253.75,2,8
2021-06-15 11:37:59,S,253.85,2,11
2021-06-15 11:37:59,S,253.9,3,38
2021-06-15 11:37:59,S,253.95,4,87
2021-06-15 11:37:59,S,253.05,1,55
2021-06-15 11:37:59,S,253.0,1,13
2021-06-15 11:37:59,S,252.9,1,4
2021-06-15 11:37:59,S,252.85,1,54
2021-06-15 11:37:59,S,252.8,1,692
2021-06-15 11:38:02,S,253.65,3,19
2021-06-15 11:38:02,S,253.75,2,8
2021-06-15 11:38:02,S,253.85,2,11
2021-06-15 11:38:02,S,253.9,3,38
2021-06-15 11:38:02,S,253.95,4,87
2021-06-15 11:38:02,S,253.05,1,55
2021-06-15 11:38:02,S,253.0,1,13
2021-06-15 11:38:02,S,252.85,1,54
2021-06-15 11:38:02,S,252.8,1,692
2021-06-15 11:38:02,S,252.7,2,5
2021-06-15 11:38:04,S,253.35,2,11
2021-06-15 11:38:04,S,253.6,2,12
2021-06-15 11:38:04,S,253.75,2,8
2021-06-15 11:38:04,S,253.85,2,11
2021-06-15 11:38:04,S,253.9,3,38
2021-06-15 11:38:04,S,253.05,1,55
2021-06-15 11:38:04,S,253.0,1,13
2021-06-15 11:38:04,S,252.85,1,54
2021-06-15 11:38:04,S,252.8,1,692
2021-06-15 11:38:04,S,252.7,1,4
2021-06-15 11:38:08,S,253.35,2,11
2021-06-15 11:38:08,S,253.6,2,12
2021-06-15 11:38:08,S,253.75,2,8
2021-06-15 11:38:08,S,253.85,2,11
2021-06-15 11:38:08,S,253.9,3,38
2021-06-15 11:38:08,S,253.05,1,55
2021-06-15 11:38:08,S,253.0,1,13
2021-06-15 11:38:08,S,252.85,1,54
2021-06-15 11:38:08,S,252.8,1,692
2021-06-15 11:38:08,S,252.7,1,4
2021-06-15 11:38:09,S,253.05,1,6
2021-06-15 11:38:09,S,253.65,2,16
2021-06-15 11:38:09,S,253.7,1,8
2021-06-15 11:38:09,S,253.75,2,8
2021-06-15 11:38:09,S,253.85,2,11
2021-06-15 11:38:09,S,253.0,1,13
2021-06-15 11:38:09,S,252.85,1,54
2021-06-15 11:38:09,S,252.8,1,692
2021-06-15 11:38:09,S,252.75,1,12
2021-06-15 11:38:09,S,252.6,3,93
2021-06-15 11:38:12,S,253.05,1,6
2021-06-15 11:38:12,S,253.65,2,16
2021-06-15 11:38:12,S,253.7,1,8
2021-06-15 11:38:12,S,253.75,2,8
2021-06-15 11:38:12,S,253.85,2,11
2021-06-15 11:38:12,S,253.0,1,13
2021-06-15 11:38:12,S,252.85,1,54
2021-06-15 11:38:12,S,252.8,1,692
2021-06-15 11:38:12,S,252.75,1,12
2021-06-15 11:38:12,S,252.6,3,93
2021-06-15 11:38:14,S,253.55,2,11
2021-06-15 11:38:14,S,253.6,1,3
2021-06-15 11:38:14,S,253.7,1,4
2021-06-15 11:38:14,S,253.75,2,8
2021-06-15 11:38:14,S,253.85,2,11
2021-06-15 11:38:14,S,253.0,1,7
2021-06-15 11:38:14,S,252.85,1,54
2021-06-15 11:38:14,S,252.8,1,692
2021-06-15 11:38:14,S,252.7,1,4
2021-06-15 11:38:14,S,252.65,1,1
2021-06-15 11:38:21,S,253.3,1,5
2021-06-15 11:38:21,S,253.7,2,17
2021-06-15 11:38:21,S,253.75,2,8
2021-06-15 11:38:21,S,253.85,2,11
2021-06-15 11:38:21,S,253.9,3,38
2021-06-15 11:38:21,S,253.0,2,52
2021-06-15 11:38:21,S,252.9,1,12
2021-06-15 11:38:21,S,252.85,2,70
2021-06-15 11:38:21,S,252.8,2,711
2021-06-15 11:38:21,S,252.7,1,4
2021-06-15 11:38:22,S,253.3,1,5
2021-06-15 11:38:22,S,253.7,2,17
2021-06-15 11:38:22,S,253.75,2,8
2021-06-15 11:38:22,S,253.85,2,11
2021-06-15 11:38:22,S,253.9,3,38
2021-06-15 11:38:22,S,253.0,2,52
2021-06-15 11:38:22,S,252.9,1,12
2021-06-15 11:38:22,S,252.85,2,70
2021-06-15 11:38:22,S,252.8,2,711
2021-06-15 11:38:22,S,252.7,1,4
2021-06-15 11:38:24,S,253.7,2,17
2021-06-15 11:38:24,S,253.75,2,8
2021-06-15 11:38:24,S,253.85,3,12
2021-06-15 11:38:24,S,253.9,3,38
2021-06-15 11:38:24,S,253.95,4,87
2021-06-15 11:38:24,S,253.0,1,3
2021-06-15 11:38:24,S,252.9,1,4
2021-06-15 11:38:24,S,252.85,1,54
2021-06-15 11:38:24,S,252.8,2,711
2021-06-15 11:38:24,S,252.75,1,1
2021-06-15 11:38:30,S,253.65,2,11
2021-06-15 11:38:30,S,253.7,2,10
2021-06-15 11:38:30,S,253.75,2,8
2021-06-15 11:38:30,S,253.85,2,11
2021-06-15 11:38:30,S,253.9,3,38
2021-06-15 11:38:30,S,253.05,1,5
2021-06-15 11:38:30,S,253.0,1,3
2021-06-15 11:38:30,S,252.9,1,4
2021-06-15 11:38:30,S,252.85,1,54
2021-06-15 11:38:30,S,252.8,2,711
2021-06-15 11:38:34,S,253.65,2,11
2021-06-15 11:38:34,S,253.7,2,10
2021-06-15 11:38:34,S,253.75,2,8
2021-06-15 11:38:34,S,253.85,2,11
2021-06-15 11:38:34,S,253.9,3,38
2021-06-15 11:38:34,S,253.05,1,5
2021-06-15 11:38:34,S,253.0,1,3
2021-06-15 11:38:34,S,252.9,1,4
2021-06-15 11:38:34,S,252.85,1,54
2021-06-15 11:38:34,S,252.8,2,711
2021-06-15 11:38:34,S,253.35,1,6
2021-06-15 11:38:34,S,253.65,2,11
2021-06-15 11:38:34,S,253.85,2,11
2021-06-15 11:38:34,S,253.9,3,38
2021-06-15 11:38:34,S,253.95,4,87
2021-06-15 11:38:34,S,253.05,1,5
2021-06-15 11:38:34,S,253.0,2,103
2021-06-15 11:38:34,S,252.95,2,31
2021-06-15 11:38:34,S,252.9,2,169
2021-06-15 11:38:34,S,252.85,1,54
2021-06-15 11:38:38,S,253.35,1,6
2021-06-15 11:38:38,S,253.65,2,11
2021-06-15 11:38:38,S,253.85,2,11
2021-06-15 11:38:38,S,253.9,3,38
2021-06-15 11:38:38,S,253.95,4,87
2021-06-15 11:38:38,S,253.05,1,5
2021-06-15 11:38:38,S,253.0,2,103
2021-06-15 11:38:38,S,252.95,2,31
2021-06-15 11:38:38,S,252.9,2,169
2021-06-15 11:38:38,S,252.85,1,54
2021-06-15 11:38:40,S,253.05,1,6
2021-06-15 11:38:40,S,253.8,2,15
2021-06-15 11:38:40,S,253.85,2,11
2021-06-15 11:38:40,S,253.9,3,38
2021-06-15 11:38:40,S,253.95,4,87
2021-06-15 11:38:40,S,253.0,2,103
2021-06-15 11:38:40,S,252.9,1,150
2021-06-15 11:38:40,S,252.85,1,54
2021-06-15 11:38:40,S,252.8,1,692
2021-06-15 11:38:40,S,252.6,3,93
2021-06-15 11:38:42,S,253.05,1,6
2021-06-15 11:38:42,S,253.8,2,15
2021-06-15 11:38:42,S,253.85,2,11
2021-06-15 11:38:42,S,253.9,3,38
2021-06-15 11:38:42,S,253.95,4,87
2021-06-15 11:38:42,S,253.0,2,103
2021-06-15 11:38:42,S,252.9,1,150
2021-06-15 11:38:42,S,252.85,1,54
2021-06-15 11:38:42,S,252.8,1,692
2021-06-15 11:38:42,S,252.6,3,93
2021-06-15 11:38:43,S,253.05,1,6
2021-06-15 11:38:43,S,253.8,2,15
2021-06-15 11:38:43,S,253.85,2,11
2021-06-15 11:38:43,S,253.9,3,38
2021-06-15 11:38:43,S,253.95,4,87
2021-06-15 11:38:43,S,253.0,2,103
2021-06-15 11:38:43,S,252.9,1,150
2021-06-15 11:38:43,S,252.85,1,54
2021-06-15 11:38:43,S,252.8,1,692
2021-06-15 11:38:43,S,252.6,3,93
2021-06-15 11:38:45,S,253.6,2,11
2021-06-15 11:38:45,S,253.65,2,9
2021-06-15 11:38:45,S,253.85,3,16
2021-06-15 11:38:45,S,253.9,4,42
2021-06-15 11:38:45,S,253.95,4,88
2021-06-15 11:38:45,S,253.05,1,3
2021-06-15 11:38:45,S,253.0,1,82
2021-06-15 11:38:45,S,252.9,2,154
2021-06-15 11:38:45,S,252.85,1,54
2021-06-15 11:38:45,S,252.8,1,692
2021-06-15 11:38:50,S,253.35,2,9
2021-06-15 11:38:50,S,253.6,2,11
2021-06-15 11:38:50,S,253.65,1,3
2021-06-15 11:38:50,S,253.85,3,16
2021-06-15 11:38:50,S,253.9,4,42
2021-06-15 11:38:50,S,253.05,1,3
2021-06-15 11:38:50,S,253.0,1,82
2021-06-15 11:38:50,S,252.9,1,150
2021-06-15 11:38:50,S,252.85,1,54
2021-06-15 11:38:50,S,252.8,1,692
2021-06-15 11:38:53,S,253.05,1,3
2021-06-15 11:38:53,S,253.8,2,14
2021-06-15 11:38:53,S,253.85,3,16
2021-06-15 11:38:53,S,253.9,4,42
2021-06-15 11:38:53,S,253.95,4,88
2021-06-15 11:38:53,S,253.0,1,82
2021-06-15 11:38:53,S,252.9,1,150
2021-06-15 11:38:53,S,252.85,1,54
2021-06-15 11:38:53,S,252.8,1,692
2021-06-15 11:38:53,S,252.6,3,93
2021-06-15 11:38:57,S,253.05,1,3
2021-06-15 11:38:57,S,253.8,2,14
2021-06-15 11:38:57,S,253.85,3,16
2021-06-15 11:38:57,S,253.9,4,42
2021-06-15 11:38:57,S,253.95,4,88
2021-06-15 11:38:57,S,253.0,1,82
2021-06-15 11:38:57,S,252.9,1,150
2021-06-15 11:38:57,S,252.85,1,54
2021-06-15 11:38:57,S,252.8,1,692
2021-06-15 11:38:57,S,252.6,3,93
2021-06-15 11:38:57,S,253.65,2,11
2021-06-15 11:38:57,S,253.7,1,3
2021-06-15 11:38:57,S,253.8,1,6
2021-06-15 11:38:57,S,253.85,3,16
2021-06-15 11:38:57,S,253.9,4,42
2021-06-15 11:38:57,S,253.0,1,31
2021-06-15 11:38:57,S,252.9,2,154
2021-06-15 11:38:57,S,252.85,1,54
2021-06-15 11:38:57,S,252.8,1,692
2021-06-15 11:38:57,S,252.75,1,3
2021-06-15 11:39:00,S,253.6,2,11
2021-06-15 11:39:00,S,253.65,3,12
2021-06-15 11:39:00,S,253.85,3,16
2021-06-15 11:39:00,S,253.9,4,42
2021-06-15 11:39:00,S,253.95,4,88
2021-06-15 11:39:00,S,253.0,1,31
2021-06-15 11:39:00,S,252.9,1,150
2021-06-15 11:39:00,S,252.85,1,54
2021-06-15 11:39:00,S,252.8,1,692
2021-06-15 11:39:00,S,252.7,1,4
2021-06-15 11:39:02,S,253.55,1,3
2021-06-15 11:39:02,S,253.6,1,8
2021-06-15 11:39:02,S,253.65,2,8
2021-06-15 11:39:02,S,253.85,3,16
2021-06-15 11:39:02,S,253.9,4,42
2021-06-15 11:39:02,S,253.0,1,31
2021-06-15 11:39:02,S,252.9,1,150
2021-06-15 11:39:02,S,252.85,1,54
2021-06-15 11:39:02,S,252.8,1,692
2021-06-15 11:39:02,S,252.7,1,4
2021-06-15 11:39:05,S,253.3,2,8
2021-06-15 11:39:05,S,253.55,1,3
2021-06-15 11:39:05,S,253.6,1,8
2021-06-15 11:39:05,S,253.65,1,3
2021-06-15 11:39:05,S,253.85,3,16
2021-06-15 11:39:05,S,253.0,1,31
2021-06-15 11:39:05,S,252.9,1,150
2021-06-15 11:39:05,S,252.85,1,54
2021-06-15 11:39:05,S,252.8,1,692
2021-06-15 11:39:05,S,252.65,1,20
2021-06-15 11:39:08,S,253.0,1,5
2021-06-15 11:39:08,S,253.45,2,14
2021-06-15 11:39:08,S,253.5,1,6
2021-06-15 11:39:08,S,253.6,2,8
2021-06-15 11:39:08,S,253.65,1,3
2021-06-15 11:39:08,S,252.9,1,150
2021-06-15 11:39:08,S,252.85,1,54
2021-06-15 11:39:08,S,252.8,1,692
2021-06-15 11:39:08,S,252.75,1,12
2021-06-15 11:39:08,S,252.6,3,93
2021-06-15 11:39:09,S,253.0,1,5
2021-06-15 11:39:09,S,253.45,2,14
2021-06-15 11:39:09,S,253.5,1,6
2021-06-15 11:39:09,S,253.6,2,8
2021-06-15 11:39:09,S,253.65,1,3
2021-06-15 11:39:09,S,252.9,1,150
2021-06-15 11:39:09,S,252.85,1,54
2021-06-15 11:39:09,S,252.8,1,692
2021-06-15 11:39:09,S,252.75,1,12
2021-06-15 11:39:09,S,252.6,3,93
2021-06-15 11:39:11,S,253.0,1,5
2021-06-15 11:39:11,S,253.55,2,12
2021-06-15 11:39:11,S,253.6,2,8
2021-06-15 11:39:11,S,253.85,3,16
2021-06-15 11:39:11,S,253.9,4,42
2021-06-15 11:39:11,S,252.9,1,150
2021-06-15 11:39:11,S,252.85,1,54
2021-06-15 11:39:11,S,252.8,1,692
2021-06-15 11:39:11,S,252.75,1,12
2021-06-15 11:39:11,S,252.6,3,93
2021-06-15 11:39:13,S,253.55,2,12
2021-06-15 11:39:13,S,253.6,2,8
2021-06-15 11:39:13,S,253.85,3,16
2021-06-15 11:39:13,S,253.9,4,42
2021-06-15 11:39:13,S,253.95,4,88
2021-06-15 11:39:13,S,252.9,1,144
2021-06-15 11:39:13,S,252.85,1,54
2021-06-15 11:39:13,S,252.8,1,692
2021-06-15 11:39:13,S,252.65,2,24
2021-06-15 11:39:13,S,252.6,4,95
2021-06-15 11:39:16,S,253.55,4,29
2021-06-15 11:39:16,S,253.6,2,8
2021-06-15 11:39:16,S,253.85,3,16
2021-06-15 11:39:16,S,253.9,4,42
2021-06-15 11:39:16,S,253.95,4,88
2021-06-15 11:39:16,S,253.0,1,3
2021-06-15 11:39:16,S,252.9,1,144
2021-06-15 11:39:16,S,252.85,1,54
2021-06-15 11:39:16,S,252.8,1,692
2021-06-15 11:39:16,S,252.65,2,24
2021-06-15 11:39:18,S,253.55,2,9
2021-06-15 11:39:18,S,253.65,2,10
2021-06-15 11:39:18,S,253.7,2,5
2021-06-15 11:39:18,S,253.85,3,16
2021-06-15 11:39:18,S,253.9,4,42
2021-06-15 11:39:18,S,253.0,1,3
2021-06-15 11:39:18,S,252.9,1,144
2021-06-15 11:39:18,S,252.85,1,54
2021-06-15 11:39:18,S,252.8,1,692
2021-06-15 11:39:18,S,252.65,2,24
2021-06-15 11:39:21,S,253.3,2,7
2021-06-15 11:39:21,S,253.5,1,8
2021-06-15 11:39:21,S,253.55,1,4
2021-06-15 11:39:21,S,253.65,1,2
2021-06-15 11:39:21,S,253.7,2,5
2021-06-15 11:39:21,S,253.0,1,3
2021-06-15 11:39:21,S,252.9,1,144
2021-06-15 11:39:21,S,252.85,1,54
2021-06-15 11:39:21,S,252.8,1,692
2021-06-15 11:39:21,S,252.65,2,24
2021-06-15 11:39:23,S,253.3,2,7
2021-06-15 11:39:23,S,253.5,1,8
2021-06-15 11:39:23,S,253.55,1,4
2021-06-15 11:39:23,S,253.65,1,2
2021-06-15 11:39:23,S,253.7,2,5
2021-06-15 11:39:23,S,253.0,1,3
2021-06-15 11:39:23,S,252.9,1,144
2021-06-15 11:39:23,S,252.85,1,54
2021-06-15 11:39:23,S,252.8,1,692
2021-06-15 11:39:23,S,252.65,2,24
2021-06-15 11:39:24,S,253.0,1,2
2021-06-15 11:39:24,S,253.65,2,10
2021-06-15 11:39:24,S,253.7,2,5
2021-06-15 11:39:24,S,253.85,3,16
2021-06-15 11:39:24,S,253.9,4,42
2021-06-15 11:39:24,S,252.9,1,144
2021-06-15 11:39:24,S,252.85,1,54
2021-06-15 11:39:24,S,252.8,1,692
2021-06-15 11:39:24,S,252.75,1,13
2021-06-15 11:39:24,S,252.65,1,20
2021-06-15 11:39:27,S,253.0,1,2
2021-06-15 11:39:27,S,253.65,2,10
2021-06-15 11:39:27,S,253.7,2,5
2021-06-15 11:39:27,S,253.85,3,16
2021-06-15 11:39:27,S,253.9,4,42
2021-06-15 11:39:27,S,252.9,1,144
2021-06-15 11:39:27,S,252.85,1,54
2021-06-15 11:39:27,S,252.8,1,692
2021-06-15 11:39:27,S,252.75,1,13
2021-06-15 11:39:27,S,252.65,1,20
2021-06-15 11:39:28,S,253.65,2,10
2021-06-15 11:39:28,S,253.7,2,5
2021-06-15 11:39:28,S,253.85,3,16
2021-06-15 11:39:28,S,253.9,4,42
2021-06-15 11:39:28,S,253.95,4,88
2021-06-15 11:39:28,S,252.9,1,101
2021-06-15 11:39:28,S,252.85,1,54
2021-06-15 11:39:28,S,252.8,1,692
2021-06-15 11:39:28,S,252.75,1,4
2021-06-15 11:39:28,S,252.65,1,20
2021-06-15 11:39:30,S,253.65,3,15
2021-06-15 11:39:30,S,253.7,2,5
2021-06-15 11:39:30,S,253.85,3,16
2021-06-15 11:39:30,S,253.9,4,42
2021-06-15 11:39:30,S,253.95,4,88
2021-06-15 11:39:30,S,252.9,1,101
2021-06-15 11:39:30,S,252.85,1,54
2021-06-15 11:39:30,S,252.8,1,692
2021-06-15 11:39:30,S,252.75,1,4
2021-06-15 11:39:30,S,252.65,1,20
2021-06-15 11:39:32,S,253.65,3,15
2021-06-15 11:39:32,S,253.7,2,5
2021-06-15 11:39:32,S,253.85,3,16
2021-06-15 11:39:32,S,253.9,4,42
2021-06-15 11:39:32,S,253.95,4,88
2021-06-15 11:39:32,S,252.9,1,101
2021-06-15 11:39:32,S,252.85,1,54
2021-06-15 11:39:32,S,252.8,1,692
2021-06-15 11:39:32,S,252.75,1,4
2021-06-15 11:39:32,S,252.65,1,20
2021-06-15 11:39:34,S,253.3,2,8
2021-06-15 11:39:34,S,253.5,2,11
2021-06-15 11:39:34,S,253.7,2,5
2021-06-15 11:39:34,S,253.85,3,16
2021-06-15 11:39:34,S,253.9,4,42
2021-06-15 11:39:34,S,252.9,1,101
2021-06-15 11:39:34,S,252.85,1,54
2021-06-15 11:39:34,S,252.8,1,692
2021-06-15 11:39:34,S,252.6,4,94
2021-06-15 11:39:34,S,252.55,3,32
2021-06-15 11:39:37,S,253.3,2,8
2021-06-15 11:39:37,S,253.5,2,11
2021-06-15 11:39:37,S,253.7,2,5
2021-06-15 11:39:37,S,253.85,3,16
2021-06-15 11:39:37,S,253.9,4,42
2021-06-15 11:39:37,S,252.9,2,151
2021-06-15 11:39:37,S,252.85,2,67
2021-06-15 11:39:37,S,252.8,1,692
2021-06-15 11:39:37,S,252.65,2,24
2021-06-15 11:39:37,S,252.6,4,94
2021-06-15 11:39:39,S,253.65,2,11
2021-06-15 11:39:39,S,253.7,2,5
2021-06-15 11:39:39,S,253.85,3,16
2021-06-15 11:39:39,S,253.9,4,42
2021-06-15 11:39:39,S,253.95,4,88
2021-06-15 11:39:39,S,252.9,2,102
2021-06-15 11:39:39,S,252.85,1,54
2021-06-15 11:39:39,S,252.8,1,692
2021-06-15 11:39:39,S,252.65,2,24
2021-06-15 11:39:39,S,252.6,4,94
2021-06-15 11:39:45,S,253.65,2,11
2021-06-15 11:39:45,S,253.7,2,5
2021-06-15 11:39:45,S,253.85,3,16
2021-06-15 11:39:45,S,253.9,4,42
2021-06-15 11:39:45,S,253.95,4,88
2021-06-15 11:39:45,S,252.9,2,102
2021-06-15 11:39:45,S,252.85,1,54
2021-06-15 11:39:45,S,252.8,1,692
2021-06-15 11:39:45,S,252.65,2,24
2021-06-15 11:39:45,S,252.6,4,94
2021-06-15 11:39:46,S,253.65,3,17
2021-06-15 11:39:46,S,253.7,2,5
2021-06-15 11:39:46,S,253.85,3,16
2021-06-15 11:39:46,S,253.9,4,42
2021-06-15 11:39:46,S,253.95,4,88
2021-06-15 11:39:46,S,252.9,2,97
2021-06-15 11:39:46,S,252.85,1,54
2021-06-15 11:39:46,S,252.8,1,692
2021-06-15 11:39:46,S,252.65,2,24
2021-06-15 11:39:46,S,252.6,4,94
2021-06-15 11:39:48,S,253.55,2,11
2021-06-15 11:39:48,S,253.6,1,3
2021-06-15 11:39:48,S,253.65,2,9
2021-06-15 11:39:48,S,253.7,2,5
2021-06-15 11:39:48,S,253.85,3,16
2021-06-15 11:39:48,S,253.0,1,2
2021-06-15 11:39:48,S,252.9,3,101
2021-06-15 11:39:48,S,252.85,1,54
2021-06-15 11:39:48,S,252.8,1,692
2021-06-15 11:39:48,S,252.65,2,24
2021-06-15 11:39:51,S,253.3,2,9
2021-06-15 11:39:51,S,253.55,2,11
2021-06-15 11:39:51,S,253.7,2,5
2021-06-15 11:39:51,S,253.85,3,16
2021-06-15 11:39:51,S,253.9,4,42
2021-06-15 11:39:51,S,253.0,1,2
2021-06-15 11:39:51,S,252.9,2,97
2021-06-15 11:39:51,S,252.85,1,54
2021-06-15 11:39:51,S,252.8,1,692
2021-06-15 11:39:51,S,252.65,1,4
2021-06-15 11:39:53,S,253.3,2,9
2021-06-15 11:39:53,S,253.55,2,11
2021-06-15 11:39:53,S,253.7,2,5
2021-06-15 11:39:53,S,253.85,3,16
2021-06-15 11:39:53,S,253.9,4,42
2021-06-15 11:39:53,S,253.0,1,2
2021-06-15 11:39:53,S,252.9,2,97
2021-06-15 11:39:53,S,252.85,1,54
2021-06-15 11:39:53,S,252.8,1,692
2021-06-15 11:39:53,S,252.65,1,4
2021-06-15 11:39:54,S,253.0,1,6
2021-06-15 11:39:54,S,253.45,2,13
2021-06-15 11:39:54,S,253.5,2,9
2021-06-15 11:39:54,S,253.55,1,3
2021-06-15 11:39:54,S,253.7,2,5
2021-06-15 11:39:54,S,252.9,2,97
2021-06-15 11:39:54,S,252.85,1,54
2021-06-15 11:39:54,S,252.8,1,692
2021-06-15 11:39:54,S,252.7,1,12
2021-06-15 11:39:54,S,252.6,4,94
2021-06-15 11:39:56,S,253.0,1,6
2021-06-15 11:39:56,S,253.45,2,13
2021-06-15 11:39:56,S,253.5,2,9
2021-06-15 11:39:56,S,253.7,2,5
2021-06-15 11:39:56,S,253.85,3,16
2021-06-15 11:39:56,S,252.9,2,97
2021-06-15 11:39:56,S,252.8,1,692
2021-06-15 11:39:56,S,252.7,1,12
2021-06-15 11:39:56,S,252.6,4,94
2021-06-15 11:39:56,S,252.55,3,32
2021-06-15 11:39:58,S,253.35,2,10
2021-06-15 11:39:58,S,253.4,2,14
2021-06-15 11:39:58,S,253.45,1,5
2021-06-15 11:39:58,S,253.5,2,9
2021-06-15 11:39:58,S,253.7,2,5
2021-06-15 11:39:58,S,252.9,1,46
2021-06-15 11:39:58,S,252.8,1,692
2021-06-15 11:39:58,S,252.6,4,94
2021-06-15 11:39:58,S,252.55,3,32
2021-06-15 11:39:58,S,252.5,5,29
2021-06-15 11:40:01,S,253.35,3,16
2021-06-15 11:40:01,S,253.4,2,14
2021-06-15 11:40:01,S,253.5,2,9
2021-06-15 11:40:01,S,253.7,2,5
2021-06-15 11:40:01,S,253.85,3,16
2021-06-15 11:40:01,S,252.9,1,46
2021-06-15 11:40:01,S,252.8,1,692
2021-06-15 11:40:01,S,252.6,4,94
2021-06-15 11:40:01,S,252.55,3,32
2021-06-15 11:40:01,S,252.5,5,29
2021-06-15 11:40:07,S,253.15,2,9
2021-06-15 11:40:07,S,253.25,2,11
2021-06-15 11:40:07,S,253.3,2,15
2021-06-15 11:40:07,S,253.35,1,2
2021-06-15 11:40:07,S,253.4,1,2
2021-06-15 11:40:07,S,252.9,1,46
2021-06-15 11:40:07,S,252.8,1,692
2021-06-15 11:40:07,S,252.6,3,75
2021-06-15 11:40:07,S,252.55,3,32
2021-06-15 11:40:07,S,252.5,5,29
2021-06-15 11:40:09,S,252.9,1,6
2021-06-15 11:40:09,S,253.45,2,14
2021-06-15 11:40:09,S,253.5,2,9
2021-06-15 11:40:09,S,253.7,2,5
2021-06-15 11:40:09,S,253.85,3,16
2021-06-15 11:40:09,S,252.8,1,392
2021-06-15 11:40:09,S,252.6,5,103
2021-06-15 11:40:09,S,252.55,3,32
2021-06-15 11:40:09,S,252.5,5,29
2021-06-15 11:40:09,S,252.45,1,58
2021-06-15 11:40:12,S,253.35,2,16
2021-06-15 11:40:12,S,253.45,2,14
2021-06-15 11:40:12,S,253.5,2,9
2021-06-15 11:40:12,S,253.7,2,5
2021-06-15 11:40:12,S,253.85,3,16
2021-06-15 11:40:12,S,252.8,1,384
2021-06-15 11:40:12,S,252.7,1,4
2021-06-15 11:40:12,S,252.6,3,75
2021-06-15 11:40:12,S,252.55,3,32
2021-06-15 11:40:12,S,252.5,6,33
2021-06-15 11:40:12,S,253.35,2,16
2021-06-15 11:40:12,S,253.45,2,14
2021-06-15 11:40:12,S,253.5,2,9
2021-06-15 11:40:12,S,253.7,2,5
2021-06-15 11:40:12,S,253.85,3,16
2021-06-15 11:40:12,S,252.8,1,384
2021-06-15 11:40:12,S,252.7,1,4
2021-06-15 11:40:12,S,252.6,3,75
2021-06-15 11:40:12,S,252.55,3,32
2021-06-15 11:40:12,S,252.5,6,33
2021-06-15 11:40:19,S,253.1,2,9
2021-06-15 11:40:19,S,253.2,2,15
2021-06-15 11:40:19,S,253.3,3,15
2021-06-15 11:40:19,S,253.35,1,3
2021-06-15 11:40:19,S,253.45,1,6
2021-06-15 11:40:19,S,252.8,1,384
2021-06-15 11:40:19,S,252.6,3,75
2021-06-15 11:40:19,S,252.55,2,13
2021-06-15 11:40:19,S,252.5,6,33
2021-06-15 11:40:19,S,252.45,1,58
2021-06-15 11:40:23,S,253.1,2,9
2021-06-15 11:40:23,S,253.2,2,15
2021-06-15 11:40:23,S,253.3,3,15
2021-06-15 11:40:23,S,253.35,1,3
2021-06-15 11:40:23,S,253.45,1,6
2021-06-15 11:40:23,S,252.8,1,384
2021-06-15 11:40:23,S,252.6,3,75
2021-06-15 11:40:23,S,252.55,2,13
2021-06-15 11:40:23,S,252.5,6,33
2021-06-15 11:40:23,S,252.45,1,58
2021-06-15 11:40:24,S,253.35,2,10
2021-06-15 11:40:24,S,253.4,1,2
2021-06-15 11:40:24,S,253.45,1,2
2021-06-15 11:40:24,S,253.5,2,9
2021-06-15 11:40:24,S,253.65,1,2
2021-06-15 11:40:24,S,252.8,1,328
2021-06-15 11:40:24,S,252.6,3,75
2021-06-15 11:40:24,S,252.55,3,33
2021-06-15 11:40:24,S,252.5,6,33
2021-06-15 11:40:24,S,252.45,1,58
2021-06-15 11:40:25,S,253.35,2,10
2021-06-15 11:40:25,S,253.4,1,2
2021-06-15 11:40:25,S,253.45,1,2
2021-06-15 11:40:25,S,253.5,2,9
2021-06-15 11:40:25,S,253.65,1,2
2021-06-15 11:40:25,S,252.8,1,328
2021-06-15 11:40:25,S,252.6,3,75
2021-06-15 11:40:25,S,252.55,3,33
2021-06-15 11:40:25,S,252.5,6,33
2021-06-15 11:40:25,S,252.45,1,58
2021-06-15 11:40:26,S,253.45,2,18
2021-06-15 11:40:26,S,253.5,2,9
2021-06-15 11:40:26,S,253.65,1,2
2021-06-15 11:40:26,S,253.7,2,5
2021-06-15 11:40:26,S,253.85,3,16
2021-06-15 11:40:26,S,252.85,1,16
2021-06-15 11:40:26,S,252.8,1,328
2021-06-15 11:40:26,S,252.7,1,4
2021-06-15 11:40:26,S,252.6,4,91
2021-06-15 11:40:26,S,252.55,3,33
2021-06-15 11:40:31,S,253.45,2,8
2021-06-15 11:40:31,S,253.55,2,20
2021-06-15 11:40:31,S,253.6,1,4
2021-06-15 11:40:31,S,253.85,2,11
2021-06-15 11:40:31,S,253.9,2,18
2021-06-15 11:40:31,S,252.9,1,16
2021-06-15 11:40:31,S,252.85,1,52
2021-06-15 11:40:31,S,252.8,3,358
2021-06-15 11:40:31,S,252.7,2,24
2021-06-15 11:40:31,S,252.6,4,91
2021-06-15 11:40:32,S,253.45,2,8
2021-06-15 11:40:32,S,253.55,2,20
2021-06-15 11:40:32,S,253.6,1,4
2021-06-15 11:40:32,S,253.85,2,11
2021-06-15 11:40:32,S,253.9,2,18
2021-06-15 11:40:32,S,252.9,1,16
2021-06-15 11:40:32,S,252.85,1,52
2021-06-15 11:40:32,S,252.8,3,358
2021-06-15 11:40:32,S,252.7,2,24
2021-06-15 11:40:32,S,252.6,4,91
2021-06-15 11:40:34,S,253.2,1,4
2021-06-15 11:40:34,S,253.65,1,16
2021-06-15 11:40:34,S,253.7,1,6
2021-06-15 11:40:34,S,253.8,1,4
2021-06-15 11:40:34,S,253.85,3,31
2021-06-15 11:40:34,S,252.9,1,16
2021-06-15 11:40:34,S,252.85,2,77
2021-06-15 11:40:34,S,252.8,4,370
2021-06-15 11:40:34,S,252.7,2,24
2021-06-15 11:40:34,S,252.6,4,91
2021-06-15 11:40:37,S,253.2,1,4
2021-06-15 11:40:37,S,253.65,1,16
2021-06-15 11:40:37,S,253.7,1,6
2021-06-15 11:40:37,S,253.8,1,4
2021-06-15 11:40:37,S,253.85,3,31
2021-06-15 11:40:37,S,252.9,1,16
2021-06-15 11:40:37,S,252.85,2,77
2021-06-15 11:40:37,S,252.8,4,370
2021-06-15 11:40:37,S,252.7,2,24
2021-06-15 11:40:37,S,252.6,4,91
2021-06-15 11:40:39,S,253.7,1,4
2021-06-15 11:40:39,S,253.95,2,19
2021-06-15 11:40:39,S,254.45,2,10
2021-06-15 11:40:39,S,254.5,1,7
2021-06-15 11:40:39,S,254.7,2,52
2021-06-15 11:40:39,S,253.3,1,16
2021-06-15 11:40:39,S,253.25,2,23
2021-06-15 11:40:39,S,253.15,1,11
2021-06-15 11:40:39,S,253.0,1,11
2021-06-15 11:40:39,S,252.95,1,20
2021-06-15 11:40:40,S,253.7,1,4
2021-06-15 11:40:40,S,253.95,2,19
2021-06-15 11:40:40,S,254.45,2,10
2021-06-15 11:40:40,S,254.5,1,7
2021-06-15 11:40:40,S,254.7,2,52
2021-06-15 11:40:40,S,253.3,1,16
2021-06-15 11:40:40,S,253.25,2,23
2021-06-15 11:40:40,S,253.15,1,11
2021-06-15 11:40:40,S,253.0,1,11
2021-06-15 11:40:40,S,252.95,1,20
2021-06-15 11:40:42,S,254.55,1,41
2021-06-15 11:40:42,S,254.7,2,44
2021-06-15 11:40:42,S,254.75,2,68
2021-06-15 11:40:42,S,254.8,1,35
2021-06-15 11:40:42,S,254.9,2,29
2021-06-15 11:40:42,S,254.0,1,10
2021-06-15 11:40:42,S,253.15,2,32
2021-06-15 11:40:42,S,253.05,4,18
2021-06-15 11:40:42,S,252.95,3,25
2021-06-15 11:40:42,S,252.85,4,102
2021-06-15 11:40:45,S,254.55,2,47
2021-06-15 11:40:45,S,254.65,2,12
2021-06-15 11:40:45,S,254.7,2,44
2021-06-15 11:40:45,S,254.75,2,68
2021-06-15 11:40:45,S,254.8,1,35
2021-06-15 11:40:45,S,254.0,1,10
2021-06-15 11:40:45,S,253.15,2,32
2021-06-15 11:40:45,S,253.05,4,18
2021-06-15 11:40:45,S,253.0,1,20
2021-06-15 11:40:45,S,252.95,3,25
2021-06-15 11:40:47,S,254.55,2,47
2021-06-15 11:40:47,S,254.65,2,12
2021-06-15 11:40:47,S,254.7,2,44
2021-06-15 11:40:47,S,254.75,2,68
2021-06-15 11:40:47,S,254.8,1,35
2021-06-15 11:40:47,S,254.0,1,10
2021-06-15 11:40:47,S,253.7,1,16
2021-06-15 11:40:47,S,253.65,1,4
2021-06-15 11:40:47,S,253.45,1,4
2021-06-15 11:40:47,S,253.05,5,38
2021-06-15 11:40:49,S,254.55,2,47
2021-06-15 11:40:49,S,254.65,2,12
2021-06-15 11:40:49,S,254.7,2,44
2021-06-15 11:40:49,S,254.75,2,68
2021-06-15 11:40:49,S,254.8,1,35
2021-06-15 11:40:49,S,254.0,1,10
2021-06-15 11:40:49,S,253.7,1,16
2021-06-15 11:40:49,S,253.65,1,4
2021-06-15 11:40:49,S,253.45,1,4
2021-06-15 11:40:49,S,253.05,5,38
2021-06-15 11:40:53,S,254.55,2,47
2021-06-15 11:40:53,S,254.65,2,12
2021-06-15 11:40:53,S,254.7,2,44
2021-06-15 11:40:53,S,254.75,2,68
2021-06-15 11:40:53,S,254.8,1,35
2021-06-15 11:40:53,S,254.0,1,10
2021-06-15 11:40:53,S,253.7,1,16
2021-06-15 11:40:53,S,253.65,1,4
2021-06-15 11:40:53,S,253.45,1,4
2021-06-15 11:40:53,S,253.05,5,38
2021-06-15 11:40:55,S,254.1,2,18
2021-06-15 11:40:55,S,254.15,1,2
2021-06-15 11:40:55,S,254.4,1,7
2021-06-15 11:40:55,S,254.45,2,11
2021-06-15 11:40:55,S,254.65,2,12
2021-06-15 11:40:55,S,253.5,1,2
2021-06-15 11:40:55,S,253.45,1,4
2021-06-15 11:40:55,S,253.35,1,4
2021-06-15 11:40:55,S,253.15,1,4
2021-06-15 11:40:55,S,253.0,3,45
2021-06-15 11:41:01,S,254.1,2,18
2021-06-15 11:41:01,S,254.15,1,2
2021-06-15 11:41:01,S,254.4,1,7
2021-06-15 11:41:01,S,254.45,2,11
2021-06-15 11:41:01,S,254.65,2,12
2021-06-15 11:41:01,S,253.5,1,2
2021-06-15 11:41:01,S,253.45,1,4
2021-06-15 11:41:01,S,253.35,1,4
2021-06-15 11:41:01,S,253.15,1,4
2021-06-15 11:41:01,S,253.0,3,45
2021-06-15 11:41:02,S,254.05,2,21
2021-06-15 11:41:02,S,254.1,2,8
2021-06-15 11:41:02,S,254.45,2,11
2021-06-15 11:41:02,S,254.65,4,14
2021-06-15 11:41:02,S,254.7,2,44
2021-06-15 11:41:02,S,253.15,3,18
2021-06-15 11:41:02,S,253.1,2,16
2021-06-15 11:41:02,S,253.05,2,25
2021-06-15 11:41:02,S,253.0,3,41
2021-06-15 11:41:02,S,252.95,2,20
2021-06-15 11:41:04,S,254.05,2,21
2021-06-15 11:41:04,S,254.1,2,8
2021-06-15 11:41:04,S,254.45,2,11
2021-06-15 11:41:04,S,254.65,4,14
2021-06-15 11:41:04,S,254.7,2,44
2021-06-15 11:41:04,S,253.15,3,18
2021-06-15 11:41:04,S,253.1,2,16
2021-06-15 11:41:04,S,253.05,2,25
2021-06-15 11:41:04,S,253.0,3,41
2021-06-15 11:41:04,S,252.95,2,20
2021-06-15 11:41:04,S,253.6,1,6
2021-06-15 11:41:04,S,254.05,2,21
2021-06-15 11:41:04,S,254.2,2,15
2021-06-15 11:41:04,S,254.45,2,11
2021-06-15 11:41:04,S,254.65,4,14
2021-06-15 11:41:04,S,253.25,3,62
2021-06-15 11:41:04,S,252.95,2,20
2021-06-15 11:41:04,S,252.9,2,25
2021-06-15 11:41:04,S,252.85,3,97
2021-06-15 11:41:04,S,252.8,2,333
2021-06-15 11:41:06,S,253.6,1,6
2021-06-15 11:41:06,S,254.05,2,21
2021-06-15 11:41:06,S,254.2,2,15
2021-06-15 11:41:06,S,254.45,2,11
2021-06-15 11:41:06,S,254.65,4,14
2021-06-15 11:41:06,S,253.25,3,62
2021-06-15 11:41:06,S,252.95,2,20
2021-06-15 11:41:06,S,252.9,2,25
2021-06-15 11:41:06,S,252.85,3,97
2021-06-15 11:41:06,S,252.8,2,333
2021-06-15 11:41:07,S,253.6,1,6
2021-06-15 11:41:07,S,254.4,2,27
2021-06-15 11:41:07,S,254.45,2,11
2021-06-15 11:41:07,S,254.65,2,12
2021-06-15 11:41:07,S,254.7,3,50
2021-06-15 11:41:07,S,253.55,1,2
2021-06-15 11:41:07,S,253.5,1,30
2021-06-15 11:41:07,S,253.35,2,32
2021-06-15 11:41:07,S,253.25,2,60
2021-06-15 11:41:07,S,252.95,2,20
2021-06-15 11:41:10,S,253.55,1,2
2021-06-15 11:41:10,S,254.15,2,24
2021-06-15 11:41:10,S,254.2,2,12
2021-06-15 11:41:10,S,254.45,2,11
2021-06-15 11:41:10,S,254.65,2,12
2021-06-15 11:41:10,S,253.5,1,30
2021-06-15 11:41:10,S,253.35,2,28
2021-06-15 11:41:10,S,253.25,2,60
2021-06-15 11:41:10,S,252.95,2,20
2021-06-15 11:41:10,S,252.9,2,25
2021-06-15 11:41:12,S,254.4,2,22
2021-06-15 11:41:12,S,254.65,2,12
2021-06-15 11:41:12,S,254.7,2,44
2021-06-15 11:41:12,S,254.75,4,72
2021-06-15 11:41:12,S,254.8,1,35
2021-06-15 11:41:12,S,253.25,2,60
2021-06-15 11:41:12,S,253.1,2,25
2021-06-15 11:41:12,S,253.0,4,29
2021-06-15 11:41:12,S,252.95,2,20
2021-06-15 11:41:12,S,252.9,2,25
2021-06-15 11:41:15,S,254.25,2,18
2021-06-15 11:41:15,S,254.4,2,12
2021-06-15 11:41:15,S,254.45,2,6
2021-06-15 11:41:15,S,254.65,4,16
2021-06-15 11:41:15,S,254.7,2,44
2021-06-15 11:41:15,S,253.25,3,65
2021-06-15 11:41:15,S,253.15,5,39
2021-06-15 11:41:15,S,252.95,2,20
2021-06-15 11:41:15,S,252.9,1,20
2021-06-15 11:41:15,S,252.85,3,97
2021-06-15 11:41:21,S,253.7,1,16
2021-06-15 11:41:21,S,253.75,2,14
2021-06-15 11:41:21,S,253.95,2,12
2021-06-15 11:41:21,S,254.15,1,4
2021-06-15 11:41:21,S,254.45,2,6
2021-06-15 11:41:21,S,253.1,2,23
2021-06-15 11:41:21,S,253.0,2,31
2021-06-15 11:41:21,S,252.95,2,20
2021-06-15 11:41:21,S,252.85,4,102
2021-06-15 11:41:21,S,252.8,2,348
2021-06-15 11:41:23,S,253.7,1,16
2021-06-15 11:41:23,S,253.75,2,14
2021-06-15 11:41:23,S,253.95,2,12
2021-06-15 11:41:23,S,254.15,1,4
2021-06-15 11:41:23,S,254.45,2,6
2021-06-15 11:41:23,S,253.1,2,23
2021-06-15 11:41:23,S,253.0,2,31
2021-06-15 11:41:23,S,252.95,2,20
2021-06-15 11:41:23,S,252.85,4,102
2021-06-15 11:41:23,S,252.8,2,348
2021-06-15 11:41:24,S,253.1,1,6
2021-06-15 11:41:24,S,253.8,2,24
2021-06-15 11:41:24,S,253.85,1,7
2021-06-15 11:41:24,S,253.9,1,7
2021-06-15 11:41:24,S,253.95,1,8
2021-06-15 11:41:24,S,252.9,2,31
2021-06-15 11:41:24,S,252.85,3,97
2021-06-15 11:41:24,S,252.8,2,348
2021-06-15 11:41:24,S,252.6,4,91
2021-06-15 11:41:24,S,252.55,3,18
2021-06-15 11:41:27,S,253.1,1,6
2021-06-15 11:41:27,S,253.8,2,24
2021-06-15 11:41:27,S,253.85,1,7
2021-06-15 11:41:27,S,253.9,1,7
2021-06-15 11:41:27,S,253.95,1,8
2021-06-15 11:41:27,S,252.9,2,31
2021-06-15 11:41:27,S,252.85,3,97
2021-06-15 11:41:27,S,252.8,2,348
2021-06-15 11:41:27,S,252.6,4,91
2021-06-15 11:41:27,S,252.55,3,18
2021-06-15 11:41:28,S,253.65,2,24
2021-06-15 11:41:28,S,253.7,2,12
2021-06-15 11:41:28,S,253.9,1,4
2021-06-15 11:41:28,S,254.15,1,4
2021-06-15 11:41:28,S,254.35,2,2
2021-06-15 11:41:28,S,252.85,3,97
2021-06-15 11:41:28,S,252.8,3,353
2021-06-15 11:41:28,S,252.7,2,25
2021-06-15 11:41:28,S,252.6,5,96
2021-06-15 11:41:28,S,252.55,3,18
2021-06-15 11:41:31,S,253.65,1,6
2021-06-15 11:41:31,S,253.85,2,19
2021-06-15 11:41:31,S,254.15,2,11
2021-06-15 11:41:31,S,254.2,1,5
2021-06-15 11:41:31,S,254.25,1,4
2021-06-15 11:41:31,S,253.15,2,31
2021-06-15 11:41:31,S,253.1,2,46
2021-06-15 11:41:31,S,252.95,2,20
2021-06-15 11:41:31,S,252.85,3,97
2021-06-15 11:41:31,S,252.8,3,353
2021-06-15 11:41:34,S,253.65,1,6
2021-06-15 11:41:34,S,253.85,2,19
2021-06-15 11:41:34,S,253.95,2,15
2021-06-15 11:41:34,S,254.15,2,11
2021-06-15 11:41:34,S,254.2,1,5
2021-06-15 11:41:34,S,253.1,3,66
2021-06-15 11:41:34,S,252.95,2,20
2021-06-15 11:41:34,S,252.85,3,97
2021-06-15 11:41:34,S,252.8,3,353
2021-06-15 11:41:34,S,252.75,1,4
2021-06-15 11:41:38,S,253.65,1,6
2021-06-15 11:41:38,S,253.85,2,19
2021-06-15 11:41:38,S,253.95,2,15
2021-06-15 11:41:38,S,254.15,2,11
2021-06-15 11:41:38,S,254.2,1,5
2021-06-15 11:41:38,S,253.1,3,66
2021-06-15 11:41:38,S,252.95,2,20
2021-06-15 11:41:38,S,252.85,3,97
2021-06-15 11:41:38,S,252.8,3,353
2021-06-15 11:41:38,S,252.75,1,4
2021-06-15 11:41:40,S,253.9,2,22
2021-06-15 11:41:40,S,253.95,2,15
2021-06-15 11:41:40,S,254.15,2,11
2021-06-15 11:41:40,S,254.35,1,60
2021-06-15 11:41:40,S,254.45,2,6
2021-06-15 11:41:40,S,253.1,1,14
2021-06-15 11:41:40,S,252.95,1,4
2021-06-15 11:41:40,S,252.9,2,40
2021-06-15 11:41:40,S,252.85,3,97
2021-06-15 11:41:40,S,252.8,3,353
2021-06-15 11:41:45,S,253.9,3,29
2021-06-15 11:41:45,S,254.15,2,11
2021-06-15 11:41:45,S,254.25,1,4
2021-06-15 11:41:45,S,254.35,1,60
2021-06-15 11:41:45,S,254.45,2,6
2021-06-15 11:41:45,S,253.1,1,14
2021-06-15 11:41:45,S,252.95,1,4
2021-06-15 11:41:45,S,252.9,2,40
2021-06-15 11:41:45,S,252.85,3,97
2021-06-15 11:41:45,S,252.8,3,353
2021-06-15 11:41:48,S,253.9,3,29
2021-06-15 11:41:48,S,254.15,2,11
2021-06-15 11:41:48,S,254.25,2,5
2021-06-15 11:41:48,S,254.3,1,10
2021-06-15 11:41:48,S,254.35,1,60
2021-06-15 11:41:48,S,253.1,1,14
2021-06-15 11:41:48,S,252.95,1,4
2021-06-15 11:41:48,S,252.9,2,40
2021-06-15 11:41:48,S,252.85,3,97
2021-06-15 11:41:48,S,252.8,3,353
2021-06-15 11:41:50,S,253.5,1,7
2021-06-15 11:41:50,S,253.9,2,22
2021-06-15 11:41:50,S,254.15,2,11
2021-06-15 11:41:50,S,254.25,2,5
2021-06-15 11:41:50,S,254.3,1,10
2021-06-15 11:41:50,S,253.1,1,14
2021-06-15 11:41:50,S,252.85,3,97
2021-06-15 11:41:50,S,252.8,3,353
2021-06-15 11:41:50,S,252.75,1,4
2021-06-15 11:41:50,S,252.7,2,25
2021-06-15 11:41:51,S,253.5,1,7
2021-06-15 11:41:51,S,253.9,2,22
2021-06-15 11:41:51,S,254.15,2,11
2021-06-15 11:41:51,S,254.25,2,5
2021-06-15 11:41:51,S,254.3,1,10
2021-06-15 11:41:51,S,253.1,1,14
2021-06-15 11:41:51,S,252.85,3,97
2021-06-15 11:41:51,S,252.8,3,353
2021-06-15 11:41:51,S,252.75,1,4
2021-06-15 11:41:51,S,252.7,2,25
2021-06-15 11:41:52,S,253.5,1,7
2021-06-15 11:41:52,S,253.9,2,22
2021-06-15 11:41:52,S,254.15,2,11
2021-06-15 11:41:52,S,254.25,2,5
2021-06-15 11:41:52,S,254.3,1,10
2021-06-15 11:41:52,S,253.15,2,36
2021-06-15 11:41:52,S,253.1,4,2050
2021-06-15 11:41:52,S,252.95,1,4
2021-06-15 11:41:52,S,252.85,3,97
2021-06-15 11:41:52,S,252.8,3,353
2021-06-15 11:41:55,S,254.25,2,19
2021-06-15 11:41:55,S,254.3,2,22
2021-06-15 11:41:55,S,254.45,2,6
2021-06-15 11:41:55,S,254.55,4,42
2021-06-15 11:41:55,S,254.6,1,20
2021-06-15 11:41:55,S,253.1,4,2039
2021-06-15 11:41:55,S,253.05,2,21
2021-06-15 11:41:55,S,253.0,2,25
2021-06-15 11:41:55,S,252.95,2,25
2021-06-15 11:41:55,S,252.85,5,99
2021-06-15 11:41:57,S,254.25,2,19
2021-06-15 11:41:57,S,254.3,2,22
2021-06-15 11:41:57,S,254.45,2,6
2021-06-15 11:41:57,S,254.55,4,42
2021-06-15 11:41:57,S,254.6,1,20
2021-06-15 11:41:57,S,253.1,4,2039
2021-06-15 11:41:57,S,253.05,2,21
2021-06-15 11:41:57,S,253.0,2,25
2021-06-15 11:41:57,S,252.95,2,25
2021-06-15 11:41:57,S,252.85,5,99
2021-06-15 11:42:01,S,254.25,3,25
2021-06-15 11:42:01,S,254.3,2,22
2021-06-15 11:42:01,S,254.45,2,6
2021-06-15 11:42:01,S,254.55,4,42
2021-06-15 11:42:01,S,254.6,1,20
2021-06-15 11:42:01,S,253.1,4,2039
2021-06-15 11:42:01,S,253.05,3,25
2021-06-15 11:42:01,S,253.0,2,25
2021-06-15 11:42:01,S,252.95,2,25
2021-06-15 11:42:01,S,252.85,5,99
2021-06-15 11:42:04,S,253.7,1,6
2021-06-15 11:42:04,S,254.25,2,19
2021-06-15 11:42:04,S,254.3,2,22
2021-06-15 11:42:04,S,254.45,2,6
2021-06-15 11:42:04,S,254.55,2,40
2021-06-15 11:42:04,S,253.25,1,50
2021-06-15 11:42:04,S,253.1,4,2050
2021-06-15 11:42:04,S,253.05,1,16
2021-06-15 11:42:04,S,252.95,3,29
2021-06-15 11:42:04,S,252.85,4,102
2021-06-15 11:42:06,S,253.7,1,6
2021-06-15 11:42:06,S,254.1,2,25
2021-06-15 11:42:06,S,254.15,2,13
2021-06-15 11:42:06,S,254.25,1,3
2021-06-15 11:42:06,S,254.3,2,22
2021-06-15 11:42:06,S,253.25,1,50
2021-06-15 11:42:06,S,253.1,4,2050
2021-06-15 11:42:06,S,252.95,3,29
2021-06-15 11:42:06,S,252.85,4,102
2021-06-15 11:42:06,S,252.8,2,348
2021-06-15 11:42:08,S,253.7,1,6
2021-06-15 11:42:08,S,254.1,2,25
2021-06-15 11:42:08,S,254.15,2,13
2021-06-15 11:42:08,S,254.25,1,3
2021-06-15 11:42:08,S,254.3,2,22
2021-06-15 11:42:08,S,253.25,1,50
2021-06-15 11:42:08,S,253.1,4,2050
2021-06-15 11:42:08,S,252.95,3,29
2021-06-15 11:42:08,S,252.85,4,102
2021-06-15 11:42:08,S,252.8,2,348
2021-06-15 11:42:16,S,254.1,3,31
2021-06-15 11:42:16,S,254.15,1,12
2021-06-15 11:42:16,S,254.3,2,22
2021-06-15 11:42:16,S,254.45,2,6
2021-06-15 11:42:16,S,254.55,2,40
2021-06-15 11:42:16,S,253.7,1,3
2021-06-15 11:42:16,S,253.1,5,2055
2021-06-15 11:42:16,S,253.0,3,26
2021-06-15 11:42:16,S,252.95,3,29
2021-06-15 11:42:16,S,252.85,3,97
2021-06-15 11:42:18,S,254.1,3,31
2021-06-15 11:42:18,S,254.15,1,12
2021-06-15 11:42:18,S,254.3,2,22
2021-06-15 11:42:18,S,254.45,2,6
2021-06-15 11:42:18,S,254.55,2,40
2021-06-15 11:42:18,S,253.7,1,3
2021-06-15 11:42:18,S,253.1,5,2055
2021-06-15 11:42:18,S,253.0,3,26
2021-06-15 11:42:18,S,252.95,3,29
2021-06-15 11:42:18,S,252.85,3,97
2021-06-15 11:42:19,S,253.85,2,20
2021-06-15 11:42:19,S,253.9,2,10
2021-06-15 11:42:19,S,254.3,2,22
2021-06-15 11:42:19,S,254.45,1,4
2021-06-15 11:42:19,S,254.55,1,20
2021-06-15 11:42:19,S,253.25,1,16
2021-06-15 11:42:19,S,253.2,1,4
2021-06-15 11:42:19,S,253.1,5,2059
2021-06-15 11:42:19,S,253.0,3,26
2021-06-15 11:42:19,S,252.95,3,29
2021-06-15 11:42:21,S,253.75,1,4
2021-06-15 11:42:21,S,253.85,1,16
2021-06-15 11:42:21,S,253.9,2,10
2021-06-15 11:42:21,S,254.25,1,20
2021-06-15 11:42:21,S,254.3,2,22
2021-06-15 11:42:21,S,253.3,1,16
2021-06-15 11:42:21,S,253.1,2,34
2021-06-15 11:42:21,S,252.85,2,77
2021-06-15 11:42:21,S,252.8,1,328
2021-06-15 11:42:21,S,252.75,1,5
2021-06-15 11:42:23,S,253.75,1,4
2021-06-15 11:42:23,S,253.85,1,16
2021-06-15 11:42:23,S,253.9,2,10
2021-06-15 11:42:23,S,254.25,1,20
2021-06-15 11:42:23,S,254.3,2,22
2021-06-15 11:42:23,S,253.3,1,16
2021-06-15 11:42:23,S,253.1,2,34
2021-06-15 11:42:23,S,252.85,2,77
2021-06-15 11:42:23,S,252.8,1,328
2021-06-15 11:42:23,S,252.75,1,5
2021-06-15 11:42:24,S,253.3,1,6
2021-06-15 11:42:24,S,253.75,2,25
2021-06-15 11:42:24,S,254.0,2,9
2021-06-15 11:42:24,S,254.2,1,4
2021-06-15 11:42:24,S,254.25,1,20
2021-06-15 11:42:24,S,253.1,2,34
2021-06-15 11:42:24,S,252.95,1,4
2021-06-15 11:42:24,S,252.85,2,77
2021-06-15 11:42:24,S,252.8,1,328
2021-06-15 11:42:24,S,252.7,1,4
2021-06-15 11:42:27,S,253.3,1,6
2021-06-15 11:42:27,S,253.75,2,25
2021-06-15 11:42:27,S,254.0,2,9
2021-06-15 11:42:27,S,254.2,1,4
2021-06-15 11:42:27,S,254.25,1,20
2021-06-15 11:42:27,S,253.1,2,34
2021-06-15 11:42:27,S,252.95,1,4
2021-06-15 11:42:27,S,252.85,2,77
2021-06-15 11:42:27,S,252.8,1,328
2021-06-15 11:42:27,S,252.7,1,4
2021-06-15 11:42:29,S,253.7,2,20
2021-06-15 11:42:29,S,253.75,2,8
2021-06-15 11:42:29,S,254.0,2,9
2021-06-15 11:42:29,S,254.05,1,20
2021-06-15 11:42:29,S,254.1,1,20
2021-06-15 11:42:29,S,252.9,1,16
2021-06-15 11:42:29,S,252.85,1,25
2021-06-15 11:42:29,S,252.8,1,328
2021-06-15 11:42:29,S,252.7,1,4
2021-06-15 11:42:29,S,252.6,3,75
2021-06-15 11:42:32,S,253.7,2,11
2021-06-15 11:42:32,S,253.95,2,21
2021-06-15 11:42:32,S,254.0,2,9
2021-06-15 11:42:32,S,254.2,1,4
2021-06-15 11:42:32,S,254.3,2,22
2021-06-15 11:42:32,S,253.05,1,16
2021-06-15 11:42:32,S,253.0,1,100
2021-06-15 11:42:32,S,252.85,2,76
2021-06-15 11:42:32,S,252.8,1,328
2021-06-15 11:42:32,S,252.7,1,4
2021-06-15 11:42:34,S,253.4,1,7
2021-06-15 11:42:34,S,253.6,2,25
2021-06-15 11:42:34,S,253.65,1,9
2021-06-15 11:42:34,S,253.95,1,5
2021-06-15 11:42:34,S,254.0,2,9
2021-06-15 11:42:34,S,253.05,1,16
2021-06-15 11:42:34,S,253.0,1,100
2021-06-15 11:42:34,S,252.85,2,76
2021-06-15 11:42:34,S,252.8,1,328
2021-06-15 11:42:34,S,252.7,1,4
2021-06-15 11:42:37,S,253.4,1,7
2021-06-15 11:42:37,S,253.6,1,9
2021-06-15 11:42:37,S,253.65,1,16
2021-06-15 11:42:37,S,253.7,2,9
2021-06-15 11:42:37,S,254.0,2,9
2021-06-15 11:42:37,S,253.05,1,16
2021-06-15 11:42:37,S,253.0,1,100
2021-06-15 11:42:37,S,252.85,2,76
2021-06-15 11:42:37,S,252.8,1,328
2021-06-15 11:42:37,S,252.7,1,4
2021-06-15 11:42:39,S,253.4,1,7
2021-06-15 11:42:39,S,253.6,1,9
2021-06-15 11:42:39,S,253.65,1,16
2021-06-15 11:42:39,S,253.7,2,9
2021-06-15 11:42:39,S,254.0,2,9
2021-06-15 11:42:39,S,253.05,1,16
2021-06-15 11:42:39,S,253.0,1,100
2021-06-15 11:42:39,S,252.85,2,76
2021-06-15 11:42:39,S,252.8,1,328
2021-06-15 11:42:39,S,252.7,1,4
2021-06-15 11:42:40,S,253.05,1,7
2021-06-15 11:42:40,S,253.65,2,25
2021-06-15 11:42:40,S,253.7,1,5
2021-06-15 11:42:40,S,253.75,1,5
2021-06-15 11:42:40,S,253.8,2,9
2021-06-15 11:42:40,S,253.0,1,100
2021-06-15 11:42:40,S,252.85,2,76
2021-06-15 11:42:40,S,252.8,1,328
2021-06-15 11:42:40,S,252.6,3,75
2021-06-15 11:42:40,S,252.55,2,13
2021-06-15 11:42:42,S,253.75,2,21
2021-06-15 11:42:42,S,253.8,2,9
2021-06-15 11:42:42,S,254.0,2,9
2021-06-15 11:42:42,S,254.2,1,4
2021-06-15 11:42:42,S,254.3,2,22
2021-06-15 11:42:42,S,253.0,1,92
2021-06-15 11:42:42,S,252.85,2,76
2021-06-15 11:42:42,S,252.8,1,328
2021-06-15 11:42:42,S,252.6,3,75
2021-06-15 11:42:42,S,252.55,2,13
2021-06-15 11:42:48,S,253.75,3,26
2021-06-15 11:42:48,S,253.8,2,9
2021-06-15 11:42:48,S,254.0,2,9
2021-06-15 11:42:48,S,254.15,1,5
2021-06-15 11:42:48,S,254.2,1,4
2021-06-15 11:42:48,S,253.0,2,112
2021-06-15 11:42:48,S,252.9,1,4
2021-06-15 11:42:48,S,252.85,2,76
2021-06-15 11:42:48,S,252.8,1,328
2021-06-15 11:42:48,S,252.7,1,4
2021-06-15 11:42:51,S,253.4,1,5
2021-06-15 11:42:51,S,253.75,2,21
2021-06-15 11:42:51,S,253.8,2,9
2021-06-15 11:42:51,S,254.0,2,9
2021-06-15 11:42:51,S,254.2,1,4
2021-06-15 11:42:51,S,253.0,3,124
2021-06-15 11:42:51,S,252.85,2,76
2021-06-15 11:42:51,S,252.8,1,328
2021-06-15 11:42:51,S,252.7,1,4
2021-06-15 11:42:51,S,252.6,3,75
2021-06-15 11:42:53,S,253.85,2,19
2021-06-15 11:42:53,S,253.95,2,9
2021-06-15 11:42:53,S,254.15,1,20
2021-06-15 11:42:53,S,254.2,3,27
2021-06-15 11:42:53,S,254.3,2,22
2021-06-15 11:42:53,S,253.0,3,102
2021-06-15 11:42:53,S,252.9,1,55
2021-06-15 11:42:53,S,252.85,2,76
2021-06-15 11:42:53,S,252.8,1,328
2021-06-15 11:42:53,S,252.7,1,4
2021-06-15 11:43:01,S,253.75,2,19
2021-06-15 11:43:01,S,253.8,3,43
2021-06-15 11:43:01,S,253.85,2,10
2021-06-15 11:43:01,S,254.0,2,9
2021-06-15 11:43:01,S,254.2,2,7
2021-06-15 11:43:01,S,253.05,1,50
2021-06-15 11:43:01,S,253.0,4,107
2021-06-15 11:43:01,S,252.95,1,4
2021-06-15 11:43:01,S,252.9,1,55
2021-06-15 11:43:01,S,252.85,2,76
2021-06-15 11:43:08,S,253.75,2,19
2021-06-15 11:43:08,S,253.8,3,43
2021-06-15 11:43:08,S,253.85,2,10
2021-06-15 11:43:08,S,254.0,2,9
2021-06-15 11:43:08,S,254.2,2,7
2021-06-15 11:43:08,S,253.05,1,50
2021-06-15 11:43:08,S,253.0,4,107
2021-06-15 11:43:08,S,252.95,1,4
2021-06-15 11:43:08,S,252.9,1,55
2021-06-15 11:43:08,S,252.85,2,76
2021-06-15 11:43:09,S,253.95,2,23
2021-06-15 11:43:09,S,254.0,2,9
2021-06-15 11:43:09,S,254.2,2,7
2021-06-15 11:43:09,S,254.25,1,20
2021-06-15 11:43:09,S,254.3,2,22
2021-06-15 11:43:09,S,253.0,4,107
2021-06-15 11:43:09,S,252.95,1,4
2021-06-15 11:43:09,S,252.9,1,55
2021-06-15 11:43:09,S,252.85,2,76
2021-06-15 11:43:09,S,252.8,1,328
2021-06-15 11:43:11,S,253.95,2,22
2021-06-15 11:43:11,S,254.0,2,9
2021-06-15 11:43:11,S,254.2,2,7
2021-06-15 11:43:11,S,254.25,1,20
2021-06-15 11:43:11,S,254.3,2,22
2021-06-15 11:43:11,S,253.0,4,107
2021-06-15 11:43:11,S,252.95,1,4
2021-06-15 11:43:11,S,252.9,1,55
2021-06-15 11:43:11,S,252.85,2,76
2021-06-15 11:43:11,S,252.8,1,328
2021-06-15 11:43:13,S,253.95,2,22
2021-06-15 11:43:13,S,254.0,2,9
2021-06-15 11:43:13,S,254.15,1,3
2021-06-15 11:43:13,S,254.2,3,12
2021-06-15 11:43:13,S,254.25,1,20
2021-06-15 11:43:13,S,253.05,1,5
2021-06-15 11:43:13,S,253.0,3,102
2021-06-15 11:43:13,S,252.95,1,4
2021-06-15 11:43:13,S,252.9,1,55
2021-06-15 11:43:13,S,252.85,2,76
2021-06-15 11:43:16,S,253.95,3,29
2021-06-15 11:43:16,S,254.0,2,9
2021-06-15 11:43:16,S,254.2,3,12
2021-06-15 11:43:16,S,254.25,1,20
2021-06-15 11:43:16,S,254.3,2,22
2021-06-15 11:43:16,S,253.05,1,5
2021-06-15 11:43:16,S,253.0,3,102
2021-06-15 11:43:16,S,252.95,1,4
2021-06-15 11:43:16,S,252.9,1,55
2021-06-15 11:43:16,S,252.85,2,76
2021-06-15 11:43:21,S,253.5,2,11
2021-06-15 11:43:21,S,253.75,2,22
2021-06-15 11:43:21,S,253.8,2,14
2021-06-15 11:43:21,S,253.85,1,10
2021-06-15 11:43:21,S,254.0,2,9
2021-06-15 11:43:21,S,253.05,1,5
2021-06-15 11:43:21,S,253.0,3,102
2021-06-15 11:43:21,S,252.9,1,55
2021-06-15 11:43:21,S,252.85,2,76
2021-06-15 11:43:21,S,252.8,1,328
2021-06-15 11:43:23,S,253.5,2,11
2021-06-15 11:43:23,S,253.75,2,22
2021-06-15 11:43:23,S,253.8,2,14
2021-06-15 11:43:23,S,253.85,1,10
2021-06-15 11:43:23,S,254.0,2,9
2021-06-15 11:43:23,S,253.05,1,5
2021-06-15 11:43:23,S,253.0,3,102
2021-06-15 11:43:23,S,252.9,1,55
2021-06-15 11:43:23,S,252.85,2,76
2021-06-15 11:43:23,S,252.8,1,328
2021-06-15 11:43:24,S,253.05,1,7
2021-06-15 11:43:24,S,253.65,2,26
2021-06-15 11:43:24,S,253.8,2,14
2021-06-15 11:43:24,S,254.0,2,9
2021-06-15 11:43:24,S,254.1,1,20
2021-06-15 11:43:24,S,253.0,3,102
2021-06-15 11:43:24,S,252.9,1,55
2021-06-15 11:43:24,S,252.85,2,76
2021-06-15 11:43:24,S,252.8,2,340
2021-06-15 11:43:24,S,252.6,3,75
2021-06-15 11:43:27,S,253.05,1,7
2021-06-15 11:43:27,S,253.65,2,26
2021-06-15 11:43:27,S,253.8,2,14
2021-06-15 11:43:27,S,254.0,2,9
2021-06-15 11:43:27,S,254.1,1,20
2021-06-15 11:43:27,S,253.0,3,102
2021-06-15 11:43:27,S,252.9,1,55
2021-06-15 11:43:27,S,252.85,2,76
2021-06-15 11:43:27,S,252.8,2,340
2021-06-15 11:43:27,S,252.6,3,75
2021-06-15 11:43:28,S,253.7,1,6
2021-06-15 11:43:28,S,253.75,1,16
2021-06-15 11:43:28,S,253.8,1,10
2021-06-15 11:43:28,S,254.0,2,9
2021-06-15 11:43:28,S,254.2,2,7
2021-06-15 11:43:28,S,253.0,3,95
2021-06-15 11:43:28,S,252.9,1,55
2021-06-15 11:43:28,S,252.85,3,80
2021-06-15 11:43:28,S,252.8,1,328
2021-06-15 11:43:28,S,252.6,3,75
2021-06-15 11:43:30,S,253.7,3,29
2021-06-15 11:43:30,S,253.8,2,14
2021-06-15 11:43:30,S,254.0,3,29
2021-06-15 11:43:30,S,254.05,1,20
2021-06-15 11:43:30,S,254.2,2,7
2021-06-15 11:43:30,S,253.0,3,95
2021-06-15 11:43:30,S,252.9,1,55
2021-06-15 11:43:30,S,252.85,3,80
2021-06-15 11:43:30,S,252.8,1,328
2021-06-15 11:43:30,S,252.6,3,75
2021-06-15 11:43:35,S,253.35,1,7
2021-06-15 11:43:35,S,253.7,2,22
2021-06-15 11:43:35,S,253.8,2,14
2021-06-15 11:43:35,S,254.0,3,29
2021-06-15 11:43:35,S,254.05,1,20
2021-06-15 11:43:35,S,253.0,3,95
2021-06-15 11:43:35,S,252.9,2,67
2021-06-15 11:43:35,S,252.85,2,76
2021-06-15 11:43:35,S,252.8,1,328
2021-06-15 11:43:35,S,252.6,3,75
2021-06-15 11:43:38,S,253.35,1,7
2021-06-15 11:43:38,S,253.7,2,22
2021-06-15 11:43:38,S,253.8,2,14
2021-06-15 11:43:38,S,254.0,3,29
2021-06-15 11:43:38,S,254.05,1,20
2021-06-15 11:43:38,S,253.0,3,95
2021-06-15 11:43:38,S,252.9,2,67
2021-06-15 11:43:38,S,252.85,2,76
2021-06-15 11:43:38,S,252.8,1,328
2021-06-15 11:43:38,S,252.6,3,75
2021-06-15 11:43:40,S,253.75,2,21
2021-06-15 11:43:40,S,253.8,2,14
2021-06-15 11:43:40,S,254.0,2,9
2021-06-15 11:43:40,S,254.05,1,20
2021-06-15 11:43:40,S,254.1,1,20
2021-06-15 11:43:40,S,253.0,2,34
2021-06-15 11:43:40,S,252.9,1,55
2021-06-15 11:43:40,S,252.85,3,88
2021-06-15 11:43:40,S,252.8,1,328
2021-06-15 11:43:40,S,252.6,3,75
2021-06-15 11:43:46,S,253.7,2,21
2021-06-15 11:43:46,S,253.75,2,12
2021-06-15 11:43:46,S,254.0,2,9
2021-06-15 11:43:46,S,254.05,1,20
2021-06-15 11:43:46,S,254.1,1,20
2021-06-15 11:43:46,S,253.0,2,34
2021-06-15 11:43:46,S,252.9,1,55
2021-06-15 11:43:46,S,252.85,2,84
2021-06-15 11:43:46,S,252.8,1,328
2021-06-15 11:43:46,S,252.75,1,4
2021-06-15 11:43:51,S,253.35,2,12
2021-06-15 11:43:51,S,253.7,2,21
2021-06-15 11:43:51,S,253.75,2,14
2021-06-15 11:43:51,S,254.0,2,9
2021-06-15 11:43:51,S,254.2,2,7
2021-06-15 11:43:51,S,253.1,1,1
2021-06-15 11:43:51,S,253.0,2,34
2021-06-15 11:43:51,S,252.9,1,55
2021-06-15 11:43:51,S,252.85,2,84
2021-06-15 11:43:51,S,252.8,1,328
2021-06-15 11:43:53,S,253.35,2,12
2021-06-15 11:43:53,S,253.7,2,21
2021-06-15 11:43:53,S,253.75,2,14
2021-06-15 11:43:53,S,254.0,2,9
2021-06-15 11:43:53,S,254.2,2,7
2021-06-15 11:43:53,S,253.1,1,1
2021-06-15 11:43:53,S,253.0,2,34
2021-06-15 11:43:53,S,252.9,1,55
2021-06-15 11:43:53,S,252.85,2,84
2021-06-15 11:43:53,S,252.8,1,328
2021-06-15 11:43:54,S,253.1,1,1
2021-06-15 11:43:54,S,253.7,2,21
2021-06-15 11:43:54,S,253.75,2,14
2021-06-15 11:43:54,S,254.0,2,9
2021-06-15 11:43:54,S,254.2,2,7
2021-06-15 11:43:54,S,253.0,2,34
2021-06-15 11:43:54,S,252.9,1,55
2021-06-15 11:43:54,S,252.85,2,84
2021-06-15 11:43:54,S,252.8,1,328
2021-06-15 11:43:54,S,252.6,3,75
2021-06-15 11:43:55,S,253.1,1,1
2021-06-15 11:43:55,S,253.7,2,21
2021-06-15 11:43:55,S,253.75,2,14
2021-06-15 11:43:55,S,254.0,2,9
2021-06-15 11:43:55,S,254.2,2,7
2021-06-15 11:43:55,S,253.0,2,34
2021-06-15 11:43:55,S,252.9,1,55
2021-06-15 11:43:55,S,252.85,2,84
2021-06-15 11:43:55,S,252.8,1,328
2021-06-15 11:43:55,S,252.6,3,75
2021-06-15 11:43:56,S,253.1,1,7
2021-06-15 11:43:56,S,253.7,2,21
2021-06-15 11:43:56,S,253.75,2,14
2021-06-15 11:43:56,S,254.0,2,9
2021-06-15 11:43:56,S,254.15,1,20
2021-06-15 11:43:56,S,253.0,2,34
2021-06-15 11:43:56,S,252.9,1,55
2021-06-15 11:43:56,S,252.85,3,96
2021-06-15 11:43:56,S,252.8,1,328
2021-06-15 11:43:56,S,252.6,3,75
2021-06-15 11:43:57,S,253.1,1,7
2021-06-15 11:43:57,S,253.7,2,21
2021-06-15 11:43:57,S,253.75,2,14
2021-06-15 11:43:57,S,254.0,2,9
2021-06-15 11:43:57,S,254.15,1,20
2021-06-15 11:43:57,S,253.0,2,34
2021-06-15 11:43:57,S,252.9,1,55
2021-06-15 11:43:57,S,252.85,3,96
2021-06-15 11:43:57,S,252.8,1,328
2021-06-15 11:43:57,S,252.6,3,75
2021-06-15 11:43:58,S,253.0,1,6
2021-06-15 11:43:58,S,253.5,1,16
2021-06-15 11:43:58,S,253.55,2,14
2021-06-15 11:43:58,S,253.6,1,10
2021-06-15 11:43:58,S,253.75,2,14
2021-06-15 11:43:58,S,252.9,1,55
2021-06-15 11:43:58,S,252.85,2,79
2021-06-15 11:43:58,S,252.8,1,328
2021-06-15 11:43:58,S,252.75,1,13
2021-06-15 11:43:58,S,252.6,4,77
2021-06-15 11:44:01,S,253.0,1,6
2021-06-15 11:44:01,S,253.7,2,21
2021-06-15 11:44:01,S,253.75,2,14
2021-06-15 11:44:01,S,254.0,2,9
2021-06-15 11:44:01,S,254.2,2,7
2021-06-15 11:44:01,S,252.9,1,45
2021-06-15 11:44:01,S,252.85,1,25
2021-06-15 11:44:01,S,252.8,1,328
2021-06-15 11:44:01,S,252.75,1,12
2021-06-15 11:44:01,S,252.6,4,77
2021-06-15 11:44:03,S,253.7,1,32
2021-06-15 11:44:03,S,253.75,2,8
2021-06-15 11:44:03,S,254.0,2,9
2021-06-15 11:44:03,S,254.2,2,7
2021-06-15 11:44:03,S,254.25,3,46
2021-06-15 11:44:03,S,252.95,1,32
2021-06-15 11:44:03,S,252.9,1,45
2021-06-15 11:44:03,S,252.85,2,77
2021-06-15 11:44:03,S,252.8,1,328
2021-06-15 11:44:03,S,252.6,3,75
2021-06-15 11:44:05,S,253.95,1,32
2021-06-15 11:44:05,S,254.0,3,44
2021-06-15 11:44:05,S,254.1,1,4
2021-06-15 11:44:05,S,254.2,2,7
2021-06-15 11:44:05,S,254.3,2,22
2021-06-15 11:44:05,S,252.95,1,32
2021-06-15 11:44:05,S,252.9,1,45
2021-06-15 11:44:05,S,252.85,2,77
2021-06-15 11:44:05,S,252.8,2,332
2021-06-15 11:44:05,S,252.7,1,1
2021-06-15 11:44:15,S,253.9,1,32
2021-06-15 11:44:15,S,253.95,2,17
2021-06-15 11:44:15,S,254.0,2,9
2021-06-15 11:44:15,S,254.2,2,7
2021-06-15 11:44:15,S,254.3,2,22
2021-06-15 11:44:15,S,252.95,1,32
2021-06-15 11:44:15,S,252.9,1,45
2021-06-15 11:44:15,S,252.85,2,77
2021-06-15 11:44:15,S,252.8,3,337
2021-06-15 11:44:15,S,252.7,2,6
2021-06-15 11:44:20,S,253.45,2,11
2021-06-15 11:44:20,S,253.55,2,39
2021-06-15 11:44:20,S,253.6,1,4
2021-06-15 11:44:20,S,253.8,2,16
2021-06-15 11:44:20,S,254.0,2,9
2021-06-15 11:44:20,S,252.95,1,32
2021-06-15 11:44:20,S,252.9,1,45
2021-06-15 11:44:20,S,252.85,2,77
2021-06-15 11:44:20,S,252.8,1,328
2021-06-15 11:44:20,S,252.7,1,1
2021-06-15 11:44:22,S,253.45,2,11
2021-06-15 11:44:22,S,253.55,2,39
2021-06-15 11:44:22,S,253.6,1,4
2021-06-15 11:44:22,S,253.8,2,16
2021-06-15 11:44:22,S,254.0,2,9
2021-06-15 11:44:22,S,252.95,1,32
2021-06-15 11:44:22,S,252.9,1,45
2021-06-15 11:44:22,S,252.85,2,77
2021-06-15 11:44:22,S,252.8,1,328
2021-06-15 11:44:22,S,252.7,1,1
2021-06-15 11:44:23,S,253.6,1,5
2021-06-15 11:44:23,S,253.8,1,12
2021-06-15 11:44:23,S,253.9,1,13
2021-06-15 11:44:23,S,254.0,2,9
2021-06-15 11:44:23,S,254.2,2,7
2021-06-15 11:44:23,S,253.25,1,32
2021-06-15 11:44:23,S,253.2,1,12
2021-06-15 11:44:23,S,252.9,2,61
2021-06-15 11:44:23,S,252.85,2,77
2021-06-15 11:44:23,S,252.8,1,328
2021-06-15 11:44:28,S,254.3,3,50
2021-06-15 11:44:28,S,254.35,1,55
2021-06-15 11:44:28,S,254.45,1,4
2021-06-15 11:44:28,S,254.6,1,20
2021-06-15 11:44:28,S,254.65,1,4
2021-06-15 11:44:28,S,253.3,1,32
2021-06-15 11:44:28,S,253.25,1,53
2021-06-15 11:44:28,S,253.15,2,24
2021-06-15 11:44:28,S,253.0,2,21
2021-06-15 11:44:28,S,252.95,3,29
2021-06-15 11:44:31,S,254.3,4,55
2021-06-15 11:44:31,S,254.35,2,68
2021-06-15 11:44:31,S,254.45,1,4
2021-06-15 11:44:31,S,254.6,1,20
2021-06-15 11:44:31,S,254.65,1,4
2021-06-15 11:44:31,S,253.3,1,32
2021-06-15 11:44:31,S,253.25,1,53
2021-06-15 11:44:31,S,253.15,2,24
2021-06-15 11:44:31,S,253.0,2,21
2021-06-15 11:44:31,S,252.95,3,29
2021-06-15 11:44:36,S,253.8,2,12
2021-06-15 11:44:36,S,254.2,3,50
2021-06-15 11:44:36,S,254.25,2,21
2021-06-15 11:44:36,S,254.3,2,27
2021-06-15 11:44:36,S,254.35,2,68
2021-06-15 11:44:36,S,253.3,2,45
2021-06-15 11:44:36,S,253.25,1,53
2021-06-15 11:44:36,S,253.15,2,24
2021-06-15 11:44:36,S,253.0,2,21
2021-06-15 11:44:36,S,252.95,3,29
2021-06-15 11:44:38,S,254.05,1,32
2021-06-15 11:44:38,S,254.1,3,57
2021-06-15 11:44:38,S,254.25,2,21
2021-06-15 11:44:38,S,254.3,2,27
2021-06-15 11:44:38,S,254.35,2,68
2021-06-15 11:44:38,S,252.95,1,32
2021-06-15 11:44:38,S,252.9,2,61
2021-06-15 11:44:38,S,252.85,3,81
2021-06-15 11:44:38,S,252.8,1,328
2021-06-15 11:44:38,S,252.75,1,5
2021-06-15 11:44:40,S,253.95,1,32
2021-06-15 11:44:40,S,254.0,3,47
2021-06-15 11:44:40,S,254.25,2,21
2021-06-15 11:44:40,S,254.3,2,27
2021-06-15 11:44:40,S,254.35,2,68
2021-06-15 11:44:40,S,252.95,1,32
2021-06-15 11:44:40,S,252.9,4,76
2021-06-15 11:44:40,S,252.85,4,101
2021-06-15 11:44:40,S,252.8,1,328
2021-06-15 11:44:40,S,252.75,1,5
2021-06-15 11:44:43,S,253.95,1,32
2021-06-15 11:44:43,S,254.0,3,47
2021-06-15 11:44:43,S,254.25,2,21
2021-06-15 11:44:43,S,254.3,2,27
2021-06-15 11:44:43,S,254.35,2,68
2021-06-15 11:44:43,S,252.95,1,32
2021-06-15 11:44:43,S,252.9,4,76
2021-06-15 11:44:43,S,252.85,4,101
2021-06-15 11:44:43,S,252.8,1,328
2021-06-15 11:44:43,S,252.75,1,5
2021-06-15 11:44:45,S,253.9,1,32
2021-06-15 11:44:45,S,253.95,2,19
2021-06-15 11:44:45,S,254.0,2,11
2021-06-15 11:44:45,S,254.25,2,21
2021-06-15 11:44:45,S,254.3,2,27
2021-06-15 11:44:45,S,252.95,1,32
2021-06-15 11:44:45,S,252.9,4,76
2021-06-15 11:44:45,S,252.85,4,101
2021-06-15 11:44:45,S,252.8,1,328
2021-06-15 11:44:45,S,252.75,1,5
2021-06-15 11:44:48,S,253.9,1,32
2021-06-15 11:44:48,S,253.95,2,19
2021-06-15 11:44:48,S,254.0,2,11
2021-06-15 11:44:48,S,254.25,2,21
2021-06-15 11:44:48,S,254.3,2,27
2021-06-15 11:44:48,S,252.95,1,32
2021-06-15 11:44:48,S,252.9,2,61
2021-06-15 11:44:48,S,252.85,4,101
2021-06-15 11:44:48,S,252.8,1,328
2021-06-15 11:44:48,S,252.75,1,5
2021-06-15 11:44:50,S,253.45,1,7
2021-06-15 11:44:50,S,253.8,2,49
2021-06-15 11:44:50,S,253.85,2,37
2021-06-15 11:44:50,S,254.0,2,11
2021-06-15 11:44:50,S,254.25,2,21
2021-06-15 11:44:50,S,252.95,1,32
2021-06-15 11:44:50,S,252.9,2,61
2021-06-15 11:44:50,S,252.85,3,97
2021-06-15 11:44:50,S,252.8,1,328
2021-06-15 11:44:50,S,252.7,1,1
2021-06-15 11:44:53,S,253.45,1,7
2021-06-15 11:44:53,S,253.8,2,49
2021-06-15 11:44:53,S,253.85,2,37
2021-06-15 11:44:53,S,254.0,2,11
2021-06-15 11:44:53,S,254.25,2,21
2021-06-15 11:44:53,S,252.95,1,32
2021-06-15 11:44:53,S,252.9,2,61
2021-06-15 11:44:53,S,252.85,3,97
2021-06-15 11:44:53,S,252.8,1,328
2021-06-15 11:44:53,S,252.7,1,1
2021-06-15 11:44:55,S,252.95,1,7
2021-06-15 11:44:55,S,253.8,2,49
2021-06-15 11:44:55,S,254.0,2,11
2021-06-15 11:44:55,S,254.25,2,21
2021-06-15 11:44:55,S,254.3,4,29
2021-06-15 11:44:55,S,252.9,1,45
2021-06-15 11:44:55,S,252.85,2,77
2021-06-15 11:44:55,S,252.8,3,352
2021-06-15 11:44:55,S,252.7,1,1
2021-06-15 11:44:55,S,252.6,4,79
2021-06-15 11:44:57,S,253.75,1,32
2021-06-15 11:44:57,S,253.8,2,10
2021-06-15 11:44:57,S,254.0,2,11
2021-06-15 11:44:57,S,254.2,1,20
2021-06-15 11:44:57,S,254.25,2,21
2021-06-15 11:44:57,S,252.9,1,29
2021-06-15 11:44:57,S,252.85,2,77
2021-06-15 11:44:57,S,252.8,3,352
2021-06-15 11:44:57,S,252.6,5,81
2021-06-15 11:44:57,S,252.55,2,13
2021-06-15 11:45:00,S,253.75,2,38
2021-06-15 11:45:00,S,253.8,2,10
2021-06-15 11:45:00,S,254.0,2,11
2021-06-15 11:45:00,S,254.2,1,20
2021-06-15 11:45:00,S,254.25,2,21
2021-06-15 11:45:00,S,252.9,1,29
2021-06-15 11:45:00,S,252.85,2,77
2021-06-15 11:45:00,S,252.8,3,352
2021-06-15 11:45:00,S,252.6,5,81
2021-06-15 11:45:00,S,252.55,2,13
2021-06-15 11:45:01,S,253.75,2,38
2021-06-15 11:45:01,S,253.8,2,10
2021-06-15 11:45:01,S,254.0,2,11
2021-06-15 11:45:01,S,254.2,1,20
2021-06-15 11:45:01,S,254.25,2,21
2021-06-15 11:45:01,S,252.9,1,29
2021-06-15 11:45:01,S,252.85,2,77
2021-06-15 11:45:01,S,252.8,3,352
2021-06-15 11:45:01,S,252.6,5,81
2021-06-15 11:45:01,S,252.55,2,13
2021-06-15 11:45:04,S,253.8,1,32
2021-06-15 11:45:04,S,253.85,2,21
2021-06-15 11:45:04,S,254.05,2,19
2021-06-15 11:45:04,S,254.15,1,3
2021-06-15 11:45:04,S,254.25,2,21
2021-06-15 11:45:04,S,252.9,2,40
2021-06-15 11:45:04,S,252.85,3,93
2021-06-15 11:45:04,S,252.8,2,348
2021-06-15 11:45:04,S,252.7,1,1
2021-06-15 11:45:04,S,252.65,1,5
2021-06-15 11:45:06,S,253.8,1,32
2021-06-15 11:45:06,S,253.85,2,21
2021-06-15 11:45:06,S,254.05,2,19
2021-06-15 11:45:06,S,254.15,1,3
2021-06-15 11:45:06,S,254.25,2,21
2021-06-15 11:45:06,S,252.9,2,40
2021-06-15 11:45:06,S,252.85,3,93
2021-06-15 11:45:06,S,252.8,2,348
2021-06-15 11:45:06,S,252.7,1,1
2021-06-15 11:45:06,S,252.65,1,5
2021-06-15 11:45:06,S,253.8,1,32
2021-06-15 11:45:06,S,253.85,2,21
2021-06-15 11:45:06,S,254.05,2,19
2021-06-15 11:45:06,S,254.15,1,3
2021-06-15 11:45:06,S,254.25,2,21
2021-06-15 11:45:06,S,252.9,2,40
2021-06-15 11:45:06,S,252.85,3,93
2021-06-15 11:45:06,S,252.8,2,348
2021-06-15 11:45:06,S,252.7,1,1
2021-06-15 11:45:06,S,252.65,1,5
2021-06-15 11:45:07,S,254.25,1,32
2021-06-15 11:45:07,S,254.3,2,27
2021-06-15 11:45:07,S,254.35,2,68
2021-06-15 11:45:07,S,254.45,1,4
2021-06-15 11:45:07,S,254.6,1,20
2021-06-15 11:45:07,S,253.35,1,32
2021-06-15 11:45:07,S,253.3,1,4
2021-06-15 11:45:07,S,253.1,2,25
2021-06-15 11:45:07,S,252.95,2,36
2021-06-15 11:45:07,S,252.9,2,40
2021-06-15 11:45:15,S,254.1,1,32
2021-06-15 11:45:15,S,254.15,1,7
2021-06-15 11:45:15,S,254.25,3,27
2021-06-15 11:45:15,S,254.3,2,27
2021-06-15 11:45:15,S,254.35,2,68
2021-06-15 11:45:15,S,253.35,1,32
2021-06-15 11:45:15,S,253.3,1,4
2021-06-15 11:45:15,S,253.1,2,25
2021-06-15 11:45:15,S,253.0,1,1
2021-06-15 11:45:15,S,252.95,2,36
2021-06-15 11:45:18,S,254.2,1,32
2021-06-15 11:45:18,S,254.25,3,27
2021-06-15 11:45:18,S,254.3,2,27
2021-06-15 11:45:18,S,254.35,2,68
2021-06-15 11:45:18,S,254.45,1,4
2021-06-15 11:45:18,S,253.3,2,43
2021-06-15 11:45:18,S,253.25,2,69
2021-06-15 11:45:18,S,253.1,2,25
2021-06-15 11:45:18,S,253.0,2,21
2021-06-15 11:45:18,S,252.95,2,20
2021-06-15 11:45:21,S,253.75,1,5
2021-06-15 11:45:21,S,254.2,2,48
2021-06-15 11:45:21,S,254.25,2,22
2021-06-15 11:45:21,S,254.3,2,27
2021-06-15 11:45:21,S,254.35,2,68
2021-06-15 11:45:21,S,253.3,2,43
2021-06-15 11:45:21,S,253.25,2,69
2021-06-15 11:45:21,S,253.1,2,25
2021-06-15 11:45:21,S,253.0,2,21
2021-06-15 11:45:21,S,252.95,2,20
2021-06-15 11:45:23,S,254.25,1,32
2021-06-15 11:45:23,S,254.3,2,27
2021-06-15 11:45:23,S,254.35,2,68
2021-06-15 11:45:23,S,254.4,2,4
2021-06-15 11:45:23,S,254.45,1,4
2021-06-15 11:45:23,S,253.0,3,26
2021-06-15 11:45:23,S,252.95,2,16
2021-06-15 11:45:23,S,252.9,3,45
2021-06-15 11:45:23,S,252.85,7,106
2021-06-15 11:45:23,S,252.8,2,348
2021-06-15 11:45:31,S,254.25,2,37
2021-06-15 11:45:31,S,254.3,2,27
2021-06-15 11:45:31,S,254.35,2,68
2021-06-15 11:45:31,S,254.4,2,4
2021-06-15 11:45:31,S,254.45,1,4
2021-06-15 11:45:31,S,253.0,3,26
2021-06-15 11:45:31,S,252.95,2,16
2021-06-15 11:45:31,S,252.9,3,45
2021-06-15 11:45:31,S,252.85,7,106
2021-06-15 11:45:31,S,252.8,2,348
2021-06-15 11:45:34,S,254.25,2,37
2021-06-15 11:45:34,S,254.3,2,27
2021-06-15 11:45:34,S,254.35,2,68
2021-06-15 11:45:34,S,254.4,2,4
2021-06-15 11:45:34,S,254.45,1,4
2021-06-15 11:45:34,S,253.0,3,26
2021-06-15 11:45:34,S,252.95,2,16
2021-06-15 11:45:34,S,252.9,3,45
2021-06-15 11:45:34,S,252.85,7,106
2021-06-15 11:45:34,S,252.8,2,348
2021-06-15 11:45:36,S,253.65,1,5
2021-06-15 11:45:36,S,253.9,2,49
2021-06-15 11:45:36,S,253.95,2,21
2021-06-15 11:45:36,S,254.2,2,5
2021-06-15 11:45:36,S,254.3,2,27
2021-06-15 11:45:36,S,253.0,2,21
2021-06-15 11:45:36,S,252.9,2,40
2021-06-15 11:45:36,S,252.85,4,97
2021-06-15 11:45:36,S,252.8,3,353
2021-06-15 11:45:36,S,252.7,1,5
2021-06-15 11:45:38,S,253.65,1,5
2021-06-15 11:45:38,S,253.9,2,49
2021-06-15 11:45:38,S,253.95,2,21
2021-06-15 11:45:38,S,254.2,2,5
2021-06-15 11:45:38,S,254.3,2,27
2021-06-15 11:45:38,S,253.0,2,21
2021-06-15 11:45:38,S,252.9,2,40
2021-06-15 11:45:38,S,252.85,4,97
2021-06-15 11:45:38,S,252.8,3,353
2021-06-15 11:45:38,S,252.7,1,5
2021-06-15 11:45:39,S,253.65,1,5
2021-06-15 11:45:39,S,253.9,2,49
2021-06-15 11:45:39,S,253.95,2,21
2021-06-15 11:45:39,S,254.2,2,5
2021-06-15 11:45:39,S,254.3,2,27
2021-06-15 11:45:39,S,253.0,2,21
2021-06-15 11:45:39,S,252.9,2,40
2021-06-15 11:45:39,S,252.85,4,97
2021-06-15 11:45:39,S,252.8,3,353
2021-06-15 11:45:39,S,252.7,1,5
2021-06-15 11:45:39,S,253.8,1,32
2021-06-15 11:45:39,S,253.85,2,21
2021-06-15 11:45:39,S,253.95,2,14
2021-06-15 11:45:39,S,254.0,1,1
2021-06-15 11:45:39,S,254.05,1,1
2021-06-15 11:45:39,S,252.9,1,29
2021-06-15 11:45:39,S,252.85,3,89
2021-06-15 11:45:39,S,252.8,2,348
2021-06-15 11:45:39,S,252.7,1,1
2021-06-15 11:45:39,S,252.65,1,20
2021-06-15 11:45:42,S,253.8,1,32
2021-06-15 11:45:42,S,253.85,2,21
2021-06-15 11:45:42,S,253.9,2,10
2021-06-15 11:45:42,S,253.95,3,15
2021-06-15 11:45:42,S,254.0,1,1
2021-06-15 11:45:42,S,252.9,1,29
2021-06-15 11:45:42,S,252.85,3,89
2021-06-15 11:45:42,S,252.8,2,348
2021-06-15 11:45:42,S,252.7,1,1
2021-06-15 11:45:42,S,252.65,2,24
2021-06-15 11:45:45,S,253.8,2,33
2021-06-15 11:45:45,S,253.85,3,22
2021-06-15 11:45:45,S,253.9,2,10
2021-06-15 11:45:45,S,253.95,3,15
2021-06-15 11:45:45,S,254.0,1,1
2021-06-15 11:45:45,S,252.9,1,29
2021-06-15 11:45:45,S,252.85,3,89
2021-06-15 11:45:45,S,252.8,2,348
2021-06-15 11:45:45,S,252.7,1,1
2021-06-15 11:45:45,S,252.65,2,24
2021-06-15 11:45:48,S,253.7,2,33
2021-06-15 11:45:48,S,253.75,2,8
2021-06-15 11:45:48,S,253.8,3,26
2021-06-15 11:45:48,S,253.85,3,22
2021-06-15 11:45:48,S,253.9,2,10
2021-06-15 11:45:48,S,252.9,1,29
2021-06-15 11:45:48,S,252.85,2,73
2021-06-15 11:45:48,S,252.8,2,348
2021-06-15 11:45:48,S,252.7,1,1
2021-06-15 11:45:48,S,252.65,2,24
2021-06-15 11:45:51,S,253.3,1,6
2021-06-15 11:45:51,S,253.6,3,50
2021-06-15 11:45:51,S,253.65,2,8
2021-06-15 11:45:51,S,253.7,2,20
2021-06-15 11:45:51,S,253.75,2,8
2021-06-15 11:45:51,S,253.0,1,400
2021-06-15 11:45:51,S,252.9,1,29
2021-06-15 11:45:51,S,252.85,3,93
2021-06-15 11:45:51,S,252.8,1,328
2021-06-15 11:45:51,S,252.65,1,4
2021-06-15 11:45:53,S,253.3,1,6
2021-06-15 11:45:53,S,253.6,3,50
2021-06-15 11:45:53,S,253.65,2,8
2021-06-15 11:45:53,S,253.7,2,20
2021-06-15 11:45:53,S,253.75,2,8
2021-06-15 11:45:53,S,253.0,1,400
2021-06-15 11:45:53,S,252.9,1,29
2021-06-15 11:45:53,S,252.85,3,93
2021-06-15 11:45:53,S,252.8,1,328
2021-06-15 11:45:53,S,252.65,1,4
2021-06-15 11:45:55,S,253.55,2,33
2021-06-15 11:45:55,S,253.6,2,8
2021-06-15 11:45:55,S,253.65,2,8
2021-06-15 11:45:55,S,253.7,2,20
2021-06-15 11:45:55,S,253.75,2,8
2021-06-15 11:45:55,S,253.0,1,341
2021-06-15 11:45:55,S,252.9,1,29
2021-06-15 11:45:55,S,252.85,3,93
2021-06-15 11:45:55,S,252.8,1,328
2021-06-15 11:45:55,S,252.65,1,4
2021-06-15 11:45:58,S,253.45,2,33
2021-06-15 11:45:58,S,253.5,3,19
2021-06-15 11:45:58,S,253.55,2,18
2021-06-15 11:45:58,S,253.6,2,8
2021-06-15 11:45:58,S,253.65,2,8
2021-06-15 11:45:58,S,253.0,1,341
2021-06-15 11:45:58,S,252.9,1,29
2021-06-15 11:45:58,S,252.85,2,73
2021-06-15 11:45:58,S,252.8,1,328
2021-06-15 11:45:58,S,252.65,1,4
2021-06-15 11:46:01,S,253.3,2,7
2021-06-15 11:46:01,S,253.35,3,39
2021-06-15 11:46:01,S,253.4,2,18
2021-06-15 11:46:01,S,253.45,4,36
2021-06-15 11:46:01,S,253.5,2,7
2021-06-15 11:46:01,S,253.0,1,341
2021-06-15 11:46:01,S,252.9,1,29
2021-06-15 11:46:01,S,252.85,1,25
2021-06-15 11:46:01,S,252.8,1,328
2021-06-15 11:46:01,S,252.65,1,4
2021-06-15 11:46:03,S,253.2,1,1
2021-06-15 11:46:03,S,253.25,2,6
2021-06-15 11:46:03,S,253.3,2,7
2021-06-15 11:46:03,S,253.35,3,39
2021-06-15 11:46:03,S,253.4,2,18
2021-06-15 11:46:03,S,253.0,1,341
2021-06-15 11:46:03,S,252.9,1,29
2021-06-15 11:46:03,S,252.85,1,25
2021-06-15 11:46:03,S,252.8,1,328
2021-06-15 11:46:03,S,252.6,3,75
2021-06-15 11:46:04,S,253.2,1,1
2021-06-15 11:46:04,S,253.25,2,6
2021-06-15 11:46:04,S,253.3,2,7
2021-06-15 11:46:04,S,253.35,3,39
2021-06-15 11:46:04,S,253.4,2,18
2021-06-15 11:46:04,S,253.0,1,341
2021-06-15 11:46:04,S,252.9,1,29
2021-06-15 11:46:04,S,252.85,1,25
2021-06-15 11:46:04,S,252.8,1,328
2021-06-15 11:46:04,S,252.6,3,75
2021-06-15 11:46:06,S,253.25,1,1
2021-06-15 11:46:06,S,253.3,1,1
2021-06-15 11:46:06,S,253.35,2,33
2021-06-15 11:46:06,S,253.4,1,1
2021-06-15 11:46:06,S,253.45,1,1
2021-06-15 11:46:06,S,253.0,1,341
2021-06-15 11:46:06,S,252.9,3,58
2021-06-15 11:46:06,S,252.85,3,101
2021-06-15 11:46:06,S,252.8,1,328
2021-06-15 11:46:06,S,252.7,1,4
2021-06-15 11:46:08,S,253.25,1,1
2021-06-15 11:46:08,S,253.3,1,1
2021-06-15 11:46:08,S,253.35,2,33
2021-06-15 11:46:08,S,253.4,1,1
2021-06-15 11:46:08,S,253.45,1,1
2021-06-15 11:46:08,S,253.0,1,341
2021-06-15 11:46:08,S,252.9,3,58
2021-06-15 11:46:08,S,252.85,3,101
2021-06-15 11:46:08,S,252.8,1,328
2021-06-15 11:46:08,S,252.7,1,4
2021-06-15 11:46:09,S,253.15,1,1
2021-06-15 11:46:09,S,253.2,1,1
2021-06-15 11:46:09,S,253.25,1,1
2021-06-15 11:46:09,S,253.3,2,33
2021-06-15 11:46:09,S,253.35,1,1
2021-06-15 11:46:09,S,253.0,2,366
2021-06-15 11:46:09,S,252.9,2,45
2021-06-15 11:46:09,S,252.85,4,113
2021-06-15 11:46:09,S,252.8,1,328
2021-06-15 11:46:09,S,252.7,1,4
2021-06-15 11:46:10,S,253.15,1,1
2021-06-15 11:46:10,S,253.2,1,1
2021-06-15 11:46:10,S,253.25,1,1
2021-06-15 11:46:10,S,253.3,2,33
2021-06-15 11:46:10,S,253.35,1,1
2021-06-15 11:46:10,S,253.0,2,366
2021-06-15 11:46:10,S,252.9,2,45
2021-06-15 11:46:10,S,252.85,4,113
2021-06-15 11:46:10,S,252.8,1,328
2021-06-15 11:46:10,S,252.7,1,4
2021-06-15 11:46:12,S,253.1,1,1
2021-06-15 11:46:12,S,253.15,1,1
2021-06-15 11:46:12,S,253.2,1,1
2021-06-15 11:46:12,S,253.25,2,33
2021-06-15 11:46:12,S,253.3,1,1
2021-06-15 11:46:12,S,253.0,2,366
2021-06-15 11:46:12,S,252.9,2,45
2021-06-15 11:46:12,S,252.85,3,101
2021-06-15 11:46:12,S,252.8,1,328
2021-06-15 11:46:12,S,252.7,1,4
2021-06-15 11:46:13,S,253.1,1,1
2021-06-15 11:46:13,S,253.15,1,1
2021-06-15 11:46:13,S,253.2,1,1
2021-06-15 11:46:13,S,253.25,2,33
2021-06-15 11:46:13,S,253.3,1,1
2021-06-15 11:46:13,S,253.0,2,366
2021-06-15 11:46:13,S,252.9,2,45
2021-06-15 11:46:13,S,252.85,3,101
2021-06-15 11:46:13,S,252.8,1,328
2021-06-15 11:46:13,S,252.7,1,4
2021-06-15 11:46:15,S,253.05,1,1
2021-06-15 11:46:15,S,253.1,2,8
2021-06-15 11:46:15,S,253.15,1,1
2021-06-15 11:46:15,S,253.2,2,33
2021-06-15 11:46:15,S,253.25,1,1
2021-06-15 11:46:15,S,253.0,2,366
2021-06-15 11:46:15,S,252.9,2,45
2021-06-15 11:46:15,S,252.85,2,45
2021-06-15 11:46:15,S,252.8,1,328
2021-06-15 11:46:15,S,252.6,3,75
2021-06-15 11:46:18,S,253.05,2,2
2021-06-15 11:46:18,S,253.1,2,8
2021-06-15 11:46:18,S,253.15,1,1
2021-06-15 11:46:18,S,253.2,2,33
2021-06-15 11:46:18,S,253.25,1,1
2021-06-15 11:46:18,S,253.0,2,366
2021-06-15 11:46:18,S,252.9,2,45
2021-06-15 11:46:18,S,252.85,2,45
2021-06-15 11:46:18,S,252.8,1,328
2021-06-15 11:46:18,S,252.6,3,75
2021-06-15 11:46:21,S,253.05,3,9
2021-06-15 11:46:21,S,253.1,1,1
2021-06-15 11:46:21,S,253.15,1,1
2021-06-15 11:46:21,S,253.2,2,33
2021-06-15 11:46:21,S,253.25,1,1
2021-06-15 11:46:21,S,253.0,2,366
2021-06-15 11:46:21,S,252.9,1,29
2021-06-15 11:46:21,S,252.85,2,45
2021-06-15 11:46:21,S,252.8,1,328
2021-06-15 11:46:21,S,252.6,3,75
2021-06-15 11:46:23,S,253.45,1,22
2021-06-15 11:46:23,S,253.5,2,5
2021-06-15 11:46:23,S,253.55,2,18
2021-06-15 11:46:23,S,253.6,2,8
2021-06-15 11:46:23,S,253.65,2,8
2021-06-15 11:46:23,S,253.05,1,32
2021-06-15 11:46:23,S,253.0,2,305
2021-06-15 11:46:23,S,252.9,2,49
2021-06-15 11:46:23,S,252.85,1,25
2021-06-15 11:46:23,S,252.8,1,328
2021-06-15 11:46:27,S,253.45,1,22
2021-06-15 11:46:27,S,253.5,2,5
2021-06-15 11:46:27,S,253.55,2,18
2021-06-15 11:46:27,S,253.6,2,8
2021-06-15 11:46:27,S,253.65,2,8
2021-06-15 11:46:27,S,253.05,1,32
2021-06-15 11:46:27,S,253.0,2,305
2021-06-15 11:46:27,S,252.9,2,49
2021-06-15 11:46:27,S,252.85,1,25
2021-06-15 11:46:27,S,252.8,1,328
2021-06-15 11:46:31,S,254.3,2,15
2021-06-15 11:46:31,S,254.6,2,21
2021-06-15 11:46:31,S,254.65,2,19
2021-06-15 11:46:31,S,254.7,2,51
2021-06-15 11:46:31,S,254.75,1,57
2021-06-15 11:46:31,S,253.65,2,43
2021-06-15 11:46:31,S,253.6,1,11
2021-06-15 11:46:31,S,253.5,3,25
2021-06-15 11:46:31,S,253.3,3,20
2021-06-15 11:46:31,S,253.25,3,81
2021-06-15 11:46:34,S,254.3,2,15
2021-06-15 11:46:34,S,254.6,2,21
2021-06-15 11:46:34,S,254.65,2,19
2021-06-15 11:46:34,S,254.7,2,51
2021-06-15 11:46:34,S,254.75,1,57
2021-06-15 11:46:34,S,253.65,2,43
2021-06-15 11:46:34,S,253.6,1,11
2021-06-15 11:46:34,S,253.5,3,25
2021-06-15 11:46:34,S,253.3,3,20
2021-06-15 11:46:34,S,253.25,3,81
2021-06-15 11:46:35,S,254.0,1,5
2021-06-15 11:46:35,S,254.3,1,10
2021-06-15 11:46:35,S,254.6,2,21
2021-06-15 11:46:35,S,254.65,1,4
2021-06-15 11:46:35,S,254.7,2,51
2021-06-15 11:46:35,S,253.9,2,43
2021-06-15 11:46:35,S,253.85,2,12
2021-06-15 11:46:35,S,253.8,2,12
2021-06-15 11:46:35,S,253.7,2,28
2021-06-15 11:46:35,S,253.65,2,21
2021-06-15 11:46:38,S,254.0,1,5
2021-06-15 11:46:38,S,254.3,1,10
2021-06-15 11:46:38,S,254.6,2,21
2021-06-15 11:46:38,S,254.7,2,51
2021-06-15 11:46:38,S,254.75,1,57
2021-06-15 11:46:38,S,253.9,3,44
2021-06-15 11:46:38,S,253.85,2,12
2021-06-15 11:46:38,S,253.8,2,12
2021-06-15 11:46:38,S,253.7,2,28
2021-06-15 11:46:38,S,253.65,2,21
2021-06-15 11:46:39,S,254.0,1,5
2021-06-15 11:46:39,S,254.3,1,10
2021-06-15 11:46:39,S,254.6,2,21
2021-06-15 11:46:39,S,254.7,2,51
2021-06-15 11:46:39,S,254.75,1,57
2021-06-15 11:46:39,S,253.9,3,44
2021-06-15 11:46:39,S,253.85,2,12
2021-06-15 11:46:39,S,253.8,2,12
2021-06-15 11:46:39,S,253.7,2,28
2021-06-15 11:46:39,S,253.65,2,21
2021-06-15 11:46:40,S,254.0,1,5
2021-06-15 11:46:40,S,254.3,1,10
2021-06-15 11:46:40,S,254.6,2,21
2021-06-15 11:46:40,S,254.7,2,51
2021-06-15 11:46:40,S,254.75,1,57
2021-06-15 11:46:40,S,253.9,3,44
2021-06-15 11:46:40,S,253.85,2,12
2021-06-15 11:46:40,S,253.8,2,12
2021-06-15 11:46:40,S,253.7,2,28
2021-06-15 11:46:40,S,253.65,2,21
2021-06-15 11:46:41,S,254.3,1,10
2021-06-15 11:46:41,S,254.55,2,32
2021-06-15 11:46:41,S,254.6,2,21
2021-06-15 11:46:41,S,254.7,2,51
2021-06-15 11:46:41,S,254.75,1,57
2021-06-15 11:46:41,S,254.05,3,44
2021-06-15 11:46:41,S,254.0,2,31
2021-06-15 11:46:41,S,253.95,2,12
2021-06-15 11:46:41,S,253.9,3,24
2021-06-15 11:46:41,S,253.85,2,12
2021-06-15 11:46:44,S,254.3,1,10
2021-06-15 11:46:44,S,254.55,2,32
2021-06-15 11:46:44,S,254.6,2,21
2021-06-15 11:46:44,S,254.7,2,51
2021-06-15 11:46:44,S,254.75,1,57
2021-06-15 11:46:44,S,254.1,1,1
2021-06-15 11:46:44,S,254.05,2,33
2021-06-15 11:46:44,S,254.0,2,31
2021-06-15 11:46:44,S,253.95,2,12
2021-06-15 11:46:44,S,253.9,2,12
2021-06-15 11:46:46,S,254.3,1,10
2021-06-15 11:46:46,S,254.55,2,32
2021-06-15 11:46:46,S,254.6,2,21
2021-06-15 11:46:46,S,254.7,2,51
2021-06-15 11:46:46,S,254.75,1,57
2021-06-15 11:46:46,S,254.1,1,1
2021-06-15 11:46:46,S,254.05,2,33
2021-06-15 11:46:46,S,254.0,2,31
2021-06-15 11:46:46,S,253.95,2,12
2021-06-15 11:46:46,S,253.9,2,12
2021-06-15 11:46:48,S,254.3,2,15
2021-06-15 11:46:48,S,254.55,2,32
2021-06-15 11:46:48,S,254.6,2,21
2021-06-15 11:46:48,S,254.7,2,51
2021-06-15 11:46:48,S,254.75,1,57
2021-06-15 11:46:48,S,254.1,1,1
2021-06-15 11:46:48,S,254.05,2,33
2021-06-15 11:46:48,S,254.0,2,40
2021-06-15 11:46:48,S,253.95,2,12
2021-06-15 11:46:48,S,253.9,2,12
2021-06-15 11:46:48,S,254.3,2,15
2021-06-15 11:46:48,S,254.55,2,32
2021-06-15 11:46:48,S,254.6,2,21
2021-06-15 11:46:48,S,254.7,2,51
2021-06-15 11:46:48,S,254.75,1,57
2021-06-15 11:46:48,S,254.1,1,1
2021-06-15 11:46:48,S,254.05,2,33
2021-06-15 11:46:48,S,254.0,2,40
2021-06-15 11:46:48,S,253.95,2,12
2021-06-15 11:46:48,S,253.9,2,12
2021-06-15 11:46:49,S,254.3,2,15
2021-06-15 11:46:49,S,254.55,2,32
2021-06-15 11:46:49,S,254.6,2,21
2021-06-15 11:46:49,S,254.7,2,51
2021-06-15 11:46:49,S,254.75,1,57
2021-06-15 11:46:49,S,254.1,1,1
2021-06-15 11:46:49,S,254.05,2,33
2021-06-15 11:46:49,S,254.0,2,40
2021-06-15 11:46:49,S,253.95,2,12
2021-06-15 11:46:49,S,253.9,2,12
2021-06-15 11:46:51,S,254.05,1,32
2021-06-15 11:46:51,S,254.1,2,16
2021-06-15 11:46:51,S,254.2,2,10
2021-06-15 11:46:51,S,254.3,2,21
2021-06-15 11:46:51,S,254.35,1,4
2021-06-15 11:46:51,S,253.8,1,1
2021-06-15 11:46:51,S,253.65,1,10
2021-06-15 11:46:51,S,253.5,2,14
2021-06-15 11:46:51,S,253.3,2,15
2021-06-15 11:46:51,S,253.15,1,5
2021-06-15 11:46:53,S,254.05,1,32
2021-06-15 11:46:53,S,254.1,2,16
2021-06-15 11:46:53,S,254.2,2,10
2021-06-15 11:46:53,S,254.3,2,21
2021-06-15 11:46:53,S,254.35,1,4
2021-06-15 11:46:53,S,253.8,1,1
2021-06-15 11:46:53,S,253.65,1,10
2021-06-15 11:46:53,S,253.5,2,14
2021-06-15 11:46:53,S,253.3,2,15
2021-06-15 11:46:53,S,253.15,1,5
2021-06-15 11:46:54,S,253.8,1,5
2021-06-15 11:46:54,S,254.25,2,36
2021-06-15 11:46:54,S,254.3,2,21
2021-06-15 11:46:54,S,254.35,1,4
2021-06-15 11:46:54,S,254.55,2,15
2021-06-15 11:46:54,S,253.65,1,10
2021-06-15 11:46:54,S,253.55,2,17
2021-06-15 11:46:54,S,253.5,2,30
2021-06-15 11:46:54,S,253.45,2,14
2021-06-15 11:46:54,S,253.3,2,15
2021-06-15 11:46:57,S,253.65,1,1
2021-06-15 11:46:57,S,254.15,2,44
2021-06-15 11:46:57,S,254.3,2,21
2021-06-15 11:46:57,S,254.35,2,5
2021-06-15 11:46:57,S,254.55,2,15
2021-06-15 11:46:57,S,253.6,1,1
2021-06-15 11:46:57,S,253.55,1,1
2021-06-15 11:46:57,S,253.5,2,30
2021-06-15 11:46:57,S,253.45,1,1
2021-06-15 11:46:57,S,253.4,1,13
2021-06-15 11:46:58,S,253.65,1,1
2021-06-15 11:46:58,S,254.15,2,44
2021-06-15 11:46:58,S,254.3,2,21
2021-06-15 11:46:58,S,254.35,2,5
2021-06-15 11:46:58,S,254.55,2,15
2021-06-15 11:46:58,S,253.6,1,1
2021-06-15 11:46:58,S,253.55,1,1
2021-06-15 11:46:58,S,253.5,2,30
2021-06-15 11:46:58,S,253.45,1,1
2021-06-15 11:46:58,S,253.4,1,13
2021-06-15 11:46:59,S,253.65,1,1
2021-06-15 11:46:59,S,254.15,2,44
2021-06-15 11:46:59,S,254.3,2,21
2021-06-15 11:46:59,S,254.35,2,5
2021-06-15 11:46:59,S,254.55,2,15
2021-06-15 11:46:59,S,253.6,1,1
2021-06-15 11:46:59,S,253.55,1,1
2021-06-15 11:46:59,S,253.5,2,30
2021-06-15 11:46:59,S,253.45,1,1
2021-06-15 11:46:59,S,253.4,1,13
2021-06-15 11:47:00,S,253.65,1,1
2021-06-15 11:47:00,S,254.15,2,44
2021-06-15 11:47:00,S,254.3,2,21
2021-06-15 11:47:00,S,254.35,2,5
2021-06-15 11:47:00,S,254.55,2,15
2021-06-15 11:47:00,S,253.6,1,1
2021-06-15 11:47:00,S,253.55,1,1
2021-06-15 11:47:00,S,253.5,2,30
2021-06-15 11:47:00,S,253.45,1,1
2021-06-15 11:47:00,S,253.4,1,13
2021-06-15 11:47:01,S,254.3,1,10
2021-06-15 11:47:01,S,254.55,2,43
2021-06-15 11:47:01,S,254.6,2,27
2021-06-15 11:47:01,S,254.7,2,51
2021-06-15 11:47:01,S,254.75,1,4
2021-06-15 11:47:01,S,253.7,2,48
2021-06-15 11:47:01,S,253.65,4,83
2021-06-15 11:47:01,S,253.55,2,17
2021-06-15 11:47:01,S,253.5,3,34
2021-06-15 11:47:01,S,253.45,2,21
2021-06-15 11:47:04,S,254.3,1,10
2021-06-15 11:47:04,S,254.55,2,43
2021-06-15 11:47:04,S,254.6,2,27
2021-06-15 11:47:04,S,254.7,2,51
2021-06-15 11:47:04,S,254.75,1,4
2021-06-15 11:47:04,S,253.85,2,43
2021-06-15 11:47:04,S,253.8,2,28
2021-06-15 11:47:04,S,253.75,2,21
2021-06-15 11:47:04,S,253.7,3,21
2021-06-15 11:47:04,S,253.65,3,79
2021-06-15 11:47:06,S,254.3,1,10
2021-06-15 11:47:06,S,254.55,2,43
2021-06-15 11:47:06,S,254.6,2,27
2021-06-15 11:47:06,S,254.7,2,51
2021-06-15 11:47:06,S,254.75,1,4
2021-06-15 11:47:06,S,253.85,2,43
2021-06-15 11:47:06,S,253.8,2,28
2021-06-15 11:47:06,S,253.75,2,21
2021-06-15 11:47:06,S,253.7,3,21
2021-06-15 11:47:06,S,253.65,3,79
2021-06-15 11:47:07,S,254.3,1,10
2021-06-15 11:47:07,S,254.5,2,43
2021-06-15 11:47:07,S,254.7,2,51
2021-06-15 11:47:07,S,254.75,1,4
2021-06-15 11:47:07,S,254.8,1,35
2021-06-15 11:47:07,S,253.85,3,55
2021-06-15 11:47:07,S,253.75,3,22
2021-06-15 11:47:07,S,253.7,3,21
2021-06-15 11:47:07,S,253.65,3,79
2021-06-15 11:47:07,S,253.55,2,17
2021-06-15 11:47:09,S,254.3,1,10
2021-06-15 11:47:09,S,254.5,2,43
2021-06-15 11:47:09,S,254.7,2,51
2021-06-15 11:47:09,S,254.75,1,4
2021-06-15 11:47:09,S,254.8,1,35
2021-06-15 11:47:09,S,253.85,3,55
2021-06-15 11:47:09,S,253.75,3,22
2021-06-15 11:47:09,S,253.7,3,21
2021-06-15 11:47:09,S,253.65,3,79
2021-06-15 11:47:09,S,253.55,2,17
2021-06-15 11:47:10,S,254.65,1,31
2021-06-15 11:47:10,S,254.7,2,51
2021-06-15 11:47:10,S,254.8,2,42
2021-06-15 11:47:10,S,254.95,2,54
2021-06-15 11:47:10,S,255.1,1,20
2021-06-15 11:47:10,S,253.95,1,32
2021-06-15 11:47:10,S,253.9,2,20
2021-06-15 11:47:10,S,253.85,2,12
2021-06-15 11:47:10,S,253.8,2,17
2021-06-15 11:47:10,S,253.75,3,22
2021-06-15 11:47:13,S,254.65,1,31
2021-06-15 11:47:13,S,254.7,2,51
2021-06-15 11:47:13,S,254.8,2,42
2021-06-15 11:47:13,S,254.95,2,54
2021-06-15 11:47:13,S,255.1,1,20
2021-06-15 11:47:13,S,254.05,1,32
2021-06-15 11:47:13,S,254.0,2,17
2021-06-15 11:47:13,S,253.95,2,17
2021-06-15 11:47:13,S,253.9,2,20
2021-06-15 11:47:13,S,253.85,2,12
2021-06-15 11:47:16,S,254.65,3,51
2021-06-15 11:47:16,S,254.7,2,51
2021-06-15 11:47:16,S,254.8,2,42
2021-06-15 11:47:16,S,254.95,1,50
2021-06-15 11:47:16,S,255.0,1,4
2021-06-15 11:47:16,S,254.15,2,33
2021-06-15 11:47:16,S,254.1,1,1
2021-06-15 11:47:16,S,254.05,1,1
2021-06-15 11:47:16,S,254.0,1,1
2021-06-15 11:47:16,S,253.95,2,17
2021-06-15 11:47:19,S,254.65,2,38
2021-06-15 11:47:19,S,254.7,3,63
2021-06-15 11:47:19,S,254.8,2,42
2021-06-15 11:47:19,S,254.95,1,50
2021-06-15 11:47:19,S,255.0,1,4
2021-06-15 11:47:19,S,254.3,1,1
2021-06-15 11:47:19,S,254.25,2,33
2021-06-15 11:47:19,S,254.2,1,1
2021-06-15 11:47:19,S,254.15,1,1
2021-06-15 11:47:19,S,254.1,2,5
2021-06-15 11:47:21,S,254.5,2,12
2021-06-15 11:47:21,S,254.65,3,54
2021-06-15 11:47:21,S,254.7,2,51
2021-06-15 11:47:21,S,254.8,3,46
2021-06-15 11:47:21,S,254.95,1,50
2021-06-15 11:47:21,S,254.4,1,1
2021-06-15 11:47:21,S,254.35,1,1
2021-06-15 11:47:21,S,254.3,1,1
2021-06-15 11:47:21,S,254.25,2,33
2021-06-15 11:47:21,S,254.2,1,1
2021-06-15 11:47:22,S,254.5,2,12
2021-06-15 11:47:22,S,254.65,3,54
2021-06-15 11:47:22,S,254.7,2,51
2021-06-15 11:47:22,S,254.8,3,46
2021-06-15 11:47:22,S,254.95,1,50
2021-06-15 11:47:22,S,254.4,1,1
2021-06-15 11:47:22,S,254.35,1,1
2021-06-15 11:47:22,S,254.3,1,1
2021-06-15 11:47:22,S,254.25,2,33
2021-06-15 11:47:22,S,254.2,1,1
2021-06-15 11:47:25,S,254.4,1,7
2021-06-15 11:47:25,S,254.65,3,54
2021-06-15 11:47:25,S,254.7,2,51
2021-06-15 11:47:25,S,254.8,2,42
2021-06-15 11:47:25,S,254.95,1,50
2021-06-15 11:47:25,S,254.35,1,1
2021-06-15 11:47:25,S,254.3,1,1
2021-06-15 11:47:25,S,254.25,1,1
2021-06-15 11:47:25,S,254.2,1,1
2021-06-15 11:47:25,S,254.15,2,33
2021-06-15 11:47:27,S,254.4,1,7
2021-06-15 11:47:27,S,254.65,3,54
2021-06-15 11:47:27,S,254.7,2,51
2021-06-15 11:47:27,S,254.8,2,42
2021-06-15 11:47:27,S,254.95,1,50
2021-06-15 11:47:27,S,254.35,1,1
2021-06-15 11:47:27,S,254.3,1,1
2021-06-15 11:47:27,S,254.25,1,1
2021-06-15 11:47:27,S,254.2,1,1
2021-06-15 11:47:27,S,254.15,2,33
2021-06-15 11:47:28,S,254.35,1,5
2021-06-15 11:47:28,S,254.65,2,47
2021-06-15 11:47:28,S,254.7,2,51
2021-06-15 11:47:28,S,254.8,2,42
2021-06-15 11:47:28,S,254.95,2,54
2021-06-15 11:47:28,S,254.3,1,1
2021-06-15 11:47:28,S,254.25,2,33
2021-06-15 11:47:28,S,254.2,2,21
2021-06-15 11:47:28,S,254.15,1,1
2021-06-15 11:47:28,S,254.1,1,1
2021-06-15 11:47:30,S,254.35,1,5
2021-06-15 11:47:30,S,254.65,2,47
2021-06-15 11:47:30,S,254.7,2,51
2021-06-15 11:47:30,S,254.8,2,42
2021-06-15 11:47:30,S,254.95,2,54
2021-06-15 11:47:30,S,254.3,1,1
2021-06-15 11:47:30,S,254.25,2,33
2021-06-15 11:47:30,S,254.2,2,21
2021-06-15 11:47:30,S,254.15,1,1
2021-06-15 11:47:30,S,254.1,1,1
2021-06-15 11:47:31,S,254.35,1,5
2021-06-15 11:47:31,S,254.65,2,47
2021-06-15 11:47:31,S,254.7,2,51
2021-06-15 11:47:31,S,254.8,2,42
2021-06-15 11:47:31,S,254.95,2,54
2021-06-15 11:47:31,S,254.3,1,1
2021-06-15 11:47:31,S,254.25,2,33
2021-06-15 11:47:31,S,254.2,2,21
2021-06-15 11:47:31,S,254.15,1,1
2021-06-15 11:47:31,S,254.1,1,1
2021-06-15 11:47:31,S,254.0,1,198
2021-06-15 11:47:31,S,254.25,2,49
2021-06-15 11:47:31,S,254.3,3,32
2021-06-15 11:47:31,S,254.35,2,14
2021-06-15 11:47:31,S,254.65,1,8
2021-06-15 11:47:31,S,253.95,1,1
2021-06-15 11:47:31,S,253.85,1,1
2021-06-15 11:47:31,S,253.8,1,1
2021-06-15 11:47:31,S,253.75,1,1
2021-06-15 11:47:31,S,253.7,1,1
2021-06-15 11:47:32,S,254.0,1,198
2021-06-15 11:47:32,S,254.25,2,49
2021-06-15 11:47:32,S,254.3,3,32
2021-06-15 11:47:32,S,254.35,2,14
2021-06-15 11:47:32,S,254.65,1,8
2021-06-15 11:47:32,S,253.95,1,1
2021-06-15 11:47:32,S,253.85,1,1
2021-06-15 11:47:32,S,253.8,1,1
2021-06-15 11:47:32,S,253.75,1,1
2021-06-15 11:47:32,S,253.7,1,1
2021-06-15 11:47:33,S,254.0,1,198
2021-06-15 11:47:33,S,254.25,2,49
2021-06-15 11:47:33,S,254.3,3,32
2021-06-15 11:47:33,S,254.35,2,14
2021-06-15 11:47:33,S,254.65,1,8
2021-06-15 11:47:33,S,253.95,1,1
2021-06-15 11:47:33,S,253.85,1,1
2021-06-15 11:47:33,S,253.8,1,1
2021-06-15 11:47:33,S,253.75,1,1
2021-06-15 11:47:33,S,253.7,1,1
2021-06-15 11:47:34,S,254.0,1,198
2021-06-15 11:47:34,S,254.25,2,49
2021-06-15 11:47:34,S,254.3,3,32
2021-06-15 11:47:34,S,254.35,2,14
2021-06-15 11:47:34,S,254.65,1,8
2021-06-15 11:47:34,S,253.95,1,1
2021-06-15 11:47:34,S,253.85,1,1
2021-06-15 11:47:34,S,253.8,1,1
2021-06-15 11:47:34,S,253.75,1,1
2021-06-15 11:47:34,S,253.7,1,1
2021-06-15 11:47:34,S,253.9,1,32
2021-06-15 11:47:34,S,253.95,2,21
2021-06-15 11:47:34,S,254.0,2,13
2021-06-15 11:47:34,S,254.15,1,4
2021-06-15 11:47:34,S,254.35,2,21
2021-06-15 11:47:34,S,253.3,3,17
2021-06-15 11:47:34,S,253.25,2,66
2021-06-15 11:47:34,S,253.1,2,26
2021-06-15 11:47:34,S,253.05,2,15
2021-06-15 11:47:34,S,253.0,2,287
2021-06-15 11:47:35,S,253.9,1,32
2021-06-15 11:47:35,S,253.95,2,21
2021-06-15 11:47:35,S,254.0,2,13
2021-06-15 11:47:35,S,254.15,1,4
2021-06-15 11:47:35,S,254.35,2,21
2021-06-15 11:47:35,S,253.3,3,17
2021-06-15 11:47:35,S,253.25,2,66
2021-06-15 11:47:35,S,253.1,2,26
2021-06-15 11:47:35,S,253.05,2,15
2021-06-15 11:47:35,S,253.0,2,287
2021-06-15 11:47:37,S,254.0,2,13
2021-06-15 11:47:37,S,254.3,2,41
2021-06-15 11:47:37,S,254.35,2,21
2021-06-15 11:47:37,S,254.55,1,4
2021-06-15 11:47:37,S,254.7,2,51
2021-06-15 11:47:37,S,253.35,2,2
2021-06-15 11:47:37,S,253.25,2,71
2021-06-15 11:47:37,S,253.1,2,26
2021-06-15 11:47:37,S,253.05,2,20
2021-06-15 11:47:37,S,253.0,3,291
2021-06-15 11:47:40,S,254.65,1,32
2021-06-15 11:47:40,S,254.7,2,51
2021-06-15 11:47:40,S,254.8,2,42
2021-06-15 11:47:40,S,254.95,1,50
2021-06-15 11:47:40,S,255.0,1,4
2021-06-15 11:47:40,S,253.7,2,31
2021-06-15 11:47:40,S,253.65,1,54
2021-06-15 11:47:40,S,253.5,2,21
2021-06-15 11:47:40,S,253.45,3,25
2021-06-15 11:47:40,S,253.4,2,21
2021-06-15 11:47:43,S,254.65,1,32
2021-06-15 11:47:43,S,254.7,2,51
2021-06-15 11:47:43,S,254.8,2,42
2021-06-15 11:47:43,S,254.95,1,50
2021-06-15 11:47:43,S,255.0,1,4
2021-06-15 11:47:43,S,253.7,2,31
2021-06-15 11:47:43,S,253.65,2,58
2021-06-15 11:47:43,S,253.6,1,1
2021-06-15 11:47:43,S,253.55,2,21
2021-06-15 11:47:43,S,253.5,2,21
2021-06-15 11:47:46,S,254.65,2,38
2021-06-15 11:47:46,S,254.7,2,51
2021-06-15 11:47:46,S,254.8,2,42
2021-06-15 11:47:46,S,254.95,1,50
2021-06-15 11:47:46,S,255.0,1,4
2021-06-15 11:47:46,S,253.8,1,29
2021-06-15 11:47:46,S,253.75,1,1
2021-06-15 11:47:46,S,253.7,2,3
2021-06-15 11:47:46,S,253.65,3,59
2021-06-15 11:47:46,S,253.6,1,1
2021-06-15 11:47:49,S,254.25,1,6
2021-06-15 11:47:49,S,254.65,2,49
2021-06-15 11:47:49,S,254.7,2,51
2021-06-15 11:47:49,S,254.8,2,42
2021-06-15 11:47:49,S,254.9,1,20
2021-06-15 11:47:49,S,253.9,1,29
2021-06-15 11:47:49,S,253.85,1,1
2021-06-15 11:47:49,S,253.8,1,1
2021-06-15 11:47:49,S,253.75,2,3
2021-06-15 11:47:49,S,253.7,1,1
2021-06-15 11:47:52,S,254.2,1,32
2021-06-15 11:47:52,S,254.25,2,14
2021-06-15 11:47:52,S,254.55,2,23
2021-06-15 11:47:52,S,254.65,1,250
2021-06-15 11:47:52,S,254.7,2,51
2021-06-15 11:47:52,S,253.9,3,38
2021-06-15 11:47:52,S,253.85,1,1
2021-06-15 11:47:52,S,253.8,2,3
2021-06-15 11:47:52,S,253.75,1,1
2021-06-15 11:47:52,S,253.7,1,1
2021-06-15 11:47:53,S,254.2,1,32
2021-06-15 11:47:53,S,254.25,2,14
2021-06-15 11:47:53,S,254.55,2,23
2021-06-15 11:47:53,S,254.65,1,250
2021-06-15 11:47:53,S,254.7,2,51
2021-06-15 11:47:53,S,253.9,3,38
2021-06-15 11:47:53,S,253.85,1,1
2021-06-15 11:47:53,S,253.8,2,3
2021-06-15 11:47:53,S,253.75,1,1
2021-06-15 11:47:53,S,253.7,1,1
2021-06-15 11:47:54,S,254.6,2,20
2021-06-15 11:47:54,S,254.65,2,232
2021-06-15 11:47:54,S,254.7,3,55
2021-06-15 11:47:54,S,254.8,2,42
2021-06-15 11:47:54,S,254.95,1,50
2021-06-15 11:47:54,S,254.05,1,1
2021-06-15 11:47:54,S,254.0,1,1
2021-06-15 11:47:54,S,253.9,1,32
2021-06-15 11:47:54,S,253.85,1,11
2021-06-15 11:47:54,S,253.6,1,1
2021-06-15 11:47:57,S,254.65,1,223
2021-06-15 11:47:57,S,254.7,2,51
2021-06-15 11:47:57,S,254.8,2,42
2021-06-15 11:47:57,S,254.95,1,50
2021-06-15 11:47:57,S,255.0,1,4
2021-06-15 11:47:57,S,254.1,1,32
2021-06-15 11:47:57,S,254.05,1,1
2021-06-15 11:47:57,S,254.0,2,201
2021-06-15 11:47:57,S,253.95,1,1
2021-06-15 11:47:57,S,253.85,1,11
2021-06-15 11:47:59,S,254.65,1,223
2021-06-15 11:47:59,S,254.7,2,51
2021-06-15 11:47:59,S,254.8,2,42
2021-06-15 11:47:59,S,254.95,1,50
2021-06-15 11:47:59,S,255.0,1,4
2021-06-15 11:47:59,S,254.1,1,32
2021-06-15 11:47:59,S,254.05,1,1
2021-06-15 11:47:59,S,254.0,2,201
2021-06-15 11:47:59,S,253.95,1,1
2021-06-15 11:47:59,S,253.85,1,11
2021-06-15 11:48:00,S,254.65,1,223
2021-06-15 11:48:00,S,254.7,2,51
2021-06-15 11:48:00,S,254.8,2,42
2021-06-15 11:48:00,S,254.95,1,50
2021-06-15 11:48:00,S,255.0,1,4
2021-06-15 11:48:00,S,254.1,1,32
2021-06-15 11:48:00,S,254.05,1,1
2021-06-15 11:48:00,S,254.0,2,201
2021-06-15 11:48:00,S,253.95,1,1
2021-06-15 11:48:00,S,253.85,1,11
2021-06-15 11:48:01,S,254.0,1,46
2021-06-15 11:48:01,S,254.2,2,49
2021-06-15 11:48:01,S,254.4,1,4
2021-06-15 11:48:01,S,254.6,2,24
2021-06-15 11:48:01,S,254.65,3,245
2021-06-15 11:48:01,S,253.85,1,11
2021-06-15 11:48:01,S,253.65,1,32
2021-06-15 11:48:01,S,253.6,1,1
2021-06-15 11:48:01,S,253.55,1,1
2021-06-15 11:48:01,S,253.5,2,2
2021-06-15 11:48:04,S,254.35,1,32
2021-06-15 11:48:04,S,254.4,2,6
2021-06-15 11:48:04,S,254.6,2,25
2021-06-15 11:48:04,S,254.65,3,245
2021-06-15 11:48:04,S,254.7,2,51
2021-06-15 11:48:04,S,253.9,1,32
2021-06-15 11:48:04,S,253.85,1,11
2021-06-15 11:48:04,S,253.6,3,23
2021-06-15 11:48:04,S,253.55,1,1
2021-06-15 11:48:04,S,253.5,2,2
2021-06-15 11:48:06,S,254.35,1,32
2021-06-15 11:48:06,S,254.4,2,6
2021-06-15 11:48:06,S,254.6,2,25
2021-06-15 11:48:06,S,254.65,3,245
2021-06-15 11:48:06,S,254.7,2,51
2021-06-15 11:48:06,S,253.9,1,32
2021-06-15 11:48:06,S,253.85,1,11
2021-06-15 11:48:06,S,253.6,3,23
2021-06-15 11:48:06,S,253.55,1,1
2021-06-15 11:48:06,S,253.5,2,2
2021-06-15 11:48:07,S,253.9,1,61
2021-06-15 11:48:07,S,254.1,2,17
2021-06-15 11:48:07,S,254.15,2,14
2021-06-15 11:48:07,S,254.35,2,14
2021-06-15 11:48:07,S,254.6,2,25
2021-06-15 11:48:07,S,253.6,1,1
2021-06-15 11:48:07,S,253.55,2,33
2021-06-15 11:48:07,S,253.5,1,1
2021-06-15 11:48:07,S,253.45,1,1
2021-06-15 11:48:07,S,253.4,1,1
2021-06-15 11:48:08,S,253.9,1,61
2021-06-15 11:48:08,S,254.1,2,17
2021-06-15 11:48:08,S,254.15,2,14
2021-06-15 11:48:08,S,254.35,2,14
2021-06-15 11:48:08,S,254.6,2,25
2021-06-15 11:48:08,S,253.6,1,1
2021-06-15 11:48:08,S,253.55,2,33
2021-06-15 11:48:08,S,253.5,1,1
2021-06-15 11:48:08,S,253.45,1,1
2021-06-15 11:48:08,S,253.4,1,1
2021-06-15 11:48:09,S,253.9,1,61
2021-06-15 11:48:09,S,254.1,2,17
2021-06-15 11:48:09,S,254.15,2,14
2021-06-15 11:48:09,S,254.35,2,14
2021-06-15 11:48:09,S,254.6,2,25
2021-06-15 11:48:09,S,253.6,1,1
2021-06-15 11:48:09,S,253.55,2,33
2021-06-15 11:48:09,S,253.5,1,1
2021-06-15 11:48:09,S,253.45,1,1
2021-06-15 11:48:09,S,253.4,1,1
2021-06-15 11:48:10,S,254.1,2,26
2021-06-15 11:48:10,S,254.15,2,6
2021-06-15 11:48:10,S,254.35,2,14
2021-06-15 11:48:10,S,254.6,2,25
2021-06-15 11:48:10,S,254.65,2,240
2021-06-15 11:48:10,S,253.55,1,1
2021-06-15 11:48:10,S,253.5,1,1
2021-06-15 11:48:10,S,253.45,1,1
2021-06-15 11:48:10,S,253.4,1,1
2021-06-15 11:48:10,S,253.25,1,59
2021-06-15 11:48:13,S,254.0,2,25
2021-06-15 11:48:13,S,254.05,2,22
2021-06-15 11:48:13,S,254.1,1,10
2021-06-15 11:48:13,S,254.15,1,2
2021-06-15 11:48:13,S,254.35,2,14
2021-06-15 11:48:13,S,253.6,1,1
2021-06-15 11:48:13,S,253.55,1,1
2021-06-15 11:48:13,S,253.5,1,1
2021-06-15 11:48:13,S,253.45,1,1
2021-06-15 11:48:13,S,253.4,1,1
2021-06-15 11:48:16,S,254.0,3,31
2021-06-15 11:48:16,S,254.05,2,22
2021-06-15 11:48:16,S,254.35,2,14
2021-06-15 11:48:16,S,254.55,2,40
2021-06-15 11:48:16,S,254.6,3,55
2021-06-15 11:48:16,S,253.75,1,1
2021-06-15 11:48:16,S,253.7,1,1
2021-06-15 11:48:16,S,253.65,1,1
2021-06-15 11:48:16,S,253.6,1,1
2021-06-15 11:48:16,S,253.55,1,1
2021-06-15 11:48:18,S,254.0,3,31
2021-06-15 11:48:18,S,254.05,2,22
2021-06-15 11:48:18,S,254.35,2,14
2021-06-15 11:48:18,S,254.55,2,40
2021-06-15 11:48:18,S,254.6,3,55
2021-06-15 11:48:18,S,253.75,1,1
2021-06-15 11:48:18,S,253.7,1,1
2021-06-15 11:48:18,S,253.65,1,1
2021-06-15 11:48:18,S,253.6,1,1
2021-06-15 11:48:18,S,253.55,1,1
2021-06-15 11:48:20,S,254.0,3,31
2021-06-15 11:48:20,S,254.05,2,22
2021-06-15 11:48:20,S,254.35,2,14
2021-06-15 11:48:20,S,254.55,2,40
2021-06-15 11:48:20,S,254.6,3,55
2021-06-15 11:48:20,S,253.75,1,1
2021-06-15 11:48:20,S,253.7,1,1
2021-06-15 11:48:20,S,253.65,1,1
2021-06-15 11:48:20,S,253.6,1,1
2021-06-15 11:48:20,S,253.55,1,1
2021-06-15 11:48:21,S,253.9,2,15
2021-06-15 11:48:21,S,254.05,2,24
2021-06-15 11:48:21,S,254.1,1,12
2021-06-15 11:48:21,S,254.35,2,14
2021-06-15 11:48:21,S,254.55,1,20
2021-06-15 11:48:21,S,253.8,1,1
2021-06-15 11:48:21,S,253.75,1,1
2021-06-15 11:48:21,S,253.7,1,1
2021-06-15 11:48:21,S,253.65,1,1
2021-06-15 11:48:21,S,253.6,1,1
2021-06-15 11:48:23,S,253.8,1,4
2021-06-15 11:48:23,S,254.05,3,37
2021-06-15 11:48:23,S,254.35,2,14
2021-06-15 11:48:23,S,254.55,1,20
2021-06-15 11:48:23,S,254.6,3,55
2021-06-15 11:48:23,S,253.75,1,1
2021-06-15 11:48:23,S,253.7,1,1
2021-06-15 11:48:23,S,253.65,1,1
2021-06-15 11:48:23,S,253.6,1,1
2021-06-15 11:48:23,S,253.55,1,1
2021-06-15 11:48:26,S,253.8,1,4
2021-06-15 11:48:26,S,254.05,3,37
2021-06-15 11:48:26,S,254.35,2,14
2021-06-15 11:48:26,S,254.55,1,20
2021-06-15 11:48:26,S,254.6,3,55
2021-06-15 11:48:26,S,253.75,1,1
2021-06-15 11:48:26,S,253.7,1,1
2021-06-15 11:48:26,S,253.65,1,1
2021-06-15 11:48:26,S,253.6,1,1
2021-06-15 11:48:26,S,253.55,1,1
2021-06-15 11:48:27,S,253.8,1,4
2021-06-15 11:48:27,S,254.05,3,37
2021-06-15 11:48:27,S,254.35,2,14
2021-06-15 11:48:27,S,254.55,1,20
2021-06-15 11:48:27,S,254.6,3,55
2021-06-15 11:48:27,S,253.75,1,1
2021-06-15 11:48:27,S,253.7,1,1
2021-06-15 11:48:27,S,253.65,1,1
2021-06-15 11:48:27,S,253.6,1,1
2021-06-15 11:48:27,S,253.55,1,1
2021-06-15 11:48:29,S,253.75,1,3
2021-06-15 11:48:29,S,253.95,2,32
2021-06-15 11:48:29,S,254.15,2,10
2021-06-15 11:48:29,S,254.25,1,4
2021-06-15 11:48:29,S,254.35,3,18
2021-06-15 11:48:29,S,253.2,2,20
2021-06-15 11:48:29,S,253.1,2,22
2021-06-15 11:48:29,S,253.0,3,306
2021-06-15 11:48:29,S,252.9,2,34
2021-06-15 11:48:29,S,252.85,3,126
2021-06-15 11:48:30,S,253.75,1,3
2021-06-15 11:48:30,S,253.95,2,32
2021-06-15 11:48:30,S,254.15,2,10
2021-06-15 11:48:30,S,254.25,1,4
2021-06-15 11:48:30,S,254.35,3,18
2021-06-15 11:48:30,S,253.2,2,20
2021-06-15 11:48:30,S,253.1,2,22
2021-06-15 11:48:30,S,253.0,3,306
2021-06-15 11:48:30,S,252.9,2,34
2021-06-15 11:48:30,S,252.85,3,126
2021-06-15 11:48:31,S,253.75,1,6
2021-06-15 11:48:31,S,254.1,1,16
2021-06-15 11:48:31,S,254.15,2,10
2021-06-15 11:48:31,S,254.25,1,4
2021-06-15 11:48:31,S,254.35,3,18
2021-06-15 11:48:31,S,253.1,2,22
2021-06-15 11:48:31,S,253.0,3,306
2021-06-15 11:48:31,S,252.9,1,29
2021-06-15 11:48:31,S,252.85,2,78
2021-06-15 11:48:31,S,252.8,1,328
2021-06-15 11:48:32,S,253.75,1,6
2021-06-15 11:48:32,S,254.1,1,16
2021-06-15 11:48:32,S,254.15,2,10
2021-06-15 11:48:32,S,254.25,1,4
2021-06-15 11:48:32,S,254.35,3,18
2021-06-15 11:48:32,S,253.1,2,22
2021-06-15 11:48:32,S,253.0,3,306
2021-06-15 11:48:32,S,252.9,1,29
2021-06-15 11:48:32,S,252.85,2,78
2021-06-15 11:48:32,S,252.8,1,328
2021-06-15 11:48:34,S,253.75,1,6
2021-06-15 11:48:34,S,254.1,1,16
2021-06-15 11:48:34,S,254.15,2,10
2021-06-15 11:48:34,S,254.25,1,4
2021-06-15 11:48:34,S,254.35,3,18
2021-06-15 11:48:34,S,253.1,2,22
2021-06-15 11:48:34,S,253.0,3,306
2021-06-15 11:48:34,S,252.9,2,36
2021-06-15 11:48:34,S,252.85,2,78
2021-06-15 11:48:34,S,252.8,1,328
2021-06-15 11:48:38,S,253.75,1,6
2021-06-15 11:48:38,S,254.1,1,16
2021-06-15 11:48:38,S,254.15,2,10
2021-06-15 11:48:38,S,254.25,1,4
2021-06-15 11:48:38,S,254.35,3,18
2021-06-15 11:48:38,S,253.1,2,22
2021-06-15 11:48:38,S,253.0,3,306
2021-06-15 11:48:38,S,252.9,2,36
2021-06-15 11:48:38,S,252.85,2,78
2021-06-15 11:48:38,S,252.8,1,328
2021-06-15 11:48:39,S,254.1,3,35
2021-06-15 11:48:39,S,254.15,2,10
2021-06-15 11:48:39,S,254.2,1,5
2021-06-15 11:48:39,S,254.25,2,18
2021-06-15 11:48:39,S,254.3,1,5
2021-06-15 11:48:39,S,253.0,2,290
2021-06-15 11:48:39,S,252.9,2,36
2021-06-15 11:48:39,S,252.85,3,93
2021-06-15 11:48:39,S,252.8,1,328
2021-06-15 11:48:39,S,252.65,1,20
2021-06-15 11:48:45,S,254.1,4,40
2021-06-15 11:48:45,S,254.15,2,10
2021-06-15 11:48:45,S,254.2,1,5
2021-06-15 11:48:45,S,254.25,2,18
2021-06-15 11:48:45,S,254.3,1,5
2021-06-15 11:48:45,S,253.0,2,290
2021-06-15 11:48:45,S,252.9,2,36
2021-06-15 11:48:45,S,252.85,4,97
2021-06-15 11:48:45,S,252.8,1,328
2021-06-15 11:48:45,S,252.65,2,24
2021-06-15 11:48:49,S,254.1,4,40
2021-06-15 11:48:49,S,254.15,2,10
2021-06-15 11:48:49,S,254.2,1,5
2021-06-15 11:48:49,S,254.25,2,18
2021-06-15 11:48:49,S,254.3,1,5
2021-06-15 11:48:49,S,253.0,2,290
2021-06-15 11:48:49,S,252.9,2,36
2021-06-15 11:48:49,S,252.85,4,97
2021-06-15 11:48:49,S,252.8,1,328
2021-06-15 11:48:49,S,252.65,2,24
2021-06-15 11:48:51,S,253.55,1,5
2021-06-15 11:48:51,S,253.75,2,30
2021-06-15 11:48:51,S,253.8,2,18
2021-06-15 11:48:51,S,254.1,2,19
2021-06-15 11:48:51,S,254.15,2,10
2021-06-15 11:48:51,S,253.1,1,12
2021-06-15 11:48:51,S,253.0,3,306
2021-06-15 11:48:51,S,252.9,2,36
2021-06-15 11:48:51,S,252.85,4,97
2021-06-15 11:48:51,S,252.8,1,328
2021-06-15 11:48:53,S,253.1,1,5
2021-06-15 11:48:53,S,253.75,2,30
2021-06-15 11:48:53,S,253.95,1,4
2021-06-15 11:48:53,S,254.1,2,19
2021-06-15 11:48:53,S,254.15,2,10
2021-06-15 11:48:53,S,253.0,2,290
2021-06-15 11:48:53,S,252.9,2,36
2021-06-15 11:48:53,S,252.85,3,93
2021-06-15 11:48:53,S,252.8,1,328
2021-06-15 11:48:53,S,252.65,1,20
2021-06-15 11:48:56,S,253.1,1,5
2021-06-15 11:48:56,S,253.6,2,29
2021-06-15 11:48:56,S,253.65,2,17
2021-06-15 11:48:56,S,253.95,2,8
2021-06-15 11:48:56,S,254.1,2,19
2021-06-15 11:48:56,S,253.0,2,270
2021-06-15 11:48:56,S,252.9,2,36
2021-06-15 11:48:56,S,252.85,3,93
2021-06-15 11:48:56,S,252.8,1,328
2021-06-15 11:48:56,S,252.6,4,79
2021-06-15 11:48:57,S,253.1,1,5
2021-06-15 11:48:57,S,253.6,2,29
2021-06-15 11:48:57,S,253.65,2,17
2021-06-15 11:48:57,S,253.95,2,8
2021-06-15 11:48:57,S,254.1,2,19
2021-06-15 11:48:57,S,253.0,2,270
2021-06-15 11:48:57,S,252.9,2,36
2021-06-15 11:48:57,S,252.85,3,93
2021-06-15 11:48:57,S,252.8,1,328
2021-06-15 11:48:57,S,252.6,4,79
2021-06-15 11:48:58,S,253.6,2,29
2021-06-15 11:48:58,S,253.65,2,17
2021-06-15 11:48:58,S,253.95,2,8
2021-06-15 11:48:58,S,254.1,2,19
2021-06-15 11:48:58,S,254.15,2,10
2021-06-15 11:48:58,S,253.0,2,240
2021-06-15 11:48:58,S,252.9,1,29
2021-06-15 11:48:58,S,252.85,3,93
2021-06-15 11:48:58,S,252.8,1,328
2021-06-15 11:48:58,S,252.65,1,20
2021-06-15 11:49:01,S,253.6,2,19
2021-06-15 11:49:01,S,253.7,1,16
2021-06-15 11:49:01,S,253.75,2,9
2021-06-15 11:49:01,S,253.95,2,8
2021-06-15 11:49:01,S,254.1,2,19
2021-06-15 11:49:01,S,253.0,2,240
2021-06-15 11:49:01,S,252.9,1,29
2021-06-15 11:49:01,S,252.85,3,93
2021-06-15 11:49:01,S,252.8,1,328
2021-06-15 11:49:01,S,252.65,1,20
2021-06-15 11:49:03,S,253.6,2,19
2021-06-15 11:49:03,S,253.7,1,16
2021-06-15 11:49:03,S,253.75,2,9
2021-06-15 11:49:03,S,253.95,2,8
2021-06-15 11:49:03,S,254.1,2,19
2021-06-15 11:49:03,S,253.0,2,240
2021-06-15 11:49:03,S,252.9,1,29
2021-06-15 11:49:03,S,252.85,3,93
2021-06-15 11:49:03,S,252.8,1,328
2021-06-15 11:49:03,S,252.65,1,20
2021-06-15 11:49:04,S,253.3,1,6
2021-06-15 11:49:04,S,253.9,2,29
2021-06-15 11:49:04,S,253.95,2,8
2021-06-15 11:49:04,S,254.1,2,19
2021-06-15 11:49:04,S,254.15,2,10
2021-06-15 11:49:04,S,253.1,1,100
2021-06-15 11:49:04,S,253.0,3,256
2021-06-15 11:49:04,S,252.9,2,49
2021-06-15 11:49:04,S,252.85,3,93
2021-06-15 11:49:04,S,252.8,2,332
2021-06-15 11:49:07,S,253.3,1,6
2021-06-15 11:49:07,S,253.9,2,29
2021-06-15 11:49:07,S,253.95,2,8
2021-06-15 11:49:07,S,254.1,2,19
2021-06-15 11:49:07,S,254.15,2,10
2021-06-15 11:49:07,S,253.1,1,100
2021-06-15 11:49:07,S,253.0,3,256
2021-06-15 11:49:07,S,252.9,2,49
2021-06-15 11:49:07,S,252.85,3,93
2021-06-15 11:49:07,S,252.8,2,332
2021-06-15 11:49:09,S,253.9,2,29
2021-06-15 11:49:09,S,253.95,2,8
2021-06-15 11:49:09,S,254.1,2,19
2021-06-15 11:49:09,S,254.15,2,10
2021-06-15 11:49:09,S,254.2,2,10
2021-06-15 11:49:09,S,253.1,1,53
2021-06-15 11:49:09,S,253.05,1,4
2021-06-15 11:49:09,S,253.0,2,240
2021-06-15 11:49:09,S,252.9,2,49
2021-06-15 11:49:09,S,252.85,3,93
2021-06-15 11:49:12,S,253.9,2,29
2021-06-15 11:49:12,S,254.1,2,19
2021-06-15 11:49:12,S,254.15,2,10
2021-06-15 11:49:12,S,254.2,2,10
2021-06-15 11:49:12,S,254.25,2,18
2021-06-15 11:49:12,S,253.1,1,53
2021-06-15 11:49:12,S,253.05,2,54
2021-06-15 11:49:12,S,253.0,3,260
2021-06-15 11:49:12,S,252.9,2,49
2021-06-15 11:49:12,S,252.85,3,93
2021-06-15 11:49:16,S,253.9,3,35
2021-06-15 11:49:16,S,254.1,2,19
2021-06-15 11:49:16,S,254.15,2,10
2021-06-15 11:49:16,S,254.2,2,10
2021-06-15 11:49:16,S,254.25,2,18
2021-06-15 11:49:16,S,253.1,1,53
2021-06-15 11:49:16,S,253.05,2,54
2021-06-15 11:49:16,S,253.0,2,240
2021-06-15 11:49:16,S,252.9,2,49
2021-06-15 11:49:16,S,252.85,3,93
2021-06-15 11:49:19,S,253.5,1,6
2021-06-15 11:49:19,S,253.75,2,29
2021-06-15 11:49:19,S,253.8,2,17
2021-06-15 11:49:19,S,253.9,2,113
2021-06-15 11:49:19,S,254.1,2,19
2021-06-15 11:49:19,S,253.1,1,53
2021-06-15 11:49:19,S,253.05,1,50
2021-06-15 11:49:19,S,253.0,2,240
2021-06-15 11:49:19,S,252.9,2,49
2021-06-15 11:49:19,S,252.85,3,93
2021-06-15 11:49:23,S,253.5,1,6
2021-06-15 11:49:23,S,253.75,2,29
2021-06-15 11:49:23,S,253.8,2,17
2021-06-15 11:49:23,S,253.9,2,113
2021-06-15 11:49:23,S,254.1,2,19
2021-06-15 11:49:23,S,253.1,1,53
2021-06-15 11:49:23,S,253.05,1,50
2021-06-15 11:49:23,S,253.0,2,240
2021-06-15 11:49:23,S,252.9,2,49
2021-06-15 11:49:23,S,252.85,3,93
2021-06-15 11:49:25,S,253.75,2,23
2021-06-15 11:49:25,S,253.8,2,17
2021-06-15 11:49:25,S,253.9,2,113
2021-06-15 11:49:25,S,254.1,2,19
2021-06-15 11:49:25,S,254.15,2,10
2021-06-15 11:49:25,S,253.1,1,5
2021-06-15 11:49:25,S,253.05,1,50
2021-06-15 11:49:25,S,253.0,2,240
2021-06-15 11:49:25,S,252.9,1,29
2021-06-15 11:49:25,S,252.85,1,53
2021-06-15 11:49:31,S,253.75,3,26
2021-06-15 11:49:31,S,253.9,3,117
2021-06-15 11:49:31,S,254.1,2,19
2021-06-15 11:49:31,S,254.15,2,10
2021-06-15 11:49:31,S,254.2,1,5
2021-06-15 11:49:31,S,253.1,1,5
2021-06-15 11:49:31,S,253.05,1,50
2021-06-15 11:49:31,S,253.0,2,240
2021-06-15 11:49:31,S,252.9,1,29
2021-06-15 11:49:31,S,252.85,1,53
2021-06-15 11:49:34,S,253.45,2,11
2021-06-15 11:49:34,S,253.65,2,22
2021-06-15 11:49:34,S,253.75,2,28
2021-06-15 11:49:34,S,253.9,3,117
2021-06-15 11:49:34,S,254.1,2,19
2021-06-15 11:49:34,S,253.1,1,5
2021-06-15 11:49:34,S,253.05,1,50
2021-06-15 11:49:34,S,253.0,2,240
2021-06-15 11:49:34,S,252.9,1,29
2021-06-15 11:49:34,S,252.85,1,53
2021-06-15 11:51:56,S,253.7,2,25
2021-06-15 11:51:56,S,253.75,2,28
2021-06-15 11:51:56,S,253.9,3,117
2021-06-15 11:51:56,S,254.1,2,19
2021-06-15 11:51:56,S,254.15,2,10
2021-06-15 11:51:56,S,253.2,1,50
2021-06-15 11:51:56,S,253.15,1,124
2021-06-15 11:51:56,S,253.1,1,5
2021-06-15 11:51:56,S,253.0,2,240
2021-06-15 11:51:56,S,252.9,2,33
2021-06-15 11:52:00,S,253.7,3,32
2021-06-15 11:52:00,S,253.75,2,28
2021-06-15 11:52:00,S,253.9,3,117
2021-06-15 11:52:00,S,254.1,2,19
2021-06-15 11:52:00,S,254.15,2,10
2021-06-15 11:52:00,S,253.2,1,50
2021-06-15 11:52:00,S,253.15,1,124
2021-06-15 11:52:00,S,253.1,1,5
2021-06-15 11:52:00,S,253.0,2,240
2021-06-15 11:52:00,S,252.9,2,33
2021-06-15 11:52:05,S,253.45,1,7
2021-06-15 11:52:05,S,253.7,2,25
2021-06-15 11:52:05,S,253.75,2,28
2021-06-15 11:52:05,S,253.9,3,117
2021-06-15 11:52:05,S,254.1,2,19
2021-06-15 11:52:05,S,253.2,1,50
2021-06-15 11:52:05,S,253.15,1,124
2021-06-15 11:52:05,S,253.0,2,240
2021-06-15 11:52:05,S,252.9,2,33
2021-06-15 11:52:05,S,252.85,1,53
2021-06-15 11:52:08,S,253.45,1,7
2021-06-15 11:52:08,S,253.7,2,25
2021-06-15 11:52:08,S,253.75,2,28
2021-06-15 11:52:08,S,253.9,3,117
2021-06-15 11:52:08,S,254.1,2,19
2021-06-15 11:52:08,S,253.2,1,50
2021-06-15 11:52:08,S,253.15,1,124
2021-06-15 11:52:08,S,253.0,2,240
2021-06-15 11:52:08,S,252.9,2,33
2021-06-15 11:52:08,S,252.85,1,53
2021-06-15 11:52:09,S,253.7,2,25
2021-06-15 11:52:09,S,253.75,2,28
2021-06-15 11:52:09,S,253.9,3,117
2021-06-15 11:52:09,S,254.1,2,19
2021-06-15 11:52:09,S,254.15,2,10
2021-06-15 11:52:09,S,253.2,1,50
2021-06-15 11:52:09,S,253.15,1,124
2021-06-15 11:52:09,S,253.05,1,5
2021-06-15 11:52:09,S,253.0,2,240
2021-06-15 11:52:09,S,252.9,2,33
2021-06-15 11:52:18,S,253.7,3,30
2021-06-15 11:52:18,S,253.75,2,28
2021-06-15 11:52:18,S,253.9,3,117
2021-06-15 11:52:18,S,254.1,2,19
2021-06-15 11:52:18,S,254.15,2,10
2021-06-15 11:52:18,S,253.2,2,70
2021-06-15 11:52:18,S,253.15,1,124
2021-06-15 11:52:18,S,253.05,1,5
2021-06-15 11:52:18,S,253.0,2,240
2021-06-15 11:52:18,S,252.9,2,33
2021-06-15 11:52:25,S,253.7,2,25
2021-06-15 11:52:25,S,253.75,2,28
2021-06-15 11:52:25,S,253.9,3,117
2021-06-15 11:52:25,S,254.1,2,19
2021-06-15 11:52:25,S,254.15,2,10
2021-06-15 11:52:25,S,253.2,3,25
2021-06-15 11:52:25,S,253.15,1,124
2021-06-15 11:52:25,S,253.1,1,5
2021-06-15 11:52:25,S,253.0,2,240
2021-06-15 11:52:25,S,252.9,2,33
2021-06-15 11:52:32,S,253.7,3,31
2021-06-15 11:52:32,S,253.75,2,28
2021-06-15 11:52:32,S,253.9,3,117
2021-06-15 11:52:32,S,254.1,2,19
2021-06-15 11:52:32,S,254.15,2,10
2021-06-15 11:52:32,S,253.2,3,25
2021-06-15 11:52:32,S,253.15,1,124
2021-06-15 11:52:32,S,253.1,1,5
2021-06-15 11:52:32,S,253.0,2,240
2021-06-15 11:52:32,S,252.9,2,33
2021-06-15 11:52:23,S,253.45,1,5
2021-06-15 11:52:23,S,253.7,2,25
2021-06-15 11:52:23,S,253.75,2,28
2021-06-15 11:52:23,S,253.9,3,117
2021-06-15 11:52:23,S,254.1,2,19
2021-06-15 11:52:23,S,253.2,3,73
2021-06-15 11:52:23,S,253.15,1,124
2021-06-15 11:52:23,S,253.0,2,240
2021-06-15 11:52:23,S,252.9,2,33
2021-06-15 11:52:23,S,252.85,1,53
2021-06-15 11:52:35,S,253.45,1,6
2021-06-15 11:52:35,S,253.7,2,25
2021-06-15 11:52:35,S,253.75,2,28
2021-06-15 11:52:35,S,253.9,3,117
2021-06-15 11:52:35,S,254.1,2,19
2021-06-15 11:52:35,S,253.2,3,25
2021-06-15 11:52:35,S,253.15,1,124
2021-06-15 11:52:35,S,253.0,2,240
2021-06-15 11:52:35,S,252.9,2,33
2021-06-15 11:52:35,S,252.85,1,53
2021-06-15 11:53:10,S,253.45,2,22
2021-06-15 11:53:10,S,253.65,2,21
2021-06-15 11:53:10,S,253.7,2,14
2021-06-15 11:53:10,S,253.75,2,28
2021-06-15 11:53:10,S,253.9,3,117
2021-06-15 11:53:10,S,253.15,1,24
2021-06-15 11:53:10,S,253.0,3,265
2021-06-15 11:53:10,S,252.9,1,29
2021-06-15 11:53:10,S,252.85,1,53
2021-06-15 11:53:10,S,252.8,1,328
2021-06-15 11:53:03,S,253.6,2,18
2021-06-15 11:53:03,S,253.7,3,31
2021-06-15 11:53:03,S,253.75,2,28
2021-06-15 11:53:03,S,253.9,3,117
2021-06-15 11:53:03,S,253.95,1,59
2021-06-15 11:53:03,S,253.15,1,77
2021-06-15 11:53:03,S,253.0,2,240
2021-06-15 11:53:03,S,252.9,1,29
2021-06-15 11:53:03,S,252.85,1,53
2021-06-15 11:53:03,S,252.8,2,333
2021-06-15 11:52:53,S,253.45,1,7
2021-06-15 11:52:53,S,253.7,2,25
2021-06-15 11:52:53,S,253.75,3,33
2021-06-15 11:52:53,S,253.9,3,117
2021-06-15 11:52:53,S,254.1,2,19
2021-06-15 11:52:53,S,253.2,2,20
2021-06-15 11:52:53,S,253.15,1,124
2021-06-15 11:52:53,S,253.0,2,240
2021-06-15 11:52:53,S,252.9,1,29
2021-06-15 11:52:53,S,252.85,1,53
2021-06-15 11:52:21,S,253.45,1,5
2021-06-15 11:52:21,S,253.7,2,25
2021-06-15 11:52:21,S,253.75,2,28
2021-06-15 11:52:21,S,253.9,3,117
2021-06-15 11:52:21,S,254.1,2,19
2021-06-15 11:52:21,S,253.2,3,73
2021-06-15 11:52:21,S,253.15,1,124
2021-06-15 11:52:21,S,253.0,2,240
2021-06-15 11:52:21,S,252.9,2,33
2021-06-15 11:52:21,S,252.85,1,53
2021-06-15 11:53:13,S,253.55,2,18
2021-06-15 11:53:13,S,253.6,1,16
2021-06-15 11:53:13,S,253.65,1,5
2021-06-15 11:53:13,S,253.7,2,14
2021-06-15 11:53:13,S,253.75,2,28
2021-06-15 11:53:13,S,253.15,1,24
2021-06-15 11:53:13,S,253.0,3,265
2021-06-15 11:53:13,S,252.9,1,29
2021-06-15 11:53:13,S,252.85,2,58
2021-06-15 11:53:13,S,252.8,1,328
2021-06-15 11:52:56,S,253.7,3,37
2021-06-15 11:52:56,S,253.75,3,33
2021-06-15 11:52:56,S,253.9,3,117
2021-06-15 11:52:56,S,254.1,2,19
2021-06-15 11:52:56,S,254.15,2,10
2021-06-15 11:52:56,S,253.2,2,8
2021-06-15 11:52:56,S,253.15,1,124
2021-06-15 11:52:56,S,253.05,1,5
2021-06-15 11:52:56,S,253.0,2,240
2021-06-15 11:52:56,S,252.9,1,29
2021-06-15 11:52:48,S,253.7,4,44
2021-06-15 11:52:48,S,253.75,2,28
2021-06-15 11:52:48,S,253.9,3,117
2021-06-15 11:52:48,S,254.1,2,19
2021-06-15 11:52:48,S,254.15,2,10
2021-06-15 11:52:48,S,253.2,2,20
2021-06-15 11:52:48,S,253.15,1,124
2021-06-15 11:52:48,S,253.0,2,240
2021-06-15 11:52:48,S,252.9,1,29
2021-06-15 11:52:48,S,252.85,1,53
2021-06-15 11:53:05,S,253.4,2,11
2021-06-15 11:53:05,S,253.45,2,22
2021-06-15 11:53:05,S,253.55,1,16
2021-06-15 11:53:05,S,253.6,1,6
2021-06-15 11:53:05,S,253.7,2,14
2021-06-15 11:53:05,S,253.15,1,77
2021-06-15 11:53:05,S,253.0,2,240
2021-06-15 11:53:05,S,252.9,1,29
2021-06-15 11:53:05,S,252.85,1,53
2021-06-15 11:53:05,S,252.8,2,333
2021-06-15 11:52:40,S,253.7,2,25
2021-06-15 11:52:40,S,253.75,2,28
2021-06-15 11:52:40,S,253.9,3,117
2021-06-15 11:52:40,S,254.1,2,19
2021-06-15 11:52:40,S,254.15,2,10
2021-06-15 11:52:40,S,253.2,2,20
2021-06-15 11:52:40,S,253.15,1,124
2021-06-15 11:52:40,S,253.1,1,5
2021-06-15 11:52:40,S,253.0,2,240
2021-06-15 11:52:40,S,252.9,2,33
2021-06-15 11:52:38,S,253.45,1,6
2021-06-15 11:52:38,S,253.7,2,25
2021-06-15 11:52:38,S,253.75,2,28
2021-06-15 11:52:38,S,253.9,3,117
2021-06-15 11:52:38,S,254.1,2,19
2021-06-15 11:52:38,S,253.2,3,25
2021-06-15 11:52:38,S,253.15,1,124
2021-06-15 11:52:38,S,253.0,2,240
2021-06-15 11:52:38,S,252.9,2,33
2021-06-15 11:52:38,S,252.85,1,53
2021-06-15 11:52:45,S,253.7,3,37
2021-06-15 11:52:45,S,253.75,2,28
2021-06-15 11:52:45,S,253.9,3,117
2021-06-15 11:52:45,S,254.1,2,19
2021-06-15 11:52:45,S,254.15,2,10
2021-06-15 11:52:45,S,253.2,2,20
2021-06-15 11:52:45,S,253.15,1,124
2021-06-15 11:52:45,S,253.0,2,240
2021-06-15 11:52:45,S,252.9,1,29
2021-06-15 11:52:45,S,252.85,1,53
2021-06-15 11:53:15,S,253.5,2,22
2021-06-15 11:53:15,S,253.55,3,25
2021-06-15 11:53:15,S,253.6,1,8
2021-06-15 11:53:15,S,253.65,1,5
2021-06-15 11:53:15,S,253.7,2,14
2021-06-15 11:53:15,S,253.15,1,24
2021-06-15 11:53:15,S,253.0,3,265
2021-06-15 11:53:15,S,252.9,1,29
2021-06-15 11:53:15,S,252.85,2,58
2021-06-15 11:53:15,S,252.8,1,328
2021-06-15 11:52:50,S,253.45,1,7
2021-06-15 11:52:50,S,253.7,2,25
2021-06-15 11:52:50,S,253.75,3,33
2021-06-15 11:52:50,S,253.9,3,117
2021-06-15 11:52:50,S,254.1,2,19
2021-06-15 11:52:50,S,253.2,2,20
2021-06-15 11:52:50,S,253.15,1,124
2021-06-15 11:52:50,S,253.0,2,240
2021-06-15 11:52:50,S,252.9,1,29
2021-06-15 11:52:50,S,252.85,1,53
2021-06-15 11:53:01,S,253.7,4,43
2021-06-15 11:53:01,S,253.75,2,28
2021-06-15 11:53:01,S,253.9,3,117
2021-06-15 11:53:01,S,254.0,1,5
2021-06-15 11:53:01,S,254.1,2,19
2021-06-15 11:53:01,S,253.2,2,8
2021-06-15 11:53:01,S,253.15,1,124
2021-06-15 11:53:01,S,253.05,1,5
2021-06-15 11:53:01,S,253.0,2,240
2021-06-15 11:53:01,S,252.9,1,29
2021-06-15 11:53:08,S,253.4,2,11
2021-06-15 11:53:08,S,253.45,2,22
2021-06-15 11:53:08,S,253.55,2,37
2021-06-15 11:53:08,S,253.6,1,6
2021-06-15 11:53:08,S,253.7,2,14
2021-06-15 11:53:08,S,253.15,1,77
2021-06-15 11:53:08,S,253.0,3,265
2021-06-15 11:53:08,S,252.9,1,29
2021-06-15 11:53:08,S,252.85,1,53
2021-06-15 11:53:08,S,252.8,2,333
2021-06-15 11:58:45,S,253.85,1,32
2021-06-15 11:58:45,S,253.9,2,42
2021-06-15 11:58:45,S,253.95,2,57
2021-06-15 11:58:45,S,254.05,1,3
2021-06-15 11:58:45,S,254.1,3,35
2021-06-15 11:58:45,S,253.3,1,32
2021-06-15 11:58:45,S,253.25,1,50
2021-06-15 11:58:45,S,253.05,3,64
2021-06-15 11:58:45,S,253.0,6,284
2021-06-15 11:58:45,S,252.9,2,49
2021-06-15 11:58:46,S,253.85,2,37
2021-06-15 11:58:46,S,253.9,2,42
2021-06-15 11:58:46,S,253.95,2,57
2021-06-15 11:58:46,S,254.05,1,3
2021-06-15 11:58:46,S,254.1,3,35
2021-06-15 11:58:46,S,253.3,1,32
2021-06-15 11:58:46,S,253.25,2,55
2021-06-15 11:58:46,S,253.05,3,64
2021-06-15 11:58:46,S,253.0,6,284
2021-06-15 11:58:46,S,252.9,2,49
2021-06-15 11:58:49,S,253.85,1,5
2021-06-15 11:58:49,S,253.9,1,25
2021-06-15 11:58:49,S,253.95,1,40
2021-06-15 11:58:49,S,254.1,2,30
2021-06-15 11:58:49,S,254.35,1,53
2021-06-15 11:58:49,S,253.8,1,500
2021-06-15 11:58:49,S,253.6,2,49
2021-06-15 11:58:49,S,253.55,2,30
2021-06-15 11:58:49,S,253.5,1,5
2021-06-15 11:58:49,S,253.25,3,75
2021-06-15 11:58:53,S,253.85,1,5
2021-06-15 11:58:53,S,253.9,1,25
2021-06-15 11:58:53,S,253.95,1,40
2021-06-15 11:58:53,S,254.1,2,30
2021-06-15 11:58:53,S,254.35,1,53
2021-06-15 11:58:53,S,253.8,1,500
2021-06-15 11:58:53,S,253.6,2,49
2021-06-15 11:58:53,S,253.55,2,30
2021-06-15 11:58:53,S,253.5,1,5
2021-06-15 11:58:53,S,253.25,3,75
2021-06-15 11:58:56,S,253.85,1,5
2021-06-15 11:58:56,S,253.9,1,25
2021-06-15 11:58:56,S,253.95,1,40
2021-06-15 11:58:56,S,254.1,2,30
2021-06-15 11:58:56,S,254.35,1,53
2021-06-15 11:58:56,S,253.8,1,500
2021-06-15 11:58:56,S,253.6,2,49
2021-06-15 11:58:56,S,253.55,2,30
2021-06-15 11:58:56,S,253.5,1,5
2021-06-15 11:58:56,S,253.25,3,75
2021-06-15 11:59:02,S,253.95,2,56
2021-06-15 11:59:02,S,254.1,2,41
2021-06-15 11:59:02,S,254.3,2,18
2021-06-15 11:59:02,S,254.35,2,74
2021-06-15 11:59:02,S,254.4,1,3
2021-06-15 11:59:02,S,253.85,1,32
2021-06-15 11:59:02,S,253.8,1,456
2021-06-15 11:59:02,S,253.65,2,33
2021-06-15 11:59:02,S,253.5,2,25
2021-06-15 11:59:02,S,253.25,3,75
2021-06-15 11:59:05,S,253.95,2,56
2021-06-15 11:59:05,S,254.1,2,41
2021-06-15 11:59:05,S,254.3,2,18
2021-06-15 11:59:05,S,254.35,2,74
2021-06-15 11:59:05,S,254.4,1,3
2021-06-15 11:59:05,S,253.85,1,32
2021-06-15 11:59:05,S,253.8,1,456
2021-06-15 11:59:05,S,253.65,2,33
2021-06-15 11:59:05,S,253.5,2,25
2021-06-15 11:59:05,S,253.25,3,75
2021-06-15 11:59:06,S,253.9,1,6
2021-06-15 11:59:06,S,253.95,1,50
2021-06-15 11:59:06,S,254.1,2,41
2021-06-15 11:59:06,S,254.35,2,74
2021-06-15 11:59:06,S,254.4,1,3
2021-06-15 11:59:06,S,253.8,1,456
2021-06-15 11:59:06,S,253.7,2,49
2021-06-15 11:59:06,S,253.65,2,33
2021-06-15 11:59:06,S,253.5,2,25
2021-06-15 11:59:06,S,253.25,3,75
2021-06-15 11:59:08,S,253.95,1,50
2021-06-15 11:59:08,S,254.1,2,41
2021-06-15 11:59:08,S,254.25,2,46
2021-06-15 11:59:08,S,254.3,2,19
2021-06-15 11:59:08,S,254.35,2,74
2021-06-15 11:59:08,S,253.8,1,388
2021-06-15 11:59:08,S,253.5,2,25
2021-06-15 11:59:08,S,253.25,3,75
2021-06-15 11:59:08,S,253.1,1,20
2021-06-15 11:59:08,S,253.05,3,64
2021-06-15 11:59:10,S,253.95,1,50
2021-06-15 11:59:10,S,254.1,2,41
2021-06-15 11:59:10,S,254.25,2,46
2021-06-15 11:59:10,S,254.3,2,19
2021-06-15 11:59:10,S,254.35,2,74
2021-06-15 11:59:10,S,253.8,1,388
2021-06-15 11:59:10,S,253.5,2,25
2021-06-15 11:59:10,S,253.25,3,75
2021-06-15 11:59:10,S,253.1,1,20
2021-06-15 11:59:10,S,253.05,3,64
2021-06-15 11:59:11,S,253.75,1,32
2021-06-15 11:59:11,S,253.8,2,85
2021-06-15 11:59:11,S,253.95,2,67
2021-06-15 11:59:11,S,254.1,2,42
2021-06-15 11:59:11,S,254.3,2,19
2021-06-15 11:59:11,S,253.05,3,64
2021-06-15 11:59:11,S,253.0,5,279
2021-06-15 11:59:11,S,252.95,2,25
2021-06-15 11:59:11,S,252.9,3,59
2021-06-15 11:59:11,S,252.85,3,78
2021-06-15 11:59:13,S,253.75,1,32
2021-06-15 11:59:13,S,253.8,2,85
2021-06-15 11:59:13,S,253.95,2,67
2021-06-15 11:59:13,S,254.1,2,42
2021-06-15 11:59:13,S,254.3,2,19
2021-06-15 11:59:13,S,253.05,4,69
2021-06-15 11:59:13,S,253.0,5,279
2021-06-15 11:59:13,S,252.95,2,25
2021-06-15 11:59:13,S,252.9,3,59
2021-06-15 11:59:13,S,252.85,3,78
2021-06-15 11:59:16,S,253.75,2,38
2021-06-15 11:59:16,S,253.8,2,85
2021-06-15 11:59:16,S,253.9,2,23
2021-06-15 11:59:16,S,253.95,2,67
2021-06-15 11:59:16,S,254.05,1,5
2021-06-15 11:59:16,S,253.05,4,69
2021-06-15 11:59:16,S,253.0,5,279
2021-06-15 11:59:16,S,252.95,2,25
2021-06-15 11:59:16,S,252.9,2,49
2021-06-15 11:59:16,S,252.85,3,78
2021-06-15 11:59:21,S,253.75,2,38
2021-06-15 11:59:21,S,253.8,2,85
2021-06-15 11:59:21,S,253.9,2,23
2021-06-15 11:59:21,S,253.95,2,67
2021-06-15 11:59:21,S,254.05,1,5
2021-06-15 11:59:21,S,253.05,4,69
2021-06-15 11:59:21,S,253.0,5,279
2021-06-15 11:59:21,S,252.95,2,25
2021-06-15 11:59:21,S,252.9,2,49
2021-06-15 11:59:21,S,252.85,3,78
2021-06-15 11:59:22,S,253.75,2,38
2021-06-15 11:59:22,S,253.8,2,85
2021-06-15 11:59:22,S,253.9,2,23
2021-06-15 11:59:22,S,253.95,2,67
2021-06-15 11:59:22,S,254.05,1,5
2021-06-15 11:59:22,S,253.05,4,69
2021-06-15 11:59:22,S,253.0,5,279
2021-06-15 11:59:22,S,252.95,2,25
2021-06-15 11:59:22,S,252.9,2,49
2021-06-15 11:59:22,S,252.85,3,78
2021-06-15 11:59:24,S,253.4,1,6
2021-06-15 11:59:24,S,253.7,2,49
2021-06-15 11:59:24,S,253.95,2,67
2021-06-15 11:59:24,S,254.0,1,5
2021-06-15 11:59:24,S,254.1,2,42
2021-06-15 11:59:24,S,253.2,2,42
2021-06-15 11:59:24,S,253.05,5,81
2021-06-15 11:59:24,S,253.0,5,279
2021-06-15 11:59:24,S,252.9,2,49
2021-06-15 11:59:24,S,252.85,3,78
2021-06-15 11:59:25,S,253.4,1,6
2021-06-15 11:59:25,S,253.7,2,49
2021-06-15 11:59:25,S,253.95,2,67
2021-06-15 11:59:25,S,254.0,1,5
2021-06-15 11:59:25,S,254.1,2,42
2021-06-15 11:59:25,S,253.2,2,42
2021-06-15 11:59:25,S,253.05,5,81
2021-06-15 11:59:25,S,253.0,5,279
2021-06-15 11:59:25,S,252.9,2,49
2021-06-15 11:59:25,S,252.85,3,78
2021-06-15 11:59:26,S,253.4,1,6
2021-06-15 11:59:26,S,253.7,2,49
2021-06-15 11:59:26,S,253.95,2,67
2021-06-15 11:59:26,S,254.0,1,5
2021-06-15 11:59:26,S,254.1,2,42
2021-06-15 11:59:26,S,253.2,2,42
2021-06-15 11:59:26,S,253.05,5,81
2021-06-15 11:59:26,S,253.0,5,279
2021-06-15 11:59:26,S,252.9,2,49
2021-06-15 11:59:26,S,252.85,3,78
2021-06-15 11:59:27,S,253.9,1,32
2021-06-15 11:59:27,S,253.95,2,67
2021-06-15 11:59:27,S,254.1,2,42
2021-06-15 11:59:27,S,254.15,1,5
2021-06-15 11:59:27,S,254.3,2,19
2021-06-15 11:59:27,S,253.3,2,27
2021-06-15 11:59:27,S,253.25,2,71
2021-06-15 11:59:27,S,253.2,2,17
2021-06-15 11:59:27,S,253.05,4,69
2021-06-15 11:59:27,S,253.0,5,279
2021-06-15 12:03:35,S,255.75,1,28
2021-06-15 12:03:35,S,255.8,2,9
2021-06-15 12:03:35,S,255.85,2,27
2021-06-15 12:03:35,S,255.9,1,20
2021-06-15 12:03:35,S,256.0,3,511
2021-06-15 12:03:35,S,255.15,1,32
2021-06-15 12:03:35,S,255.1,2,23
2021-06-15 12:03:35,S,255.05,2,27
2021-06-15 12:03:35,S,254.9,1,5
2021-06-15 12:03:35,S,254.75,2,46
2021-06-15 12:03:35,S,255.75,1,28
2021-06-15 12:03:35,S,255.8,2,9
2021-06-15 12:03:35,S,255.85,1,6
2021-06-15 12:03:35,S,255.9,1,20
2021-06-15 12:03:35,S,256.0,3,511
2021-06-15 12:03:35,S,255.1,2,45
2021-06-15 12:03:35,S,255.05,2,27
2021-06-15 12:03:35,S,254.9,2,27
2021-06-15 12:03:35,S,254.75,2,46
2021-06-15 12:03:35,S,254.7,1,5
2021-06-15 12:03:40,S,255.75,1,28
2021-06-15 12:03:40,S,255.8,2,9
2021-06-15 12:03:40,S,255.85,2,11
2021-06-15 12:03:40,S,255.9,1,20
2021-06-15 12:03:40,S,256.0,3,511
2021-06-15 12:03:40,S,255.1,2,45
2021-06-15 12:03:40,S,255.05,2,27
2021-06-15 12:03:40,S,254.9,2,27
2021-06-15 12:03:40,S,254.75,2,46
2021-06-15 12:03:40,S,254.7,1,5
2021-06-15 12:06:24,S,255.15,1,7
2021-06-15 12:06:24,S,255.25,1,32
2021-06-15 12:06:24,S,255.3,2,24
2021-06-15 12:06:24,S,255.45,1,5
2021-06-15 12:06:24,S,255.5,1,5
2021-06-15 12:06:24,S,254.75,1,133
2021-06-15 12:06:24,S,254.6,2,26
2021-06-15 12:06:24,S,254.45,3,79
2021-06-15 12:06:24,S,254.3,3,31
2021-06-15 12:06:24,S,254.2,1,5
2021-06-15 12:06:25,S,255.4,1,32
2021-06-15 12:06:25,S,255.45,2,6
2021-06-15 12:06:25,S,255.5,2,24
2021-06-15 12:06:25,S,255.6,3,25
2021-06-15 12:06:25,S,255.75,2,17
2021-06-15 12:06:25,S,254.75,1,68
2021-06-15 12:06:25,S,254.6,2,22
2021-06-15 12:06:25,S,254.45,3,79
2021-06-15 12:06:25,S,254.3,3,31
2021-06-15 12:06:25,S,254.2,1,5
2021-06-15 12:07:42,S,255.1,1,32
2021-06-15 12:07:42,S,255.15,2,11
2021-06-15 12:07:42,S,255.3,2,19
2021-06-15 12:07:42,S,255.35,2,7
2021-06-15 12:07:42,S,255.45,2,6
2021-06-15 12:07:42,S,254.5,1,2
2021-06-15 12:07:42,S,254.45,1,56
2021-06-15 12:07:42,S,254.3,2,25
2021-06-15 12:07:42,S,254.05,3,67
2021-06-15 12:07:42,S,254.0,1,200
2021-06-15 12:07:47,S,255.05,2,45
2021-06-15 12:07:47,S,255.1,2,19
2021-06-15 12:07:47,S,255.15,2,11
2021-06-15 12:07:47,S,255.3,3,23
2021-06-15 12:07:47,S,255.35,2,7
2021-06-15 12:07:47,S,254.5,1,2
2021-06-15 12:07:47,S,254.45,1,56
2021-06-15 12:07:47,S,254.3,1,5
2021-06-15 12:07:47,S,254.2,1,5
2021-06-15 12:07:47,S,254.05,3,67
2021-06-15 12:07:50,S,254.8,2,14
2021-06-15 12:07:50,S,255.1,2,38
2021-06-15 12:07:50,S,255.15,2,11
2021-06-15 12:07:50,S,255.3,2,19
2021-06-15 12:07:50,S,255.35,2,7
2021-06-15 12:07:50,S,254.25,2,8
2021-06-15 12:07:50,S,254.2,2,16
2021-06-15 12:07:50,S,254.05,3,67
2021-06-15 12:07:50,S,254.0,1,200
2021-06-15 12:07:50,S,253.95,1,5
2021-06-15 12:07:52,S,254.75,1,32
2021-06-15 12:07:52,S,254.8,2,20
2021-06-15 12:07:52,S,254.95,2,18
2021-06-15 12:07:52,S,255.15,2,11
2021-06-15 12:07:52,S,255.3,2,19
2021-06-15 12:07:52,S,254.25,1,2
2021-06-15 12:07:52,S,254.2,2,16
2021-06-15 12:07:52,S,254.05,2,62
2021-06-15 12:07:52,S,254.0,1,200
2021-06-15 12:07:52,S,253.95,1,5
2021-06-15 12:07:53,S,254.75,1,32
2021-06-15 12:07:53,S,254.8,2,20
2021-06-15 12:07:53,S,254.95,2,18
2021-06-15 12:07:53,S,255.15,2,11
2021-06-15 12:07:53,S,255.3,2,19
2021-06-15 12:07:53,S,254.25,1,2
2021-06-15 12:07:53,S,254.2,2,16
2021-06-15 12:07:53,S,254.05,2,62
2021-06-15 12:07:53,S,254.0,1,200
2021-06-15 12:07:53,S,253.95,1,5
2021-06-15 12:07:54,S,254.25,1,2
2021-06-15 12:07:54,S,254.75,3,51
2021-06-15 12:07:54,S,254.95,2,18
2021-06-15 12:07:54,S,255.15,2,11
2021-06-15 12:07:54,S,255.3,2,19
2021-06-15 12:07:54,S,254.0,1,200
2021-06-15 12:07:54,S,253.95,2,30
2021-06-15 12:07:54,S,253.75,2,19
2021-06-15 12:07:54,S,253.7,1,20
2021-06-15 12:07:54,S,253.65,3,118
2021-06-15 12:07:56,S,254.25,1,2
2021-06-15 12:07:56,S,254.75,3,51
2021-06-15 12:07:56,S,254.95,2,18
2021-06-15 12:07:56,S,255.15,2,11
2021-06-15 12:07:56,S,255.3,2,19
2021-06-15 12:07:56,S,254.0,1,200
2021-06-15 12:07:56,S,253.95,2,30
2021-06-15 12:07:56,S,253.75,2,19
2021-06-15 12:07:56,S,253.7,1,20
2021-06-15 12:07:56,S,253.65,3,118
2021-06-15 12:07:57,S,254.25,1,2
2021-06-15 12:07:57,S,254.75,3,51
2021-06-15 12:07:57,S,254.95,2,18
2021-06-15 12:07:57,S,255.15,2,11
2021-06-15 12:07:57,S,255.3,2,19
2021-06-15 12:07:57,S,254.0,1,200
2021-06-15 12:07:57,S,253.95,2,30
2021-06-15 12:07:57,S,253.75,2,19
2021-06-15 12:07:57,S,253.7,1,20
2021-06-15 12:07:57,S,253.65,3,118
2021-06-15 12:07:59,S,254.9,1,32
2021-06-15 12:07:59,S,254.95,1,13
2021-06-15 12:07:59,S,255.15,2,11
2021-06-15 12:07:59,S,255.25,1,2
2021-06-15 12:07:59,S,255.3,2,19
2021-06-15 12:07:59,S,254.2,1,12
2021-06-15 12:07:59,S,254.1,1,5
2021-06-15 12:07:59,S,254.0,3,164
2021-06-15 12:07:59,S,253.95,3,27
2021-06-15 12:07:59,S,253.9,2,18
2021-06-15 12:08:02,S,254.9,2,38
2021-06-15 12:08:02,S,255.15,2,11
2021-06-15 12:08:02,S,255.25,1,2
2021-06-15 12:08:02,S,255.3,2,19
2021-06-15 12:08:02,S,255.45,3,11
2021-06-15 12:08:02,S,254.2,2,17
2021-06-15 12:08:02,S,254.15,1,5
2021-06-15 12:08:02,S,254.1,1,5
2021-06-15 12:08:02,S,254.0,3,164
2021-06-15 12:08:02,S,253.95,3,27
2021-06-15 12:08:04,S,254.9,2,38
2021-06-15 12:08:04,S,255.15,2,11
2021-06-15 12:08:04,S,255.25,1,2
2021-06-15 12:08:04,S,255.3,2,19
2021-06-15 12:08:04,S,255.45,3,11
2021-06-15 12:08:04,S,254.2,2,17
2021-06-15 12:08:04,S,254.15,1,5
2021-06-15 12:08:04,S,254.1,1,5
2021-06-15 12:08:04,S,254.0,3,164
2021-06-15 12:08:04,S,253.95,3,27
2021-06-15 12:08:06,S,254.55,1,6
2021-06-15 12:08:06,S,255.05,2,46
2021-06-15 12:08:06,S,255.1,1,4
2021-06-15 12:08:06,S,255.15,2,11
2021-06-15 12:08:06,S,255.25,1,2
2021-06-15 12:08:06,S,254.1,2,18
2021-06-15 12:08:06,S,254.05,2,61
2021-06-15 12:08:06,S,254.0,2,159
2021-06-15 12:08:06,S,253.95,2,22
2021-06-15 12:08:06,S,253.9,1,13
2021-06-15 12:08:09,S,254.55,1,6
2021-06-15 12:08:09,S,255.05,2,46
2021-06-15 12:08:09,S,255.1,1,4
2021-06-15 12:08:09,S,255.15,2,11
2021-06-15 12:08:09,S,255.25,1,2
2021-06-15 12:08:09,S,254.1,2,18
2021-06-15 12:08:09,S,254.05,2,61
2021-06-15 12:08:09,S,254.0,2,159
2021-06-15 12:08:09,S,253.95,2,22
2021-06-15 12:08:09,S,253.9,1,13
2021-06-15 12:08:10,S,254.1,1,5
2021-06-15 12:08:10,S,255.05,2,46
2021-06-15 12:08:10,S,255.1,1,4
2021-06-15 12:08:10,S,255.15,1,6
2021-06-15 12:08:10,S,255.25,1,2
2021-06-15 12:08:10,S,254.0,1,146
2021-06-15 12:08:10,S,253.95,2,22
2021-06-15 12:08:10,S,253.75,2,19
2021-06-15 12:08:10,S,253.7,1,20
2021-06-15 12:08:10,S,253.65,2,113
2021-06-15 12:08:13,S,254.1,1,5
2021-06-15 12:08:13,S,255.05,2,46
2021-06-15 12:08:13,S,255.1,1,4
2021-06-15 12:08:13,S,255.15,1,6
2021-06-15 12:08:13,S,255.25,1,2
2021-06-15 12:08:13,S,254.0,1,146
2021-06-15 12:08:13,S,253.95,2,22
2021-06-15 12:08:13,S,253.75,2,19
2021-06-15 12:08:13,S,253.7,1,20
2021-06-15 12:08:13,S,253.65,2,113
2021-06-15 12:08:15,S,255.05,1,32
2021-06-15 12:08:15,S,255.1,2,9
2021-06-15 12:08:15,S,255.15,2,70
2021-06-15 12:08:15,S,255.2,1,2
2021-06-15 12:08:15,S,255.3,3,23
2021-06-15 12:08:15,S,254.0,1,113
2021-06-15 12:08:15,S,253.65,4,137
2021-06-15 12:08:15,S,253.55,2,18
2021-06-15 12:08:15,S,253.5,2,2
2021-06-15 12:08:15,S,253.45,2,12
2021-06-15 12:08:19,S,254.85,1,32
2021-06-15 12:08:19,S,254.9,2,19
2021-06-15 12:08:19,S,255.05,2,21
2021-06-15 12:08:19,S,255.1,2,9
2021-06-15 12:08:19,S,255.15,2,70
2021-06-15 12:08:19,S,254.0,1,113
2021-06-15 12:08:19,S,253.65,4,137
2021-06-15 12:08:19,S,253.55,2,18
2021-06-15 12:08:19,S,253.45,4,14
2021-06-15 12:08:19,S,253.4,2,40
2021-06-15 12:49:42,S,254.9,2,10
2021-06-15 12:49:42,S,254.95,3,10
2021-06-15 12:49:42,S,255.0,2,7
2021-06-15 12:49:42,S,255.1,1,6
2021-06-15 12:49:42,S,255.25,1,2
2021-06-15 12:49:42,S,254.0,1,39
2021-06-15 12:49:42,S,253.9,3,25
2021-06-15 12:49:42,S,253.85,2,18
2021-06-15 12:49:42,S,253.8,1,5
2021-06-15 12:49:42,S,253.75,3,25
2021-06-15 12:49:47,S,254.9,3,15
2021-06-15 12:49:47,S,254.95,3,10
2021-06-15 12:49:47,S,255.0,2,7
2021-06-15 12:49:47,S,255.2,1,6
2021-06-15 12:49:47,S,255.25,1,2
2021-06-15 12:49:47,S,254.0,1,39
2021-06-15 12:49:47,S,253.9,2,18
2021-06-15 12:49:47,S,253.85,2,18
2021-06-15 12:49:47,S,253.8,1,5
2021-06-15 12:49:47,S,253.75,3,25
2021-06-15 12:49:50,S,254.45,1,5
2021-06-15 12:49:50,S,254.9,2,10
2021-06-15 12:49:50,S,254.95,3,10
2021-06-15 12:49:50,S,255.0,2,7
2021-06-15 12:49:50,S,255.2,1,6
2021-06-15 12:49:50,S,254.0,2,52
2021-06-15 12:49:50,S,253.9,1,13
2021-06-15 12:49:50,S,253.85,1,13
2021-06-15 12:49:50,S,253.8,1,20
2021-06-15 12:49:50,S,253.75,2,23
2021-06-15 12:49:53,S,254.45,1,5
2021-06-15 12:49:53,S,254.9,2,10
2021-06-15 12:49:53,S,254.95,3,10
2021-06-15 12:49:53,S,255.0,2,7
2021-06-15 12:49:53,S,255.2,1,6
2021-06-15 12:49:53,S,254.0,2,52
2021-06-15 12:49:53,S,253.9,1,13
2021-06-15 12:49:53,S,253.85,1,13
2021-06-15 12:49:53,S,253.8,1,20
2021-06-15 12:49:53,S,253.75,2,23
2021-06-15 12:49:54,S,254.8,2,10
2021-06-15 12:49:54,S,254.9,4,11
2021-06-15 12:49:54,S,255.1,2,26
2021-06-15 12:49:54,S,255.15,1,59
2021-06-15 12:49:54,S,255.2,1,6
2021-06-15 12:49:54,S,253.85,1,7
2021-06-15 12:49:54,S,253.75,1,2
2021-06-15 12:49:54,S,253.7,4,31
2021-06-15 12:49:54,S,253.65,5,238
2021-06-15 12:49:54,S,253.6,3,78
2021-06-15 12:49:56,S,254.2,1,8
2021-06-15 12:49:56,S,254.25,2,14
2021-06-15 12:49:56,S,254.3,1,2
2021-06-15 12:49:56,S,254.35,1,4
2021-06-15 12:49:56,S,254.45,1,2
2021-06-15 12:49:56,S,253.7,1,2
2021-06-15 12:49:56,S,253.65,3,211
2021-06-15 12:49:56,S,253.6,2,60
2021-06-15 12:49:56,S,253.5,1,2
2021-06-15 12:49:56,S,253.45,2,11
2021-06-15 12:49:59,S,254.25,1,2
2021-06-15 12:49:59,S,254.55,2,14
2021-06-15 12:49:59,S,254.6,2,8
2021-06-15 12:49:59,S,254.7,1,6
2021-06-15 12:49:59,S,254.75,2,81
2021-06-15 12:49:59,S,253.7,1,2
2021-06-15 12:49:59,S,253.65,2,154
2021-06-15 12:49:59,S,253.6,2,60
2021-06-15 12:49:59,S,253.5,1,2
2021-06-15 12:49:59,S,253.45,2,11
2021-06-15 12:50:01,S,254.25,2,8
2021-06-15 12:50:01,S,254.55,2,14
2021-06-15 12:50:01,S,254.6,2,8
2021-06-15 12:50:01,S,254.75,2,81
2021-06-15 12:50:01,S,254.85,3,13
2021-06-15 12:50:01,S,253.7,1,2
2021-06-15 12:50:01,S,253.65,2,154
2021-06-15 12:50:01,S,253.6,2,60
2021-06-15 12:50:01,S,253.5,1,2
2021-06-15 12:50:01,S,253.45,2,11
2021-06-15 12:50:06,S,254.0,1,6
2021-06-15 12:50:06,S,254.55,2,14
2021-06-15 12:50:06,S,254.6,2,8
2021-06-15 12:50:06,S,254.75,2,81
2021-06-15 12:50:06,S,254.85,3,13
2021-06-15 12:50:06,S,253.7,1,2
2021-06-15 12:50:06,S,253.65,2,154
2021-06-15 12:50:06,S,253.6,2,60
2021-06-15 12:50:06,S,253.5,1,2
2021-06-15 12:50:06,S,253.3,1,20
2021-06-15 12:50:08,S,253.7,1,6
2021-06-15 12:50:08,S,254.3,1,8
2021-06-15 12:50:08,S,254.35,2,12
2021-06-15 12:50:08,S,254.45,1,6
2021-06-15 12:50:08,S,254.55,1,6
2021-06-15 12:50:08,S,253.65,2,154
2021-06-15 12:50:08,S,253.6,2,60
2021-06-15 12:50:08,S,253.5,1,2
2021-06-15 12:50:08,S,253.45,1,13
2021-06-15 12:50:08,S,253.25,2,103
2021-06-15 12:50:13,S,253.7,1,6
2021-06-15 12:50:13,S,254.3,1,8
2021-06-15 12:50:13,S,254.35,2,12
2021-06-15 12:50:13,S,254.45,1,6
2021-06-15 12:50:13,S,254.55,1,6
2021-06-15 12:50:13,S,253.65,2,154
2021-06-15 12:50:13,S,253.6,2,60
2021-06-15 12:50:13,S,253.5,1,2
2021-06-15 12:50:13,S,253.45,1,13
2021-06-15 12:50:13,S,253.25,2,103
2021-06-15 12:50:14,S,254.55,2,11
2021-06-15 12:50:14,S,254.6,2,8
2021-06-15 12:50:14,S,254.7,3,28
2021-06-15 12:50:14,S,254.75,3,134
2021-06-15 12:50:14,S,254.8,1,3
2021-06-15 12:50:14,S,253.65,2,113
2021-06-15 12:50:14,S,253.6,2,60
2021-06-15 12:50:14,S,253.55,1,2
2021-06-15 12:50:14,S,253.5,1,2
2021-06-15 12:50:14,S,253.25,2,103
2021-06-15 12:50:17,S,254.4,2,10
2021-06-15 12:50:17,S,254.45,1,2
2021-06-15 12:50:17,S,254.55,1,3
2021-06-15 12:50:17,S,254.6,2,8
2021-06-15 12:50:17,S,254.7,3,28
2021-06-15 12:50:17,S,253.65,2,113
2021-06-15 12:50:17,S,253.6,2,60
2021-06-15 12:50:17,S,253.5,1,2
2021-06-15 12:50:17,S,253.45,1,6
2021-06-15 12:50:17,S,253.3,1,2
2021-06-15 12:51:22,S,253.4,2,11
2021-06-15 12:51:22,S,253.75,2,11
2021-06-15 12:51:22,S,254.0,2,7
2021-06-15 12:51:22,S,254.05,1,6
2021-06-15 12:51:22,S,254.1,1,3
2021-06-15 12:51:22,S,253.0,3,612
2021-06-15 12:51:22,S,252.9,1,5
2021-06-15 12:51:22,S,252.85,2,50
2021-06-15 12:51:22,S,252.8,2,329
2021-06-15 12:51:22,S,252.75,2,16
2021-06-15 12:51:21,S,253.4,2,11
2021-06-15 12:51:21,S,253.75,2,11
2021-06-15 12:51:21,S,254.0,2,7
2021-06-15 12:51:21,S,254.05,1,6
2021-06-15 12:51:21,S,254.1,1,3
2021-06-15 12:51:21,S,253.0,3,612
2021-06-15 12:51:21,S,252.9,1,5
2021-06-15 12:51:21,S,252.85,2,50
2021-06-15 12:51:21,S,252.8,2,329
2021-06-15 12:51:21,S,252.75,1,6
2021-06-15 12:51:23,S,253.4,2,11
2021-06-15 12:51:23,S,253.75,2,11
2021-06-15 12:51:23,S,254.0,2,7
2021-06-15 12:51:23,S,254.05,1,6
2021-06-15 12:51:23,S,254.1,1,3
2021-06-15 12:51:23,S,253.0,3,612
2021-06-15 12:51:23,S,252.9,1,5
2021-06-15 12:51:23,S,252.85,2,50
2021-06-15 12:51:23,S,252.8,2,329
2021-06-15 12:51:23,S,252.75,2,16
2021-06-15 12:51:24,S,253.75,2,11
2021-06-15 12:51:24,S,254.0,2,7
2021-06-15 12:51:24,S,254.05,2,8
2021-06-15 12:51:24,S,254.1,1,3
2021-06-15 12:51:24,S,254.2,1,3
2021-06-15 12:51:24,S,253.0,2,513
2021-06-15 12:51:24,S,252.9,1,5
2021-06-15 12:51:24,S,252.85,2,50
2021-06-15 12:51:24,S,252.8,3,331
2021-06-15 12:51:24,S,252.75,2,16
2021-06-15 12:51:29,S,253.75,2,11
2021-06-15 12:51:29,S,254.0,2,7
2021-06-15 12:51:29,S,254.05,2,8
2021-06-15 12:51:29,S,254.1,1,3
2021-06-15 12:51:29,S,254.2,1,3
2021-06-15 12:51:29,S,253.0,3,523
2021-06-15 12:51:29,S,252.9,1,5
2021-06-15 12:51:29,S,252.85,2,50
2021-06-15 12:51:29,S,252.8,3,331
2021-06-15 12:51:29,S,252.75,2,16
2021-06-15 12:51:31,S,253.75,4,22
2021-06-15 12:51:31,S,254.0,2,7
2021-06-15 12:51:31,S,254.05,2,8
2021-06-15 12:51:31,S,254.1,1,3
2021-06-15 12:51:31,S,254.2,1,3
2021-06-15 12:51:31,S,253.0,3,523
2021-06-15 12:51:31,S,252.9,1,5
2021-06-15 12:51:31,S,252.85,2,50
2021-06-15 12:51:31,S,252.8,3,331
2021-06-15 12:51:31,S,252.75,2,16
2021-06-15 12:51:34,S,253.75,4,22
2021-06-15 12:51:34,S,254.0,2,7
2021-06-15 12:51:34,S,254.05,2,8
2021-06-15 12:51:34,S,254.1,1,3
2021-06-15 12:51:34,S,254.2,1,3
2021-06-15 12:51:34,S,253.0,3,523
2021-06-15 12:51:34,S,252.9,1,5
2021-06-15 12:51:34,S,252.85,2,50
2021-06-15 12:51:34,S,252.8,3,331
2021-06-15 12:51:34,S,252.75,2,16
2021-06-15 12:51:35,S,253.4,2,11
2021-06-15 12:51:35,S,253.75,2,11
2021-06-15 12:51:35,S,254.0,2,7
2021-06-15 12:51:35,S,254.05,2,8
2021-06-15 12:51:35,S,254.1,1,3
2021-06-15 12:51:35,S,253.0,3,523
2021-06-15 12:51:35,S,252.9,1,5
2021-06-15 12:51:35,S,252.85,2,50
2021-06-15 12:51:35,S,252.8,2,329
2021-06-15 12:51:35,S,252.75,2,16
2021-06-15 12:51:38,S,253.4,2,11
2021-06-15 12:51:38,S,253.75,2,11
2021-06-15 12:51:38,S,254.0,2,7
2021-06-15 12:51:38,S,254.05,2,8
2021-06-15 12:51:38,S,254.1,1,3
2021-06-15 12:51:38,S,253.0,3,523
2021-06-15 12:51:38,S,252.9,1,5
2021-06-15 12:51:38,S,252.85,2,50
2021-06-15 12:51:38,S,252.8,2,329
2021-06-15 12:51:38,S,252.75,2,16
2021-06-15 12:51:40,S,253.75,2,11
2021-06-15 12:51:40,S,254.0,2,7
2021-06-15 12:51:40,S,254.05,2,8
2021-06-15 12:51:40,S,254.1,1,3
2021-06-15 12:51:40,S,254.2,1,3
2021-06-15 12:51:40,S,253.0,2,414
2021-06-15 12:51:40,S,252.9,1,5
2021-06-15 12:51:40,S,252.85,2,50
2021-06-15 12:51:40,S,252.8,3,331
2021-06-15 12:51:40,S,252.75,2,16
2021-06-15 12:51:47,S,253.75,4,23
2021-06-15 12:51:47,S,254.0,2,7
2021-06-15 12:51:47,S,254.05,2,8
2021-06-15 12:51:47,S,254.1,1,3
2021-06-15 12:51:47,S,254.2,1,3
2021-06-15 12:51:47,S,253.0,2,414
2021-06-15 12:51:47,S,252.9,1,5
2021-06-15 12:51:47,S,252.85,2,50
2021-06-15 12:51:47,S,252.8,3,331
2021-06-15 12:51:47,S,252.75,2,16
2021-06-15 12:51:51,S,253.4,2,7
2021-06-15 12:51:51,S,253.75,2,11
2021-06-15 12:51:51,S,254.0,2,7
2021-06-15 12:51:51,S,254.05,2,8
2021-06-15 12:51:51,S,254.1,1,3
2021-06-15 12:51:51,S,253.0,2,414
2021-06-15 12:51:51,S,252.9,1,5
2021-06-15 12:51:51,S,252.85,2,50
2021-06-15 12:51:51,S,252.8,2,329
2021-06-15 12:51:51,S,252.75,2,16
2021-06-15 12:51:50,S,253.75,4,23
2021-06-15 12:51:50,S,254.0,2,7
2021-06-15 12:51:50,S,254.05,2,8
2021-06-15 12:51:50,S,254.1,1,3
2021-06-15 12:51:50,S,254.2,1,3
2021-06-15 12:51:50,S,253.0,2,414
2021-06-15 12:51:50,S,252.9,1,5
2021-06-15 12:51:50,S,252.85,2,50
2021-06-15 12:51:50,S,252.8,3,331
2021-06-15 12:51:50,S,252.75,2,16
2021-06-15 12:51:52,S,253.4,2,7
2021-06-15 12:51:52,S,253.75,2,11
2021-06-15 12:51:52,S,254.0,2,7
2021-06-15 12:51:52,S,254.05,2,8
2021-06-15 12:51:52,S,254.1,1,3
2021-06-15 12:51:52,S,253.0,2,414
2021-06-15 12:51:52,S,252.9,1,5
2021-06-15 12:51:52,S,252.85,2,50
2021-06-15 12:51:52,S,252.8,2,329
2021-06-15 12:51:52,S,252.75,2,16
2021-06-15 12:51:54,S,253.4,2,5
2021-06-15 12:51:54,S,253.75,2,11
2021-06-15 12:51:54,S,254.1,2,9
2021-06-15 12:51:54,S,254.2,1,3
2021-06-15 12:51:54,S,254.25,1,1
2021-06-15 12:51:54,S,253.1,1,1
2021-06-15 12:51:54,S,253.0,2,414
2021-06-15 12:51:54,S,252.85,3,73
2021-06-15 12:51:54,S,252.8,2,329
2021-06-15 12:51:54,S,252.75,1,6
2021-06-15 12:51:56,S,253.1,1,1
2021-06-15 12:51:56,S,253.75,2,11
2021-06-15 12:51:56,S,254.1,2,9
2021-06-15 12:51:56,S,254.2,1,3
2021-06-15 12:51:56,S,254.3,4,35
2021-06-15 12:51:56,S,253.0,2,414
2021-06-15 12:51:56,S,252.95,1,13
2021-06-15 12:51:56,S,252.9,1,5
2021-06-15 12:51:56,S,252.85,2,50
2021-06-15 12:51:56,S,252.8,2,329
2021-06-15 12:52:00,S,254.05,2,11
2021-06-15 12:52:00,S,254.1,2,9
2021-06-15 12:52:00,S,254.15,2,6
2021-06-15 12:52:00,S,254.3,3,32
2021-06-15 12:52:00,S,254.35,1,49
2021-06-15 12:52:00,S,253.05,2,8
2021-06-15 12:52:00,S,253.0,2,412
2021-06-15 12:52:00,S,252.9,1,6
2021-06-15 12:52:00,S,252.85,2,50
2021-06-15 12:52:00,S,252.8,2,329
2021-06-15 13:58:45,S,250.0,3,15
2021-06-15 13:58:45,S,250.5,2,4
2021-06-15 13:58:45,S,250.55,2,11
2021-06-15 13:58:45,S,250.65,2,14
2021-06-15 13:58:45,S,250.75,1,5
2021-06-15 13:58:45,S,249.7,2,5
2021-06-15 13:58:45,S,249.65,3,59
2021-06-15 13:58:45,S,249.35,2,34
2021-06-15 13:58:45,S,249.25,2,69
2021-06-15 13:58:45,S,249.15,2,16
2021-06-15 13:58:52,S,250.0,3,15
2021-06-15 13:58:52,S,250.5,2,4
2021-06-15 13:58:52,S,250.55,2,11
2021-06-15 13:58:52,S,250.65,2,14
2021-06-15 13:58:52,S,250.75,1,5
2021-06-15 13:58:52,S,249.7,1,2
2021-06-15 13:58:52,S,249.65,2,46
2021-06-15 13:58:52,S,249.35,2,34
2021-06-15 13:58:52,S,249.25,2,69
2021-06-15 13:58:52,S,249.15,2,16
2021-06-15 13:59:07,S,250.0,3,15
2021-06-15 13:59:07,S,250.55,2,11
2021-06-15 13:59:07,S,250.6,2,4
2021-06-15 13:59:07,S,250.65,2,14
2021-06-15 13:59:07,S,250.7,1,20
2021-06-15 13:59:07,S,249.7,1,2
2021-06-15 13:59:07,S,249.65,2,46
2021-06-15 13:59:07,S,249.6,2,16
2021-06-15 13:59:07,S,249.5,1,98
2021-06-15 13:59:07,S,249.35,2,34
2021-06-15 13:59:09,S,250.0,3,15
2021-06-15 13:59:09,S,250.55,2,11
2021-06-15 13:59:09,S,250.6,2,4
2021-06-15 13:59:09,S,250.65,2,14
2021-06-15 13:59:09,S,250.7,1,20
2021-06-15 13:59:09,S,249.7,1,2
2021-06-15 13:59:09,S,249.65,2,46
2021-06-15 13:59:09,S,249.6,2,16
2021-06-15 13:59:09,S,249.5,1,98
2021-06-15 13:59:09,S,249.35,2,34
2021-06-15 13:59:21,S,250.0,3,21
2021-06-15 13:59:21,S,250.55,2,11
2021-06-15 13:59:21,S,250.65,3,17
2021-06-15 13:59:21,S,250.7,1,3
2021-06-15 13:59:21,S,250.75,1,5
2021-06-15 13:59:21,S,249.7,1,2
2021-06-15 13:59:21,S,249.65,1,25
2021-06-15 13:59:21,S,249.5,2,125
2021-06-15 13:59:21,S,249.35,2,34
2021-06-15 13:59:21,S,249.25,2,69
2021-06-15 13:59:44,S,250.0,3,21
2021-06-15 13:59:44,S,250.55,2,11
2021-06-15 13:59:44,S,250.65,3,17
2021-06-15 13:59:44,S,250.7,1,3
2021-06-15 13:59:44,S,250.75,1,5
2021-06-15 13:59:44,S,249.7,2,3
2021-06-15 13:59:44,S,249.65,2,36
2021-06-15 13:59:44,S,249.6,2,37
2021-06-15 13:59:44,S,249.5,2,125
2021-06-15 13:59:44,S,249.35,2,34
2021-06-15 14:00:09,S,250.0,3,21
2021-06-15 14:00:09,S,250.55,2,11
2021-06-15 14:00:09,S,250.65,3,17
2021-06-15 14:00:09,S,250.7,1,3
2021-06-15 14:00:09,S,250.75,1,5
2021-06-15 14:00:09,S,249.7,2,3
2021-06-15 14:00:09,S,249.65,2,36
2021-06-15 14:00:09,S,249.6,2,37
2021-06-15 14:00:09,S,249.5,2,125
2021-06-15 14:00:09,S,249.35,2,34
2021-06-15 14:00:15,S,250.0,3,21
2021-06-15 14:00:15,S,250.55,2,11
2021-06-15 14:00:15,S,250.65,3,17
2021-06-15 14:00:15,S,250.7,1,3
2021-06-15 14:00:15,S,250.75,1,5
2021-06-15 14:00:15,S,249.7,2,3
2021-06-15 14:00:15,S,249.65,2,36
2021-06-15 14:00:15,S,249.6,2,37
2021-06-15 14:00:15,S,249.5,2,125
2021-06-15 14:00:15,S,249.35,2,34
2021-06-15 14:00:20,S,250.0,3,21
2021-06-15 14:00:20,S,250.55,2,11
2021-06-15 14:00:20,S,250.65,3,17
2021-06-15 14:00:20,S,250.7,1,3
2021-06-15 14:00:20,S,250.75,1,5
2021-06-15 14:00:20,S,249.7,1,1
2021-06-15 14:00:20,S,249.65,1,25
2021-06-15 14:00:20,S,249.5,2,125
2021-06-15 14:00:20,S,249.35,2,34
2021-06-15 14:00:20,S,249.25,2,69
2021-06-15 14:00:28,S,249.8,1,50
2021-06-15 14:00:28,S,250.0,5,42
2021-06-15 14:00:28,S,250.55,2,11
2021-06-15 14:00:28,S,250.65,3,17
2021-06-15 14:00:28,S,250.7,1,3
2021-06-15 14:00:28,S,249.7,1,1
2021-06-15 14:00:28,S,249.65,1,25
2021-06-15 14:00:28,S,249.5,2,125
2021-06-15 14:00:28,S,249.15,2,16
2021-06-15 14:00:28,S,249.1,2,27
2021-06-15 14:00:36,S,249.8,1,50
2021-06-15 14:00:36,S,250.0,4,29
2021-06-15 14:00:36,S,250.25,2,18
2021-06-15 14:00:36,S,250.55,2,11
2021-06-15 14:00:36,S,250.65,3,17
2021-06-15 14:00:36,S,249.7,1,1
2021-06-15 14:00:36,S,249.65,1,25
2021-06-15 14:00:36,S,249.5,2,125
2021-06-15 14:00:36,S,249.15,2,16
2021-06-15 14:00:36,S,249.1,2,27
2021-06-15 14:00:39,S,249.8,1,50
2021-06-15 14:00:39,S,250.0,5,42
2021-06-15 14:00:39,S,250.25,2,18
2021-06-15 14:00:39,S,250.3,2,40
2021-06-15 14:00:39,S,250.35,1,59
2021-06-15 14:00:39,S,249.7,1,1
2021-06-15 14:00:39,S,249.65,1,25
2021-06-15 14:00:39,S,249.5,2,125
2021-06-15 14:00:39,S,249.15,2,16
2021-06-15 14:00:39,S,249.1,2,27
2021-06-15 14:00:41,S,249.8,1,50
2021-06-15 14:00:41,S,250.0,5,42
2021-06-15 14:00:41,S,250.25,2,18
2021-06-15 14:00:41,S,250.3,2,40
2021-06-15 14:00:41,S,250.35,1,59
2021-06-15 14:00:41,S,249.7,1,1
2021-06-15 14:00:41,S,249.65,1,25
2021-06-15 14:00:41,S,249.5,2,125
2021-06-15 14:00:41,S,249.15,2,16
2021-06-15 14:00:41,S,249.1,2,27
2021-06-15 14:00:49,S,249.8,1,50
2021-06-15 14:00:49,S,250.0,5,42
2021-06-15 14:00:49,S,250.25,2,18
2021-06-15 14:00:49,S,250.3,2,40
2021-06-15 14:00:49,S,250.35,1,59
2021-06-15 14:00:49,S,249.7,1,1
2021-06-15 14:00:49,S,249.65,1,25
2021-06-15 14:00:49,S,249.5,2,125
2021-06-15 14:00:49,S,249.15,2,16
2021-06-15 14:00:49,S,249.1,2,27
2021-06-15 14:00:50,S,249.35,1,1
2021-06-15 14:00:50,S,249.4,2,21
2021-06-15 14:00:50,S,249.45,1,9
2021-06-15 14:00:50,S,249.5,2,205
2021-06-15 14:00:50,S,249.75,2,23
2021-06-15 14:00:50,S,249.15,1,1
2021-06-15 14:00:50,S,249.1,1,5
2021-06-15 14:00:50,S,249.05,2,60
2021-06-15 14:00:50,S,249.0,1,60
2021-06-15 14:00:50,S,248.9,1,30
2021-06-15 14:01:03,S,249.35,1,1
2021-06-15 14:01:03,S,249.4,2,21
2021-06-15 14:01:03,S,249.45,1,9
2021-06-15 14:01:03,S,249.5,2,205
2021-06-15 14:01:03,S,249.75,2,23
2021-06-15 14:01:03,S,249.15,1,1
2021-06-15 14:01:03,S,249.1,1,5
2021-06-15 14:01:03,S,249.05,2,60
2021-06-15 14:01:03,S,249.0,1,60
2021-06-15 14:01:03,S,248.9,1,30
2021-06-15 14:01:04,S,249.35,1,1
2021-06-15 14:01:04,S,249.4,2,21
2021-06-15 14:01:04,S,249.45,1,9
2021-06-15 14:01:04,S,249.5,2,205
2021-06-15 14:01:04,S,249.75,2,23
2021-06-15 14:01:04,S,249.15,1,1
2021-06-15 14:01:04,S,249.1,1,5
2021-06-15 14:01:04,S,249.05,2,60
2021-06-15 14:01:04,S,249.0,1,60
2021-06-15 14:01:04,S,248.9,1,30
2021-06-15 14:01:05,S,249.3,2,7
2021-06-15 14:01:05,S,249.35,2,22
2021-06-15 14:01:05,S,249.5,2,205
2021-06-15 14:01:05,S,249.75,1,3
2021-06-15 14:01:05,S,249.8,2,65
2021-06-15 14:01:05,S,249.05,1,16
2021-06-15 14:01:05,S,249.0,1,60
2021-06-15 14:01:05,S,248.9,1,30
2021-06-15 14:01:05,S,248.6,1,9
2021-06-15 14:01:05,S,248.5,1,1
2021-06-15 14:01:07,S,249.3,2,7
2021-06-15 14:01:07,S,249.35,2,22
2021-06-15 14:01:07,S,249.45,1,20
2021-06-15 14:01:07,S,249.5,2,205
2021-06-15 14:01:07,S,249.6,1,9
2021-06-15 14:01:07,S,249.05,1,16
2021-06-15 14:01:07,S,249.0,1,60
2021-06-15 14:01:07,S,248.9,2,55
2021-06-15 14:01:07,S,248.6,1,9
2021-06-15 14:01:07,S,248.5,1,1
2021-06-15 14:01:25,S,249.3,2,7
2021-06-15 14:01:25,S,249.35,2,22
2021-06-15 14:01:25,S,249.45,1,20
2021-06-15 14:01:25,S,249.5,2,205
2021-06-15 14:01:25,S,249.6,1,9
2021-06-15 14:01:25,S,249.05,1,16
2021-06-15 14:01:25,S,249.0,1,60
2021-06-15 14:01:25,S,248.9,2,55
2021-06-15 14:01:25,S,248.6,1,9
2021-06-15 14:01:25,S,248.5,1,1
2021-06-15 14:01:27,S,249.45,2,5
2021-06-15 14:01:27,S,249.5,1,4
2021-06-15 14:01:27,S,249.55,1,4
2021-06-15 14:01:27,S,249.6,2,13
2021-06-15 14:01:27,S,249.65,2,16
2021-06-15 14:01:27,S,249.05,1,17
2021-06-15 14:01:27,S,249.0,1,60
2021-06-15 14:01:27,S,248.9,3,77
2021-06-15 14:01:27,S,248.65,1,9
2021-06-15 14:01:27,S,248.5,2,2
2021-06-15 14:01:31,S,249.55,3,21
2021-06-15 14:01:31,S,249.6,2,13
2021-06-15 14:01:31,S,249.65,2,16
2021-06-15 14:01:31,S,249.7,2,14
2021-06-15 14:01:31,S,249.75,2,25
2021-06-15 14:01:31,S,249.05,2,28
2021-06-15 14:01:31,S,249.0,1,60
2021-06-15 14:01:31,S,248.9,2,55
2021-06-15 14:01:31,S,248.65,1,9
2021-06-15 14:01:31,S,248.55,1,1
2021-06-15 14:01:34,S,249.65,2,5
2021-06-15 14:01:34,S,249.8,2,57
2021-06-15 14:01:34,S,250.0,4,29
2021-06-15 14:01:34,S,250.2,1,1
2021-06-15 14:01:34,S,250.25,2,18
2021-06-15 14:01:34,S,249.2,2,13
2021-06-15 14:01:34,S,249.15,1,15
2021-06-15 14:01:34,S,249.05,2,28
2021-06-15 14:01:34,S,249.0,2,75
2021-06-15 14:01:34,S,248.95,1,5
2021-06-15 14:01:37,S,249.75,2,5
2021-06-15 14:01:37,S,249.8,2,57
2021-06-15 14:01:37,S,249.9,3,18
2021-06-15 14:01:37,S,250.0,5,34
2021-06-15 14:01:37,S,250.05,1,1
2021-06-15 14:01:37,S,249.1,2,4
2021-06-15 14:01:37,S,249.05,3,46
2021-06-15 14:01:37,S,249.0,2,75
2021-06-15 14:01:37,S,248.95,2,14
2021-06-15 14:01:37,S,248.9,1,30
2021-06-15 14:01:39,S,249.75,2,5
2021-06-15 14:01:39,S,249.8,2,57
2021-06-15 14:01:39,S,249.9,2,9
2021-06-15 14:01:39,S,249.95,1,20
2021-06-15 14:01:39,S,250.0,6,43
2021-06-15 14:01:39,S,249.1,2,4
2021-06-15 14:01:39,S,249.05,3,46
2021-06-15 14:01:39,S,249.0,2,75
2021-06-15 14:01:39,S,248.95,2,14
2021-06-15 14:01:39,S,248.9,1,30
2021-06-15 14:01:45,S,249.75,2,5
2021-06-15 14:01:45,S,249.8,2,57
2021-06-15 14:01:45,S,249.9,2,9
2021-06-15 14:01:45,S,249.95,1,20
2021-06-15 14:01:45,S,250.0,6,43
2021-06-15 14:01:45,S,249.1,2,3
2021-06-15 14:01:45,S,249.05,3,46
2021-06-15 14:01:45,S,249.0,2,75
2021-06-15 14:01:45,S,248.95,2,14
2021-06-15 14:01:45,S,248.9,1,30
2021-06-15 14:01:51,S,249.75,2,5
2021-06-15 14:01:51,S,249.8,2,57
2021-06-15 14:01:51,S,249.9,2,9
2021-06-15 14:01:51,S,250.0,6,43
2021-06-15 14:01:51,S,250.05,1,1
2021-06-15 14:01:51,S,249.1,2,3
2021-06-15 14:01:51,S,249.05,3,46
2021-06-15 14:01:51,S,249.0,2,75
2021-06-15 14:01:51,S,248.95,2,14
2021-06-15 14:01:51,S,248.9,1,30
2021-06-15 14:01:53,S,249.75,2,5
2021-06-15 14:01:53,S,249.8,2,57
2021-06-15 14:01:53,S,249.9,2,9
2021-06-15 14:01:53,S,249.95,1,20
2021-06-15 14:01:53,S,250.0,6,43
2021-06-15 14:01:53,S,249.2,1,1
2021-06-15 14:01:53,S,249.15,1,2
2021-06-15 14:01:53,S,249.1,1,2
2021-06-15 14:01:53,S,249.05,3,46
2021-06-15 14:01:53,S,249.0,3,80
2021-06-15 14:01:57,S,249.75,2,5
2021-06-15 14:01:57,S,249.8,2,57
2021-06-15 14:01:57,S,249.9,2,9
2021-06-15 14:01:57,S,249.95,1,20
2021-06-15 14:01:57,S,250.0,6,43
2021-06-15 14:01:57,S,249.2,3,16
2021-06-15 14:01:57,S,249.15,1,2
2021-06-15 14:01:57,S,249.1,1,2
2021-06-15 14:01:57,S,249.05,3,46
2021-06-15 14:01:57,S,249.0,3,80
2021-06-15 14:02:00,S,249.75,2,5
2021-06-15 14:02:00,S,249.8,2,57
2021-06-15 14:02:00,S,249.9,2,9
2021-06-15 14:02:00,S,249.95,1,20
2021-06-15 14:02:00,S,250.0,6,43
2021-06-15 14:02:00,S,249.1,2,3
2021-06-15 14:02:00,S,249.05,3,46
2021-06-15 14:02:00,S,249.0,3,80
2021-06-15 14:02:00,S,248.95,2,14
2021-06-15 14:02:00,S,248.9,1,30
2021-06-15 14:02:06,S,249.75,2,5
2021-06-15 14:02:06,S,249.8,2,57
2021-06-15 14:02:06,S,249.9,2,9
2021-06-15 14:02:06,S,249.95,1,20
2021-06-15 14:02:06,S,250.0,6,43
2021-06-15 14:02:06,S,249.15,1,1
2021-06-15 14:02:06,S,249.1,1,2
2021-06-15 14:02:06,S,249.05,3,46
2021-06-15 14:02:06,S,249.0,3,80
2021-06-15 14:02:06,S,248.95,2,14
2021-06-15 14:02:07,S,249.75,2,5
2021-06-15 14:02:07,S,249.8,2,57
2021-06-15 14:02:07,S,249.9,2,9
2021-06-15 14:02:07,S,249.95,1,20
2021-06-15 14:02:07,S,250.0,6,43
2021-06-15 14:02:07,S,249.15,1,1
2021-06-15 14:02:07,S,249.1,1,2
2021-06-15 14:02:07,S,249.05,3,46
2021-06-15 14:02:07,S,249.0,3,80
2021-06-15 14:02:07,S,248.95,2,14
2021-06-15 14:02:09,S,249.85,1,1
2021-06-15 14:02:09,S,249.9,2,9
2021-06-15 14:02:09,S,249.95,3,22
2021-06-15 14:02:09,S,250.0,5,38
2021-06-15 14:02:09,S,250.05,1,5
2021-06-15 14:02:09,S,249.05,3,27
2021-06-15 14:02:09,S,249.0,3,85
2021-06-15 14:02:09,S,248.95,2,10
2021-06-15 14:02:09,S,248.9,2,31
2021-06-15 14:02:09,S,248.85,2,62
2021-06-15 14:02:22,S,249.85,1,1
2021-06-15 14:02:22,S,249.9,2,9
2021-06-15 14:02:22,S,249.95,3,22
2021-06-15 14:02:22,S,250.0,5,38
2021-06-15 14:02:22,S,250.05,1,5
2021-06-15 14:02:22,S,249.05,3,27
2021-06-15 14:02:22,S,249.0,3,85
2021-06-15 14:02:22,S,248.95,2,10
2021-06-15 14:02:22,S,248.9,2,31
2021-06-15 14:02:22,S,248.85,3,71
2021-06-15 14:02:37,S,249.85,2,6
2021-06-15 14:02:37,S,249.9,2,9
2021-06-15 14:02:37,S,249.95,3,22
2021-06-15 14:02:37,S,250.0,5,38
2021-06-15 14:02:37,S,250.15,1,1
2021-06-15 14:02:37,S,249.05,3,27
2021-06-15 14:02:37,S,249.0,3,85
2021-06-15 14:02:37,S,248.95,3,15
2021-06-15 14:02:37,S,248.9,2,31
2021-06-15 14:02:37,S,248.85,2,66
2021-06-15 14:02:40,S,249.85,2,6
2021-06-15 14:02:40,S,249.9,2,9
2021-06-15 14:02:40,S,249.95,3,22
2021-06-15 14:02:40,S,250.0,5,38
2021-06-15 14:02:40,S,250.1,1,1
2021-06-15 14:02:40,S,249.05,3,27
2021-06-15 14:02:40,S,249.0,3,85
2021-06-15 14:02:40,S,248.95,3,15
2021-06-15 14:02:40,S,248.9,2,31
2021-06-15 14:02:40,S,248.85,2,66
2021-06-15 14:03:13,S,249.85,2,6
2021-06-15 14:03:13,S,249.9,2,9
2021-06-15 14:03:13,S,249.95,3,22
2021-06-15 14:03:13,S,250.0,5,38
2021-06-15 14:03:13,S,250.1,1,1
2021-06-15 14:03:13,S,249.05,2,22
2021-06-15 14:03:13,S,249.0,3,85
2021-06-15 14:03:13,S,248.95,4,29
2021-06-15 14:03:13,S,248.9,2,31
2021-06-15 14:03:13,S,248.85,3,71
2021-06-15 14:03:15,S,249.85,2,6
2021-06-15 14:03:15,S,249.9,2,9
2021-06-15 14:03:15,S,249.95,3,22
2021-06-15 14:03:15,S,250.0,5,38
2021-06-15 14:03:15,S,250.1,1,1
2021-06-15 14:03:15,S,249.05,1,20
2021-06-15 14:03:15,S,249.0,3,85
2021-06-15 14:03:15,S,248.95,4,29
2021-06-15 14:03:15,S,248.9,2,31
2021-06-15 14:03:15,S,248.85,3,71
2021-06-15 14:03:18,S,249.85,1,1
2021-06-15 14:03:18,S,249.9,2,9
2021-06-15 14:03:18,S,249.95,3,22
2021-06-15 14:03:18,S,250.0,4,29
2021-06-15 14:03:18,S,250.05,1,5
2021-06-15 14:03:18,S,249.2,1,13
2021-06-15 14:03:18,S,249.1,1,18
2021-06-15 14:03:18,S,249.05,1,20
2021-06-15 14:03:18,S,249.0,2,64
2021-06-15 14:03:18,S,248.95,4,29
2021-06-15 14:03:20,S,249.85,1,1
2021-06-15 14:03:20,S,249.9,2,9
2021-06-15 14:03:20,S,249.95,3,22
2021-06-15 14:03:20,S,250.0,4,29
2021-06-15 14:03:20,S,250.05,1,5
2021-06-15 14:03:20,S,249.1,1,18
2021-06-15 14:03:20,S,249.05,1,20
2021-06-15 14:03:20,S,249.0,2,64
2021-06-15 14:03:20,S,248.95,4,29
2021-06-15 14:03:20,S,248.9,2,31
2021-06-15 14:03:35,S,249.9,3,7
2021-06-15 14:03:35,S,249.95,3,22
2021-06-15 14:03:35,S,250.0,5,34
2021-06-15 14:03:35,S,250.1,1,1
2021-06-15 14:03:35,S,250.25,2,18
2021-06-15 14:03:35,S,249.1,1,18
2021-06-15 14:03:35,S,249.05,1,20
2021-06-15 14:03:35,S,249.0,2,64
2021-06-15 14:03:35,S,248.95,4,16
2021-06-15 14:03:35,S,248.9,1,30
2021-06-15 14:03:46,S,249.9,3,7
2021-06-15 14:03:46,S,249.95,3,22
2021-06-15 14:03:46,S,250.0,5,34
2021-06-15 14:03:46,S,250.1,1,1
2021-06-15 14:03:46,S,250.25,2,18
2021-06-15 14:03:46,S,249.1,1,18
2021-06-15 14:03:46,S,249.05,1,20
2021-06-15 14:03:46,S,249.0,2,64
2021-06-15 14:03:46,S,248.95,4,16
2021-06-15 14:03:46,S,248.9,1,30
2021-06-15 14:03:48,S,249.9,3,7
2021-06-15 14:03:48,S,249.95,3,22
2021-06-15 14:03:48,S,250.0,5,34
2021-06-15 14:03:48,S,250.1,1,1
2021-06-15 14:03:48,S,250.25,2,18
2021-06-15 14:03:48,S,249.1,1,18
2021-06-15 14:03:48,S,249.05,1,20
2021-06-15 14:03:48,S,249.0,2,64
2021-06-15 14:03:48,S,248.95,4,16
2021-06-15 14:03:48,S,248.9,1,30
2021-06-15 14:03:49,S,250.0,4,26
2021-06-15 14:03:49,S,250.15,1,12
2021-06-15 14:03:49,S,250.3,2,12
2021-06-15 14:03:49,S,250.4,2,12
2021-06-15 14:03:49,S,250.45,1,1
2021-06-15 14:03:49,S,249.5,1,2
2021-06-15 14:03:49,S,249.45,1,13
2021-06-15 14:03:49,S,249.2,1,5
2021-06-15 14:03:49,S,249.15,2,29
2021-06-15 14:03:49,S,249.1,3,50
2021-06-15 14:03:53,S,250.0,4,26
2021-06-15 14:03:53,S,250.25,2,6
2021-06-15 14:03:53,S,250.3,2,12
2021-06-15 14:03:53,S,250.4,2,12
2021-06-15 14:03:53,S,250.45,1,1
2021-06-15 14:03:53,S,249.35,1,2
2021-06-15 14:03:53,S,249.3,1,20
2021-06-15 14:03:53,S,249.25,1,54
2021-06-15 14:03:53,S,249.15,2,36
2021-06-15 14:03:53,S,249.1,3,50
2021-06-15 14:03:55,S,250.0,4,26
2021-06-15 14:03:55,S,250.25,2,6
2021-06-15 14:03:55,S,250.3,2,12
2021-06-15 14:03:55,S,250.4,2,12
2021-06-15 14:03:55,S,250.45,1,1
2021-06-15 14:03:55,S,249.5,1,2
2021-06-15 14:03:55,S,249.45,1,13
2021-06-15 14:03:55,S,249.3,1,20
2021-06-15 14:03:55,S,249.25,1,54
2021-06-15 14:03:55,S,249.15,2,36
2021-06-15 14:04:01,S,250.0,4,26
2021-06-15 14:04:01,S,250.25,2,6
2021-06-15 14:04:01,S,250.3,2,12
2021-06-15 14:04:01,S,250.35,1,20
2021-06-15 14:04:01,S,250.4,3,21
2021-06-15 14:04:01,S,249.35,1,2
2021-06-15 14:04:01,S,249.3,1,20
2021-06-15 14:04:01,S,249.25,1,54
2021-06-15 14:04:01,S,249.15,2,36
2021-06-15 14:04:01,S,249.1,3,50
2021-06-15 14:04:03,S,250.0,4,26
2021-06-15 14:04:03,S,250.25,2,6
2021-06-15 14:04:03,S,250.3,2,12
2021-06-15 14:04:03,S,250.35,1,20
2021-06-15 14:04:03,S,250.4,3,21
2021-06-15 14:04:03,S,249.35,1,2
2021-06-15 14:04:03,S,249.3,1,20
2021-06-15 14:04:03,S,249.25,1,54
2021-06-15 14:04:03,S,249.15,2,36
2021-06-15 14:04:03,S,249.1,3,50
2021-06-15 14:04:06,S,250.0,4,26
2021-06-15 14:04:06,S,250.25,2,6
2021-06-15 14:04:06,S,250.3,2,12
2021-06-15 14:04:06,S,250.35,1,20
2021-06-15 14:04:06,S,250.4,4,22
2021-06-15 14:04:06,S,249.35,1,2
2021-06-15 14:04:06,S,249.3,1,20
2021-06-15 14:04:06,S,249.25,1,54
2021-06-15 14:04:06,S,249.15,2,36
2021-06-15 14:04:06,S,249.1,3,50
2021-06-15 14:04:08,S,250.0,4,26
2021-06-15 14:04:08,S,250.25,2,6
2021-06-15 14:04:08,S,250.3,2,12
2021-06-15 14:04:08,S,250.35,1,20
2021-06-15 14:04:08,S,250.4,3,21
2021-06-15 14:04:08,S,249.35,1,2
2021-06-15 14:04:08,S,249.3,1,20
2021-06-15 14:04:08,S,249.25,1,54
2021-06-15 14:04:08,S,249.15,2,36
2021-06-15 14:04:08,S,249.1,3,50
2021-06-15 14:04:09,S,250.0,4,26
2021-06-15 14:04:09,S,250.25,2,6
2021-06-15 14:04:09,S,250.3,2,12
2021-06-15 14:04:09,S,250.35,1,20
2021-06-15 14:04:09,S,250.4,3,21
2021-06-15 14:04:09,S,249.35,1,2
2021-06-15 14:04:09,S,249.3,1,20
2021-06-15 14:04:09,S,249.25,1,54
2021-06-15 14:04:09,S,249.15,2,36
2021-06-15 14:04:09,S,249.1,3,50
2021-06-15 14:04:10,S,250.0,3,18
2021-06-15 14:04:10,S,250.25,2,6
2021-06-15 14:04:10,S,250.3,2,12
2021-06-15 14:04:10,S,250.4,2,12
2021-06-15 14:04:10,S,250.45,1,1
2021-06-15 14:04:10,S,249.5,1,2
2021-06-15 14:04:10,S,249.45,1,13
2021-06-15 14:04:10,S,249.3,1,20
2021-06-15 14:04:10,S,249.25,1,54
2021-06-15 14:04:10,S,249.15,2,36
2021-06-15 14:04:13,S,250.0,3,18
2021-06-15 14:04:13,S,250.25,2,6
2021-06-15 14:04:13,S,250.3,2,12
2021-06-15 14:04:13,S,250.4,2,12
2021-06-15 14:04:13,S,250.45,1,1
2021-06-15 14:04:13,S,249.5,1,2
2021-06-15 14:04:13,S,249.45,1,13
2021-06-15 14:04:13,S,249.3,1,20
2021-06-15 14:04:13,S,249.25,1,54
2021-06-15 14:04:13,S,249.15,2,36
2021-06-15 14:04:13,S,250.75,2,6
2021-06-15 14:04:13,S,250.9,3,16
2021-06-15 14:04:13,S,250.95,4,18
2021-06-15 14:04:13,S,251.05,2,14
2021-06-15 14:04:13,S,251.1,1,20
2021-06-15 14:04:13,S,250.05,1,2
2021-06-15 14:04:13,S,250.0,1,2
2021-06-15 14:04:13,S,249.8,1,9
2021-06-15 14:04:13,S,249.6,1,1
2021-06-15 14:04:13,S,249.55,3,55
2021-06-15 14:04:14,S,250.75,2,6
2021-06-15 14:04:14,S,250.9,3,16
2021-06-15 14:04:14,S,250.95,4,18
2021-06-15 14:04:14,S,251.05,2,14
2021-06-15 14:04:14,S,251.1,1,20
2021-06-15 14:04:14,S,250.05,1,2
2021-06-15 14:04:14,S,250.0,1,2
2021-06-15 14:04:14,S,249.8,1,9
2021-06-15 14:04:14,S,249.6,1,1
2021-06-15 14:04:14,S,249.55,3,55
2021-06-15 14:04:16,S,250.0,1,4
2021-06-15 14:04:16,S,250.5,4,12
2021-06-15 14:04:16,S,250.55,3,18
2021-06-15 14:04:16,S,250.6,3,14
2021-06-15 14:04:16,S,250.7,2,24
2021-06-15 14:04:16,S,249.4,1,12
2021-06-15 14:04:16,S,249.3,2,23
2021-06-15 14:04:16,S,249.25,2,80
2021-06-15 14:04:16,S,249.15,3,41
2021-06-15 14:04:16,S,249.1,2,45
2021-06-15 14:04:18,S,250.5,3,11
2021-06-15 14:04:18,S,250.55,3,10
2021-06-15 14:04:18,S,250.6,3,14
2021-06-15 14:04:18,S,250.7,2,24
2021-06-15 14:04:18,S,250.75,3,61
2021-06-15 14:04:18,S,249.45,3,15
2021-06-15 14:04:18,S,249.35,1,5
2021-06-15 14:04:18,S,249.3,1,20
2021-06-15 14:04:18,S,249.25,3,85
2021-06-15 14:04:18,S,249.15,3,41
2021-06-15 14:04:21,S,250.0,1,6
2021-06-15 14:04:21,S,250.5,3,11
2021-06-15 14:04:21,S,250.55,4,19
2021-06-15 14:04:21,S,250.6,3,14
2021-06-15 14:04:21,S,250.7,2,24
2021-06-15 14:04:21,S,249.4,2,15
2021-06-15 14:04:21,S,249.3,2,33
2021-06-15 14:04:21,S,249.25,2,80
2021-06-15 14:04:21,S,249.15,3,41
2021-06-15 14:04:21,S,249.1,2,45
2021-06-15 14:04:32,S,249.95,1,2
2021-06-15 14:04:32,S,250.0,3,20
2021-06-15 14:04:32,S,250.5,3,10
2021-06-15 14:04:32,S,250.55,3,18
2021-06-15 14:04:32,S,250.6,3,14
2021-06-15 14:04:32,S,249.3,1,20
2021-06-15 14:04:32,S,249.25,2,80
2021-06-15 14:04:32,S,249.15,2,32
2021-06-15 14:04:32,S,249.1,2,45
2021-06-15 14:04:32,S,249.05,1,5
2021-06-15 14:04:36,S,249.95,1,2
2021-06-15 14:04:36,S,250.0,3,20
2021-06-15 14:04:36,S,250.5,3,10
2021-06-15 14:04:36,S,250.55,3,18
2021-06-15 14:04:36,S,250.6,3,14
2021-06-15 14:04:36,S,249.3,1,20
2021-06-15 14:04:36,S,249.25,2,80
2021-06-15 14:04:36,S,249.15,2,32
2021-06-15 14:04:36,S,249.1,2,45
2021-06-15 14:04:36,S,249.05,1,5
2021-06-15 14:04:38,S,250.0,3,17
2021-06-15 14:04:38,S,250.45,1,1
2021-06-15 14:04:38,S,250.5,2,6
2021-06-15 14:04:38,S,250.55,2,15
2021-06-15 14:04:38,S,250.7,2,24
2021-06-15 14:04:38,S,249.35,1,1
2021-06-15 14:04:38,S,249.3,2,37
2021-06-15 14:04:38,S,249.25,2,80
2021-06-15 14:04:38,S,249.15,3,41
2021-06-15 14:04:38,S,249.1,2,45
2021-06-15 14:04:41,S,249.95,1,1
2021-06-15 14:04:41,S,250.0,3,17
2021-06-15 14:04:41,S,250.3,2,14
2021-06-15 14:04:41,S,250.5,2,6
2021-06-15 14:04:41,S,250.55,2,15
2021-06-15 14:04:41,S,249.35,1,1
2021-06-15 14:04:41,S,249.3,1,20
2021-06-15 14:04:41,S,249.25,2,80
2021-06-15 14:04:41,S,249.15,3,41
2021-06-15 14:04:41,S,249.1,2,45
2021-06-15 14:04:42,S,249.95,1,1
2021-06-15 14:04:42,S,250.0,3,17
2021-06-15 14:04:42,S,250.3,2,14
2021-06-15 14:04:42,S,250.5,2,6
2021-06-15 14:04:42,S,250.55,2,15
2021-06-15 14:04:42,S,249.35,1,1
2021-06-15 14:04:42,S,249.3,1,20
2021-06-15 14:04:42,S,249.25,2,80
2021-06-15 14:04:42,S,249.15,3,41
2021-06-15 14:04:42,S,249.1,2,45
2021-06-15 14:04:44,S,250.0,3,17
2021-06-15 14:04:44,S,250.3,2,14
2021-06-15 14:04:44,S,250.5,2,6
2021-06-15 14:04:44,S,250.55,2,15
2021-06-15 14:04:44,S,250.7,2,24
2021-06-15 14:04:44,S,249.35,1,1
2021-06-15 14:04:44,S,249.3,2,34
2021-06-15 14:04:44,S,249.25,2,80
2021-06-15 14:04:44,S,249.15,3,41
2021-06-15 14:04:44,S,249.1,2,45
2021-06-15 14:04:47,S,250.0,4,23
2021-06-15 14:04:47,S,250.3,2,14
2021-06-15 14:04:47,S,250.5,2,6
2021-06-15 14:04:47,S,250.55,2,15
2021-06-15 14:04:47,S,250.7,2,24
2021-06-15 14:04:47,S,249.35,1,1
2021-06-15 14:04:47,S,249.3,2,34
2021-06-15 14:04:47,S,249.25,2,80
2021-06-15 14:04:47,S,249.15,3,41
2021-06-15 14:04:47,S,249.1,2,45
2021-06-15 14:04:48,S,250.0,4,23
2021-06-15 14:04:48,S,250.3,2,14
2021-06-15 14:04:48,S,250.5,2,6
2021-06-15 14:04:48,S,250.55,2,15
2021-06-15 14:04:48,S,250.7,2,24
2021-06-15 14:04:48,S,249.35,1,1
2021-06-15 14:04:48,S,249.3,2,34
2021-06-15 14:04:48,S,249.25,2,80
2021-06-15 14:04:48,S,249.15,3,41
2021-06-15 14:04:48,S,249.1,2,45
2021-06-15 14:04:50,S,250.0,4,22
2021-06-15 14:04:50,S,250.3,2,14
2021-06-15 14:04:50,S,250.5,2,6
2021-06-15 14:04:50,S,250.55,2,15
2021-06-15 14:04:50,S,250.7,2,24
2021-06-15 14:04:50,S,249.35,1,1
2021-06-15 14:04:50,S,249.3,2,34
2021-06-15 14:04:50,S,249.25,2,80
2021-06-15 14:04:50,S,249.15,3,41
2021-06-15 14:04:50,S,249.1,2,45
2021-06-15 14:04:52,S,250.0,4,22
2021-06-15 14:04:52,S,250.3,2,14
2021-06-15 14:04:52,S,250.5,2,6
2021-06-15 14:04:52,S,250.55,2,15
2021-06-15 14:04:52,S,250.7,2,24
2021-06-15 14:04:52,S,249.35,1,1
2021-06-15 14:04:52,S,249.3,2,34
2021-06-15 14:04:52,S,249.25,2,80
2021-06-15 14:04:52,S,249.15,3,41
2021-06-15 14:04:52,S,249.1,2,45
2021-06-15 14:04:55,S,250.0,4,22
2021-06-15 14:04:55,S,250.3,2,14
2021-06-15 14:04:55,S,250.5,2,6
2021-06-15 14:04:55,S,250.55,2,15
2021-06-15 14:04:55,S,250.7,2,24
2021-06-15 14:04:55,S,249.35,1,1
2021-06-15 14:04:55,S,249.3,2,34
2021-06-15 14:04:55,S,249.25,2,80
2021-06-15 14:04:55,S,249.15,3,41
2021-06-15 14:04:55,S,249.1,2,45
2021-06-15 14:04:57,S,250.0,4,21
2021-06-15 14:04:57,S,250.5,2,2
2021-06-15 14:04:57,S,250.55,2,15
2021-06-15 14:04:57,S,250.7,2,24
2021-06-15 14:04:57,S,250.75,3,60
2021-06-15 14:04:57,S,249.35,2,3
2021-06-15 14:04:57,S,249.3,2,34
2021-06-15 14:04:57,S,249.25,2,80
2021-06-15 14:04:57,S,249.15,3,41
2021-06-15 14:04:57,S,249.1,2,45
2021-06-15 14:05:00,S,250.0,1,6
2021-06-15 14:05:00,S,250.65,2,8
2021-06-15 14:05:00,S,250.7,2,24
2021-06-15 14:05:00,S,250.75,3,60
2021-06-15 14:05:00,S,250.8,1,9
2021-06-15 14:05:00,S,249.35,2,3
2021-06-15 14:05:00,S,249.3,2,34
2021-06-15 14:05:00,S,249.25,2,80
2021-06-15 14:05:00,S,249.15,3,41
2021-06-15 14:05:00,S,249.1,2,45
2021-06-15 14:05:03,S,250.0,2,14
2021-06-15 14:05:03,S,250.45,2,16
2021-06-15 14:05:03,S,250.6,2,5
2021-06-15 14:05:03,S,250.65,1,7
2021-06-15 14:05:03,S,250.7,2,24
2021-06-15 14:05:03,S,249.35,2,3
2021-06-15 14:05:03,S,249.3,2,34
2021-06-15 14:05:03,S,249.25,2,80
2021-06-15 14:05:03,S,249.15,3,41
2021-06-15 14:05:03,S,249.1,2,45
2021-06-15 14:05:03,S,250.0,2,14
2021-06-15 14:05:03,S,250.45,2,16
2021-06-15 14:05:03,S,250.6,2,5
2021-06-15 14:05:03,S,250.65,1,7
2021-06-15 14:05:03,S,250.7,2,24
2021-06-15 14:05:03,S,249.35,2,3
2021-06-15 14:05:03,S,249.3,2,34
2021-06-15 14:05:03,S,249.25,2,80
2021-06-15 14:05:03,S,249.15,3,41
2021-06-15 14:05:03,S,249.1,2,45
2021-06-15 14:05:05,S,250.0,2,13
2021-06-15 14:05:05,S,250.45,2,16
2021-06-15 14:05:05,S,250.6,2,5
2021-06-15 14:05:05,S,250.65,1,4
2021-06-15 14:05:05,S,250.7,2,24
2021-06-15 14:05:05,S,249.35,2,3
2021-06-15 14:05:05,S,249.3,2,34
2021-06-15 14:05:05,S,249.25,2,80
2021-06-15 14:05:05,S,249.15,3,41
2021-06-15 14:05:05,S,249.1,2,45
2021-06-15 14:05:06,S,250.0,2,13
2021-06-15 14:05:06,S,250.45,2,16
2021-06-15 14:05:06,S,250.6,2,5
2021-06-15 14:05:06,S,250.65,1,4
2021-06-15 14:05:06,S,250.7,2,24
2021-06-15 14:05:06,S,249.35,2,3
2021-06-15 14:05:06,S,249.3,2,34
2021-06-15 14:05:06,S,249.25,2,80
2021-06-15 14:05:06,S,249.15,3,41
2021-06-15 14:05:06,S,249.1,2,45
2021-06-15 14:05:07,S,250.55,2,15
2021-06-15 14:05:07,S,250.7,2,24
2021-06-15 14:05:07,S,250.75,3,60
2021-06-15 14:05:07,S,250.8,1,9
2021-06-15 14:05:07,S,250.85,1,5
2021-06-15 14:05:07,S,250.05,1,1
2021-06-15 14:05:07,S,250.0,1,50
2021-06-15 14:05:07,S,249.5,2,28
2021-06-15 14:05:07,S,249.3,2,34
2021-06-15 14:05:07,S,249.25,2,80
2021-06-15 14:05:08,S,250.55,2,15
2021-06-15 14:05:08,S,250.7,2,24
2021-06-15 14:05:08,S,250.75,3,60
2021-06-15 14:05:08,S,250.8,1,9
2021-06-15 14:05:08,S,250.85,1,5
2021-06-15 14:05:08,S,250.05,1,1
2021-06-15 14:05:08,S,250.0,1,50
2021-06-15 14:05:08,S,249.5,2,28
2021-06-15 14:05:08,S,249.3,2,34
2021-06-15 14:05:08,S,249.25,2,80
2021-06-15 14:05:10,S,250.45,2,4
2021-06-15 14:05:10,S,250.55,1,4
2021-06-15 14:05:10,S,250.65,1,5
2021-06-15 14:05:10,S,250.7,2,24
2021-06-15 14:05:10,S,250.75,3,60
2021-06-15 14:05:10,S,250.0,1,50
2021-06-15 14:05:10,S,249.35,2,14
2021-06-15 14:05:10,S,249.3,2,34
2021-06-15 14:05:10,S,249.25,2,80
2021-06-15 14:05:10,S,249.15,2,32
2021-06-15 14:05:11,S,250.45,2,4
2021-06-15 14:05:11,S,250.55,1,4
2021-06-15 14:05:11,S,250.65,1,5
2021-06-15 14:05:11,S,250.7,2,24
2021-06-15 14:05:11,S,250.75,3,60
2021-06-15 14:05:11,S,250.0,1,50
2021-06-15 14:05:11,S,249.35,2,14
2021-06-15 14:05:11,S,249.3,2,34
2021-06-15 14:05:11,S,249.25,2,80
2021-06-15 14:05:11,S,249.15,2,32
2021-06-15 14:05:12,S,250.35,2,4
2021-06-15 14:05:12,S,250.4,2,15
2021-06-15 14:05:12,S,250.7,2,24
2021-06-15 14:05:12,S,250.75,2,55
2021-06-15 14:05:12,S,250.8,2,14
2021-06-15 14:05:12,S,250.0,1,50
2021-06-15 14:05:12,S,249.7,2,33
2021-06-15 14:05:12,S,249.65,2,67
2021-06-15 14:05:12,S,249.6,1,9
2021-06-15 14:05:12,S,249.4,1,1
2021-06-15 14:05:13,S,250.35,2,4
2021-06-15 14:05:13,S,250.4,2,15
2021-06-15 14:05:13,S,250.7,2,24
2021-06-15 14:05:13,S,250.75,2,55
2021-06-15 14:05:13,S,250.8,2,14
2021-06-15 14:05:13,S,250.0,1,50
2021-06-15 14:05:13,S,249.7,2,33
2021-06-15 14:05:13,S,249.65,2,67
2021-06-15 14:05:13,S,249.6,1,9
2021-06-15 14:05:13,S,249.4,1,1
2021-06-15 14:05:14,S,250.35,2,4
2021-06-15 14:05:14,S,250.4,2,15
2021-06-15 14:05:14,S,250.7,2,24
2021-06-15 14:05:14,S,250.75,2,55
2021-06-15 14:05:14,S,250.8,2,14
2021-06-15 14:05:14,S,250.0,1,50
2021-06-15 14:05:14,S,249.7,2,33
2021-06-15 14:05:14,S,249.65,2,67
2021-06-15 14:05:14,S,249.6,1,9
2021-06-15 14:05:14,S,249.4,1,1
2021-06-15 14:05:15,S,250.3,2,4
2021-06-15 14:05:15,S,250.35,2,14
2021-06-15 14:05:15,S,250.45,2,9
2021-06-15 14:05:15,S,250.55,3,18
2021-06-15 14:05:15,S,250.6,1,1
2021-06-15 14:05:15,S,249.4,2,8
2021-06-15 14:05:15,S,249.35,3,18
2021-06-15 14:05:15,S,249.3,2,33
2021-06-15 14:05:15,S,249.25,3,85
2021-06-15 14:05:15,S,249.15,3,37
2021-06-15 14:05:21,S,249.95,1,1
2021-06-15 14:05:21,S,250.0,1,7
2021-06-15 14:05:21,S,250.3,2,23
2021-06-15 14:05:21,S,250.45,2,9
2021-06-15 14:05:21,S,250.5,1,1
2021-06-15 14:05:21,S,249.4,1,12
2021-06-15 14:05:21,S,249.3,2,33
2021-06-15 14:05:21,S,249.25,2,80
2021-06-15 14:05:21,S,249.15,3,37
2021-06-15 14:05:21,S,249.1,3,54
2021-06-15 14:05:28,S,249.95,1,1
2021-06-15 14:05:28,S,250.0,1,7
2021-06-15 14:05:28,S,250.3,2,23
2021-06-15 14:05:28,S,250.45,2,9
2021-06-15 14:05:28,S,250.5,1,1
2021-06-15 14:05:28,S,249.3,2,33
2021-06-15 14:05:28,S,249.25,2,80
2021-06-15 14:05:28,S,249.15,3,37
2021-06-15 14:05:28,S,249.1,3,54
2021-06-15 14:05:28,S,249.05,2,60
2021-06-15 14:05:30,S,249.95,1,1
2021-06-15 14:05:30,S,250.0,2,14
2021-06-15 14:05:30,S,250.45,2,9
2021-06-15 14:05:30,S,250.5,1,1
2021-06-15 14:05:30,S,250.55,3,18
2021-06-15 14:05:30,S,249.3,2,33
2021-06-15 14:05:30,S,249.25,2,80
2021-06-15 14:05:30,S,249.15,3,37
2021-06-15 14:05:30,S,249.1,3,54
2021-06-15 14:05:30,S,249.05,2,60
2021-06-15 14:05:33,S,249.95,1,1
2021-06-15 14:05:33,S,250.0,2,14
2021-06-15 14:05:33,S,250.45,2,9
2021-06-15 14:05:33,S,250.5,1,1
2021-06-15 14:05:33,S,250.55,3,18
2021-06-15 14:05:33,S,249.35,2,16
2021-06-15 14:05:33,S,249.3,2,33
2021-06-15 14:05:33,S,249.25,2,80
2021-06-15 14:05:33,S,249.15,3,37
2021-06-15 14:05:33,S,249.1,3,54
2021-06-15 14:05:36,S,249.95,1,1
2021-06-15 14:05:36,S,250.0,2,14
2021-06-15 14:05:36,S,250.45,2,9
2021-06-15 14:05:36,S,250.5,1,1
2021-06-15 14:05:36,S,250.55,3,18
2021-06-15 14:05:36,S,249.35,2,16
2021-06-15 14:05:36,S,249.3,2,33
2021-06-15 14:05:36,S,249.25,2,80
2021-06-15 14:05:36,S,249.15,3,37
2021-06-15 14:05:36,S,249.1,3,54
2021-06-15 14:05:37,S,250.0,2,12
2021-06-15 14:05:37,S,250.4,2,7
2021-06-15 14:05:37,S,250.45,2,9
2021-06-15 14:05:37,S,250.55,2,9
2021-06-15 14:05:37,S,250.65,2,8
2021-06-15 14:05:37,S,249.95,1,49
2021-06-15 14:05:37,S,249.4,2,37
2021-06-15 14:05:37,S,249.35,2,26
2021-06-15 14:05:37,S,249.3,1,13
2021-06-15 14:05:37,S,249.25,2,80
2021-06-15 14:05:47,S,250.0,3,19
2021-06-15 14:05:47,S,250.4,2,7
2021-06-15 14:05:47,S,250.45,2,9
2021-06-15 14:05:47,S,250.55,2,9
2021-06-15 14:05:47,S,250.65,2,8
2021-06-15 14:05:47,S,249.95,1,49
2021-06-15 14:05:47,S,249.4,2,37
2021-06-15 14:05:47,S,249.35,2,26
2021-06-15 14:05:47,S,249.25,2,80
2021-06-15 14:05:47,S,249.15,3,37
2021-06-15 14:05:50,S,250.0,3,19
2021-06-15 14:05:50,S,250.4,2,7
2021-06-15 14:05:50,S,250.45,2,9
2021-06-15 14:05:50,S,250.55,2,9
2021-06-15 14:05:50,S,250.65,2,8
2021-06-15 14:05:50,S,249.95,1,49
2021-06-15 14:05:50,S,249.4,2,37
2021-06-15 14:05:50,S,249.35,2,26
2021-06-15 14:05:50,S,249.25,2,80
2021-06-15 14:05:50,S,249.15,3,37
2021-06-15 14:05:52,S,250.0,3,16
2021-06-15 14:05:52,S,250.4,2,7
2021-06-15 14:05:52,S,250.45,2,9
2021-06-15 14:05:52,S,250.55,2,9
2021-06-15 14:05:52,S,250.65,2,8
2021-06-15 14:05:52,S,249.95,1,49
2021-06-15 14:05:52,S,249.4,2,37
2021-06-15 14:05:52,S,249.35,2,26
2021-06-15 14:05:52,S,249.25,2,80
2021-06-15 14:05:52,S,249.15,3,37
2021-06-15 14:05:54,S,250.0,3,16
2021-06-15 14:05:54,S,250.4,2,7
2021-06-15 14:05:54,S,250.45,2,9
2021-06-15 14:05:54,S,250.55,2,9
2021-06-15 14:05:54,S,250.65,2,8
2021-06-15 14:05:54,S,249.95,1,49
2021-06-15 14:05:54,S,249.4,2,37
2021-06-15 14:05:54,S,249.35,2,26
2021-06-15 14:05:54,S,249.25,2,80
2021-06-15 14:05:54,S,249.15,3,37
2021-06-15 14:05:57,S,250.0,3,20
2021-06-15 14:05:57,S,250.4,2,7
2021-06-15 14:05:57,S,250.45,2,9
2021-06-15 14:05:57,S,250.55,3,18
2021-06-15 14:05:57,S,250.65,2,8
2021-06-15 14:05:57,S,249.95,1,49
2021-06-15 14:05:57,S,249.4,2,37
2021-06-15 14:05:57,S,249.35,2,26
2021-06-15 14:05:57,S,249.25,2,80
2021-06-15 14:05:57,S,249.15,3,37
2021-06-15 14:05:58,S,250.0,3,20
2021-06-15 14:05:58,S,250.4,2,7
2021-06-15 14:05:58,S,250.45,2,9
2021-06-15 14:05:58,S,250.55,3,18
2021-06-15 14:05:58,S,250.65,2,8
2021-06-15 14:05:58,S,249.95,1,49
2021-06-15 14:05:58,S,249.4,2,37
2021-06-15 14:05:58,S,249.35,2,26
2021-06-15 14:05:58,S,249.25,2,80
2021-06-15 14:05:58,S,249.15,3,37
2021-06-15 14:06:04,S,250.0,3,20
2021-06-15 14:06:04,S,250.4,2,7
2021-06-15 14:06:04,S,250.45,2,9
2021-06-15 14:06:04,S,250.55,3,18
2021-06-15 14:06:04,S,250.65,2,8
2021-06-15 14:06:04,S,249.95,1,49
2021-06-15 14:06:04,S,249.4,2,37
2021-06-15 14:06:04,S,249.35,2,26
2021-06-15 14:06:04,S,249.25,2,80
2021-06-15 14:06:04,S,249.15,3,37
2021-06-15 14:06:04,S,250.0,3,21
2021-06-15 14:06:04,S,250.2,1,1
2021-06-15 14:06:04,S,250.25,2,16
2021-06-15 14:06:04,S,250.7,2,23
2021-06-15 14:06:04,S,250.75,3,60
2021-06-15 14:06:04,S,249.95,1,49
2021-06-15 14:06:04,S,249.65,2,30
2021-06-15 14:06:04,S,249.35,2,26
2021-06-15 14:06:04,S,249.25,2,80
2021-06-15 14:06:04,S,249.15,3,37
2021-06-15 14:06:10,S,250.0,3,21
2021-06-15 14:06:10,S,250.65,2,7
2021-06-15 14:06:10,S,250.7,2,23
2021-06-15 14:06:10,S,250.75,3,60
2021-06-15 14:06:10,S,250.8,1,9
2021-06-15 14:06:10,S,249.95,1,49
2021-06-15 14:06:10,S,249.4,2,41
2021-06-15 14:06:10,S,249.35,2,26
2021-06-15 14:06:10,S,249.25,2,80
2021-06-15 14:06:10,S,249.15,3,37
2021-06-15 14:06:33,S,250.0,3,21
2021-06-15 14:06:33,S,250.65,2,7
2021-06-15 14:06:33,S,250.7,2,23
2021-06-15 14:06:33,S,250.75,3,60
2021-06-15 14:06:33,S,250.8,1,9
2021-06-15 14:06:33,S,249.95,1,49
2021-06-15 14:06:33,S,249.4,2,41
2021-06-15 14:06:33,S,249.35,2,26
2021-06-15 14:06:33,S,249.25,2,80
2021-06-15 14:06:33,S,249.15,3,37
2021-06-15 14:06:49,S,250.0,3,21
2021-06-15 14:06:49,S,250.65,2,7
2021-06-15 14:06:49,S,250.7,2,23
2021-06-15 14:06:49,S,250.75,3,60
2021-06-15 14:06:49,S,250.8,1,9
2021-06-15 14:06:49,S,249.95,1,49
2021-06-15 14:06:49,S,249.4,2,41
2021-06-15 14:06:49,S,249.35,2,26
2021-06-15 14:06:49,S,249.25,2,80
2021-06-15 14:06:49,S,249.15,3,37
2021-06-15 14:06:50,S,250.65,2,6
2021-06-15 14:06:50,S,250.7,2,23
2021-06-15 14:06:50,S,250.75,2,55
2021-06-15 14:06:50,S,250.8,1,9
2021-06-15 14:06:50,S,250.85,1,5
2021-06-15 14:06:50,S,250.0,2,32
2021-06-15 14:06:50,S,249.95,2,71
2021-06-15 14:06:50,S,249.7,2,21
2021-06-15 14:06:50,S,249.65,1,52
2021-06-15 14:06:50,S,249.45,1,27
2021-06-15 14:06:51,S,250.65,2,6
2021-06-15 14:06:51,S,250.7,2,23
2021-06-15 14:06:51,S,250.75,2,55
2021-06-15 14:06:51,S,250.8,1,9
2021-06-15 14:06:51,S,250.85,1,5
2021-06-15 14:06:51,S,250.0,2,32
2021-06-15 14:06:51,S,249.95,2,71
2021-06-15 14:06:51,S,249.7,2,21
2021-06-15 14:06:51,S,249.65,1,52
2021-06-15 14:06:51,S,249.45,1,27
2021-06-15 14:06:52,S,250.65,2,6
2021-06-15 14:06:52,S,250.7,2,23
2021-06-15 14:06:52,S,250.75,2,55
2021-06-15 14:06:52,S,250.8,1,9
2021-06-15 14:06:52,S,250.85,1,5
2021-06-15 14:06:52,S,250.0,2,32
2021-06-15 14:06:52,S,249.95,2,71
2021-06-15 14:06:52,S,249.7,2,21
2021-06-15 14:06:52,S,249.65,1,52
2021-06-15 14:06:52,S,249.45,1,27
2021-06-15 14:06:53,S,250.65,2,6
2021-06-15 14:06:53,S,250.7,2,23
2021-06-15 14:06:53,S,250.75,2,55
2021-06-15 14:06:53,S,250.8,1,9
2021-06-15 14:06:53,S,250.85,2,10
2021-06-15 14:06:53,S,249.95,1,49
2021-06-15 14:06:53,S,249.65,2,60
2021-06-15 14:06:53,S,249.35,2,26
2021-06-15 14:06:53,S,249.25,2,80
2021-06-15 14:06:53,S,249.15,3,37
2021-06-15 14:06:54,S,250.65,2,6
2021-06-15 14:06:54,S,250.7,2,23
2021-06-15 14:06:54,S,250.75,2,55
2021-06-15 14:06:54,S,250.8,1,9
2021-06-15 14:06:54,S,250.85,2,10
2021-06-15 14:06:54,S,249.95,1,49
2021-06-15 14:06:54,S,249.65,2,60
2021-06-15 14:06:54,S,249.35,2,26
2021-06-15 14:06:54,S,249.25,2,80
2021-06-15 14:06:54,S,249.15,3,37
2021-06-15 14:07:02,S,250.65,3,13
2021-06-15 14:07:02,S,250.7,2,23
2021-06-15 14:07:02,S,250.75,2,55
2021-06-15 14:07:02,S,250.85,2,10
2021-06-15 14:07:02,S,250.9,1,1
2021-06-15 14:07:02,S,249.95,1,49
2021-06-15 14:07:02,S,249.7,2,42
2021-06-15 14:07:02,S,249.65,2,60
2021-06-15 14:07:02,S,249.35,2,26
2021-06-15 14:07:02,S,249.25,2,80
2021-06-15 14:07:05,S,250.3,1,7
2021-06-15 14:07:05,S,250.65,2,6
2021-06-15 14:07:05,S,250.7,2,23
2021-06-15 14:07:05,S,250.75,2,55
2021-06-15 14:07:05,S,250.8,1,9
2021-06-15 14:07:05,S,249.95,2,60
2021-06-15 14:07:05,S,249.9,1,12
2021-06-15 14:07:05,S,249.7,2,42
2021-06-15 14:07:05,S,249.65,2,60
2021-06-15 14:07:05,S,249.35,2,26
2021-06-15 14:07:08,S,250.3,1,7
2021-06-15 14:07:08,S,250.65,2,6
2021-06-15 14:07:08,S,250.7,2,23
2021-06-15 14:07:08,S,250.75,2,55
2021-06-15 14:07:08,S,250.8,1,9
2021-06-15 14:07:08,S,249.95,2,60
2021-06-15 14:07:08,S,249.9,1,12
2021-06-15 14:07:08,S,249.7,2,42
2021-06-15 14:07:08,S,249.65,2,60
2021-06-15 14:07:08,S,249.35,2,26
2021-06-15 14:07:10,S,250.0,1,7
2021-06-15 14:07:10,S,250.65,2,6
2021-06-15 14:07:10,S,250.7,2,23
2021-06-15 14:07:10,S,250.75,2,55
2021-06-15 14:07:10,S,250.8,1,9
2021-06-15 14:07:10,S,249.95,1,49
2021-06-15 14:07:10,S,249.9,1,13
2021-06-15 14:07:10,S,249.8,1,13
2021-06-15 14:07:10,S,249.7,2,42
2021-06-15 14:07:10,S,249.65,2,60
2021-06-15 14:07:15,S,250.0,1,7
2021-06-15 14:07:15,S,250.65,2,6
2021-06-15 14:07:15,S,250.7,2,23
2021-06-15 14:07:15,S,250.75,2,55
2021-06-15 14:07:15,S,250.8,1,9
2021-06-15 14:07:15,S,249.95,1,49
2021-06-15 14:07:15,S,249.9,1,13
2021-06-15 14:07:15,S,249.8,1,13
2021-06-15 14:07:15,S,249.7,2,42
2021-06-15 14:07:15,S,249.65,2,60
2021-06-15 14:07:16,S,250.0,2,8
2021-06-15 14:07:16,S,250.5,1,1
2021-06-15 14:07:16,S,250.55,2,16
2021-06-15 14:07:16,S,250.65,1,5
2021-06-15 14:07:16,S,250.7,2,23
2021-06-15 14:07:16,S,249.95,1,49
2021-06-15 14:07:16,S,249.75,1,13
2021-06-15 14:07:16,S,249.7,1,22
2021-06-15 14:07:16,S,249.65,2,60
2021-06-15 14:07:16,S,249.35,2,26
2021-06-15 14:07:33,S,250.0,3,15
2021-06-15 14:07:33,S,250.5,2,7
2021-06-15 14:07:33,S,250.7,2,23
2021-06-15 14:07:33,S,250.75,2,55
2021-06-15 14:07:33,S,250.8,1,9
2021-06-15 14:07:33,S,249.95,1,49
2021-06-15 14:07:33,S,249.75,2,42
2021-06-15 14:07:33,S,249.7,1,13
2021-06-15 14:07:33,S,249.65,2,60
2021-06-15 14:07:33,S,249.35,2,26
2021-06-15 14:07:49,S,250.0,3,15
2021-06-15 14:07:49,S,250.5,2,7
2021-06-15 14:07:49,S,250.7,2,23
2021-06-15 14:07:49,S,250.75,2,55
2021-06-15 14:07:49,S,250.8,1,9
2021-06-15 14:07:49,S,249.95,1,49
2021-06-15 14:07:49,S,249.7,2,29
2021-06-15 14:07:49,S,249.65,2,60
2021-06-15 14:07:49,S,249.35,2,26
2021-06-15 14:07:49,S,249.25,2,80
2021-06-15 14:07:52,S,250.0,3,15
2021-06-15 14:07:52,S,250.5,2,7
2021-06-15 14:07:52,S,250.7,2,23
2021-06-15 14:07:52,S,250.75,2,55
2021-06-15 14:07:52,S,250.8,1,9
2021-06-15 14:07:52,S,249.95,1,49
2021-06-15 14:07:52,S,249.7,3,41
2021-06-15 14:07:52,S,249.65,2,60
2021-06-15 14:07:52,S,249.35,2,26
2021-06-15 14:07:52,S,249.25,2,80
2021-06-15 14:08:03,S,250.0,3,15
2021-06-15 14:08:03,S,250.5,2,7
2021-06-15 14:08:03,S,250.7,2,23
2021-06-15 14:08:03,S,250.75,2,55
2021-06-15 14:08:03,S,250.8,1,9
2021-06-15 14:08:03,S,249.95,1,49
2021-06-15 14:08:03,S,249.7,3,41
2021-06-15 14:08:03,S,249.65,2,60
2021-06-15 14:08:03,S,249.35,2,26
2021-06-15 14:08:03,S,249.25,2,80
2021-06-15 14:08:04,S,250.0,3,21
2021-06-15 14:08:04,S,250.4,2,7
2021-06-15 14:08:04,S,250.45,1,6
2021-06-15 14:08:04,S,250.65,1,8
2021-06-15 14:08:04,S,250.7,2,23
2021-06-15 14:08:04,S,249.95,1,49
2021-06-15 14:08:04,S,249.75,2,12
2021-06-15 14:08:04,S,249.65,2,60
2021-06-15 14:08:04,S,249.35,2,26
2021-06-15 14:08:04,S,249.25,2,80
2021-06-15 14:08:35,S,250.55,2,6
2021-06-15 14:08:35,S,250.7,2,23
2021-06-15 14:08:35,S,250.75,2,55
2021-06-15 14:08:35,S,250.85,2,10
2021-06-15 14:08:35,S,250.95,1,5
2021-06-15 14:08:35,S,250.0,1,2
2021-06-15 14:08:35,S,249.95,1,49
2021-06-15 14:08:35,S,249.75,2,12
2021-06-15 14:08:35,S,249.7,1,20
2021-06-15 14:08:35,S,249.65,2,60
2021-06-15 14:08:36,S,250.55,2,6
2021-06-15 14:08:36,S,250.7,2,23
2021-06-15 14:08:36,S,250.75,2,55
2021-06-15 14:08:36,S,250.85,2,10
2021-06-15 14:08:36,S,250.95,1,5
2021-06-15 14:08:36,S,250.0,1,2
2021-06-15 14:08:36,S,249.95,1,49
2021-06-15 14:08:36,S,249.75,2,12
2021-06-15 14:08:36,S,249.7,1,20
2021-06-15 14:08:36,S,249.65,2,60
2021-06-15 14:08:38,S,250.0,1,2
2021-06-15 14:08:38,S,250.45,3,26
2021-06-15 14:08:38,S,250.5,2,102
2021-06-15 14:08:38,S,250.55,2,12
2021-06-15 14:08:38,S,250.75,3,64
2021-06-15 14:08:38,S,249.95,1,49
2021-06-15 14:08:38,S,249.4,2,35
2021-06-15 14:08:38,S,249.35,2,26
2021-06-15 14:08:38,S,249.25,2,80
2021-06-15 14:08:38,S,249.15,3,37
2021-06-15 14:08:39,S,250.0,1,2
2021-06-15 14:08:39,S,250.45,3,26
2021-06-15 14:08:39,S,250.5,2,102
2021-06-15 14:08:39,S,250.55,2,12
2021-06-15 14:08:39,S,250.75,3,64
2021-06-15 14:08:39,S,249.95,1,49
2021-06-15 14:08:39,S,249.4,2,35
2021-06-15 14:08:39,S,249.35,2,26
2021-06-15 14:08:39,S,249.25,2,80
2021-06-15 14:08:39,S,249.15,3,37
2021-06-15 14:08:40,S,250.0,2,52
2021-06-15 14:08:40,S,250.15,1,1
2021-06-15 14:08:40,S,250.2,2,19
2021-06-15 14:08:40,S,250.45,2,25
2021-06-15 14:08:40,S,250.5,2,102
2021-06-15 14:08:40,S,249.95,1,49
2021-06-15 14:08:40,S,249.55,1,21
2021-06-15 14:08:40,S,249.4,2,35
2021-06-15 14:08:40,S,249.35,2,26
2021-06-15 14:08:40,S,249.25,2,80
2021-06-15 14:08:44,S,250.0,2,52
2021-06-15 14:08:44,S,250.15,1,1
2021-06-15 14:08:44,S,250.2,2,19
2021-06-15 14:08:44,S,250.45,2,25
2021-06-15 14:08:44,S,250.5,2,102
2021-06-15 14:08:44,S,249.95,1,49
2021-06-15 14:08:44,S,249.55,1,21
2021-06-15 14:08:44,S,249.4,2,35
2021-06-15 14:08:44,S,249.35,2,26
2021-06-15 14:08:44,S,249.25,2,80
2021-06-15 14:08:46,S,249.95,1,1
2021-06-15 14:08:46,S,250.0,5,160
2021-06-15 14:08:46,S,250.55,1,9
2021-06-15 14:08:46,S,250.65,1,1
2021-06-15 14:08:46,S,250.7,1,20
2021-06-15 14:08:46,S,249.4,2,21
2021-06-15 14:08:46,S,249.35,2,26
2021-06-15 14:08:46,S,249.25,2,80
2021-06-15 14:08:46,S,249.15,3,37
2021-06-15 14:08:46,S,249.1,3,54
2021-06-15 14:08:48,S,249.95,2,14
2021-06-15 14:08:48,S,250.0,5,160
2021-06-15 14:08:48,S,250.5,2,32
2021-06-15 14:08:48,S,250.55,2,21
2021-06-15 14:08:48,S,250.65,1,1
2021-06-15 14:08:48,S,249.4,2,21
2021-06-15 14:08:48,S,249.25,2,80
2021-06-15 14:08:48,S,249.2,1,20
2021-06-15 14:08:48,S,249.15,3,37
2021-06-15 14:08:48,S,249.1,3,54
2021-06-15 14:08:53,S,249.95,2,14
2021-06-15 14:08:53,S,250.0,5,160
2021-06-15 14:08:53,S,250.5,2,32
2021-06-15 14:08:53,S,250.55,2,21
2021-06-15 14:08:53,S,250.65,1,1
2021-06-15 14:08:53,S,249.4,2,21
2021-06-15 14:08:53,S,249.25,2,80
2021-06-15 14:08:53,S,249.2,1,20
2021-06-15 14:08:53,S,249.15,3,37
2021-06-15 14:08:53,S,249.1,3,54
2021-06-15 14:08:54,S,249.85,2,7
2021-06-15 14:08:54,S,250.0,4,115
2021-06-15 14:08:54,S,250.05,1,5
2021-06-15 14:08:54,S,250.1,1,1
2021-06-15 14:08:54,S,250.15,1,5
2021-06-15 14:08:54,S,249.1,2,27
2021-06-15 14:08:54,S,249.05,3,105
2021-06-15 14:08:54,S,249.0,3,94
2021-06-15 14:08:54,S,248.95,1,5
2021-06-15 14:08:54,S,248.9,2,31
2021-06-15 14:08:56,S,249.85,1,1
2021-06-15 14:08:56,S,249.9,2,15
2021-06-15 14:08:56,S,249.95,2,37
2021-06-15 14:08:56,S,250.0,6,125
2021-06-15 14:08:56,S,250.05,1,5
2021-06-15 14:08:56,S,249.1,2,30
2021-06-15 14:08:56,S,249.05,3,111
2021-06-15 14:08:56,S,249.0,6,116
2021-06-15 14:08:56,S,248.95,1,5
2021-06-15 14:08:56,S,248.9,2,31
2021-06-15 14:08:58,S,249.95,1,1
2021-06-15 14:08:58,S,250.0,3,15
2021-06-15 14:08:58,S,250.05,2,25
2021-06-15 14:08:58,S,250.15,1,5
2021-06-15 14:08:58,S,250.2,1,9
2021-06-15 14:08:58,S,249.1,3,37
2021-06-15 14:08:58,S,249.05,4,112
2021-06-15 14:08:58,S,249.0,5,111
2021-06-15 14:08:58,S,248.95,2,6
2021-06-15 14:08:58,S,248.9,1,30
2021-06-15 14:09:01,S,249.95,1,1
2021-06-15 14:09:01,S,250.0,4,21
2021-06-15 14:09:01,S,250.15,2,25
2021-06-15 14:09:01,S,250.25,1,5
2021-06-15 14:09:01,S,250.3,1,1
2021-06-15 14:09:01,S,249.2,3,38
2021-06-15 14:09:01,S,249.15,3,37
2021-06-15 14:09:01,S,249.1,3,22
2021-06-15 14:09:01,S,249.05,3,107
2021-06-15 14:09:01,S,249.0,5,306
2021-06-15 14:09:04,S,249.95,1,1
2021-06-15 14:09:04,S,250.0,4,21
2021-06-15 14:09:04,S,250.25,1,5
2021-06-15 14:09:04,S,250.35,1,5
2021-06-15 14:09:04,S,250.45,1,5
2021-06-15 14:09:04,S,249.2,3,38
2021-06-15 14:09:04,S,249.15,3,37
2021-06-15 14:09:04,S,249.1,3,22
2021-06-15 14:09:04,S,249.05,3,107
2021-06-15 14:09:04,S,249.0,5,306
2021-06-15 14:09:06,S,249.95,1,1
2021-06-15 14:09:06,S,250.0,4,21
2021-06-15 14:09:06,S,250.25,2,24
2021-06-15 14:09:06,S,250.35,1,5
2021-06-15 14:09:06,S,250.45,2,6
2021-06-15 14:09:06,S,249.2,3,38
2021-06-15 14:09:06,S,249.15,3,37
2021-06-15 14:09:06,S,249.1,3,22
2021-06-15 14:09:06,S,249.05,4,607
2021-06-15 14:09:06,S,249.0,5,306
2021-06-15 14:09:07,S,249.95,1,1
2021-06-15 14:09:07,S,250.0,4,21
2021-06-15 14:09:07,S,250.25,2,24
2021-06-15 14:09:07,S,250.35,1,5
2021-06-15 14:09:07,S,250.45,2,6
2021-06-15 14:09:07,S,249.2,3,38
2021-06-15 14:09:07,S,249.15,3,37
2021-06-15 14:09:07,S,249.1,3,22
2021-06-15 14:09:07,S,249.05,4,607
2021-06-15 14:09:07,S,249.0,5,306
2021-06-15 14:09:09,S,249.95,1,1
2021-06-15 14:09:09,S,250.0,4,30
2021-06-15 14:09:09,S,250.35,2,7
2021-06-15 14:09:09,S,250.4,1,9
2021-06-15 14:09:09,S,250.45,1,5
2021-06-15 14:09:09,S,249.35,2,14
2021-06-15 14:09:09,S,249.3,2,33
2021-06-15 14:09:09,S,249.25,3,82
2021-06-15 14:09:09,S,249.2,2,18
2021-06-15 14:09:09,S,249.15,4,42
2021-06-15 14:09:11,S,249.95,1,1
2021-06-15 14:09:11,S,250.0,4,30
2021-06-15 14:09:11,S,250.35,2,7
2021-06-15 14:09:11,S,250.45,1,5
2021-06-15 14:09:11,S,250.5,1,9
2021-06-15 14:09:11,S,249.35,2,14
2021-06-15 14:09:11,S,249.3,2,33
2021-06-15 14:09:11,S,249.25,3,82
2021-06-15 14:09:11,S,249.2,2,18
2021-06-15 14:09:11,S,249.15,4,42
2021-06-15 14:09:13,S,249.95,1,1
2021-06-15 14:09:13,S,250.0,4,30
2021-06-15 14:09:13,S,250.35,2,7
2021-06-15 14:09:13,S,250.45,1,5
2021-06-15 14:09:13,S,250.5,1,9
2021-06-15 14:09:13,S,249.35,2,12
2021-06-15 14:09:13,S,249.3,2,33
2021-06-15 14:09:13,S,249.25,3,82
2021-06-15 14:09:13,S,249.2,2,18
2021-06-15 14:09:13,S,249.15,4,42
2021-06-15 14:09:16,S,249.95,1,1
2021-06-15 14:09:16,S,250.0,4,30
2021-06-15 14:09:16,S,250.35,2,7
2021-06-15 14:09:16,S,250.45,1,5
2021-06-15 14:09:16,S,250.5,1,9
2021-06-15 14:09:16,S,249.35,2,12
2021-06-15 14:09:16,S,249.3,2,33
2021-06-15 14:09:16,S,249.25,3,82
2021-06-15 14:09:16,S,249.2,2,18
2021-06-15 14:09:16,S,249.15,4,42
2021-06-15 14:09:18,S,249.95,1,1
2021-06-15 14:09:18,S,250.0,4,30
2021-06-15 14:09:18,S,250.35,2,7
2021-06-15 14:09:18,S,250.45,1,5
2021-06-15 14:09:18,S,250.5,1,9
2021-06-15 14:09:18,S,249.35,2,12
2021-06-15 14:09:18,S,249.3,2,33
2021-06-15 14:09:18,S,249.25,3,82
2021-06-15 14:09:18,S,249.2,2,18
2021-06-15 14:09:18,S,249.15,4,42
2021-06-15 14:09:21,S,249.95,1,1
2021-06-15 14:09:21,S,250.0,4,30
2021-06-15 14:09:21,S,250.35,2,7
2021-06-15 14:09:21,S,250.45,1,5
2021-06-15 14:09:21,S,250.5,1,9
2021-06-15 14:09:21,S,249.35,2,12
2021-06-15 14:09:21,S,249.3,2,33
2021-06-15 14:09:21,S,249.25,3,82
2021-06-15 14:09:21,S,249.2,2,18
2021-06-15 14:09:21,S,249.15,4,42
2021-06-15 14:09:23,S,249.95,1,1
2021-06-15 14:09:23,S,250.0,4,30
2021-06-15 14:09:23,S,250.35,2,7
2021-06-15 14:09:23,S,250.45,1,5
2021-06-15 14:09:23,S,250.5,1,9
2021-06-15 14:09:23,S,249.35,2,12
2021-06-15 14:09:23,S,249.3,2,33
2021-06-15 14:09:23,S,249.25,3,82
2021-06-15 14:09:23,S,249.2,2,18
2021-06-15 14:09:23,S,249.15,4,42
2021-06-15 14:09:24,S,250.0,3,15
2021-06-15 14:09:24,S,250.35,2,7
2021-06-15 14:09:24,S,250.45,2,21
2021-06-15 14:09:24,S,250.55,3,26
2021-06-15 14:09:24,S,250.65,1,5
2021-06-15 14:09:24,S,249.35,2,11
2021-06-15 14:09:24,S,249.3,2,39
2021-06-15 14:09:24,S,249.25,3,82
2021-06-15 14:09:24,S,249.2,2,18
2021-06-15 14:09:24,S,249.15,4,42
2021-06-15 14:09:26,S,250.0,3,15
2021-06-15 14:09:26,S,250.35,2,7
2021-06-15 14:09:26,S,250.45,2,21
2021-06-15 14:09:26,S,250.55,3,26
2021-06-15 14:09:26,S,250.65,1,5
2021-06-15 14:09:26,S,249.4,2,11
2021-06-15 14:09:26,S,249.3,2,47
2021-06-15 14:09:26,S,249.25,3,82
2021-06-15 14:09:26,S,249.2,2,18
2021-06-15 14:09:26,S,249.15,4,42
2021-06-15 14:09:28,S,250.0,3,15
2021-06-15 14:09:28,S,250.35,2,7
2021-06-15 14:09:28,S,250.45,2,21
2021-06-15 14:09:28,S,250.55,3,26
2021-06-15 14:09:28,S,250.65,1,5
2021-06-15 14:09:28,S,249.4,2,11
2021-06-15 14:09:28,S,249.3,2,30
2021-06-15 14:09:28,S,249.25,3,82
2021-06-15 14:09:28,S,249.2,2,18
2021-06-15 14:09:28,S,249.15,4,42
2021-06-15 14:09:31,S,250.0,3,15
2021-06-15 14:09:31,S,250.35,2,7
2021-06-15 14:09:31,S,250.45,2,21
2021-06-15 14:09:31,S,250.55,3,26
2021-06-15 14:09:31,S,250.65,1,5
2021-06-15 14:09:31,S,249.35,2,11
2021-06-15 14:09:31,S,249.3,2,30
2021-06-15 14:09:31,S,249.25,3,82
2021-06-15 14:09:31,S,249.2,2,18
2021-06-15 14:09:31,S,249.15,4,42
2021-06-15 14:09:33,S,250.0,3,15
2021-06-15 14:09:33,S,250.35,2,7
2021-06-15 14:09:33,S,250.45,2,21
2021-06-15 14:09:33,S,250.5,1,1
2021-06-15 14:09:33,S,250.55,3,26
2021-06-15 14:09:33,S,249.35,2,9
2021-06-15 14:09:33,S,249.3,2,30
2021-06-15 14:09:33,S,249.25,3,82
2021-06-15 14:09:33,S,249.2,2,18
2021-06-15 14:09:33,S,249.15,4,42
2021-06-15 14:09:36,S,250.0,3,15
2021-06-15 14:09:36,S,250.35,2,7
2021-06-15 14:09:36,S,250.45,2,21
2021-06-15 14:09:36,S,250.55,3,26
2021-06-15 14:09:36,S,250.6,1,1
2021-06-15 14:09:36,S,249.35,2,9
2021-06-15 14:09:36,S,249.3,2,30
2021-06-15 14:09:36,S,249.25,3,82
2021-06-15 14:09:36,S,249.2,2,18
2021-06-15 14:09:36,S,249.15,4,42
2021-06-15 14:09:39,S,250.0,3,15
2021-06-15 14:09:39,S,250.35,2,7
2021-06-15 14:09:39,S,250.45,2,21
2021-06-15 14:09:39,S,250.55,3,26
2021-06-15 14:09:39,S,250.6,1,1
2021-06-15 14:09:39,S,249.35,2,9
2021-06-15 14:09:39,S,249.3,2,32
2021-06-15 14:09:39,S,249.25,3,82
2021-06-15 14:09:39,S,249.2,2,18
2021-06-15 14:09:39,S,249.15,4,42
2021-06-15 14:09:39,S,250.0,3,15
2021-06-15 14:09:39,S,250.35,2,7
2021-06-15 14:09:39,S,250.45,2,21
2021-06-15 14:09:39,S,250.55,3,26
2021-06-15 14:09:39,S,250.6,1,1
2021-06-15 14:09:39,S,249.35,2,9
2021-06-15 14:09:39,S,249.3,2,32
2021-06-15 14:09:39,S,249.25,3,82
2021-06-15 14:09:39,S,249.2,2,18
2021-06-15 14:09:39,S,249.15,4,42
2021-06-15 14:09:41,S,250.0,3,18
2021-06-15 14:09:41,S,250.35,2,7
2021-06-15 14:09:41,S,250.45,2,21
2021-06-15 14:09:41,S,250.55,3,26
2021-06-15 14:09:41,S,250.65,1,5
2021-06-15 14:09:41,S,249.5,1,1
2021-06-15 14:09:41,S,249.45,1,12
2021-06-15 14:09:41,S,249.3,2,32
2021-06-15 14:09:41,S,249.25,3,82
2021-06-15 14:09:41,S,249.2,2,18
2021-06-15 14:09:54,S,250.0,3,18
2021-06-15 14:09:54,S,250.35,2,7
2021-06-15 14:09:54,S,250.45,2,21
2021-06-15 14:09:54,S,250.55,3,26
2021-06-15 14:09:54,S,250.65,1,5
2021-06-15 14:09:54,S,249.5,1,1
2021-06-15 14:09:54,S,249.45,1,12
2021-06-15 14:09:54,S,249.3,2,32
2021-06-15 14:09:54,S,249.25,3,82
2021-06-15 14:09:54,S,249.2,2,18
2021-06-15 14:10:22,S,250.0,3,18
2021-06-15 14:10:22,S,250.35,2,7
2021-06-15 14:10:22,S,250.45,2,21
2021-06-15 14:10:22,S,250.55,3,26
2021-06-15 14:10:22,S,250.65,1,5
2021-06-15 14:10:22,S,249.75,1,1
2021-06-15 14:10:22,S,249.45,2,10
2021-06-15 14:10:22,S,249.4,1,9
2021-06-15 14:10:22,S,249.3,2,32
2021-06-15 14:10:22,S,249.25,3,82
2021-06-15 14:10:24,S,250.0,3,18
2021-06-15 14:10:24,S,250.35,2,7
2021-06-15 14:10:24,S,250.45,2,21
2021-06-15 14:10:24,S,250.55,3,26
2021-06-15 14:10:24,S,250.65,1,5
2021-06-15 14:10:24,S,249.75,1,1
2021-06-15 14:10:24,S,249.45,2,10
2021-06-15 14:10:24,S,249.4,1,9
2021-06-15 14:10:24,S,249.3,2,32
2021-06-15 14:10:24,S,249.25,3,82
2021-06-15 14:10:25,S,250.0,3,19
2021-06-15 14:10:25,S,250.35,2,7
2021-06-15 14:10:25,S,250.45,2,21
2021-06-15 14:10:25,S,250.55,2,17
2021-06-15 14:10:25,S,250.65,1,5
2021-06-15 14:10:25,S,249.75,1,1
2021-06-15 14:10:25,S,249.45,1,1
2021-06-15 14:10:25,S,249.4,2,29
2021-06-15 14:10:25,S,249.25,3,82
2021-06-15 14:10:25,S,249.2,2,18
2021-06-15 14:10:46,S,250.0,3,19
2021-06-15 14:10:46,S,250.35,2,7
2021-06-15 14:10:46,S,250.45,2,21
2021-06-15 14:10:46,S,250.55,2,17
2021-06-15 14:10:46,S,250.65,1,5
2021-06-15 14:10:46,S,249.8,1,1
2021-06-15 14:10:46,S,249.75,1,1
2021-06-15 14:10:46,S,249.65,2,29
2021-06-15 14:10:46,S,249.5,1,5
2021-06-15 14:10:46,S,249.45,1,20
2021-06-15 14:10:52,S,250.0,3,19
2021-06-15 14:10:52,S,250.35,2,7
2021-06-15 14:10:52,S,250.45,2,21
2021-06-15 14:10:52,S,250.55,2,17
2021-06-15 14:10:52,S,250.65,1,5
2021-06-15 14:10:52,S,249.8,1,1
2021-06-15 14:10:52,S,249.75,1,1
2021-06-15 14:10:52,S,249.45,1,20
2021-06-15 14:10:52,S,249.4,2,29
2021-06-15 14:10:52,S,249.25,3,82
2021-06-15 14:10:55,S,250.0,3,19
2021-06-15 14:10:55,S,250.35,2,7
2021-06-15 14:10:55,S,250.45,2,21
2021-06-15 14:10:55,S,250.55,2,17
2021-06-15 14:10:55,S,250.65,1,5
2021-06-15 14:10:55,S,249.8,1,1
2021-06-15 14:10:55,S,249.75,1,1
2021-06-15 14:10:55,S,249.7,1,20
2021-06-15 14:10:55,S,249.65,2,26
2021-06-15 14:10:55,S,249.4,2,29
2021-06-15 14:11:30,S,250.0,3,19
2021-06-15 14:11:30,S,250.35,2,7
2021-06-15 14:11:30,S,250.45,2,21
2021-06-15 14:11:30,S,250.55,2,17
2021-06-15 14:11:30,S,250.65,1,5
2021-06-15 14:11:30,S,249.85,1,1
2021-06-15 14:11:30,S,249.75,2,3
2021-06-15 14:11:30,S,249.7,1,10
2021-06-15 14:11:30,S,249.65,1,14
2021-06-15 14:11:30,S,249.45,1,20
2021-06-15 14:11:46,S,250.0,3,19
2021-06-15 14:11:46,S,250.35,2,7
2021-06-15 14:11:46,S,250.45,2,21
2021-06-15 14:11:46,S,250.55,2,17
2021-06-15 14:11:46,S,250.65,1,5
2021-06-15 14:11:46,S,249.85,1,1
2021-06-15 14:11:46,S,249.75,2,3
2021-06-15 14:11:46,S,249.7,1,10
2021-06-15 14:11:46,S,249.65,1,14
2021-06-15 14:11:46,S,249.45,1,20
2021-06-15 14:11:48,S,250.0,3,15
2021-06-15 14:11:48,S,250.35,2,7
2021-06-15 14:11:48,S,250.45,2,21
2021-06-15 14:11:48,S,250.55,2,17
2021-06-15 14:11:48,S,250.65,1,5
2021-06-15 14:11:48,S,249.85,1,1
2021-06-15 14:11:48,S,249.75,2,3
2021-06-15 14:11:48,S,249.7,1,2
2021-06-15 14:11:48,S,249.65,1,6
2021-06-15 14:11:48,S,249.45,1,20
2021-06-15 14:11:49,S,250.0,3,15
2021-06-15 14:11:49,S,250.35,2,7
2021-06-15 14:11:49,S,250.45,2,21
2021-06-15 14:11:49,S,250.55,2,17
2021-06-15 14:11:49,S,250.65,1,5
2021-06-15 14:11:49,S,249.85,1,1
2021-06-15 14:11:49,S,249.75,2,3
2021-06-15 14:11:49,S,249.7,1,2
2021-06-15 14:11:49,S,249.65,1,6
2021-06-15 14:11:49,S,249.45,1,20
2021-06-15 14:11:50,S,250.0,3,16
2021-06-15 14:11:50,S,250.65,2,11
2021-06-15 14:11:50,S,250.75,3,60
2021-06-15 14:11:50,S,250.8,1,10
2021-06-15 14:11:50,S,250.85,1,5
2021-06-15 14:11:50,S,249.9,1,1
2021-06-15 14:11:50,S,249.85,2,3
2021-06-15 14:11:50,S,249.7,2,18
2021-06-15 14:11:50,S,249.65,2,15
2021-06-15 14:11:50,S,249.45,1,20
2021-06-15 14:11:55,S,250.0,3,16
2021-06-15 14:11:55,S,250.65,2,11
2021-06-15 14:11:55,S,250.75,3,60
2021-06-15 14:11:55,S,250.8,1,10
2021-06-15 14:11:55,S,250.85,1,5
2021-06-15 14:11:55,S,249.9,1,1
2021-06-15 14:11:55,S,249.85,2,3
2021-06-15 14:11:55,S,249.7,2,18
2021-06-15 14:11:55,S,249.45,1,20
2021-06-15 14:11:55,S,249.4,2,29
2021-06-15 14:12:37,S,250.0,3,16
2021-06-15 14:12:37,S,250.65,2,11
2021-06-15 14:12:37,S,250.75,3,60
2021-06-15 14:12:37,S,250.8,1,10
2021-06-15 14:12:37,S,250.85,1,5
2021-06-15 14:12:37,S,249.9,1,1
2021-06-15 14:12:37,S,249.85,1,1
2021-06-15 14:12:37,S,249.7,2,18
2021-06-15 14:12:37,S,249.45,1,20
2021-06-15 14:12:37,S,249.4,2,29
2021-06-15 14:12:40,S,250.0,3,16
2021-06-15 14:12:40,S,250.65,2,11
2021-06-15 14:12:40,S,250.75,3,60
2021-06-15 14:12:40,S,250.8,1,10
2021-06-15 14:12:40,S,250.85,1,5
2021-06-15 14:12:40,S,249.9,1,1
2021-06-15 14:12:40,S,249.85,1,1
2021-06-15 14:12:40,S,249.45,1,20
2021-06-15 14:12:40,S,249.4,2,29
2021-06-15 14:12:40,S,249.25,3,82
2021-06-15 14:12:42,S,250.0,3,16
2021-06-15 14:12:42,S,250.65,2,11
2021-06-15 14:12:42,S,250.75,3,60
2021-06-15 14:12:42,S,250.8,1,10
2021-06-15 14:12:42,S,250.85,1,5
2021-06-15 14:12:42,S,249.9,1,1
2021-06-15 14:12:42,S,249.85,1,1
2021-06-15 14:12:42,S,249.75,2,27
2021-06-15 14:12:42,S,249.7,2,20
2021-06-15 14:12:42,S,249.4,2,29
2021-06-15 14:13:16,S,250.0,3,16
2021-06-15 14:13:16,S,250.65,2,11
2021-06-15 14:13:16,S,250.75,3,60
2021-06-15 14:13:16,S,250.8,1,10
2021-06-15 14:13:16,S,250.85,1,5
2021-06-15 14:13:16,S,249.9,1,1
2021-06-15 14:13:16,S,249.85,1,1
2021-06-15 14:13:16,S,249.75,2,27
2021-06-15 14:13:16,S,249.7,2,20
2021-06-15 14:13:16,S,249.4,2,29
2021-06-15 14:13:21,S,250.0,3,16
2021-06-15 14:13:21,S,250.65,2,11
2021-06-15 14:13:21,S,250.75,3,60
2021-06-15 14:13:21,S,250.8,1,10
2021-06-15 14:13:21,S,250.85,1,5
2021-06-15 14:13:21,S,249.9,1,1
2021-06-15 14:13:21,S,249.85,1,1
2021-06-15 14:13:21,S,249.75,1,7
2021-06-15 14:13:21,S,249.45,1,20
2021-06-15 14:13:21,S,249.4,2,29
2021-06-15 14:13:24,S,250.0,3,16
2021-06-15 14:13:24,S,250.65,2,11
2021-06-15 14:13:24,S,250.75,3,60
2021-06-15 14:13:24,S,250.8,1,10
2021-06-15 14:13:24,S,250.85,1,5
2021-06-15 14:13:24,S,249.9,1,1
2021-06-15 14:13:24,S,249.85,1,1
2021-06-15 14:13:24,S,249.45,2,27
2021-06-15 14:13:24,S,249.4,2,29
2021-06-15 14:13:24,S,249.25,3,82
2021-06-15 14:13:30,S,250.0,3,16
2021-06-15 14:13:30,S,250.65,2,11
2021-06-15 14:13:30,S,250.75,3,60
2021-06-15 14:13:30,S,250.8,1,10
2021-06-15 14:13:30,S,250.85,1,5
2021-06-15 14:13:30,S,249.9,1,1
2021-06-15 14:13:30,S,249.85,1,1
2021-06-15 14:13:30,S,249.75,2,27
2021-06-15 14:13:30,S,249.7,2,20
2021-06-15 14:13:30,S,249.45,1,7
2021-06-15 14:13:51,S,250.0,3,16
2021-06-15 14:13:51,S,250.65,2,11
2021-06-15 14:13:51,S,250.75,3,60
2021-06-15 14:13:51,S,250.8,1,10
2021-06-15 14:13:51,S,250.85,1,5
2021-06-15 14:13:51,S,249.9,1,1
2021-06-15 14:13:51,S,249.85,1,1
2021-06-15 14:13:51,S,249.75,2,27
2021-06-15 14:13:51,S,249.7,2,20
2021-06-15 14:13:51,S,249.45,1,7
2021-06-15 14:13:52,S,250.55,2,8
2021-06-15 14:13:52,S,250.7,2,12
2021-06-15 14:13:52,S,250.75,2,12
2021-06-15 14:13:52,S,250.8,2,15
2021-06-15 14:13:52,S,250.85,2,15
2021-06-15 14:13:52,S,250.05,1,1
2021-06-15 14:13:52,S,250.0,1,100
2021-06-15 14:13:52,S,249.85,3,11
2021-06-15 14:13:52,S,249.75,1,5
2021-06-15 14:13:52,S,249.7,1,9
2021-06-15 14:13:53,S,250.55,2,8
2021-06-15 14:13:53,S,250.7,2,12
2021-06-15 14:13:53,S,250.75,2,12
2021-06-15 14:13:53,S,250.8,2,15
2021-06-15 14:13:53,S,250.85,2,15
2021-06-15 14:13:53,S,250.05,1,1
2021-06-15 14:13:53,S,250.0,1,100
2021-06-15 14:13:53,S,249.85,3,11
2021-06-15 14:13:53,S,249.75,1,5
2021-06-15 14:13:53,S,249.7,1,9
2021-06-15 14:13:54,S,250.55,2,8
2021-06-15 14:13:54,S,250.7,2,12
2021-06-15 14:13:54,S,250.75,2,12
2021-06-15 14:13:54,S,250.8,2,15
2021-06-15 14:13:54,S,250.85,2,15
2021-06-15 14:13:54,S,250.05,1,1
2021-06-15 14:13:54,S,250.0,1,100
2021-06-15 14:13:54,S,249.85,3,11
2021-06-15 14:13:54,S,249.75,1,5
2021-06-15 14:13:54,S,249.7,1,9
2021-06-15 14:13:55,S,250.45,3,20
2021-06-15 14:13:55,S,250.5,1,7
2021-06-15 14:13:55,S,250.6,1,7
2021-06-15 14:13:55,S,250.65,2,12
2021-06-15 14:13:55,S,250.75,3,17
2021-06-15 14:13:55,S,250.0,1,100
2021-06-15 14:13:55,S,249.85,1,1
2021-06-15 14:13:55,S,249.8,1,13
2021-06-15 14:13:55,S,249.65,1,57
2021-06-15 14:13:55,S,249.4,1,2
2021-06-15 14:13:55,S,250.45,3,20
2021-06-15 14:13:55,S,250.5,1,7
2021-06-15 14:13:55,S,250.6,1,7
2021-06-15 14:13:55,S,250.65,2,12
2021-06-15 14:13:55,S,250.75,3,17
2021-06-15 14:13:55,S,250.0,1,100
2021-06-15 14:13:55,S,249.85,1,1
2021-06-15 14:13:55,S,249.8,1,13
2021-06-15 14:13:55,S,249.65,1,57
2021-06-15 14:13:55,S,249.4,1,2
2021-06-15 14:13:56,S,250.45,3,20
2021-06-15 14:13:56,S,250.5,1,7
2021-06-15 14:13:56,S,250.6,1,7
2021-06-15 14:13:56,S,250.65,2,12
2021-06-15 14:13:56,S,250.75,3,17
2021-06-15 14:13:56,S,250.0,1,100
2021-06-15 14:13:56,S,249.85,1,1
2021-06-15 14:13:56,S,249.8,1,13
2021-06-15 14:13:56,S,249.65,1,57
2021-06-15 14:13:56,S,249.4,1,2
2021-06-15 14:13:57,S,250.4,2,20
2021-06-15 14:13:57,S,250.6,2,4
2021-06-15 14:13:57,S,250.65,2,12
2021-06-15 14:13:57,S,250.75,3,17
2021-06-15 14:13:57,S,250.8,2,12
2021-06-15 14:13:57,S,250.0,1,100
2021-06-15 14:13:57,S,249.85,1,1
2021-06-15 14:13:57,S,249.75,1,12
2021-06-15 14:13:57,S,249.7,1,20
2021-06-15 14:13:57,S,249.65,1,57
2021-06-15 14:13:58,S,250.4,2,20
2021-06-15 14:13:58,S,250.6,2,4
2021-06-15 14:13:58,S,250.65,2,12
2021-06-15 14:13:58,S,250.75,3,17
2021-06-15 14:13:58,S,250.8,2,12
2021-06-15 14:13:58,S,250.0,1,100
2021-06-15 14:13:58,S,249.85,1,1
2021-06-15 14:13:58,S,249.75,1,12
2021-06-15 14:13:58,S,249.7,1,20
2021-06-15 14:13:58,S,249.65,1,57
2021-06-15 14:14:00,S,249.95,2,8
2021-06-15 14:14:00,S,250.0,2,67
2021-06-15 14:14:00,S,250.15,1,9
2021-06-15 14:14:00,S,250.35,1,7
2021-06-15 14:14:00,S,250.4,2,15
2021-06-15 14:14:00,S,249.3,1,20
2021-06-15 14:14:00,S,249.25,2,55
2021-06-15 14:14:00,S,249.15,3,21
2021-06-15 14:14:00,S,249.05,5,612
2021-06-15 14:14:00,S,249.0,6,307
2021-06-15 14:14:03,S,250.35,3,9
2021-06-15 14:14:03,S,250.4,2,15
2021-06-15 14:14:03,S,250.45,2,19
2021-06-15 14:14:03,S,250.5,2,19
2021-06-15 14:14:03,S,250.55,1,5
2021-06-15 14:14:03,S,249.35,3,14
2021-06-15 14:14:03,S,249.3,2,25
2021-06-15 14:14:03,S,249.25,3,58
2021-06-15 14:14:03,S,249.2,1,4
2021-06-15 14:14:03,S,249.05,4,607
2021-06-15 14:14:05,S,249.95,1,1
2021-06-15 14:14:05,S,250.0,2,17
2021-06-15 14:14:05,S,250.35,2,8
2021-06-15 14:14:05,S,250.45,2,19
2021-06-15 14:14:05,S,250.5,2,19
2021-06-15 14:14:05,S,249.4,1,12
2021-06-15 14:14:05,S,249.3,2,23
2021-06-15 14:14:05,S,249.25,3,58
2021-06-15 14:14:05,S,249.2,2,11
2021-06-15 14:14:05,S,249.1,2,14
2021-06-15 14:14:13,S,250.0,1,8
2021-06-15 14:14:13,S,250.3,2,10
2021-06-15 14:14:13,S,250.35,2,8
2021-06-15 14:14:13,S,250.45,2,19
2021-06-15 14:14:13,S,250.5,2,19
2021-06-15 14:14:13,S,249.55,1,13
2021-06-15 14:14:13,S,249.5,1,20
2021-06-15 14:14:13,S,249.45,1,88
2021-06-15 14:14:13,S,249.25,3,58
2021-06-15 14:14:13,S,249.2,2,11
2021-06-15 14:14:16,S,250.0,3,24
2021-06-15 14:14:16,S,250.3,1,1
2021-06-15 14:14:16,S,250.35,2,8
2021-06-15 14:14:16,S,250.45,2,19
2021-06-15 14:14:16,S,250.5,2,19
2021-06-15 14:14:16,S,249.5,1,20
2021-06-15 14:14:16,S,249.45,1,88
2021-06-15 14:14:16,S,249.25,3,71
2021-06-15 14:14:16,S,249.2,2,11
2021-06-15 14:14:16,S,249.1,2,14
2021-06-15 14:14:18,S,250.0,3,24
2021-06-15 14:14:18,S,250.3,1,1
2021-06-15 14:14:18,S,250.35,2,8
2021-06-15 14:14:18,S,250.45,2,19
2021-06-15 14:14:18,S,250.5,2,19
2021-06-15 14:14:18,S,249.5,1,20
2021-06-15 14:14:18,S,249.45,1,88
2021-06-15 14:14:18,S,249.25,3,71
2021-06-15 14:14:18,S,249.2,2,11
2021-06-15 14:14:18,S,249.1,2,14
2021-06-15 14:14:24,S,250.0,3,24
2021-06-15 14:14:24,S,250.3,1,1
2021-06-15 14:14:24,S,250.35,2,8
2021-06-15 14:14:24,S,250.45,2,19
2021-06-15 14:14:24,S,250.5,2,19
2021-06-15 14:14:24,S,249.5,1,20
2021-06-15 14:14:24,S,249.45,1,88
2021-06-15 14:14:24,S,249.25,3,71
2021-06-15 14:14:24,S,249.2,2,11
2021-06-15 14:14:24,S,249.1,2,14
2021-06-15 14:14:26,S,250.0,3,24
2021-06-15 14:14:26,S,250.3,1,1
2021-06-15 14:14:26,S,250.35,2,8
2021-06-15 14:14:26,S,250.45,2,19
2021-06-15 14:14:26,S,250.5,2,19
2021-06-15 14:14:26,S,249.5,1,20
2021-06-15 14:14:26,S,249.45,1,88
2021-06-15 14:14:26,S,249.25,3,71
2021-06-15 14:14:26,S,249.2,2,11
2021-06-15 14:14:26,S,249.1,2,14
2021-06-15 14:14:27,S,250.0,3,23
2021-06-15 14:14:27,S,250.3,1,1
2021-06-15 14:14:27,S,250.35,2,8
2021-06-15 14:14:27,S,250.45,2,19
2021-06-15 14:14:27,S,250.5,2,19
2021-06-15 14:14:27,S,249.5,2,33
2021-06-15 14:14:27,S,249.45,1,88
2021-06-15 14:14:27,S,249.25,3,71
2021-06-15 14:14:27,S,249.2,2,11
2021-06-15 14:14:27,S,249.1,2,14
2021-06-15 14:14:30,S,250.0,3,23
2021-06-15 14:14:30,S,250.3,1,1
2021-06-15 14:14:30,S,250.35,2,8
2021-06-15 14:14:30,S,250.45,2,19
2021-06-15 14:14:30,S,250.5,2,19
2021-06-15 14:14:30,S,249.5,1,20
2021-06-15 14:14:30,S,249.45,1,88
2021-06-15 14:14:30,S,249.25,3,71
2021-06-15 14:14:30,S,249.2,2,11
2021-06-15 14:14:30,S,249.1,2,14
2021-06-15 14:14:33,S,249.95,1,1
2021-06-15 14:14:33,S,250.0,4,31
2021-06-15 14:14:33,S,250.35,2,8
2021-06-15 14:14:33,S,250.45,2,19
2021-06-15 14:14:33,S,250.5,2,19
2021-06-15 14:14:33,S,249.5,2,34
2021-06-15 14:14:33,S,249.45,2,101
2021-06-15 14:14:33,S,249.25,3,71
2021-06-15 14:14:33,S,249.2,2,11
2021-06-15 14:14:33,S,249.1,2,14
2021-06-15 14:14:36,S,249.95,2,56
2021-06-15 14:14:36,S,250.0,5,44
2021-06-15 14:14:36,S,250.25,2,16
2021-06-15 14:14:36,S,250.35,2,8
2021-06-15 14:14:36,S,250.45,2,19
2021-06-15 14:14:36,S,249.5,2,34
2021-06-15 14:14:36,S,249.45,1,88
2021-06-15 14:14:36,S,249.25,2,56
2021-06-15 14:14:36,S,249.2,1,4
2021-06-15 14:14:36,S,249.1,2,14
2021-06-15 14:14:41,S,249.95,2,56
2021-06-15 14:14:41,S,250.0,4,31
2021-06-15 14:14:41,S,250.25,2,16
2021-06-15 14:14:41,S,250.35,2,8
2021-06-15 14:14:41,S,250.45,2,19
2021-06-15 14:14:41,S,249.5,2,34
2021-06-15 14:14:41,S,249.45,1,88
2021-06-15 14:14:41,S,249.25,2,56
2021-06-15 14:14:41,S,249.2,1,4
2021-06-15 14:14:41,S,249.1,2,14
2021-06-15 14:14:57,S,249.95,2,56
2021-06-15 14:14:57,S,250.0,4,31
2021-06-15 14:14:57,S,250.25,2,16
2021-06-15 14:14:57,S,250.35,2,8
2021-06-15 14:14:57,S,250.45,2,19
2021-06-15 14:14:57,S,249.5,2,34
2021-06-15 14:14:57,S,249.45,1,88
2021-06-15 14:14:57,S,249.25,2,56
2021-06-15 14:14:57,S,249.2,1,4
2021-06-15 14:14:57,S,249.1,2,14
2021-06-15 14:15:10,S,249.9,1,1
2021-06-15 14:15:10,S,249.95,2,48
2021-06-15 14:15:10,S,250.0,4,31
2021-06-15 14:15:10,S,250.25,2,16
2021-06-15 14:15:10,S,250.35,2,8
2021-06-15 14:15:10,S,249.55,1,1
2021-06-15 14:15:10,S,249.5,2,34
2021-06-15 14:15:10,S,249.45,1,88
2021-06-15 14:15:10,S,249.25,2,56
2021-06-15 14:15:10,S,249.2,1,4
2021-06-15 14:15:37,S,249.9,2,6
2021-06-15 14:15:37,S,249.95,2,48
2021-06-15 14:15:37,S,250.0,4,31
2021-06-15 14:15:37,S,250.25,2,16
2021-06-15 14:15:37,S,250.35,2,8
2021-06-15 14:15:37,S,249.55,2,89
2021-06-15 14:15:37,S,249.5,1,14
2021-06-15 14:15:37,S,249.3,1,20
2021-06-15 14:15:37,S,249.25,3,83
2021-06-15 14:15:37,S,249.2,1,4
2021-06-15 14:15:47,S,249.9,3,161
2021-06-15 14:15:47,S,249.95,3,61
2021-06-15 14:15:47,S,250.0,4,31
2021-06-15 14:15:47,S,250.25,2,16
2021-06-15 14:15:47,S,250.35,2,8
2021-06-15 14:15:47,S,249.55,2,89
2021-06-15 14:15:47,S,249.5,1,14
2021-06-15 14:15:47,S,249.25,2,56
2021-06-15 14:15:47,S,249.2,1,4
2021-06-15 14:15:47,S,249.1,2,14
2021-06-15 14:16:01,S,249.9,2,6
2021-06-15 14:16:01,S,249.95,4,216
2021-06-15 14:16:01,S,250.0,4,31
2021-06-15 14:16:01,S,250.25,2,16
2021-06-15 14:16:01,S,250.35,2,8
2021-06-15 14:16:01,S,249.55,2,89
2021-06-15 14:16:01,S,249.5,1,14
2021-06-15 14:16:01,S,249.25,2,56
2021-06-15 14:16:01,S,249.2,1,4
2021-06-15 14:16:01,S,249.1,2,14
2021-06-15 14:16:15,S,249.9,2,6
2021-06-15 14:16:15,S,249.95,2,48
2021-06-15 14:16:15,S,250.0,4,31
2021-06-15 14:16:15,S,250.25,2,16
2021-06-15 14:16:15,S,250.35,2,8
2021-06-15 14:16:15,S,249.55,2,89
2021-06-15 14:16:15,S,249.5,1,14
2021-06-15 14:16:15,S,249.3,1,20
2021-06-15 14:16:15,S,249.25,3,83
2021-06-15 14:16:15,S,249.2,1,4
2021-06-15 14:16:32,S,249.9,2,6
2021-06-15 14:16:32,S,249.95,2,48
2021-06-15 14:16:32,S,250.0,5,49
2021-06-15 14:16:32,S,250.25,2,16
2021-06-15 14:16:32,S,250.35,2,8
2021-06-15 14:16:32,S,249.55,2,89
2021-06-15 14:16:32,S,249.5,1,14
2021-06-15 14:16:32,S,249.3,1,20
2021-06-15 14:16:32,S,249.25,3,83
2021-06-15 14:16:32,S,249.2,1,4
2021-06-15 14:16:53,S,249.9,2,6
2021-06-15 14:16:53,S,249.95,2,48
2021-06-15 14:16:53,S,250.0,5,49
2021-06-15 14:16:53,S,250.25,2,16
2021-06-15 14:16:53,S,250.35,2,8
2021-06-15 14:16:53,S,249.55,2,89
2021-06-15 14:16:53,S,249.5,1,14
2021-06-15 14:16:53,S,249.3,1,20
2021-06-15 14:16:53,S,249.25,3,83
2021-06-15 14:16:53,S,249.2,1,4
2021-06-15 14:16:55,S,250.0,4,38
2021-06-15 14:16:55,S,250.25,3,29
2021-06-15 14:16:55,S,250.35,2,8
2021-06-15 14:16:55,S,250.45,2,19
2021-06-15 14:16:55,S,250.5,2,19
2021-06-15 14:16:55,S,249.65,1,1
2021-06-15 14:16:55,S,249.6,1,12
2021-06-15 14:16:55,S,249.55,1,88
2021-06-15 14:16:55,S,249.5,2,30
2021-06-15 14:16:55,S,249.3,1,9
2021-06-15 14:17:22,S,250.0,4,38
2021-06-15 14:17:22,S,250.25,3,29
2021-06-15 14:17:22,S,250.35,2,8
2021-06-15 14:17:22,S,250.45,2,19
2021-06-15 14:17:22,S,250.5,2,19
2021-06-15 14:17:22,S,249.65,1,1
2021-06-15 14:17:22,S,249.6,1,12
2021-06-15 14:17:22,S,249.55,1,88
2021-06-15 14:17:22,S,249.5,2,30
2021-06-15 14:17:22,S,249.3,1,9
2021-06-15 14:17:23,S,250.7,2,9
2021-06-15 14:17:23,S,250.75,2,22
2021-06-15 14:17:23,S,250.85,2,12
2021-06-15 14:17:23,S,250.9,1,9
2021-06-15 14:17:23,S,250.95,1,5
2021-06-15 14:17:23,S,250.1,1,1
2021-06-15 14:17:23,S,250.05,1,20
2021-06-15 14:17:23,S,250.0,2,722
2021-06-15 14:17:23,S,249.6,2,2
2021-06-15 14:17:23,S,249.55,2,109
2021-06-15 14:17:24,S,250.7,2,9
2021-06-15 14:17:24,S,250.75,2,22
2021-06-15 14:17:24,S,250.85,2,12
2021-06-15 14:17:24,S,250.9,1,9
2021-06-15 14:17:24,S,250.95,1,5
2021-06-15 14:17:24,S,250.1,1,1
2021-06-15 14:17:24,S,250.05,1,20
2021-06-15 14:17:24,S,250.0,2,722
2021-06-15 14:17:24,S,249.6,2,2
2021-06-15 14:17:24,S,249.55,2,109
2021-06-15 14:17:25,S,249.8,2,9
2021-06-15 14:17:25,S,249.85,2,21
2021-06-15 14:17:25,S,249.9,1,8
2021-06-15 14:17:25,S,249.95,3,48
2021-06-15 14:17:25,S,250.0,2,758
2021-06-15 14:17:25,S,249.55,1,88
2021-06-15 14:17:25,S,249.5,1,14
2021-06-15 14:17:25,S,249.05,3,585
2021-06-15 14:17:25,S,249.0,6,307
2021-06-15 14:17:25,S,248.95,1,5
2021-06-15 14:17:28,S,250.4,3,14
2021-06-15 14:17:28,S,250.45,2,13
2021-06-15 14:17:28,S,250.5,3,25
2021-06-15 14:17:28,S,250.55,1,9
2021-06-15 14:17:28,S,250.7,1,9
2021-06-15 14:17:28,S,249.65,1,13
2021-06-15 14:17:28,S,249.55,4,111
2021-06-15 14:17:28,S,249.5,3,36
2021-06-15 14:17:28,S,249.45,2,26
2021-06-15 14:17:28,S,249.35,1,5
2021-06-15 14:17:30,S,250.4,4,21
2021-06-15 14:17:30,S,250.45,2,13
2021-06-15 14:17:30,S,250.5,3,25
2021-06-15 14:17:30,S,250.55,1,9
2021-06-15 14:17:30,S,250.7,1,9
2021-06-15 14:17:30,S,249.65,1,13
2021-06-15 14:17:30,S,249.55,4,111
2021-06-15 14:17:30,S,249.5,3,36
2021-06-15 14:17:30,S,249.45,2,26
2021-06-15 14:17:30,S,249.35,1,5
2021-06-15 14:17:31,S,250.4,4,21
2021-06-15 14:17:31,S,250.45,2,13
2021-06-15 14:17:31,S,250.5,3,25
2021-06-15 14:17:31,S,250.55,1,9
2021-06-15 14:17:31,S,250.7,1,9
2021-06-15 14:17:31,S,249.65,1,13
2021-06-15 14:17:31,S,249.55,4,111
2021-06-15 14:17:31,S,249.5,3,36
2021-06-15 14:17:31,S,249.45,2,26
2021-06-15 14:17:31,S,249.35,1,5
2021-06-15 14:17:33,S,250.35,2,8
2021-06-15 14:17:33,S,250.4,2,14
2021-06-15 14:17:33,S,250.45,4,23
2021-06-15 14:17:33,S,250.55,1,5
2021-06-15 14:17:33,S,250.7,1,9
2021-06-15 14:17:33,S,249.65,2,11
2021-06-15 14:17:33,S,249.6,1,10
2021-06-15 14:17:33,S,249.55,4,111
2021-06-15 14:17:33,S,249.5,3,36
2021-06-15 14:17:33,S,249.45,2,26
2021-06-15 14:17:34,S,250.35,2,8
2021-06-15 14:17:34,S,250.4,2,14
2021-06-15 14:17:34,S,250.45,4,23
2021-06-15 14:17:34,S,250.55,1,5
2021-06-15 14:17:34,S,250.7,1,9
2021-06-15 14:17:34,S,249.65,2,11
2021-06-15 14:17:34,S,249.6,1,10
2021-06-15 14:17:34,S,249.55,4,111
2021-06-15 14:17:34,S,249.5,3,36
2021-06-15 14:17:34,S,249.45,2,26
2021-06-15 14:17:35,S,250.0,1,5
2021-06-15 14:17:35,S,250.35,2,8
2021-06-15 14:17:35,S,250.55,1,5
2021-06-15 14:17:35,S,250.65,1,5
2021-06-15 14:17:35,S,250.7,1,9
2021-06-15 14:17:35,S,249.75,2,11
2021-06-15 14:17:35,S,249.7,2,40
2021-06-15 14:17:35,S,249.65,1,58
2021-06-15 14:17:35,S,249.55,2,101
2021-06-15 14:17:35,S,249.5,3,36
2021-06-15 14:17:46,S,250.0,2,13
2021-06-15 14:17:46,S,250.35,2,8
2021-06-15 14:17:46,S,250.5,2,25
2021-06-15 14:17:46,S,250.55,2,21
2021-06-15 14:17:46,S,250.65,1,5
2021-06-15 14:17:46,S,249.7,2,9
2021-06-15 14:17:46,S,249.65,2,67
2021-06-15 14:17:46,S,249.6,2,39
2021-06-15 14:17:46,S,249.55,2,101
2021-06-15 14:17:46,S,249.5,3,36
2021-06-15 14:18:21,S,250.0,2,13
2021-06-15 14:18:21,S,250.35,2,8
2021-06-15 14:18:21,S,250.5,2,25
2021-06-15 14:18:21,S,250.55,2,21
2021-06-15 14:18:21,S,250.65,1,5
2021-06-15 14:18:21,S,249.7,2,9
2021-06-15 14:18:21,S,249.65,2,67
2021-06-15 14:18:21,S,249.6,2,39
2021-06-15 14:18:21,S,249.55,2,101
2021-06-15 14:18:21,S,249.5,3,36
2021-06-15 14:18:26,S,250.0,3,21
2021-06-15 14:18:26,S,250.35,2,8
2021-06-15 14:18:26,S,250.5,2,25
2021-06-15 14:18:26,S,250.55,2,21
2021-06-15 14:18:26,S,250.65,2,25
2021-06-15 14:18:26,S,249.55,1,88
2021-06-15 14:18:26,S,249.5,2,27
2021-06-15 14:18:26,S,249.45,2,30
2021-06-15 14:18:26,S,249.35,1,5
2021-06-15 14:18:26,S,249.25,4,86
2021-06-15 14:19:05,S,250.0,3,21
2021-06-15 14:19:05,S,250.35,2,8
2021-06-15 14:19:05,S,250.5,2,25
2021-06-15 14:19:05,S,250.55,2,21
2021-06-15 14:19:05,S,250.65,2,25
2021-06-15 14:19:05,S,249.55,1,88
2021-06-15 14:19:05,S,249.5,2,27
2021-06-15 14:19:05,S,249.45,2,30
2021-06-15 14:19:05,S,249.35,1,5
2021-06-15 14:19:05,S,249.25,4,86
2021-06-15 14:19:07,S,250.0,3,16
2021-06-15 14:19:07,S,250.35,2,8
2021-06-15 14:19:07,S,250.5,2,25
2021-06-15 14:19:07,S,250.55,2,21
2021-06-15 14:19:07,S,250.65,1,5
2021-06-15 14:19:07,S,249.55,1,88
2021-06-15 14:19:07,S,249.5,2,27
2021-06-15 14:19:07,S,249.35,2,32
2021-06-15 14:19:07,S,249.25,4,86
2021-06-15 14:19:07,S,249.15,1,5
2021-06-15 14:19:13,S,250.0,3,16
2021-06-15 14:19:13,S,250.35,2,8
2021-06-15 14:19:13,S,250.5,2,25
2021-06-15 14:19:13,S,250.55,2,21
2021-06-15 14:19:13,S,250.65,1,5
2021-06-15 14:19:13,S,249.55,1,88
2021-06-15 14:19:13,S,249.5,2,27
2021-06-15 14:19:13,S,249.35,2,32
2021-06-15 14:19:13,S,249.25,4,86
2021-06-15 14:19:13,S,249.15,1,5
2021-06-15 14:19:15,S,250.0,3,16
2021-06-15 14:19:15,S,250.35,2,8
2021-06-15 14:19:15,S,250.5,2,25
2021-06-15 14:19:15,S,250.55,2,21
2021-06-15 14:19:15,S,250.65,1,5
2021-06-15 14:19:15,S,249.55,1,88
2021-06-15 14:19:15,S,249.5,2,27
2021-06-15 14:19:15,S,249.35,2,32
2021-06-15 14:19:15,S,249.25,4,86
2021-06-15 14:19:15,S,249.15,1,5
2021-06-15 14:19:18,S,250.0,2,17
2021-06-15 14:19:18,S,250.3,2,10
2021-06-15 14:19:18,S,250.35,2,18
2021-06-15 14:19:18,S,250.5,1,9
2021-06-15 14:19:18,S,250.55,2,18
2021-06-15 14:19:18,S,249.75,1,1
2021-06-15 14:19:18,S,249.7,1,6
2021-06-15 14:19:18,S,249.65,1,48
2021-06-15 14:19:18,S,249.55,1,88
2021-06-15 14:19:18,S,249.5,2,27
2021-06-15 14:19:28,S,250.0,2,17
2021-06-15 14:19:28,S,250.3,2,10
2021-06-15 14:19:28,S,250.35,2,18
2021-06-15 14:19:28,S,250.55,2,18
2021-06-15 14:19:28,S,250.6,1,20
2021-06-15 14:19:28,S,249.75,1,1
2021-06-15 14:19:28,S,249.7,1,6
2021-06-15 14:19:28,S,249.65,1,48
2021-06-15 14:19:28,S,249.55,1,88
2021-06-15 14:19:28,S,249.5,2,27
2021-06-15 14:19:31,S,250.0,3,24
2021-06-15 14:19:31,S,250.3,2,10
2021-06-15 14:19:31,S,250.35,2,18
2021-06-15 14:19:31,S,250.55,2,18
2021-06-15 14:19:31,S,250.65,1,20
2021-06-15 14:19:31,S,249.75,1,1
2021-06-15 14:19:31,S,249.7,1,6
2021-06-15 14:19:31,S,249.65,1,48
2021-06-15 14:19:31,S,249.55,1,88
2021-06-15 14:19:31,S,249.5,2,27
2021-06-15 14:19:51,S,250.0,3,24
2021-06-15 14:19:51,S,250.3,2,10
2021-06-15 14:19:51,S,250.35,2,18
2021-06-15 14:19:51,S,250.55,2,18
2021-06-15 14:19:51,S,250.7,1,20
2021-06-15 14:19:51,S,249.85,1,1
2021-06-15 14:19:51,S,249.8,1,88
2021-06-15 14:19:51,S,249.7,2,33
2021-06-15 14:19:51,S,249.65,1,48
2021-06-15 14:19:51,S,249.5,2,27
2021-06-15 14:20:16,S,250.0,3,24
2021-06-15 14:20:16,S,250.3,2,10
2021-06-15 14:20:16,S,250.35,2,18
2021-06-15 14:20:16,S,250.55,2,18
2021-06-15 14:20:16,S,250.7,1,20
2021-06-15 14:20:16,S,249.85,1,1
2021-06-15 14:20:16,S,249.8,1,88
2021-06-15 14:20:16,S,249.7,2,33
2021-06-15 14:20:16,S,249.65,1,48
2021-06-15 14:20:16,S,249.5,2,27
2021-06-15 14:20:18,S,250.0,3,24
2021-06-15 14:20:18,S,250.3,2,10
2021-06-15 14:20:18,S,250.35,2,18
2021-06-15 14:20:18,S,250.55,2,18
2021-06-15 14:20:18,S,250.6,1,20
2021-06-15 14:20:18,S,249.8,1,79
2021-06-15 14:20:18,S,249.7,2,33
2021-06-15 14:20:18,S,249.65,2,54
2021-06-15 14:20:18,S,249.5,2,27
2021-06-15 14:20:18,S,249.45,1,9
2021-06-15 14:20:23,S,250.0,1,9
2021-06-15 14:20:23,S,250.5,2,9
2021-06-15 14:20:23,S,250.75,3,30
2021-06-15 14:20:23,S,250.85,1,5
2021-06-15 14:20:23,S,250.95,3,16
2021-06-15 14:20:23,S,249.8,2,101
2021-06-15 14:20:23,S,249.7,2,3
2021-06-15 14:20:23,S,249.65,2,54
2021-06-15 14:20:23,S,249.5,2,27
2021-06-15 14:20:23,S,249.45,1,9
2021-06-15 14:20:24,S,250.0,1,9
2021-06-15 14:20:24,S,250.5,2,9
2021-06-15 14:20:24,S,250.75,3,30
2021-06-15 14:20:24,S,250.85,1,5
2021-06-15 14:20:24,S,250.95,3,16
2021-06-15 14:20:24,S,249.8,2,101
2021-06-15 14:20:24,S,249.7,2,3
2021-06-15 14:20:24,S,249.65,2,54
2021-06-15 14:20:24,S,249.5,2,27
2021-06-15 14:20:24,S,249.45,1,9
2021-06-15 14:20:25,S,250.65,2,7
2021-06-15 14:20:25,S,250.75,3,30
2021-06-15 14:20:25,S,250.85,1,5
2021-06-15 14:20:25,S,250.95,2,14
2021-06-15 14:20:25,S,251.05,2,6
2021-06-15 14:20:25,S,250.05,2,10
2021-06-15 14:20:25,S,250.0,2,79
2021-06-15 14:20:25,S,249.85,2,29
2021-06-15 14:20:25,S,249.8,2,101
2021-06-15 14:20:25,S,249.75,1,1
2021-06-15 14:20:27,S,250.65,2,7
2021-06-15 14:20:27,S,250.75,3,30
2021-06-15 14:20:27,S,250.85,1,5
2021-06-15 14:20:27,S,250.95,2,14
2021-06-15 14:20:27,S,251.05,2,6
2021-06-15 14:20:27,S,250.05,2,10
2021-06-15 14:20:27,S,250.0,2,79
2021-06-15 14:20:27,S,249.85,2,29
2021-06-15 14:20:27,S,249.8,2,101
2021-06-15 14:20:27,S,249.75,1,1
2021-06-15 14:20:27,S,250.65,2,7
2021-06-15 14:20:27,S,250.75,3,30
2021-06-15 14:20:27,S,250.85,1,5
2021-06-15 14:20:27,S,250.95,2,14
2021-06-15 14:20:27,S,251.05,2,6
2021-06-15 14:20:27,S,250.05,2,10
2021-06-15 14:20:27,S,250.0,2,79
2021-06-15 14:20:27,S,249.85,2,29
2021-06-15 14:20:27,S,249.8,2,101
2021-06-15 14:20:27,S,249.75,1,1
2021-06-15 14:20:28,S,250.55,2,7
2021-06-15 14:20:28,S,250.75,4,35
2021-06-15 14:20:28,S,250.85,1,5
2021-06-15 14:20:28,S,250.95,2,14
2021-06-15 14:20:28,S,251.1,1,20
2021-06-15 14:20:28,S,249.9,2,21
2021-06-15 14:20:28,S,249.85,2,17
2021-06-15 14:20:28,S,249.8,3,92
2021-06-15 14:20:28,S,249.7,2,14
2021-06-15 14:20:28,S,249.65,1,48
2021-06-15 14:20:30,S,250.55,3,15
2021-06-15 14:20:30,S,250.75,4,35
2021-06-15 14:20:30,S,250.85,1,5
2021-06-15 14:20:30,S,250.95,2,14
2021-06-15 14:20:30,S,251.1,1,20
2021-06-15 14:20:30,S,249.9,2,21
2021-06-15 14:20:30,S,249.85,2,17
2021-06-15 14:20:30,S,249.8,3,92
2021-06-15 14:20:30,S,249.7,2,14
2021-06-15 14:20:30,S,249.65,1,48
2021-06-15 14:20:34,S,250.25,1,8
2021-06-15 14:20:34,S,250.55,3,16
2021-06-15 14:20:34,S,250.7,2,29
2021-06-15 14:20:34,S,250.75,4,35
2021-06-15 14:20:34,S,250.85,1,5
2021-06-15 14:20:34,S,249.85,2,17
2021-06-15 14:20:34,S,249.8,3,99
2021-06-15 14:20:34,S,249.7,3,28
2021-06-15 14:20:34,S,249.65,1,48
2021-06-15 14:20:34,S,249.6,1,5
2021-06-15 14:20:40,S,250.0,1,8
2021-06-15 14:20:40,S,250.55,3,16
2021-06-15 14:20:40,S,250.7,2,29
2021-06-15 14:20:40,S,250.75,4,35
2021-06-15 14:20:40,S,250.85,1,5
2021-06-15 14:20:40,S,249.8,1,79
2021-06-15 14:20:40,S,249.7,2,15
2021-06-15 14:20:40,S,249.65,3,84
2021-06-15 14:20:40,S,249.5,4,41
2021-06-15 14:20:40,S,249.4,1,5
2021-06-15 14:20:46,S,250.0,1,8
2021-06-15 14:20:46,S,250.55,3,16
2021-06-15 14:20:46,S,250.7,2,29
2021-06-15 14:20:46,S,250.75,4,35
2021-06-15 14:20:46,S,250.85,1,5
2021-06-15 14:20:46,S,249.8,1,79
2021-06-15 14:20:46,S,249.7,2,15
2021-06-15 14:20:46,S,249.65,3,84
2021-06-15 14:20:46,S,249.5,4,41
2021-06-15 14:20:46,S,249.4,1,5
2021-06-15 14:20:47,S,250.8,2,6
2021-06-15 14:20:47,S,250.95,2,14
2021-06-15 14:20:47,S,251.05,1,5
2021-06-15 14:20:47,S,251.1,1,20
2021-06-15 14:20:47,S,251.15,3,74
2021-06-15 14:20:47,S,250.25,1,133
2021-06-15 14:20:47,S,249.9,2,24
2021-06-15 14:20:47,S,249.85,2,19
2021-06-15 14:20:47,S,249.8,2,101
2021-06-15 14:20:47,S,249.5,4,41
2021-06-15 14:20:48,S,250.8,2,6
2021-06-15 14:20:48,S,250.95,2,14
2021-06-15 14:20:48,S,251.05,1,5
2021-06-15 14:20:48,S,251.1,1,20
2021-06-15 14:20:48,S,251.15,3,74
2021-06-15 14:20:48,S,250.25,1,133
2021-06-15 14:20:48,S,249.9,2,24
2021-06-15 14:20:48,S,249.85,2,19
2021-06-15 14:20:48,S,249.8,2,101
2021-06-15 14:20:48,S,249.5,4,41
2021-06-15 14:20:49,S,249.95,1,1
2021-06-15 14:20:49,S,250.0,2,143
2021-06-15 14:20:49,S,250.05,2,18
2021-06-15 14:20:49,S,250.7,1,20
2021-06-15 14:20:49,S,250.75,1,57
2021-06-15 14:20:49,S,249.8,1,79
2021-06-15 14:20:49,S,249.55,2,24
2021-06-15 14:20:49,S,249.5,2,27
2021-06-15 14:20:49,S,249.35,1,5
2021-06-15 14:20:49,S,249.3,1,9
2021-06-15 14:20:52,S,250.5,2,6
2021-06-15 14:20:52,S,250.55,2,18
2021-06-15 14:20:52,S,250.7,2,14
2021-06-15 14:20:52,S,250.8,3,15
2021-06-15 14:20:52,S,250.9,1,5
2021-06-15 14:20:52,S,250.25,1,1
2021-06-15 14:20:52,S,250.1,1,1
2021-06-15 14:20:52,S,250.05,1,1
2021-06-15 14:20:52,S,249.85,2,13
2021-06-15 14:20:52,S,249.8,3,99
2021-06-15 14:20:52,S,250.5,2,6
2021-06-15 14:20:52,S,250.55,2,18
2021-06-15 14:20:52,S,250.7,2,14
2021-06-15 14:20:52,S,250.8,3,15
2021-06-15 14:20:52,S,250.9,1,5
2021-06-15 14:20:52,S,250.25,1,1
2021-06-15 14:20:52,S,250.1,1,1
2021-06-15 14:20:52,S,250.05,1,1
2021-06-15 14:20:52,S,249.85,2,13
2021-06-15 14:20:52,S,249.8,3,99
2021-06-15 14:20:54,S,250.5,2,6
2021-06-15 14:20:54,S,250.55,2,18
2021-06-15 14:20:54,S,250.7,2,14
2021-06-15 14:20:54,S,250.8,3,15
2021-06-15 14:20:54,S,250.9,1,5
2021-06-15 14:20:54,S,250.25,1,1
2021-06-15 14:20:54,S,250.1,1,1
2021-06-15 14:20:54,S,250.05,1,1
2021-06-15 14:20:54,S,249.85,2,13
2021-06-15 14:20:54,S,249.8,3,99
2021-06-15 14:20:55,S,250.55,2,10
2021-06-15 14:20:55,S,250.6,1,9
2021-06-15 14:20:55,S,250.65,4,19
2021-06-15 14:20:55,S,250.75,1,5
2021-06-15 14:20:55,S,250.95,2,14
2021-06-15 14:20:55,S,249.8,2,84
2021-06-15 14:20:55,S,249.7,4,25
2021-06-15 14:20:55,S,249.65,2,64
2021-06-15 14:20:55,S,249.6,2,6
2021-06-15 14:20:55,S,249.5,3,36
2021-06-15 14:21:00,S,250.55,3,18
2021-06-15 14:21:00,S,250.6,1,9
2021-06-15 14:21:00,S,250.65,4,19
2021-06-15 14:21:00,S,250.75,1,5
2021-06-15 14:21:00,S,250.95,2,14
2021-06-15 14:21:00,S,249.8,2,84
2021-06-15 14:21:00,S,249.7,5,34
2021-06-15 14:21:00,S,249.65,2,64
2021-06-15 14:21:00,S,249.6,1,5
2021-06-15 14:21:00,S,249.55,1,1
2021-06-15 14:21:05,S,250.2,1,8
2021-06-15 14:21:05,S,250.55,2,10
2021-06-15 14:21:05,S,250.6,2,14
2021-06-15 14:21:05,S,250.65,4,19
2021-06-15 14:21:05,S,250.75,1,5
2021-06-15 14:21:05,S,249.8,1,79
2021-06-15 14:21:05,S,249.7,2,15
2021-06-15 14:21:05,S,249.65,2,64
2021-06-15 14:21:05,S,249.6,1,5
2021-06-15 14:21:05,S,249.5,4,41
2021-06-15 14:21:10,S,250.0,1,8
2021-06-15 14:21:10,S,250.55,2,10
2021-06-15 14:21:10,S,250.6,2,14
2021-06-15 14:21:10,S,250.65,4,19
2021-06-15 14:21:10,S,250.75,1,5
2021-06-15 14:21:10,S,249.8,1,79
2021-06-15 14:21:10,S,249.7,2,15
2021-06-15 14:21:10,S,249.65,2,64
2021-06-15 14:21:10,S,249.5,4,41
2021-06-15 14:21:10,S,249.4,1,5
2021-06-15 14:21:13,S,250.0,1,8
2021-06-15 14:21:13,S,250.55,2,10
2021-06-15 14:21:13,S,250.6,2,14
2021-06-15 14:21:13,S,250.65,4,19
2021-06-15 14:21:13,S,250.75,1,5
2021-06-15 14:21:13,S,249.8,1,79
2021-06-15 14:21:13,S,249.7,2,15
2021-06-15 14:21:13,S,249.65,3,77
2021-06-15 14:21:13,S,249.5,4,41
2021-06-15 14:21:13,S,249.4,1,5
2021-06-15 14:21:16,S,250.0,2,17
2021-06-15 14:21:16,S,250.35,1,1
2021-06-15 14:21:16,S,250.4,2,17
2021-06-15 14:21:16,S,250.55,1,9
2021-06-15 14:21:16,S,250.6,2,14
2021-06-15 14:21:16,S,249.8,1,79
2021-06-15 14:21:16,S,249.7,2,15
2021-06-15 14:21:16,S,249.65,2,64
2021-06-15 14:21:16,S,249.5,4,41
2021-06-15 14:21:16,S,249.4,1,5
2021-06-15 14:21:31,S,250.0,3,25
2021-06-15 14:21:31,S,250.35,2,8
2021-06-15 14:21:31,S,250.4,2,17
2021-06-15 14:21:31,S,250.55,1,9
2021-06-15 14:21:31,S,250.6,2,14
2021-06-15 14:21:31,S,249.8,1,79
2021-06-15 14:21:31,S,249.7,2,15
2021-06-15 14:21:31,S,249.65,2,64
2021-06-15 14:21:31,S,249.5,4,41
2021-06-15 14:21:31,S,249.4,1,5
2021-06-15 14:21:34,S,250.0,4,30
2021-06-15 14:21:34,S,250.25,2,9
2021-06-15 14:21:34,S,250.3,1,8
2021-06-15 14:21:34,S,250.4,2,17
2021-06-15 14:21:34,S,250.6,2,14
2021-06-15 14:21:34,S,249.8,1,79
2021-06-15 14:21:34,S,249.55,2,21
2021-06-15 14:21:34,S,249.5,3,36
2021-06-15 14:21:34,S,249.4,1,5
2021-06-15 14:21:34,S,249.3,2,14
2021-06-15 14:21:36,S,250.0,4,30
2021-06-15 14:21:36,S,250.1,2,9
2021-06-15 14:21:36,S,250.15,2,20
2021-06-15 14:21:36,S,250.4,2,17
2021-06-15 14:21:36,S,250.6,2,14
2021-06-15 14:21:36,S,249.8,1,79
2021-06-15 14:21:36,S,249.55,2,21
2021-06-15 14:21:36,S,249.5,2,27
2021-06-15 14:21:36,S,249.4,1,5
2021-06-15 14:21:36,S,249.3,2,14
2021-06-15 14:21:53,S,250.0,4,30
2021-06-15 14:21:53,S,250.35,1,1
2021-06-15 14:21:53,S,250.4,2,17
2021-06-15 14:21:53,S,250.6,2,14
2021-06-15 14:21:53,S,250.65,4,19
2021-06-15 14:21:53,S,249.8,2,86
2021-06-15 14:21:53,S,249.55,2,21
2021-06-15 14:21:53,S,249.5,3,36
2021-06-15 14:21:53,S,249.4,1,5
2021-06-15 14:21:53,S,249.3,2,14
2021-06-15 14:21:54,S,250.0,4,30
2021-06-15 14:21:54,S,250.35,1,1
2021-06-15 14:21:54,S,250.4,2,17
2021-06-15 14:21:54,S,250.6,2,14
2021-06-15 14:21:54,S,250.65,4,19
2021-06-15 14:21:54,S,249.8,2,86
2021-06-15 14:21:54,S,249.55,2,21
2021-06-15 14:21:54,S,249.5,3,36
2021-06-15 14:21:54,S,249.4,1,5
2021-06-15 14:21:54,S,249.3,2,14
2021-06-15 14:21:55,S,250.0,3,25
2021-06-15 14:21:55,S,250.35,2,9
2021-06-15 14:21:55,S,250.4,2,17
2021-06-15 14:21:55,S,250.6,2,14
2021-06-15 14:21:55,S,250.65,4,19
2021-06-15 14:21:55,S,249.8,2,36
2021-06-15 14:21:55,S,249.55,2,21
2021-06-15 14:21:55,S,249.5,3,36
2021-06-15 14:21:55,S,249.4,1,5
2021-06-15 14:21:55,S,249.3,2,14
2021-06-15 14:22:15,S,250.0,3,25
2021-06-15 14:22:15,S,250.35,2,9
2021-06-15 14:22:15,S,250.4,2,17
2021-06-15 14:22:15,S,250.6,2,14
2021-06-15 14:22:15,S,250.65,4,19
2021-06-15 14:22:15,S,249.8,2,36
2021-06-15 14:22:15,S,249.55,2,21
2021-06-15 14:22:15,S,249.5,3,36
2021-06-15 14:22:15,S,249.4,1,5
2021-06-15 14:22:15,S,249.3,2,14
2021-06-15 14:22:30,S,250.0,3,25
2021-06-15 14:22:30,S,250.35,2,9
2021-06-15 14:22:30,S,250.4,2,17
2021-06-15 14:22:30,S,250.6,2,14
2021-06-15 14:22:30,S,250.65,4,19
2021-06-15 14:22:30,S,249.8,2,11
2021-06-15 14:22:30,S,249.55,2,21
2021-06-15 14:22:30,S,249.5,2,27
2021-06-15 14:22:30,S,249.4,1,5
2021-06-15 14:22:30,S,249.3,2,14
2021-06-15 14:22:55,S,249.95,2,8
2021-06-15 14:22:55,S,250.0,4,28
2021-06-15 14:22:55,S,250.05,2,17
2021-06-15 14:22:55,S,250.2,1,9
2021-06-15 14:22:55,S,250.4,2,17
2021-06-15 14:22:55,S,249.8,2,11
2021-06-15 14:22:55,S,249.6,1,2
2021-06-15 14:22:55,S,249.5,2,27
2021-06-15 14:22:55,S,249.3,2,14
2021-06-15 14:22:55,S,249.25,2,72
2021-06-15 14:23:09,S,249.95,1,1
2021-06-15 14:23:09,S,250.0,4,35
2021-06-15 14:23:09,S,250.15,1,10
2021-06-15 14:23:09,S,250.2,1,12
2021-06-15 14:23:09,S,250.4,2,17
2021-06-15 14:23:09,S,249.8,2,11
2021-06-15 14:23:09,S,249.55,2,15
2021-06-15 14:23:09,S,249.5,2,27
2021-06-15 14:23:09,S,249.3,2,14
2021-06-15 14:23:09,S,249.25,2,72
2021-06-15 14:23:12,S,249.95,2,7
2021-06-15 14:23:12,S,250.0,4,35
2021-06-15 14:23:12,S,250.15,2,23
2021-06-15 14:23:12,S,250.2,2,21
2021-06-15 14:23:12,S,250.4,2,17
2021-06-15 14:23:12,S,249.8,2,11
2021-06-15 14:23:12,S,249.55,2,15
2021-06-15 14:23:12,S,249.5,2,27
2021-06-15 14:23:12,S,249.3,2,14
2021-06-15 14:23:12,S,249.25,2,72
2021-06-15 14:23:21,S,249.95,2,7
2021-06-15 14:23:21,S,250.0,4,35
2021-06-15 14:23:21,S,250.15,2,23
2021-06-15 14:23:21,S,250.2,2,21
2021-06-15 14:23:21,S,250.4,2,17
2021-06-15 14:23:21,S,249.8,2,11
2021-06-15 14:23:21,S,249.55,2,15
2021-06-15 14:23:21,S,249.5,2,27
2021-06-15 14:23:21,S,249.3,2,14
2021-06-15 14:23:21,S,249.25,2,72
2021-06-15 14:23:22,S,250.0,3,25
2021-06-15 14:23:22,S,250.35,2,12
2021-06-15 14:23:22,S,250.4,2,17
2021-06-15 14:23:22,S,250.6,2,14
2021-06-15 14:23:22,S,250.65,4,19
2021-06-15 14:23:22,S,249.85,1,1
2021-06-15 14:23:22,S,249.8,3,22
2021-06-15 14:23:22,S,249.6,2,22
2021-06-15 14:23:22,S,249.5,2,27
2021-06-15 14:23:22,S,249.3,2,14
2021-06-15 14:23:32,S,250.0,3,24
2021-06-15 14:23:32,S,250.35,2,12
2021-06-15 14:23:32,S,250.6,2,14
2021-06-15 14:23:32,S,250.65,4,19
2021-06-15 14:23:32,S,250.7,1,20
2021-06-15 14:23:32,S,249.85,2,6
2021-06-15 14:23:32,S,249.8,3,22
2021-06-15 14:23:32,S,249.65,4,83
2021-06-15 14:23:32,S,249.5,2,27
2021-06-15 14:23:32,S,249.3,2,14
2021-06-15 14:23:34,S,250.0,3,21
2021-06-15 14:23:34,S,250.35,2,12
2021-06-15 14:23:34,S,250.4,2,14
2021-06-15 14:23:34,S,250.6,2,14
2021-06-15 14:23:34,S,250.65,4,19
2021-06-15 14:23:34,S,249.85,2,6
2021-06-15 14:23:34,S,249.8,3,22
2021-06-15 14:23:34,S,249.7,2,16
2021-06-15 14:23:34,S,249.65,3,70
2021-06-15 14:23:34,S,249.5,2,27
2021-06-15 14:23:37,S,250.0,3,21
2021-06-15 14:23:37,S,250.35,2,12
2021-06-15 14:23:37,S,250.4,2,14
2021-06-15 14:23:37,S,250.6,2,14
2021-06-15 14:23:37,S,250.65,4,19
2021-06-15 14:23:37,S,249.85,2,6
2021-06-15 14:23:37,S,249.8,3,22
2021-06-15 14:23:37,S,249.7,2,16
2021-06-15 14:23:37,S,249.65,3,70
2021-06-15 14:23:37,S,249.5,3,36
2021-06-15 14:23:42,S,250.0,3,21
2021-06-15 14:23:42,S,250.35,2,12
2021-06-15 14:23:42,S,250.4,2,14
2021-06-15 14:23:42,S,250.6,2,14
2021-06-15 14:23:42,S,250.65,4,19
2021-06-15 14:23:42,S,249.85,2,6
2021-06-15 14:23:42,S,249.8,3,22
2021-06-15 14:23:42,S,249.7,2,16
2021-06-15 14:23:42,S,249.65,3,70
2021-06-15 14:23:42,S,249.5,3,36
2021-06-15 14:23:46,S,250.0,3,21
2021-06-15 14:23:46,S,250.35,2,12
2021-06-15 14:23:46,S,250.4,2,14
2021-06-15 14:23:46,S,250.6,2,14
2021-06-15 14:23:46,S,250.65,4,19
2021-06-15 14:23:46,S,249.85,2,6
2021-06-15 14:23:46,S,249.8,3,22
2021-06-15 14:23:46,S,249.7,2,16
2021-06-15 14:23:46,S,249.65,3,70
2021-06-15 14:23:46,S,249.5,3,36
2021-06-15 14:23:47,S,249.95,1,1
2021-06-15 14:23:47,S,250.0,4,31
2021-06-15 14:23:47,S,250.4,2,14
2021-06-15 14:23:47,S,250.6,2,14
2021-06-15 14:23:47,S,250.65,4,19
2021-06-15 14:23:47,S,249.55,2,5
2021-06-15 14:23:47,S,249.5,2,27
2021-06-15 14:23:47,S,249.3,2,10
2021-06-15 14:23:47,S,249.25,2,72
2021-06-15 14:23:47,S,249.2,1,5
2021-06-15 14:23:50,S,249.95,1,1
2021-06-15 14:23:50,S,250.0,4,31
2021-06-15 14:23:50,S,250.1,2,15
2021-06-15 14:23:50,S,250.4,2,14
2021-06-15 14:23:50,S,250.6,2,14
2021-06-15 14:23:50,S,249.55,1,1
2021-06-15 14:23:50,S,249.5,2,27
2021-06-15 14:23:50,S,249.3,2,10
2021-06-15 14:23:50,S,249.25,2,72
2021-06-15 14:23:50,S,249.2,1,5
2021-06-15 14:23:55,S,249.95,1,1
2021-06-15 14:23:55,S,250.0,4,31
2021-06-15 14:23:55,S,250.1,2,15
2021-06-15 14:23:55,S,250.4,2,14
2021-06-15 14:23:55,S,250.6,2,14
2021-06-15 14:23:55,S,249.55,1,1
2021-06-15 14:23:55,S,249.5,2,27
2021-06-15 14:23:55,S,249.3,2,10
2021-06-15 14:23:55,S,249.25,2,72
2021-06-15 14:23:55,S,249.2,1,5
2021-06-15 14:24:01,S,249.95,1,1
2021-06-15 14:24:01,S,250.0,4,31
2021-06-15 14:24:01,S,250.1,2,15
2021-06-15 14:24:01,S,250.4,2,14
2021-06-15 14:24:01,S,250.6,2,14
2021-06-15 14:24:01,S,249.55,1,1
2021-06-15 14:24:01,S,249.5,2,27
2021-06-15 14:24:01,S,249.3,2,10
2021-06-15 14:24:01,S,249.25,2,72
2021-06-15 14:24:01,S,249.2,1,5
2021-06-15 14:24:04,S,249.95,1,1
2021-06-15 14:24:04,S,250.0,4,31
2021-06-15 14:24:04,S,250.1,2,15
2021-06-15 14:24:04,S,250.4,2,14
2021-06-15 14:24:04,S,250.6,2,14
2021-06-15 14:24:04,S,249.55,1,1
2021-06-15 14:24:04,S,249.5,2,27
2021-06-15 14:24:04,S,249.3,2,10
2021-06-15 14:24:04,S,249.25,2,72
2021-06-15 14:24:04,S,249.2,1,5
2021-06-15 14:24:16,S,249.95,1,1
2021-06-15 14:24:16,S,250.0,4,31
2021-06-15 14:24:16,S,250.1,2,15
2021-06-15 14:24:16,S,250.4,2,14
2021-06-15 14:24:16,S,250.6,3,34
2021-06-15 14:24:16,S,249.55,2,3
2021-06-15 14:24:16,S,249.5,2,27
2021-06-15 14:24:16,S,249.3,2,10
2021-06-15 14:24:16,S,249.25,2,72
2021-06-15 14:24:16,S,249.2,1,5
2021-06-15 14:24:27,S,249.95,1,1
2021-06-15 14:24:27,S,250.0,4,31
2021-06-15 14:24:27,S,250.1,2,15
2021-06-15 14:24:27,S,250.4,2,14
2021-06-15 14:24:27,S,250.6,2,14
2021-06-15 14:24:27,S,249.55,1,1
2021-06-15 14:24:27,S,249.5,2,27
2021-06-15 14:24:27,S,249.3,2,10
2021-06-15 14:24:27,S,249.25,2,72
2021-06-15 14:24:27,S,249.2,1,5
2021-06-15 14:24:35,S,249.95,1,1
2021-06-15 14:24:35,S,250.0,4,31
2021-06-15 14:24:35,S,250.1,2,15
2021-06-15 14:24:35,S,250.4,2,14
2021-06-15 14:24:35,S,250.6,2,14
2021-06-15 14:24:35,S,249.55,1,1
2021-06-15 14:24:35,S,249.5,2,27
2021-06-15 14:24:35,S,249.3,2,10
2021-06-15 14:24:35,S,249.25,2,72
2021-06-15 14:24:35,S,249.2,1,5
2021-06-15 14:24:36,S,249.95,1,1
2021-06-15 14:24:36,S,250.0,4,31
2021-06-15 14:24:36,S,250.1,2,15
2021-06-15 14:24:36,S,250.4,2,14
2021-06-15 14:24:36,S,250.6,2,14
2021-06-15 14:24:36,S,249.55,1,1
2021-06-15 14:24:36,S,249.5,2,27
2021-06-15 14:24:36,S,249.3,2,10
2021-06-15 14:24:36,S,249.25,2,72
2021-06-15 14:24:36,S,249.2,1,5
2021-06-15 14:24:36,S,249.95,1,1
2021-06-15 14:24:36,S,250.0,4,31
2021-06-15 14:24:36,S,250.1,2,15
2021-06-15 14:24:36,S,250.4,2,14
2021-06-15 14:24:36,S,250.6,2,14
2021-06-15 14:24:36,S,249.55,1,1
2021-06-15 14:24:36,S,249.5,2,27
2021-06-15 14:24:36,S,249.3,2,10
2021-06-15 14:24:36,S,249.25,2,72
2021-06-15 14:24:36,S,249.2,1,5
2021-06-15 14:24:39,S,249.95,3,15
2021-06-15 14:24:39,S,250.0,2,176
2021-06-15 14:24:39,S,250.05,2,13
2021-06-15 14:24:39,S,250.25,1,9
2021-06-15 14:24:39,S,250.5,2,7
2021-06-15 14:24:39,S,249.5,1,14
2021-06-15 14:24:39,S,249.25,2,72
2021-06-15 14:24:39,S,249.2,1,5
2021-06-15 14:24:39,S,249.1,1,5
2021-06-15 14:24:39,S,249.05,4,612
2021-06-15 14:24:41,S,250.25,3,8
2021-06-15 14:24:41,S,250.3,3,24
2021-06-15 14:24:41,S,250.35,2,7
2021-06-15 14:24:41,S,250.4,2,15
2021-06-15 14:24:41,S,250.5,1,2
2021-06-15 14:24:41,S,249.5,2,15
2021-06-15 14:24:41,S,249.4,3,18
2021-06-15 14:24:41,S,249.3,4,13
2021-06-15 14:24:41,S,249.25,2,72
2021-06-15 14:24:41,S,249.2,1,5
2021-06-15 14:24:47,S,250.25,4,16
2021-06-15 14:24:47,S,250.3,3,24
2021-06-15 14:24:47,S,250.35,2,7
2021-06-15 14:24:47,S,250.4,2,15
2021-06-15 14:24:47,S,250.65,2,11
2021-06-15 14:24:47,S,249.5,3,20
2021-06-15 14:24:47,S,249.4,4,23
2021-06-15 14:24:47,S,249.35,2,13
2021-06-15 14:24:47,S,249.3,3,8
2021-06-15 14:24:47,S,249.25,2,72
2021-06-15 14:24:50,S,249.95,1,1
2021-06-15 14:24:50,S,250.0,1,8
2021-06-15 14:24:50,S,250.25,2,7
2021-06-15 14:24:50,S,250.3,3,24
2021-06-15 14:24:50,S,250.35,2,7
2021-06-15 14:24:50,S,249.5,2,15
2021-06-15 14:24:50,S,249.45,2,21
2021-06-15 14:24:50,S,249.35,2,9
2021-06-15 14:24:50,S,249.25,3,77
2021-06-15 14:24:50,S,249.15,2,14
2021-06-15 14:25:00,S,249.95,1,1
2021-06-15 14:25:00,S,250.0,2,16
2021-06-15 14:25:00,S,250.1,2,21
2021-06-15 14:25:00,S,250.25,2,7
2021-06-15 14:25:00,S,250.3,3,24
2021-06-15 14:25:00,S,249.5,2,15
2021-06-15 14:25:00,S,249.35,2,9
2021-06-15 14:25:00,S,249.25,3,77
2021-06-15 14:25:00,S,249.15,2,14
2021-06-15 14:25:00,S,249.05,6,626
2021-06-15 14:25:18,S,249.95,1,1
2021-06-15 14:25:18,S,250.0,4,32
2021-06-15 14:25:18,S,250.1,2,21
2021-06-15 14:25:18,S,250.25,2,7
2021-06-15 14:25:18,S,250.3,3,24
2021-06-15 14:25:18,S,249.5,2,15
2021-06-15 14:25:18,S,249.35,2,9
2021-06-15 14:25:18,S,249.25,3,77
2021-06-15 14:25:18,S,249.15,2,14
2021-06-15 14:25:18,S,249.05,6,626
2021-06-15 14:25:20,S,249.95,2,2
2021-06-15 14:25:20,S,250.0,5,44
2021-06-15 14:25:20,S,250.1,2,21
2021-06-15 14:25:20,S,250.25,2,7
2021-06-15 14:25:20,S,250.3,3,24
2021-06-15 14:25:20,S,249.5,1,14
2021-06-15 14:25:20,S,249.25,3,77
2021-06-15 14:25:20,S,249.15,2,14
2021-06-15 14:25:20,S,249.05,6,626
2021-06-15 14:25:20,S,249.0,5,295
2021-06-15 14:25:23,S,249.95,2,2
2021-06-15 14:25:23,S,250.0,5,44
2021-06-15 14:25:23,S,250.1,2,21
2021-06-15 14:25:23,S,250.25,2,7
2021-06-15 14:25:23,S,250.3,3,24
2021-06-15 14:25:23,S,249.5,1,14
2021-06-15 14:25:23,S,249.25,3,77
2021-06-15 14:25:23,S,249.15,2,14
2021-06-15 14:25:23,S,249.05,6,626
2021-06-15 14:25:23,S,249.0,5,295
2021-06-15 14:25:28,S,249.95,1,1
2021-06-15 14:25:28,S,250.0,4,33
2021-06-15 14:25:28,S,250.2,1,8
2021-06-15 14:25:28,S,250.25,2,7
2021-06-15 14:25:28,S,250.3,3,24
2021-06-15 14:25:28,S,249.55,1,89
2021-06-15 14:25:28,S,249.5,2,26
2021-06-15 14:25:28,S,249.25,3,77
2021-06-15 14:25:28,S,249.15,2,14
2021-06-15 14:25:28,S,249.05,8,630
2021-06-15 14:25:51,S,249.95,1,1
2021-06-15 14:25:51,S,250.0,4,33
2021-06-15 14:25:51,S,250.1,2,14
2021-06-15 14:25:51,S,250.25,2,7
2021-06-15 14:25:51,S,250.3,3,24
2021-06-15 14:25:51,S,249.55,1,89
2021-06-15 14:25:51,S,249.5,2,26
2021-06-15 14:25:51,S,249.25,3,77
2021-06-15 14:25:51,S,249.15,2,14
2021-06-15 14:25:51,S,249.05,6,626
2021-06-15 14:26:09,S,249.95,1,1
2021-06-15 14:26:09,S,250.0,4,33
2021-06-15 14:26:09,S,250.1,2,14
2021-06-15 14:26:09,S,250.25,2,7
2021-06-15 14:26:09,S,250.3,3,24
2021-06-15 14:26:09,S,249.6,1,14
2021-06-15 14:26:09,S,249.55,2,111
2021-06-15 14:26:09,S,249.5,1,12
2021-06-15 14:26:09,S,249.35,1,9
2021-06-15 14:26:09,S,249.25,3,77
2021-06-15 14:26:23,S,249.95,1,1
2021-06-15 14:26:23,S,250.0,4,34
2021-06-15 14:26:23,S,250.25,2,7
2021-06-15 14:26:23,S,250.3,3,24
2021-06-15 14:26:23,S,250.35,2,7
2021-06-15 14:26:23,S,249.6,1,14
2021-06-15 14:26:23,S,249.55,2,111
2021-06-15 14:26:23,S,249.35,2,17
2021-06-15 14:26:23,S,249.25,3,77
2021-06-15 14:26:23,S,249.15,2,14
2021-06-15 14:26:31,S,250.0,3,25
2021-06-15 14:26:31,S,250.2,2,10
2021-06-15 14:26:31,S,250.25,2,7
2021-06-15 14:26:31,S,250.3,3,24
2021-06-15 14:26:31,S,250.35,3,27
2021-06-15 14:26:31,S,249.65,1,89
2021-06-15 14:26:31,S,249.6,2,36
2021-06-15 14:26:31,S,249.55,2,35
2021-06-15 14:26:31,S,249.35,2,17
2021-06-15 14:26:31,S,249.25,3,77
2021-06-15 14:27:07,S,250.0,3,25
2021-06-15 14:27:07,S,250.2,2,10
2021-06-15 14:27:07,S,250.25,2,7
2021-06-15 14:27:07,S,250.3,3,24
2021-06-15 14:27:07,S,250.35,3,27
2021-06-15 14:27:07,S,249.65,1,89
2021-06-15 14:27:07,S,249.6,2,36
2021-06-15 14:27:07,S,249.55,2,35
2021-06-15 14:27:07,S,249.35,2,17
2021-06-15 14:27:07,S,249.25,3,77
2021-06-15 14:27:09,S,249.85,3,17
2021-06-15 14:27:09,S,249.9,1,4
2021-06-15 14:27:09,S,249.95,1,4
2021-06-15 14:27:09,S,250.0,4,31
2021-06-15 14:27:09,S,250.05,1,5
2021-06-15 14:27:09,S,249.35,1,6
2021-06-15 14:27:09,S,249.25,1,51
2021-06-15 14:27:09,S,249.15,2,14
2021-06-15 14:27:09,S,249.05,5,617
2021-06-15 14:27:09,S,249.0,5,295
2021-06-15 14:27:27,S,249.85,2,5
2021-06-15 14:27:27,S,250.0,4,31
2021-06-15 14:27:27,S,250.05,2,6
2021-06-15 14:27:27,S,250.15,1,5
2021-06-15 14:27:27,S,250.25,3,12
2021-06-15 14:27:27,S,249.25,1,51
2021-06-15 14:27:27,S,249.15,2,14
2021-06-15 14:27:27,S,249.05,5,617
2021-06-15 14:27:27,S,249.0,5,295
2021-06-15 14:27:27,S,248.95,2,15
2021-06-15 14:27:29,S,249.85,2,5
2021-06-15 14:27:29,S,250.0,5,40
2021-06-15 14:27:29,S,250.05,2,6
2021-06-15 14:27:29,S,250.15,1,5
2021-06-15 14:27:29,S,250.25,3,12
2021-06-15 14:27:29,S,249.25,1,51
2021-06-15 14:27:29,S,249.15,2,14
2021-06-15 14:27:29,S,249.05,5,617
2021-06-15 14:27:29,S,249.0,5,295
2021-06-15 14:27:29,S,248.95,2,15
2021-06-15 14:27:49,S,249.85,2,5
2021-06-15 14:27:49,S,250.0,4,31
2021-06-15 14:27:49,S,250.05,2,6
2021-06-15 14:27:49,S,250.15,1,5
2021-06-15 14:27:49,S,250.25,3,12
2021-06-15 14:27:49,S,249.35,1,230
2021-06-15 14:27:49,S,249.25,1,51
2021-06-15 14:27:49,S,249.15,3,41
2021-06-15 14:27:49,S,249.05,5,617
2021-06-15 14:27:49,S,249.0,5,295
2021-06-15 14:28:04,S,249.85,2,5
2021-06-15 14:28:04,S,250.0,4,31
2021-06-15 14:28:04,S,250.05,2,6
2021-06-15 14:28:04,S,250.15,1,5
2021-06-15 14:28:04,S,250.25,3,12
2021-06-15 14:28:04,S,249.35,1,230
2021-06-15 14:28:04,S,249.25,1,51
2021-06-15 14:28:04,S,249.15,3,41
2021-06-15 14:28:04,S,249.05,5,617
2021-06-15 14:28:04,S,249.0,6,335
2021-06-15 14:28:22,S,249.85,2,5
2021-06-15 14:28:22,S,250.0,4,31
2021-06-15 14:28:22,S,250.05,2,6
2021-06-15 14:28:22,S,250.1,1,9
2021-06-15 14:28:22,S,250.15,1,5
2021-06-15 14:28:22,S,249.35,1,1
2021-06-15 14:28:22,S,249.25,1,51
2021-06-15 14:28:22,S,249.15,2,14
2021-06-15 14:28:22,S,249.05,6,847
2021-06-15 14:28:22,S,249.0,6,335
2021-06-15 14:28:28,S,249.85,2,5
2021-06-15 14:28:28,S,250.0,4,31
2021-06-15 14:28:28,S,250.05,2,6
2021-06-15 14:28:28,S,250.1,1,9
2021-06-15 14:28:28,S,250.15,1,5
2021-06-15 14:28:28,S,249.35,1,1
2021-06-15 14:28:28,S,249.25,1,51
2021-06-15 14:28:28,S,249.15,2,14
2021-06-15 14:28:28,S,249.05,6,847
2021-06-15 14:28:28,S,249.0,6,335
2021-06-15 14:28:31,S,249.85,2,5
2021-06-15 14:28:31,S,250.0,4,31
2021-06-15 14:28:31,S,250.05,2,6
2021-06-15 14:28:31,S,250.1,1,9
2021-06-15 14:28:31,S,250.15,1,5
2021-06-15 14:28:31,S,249.35,1,1
2021-06-15 14:28:31,S,249.25,1,51
2021-06-15 14:28:31,S,249.15,2,14
2021-06-15 14:28:31,S,249.05,6,847
2021-06-15 14:28:31,S,249.0,6,335
2021-06-15 14:28:39,S,249.85,2,5
2021-06-15 14:28:39,S,250.0,4,31
2021-06-15 14:28:39,S,250.05,2,6
2021-06-15 14:28:39,S,250.15,1,5
2021-06-15 14:28:39,S,250.25,3,12
2021-06-15 14:28:39,S,249.4,1,1
2021-06-15 14:28:39,S,249.35,1,1
2021-06-15 14:28:39,S,249.25,1,51
2021-06-15 14:28:39,S,249.15,2,14
2021-06-15 14:28:39,S,249.05,6,847
2021-06-15 14:28:42,S,249.85,2,5
2021-06-15 14:28:42,S,250.0,4,31
2021-06-15 14:28:42,S,250.05,2,6
2021-06-15 14:28:42,S,250.15,1,5
2021-06-15 14:28:42,S,250.25,3,12
2021-06-15 14:28:42,S,249.4,1,1
2021-06-15 14:28:42,S,249.35,1,1
2021-06-15 14:28:42,S,249.25,1,51
2021-06-15 14:28:42,S,249.15,2,14
2021-06-15 14:28:42,S,249.05,6,847
2021-06-15 14:28:44,S,249.85,2,5
2021-06-15 14:28:44,S,250.0,4,31
2021-06-15 14:28:44,S,250.05,2,6
2021-06-15 14:28:44,S,250.15,1,5
2021-06-15 14:28:44,S,250.25,3,12
2021-06-15 14:28:44,S,249.4,1,1
2021-06-15 14:28:44,S,249.25,1,51
2021-06-15 14:28:44,S,249.15,2,14
2021-06-15 14:28:44,S,249.05,6,847
2021-06-15 14:28:44,S,249.0,6,335
2021-06-15 14:29:33,S,249.85,2,5
2021-06-15 14:29:33,S,250.0,4,31
2021-06-15 14:29:33,S,250.05,2,6
2021-06-15 14:29:33,S,250.15,1,5
2021-06-15 14:29:33,S,250.25,3,12
2021-06-15 14:29:33,S,249.4,1,1
2021-06-15 14:29:33,S,249.25,1,51
2021-06-15 14:29:33,S,249.15,2,14
2021-06-15 14:29:33,S,249.05,6,847
2021-06-15 14:29:33,S,249.0,6,335
2021-06-15 14:29:34,S,250.0,3,25
2021-06-15 14:29:34,S,250.4,2,15
2021-06-15 14:29:34,S,250.5,2,7
2021-06-15 14:29:34,S,250.6,1,5
2021-06-15 14:29:34,S,250.65,2,11
2021-06-15 14:29:34,S,249.9,1,1
2021-06-15 14:29:34,S,249.85,1,45
2021-06-15 14:29:34,S,249.7,2,40
2021-06-15 14:29:34,S,249.45,1,13
2021-06-15 14:29:34,S,249.4,1,1
2021-06-15 14:29:50,S,250.0,3,25
2021-06-15 14:29:50,S,250.4,2,15
2021-06-15 14:29:50,S,250.5,2,7
2021-06-15 14:29:50,S,250.6,1,5
2021-06-15 14:29:50,S,250.65,2,11
2021-06-15 14:29:50,S,249.9,1,1
2021-06-15 14:29:50,S,249.85,1,45
2021-06-15 14:29:50,S,249.7,2,40
2021-06-15 14:29:50,S,249.55,1,9
2021-06-15 14:29:50,S,249.4,1,1
2021-06-15 14:30:12,S,250.0,3,25
2021-06-15 14:30:12,S,250.4,2,15
2021-06-15 14:30:12,S,250.5,2,7
2021-06-15 14:30:12,S,250.6,1,5
2021-06-15 14:30:12,S,250.65,2,11
2021-06-15 14:30:12,S,249.9,1,1
2021-06-15 14:30:12,S,249.85,1,45
2021-06-15 14:30:12,S,249.7,2,40
2021-06-15 14:30:12,S,249.55,1,9
2021-06-15 14:30:12,S,249.4,1,1
2021-06-15 14:30:31,S,250.0,3,25
2021-06-15 14:30:31,S,250.4,2,15
2021-06-15 14:30:31,S,250.5,2,7
2021-06-15 14:30:31,S,250.6,1,5
2021-06-15 14:30:31,S,250.65,2,11
2021-06-15 14:30:31,S,249.9,1,1
2021-06-15 14:30:31,S,249.85,1,45
2021-06-15 14:30:31,S,249.7,2,40
2021-06-15 14:30:31,S,249.55,1,9
2021-06-15 14:30:31,S,249.4,1,1
2021-06-15 14:30:33,S,250.0,3,25
2021-06-15 14:30:33,S,250.65,2,11
2021-06-15 14:30:33,S,250.7,3,21
2021-06-15 14:30:33,S,250.75,1,58
2021-06-15 14:30:33,S,250.8,1,5
2021-06-15 14:30:33,S,249.9,1,1
2021-06-15 14:30:33,S,249.85,1,45
2021-06-15 14:30:33,S,249.55,2,36
2021-06-15 14:30:33,S,249.4,1,1
2021-06-15 14:30:33,S,249.35,1,9
2021-06-15 14:30:38,S,250.0,3,25
2021-06-15 14:30:38,S,250.65,2,11
2021-06-15 14:30:38,S,250.7,3,21
2021-06-15 14:30:38,S,250.75,1,58
2021-06-15 14:30:38,S,250.8,1,5
2021-06-15 14:30:38,S,249.9,1,1
2021-06-15 14:30:38,S,249.85,1,45
2021-06-15 14:30:38,S,249.55,2,36
2021-06-15 14:30:38,S,249.4,1,1
2021-06-15 14:30:38,S,249.35,1,9
2021-06-15 14:31:09,S,250.0,3,25
2021-06-15 14:31:09,S,250.65,4,51
2021-06-15 14:31:09,S,250.7,3,21
2021-06-15 14:31:09,S,250.75,1,58
2021-06-15 14:31:09,S,250.8,1,5
2021-06-15 14:31:09,S,249.9,1,1
2021-06-15 14:31:09,S,249.85,1,45
2021-06-15 14:31:09,S,249.65,2,86
2021-06-15 14:31:09,S,249.55,2,36
2021-06-15 14:31:09,S,249.4,1,1
2021-06-15 14:31:15,S,250.0,3,25
2021-06-15 14:31:15,S,250.65,4,51
2021-06-15 14:31:15,S,250.7,3,21
2021-06-15 14:31:15,S,250.75,1,58
2021-06-15 14:31:15,S,250.8,1,5
2021-06-15 14:31:15,S,249.9,1,1
2021-06-15 14:31:15,S,249.85,1,45
2021-06-15 14:31:15,S,249.7,2,39
2021-06-15 14:31:15,S,249.65,2,86
2021-06-15 14:31:15,S,249.55,2,36
2021-06-15 14:31:17,S,250.0,3,25
2021-06-15 14:31:17,S,250.65,4,51
2021-06-15 14:31:17,S,250.7,3,21
2021-06-15 14:31:17,S,250.75,1,58
2021-06-15 14:31:17,S,250.8,1,5
2021-06-15 14:31:17,S,249.9,1,1
2021-06-15 14:31:17,S,249.85,1,45
2021-06-15 14:31:17,S,249.65,2,86
2021-06-15 14:31:17,S,249.55,2,36
2021-06-15 14:31:17,S,249.4,1,1
2021-06-15 14:31:37,S,250.0,3,25
2021-06-15 14:31:37,S,250.65,4,51
2021-06-15 14:31:37,S,250.7,3,21
2021-06-15 14:31:37,S,250.75,1,58
2021-06-15 14:31:37,S,250.8,1,5
2021-06-15 14:31:37,S,249.9,1,1
2021-06-15 14:31:37,S,249.85,1,45
2021-06-15 14:31:37,S,249.65,2,86
2021-06-15 14:31:37,S,249.55,2,36
2021-06-15 14:31:37,S,249.4,1,1
2021-06-15 14:31:56,S,250.0,3,23
2021-06-15 14:31:56,S,250.65,4,51
2021-06-15 14:31:56,S,250.7,3,21
2021-06-15 14:31:56,S,250.75,1,58
2021-06-15 14:31:56,S,250.8,1,5
2021-06-15 14:31:56,S,249.9,1,1
2021-06-15 14:31:56,S,249.85,1,45
2021-06-15 14:31:56,S,249.7,1,13
2021-06-15 14:31:56,S,249.65,2,86
2021-06-15 14:31:56,S,249.55,2,36
2021-06-15 14:31:57,S,250.0,3,23
2021-06-15 14:31:57,S,250.65,4,51
2021-06-15 14:31:57,S,250.7,3,21
2021-06-15 14:31:57,S,250.75,1,58
2021-06-15 14:31:57,S,250.8,1,5
2021-06-15 14:31:57,S,249.9,1,1
2021-06-15 14:31:57,S,249.85,1,45
2021-06-15 14:31:57,S,249.7,1,13
2021-06-15 14:31:57,S,249.65,2,86
2021-06-15 14:31:57,S,249.55,2,36
2021-06-15 14:31:58,S,250.0,3,23
2021-06-15 14:31:58,S,250.65,4,51
2021-06-15 14:31:58,S,250.7,3,21
2021-06-15 14:31:58,S,250.75,1,58
2021-06-15 14:31:58,S,250.8,1,5
2021-06-15 14:31:58,S,249.9,1,1
2021-06-15 14:31:58,S,249.85,1,45
2021-06-15 14:31:58,S,249.7,1,13
2021-06-15 14:31:58,S,249.65,2,86
2021-06-15 14:31:58,S,249.55,2,36
2021-06-15 14:31:59,S,250.5,2,8
2021-06-15 14:31:59,S,250.55,1,7
2021-06-15 14:31:59,S,250.65,1,7
2021-06-15 14:31:59,S,250.7,2,12
2021-06-15 14:31:59,S,250.75,2,12
2021-06-15 14:31:59,S,250.05,1,1
2021-06-15 14:31:59,S,250.0,1,33
2021-06-15 14:31:59,S,249.9,2,10
2021-06-15 14:31:59,S,249.85,1,45
2021-06-15 14:31:59,S,249.8,1,5
2021-06-15 14:32:00,S,250.5,2,8
2021-06-15 14:32:00,S,250.55,1,7
2021-06-15 14:32:00,S,250.65,1,7
2021-06-15 14:32:00,S,250.7,2,12
2021-06-15 14:32:00,S,250.75,2,12
2021-06-15 14:32:00,S,250.05,1,1
2021-06-15 14:32:00,S,250.0,1,33
2021-06-15 14:32:00,S,249.9,2,10
2021-06-15 14:32:00,S,249.85,1,45
2021-06-15 14:32:00,S,249.8,1,5
2021-06-15 14:32:01,S,250.5,2,8
2021-06-15 14:32:01,S,250.55,1,7
2021-06-15 14:32:01,S,250.65,1,7
2021-06-15 14:32:01,S,250.7,2,12
2021-06-15 14:32:01,S,250.75,2,12
2021-06-15 14:32:01,S,250.05,1,1
2021-06-15 14:32:01,S,250.0,1,33
2021-06-15 14:32:01,S,249.9,2,10
2021-06-15 14:32:01,S,249.85,1,45
2021-06-15 14:32:01,S,249.8,1,5
2021-06-15 14:32:01,S,250.3,2,7
2021-06-15 14:32:01,S,250.35,2,19
2021-06-15 14:32:01,S,250.4,1,11
2021-06-15 14:32:01,S,250.45,1,5
2021-06-15 14:32:01,S,250.5,3,26
2021-06-15 14:32:01,S,250.0,1,66
2021-06-15 14:32:01,S,249.85,1,45
2021-06-15 14:32:01,S,249.7,1,13
2021-06-15 14:32:01,S,249.65,1,60
2021-06-15 14:32:01,S,249.5,1,7
2021-06-15 14:32:03,S,250.3,2,7
2021-06-15 14:32:03,S,250.35,2,19
2021-06-15 14:32:03,S,250.4,1,11
2021-06-15 14:32:03,S,250.45,1,5
2021-06-15 14:32:03,S,250.5,3,26
2021-06-15 14:32:03,S,250.0,1,66
2021-06-15 14:32:03,S,249.85,1,45
2021-06-15 14:32:03,S,249.7,1,13
2021-06-15 14:32:03,S,249.65,1,60
2021-06-15 14:32:03,S,249.5,1,7
2021-06-15 14:32:04,S,250.3,2,7
2021-06-15 14:32:04,S,250.35,2,19
2021-06-15 14:32:04,S,250.45,1,10
2021-06-15 14:32:04,S,250.5,3,26
2021-06-15 14:32:04,S,250.7,2,12
2021-06-15 14:32:04,S,250.0,1,34
2021-06-15 14:32:04,S,249.85,1,45
2021-06-15 14:32:04,S,249.7,1,13
2021-06-15 14:32:04,S,249.65,1,60
2021-06-15 14:32:04,S,249.4,2,6
2021-06-15 14:32:04,S,250.3,2,7
2021-06-15 14:32:04,S,250.35,2,19
2021-06-15 14:32:04,S,250.45,1,10
2021-06-15 14:32:04,S,250.5,3,26
2021-06-15 14:32:04,S,250.7,2,12
2021-06-15 14:32:04,S,250.0,1,34
2021-06-15 14:32:04,S,249.85,1,45
2021-06-15 14:32:04,S,249.7,1,13
2021-06-15 14:32:04,S,249.65,1,60
2021-06-15 14:32:04,S,249.4,2,6
2021-06-15 14:32:06,S,250.3,2,7
2021-06-15 14:32:06,S,250.35,2,19
2021-06-15 14:32:06,S,250.45,1,10
2021-06-15 14:32:06,S,250.5,3,26
2021-06-15 14:32:06,S,250.7,2,12
2021-06-15 14:32:06,S,250.0,1,34
2021-06-15 14:32:06,S,249.85,1,45
2021-06-15 14:32:06,S,249.7,1,13
2021-06-15 14:32:06,S,249.65,1,60
2021-06-15 14:32:06,S,249.4,2,6
2021-06-15 14:32:07,S,250.15,1,9
2021-06-15 14:32:07,S,250.45,2,17
2021-06-15 14:32:07,S,250.5,2,17
2021-06-15 14:32:07,S,250.7,2,12
2021-06-15 14:32:07,S,250.75,2,12
2021-06-15 14:32:07,S,250.0,1,100
2021-06-15 14:32:07,S,249.85,1,45
2021-06-15 14:32:07,S,249.65,1,60
2021-06-15 14:32:07,S,249.4,3,13
2021-06-15 14:32:07,S,249.3,1,5
2021-06-15 14:32:07,S,250.15,1,9
2021-06-15 14:32:07,S,250.45,2,17
2021-06-15 14:32:07,S,250.5,2,17
2021-06-15 14:32:07,S,250.7,2,12
2021-06-15 14:32:07,S,250.75,2,12
2021-06-15 14:32:07,S,250.0,1,100
2021-06-15 14:32:07,S,249.85,1,45
2021-06-15 14:32:07,S,249.65,1,60
2021-06-15 14:32:07,S,249.4,3,13
2021-06-15 14:32:07,S,249.3,1,5
2021-06-15 14:32:09,S,250.45,2,17
2021-06-15 14:32:09,S,250.5,3,30
2021-06-15 14:32:09,S,250.7,2,12
2021-06-15 14:32:09,S,250.75,2,12
2021-06-15 14:32:09,S,250.8,1,10
2021-06-15 14:32:09,S,250.0,1,100
2021-06-15 14:32:09,S,249.85,1,45
2021-06-15 14:32:09,S,249.65,1,60
2021-06-15 14:32:09,S,249.4,3,33
2021-06-15 14:32:09,S,249.3,1,5
2021-06-15 14:32:10,S,250.45,2,17
2021-06-15 14:32:10,S,250.5,3,30
2021-06-15 14:32:10,S,250.7,2,12
2021-06-15 14:32:10,S,250.75,2,12
2021-06-15 14:32:10,S,250.8,1,10
2021-06-15 14:32:10,S,250.0,1,100
2021-06-15 14:32:10,S,249.85,1,45
2021-06-15 14:32:10,S,249.65,1,60
2021-06-15 14:32:10,S,249.4,3,33
2021-06-15 14:32:10,S,249.3,1,5
2021-06-15 14:32:12,S,250.35,2,7
2021-06-15 14:32:12,S,250.4,2,18
2021-06-15 14:32:12,S,250.5,2,17
2021-06-15 14:32:12,S,250.6,1,5
2021-06-15 14:32:12,S,250.7,3,17
2021-06-15 14:32:12,S,250.0,1,77
2021-06-15 14:32:12,S,249.85,1,45
2021-06-15 14:32:12,S,249.65,1,60
2021-06-15 14:32:12,S,249.4,3,33
2021-06-15 14:32:12,S,249.35,2,20
2021-06-15 14:32:13,S,250.35,2,7
2021-06-15 14:32:13,S,250.4,2,18
2021-06-15 14:32:13,S,250.5,2,17
2021-06-15 14:32:13,S,250.6,1,5
2021-06-15 14:32:13,S,250.7,3,17
2021-06-15 14:32:13,S,250.0,1,77
2021-06-15 14:32:13,S,249.85,1,45
2021-06-15 14:32:13,S,249.65,1,60
2021-06-15 14:32:13,S,249.4,3,33
2021-06-15 14:32:13,S,249.35,2,20
2021-06-15 14:32:14,S,250.25,2,6
2021-06-15 14:32:14,S,250.3,2,22
2021-06-15 14:32:14,S,250.4,1,5
2021-06-15 14:32:14,S,250.5,3,22
2021-06-15 14:32:14,S,250.6,1,5
2021-06-15 14:32:14,S,249.4,2,6
2021-06-15 14:32:14,S,249.35,2,10
2021-06-15 14:32:14,S,249.3,2,32
2021-06-15 14:32:14,S,249.25,2,71
2021-06-15 14:32:14,S,249.2,3,37
2021-06-15 14:32:17,S,250.25,3,15
2021-06-15 14:32:17,S,250.3,2,22
2021-06-15 14:32:17,S,250.4,1,5
2021-06-15 14:32:17,S,250.5,3,22
2021-06-15 14:32:17,S,250.6,1,5
2021-06-15 14:32:17,S,249.4,2,6
2021-06-15 14:32:17,S,249.3,3,15
2021-06-15 14:32:17,S,249.25,2,71
2021-06-15 14:32:17,S,249.2,3,37
2021-06-15 14:32:17,S,249.1,1,20
2021-06-15 14:32:19,S,249.95,1,1
2021-06-15 14:32:19,S,250.0,2,24
2021-06-15 14:32:19,S,250.1,2,12
2021-06-15 14:32:19,S,250.3,2,22
2021-06-15 14:32:19,S,250.4,1,5
2021-06-15 14:32:19,S,249.4,1,1
2021-06-15 14:32:19,S,249.35,1,7
2021-06-15 14:32:19,S,249.3,1,5
2021-06-15 14:32:19,S,249.25,1,51
2021-06-15 14:32:19,S,249.2,3,37
2021-06-15 14:32:33,S,249.95,1,1
2021-06-15 14:32:33,S,250.0,3,35
2021-06-15 14:32:33,S,250.1,2,12
2021-06-15 14:32:33,S,250.3,2,22
2021-06-15 14:32:33,S,250.4,1,5
2021-06-15 14:32:33,S,249.4,1,1
2021-06-15 14:32:33,S,249.35,1,7
2021-06-15 14:32:33,S,249.3,1,5
2021-06-15 14:32:33,S,249.25,1,51
2021-06-15 14:32:33,S,249.2,3,37
2021-06-15 14:32:38,S,249.95,2,4
2021-06-15 14:32:38,S,250.0,3,35
2021-06-15 14:32:38,S,250.1,2,12
2021-06-15 14:32:38,S,250.3,2,22
2021-06-15 14:32:38,S,250.4,1,5
2021-06-15 14:32:38,S,249.4,1,1
2021-06-15 14:32:38,S,249.3,1,5
2021-06-15 14:32:38,S,249.25,1,51
2021-06-15 14:32:38,S,249.2,2,10
2021-06-15 14:32:38,S,249.15,1,7
2021-06-15 14:32:40,S,249.85,2,4
2021-06-15 14:32:40,S,249.9,1,3
2021-06-15 14:32:40,S,249.95,1,3
2021-06-15 14:32:40,S,250.0,3,35
2021-06-15 14:32:40,S,250.1,2,12
2021-06-15 14:32:40,S,249.4,1,1
2021-06-15 14:32:40,S,249.25,1,51
2021-06-15 14:32:40,S,249.2,2,10
2021-06-15 14:32:40,S,249.15,1,7
2021-06-15 14:32:40,S,249.1,1,5
2021-06-15 14:32:46,S,249.85,2,4
2021-06-15 14:32:46,S,250.0,4,45
2021-06-15 14:32:46,S,250.1,2,12
2021-06-15 14:32:46,S,250.3,2,22
2021-06-15 14:32:46,S,250.4,1,5
2021-06-15 14:32:46,S,249.4,1,1
2021-06-15 14:32:46,S,249.25,1,51
2021-06-15 14:32:46,S,249.2,2,10
2021-06-15 14:32:46,S,249.15,1,7
2021-06-15 14:32:46,S,249.1,1,5
2021-06-15 14:32:49,S,249.85,2,4
2021-06-15 14:32:49,S,250.0,4,45
2021-06-15 14:32:49,S,250.1,2,12
2021-06-15 14:32:49,S,250.3,2,22
2021-06-15 14:32:49,S,250.4,1,5
2021-06-15 14:32:49,S,249.4,1,1
2021-06-15 14:32:49,S,249.25,1,51
2021-06-15 14:32:49,S,249.2,2,10
2021-06-15 14:32:49,S,249.15,1,7
2021-06-15 14:32:49,S,249.1,1,5
2021-06-15 14:32:58,S,249.85,2,4
2021-06-15 14:32:58,S,250.0,4,45
2021-06-15 14:32:58,S,250.1,2,12
2021-06-15 14:32:58,S,250.3,2,22
2021-06-15 14:32:58,S,250.4,1,5
2021-06-15 14:32:58,S,249.4,1,1
2021-06-15 14:32:58,S,249.25,1,51
2021-06-15 14:32:58,S,249.2,2,10
2021-06-15 14:32:58,S,249.15,1,7
2021-06-15 14:32:58,S,249.1,1,5
2021-06-15 14:32:59,S,249.9,2,3
2021-06-15 14:32:59,S,249.95,1,2
2021-06-15 14:32:59,S,250.0,4,39
2021-06-15 14:32:59,S,250.05,1,5
2021-06-15 14:32:59,S,250.1,2,12
2021-06-15 14:32:59,S,249.45,1,1
2021-06-15 14:32:59,S,249.4,1,1
2021-06-15 14:32:59,S,249.25,1,51
2021-06-15 14:32:59,S,249.2,2,10
2021-06-15 14:32:59,S,249.15,1,7
2021-06-15 14:33:01,S,249.9,2,3
2021-06-15 14:33:01,S,250.0,4,39
2021-06-15 14:33:01,S,250.05,1,5
2021-06-15 14:33:01,S,250.1,2,12
2021-06-15 14:33:01,S,250.15,1,5
2021-06-15 14:33:01,S,249.45,1,1
2021-06-15 14:33:01,S,249.4,1,1
2021-06-15 14:33:01,S,249.25,1,51
2021-06-15 14:33:01,S,249.2,2,10
2021-06-15 14:33:01,S,249.15,1,7
2021-06-15 14:33:41,S,249.9,2,3
2021-06-15 14:33:41,S,250.0,4,39
2021-06-15 14:33:41,S,250.05,1,5
2021-06-15 14:33:41,S,250.1,2,12
2021-06-15 14:33:41,S,250.15,1,5
2021-06-15 14:33:41,S,249.45,1,1
2021-06-15 14:33:41,S,249.4,1,1
2021-06-15 14:33:41,S,249.25,1,51
2021-06-15 14:33:41,S,249.2,2,10
2021-06-15 14:33:41,S,249.15,1,7
2021-06-15 14:33:53,S,249.9,2,3
2021-06-15 14:33:53,S,249.95,2,19
2021-06-15 14:33:53,S,250.0,4,39
2021-06-15 14:33:53,S,250.05,1,5
2021-06-15 14:33:53,S,250.1,2,12
2021-06-15 14:33:53,S,249.45,1,1
2021-06-15 14:33:53,S,249.4,1,1
2021-06-15 14:33:53,S,249.25,1,51
2021-06-15 14:33:53,S,249.2,2,10
2021-06-15 14:33:53,S,249.15,1,7
2021-06-15 14:34:10,S,249.9,2,3
2021-06-15 14:34:10,S,249.95,2,19
2021-06-15 14:34:10,S,250.0,4,39
2021-06-15 14:34:10,S,250.05,1,5
2021-06-15 14:34:10,S,250.1,2,12
2021-06-15 14:34:10,S,249.45,1,1
2021-06-15 14:34:10,S,249.4,1,1
2021-06-15 14:34:10,S,249.25,1,51
2021-06-15 14:34:10,S,249.2,2,10
2021-06-15 14:34:10,S,249.1,2,30
2021-06-15 14:34:20,S,249.9,2,3
2021-06-15 14:34:20,S,249.95,2,19
2021-06-15 14:34:20,S,250.0,4,39
2021-06-15 14:34:20,S,250.05,1,5
2021-06-15 14:34:20,S,250.1,2,12
2021-06-15 14:34:20,S,249.55,1,1
2021-06-15 14:34:20,S,249.5,1,80
2021-06-15 14:34:20,S,249.4,1,1
2021-06-15 14:34:20,S,249.25,2,58
2021-06-15 14:34:20,S,249.2,2,10
2021-06-15 14:34:39,S,249.9,2,3
2021-06-15 14:34:39,S,249.95,2,19
2021-06-15 14:34:39,S,250.0,4,39
2021-06-15 14:34:39,S,250.05,1,5
2021-06-15 14:34:39,S,250.1,2,12
2021-06-15 14:34:39,S,249.55,1,1
2021-06-15 14:34:39,S,249.5,1,80
2021-06-15 14:34:39,S,249.4,1,1
2021-06-15 14:34:39,S,249.25,2,58
2021-06-15 14:34:39,S,249.2,2,10
2021-06-15 14:34:42,S,249.95,2,12
2021-06-15 14:34:42,S,250.0,4,39
2021-06-15 14:34:42,S,250.15,1,5
2021-06-15 14:34:42,S,250.25,1,5
2021-06-15 14:34:42,S,250.3,2,22
2021-06-15 14:34:42,S,249.55,1,1
2021-06-15 14:34:42,S,249.5,2,93
2021-06-15 14:34:42,S,249.4,1,1
2021-06-15 14:34:42,S,249.25,2,58
2021-06-15 14:34:42,S,249.2,2,10
2021-06-15 14:34:54,S,249.95,2,12
2021-06-15 14:34:54,S,250.0,4,39
2021-06-15 14:34:54,S,250.15,1,5
2021-06-15 14:34:54,S,250.25,1,5
2021-06-15 14:34:54,S,250.3,2,22
2021-06-15 14:34:54,S,249.55,1,1
2021-06-15 14:34:54,S,249.5,1,80
2021-06-15 14:34:54,S,249.4,1,1
2021-06-15 14:34:54,S,249.25,2,58
2021-06-15 14:34:54,S,249.2,2,10
2021-06-15 14:34:57,S,249.95,2,12
2021-06-15 14:34:57,S,250.0,4,39
2021-06-15 14:34:57,S,250.15,1,5
2021-06-15 14:34:57,S,250.25,1,5
2021-06-15 14:34:57,S,250.3,2,22
2021-06-15 14:34:57,S,249.55,1,1
2021-06-15 14:34:57,S,249.5,2,92
2021-06-15 14:34:57,S,249.4,1,1
2021-06-15 14:34:57,S,249.25,2,58
2021-06-15 14:34:57,S,249.2,2,10
2021-06-15 14:35:16,S,249.95,2,12
2021-06-15 14:35:16,S,250.0,4,39
2021-06-15 14:35:16,S,250.15,1,5
2021-06-15 14:35:16,S,250.25,1,5
2021-06-15 14:35:16,S,250.3,2,22
2021-06-15 14:35:16,S,249.55,1,1
2021-06-15 14:35:16,S,249.5,2,92
2021-06-15 14:35:16,S,249.4,1,1
2021-06-15 14:35:16,S,249.25,2,58
2021-06-15 14:35:16,S,249.2,2,10
2021-06-15 14:35:17,S,249.95,2,12
2021-06-15 14:35:17,S,250.0,4,39
2021-06-15 14:35:17,S,250.15,1,5
2021-06-15 14:35:17,S,250.25,1,5
2021-06-15 14:35:17,S,250.3,2,22
2021-06-15 14:35:17,S,249.55,1,1
2021-06-15 14:35:17,S,249.5,2,92
2021-06-15 14:35:17,S,249.4,1,1
2021-06-15 14:35:17,S,249.25,2,58
2021-06-15 14:35:17,S,249.2,2,10
2021-06-15 14:35:18,S,249.95,2,12
2021-06-15 14:35:18,S,250.0,4,39
2021-06-15 14:35:18,S,250.15,1,5
2021-06-15 14:35:18,S,250.25,1,5
2021-06-15 14:35:18,S,250.3,2,22
2021-06-15 14:35:18,S,249.55,1,1
2021-06-15 14:35:18,S,249.5,2,92
2021-06-15 14:35:18,S,249.4,1,1
2021-06-15 14:35:18,S,249.25,2,58
2021-06-15 14:35:18,S,249.2,2,10
2021-06-15 14:35:18,S,249.75,2,11
2021-06-15 14:35:18,S,249.8,2,15
2021-06-15 14:35:18,S,249.85,2,7
2021-06-15 14:35:18,S,249.9,3,12
2021-06-15 14:35:18,S,249.95,3,19
2021-06-15 14:35:18,S,249.05,3,429
2021-06-15 14:35:18,S,249.0,6,335
2021-06-15 14:35:18,S,248.9,1,30
2021-06-15 14:35:18,S,248.85,2,109
2021-06-15 14:35:18,S,248.75,1,5
2021-06-15 14:35:19,S,249.75,2,11
2021-06-15 14:35:19,S,249.8,2,15
2021-06-15 14:35:19,S,249.85,2,7
2021-06-15 14:35:19,S,249.9,3,12
2021-06-15 14:35:19,S,249.95,3,19
2021-06-15 14:35:19,S,249.05,3,429
2021-06-15 14:35:19,S,249.0,6,335
2021-06-15 14:35:19,S,248.9,1,30
2021-06-15 14:35:19,S,248.85,2,109
2021-06-15 14:35:19,S,248.75,1,5
2021-06-15 14:35:20,S,249.75,2,11
2021-06-15 14:35:20,S,249.8,2,15
2021-06-15 14:35:20,S,249.85,2,7
2021-06-15 14:35:20,S,249.9,3,12
2021-06-15 14:35:20,S,249.95,3,19
2021-06-15 14:35:20,S,249.05,3,429
2021-06-15 14:35:20,S,249.0,6,335
2021-06-15 14:35:20,S,248.9,1,30
2021-06-15 14:35:20,S,248.85,2,109
2021-06-15 14:35:20,S,248.75,1,5
2021-06-15 14:35:21,S,249.4,3,8
2021-06-15 14:35:21,S,249.5,3,13
2021-06-15 14:35:21,S,249.6,2,17
2021-06-15 14:35:21,S,249.65,2,12
2021-06-15 14:35:21,S,249.75,1,2
2021-06-15 14:35:21,S,248.55,2,45
2021-06-15 14:35:21,S,248.5,2,6
2021-06-15 14:35:21,S,248.45,4,80
2021-06-15 14:35:21,S,248.4,3,36
2021-06-15 14:35:21,S,248.35,1,5
2021-06-15 14:35:35,S,249.25,3,8
2021-06-15 14:35:35,S,249.3,2,7
2021-06-15 14:35:35,S,249.35,2,16
2021-06-15 14:35:35,S,249.4,2,7
2021-06-15 14:35:35,S,249.45,4,37
2021-06-15 14:35:35,S,248.5,1,1
2021-06-15 14:35:35,S,248.45,3,66
2021-06-15 14:35:35,S,248.4,1,18
2021-06-15 14:35:35,S,248.3,1,5
2021-06-15 14:35:35,S,248.25,2,57
2021-06-15 14:35:38,S,249.1,2,3
2021-06-15 14:35:38,S,249.15,1,2
2021-06-15 14:35:38,S,249.25,2,7
2021-06-15 14:35:38,S,249.3,2,7
2021-06-15 14:35:38,S,249.35,2,16
2021-06-15 14:35:38,S,248.5,1,1
2021-06-15 14:35:38,S,248.45,2,59
2021-06-15 14:35:38,S,248.4,1,18
2021-06-15 14:35:38,S,248.3,1,5
2021-06-15 14:35:38,S,248.25,2,57
2021-06-15 14:35:40,S,249.0,2,3
2021-06-15 14:35:40,S,249.2,2,15
2021-06-15 14:35:40,S,249.25,2,7
2021-06-15 14:35:40,S,249.3,2,7
2021-06-15 14:35:40,S,249.35,3,19
2021-06-15 14:35:40,S,248.5,1,1
2021-06-15 14:35:40,S,248.45,2,59
2021-06-15 14:35:40,S,248.4,1,18
2021-06-15 14:35:40,S,248.3,1,5
2021-06-15 14:35:40,S,248.25,2,57
2021-06-15 14:35:54,S,249.0,3,6
2021-06-15 14:35:54,S,249.2,2,15
2021-06-15 14:35:54,S,249.25,2,7
2021-06-15 14:35:54,S,249.3,2,7
2021-06-15 14:35:54,S,249.35,2,16
2021-06-15 14:35:54,S,248.5,1,1
2021-06-15 14:35:54,S,248.45,2,59
2021-06-15 14:35:54,S,248.4,1,18
2021-06-15 14:35:54,S,248.3,1,5
2021-06-15 14:35:54,S,248.25,2,57
2021-06-15 14:36:00,S,249.0,2,5
2021-06-15 14:36:00,S,249.3,2,7
2021-06-15 14:36:00,S,249.35,2,16
2021-06-15 14:36:00,S,249.4,2,7
2021-06-15 14:36:00,S,249.45,4,55
2021-06-15 14:36:00,S,248.9,1,5
2021-06-15 14:36:00,S,248.5,1,1
2021-06-15 14:36:00,S,248.45,1,55
2021-06-15 14:36:00,S,248.4,1,18
2021-06-15 14:36:00,S,248.3,1,5
2021-06-15 14:36:10,S,249.0,1,2
2021-06-15 14:36:10,S,249.3,2,7
2021-06-15 14:36:10,S,249.35,2,16
2021-06-15 14:36:10,S,249.4,2,7
2021-06-15 14:36:10,S,249.45,4,55
2021-06-15 14:36:10,S,248.9,1,5
2021-06-15 14:36:10,S,248.5,1,1
2021-06-15 14:36:10,S,248.45,2,62
2021-06-15 14:36:10,S,248.4,1,18
2021-06-15 14:36:10,S,248.3,1,5
2021-06-15 14:36:24,S,249.4,1,1
2021-06-15 14:36:24,S,249.45,2,15
2021-06-15 14:36:24,S,249.5,2,28
2021-06-15 14:36:24,S,249.6,1,5
2021-06-15 14:36:24,S,249.65,1,7
2021-06-15 14:36:24,S,248.9,3,518
2021-06-15 14:36:24,S,248.65,2,20
2021-06-15 14:36:24,S,248.5,2,11
2021-06-15 14:36:24,S,248.45,5,79
2021-06-15 14:36:24,S,248.4,1,18
2021-06-15 14:36:29,S,249.45,1,1
2021-06-15 14:36:29,S,249.5,2,28
2021-06-15 14:36:29,S,249.7,1,5
2021-06-15 14:36:29,S,249.75,1,8
2021-06-15 14:36:29,S,249.8,1,5
2021-06-15 14:36:29,S,248.9,3,518
2021-06-15 14:36:29,S,248.65,2,20
2021-06-15 14:36:29,S,248.5,4,15
2021-06-15 14:36:29,S,248.45,3,75
2021-06-15 14:36:29,S,248.3,1,5
2021-06-15 14:36:32,S,249.3,1,10
2021-06-15 14:36:32,S,249.45,2,6
2021-06-15 14:36:32,S,249.5,2,28
2021-06-15 14:36:32,S,249.7,2,12
2021-06-15 14:36:32,S,249.75,1,7
2021-06-15 14:36:32,S,248.9,3,518
2021-06-15 14:36:32,S,248.85,1,56
2021-06-15 14:36:32,S,248.65,2,20
2021-06-15 14:36:32,S,248.5,2,11
2021-06-15 14:36:32,S,248.45,3,75
2021-06-15 14:36:35,S,249.3,1,10
2021-06-15 14:36:35,S,249.45,2,6
2021-06-15 14:36:35,S,249.5,2,28
2021-06-15 14:36:35,S,249.7,2,12
2021-06-15 14:36:35,S,249.75,1,7
2021-06-15 14:36:35,S,248.9,3,518
2021-06-15 14:36:35,S,248.85,2,78
2021-06-15 14:36:35,S,248.65,2,20
2021-06-15 14:36:35,S,248.5,2,11
2021-06-15 14:36:35,S,248.45,3,75
2021-06-15 14:36:37,S,249.3,1,6
2021-06-15 14:36:37,S,249.45,2,6
2021-06-15 14:36:37,S,249.5,2,28
2021-06-15 14:36:37,S,249.7,2,12
2021-06-15 14:36:37,S,249.75,1,7
2021-06-15 14:36:37,S,248.9,3,518
2021-06-15 14:36:37,S,248.85,2,78
2021-06-15 14:36:37,S,248.65,2,20
2021-06-15 14:36:37,S,248.5,2,11
2021-06-15 14:36:37,S,248.45,3,75
2021-06-15 14:36:40,S,249.3,1,6
2021-06-15 14:36:40,S,249.45,2,6
2021-06-15 14:36:40,S,249.5,2,28
2021-06-15 14:36:40,S,249.7,2,12
2021-06-15 14:36:40,S,249.8,1,5
2021-06-15 14:36:40,S,249.0,1,50
2021-06-15 14:36:40,S,248.9,4,540
2021-06-15 14:36:40,S,248.85,2,78
2021-06-15 14:36:40,S,248.65,2,20
2021-06-15 14:36:40,S,248.5,2,11
2021-06-15 14:36:41,S,249.3,1,6
2021-06-15 14:36:41,S,249.45,2,6
2021-06-15 14:36:41,S,249.5,2,28
2021-06-15 14:36:41,S,249.7,2,12
2021-06-15 14:36:41,S,249.8,1,5
2021-06-15 14:36:41,S,249.0,1,50
2021-06-15 14:36:41,S,248.9,4,540
2021-06-15 14:36:41,S,248.85,2,78
2021-06-15 14:36:41,S,248.65,2,20
2021-06-15 14:36:41,S,248.5,2,11
2021-06-15 14:36:43,S,249.3,1,10
2021-06-15 14:36:43,S,249.45,2,6
2021-06-15 14:36:43,S,249.5,2,28
2021-06-15 14:36:43,S,249.7,3,19
2021-06-15 14:36:43,S,249.8,1,5
2021-06-15 14:36:43,S,249.0,1,50
2021-06-15 14:36:43,S,248.9,3,518
2021-06-15 14:36:43,S,248.85,2,78
2021-06-15 14:36:43,S,248.65,2,20
2021-06-15 14:36:43,S,248.5,2,11
2021-06-15 14:36:44,S,249.3,1,10
2021-06-15 14:36:44,S,249.45,2,6
2021-06-15 14:36:44,S,249.5,2,28
2021-06-15 14:36:44,S,249.7,3,19
2021-06-15 14:36:44,S,249.8,1,5
2021-06-15 14:36:44,S,249.0,1,50
2021-06-15 14:36:44,S,248.9,3,518
2021-06-15 14:36:44,S,248.85,2,78
2021-06-15 14:36:44,S,248.65,2,20
2021-06-15 14:36:44,S,248.5,2,11
2021-06-15 14:36:46,S,249.3,1,10
2021-06-15 14:36:46,S,249.45,2,6
2021-06-15 14:36:46,S,249.5,2,28
2021-06-15 14:36:46,S,249.7,2,12
2021-06-15 14:36:46,S,249.8,1,5
2021-06-15 14:36:46,S,249.0,1,50
2021-06-15 14:36:46,S,248.9,2,505
2021-06-15 14:36:46,S,248.85,1,56
2021-06-15 14:36:46,S,248.75,1,7
2021-06-15 14:36:46,S,248.5,2,11
2021-06-15 14:36:47,S,249.3,1,10
2021-06-15 14:36:47,S,249.45,2,6
2021-06-15 14:36:47,S,249.5,2,28
2021-06-15 14:36:47,S,249.7,2,12
2021-06-15 14:36:47,S,249.8,1,5
2021-06-15 14:36:47,S,249.0,1,50
2021-06-15 14:36:47,S,248.9,2,505
2021-06-15 14:36:47,S,248.85,1,56
2021-06-15 14:36:47,S,248.75,1,7
2021-06-15 14:36:47,S,248.5,2,11
2021-06-15 14:36:48,S,249.3,1,10
2021-06-15 14:36:48,S,249.45,2,6
2021-06-15 14:36:48,S,249.5,2,28
2021-06-15 14:36:48,S,249.7,2,12
2021-06-15 14:36:48,S,249.8,1,5
2021-06-15 14:36:48,S,249.0,1,50
2021-06-15 14:36:48,S,248.9,2,505
2021-06-15 14:36:48,S,248.85,1,56
2021-06-15 14:36:48,S,248.75,1,7
2021-06-15 14:36:48,S,248.5,2,11
2021-06-15 14:36:49,S,249.3,1,10
2021-06-15 14:36:49,S,249.45,2,6
2021-06-15 14:36:49,S,249.5,2,28
2021-06-15 14:36:49,S,249.7,2,12
2021-06-15 14:36:49,S,249.8,1,5
2021-06-15 14:36:49,S,249.0,1,50
2021-06-15 14:36:49,S,248.9,2,505
2021-06-15 14:36:49,S,248.85,1,56
2021-06-15 14:36:49,S,248.75,1,7
2021-06-15 14:36:49,S,248.5,2,11
2021-06-15 14:36:49,S,249.3,2,11
2021-06-15 14:36:49,S,249.45,2,6
2021-06-15 14:36:49,S,249.5,2,28
2021-06-15 14:36:49,S,249.7,2,12
2021-06-15 14:36:49,S,249.75,1,7
2021-06-15 14:36:49,S,249.0,1,50
2021-06-15 14:36:49,S,248.9,2,505
2021-06-15 14:36:49,S,248.85,1,56
2021-06-15 14:36:49,S,248.5,2,11
2021-06-15 14:36:49,S,248.45,2,68
2021-06-15 14:36:50,S,249.3,2,11
2021-06-15 14:36:50,S,249.45,2,6
2021-06-15 14:36:50,S,249.5,2,28
2021-06-15 14:36:50,S,249.7,2,12
2021-06-15 14:36:50,S,249.75,1,7
2021-06-15 14:36:50,S,249.0,1,50
2021-06-15 14:36:50,S,248.9,2,505
2021-06-15 14:36:50,S,248.85,1,56
2021-06-15 14:36:50,S,248.5,2,11
2021-06-15 14:36:50,S,248.45,2,68
2021-06-15 14:36:51,S,249.3,2,11
2021-06-15 14:36:51,S,249.45,2,6
2021-06-15 14:36:51,S,249.5,2,28
2021-06-15 14:36:51,S,249.7,2,12
2021-06-15 14:36:51,S,249.75,1,7
2021-06-15 14:36:51,S,249.0,1,50
2021-06-15 14:36:51,S,248.9,2,505
2021-06-15 14:36:51,S,248.85,1,56
2021-06-15 14:36:51,S,248.5,2,11
2021-06-15 14:36:51,S,248.45,2,68
2021-06-15 14:36:52,S,249.3,2,15
2021-06-15 14:36:52,S,249.4,2,5
2021-06-15 14:36:52,S,249.45,2,10
2021-06-15 14:36:52,S,249.5,2,28
2021-06-15 14:36:52,S,249.7,2,12
2021-06-15 14:36:52,S,249.05,1,10
2021-06-15 14:36:52,S,248.9,2,505
2021-06-15 14:36:52,S,248.5,2,11
2021-06-15 14:36:52,S,248.45,3,75
2021-06-15 14:36:52,S,248.3,3,13
2021-06-15 14:36:53,S,249.3,2,15
2021-06-15 14:36:53,S,249.4,2,5
2021-06-15 14:36:53,S,249.45,2,10
2021-06-15 14:36:53,S,249.5,2,28
2021-06-15 14:36:53,S,249.7,2,12
2021-06-15 14:36:53,S,249.05,1,10
2021-06-15 14:36:53,S,248.9,2,505
2021-06-15 14:36:53,S,248.5,2,11
2021-06-15 14:36:53,S,248.45,3,75
2021-06-15 14:36:53,S,248.3,3,13
2021-06-15 14:36:54,S,249.3,2,15
2021-06-15 14:36:54,S,249.4,2,5
2021-06-15 14:36:54,S,249.45,2,10
2021-06-15 14:36:54,S,249.5,2,28
2021-06-15 14:36:54,S,249.7,2,12
2021-06-15 14:36:54,S,249.05,1,10
2021-06-15 14:36:54,S,248.9,2,505
2021-06-15 14:36:54,S,248.5,2,11
2021-06-15 14:36:54,S,248.45,3,75
2021-06-15 14:36:54,S,248.3,3,13
2021-06-15 14:36:55,S,249.3,2,15
2021-06-15 14:36:55,S,249.4,2,5
2021-06-15 14:36:55,S,249.5,2,28
2021-06-15 14:36:55,S,249.7,2,12
2021-06-15 14:36:55,S,249.75,1,7
2021-06-15 14:36:55,S,249.05,1,10
2021-06-15 14:36:55,S,248.9,2,505
2021-06-15 14:36:55,S,248.5,2,11
2021-06-15 14:36:55,S,248.45,3,75
2021-06-15 14:36:55,S,248.3,3,13
2021-06-15 14:36:56,S,249.3,2,15
2021-06-15 14:36:56,S,249.4,2,5
2021-06-15 14:36:56,S,249.5,2,28
2021-06-15 14:36:56,S,249.7,2,12
2021-06-15 14:36:56,S,249.75,1,7
2021-06-15 14:36:56,S,249.05,1,10
2021-06-15 14:36:56,S,248.9,2,505
2021-06-15 14:36:56,S,248.5,2,11
2021-06-15 14:36:56,S,248.45,3,75
2021-06-15 14:36:56,S,248.3,3,13
2021-06-15 14:36:58,S,249.3,2,15
2021-06-15 14:36:58,S,249.4,2,5
2021-06-15 14:36:58,S,249.5,2,28
2021-06-15 14:36:58,S,249.7,2,12
2021-06-15 14:36:58,S,249.75,1,7
2021-06-15 14:36:58,S,249.05,1,10
2021-06-15 14:36:58,S,248.9,2,505
2021-06-15 14:36:58,S,248.5,2,11
2021-06-15 14:36:58,S,248.45,3,75
2021-06-15 14:36:58,S,248.3,3,13
2021-06-15 14:37:07,S,249.3,2,15
2021-06-15 14:37:07,S,249.45,2,5
2021-06-15 14:37:07,S,249.5,2,28
2021-06-15 14:37:07,S,249.7,2,12
2021-06-15 14:37:07,S,249.75,1,7
2021-06-15 14:37:07,S,248.9,2,505
2021-06-15 14:37:07,S,248.6,2,34
2021-06-15 14:37:07,S,248.5,3,511
2021-06-15 14:37:07,S,248.45,2,68
2021-06-15 14:37:07,S,248.3,3,13
2021-06-15 14:37:11,S,249.0,1,10
2021-06-15 14:37:11,S,249.25,1,7
2021-06-15 14:37:11,S,249.4,1,1
2021-06-15 14:37:11,S,249.45,1,4
2021-06-15 14:37:11,S,249.5,2,28
2021-06-15 14:37:11,S,248.9,2,505
2021-06-15 14:37:11,S,248.7,2,35
2021-06-15 14:37:11,S,248.6,2,34
2021-06-15 14:37:11,S,248.5,3,511
2021-06-15 14:37:11,S,248.45,2,68
2021-06-15 14:37:13,S,249.0,1,10
2021-06-15 14:37:13,S,249.25,1,7
2021-06-15 14:37:13,S,249.4,1,1
2021-06-15 14:37:13,S,249.45,1,4
2021-06-15 14:37:13,S,249.5,2,28
2021-06-15 14:37:13,S,248.9,2,505
2021-06-15 14:37:13,S,248.7,2,35
2021-06-15 14:37:13,S,248.6,2,34
2021-06-15 14:37:13,S,248.5,3,511
2021-06-15 14:37:13,S,248.45,2,68
2021-06-15 14:37:13,S,249.0,1,10
2021-06-15 14:37:13,S,249.4,2,5
2021-06-15 14:37:13,S,249.5,2,28
2021-06-15 14:37:13,S,249.55,1,7
2021-06-15 14:37:13,S,249.7,2,12
2021-06-15 14:37:13,S,248.9,2,505
2021-06-15 14:37:13,S,248.7,2,34
2021-06-15 14:37:13,S,248.6,2,34
2021-06-15 14:37:13,S,248.5,3,511
2021-06-15 14:37:13,S,248.45,2,68
2021-06-15 14:37:15,S,249.0,1,10
2021-06-15 14:37:15,S,249.4,2,5
2021-06-15 14:37:15,S,249.5,2,28
2021-06-15 14:37:15,S,249.55,1,7
2021-06-15 14:37:15,S,249.7,2,12
2021-06-15 14:37:15,S,248.9,2,505
2021-06-15 14:37:15,S,248.7,2,34
2021-06-15 14:37:15,S,248.6,2,34
2021-06-15 14:37:15,S,248.5,3,511
2021-06-15 14:37:15,S,248.45,2,68
2021-06-15 14:37:16,S,249.0,1,8
2021-06-15 14:37:16,S,249.4,2,5
2021-06-15 14:37:16,S,249.5,2,28
2021-06-15 14:37:16,S,249.55,1,7
2021-06-15 14:37:16,S,249.7,2,12
2021-06-15 14:37:16,S,248.9,1,5
2021-06-15 14:37:16,S,248.7,2,34
2021-06-15 14:37:16,S,248.6,2,34
2021-06-15 14:37:16,S,248.5,3,511
2021-06-15 14:37:16,S,248.45,2,68
2021-06-15 14:37:19,S,249.0,1,8
2021-06-15 14:37:19,S,249.4,2,5
2021-06-15 14:37:19,S,249.5,2,28
2021-06-15 14:37:19,S,249.55,1,7
2021-06-15 14:37:19,S,249.7,2,12
2021-06-15 14:37:19,S,248.9,1,5
2021-06-15 14:37:19,S,248.6,2,34
2021-06-15 14:37:19,S,248.5,3,511
2021-06-15 14:37:19,S,248.45,2,68
2021-06-15 14:37:19,S,248.3,1,5
2021-06-15 14:37:23,S,249.0,1,8
2021-06-15 14:37:23,S,249.4,2,5
2021-06-15 14:37:23,S,249.5,2,28
2021-06-15 14:37:23,S,249.7,2,12
2021-06-15 14:37:23,S,249.75,1,7
2021-06-15 14:37:23,S,248.9,2,50
2021-06-15 14:37:23,S,248.7,2,34
2021-06-15 14:37:23,S,248.6,2,34
2021-06-15 14:37:23,S,248.5,3,511
2021-06-15 14:37:23,S,248.45,2,68
2021-06-15 14:37:25,S,249.45,1,1
2021-06-15 14:37:25,S,249.5,2,28
2021-06-15 14:37:25,S,249.7,2,12
2021-06-15 14:37:25,S,249.8,1,5
2021-06-15 14:37:25,S,249.9,1,5
2021-06-15 14:37:25,S,249.1,1,489
2021-06-15 14:37:25,S,248.9,3,72
2021-06-15 14:37:25,S,248.6,2,34
2021-06-15 14:37:25,S,248.5,4,15
2021-06-15 14:37:25,S,248.45,2,68
2021-06-15 14:37:26,S,249.45,1,1
2021-06-15 14:37:26,S,249.5,2,28
2021-06-15 14:37:26,S,249.7,2,12
2021-06-15 14:37:26,S,249.8,1,5
2021-06-15 14:37:26,S,249.9,1,5
2021-06-15 14:37:26,S,249.1,1,489
2021-06-15 14:37:26,S,248.9,3,72
2021-06-15 14:37:26,S,248.6,2,34
2021-06-15 14:37:26,S,248.5,4,15
2021-06-15 14:37:26,S,248.45,2,68
2021-06-15 14:37:27,S,249.45,1,1
2021-06-15 14:37:27,S,249.5,2,28
2021-06-15 14:37:27,S,249.7,2,12
2021-06-15 14:37:27,S,249.8,1,5
2021-06-15 14:37:27,S,249.9,1,5
2021-06-15 14:37:27,S,249.1,1,489
2021-06-15 14:37:27,S,248.9,3,72
2021-06-15 14:37:27,S,248.6,2,34
2021-06-15 14:37:27,S,248.5,4,15
2021-06-15 14:37:27,S,248.45,2,68
2021-06-15 14:37:29,S,249.3,2,4
2021-06-15 14:37:29,S,249.45,2,10
2021-06-15 14:37:29,S,249.5,2,28
2021-06-15 14:37:29,S,249.55,2,10
2021-06-15 14:37:29,S,249.65,1,5
2021-06-15 14:37:29,S,248.8,1,2
2021-06-15 14:37:29,S,248.6,2,29
2021-06-15 14:37:29,S,248.55,2,21
2021-06-15 14:37:29,S,248.5,2,23
2021-06-15 14:37:29,S,248.45,4,94
2021-06-15 14:37:31,S,249.3,2,4
2021-06-15 14:37:31,S,249.45,2,10
2021-06-15 14:37:31,S,249.5,2,28
2021-06-15 14:37:31,S,249.55,2,10
2021-06-15 14:37:31,S,249.65,1,5
2021-06-15 14:37:31,S,248.9,1,4
2021-06-15 14:37:31,S,248.6,2,29
2021-06-15 14:37:31,S,248.55,2,21
2021-06-15 14:37:31,S,248.5,2,23
2021-06-15 14:37:31,S,248.45,4,94
2021-06-15 14:37:40,S,249.5,1,25
2021-06-15 14:37:40,S,249.95,2,16
2021-06-15 14:37:40,S,250.0,3,24
2021-06-15 14:37:40,S,250.05,1,5
2021-06-15 14:37:40,S,250.15,1,5
2021-06-15 14:37:40,S,249.1,3,29
2021-06-15 14:37:40,S,249.0,2,727
2021-06-15 14:37:40,S,248.95,1,22
2021-06-15 14:37:40,S,248.9,2,59
2021-06-15 14:37:40,S,248.8,2,29
2021-06-15 14:37:41,S,249.5,1,25
2021-06-15 14:37:41,S,249.95,2,16
2021-06-15 14:37:41,S,250.0,3,24
2021-06-15 14:37:41,S,250.05,1,5
2021-06-15 14:37:41,S,250.15,1,5
2021-06-15 14:37:41,S,249.1,3,29
2021-06-15 14:37:41,S,249.0,2,727
2021-06-15 14:37:41,S,248.95,1,22
2021-06-15 14:37:41,S,248.9,2,59
2021-06-15 14:37:41,S,248.8,2,29
2021-06-15 14:37:42,S,249.5,1,25
2021-06-15 14:37:42,S,249.95,2,16
2021-06-15 14:37:42,S,250.0,3,24
2021-06-15 14:37:42,S,250.05,1,5
2021-06-15 14:37:42,S,250.15,1,5
2021-06-15 14:37:42,S,249.1,3,29
2021-06-15 14:37:42,S,249.0,2,727
2021-06-15 14:37:42,S,248.95,1,22
2021-06-15 14:37:42,S,248.9,2,59
2021-06-15 14:37:42,S,248.8,2,29
2021-06-15 14:37:43,S,249.5,1,25
2021-06-15 14:37:43,S,249.65,2,28
2021-06-15 14:37:43,S,249.75,2,28
2021-06-15 14:37:43,S,249.8,2,30
2021-06-15 14:37:43,S,249.85,1,5
2021-06-15 14:37:43,S,248.95,1,1
2021-06-15 14:37:43,S,248.9,2,58
2021-06-15 14:37:43,S,248.55,2,29
2021-06-15 14:37:43,S,248.5,2,29
2021-06-15 14:37:43,S,248.45,1,59
2021-06-15 14:37:46,S,249.45,2,16
2021-06-15 14:37:46,S,249.5,1,25
2021-06-15 14:37:46,S,249.6,2,31
2021-06-15 14:37:46,S,249.65,2,28
2021-06-15 14:37:46,S,249.75,2,28
2021-06-15 14:37:46,S,248.95,1,1
2021-06-15 14:37:46,S,248.9,2,58
2021-06-15 14:37:46,S,248.5,3,30
2021-06-15 14:37:46,S,248.45,1,59
2021-06-15 14:37:46,S,248.3,1,1
2021-06-15 14:37:51,S,249.45,3,36
2021-06-15 14:37:51,S,249.5,2,49
2021-06-15 14:37:51,S,249.6,2,31
2021-06-15 14:37:51,S,249.65,2,28
2021-06-15 14:37:51,S,249.75,2,28
2021-06-15 14:37:51,S,248.95,1,1
2021-06-15 14:37:51,S,248.9,2,58
2021-06-15 14:37:51,S,248.75,1,7
2021-06-15 14:37:51,S,248.55,1,7
2021-06-15 14:37:51,S,248.5,2,29
2021-06-15 14:38:45,S,249.5,1,25
2021-06-15 14:38:45,S,249.65,2,28
2021-06-15 14:38:45,S,249.75,2,28
2021-06-15 14:38:45,S,249.8,2,30
2021-06-15 14:38:45,S,249.85,1,5
2021-06-15 14:38:45,S,248.95,1,1
2021-06-15 14:38:45,S,248.9,3,158
2021-06-15 14:38:45,S,248.85,1,53
2021-06-15 14:38:45,S,248.75,1,7
2021-06-15 14:38:45,S,248.55,2,8
2021-06-15 14:38:48,S,249.5,1,25
2021-06-15 14:38:48,S,249.75,2,28
2021-06-15 14:38:48,S,249.8,2,30
2021-06-15 14:38:48,S,249.85,1,5
2021-06-15 14:38:48,S,249.95,3,17
2021-06-15 14:38:48,S,249.05,1,1
2021-06-15 14:38:48,S,249.0,1,13
2021-06-15 14:38:48,S,248.9,3,158
2021-06-15 14:38:48,S,248.85,1,53
2021-06-15 14:38:48,S,248.75,1,7
2021-06-15 14:38:49,S,249.5,1,25
2021-06-15 14:38:49,S,249.75,2,28
2021-06-15 14:38:49,S,249.8,2,30
2021-06-15 14:38:49,S,249.85,1,5
2021-06-15 14:38:49,S,249.95,3,17
2021-06-15 14:38:49,S,249.05,1,1
2021-06-15 14:38:49,S,249.0,1,13
2021-06-15 14:38:49,S,248.9,3,158
2021-06-15 14:38:49,S,248.85,1,53
2021-06-15 14:38:49,S,248.75,1,7
2021-06-15 14:38:50,S,249.5,1,25
2021-06-15 14:38:50,S,249.75,2,28
2021-06-15 14:38:50,S,249.8,2,30
2021-06-15 14:38:50,S,249.85,1,5
2021-06-15 14:38:50,S,249.95,3,17
2021-06-15 14:38:50,S,249.05,1,1
2021-06-15 14:38:50,S,249.0,1,13
2021-06-15 14:38:50,S,248.9,3,158
2021-06-15 14:38:50,S,248.85,1,53
2021-06-15 14:38:50,S,248.75,1,7
2021-06-15 14:38:51,S,249.45,2,9
2021-06-15 14:38:51,S,249.5,2,49
2021-06-15 14:38:51,S,249.6,2,24
2021-06-15 14:38:51,S,249.75,2,28
2021-06-15 14:38:51,S,249.8,2,30
2021-06-15 14:38:51,S,248.95,1,1
2021-06-15 14:38:51,S,248.9,3,158
2021-06-15 14:38:51,S,248.85,1,60
2021-06-15 14:38:51,S,248.65,1,7
2021-06-15 14:38:51,S,248.5,3,15
2021-06-15 14:38:54,S,249.45,2,9
2021-06-15 14:38:54,S,249.5,2,49
2021-06-15 14:38:54,S,249.6,2,24
2021-06-15 14:38:54,S,249.75,2,28
2021-06-15 14:38:54,S,249.8,2,30
2021-06-15 14:38:54,S,248.95,1,1
2021-06-15 14:38:54,S,248.9,3,158
2021-06-15 14:38:54,S,248.85,1,60
2021-06-15 14:38:54,S,248.65,1,7
2021-06-15 14:38:54,S,248.5,3,15
2021-06-15 14:38:54,S,250.6,2,8
2021-06-15 14:38:54,S,250.7,2,29
2021-06-15 14:38:54,S,250.8,2,12
2021-06-15 14:38:54,S,250.9,2,27
2021-06-15 14:38:54,S,251.0,4,160
2021-06-15 14:38:54,S,250.05,1,1
2021-06-15 14:38:54,S,250.0,2,387
2021-06-15 14:38:54,S,249.85,2,23
2021-06-15 14:38:54,S,249.75,1,5
2021-06-15 14:38:54,S,249.65,1,5
2021-06-15 14:38:55,S,250.6,2,8
2021-06-15 14:38:55,S,250.7,2,29
2021-06-15 14:38:55,S,250.8,2,12
2021-06-15 14:38:55,S,250.9,2,27
2021-06-15 14:38:55,S,251.0,4,160
2021-06-15 14:38:55,S,250.05,1,1
2021-06-15 14:38:55,S,250.0,2,387
2021-06-15 14:38:55,S,249.85,2,23
2021-06-15 14:38:55,S,249.75,1,5
2021-06-15 14:38:55,S,249.65,1,5
2021-06-15 14:38:56,S,250.6,2,8
2021-06-15 14:38:56,S,250.7,2,29
2021-06-15 14:38:56,S,250.8,2,12
2021-06-15 14:38:56,S,250.9,2,27
2021-06-15 14:38:56,S,251.0,4,160
2021-06-15 14:38:56,S,250.05,1,1
2021-06-15 14:38:56,S,250.0,2,387
2021-06-15 14:38:56,S,249.85,2,23
2021-06-15 14:38:56,S,249.75,1,5
2021-06-15 14:38:56,S,249.65,1,5
2021-06-15 14:38:57,S,250.75,2,8
2021-06-15 14:38:57,S,250.8,3,19
2021-06-15 14:38:57,S,250.9,2,27
2021-06-15 14:38:57,S,251.0,4,157
2021-06-15 14:38:57,S,251.05,3,20
2021-06-15 14:38:57,S,250.0,1,555
2021-06-15 14:38:57,S,249.85,3,30
2021-06-15 14:38:57,S,249.8,2,27
2021-06-15 14:38:57,S,249.75,2,27
2021-06-15 14:38:57,S,249.65,2,12
2021-06-15 14:38:58,S,250.75,2,8
2021-06-15 14:38:58,S,250.8,3,19
2021-06-15 14:38:58,S,250.9,2,27
2021-06-15 14:38:58,S,251.0,4,157
2021-06-15 14:38:58,S,251.05,3,20
2021-06-15 14:38:58,S,250.0,1,555
2021-06-15 14:38:58,S,249.85,3,30
2021-06-15 14:38:58,S,249.8,2,27
2021-06-15 14:38:58,S,249.75,2,27
2021-06-15 14:38:58,S,249.65,2,12
2021-06-15 14:38:59,S,250.75,2,8
2021-06-15 14:38:59,S,250.8,3,19
2021-06-15 14:38:59,S,250.9,2,27
2021-06-15 14:38:59,S,251.0,4,157
2021-06-15 14:38:59,S,251.05,3,20
2021-06-15 14:38:59,S,250.0,1,555
2021-06-15 14:38:59,S,249.85,3,30
2021-06-15 14:38:59,S,249.8,2,27
2021-06-15 14:38:59,S,249.75,2,27
2021-06-15 14:38:59,S,249.65,2,12
2021-06-15 14:39:00,S,250.75,2,8
2021-06-15 14:39:00,S,250.8,3,19
2021-06-15 14:39:00,S,250.9,2,27
2021-06-15 14:39:00,S,251.0,4,157
2021-06-15 14:39:00,S,251.05,3,20
2021-06-15 14:39:00,S,250.0,1,555
2021-06-15 14:39:00,S,249.85,3,30
2021-06-15 14:39:00,S,249.8,2,27
2021-06-15 14:39:00,S,249.75,2,27
2021-06-15 14:39:00,S,249.65,2,12
2021-06-15 14:39:00,S,249.4,1,1
2021-06-15 14:39:00,S,249.45,2,31
2021-06-15 14:39:00,S,249.55,2,31
2021-06-15 14:39:00,S,249.65,1,7
2021-06-15 14:39:00,S,249.8,3,32
2021-06-15 14:39:00,S,248.9,3,158
2021-06-15 14:39:00,S,248.5,2,23
2021-06-15 14:39:00,S,248.45,2,67
2021-06-15 14:39:00,S,248.25,2,73
2021-06-15 14:39:00,S,248.15,1,3
2021-06-15 14:39:01,S,249.4,1,1
2021-06-15 14:39:01,S,249.45,2,31
2021-06-15 14:39:01,S,249.55,2,31
2021-06-15 14:39:01,S,249.65,1,7
2021-06-15 14:39:01,S,249.8,3,32
2021-06-15 14:39:01,S,248.9,3,158
2021-06-15 14:39:01,S,248.5,2,23
2021-06-15 14:39:01,S,248.45,2,67
2021-06-15 14:39:01,S,248.25,2,73
2021-06-15 14:39:01,S,248.15,1,3
2021-06-15 14:39:06,S,249.5,1,1
2021-06-15 14:39:06,S,249.55,2,31
2021-06-15 14:39:06,S,249.8,3,32
2021-06-15 14:39:06,S,249.85,1,9
2021-06-15 14:39:06,S,249.9,1,20
2021-06-15 14:39:06,S,248.95,1,13
2021-06-15 14:39:06,S,248.9,4,181
2021-06-15 14:39:06,S,248.85,2,31
2021-06-15 14:39:06,S,248.8,2,28
2021-06-15 14:39:06,S,248.7,1,5
2021-06-15 14:39:09,S,249.5,1,1
2021-06-15 14:39:09,S,249.55,2,31
2021-06-15 14:39:09,S,249.7,2,23
2021-06-15 14:39:09,S,249.9,2,8
2021-06-15 14:39:09,S,249.95,3,34
2021-06-15 14:39:09,S,249.05,1,12
2021-06-15 14:39:09,S,249.0,2,121
2021-06-15 14:39:09,S,248.9,4,181
2021-06-15 14:39:09,S,248.85,2,31
2021-06-15 14:39:09,S,248.8,2,28
2021-06-15 14:39:10,S,249.5,1,1
2021-06-15 14:39:10,S,249.55,2,31
2021-06-15 14:39:10,S,249.7,2,23
2021-06-15 14:39:10,S,249.9,2,8
2021-06-15 14:39:10,S,249.95,3,34
2021-06-15 14:39:10,S,249.05,1,12
2021-06-15 14:39:10,S,249.0,2,121
2021-06-15 14:39:10,S,248.9,4,181
2021-06-15 14:39:10,S,248.85,2,31
2021-06-15 14:39:10,S,248.8,2,28
2021-06-15 14:39:12,S,248.95,2,7
2021-06-15 14:39:12,S,249.0,3,165
2021-06-15 14:39:12,S,249.1,2,21
2021-06-15 14:39:12,S,249.2,1,20
2021-06-15 14:39:12,S,249.25,2,24
2021-06-15 14:39:12,S,248.55,1,2
2021-06-15 14:39:12,S,248.5,1,1
2021-06-15 14:39:12,S,248.25,1,50
2021-06-15 14:39:12,S,248.15,2,15
2021-06-15 14:39:12,S,248.1,1,100
2021-06-15 14:39:15,S,248.95,2,7
2021-06-15 14:39:15,S,249.25,2,24
2021-06-15 14:39:15,S,249.35,3,18
2021-06-15 14:39:15,S,249.4,2,11
2021-06-15 14:39:15,S,249.45,3,14
2021-06-15 14:39:15,S,248.55,1,2
2021-06-15 14:39:15,S,248.5,1,1
2021-06-15 14:39:15,S,248.3,1,7
2021-06-15 14:39:15,S,248.25,1,50
2021-06-15 14:39:15,S,248.15,2,15
2021-06-15 14:39:19,S,248.95,2,7
2021-06-15 14:39:19,S,249.25,2,24
2021-06-15 14:39:19,S,249.35,3,18
2021-06-15 14:39:19,S,249.4,2,11
2021-06-15 14:39:19,S,249.45,3,14
2021-06-15 14:39:19,S,248.55,1,2
2021-06-15 14:39:19,S,248.5,2,13
2021-06-15 14:39:19,S,248.3,1,7
2021-06-15 14:39:19,S,248.25,1,50
2021-06-15 14:39:19,S,248.15,2,15
2021-06-15 14:39:21,S,249.3,2,6
2021-06-15 14:39:21,S,249.4,2,25
2021-06-15 14:39:21,S,249.45,2,11
2021-06-15 14:39:21,S,249.5,3,33
2021-06-15 14:39:21,S,249.55,3,38
2021-06-15 14:39:21,S,248.55,1,2
2021-06-15 14:39:21,S,248.5,3,13
2021-06-15 14:39:21,S,248.4,1,5
2021-06-15 14:39:21,S,248.35,3,61
2021-06-15 14:39:21,S,248.3,4,50
2021-06-15 14:39:24,S,249.3,2,6
2021-06-15 14:39:24,S,249.4,2,25
2021-06-15 14:39:24,S,249.45,2,11
2021-06-15 14:39:24,S,249.5,3,33
2021-06-15 14:39:24,S,249.55,3,38
2021-06-15 14:39:24,S,248.75,1,2
2021-06-15 14:39:24,S,248.7,1,7
2021-06-15 14:39:24,S,248.5,3,13
2021-06-15 14:39:24,S,248.4,2,33
2021-06-15 14:39:24,S,248.35,3,61
2021-06-15 14:39:30,S,249.3,2,6
2021-06-15 14:39:30,S,249.4,2,25
2021-06-15 14:39:30,S,249.45,2,11
2021-06-15 14:39:30,S,249.5,3,33
2021-06-15 14:39:30,S,249.55,3,38
2021-06-15 14:39:30,S,248.75,1,2
2021-06-15 14:39:30,S,248.7,1,7
2021-06-15 14:39:30,S,248.5,3,13
2021-06-15 14:39:30,S,248.4,1,5
2021-06-15 14:39:30,S,248.35,3,61
2021-06-15 14:39:33,S,249.5,1,1
2021-06-15 14:39:33,S,249.55,2,31
2021-06-15 14:39:33,S,249.6,2,9
2021-06-15 14:39:33,S,249.65,1,3
2021-06-15 14:39:33,S,249.7,1,12
2021-06-15 14:39:33,S,249.05,1,13
2021-06-15 14:39:33,S,249.0,1,250
2021-06-15 14:39:33,S,248.95,1,7
2021-06-15 14:39:33,S,248.7,2,35
2021-06-15 14:39:33,S,248.55,3,83
2021-06-15 14:39:34,S,249.5,1,1
2021-06-15 14:39:34,S,249.55,2,31
2021-06-15 14:39:34,S,249.6,2,9
2021-06-15 14:39:34,S,249.65,1,3
2021-06-15 14:39:34,S,249.7,1,12
2021-06-15 14:39:34,S,249.05,1,13
2021-06-15 14:39:34,S,249.0,1,250
2021-06-15 14:39:34,S,248.95,1,7
2021-06-15 14:39:34,S,248.7,2,35
2021-06-15 14:39:34,S,248.55,3,83
2021-06-15 14:39:36,S,248.95,2,4
2021-06-15 14:39:36,S,249.0,3,295
2021-06-15 14:39:36,S,249.15,3,14
2021-06-15 14:39:36,S,249.25,1,20
2021-06-15 14:39:36,S,249.3,1,22
2021-06-15 14:39:36,S,248.65,1,2
2021-06-15 14:39:36,S,248.6,1,1
2021-06-15 14:39:36,S,248.55,1,50
2021-06-15 14:39:36,S,248.5,1,1
2021-06-15 14:39:36,S,248.4,1,10
2021-06-15 14:39:39,S,249.35,2,4
2021-06-15 14:39:39,S,249.5,2,26
2021-06-15 14:39:39,S,249.55,5,44
2021-06-15 14:39:39,S,249.6,3,16
2021-06-15 14:39:39,S,249.7,1,5
2021-06-15 14:39:39,S,248.8,2,3
2021-06-15 14:39:39,S,248.65,1,7
2021-06-15 14:39:39,S,248.6,1,5
2021-06-15 14:39:39,S,248.55,1,50
2021-06-15 14:39:39,S,248.5,2,6
2021-06-15 14:39:42,S,249.35,2,4
2021-06-15 14:39:42,S,249.5,2,26
2021-06-15 14:39:42,S,249.55,5,44
2021-06-15 14:39:42,S,249.6,3,16
2021-06-15 14:39:42,S,249.7,1,5
2021-06-15 14:39:42,S,248.8,2,3
2021-06-15 14:39:42,S,248.65,1,7
2021-06-15 14:39:42,S,248.6,1,5
2021-06-15 14:39:42,S,248.55,1,50
2021-06-15 14:39:42,S,248.5,2,6
2021-06-15 14:39:44,S,249.35,2,4
2021-06-15 14:39:44,S,249.5,2,26
2021-06-15 14:39:44,S,249.55,5,44
2021-06-15 14:39:44,S,249.6,3,16
2021-06-15 14:39:44,S,249.7,1,5
2021-06-15 14:39:44,S,248.8,2,3
2021-06-15 14:39:44,S,248.65,1,7
2021-06-15 14:39:44,S,248.6,1,5
2021-06-15 14:39:44,S,248.55,1,50
2021-06-15 14:39:44,S,248.5,2,6
2021-06-15 14:40:14,S,249.35,2,4
2021-06-15 14:40:14,S,249.5,2,26
2021-06-15 14:40:14,S,249.55,5,44
2021-06-15 14:40:14,S,249.6,3,16
2021-06-15 14:40:14,S,249.7,1,5
2021-06-15 14:40:14,S,248.8,3,5
2021-06-15 14:40:14,S,248.65,1,7
2021-06-15 14:40:14,S,248.6,1,5
2021-06-15 14:40:14,S,248.55,1,50
2021-06-15 14:40:14,S,248.5,2,6
2021-06-15 14:40:34,S,249.35,2,4
2021-06-15 14:40:34,S,249.5,2,26
2021-06-15 14:40:34,S,249.55,5,44
2021-06-15 14:40:34,S,249.6,3,16
2021-06-15 14:40:34,S,249.7,1,5
2021-06-15 14:40:34,S,248.8,3,5
2021-06-15 14:40:34,S,248.65,1,7
2021-06-15 14:40:34,S,248.6,1,5
2021-06-15 14:40:34,S,248.55,1,50
2021-06-15 14:40:34,S,248.5,2,6
2021-06-15 14:40:37,S,249.5,1,1
2021-06-15 14:40:37,S,249.55,2,31
2021-06-15 14:40:37,S,249.75,2,8
2021-06-15 14:40:37,S,249.8,1,12
2021-06-15 14:40:37,S,249.85,2,12
2021-06-15 14:40:37,S,249.05,2,14
2021-06-15 14:40:37,S,249.0,1,500
2021-06-15 14:40:37,S,248.85,2,23
2021-06-15 14:40:37,S,248.8,2,14
2021-06-15 14:40:37,S,248.65,2,19
2021-06-15 14:40:37,S,249.5,1,1
2021-06-15 14:40:37,S,249.55,2,31
2021-06-15 14:40:37,S,249.75,2,8
2021-06-15 14:40:37,S,249.8,1,12
2021-06-15 14:40:37,S,249.85,2,12
2021-06-15 14:40:37,S,249.05,2,14
2021-06-15 14:40:37,S,249.0,1,500
2021-06-15 14:40:37,S,248.85,2,23
2021-06-15 14:40:37,S,248.8,2,14
2021-06-15 14:40:37,S,248.65,2,19
2021-06-15 14:40:38,S,249.5,1,1
2021-06-15 14:40:38,S,249.55,2,31
2021-06-15 14:40:38,S,249.75,2,8
2021-06-15 14:40:38,S,249.8,1,12
2021-06-15 14:40:38,S,249.85,2,12
2021-06-15 14:40:38,S,249.05,2,14
2021-06-15 14:40:38,S,249.0,1,500
2021-06-15 14:40:38,S,248.85,2,23
2021-06-15 14:40:38,S,248.8,2,14
2021-06-15 14:40:38,S,248.65,2,19
2021-06-15 14:40:40,S,249.4,3,7
2021-06-15 14:40:40,S,249.45,2,27
2021-06-15 14:40:40,S,249.5,4,35
2021-06-15 14:40:40,S,249.55,3,36
2021-06-15 14:40:40,S,249.85,1,7
2021-06-15 14:40:40,S,248.55,3,59
2021-06-15 14:40:40,S,248.5,1,1
2021-06-15 14:40:40,S,248.45,3,15
2021-06-15 14:40:40,S,248.35,2,33
2021-06-15 14:40:40,S,248.25,2,62
2021-06-15 14:41:01,S,249.4,3,7
2021-06-15 14:41:01,S,249.45,2,27
2021-06-15 14:41:01,S,249.5,6,51
2021-06-15 14:41:01,S,249.55,2,31
2021-06-15 14:41:01,S,249.8,1,2
2021-06-15 14:41:01,S,248.55,2,54
2021-06-15 14:41:01,S,248.5,1,1
2021-06-15 14:41:01,S,248.45,3,15
2021-06-15 14:41:01,S,248.35,3,38
2021-06-15 14:41:01,S,248.25,2,62
2021-06-15 14:41:33,S,249.4,3,7
2021-06-15 14:41:33,S,249.45,2,27
2021-06-15 14:41:33,S,249.5,6,51
2021-06-15 14:41:33,S,249.55,2,31
2021-06-15 14:41:33,S,249.8,1,2
2021-06-15 14:41:33,S,248.55,2,54
2021-06-15 14:41:33,S,248.5,2,12
2021-06-15 14:41:33,S,248.45,3,15
2021-06-15 14:41:33,S,248.35,3,38
2021-06-15 14:41:33,S,248.25,3,73
2021-06-15 14:42:03,S,249.2,2,3
2021-06-15 14:42:03,S,249.25,1,2
2021-06-15 14:42:03,S,249.3,1,2
2021-06-15 14:42:03,S,249.35,2,5
2021-06-15 14:42:03,S,249.4,1,2
2021-06-15 14:42:03,S,248.6,1,1
2021-06-15 14:42:03,S,248.55,2,54
2021-06-15 14:42:03,S,248.5,2,12
2021-06-15 14:42:03,S,248.35,1,5
2021-06-15 14:42:03,S,248.3,2,2
2021-06-15 14:42:04,S,249.2,2,3
2021-06-15 14:42:04,S,249.25,1,2
2021-06-15 14:42:04,S,249.3,1,2
2021-06-15 14:42:04,S,249.35,2,5
2021-06-15 14:42:04,S,249.4,1,2
2021-06-15 14:42:04,S,248.6,1,1
2021-06-15 14:42:04,S,248.55,2,54
2021-06-15 14:42:04,S,248.5,2,12
2021-06-15 14:42:04,S,248.35,1,5
2021-06-15 14:42:04,S,248.3,2,2
2021-06-15 14:42:08,S,249.2,2,3
2021-06-15 14:42:08,S,249.25,1,2
2021-06-15 14:42:08,S,249.3,1,2
2021-06-15 14:42:08,S,249.35,2,5
2021-06-15 14:42:08,S,249.4,1,2
2021-06-15 14:42:08,S,248.6,1,1
2021-06-15 14:42:08,S,248.55,2,54
2021-06-15 14:42:08,S,248.5,2,12
2021-06-15 14:42:08,S,248.35,1,5
2021-06-15 14:42:08,S,248.3,2,2
2021-06-15 14:42:10,S,249.8,2,10
2021-06-15 14:42:10,S,249.9,2,18
2021-06-15 14:42:10,S,249.95,1,55
2021-06-15 14:42:10,S,250.0,5,42
2021-06-15 14:42:10,S,250.05,1,1
2021-06-15 14:42:10,S,248.9,2,15
2021-06-15 14:42:10,S,248.85,3,75
2021-06-15 14:42:10,S,248.8,1,11
2021-06-15 14:42:10,S,248.75,2,19
2021-06-15 14:42:10,S,248.7,2,15
2021-06-15 14:42:15,S,249.8,2,10
2021-06-15 14:42:15,S,249.9,2,18
2021-06-15 14:42:15,S,249.95,1,55
2021-06-15 14:42:15,S,250.0,5,42
2021-06-15 14:42:15,S,250.05,1,1
2021-06-15 14:42:15,S,248.9,2,15
2021-06-15 14:42:15,S,248.85,3,75
2021-06-15 14:42:15,S,248.8,1,11
2021-06-15 14:42:15,S,248.75,2,19
2021-06-15 14:42:15,S,248.7,2,15
2021-06-15 14:42:16,S,249.95,1,55
2021-06-15 14:42:16,S,250.0,6,52
2021-06-15 14:42:16,S,250.05,1,4
2021-06-15 14:42:16,S,250.1,1,4
2021-06-15 14:42:16,S,250.15,1,1
2021-06-15 14:42:16,S,249.0,2,2
2021-06-15 14:42:16,S,248.95,2,26
2021-06-15 14:42:16,S,248.9,2,15
2021-06-15 14:42:16,S,248.85,2,74
2021-06-15 14:42:16,S,248.8,1,11
2021-06-15 14:42:17,S,249.95,1,55
2021-06-15 14:42:17,S,250.0,6,52
2021-06-15 14:42:17,S,250.05,1,4
2021-06-15 14:42:17,S,250.1,1,4
2021-06-15 14:42:17,S,250.15,1,1
2021-06-15 14:42:17,S,249.0,2,2
2021-06-15 14:42:17,S,248.95,2,26
2021-06-15 14:42:17,S,248.9,2,15
2021-06-15 14:42:17,S,248.85,2,74
2021-06-15 14:42:17,S,248.8,1,11
2021-06-15 14:42:18,S,249.95,1,55
2021-06-15 14:42:18,S,250.0,6,52
2021-06-15 14:42:18,S,250.05,1,4
2021-06-15 14:42:18,S,250.1,1,4
2021-06-15 14:42:18,S,250.15,1,1
2021-06-15 14:42:18,S,249.0,2,2
2021-06-15 14:42:18,S,248.95,2,26
2021-06-15 14:42:18,S,248.9,2,15
2021-06-15 14:42:18,S,248.85,2,74
2021-06-15 14:42:18,S,248.8,1,11
2021-06-15 14:42:19,S,249.95,1,55
2021-06-15 14:42:19,S,250.0,6,52
2021-06-15 14:42:19,S,250.05,1,4
2021-06-15 14:42:19,S,250.1,1,4
2021-06-15 14:42:19,S,250.15,1,1
2021-06-15 14:42:19,S,249.0,2,2
2021-06-15 14:42:19,S,248.95,2,26
2021-06-15 14:42:19,S,248.9,2,15
2021-06-15 14:42:19,S,248.85,2,74
2021-06-15 14:42:19,S,248.8,1,11
2021-06-15 14:42:19,S,249.5,1,1
2021-06-15 14:42:19,S,249.75,2,11
2021-06-15 14:42:19,S,249.8,2,21
2021-06-15 14:42:19,S,249.85,2,25
2021-06-15 14:42:19,S,249.95,3,81
2021-06-15 14:42:19,S,249.0,1,148
2021-06-15 14:42:19,S,248.8,2,30
2021-06-15 14:42:19,S,248.55,4,65
2021-06-15 14:42:19,S,248.5,3,17
2021-06-15 14:42:19,S,248.45,3,66
2021-06-15 14:42:20,S,249.5,1,1
2021-06-15 14:42:20,S,249.75,2,11
2021-06-15 14:42:20,S,249.8,2,21
2021-06-15 14:42:20,S,249.85,2,25
2021-06-15 14:42:20,S,249.95,3,81
2021-06-15 14:42:20,S,249.0,1,148
2021-06-15 14:42:20,S,248.8,2,30
2021-06-15 14:42:20,S,248.55,4,65
2021-06-15 14:42:20,S,248.5,3,17
2021-06-15 14:42:20,S,248.45,3,66
2021-06-15 14:42:21,S,249.5,1,1
2021-06-15 14:42:21,S,249.75,2,11
2021-06-15 14:42:21,S,249.8,2,21
2021-06-15 14:42:21,S,249.85,2,25
2021-06-15 14:42:21,S,249.95,3,81
2021-06-15 14:42:21,S,249.0,1,148
2021-06-15 14:42:21,S,248.8,2,30
2021-06-15 14:42:21,S,248.55,4,65
2021-06-15 14:42:21,S,248.5,3,17
2021-06-15 14:42:21,S,248.45,3,66
2021-06-15 14:42:23,S,249.5,3,22
2021-06-15 14:42:23,S,249.55,2,21
2021-06-15 14:42:23,S,249.7,2,9
2021-06-15 14:42:23,S,249.75,1,20
2021-06-15 14:42:23,S,249.8,2,21
2021-06-15 14:42:23,S,249.0,2,102
2021-06-15 14:42:23,S,248.6,2,30
2021-06-15 14:42:23,S,248.55,3,70
2021-06-15 14:42:23,S,248.5,3,17
2021-06-15 14:42:23,S,248.45,3,66
2021-06-15 14:42:24,S,249.5,3,22
2021-06-15 14:42:24,S,249.55,2,21
2021-06-15 14:42:24,S,249.7,2,9
2021-06-15 14:42:24,S,249.75,1,20
2021-06-15 14:42:24,S,249.8,2,21
2021-06-15 14:42:24,S,249.0,2,102
2021-06-15 14:42:24,S,248.6,2,30
2021-06-15 14:42:24,S,248.55,3,70
2021-06-15 14:42:24,S,248.5,3,17
2021-06-15 14:42:24,S,248.45,3,66
2021-06-15 14:42:25,S,249.5,3,22
2021-06-15 14:42:25,S,249.55,2,21
2021-06-15 14:42:25,S,249.7,2,9
2021-06-15 14:42:25,S,249.75,1,20
2021-06-15 14:42:25,S,249.8,2,21
2021-06-15 14:42:25,S,249.0,2,102
2021-06-15 14:42:25,S,248.6,2,30
2021-06-15 14:42:25,S,248.55,3,70
2021-06-15 14:42:25,S,248.5,3,17
2021-06-15 14:42:25,S,248.45,3,66
2021-06-15 14:42:26,S,249.5,3,22
2021-06-15 14:42:26,S,249.55,2,21
2021-06-15 14:42:26,S,249.7,2,9
2021-06-15 14:42:26,S,249.75,1,20
2021-06-15 14:42:26,S,249.8,2,21
2021-06-15 14:42:26,S,249.0,2,102
2021-06-15 14:42:26,S,248.6,2,30
2021-06-15 14:42:26,S,248.55,3,70
2021-06-15 14:42:26,S,248.5,3,17
2021-06-15 14:42:26,S,248.45,3,66
2021-06-15 14:42:27,S,249.65,2,5
2021-06-15 14:42:27,S,249.7,2,8
2021-06-15 14:42:27,S,249.75,2,21
2021-06-15 14:42:27,S,249.8,2,21
2021-06-15 14:42:27,S,249.85,1,4
2021-06-15 14:42:27,S,249.0,1,150
2021-06-15 14:42:27,S,248.6,3,22
2021-06-15 14:42:27,S,248.55,2,70
2021-06-15 14:42:27,S,248.5,2,12
2021-06-15 14:42:27,S,248.45,2,61
2021-06-15 14:42:27,S,249.65,2,5
2021-06-15 14:42:27,S,249.7,2,8
2021-06-15 14:42:27,S,249.75,2,21
2021-06-15 14:42:27,S,249.8,2,21
2021-06-15 14:42:27,S,249.85,1,4
2021-06-15 14:42:27,S,249.0,1,150
2021-06-15 14:42:27,S,248.6,3,22
2021-06-15 14:42:27,S,248.55,2,70
2021-06-15 14:42:27,S,248.5,2,12
2021-06-15 14:42:27,S,248.45,2,61
2021-06-15 14:42:28,S,249.65,2,5
2021-06-15 14:42:28,S,249.7,2,8
2021-06-15 14:42:28,S,249.75,2,21
2021-06-15 14:42:28,S,249.8,2,21
2021-06-15 14:42:28,S,249.85,1,4
2021-06-15 14:42:28,S,249.0,1,150
2021-06-15 14:42:28,S,248.6,3,22
2021-06-15 14:42:28,S,248.55,2,70
2021-06-15 14:42:28,S,248.5,2,12
2021-06-15 14:42:28,S,248.45,2,61
2021-06-15 14:42:30,S,249.45,3,18
2021-06-15 14:42:30,S,249.5,2,21
2021-06-15 14:42:30,S,249.55,1,1
2021-06-15 14:42:30,S,249.75,2,24
2021-06-15 14:42:30,S,249.8,2,21
2021-06-15 14:42:30,S,249.0,1,150
2021-06-15 14:42:30,S,248.75,2,31
2021-06-15 14:42:30,S,248.55,2,70
2021-06-15 14:42:30,S,248.5,5,25
2021-06-15 14:42:30,S,248.45,2,61
2021-06-15 14:42:30,S,249.45,3,18
2021-06-15 14:42:30,S,249.5,2,21
2021-06-15 14:42:30,S,249.55,1,1
2021-06-15 14:42:30,S,249.75,2,24
2021-06-15 14:42:30,S,249.8,2,21
2021-06-15 14:42:30,S,249.0,1,150
2021-06-15 14:42:30,S,248.75,2,31
2021-06-15 14:42:30,S,248.55,2,70
2021-06-15 14:42:30,S,248.5,5,25
2021-06-15 14:42:30,S,248.45,2,61
2021-06-15 14:42:31,S,249.45,3,18
2021-06-15 14:42:31,S,249.5,2,21
2021-06-15 14:42:31,S,249.55,1,1
2021-06-15 14:42:31,S,249.75,2,24
2021-06-15 14:42:31,S,249.8,2,21
2021-06-15 14:42:31,S,249.0,1,150
2021-06-15 14:42:31,S,248.75,2,31
2021-06-15 14:42:31,S,248.55,2,70
2021-06-15 14:42:31,S,248.5,5,25
2021-06-15 14:42:31,S,248.45,2,61
2021-06-15 14:42:33,S,249.0,1,102
2021-06-15 14:42:33,S,249.5,2,12
2021-06-15 14:42:33,S,249.55,3,12
2021-06-15 14:42:33,S,249.9,2,22
2021-06-15 14:42:33,S,249.95,3,81
2021-06-15 14:42:33,S,248.55,2,65
2021-06-15 14:42:33,S,248.5,2,24
2021-06-15 14:42:33,S,248.45,2,61
2021-06-15 14:42:33,S,248.25,1,50
2021-06-15 14:42:33,S,248.15,1,5
2021-06-15 14:42:34,S,249.0,1,102
2021-06-15 14:42:34,S,249.5,2,12
2021-06-15 14:42:34,S,249.55,3,12
2021-06-15 14:42:34,S,249.9,2,22
2021-06-15 14:42:34,S,249.95,3,81
2021-06-15 14:42:34,S,248.55,2,65
2021-06-15 14:42:34,S,248.5,2,24
2021-06-15 14:42:34,S,248.45,2,61
2021-06-15 14:42:34,S,248.25,1,50
2021-06-15 14:42:34,S,248.15,1,5
2021-06-15 14:42:36,S,249.0,1,102
2021-06-15 14:42:36,S,249.5,2,12
2021-06-15 14:42:36,S,249.55,3,12
2021-06-15 14:42:36,S,249.9,2,22
2021-06-15 14:42:36,S,249.95,3,81
2021-06-15 14:42:36,S,248.55,2,65
2021-06-15 14:42:36,S,248.5,2,24
2021-06-15 14:42:36,S,248.45,2,61
2021-06-15 14:42:36,S,248.25,1,50
2021-06-15 14:42:36,S,248.15,1,5
2021-06-15 14:42:36,S,249.9,1,2
2021-06-15 14:42:36,S,249.95,1,1
2021-06-15 14:42:36,S,250.0,4,38
2021-06-15 14:42:36,S,250.05,2,6
2021-06-15 14:42:36,S,250.15,1,4
2021-06-15 14:42:36,S,249.0,3,22
2021-06-15 14:42:36,S,248.9,4,20
2021-06-15 14:42:36,S,248.85,3,73
2021-06-15 14:42:36,S,248.8,3,212
2021-06-15 14:42:36,S,248.6,1,15
2021-06-15 14:42:37,S,249.9,1,2
2021-06-15 14:42:37,S,249.95,1,1
2021-06-15 14:42:37,S,250.0,4,38
2021-06-15 14:42:37,S,250.05,2,6
2021-06-15 14:42:37,S,250.15,1,4
2021-06-15 14:42:37,S,249.0,3,22
2021-06-15 14:42:37,S,248.9,4,20
2021-06-15 14:42:37,S,248.85,3,73
2021-06-15 14:42:37,S,248.8,3,212
2021-06-15 14:42:37,S,248.6,1,15
2021-06-15 14:42:38,S,249.9,1,2
2021-06-15 14:42:38,S,249.95,1,1
2021-06-15 14:42:38,S,250.0,4,38
2021-06-15 14:42:38,S,250.05,2,6
2021-06-15 14:42:38,S,250.15,1,4
2021-06-15 14:42:38,S,249.0,3,22
2021-06-15 14:42:38,S,248.9,4,20
2021-06-15 14:42:38,S,248.85,3,73
2021-06-15 14:42:38,S,248.8,3,212
2021-06-15 14:42:38,S,248.6,1,15
2021-06-15 14:42:40,S,249.9,2,5
2021-06-15 14:42:40,S,249.95,2,11
2021-06-15 14:42:40,S,250.0,8,69
2021-06-15 14:42:40,S,250.05,1,4
2021-06-15 14:42:40,S,250.15,1,4
2021-06-15 14:42:40,S,249.0,2,22
2021-06-15 14:42:40,S,248.95,3,29
2021-06-15 14:42:40,S,248.9,3,12
2021-06-15 14:42:40,S,248.85,3,67
2021-06-15 14:42:40,S,248.8,3,212
2021-06-15 14:42:40,S,249.9,2,5
2021-06-15 14:42:40,S,249.95,2,11
2021-06-15 14:42:40,S,250.0,8,69
2021-06-15 14:42:40,S,250.05,1,4
2021-06-15 14:42:40,S,250.15,1,4
2021-06-15 14:42:40,S,249.0,2,22
2021-06-15 14:42:40,S,248.95,3,29
2021-06-15 14:42:40,S,248.9,3,12
2021-06-15 14:42:40,S,248.85,3,67
2021-06-15 14:42:40,S,248.8,3,212
2021-06-15 14:42:43,S,249.0,1,22
2021-06-15 14:42:43,S,249.45,1,2
2021-06-15 14:42:43,S,249.5,2,16
2021-06-15 14:42:43,S,249.6,1,9
2021-06-15 14:42:43,S,249.65,1,10
2021-06-15 14:42:43,S,248.8,1,200
2021-06-15 14:42:43,S,248.7,2,35
2021-06-15 14:42:43,S,248.65,2,20
2021-06-15 14:42:43,S,248.55,3,75
2021-06-15 14:42:43,S,248.5,2,24
2021-06-15 14:42:46,S,249.45,1,2
2021-06-15 14:42:46,S,249.5,1,7
2021-06-15 14:42:46,S,249.7,2,21
2021-06-15 14:42:46,S,249.85,2,8
2021-06-15 14:42:46,S,249.9,3,20
2021-06-15 14:42:46,S,248.85,2,29
2021-06-15 14:42:46,S,248.8,2,217
2021-06-15 14:42:46,S,248.65,2,20
2021-06-15 14:42:46,S,248.6,2,36
2021-06-15 14:42:46,S,248.55,2,65
2021-06-15 14:42:49,S,249.45,1,2
2021-06-15 14:42:49,S,249.5,1,7
2021-06-15 14:42:49,S,249.85,2,8
2021-06-15 14:42:49,S,249.9,3,20
2021-06-15 14:42:49,S,249.95,3,31
2021-06-15 14:42:49,S,248.85,2,29
2021-06-15 14:42:49,S,248.8,2,217
2021-06-15 14:42:49,S,248.65,2,20
2021-06-15 14:42:49,S,248.6,2,36
2021-06-15 14:42:49,S,248.55,2,65
2021-06-15 14:42:55,S,249.45,1,2
2021-06-15 14:42:55,S,249.5,1,7
2021-06-15 14:42:55,S,249.75,2,28
2021-06-15 14:42:55,S,249.85,2,8
2021-06-15 14:42:55,S,249.9,3,20
2021-06-15 14:42:55,S,248.85,2,29
2021-06-15 14:42:55,S,248.8,2,217
2021-06-15 14:42:55,S,248.65,2,20
2021-06-15 14:42:55,S,248.6,2,36
2021-06-15 14:42:55,S,248.55,2,65
2021-06-15 14:43:06,S,249.7,1,2
2021-06-15 14:43:06,S,249.75,2,13
2021-06-15 14:43:06,S,249.85,2,8
2021-06-15 14:43:06,S,249.9,3,20
2021-06-15 14:43:06,S,249.95,2,11
2021-06-15 14:43:06,S,249.0,2,21
2021-06-15 14:43:06,S,248.8,2,217
2021-06-15 14:43:06,S,248.65,3,52
2021-06-15 14:43:06,S,248.6,2,36
2021-06-15 14:43:06,S,248.55,2,65
2021-06-15 14:43:06,S,249.7,1,2
2021-06-15 14:43:06,S,249.75,2,13
2021-06-15 14:43:06,S,249.85,2,8
2021-06-15 14:43:06,S,249.9,3,20
2021-06-15 14:43:06,S,249.95,2,11
2021-06-15 14:43:06,S,249.0,2,21
2021-06-15 14:43:06,S,248.8,2,217
2021-06-15 14:43:06,S,248.65,3,52
2021-06-15 14:43:06,S,248.6,2,36
2021-06-15 14:43:06,S,248.55,2,65
2021-06-15 14:43:07,S,249.7,1,2
2021-06-15 14:43:07,S,249.75,2,13
2021-06-15 14:43:07,S,249.85,2,8
2021-06-15 14:43:07,S,249.9,3,20
2021-06-15 14:43:07,S,249.95,2,11
2021-06-15 14:43:07,S,249.0,2,21
2021-06-15 14:43:07,S,248.8,2,217
2021-06-15 14:43:07,S,248.65,3,52
2021-06-15 14:43:07,S,248.6,2,36
2021-06-15 14:43:07,S,248.55,2,65
2021-06-15 14:43:08,S,249.7,1,2
2021-06-15 14:43:08,S,249.75,2,13
2021-06-15 14:43:08,S,249.85,2,8
2021-06-15 14:43:08,S,249.9,3,20
2021-06-15 14:43:08,S,249.95,2,11
2021-06-15 14:43:08,S,249.0,2,21
2021-06-15 14:43:08,S,248.8,2,217
2021-06-15 14:43:08,S,248.65,3,52
2021-06-15 14:43:08,S,248.6,2,36
2021-06-15 14:43:08,S,248.55,2,65
2021-06-15 14:43:09,S,249.7,1,4
2021-06-15 14:43:09,S,249.75,2,9
2021-06-15 14:43:09,S,249.8,1,2
2021-06-15 14:43:09,S,249.85,1,2
2021-06-15 14:43:09,S,249.95,2,11
2021-06-15 14:43:09,S,248.9,1,16
2021-06-15 14:43:09,S,248.8,2,223
2021-06-15 14:43:09,S,248.75,1,6
2021-06-15 14:43:09,S,248.7,1,6
2021-06-15 14:43:09,S,248.6,2,35
2021-06-15 14:43:12,S,249.0,1,21
2021-06-15 14:43:12,S,249.45,2,10
2021-06-15 14:43:12,S,249.5,2,13
2021-06-15 14:43:12,S,249.6,1,11
2021-06-15 14:43:12,S,249.9,1,6
2021-06-15 14:43:12,S,248.8,1,200
2021-06-15 14:43:12,S,248.65,3,40
2021-06-15 14:43:12,S,248.55,3,75
2021-06-15 14:43:12,S,248.5,2,24
2021-06-15 14:43:12,S,248.45,2,61
2021-06-15 14:43:15,S,249.55,1,4
2021-06-15 14:43:15,S,249.6,2,14
2021-06-15 14:43:15,S,249.65,1,7
2021-06-15 14:43:15,S,249.7,1,7
2021-06-15 14:43:15,S,249.75,2,14
2021-06-15 14:43:15,S,248.8,1,200
2021-06-15 14:43:15,S,248.7,2,34
2021-06-15 14:43:15,S,248.65,4,46
2021-06-15 14:43:15,S,248.6,1,5
2021-06-15 14:43:15,S,248.55,3,75
2021-06-15 14:43:18,S,249.85,3,18
2021-06-15 14:43:18,S,249.95,2,11
2021-06-15 14:43:18,S,250.0,8,71
2021-06-15 14:43:18,S,250.05,1,6
2021-06-15 14:43:18,S,250.1,2,16
2021-06-15 14:43:18,S,249.0,2,20
2021-06-15 14:43:18,S,248.95,1,16
2021-06-15 14:43:18,S,248.85,3,35
2021-06-15 14:43:18,S,248.8,2,223
2021-06-15 14:43:18,S,248.7,2,34
2021-06-15 14:43:19,S,249.85,3,18
2021-06-15 14:43:19,S,249.95,2,11
2021-06-15 14:43:19,S,250.0,8,71
2021-06-15 14:43:19,S,250.05,1,6
2021-06-15 14:43:19,S,250.1,2,16
2021-06-15 14:43:19,S,249.0,2,20
2021-06-15 14:43:19,S,248.95,1,16
2021-06-15 14:43:19,S,248.85,3,35
2021-06-15 14:43:19,S,248.8,2,223
2021-06-15 14:43:19,S,248.7,2,34
2021-06-15 14:43:20,S,249.85,3,18
2021-06-15 14:43:20,S,249.95,2,11
2021-06-15 14:43:20,S,250.0,8,71
2021-06-15 14:43:20,S,250.05,1,6
2021-06-15 14:43:20,S,250.1,2,16
2021-06-15 14:43:20,S,249.0,2,20
2021-06-15 14:43:20,S,248.95,1,16
2021-06-15 14:43:20,S,248.85,3,35
2021-06-15 14:43:20,S,248.8,2,223
2021-06-15 14:43:20,S,248.7,2,34
2021-06-15 14:43:21,S,249.8,1,4
2021-06-15 14:43:21,S,249.85,2,14
2021-06-15 14:43:21,S,249.95,3,16
2021-06-15 14:43:21,S,250.0,8,71
2021-06-15 14:43:21,S,250.05,1,3
2021-06-15 14:43:21,S,248.95,1,1
2021-06-15 14:43:21,S,248.9,2,26
2021-06-15 14:43:21,S,248.85,3,74
2021-06-15 14:43:21,S,248.8,3,228
2021-06-15 14:43:21,S,248.7,1,5
2021-06-15 14:43:47,S,249.5,3,13
2021-06-15 14:43:47,S,249.8,2,31
2021-06-15 14:43:47,S,249.9,1,3
2021-06-15 14:43:47,S,249.95,4,36
2021-06-15 14:43:47,S,250.0,8,71
2021-06-15 14:43:47,S,248.9,1,1
2021-06-15 14:43:47,S,248.85,1,55
2021-06-15 14:43:47,S,248.8,1,200
2021-06-15 14:43:47,S,248.65,2,40
2021-06-15 14:43:47,S,248.6,3,11
2021-06-15 14:43:52,S,249.45,2,14
2021-06-15 14:43:52,S,249.7,1,4
2021-06-15 14:43:52,S,249.75,2,17
2021-06-15 14:43:52,S,249.8,2,31
2021-06-15 14:43:52,S,249.95,5,39
2021-06-15 14:43:52,S,248.9,1,1
2021-06-15 14:43:52,S,248.85,1,55
2021-06-15 14:43:52,S,248.8,1,200
2021-06-15 14:43:52,S,248.65,2,40
2021-06-15 14:43:52,S,248.6,1,5
2021-06-15 14:43:54,S,249.45,2,14
2021-06-15 14:43:54,S,249.7,1,4
2021-06-15 14:43:54,S,249.75,2,17
2021-06-15 14:43:54,S,249.8,2,31
2021-06-15 14:43:54,S,249.95,5,39
2021-06-15 14:43:54,S,248.9,1,1
2021-06-15 14:43:54,S,248.85,1,55
2021-06-15 14:43:54,S,248.8,1,200
2021-06-15 14:43:54,S,248.65,2,40
2021-06-15 14:43:54,S,248.6,1,5
2021-06-15 14:43:56,S,249.45,2,6
2021-06-15 14:43:56,S,249.5,2,8
2021-06-15 14:43:56,S,249.6,1,2
2021-06-15 14:43:56,S,249.65,1,6
2021-06-15 14:43:56,S,249.75,2,17
2021-06-15 14:43:56,S,248.9,1,1
2021-06-15 14:43:56,S,248.85,1,55
2021-06-15 14:43:56,S,248.8,1,200
2021-06-15 14:43:56,S,248.65,2,40
2021-06-15 14:43:56,S,248.6,1,5
2021-06-15 14:44:03,S,249.45,2,6
2021-06-15 14:44:03,S,249.5,2,8
2021-06-15 14:44:03,S,249.8,2,31
2021-06-15 14:44:03,S,249.95,5,39
2021-06-15 14:44:03,S,250.0,8,71
2021-06-15 14:44:03,S,248.9,1,1
2021-06-15 14:44:03,S,248.85,1,55
2021-06-15 14:44:03,S,248.8,1,200
2021-06-15 14:44:03,S,248.65,2,40
2021-06-15 14:44:03,S,248.6,1,5
2021-06-15 14:44:15,S,249.45,4,43
2021-06-15 14:44:15,S,249.5,2,8
2021-06-15 14:44:15,S,249.95,5,39
2021-06-15 14:44:15,S,250.0,8,71
2021-06-15 14:44:15,S,250.1,2,16
2021-06-15 14:44:15,S,248.9,1,1
2021-06-15 14:44:15,S,248.85,1,55
2021-06-15 14:44:15,S,248.8,1,200
2021-06-15 14:44:15,S,248.65,2,40
2021-06-15 14:44:15,S,248.6,1,5
2021-06-15 14:44:19,S,249.45,3,31
2021-06-15 14:44:19,S,249.5,2,8
2021-06-15 14:44:19,S,249.95,5,39
2021-06-15 14:44:19,S,250.0,8,71
2021-06-15 14:44:19,S,250.1,2,16
2021-06-15 14:44:19,S,248.9,1,1
2021-06-15 14:44:19,S,248.85,1,55
2021-06-15 14:44:19,S,248.8,1,200
2021-06-15 14:44:19,S,248.65,2,40
2021-06-15 14:44:19,S,248.6,1,5
2021-06-15 14:44:24,S,249.45,3,31
2021-06-15 14:44:24,S,249.5,2,8
2021-06-15 14:44:24,S,249.95,5,39
2021-06-15 14:44:24,S,250.0,8,71
2021-06-15 14:44:24,S,250.1,2,16
2021-06-15 14:44:24,S,248.9,1,1
2021-06-15 14:44:24,S,248.85,1,55
2021-06-15 14:44:24,S,248.8,1,200
2021-06-15 14:44:24,S,248.65,2,40
2021-06-15 14:44:24,S,248.6,1,5
2021-06-15 14:44:25,S,249.45,2,20
2021-06-15 14:44:25,S,249.5,2,8
2021-06-15 14:44:25,S,249.95,4,36
2021-06-15 14:44:25,S,250.0,8,71
2021-06-15 14:44:25,S,250.05,1,1
2021-06-15 14:44:25,S,248.9,1,4
2021-06-15 14:44:25,S,248.85,1,55
2021-06-15 14:44:25,S,248.8,2,229
2021-06-15 14:44:25,S,248.65,2,40
2021-06-15 14:44:25,S,248.6,1,5
2021-06-15 14:44:29,S,249.45,2,20
2021-06-15 14:44:29,S,249.5,2,8
2021-06-15 14:44:29,S,249.95,3,16
2021-06-15 14:44:29,S,250.0,8,71
2021-06-15 14:44:29,S,250.05,1,1
2021-06-15 14:44:29,S,248.9,1,4
2021-06-15 14:44:29,S,248.85,1,55
2021-06-15 14:44:29,S,248.8,1,200
2021-06-15 14:44:29,S,248.65,2,40
2021-06-15 14:44:29,S,248.6,1,5
2021-06-15 14:44:33,S,249.45,2,20
2021-06-15 14:44:33,S,249.5,2,8
2021-06-15 14:44:33,S,249.95,3,16
2021-06-15 14:44:33,S,250.0,8,71
2021-06-15 14:44:33,S,250.05,1,1
2021-06-15 14:44:33,S,248.9,2,16
2021-06-15 14:44:33,S,248.85,1,55
2021-06-15 14:44:33,S,248.8,2,229
2021-06-15 14:44:33,S,248.65,2,40
2021-06-15 14:44:33,S,248.6,1,5
2021-06-15 14:44:44,S,249.45,2,20
2021-06-15 14:44:44,S,249.5,2,8
2021-06-15 14:44:44,S,249.95,3,16
2021-06-15 14:44:44,S,250.0,8,71
2021-06-15 14:44:44,S,250.05,1,1
2021-06-15 14:44:44,S,248.9,1,4
2021-06-15 14:44:44,S,248.85,1,55
2021-06-15 14:44:44,S,248.8,2,229
2021-06-15 14:44:44,S,248.65,2,40
2021-06-15 14:44:44,S,248.6,1,5
2021-06-15 14:44:55,S,249.45,2,20
2021-06-15 14:44:55,S,249.5,2,8
2021-06-15 14:44:55,S,249.95,3,16
2021-06-15 14:44:55,S,250.0,8,71
2021-06-15 14:44:55,S,250.05,1,1
2021-06-15 14:44:55,S,248.9,1,4
2021-06-15 14:44:55,S,248.85,1,55
2021-06-15 14:44:55,S,248.8,2,229
2021-06-15 14:44:55,S,248.65,2,40
2021-06-15 14:44:55,S,248.6,1,5
2021-06-15 14:44:58,S,249.45,2,20
2021-06-15 14:44:58,S,249.5,2,8
2021-06-15 14:44:58,S,249.95,3,16
2021-06-15 14:44:58,S,250.0,8,71
2021-06-15 14:44:58,S,250.05,1,1
2021-06-15 14:44:58,S,248.9,1,4
2021-06-15 14:44:58,S,248.85,1,55
2021-06-15 14:44:58,S,248.8,2,229
2021-06-15 14:44:58,S,248.65,2,40
2021-06-15 14:44:58,S,248.6,1,5
2021-06-15 14:44:58,S,249.45,2,19
2021-06-15 14:44:58,S,249.5,2,8
2021-06-15 14:44:58,S,249.95,3,16
2021-06-15 14:44:58,S,250.0,8,71
2021-06-15 14:44:58,S,250.05,1,1
2021-06-15 14:44:58,S,248.9,3,20
2021-06-15 14:44:58,S,248.85,2,75
2021-06-15 14:44:58,S,248.8,2,229
2021-06-15 14:44:58,S,248.65,2,40
2021-06-15 14:44:58,S,248.6,1,5
2021-06-15 14:45:01,S,249.45,2,19
2021-06-15 14:45:01,S,249.5,2,8
2021-06-15 14:45:01,S,249.8,2,36
2021-06-15 14:45:01,S,249.95,4,36
2021-06-15 14:45:01,S,250.0,8,71
2021-06-15 14:45:01,S,248.9,1,4
2021-06-15 14:45:01,S,248.85,1,55
2021-06-15 14:45:01,S,248.8,2,229
2021-06-15 14:45:01,S,248.65,2,40
2021-06-15 14:45:01,S,248.6,1,5
2021-06-15 14:45:08,S,249.45,2,19
2021-06-15 14:45:08,S,249.5,2,8
2021-06-15 14:45:08,S,249.8,2,36
2021-06-15 14:45:08,S,249.95,4,36
2021-06-15 14:45:08,S,250.0,8,71
2021-06-15 14:45:08,S,248.9,2,16
2021-06-15 14:45:08,S,248.85,2,75
2021-06-15 14:45:08,S,248.8,2,229
2021-06-15 14:45:08,S,248.65,2,40
2021-06-15 14:45:08,S,248.6,1,5
2021-06-15 14:45:13,S,249.45,2,19
2021-06-15 14:45:13,S,249.5,2,8
2021-06-15 14:45:13,S,249.8,2,36
2021-06-15 14:45:13,S,249.95,4,36
2021-06-15 14:45:13,S,250.0,8,71
2021-06-15 14:45:13,S,248.9,2,16
2021-06-15 14:45:13,S,248.85,2,75
2021-06-15 14:45:13,S,248.8,2,229
2021-06-15 14:45:13,S,248.65,2,40
2021-06-15 14:45:13,S,248.6,1,5
2021-06-15 14:45:15,S,249.45,2,18
2021-06-15 14:45:15,S,249.5,2,8
2021-06-15 14:45:15,S,249.8,2,36
2021-06-15 14:45:15,S,249.95,4,36
2021-06-15 14:45:15,S,250.0,8,71
2021-06-15 14:45:15,S,248.9,2,16
2021-06-15 14:45:15,S,248.85,2,76
2021-06-15 14:45:15,S,248.8,2,229
2021-06-15 14:45:15,S,248.65,2,40
2021-06-15 14:45:15,S,248.6,1,5
2021-06-15 14:45:19,S,249.45,2,18
2021-06-15 14:45:19,S,249.5,2,8
2021-06-15 14:45:19,S,249.8,2,36
2021-06-15 14:45:19,S,249.95,4,36
2021-06-15 14:45:19,S,250.0,8,71
2021-06-15 14:45:19,S,248.9,3,20
2021-06-15 14:45:19,S,248.85,2,76
2021-06-15 14:45:19,S,248.8,2,229
2021-06-15 14:45:19,S,248.65,2,40
2021-06-15 14:45:19,S,248.6,1,5
2021-06-15 14:45:25,S,249.45,2,18
2021-06-15 14:45:25,S,249.5,2,8
2021-06-15 14:45:25,S,249.8,2,36
2021-06-15 14:45:25,S,249.95,4,36
2021-06-15 14:45:25,S,250.0,8,71
2021-06-15 14:45:25,S,248.9,3,20
2021-06-15 14:45:25,S,248.85,2,76
2021-06-15 14:45:25,S,248.8,2,229
2021-06-15 14:45:25,S,248.65,2,40
2021-06-15 14:45:25,S,248.6,1,5
2021-06-15 14:45:25,S,249.45,2,14
2021-06-15 14:45:25,S,249.5,2,8
2021-06-15 14:45:25,S,249.8,2,36
2021-06-15 14:45:25,S,249.95,4,36
2021-06-15 14:45:25,S,250.0,8,71
2021-06-15 14:45:25,S,248.9,3,20
2021-06-15 14:45:25,S,248.85,2,76
2021-06-15 14:45:25,S,248.8,2,229
2021-06-15 14:45:25,S,248.65,2,40
2021-06-15 14:45:25,S,248.6,1,5
2021-06-15 14:46:04,S,249.45,2,14
2021-06-15 14:46:04,S,249.5,2,8
2021-06-15 14:46:04,S,249.8,2,36
2021-06-15 14:46:04,S,249.95,4,36
2021-06-15 14:46:04,S,250.0,8,71
2021-06-15 14:46:04,S,248.9,3,20
2021-06-15 14:46:04,S,248.85,2,76
2021-06-15 14:46:04,S,248.8,2,229
2021-06-15 14:46:04,S,248.65,2,40
2021-06-15 14:46:04,S,248.6,1,5
2021-06-15 14:46:06,S,249.45,2,15
2021-06-15 14:46:06,S,249.5,2,8
2021-06-15 14:46:06,S,249.95,3,16
2021-06-15 14:46:06,S,250.0,8,71
2021-06-15 14:46:06,S,250.05,1,1
2021-06-15 14:46:06,S,248.9,1,1
2021-06-15 14:46:06,S,248.85,2,71
2021-06-15 14:46:06,S,248.8,2,229
2021-06-15 14:46:06,S,248.65,2,40
2021-06-15 14:46:06,S,248.6,1,5
2021-06-15 14:46:10,S,249.45,2,15
2021-06-15 14:46:10,S,249.5,2,8
2021-06-15 14:46:10,S,249.95,3,16
2021-06-15 14:46:10,S,250.0,8,71
2021-06-15 14:46:10,S,250.05,1,1
2021-06-15 14:46:10,S,248.9,2,6
2021-06-15 14:46:10,S,248.85,2,71
2021-06-15 14:46:10,S,248.8,2,229
2021-06-15 14:46:10,S,248.7,1,130
2021-06-15 14:46:10,S,248.65,2,40
2021-06-15 14:46:13,S,249.45,2,15
2021-06-15 14:46:13,S,249.5,2,8
2021-06-15 14:46:13,S,249.95,3,16
2021-06-15 14:46:13,S,250.0,7,60
2021-06-15 14:46:13,S,250.05,1,1
2021-06-15 14:46:13,S,248.9,2,5
2021-06-15 14:46:13,S,248.85,2,71
2021-06-15 14:46:13,S,248.8,2,229
2021-06-15 14:46:13,S,248.7,1,130
2021-06-15 14:46:13,S,248.65,2,40
2021-06-15 14:46:16,S,249.45,2,15
2021-06-15 14:46:16,S,249.5,1,6
2021-06-15 14:46:16,S,249.95,3,16
2021-06-15 14:46:16,S,250.0,7,60
2021-06-15 14:46:16,S,250.05,1,1
2021-06-15 14:46:16,S,248.95,2,5
2021-06-15 14:46:16,S,248.85,2,71
2021-06-15 14:46:16,S,248.8,2,229
2021-06-15 14:46:16,S,248.7,1,130
2021-06-15 14:46:16,S,248.65,2,40
2021-06-15 14:46:18,S,249.45,2,15
2021-06-15 14:46:18,S,249.5,2,13
2021-06-15 14:46:18,S,249.95,3,16
2021-06-15 14:46:18,S,250.0,7,60
2021-06-15 14:46:18,S,250.05,1,1
2021-06-15 14:46:18,S,248.9,2,5
2021-06-15 14:46:18,S,248.85,2,71
2021-06-15 14:46:18,S,248.8,2,229
2021-06-15 14:46:18,S,248.7,1,130
2021-06-15 14:46:18,S,248.65,2,40
2021-06-15 14:46:21,S,249.45,2,15
2021-06-15 14:46:21,S,249.5,2,13
2021-06-15 14:46:21,S,249.95,3,16
2021-06-15 14:46:21,S,250.0,7,60
2021-06-15 14:46:21,S,250.05,1,1
2021-06-15 14:46:21,S,248.9,2,5
2021-06-15 14:46:21,S,248.85,2,71
2021-06-15 14:46:21,S,248.8,2,229
2021-06-15 14:46:21,S,248.7,1,130
2021-06-15 14:46:21,S,248.65,2,40
2021-06-15 14:46:21,S,249.45,2,14
2021-06-15 14:46:21,S,249.5,2,13
2021-06-15 14:46:21,S,249.95,3,16
2021-06-15 14:46:21,S,250.0,7,60
2021-06-15 14:46:21,S,250.05,1,1
2021-06-15 14:46:21,S,248.9,2,5
2021-06-15 14:46:21,S,248.85,2,71
2021-06-15 14:46:21,S,248.8,2,229
2021-06-15 14:46:21,S,248.7,1,130
2021-06-15 14:46:21,S,248.65,2,40
2021-06-15 14:46:24,S,249.45,2,14
2021-06-15 14:46:24,S,249.5,2,13
2021-06-15 14:46:24,S,249.95,3,16
2021-06-15 14:46:24,S,250.0,7,60
2021-06-15 14:46:24,S,250.05,1,1
2021-06-15 14:46:24,S,248.9,2,5
2021-06-15 14:46:24,S,248.85,2,71
2021-06-15 14:46:24,S,248.8,2,229
2021-06-15 14:46:24,S,248.7,1,130
2021-06-15 14:46:24,S,248.65,2,40
2021-06-15 14:46:25,S,249.45,2,14
2021-06-15 14:46:25,S,249.5,2,13
2021-06-15 14:46:25,S,249.95,3,16
2021-06-15 14:46:25,S,250.0,7,60
2021-06-15 14:46:25,S,250.05,1,1
2021-06-15 14:46:25,S,248.9,2,5
2021-06-15 14:46:25,S,248.85,2,71
2021-06-15 14:46:25,S,248.8,2,229
2021-06-15 14:46:25,S,248.7,1,130
2021-06-15 14:46:25,S,248.65,2,40
2021-06-15 14:46:27,S,249.4,1,3
2021-06-15 14:46:27,S,249.45,1,10
2021-06-15 14:46:27,S,249.5,2,13
2021-06-15 14:46:27,S,249.8,1,1
2021-06-15 14:46:27,S,249.85,1,9
2021-06-15 14:46:27,S,249.0,1,4
2021-06-15 14:46:27,S,248.95,1,130
2021-06-15 14:46:27,S,248.85,2,79
2021-06-15 14:46:27,S,248.8,2,229
2021-06-15 14:46:27,S,248.7,1,130
2021-06-15 14:46:28,S,249.4,1,3
2021-06-15 14:46:28,S,249.45,1,10
2021-06-15 14:46:28,S,249.5,2,13
2021-06-15 14:46:28,S,249.8,1,1
2021-06-15 14:46:28,S,249.85,1,9
2021-06-15 14:46:28,S,249.0,1,4
2021-06-15 14:46:28,S,248.95,1,130
2021-06-15 14:46:28,S,248.85,2,79
2021-06-15 14:46:28,S,248.8,2,229
2021-06-15 14:46:28,S,248.7,1,130
2021-06-15 14:46:29,S,249.4,1,3
2021-06-15 14:46:29,S,249.45,1,10
2021-06-15 14:46:29,S,249.5,2,13
2021-06-15 14:46:29,S,249.8,1,1
2021-06-15 14:46:29,S,249.85,1,9
2021-06-15 14:46:29,S,249.0,1,4
2021-06-15 14:46:29,S,248.95,1,130
2021-06-15 14:46:29,S,248.85,2,79
2021-06-15 14:46:29,S,248.8,2,229
2021-06-15 14:46:29,S,248.7,1,130
2021-06-15 14:46:30,S,249.4,2,11
2021-06-15 14:46:30,S,249.45,2,17
2021-06-15 14:46:30,S,249.5,2,13
2021-06-15 14:46:30,S,249.85,1,9
2021-06-15 14:46:30,S,249.95,4,36
2021-06-15 14:46:30,S,248.95,1,130
2021-06-15 14:46:30,S,248.8,2,223
2021-06-15 14:46:30,S,248.7,2,159
2021-06-15 14:46:30,S,248.55,2,65
2021-06-15 14:46:30,S,248.5,3,33
2021-06-15 14:46:33,S,249.4,2,11
2021-06-15 14:46:33,S,249.45,2,17
2021-06-15 14:46:33,S,249.5,2,13
2021-06-15 14:46:33,S,249.85,1,9
2021-06-15 14:46:33,S,249.95,3,16
2021-06-15 14:46:33,S,249.05,1,3
2021-06-15 14:46:33,S,248.95,1,130
2021-06-15 14:46:33,S,248.8,2,223
2021-06-15 14:46:33,S,248.75,1,9
2021-06-15 14:46:33,S,248.7,2,159
2021-06-15 14:46:34,S,249.4,2,11
2021-06-15 14:46:34,S,249.45,2,17
2021-06-15 14:46:34,S,249.5,2,13
2021-06-15 14:46:34,S,249.85,1,9
2021-06-15 14:46:34,S,249.95,3,16
2021-06-15 14:46:34,S,249.05,1,3
2021-06-15 14:46:34,S,248.95,1,130
2021-06-15 14:46:34,S,248.8,2,223
2021-06-15 14:46:34,S,248.75,1,9
2021-06-15 14:46:34,S,248.7,2,159
2021-06-15 14:46:35,S,249.4,2,11
2021-06-15 14:46:35,S,249.45,2,17
2021-06-15 14:46:35,S,249.5,2,13
2021-06-15 14:46:35,S,249.85,1,9
2021-06-15 14:46:35,S,249.95,3,16
2021-06-15 14:46:35,S,249.05,1,3
2021-06-15 14:46:35,S,248.95,1,130
2021-06-15 14:46:35,S,248.8,2,223
2021-06-15 14:46:35,S,248.75,1,9
2021-06-15 14:46:35,S,248.7,2,159
2021-06-15 14:46:36,S,249.45,2,17
2021-06-15 14:46:36,S,249.5,2,13
2021-06-15 14:46:36,S,249.65,1,4
2021-06-15 14:46:36,S,249.7,1,9
2021-06-15 14:46:36,S,249.95,3,16
2021-06-15 14:46:36,S,248.95,1,130
2021-06-15 14:46:36,S,248.8,2,223
2021-06-15 14:46:36,S,248.7,2,159
2021-06-15 14:46:36,S,248.55,2,65
2021-06-15 14:46:36,S,248.5,5,37
2021-06-15 14:46:47,S,249.45,2,17
2021-06-15 14:46:47,S,249.5,2,13
2021-06-15 14:46:47,S,249.65,1,4
2021-06-15 14:46:47,S,249.7,1,9
2021-06-15 14:46:47,S,249.95,3,16
2021-06-15 14:46:47,S,248.95,1,130
2021-06-15 14:46:47,S,248.8,2,223
2021-06-15 14:46:47,S,248.75,2,38
2021-06-15 14:46:47,S,248.7,2,159
2021-06-15 14:46:47,S,248.55,2,65
2021-06-15 14:46:52,S,249.45,1,10
2021-06-15 14:46:52,S,249.5,2,13
2021-06-15 14:46:52,S,249.9,1,4
2021-06-15 14:46:52,S,249.95,3,16
2021-06-15 14:46:52,S,250.0,7,60
2021-06-15 14:46:52,S,248.95,2,143
2021-06-15 14:46:52,S,248.8,2,223
2021-06-15 14:46:52,S,248.75,2,38
2021-06-15 14:46:52,S,248.7,2,159
2021-06-15 14:46:52,S,248.55,2,65
2021-06-15 14:47:01,S,249.45,1,10
2021-06-15 14:47:01,S,249.5,2,13
2021-06-15 14:47:01,S,249.9,2,10
2021-06-15 14:47:01,S,249.95,3,16
2021-06-15 14:47:01,S,250.0,7,60
2021-06-15 14:47:01,S,248.95,2,143
2021-06-15 14:47:01,S,248.8,2,223
2021-06-15 14:47:01,S,248.75,2,38
2021-06-15 14:47:01,S,248.7,2,159
2021-06-15 14:47:01,S,248.55,2,65
2021-06-15 14:47:10,S,249.45,1,10
2021-06-15 14:47:10,S,249.5,2,13
2021-06-15 14:47:10,S,249.9,2,10
2021-06-15 14:47:10,S,249.95,3,16
2021-06-15 14:47:10,S,250.0,7,60
2021-06-15 14:47:10,S,248.95,2,143
2021-06-15 14:47:10,S,248.8,2,223
2021-06-15 14:47:10,S,248.75,2,38
2021-06-15 14:47:10,S,248.7,2,159
2021-06-15 14:47:10,S,248.55,2,65
2021-06-15 14:47:10,S,249.45,3,21
2021-06-15 14:47:10,S,249.5,2,13
2021-06-15 14:47:10,S,249.75,1,9
2021-06-15 14:47:10,S,249.95,3,16
2021-06-15 14:47:10,S,250.0,7,60
2021-06-15 14:47:10,S,248.95,1,55
2021-06-15 14:47:10,S,248.8,2,223
2021-06-15 14:47:10,S,248.75,2,38
2021-06-15 14:47:10,S,248.7,2,159
2021-06-15 14:47:10,S,248.55,2,65
2021-06-15 14:47:15,S,249.45,3,21
2021-06-15 14:47:15,S,249.5,2,13
2021-06-15 14:47:15,S,249.75,1,9
2021-06-15 14:47:15,S,249.95,3,16
2021-06-15 14:47:15,S,250.0,7,60
2021-06-15 14:47:15,S,248.95,1,55
2021-06-15 14:47:15,S,248.8,2,223
2021-06-15 14:47:15,S,248.75,2,38
2021-06-15 14:47:15,S,248.7,2,159
2021-06-15 14:47:15,S,248.55,2,65
2021-06-15 14:47:16,S,249.45,1,9
2021-06-15 14:47:16,S,249.5,2,13
2021-06-15 14:47:16,S,249.9,2,9
2021-06-15 14:47:16,S,249.95,3,16
2021-06-15 14:47:16,S,250.0,7,60
2021-06-15 14:47:16,S,249.0,1,20
2021-06-15 14:47:16,S,248.95,3,90
2021-06-15 14:47:16,S,248.8,2,223
2021-06-15 14:47:16,S,248.75,2,38
2021-06-15 14:47:16,S,248.7,2,159
2021-06-15 14:47:17,S,249.45,1,9
2021-06-15 14:47:17,S,249.5,2,13
2021-06-15 14:47:17,S,249.9,2,9
2021-06-15 14:47:17,S,249.95,3,16
2021-06-15 14:47:17,S,250.0,7,60
2021-06-15 14:47:17,S,249.0,1,20
2021-06-15 14:47:17,S,248.95,3,90
2021-06-15 14:47:17,S,248.8,2,223
2021-06-15 14:47:17,S,248.75,2,38
2021-06-15 14:47:17,S,248.7,2,159
2021-06-15 14:47:19,S,249.45,3,21
2021-06-15 14:47:19,S,249.5,2,13
2021-06-15 14:47:19,S,249.8,2,14
2021-06-15 14:47:19,S,249.95,4,36
2021-06-15 14:47:19,S,250.0,7,60
2021-06-15 14:47:19,S,248.95,1,55
2021-06-15 14:47:19,S,248.8,2,223
2021-06-15 14:47:19,S,248.7,2,159
2021-06-15 14:47:19,S,248.55,2,65
2021-06-15 14:47:19,S,248.5,2,24
2021-06-15 14:47:21,S,249.45,3,21
2021-06-15 14:47:21,S,249.5,2,13
2021-06-15 14:47:21,S,249.8,2,14
2021-06-15 14:47:21,S,249.95,4,36
2021-06-15 14:47:21,S,250.0,7,60
2021-06-15 14:47:21,S,248.95,1,55
2021-06-15 14:47:21,S,248.8,2,223
2021-06-15 14:47:21,S,248.7,2,159
2021-06-15 14:47:21,S,248.55,2,65
2021-06-15 14:47:21,S,248.5,2,24
2021-06-15 14:47:22,S,249.65,1,4
2021-06-15 14:47:22,S,249.7,2,14
2021-06-15 14:47:22,S,249.95,3,16
2021-06-15 14:47:22,S,250.0,7,60
2021-06-15 14:47:22,S,250.1,2,16
2021-06-15 14:47:22,S,248.95,2,71
2021-06-15 14:47:22,S,248.85,2,80
2021-06-15 14:47:22,S,248.8,2,223
2021-06-15 14:47:22,S,248.75,2,38
2021-06-15 14:47:22,S,248.7,2,159
2021-06-15 14:47:25,S,249.45,1,4
2021-06-15 14:47:25,S,249.5,2,14
2021-06-15 14:47:25,S,249.55,1,8
2021-06-15 14:47:25,S,249.6,1,8
2021-06-15 14:47:25,S,249.85,1,9
2021-06-15 14:47:25,S,248.95,1,55
2021-06-15 14:47:25,S,248.85,2,80
2021-06-15 14:47:25,S,248.8,2,223
2021-06-15 14:47:25,S,248.75,2,38
2021-06-15 14:47:25,S,248.7,2,159
2021-06-15 14:48:18,S,249.9,1,4
2021-06-15 14:48:18,S,249.95,2,11
2021-06-15 14:48:18,S,250.0,7,60
2021-06-15 14:48:18,S,250.1,2,16
2021-06-15 14:48:18,S,250.2,2,6
2021-06-15 14:48:18,S,249.0,2,20
2021-06-15 14:48:18,S,248.95,2,78
2021-06-15 14:48:18,S,248.85,2,80
2021-06-15 14:48:18,S,248.8,4,225
2021-06-15 14:48:18,S,248.75,2,38
2021-06-15 14:48:18,S,249.9,1,4
2021-06-15 14:48:18,S,249.95,2,11
2021-06-15 14:48:18,S,250.0,7,60
2021-06-15 14:48:18,S,250.1,2,16
2021-06-15 14:48:18,S,250.2,2,6
2021-06-15 14:48:18,S,249.0,2,20
2021-06-15 14:48:18,S,248.95,2,78
2021-06-15 14:48:18,S,248.85,2,80
2021-06-15 14:48:18,S,248.8,4,225
2021-06-15 14:48:18,S,248.75,2,38
2021-06-15 14:48:19,S,249.9,1,4
2021-06-15 14:48:19,S,249.95,2,11
2021-06-15 14:48:19,S,250.0,7,60
2021-06-15 14:48:19,S,250.1,2,16
2021-06-15 14:48:19,S,250.2,2,6
2021-06-15 14:48:19,S,249.0,2,20
2021-06-15 14:48:19,S,248.95,2,78
2021-06-15 14:48:19,S,248.85,2,80
2021-06-15 14:48:19,S,248.8,4,225
2021-06-15 14:48:19,S,248.75,2,38
2021-06-15 14:48:20,S,249.9,1,4
2021-06-15 14:48:20,S,249.95,2,11
2021-06-15 14:48:20,S,250.0,7,60
2021-06-15 14:48:20,S,250.1,2,16
2021-06-15 14:48:20,S,250.2,2,6
2021-06-15 14:48:20,S,249.0,2,20
2021-06-15 14:48:20,S,248.95,2,78
2021-06-15 14:48:20,S,248.85,2,80
2021-06-15 14:48:20,S,248.8,4,225
2021-06-15 14:48:20,S,248.75,2,38
2021-06-15 14:48:21,S,249.65,1,4
2021-06-15 14:48:21,S,249.7,1,7
2021-06-15 14:48:21,S,249.75,1,3
2021-06-15 14:48:21,S,249.8,2,13
2021-06-15 14:48:21,S,249.95,2,11
2021-06-15 14:48:21,S,248.95,1,55
2021-06-15 14:48:21,S,248.8,1,200
2021-06-15 14:48:21,S,248.75,2,38
2021-06-15 14:48:21,S,248.7,2,159
2021-06-15 14:48:21,S,248.55,4,73
2021-06-15 14:48:47,S,249.45,1,4
2021-06-15 14:48:47,S,249.5,2,11
2021-06-15 14:48:47,S,249.55,1,4
2021-06-15 14:48:47,S,249.65,1,4
2021-06-15 14:48:47,S,249.7,1,4
2021-06-15 14:48:47,S,248.95,1,55
2021-06-15 14:48:47,S,248.85,1,51
2021-06-15 14:48:47,S,248.8,1,200
2021-06-15 14:48:47,S,248.75,1,9
2021-06-15 14:48:47,S,248.7,1,130
2021-06-15 14:49:24,S,249.45,1,4
2021-06-15 14:49:24,S,249.5,2,11
2021-06-15 14:49:24,S,249.55,1,4
2021-06-15 14:49:24,S,249.65,1,4
2021-06-15 14:49:24,S,249.7,1,4
2021-06-15 14:49:24,S,248.95,1,55
2021-06-15 14:49:24,S,248.85,1,51
2021-06-15 14:49:24,S,248.8,1,200
2021-06-15 14:49:24,S,248.75,1,9
2021-06-15 14:49:24,S,248.7,1,130
2021-06-15 14:49:26,S,249.45,1,4
2021-06-15 14:49:26,S,249.5,2,11
2021-06-15 14:49:26,S,249.8,2,13
2021-06-15 14:49:26,S,249.95,2,11
2021-06-15 14:49:26,S,250.0,9,71
2021-06-15 14:49:26,S,248.85,1,12
2021-06-15 14:49:26,S,248.8,1,186
2021-06-15 14:49:26,S,248.7,2,153
2021-06-15 14:49:26,S,248.65,2,34
2021-06-15 14:49:26,S,248.55,3,75
2021-06-15 14:49:30,S,249.45,1,4
2021-06-15 14:49:30,S,249.5,2,11
2021-06-15 14:49:30,S,249.95,3,31
2021-06-15 14:49:30,S,250.0,10,201
2021-06-15 14:49:30,S,250.05,1,9
2021-06-15 14:49:30,S,248.8,1,186
2021-06-15 14:49:30,S,248.7,2,153
2021-06-15 14:49:30,S,248.65,2,34
2021-06-15 14:49:30,S,248.55,3,75
2021-06-15 14:49:30,S,248.5,5,45
2021-06-15 14:49:39,S,249.45,1,4
2021-06-15 14:49:39,S,249.5,2,11
2021-06-15 14:49:39,S,249.95,3,31
2021-06-15 14:49:39,S,250.0,10,201
2021-06-15 14:49:39,S,250.05,1,9
2021-06-15 14:49:39,S,248.8,1,186
2021-06-15 14:49:39,S,248.7,2,153
2021-06-15 14:49:39,S,248.65,2,34
2021-06-15 14:49:39,S,248.55,3,75
2021-06-15 14:49:39,S,248.5,6,46
2021-06-15 14:49:42,S,249.45,1,4
2021-06-15 14:49:42,S,249.5,2,11
2021-06-15 14:49:42,S,249.75,2,13
2021-06-15 14:49:42,S,249.95,3,31
2021-06-15 14:49:42,S,250.0,10,201
2021-06-15 14:49:42,S,248.8,1,176
2021-06-15 14:49:42,S,248.7,1,130
2021-06-15 14:49:42,S,248.65,2,34
2021-06-15 14:49:42,S,248.55,3,75
2021-06-15 14:49:42,S,248.5,6,46
2021-06-15 14:49:52,S,249.45,1,4
2021-06-15 14:49:52,S,249.5,2,11
2021-06-15 14:49:52,S,249.75,2,13
2021-06-15 14:49:52,S,249.95,3,31
2021-06-15 14:49:52,S,250.0,10,201
2021-06-15 14:49:52,S,248.8,1,176
2021-06-15 14:49:52,S,248.7,1,130
2021-06-15 14:49:52,S,248.65,2,34
2021-06-15 14:49:52,S,248.55,3,75
2021-06-15 14:49:52,S,248.5,6,46
2021-06-15 14:49:54,S,249.45,1,4
2021-06-15 14:49:54,S,249.5,2,11
2021-06-15 14:49:54,S,249.75,2,13
2021-06-15 14:49:54,S,249.95,3,31
2021-06-15 14:49:54,S,250.0,10,201
2021-06-15 14:49:54,S,248.8,1,170
2021-06-15 14:49:54,S,248.7,1,130
2021-06-15 14:49:54,S,248.65,2,34
2021-06-15 14:49:54,S,248.55,3,75
2021-06-15 14:49:54,S,248.5,6,46
2021-06-15 14:49:57,S,249.45,1,4
2021-06-15 14:49:57,S,249.5,2,11
2021-06-15 14:49:57,S,249.75,2,13
2021-06-15 14:49:57,S,249.95,3,31
2021-06-15 14:49:57,S,250.0,10,201
2021-06-15 14:49:57,S,248.8,1,170
2021-06-15 14:49:57,S,248.7,1,130
2021-06-15 14:49:57,S,248.65,2,34
2021-06-15 14:49:57,S,248.55,3,75
2021-06-15 14:49:57,S,248.5,6,46
2021-06-15 14:49:57,S,249.45,1,4
2021-06-15 14:49:57,S,249.5,2,11
2021-06-15 14:49:57,S,249.7,2,13
2021-06-15 14:49:57,S,249.95,3,31
2021-06-15 14:49:57,S,250.0,10,201
2021-06-15 14:49:57,S,248.85,1,1
2021-06-15 14:49:57,S,248.8,1,170
2021-06-15 14:49:57,S,248.7,1,130
2021-06-15 14:49:57,S,248.65,2,34
2021-06-15 14:49:57,S,248.55,3,75
2021-06-15 14:50:21,S,249.45,1,4
2021-06-15 14:50:21,S,249.5,2,11
2021-06-15 14:50:21,S,249.8,1,9
2021-06-15 14:50:21,S,249.95,3,31
2021-06-15 14:50:21,S,250.0,10,201
2021-06-15 14:50:21,S,248.85,1,1
2021-06-15 14:50:21,S,248.8,1,170
2021-06-15 14:50:21,S,248.7,2,159
2021-06-15 14:50:21,S,248.65,2,34
2021-06-15 14:50:21,S,248.55,3,75
2021-06-15 14:50:36,S,249.65,2,5
2021-06-15 14:50:36,S,249.7,2,10
2021-06-15 14:50:36,S,249.85,1,4
2021-06-15 14:50:36,S,249.9,1,4
2021-06-15 14:50:36,S,249.95,3,31
2021-06-15 14:50:36,S,248.9,1,1
2021-06-15 14:50:36,S,248.85,1,58
2021-06-15 14:50:36,S,248.8,2,199
2021-06-15 14:50:36,S,248.7,2,159
2021-06-15 14:50:36,S,248.6,2,2
2021-06-15 14:51:16,S,249.5,1,7
2021-06-15 14:51:16,S,249.55,2,8
2021-06-15 14:51:16,S,249.6,1,4
2021-06-15 14:51:16,S,249.95,4,32
2021-06-15 14:51:16,S,250.0,9,195
2021-06-15 14:51:16,S,248.9,1,1
2021-06-15 14:51:16,S,248.85,1,58
2021-06-15 14:51:16,S,248.8,3,206
2021-06-15 14:51:16,S,248.7,2,39
2021-06-15 14:51:16,S,248.55,4,67
2021-06-15 14:51:38,S,249.45,2,16
2021-06-15 14:51:38,S,249.5,3,61
2021-06-15 14:51:38,S,249.75,1,7
2021-06-15 14:51:38,S,249.95,3,31
2021-06-15 14:51:38,S,250.0,9,195
2021-06-15 14:51:38,S,248.9,1,1
2021-06-15 14:51:38,S,248.85,1,58
2021-06-15 14:51:38,S,248.8,1,170
2021-06-15 14:51:38,S,248.7,1,10
2021-06-15 14:51:38,S,248.55,2,65
2021-06-15 14:51:44,S,249.45,1,4
2021-06-15 14:51:44,S,249.5,2,58
2021-06-15 14:51:44,S,249.6,1,8
2021-06-15 14:51:44,S,249.65,2,15
2021-06-15 14:51:44,S,249.7,1,8
2021-06-15 14:51:44,S,249.15,1,1
2021-06-15 14:51:44,S,249.1,1,500
2021-06-15 14:51:44,S,248.85,1,58
2021-06-15 14:51:44,S,248.8,1,170
2021-06-15 14:51:44,S,248.7,1,10
2021-06-15 14:51:45,S,249.45,1,4
2021-06-15 14:51:45,S,249.5,2,58
2021-06-15 14:51:45,S,249.6,1,8
2021-06-15 14:51:45,S,249.65,2,15
2021-06-15 14:51:45,S,249.7,1,8
2021-06-15 14:51:45,S,249.15,1,1
2021-06-15 14:51:45,S,249.1,1,500
2021-06-15 14:51:45,S,248.85,1,58
2021-06-15 14:51:45,S,248.8,1,170
2021-06-15 14:51:45,S,248.7,1,10
2021-06-15 14:51:46,S,249.5,2,57
2021-06-15 14:51:46,S,249.95,2,11
2021-06-15 14:51:46,S,250.0,9,195
2021-06-15 14:51:46,S,250.05,2,12
2021-06-15 14:51:46,S,250.1,1,5
2021-06-15 14:51:46,S,248.8,2,7
2021-06-15 14:51:46,S,248.7,3,46
2021-06-15 14:51:46,S,248.6,1,4
2021-06-15 14:51:46,S,248.55,1,50
2021-06-15 14:51:46,S,248.5,3,5
2021-06-15 14:51:47,S,249.5,2,57
2021-06-15 14:51:47,S,249.95,2,11
2021-06-15 14:51:47,S,250.0,9,195
2021-06-15 14:51:47,S,250.05,2,12
2021-06-15 14:51:47,S,250.1,1,5
2021-06-15 14:51:47,S,248.8,2,7
2021-06-15 14:51:47,S,248.7,3,46
2021-06-15 14:51:47,S,248.6,1,4
2021-06-15 14:51:47,S,248.55,1,50
2021-06-15 14:51:47,S,248.5,3,5
2021-06-15 14:51:49,S,249.5,1,50
2021-06-15 14:51:49,S,249.8,2,15
2021-06-15 14:51:49,S,249.9,2,9
2021-06-15 14:51:49,S,249.95,2,11
2021-06-15 14:51:49,S,250.0,9,195
2021-06-15 14:51:49,S,248.9,1,4
2021-06-15 14:51:49,S,248.85,2,83
2021-06-15 14:51:49,S,248.7,3,46
2021-06-15 14:51:49,S,248.55,1,50
2021-06-15 14:51:49,S,248.5,3,5
2021-06-15 14:52:16,S,249.5,1,50
2021-06-15 14:52:16,S,249.8,2,15
2021-06-15 14:52:16,S,249.9,2,9
2021-06-15 14:52:16,S,249.95,2,11
2021-06-15 14:52:16,S,250.0,9,195
2021-06-15 14:52:16,S,248.9,1,4
2021-06-15 14:52:16,S,248.85,2,83
2021-06-15 14:52:16,S,248.7,3,46
2021-06-15 14:52:16,S,248.55,1,50
2021-06-15 14:52:16,S,248.5,3,5
2021-06-15 14:52:31,S,249.5,1,50
2021-06-15 14:52:31,S,249.8,2,15
2021-06-15 14:52:31,S,249.9,2,9
2021-06-15 14:52:31,S,249.95,2,11
2021-06-15 14:52:31,S,250.0,9,195
2021-06-15 14:52:31,S,248.9,1,4
2021-06-15 14:52:31,S,248.85,2,83
2021-06-15 14:52:31,S,248.7,3,46
2021-06-15 14:52:31,S,248.55,1,50
2021-06-15 14:52:31,S,248.5,3,5
2021-06-15 14:52:33,S,249.45,1,7
2021-06-15 14:52:33,S,249.85,2,18
2021-06-15 14:52:33,S,249.95,2,11
2021-06-15 14:52:33,S,250.0,6,180
2021-06-15 14:52:33,S,250.05,1,9
2021-06-15 14:52:33,S,248.9,1,4
2021-06-15 14:52:33,S,248.85,1,60
2021-06-15 14:52:33,S,248.7,3,46
2021-06-15 14:52:33,S,248.65,1,5
2021-06-15 14:52:33,S,248.55,2,55
2021-06-15 14:52:34,S,249.45,1,7
2021-06-15 14:52:34,S,249.85,2,18
2021-06-15 14:52:34,S,249.95,2,11
2021-06-15 14:52:34,S,250.0,6,180
2021-06-15 14:52:34,S,250.05,1,9
2021-06-15 14:52:34,S,248.9,1,4
2021-06-15 14:52:34,S,248.85,1,60
2021-06-15 14:52:34,S,248.7,3,46
2021-06-15 14:52:34,S,248.65,1,5
2021-06-15 14:52:34,S,248.55,2,55
2021-06-15 14:52:36,S,249.85,2,23
2021-06-15 14:52:36,S,249.95,2,11
2021-06-15 14:52:36,S,250.0,6,180
2021-06-15 14:52:36,S,250.05,1,9
2021-06-15 14:52:36,S,250.1,2,11
2021-06-15 14:52:36,S,249.15,1,4
2021-06-15 14:52:36,S,249.1,1,10
2021-06-15 14:52:36,S,248.95,1,7
2021-06-15 14:52:36,S,248.85,3,95
2021-06-15 14:52:36,S,248.75,1,6
2021-06-15 14:52:36,S,249.85,2,23
2021-06-15 14:52:36,S,249.95,2,11
2021-06-15 14:52:36,S,250.0,6,180
2021-06-15 14:52:36,S,250.05,1,9
2021-06-15 14:52:36,S,250.1,2,11
2021-06-15 14:52:36,S,249.15,1,4
2021-06-15 14:52:36,S,249.1,1,10
2021-06-15 14:52:36,S,248.95,1,7
2021-06-15 14:52:36,S,248.85,3,95
2021-06-15 14:52:36,S,248.75,1,6
2021-06-15 14:52:48,S,249.55,2,14
2021-06-15 14:52:48,S,249.8,3,22
2021-06-15 14:52:48,S,249.9,1,5
2021-06-15 14:52:48,S,249.95,3,20
2021-06-15 14:52:48,S,250.0,8,190
2021-06-15 14:52:48,S,248.85,1,4
2021-06-15 14:52:48,S,248.8,1,2
2021-06-15 14:52:48,S,248.75,2,36
2021-06-15 14:52:48,S,248.7,1,10
2021-06-15 14:52:48,S,248.65,1,10
2021-06-15 14:53:00,S,249.55,2,14
2021-06-15 14:53:00,S,249.8,3,22
2021-06-15 14:53:00,S,249.9,1,5
2021-06-15 14:53:00,S,249.95,3,20
2021-06-15 14:53:00,S,250.0,8,190
2021-06-15 14:53:00,S,248.85,1,4
2021-06-15 14:53:00,S,248.8,1,2
2021-06-15 14:53:00,S,248.75,2,36
2021-06-15 14:53:00,S,248.7,1,10
2021-06-15 14:53:00,S,248.65,1,10
2021-06-15 14:53:16,S,249.55,2,14
2021-06-15 14:53:16,S,249.8,3,22
2021-06-15 14:53:16,S,249.9,1,5
2021-06-15 14:53:16,S,249.95,3,20
2021-06-15 14:53:16,S,250.0,8,190
2021-06-15 14:53:16,S,248.85,1,4
2021-06-15 14:53:16,S,248.8,1,2
2021-06-15 14:53:16,S,248.75,2,36
2021-06-15 14:53:16,S,248.7,1,10
2021-06-15 14:53:16,S,248.65,1,10
2021-06-15 14:53:16,S,249.3,2,10
2021-06-15 14:53:16,S,249.5,2,11
2021-06-15 14:53:16,S,249.55,3,13
2021-06-15 14:53:16,S,249.6,2,7
2021-06-15 14:53:16,S,249.7,1,5
2021-06-15 14:53:16,S,248.8,1,2
2021-06-15 14:53:16,S,248.7,1,13
2021-06-15 14:53:16,S,248.55,1,50
2021-06-15 14:53:16,S,248.5,2,2
2021-06-15 14:53:16,S,248.45,1,50
2021-06-15 14:53:19,S,249.3,2,10
2021-06-15 14:53:19,S,249.5,2,7
2021-06-15 14:53:19,S,249.55,2,6
2021-06-15 14:53:19,S,249.6,2,7
2021-06-15 14:53:19,S,249.7,1,5
2021-06-15 14:53:19,S,248.65,1,2
2021-06-15 14:53:19,S,248.6,1,20
2021-06-15 14:53:19,S,248.55,1,50
2021-06-15 14:53:19,S,248.5,2,2
2021-06-15 14:53:19,S,248.45,1,50
2021-06-15 14:53:23,S,249.3,2,10
2021-06-15 14:53:23,S,249.5,2,7
2021-06-15 14:53:23,S,249.55,2,6
2021-06-15 14:53:23,S,249.6,2,7
2021-06-15 14:53:23,S,249.7,1,5
2021-06-15 14:53:23,S,248.65,1,2
2021-06-15 14:53:23,S,248.6,1,20
2021-06-15 14:53:23,S,248.55,1,50
2021-06-15 14:53:23,S,248.5,2,2
2021-06-15 14:53:23,S,248.45,1,50
2021-06-15 14:53:26,S,249.3,2,10
2021-06-15 14:53:26,S,249.5,2,7
2021-06-15 14:53:26,S,249.55,2,6
2021-06-15 14:53:26,S,249.6,2,7
2021-06-15 14:53:26,S,249.7,1,5
2021-06-15 14:53:26,S,248.65,1,2
2021-06-15 14:53:26,S,248.6,1,20
2021-06-15 14:53:26,S,248.55,1,50
2021-06-15 14:53:26,S,248.5,2,2
2021-06-15 14:53:26,S,248.45,1,50
2021-06-15 14:53:26,S,249.55,2,8
2021-06-15 14:53:26,S,249.6,2,3
2021-06-15 14:53:26,S,249.65,1,1
2021-06-15 14:53:26,S,249.7,1,5
2021-06-15 14:53:26,S,249.8,4,27
2021-06-15 14:53:26,S,248.8,2,4
2021-06-15 14:53:26,S,248.65,1,7
2021-06-15 14:53:26,S,248.6,3,38
2021-06-15 14:53:26,S,248.55,1,50
2021-06-15 14:53:26,S,248.5,2,2
2021-06-15 14:53:29,S,249.4,2,8
2021-06-15 14:53:29,S,249.45,1,6
2021-06-15 14:53:29,S,249.55,2,106
2021-06-15 14:53:29,S,249.7,3,7
2021-06-15 14:53:29,S,249.8,4,27
2021-06-15 14:53:29,S,248.9,1,2
2021-06-15 14:53:29,S,248.85,1,57
2021-06-15 14:53:29,S,248.65,2,17
2021-06-15 14:53:29,S,248.6,1,20
2021-06-15 14:53:29,S,248.55,1,50
2021-06-15 14:53:32,S,249.4,2,8
2021-06-15 14:53:32,S,249.5,3,7
2021-06-15 14:53:32,S,249.55,2,106
2021-06-15 14:53:32,S,249.8,4,27
2021-06-15 14:53:32,S,249.9,1,5
2021-06-15 14:53:32,S,248.8,2,4
2021-06-15 14:53:32,S,248.65,2,17
2021-06-15 14:53:32,S,248.55,1,50
2021-06-15 14:53:32,S,248.5,2,2
2021-06-15 14:53:32,S,248.45,3,52
2021-06-15 14:53:40,S,249.3,2,7
2021-06-15 14:53:40,S,249.35,1,5
2021-06-15 14:53:40,S,249.4,1,6
2021-06-15 14:53:40,S,249.5,3,7
2021-06-15 14:53:40,S,249.55,3,113
2021-06-15 14:53:40,S,248.8,2,4
2021-06-15 14:53:40,S,248.65,2,17
2021-06-15 14:53:40,S,248.55,1,50
2021-06-15 14:53:40,S,248.5,2,2
2021-06-15 14:53:40,S,248.45,1,50
2021-06-15 14:53:46,S,249.3,2,7
2021-06-15 14:53:46,S,249.5,3,7
2021-06-15 14:53:46,S,249.55,3,113
2021-06-15 14:53:46,S,249.8,4,27
2021-06-15 14:53:46,S,249.9,1,5
2021-06-15 14:53:46,S,248.8,2,4
2021-06-15 14:53:46,S,248.65,1,10
2021-06-15 14:53:46,S,248.55,1,50
2021-06-15 14:53:46,S,248.5,3,22
2021-06-15 14:53:46,S,248.45,1,50
2021-06-15 14:53:49,S,249.3,3,107
2021-06-15 14:53:49,S,249.5,3,7
2021-06-15 14:53:49,S,249.55,2,13
2021-06-15 14:53:49,S,249.8,4,27
2021-06-15 14:53:49,S,249.9,1,5
2021-06-15 14:53:49,S,248.8,2,4
2021-06-15 14:53:49,S,248.55,1,50
2021-06-15 14:53:49,S,248.5,2,2
2021-06-15 14:53:49,S,248.45,1,50
2021-06-15 14:53:49,S,248.4,2,47
2021-06-15 14:53:52,S,249.2,2,6
2021-06-15 14:53:52,S,249.3,2,105
2021-06-15 14:53:52,S,249.45,2,11
2021-06-15 14:53:52,S,249.75,1,1
2021-06-15 14:53:52,S,249.8,4,27
2021-06-15 14:53:52,S,248.8,2,4
2021-06-15 14:53:52,S,248.55,1,50
2021-06-15 14:53:52,S,248.5,2,2
2021-06-15 14:53:52,S,248.45,1,50
2021-06-15 14:53:52,S,248.4,2,47
2021-06-15 14:53:55,S,249.2,2,6
2021-06-15 14:53:55,S,249.3,2,105
2021-06-15 14:53:55,S,249.55,2,17
2021-06-15 14:53:55,S,249.7,2,11
2021-06-15 14:53:55,S,249.75,1,1
2021-06-15 14:53:55,S,248.85,1,2
2021-06-15 14:53:55,S,248.8,1,2
2021-06-15 14:53:55,S,248.55,1,50
2021-06-15 14:53:55,S,248.5,2,2
2021-06-15 14:53:55,S,248.45,1,50
2021-06-15 14:53:58,S,249.2,2,6
2021-06-15 14:53:58,S,249.3,2,105
2021-06-15 14:53:58,S,249.55,2,17
2021-06-15 14:53:58,S,249.7,2,11
2021-06-15 14:53:58,S,249.75,1,1
2021-06-15 14:53:58,S,248.85,1,2
2021-06-15 14:53:58,S,248.8,1,2
2021-06-15 14:53:58,S,248.55,1,50
2021-06-15 14:53:58,S,248.5,2,2
2021-06-15 14:53:58,S,248.45,1,50
2021-06-15 14:54:00,S,249.2,2,6
2021-06-15 14:54:00,S,249.3,2,105
2021-06-15 14:54:00,S,249.55,2,17
2021-06-15 14:54:00,S,249.7,2,11
2021-06-15 14:54:00,S,249.75,1,1
2021-06-15 14:54:00,S,248.85,1,2
2021-06-15 14:54:00,S,248.8,1,2
2021-06-15 14:54:00,S,248.55,1,50
2021-06-15 14:54:00,S,248.5,2,2
2021-06-15 14:54:00,S,248.45,1,50
2021-06-15 14:54:01,S,249.7,2,11
2021-06-15 14:54:01,S,249.75,2,5
2021-06-15 14:54:01,S,249.8,2,17
2021-06-15 14:54:01,S,249.95,2,11
2021-06-15 14:54:01,S,250.0,4,157
2021-06-15 14:54:01,S,249.05,1,2
2021-06-15 14:54:01,S,249.0,1,100
2021-06-15 14:54:01,S,248.75,1,7
2021-06-15 14:54:01,S,248.65,2,2
2021-06-15 14:54:01,S,248.6,1,20
2021-06-15 14:54:02,S,249.7,2,11
2021-06-15 14:54:02,S,249.75,2,5
2021-06-15 14:54:02,S,249.8,2,17
2021-06-15 14:54:02,S,249.95,2,11
2021-06-15 14:54:02,S,250.0,4,157
2021-06-15 14:54:02,S,249.05,1,2
2021-06-15 14:54:02,S,249.0,1,100
2021-06-15 14:54:02,S,248.75,1,7
2021-06-15 14:54:02,S,248.65,2,2
2021-06-15 14:54:02,S,248.6,1,20
2021-06-15 14:54:02,S,249.7,2,11
2021-06-15 14:54:02,S,249.75,2,5
2021-06-15 14:54:02,S,249.8,2,17
2021-06-15 14:54:02,S,249.95,2,11
2021-06-15 14:54:02,S,250.0,4,157
2021-06-15 14:54:02,S,249.05,1,2
2021-06-15 14:54:02,S,249.0,1,100
2021-06-15 14:54:02,S,248.75,1,7
2021-06-15 14:54:02,S,248.65,2,2
2021-06-15 14:54:02,S,248.6,1,20
2021-06-15 14:54:03,S,249.7,2,11
2021-06-15 14:54:03,S,249.75,2,5
2021-06-15 14:54:03,S,249.8,2,17
2021-06-15 14:54:03,S,249.95,2,11
2021-06-15 14:54:03,S,250.0,4,157
2021-06-15 14:54:03,S,249.05,1,2
2021-06-15 14:54:03,S,249.0,1,100
2021-06-15 14:54:03,S,248.75,1,7
2021-06-15 14:54:03,S,248.65,2,2
2021-06-15 14:54:03,S,248.6,1,20
2021-06-15 14:54:04,S,249.0,1,102
2021-06-15 14:54:04,S,249.35,2,19
2021-06-15 14:54:04,S,249.6,1,7
2021-06-15 14:54:04,S,249.75,4,18
2021-06-15 14:54:04,S,249.8,2,12
2021-06-15 14:54:04,S,248.6,1,2
2021-06-15 14:54:04,S,248.55,2,63
2021-06-15 14:54:04,S,248.5,3,6
2021-06-15 14:54:04,S,248.45,1,50
2021-06-15 14:54:04,S,248.4,1,40
2021-06-15 14:54:05,S,249.0,1,102
2021-06-15 14:54:05,S,249.35,2,19
2021-06-15 14:54:05,S,249.6,1,7
2021-06-15 14:54:05,S,249.75,4,18
2021-06-15 14:54:05,S,249.8,2,12
2021-06-15 14:54:05,S,248.6,1,2
2021-06-15 14:54:05,S,248.55,2,63
2021-06-15 14:54:05,S,248.5,3,6
2021-06-15 14:54:05,S,248.45,1,50
2021-06-15 14:54:05,S,248.4,1,40
2021-06-15 14:54:07,S,249.8,2,11
2021-06-15 14:54:07,S,249.85,2,8
2021-06-15 14:54:07,S,249.9,2,17
2021-06-15 14:54:07,S,249.95,2,11
2021-06-15 14:54:07,S,250.0,4,157
2021-06-15 14:54:07,S,248.9,1,2
2021-06-15 14:54:07,S,248.85,1,57
2021-06-15 14:54:07,S,248.75,2,26
2021-06-15 14:54:07,S,248.7,1,5
2021-06-15 14:54:07,S,248.65,1,15
2021-06-15 14:54:10,S,249.8,2,11
2021-06-15 14:54:10,S,249.85,2,8
2021-06-15 14:54:10,S,249.9,2,17
2021-06-15 14:54:10,S,249.95,2,11
2021-06-15 14:54:10,S,250.0,4,157
2021-06-15 14:54:10,S,248.9,1,2
2021-06-15 14:54:10,S,248.85,2,76
2021-06-15 14:54:10,S,248.75,1,7
2021-06-15 14:54:10,S,248.7,2,20
2021-06-15 14:54:10,S,248.6,1,5
2021-06-15 14:54:19,S,249.8,2,11
2021-06-15 14:54:19,S,249.85,2,8
2021-06-15 14:54:19,S,249.9,2,17
2021-06-15 14:54:19,S,249.95,2,11
2021-06-15 14:54:19,S,250.0,4,157
2021-06-15 14:54:19,S,248.9,1,2
2021-06-15 14:54:19,S,248.85,2,76
2021-06-15 14:54:19,S,248.75,1,7
2021-06-15 14:54:19,S,248.7,2,20
2021-06-15 14:54:19,S,248.6,1,5
2021-06-15 14:54:22,S,249.7,1,40
2021-06-15 14:54:22,S,249.8,2,11
2021-06-15 14:54:22,S,249.85,2,8
2021-06-15 14:54:22,S,249.9,2,17
2021-06-15 14:54:22,S,249.95,2,11
2021-06-15 14:54:22,S,248.9,1,2
2021-06-15 14:54:22,S,248.85,1,57
2021-06-15 14:54:22,S,248.75,2,26
2021-06-15 14:54:22,S,248.7,1,5
2021-06-15 14:54:22,S,248.65,1,15
2021-06-15 14:54:45,S,249.85,2,8
2021-06-15 14:54:45,S,249.9,2,17
2021-06-15 14:54:45,S,249.95,2,11
2021-06-15 14:54:45,S,250.0,4,157
2021-06-15 14:54:45,S,250.05,1,9
2021-06-15 14:54:45,S,248.9,1,2
2021-06-15 14:54:45,S,248.85,1,57
2021-06-15 14:54:45,S,248.8,1,19
2021-06-15 14:54:45,S,248.75,1,7
2021-06-15 14:54:45,S,248.7,2,20
2021-06-15 14:54:57,S,249.85,2,8
2021-06-15 14:54:57,S,249.9,2,17
2021-06-15 14:54:57,S,249.95,2,11
2021-06-15 14:54:57,S,250.0,4,157
2021-06-15 14:54:57,S,250.05,1,9
2021-06-15 14:54:57,S,248.9,1,2
2021-06-15 14:54:57,S,248.85,1,57
2021-06-15 14:54:57,S,248.8,1,19
2021-06-15 14:54:57,S,248.75,1,7
2021-06-15 14:54:57,S,248.7,2,20
2021-06-15 14:54:58,S,249.0,1,109
2021-06-15 14:54:58,S,249.4,3,19
2021-06-15 14:54:58,S,249.5,2,18
2021-06-15 14:54:58,S,249.75,1,7
2021-06-15 14:54:58,S,249.85,2,14
2021-06-15 14:54:58,S,248.8,1,2
2021-06-15 14:54:58,S,248.6,1,2
2021-06-15 14:54:58,S,248.55,1,50
2021-06-15 14:54:58,S,248.5,2,2
2021-06-15 14:54:58,S,248.45,1,50
2021-06-15 14:55:02,S,249.0,1,109
2021-06-15 14:55:02,S,249.3,2,18
2021-06-15 14:55:02,S,249.35,2,18
2021-06-15 14:55:02,S,249.5,2,18
2021-06-15 14:55:02,S,249.75,1,7
2021-06-15 14:55:02,S,248.8,1,2
2021-06-15 14:55:02,S,248.6,1,2
2021-06-15 14:55:02,S,248.55,1,50
2021-06-15 14:55:02,S,248.5,2,2
2021-06-15 14:55:02,S,248.45,1,50
2021-06-15 14:55:05,S,249.0,1,109
2021-06-15 14:55:05,S,249.3,2,18
2021-06-15 14:55:05,S,249.35,2,10
2021-06-15 14:55:05,S,249.5,2,18
2021-06-15 14:55:05,S,249.75,1,7
2021-06-15 14:55:05,S,248.8,1,2
2021-06-15 14:55:05,S,248.6,1,2
2021-06-15 14:55:05,S,248.55,1,50
2021-06-15 14:55:05,S,248.5,2,2
2021-06-15 14:55:05,S,248.45,1,50
2021-06-15 14:55:08,S,249.0,2,114
2021-06-15 14:55:08,S,249.35,2,18
2021-06-15 14:55:08,S,249.4,2,10
2021-06-15 14:55:08,S,249.5,2,18
2021-06-15 14:55:08,S,249.75,1,7
2021-06-15 14:55:08,S,248.8,1,2
2021-06-15 14:55:08,S,248.6,1,2
2021-06-15 14:55:08,S,248.55,1,50
2021-06-15 14:55:08,S,248.5,2,2
2021-06-15 14:55:08,S,248.45,1,50
2021-06-15 14:55:11,S,249.0,2,114
2021-06-15 14:55:11,S,249.45,3,19
2021-06-15 14:55:11,S,249.5,2,18
2021-06-15 14:55:11,S,249.75,1,7
2021-06-15 14:55:11,S,249.85,2,14
2021-06-15 14:55:11,S,248.75,1,2
2021-06-15 14:55:11,S,248.6,1,2
2021-06-15 14:55:11,S,248.55,1,50
2021-06-15 14:55:11,S,248.5,2,2
2021-06-15 14:55:11,S,248.45,1,50
2021-06-15 14:55:15,S,249.0,2,114
2021-06-15 14:55:15,S,249.4,2,15
2021-06-15 14:55:15,S,249.45,2,16
2021-06-15 14:55:15,S,249.5,2,18
2021-06-15 14:55:15,S,249.75,1,7
2021-06-15 14:55:15,S,248.8,1,2
2021-06-15 14:55:15,S,248.6,1,2
2021-06-15 14:55:15,S,248.55,1,50
2021-06-15 14:55:15,S,248.5,2,2
2021-06-15 14:55:15,S,248.45,1,50
2021-06-15 14:55:18,S,249.0,2,114
2021-06-15 14:55:18,S,249.3,3,21
2021-06-15 14:55:18,S,249.35,1,13
2021-06-15 14:55:18,S,249.45,1,11
2021-06-15 14:55:18,S,249.5,2,18
2021-06-15 14:55:18,S,248.7,1,2
2021-06-15 14:55:18,S,248.65,1,2
2021-06-15 14:55:18,S,248.55,1,50
2021-06-15 14:55:18,S,248.5,2,2
2021-06-15 14:55:18,S,248.45,1,50
2021-06-15 14:55:20,S,248.9,1,5
2021-06-15 14:55:20,S,249.0,2,122
2021-06-15 14:55:20,S,249.3,3,19
2021-06-15 14:55:20,S,249.35,1,11
2021-06-15 14:55:20,S,249.5,2,18
2021-06-15 14:55:20,S,248.65,1,2
2021-06-15 14:55:20,S,248.6,1,2
2021-06-15 14:55:20,S,248.55,1,50
2021-06-15 14:55:20,S,248.5,2,2
2021-06-15 14:55:20,S,248.45,1,50
2021-06-15 14:55:27,S,248.9,1,5
2021-06-15 14:55:27,S,249.0,2,122
2021-06-15 14:55:27,S,249.3,2,17
2021-06-15 14:55:27,S,249.45,1,4
2021-06-15 14:55:27,S,249.5,2,18
2021-06-15 14:55:27,S,248.8,1,2
2021-06-15 14:55:27,S,248.6,1,2
2021-06-15 14:55:27,S,248.55,1,50
2021-06-15 14:55:27,S,248.5,2,2
2021-06-15 14:55:27,S,248.45,1,50
2021-06-15 14:55:31,S,248.9,1,5
2021-06-15 14:55:31,S,249.0,2,122
2021-06-15 14:55:31,S,249.35,3,21
2021-06-15 14:55:31,S,249.4,1,13
2021-06-15 14:55:31,S,249.5,2,18
2021-06-15 14:55:31,S,248.65,1,2
2021-06-15 14:55:31,S,248.6,1,2
2021-06-15 14:55:31,S,248.55,1,50
2021-06-15 14:55:31,S,248.5,2,2
2021-06-15 14:55:31,S,248.45,1,50
2021-06-15 14:55:34,S,248.9,1,5
2021-06-15 14:55:34,S,249.0,2,122
2021-06-15 14:55:34,S,249.3,3,23
2021-06-15 14:55:34,S,249.35,1,13
2021-06-15 14:55:34,S,249.5,2,18
2021-06-15 14:55:34,S,248.65,1,2
2021-06-15 14:55:34,S,248.6,1,2
2021-06-15 14:55:34,S,248.55,1,50
2021-06-15 14:55:34,S,248.5,2,2
2021-06-15 14:55:34,S,248.45,1,50
2021-06-15 14:55:40,S,248.9,1,5
2021-06-15 14:55:40,S,249.0,2,122
2021-06-15 14:55:40,S,249.2,2,19
2021-06-15 14:55:40,S,249.25,2,19
2021-06-15 14:55:40,S,249.3,2,21
2021-06-15 14:55:40,S,248.65,1,2
2021-06-15 14:55:40,S,248.6,1,2
2021-06-15 14:55:40,S,248.55,1,50
2021-06-15 14:55:40,S,248.5,2,2
2021-06-15 14:55:40,S,248.45,1,50
2021-06-15 14:55:43,S,248.65,1,5
2021-06-15 14:55:43,S,248.95,2,26
2021-06-15 14:55:43,S,249.0,2,134
2021-06-15 14:55:43,S,249.15,2,9
2021-06-15 14:55:43,S,249.2,2,9
2021-06-15 14:55:43,S,248.6,1,2
2021-06-15 14:55:43,S,248.55,1,50
2021-06-15 14:55:43,S,248.5,2,2
2021-06-15 14:55:43,S,248.4,1,40
2021-06-15 14:55:43,S,248.25,1,50
2021-06-15 14:55:46,S,248.65,1,5
2021-06-15 14:55:46,S,248.95,2,26
2021-06-15 14:55:46,S,249.0,2,134
2021-06-15 14:55:46,S,249.15,2,9
2021-06-15 14:55:46,S,249.2,2,9
2021-06-15 14:55:46,S,248.6,1,2
2021-06-15 14:55:46,S,248.55,1,50
2021-06-15 14:55:46,S,248.5,2,2
2021-06-15 14:55:46,S,248.45,1,12
2021-06-15 14:55:46,S,248.4,1,40
2021-06-15 14:55:49,S,248.65,1,5
2021-06-15 14:55:49,S,248.9,2,29
2021-06-15 14:55:49,S,248.95,1,25
2021-06-15 14:55:49,S,249.0,2,134
2021-06-15 14:55:49,S,249.15,2,9
2021-06-15 14:55:49,S,248.6,1,4
2021-06-15 14:55:49,S,248.55,1,50
2021-06-15 14:55:49,S,248.5,2,2
2021-06-15 14:55:49,S,248.45,1,12
2021-06-15 14:55:49,S,248.4,1,40
2021-06-15 14:55:52,S,248.65,1,5
2021-06-15 14:55:52,S,248.9,2,29
2021-06-15 14:55:52,S,249.0,2,134
2021-06-15 14:55:52,S,249.1,1,6
2021-06-15 14:55:52,S,249.15,2,9
2021-06-15 14:55:52,S,248.6,1,4
2021-06-15 14:55:52,S,248.55,1,50
2021-06-15 14:55:52,S,248.5,2,2
2021-06-15 14:55:52,S,248.4,2,53
2021-06-15 14:55:52,S,248.25,1,50
2021-06-15 14:55:58,S,248.65,1,5
2021-06-15 14:55:58,S,248.9,2,29
2021-06-15 14:55:58,S,249.0,2,134
2021-06-15 14:55:58,S,249.1,1,6
2021-06-15 14:55:58,S,249.15,2,9
2021-06-15 14:55:58,S,248.6,1,4
2021-06-15 14:55:58,S,248.55,1,50
2021-06-15 14:55:58,S,248.5,2,2
2021-06-15 14:55:58,S,248.4,2,53
2021-06-15 14:55:58,S,248.25,1,50
2021-06-15 14:56:05,S,248.65,1,5
2021-06-15 14:56:05,S,248.9,2,29
2021-06-15 14:56:05,S,249.0,2,134
2021-06-15 14:56:05,S,249.1,1,6
2021-06-15 14:56:05,S,249.15,2,9
2021-06-15 14:56:05,S,248.6,2,9
2021-06-15 14:56:05,S,248.55,1,50
2021-06-15 14:56:05,S,248.5,2,2
2021-06-15 14:56:05,S,248.4,2,53
2021-06-15 14:56:05,S,248.25,1,50
2021-06-15 14:56:18,S,248.65,1,5
2021-06-15 14:56:18,S,248.9,2,29
2021-06-15 14:56:18,S,249.0,2,134
2021-06-15 14:56:18,S,249.1,1,6
2021-06-15 14:56:18,S,249.15,2,9
2021-06-15 14:56:18,S,248.6,2,9
2021-06-15 14:56:18,S,248.55,1,50
2021-06-15 14:56:18,S,248.5,2,2
2021-06-15 14:56:18,S,248.4,2,53
2021-06-15 14:56:18,S,248.25,1,50
2021-06-15 14:56:18,S,249.0,1,108
2021-06-15 14:56:18,S,249.15,1,8
2021-06-15 14:56:18,S,249.2,1,5
2021-06-15 14:56:18,S,249.25,2,35
2021-06-15 14:56:18,S,249.3,3,33
2021-06-15 14:56:18,S,248.65,1,13
2021-06-15 14:56:18,S,248.6,2,9
2021-06-15 14:56:18,S,248.55,1,50
2021-06-15 14:56:18,S,248.5,2,2
2021-06-15 14:56:18,S,248.4,1,40
2021-06-15 14:56:32,S,249.0,1,108
2021-06-15 14:56:32,S,249.2,2,35
2021-06-15 14:56:32,S,249.25,2,35
2021-06-15 14:56:32,S,249.3,3,33
2021-06-15 14:56:32,S,249.5,2,18
2021-06-15 14:56:32,S,248.65,1,13
2021-06-15 14:56:32,S,248.6,2,9
2021-06-15 14:56:32,S,248.55,1,50
2021-06-15 14:56:32,S,248.5,2,2
2021-06-15 14:56:32,S,248.4,1,40
2021-06-15 14:56:33,S,249.0,1,108
2021-06-15 14:56:33,S,249.2,2,35
2021-06-15 14:56:33,S,249.25,2,35
2021-06-15 14:56:33,S,249.3,3,33
2021-06-15 14:56:33,S,249.5,2,18
2021-06-15 14:56:33,S,248.65,1,13
2021-06-15 14:56:33,S,248.6,2,9
2021-06-15 14:56:33,S,248.55,1,50
2021-06-15 14:56:33,S,248.5,2,2
2021-06-15 14:56:33,S,248.4,1,40
2021-06-15 14:56:36,S,248.95,2,19
2021-06-15 14:56:36,S,249.0,2,119
2021-06-15 14:56:36,S,249.15,3,34
2021-06-15 14:56:36,S,249.2,1,30
2021-06-15 14:56:36,S,249.25,1,31
2021-06-15 14:56:36,S,248.6,1,4
2021-06-15 14:56:36,S,248.55,1,47
2021-06-15 14:56:36,S,248.5,2,2
2021-06-15 14:56:36,S,248.4,1,40
2021-06-15 14:56:36,S,248.25,2,56
2021-06-15 14:56:46,S,248.95,2,19
2021-06-15 14:56:46,S,249.0,2,119
2021-06-15 14:56:46,S,249.15,2,30
2021-06-15 14:56:46,S,249.25,1,4
2021-06-15 14:56:46,S,249.3,2,21
2021-06-15 14:56:46,S,248.6,1,4
2021-06-15 14:56:46,S,248.55,1,47
2021-06-15 14:56:46,S,248.5,2,2
2021-06-15 14:56:46,S,248.4,1,40
2021-06-15 14:56:46,S,248.25,2,56
2021-06-15 14:56:55,S,248.95,2,19
2021-06-15 14:56:55,S,249.0,2,119
2021-06-15 14:56:55,S,249.15,2,30
2021-06-15 14:56:55,S,249.25,1,4
2021-06-15 14:56:55,S,249.3,2,21
2021-06-15 14:56:55,S,248.6,1,4
2021-06-15 14:56:55,S,248.55,1,47
2021-06-15 14:56:55,S,248.5,2,2
2021-06-15 14:56:55,S,248.4,1,40
2021-06-15 14:56:55,S,248.25,2,56
2021-06-15 14:56:56,S,248.95,2,19
2021-06-15 14:56:56,S,249.0,2,119
2021-06-15 14:56:56,S,249.15,2,30
2021-06-15 14:56:56,S,249.25,1,4
2021-06-15 14:56:56,S,249.3,2,21
2021-06-15 14:56:56,S,248.6,1,4
2021-06-15 14:56:56,S,248.55,1,47
2021-06-15 14:56:56,S,248.5,2,2
2021-06-15 14:56:56,S,248.4,1,40
2021-06-15 14:56:56,S,248.25,2,56
2021-06-15 14:56:58,S,249.0,1,109
2021-06-15 14:56:58,S,249.2,2,26
2021-06-15 14:56:58,S,249.25,2,29
2021-06-15 14:56:58,S,249.3,2,21
2021-06-15 14:56:58,S,249.5,2,18
2021-06-15 14:56:58,S,248.65,1,4
2021-06-15 14:56:58,S,248.6,1,13
2021-06-15 14:56:58,S,248.5,3,20
2021-06-15 14:56:58,S,248.45,2,24
2021-06-15 14:56:58,S,248.4,1,40
2021-06-15 14:57:10,S,249.0,1,109
2021-06-15 14:57:10,S,249.2,2,26
2021-06-15 14:57:10,S,249.25,2,29
2021-06-15 14:57:10,S,249.3,2,21
2021-06-15 14:57:10,S,249.5,2,18
2021-06-15 14:57:10,S,248.65,1,4
2021-06-15 14:57:10,S,248.6,1,13
2021-06-15 14:57:10,S,248.5,3,20
2021-06-15 14:57:10,S,248.45,2,24
2021-06-15 14:57:10,S,248.4,1,40
2021-06-15 14:57:13,S,249.0,1,109
2021-06-15 14:57:13,S,249.15,3,33
2021-06-15 14:57:13,S,249.2,1,21
2021-06-15 14:57:13,S,249.25,1,25
2021-06-15 14:57:13,S,249.3,2,21
2021-06-15 14:57:13,S,248.55,1,4
2021-06-15 14:57:13,S,248.5,2,2
2021-06-15 14:57:13,S,248.45,1,6
2021-06-15 14:57:13,S,248.4,1,40
2021-06-15 14:57:13,S,248.25,2,56
2021-06-15 14:57:18,S,249.0,1,109
2021-06-15 14:57:18,S,249.2,2,27
2021-06-15 14:57:18,S,249.25,2,28
2021-06-15 14:57:18,S,249.3,2,21
2021-06-15 14:57:18,S,249.5,2,18
2021-06-15 14:57:18,S,248.55,1,4
2021-06-15 14:57:18,S,248.5,3,15
2021-06-15 14:57:18,S,248.45,2,21
2021-06-15 14:57:18,S,248.4,1,40
2021-06-15 14:57:18,S,248.25,2,56
2021-06-15 14:57:31,S,249.0,1,109
2021-06-15 14:57:31,S,249.2,2,27
2021-06-15 14:57:31,S,249.25,2,28
2021-06-15 14:57:31,S,249.3,2,21
2021-06-15 14:57:31,S,249.5,2,18
2021-06-15 14:57:31,S,248.55,1,4
2021-06-15 14:57:31,S,248.5,3,15
2021-06-15 14:57:31,S,248.45,2,21
2021-06-15 14:57:31,S,248.4,1,40
2021-06-15 14:57:31,S,248.25,2,56
2021-06-15 14:57:32,S,249.0,1,109
2021-06-15 14:57:32,S,249.2,2,27
2021-06-15 14:57:32,S,249.25,2,28
2021-06-15 14:57:32,S,249.3,2,21
2021-06-15 14:57:32,S,249.5,2,18
2021-06-15 14:57:32,S,248.55,1,4
2021-06-15 14:57:32,S,248.5,3,15
2021-06-15 14:57:32,S,248.45,2,21
2021-06-15 14:57:32,S,248.4,1,40
2021-06-15 14:57:32,S,248.25,2,56
2021-06-15 14:57:34,S,249.0,1,109
2021-06-15 14:57:34,S,249.45,3,39
2021-06-15 14:57:34,S,249.5,2,18
2021-06-15 14:57:34,S,249.75,1,7
2021-06-15 14:57:34,S,249.85,2,14
2021-06-15 14:57:34,S,248.65,1,4
2021-06-15 14:57:34,S,248.6,1,13
2021-06-15 14:57:34,S,248.5,3,16
2021-06-15 14:57:34,S,248.45,2,21
2021-06-15 14:57:34,S,248.4,1,40
2021-06-15 14:57:45,S,249.0,1,109
2021-06-15 14:57:45,S,249.25,2,30
2021-06-15 14:57:45,S,249.45,3,39
2021-06-15 14:57:45,S,249.5,2,18
2021-06-15 14:57:45,S,249.55,1,6
2021-06-15 14:57:45,S,248.65,1,4
2021-06-15 14:57:45,S,248.6,1,13
2021-06-15 14:57:45,S,248.55,2,23
2021-06-15 14:57:45,S,248.5,3,16
2021-06-15 14:57:45,S,248.45,2,21
2021-06-15 14:57:59,S,249.0,1,109
2021-06-15 14:57:59,S,249.25,2,30
2021-06-15 14:57:59,S,249.45,3,39
2021-06-15 14:57:59,S,249.5,2,18
2021-06-15 14:57:59,S,249.55,1,6
2021-06-15 14:57:59,S,248.65,1,4
2021-06-15 14:57:59,S,248.6,1,13
2021-06-15 14:57:59,S,248.55,2,23
2021-06-15 14:57:59,S,248.5,3,16
2021-06-15 14:57:59,S,248.45,2,21
2021-06-15 14:58:02,S,249.0,1,108
2021-06-15 14:58:02,S,249.3,3,33
2021-06-15 14:58:02,S,249.35,2,31
2021-06-15 14:58:02,S,249.45,1,30
2021-06-15 14:58:02,S,249.5,2,18
2021-06-15 14:58:02,S,248.6,2,17
2021-06-15 14:58:02,S,248.55,2,23
2021-06-15 14:58:02,S,248.5,3,16
2021-06-15 14:58:02,S,248.45,2,21
2021-06-15 14:58:02,S,248.4,1,40
2021-06-15 14:58:52,S,249.0,1,108
2021-06-15 14:58:52,S,249.3,3,33
2021-06-15 14:58:52,S,249.35,2,31
2021-06-15 14:58:52,S,249.45,1,30
2021-06-15 14:58:52,S,249.5,2,18
2021-06-15 14:58:52,S,248.6,2,17
2021-06-15 14:58:52,S,248.55,2,23
2021-06-15 14:58:52,S,248.5,3,16
2021-06-15 14:58:52,S,248.45,2,21
2021-06-15 14:58:52,S,248.4,1,40
2021-06-15 14:59:16,S,249.0,1,109
2021-06-15 14:59:16,S,249.3,2,29
2021-06-15 14:59:16,S,249.45,2,26
2021-06-15 14:59:16,S,249.5,2,18
2021-06-15 14:59:16,S,249.75,1,7
2021-06-15 14:59:16,S,248.6,1,4
2021-06-15 14:59:16,S,248.55,1,10
2021-06-15 14:59:16,S,248.5,2,2
2021-06-15 14:59:16,S,248.45,1,20
2021-06-15 14:59:16,S,248.4,1,40
2021-06-15 14:59:20,S,249.0,1,109
2021-06-15 14:59:20,S,249.3,2,29
2021-06-15 14:59:20,S,249.45,2,26
2021-06-15 14:59:20,S,249.5,2,18
2021-06-15 14:59:20,S,249.75,1,7
2021-06-15 14:59:20,S,248.6,1,4
2021-06-15 14:59:20,S,248.55,1,10
2021-06-15 14:59:20,S,248.5,3,15
2021-06-15 14:59:20,S,248.4,2,46
2021-06-15 14:59:20,S,248.3,1,36
2021-06-15 14:59:36,S,249.0,1,109
2021-06-15 14:59:36,S,249.2,2,30
2021-06-15 14:59:36,S,249.3,2,29
2021-06-15 14:59:36,S,249.35,1,6
2021-06-15 14:59:36,S,249.45,2,26
2021-06-15 14:59:36,S,248.6,2,104
2021-06-15 14:59:36,S,248.55,1,10
2021-06-15 14:59:36,S,248.5,3,13
2021-06-15 14:59:36,S,248.4,2,46
2021-06-15 14:59:36,S,248.35,1,20
2021-06-15 14:59:43,S,249.0,1,109
2021-06-15 14:59:43,S,249.2,2,30
2021-06-15 14:59:43,S,249.3,2,29
2021-06-15 14:59:43,S,249.35,1,6
2021-06-15 14:59:43,S,249.45,2,26
2021-06-15 14:59:43,S,248.6,2,104
2021-06-15 14:59:43,S,248.55,3,34
2021-06-15 14:59:43,S,248.5,4,53
2021-06-15 14:59:43,S,248.4,2,46
2021-06-15 14:59:43,S,248.3,1,36
2021-06-15 14:59:46,S,249.0,1,109
2021-06-15 14:59:46,S,249.2,2,30
2021-06-15 14:59:46,S,249.3,2,29
2021-06-15 14:59:46,S,249.35,1,6
2021-06-15 14:59:46,S,249.45,2,26
2021-06-15 14:59:46,S,248.6,2,104
2021-06-15 14:59:46,S,248.55,2,21
2021-06-15 14:59:46,S,248.5,4,53
2021-06-15 14:59:46,S,248.4,2,46
2021-06-15 14:59:46,S,248.3,1,36
2021-06-15 14:59:54,S,249.0,1,109
2021-06-15 14:59:54,S,249.3,2,29
2021-06-15 14:59:54,S,249.35,2,31
2021-06-15 14:59:54,S,249.45,2,26
2021-06-15 14:59:54,S,249.5,2,18
2021-06-15 14:59:54,S,248.6,2,104
2021-06-15 14:59:54,S,248.55,3,35
2021-06-15 14:59:54,S,248.5,5,153
2021-06-15 14:59:54,S,248.4,2,46
2021-06-15 14:59:54,S,248.3,1,36
2021-06-15 15:00:00,S,249.0,1,109
2021-06-15 15:00:00,S,249.3,2,29
2021-06-15 15:00:00,S,249.35,2,31
2021-06-15 15:00:00,S,249.45,2,26
2021-06-15 15:00:00,S,249.5,2,18
2021-06-15 15:00:00,S,248.6,2,104
2021-06-15 15:00:00,S,248.55,3,35
2021-06-15 15:00:00,S,248.5,5,153
2021-06-15 15:00:00,S,248.4,2,46
2021-06-15 15:00:00,S,248.3,1,36
2021-06-15 15:00:01,S,248.95,1,4
2021-06-15 15:00:01,S,249.0,2,130
2021-06-15 15:00:01,S,249.35,1,25
2021-06-15 15:00:01,S,249.4,2,2
2021-06-15 15:00:01,S,249.45,1,25
2021-06-15 15:00:01,S,248.65,1,4
2021-06-15 15:00:01,S,248.6,1,100
2021-06-15 15:00:01,S,248.55,1,10
2021-06-15 15:00:01,S,248.5,4,142
2021-06-15 15:00:01,S,248.45,1,49
2021-06-15 15:00:01,S,248.95,1,4
2021-06-15 15:00:01,S,249.0,2,130
2021-06-15 15:00:01,S,249.35,1,25
2021-06-15 15:00:01,S,249.4,2,2
2021-06-15 15:00:01,S,249.45,1,25
2021-06-15 15:00:01,S,248.65,1,4
2021-06-15 15:00:01,S,248.6,1,100
2021-06-15 15:00:01,S,248.55,1,10
2021-06-15 15:00:01,S,248.5,4,142
2021-06-15 15:00:01,S,248.45,1,49
2021-06-15 15:00:06,S,248.95,2,21
2021-06-15 15:00:06,S,249.0,2,130
2021-06-15 15:00:06,S,249.05,1,6
2021-06-15 15:00:06,S,249.4,2,2
2021-06-15 15:00:06,S,249.6,2,31
2021-06-15 15:00:06,S,248.65,1,4
2021-06-15 15:00:06,S,248.6,1,100
2021-06-15 15:00:06,S,248.55,1,10
2021-06-15 15:00:06,S,248.5,4,142
2021-06-15 15:00:06,S,248.4,2,46
2021-06-15 15:00:10,S,248.95,2,21
2021-06-15 15:00:10,S,249.0,2,130
2021-06-15 15:00:10,S,249.05,1,6
2021-06-15 15:00:10,S,249.4,2,2
2021-06-15 15:00:10,S,249.6,2,31
2021-06-15 15:00:10,S,248.65,1,4
2021-06-15 15:00:10,S,248.6,1,100
2021-06-15 15:00:10,S,248.55,1,10
2021-06-15 15:00:10,S,248.5,4,142
2021-06-15 15:00:10,S,248.4,2,46
2021-06-15 15:00:14,S,248.95,2,21
2021-06-15 15:00:14,S,249.0,2,130
2021-06-15 15:00:14,S,249.05,2,19
2021-06-15 15:00:14,S,249.15,1,4
2021-06-15 15:00:14,S,249.3,1,4
2021-06-15 15:00:14,S,248.6,1,79
2021-06-15 15:00:14,S,248.55,1,10
2021-06-15 15:00:14,S,248.5,4,142
2021-06-15 15:00:14,S,248.4,2,46
2021-06-15 15:00:14,S,248.3,1,36
2021-06-15 15:00:18,S,248.95,2,21
2021-06-15 15:00:18,S,249.0,2,130
2021-06-15 15:00:18,S,249.05,2,19
2021-06-15 15:00:18,S,249.15,1,4
2021-06-15 15:00:18,S,249.3,1,4
2021-06-15 15:00:18,S,248.6,1,79
2021-06-15 15:00:18,S,248.55,1,10
2021-06-15 15:00:18,S,248.5,4,142
2021-06-15 15:00:18,S,248.4,2,46
2021-06-15 15:00:18,S,248.3,1,36
2021-06-15 15:00:21,S,248.95,2,21
2021-06-15 15:00:21,S,249.0,2,130
2021-06-15 15:00:21,S,249.05,2,19
2021-06-15 15:00:21,S,249.15,1,4
2021-06-15 15:00:21,S,249.3,1,4
2021-06-15 15:00:21,S,248.6,1,79
2021-06-15 15:00:21,S,248.55,1,10
2021-06-15 15:00:21,S,248.5,4,142
2021-06-15 15:00:21,S,248.4,2,46
2021-06-15 15:00:21,S,248.3,1,36
2021-06-15 15:00:42,S,248.95,2,21
2021-06-15 15:00:42,S,249.0,2,130
2021-06-15 15:00:42,S,249.15,2,11
2021-06-15 15:00:42,S,249.3,1,4
2021-06-15 15:00:42,S,249.35,2,2
2021-06-15 15:00:42,S,248.6,2,99
2021-06-15 15:00:42,S,248.55,1,10
2021-06-15 15:00:42,S,248.5,4,142
2021-06-15 15:00:42,S,248.4,2,46
2021-06-15 15:00:42,S,248.3,1,36
2021-06-15 15:01:03,S,248.95,2,21
2021-06-15 15:01:03,S,249.0,2,130
2021-06-15 15:01:03,S,249.15,2,11
2021-06-15 15:01:03,S,249.3,1,4
2021-06-15 15:01:03,S,249.35,2,2
2021-06-15 15:01:03,S,248.6,2,99
2021-06-15 15:01:03,S,248.55,2,50
2021-06-15 15:01:03,S,248.5,3,102
2021-06-15 15:01:03,S,248.4,2,46
2021-06-15 15:01:03,S,248.3,1,36
2021-06-15 15:01:20,S,248.95,2,21
2021-06-15 15:01:20,S,249.0,2,130
2021-06-15 15:01:20,S,249.15,2,11
2021-06-15 15:01:20,S,249.3,1,4
2021-06-15 15:01:20,S,249.35,2,2
2021-06-15 15:01:20,S,248.6,3,119
2021-06-15 15:01:20,S,248.55,3,54
2021-06-15 15:01:20,S,248.5,4,131
2021-06-15 15:01:20,S,248.4,2,46
2021-06-15 15:01:20,S,248.3,1,36
2021-06-15 15:01:23,S,248.95,1,4
2021-06-15 15:01:23,S,249.0,2,130
2021-06-15 15:01:23,S,249.15,2,11
2021-06-15 15:01:23,S,249.3,1,4
2021-06-15 15:01:23,S,249.35,2,2
2021-06-15 15:01:23,S,248.6,4,129
2021-06-15 15:01:23,S,248.55,4,77
2021-06-15 15:01:23,S,248.5,5,144
2021-06-15 15:01:23,S,248.45,1,20
2021-06-15 15:01:23,S,248.4,2,46
2021-06-15 15:01:33,S,248.95,1,4
2021-06-15 15:01:33,S,249.0,2,130
2021-06-15 15:01:33,S,249.15,2,11
2021-06-15 15:01:33,S,249.3,1,4
2021-06-15 15:01:33,S,249.35,2,2
2021-06-15 15:01:33,S,248.6,4,129
2021-06-15 15:01:33,S,248.55,4,77
2021-06-15 15:01:33,S,248.5,5,144
2021-06-15 15:01:33,S,248.45,1,20
2021-06-15 15:01:33,S,248.4,2,46
2021-06-15 15:01:36,S,248.95,1,4
2021-06-15 15:01:36,S,249.0,2,130
2021-06-15 15:01:36,S,249.15,2,11
2021-06-15 15:01:36,S,249.3,1,4
2021-06-15 15:01:36,S,249.35,2,2
2021-06-15 15:01:36,S,248.6,4,119
2021-06-15 15:01:36,S,248.55,3,54
2021-06-15 15:01:36,S,248.5,5,144
2021-06-15 15:01:36,S,248.45,1,20
2021-06-15 15:01:36,S,248.4,2,46
2021-06-15 15:01:40,S,248.95,1,4
2021-06-15 15:01:40,S,249.0,2,130
2021-06-15 15:01:40,S,249.15,2,11
2021-06-15 15:01:40,S,249.3,1,4
2021-06-15 15:01:40,S,249.35,2,2
2021-06-15 15:01:40,S,248.6,4,119
2021-06-15 15:01:40,S,248.55,3,54
2021-06-15 15:01:40,S,248.5,5,144
2021-06-15 15:01:40,S,248.45,1,20
2021-06-15 15:01:40,S,248.4,2,46
2021-06-15 15:01:43,S,249.0,1,105
2021-06-15 15:01:43,S,249.3,2,18
2021-06-15 15:01:43,S,249.35,3,16
2021-06-15 15:01:43,S,249.45,1,4
2021-06-15 15:01:43,S,249.6,2,31
2021-06-15 15:01:43,S,248.95,1,20
2021-06-15 15:01:43,S,248.75,4,43
2021-06-15 15:01:43,S,248.6,4,119
2021-06-15 15:01:43,S,248.55,4,83
2021-06-15 15:01:43,S,248.5,4,131
2021-06-15 15:01:52,S,249.0,1,105
2021-06-15 15:01:52,S,249.3,2,18
2021-06-15 15:01:52,S,249.35,3,16
2021-06-15 15:01:52,S,249.45,1,4
2021-06-15 15:01:52,S,249.6,2,31
2021-06-15 15:01:52,S,248.95,1,20
2021-06-15 15:01:52,S,248.75,4,43
2021-06-15 15:01:52,S,248.6,4,119
2021-06-15 15:01:52,S,248.55,4,83
2021-06-15 15:01:52,S,248.5,4,131
2021-06-15 15:01:54,S,249.0,1,53
2021-06-15 15:01:54,S,249.25,2,30
2021-06-15 15:01:54,S,249.3,2,19
2021-06-15 15:01:54,S,249.4,1,4
2021-06-15 15:01:54,S,249.45,1,4
2021-06-15 15:01:54,S,248.75,1,4
2021-06-15 15:01:54,S,248.7,2,31
2021-06-15 15:01:54,S,248.65,1,11
2021-06-15 15:01:54,S,248.6,5,130
2021-06-15 15:01:54,S,248.55,4,83
2021-06-15 15:02:01,S,249.0,1,53
2021-06-15 15:02:01,S,249.25,2,30
2021-06-15 15:02:01,S,249.3,2,19
2021-06-15 15:02:01,S,249.4,1,4
2021-06-15 15:02:01,S,249.45,1,4
2021-06-15 15:02:01,S,248.75,1,4
2021-06-15 15:02:01,S,248.7,2,31
2021-06-15 15:02:01,S,248.65,1,11
2021-06-15 15:02:01,S,248.6,5,130
2021-06-15 15:02:01,S,248.55,4,83
2021-06-15 15:02:01,S,249.0,1,50
2021-06-15 15:02:01,S,249.25,2,30
2021-06-15 15:02:01,S,249.3,2,19
2021-06-15 15:02:01,S,249.4,1,4
2021-06-15 15:02:01,S,249.45,1,4
2021-06-15 15:02:01,S,248.75,2,20
2021-06-15 15:02:01,S,248.7,2,31
2021-06-15 15:02:01,S,248.6,4,120
2021-06-15 15:02:01,S,248.55,4,83
2021-06-15 15:02:01,S,248.5,4,131
2021-06-15 15:02:22,S,249.0,2,60
2021-06-15 15:02:22,S,249.25,2,30
2021-06-15 15:02:22,S,249.3,2,19
2021-06-15 15:02:22,S,249.4,1,4
2021-06-15 15:02:22,S,249.45,1,4
2021-06-15 15:02:22,S,248.75,2,20
2021-06-15 15:02:22,S,248.65,3,81
2021-06-15 15:02:22,S,248.6,4,120
2021-06-15 15:02:22,S,248.55,3,43
2021-06-15 15:02:22,S,248.5,4,131
2021-06-15 15:02:49,S,249.0,1,50
2021-06-15 15:02:49,S,249.25,2,30
2021-06-15 15:02:49,S,249.3,2,19
2021-06-15 15:02:49,S,249.4,1,4
2021-06-15 15:02:49,S,249.45,1,4
2021-06-15 15:02:49,S,248.75,2,20
2021-06-15 15:02:49,S,248.65,3,81
2021-06-15 15:02:49,S,248.6,4,120
2021-06-15 15:02:49,S,248.55,3,43
2021-06-15 15:02:49,S,248.5,4,131
2021-06-15 15:02:57,S,249.0,1,50
2021-06-15 15:02:57,S,249.25,2,30
2021-06-15 15:02:57,S,249.3,2,19
2021-06-15 15:02:57,S,249.4,1,4
2021-06-15 15:02:57,S,249.45,1,4
2021-06-15 15:02:57,S,248.75,2,20
2021-06-15 15:02:57,S,248.65,3,81
2021-06-15 15:02:57,S,248.6,4,120
2021-06-15 15:02:57,S,248.55,3,43
2021-06-15 15:02:57,S,248.5,4,131
2021-06-15 15:02:58,S,249.0,1,30
2021-06-15 15:02:58,S,249.25,2,30
2021-06-15 15:02:58,S,249.3,2,19
2021-06-15 15:02:58,S,249.4,1,4
2021-06-15 15:02:58,S,249.45,1,4
2021-06-15 15:02:58,S,248.75,2,20
2021-06-15 15:02:58,S,248.65,4,85
2021-06-15 15:02:58,S,248.6,3,100
2021-06-15 15:02:58,S,248.55,3,43
2021-06-15 15:02:58,S,248.5,4,131
2021-06-15 15:03:08,S,249.0,1,30
2021-06-15 15:03:08,S,249.25,2,30
2021-06-15 15:03:08,S,249.3,2,19
2021-06-15 15:03:08,S,249.4,1,4
2021-06-15 15:03:08,S,249.45,1,4
2021-06-15 15:03:08,S,248.75,2,20
2021-06-15 15:03:08,S,248.65,4,85
2021-06-15 15:03:08,S,248.6,3,100
2021-06-15 15:03:08,S,248.55,3,43
2021-06-15 15:03:08,S,248.5,5,139
2021-06-15 15:03:22,S,249.0,1,30
2021-06-15 15:03:22,S,249.25,2,30
2021-06-15 15:03:22,S,249.3,2,19
2021-06-15 15:03:22,S,249.4,1,4
2021-06-15 15:03:22,S,249.45,1,4
2021-06-15 15:03:22,S,248.75,2,20
2021-06-15 15:03:22,S,248.65,4,85
2021-06-15 15:03:22,S,248.6,3,100
2021-06-15 15:03:22,S,248.55,3,43
2021-06-15 15:03:22,S,248.5,5,139
2021-06-15 15:03:25,S,249.0,2,31
2021-06-15 15:03:25,S,249.25,2,30
2021-06-15 15:03:25,S,249.3,2,19
2021-06-15 15:03:25,S,249.4,1,4
2021-06-15 15:03:25,S,249.45,1,4
2021-06-15 15:03:25,S,248.75,2,20
2021-06-15 15:03:25,S,248.65,4,85
2021-06-15 15:03:25,S,248.6,3,100
2021-06-15 15:03:25,S,248.55,3,43
2021-06-15 15:03:25,S,248.5,5,139
2021-06-15 15:03:36,S,249.0,2,31
2021-06-15 15:03:36,S,249.25,2,30
2021-06-15 15:03:36,S,249.3,2,19
2021-06-15 15:03:36,S,249.4,1,4
2021-06-15 15:03:36,S,249.45,1,4
2021-06-15 15:03:36,S,248.75,2,20
2021-06-15 15:03:36,S,248.65,4,85
2021-06-15 15:03:36,S,248.6,3,100
2021-06-15 15:03:36,S,248.55,3,43
2021-06-15 15:03:36,S,248.5,5,139
2021-06-15 15:03:37,S,249.0,2,31
2021-06-15 15:03:37,S,249.25,2,30
2021-06-15 15:03:37,S,249.3,2,19
2021-06-15 15:03:37,S,249.4,1,4
2021-06-15 15:03:37,S,249.45,1,4
2021-06-15 15:03:37,S,248.75,2,20
2021-06-15 15:03:37,S,248.65,4,85
2021-06-15 15:03:37,S,248.6,3,100
2021-06-15 15:03:37,S,248.55,3,43
2021-06-15 15:03:37,S,248.5,5,139
2021-06-15 15:03:39,S,248.95,2,16
2021-06-15 15:03:39,S,249.0,2,121
2021-06-15 15:03:39,S,249.05,1,12
2021-06-15 15:03:39,S,249.3,3,31
2021-06-15 15:03:39,S,249.45,2,7
2021-06-15 15:03:39,S,248.7,1,4
2021-06-15 15:03:39,S,248.65,1,40
2021-06-15 15:03:39,S,248.6,2,89
2021-06-15 15:03:39,S,248.55,2,14
2021-06-15 15:03:39,S,248.5,5,139
