2021-06-16 10:32:16,B,1106.5,3,991
2021-06-16 10:32:16,B,1106.4,3,10
2021-06-16 10:32:16,B,1107.25,2,2
2021-06-16 10:32:22,B,1107.0,3,6
2021-06-16 10:32:25,S,1108.65,2,24
2021-06-16 10:32:57,S,1108.65,3,34
2021-06-16 10:32:57,B,1107.05,2,2
2021-06-16 10:32:57,B,1106.75,2,11
2021-06-16 10:32:57,B,1106.5,4,1021
2021-06-16 10:33:07,S,1108.65,3,33
2021-06-16 10:33:07,S,1108.95,2,11
2021-06-16 10:33:07,S,1109.0,1,15
2021-06-16 10:33:07,S,1109.2,1,13
2021-06-16 10:33:10,S,1109.55,1,4
2021-06-16 10:33:10,S,1109.65,1,3
2021-06-16 10:33:10,S,1110.1,1,3
2021-06-16 10:33:11,S,1109.35,1,2
2021-06-16 10:33:11,B,1107.0,4,56
2021-06-16 10:33:25,B,1108.0,2,10
2021-06-16 10:33:37,B,1107.6,2,10
2021-06-16 10:33:43,B,1107.75,2,7
2021-06-16 10:33:58,S,1109.1,1,2
2021-06-16 10:33:58,S,1109.5,2,10
2021-06-16 10:33:58,B,1107.8,3,16
2021-06-16 10:33:58,B,1107.05,3,13
2021-06-16 10:34:07,S,1109.15,1,4
2021-06-16 10:34:07,S,1109.6,1,1
2021-06-16 10:34:07,B,1108.2,1,25
2021-06-16 10:34:07,B,1107.15,2,4
2021-06-16 10:34:12,S,1109.55,2,4
2021-06-16 10:34:27,B,1108.3,2,10
2021-06-16 10:34:33,B,1108.2,2,26
2021-06-16 10:34:40,S,1109.55,3,33
2021-06-16 10:34:40,S,1109.8,2,8
2021-06-16 10:34:40,B,1108.25,2,7
2021-06-16 10:34:40,B,1108.0,2,19
2021-06-16 10:34:41,S,1110.05,2,15
2021-06-16 10:34:47,S,1109.85,2,7
2021-06-16 10:34:47,S,1110.0,1,5
2021-06-16 10:34:47,B,1108.3,1,1
2021-06-16 10:34:47,B,1108.25,1,6
2021-06-16 10:34:55,S,1109.55,2,31
2021-06-16 10:34:55,B,1109.45,1,1
2021-06-16 10:34:55,B,1108.45,1,1
2021-06-16 10:34:55,B,1108.4,2,10
2021-06-16 10:34:55,B,1108.35,1,1
2021-06-16 10:34:59,S,1109.85,1,3
2021-06-16 10:34:59,S,1109.95,3,21
2021-06-16 10:35:07,B,1108.4,1,6
2021-06-16 10:35:07,S,1109.95,4,23
2021-06-16 10:35:20,B,1108.1,2,10
2021-06-16 10:35:22,S,1109.5,2,8
2021-06-16 10:35:45,S,1109.55,1,29
2021-06-16 10:35:45,S,1109.9,2,12
2021-06-16 10:35:45,B,1108.2,3,12
2021-06-16 10:36:03,S,1109.95,3,20
2021-06-16 10:36:08,S,1109.5,3,36
2021-06-16 10:36:08,S,1109.95,2,18
2021-06-16 10:36:08,B,1108.0,4,50
2021-06-16 10:36:19,S,1109.0,1,8
2021-06-16 10:36:19,S,1109.95,2,19
2021-06-16 10:36:19,B,1108.5,2,2
2021-06-16 10:36:19,B,1108.25,2,3
2021-06-16 10:36:20,S,1110.65,2,4
2021-06-16 10:36:31,S,1109.5,2,30
2021-06-16 10:36:31,B,1108.5,2,3
2021-06-16 10:36:49,S,1109.5,2,29
2021-06-16 10:36:49,B,1108.5,3,7
2021-06-16 10:37:01,S,1110.2,2,12
2021-06-16 10:37:01,S,1110.5,1,2
2021-06-16 10:37:03,S,1109.95,1,11
2021-06-16 10:37:03,S,1110.25,2,18
2021-06-16 10:37:29,S,1110.05,2,13
2021-06-16 10:37:29,S,1110.2,3,15
2021-06-16 10:37:29,B,1107.65,1,8
2021-06-16 10:37:32,S,1109.5,1,14
2021-06-16 10:37:32,B,1108.2,2,3
2021-06-16 10:37:32,B,1108.0,3,41
2021-06-16 10:37:32,B,1107.75,1,3
2021-06-16 10:37:33,S,1110.85,2,12
2021-06-16 10:37:39,B,1108.9,1,2
2021-06-16 10:37:39,B,1108.55,1,10
2021-06-16 10:37:45,B,1108.85,2,12
2021-06-16 10:37:59,B,1108.6,2,10
2021-06-16 10:38:16,B,1108.2,3,6
2021-06-16 10:38:22,B,1108.3,3,11
2021-06-16 10:38:30,B,1108.9,2,10
2021-06-16 10:38:30,B,1108.75,2,11
2021-06-16 10:38:32,S,1110.6,1,2
2021-06-16 10:38:32,S,1110.65,2,12
2021-06-16 10:38:34,S,1110.8,2,12
2021-06-16 10:38:36,S,1110.8,3,21
2021-06-16 10:38:36,B,1109.0,2,110
2021-06-16 10:38:36,B,1108.55,1,8
2021-06-16 10:38:36,B,1108.3,2,2
2021-06-16 10:38:46,S,1110.65,1,3
2021-06-16 10:38:46,B,1109.0,3,111
2021-06-16 10:38:46,B,1108.75,3,14
2021-06-16 10:38:55,S,1110.7,1,1
2021-06-16 10:38:55,B,1109.5,2,3
2021-06-16 10:39:13,S,1110.85,1,1
2021-06-16 10:39:13,B,1110.0,1,2
2021-06-16 10:39:15,S,1111.7,3,15
2021-06-16 10:39:15,B,1109.15,1,11
2021-06-16 10:39:20,S,1110.95,3,14
2021-06-16 10:39:20,B,1109.8,2,10
2021-06-16 10:39:22,S,1110.85,2,2
2021-06-16 10:39:22,S,1111.25,1,3
2021-06-16 10:39:22,B,1109.5,2,10
2021-06-16 10:39:22,B,1109.3,1,1
2021-06-16 10:39:36,B,1109.3,2,3
2021-06-16 10:39:36,B,1109.25,2,4
2021-06-16 10:39:36,B,1109.2,3,13
2021-06-16 10:39:59,B,1109.2,2,4
2021-06-16 10:39:59,B,1109.1,2,7
2021-06-16 10:40:09,S,1110.65,1,8
2021-06-16 10:40:09,S,1110.85,2,31
2021-06-16 10:40:09,B,1109.05,2,7
2021-06-16 10:40:23,S,1110.8,5,21
2021-06-16 10:40:23,S,1110.85,1,30
2021-06-16 10:40:23,S,1110.9,2,14
2021-06-16 10:40:30,S,1110.5,1,9
2021-06-16 10:40:31,S,1110.75,2,7
2021-06-16 10:40:31,S,1110.8,2,7
2021-06-16 10:40:40,B,1109.35,2,5
2021-06-16 10:40:43,S,1110.55,3,14
2021-06-16 10:40:43,B,1109.1,1,6
2021-06-16 10:40:54,S,1110.5,2,5
2021-06-16 10:40:54,S,1110.55,4,22
2021-06-16 10:40:57,S,1110.55,2,7
2021-06-16 10:41:13,S,1110.55,3,15
2021-06-16 10:41:13,S,1110.6,2,30
2021-06-16 10:41:16,B,1109.15,1,2
2021-06-16 10:41:21,S,1110.55,1,6
2021-06-16 10:41:21,B,1109.05,2,11
2021-06-16 10:41:21,B,1108.65,1,3
2021-06-16 10:41:24,S,1110.25,1,11
2021-06-16 10:41:24,S,1110.55,2,15
2021-06-16 10:41:24,B,1108.2,1,2
2021-06-16 10:41:32,S,1110.6,1,29
2021-06-16 10:42:16,S,1110.75,2,9
2021-06-16 10:42:44,S,1109.95,2,2
2021-06-16 10:42:44,S,1110.0,2,25
2021-06-16 10:42:54,S,1110.7,2,3
2021-06-16 10:42:57,S,1110.7,1,2
2021-06-16 10:42:57,S,1110.75,3,10
2021-06-16 10:42:57,S,1110.85,2,17
2021-06-16 10:43:00,S,1110.7,2,8
2021-06-16 10:43:00,S,1110.75,3,18
2021-06-16 10:43:00,B,1108.85,1,8
2021-06-16 10:43:11,S,1110.0,1,19
2021-06-16 10:43:18,S,1110.0,1,16
2021-06-16 10:43:18,S,1110.7,3,9
2021-06-16 10:43:18,S,1110.75,4,19
2021-06-16 10:43:46,S,1110.95,2,3
2021-06-16 10:43:46,S,1111.3,1,9
2021-06-16 10:43:58,S,1110.9,1,3
2021-06-16 10:43:58,S,1111.7,2,15
2021-06-16 10:43:58,S,1111.75,2,20
2021-06-16 10:43:58,B,1110.65,1,10
2021-06-16 10:43:58,B,1109.7,2,12
2021-06-16 10:43:59,S,1111.75,1,11
2021-06-16 10:43:59,S,1112.05,1,9
2021-06-16 10:44:04,S,1111.7,1,3
2021-06-16 10:44:04,S,1112.05,2,12
2021-06-16 10:44:04,B,1110.7,1,10
2021-06-16 10:44:34,B,1109.45,1,10
2021-06-16 10:44:38,S,1111.7,2,9
2021-06-16 10:44:38,B,1109.7,2,4
2021-06-16 10:45:21,S,1110.75,1,2
2021-06-16 10:45:21,S,1110.95,1,4
2021-06-16 10:45:21,B,1109.7,1,3
2021-06-16 10:45:21,B,1109.15,1,8
2021-06-16 10:45:23,B,1109.25,1,3
2021-06-16 10:45:23,B,1109.0,1,3
2021-06-16 10:45:25,B,1109.05,2,4
2021-06-16 10:45:25,B,1108.7,1,3
2021-06-16 10:45:27,S,1110.0,3,36
2021-06-16 10:45:27,S,1110.5,1,4
2021-06-16 10:46:11,B,1108.6,1,3
2021-06-16 10:46:27,S,1110.05,1,13
2021-06-16 10:46:30,B,1108.95,1,2
2021-06-16 10:46:33,S,1110.45,2,10
2021-06-16 10:46:33,S,1110.55,3,13
2021-06-16 10:46:33,S,1110.8,1,2
2021-06-16 10:46:33,B,1108.85,1,3
2021-06-16 10:47:24,S,1110.0,1,8
2021-06-16 10:47:33,S,1110.0,1,7
2021-06-16 10:47:33,S,1110.55,2,4
2021-06-16 10:47:33,S,1110.75,2,10
2021-06-16 10:47:33,S,1110.85,2,11
2021-06-16 10:47:33,B,1108.85,1,9
2021-06-16 10:48:10,S,1111.2,1,3
2021-06-16 10:48:17,S,1111.25,2,5
2021-06-16 10:48:17,S,1111.45,2,10
2021-06-16 10:48:17,B,1110.0,1,63
2021-06-16 10:48:17,B,1109.2,1,3
2021-06-16 10:48:18,S,1110.85,2,13
2021-06-16 10:48:18,B,1108.55,1,2
2021-06-16 10:48:28,S,1110.05,2,11
2021-06-16 10:48:46,S,1110.4,2,3
2021-06-16 10:48:46,B,1109.0,2,60
2021-06-16 10:48:46,B,1108.25,2,17
2021-06-16 10:48:55,S,1110.65,1,2
2021-06-16 10:49:18,S,1110.55,2,3
2021-06-16 10:49:18,S,1110.6,1,6
2021-06-16 10:49:18,S,1110.7,1,3
2021-06-16 10:49:18,S,1110.8,1,6
2021-06-16 10:49:18,S,1110.9,1,10
2021-06-16 10:49:18,B,1109.0,3,61
2021-06-16 10:49:19,S,1111.45,1,5
2021-06-16 10:49:21,S,1111.65,2,4
2021-06-16 10:49:25,S,1111.45,2,17
2021-06-16 10:49:25,B,1109.85,1,2
2021-06-16 10:49:37,B,1109.45,2,3
2021-06-16 10:49:37,B,1109.35,2,4
2021-06-16 10:49:39,B,1109.4,2,3
2021-06-16 10:49:52,S,1110.95,1,9
2021-06-16 10:49:52,B,1109.45,3,12
2021-06-16 10:49:58,B,1109.25,2,3
2021-06-16 10:49:58,B,1109.2,2,3
2021-06-16 10:50:28,S,1111.15,1,11
2021-06-16 10:50:45,S,1110.95,2,37
2021-06-16 10:50:45,S,1111.05,1,3
2021-06-16 10:50:45,S,1111.25,1,4
2021-06-16 10:50:46,S,1110.85,2,3
2021-06-16 10:50:46,S,1110.9,2,42
2021-06-16 10:50:46,B,1109.35,1,2
2021-06-16 10:50:46,B,1109.3,1,7
2021-06-16 10:50:59,S,1110.8,2,3
2021-06-16 10:50:59,S,1110.85,2,7
2021-06-16 10:50:59,S,1110.95,2,29
2021-06-16 10:50:59,B,1109.3,2,7
2021-06-16 10:51:13,S,1111.45,1,11
2021-06-16 10:51:21,B,1109.45,2,10
2021-06-16 10:51:45,S,1111.0,2,41
2021-06-16 10:51:48,S,1111.15,2,4
2021-06-16 10:51:48,S,1111.45,2,12
2021-06-16 10:52:07,B,1110.0,1,50
2021-06-16 10:52:34,S,1110.95,1,28
2021-06-16 10:52:34,S,1111.15,1,3
2021-06-16 10:52:36,S,1111.65,1,3
2021-06-16 10:52:36,S,1111.75,2,21
2021-06-16 10:52:36,B,1109.45,2,13
2021-06-16 10:53:04,B,1109.45,3,14
2021-06-16 10:53:07,S,1110.9,2,22
2021-06-16 10:53:07,S,1110.95,2,24
2021-06-16 10:53:07,B,1109.45,3,22
2021-06-16 10:53:15,S,1110.95,1,23
2021-06-16 10:53:15,S,1111.2,2,12
2021-06-16 10:53:15,B,1110.05,1,2
2021-06-16 10:53:15,B,1110.0,2,51
2021-06-16 10:53:15,B,1109.45,4,23
2021-06-16 10:53:15,B,1109.35,1,12
2021-06-16 10:53:17,B,1109.4,1,2
2021-06-16 10:53:17,B,1109.3,1,3
2021-06-16 10:53:42,S,1110.4,2,10
2021-06-16 10:53:42,B,1109.15,2,3
2021-06-16 10:54:04,B,1109.25,2,5
2021-06-16 10:54:09,S,1110.0,1,9
2021-06-16 10:54:09,B,1109.1,2,4
2021-06-16 10:54:09,B,1109.05,2,3
2021-06-16 10:54:29,S,1110.0,2,29
2021-06-16 10:54:29,S,1110.25,2,11
2021-06-16 10:54:29,S,1110.55,2,9
2021-06-16 10:54:29,B,1109.25,1,2
2021-06-16 10:54:29,B,1109.15,1,1
2021-06-16 10:54:29,B,1109.1,1,2
2021-06-16 10:54:29,B,1109.05,3,5
2021-06-16 10:54:29,B,1109.0,3,108
2021-06-16 10:54:34,B,1109.05,2,5
2021-06-16 10:54:34,B,1109.0,2,13
2021-06-16 10:54:34,B,1108.25,2,20
2021-06-16 10:54:51,S,1109.6,1,2
2021-06-16 10:54:51,S,1109.95,1,10
2021-06-16 10:54:51,B,1109.0,2,5
2021-06-16 10:54:51,B,1108.35,1,3
2021-06-16 10:54:51,B,1108.25,1,11
2021-06-16 10:54:54,S,1109.7,2,10
2021-06-16 10:54:54,B,1108.25,2,6
2021-06-16 10:54:54,B,1108.2,2,27
2021-06-16 10:54:54,B,1108.05,1,6
2021-06-16 10:54:56,S,1110.0,2,21
2021-06-16 10:54:56,S,1110.05,2,12
2021-06-16 10:54:56,S,1110.25,1,3
2021-06-16 10:54:56,B,1108.75,1,10
2021-06-16 10:54:56,B,1108.3,1,3
2021-06-16 10:54:56,B,1108.25,2,10
2021-06-16 10:54:56,B,1108.2,3,28
2021-06-16 10:54:59,B,1108.75,2,13
2021-06-16 10:54:59,B,1108.35,1,7
2021-06-16 10:55:11,S,1110.25,2,4
2021-06-16 10:55:11,B,1109.7,1,5
2021-06-16 10:55:11,B,1109.0,1,95
2021-06-16 10:55:11,B,1108.85,1,7
2021-06-16 10:55:25,S,1110.7,2,4
2021-06-16 10:55:25,S,1110.85,2,9
2021-06-16 10:55:25,S,1110.9,1,13
2021-06-16 10:55:25,B,1109.7,2,100
2021-06-16 10:55:25,B,1108.95,2,3
2021-06-16 10:55:25,B,1108.9,1,1
2021-06-16 10:55:25,B,1108.85,2,8
2021-06-16 10:55:27,S,1109.0,1,148
2021-06-16 10:55:27,B,1107.05,2,10
2021-06-16 10:55:31,S,1108.95,2,8
2021-06-16 10:55:31,B,1108.0,3,50
2021-06-16 10:55:31,B,1107.0,7,59
2021-06-16 10:55:32,S,1108.6,2,3
2021-06-16 10:55:37,B,1106.3,3,17
2021-06-16 10:55:39,B,1106.75,2,13
2021-06-16 10:55:51,S,1108.05,1,1
2021-06-16 10:55:51,B,1106.55,2,7
2021-06-16 10:55:51,B,1106.5,5,994
2021-06-16 10:56:03,B,1106.55,2,15
2021-06-16 10:56:19,S,1108.3,2,3
2021-06-16 10:56:19,B,1107.0,6,58
2021-06-16 10:56:19,B,1106.55,1,6
2021-06-16 10:56:19,B,1106.5,4,993
2021-06-16 10:56:19,B,1106.4,3,11
2021-06-16 10:56:42,S,1107.25,1,8
2021-06-16 10:56:59,S,1107.25,2,9
2021-06-16 10:56:59,S,1107.55,1,10
2021-06-16 10:56:59,B,1106.5,3,916
2021-06-16 10:56:59,B,1106.4,2,9
2021-06-16 10:56:59,B,1106.3,2,8
2021-06-16 10:56:59,B,1106.0,7,95
2021-06-16 10:56:59,B,1105.75,2,11
2021-06-16 10:57:02,S,1107.25,5,18
2021-06-16 10:57:06,S,1106.0,1,4
2021-06-16 10:57:06,S,1106.4,2,3
2021-06-16 10:57:09,S,1106.95,3,12
2021-06-16 10:57:09,B,1105.2,1,6
2021-06-16 10:57:09,B,1105.05,2,6
2021-06-16 10:57:11,S,1105.6,1,4
2021-06-16 10:57:11,S,1106.4,3,5
2021-06-16 10:57:11,B,1104.2,1,12
2021-06-16 10:57:14,S,1105.2,1,4
2021-06-16 10:57:14,S,1105.4,1,4
2021-06-16 10:57:14,B,1105.0,12,100
2021-06-16 10:57:16,S,1104.85,1,2
2021-06-16 10:57:16,S,1105.15,1,4
2021-06-16 10:57:16,S,1105.2,2,6
2021-06-16 10:57:16,S,1105.3,1,4
2021-06-16 10:57:16,B,1104.0,1,100
2021-06-16 10:57:16,B,1103.35,2,12
2021-06-16 10:57:16,B,1102.95,1,6
2021-06-16 10:57:18,B,1102.95,2,15
2021-06-16 10:57:20,S,1105.15,1,11
2021-06-16 10:57:25,S,1104.25,1,3
2021-06-16 10:57:25,B,1104.0,1,98
2021-06-16 10:57:25,B,1103.25,2,6
2021-06-16 10:57:25,B,1102.95,3,16
2021-06-16 10:57:25,B,1102.65,1,5
2021-06-16 10:57:27,S,1104.05,1,3
2021-06-16 10:57:27,B,1102.7,2,3
2021-06-16 10:57:27,B,1102.55,1,3
2021-06-16 10:57:27,B,1102.5,2,11
2021-06-16 10:57:29,S,1104.05,2,4
2021-06-16 10:57:29,S,1104.1,1,3
2021-06-16 10:57:29,S,1104.15,1,3
2021-06-16 10:57:29,S,1104.8,1,2
2021-06-16 10:57:29,S,1104.85,1,10
2021-06-16 10:57:29,B,1103.35,2,3
2021-06-16 10:57:29,B,1103.1,2,3
2021-06-16 10:57:29,B,1103.0,1,9
2021-06-16 10:57:29,B,1102.8,2,3
2021-06-16 10:57:32,B,1104.25,1,2
2021-06-16 10:57:37,B,1105.2,1,2
2021-06-16 10:57:40,B,1104.95,1,2
2021-06-16 10:57:50,S,1107.3,2,18
2021-06-16 10:57:50,B,1105.6,1,2
2021-06-16 10:57:51,S,1107.25,3,13
2021-06-16 10:57:51,B,1105.7,1,2
2021-06-16 10:57:51,B,1105.4,1,2
2021-06-16 10:57:53,B,1104.95,2,3
2021-06-16 10:58:07,S,1107.1,1,3
2021-06-16 10:58:07,S,1107.15,1,5
2021-06-16 10:58:07,S,1107.25,2,12
2021-06-16 10:58:07,S,1107.3,1,17
2021-06-16 10:58:07,B,1105.95,1,2
2021-06-16 10:58:07,B,1105.85,1,2
2021-06-16 10:58:07,B,1105.4,2,3
2021-06-16 10:58:10,B,1105.85,2,12
2021-06-16 10:58:16,B,1107.05,1,25
2021-06-16 10:58:18,B,1106.7,2,10
2021-06-16 10:58:19,S,1109.2,3,27
2021-06-16 10:58:19,B,1106.3,2,3
2021-06-16 10:58:24,S,1109.2,2,15
2021-06-16 10:58:24,B,1107.3,2,13
2021-06-16 10:58:27,S,1110.0,1,20
2021-06-16 10:58:35,S,1109.45,1,9
2021-06-16 10:58:36,B,1107.45,2,4
2021-06-16 10:58:52,S,1109.45,1,8
2021-06-16 10:58:52,S,1109.5,2,9
2021-06-16 10:58:52,B,1107.45,1,3
2021-06-16 10:58:52,B,1107.3,1,12
2021-06-16 10:58:52,B,1107.2,2,5
2021-06-16 10:59:00,B,1107.2,2,3
2021-06-16 10:59:00,B,1106.75,3,16
2021-06-16 10:59:03,S,1109.5,1,7
2021-06-16 10:59:03,B,1107.25,2,4
2021-06-16 10:59:29,S,1109.45,3,15
2021-06-16 11:00:01,S,1109.45,2,12
2021-06-16 11:00:01,S,1109.9,2,8
2021-06-16 11:00:01,B,1107.7,1,2
2021-06-16 11:00:01,B,1107.0,3,7
2021-06-16 11:00:04,S,1109.1,2,4
2021-06-16 11:00:04,B,1106.85,3,4
2021-06-16 11:00:07,S,1109.15,3,13
2021-06-16 11:00:07,S,1109.2,3,16
2021-06-16 11:00:07,S,1109.45,2,4
2021-06-16 11:00:07,S,1109.65,3,13
2021-06-16 11:00:10,B,1106.45,2,3
2021-06-16 11:00:24,S,1108.7,1,3
2021-06-16 11:00:24,S,1109.15,4,16
2021-06-16 11:00:24,B,1106.75,1,2
2021-06-16 11:00:24,B,1105.95,1,6
2021-06-16 11:00:24,B,1105.9,2,13
2021-06-16 11:00:39,S,1109.45,4,16
2021-06-16 11:00:39,S,1109.5,2,31
2021-06-16 11:00:39,B,1106.55,1,3
2021-06-16 11:00:39,B,1106.15,1,2
2021-06-16 11:00:39,B,1106.85,2,5
2021-06-16 11:00:39,B,1106.4,2,6
2021-06-16 11:00:39,B,1106.3,1,3
2021-06-16 11:00:44,B,1107.5,1,2
2021-06-16 11:00:46,S,1109.45,3,11
2021-06-16 11:00:46,B,1106.8,2,9
2021-06-16 11:00:49,B,1106.85,1,3
2021-06-16 11:00:54,S,1109.4,1,6
2021-06-16 11:00:54,S,1109.5,1,30
2021-06-16 11:01:11,S,1109.4,2,35
2021-06-16 11:01:11,S,1109.9,1,5
2021-06-16 11:01:11,B,1108.15,1,2
2021-06-16 11:01:11,B,1107.3,1,3
2021-06-16 11:01:27,S,1109.25,1,2
2021-06-16 11:01:27,S,1109.4,1,29
2021-06-16 11:01:27,B,1107.95,1,2
2021-06-16 11:01:27,B,1107.45,1,1
2021-06-16 11:01:27,B,1107.0,1,15
2021-06-16 11:01:39,S,1107.2,1,2
2021-06-16 11:01:39,B,1105.85,1,9
2021-06-16 11:01:39,B,1105.05,2,22
2021-06-16 11:01:43,S,1107.8,2,3
2021-06-16 11:01:54,S,1108.25,2,12
2021-06-16 11:01:54,B,1105.9,1,3
2021-06-16 11:01:55,S,1108.95,2,2
2021-06-16 11:01:55,S,1109.15,4,12
2021-06-16 11:01:55,S,1109.2,2,13
2021-06-16 11:01:55,B,1107.0,1,8
2021-06-16 11:02:04,S,1109.25,2,4
2021-06-16 11:02:26,S,1108.75,1,3
2021-06-16 11:02:26,B,1107.8,2,5
2021-06-16 11:02:26,B,1107.6,1,9
2021-06-16 11:02:30,S,1109.15,2,4
2021-06-16 11:02:30,S,1109.2,3,22
2021-06-16 11:02:30,B,1107.0,2,11
2021-06-16 11:02:34,S,1108.85,1,23
2021-06-16 11:02:34,S,1109.15,1,3
2021-06-16 11:02:34,S,1109.2,2,21
2021-06-16 11:02:34,B,1107.8,1,3
2021-06-16 11:02:34,B,1107.3,1,1
2021-06-16 11:02:34,B,1106.75,1,13
2021-06-16 11:02:35,S,1107.75,1,37
2021-06-16 11:02:35,S,1108.45,2,10
2021-06-16 11:02:35,S,1108.7,2,4
2021-06-16 11:02:35,S,1108.8,3,10
2021-06-16 11:02:35,B,1107.0,3,14
2021-06-16 11:02:35,B,1106.45,1,3
2021-06-16 11:02:37,B,1104.65,2,5
2021-06-16 11:02:39,S,1107.45,1,8
2021-06-16 11:02:39,S,1107.7,1,6
2021-06-16 11:03:05,B,1105.3,2,10
2021-06-16 11:03:16,S,1107.6,2,5
2021-06-16 11:03:16,B,1105.85,1,1
2021-06-16 11:03:21,S,1107.45,2,14
2021-06-16 11:03:21,B,1105.1,2,8
2021-06-16 11:03:30,S,1107.45,3,43
2021-06-16 11:03:30,S,1107.5,3,89
2021-06-16 11:03:30,S,1107.65,1,6
2021-06-16 11:03:34,B,1104.75,1,1
2021-06-16 11:03:37,B,1104.75,2,10
2021-06-16 11:03:37,B,1104.25,1,3
2021-06-16 11:03:49,S,1106.6,2,10
2021-06-16 11:03:49,S,1106.95,1,3
2021-06-16 11:03:49,B,1104.4,1,3
2021-06-16 11:04:12,B,1105.95,1,9
2021-06-16 11:04:38,S,1107.2,1,5
2021-06-16 11:04:38,B,1105.0,1,3
2021-06-16 11:04:43,S,1107.2,1,4
2021-06-16 11:04:43,S,1107.4,2,12
2021-06-16 11:04:45,S,1108.35,3,15
2021-06-16 11:04:45,S,1108.45,2,9
2021-06-16 11:04:45,B,1105.6,1,10
2021-06-16 11:04:57,S,1108.3,2,6
2021-06-16 11:05:12,S,1108.3,1,5
2021-06-16 11:05:13,S,1107.5,2,70
2021-06-16 11:05:13,S,1108.0,1,5
2021-06-16 11:05:13,B,1106.05,1,3
2021-06-16 11:05:13,B,1105.6,1,8
2021-06-16 11:05:13,B,1105.55,1,3
2021-06-16 11:05:35,S,1106.55,3,20
2021-06-16 11:05:35,B,1105.65,1,7
2021-06-16 11:05:35,B,1104.65,1,3
2021-06-16 11:05:41,S,1106.55,2,10
2021-06-16 11:05:41,S,1107.25,1,13
2021-06-16 11:05:41,B,1105.1,1,3
2021-06-16 11:05:42,B,1104.4,1,6
2021-06-16 11:05:42,B,1104.35,2,7
2021-06-16 11:05:42,B,1104.25,2,8
2021-06-16 11:05:44,B,1104.35,1,6
2021-06-16 11:05:44,B,1104.3,1,6
2021-06-16 11:05:47,S,1106.85,1,3
2021-06-16 11:05:47,S,1106.9,1,13
2021-06-16 11:05:47,B,1105.55,1,6
2021-06-16 11:06:17,B,1106.35,1,6
2021-06-16 11:06:17,B,1106.3,1,9
2021-06-16 11:06:30,S,1107.4,2,22
2021-06-16 11:06:30,S,1107.75,1,13
2021-06-16 11:06:30,S,1107.8,1,3
2021-06-16 11:06:48,S,1107.3,1,3
2021-06-16 11:06:48,S,1107.45,2,15
2021-06-16 11:06:48,B,1105.8,1,1
2021-06-16 11:06:52,S,1107.3,2,10
2021-06-16 11:06:52,S,1107.35,2,9
2021-06-16 11:06:52,S,1107.45,2,19
2021-06-16 11:06:54,B,1105.9,1,1
2021-06-16 11:06:57,B,1105.85,1,8
2021-06-16 11:07:00,S,1107.4,1,21
2021-06-16 11:07:00,S,1107.45,1,13
2021-06-16 11:07:00,B,1107.3,1,23
2021-06-16 11:07:00,B,1105.6,1,6
2021-06-16 11:07:01,B,1105.0,1,300
2021-06-16 11:07:22,B,1105.0,2,310
2021-06-16 11:07:45,S,1106.9,1,3
2021-06-16 11:07:45,B,1105.15,2,10
2021-06-16 11:07:45,B,1105.05,2,12
2021-06-16 11:07:45,B,1105.0,3,315
2021-06-16 11:07:45,B,1104.7,1,3
2021-06-16 11:07:49,B,1105.35,2,7
2021-06-16 11:07:49,B,1105.3,1,31
2021-06-16 11:08:02,S,1107.25,1,6
2021-06-16 11:08:02,S,1107.3,2,9
2021-06-16 11:08:02,B,1105.85,2,10
2021-06-16 11:08:02,B,1105.55,1,8
2021-06-16 11:08:02,B,1105.45,1,6
2021-06-16 11:08:25,B,1105.95,2,10
2021-06-16 11:08:25,B,1105.4,1,5
2021-06-16 11:08:25,B,1105.35,3,13
2021-06-16 11:09:12,S,1107.3,1,6
2021-06-16 11:09:12,B,1106.0,2,11
2021-06-16 11:09:14,S,1108.0,1,4
2021-06-16 11:09:22,S,1107.25,1,25
2021-06-16 11:09:22,S,1107.5,3,76
2021-06-16 11:09:25,S,1108.0,2,6
2021-06-16 11:09:25,S,1108.05,1,5
2021-06-16 11:09:25,B,1106.0,3,17
2021-06-16 11:09:37,S,1108.1,2,16
2021-06-16 11:09:37,B,1107.0,1,10
2021-06-16 11:09:48,S,1107.5,2,64
2021-06-16 11:09:48,B,1106.3,4,14
2021-06-16 11:10:01,S,1107.5,3,84
2021-06-16 11:10:01,S,1108.1,2,14
2021-06-16 11:10:01,S,1108.15,2,14
2021-06-16 11:10:01,B,1105.95,2,29
2021-06-16 11:10:01,B,1105.55,2,9
2021-06-16 11:10:06,S,1107.5,2,69
2021-06-16 11:10:06,B,1107.05,2,7
2021-06-16 11:10:07,S,1108.6,1,3
2021-06-16 11:10:22,S,1108.6,2,4
2021-06-16 11:10:22,S,1108.65,1,9
2021-06-16 11:10:22,B,1107.05,1,6
2021-06-16 11:10:22,B,1107.0,1,600
2021-06-16 11:10:27,B,1106.15,2,10
2021-06-16 11:10:28,S,1107.5,2,80
2021-06-16 11:10:28,B,1106.3,2,10
2021-06-16 11:10:28,B,1105.85,2,14
2021-06-16 11:10:50,S,1108.05,3,13
2021-06-16 11:10:50,S,1108.3,1,13
2021-06-16 11:10:52,S,1107.8,2,26
2021-06-16 11:10:52,B,1105.45,2,7
2021-06-16 11:10:54,S,1107.5,5,124
2021-06-16 11:10:54,B,1105.95,1,20
2021-06-16 11:11:48,S,1107.4,1,9
2021-06-16 11:11:58,B,1106.3,1,50
2021-06-16 11:11:58,B,1106.0,2,7
2021-06-16 11:12:07,S,1107.5,4,123
2021-06-16 11:12:23,S,1107.5,3,110
2021-06-16 11:12:23,S,1108.05,1,3
2021-06-16 11:12:23,B,1106.2,2,10
2021-06-16 11:12:57,S,1107.5,4,122
2021-06-16 11:12:57,B,1106.25,1,5
2021-06-16 11:12:57,B,1105.95,2,21
2021-06-16 11:12:58,S,1107.5,4,113
2021-06-16 11:13:02,S,1107.5,3,101
2021-06-16 11:13:02,S,1107.8,1,13
2021-06-16 11:13:02,S,1108.15,2,13
2021-06-16 11:13:02,B,1106.3,2,75
2021-06-16 11:13:13,S,1107.5,3,77
2021-06-16 11:13:15,S,1108.55,1,15
2021-06-16 11:13:22,B,1106.35,4,17
2021-06-16 11:13:40,S,1107.5,3,75
2021-06-16 11:13:40,S,1108.25,1,3
2021-06-16 11:13:40,B,1106.35,3,16
2021-06-16 11:13:40,B,1106.3,2,51
2021-06-16 11:13:40,B,1106.0,2,2
2021-06-16 11:13:42,S,1108.15,2,21
2021-06-16 11:13:42,S,1108.4,1,13
2021-06-16 11:13:42,B,1106.0,3,8
2021-06-16 11:13:49,S,1108.3,1,3
2021-06-16 11:13:49,B,1106.35,3,11
2021-06-16 11:13:49,B,1106.25,2,6
2021-06-16 11:13:49,B,1106.0,4,58
2021-06-16 11:14:39,B,1106.45,2,2
2021-06-16 11:14:58,S,1107.5,3,105
2021-06-16 11:14:58,S,1108.05,1,10
2021-06-16 11:14:58,S,1108.1,1,13
2021-06-16 11:14:58,B,1106.4,2,4
2021-06-16 11:14:58,B,1106.35,2,10
2021-06-16 11:15:00,S,1109.05,2,15
2021-06-16 11:15:00,B,1107.3,2,6
2021-06-16 11:15:24,S,1109.3,1,3
2021-06-16 11:15:24,S,1109.4,1,3
2021-06-16 11:15:24,B,1107.3,3,11
2021-06-16 11:15:26,S,1109.5,1,13
2021-06-16 11:15:26,S,1109.65,1,11
2021-06-16 11:15:26,B,1107.7,1,29
2021-06-16 11:15:26,B,1107.2,1,3
2021-06-16 11:15:28,B,1107.3,2,10
2021-06-16 11:15:28,B,1107.25,2,12
2021-06-16 11:15:30,S,1109.05,2,19
2021-06-16 11:15:30,S,1109.45,1,6
2021-06-16 11:15:33,B,1107.25,1,7
2021-06-16 11:15:34,B,1107.3,1,5
2021-06-16 11:15:58,S,1109.25,1,3
2021-06-16 11:16:18,S,1108.55,1,12
2021-06-16 11:16:22,S,1109.0,2,12
2021-06-16 11:16:22,S,1109.35,2,14
2021-06-16 11:16:27,S,1109.3,1,13
2021-06-16 11:16:28,S,1108.8,1,9
2021-06-16 11:17:00,S,1108.95,1,13
2021-06-16 11:17:35,S,1108.55,1,9
2021-06-16 11:17:35,B,1107.0,1,5
2021-06-16 11:17:41,S,1108.8,2,31
2021-06-16 11:17:41,S,1108.85,1,13
2021-06-16 11:17:41,S,1108.95,1,9
2021-06-16 11:17:41,B,1107.75,1,25
2021-06-16 11:17:43,B,1107.65,1,11
2021-06-16 11:17:45,S,1109.9,2,13
2021-06-16 11:17:45,B,1107.75,2,26
2021-06-16 11:18:16,S,1109.9,1,4
2021-06-16 11:18:16,B,1108.5,1,25
2021-06-16 11:18:24,S,1109.65,1,2
2021-06-16 11:18:24,B,1108.55,1,6
2021-06-16 11:18:24,B,1108.5,2,26
2021-06-16 11:18:26,S,1109.75,1,6
2021-06-16 11:18:26,S,1110.0,3,13
2021-06-16 11:18:26,B,1108.8,1,1
2021-06-16 11:18:26,B,1108.2,2,10
2021-06-16 11:18:26,B,1107.7,1,4
2021-06-16 11:18:33,B,1108.8,3,16
2021-06-16 11:18:33,B,1108.25,2,12
2021-06-16 11:18:34,B,1108.05,1,3
2021-06-16 11:18:36,B,1108.8,1,6
2021-06-16 11:18:36,B,1108.75,1,25
2021-06-16 11:18:36,B,1107.95,1,10
2021-06-16 11:18:46,S,1110.0,2,2
2021-06-16 11:18:46,B,1108.0,1,4
2021-06-16 11:18:59,B,1108.05,2,4
2021-06-16 11:19:03,S,1110.35,1,1
2021-06-16 11:19:03,B,1108.55,2,10
2021-06-16 11:19:03,B,1108.1,1,4
2021-06-16 11:19:16,B,1108.55,1,1
2021-06-16 11:19:21,S,1110.8,1,5
2021-06-16 11:19:23,S,1110.8,2,14
2021-06-16 11:19:23,B,1109.2,1,9
2021-06-16 11:19:30,B,1108.9,1,9
2021-06-16 11:19:34,B,1108.85,1,6
2021-06-16 11:19:36,B,1108.8,3,25
2021-06-16 11:19:46,S,1110.45,2,7
2021-06-16 11:19:46,B,1109.5,1,25
2021-06-16 11:19:46,B,1108.5,2,4
2021-06-16 11:20:08,S,1109.45,2,10
2021-06-16 11:20:09,S,1109.45,1,7
2021-06-16 11:20:09,B,1108.1,1,3
2021-06-16 11:20:17,S,1109.5,1,55
2021-06-16 11:20:17,S,1109.7,1,3
2021-06-16 11:20:17,S,1109.8,1,9
2021-06-16 11:20:17,B,1107.8,2,10
2021-06-16 11:20:29,S,1110.0,2,30
2021-06-16 11:20:29,S,1110.7,1,9
2021-06-16 11:20:29,B,1109.65,1,24
2021-06-16 11:20:48,B,1109.05,3,11
2021-06-16 11:21:07,B,1108.55,2,4
2021-06-16 11:21:13,S,1110.0,1,6
2021-06-16 11:21:13,S,1110.45,1,7
2021-06-16 11:21:13,B,1109.05,2,2
2021-06-16 11:21:13,B,1108.85,2,7
2021-06-16 11:21:13,B,1108.8,4,26
2021-06-16 11:21:13,B,1108.55,3,13
2021-06-16 11:21:15,S,1109.95,1,1
2021-06-16 11:21:15,B,1108.45,1,9
2021-06-16 11:21:17,B,1108.8,3,17
2021-06-16 11:21:17,B,1108.25,1,9
2021-06-16 11:21:37,S,1110.0,2,15
2021-06-16 11:21:45,S,1109.0,1,7
2021-06-16 11:21:45,B,1108.8,2,16
2021-06-16 11:21:45,B,1108.1,2,4
2021-06-16 11:21:45,B,1107.9,1,9
2021-06-16 11:21:45,B,1107.65,3,18
2021-06-16 11:21:47,B,1107.55,1,4
2021-06-16 11:22:00,S,1109.75,1,3
2021-06-16 11:22:00,B,1107.6,2,13
2021-06-16 11:22:34,S,1108.95,2,31
2021-06-16 11:22:34,S,1109.45,1,3
2021-06-16 11:22:34,B,1107.75,1,13
2021-06-16 11:22:34,B,1107.6,1,3
2021-06-16 11:22:34,B,1107.55,2,13
2021-06-16 11:22:45,B,1107.05,2,12
2021-06-16 11:22:45,B,1107.0,2,9
2021-06-16 11:22:47,S,1108.95,1,30
2021-06-16 11:22:47,S,1109.0,2,13
2021-06-16 11:22:47,S,1109.05,1,8
2021-06-16 11:22:47,B,1107.5,1,10
2021-06-16 11:22:47,B,1107.15,1,3
2021-06-16 11:22:47,B,1107.05,3,18
2021-06-16 11:22:47,B,1107.0,3,18
2021-06-16 11:22:49,S,1108.45,1,1
2021-06-16 11:22:49,B,1107.1,1,6
2021-06-16 11:22:49,B,1106.95,1,4
2021-06-16 11:22:49,B,1106.9,1,13
2021-06-16 11:22:49,B,1106.5,1,4
2021-06-16 11:22:51,B,1106.3,3,11
2021-06-16 11:22:51,B,1105.9,2,21
2021-06-16 11:23:01,B,1106.35,2,16
2021-06-16 11:23:07,S,1108.85,1,4
2021-06-16 11:23:07,B,1106.4,2,22
2021-06-16 11:23:07,B,1106.1,1,3
2021-06-16 11:23:10,B,1106.45,2,14
2021-06-16 11:23:18,S,1108.15,1,1
2021-06-16 11:23:20,B,1106.55,2,14
2021-06-16 11:23:20,B,1106.35,1,3
2021-06-16 11:23:26,B,1106.4,2,7
2021-06-16 11:23:26,B,1106.35,1,13
2021-06-16 11:23:26,B,1106.15,1,11
2021-06-16 11:23:32,B,1106.5,2,14
2021-06-16 11:23:32,B,1106.2,1,3
2021-06-16 11:23:43,S,1107.95,2,10
2021-06-16 11:23:43,S,1108.0,1,10
2021-06-16 11:23:43,S,1108.4,1,1
2021-06-16 11:23:43,S,1108.45,2,13
2021-06-16 11:23:43,S,1108.75,1,8
2021-06-16 11:23:43,B,1106.45,1,13
2021-06-16 11:23:43,B,1106.4,1,6
2021-06-16 11:23:43,B,1106.3,2,2
2021-06-16 11:23:43,B,1106.2,2,12
2021-06-16 11:24:00,B,1106.0,3,52
2021-06-16 11:24:06,S,1107.0,1,1
2021-06-16 11:24:24,S,1107.25,1,1
2021-06-16 11:24:24,S,1107.3,2,32
2021-06-16 11:24:24,S,1107.85,1,10
2021-06-16 11:24:40,B,1106.05,2,7
2021-06-16 11:24:40,B,1105.75,1,9
2021-06-16 11:24:40,B,1105.6,1,3
2021-06-16 11:25:01,S,1107.65,1,3
2021-06-16 11:25:01,S,1108.0,1,3
2021-06-16 11:25:01,B,1106.25,2,3
2021-06-16 11:25:01,B,1106.15,1,6
2021-06-16 11:25:01,B,1106.05,2,9
2021-06-16 11:25:52,S,1107.3,1,23
2021-06-16 11:25:52,S,1107.95,1,1
2021-06-16 11:25:52,S,1108.4,2,7
2021-06-16 11:25:52,B,1107.0,1,1
2021-06-16 11:25:52,B,1106.5,2,3
2021-06-16 11:25:52,B,1106.25,1,2
2021-06-16 11:26:19,S,1110.2,1,3
2021-06-16 11:26:19,S,1110.3,1,9
2021-06-16 11:26:19,S,1110.35,1,3
2021-06-16 11:26:19,B,1107.25,2,18
2021-06-16 11:26:21,B,1107.2,1,2
2021-06-16 11:27:08,S,1109.55,1,3
2021-06-16 11:27:08,B,1107.3,2,12
2021-06-16 11:28:28,S,1109.55,2,27
2021-06-16 11:28:28,S,1110.0,1,3
2021-06-16 11:28:28,B,1107.25,1,15
2021-06-16 11:28:45,S,1109.55,1,24
2021-06-16 11:28:45,S,1109.6,1,5
2021-06-16 11:28:45,S,1109.9,1,1
2021-06-16 11:28:46,S,1109.9,2,10
2021-06-16 11:29:48,S,1109.9,3,12
2021-06-16 11:29:48,S,1110.45,2,4
2021-06-16 11:29:48,B,1107.4,3,17
2021-06-16 11:30:26,B,1107.35,2,17
2021-06-16 11:30:27,S,1109.9,2,3
2021-06-16 11:30:27,B,1107.8,1,4
2021-06-16 11:31:30,S,1109.55,2,18
2021-06-16 11:31:30,B,1107.8,1,5
2021-06-16 11:31:31,S,1109.35,1,6
2021-06-16 11:31:31,S,1109.55,1,14
2021-06-16 11:31:57,S,1109.6,1,100
2021-06-16 11:31:57,B,1107.6,1,8
2021-06-16 11:31:59,S,1109.0,1,9
2021-06-16 11:32:03,B,1107.6,4,77
2021-06-16 11:32:19,B,1107.6,3,68
2021-06-16 11:32:19,B,1107.4,1,5
2021-06-16 11:32:19,B,1107.35,1,6
2021-06-16 11:32:19,B,1107.3,1,6
2021-06-16 11:32:22,S,1109.2,2,7
2021-06-16 11:32:22,S,1109.25,1,6
2021-06-16 11:32:22,S,1109.3,2,32
2021-06-16 11:32:22,B,1107.6,2,18
2021-06-16 11:32:24,S,1109.25,2,7
2021-06-16 11:32:24,S,1109.3,1,30
2021-06-16 11:32:24,S,1109.5,1,5
2021-06-16 11:32:27,B,1107.8,1,50
2021-06-16 11:32:30,S,1110.85,2,14
2021-06-16 11:32:30,B,1109.1,1,100
2021-06-16 11:32:42,S,1109.6,1,50
2021-06-16 11:32:43,S,1109.6,1,40
2021-06-16 11:32:43,S,1110.45,1,1
2021-06-16 11:32:43,S,1110.5,1,3
2021-06-16 11:32:43,B,1109.1,1,98
2021-06-16 11:32:46,S,1110.8,1,8
2021-06-16 11:32:46,S,1111.75,3,24
2021-06-16 11:32:46,S,1111.8,1,2
2021-06-16 11:32:46,B,1108.55,1,11
2021-06-16 11:32:46,B,1109.05,1,2
2021-06-16 11:33:23,S,1111.0,2,42
2021-06-16 11:33:23,S,1111.45,1,1
2021-06-16 11:33:36,S,1111.75,4,33
2021-06-16 11:33:48,B,1110.0,1,58
2021-06-16 11:33:49,B,1109.75,1,1
2021-06-16 11:33:51,S,1111.0,1,40
2021-06-16 11:33:57,S,1111.2,1,1
2021-06-16 11:33:57,S,1111.25,1,7
2021-06-16 11:33:57,S,1111.35,1,9
2021-06-16 11:33:57,B,1110.0,1,57
2021-06-16 11:34:01,S,1111.0,1,15
2021-06-16 11:34:01,B,1109.75,1,11
2021-06-16 11:34:03,B,1110.0,2,82
2021-06-16 11:34:12,B,1109.3,1,10
2021-06-16 11:34:46,S,1111.0,2,37
2021-06-16 11:34:46,B,1109.8,1,1
2021-06-16 11:34:57,S,1111.0,2,27
2021-06-16 11:34:57,S,1111.35,1,1
2021-06-16 11:34:57,S,1111.4,2,9
2021-06-16 11:34:57,S,1111.45,1,9
2021-06-16 11:34:57,B,1110.0,3,102
2021-06-16 11:34:58,B,1109.0,2,12
2021-06-16 11:34:58,B,1108.65,1,2
2021-06-16 11:35:00,B,1109.05,1,7
2021-06-16 11:35:02,S,1110.1,1,1
2021-06-16 11:35:12,S,1109.95,2,10
2021-06-16 11:35:12,S,1110.0,1,60
2021-06-16 11:35:12,B,1109.0,1,10
2021-06-16 11:35:12,B,1108.7,1,6
2021-06-16 11:35:18,S,1109.5,1,1
2021-06-16 11:35:18,B,1107.8,2,34
2021-06-16 11:35:18,B,1107.6,3,43
2021-06-16 11:35:19,S,1108.5,1,9
2021-06-16 11:35:19,B,1105.25,2,13
2021-06-16 11:35:21,S,1109.0,1,152
2021-06-16 11:35:22,B,1106.05,2,12
2021-06-16 11:35:26,B,1105.9,2,22
2021-06-16 11:35:34,S,1108.3,1,8
2021-06-16 11:35:34,S,1108.35,2,12
2021-06-16 11:35:37,S,1108.25,1,9
2021-06-16 11:35:37,S,1108.35,1,2
2021-06-16 11:35:37,S,1108.75,2,12
2021-06-16 11:35:37,B,1107.0,2,301
2021-06-16 11:35:37,B,1106.05,3,14
2021-06-16 11:35:37,B,1106.0,2,51
2021-06-16 11:35:46,S,1106.35,1,4
2021-06-16 11:35:46,B,1104.7,2,2
2021-06-16 11:35:46,B,1104.2,2,21
2021-06-16 11:35:52,B,1104.7,3,11
2021-06-16 11:35:52,B,1104.45,1,2
2021-06-16 11:35:57,S,1106.4,1,8
2021-06-16 11:35:57,S,1106.95,2,17
2021-06-16 11:35:57,B,1104.9,2,4
2021-06-16 11:35:57,B,1104.75,1,2
2021-06-16 11:36:09,S,1106.9,1,2
2021-06-16 11:36:09,S,1107.0,1,137
2021-06-16 11:36:09,B,1105.0,7,152
2021-06-16 11:36:12,S,1106.95,1,1
2021-06-16 11:36:12,S,1107.0,1,106
2021-06-16 11:36:12,S,1107.4,1,16
2021-06-16 11:36:12,B,1105.3,1,6
2021-06-16 11:36:12,S,1107.4,1,11
2021-06-16 11:36:12,B,1103.45,1,10
2021-06-16 11:36:18,S,1105.0,1,20
2021-06-16 11:36:18,B,1103.9,2,10
2021-06-16 11:36:28,B,1104.0,2,70
2021-06-16 11:36:46,S,1105.0,2,70
2021-06-16 11:36:46,B,1104.05,2,21
2021-06-16 11:36:49,S,1105.0,2,69
2021-06-16 11:36:49,S,1105.45,2,3
2021-06-16 11:36:49,B,1104.05,1,13
2021-06-16 11:36:51,S,1105.0,1,73
2021-06-16 11:36:51,S,1106.05,2,12
2021-06-16 11:36:54,S,1104.95,1,6
2021-06-16 11:36:55,B,1103.85,1,1
2021-06-16 11:36:57,S,1105.6,2,12
2021-06-16 11:36:57,S,1105.65,1,16
2021-06-16 11:36:57,B,1103.8,1,9
2021-06-16 11:37:06,S,1105.0,2,128
2021-06-16 11:37:08,S,1105.0,2,127
2021-06-16 11:37:22,S,1105.0,2,125
2021-06-16 11:37:28,S,1105.0,2,124
2021-06-16 11:37:28,S,1105.35,2,12
2021-06-16 11:37:28,S,1105.4,1,16
2021-06-16 11:37:28,B,1104.0,3,71
2021-06-16 11:37:28,B,1103.95,1,1
2021-06-16 11:37:28,B,1103.6,2,11
2021-06-16 11:37:44,B,1104.25,1,13
2021-06-16 11:37:46,B,1104.65,2,22
2021-06-16 11:37:55,S,1106.2,1,9
2021-06-16 11:37:55,B,1104.75,2,22
2021-06-16 11:37:55,B,1104.05,2,12
2021-06-16 11:38:03,S,1105.0,1,48
2021-06-16 11:38:04,B,1104.05,2,11
2021-06-16 11:38:32,S,1105.0,1,46
2021-06-16 11:38:32,S,1105.65,2,10
2021-06-16 11:38:33,S,1106.2,1,2
2021-06-16 11:38:34,B,1103.65,1,3
2021-06-16 11:38:55,S,1105.0,1,104
2021-06-16 11:39:04,S,1105.0,2,131
2021-06-16 11:39:04,B,1103.75,2,18
2021-06-16 11:39:05,S,1105.65,1,1
2021-06-16 11:39:15,S,1105.0,1,78
2021-06-16 11:39:15,S,1105.3,1,2
2021-06-16 11:39:15,B,1103.75,2,19
2021-06-16 11:39:22,S,1105.0,1,68
2021-06-16 11:39:29,S,1105.0,1,58
2021-06-16 11:39:29,B,1104.05,1,10
2021-06-16 11:39:44,B,1103.6,3,14
2021-06-16 11:39:52,S,1105.0,2,108
2021-06-16 11:39:52,S,1105.35,1,1
2021-06-16 11:40:21,S,1105.25,1,3
2021-06-16 11:40:23,S,1105.0,2,88
2021-06-16 11:40:34,S,1105.0,3,114
2021-06-16 11:40:34,S,1105.25,2,12
2021-06-16 11:40:34,S,1105.5,1,3
2021-06-16 11:40:34,B,1103.55,2,6
2021-06-16 11:41:18,S,1105.0,1,51
2021-06-16 11:41:18,B,1104.1,2,31
2021-06-16 11:41:18,B,1103.6,2,5
2021-06-16 11:41:19,S,1106.3,2,3
2021-06-16 11:41:19,B,1104.15,2,12
2021-06-16 11:41:21,S,1106.0,1,6
2021-06-16 11:41:33,S,1106.0,2,9
2021-06-16 11:41:33,B,1104.1,1,22
2021-06-16 11:41:33,B,1104.0,5,271
2021-06-16 11:41:52,S,1106.0,1,3
2021-06-16 11:41:52,S,1106.25,1,3
2021-06-16 11:41:55,B,1105.05,1,13
2021-06-16 11:42:23,S,1106.6,2,14
2021-06-16 11:42:23,B,1104.75,2,12
2021-06-16 11:42:23,B,1104.45,1,3
2021-06-16 11:42:23,B,1104.15,3,15
2021-06-16 11:42:25,S,1106.65,2,20
2021-06-16 11:42:33,S,1106.25,2,22
2021-06-16 11:42:33,B,1104.35,1,3
2021-06-16 11:42:55,S,1106.0,1,9
2021-06-16 11:42:55,S,1106.15,1,3
2021-06-16 11:42:55,S,1106.25,1,21
2021-06-16 11:42:55,B,1104.5,1,4
2021-06-16 11:42:57,S,1106.6,1,5
2021-06-16 11:42:57,S,1106.75,1,3
2021-06-16 11:42:57,S,1107.05,1,3
2021-06-16 11:42:57,B,1105.05,3,22
2021-06-16 11:43:00,S,1107.45,2,3
2021-06-16 11:43:02,B,1104.5,2,7
2021-06-16 11:43:04,B,1105.05,3,21
2021-06-16 11:43:06,S,1107.45,2,7
2021-06-16 11:43:06,B,1105.05,2,15
2021-06-16 11:43:06,B,1105.0,1,20
2021-06-16 11:43:07,S,1107.2,1,6
2021-06-16 11:43:07,S,1107.45,2,10
2021-06-16 11:44:48,S,1107.35,1,1
2021-06-16 11:45:15,S,1107.35,2,23
2021-06-16 11:45:15,B,1106.0,1,1
2021-06-16 11:45:15,B,1105.7,2,12
2021-06-16 11:45:18,S,1108.1,1,5
2021-06-16 11:45:37,S,1107.55,1,3
2021-06-16 11:45:48,B,1105.7,1,3
2021-06-16 11:46:16,S,1107.85,2,17
2021-06-16 11:46:16,S,1107.95,1,3
2021-06-16 11:46:16,B,1106.1,2,10
2021-06-16 11:46:19,S,1108.3,2,10
2021-06-16 11:46:19,S,1108.35,2,13
2021-06-16 11:46:19,B,1106.1,3,16
2021-06-16 11:46:19,B,1106.05,1,30
2021-06-16 11:46:22,S,1108.9,1,5
2021-06-16 11:46:22,S,1109.2,2,22
2021-06-16 11:46:22,B,1106.1,1,6
2021-06-16 11:46:37,B,1106.7,1,3
2021-06-16 11:46:48,S,1108.9,2,14
2021-06-16 11:46:48,B,1107.0,1,9
2021-06-16 11:46:54,S,1108.95,1,1
2021-06-16 11:46:54,S,1109.0,1,3
2021-06-16 11:46:54,S,1109.05,1,4
2021-06-16 11:46:54,S,1109.1,1,3
2021-06-16 11:46:54,S,1109.2,3,31
2021-06-16 11:47:06,S,1109.45,1,4
2021-06-16 11:47:06,B,1107.55,2,10
2021-06-16 11:47:06,B,1107.5,1,4
2021-06-16 11:47:06,B,1107.35,1,25
2021-06-16 11:47:06,B,1105.3,1,3
2021-06-16 11:47:31,B,1106.1,1,9
2021-06-16 11:47:31,B,1106.0,2,16
2021-06-16 11:47:31,B,1105.9,1,10
2021-06-16 11:47:33,B,1105.65,1,3
2021-06-16 11:47:33,B,1105.15,1,3
2021-06-16 11:48:10,S,1108.2,1,9
2021-06-16 11:48:10,B,1106.0,2,13
2021-06-16 11:49:56,S,1108.15,2,9
2021-06-16 11:49:56,S,1108.2,1,26
2021-06-16 11:49:56,S,1108.3,1,7
2021-06-16 11:50:28,S,1107.75,2,32
2021-06-16 11:50:28,S,1108.3,2,13
2021-06-16 11:50:29,S,1107.75,1,23
2021-06-16 11:51:04,S,1108.35,2,14
2021-06-16 11:51:04,S,1108.7,1,5
2021-06-16 11:51:04,B,1106.1,1,27
2021-06-16 11:51:09,S,1108.15,1,3
2021-06-16 11:51:09,S,1108.5,1,3
2021-06-16 11:51:09,B,1106.45,1,1
2021-06-16 11:51:09,B,1106.4,1,27
2021-06-16 11:51:09,B,1106.0,1,10
2021-06-16 11:51:48,S,1108.35,1,1
2021-06-16 11:51:48,S,1108.75,1,11
2021-06-16 11:51:48,S,1108.9,1,3
2021-06-16 11:51:49,S,1108.8,1,2
2021-06-16 11:51:49,S,1109.2,1,11
2021-06-16 11:51:49,B,1106.5,1,6
2021-06-16 11:51:49,B,1106.15,1,8
2021-06-16 11:52:01,B,1106.8,1,6
2021-06-16 11:52:13,S,1109.0,1,4
2021-06-16 11:52:13,S,1109.45,2,3
2021-06-16 11:52:13,S,1109.5,1,4
2021-06-16 11:52:15,S,1109.0,1,1
2021-06-16 11:52:15,S,1109.4,1,4
2021-06-16 11:52:15,B,1107.1,1,28
2021-06-16 11:52:15,B,1106.8,2,12
2021-06-16 11:52:20,S,1107.25,1,90
2021-06-16 11:52:20,S,1107.65,1,1
2021-06-16 11:52:20,B,1106.05,1,5
2021-06-16 11:52:21,B,1105.7,1,9
2021-06-16 11:52:21,B,1105.05,2,18
2021-06-16 11:52:27,S,1107.15,2,10
2021-06-16 11:52:27,S,1107.85,2,11
2021-06-16 11:52:30,S,1107.8,1,1
2021-06-16 11:52:30,B,1106.0,1,6
2021-06-16 11:53:38,S,1107.85,3,34
2021-06-16 11:53:39,S,1107.85,2,23
2021-06-16 11:53:40,B,1106.0,2,10
2021-06-16 11:53:51,B,1105.9,1,2
2021-06-16 11:54:51,S,1107.75,1,9
2021-06-16 11:54:51,S,1107.85,3,32
2021-06-16 11:55:04,S,1107.75,2,30
2021-06-16 11:55:04,S,1107.85,2,10
2021-06-16 11:55:50,S,1107.75,1,21
2021-06-16 11:55:50,S,1107.85,1,1
2021-06-16 11:55:50,S,1108.1,1,2
2021-06-16 11:55:50,S,1108.2,1,2
2021-06-16 11:55:50,B,1106.0,3,11
2021-06-16 11:55:50,B,1105.9,2,14
2021-06-16 11:55:50,B,1105.45,1,2
2021-06-16 11:55:52,S,1109.75,2,6
2021-06-16 11:55:52,S,1109.95,2,12
2021-06-16 11:55:52,S,1110.0,2,12
2021-06-16 11:55:54,B,1107.4,1,6
2021-06-16 11:55:54,B,1107.35,2,13
2021-06-16 11:56:13,S,1109.8,1,2
2021-06-16 11:56:13,B,1107.8,2,8
2021-06-16 11:56:13,B,1107.75,1,79
2021-06-16 11:56:15,B,1107.95,2,14
2021-06-16 11:56:21,S,1110.25,1,1
2021-06-16 11:56:21,B,1108.7,1,9
2021-06-16 11:56:59,S,1110.05,1,1
2021-06-16 11:56:59,S,1110.1,1,7
2021-06-16 11:56:59,B,1108.6,1,9
2021-06-16 11:57:05,S,1110.1,1,9
2021-06-16 11:57:16,S,1110.05,1,26
2021-06-16 11:57:16,S,1110.3,1,2
2021-06-16 11:57:17,S,1110.85,1,3
2021-06-16 11:57:27,B,1108.0,3,14
2021-06-16 11:57:37,B,1108.0,2,8
2021-06-16 11:58:04,S,1110.0,1,2
2021-06-16 11:58:04,B,1108.6,2,27
2021-06-16 11:58:11,S,1110.05,2,14
2021-06-16 11:58:11,S,1110.1,2,15
2021-06-16 11:58:11,B,1108.6,2,30
2021-06-16 11:58:22,S,1110.0,2,11
2021-06-16 11:58:24,S,1110.0,2,10
2021-06-16 11:58:37,S,1110.0,3,33
2021-06-16 11:58:37,S,1110.5,1,6
2021-06-16 11:58:37,B,1108.5,1,2
2021-06-16 11:58:37,B,1108.2,3,17
2021-06-16 11:58:54,S,1110.65,1,5
2021-06-16 11:59:22,S,1110.0,1,18
2021-06-16 11:59:22,S,1110.1,1,6
2021-06-16 11:59:22,B,1108.7,1,2
2021-06-16 11:59:22,B,1108.2,2,8
2021-06-16 11:59:57,B,1107.85,1,6
2021-06-16 12:00:22,S,1109.9,1,9
2021-06-16 12:00:22,S,1109.95,2,14
2021-06-16 12:00:31,B,1108.45,1,2
2021-06-16 12:00:31,B,1108.4,1,9
2021-06-16 12:00:38,S,1109.95,1,7
2021-06-16 12:00:51,S,1110.15,1,2
2021-06-16 12:00:51,S,1110.5,1,8
2021-06-16 12:01:24,S,1110.0,2,68
2021-06-16 12:01:24,S,1110.15,2,11
2021-06-16 12:01:25,S,1110.15,1,9
2021-06-16 12:02:19,B,1108.5,1,9
2021-06-16 12:03:49,S,1109.95,1,9
2021-06-16 12:03:49,S,1110.2,1,2
2021-06-16 12:03:49,B,1108.25,2,11
2021-06-16 12:05:00,S,1109.95,1,4
2021-06-16 12:05:00,S,1110.1,1,8
2021-06-16 12:05:00,B,1108.4,1,2
2021-06-16 12:05:00,B,1108.35,1,9
2021-06-16 12:05:01,S,1110.05,1,7
2021-06-16 12:05:01,B,1108.3,1,2
2021-06-16 12:05:01,B,1108.2,2,15
2021-06-16 12:05:03,S,1109.95,2,15
2021-06-16 12:05:03,S,1110.0,2,67
2021-06-16 12:05:03,S,1110.2,1,9
2021-06-16 12:05:03,S,1110.25,1,8
2021-06-16 12:05:03,B,1108.15,1,9
2021-06-16 12:05:03,B,1107.95,2,15
2021-06-16 12:05:15,S,1109.95,2,31
2021-06-16 12:05:15,S,1110.0,2,52
2021-06-16 12:05:15,S,1110.4,1,9
2021-06-16 12:05:15,S,1110.45,1,2
2021-06-16 12:05:15,B,1108.35,1,2
2021-06-16 12:05:15,B,1108.3,1,9
2021-06-16 12:05:15,B,1108.2,1,6
2021-06-16 12:05:15,B,1108.0,1,2
2021-06-16 12:05:15,B,1107.95,1,6
2021-06-16 12:05:17,S,1109.05,2,11
2021-06-16 12:05:19,S,1109.05,2,9
2021-06-16 12:05:28,S,1109.6,1,7
2021-06-16 12:05:28,B,1107.45,1,9
2021-06-16 12:05:28,B,1107.05,3,14
2021-06-16 12:05:39,B,1107.9,1,2
2021-06-16 12:05:39,B,1107.85,1,9
2021-06-16 12:05:42,S,1109.6,1,9
2021-06-16 12:05:47,S,1109.55,2,10
2021-06-16 12:06:04,B,1107.8,1,2
2021-06-16 12:06:04,B,1107.75,1,71
2021-06-16 12:06:04,B,1107.6,2,21
2021-06-16 12:06:08,S,1109.2,1,9
2021-06-16 12:06:08,B,1107.1,2,7
2021-06-16 12:06:08,B,1107.0,2,27
2021-06-16 12:06:11,S,1109.7,1,7
2021-06-16 12:06:11,B,1107.75,1,58
2021-06-16 12:06:11,B,1107.35,1,10
2021-06-16 12:06:11,B,1107.25,1,2
2021-06-16 12:06:27,S,1109.65,1,10
2021-06-16 12:06:36,S,1109.45,1,2
2021-06-16 12:06:36,S,1109.55,1,1
2021-06-16 12:06:39,S,1108.9,1,2
2021-06-16 12:07:11,S,1109.0,2,4
2021-06-16 12:07:11,S,1109.5,2,7
2021-06-16 12:07:11,B,1107.25,1,9
2021-06-16 12:07:11,B,1107.05,2,15
2021-06-16 12:07:19,B,1106.95,1,2
2021-06-16 12:07:28,S,1108.9,1,18
2021-06-16 12:07:28,S,1109.2,2,36
2021-06-16 12:07:28,S,1109.3,1,5
2021-06-16 12:07:28,B,1107.75,1,38
2021-06-16 12:07:29,S,1108.25,1,2
2021-06-16 12:07:29,S,1108.3,1,18
2021-06-16 12:07:29,S,1108.35,1,12
2021-06-16 12:07:29,B,1106.05,1,6
2021-06-16 12:07:31,B,1106.35,1,2
2021-06-16 12:07:48,S,1108.7,1,2
2021-06-16 12:07:48,B,1106.8,2,7
2021-06-16 12:08:07,S,1108.7,2,23
2021-06-16 12:08:07,S,1108.75,1,10
2021-06-16 12:08:20,S,1108.1,1,9
2021-06-16 12:08:20,S,1108.4,1,2
2021-06-16 12:08:20,S,1108.45,1,11
2021-06-16 12:08:20,B,1106.9,1,2
2021-06-16 12:08:26,B,1106.8,3,9
2021-06-16 12:09:01,S,1108.7,1,21
2021-06-16 12:09:15,S,1108.75,1,9
2021-06-16 12:09:15,B,1106.8,2,3
2021-06-16 12:09:15,B,1106.75,1,12
2021-06-16 12:09:57,S,1108.5,2,28
2021-06-16 12:09:57,S,1109.15,1,5
2021-06-16 12:09:57,B,1107.05,1,9
2021-06-16 12:09:57,B,1106.75,2,23
2021-06-16 12:10:05,B,1107.6,1,2
2021-06-16 12:10:05,B,1107.0,1,25
2021-06-16 12:10:21,S,1108.95,1,3
2021-06-16 12:10:21,S,1109.15,1,18
2021-06-16 12:10:21,B,1107.35,1,2
2021-06-16 12:10:21,B,1107.3,1,2
2021-06-16 12:10:22,S,1110.7,1,12
2021-06-16 12:10:22,S,1111.65,1,1
2021-06-16 12:10:24,B,1109.5,1,2
2021-06-16 12:10:24,B,1109.45,1,9
2021-06-16 12:10:27,S,1111.1,1,1
2021-06-16 12:10:27,S,1111.35,1,3
2021-06-16 12:10:27,B,1109.05,2,12
2021-06-16 12:10:34,B,1109.95,1,2
2021-06-16 12:10:35,S,1110.9,2,18
2021-06-16 12:10:45,S,1110.9,2,19
2021-06-16 12:11:28,S,1110.9,1,8
2021-06-16 12:11:28,B,1109.8,1,2
2021-06-16 12:11:39,S,1111.0,2,14
2021-06-16 12:11:57,S,1110.9,3,48
2021-06-16 12:11:58,S,1111.4,1,4
2021-06-16 12:12:33,S,1110.9,3,47
2021-06-16 12:12:33,S,1110.9,3,46
2021-06-16 12:12:33,S,1111.1,1,9
2021-06-16 12:12:41,B,1109.6,3,4
2021-06-16 12:12:57,S,1110.9,2,34
2021-06-16 12:12:57,B,1109.85,1,9
2021-06-16 12:12:57,B,1109.8,4,7
2021-06-16 12:13:15,B,1109.8,2,2
2021-06-16 12:13:15,B,1109.6,2,5
2021-06-16 12:13:54,B,1110.05,3,8
2021-06-16 12:13:54,B,1109.65,1,2
2021-06-16 12:13:54,B,1109.55,1,9
2021-06-16 12:13:55,S,1110.9,2,32
2021-06-16 12:14:12,S,1110.9,3,43
2021-06-16 12:14:12,B,1110.0,1,15
2021-06-16 12:14:51,S,1110.9,1,28
2021-06-16 12:14:51,B,1109.85,2,5
2021-06-16 12:15:25,S,1110.9,1,27
2021-06-16 12:15:25,S,1111.7,1,1
2021-06-16 12:15:25,B,1109.9,1,2
2021-06-16 12:15:25,B,1109.85,1,3
2021-06-16 12:15:25,B,1109.45,1,11
2021-06-16 12:16:06,B,1109.3,1,12
2021-06-16 12:16:19,B,1109.6,1,2
2021-06-16 12:16:19,B,1109.55,1,3
2021-06-16 12:16:19,B,1109.5,1,9
2021-06-16 12:16:24,S,1111.0,2,6
2021-06-16 12:16:27,S,1111.15,1,8
2021-06-16 12:16:27,B,1109.45,1,2
2021-06-16 12:16:34,S,1110.85,1,2
2021-06-16 12:16:34,S,1110.9,2,39
2021-06-16 12:16:34,B,1110.1,1,2
2021-06-16 12:17:24,S,1110.85,2,32
2021-06-16 12:17:24,S,1111.0,1,5
2021-06-16 12:17:24,B,1110.05,1,40
2021-06-16 12:17:24,B,1109.75,1,2
2021-06-16 12:17:24,B,1109.4,1,3
2021-06-16 12:17:24,B,1109.35,1,9
2021-06-16 12:17:24,S,1109.9,1,60
2021-06-16 12:17:24,S,1110.55,1,2
2021-06-16 12:17:24,S,1110.85,2,39
2021-06-16 12:17:24,B,1109.2,1,2
2021-06-16 12:17:24,B,1109.15,1,3
2021-06-16 12:17:24,B,1109.1,1,1
2021-06-16 12:17:24,B,1109.05,1,6
2021-06-16 12:17:24,B,1109.0,1,349
2021-06-16 12:17:30,S,1109.9,1,2
2021-06-16 12:17:30,S,1109.95,1,8
2021-06-16 12:17:30,S,1110.0,2,4
2021-06-16 12:17:30,S,1110.05,2,16
2021-06-16 12:17:30,S,1110.25,1,10
2021-06-16 12:17:31,S,1109.9,1,8
2021-06-16 12:17:31,B,1106.55,1,2
2021-06-16 12:17:31,B,1106.3,1,2
2021-06-16 12:17:32,B,1107.4,1,9
2021-06-16 12:17:48,S,1109.0,2,3
2021-06-16 12:17:48,B,1106.75,3,35
2021-06-16 12:17:56,S,1109.2,1,2
2021-06-16 12:17:56,S,1109.25,1,9
2021-06-16 12:17:56,S,1109.7,2,7
2021-06-16 12:17:56,B,1107.85,1,2
2021-06-16 12:17:57,B,1108.05,1,2
2021-06-16 12:18:12,S,1109.4,1,2
2021-06-16 12:18:12,S,1109.45,1,1
2021-06-16 12:18:12,B,1108.25,1,2
2021-06-16 12:18:12,B,1108.2,1,9
2021-06-16 12:18:12,B,1107.6,1,12
2021-06-16 12:18:12,B,1107.5,2,51
2021-06-16 12:18:13,B,1108.25,1,1
2021-06-16 12:18:27,S,1110.0,1,1
2021-06-16 12:18:27,S,1110.25,1,2
2021-06-16 12:18:27,S,1110.35,1,9
2021-06-16 12:18:27,B,1108.8,1,2
2021-06-16 12:18:27,B,1108.75,1,9
2021-06-16 12:18:27,B,1107.95,2,11
2021-06-16 12:18:27,B,1107.85,1,3
2021-06-16 12:18:37,B,1109.0,1,2
2021-06-16 12:18:55,S,1110.8,3,18
2021-06-16 12:18:55,B,1109.0,2,22
2021-06-16 12:18:55,B,1108.25,2,9
2021-06-16 12:18:55,B,1109.0,1,12
2021-06-16 12:19:30,S,1110.3,1,1
2021-06-16 12:19:30,S,1110.55,2,12
2021-06-16 12:19:30,B,1108.95,1,9
2021-06-16 12:20:10,B,1109.0,2,17
2021-06-16 12:20:13,B,1109.0,3,22
2021-06-16 12:20:16,S,1110.2,2,10
2021-06-16 12:20:16,S,1110.25,2,12
2021-06-16 12:20:16,S,1110.35,1,2
2021-06-16 12:20:18,B,1109.0,4,26
2021-06-16 12:20:42,S,1110.2,1,1
2021-06-16 12:20:42,S,1110.3,1,21
2021-06-16 12:22:03,S,1110.2,2,29
2021-06-16 12:22:03,S,1110.25,1,6
2021-06-16 12:22:03,B,1109.0,4,28
2021-06-16 12:23:28,S,1110.15,1,1
2021-06-16 12:23:46,S,1110.15,2,7
2021-06-16 12:23:46,S,1110.2,1,28
2021-06-16 12:24:58,S,1110.15,3,30
2021-06-16 12:24:58,S,1110.4,1,6
2021-06-16 12:24:58,S,1110.5,1,5
2021-06-16 12:26:42,S,1110.15,1,23
2021-06-16 12:26:42,B,1109.0,5,48
2021-06-16 12:26:42,S,1110.15,1,19
2021-06-16 12:26:42,S,1110.4,1,1
2021-06-16 12:26:42,S,1110.45,1,3
2021-06-16 12:26:42,S,1110.6,1,9
2021-06-16 12:27:12,S,1110.95,1,6
2021-06-16 12:27:12,B,1109.0,4,44
2021-06-16 12:27:21,S,1111.0,2,59
2021-06-16 12:27:22,B,1108.85,1,11
2021-06-16 12:28:31,S,1110.8,1,9
2021-06-16 12:28:31,S,1110.85,1,10
2021-06-16 12:28:31,S,1110.95,2,12
2021-06-16 12:28:31,S,1111.05,1,2
2021-06-16 12:28:31,B,1109.0,5,45
2021-06-16 12:28:35,S,1110.9,1,2
2021-06-16 12:28:35,S,1110.95,2,11
2021-06-16 12:28:35,S,1111.75,3,34
2021-06-16 12:28:36,B,1108.75,1,1
2021-06-16 12:29:03,S,1110.85,1,9
2021-06-16 12:29:03,S,1110.9,2,8
2021-06-16 12:29:03,S,1110.95,3,13
2021-06-16 12:29:03,B,1108.8,1,8
2021-06-16 12:29:51,S,1110.85,2,15
2021-06-16 12:29:51,S,1110.95,2,8
2021-06-16 12:29:51,S,1111.35,1,2
2021-06-16 12:29:51,B,1108.6,1,8
2021-06-16 12:30:18,B,1108.6,1,1
2021-06-16 12:30:33,S,1110.95,1,2
2021-06-16 12:30:33,B,1109.0,4,25
2021-06-16 12:32:03,S,1110.9,3,36
2021-06-16 12:32:40,S,1110.5,3,13
2021-06-16 12:32:40,S,1110.55,2,13
2021-06-16 12:32:41,S,1110.55,1,10
2021-06-16 12:32:42,B,1109.05,2,10
2021-06-16 12:32:42,B,1108.25,1,8
2021-06-16 12:32:54,S,1110.05,1,10
2021-06-16 12:32:54,B,1108.85,1,1
2021-06-16 12:33:15,S,1110.05,1,11
2021-06-16 12:33:15,S,1110.55,1,11
2021-06-16 12:33:15,B,1108.7,1,1
2021-06-16 12:33:15,B,1108.45,1,11
2021-06-16 12:33:16,S,1110.55,1,3
2021-06-16 12:34:48,S,1110.55,1,1
2021-06-16 12:35:09,S,1110.5,1,1
2021-06-16 12:35:22,S,1110.45,1,9
2021-06-16 12:35:22,S,1110.55,1,9
2021-06-16 12:35:46,S,1110.55,1,8
2021-06-16 12:35:46,B,1108.65,1,9
2021-06-16 12:35:46,B,1108.45,2,12
2021-06-16 12:35:46,S,1110.65,1,1
2021-06-16 12:35:46,S,1110.9,2,30
2021-06-16 12:35:46,B,1109.3,1,9
2021-06-16 12:35:46,B,1109.15,2,10
2021-06-16 12:35:54,S,1110.55,2,2
2021-06-16 12:35:54,S,1110.75,3,13
2021-06-16 12:35:54,S,1110.85,1,11
2021-06-16 12:35:54,B,1109.1,1,9
2021-06-16 12:36:07,S,1110.75,2,12
2021-06-16 12:36:33,S,1110.6,2,2
2021-06-16 12:36:33,S,1110.75,3,21
2021-06-16 12:36:33,B,1109.2,2,10
2021-06-16 12:36:33,B,1109.15,1,9
2021-06-16 12:36:57,S,1110.55,3,21
2021-06-16 12:36:57,S,1110.6,3,26
2021-06-16 12:36:57,S,1110.7,1,6
2021-06-16 12:36:57,S,1110.8,1,250
2021-06-16 12:36:57,S,1110.85,1,8
2021-06-16 12:36:57,B,1109.05,1,1
2021-06-16 12:36:57,B,1109.0,3,18
2021-06-16 12:36:57,B,1108.85,1,10
2021-06-16 12:36:57,B,1108.8,1,9
2021-06-16 12:36:57,B,1108.55,1,9
2021-06-16 12:37:19,B,1107.1,1,9
2021-06-16 12:37:19,S,1109.3,1,29
2021-06-16 12:37:19,S,1109.7,2,12
2021-06-16 12:37:30,S,1109.05,1,9
2021-06-16 12:37:30,S,1109.3,1,1
2021-06-16 12:37:30,S,1109.35,1,10
2021-06-16 12:37:30,S,1109.65,1,8
2021-06-16 12:37:30,B,1107.8,1,1
2021-06-16 12:37:30,B,1107.4,2,16
2021-06-16 12:37:31,B,1108.0,1,9
2021-06-16 12:38:03,S,1109.75,1,1
2021-06-16 12:38:03,S,1109.85,1,6
2021-06-16 12:38:10,B,1107.4,1,7
2021-06-16 12:38:15,S,1109.35,1,9
2021-06-16 12:38:15,S,1109.65,2,30
2021-06-16 12:38:17,B,1107.9,2,10
2021-06-16 12:38:19,S,1109.65,2,26
2021-06-16 12:38:19,S,1109.7,1,6
2021-06-16 12:38:19,S,1110.05,1,12
2021-06-16 12:38:25,S,1109.3,1,4
2021-06-16 12:38:25,B,1107.95,1,1
2021-06-16 12:38:43,S,1109.45,2,8
2021-06-16 12:38:43,S,1109.6,2,12
2021-06-16 12:38:43,S,1109.65,2,31
2021-06-16 12:38:43,S,1109.7,3,16
2021-06-16 12:38:43,B,1107.95,2,10
2021-06-16 12:38:43,B,1107.9,1,1
2021-06-16 12:38:43,B,1107.6,1,10
2021-06-16 12:39:10,S,1108.85,1,9
2021-06-16 12:39:10,S,1109.2,1,6
2021-06-16 12:39:10,B,1107.5,1,50
2021-06-16 12:39:56,S,1108.8,1,6
2021-06-16 12:39:56,B,1107.15,1,1
2021-06-16 12:39:56,B,1107.05,1,10
2021-06-16 12:39:59,S,1108.35,1,6
2021-06-16 12:39:59,S,1108.4,1,18
2021-06-16 12:39:59,S,1108.45,2,15
2021-06-16 12:39:59,S,1108.55,1,3
2021-06-16 12:39:59,B,1107.05,1,1
2021-06-16 12:40:02,S,1108.1,1,18
2021-06-16 12:40:02,S,1108.15,2,15
2021-06-16 12:40:02,B,1106.55,1,1
2021-06-16 12:40:28,S,1108.25,1,18
2021-06-16 12:40:28,S,1108.3,2,12
2021-06-16 12:40:28,S,1108.4,1,3
2021-06-16 12:40:28,B,1107.0,2,6
2021-06-16 12:40:36,S,1107.15,1,9
2021-06-16 12:40:36,B,1106.0,3,61
2021-06-16 12:40:36,B,1105.65,2,2
2021-06-16 12:40:47,S,1107.0,1,48
2021-06-16 12:40:47,B,1106.15,1,4
2021-06-16 12:40:47,B,1106.05,1,11
2021-06-16 12:40:47,B,1106.0,4,62
2021-06-16 12:40:49,B,1105.25,1,11
2021-06-16 12:41:13,B,1105.7,1,4
2021-06-16 12:41:13,B,1105.3,1,9
2021-06-16 12:41:27,S,1107.55,2,10
2021-06-16 12:41:33,B,1106.15,1,9
2021-06-16 12:41:36,B,1106.0,1,500
2021-06-16 12:41:45,S,1107.25,1,27
2021-06-16 12:41:45,B,1106.05,1,10
2021-06-16 12:41:45,B,1105.95,2,16
2021-06-16 12:41:47,B,1105.95,2,17
2021-06-16 12:42:06,S,1107.8,1,18
2021-06-16 12:42:06,S,1108.0,1,9
2021-06-16 12:42:06,B,1106.4,1,9
2021-06-16 12:42:06,B,1106.0,1,50
2021-06-16 12:43:25,B,1106.5,1,2
2021-06-16 12:43:25,B,1106.45,1,9
2021-06-16 12:43:35,S,1108.05,1,9
2021-06-16 12:43:35,B,1106.15,2,18
2021-06-16 12:43:41,S,1107.85,1,23
2021-06-16 12:43:41,B,1106.05,2,10
2021-06-16 12:43:43,B,1105.95,2,18
2021-06-16 12:43:49,B,1106.2,1,2
2021-06-16 12:43:54,S,1107.8,2,12
2021-06-16 12:44:21,B,1105.9,1,13
2021-06-16 12:44:33,S,1107.95,1,9
2021-06-16 12:45:31,S,1107.85,2,34
2021-06-16 12:45:42,S,1107.55,1,2
2021-06-16 12:45:42,S,1107.6,2,32
2021-06-16 12:45:49,S,1107.75,2,11
2021-06-16 12:45:49,B,1105.95,3,27
2021-06-16 12:46:34,B,1106.25,1,1
2021-06-16 12:47:20,B,1106.7,1,9
2021-06-16 12:47:52,S,1107.6,1,23
2021-06-16 12:47:52,S,1107.8,1,2
2021-06-16 12:47:52,S,1107.85,1,9
2021-06-16 12:47:52,S,1108.0,2,11
2021-06-16 12:47:52,B,1106.4,2,18
2021-06-16 12:47:52,B,1106.15,2,13
2021-06-16 12:48:05,S,1108.1,2,15
2021-06-16 12:48:08,S,1107.85,1,2
2021-06-16 12:48:08,S,1107.9,1,1
2021-06-16 12:48:08,B,1106.8,1,9
2021-06-16 12:48:08,B,1106.35,1,1
2021-06-16 12:48:08,B,1106.2,2,51
2021-06-16 12:48:41,S,1107.6,1,13
2021-06-16 12:48:41,B,1106.5,1,1
2021-06-16 12:48:46,S,1107.6,1,3
2021-06-16 12:48:46,S,1108.3,1,2
2021-06-16 12:48:46,S,1108.35,1,11
2021-06-16 12:48:46,S,1108.4,1,9
2021-06-16 12:48:46,S,1108.45,1,9
2021-06-16 12:48:46,B,1106.75,1,9
2021-06-16 12:48:46,B,1106.45,1,11
2021-06-16 12:48:47,S,1108.95,3,21
2021-06-16 12:48:47,B,1107.6,1,97
2021-06-16 12:48:47,B,1107.55,1,1
2021-06-16 12:48:47,B,1106.8,1,10
2021-06-16 12:49:14,B,1107.65,1,1
2021-06-16 12:49:15,S,1108.9,2,8
2021-06-16 12:49:15,S,1108.95,2,12
2021-06-16 12:49:15,S,1109.15,2,15
2021-06-16 12:49:15,S,1109.2,1,12
2021-06-16 12:49:15,B,1107.65,2,10
2021-06-16 12:49:15,B,1107.6,2,107
2021-06-16 12:49:15,B,1107.5,1,5
2021-06-16 12:49:15,B,1107.05,1,8
2021-06-16 12:49:30,S,1108.6,1,2
2021-06-16 12:49:30,S,1108.65,2,7
2021-06-16 12:49:30,S,1108.7,2,11
2021-06-16 12:49:30,S,1108.75,2,9
2021-06-16 12:49:30,S,1108.9,1,6
2021-06-16 12:49:30,B,1106.15,2,16
2021-06-16 12:50:13,S,1107.75,1,4
2021-06-16 12:50:13,B,1106.3,1,5
2021-06-16 12:50:13,B,1106.2,1,50
2021-06-16 12:50:14,S,1108.35,1,13
2021-06-16 12:50:14,B,1106.2,2,59
2021-06-16 12:50:24,S,1108.1,2,8
2021-06-16 12:50:24,S,1108.55,1,6
2021-06-16 12:50:42,B,1106.2,3,66
2021-06-16 12:51:10,S,1107.65,2,10
2021-06-16 12:51:15,S,1107.65,2,9
2021-06-16 12:51:15,S,1107.75,1,2
2021-06-16 12:51:31,S,1107.75,2,3
2021-06-16 12:51:31,S,1108.2,1,1
2021-06-16 12:51:31,S,1108.45,1,10
2021-06-16 12:51:32,S,1107.65,1,2
2021-06-16 12:51:32,S,1107.7,1,9
2021-06-16 12:51:32,B,1106.2,2,57
2021-06-16 12:51:45,B,1106.05,2,34
2021-06-16 12:51:49,S,1107.55,1,9
2021-06-16 12:51:49,S,1107.8,1,26
2021-06-16 12:51:51,B,1106.2,3,56
2021-06-16 12:52:07,S,1107.0,1,10
2021-06-16 12:52:08,S,1107.8,2,35
2021-06-16 12:52:12,S,1107.8,1,9
2021-06-16 12:52:17,S,1107.2,2,38
2021-06-16 12:52:17,S,1107.7,1,2
2021-06-16 12:53:10,S,1107.25,2,10
2021-06-16 12:53:10,S,1107.35,1,9
2021-06-16 12:53:30,S,1107.55,2,17
2021-06-16 12:53:30,S,1107.75,1,1
2021-06-16 12:53:52,B,1106.1,2,11
2021-06-16 12:53:54,B,1105.95,2,24
2021-06-16 12:58:54,S,1107.5,1,12
2021-06-16 12:59:57,S,1107.65,1,9
2021-06-16 12:59:57,B,1106.2,2,47
2021-06-16 13:00:12,S,1107.2,1,29
2021-06-16 13:00:12,S,1107.25,1,2
2021-06-16 13:00:12,S,1107.3,1,1
2021-06-16 13:00:12,S,1107.55,1,8
2021-06-16 13:00:12,B,1106.2,2,46
2021-06-16 13:00:12,B,1106.15,1,10
2021-06-16 13:00:12,B,1106.05,1,25
2021-06-16 13:00:12,B,1105.95,1,15
2021-06-16 13:00:12,B,1104.3,1,10
2021-06-16 13:00:21,S,1105.8,2,11
2021-06-16 13:00:21,S,1105.85,1,7
2021-06-16 13:00:21,S,1106.15,2,12
2021-06-16 13:00:21,S,1106.2,1,354
2021-06-16 13:00:21,B,1104.45,1,5
2021-06-16 13:00:21,B,1104.3,2,11
2021-06-16 13:00:22,S,1106.2,1,293
2021-06-16 13:00:27,S,1106.15,1,2
2021-06-16 13:00:27,S,1106.2,2,294
2021-06-16 13:00:42,S,1106.3,1,6
2021-06-16 13:00:42,B,1104.2,2,20
2021-06-16 13:00:43,S,1105.7,3,128
2021-06-16 13:00:58,S,1105.7,3,178
2021-06-16 13:00:59,S,1105.95,2,7
2021-06-16 13:01:01,S,1105.5,1,9
2021-06-16 13:01:01,B,1104.0,7,110
2021-06-16 13:01:03,B,1104.05,1,6
2021-06-16 13:01:04,S,1106.0,1,293
2021-06-16 13:01:04,B,1104.05,2,15
2021-06-16 13:01:50,S,1105.7,3,228
2021-06-16 13:01:50,S,1106.0,2,302
2021-06-16 13:01:50,B,1105.0,1,12
2021-06-16 13:01:50,B,1104.5,1,20
2021-06-16 13:01:52,S,1105.2,2,7
2021-06-16 13:01:52,B,1104.2,2,15
2021-06-16 13:01:52,B,1104.0,7,99
2021-06-16 13:01:54,S,1105.3,1,250
2021-06-16 13:01:54,S,1105.65,1,6
2021-06-16 13:01:54,S,1105.7,2,28
2021-06-16 13:01:54,S,1105.95,1,1
2021-06-16 13:01:54,B,1104.45,2,6
2021-06-16 13:01:54,B,1104.1,2,24
2021-06-16 13:01:54,S,1107.75,1,3
2021-06-16 13:01:54,B,1105.15,1,2
2021-06-16 13:01:54,B,1104.6,1,3
2021-06-16 13:01:56,S,1107.8,1,6
2021-06-16 13:01:56,B,1105.3,1,1
2021-06-16 13:01:56,B,1105.05,2,14
2021-06-16 13:02:08,S,1107.85,1,8
2021-06-16 13:03:38,S,1107.55,1,1
2021-06-16 13:03:38,B,1105.65,1,9
2021-06-16 13:03:39,S,1107.5,2,12
2021-06-16 13:03:39,S,1107.55,3,15
2021-06-16 13:03:39,S,1107.8,2,7
2021-06-16 13:03:39,B,1105.1,2,12
2021-06-16 13:03:44,S,1106.7,1,1
2021-06-16 13:03:44,S,1106.75,1,9
2021-06-16 13:03:44,B,1105.15,1,9
2021-06-16 13:03:52,S,1107.0,2,10
2021-06-16 13:03:52,S,1107.05,1,1
2021-06-16 13:03:52,S,1107.45,2,27
2021-06-16 13:03:52,B,1105.55,1,1
2021-06-16 13:04:04,S,1107.45,1,16
2021-06-16 13:04:04,B,1106.9,1,9
2021-06-16 13:04:04,B,1106.8,1,1
2021-06-16 13:04:04,B,1106.75,1,10
2021-06-16 13:04:04,B,1106.45,1,8
2021-06-16 13:04:06,B,1106.3,1,1
2021-06-16 13:04:06,B,1106.25,1,9
2021-06-16 13:04:07,S,1107.9,1,9
2021-06-16 13:04:07,B,1106.4,2,10
2021-06-16 13:04:07,B,1106.35,1,9
2021-06-16 13:04:09,B,1106.55,2,10
2021-06-16 13:04:09,B,1106.5,1,9
2021-06-16 13:04:09,B,1106.15,2,12
2021-06-16 13:04:30,S,1107.45,1,7
2021-06-16 13:04:31,S,1107.7,1,1
2021-06-16 13:04:31,S,1108.15,2,19
2021-06-16 13:04:31,S,1108.25,2,7
2021-06-16 13:04:36,S,1108.15,1,9
2021-06-16 13:04:36,S,1108.3,2,7
2021-06-16 13:05:55,S,1107.85,1,3
2021-06-16 13:05:55,S,1108.25,1,6
2021-06-16 13:05:55,S,1108.3,3,16
2021-06-16 13:05:55,S,1108.35,1,10
2021-06-16 13:05:55,B,1106.65,2,10
2021-06-16 13:05:55,B,1106.6,1,9
2021-06-16 13:06:05,S,1108.05,1,6
2021-06-16 13:06:05,S,1108.75,2,11
2021-06-16 13:06:05,B,1107.4,2,10
2021-06-16 13:06:06,S,1108.9,1,9
2021-06-16 13:06:37,S,1108.65,1,3
2021-06-16 13:07:03,B,1107.35,1,9
2021-06-16 13:07:09,S,1109.0,1,250
2021-06-16 13:07:12,B,1107.1,2,10
2021-06-16 13:07:19,B,1106.95,1,9
2021-06-16 13:07:55,B,1106.8,2,11
2021-06-16 13:08:09,B,1106.75,2,21
2021-06-16 13:08:20,S,1108.6,1,9
2021-06-16 13:08:20,S,1108.65,2,25
2021-06-16 13:08:20,S,1108.7,1,6
2021-06-16 13:08:20,S,1108.75,1,1
2021-06-16 13:08:20,B,1107.1,1,1
2021-06-16 13:08:20,B,1107.05,1,2
2021-06-16 13:08:20,B,1107.0,1,45
2021-06-16 13:08:20,B,1106.8,1,2
2021-06-16 13:08:20,B,1106.75,3,30
2021-06-16 13:08:21,S,1106.85,1,1
2021-06-16 13:08:21,S,1106.9,1,9
2021-06-16 13:08:21,S,1108.1,1,6
2021-06-16 13:08:21,B,1105.1,1,2
2021-06-16 13:08:21,B,1105.05,1,5
2021-06-16 13:08:21,B,1104.75,1,10
2021-06-16 13:08:30,S,1106.8,1,1
2021-06-16 13:08:32,B,1104.65,2,10
2021-06-16 13:12:35,S,1106.45,2,10
2021-06-16 13:12:36,B,1105.55,1,9
2021-06-16 13:12:43,S,1107.1,1,9
2021-06-16 13:13:10,S,1107.05,1,2
2021-06-16 13:13:28,S,1107.4,2,15
2021-06-16 13:13:34,B,1106.2,1,9
2021-06-16 13:13:34,B,1105.75,1,1
2021-06-16 13:13:37,S,1106.95,1,6
2021-06-16 13:13:37,S,1107.0,2,216
2021-06-16 13:14:25,S,1106.95,2,35
2021-06-16 13:14:42,S,1106.95,1,29
2021-06-16 13:15:10,S,1106.95,2,32
2021-06-16 13:15:10,S,1107.0,1,187
2021-06-16 13:15:10,S,1107.45,1,2
2021-06-16 13:15:10,B,1106.5,1,10
2021-06-16 13:15:10,B,1106.45,1,10
2021-06-16 13:15:10,B,1106.1,1,1
2021-06-16 13:15:10,B,1106.05,1,9
2021-06-16 13:15:10,B,1105.9,1,11
2021-06-16 13:15:11,S,1109.55,1,2
2021-06-16 13:15:11,B,1107.35,1,1
2021-06-16 13:15:11,B,1107.3,1,9
2021-06-16 13:15:11,B,1107.05,2,13
2021-06-16 13:15:11,B,1106.75,1,8
2021-06-16 13:15:12,B,1106.95,1,3
2021-06-16 13:15:55,S,1108.95,1,5
2021-06-16 13:15:55,S,1109.5,1,9
2021-06-16 13:15:55,B,1107.7,1,9
2021-06-16 13:16:05,S,1109.0,1,10
2021-06-16 13:16:05,S,1109.2,1,1
2021-06-16 13:16:05,S,1109.7,1,9
2021-06-16 13:16:18,B,1107.45,1,2
2021-06-16 13:16:24,B,1108.0,1,1
2021-06-16 13:16:24,B,1107.75,1,10
2021-06-16 13:16:28,B,1108.0,2,11
2021-06-16 13:16:28,B,1107.95,1,9
2021-06-16 13:16:28,B,1107.4,1,1
2021-06-16 13:16:52,S,1109.75,1,9
2021-06-16 13:17:15,B,1108.1,1,1
2021-06-16 13:17:15,B,1108.05,1,9
2021-06-16 13:17:15,B,1107.65,2,13
2021-06-16 13:17:28,B,1108.05,1,1
2021-06-16 13:18:12,S,1109.55,2,15
2021-06-16 13:18:14,S,1109.6,2,30
2021-06-16 13:19:38,S,1109.55,2,36
2021-06-16 13:19:40,S,1109.65,2,10
2021-06-16 13:19:40,S,1109.9,1,6
2021-06-16 13:19:43,S,1109.95,2,13
2021-06-16 13:19:43,B,1107.95,1,11
2021-06-16 13:19:58,S,1109.55,1,6
2021-06-16 13:19:58,S,1109.6,1,6
2021-06-16 13:19:58,S,1109.65,1,1
2021-06-16 13:19:58,S,1109.7,1,10
2021-06-16 13:19:58,S,1109.85,1,9
2021-06-16 13:19:58,B,1108.15,1,1
2021-06-16 13:19:58,B,1108.1,1,9
2021-06-16 13:19:58,B,1108.0,1,10
2021-06-16 13:19:58,B,1107.7,1,3
2021-06-16 13:19:58,B,1107.65,1,10
2021-06-16 13:19:58,S,1111.6,1,13
2021-06-16 13:19:58,B,1108.65,1,1
2021-06-16 13:19:58,B,1108.6,1,2
2021-06-16 13:19:58,B,1108.55,3,12
2021-06-16 13:19:58,B,1108.5,1,3
2021-06-16 13:19:58,B,1108.45,1,12
2021-06-16 13:20:00,B,1109.8,1,29
2021-06-16 13:20:00,B,1109.55,1,4
2021-06-16 13:20:00,B,1109.5,1,6
2021-06-16 13:20:27,S,1111.9,2,10
2021-06-16 13:20:27,B,1110.1,1,1
2021-06-16 13:20:27,B,1109.8,1,6
2021-06-16 13:20:27,B,1109.75,2,15
2021-06-16 13:20:36,S,1110.95,1,1
2021-06-16 13:20:36,S,1111.25,1,13
2021-06-16 13:20:36,B,1109.35,1,6
2021-06-16 13:20:36,B,1109.3,2,14
2021-06-16 13:20:46,B,1109.4,1,1
2021-06-16 13:20:46,B,1109.35,3,11
2021-06-16 13:20:52,B,1109.4,2,10
2021-06-16 13:20:52,B,1109.0,1,1
2021-06-16 13:20:57,S,1110.95,3,23
2021-06-16 13:20:57,S,1111.3,1,2
2021-06-16 13:20:57,B,1109.4,1,9
2021-06-16 13:20:57,B,1109.35,2,2
2021-06-16 13:21:27,S,1111.75,1,10
2021-06-16 13:21:37,S,1111.5,1,1
2021-06-16 13:21:37,B,1109.85,1,1
2021-06-16 13:21:45,B,1109.35,1,1
2021-06-16 13:21:45,B,1109.3,1,2
2021-06-16 13:21:51,S,1110.6,1,1
2021-06-16 13:21:51,S,1110.65,1,9
2021-06-16 13:21:51,B,1109.25,1,1
2021-06-16 13:21:51,B,1109.2,1,1
2021-06-16 13:22:02,S,1111.0,3,40
2021-06-16 13:22:54,B,1109.5,1,10
2021-06-16 13:23:36,S,1111.15,1,9
2021-06-16 13:23:42,S,1110.8,1,1
2021-06-16 13:23:42,S,1111.0,2,31
2021-06-16 13:23:45,S,1110.85,1,13
2021-06-16 13:23:45,S,1110.9,1,11
2021-06-16 13:23:45,B,1109.55,2,11
2021-06-16 13:23:45,B,1109.3,2,2
2021-06-16 13:23:45,B,1109.15,1,10
2021-06-16 13:23:45,B,1109.05,1,9
2021-06-16 13:24:16,B,1109.9,1,9
2021-06-16 13:24:16,B,1109.85,1,10
2021-06-16 13:24:25,B,1110.05,1,9
2021-06-16 13:24:40,S,1110.8,1,18
2021-06-16 13:24:40,B,1110.05,2,10
2021-06-16 13:25:30,S,1110.8,2,23
2021-06-16 13:25:30,S,1111.25,1,2
2021-06-16 13:25:42,S,1110.8,2,13
2021-06-16 13:25:43,S,1111.45,1,8
2021-06-16 13:26:34,S,1110.8,2,10
2021-06-16 13:26:34,S,1111.7,2,8
2021-06-16 13:26:34,B,1109.75,2,19
2021-06-16 13:27:03,S,1111.65,2,13
2021-06-16 13:27:03,B,1110.05,1,1
2021-06-16 13:27:03,B,1109.85,3,29
2021-06-16 13:27:04,S,1110.95,1,18
2021-06-16 13:27:06,S,1110.95,1,17
2021-06-16 13:27:06,S,1111.0,1,50
2021-06-16 13:27:06,S,1111.05,1,9
2021-06-16 13:27:06,S,1111.35,1,13
2021-06-16 13:27:06,S,1111.4,1,1
2021-06-16 13:27:06,B,1109.6,2,2
2021-06-16 13:27:06,B,1109.55,2,12
2021-06-16 13:27:06,B,1109.45,2,18
2021-06-16 13:27:07,S,1111.0,1,3
2021-06-16 13:27:49,B,1109.75,1,9
2021-06-16 13:28:12,S,1111.6,2,2
2021-06-16 13:28:12,B,1109.95,1,9
2021-06-16 13:28:12,B,1109.75,1,10
2021-06-16 13:28:19,S,1111.0,3,36
2021-06-16 13:28:19,S,1111.3,1,1
2021-06-16 13:28:19,S,1111.5,1,13
2021-06-16 13:28:19,S,1111.55,2,10
2021-06-16 13:28:19,B,1110.0,2,11
2021-06-16 13:28:19,B,1109.65,3,11
2021-06-16 13:28:19,S,1111.0,2,26
2021-06-16 13:28:19,S,1111.25,1,9
2021-06-16 13:28:19,S,1111.4,1,13
2021-06-16 13:28:19,B,1109.55,1,2
2021-06-16 13:28:52,S,1111.0,1,1
2021-06-16 13:29:07,B,1109.6,1,3
2021-06-16 13:29:36,S,1111.0,2,11
2021-06-16 13:29:36,S,1111.15,1,1
2021-06-16 13:29:40,S,1111.0,1,10
2021-06-16 13:29:40,S,1111.4,2,22
2021-06-16 13:29:40,S,1111.45,1,10
2021-06-16 13:29:40,B,1109.7,2,2
2021-06-16 13:29:40,B,1109.65,1,9
2021-06-16 13:30:09,B,1109.95,2,10
2021-06-16 13:31:29,S,1111.5,1,9
2021-06-16 13:31:29,S,1111.55,2,14
2021-06-16 13:31:29,B,1110.0,2,10
2021-06-16 13:31:29,B,1109.9,3,8
2021-06-16 13:31:29,B,1109.6,1,1
2021-06-16 13:32:10,S,1111.5,3,51
2021-06-16 13:32:10,S,1111.5,2,42
2021-06-16 13:32:10,S,1111.65,1,4
2021-06-16 13:32:10,S,1111.7,1,6
2021-06-16 13:32:10,B,1109.7,1,9
2021-06-16 13:32:21,B,1109.6,1,9
2021-06-16 13:32:25,B,1109.55,2,10
2021-06-16 13:33:03,S,1111.2,1,9
2021-06-16 13:33:03,S,1111.45,2,21
2021-06-16 13:33:03,S,1111.55,1,1
2021-06-16 13:33:03,S,1111.6,1,1
2021-06-16 13:33:03,B,1109.9,1,1
2021-06-16 13:33:03,B,1109.55,1,1
2021-06-16 13:33:03,B,1109.5,1,1
2021-06-16 13:33:04,S,1112.05,2,10
2021-06-16 13:33:05,S,1111.55,1,9
2021-06-16 13:33:05,B,1109.9,2,10
2021-06-16 13:33:05,B,1109.85,2,20
2021-06-16 13:33:05,B,1109.7,1,1
2021-06-16 13:33:05,B,1109.65,1,1
2021-06-16 13:33:05,B,1109.45,1,8
2021-06-16 13:33:40,S,1111.5,2,129
2021-06-16 13:33:40,S,1111.75,1,1
2021-06-16 13:33:40,S,1111.8,1,9
2021-06-16 13:33:40,B,1110.25,1,1
2021-06-16 13:33:40,B,1110.2,1,9
2021-06-16 13:33:50,B,1109.8,1,9
2021-06-16 13:33:51,B,1110.2,1,1
2021-06-16 13:33:51,B,1110.15,1,10
2021-06-16 13:33:59,B,1109.95,2,2
2021-06-16 13:33:59,B,1109.9,1,6
2021-06-16 13:33:59,B,1109.75,2,17
2021-06-16 13:34:06,S,1111.45,1,13
2021-06-16 13:34:16,S,1111.4,1,9
2021-06-16 13:34:16,S,1111.45,2,22
2021-06-16 13:34:16,S,1111.5,3,139
2021-06-16 13:34:16,S,1111.75,2,11
2021-06-16 13:34:16,S,1112.0,1,25
2021-06-16 13:34:16,B,1110.0,1,1
2021-06-16 13:34:16,B,1109.95,1,1
2021-06-16 13:34:16,B,1109.9,2,7
2021-06-16 13:34:16,B,1109.85,3,21
2021-06-16 13:34:16,B,1109.75,1,8
2021-06-16 13:34:17,S,1109.9,1,13
2021-06-16 13:34:17,S,1110.25,1,9
2021-06-16 13:34:17,S,1110.4,1,3
2021-06-16 13:34:17,B,1107.6,1,1
2021-06-16 13:34:17,B,1107.2,1,1
2021-06-16 13:34:35,B,1107.4,1,3
2021-06-16 13:34:35,B,1107.15,1,2
2021-06-16 13:34:35,B,1107.05,1,11
2021-06-16 13:34:39,B,1107.8,1,9
2021-06-16 13:34:39,B,1107.6,1,11
2021-06-16 13:35:00,B,1107.65,1,9
2021-06-16 13:35:06,S,1109.5,1,28
2021-06-16 13:35:17,B,1107.75,2,10
2021-06-16 13:35:17,B,1107.2,1,5
2021-06-16 13:35:26,B,1107.35,1,11
2021-06-16 13:35:57,S,1109.5,2,52
2021-06-16 13:35:57,S,1109.6,1,13
2021-06-16 13:35:57,S,1109.8,1,1
2021-06-16 13:35:57,S,1109.95,2,11
2021-06-16 13:35:57,B,1107.8,1,10
2021-06-16 13:35:57,B,1107.5,1,9
2021-06-16 13:37:12,S,1109.35,1,11
2021-06-16 13:37:34,S,1109.5,1,24
2021-06-16 13:37:46,S,1109.25,2,28
2021-06-16 13:37:46,S,1109.3,1,9
2021-06-16 13:37:46,S,1109.65,1,9
2021-06-16 13:37:46,B,1107.85,2,10
2021-06-16 13:37:46,B,1107.65,1,2
2021-06-16 13:37:46,B,1107.6,2,12
2021-06-16 13:37:51,B,1107.75,1,1
2021-06-16 13:37:51,B,1107.7,2,2
2021-06-16 13:37:51,B,1107.55,1,9
2021-06-16 13:38:55,S,1109.35,1,8
2021-06-16 13:38:55,B,1107.8,1,6
2021-06-16 13:39:04,B,1107.7,1,1
2021-06-16 13:39:04,B,1107.65,1,6
2021-06-16 13:39:04,B,1107.4,3,11
2021-06-16 13:39:08,S,1109.35,2,9
2021-06-16 13:39:23,S,1109.4,1,9
2021-06-16 13:39:34,S,1109.2,2,3
2021-06-16 13:39:34,S,1109.25,1,27
2021-06-16 13:39:34,S,1109.35,1,1
2021-06-16 13:39:34,S,1109.45,1,13
2021-06-16 13:39:34,S,1109.55,1,9
2021-06-16 13:39:34,B,1108.0,1,5
2021-06-16 13:39:34,B,1107.85,1,1
2021-06-16 13:39:34,B,1107.8,2,11
2021-06-16 13:39:34,B,1107.65,3,8
2021-06-16 13:39:34,B,1107.6,3,15
2021-06-16 13:39:34,S,1104.95,2,19
2021-06-16 13:39:34,S,1106.1,1,5
2021-06-16 13:39:34,B,1103.0,1,21
2021-06-16 13:39:34,B,1102.5,1,10
2021-06-16 13:39:36,S,1105.0,1,96
2021-06-16 13:39:37,S,1104.95,3,20
2021-06-16 13:39:45,S,1103.55,1,2
2021-06-16 13:39:49,S,1103.5,2,7
2021-06-16 13:39:49,S,1103.85,1,9
2021-06-16 13:39:49,B,1102.55,1,5
2021-06-16 13:39:50,S,1104.45,1,3
2021-06-16 13:40:18,S,1103.45,1,1
2021-06-16 13:40:26,B,1102.0,8,77
2021-06-16 13:40:27,B,1102.0,7,72
2021-06-16 13:40:27,B,1101.6,2,4
2021-06-16 13:40:46,S,1103.5,2,15
2021-06-16 13:40:46,S,1104.4,2,11
2021-06-16 13:40:49,S,1103.5,1,6
2021-06-16 13:40:49,B,1102.0,6,71
2021-06-16 13:40:51,S,1103.95,1,2
2021-06-16 13:40:52,S,1103.5,1,5
2021-06-16 13:40:52,S,1104.05,1,1
2021-06-16 13:40:52,S,1104.1,2,21
2021-06-16 13:40:52,B,1102.7,1,10
2021-06-16 13:40:54,B,1102.55,1,8
2021-06-16 13:40:55,S,1104.05,3,9
2021-06-16 13:40:55,S,1104.1,2,22
2021-06-16 13:40:57,S,1103.55,2,25
2021-06-16 13:40:57,S,1104.05,2,3
2021-06-16 13:40:57,B,1102.55,2,17
2021-06-16 13:40:57,B,1102.5,1,50
2021-06-16 13:40:58,S,1104.75,1,13
2021-06-16 13:41:02,S,1104.5,2,10
2021-06-16 13:41:10,S,1104.5,2,7
2021-06-16 13:41:12,S,1104.5,3,16
2021-06-16 13:41:28,S,1104.55,1,13
2021-06-16 13:41:28,B,1102.6,2,12
2021-06-16 13:41:28,S,1104.45,2,14
2021-06-16 13:41:28,S,1104.5,1,6
2021-06-16 13:41:28,S,1104.55,1,4
2021-06-16 13:41:28,S,1104.6,2,12
2021-06-16 13:41:28,S,1104.8,2,8
2021-06-16 13:41:30,S,1104.4,1,6
2021-06-16 13:41:30,S,1104.45,1,13
2021-06-16 13:41:30,S,1104.6,1,3
2021-06-16 13:41:30,S,1104.8,3,12
2021-06-16 13:41:31,S,1104.7,1,1
2021-06-16 13:41:33,S,1104.7,3,13
2021-06-16 13:41:33,S,1104.9,2,8
2021-06-16 13:41:42,S,1104.7,2,12
2021-06-16 13:41:42,S,1104.75,2,18
2021-06-16 13:41:52,B,1102.55,1,6
2021-06-16 13:41:55,S,1104.55,1,6
2021-06-16 13:41:55,S,1104.6,1,13
2021-06-16 13:41:55,S,1104.75,1,5
2021-06-16 13:41:55,S,1104.8,2,10
2021-06-16 13:41:55,B,1103.05,1,48
2021-06-16 13:41:55,B,1103.0,2,22
2021-06-16 13:41:55,B,1102.6,1,3
2021-06-16 13:41:56,S,1100.55,1,1
2021-06-16 13:41:56,S,1100.6,3,15
2021-06-16 13:41:56,S,1101.2,1,6
2021-06-16 13:41:57,S,1100.0,1,128
2021-06-16 13:41:57,B,1099.25,2,27
2021-06-16 13:41:57,B,1098.95,1,9
2021-06-16 13:42:00,S,1100.5,1,13
2021-06-16 13:42:00,B,1099.3,1,1
2021-06-16 13:42:00,B,1099.2,1,2
2021-06-16 13:42:02,S,1100.0,3,141
2021-06-16 13:42:02,S,1100.5,3,15
2021-06-16 13:42:03,B,1099.25,1,24
2021-06-16 13:42:11,S,1100.0,2,13
2021-06-16 13:42:11,B,1099.0,4,135
2021-06-16 13:42:15,B,1099.1,1,9
2021-06-16 13:42:16,S,1101.0,2,2
2021-06-16 13:42:19,S,1100.9,2,2
2021-06-16 13:42:19,S,1101.4,1,6
2021-06-16 13:42:25,S,1100.45,1,1
2021-06-16 13:42:25,S,1100.5,1,2
2021-06-16 13:42:25,B,1099.25,2,25
2021-06-16 13:42:25,B,1098.4,1,1
2021-06-16 13:42:26,S,1100.9,1,1
2021-06-16 13:42:26,B,1099.3,1,9
2021-06-16 13:42:28,B,1099.35,1,9
2021-06-16 13:42:28,S,1100.95,1,1
2021-06-16 13:42:28,B,1099.35,1,7
2021-06-16 13:42:28,B,1099.3,2,15
2021-06-16 13:42:28,B,1099.0,3,126
2021-06-16 13:42:31,S,1100.0,1,10
2021-06-16 13:42:31,S,1101.05,2,11
2021-06-16 13:42:31,B,1099.45,1,7
2021-06-16 13:42:31,B,1099.3,2,4
2021-06-16 13:42:31,B,1099.05,1,6
2021-06-16 13:42:45,S,1101.8,1,1
2021-06-16 13:42:45,S,1101.85,1,1
2021-06-16 13:42:45,S,1101.9,1,3
2021-06-16 13:42:45,S,1101.95,1,6
2021-06-16 13:42:45,B,1100.55,1,7
2021-06-16 13:42:45,B,1100.5,1,9
2021-06-16 13:42:45,B,1099.95,2,11
2021-06-16 13:42:45,B,1099.55,1,10
2021-06-16 13:42:48,S,1101.4,2,2
2021-06-16 13:42:48,S,1101.45,1,2
2021-06-16 13:42:48,B,1099.6,1,1
2021-06-16 13:42:51,B,1099.45,1,1
2021-06-16 13:42:51,B,1099.35,2,102
2021-06-16 13:42:56,S,1100.0,1,18
2021-06-16 13:42:56,B,1099.55,1,9
2021-06-16 13:42:56,B,1099.5,1,8
2021-06-16 13:43:00,S,1100.0,1,7
2021-06-16 13:43:00,B,1099.4,1,6
2021-06-16 13:43:05,S,1100.0,1,20
2021-06-16 13:43:05,S,1101.1,1,2
2021-06-16 13:43:05,S,1101.35,1,1
2021-06-16 13:43:05,B,1099.35,1,100
2021-06-16 13:43:05,B,1099.25,3,125
2021-06-16 13:43:05,B,1099.1,1,12
2021-06-16 13:43:06,B,1099.6,1,8
2021-06-16 13:43:16,B,1100.05,1,9
2021-06-16 13:43:16,B,1099.7,1,8
2021-06-16 13:43:27,S,1101.75,1,1
2021-06-16 13:43:27,S,1101.8,2,2
2021-06-16 13:43:27,S,1101.85,1,3
2021-06-16 13:43:27,S,1101.9,2,5
2021-06-16 13:43:27,S,1101.95,2,7
2021-06-16 13:43:27,B,1100.0,2,4
2021-06-16 13:43:27,B,1099.9,1,1
2021-06-16 13:43:27,B,1100.15,1,1
2021-06-16 13:43:27,B,1100.1,1,8
2021-06-16 13:43:27,B,1100.0,3,5
2021-06-16 13:43:34,S,1103.0,1,2
2021-06-16 13:43:36,B,1100.2,1,8
2021-06-16 13:43:40,B,1101.1,1,1
2021-06-16 13:43:40,B,1100.7,1,1
2021-06-16 13:43:52,S,1102.0,1,30
2021-06-16 13:43:52,S,1102.95,1,1
2021-06-16 13:43:52,S,1103.0,2,11
2021-06-16 13:43:52,S,1103.2,2,2
2021-06-16 13:43:52,S,1103.25,1,10
2021-06-16 13:43:52,B,1101.3,1,1
2021-06-16 13:43:52,B,1101.25,1,9
2021-06-16 13:43:52,B,1101.05,1,1
2021-06-16 13:43:52,B,1101.8,2,14
2021-06-16 13:43:55,S,1103.3,2,2
2021-06-16 13:43:55,S,1103.65,1,1
2021-06-16 13:43:55,B,1101.95,1,1
2021-06-16 13:43:55,B,1101.9,1,9
2021-06-16 13:43:55,B,1101.8,1,8
2021-06-16 13:44:00,S,1103.55,1,1
2021-06-16 13:44:00,B,1101.65,2,9
2021-06-16 13:44:01,S,1103.6,2,2
2021-06-16 13:44:01,B,1101.95,1,8
2021-06-16 13:44:09,S,1103.7,1,2
2021-06-16 13:44:09,B,1102.05,2,10
2021-06-16 13:44:09,B,1102.0,1,8
2021-06-16 13:44:14,S,1104.0,2,2
2021-06-16 13:44:14,S,1104.35,1,2
2021-06-16 13:44:14,B,1102.1,1,8
2021-06-16 13:44:15,S,1103.9,2,2
2021-06-16 13:44:18,S,1103.65,2,10
2021-06-16 13:44:18,S,1103.7,3,4
2021-06-16 13:44:19,S,1103.7,2,2
2021-06-16 13:44:21,S,1103.7,1,1
2021-06-16 13:44:21,S,1104.05,1,6
2021-06-16 13:44:21,S,1104.1,2,14
2021-06-16 13:44:21,B,1101.65,1,1
2021-06-16 13:44:23,B,1103.0,2,11
2021-06-16 13:44:23,B,1101.8,1,6
2021-06-16 13:44:25,S,1104.6,2,14
2021-06-16 13:44:25,S,1104.65,1,4
2021-06-16 13:44:25,B,1103.0,1,2
2021-06-16 13:44:29,S,1104.5,1,13
2021-06-16 13:44:30,B,1102.1,2,9
2021-06-16 13:44:42,B,1102.7,1,9
2021-06-16 13:44:46,S,1104.5,2,22
2021-06-16 13:44:54,B,1103.0,2,9
2021-06-16 13:44:58,S,1104.6,1,1
2021-06-16 13:44:58,B,1103.0,1,8
2021-06-16 13:44:58,B,1102.55,2,3
2021-06-16 13:44:58,B,1102.5,1,9
2021-06-16 13:44:59,S,1104.1,1,13
2021-06-16 13:45:13,B,1102.55,2,11
2021-06-16 13:45:15,S,1104.1,1,12
2021-06-16 13:45:23,S,1103.9,2,7
2021-06-16 13:45:23,B,1102.6,1,8
2021-06-16 13:45:25,B,1102.15,1,1
2021-06-16 13:45:25,B,1102.1,1,1
2021-06-16 13:45:29,S,1103.95,1,24
2021-06-16 13:45:29,S,1104.7,1,3
2021-06-16 13:45:29,S,1104.8,1,9
2021-06-16 13:45:29,B,1103.05,1,9
2021-06-16 13:45:29,B,1102.7,1,8
2021-06-16 13:45:30,S,1107.5,2,23
2021-06-16 13:45:30,S,1107.9,1,3
2021-06-16 13:45:30,B,1104.45,1,4
2021-06-16 13:45:30,B,1104.35,1,11
2021-06-16 13:45:32,S,1107.45,1,9
2021-06-16 13:45:32,B,1104.85,1,1
2021-06-16 13:45:32,B,1104.75,1,3
2021-06-16 13:45:32,B,1104.7,1,2
2021-06-16 13:45:37,S,1108.35,3,26
2021-06-16 13:45:40,S,1107.2,2,20
2021-06-16 13:45:40,S,1107.5,1,9
2021-06-16 13:45:40,S,1107.7,1,3
2021-06-16 13:45:40,S,1108.05,1,4
2021-06-16 13:45:40,S,1108.15,1,11
2021-06-16 13:45:40,B,1105.55,1,10
2021-06-16 13:45:40,B,1105.25,1,8
2021-06-16 13:45:41,S,1107.6,1,9
2021-06-16 13:45:41,S,1107.95,1,6
2021-06-16 13:45:48,B,1105.05,1,12
2021-06-16 13:45:51,S,1107.6,2,11
2021-06-16 13:45:51,S,1107.95,2,8
2021-06-16 13:45:51,B,1105.9,1,9
2021-06-16 13:45:51,B,1105.75,1,2
2021-06-16 13:45:51,B,1105.35,1,3
2021-06-16 13:45:56,S,1107.8,1,5
2021-06-16 13:45:56,S,1107.85,1,5
2021-06-16 13:45:56,S,1107.95,3,17
2021-06-16 13:45:56,S,1108.0,1,6
2021-06-16 13:45:56,B,1106.0,1,9
2021-06-16 13:45:56,B,1105.8,1,9
2021-06-16 13:45:56,B,1105.7,1,1
2021-06-16 13:45:56,B,1105.65,1,8
2021-06-16 13:45:57,S,1107.15,2,7
2021-06-16 13:45:57,S,1107.2,1,50
2021-06-16 13:45:57,S,1107.5,1,5
2021-06-16 13:46:03,S,1105.65,1,23
2021-06-16 13:46:03,S,1106.65,1,8
2021-06-16 13:46:03,B,1105.15,1,6
2021-06-16 13:46:03,B,1104.35,1,2
2021-06-16 13:46:03,B,1104.0,1,4
2021-06-16 13:46:03,B,1104.25,2,11
2021-06-16 13:46:05,B,1104.2,1,6
2021-06-16 13:46:12,B,1104.55,2,12
2021-06-16 13:46:12,B,1104.2,2,8
2021-06-16 13:46:12,B,1103.4,2,12
2021-06-16 13:46:12,B,1103.35,3,28
2021-06-16 13:46:13,B,1103.15,1,200
2021-06-16 13:46:16,S,1107.15,1,6
2021-06-16 13:46:18,S,1106.5,2,11
2021-06-16 13:46:18,S,1106.85,1,2
2021-06-16 13:46:18,S,1107.15,2,8
2021-06-16 13:46:18,B,1104.6,1,2
2021-06-16 13:46:21,B,1104.4,1,2
2021-06-16 13:46:21,B,1103.7,1,2
2021-06-16 13:46:21,B,1103.4,1,6
2021-06-16 13:46:25,B,1103.0,1,100
2021-06-16 13:46:26,S,1105.95,1,3
2021-06-16 13:46:26,B,1103.35,1,13
2021-06-16 13:46:28,B,1102.7,1,29
2021-06-16 13:46:30,S,1105.8,1,1
2021-06-16 13:46:30,S,1105.95,2,5
2021-06-16 13:46:30,B,1102.5,2,23
2021-06-16 13:46:30,B,1102.2,1,2
2021-06-16 13:46:34,S,1106.25,3,7
2021-06-16 13:46:34,S,1106.3,2,7
2021-06-16 13:46:34,S,1106.6,3,16
2021-06-16 13:46:34,B,1103.25,2,5
2021-06-16 13:46:43,S,1105.2,1,1
2021-06-16 13:46:43,S,1105.7,1,3
2021-06-16 13:46:43,S,1106.0,2,12
2021-06-16 13:46:43,B,1103.3,1,29
2021-06-16 13:46:43,B,1102.8,2,5
2021-06-16 13:46:43,B,1102.75,1,3
2021-06-16 13:46:46,B,1102.0,2,13
2021-06-16 13:46:51,S,1104.5,2,12
2021-06-16 13:46:51,S,1104.55,2,13
2021-06-16 13:47:09,B,1102.4,1,9
2021-06-16 13:47:22,S,1104.55,1,2
2021-06-16 13:47:37,S,1104.95,2,10
2021-06-16 13:47:37,B,1103.0,2,14
2021-06-16 13:47:37,B,1102.75,1,2
2021-06-16 13:47:54,B,1102.5,1,13
2021-06-16 13:47:54,S,1104.25,1,1
2021-06-16 13:47:55,S,1104.1,1,1
2021-06-16 13:48:04,B,1103.35,1,15
2021-06-16 13:48:04,B,1102.3,1,2
2021-06-16 13:48:04,B,1101.8,1,2
2021-06-16 13:48:04,B,1101.15,1,2
2021-06-16 13:48:06,S,1104.1,1,11
2021-06-16 13:48:11,S,1103.95,1,9
2021-06-16 13:48:11,S,1104.0,1,1
2021-06-16 13:48:11,S,1104.05,1,2
2021-06-16 13:48:11,S,1104.75,1,3
2021-06-16 13:48:11,B,1102.15,1,200
2021-06-16 13:48:30,S,1104.75,2,10
2021-06-16 13:48:30,S,1104.9,2,12
2021-06-16 13:48:30,B,1102.75,1,9
2021-06-16 13:48:30,B,1102.55,1,2
2021-06-16 13:48:30,B,1101.95,2,10
2021-06-16 13:48:48,B,1101.65,1,10
2021-06-16 13:49:13,S,1103.95,4,22
2021-06-16 13:49:13,B,1102.3,1,200
2021-06-16 13:49:15,S,1103.95,2,9
2021-06-16 13:49:15,B,1102.35,1,9
2021-06-16 13:49:20,S,1104.2,1,9
2021-06-16 13:49:20,B,1102.35,2,10
2021-06-16 13:49:20,B,1101.95,1,2
2021-06-16 13:49:22,S,1103.9,2,10
2021-06-16 13:49:22,B,1102.3,2,204
2021-06-16 13:49:39,S,1103.9,1,1
2021-06-16 13:49:39,S,1103.95,3,36
2021-06-16 13:49:39,S,1104.25,2,11
2021-06-16 13:49:39,B,1102.35,2,201
2021-06-16 13:49:39,B,1102.0,1,10
2021-06-16 13:49:39,S,1103.95,2,32
2021-06-16 13:49:39,S,1104.0,1,120
2021-06-16 13:49:39,S,1104.75,1,6
2021-06-16 13:49:39,B,1103.0,1,5
2021-06-16 13:49:48,B,1102.35,1,200
2021-06-16 13:49:49,S,1105.1,1,2
2021-06-16 13:49:49,B,1103.0,1,27
2021-06-16 13:49:51,S,1105.4,1,1
2021-06-16 13:49:51,S,1105.6,1,2
2021-06-16 13:49:51,B,1103.5,1,28
2021-06-16 13:50:10,S,1106.25,1,4
2021-06-16 13:50:10,B,1103.45,1,8
2021-06-16 13:50:12,S,1106.2,2,15
2021-06-16 13:50:12,S,1106.6,2,7
2021-06-16 13:50:12,B,1103.85,1,29
2021-06-16 13:50:12,B,1103.3,1,3
2021-06-16 13:50:40,B,1104.0,1,2
2021-06-16 13:50:46,B,1104.1,1,5
2021-06-16 13:50:57,S,1106.2,1,6
2021-06-16 13:51:38,S,1107.1,1,2
2021-06-16 13:51:40,S,1106.55,1,9
2021-06-16 13:51:40,B,1104.6,1,9
2021-06-16 13:51:40,B,1104.55,1,2
2021-06-16 13:51:52,B,1103.35,1,10
2021-06-16 13:52:38,S,1106.1,1,1
2021-06-16 13:52:38,S,1106.15,1,9
2021-06-16 13:52:38,S,1106.5,1,21
2021-06-16 13:53:33,S,1105.85,1,1
2021-06-16 13:53:33,S,1105.9,1,9
2021-06-16 13:53:33,S,1106.05,1,6
2021-06-16 13:53:45,S,1106.7,1,3
2021-06-16 13:53:46,B,1104.55,1,50
2021-06-16 13:54:00,B,1104.4,1,5
2021-06-16 13:54:25,B,1104.5,1,5
2021-06-16 13:54:43,B,1104.55,3,75
2021-06-16 13:55:22,S,1106.1,1,27
2021-06-16 13:55:22,S,1106.65,2,18
2021-06-16 13:55:22,B,1104.65,1,9
2021-06-16 13:55:22,B,1104.2,1,13
2021-06-16 13:55:30,S,1109.55,2,7
2021-06-16 13:55:30,S,1110.05,2,20
2021-06-16 13:55:30,S,1110.15,1,3
2021-06-16 13:55:30,B,1105.8,1,3
2021-06-16 13:55:31,S,1109.5,1,6
2021-06-16 13:55:31,B,1105.85,1,11
2021-06-16 13:55:33,S,1109.1,2,7
2021-06-16 13:55:33,S,1109.15,1,9
2021-06-16 13:55:33,S,1109.6,1,3
2021-06-16 13:55:33,B,1107.1,1,3
2021-06-16 13:55:40,S,1109.0,2,10
2021-06-16 13:55:40,S,1109.25,2,9
2021-06-16 13:55:40,S,1109.95,1,6
2021-06-16 13:55:40,B,1107.25,1,1
2021-06-16 13:55:40,B,1107.2,1,9
2021-06-16 13:55:40,B,1107.1,1,2
2021-06-16 13:55:40,B,1106.65,1,3
2021-06-16 13:55:40,B,1106.6,1,2
2021-06-16 13:55:42,S,1108.1,2,4
2021-06-16 13:55:42,S,1108.35,1,100
2021-06-16 13:55:42,B,1105.35,1,1
2021-06-16 13:55:42,B,1105.3,1,2
2021-06-16 13:55:44,S,1108.0,1,1
2021-06-16 13:55:44,S,1108.05,2,8
2021-06-16 13:55:44,S,1108.1,1,3
2021-06-16 13:55:44,S,1108.15,1,10
2021-06-16 13:55:44,S,1108.2,1,6
2021-06-16 13:55:45,S,1107.5,1,1
2021-06-16 13:55:45,B,1105.0,1,2
2021-06-16 13:55:47,B,1105.5,1,9
2021-06-16 13:56:00,S,1108.0,1,2
2021-06-16 13:56:13,S,1107.55,1,6
2021-06-16 13:56:13,B,1105.55,1,2
2021-06-16 13:56:13,B,1105.2,1,3
2021-06-16 13:56:13,S,1107.15,1,1
2021-06-16 13:56:13,S,1107.6,1,2
2021-06-16 13:56:24,S,1107.5,1,10
2021-06-16 13:56:24,B,1105.25,1,3
2021-06-16 13:56:24,B,1105.2,1,9
2021-06-16 13:56:24,B,1105.05,1,11
2021-06-16 13:56:24,B,1104.65,1,6
2021-06-16 13:57:40,S,1107.1,1,1
2021-06-16 13:57:40,S,1107.45,1,6
2021-06-16 13:57:49,S,1107.15,1,2
2021-06-16 13:57:49,B,1104.6,2,16
2021-06-16 13:57:49,S,1106.55,2,28
2021-06-16 13:57:49,S,1106.95,1,11
2021-06-16 13:57:49,S,1107.1,1,6
2021-06-16 13:57:49,B,1104.25,1,6
2021-06-16 13:57:49,B,1104.2,2,25
2021-06-16 13:57:53,B,1104.25,1,9
2021-06-16 13:58:07,S,1106.35,1,10
2021-06-16 13:58:07,B,1104.15,1,9
2021-06-16 13:59:44,S,1106.25,1,7
2021-06-16 13:59:44,S,1106.55,1,27
2021-06-16 13:59:44,S,1106.6,1,2
2021-06-16 13:59:44,B,1104.7,1,1
2021-06-16 13:59:45,S,1108.3,1,6
2021-06-16 13:59:45,S,1108.5,1,2
2021-06-16 13:59:45,S,1108.55,1,2
2021-06-16 13:59:45,S,1108.85,1,1
2021-06-16 13:59:45,B,1106.2,1,1
2021-06-16 13:59:45,B,1106.15,1,1
2021-06-16 13:59:45,B,1105.55,2,10
2021-06-16 13:59:46,S,1109.2,4,31
2021-06-16 13:59:46,S,1109.25,1,1
2021-06-16 13:59:46,S,1109.9,1,3
2021-06-16 13:59:46,B,1106.65,1,1
2021-06-16 13:59:46,B,1106.05,1,1
2021-06-16 13:59:48,S,1109.15,2,12
2021-06-16 13:59:48,S,1109.7,1,1
2021-06-16 13:59:48,S,1109.75,1,2
2021-06-16 13:59:48,B,1105.95,1,1
2021-06-16 13:59:52,B,1106.85,1,1
2021-06-16 14:00:00,S,1109.3,1,2
2021-06-16 14:00:13,S,1108.7,1,9
2021-06-16 14:00:13,S,1109.05,1,6
2021-06-16 14:00:13,S,1109.15,1,6
2021-06-16 14:00:13,S,1109.2,3,25
2021-06-16 14:00:13,B,1106.85,2,10
2021-06-16 14:00:13,B,1106.8,1,3
2021-06-16 14:00:13,B,1106.75,1,11
2021-06-16 14:00:13,B,1106.0,1,2
2021-06-16 14:00:15,S,1108.6,1,1
2021-06-16 14:00:34,S,1108.3,1,1
2021-06-16 14:00:34,S,1108.35,1,9
2021-06-16 14:00:34,S,1108.75,1,2
2021-06-16 14:00:34,B,1106.7,2,2
2021-06-16 14:00:34,B,1106.65,1,9
2021-06-16 14:00:34,B,1105.6,1,1
2021-06-16 14:00:36,S,1108.65,2,13
2021-06-16 14:00:36,S,1108.95,1,6
2021-06-16 14:00:36,S,1109.1,1,6
2021-06-16 14:00:36,B,1106.75,1,1
2021-06-16 14:00:36,B,1106.7,1,2
2021-06-16 14:00:37,S,1108.3,1,9
2021-06-16 14:00:37,S,1108.6,1,6
2021-06-16 14:00:37,S,1108.65,1,4
2021-06-16 14:00:37,S,1109.0,1,2
2021-06-16 14:00:37,S,1109.05,1,11
2021-06-16 14:00:37,B,1106.6,1,1
2021-06-16 14:00:37,B,1106.55,1,9
2021-06-16 14:00:37,B,1106.1,1,2
2021-06-16 14:00:37,B,1106.05,1,2
2021-06-16 14:00:37,B,1105.9,1,12
2021-06-16 14:00:46,S,1110.65,2,15
2021-06-16 14:00:48,S,1110.75,1,6
2021-06-16 14:00:52,S,1110.65,1,6
2021-06-16 14:00:52,S,1110.7,1,4
2021-06-16 14:00:52,S,1110.75,2,15
2021-06-16 14:00:52,S,1110.85,1,6
2021-06-16 14:00:52,S,1110.9,1,12
2021-06-16 14:00:52,B,1108.65,2,10
2021-06-16 14:00:52,B,1108.6,1,7
2021-06-16 14:00:52,B,1108.05,2,12
2021-06-16 14:00:52,B,1108.0,1,500
2021-06-16 14:00:52,B,1107.95,1,8
2021-06-16 14:00:54,S,1108.8,1,1
2021-06-16 14:00:54,S,1108.85,1,2
2021-06-16 14:00:54,S,1109.0,2,2
2021-06-16 14:00:54,S,1109.05,1,10
2021-06-16 14:00:54,S,1109.35,2,11
2021-06-16 14:00:54,B,1105.05,1,3
2021-06-16 14:00:54,B,1105.0,2,2
2021-06-16 14:00:54,B,1104.95,1,8
2021-06-16 14:00:54,B,1104.6,3,15
2021-06-16 14:00:55,S,1107.6,1,1
2021-06-16 14:00:55,S,1107.65,1,27
2021-06-16 14:00:55,S,1108.15,1,6
2021-06-16 14:00:55,S,1108.2,2,12
2021-06-16 14:00:55,S,1108.45,1,8
2021-06-16 14:00:57,S,1107.4,1,1
2021-06-16 14:00:57,S,1107.45,1,29
2021-06-16 14:00:57,S,1107.9,1,6
2021-06-16 14:00:57,S,1108.15,1,8
2021-06-16 14:00:57,B,1104.05,1,3
2021-06-16 14:01:00,S,1107.45,1,1
2021-06-16 14:01:00,S,1107.5,1,2
2021-06-16 14:01:00,S,1107.85,1,11
2021-06-16 14:01:00,S,1108.05,1,2
2021-06-16 14:01:00,B,1103.75,1,10
2021-06-16 14:01:04,S,1107.2,1,1
2021-06-16 14:01:04,S,1107.55,1,11
2021-06-16 14:01:06,S,1107.5,2,14
2021-06-16 14:01:06,B,1104.55,3,72
2021-06-16 14:01:34,S,1106.95,1,2
2021-06-16 14:01:42,B,1104.55,2,70
2021-06-16 14:01:44,S,1107.4,1,6
2021-06-16 14:01:44,S,1107.45,2,12
2021-06-16 14:01:44,B,1104.2,2,22
2021-06-16 14:01:46,S,1106.9,1,1
2021-06-16 14:01:46,S,1107.25,1,10
2021-06-16 14:01:46,S,1107.4,1,5
2021-06-16 14:01:48,S,1106.6,3,13
2021-06-16 14:01:48,S,1107.15,1,4
2021-06-16 14:01:49,S,1106.95,2,12
2021-06-16 14:01:51,S,1106.9,3,42
2021-06-16 14:01:53,S,1106.2,1,1
2021-06-16 14:01:53,B,1103.75,1,11
2021-06-16 14:01:57,S,1106.3,1,1
2021-06-16 14:01:57,B,1104.8,1,50
2021-06-16 14:02:12,S,1106.35,2,9
2021-06-16 14:02:15,B,1104.2,1,10
2021-06-16 14:02:22,B,1104.55,2,29
2021-06-16 14:02:22,B,1104.35,1,10
2021-06-16 14:02:24,S,1106.95,1,10
2021-06-16 14:02:40,S,1106.5,1,9
2021-06-16 14:02:40,S,1106.5,1,5
2021-06-16 14:02:40,S,1106.65,2,23
2021-06-16 14:02:52,S,1106.6,1,1
2021-06-16 14:02:52,S,1106.85,2,12
2021-06-16 14:02:52,S,1106.9,1,30
2021-06-16 14:03:27,S,1106.65,1,12
2021-06-16 14:04:28,S,1106.5,1,1
2021-06-16 14:04:28,B,1104.95,1,11
2021-06-16 14:04:45,S,1106.5,2,10
2021-06-16 14:04:45,S,1106.55,2,12
2021-06-16 14:04:45,S,1106.6,1,29
2021-06-16 14:04:51,S,1106.45,1,6
2021-06-16 14:04:51,S,1106.55,1,6
2021-06-16 14:04:51,S,1106.65,1,13
2021-06-16 14:04:51,B,1104.75,1,9
2021-06-16 14:05:31,S,1106.45,3,13
2021-06-16 14:05:31,S,1106.85,1,9
2021-06-16 14:05:31,S,1107.2,1,8
2021-06-16 14:05:49,S,1106.0,1,10
2021-06-16 14:05:49,B,1104.65,1,11
2021-06-16 14:06:01,S,1106.25,2,10
2021-06-16 14:06:13,S,1106.45,3,21
2021-06-16 14:06:41,S,1106.4,1,1
2021-06-16 14:08:02,S,1105.85,1,10
2021-06-16 14:08:02,S,1106.5,2,31
2021-06-16 14:08:21,B,1105.0,1,50
2021-06-16 14:08:27,S,1105.85,1,6
2021-06-16 14:08:27,S,1106.3,1,2
2021-06-16 14:08:28,S,1106.4,1,6
2021-06-16 14:08:55,B,1104.95,1,9
2021-06-16 14:09:03,S,1106.4,2,8
2021-06-16 14:09:03,S,1106.45,2,12
2021-06-16 14:09:03,S,1106.5,1,22
2021-06-16 14:09:21,B,1105.05,2,10
2021-06-16 14:09:26,S,1106.35,2,12
2021-06-16 14:09:26,S,1106.4,3,36
2021-06-16 14:09:30,S,1106.35,1,6
2021-06-16 14:09:30,S,1106.65,3,28
2021-06-16 14:09:30,S,1106.9,1,6
2021-06-16 14:09:40,S,1106.7,2,20
2021-06-16 14:09:41,B,1104.6,2,19
2021-06-16 14:09:41,B,1104.5,1,2
2021-06-16 14:10:02,S,1106.3,2,11
2021-06-16 14:10:13,S,1106.35,3,55
2021-06-16 14:10:13,B,1104.5,2,11
2021-06-16 14:11:06,S,1106.35,2,46
2021-06-16 14:11:07,S,1106.4,2,34
2021-06-16 14:11:07,S,1106.6,2,15
2021-06-16 14:11:07,S,1106.7,1,14
2021-06-16 14:11:13,S,1106.35,2,45
2021-06-16 14:11:13,S,1106.4,1,28
2021-06-16 14:11:21,S,1106.35,3,71
2021-06-16 14:11:21,S,1107.0,1,9
2021-06-16 14:11:21,S,1107.05,1,11
2021-06-16 14:11:49,B,1104.9,1,9
2021-06-16 14:11:59,S,1106.25,1,6
2021-06-16 14:11:59,S,1106.3,2,42
2021-06-16 14:11:59,B,1105.05,2,13
2021-06-16 14:11:59,B,1104.65,1,8
2021-06-16 14:12:01,S,1106.3,1,26
2021-06-16 14:12:01,S,1106.35,1,26
2021-06-16 14:12:01,S,1106.4,1,9
2021-06-16 14:12:01,S,1106.6,2,18
2021-06-16 14:12:01,B,1105.05,1,1
2021-06-16 14:12:01,B,1104.7,1,9
2021-06-16 14:12:02,S,1109.15,1,1
2021-06-16 14:12:02,S,1109.5,1,2
2021-06-16 14:12:02,B,1105.95,1,3
2021-06-16 14:12:06,S,1108.9,1,1
2021-06-16 14:12:06,S,1108.95,1,2
2021-06-16 14:12:06,S,1109.1,1,1
2021-06-16 14:12:06,S,1109.15,2,10
2021-06-16 14:12:06,S,1109.4,1,1
2021-06-16 14:12:06,B,1106.9,1,1
2021-06-16 14:12:06,B,1106.85,1,9
2021-06-16 14:12:06,B,1106.4,1,3
2021-06-16 14:12:06,B,1106.3,2,12
2021-06-16 14:12:06,B,1106.25,1,100
2021-06-16 14:12:07,S,1105.65,2,13
2021-06-16 14:12:07,S,1105.9,1,1
2021-06-16 14:12:07,S,1105.95,2,12
2021-06-16 14:12:16,S,1105.6,1,6
2021-06-16 14:12:16,B,1104.0,2,7
2021-06-16 14:12:26,B,1104.0,2,14
2021-06-16 14:13:00,S,1105.95,4,22
2021-06-16 14:13:00,B,1104.65,1,1
2021-06-16 14:13:00,B,1104.6,1,10
2021-06-16 14:13:15,S,1105.6,1,5
2021-06-16 14:13:15,S,1105.65,1,7
2021-06-16 14:13:15,S,1105.95,3,13
2021-06-16 14:13:15,S,1106.0,1,846
2021-06-16 14:13:15,B,1105.0,2,51
2021-06-16 14:13:15,B,1104.55,1,20
2021-06-16 14:13:15,B,1104.0,1,5
2021-06-16 14:13:16,B,1102.35,1,5
2021-06-16 14:13:18,S,1104.95,2,14
2021-06-16 14:13:19,S,1104.25,4,26
2021-06-16 14:13:19,S,1104.3,2,12
2021-06-16 14:13:19,S,1104.55,1,1
2021-06-16 14:13:26,B,1102.3,1,4
2021-06-16 14:13:28,S,1104.25,4,40
2021-06-16 14:13:32,S,1104.3,1,10
2021-06-16 14:13:32,S,1104.7,1,9
2021-06-16 14:13:32,B,1103.15,1,1
2021-06-16 14:13:32,B,1102.5,3,25
2021-06-16 14:13:51,S,1104.2,2,6
2021-06-16 14:13:51,S,1104.25,3,35
2021-06-16 14:13:51,S,1104.65,1,2
2021-06-16 14:13:51,B,1103.1,1,100
2021-06-16 14:13:52,B,1103.35,1,11
2021-06-16 14:14:24,B,1103.5,1,2
2021-06-16 14:14:37,S,1105.5,1,100
2021-06-16 14:14:37,S,1105.55,1,3
2021-06-16 14:14:37,B,1104.0,1,1
2021-06-16 14:14:51,S,1105.75,1,8
2021-06-16 14:14:54,S,1105.75,2,10
2021-06-16 14:14:54,S,1105.8,1,13
2021-06-16 14:15:08,S,1105.5,1,89
2021-06-16 14:15:08,S,1106.05,1,8
2021-06-16 14:15:08,B,1104.35,2,9
2021-06-16 14:15:48,B,1104.0,1,9
2021-06-16 14:15:54,S,1105.5,3,123
2021-06-16 14:15:54,S,1105.7,1,8
2021-06-16 14:16:00,S,1105.5,2,114
2021-06-16 14:16:10,S,1105.7,2,17
2021-06-16 14:16:10,S,1106.6,2,12
2021-06-16 14:16:34,B,1103.85,1,9
2021-06-16 14:16:37,B,1103.75,2,11
2021-06-16 14:16:49,S,1105.45,2,12
2021-06-16 14:16:49,B,1103.75,1,2
2021-06-16 14:16:59,S,1105.75,2,11
2021-06-16 14:16:59,B,1103.15,1,2
2021-06-16 14:17:07,S,1105.45,3,18
2021-06-16 14:17:25,S,1105.45,2,11
2021-06-16 14:17:25,S,1105.5,3,209
2021-06-16 14:17:33,B,1104.3,1,1
2021-06-16 14:17:33,B,1103.65,1,9
2021-06-16 14:17:50,S,1105.45,3,111
2021-06-16 14:17:51,S,1105.45,1,71
2021-06-16 14:17:51,S,1105.5,2,109
2021-06-16 14:17:51,S,1106.35,1,8
2021-06-16 14:17:52,B,1104.25,2,10
2021-06-16 14:18:24,S,1105.4,1,13
2021-06-16 14:18:24,S,1105.45,2,98
2021-06-16 14:18:24,S,1105.8,2,19
2021-06-16 14:18:24,B,1104.05,1,9
2021-06-16 14:18:25,S,1106.65,2,19
2021-06-16 14:18:25,S,1106.95,1,9
2021-06-16 14:18:31,B,1104.15,1,3
2021-06-16 14:19:36,S,1105.5,1,84
2021-06-16 14:19:36,S,1106.45,1,9
2021-06-16 14:19:36,B,1104.6,1,1
2021-06-16 14:19:36,B,1104.55,1,9
2021-06-16 14:19:52,B,1104.1,2,10
2021-06-16 14:20:08,S,1105.85,1,9
2021-06-16 14:20:08,B,1104.2,1,11
2021-06-16 14:21:37,S,1105.5,2,112
2021-06-16 14:23:49,S,1106.05,1,11
2021-06-16 14:24:43,S,1105.5,2,97
2021-06-16 14:24:43,S,1105.55,1,2
2021-06-16 14:24:43,S,1105.9,1,2
2021-06-16 14:24:49,S,1105.5,2,92
2021-06-16 14:24:49,S,1105.8,1,9
2021-06-16 14:24:49,S,1106.05,1,9
2021-06-16 14:25:03,S,1106.1,1,9
2021-06-16 14:25:03,S,1106.35,1,11
2021-06-16 14:25:47,S,1105.5,2,93
2021-06-16 14:25:47,S,1105.85,1,2
2021-06-16 14:25:47,B,1104.45,1,1
2021-06-16 14:25:47,B,1104.4,1,9
2021-06-16 14:25:47,B,1104.1,1,1
2021-06-16 14:25:52,B,1103.5,1,3
2021-06-16 14:26:12,S,1104.95,1,8
2021-06-16 14:26:12,B,1103.5,2,12
2021-06-16 14:26:12,B,1103.35,1,12
2021-06-16 14:26:13,B,1104.35,1,8
2021-06-16 14:26:34,B,1105.1,2,10
2021-06-16 14:26:52,S,1106.35,1,1
2021-06-16 14:26:52,S,1106.65,1,10
2021-06-16 14:26:52,S,1106.75,1,2
2021-06-16 14:26:52,B,1105.0,1,452
2021-06-16 14:26:52,B,1104.65,1,10
2021-06-16 14:26:54,S,1105.2,1,9
2021-06-16 14:26:54,B,1104.55,1,1
2021-06-16 14:26:54,B,1103.65,1,1
2021-06-16 14:27:00,B,1104.0,1,10
2021-06-16 14:27:00,B,1103.15,2,11
2021-06-16 14:27:00,B,1102.8,1,2
2021-06-16 14:27:02,B,1102.55,1,4
2021-06-16 14:27:02,B,1102.4,1,6
2021-06-16 14:27:16,S,1104.5,1,1
2021-06-16 14:27:16,S,1104.55,1,9
2021-06-16 14:27:16,B,1102.65,1,4
2021-06-16 14:27:23,B,1104.0,1,50
2021-06-16 14:27:23,B,1103.15,1,8
2021-06-16 14:27:36,B,1104.0,1,29
2021-06-16 14:27:39,B,1102.85,1,11
2021-06-16 14:27:57,S,1104.75,1,1
2021-06-16 14:27:57,S,1104.95,2,13
2021-06-16 14:28:49,S,1105.3,1,1
2021-06-16 14:28:49,S,1105.5,2,118
2021-06-16 14:29:42,B,1104.35,1,9
2021-06-16 14:29:45,S,1105.3,2,32
2021-06-16 14:29:45,S,1105.4,1,6
2021-06-16 14:29:45,B,1104.05,1,11
2021-06-16 14:29:49,S,1105.35,1,2
2021-06-16 14:29:49,S,1105.8,1,11
2021-06-16 14:30:01,S,1105.45,1,5
2021-06-16 14:30:01,B,1104.8,1,9
2021-06-16 14:30:16,S,1105.5,1,91
2021-06-16 14:30:16,S,1106.1,1,2
2021-06-16 14:30:16,S,1106.4,1,2
2021-06-16 14:30:16,S,1106.6,1,13
2021-06-16 14:30:16,S,1106.65,2,21
2021-06-16 14:30:28,B,1104.75,1,16
2021-06-16 14:30:28,B,1104.45,1,9
2021-06-16 14:30:28,B,1104.05,1,8
2021-06-16 14:30:42,S,1105.5,1,67
2021-06-16 14:30:42,S,1105.75,1,2
2021-06-16 14:30:42,S,1105.95,1,2
2021-06-16 14:30:42,S,1106.25,1,9
2021-06-16 14:30:42,B,1104.75,1,6
2021-06-16 14:30:43,S,1105.5,2,66
2021-06-16 14:30:44,S,1104.75,1,4
2021-06-16 14:30:44,B,1103.9,1,1
2021-06-16 14:30:44,B,1103.6,1,9
2021-06-16 14:30:48,B,1103.7,1,9
2021-06-16 14:30:49,S,1104.9,1,1
2021-06-16 14:30:49,S,1104.95,1,10
2021-06-16 14:31:06,S,1105.25,2,11
2021-06-16 14:31:06,B,1103.5,2,10
2021-06-16 14:31:28,S,1104.95,3,21
2021-06-16 14:31:41,S,1104.95,2,12
2021-06-16 14:31:41,B,1103.8,1,2
2021-06-16 14:32:10,S,1104.85,1,1
2021-06-16 14:32:10,S,1104.95,2,40
2021-06-16 14:32:10,B,1104.05,1,1
2021-06-16 14:32:10,B,1103.3,1,2
2021-06-16 14:32:11,S,1105.0,1,2
2021-06-16 14:32:11,S,1105.25,1,2
2021-06-16 14:32:11,B,1104.0,1,17
2021-06-16 14:32:42,B,1104.05,2,10
2021-06-16 14:32:55,S,1105.85,1,3
2021-06-16 14:33:46,S,1105.45,1,6
2021-06-16 14:34:15,S,1105.7,1,9
2021-06-16 14:34:15,B,1104.05,3,56
2021-06-16 14:34:57,S,1105.35,1,8
2021-06-16 14:34:57,S,1105.75,1,10
2021-06-16 14:34:57,B,1103.9,1,2
2021-06-16 14:34:57,B,1103.85,1,2
2021-06-16 14:34:57,B,1103.75,1,9
2021-06-16 14:35:10,B,1104.15,2,15
2021-06-16 14:35:25,S,1105.45,2,27
2021-06-16 14:35:25,S,1106.05,1,2
2021-06-16 14:35:25,B,1104.05,2,57
2021-06-16 14:35:31,B,1104.1,2,4
2021-06-16 14:35:47,S,1105.45,2,42
2021-06-16 14:35:59,B,1104.2,2,10
2021-06-16 14:35:59,B,1104.05,2,55
2021-06-16 14:36:23,B,1104.5,1,1
2021-06-16 14:36:23,B,1104.45,1,20
2021-06-16 14:36:23,B,1104.2,1,9
2021-06-16 14:36:23,B,1104.15,2,8
2021-06-16 14:36:39,S,1105.4,1,9
2021-06-16 14:36:54,S,1104.95,1,11
2021-06-16 14:36:54,S,1105.15,1,1
2021-06-16 14:36:54,B,1104.2,1,1
2021-06-16 14:37:35,S,1105.45,1,9
2021-06-16 14:37:35,S,1105.5,1,57
2021-06-16 14:37:35,B,1105.05,1,2
2021-06-16 14:37:35,B,1105.0,1,171
2021-06-16 14:37:35,B,1104.35,2,3
2021-06-16 14:37:35,B,1104.15,1,6
2021-06-16 14:37:40,B,1104.1,2,3
2021-06-16 14:38:05,B,1104.05,2,47
2021-06-16 14:38:05,B,1103.45,1,9
2021-06-16 14:38:10,S,1105.4,1,2
2021-06-16 14:38:10,S,1105.45,2,17
2021-06-16 14:38:21,S,1105.2,1,2
2021-06-16 14:38:21,B,1104.15,1,1
2021-06-16 14:38:21,B,1104.1,1,2
2021-06-16 14:38:21,B,1104.05,1,46
2021-06-16 14:38:21,B,1104.0,2,18
2021-06-16 14:38:21,B,1103.6,1,2
2021-06-16 14:38:45,S,1104.0,1,33
2021-06-16 14:39:08,S,1103.9,2,11
2021-06-16 14:39:08,S,1104.15,1,2
2021-06-16 14:39:08,B,1102.25,1,3
2021-06-16 14:39:09,S,1103.95,1,1
2021-06-16 14:39:10,S,1103.95,2,10
2021-06-16 14:39:10,S,1104.0,3,59
2021-06-16 14:39:23,S,1104.1,2,19
2021-06-16 14:39:23,S,1104.25,1,10
2021-06-16 14:39:48,B,1102.55,1,1
2021-06-16 14:39:56,S,1104.25,2,19
2021-06-16 14:40:34,S,1104.0,2,57
2021-06-16 14:40:34,S,1104.2,1,2
2021-06-16 14:40:34,S,1104.5,1,9
2021-06-16 14:40:34,B,1103.0,1,6
2021-06-16 14:40:34,B,1102.5,1,2
2021-06-16 14:40:34,S,1103.6,1,1
2021-06-16 14:40:34,S,1103.65,1,9
2021-06-16 14:40:34,S,1103.95,2,17
2021-06-16 14:41:00,S,1103.4,1,1
2021-06-16 14:41:00,B,1102.25,1,1
2021-06-16 14:41:00,B,1101.9,1,2
2021-06-16 14:41:17,S,1103.6,2,10
2021-06-16 14:41:17,S,1103.65,2,13
2021-06-16 14:41:17,S,1103.7,1,3
2021-06-16 14:41:17,S,1103.9,1,6
2021-06-16 14:41:17,S,1103.95,3,19
2021-06-16 14:41:17,B,1102.35,1,1
2021-06-16 14:41:17,B,1102.2,1,6
2021-06-16 14:41:17,B,1102.05,1,6
2021-06-16 14:41:17,B,1102.0,1,50
2021-06-16 14:42:44,S,1104.3,2,11
2021-06-16 14:43:28,S,1104.85,1,8
2021-06-16 14:43:48,S,1104.0,1,16
2021-06-16 14:43:48,S,1104.6,1,2
2021-06-16 14:43:48,S,1104.8,1,6
2021-06-16 14:43:48,B,1102.4,1,2
2021-06-16 14:43:49,S,1106.45,1,3
2021-06-16 14:43:51,B,1104.05,3,12
2021-06-16 14:44:05,S,1105.7,2,11
2021-06-16 14:44:13,S,1105.0,1,91
2021-06-16 14:44:13,S,1105.15,1,2
2021-06-16 14:44:13,B,1104.05,2,3
2021-06-16 14:44:13,B,1104.0,1,164
2021-06-16 14:44:13,B,1103.95,1,9
2021-06-16 14:44:13,B,1103.55,1,2
2021-06-16 14:44:13,B,1103.45,1,11
2021-06-16 14:44:15,S,1105.65,1,9
2021-06-16 14:44:15,B,1103.6,1,1
2021-06-16 14:44:15,B,1103.55,2,11
2021-06-16 14:44:15,B,1103.25,1,2
2021-06-16 14:44:16,S,1104.95,1,13
2021-06-16 14:44:16,S,1105.1,1,9
2021-06-16 14:44:54,B,1103.05,1,2
2021-06-16 14:45:06,B,1103.0,2,19
2021-06-16 14:45:13,S,1104.95,2,11
2021-06-16 14:45:13,S,1105.65,2,15
2021-06-16 14:45:13,S,1105.7,1,13
2021-06-16 14:45:13,B,1103.25,2,10
2021-06-16 14:45:13,B,1102.85,1,2
2021-06-16 14:45:24,S,1105.55,1,13
2021-06-16 14:45:24,S,1105.6,1,13
2021-06-16 14:45:46,S,1104.95,3,35
2021-06-16 14:45:46,S,1105.45,2,15
2021-06-16 14:45:46,S,1105.5,1,13
2021-06-16 14:45:46,S,1105.65,1,2
2021-06-16 14:45:46,B,1103.2,1,1
2021-06-16 14:45:47,S,1105.0,1,100
2021-06-16 14:46:13,S,1105.4,2,26
2021-06-16 14:46:31,S,1104.65,1,9
2021-06-16 14:46:42,S,1104.65,1,5
2021-06-16 14:46:42,S,1104.85,1,6
2021-06-16 14:46:42,S,1104.9,1,6
2021-06-16 14:46:42,S,1104.95,3,38
2021-06-16 14:46:42,B,1103.1,1,1
2021-06-16 14:46:42,B,1102.6,1,2
2021-06-16 14:46:42,S,1104.95,2,15
2021-06-16 14:46:42,S,1105.8,2,20
2021-06-16 14:46:42,B,1103.1,2,10
2021-06-16 14:47:03,S,1105.65,1,13
2021-06-16 14:47:03,S,1105.7,2,14
2021-06-16 14:47:03,B,1102.85,1,9
2021-06-16 14:47:05,S,1104.95,3,17
2021-06-16 14:47:16,S,1105.75,1,13
2021-06-16 14:47:28,S,1105.7,1,1
2021-06-16 14:47:28,B,1103.1,3,12
2021-06-16 14:47:28,B,1103.05,1,4
2021-06-16 14:47:28,B,1103.0,1,10
2021-06-16 14:47:28,B,1102.55,2,24
2021-06-16 14:47:28,B,1102.5,2,14
2021-06-16 14:48:15,S,1104.95,2,5
2021-06-16 14:48:15,S,1105.35,2,11
2021-06-16 14:48:15,B,1103.35,1,2
2021-06-16 14:48:15,B,1103.3,1,6
2021-06-16 14:48:15,B,1103.2,1,5
2021-06-16 14:48:16,S,1104.35,1,1
2021-06-16 14:48:16,S,1104.4,1,9
2021-06-16 14:48:16,S,1104.75,1,2
2021-06-16 14:48:16,S,1104.95,3,15
2021-06-16 14:48:16,B,1102.4,1,1
2021-06-16 14:48:16,B,1102.35,1,6
2021-06-16 14:48:16,B,1102.3,1,6
2021-06-16 14:48:16,B,1102.05,2,19
2021-06-16 14:48:16,B,1102.0,2,60
2021-06-16 14:48:18,S,1104.9,1,9
2021-06-16 14:48:18,B,1102.45,1,5
2021-06-16 14:48:36,B,1103.35,2,10
2021-06-16 14:48:40,S,1104.95,2,8
2021-06-16 14:48:47,S,1104.95,3,13
2021-06-16 14:48:47,S,1105.45,1,2
2021-06-16 14:48:48,S,1104.95,1,2
2021-06-16 14:48:48,S,1105.75,2,26
2021-06-16 14:48:48,S,1106.0,1,2
2021-06-16 14:48:48,B,1103.55,1,1
2021-06-16 14:48:50,S,1104.95,1,9
2021-06-16 14:48:50,B,1103.25,1,1
2021-06-16 14:49:07,S,1105.25,1,9
2021-06-16 14:49:07,B,1104.0,1,3
2021-06-16 14:49:15,S,1105.0,2,110
2021-06-16 14:49:15,S,1105.05,1,2
2021-06-16 14:49:15,S,1105.5,1,2
2021-06-16 14:49:15,S,1105.75,3,36
2021-06-16 14:49:15,B,1103.2,2,11
2021-06-16 14:49:15,B,1103.15,1,10
2021-06-16 14:49:16,S,1107.35,1,6
2021-06-16 14:49:16,S,1108.0,1,20
2021-06-16 14:49:31,B,1104.95,1,10
2021-06-16 14:49:46,S,1107.35,1,2
2021-06-16 14:49:46,S,1107.45,1,4
2021-06-16 14:49:46,S,1107.9,1,2
2021-06-16 14:49:46,S,1107.95,1,2
2021-06-16 14:49:46,B,1105.65,1,1
2021-06-16 14:49:46,B,1105.6,1,9
2021-06-16 14:49:46,B,1105.25,1,1
2021-06-16 14:49:46,B,1105.05,1,10
2021-06-16 14:50:03,B,1104.8,1,1
2021-06-16 14:50:03,B,1104.5,1,9
2021-06-16 14:50:19,S,1106.65,2,11
2021-06-16 14:50:19,S,1106.95,3,71
2021-06-16 14:50:19,S,1107.35,3,25
2021-06-16 14:50:19,B,1104.8,2,10
2021-06-16 14:50:19,B,1104.75,1,4
2021-06-16 14:50:19,B,1104.7,1,6
2021-06-16 14:50:19,B,1104.65,1,2
2021-06-16 14:50:24,B,1104.0,2,12
2021-06-16 14:50:31,S,1106.25,1,1
2021-06-16 14:50:31,S,1106.3,1,9
2021-06-16 14:50:31,S,1106.5,3,28
2021-06-16 14:50:31,S,1106.65,2,14
2021-06-16 14:50:31,B,1104.4,1,1
2021-06-16 14:50:31,B,1104.35,1,1
2021-06-16 14:50:31,B,1104.3,1,9
2021-06-16 14:50:31,B,1104.05,1,2
2021-06-16 14:50:37,S,1106.45,1,1
2021-06-16 14:50:37,S,1106.5,1,2
2021-06-16 14:50:37,S,1106.6,1,6
2021-06-16 14:50:37,S,1106.65,3,23
2021-06-16 14:50:37,B,1104.95,1,1
2021-06-16 14:50:37,B,1104.9,1,1
2021-06-16 14:50:37,B,1104.85,1,9
2021-06-16 14:50:37,B,1104.8,1,100
2021-06-16 14:50:37,B,1104.25,1,1
2021-06-16 14:50:39,S,1106.65,2,12
2021-06-16 14:50:51,S,1106.6,1,45
2021-06-16 14:50:51,S,1106.65,1,2
2021-06-16 14:50:51,S,1106.9,1,5
2021-06-16 14:50:51,B,1105.1,1,9
2021-06-16 14:50:51,B,1105.0,1,1
2021-06-16 14:50:51,B,1104.9,1,6
2021-06-16 14:51:46,S,1107.2,1,13
2021-06-16 14:51:46,S,1107.25,2,22
2021-06-16 14:51:52,S,1106.9,2,6
2021-06-16 14:51:52,S,1107.3,1,13
2021-06-16 14:51:52,S,1107.35,1,22
2021-06-16 14:52:03,S,1106.9,3,27
2021-06-16 14:52:07,S,1107.25,1,9
2021-06-16 14:52:32,S,1107.0,1,1000
2021-06-16 14:52:32,S,1107.3,1,9
2021-06-16 14:52:32,S,1107.5,1,11
2021-06-16 14:52:32,B,1105.5,1,1
2021-06-16 14:52:32,B,1105.45,1,9
2021-06-16 14:52:32,B,1105.1,1,1
2021-06-16 14:52:38,B,1105.0,1,9
2021-06-16 14:53:16,S,1107.4,1,2
2021-06-16 14:53:26,B,1105.0,2,19
2021-06-16 14:54:44,B,1105.2,1,1
2021-06-16 14:54:44,B,1105.1,2,6
2021-06-16 14:54:50,S,1107.05,1,9
2021-06-16 14:54:50,B,1105.3,2,2
2021-06-16 14:54:50,B,1105.25,1,9
2021-06-16 14:54:50,B,1105.05,1,6
2021-06-16 14:54:54,S,1107.0,2,1100
2021-06-16 14:54:54,S,1107.2,1,9
2021-06-16 14:54:54,S,1107.25,1,11
2021-06-16 14:54:54,B,1105.45,1,1
2021-06-16 14:54:54,B,1105.4,1,9
2021-06-16 14:54:54,B,1105.3,2,7
2021-06-16 14:54:54,B,1105.1,1,5
2021-06-16 14:55:03,S,1106.75,1,1
2021-06-16 14:55:03,S,1106.8,1,9
2021-06-16 14:55:03,S,1106.95,1,8
2021-06-16 14:55:10,S,1106.55,1,1
2021-06-16 14:55:10,S,1106.6,1,9
2021-06-16 14:55:10,S,1106.75,1,10
2021-06-16 14:55:10,S,1106.85,1,45
2021-06-16 14:55:10,S,1106.9,3,26
2021-06-16 14:55:10,B,1105.15,1,1
2021-06-16 14:55:10,B,1105.1,1,6
2021-06-16 14:55:10,B,1105.05,2,16
2021-06-16 14:55:10,B,1105.0,1,10
2021-06-16 14:55:10,B,1104.9,2,256
2021-06-16 14:55:12,S,1105.6,1,7
2021-06-16 14:55:12,B,1102.7,2,7
2021-06-16 14:55:12,B,1102.65,2,19
2021-06-16 14:55:14,S,1105.55,1,8
2021-06-16 14:55:14,S,1105.6,2,8
2021-06-16 14:55:14,S,1106.05,3,5
2021-06-16 14:55:14,B,1103.5,1,9
2021-06-16 14:55:14,B,1102.8,1,1
2021-06-16 14:55:16,S,1105.55,1,1
2021-06-16 14:55:16,S,1106.0,1,1
2021-06-16 14:55:16,S,1106.05,2,4
2021-06-16 14:55:16,S,1106.1,1,3
2021-06-16 14:55:16,B,1102.75,1,1
2021-06-16 14:55:18,S,1105.5,1,8
2021-06-16 14:55:18,S,1106.05,4,14
2021-06-16 14:55:18,B,1102.9,1,1
2021-06-16 14:55:21,S,1105.1,1,1
2021-06-16 14:55:21,S,1105.15,2,10
2021-06-16 14:55:21,B,1103.4,1,9
2021-06-16 14:55:21,B,1102.7,1,6
2021-06-16 14:55:23,S,1105.1,2,10
2021-06-16 14:55:23,S,1105.15,2,9
2021-06-16 14:55:23,S,1105.6,1,1
2021-06-16 14:55:23,S,1105.75,1,9
2021-06-16 14:55:23,B,1102.9,1,6
2021-06-16 14:55:23,B,1102.85,1,8
2021-06-16 14:55:52,S,1105.45,1,1
2021-06-16 14:55:52,S,1105.5,1,6
2021-06-16 14:55:52,S,1106.05,1,10
2021-06-16 14:55:52,S,1106.15,1,6
2021-06-16 14:55:52,S,1106.35,1,9
2021-06-16 14:55:52,B,1103.3,1,9
2021-06-16 14:55:52,B,1103.2,1,13
2021-06-16 14:55:52,B,1103.15,2,14
2021-06-16 14:55:56,S,1104.95,1,1
2021-06-16 14:55:56,S,1105.0,1,9
2021-06-16 14:55:56,S,1105.45,1,10
2021-06-16 14:55:56,S,1105.5,1,1
2021-06-16 14:55:56,S,1105.75,1,11
2021-06-16 14:55:57,S,1105.7,1,2
2021-06-16 14:55:57,S,1105.75,1,1
2021-06-16 14:56:10,B,1103.3,2,10
2021-06-16 14:56:20,B,1103.2,1,9
2021-06-16 14:56:25,B,1103.0,1,1
2021-06-16 14:56:27,S,1105.05,1,1
2021-06-16 14:56:27,S,1105.1,1,8
2021-06-16 14:56:27,S,1105.25,1,1
2021-06-16 14:56:27,B,1103.4,1,1
2021-06-16 14:56:27,B,1103.35,1,1
2021-06-16 14:56:29,B,1103.1,1,9
2021-06-16 14:56:31,B,1103.05,1,1
2021-06-16 14:56:37,S,1105.1,1,4
2021-06-16 14:56:37,S,1105.15,1,8
2021-06-16 14:56:37,S,1105.7,2,3
2021-06-16 14:56:37,S,1105.75,2,12
2021-06-16 14:56:37,S,1105.8,1,10
2021-06-16 14:56:37,B,1103.5,1,1
2021-06-16 14:56:37,B,1103.45,1,1
2021-06-16 14:56:37,B,1103.3,1,1
2021-06-16 14:56:37,B,1103.25,1,9
2021-06-16 14:56:37,B,1103.15,1,11
2021-06-16 14:56:41,S,1103.85,1,7
2021-06-16 14:56:41,S,1104.25,1,11
2021-06-16 14:56:41,S,1104.55,1,11
2021-06-16 14:56:41,S,1104.65,1,1
2021-06-16 14:56:41,B,1102.15,1,9
2021-06-16 14:56:41,B,1101.85,1,1
2021-06-16 14:56:45,S,1104.2,2,7
2021-06-16 14:56:47,B,1102.15,1,13
2021-06-16 14:56:49,B,1102.25,2,10
2021-06-16 14:56:52,S,1104.85,1,11
2021-06-16 14:56:54,S,1104.25,1,8
2021-06-16 14:56:54,S,1104.35,1,9
2021-06-16 14:56:54,S,1104.8,1,1
2021-06-16 14:56:54,B,1102.5,1,1
2021-06-16 14:56:54,B,1102.45,1,9
2021-06-16 14:56:55,S,1105.05,1,6
2021-06-16 14:56:55,B,1102.55,1,10
2021-06-16 14:56:59,S,1104.25,1,21
2021-06-16 14:57:00,S,1104.45,1,9
2021-06-16 14:57:45,S,1104.25,1,20
2021-06-16 14:57:45,S,1104.35,1,7
2021-06-16 14:57:45,B,1102.7,1,1
2021-06-16 14:57:45,B,1102.65,1,9
2021-06-16 14:57:54,S,1104.2,1,1
2021-06-16 14:57:54,S,1104.25,2,26
2021-06-16 14:57:54,S,1104.45,2,10
2021-06-16 14:57:54,B,1102.6,1,1
2021-06-16 14:57:54,B,1102.55,1,9
2021-06-16 14:57:54,B,1102.3,1,1
2021-06-16 14:57:58,B,1102.5,1,12
2021-06-16 14:57:58,B,1102.0,5,114
2021-06-16 14:58:12,S,1104.2,2,10
2021-06-16 14:58:12,S,1104.25,3,37
2021-06-16 14:58:12,S,1104.3,1,6
2021-06-16 14:58:12,S,1104.45,1,1
2021-06-16 14:58:12,S,1104.55,1,10
2021-06-16 14:58:12,B,1102.05,1,13
2021-06-16 14:58:12,B,1101.95,1,11
2021-06-16 14:58:12,B,1101.65,4,33
2021-06-16 14:58:14,S,1104.25,1,2
2021-06-16 14:58:14,S,1104.3,1,3
2021-06-16 14:58:14,S,1104.7,1,6
2021-06-16 14:58:14,B,1103.4,1,2
2021-06-16 14:58:14,B,1103.35,1,9
2021-06-16 14:58:16,B,1102.9,1,2
2021-06-16 14:58:16,B,1102.55,1,11
2021-06-16 14:58:22,S,1104.3,1,2
2021-06-16 14:58:22,S,1105.05,1,9
2021-06-16 14:58:22,S,1105.45,1,11
2021-06-16 14:58:22,B,1104.2,1,2
2021-06-16 14:58:22,B,1103.2,1,2
2021-06-16 14:58:22,B,1103.15,1,9
2021-06-16 14:58:22,B,1102.85,1,10
2021-06-16 14:58:25,S,1104.3,1,9
2021-06-16 14:58:25,S,1104.35,1,8
2021-06-16 14:58:25,S,1104.9,2,7
2021-06-16 14:58:25,S,1104.95,1,12
2021-06-16 14:58:25,S,1105.15,1,9
2021-06-16 14:58:25,B,1102.7,1,2
2021-06-16 14:58:25,B,1102.65,1,1
2021-06-16 14:58:25,B,1102.6,1,9
2021-06-16 14:58:25,B,1102.25,1,8
2021-06-16 14:58:25,B,1102.2,1,1
2021-06-16 14:58:37,S,1103.15,1,2
2021-06-16 14:58:37,S,1103.2,1,9
2021-06-16 14:58:37,S,1103.65,1,8
2021-06-16 14:58:37,S,1103.85,1,1
2021-06-16 14:58:37,B,1101.5,1,9
2021-06-16 14:58:49,S,1104.3,2,9
2021-06-16 14:58:49,S,1104.35,1,6
2021-06-16 14:58:49,S,1104.4,1,1
2021-06-16 14:58:49,S,1104.6,1,9
2021-06-16 14:58:49,S,1104.85,1,9
2021-06-16 14:58:49,B,1102.95,1,2
2021-06-16 14:58:49,B,1102.9,1,9
2021-06-16 14:58:49,B,1102.25,1,9
2021-06-16 14:58:50,B,1102.15,1,2
2021-06-16 14:58:50,B,1102.1,1,9
2021-06-16 14:58:52,S,1103.75,1,2
2021-06-16 14:58:52,S,1104.15,1,9
2021-06-16 14:58:52,S,1104.3,1,1
2021-06-16 14:58:57,S,1103.8,2,9
2021-06-16 14:58:57,B,1102.05,1,2
2021-06-16 14:58:57,B,1101.95,1,9
2021-06-16 14:59:11,S,1103.95,1,8
2021-06-16 14:59:11,S,1104.25,1,9
2021-06-16 14:59:11,B,1102.25,1,2
2021-06-16 14:59:11,B,1102.2,1,9
2021-06-16 14:59:11,B,1101.65,2,19
2021-06-16 14:59:21,S,1103.65,1,2
2021-06-16 14:59:21,S,1103.7,1,6
2021-06-16 14:59:21,S,1103.75,1,6
2021-06-16 14:59:21,S,1103.9,1,9
2021-06-16 14:59:21,B,1102.05,1,9
2021-06-16 14:59:40,B,1102.0,4,113
2021-06-16 14:59:45,B,1101.85,1,9
2021-06-16 14:59:45,B,1101.65,1,11
2021-06-16 14:59:53,B,1102.15,1,45
2021-06-16 15:00:05,S,1103.4,1,2
2021-06-16 15:00:05,S,1103.45,1,9
2021-06-16 15:00:05,B,1101.4,2,6
2021-06-16 15:00:10,S,1103.7,1,9
2021-06-16 15:00:10,B,1101.75,2,108
2021-06-16 15:00:22,B,1101.4,1,3
2021-06-16 15:00:25,S,1103.35,2,20
2021-06-16 15:00:25,B,1102.15,2,50
2021-06-16 15:00:28,S,1103.3,1,2
2021-06-16 15:00:28,S,1103.35,1,9
2021-06-16 15:00:37,S,1103.65,2,33
2021-06-16 15:00:45,S,1103.8,1,1
2021-06-16 15:00:45,B,1101.5,1,1
2021-06-16 15:00:57,S,1103.45,1,2
2021-06-16 15:00:57,S,1103.5,1,1
2021-06-16 15:00:57,S,1103.65,1,24
2021-06-16 15:00:57,S,1103.8,2,10
2021-06-16 15:00:57,S,1104.1,1,10
2021-06-16 15:00:57,B,1102.15,3,54
2021-06-16 15:00:57,B,1102.0,3,68
2021-06-16 15:00:57,B,1101.75,1,99
2021-06-16 15:00:57,B,1101.65,1,12
2021-06-16 15:00:57,B,1101.6,1,9
2021-06-16 15:00:59,S,1101.95,1,45
2021-06-16 15:01:11,S,1101.7,2,58
2021-06-16 15:01:11,S,1102.0,1,878
2021-06-16 15:01:14,S,1102.0,1,445
2021-06-16 15:01:14,S,1102.4,2,12
2021-06-16 15:01:14,S,1103.25,1,13
2021-06-16 15:01:16,B,1101.0,3,20
2021-06-16 15:01:16,B,1100.4,2,10
2021-06-16 15:01:37,S,1101.65,1,2
2021-06-16 15:01:37,S,1101.7,1,9
2021-06-16 15:01:45,B,1100.1,1,9
2021-06-16 15:01:48,S,1103.05,1,13
2021-06-16 15:01:54,B,1100.3,2,10
2021-06-16 15:01:54,B,1100.05,1,13
2021-06-16 15:01:56,S,1101.9,1,9
2021-06-16 15:01:56,B,1100.0,25,325
2021-06-16 15:02:00,S,1103.1,1,13
2021-06-16 15:02:04,S,1103.15,1,13
2021-06-16 15:02:04,S,1103.2,1,13
2021-06-16 15:02:04,B,1100.65,1,2
2021-06-16 15:02:04,B,1100.6,1,20
2021-06-16 15:02:04,B,1100.55,1,1
2021-06-16 15:02:13,S,1101.45,1,6
2021-06-16 15:02:13,S,1101.6,1,1
2021-06-16 15:02:13,S,1101.95,3,20
2021-06-16 15:02:19,S,1101.95,2,16
2021-06-16 15:02:19,S,1102.0,2,439
2021-06-16 15:02:19,S,1102.4,1,1
2021-06-16 15:02:19,S,1102.8,1,1
2021-06-16 15:02:19,S,1103.1,1,1
2021-06-16 15:02:19,B,1101.4,1,50
2021-06-16 15:02:19,B,1100.6,1,2
2021-06-16 15:02:19,B,1100.55,1,9
2021-06-16 15:02:19,B,1100.3,1,1
2021-06-16 15:02:19,B,1100.0,9,179
2021-06-16 15:02:27,S,1100.0,1,19
2021-06-16 15:02:27,S,1101.7,1,2
2021-06-16 15:02:31,S,1100.0,2,38
2021-06-16 15:02:31,S,1100.85,1,1
2021-06-16 15:02:37,S,1101.35,1,9
2021-06-16 15:02:37,S,1101.65,2,7
2021-06-16 15:02:46,B,1099.85,1,9
2021-06-16 15:02:51,S,1101.75,2,7
2021-06-16 15:02:51,S,1101.85,1,6
2021-06-16 15:02:51,S,1101.9,1,6
2021-06-16 15:02:51,B,1100.2,1,2
2021-06-16 15:02:51,B,1100.0,1,5
2021-06-16 15:02:51,B,1099.3,1,35
2021-06-16 15:02:52,S,1101.2,1,2
2021-06-16 15:02:52,S,1101.25,1,9
2021-06-16 15:02:52,S,1101.75,1,6
2021-06-16 15:02:52,S,1101.8,1,6
2021-06-16 15:02:55,B,1099.0,5,44
2021-06-16 15:03:04,S,1100.85,1,2
2021-06-16 15:03:04,S,1100.9,1,9
2021-06-16 15:03:04,B,1099.35,1,2
2021-06-16 15:03:04,B,1099.3,1,5
2021-06-16 15:03:04,B,1099.25,4,126
2021-06-16 15:03:04,B,1099.05,1,1
2021-06-16 15:03:06,S,1100.75,1,2
2021-06-16 15:03:06,S,1100.8,2,9
2021-06-16 15:03:06,S,1100.95,1,3
2021-06-16 15:03:06,S,1101.4,1,3
2021-06-16 15:03:06,B,1096.8,1,1
2021-06-16 15:03:10,S,1099.2,1,2
2021-06-16 15:03:10,S,1099.25,1,9
2021-06-16 15:03:10,S,1099.75,1,1
2021-06-16 15:03:10,S,1100.1,1,1
2021-06-16 15:03:10,S,1100.2,2,26
2021-06-16 15:03:10,B,1098.1,1,4
2021-06-16 15:03:10,B,1098.0,5,15
2021-06-16 15:03:10,B,1097.7,1,9
2021-06-16 15:03:10,B,1097.65,1,3
2021-06-16 15:03:13,B,1096.55,1,11
2021-06-16 15:03:13,B,1096.5,1,1
2021-06-16 15:03:15,S,1098.25,1,2
2021-06-16 15:03:15,S,1098.3,1,1
2021-06-16 15:03:15,B,1097.45,3,5
2021-06-16 15:03:15,B,1096.75,2,16
2021-06-16 15:03:22,S,1098.25,1,1
2021-06-16 15:03:22,S,1098.3,1,2
2021-06-16 15:03:22,B,1097.4,1,1
2021-06-16 15:03:22,B,1096.85,1,2
2021-06-16 15:03:29,S,1098.0,1,8
2021-06-16 15:03:35,S,1098.35,3,27
2021-06-16 15:03:35,S,1098.65,1,9
2021-06-16 15:03:35,B,1097.5,1,20
2021-06-16 15:03:35,B,1097.45,1,1
2021-06-16 15:03:35,B,1097.35,2,4
2021-06-16 15:03:36,S,1098.35,4,29
2021-06-16 15:03:36,S,1098.7,1,1
2021-06-16 15:03:36,B,1096.8,1,9
2021-06-16 15:03:40,S,1098.35,2,26
2021-06-16 15:03:40,S,1098.4,1,25
2021-06-16 15:03:40,S,1098.65,2,3
2021-06-16 15:03:40,S,1098.9,1,9
2021-06-16 15:03:40,S,1099.3,1,1
2021-06-16 15:03:40,B,1097.5,1,16
2021-06-16 15:03:40,B,1096.95,1,1
2021-06-16 15:03:42,B,1097.55,2,14
2021-06-16 15:03:42,B,1097.5,3,119
2021-06-16 15:03:44,S,1100.6,1,1
2021-06-16 15:03:44,B,1097.5,4,120
2021-06-16 15:03:55,S,1100.45,1,2
2021-06-16 15:03:55,B,1098.6,1,2
2021-06-16 15:03:57,S,1099.65,1,2
2021-06-16 15:03:57,S,1099.7,1,9
2021-06-16 15:03:57,B,1098.2,1,2
2021-06-16 15:03:57,B,1097.6,2,11
2021-06-16 15:04:01,S,1099.75,1,6
2021-06-16 15:04:01,S,1099.75,2,7
2021-06-16 15:04:01,S,1099.8,1,8
2021-06-16 15:04:01,S,1099.95,1,9
2021-06-16 15:04:01,B,1098.7,1,10
2021-06-16 15:04:01,B,1098.3,1,2
2021-06-16 15:04:01,B,1098.05,1,1
2021-06-16 15:04:10,S,1099.5,1,2
2021-06-16 15:04:10,S,1099.55,2,10
2021-06-16 15:04:10,S,1100.05,3,27
2021-06-16 15:04:10,B,1098.25,1,12
2021-06-16 15:04:12,S,1099.5,3,28
2021-06-16 15:04:12,S,1099.55,3,17
2021-06-16 15:04:12,B,1097.9,1,2
2021-06-16 15:04:12,B,1097.85,1,9
2021-06-16 15:04:18,S,1099.3,1,2
2021-06-16 15:04:18,S,1099.35,1,9
2021-06-16 15:04:18,B,1097.65,2,11
2021-06-16 15:04:18,B,1097.5,2,116
2021-06-16 15:04:22,S,1099.35,2,8
2021-06-16 15:04:22,S,1099.4,1,7
2021-06-16 15:04:22,S,1099.45,1,8
2021-06-16 15:04:22,B,1098.5,1,16
2021-06-16 15:04:22,B,1098.05,1,2
2021-06-16 15:04:22,B,1097.8,1,9
2021-06-16 15:04:24,S,1099.1,2,10
2021-06-16 15:04:24,S,1099.3,2,5
2021-06-16 15:04:24,S,1099.55,1,1
2021-06-16 15:04:37,S,1099.15,1,2
2021-06-16 15:04:37,S,1099.2,1,9
2021-06-16 15:04:37,S,1099.3,1,3
2021-06-16 15:04:37,B,1097.55,1,2
2021-06-16 15:04:37,B,1097.45,2,59
2021-06-16 15:04:37,B,1097.4,1,12
2021-06-16 15:04:45,S,1098.0,1,36
2021-06-16 15:04:45,S,1098.7,1,2
2021-06-16 15:04:45,S,1098.75,1,9
2021-06-16 15:04:45,S,1099.05,1,1
2021-06-16 15:04:45,S,1099.1,1,1
2021-06-16 15:04:45,B,1097.5,1,100
2021-06-16 15:04:45,B,1097.05,1,2
2021-06-16 15:04:45,B,1097.0,4,13
2021-06-16 15:04:45,B,1096.85,2,10
2021-06-16 15:04:50,S,1099.8,1,9
2021-06-16 15:04:53,B,1098.05,1,9
2021-06-16 15:04:56,S,1099.9,1,9
2021-06-16 15:04:59,S,1099.3,2,9
2021-06-16 15:05:03,S,1100.1,2,40
2021-06-16 15:05:03,B,1098.25,1,2
2021-06-16 15:05:03,B,1097.6,1,1
2021-06-16 15:05:10,S,1099.55,1,6
2021-06-16 15:05:12,S,1100.1,1,31
2021-06-16 15:05:12,S,1100.5,1,1
2021-06-16 15:05:12,B,1098.35,1,2
2021-06-16 15:05:12,B,1098.3,1,10
2021-06-16 15:05:20,S,1100.05,1,1
2021-06-16 15:05:20,B,1098.3,2,19
2021-06-16 15:05:23,S,1099.5,2,26
2021-06-16 15:05:23,B,1098.1,2,180
2021-06-16 15:05:30,S,1100.0,1,9
2021-06-16 15:05:30,B,1097.9,1,1
2021-06-16 15:05:33,S,1099.45,2,11
2021-06-16 15:05:33,S,1099.5,3,49
2021-06-16 15:05:35,S,1099.5,3,47
2021-06-16 15:05:35,S,1099.55,1,7
2021-06-16 15:05:35,S,1099.6,1,1
2021-06-16 15:05:35,S,1099.75,1,5
2021-06-16 15:05:35,S,1099.85,1,13
2021-06-16 15:05:35,B,1098.15,1,2
2021-06-16 15:05:35,B,1097.6,1,9
2021-06-16 15:05:35,B,1097.55,1,1
2021-06-16 15:05:37,S,1101.2,2,3
2021-06-16 15:05:37,S,1101.95,4,30
2021-06-16 15:05:40,S,1101.05,1,2
2021-06-16 15:05:40,S,1101.2,1,1
2021-06-16 15:05:40,B,1099.5,1,25
2021-06-16 15:05:40,B,1098.6,2,2
2021-06-16 15:05:46,S,1101.0,1,1
2021-06-16 15:05:54,B,1098.6,1,1
2021-06-16 15:05:54,B,1098.25,1,9
2021-06-16 15:05:57,S,1099.6,1,9
2021-06-16 15:06:01,B,1098.15,1,9
2021-06-16 15:06:01,B,1098.1,1,171
2021-06-16 15:06:01,B,1097.85,1,1
2021-06-16 15:06:10,B,1097.45,1,50
2021-06-16 15:06:21,B,1098.0,1,10
2021-06-16 15:06:44,B,1098.0,2,11
2021-06-16 15:06:51,B,1097.55,2,26
2021-06-16 15:06:51,B,1097.5,2,101
2021-06-16 15:06:52,B,1097.55,1,13
2021-06-16 15:06:54,B,1098.35,1,1
2021-06-16 15:07:00,B,1098.45,1,1
2021-06-16 15:07:03,S,1100.1,1,9
2021-06-16 15:07:03,B,1098.0,3,12
2021-06-16 15:07:13,B,1098.45,2,10
2021-06-16 15:07:13,B,1098.4,1,10
2021-06-16 15:07:25,S,1099.9,1,2
2021-06-16 15:07:25,S,1099.95,3,19
2021-06-16 15:07:25,S,1100.25,2,10
2021-06-16 15:07:25,B,1098.55,1,1
2021-06-16 15:07:25,B,1098.45,1,9
2021-06-16 15:07:34,S,1099.8,1,2
2021-06-16 15:07:34,S,1099.85,1,9
2021-06-16 15:07:34,S,1099.9,1,27
2021-06-16 15:07:34,S,1099.95,2,11
2021-06-16 15:07:34,B,1098.3,1,1
2021-06-16 15:07:34,B,1098.2,1,9
2021-06-16 15:07:36,B,1098.6,1,9
2021-06-16 15:07:42,S,1099.95,1,10
2021-06-16 15:07:42,S,1100.8,1,1
2021-06-16 15:07:42,B,1098.85,1,2
2021-06-16 15:07:42,B,1098.5,1,10
2021-06-16 15:07:51,S,1099.95,2,12
2021-06-16 15:07:53,S,1099.95,2,7
2021-06-16 15:07:53,B,1098.55,1,2
2021-06-16 15:07:53,B,1098.5,2,19
2021-06-16 15:08:00,S,1100.3,1,9
2021-06-16 15:08:21,S,1100.45,1,9
2021-06-16 15:08:27,S,1099.95,1,5
2021-06-16 15:08:27,S,1100.15,1,2
2021-06-16 15:08:27,S,1100.2,1,9
2021-06-16 15:08:27,S,1100.7,1,12
2021-06-16 15:08:27,B,1098.65,1,2
2021-06-16 15:08:27,B,1098.5,1,9
2021-06-16 15:08:30,S,1100.0,1,8
2021-06-16 15:08:30,S,1100.25,1,2
2021-06-16 15:08:30,S,1100.35,1,9
2021-06-16 15:08:30,B,1098.75,1,2
2021-06-16 15:08:30,B,1098.7,1,9
2021-06-16 15:08:30,B,1098.15,1,1
2021-06-16 15:08:31,S,1101.1,1,1
2021-06-16 15:08:31,B,1098.6,1,10
2021-06-16 15:08:31,B,1098.2,1,1
2021-06-16 15:08:34,S,1101.05,1,9
2021-06-16 15:08:43,S,1101.3,1,9
2021-06-16 15:08:46,S,1101.45,2,10
2021-06-16 15:08:50,B,1100.0,2,12
2021-06-16 15:08:51,S,1101.5,1,2
2021-06-16 15:08:51,B,1100.0,1,10
2021-06-16 15:08:59,S,1101.4,3,12
2021-06-16 15:08:59,S,1101.55,1,12
2021-06-16 15:08:59,B,1099.2,1,1
2021-06-16 15:09:04,S,1101.4,2,10
2021-06-16 15:09:04,B,1100.0,1,4
2021-06-16 15:09:04,B,1099.7,1,1
2021-06-16 15:09:07,S,1101.4,1,2
2021-06-16 15:09:27,S,1101.35,2,10
2021-06-16 15:09:27,B,1099.95,1,30
2021-06-16 15:09:33,S,1101.35,2,5
2021-06-16 15:09:33,S,1101.45,1,1
2021-06-16 15:09:33,S,1101.95,3,27
2021-06-16 15:09:33,B,1098.85,1,1
2021-06-16 15:09:39,S,1101.9,1,2
2021-06-16 15:09:39,S,1102.35,1,13
2021-06-16 15:09:39,B,1100.25,1,2
2021-06-16 15:09:39,B,1100.2,1,9
2021-06-16 15:09:52,S,1101.0,1,10
2021-06-16 15:09:52,S,1101.15,1,9
2021-06-16 15:09:52,S,1101.35,1,2
2021-06-16 15:09:52,S,1101.4,1,1
2021-06-16 15:09:52,S,1101.95,2,14
2021-06-16 15:09:52,B,1099.95,2,31
2021-06-16 15:09:52,B,1099.45,1,9
2021-06-16 15:09:53,S,1101.95,1,13
2021-06-16 15:09:53,B,1100.25,1,9
2021-06-16 15:09:56,S,1102.4,2,22
2021-06-16 15:09:58,S,1101.6,1,9
2021-06-16 15:09:58,S,1101.65,1,13
2021-06-16 15:09:58,B,1099.55,1,2
2021-06-16 15:10:01,S,1102.4,1,11
2021-06-16 15:10:01,B,1100.05,1,2
2021-06-16 15:10:01,B,1100.0,1,9
2021-06-16 15:10:05,B,1100.0,1,2
2021-06-16 15:10:05,B,1099.9,1,5
2021-06-16 15:10:05,B,1099.5,1,1
2021-06-16 15:10:07,S,1102.05,1,1
2021-06-16 15:10:07,B,1101.0,1,5
2021-06-16 15:10:07,B,1100.4,1,2
2021-06-16 15:10:07,B,1100.35,1,9
2021-06-16 15:10:07,B,1100.1,1,1
2021-06-16 15:10:07,B,1099.95,1,1
2021-06-16 15:10:24,S,1101.65,1,4
2021-06-16 15:10:24,S,1101.7,2,2
2021-06-16 15:10:24,S,1102.0,1,433
2021-06-16 15:10:27,S,1101.45,3,10
2021-06-16 15:10:27,S,1101.75,2,16
2021-06-16 15:10:27,B,1098.4,1,4
2021-06-16 15:10:27,B,1098.3,2,16
2021-06-16 15:10:29,S,1101.45,1,3
2021-06-16 15:10:29,S,1101.7,1,3
2021-06-16 15:10:29,B,1098.7,1,4
2021-06-16 15:10:29,B,1098.25,2,22
2021-06-16 15:10:32,S,1101.35,2,7
2021-06-16 15:10:32,S,1101.5,1,1
2021-06-16 15:10:32,S,1102.0,3,439
2021-06-16 15:10:32,B,1099.45,1,4
2021-06-16 15:10:32,B,1099.4,1,9
2021-06-16 15:10:36,S,1101.35,3,9
2021-06-16 15:10:36,S,1101.75,2,6
2021-06-16 15:10:36,S,1101.8,1,13
2021-06-16 15:10:36,S,1101.95,1,23
2021-06-16 15:10:36,B,1099.15,1,4
2021-06-16 15:10:36,B,1099.1,1,1
2021-06-16 15:10:36,B,1098.65,1,1
2021-06-16 15:10:36,B,1098.35,2,2
2021-06-16 15:10:36,B,1098.3,3,17
2021-06-16 15:10:38,S,1099.95,1,4
2021-06-16 15:10:38,S,1101.3,2,2
2021-06-16 15:10:38,B,1098.15,1,13
2021-06-16 15:10:41,B,1098.2,2,12
2021-06-16 15:10:52,S,1099.95,2,6
2021-06-16 15:10:52,S,1101.45,2,2
2021-06-16 15:10:52,B,1097.7,1,1
2021-06-16 15:10:55,S,1100.0,2,12
2021-06-16 15:10:55,S,1100.25,1,4
2021-06-16 15:10:59,S,1099.9,2,7
2021-06-16 15:10:59,S,1099.95,1,2
2021-06-16 15:10:59,S,1100.0,3,24
2021-06-16 15:10:59,S,1100.3,1,1
2021-06-16 15:10:59,B,1098.2,1,3
2021-06-16 15:10:59,B,1098.1,2,185
2021-06-16 15:10:59,B,1098.0,2,2
2021-06-16 15:11:01,S,1099.85,1,3
2021-06-16 15:11:01,S,1100.0,3,19
2021-06-16 15:11:01,B,1098.6,1,4
2021-06-16 15:11:01,B,1098.55,1,9
2021-06-16 15:11:01,B,1098.25,2,24
2021-06-16 15:11:01,B,1098.2,1,13
2021-06-16 15:11:04,S,1099.8,1,1
2021-06-16 15:11:04,S,1099.95,1,1
2021-06-16 15:11:09,S,1099.6,2,15
2021-06-16 15:11:09,S,1099.65,1,3
2021-06-16 15:11:09,S,1100.0,1,4
2021-06-16 15:11:09,S,1100.2,1,1
2021-06-16 15:11:09,S,1100.25,1,1
2021-06-16 15:11:09,B,1099.05,1,13
2021-06-16 15:11:09,B,1098.35,1,4
2021-06-16 15:11:09,B,1098.3,1,9
2021-06-16 15:11:13,S,1100.0,2,7
2021-06-16 15:11:13,S,1100.65,1,1
2021-06-16 15:11:13,S,1100.7,1,1
2021-06-16 15:11:13,B,1099.2,1,4
2021-06-16 15:11:13,B,1099.15,1,9
2021-06-16 15:11:13,B,1099.0,2,59
2021-06-16 15:11:19,S,1100.95,1,4
2021-06-16 15:11:19,B,1099.15,1,3
2021-06-16 15:11:19,B,1099.1,2,19
2021-06-16 15:11:22,S,1100.65,1,2
2021-06-16 15:11:22,S,1100.9,1,4
2021-06-16 15:11:22,S,1100.95,1,13
2021-06-16 15:11:22,B,1098.8,1,9
2021-06-16 15:11:24,S,1100.65,2,3
2021-06-16 15:11:27,S,1100.65,2,2
2021-06-16 15:11:27,S,1100.95,2,17
2021-06-16 15:11:27,S,1101.25,1,3
2021-06-16 15:11:27,B,1099.1,1,3
2021-06-16 15:11:27,B,1099.05,1,26
2021-06-16 15:11:33,B,1098.75,1,1
2021-06-16 15:11:46,S,1101.3,1,5
2021-06-16 15:12:01,S,1100.6,2,30
2021-06-16 15:12:01,S,1100.65,2,26
2021-06-16 15:12:01,S,1101.05,1,1
2021-06-16 15:12:01,S,1101.55,1,1
2021-06-16 15:12:01,B,1099.1,2,8
2021-06-16 15:12:01,B,1099.0,1,50
2021-06-16 15:12:01,B,1098.75,2,10
2021-06-16 15:12:01,B,1098.25,1,11
2021-06-16 15:12:01,B,1098.15,2,14
2021-06-16 15:12:03,S,1101.0,3,28
2021-06-16 15:12:03,S,1102.4,1,8
2021-06-16 15:12:03,B,1100.05,1,3
2021-06-16 15:12:03,B,1099.65,1,9
2021-06-16 15:12:03,B,1099.1,1,5
2021-06-16 15:12:12,B,1099.95,1,12
2021-06-16 15:12:23,S,1102.55,1,1
2021-06-16 15:12:23,B,1100.2,1,3
2021-06-16 15:12:23,B,1100.15,1,9
2021-06-16 15:12:23,B,1099.95,1,13
2021-06-16 15:12:35,S,1100.2,1,2
2021-06-16 15:12:35,S,1101.95,2,30
2021-06-16 15:12:35,S,1102.1,1,1
2021-06-16 15:12:35,B,1100.05,1,5
2021-06-16 15:12:35,B,1099.95,1,11
2021-06-16 15:12:43,S,1101.0,1,25
2021-06-16 15:12:43,S,1101.85,1,26
2021-06-16 15:12:43,S,1101.9,1,13
2021-06-16 15:12:43,B,1100.05,2,25
2021-06-16 15:12:43,B,1099.6,1,9
2021-06-16 15:12:43,B,1099.1,2,37
2021-06-16 15:12:48,S,1101.65,2,27
2021-06-16 15:12:48,S,1101.7,1,13
2021-06-16 15:12:48,S,1102.0,2,483
2021-06-16 15:12:48,B,1100.2,1,50
2021-06-16 15:12:48,B,1100.05,3,34
2021-06-16 15:12:48,B,1100.0,1,50
2021-06-16 15:12:49,S,1101.8,1,26
2021-06-16 15:12:49,S,1101.85,1,13
2021-06-16 15:12:49,B,1100.05,2,29
2021-06-16 15:12:49,B,1099.1,1,11
2021-06-16 15:12:58,S,1101.0,2,27
2021-06-16 15:12:58,S,1101.6,1,4
2021-06-16 15:12:58,S,1101.65,1,1
2021-06-16 15:12:58,S,1101.7,1,26
2021-06-16 15:12:58,S,1101.75,1,13
2021-06-16 15:12:58,B,1100.2,2,54
2021-06-16 15:12:58,B,1100.05,1,20
2021-06-16 15:12:58,B,1100.0,2,51
2021-06-16 15:12:58,B,1099.9,1,9
2021-06-16 15:12:58,B,1099.35,1,1
2021-06-16 15:13:01,S,1098.5,1,4
2021-06-16 15:13:01,S,1098.55,1,5
2021-06-16 15:13:01,S,1098.6,1,2
2021-06-16 15:13:01,S,1100.05,1,2
2021-06-16 15:13:01,S,1100.3,1,2
2021-06-16 15:13:01,B,1096.8,1,3
2021-06-16 15:13:01,B,1096.35,1,1
2021-06-16 15:13:01,B,1096.05,1,1
2021-06-16 15:13:04,S,1097.55,2,7
2021-06-16 15:13:06,S,1097.85,1,4
2021-06-16 15:13:06,S,1097.9,1,9
2021-06-16 15:13:32,S,1097.55,1,4
2021-06-16 15:13:32,S,1098.0,2,13
2021-06-16 15:13:32,S,1098.35,1,1
2021-06-16 15:13:37,S,1097.55,2,5
2021-06-16 15:13:37,S,1097.9,1,4
2021-06-16 15:13:37,S,1098.0,1,9
2021-06-16 15:13:38,S,1097.8,1,4
2021-06-16 15:13:38,S,1097.85,1,9
2021-06-16 15:13:38,S,1097.9,1,2
2021-06-16 15:13:38,S,1098.05,1,1
2021-06-16 15:13:38,B,1096.75,1,1
2021-06-16 15:13:38,B,1096.4,1,3
2021-06-16 15:13:38,B,1096.35,1,9
2021-06-16 15:13:38,B,1096.15,1,1
2021-06-16 15:13:38,B,1096.0,1,1
2021-06-16 15:13:40,S,1097.95,2,39
2021-06-16 15:13:40,B,1095.45,2,6
2021-06-16 15:13:40,B,1095.0,15,274
2021-06-16 15:13:43,B,1095.5,1,5
2021-06-16 15:13:49,S,1096.95,1,2
2021-06-16 15:13:49,S,1097.25,1,4
2021-06-16 15:13:49,S,1097.3,2,10
2021-06-16 15:13:49,S,1097.9,1,1
2021-06-16 15:13:49,B,1095.5,1,3
2021-06-16 15:13:49,B,1095.45,1,3
2021-06-16 15:13:49,B,1095.4,1,6
2021-06-16 15:13:49,B,1095.05,2,39
2021-06-16 15:13:49,S,1096.4,3,12
2021-06-16 15:13:49,S,1096.65,2,5
2021-06-16 15:13:49,S,1096.7,1,1
2021-06-16 15:13:49,S,1096.85,1,1
2021-06-16 15:13:49,S,1096.95,2,39
2021-06-16 15:13:49,B,1095.4,1,5
2021-06-16 15:13:49,B,1095.35,1,6
2021-06-16 15:13:53,B,1095.05,1,2
2021-06-16 15:13:55,S,1096.55,2,4
2021-06-16 15:13:55,S,1096.75,1,4
2021-06-16 15:13:55,S,1096.9,1,2
2021-06-16 15:13:55,S,1096.95,2,23
2021-06-16 15:13:55,B,1095.05,1,1
2021-06-16 15:13:55,B,1094.65,2,6
2021-06-16 15:13:58,S,1096.55,1,2
2021-06-16 15:13:58,S,1096.65,1,4
2021-06-16 15:13:58,S,1096.8,1,1
2021-06-16 15:13:58,B,1094.85,1,13
2021-06-16 15:13:58,B,1094.65,1,3
2021-06-16 15:14:03,S,1096.45,2,6
2021-06-16 15:14:03,S,1096.5,1,2
2021-06-16 15:14:03,S,1096.55,1,26
2021-06-16 15:14:03,S,1096.7,1,2
2021-06-16 15:14:03,B,1095.0,16,275
2021-06-16 15:14:03,B,1094.7,1,3
2021-06-16 15:14:03,B,1094.6,1,1
2021-06-16 15:14:03,B,1094.4,1,1
2021-06-16 15:14:05,S,1094.7,2,15
2021-06-16 15:14:05,S,1094.75,3,30
2021-06-16 15:14:05,S,1095.0,1,201
2021-06-16 15:14:05,B,1092.75,1,1
2021-06-16 15:14:06,S,1094.75,2,4
2021-06-16 15:14:06,S,1094.9,2,2
2021-06-16 15:14:06,S,1095.0,2,202
2021-06-16 15:14:06,B,1093.05,1,1
2021-06-16 15:14:06,B,1092.7,1,1
2021-06-16 15:14:06,B,1092.6,1,1
2021-06-16 15:14:10,S,1094.55,2,4
2021-06-16 15:14:10,B,1092.45,1,1
2021-06-16 15:14:10,B,1092.4,1,1
2021-06-16 15:14:17,B,1093.0,2,10
2021-06-16 15:14:18,B,1092.55,1,1
2021-06-16 15:14:18,B,1092.5,1,1
2021-06-16 15:14:22,S,1094.55,2,3
2021-06-16 15:14:22,S,1094.6,1,2
2021-06-16 15:14:22,S,1094.85,1,1
2021-06-16 15:14:22,B,1093.0,1,9
2021-06-16 15:14:22,B,1092.35,1,1
2021-06-16 15:14:22,B,1092.3,1,1
2021-06-16 15:14:22,B,1092.0,4,18
2021-06-16 15:14:30,S,1094.35,2,3
2021-06-16 15:14:30,S,1094.4,2,2
2021-06-16 15:14:30,S,1094.45,1,1
2021-06-16 15:14:30,S,1094.9,1,1
2021-06-16 15:14:30,S,1094.95,2,39
2021-06-16 15:14:30,B,1092.4,2,2
2021-06-16 15:14:30,B,1091.7,1,6
2021-06-16 15:14:33,S,1093.5,1,1
2021-06-16 15:14:33,S,1093.55,3,3
2021-06-16 15:14:33,S,1093.6,1,2
2021-06-16 15:14:33,S,1093.95,1,26
2021-06-16 15:14:33,S,1094.0,2,202
2021-06-16 15:14:33,B,1092.05,2,15
2021-06-16 15:14:33,B,1091.7,1,2
2021-06-16 15:14:33,B,1091.65,1,1
2021-06-16 15:14:37,S,1094.0,2,5
2021-06-16 15:14:37,S,1094.35,1,1
2021-06-16 15:14:37,S,1094.8,2,2
2021-06-16 15:14:37,S,1094.85,1,2
2021-06-16 15:14:37,B,1093.3,2,7
2021-06-16 15:14:37,B,1093.25,1,13
2021-06-16 15:14:37,B,1093.0,1,99
2021-06-16 15:14:40,S,1094.8,2,3
2021-06-16 15:14:40,S,1095.0,1,1
2021-06-16 15:14:40,S,1095.05,1,70
2021-06-16 15:14:40,S,1095.45,1,2
2021-06-16 15:14:40,B,1093.55,1,1
2021-06-16 15:14:40,B,1093.35,1,13
2021-06-16 15:14:40,B,1093.3,2,32
2021-06-16 15:14:43,S,1097.95,1,2
2021-06-16 15:14:43,B,1094.4,2,7
2021-06-16 15:14:43,B,1093.65,1,13
2021-06-16 15:14:46,B,1094.45,1,1
2021-06-16 15:14:46,B,1094.4,1,3
2021-06-16 15:14:46,B,1094.35,1,2
2021-06-16 15:14:46,B,1094.2,1,3
2021-06-16 15:14:46,B,1094.15,1,1
2021-06-16 15:14:51,B,1094.05,2,39
2021-06-16 15:14:51,B,1093.5,1,1
2021-06-16 15:14:58,S,1097.5,1,1
2021-06-16 15:14:58,S,1097.55,1,1
2021-06-16 15:14:58,B,1094.05,2,38
2021-06-16 15:14:58,B,1093.75,1,3
2021-06-16 15:14:59,S,1096.55,1,1
2021-06-16 15:15:02,S,1097.55,2,4
2021-06-16 15:15:02,B,1093.6,3,5
2021-06-16 15:15:02,B,1093.3,1,3
2021-06-16 15:15:02,B,1093.15,1,3
2021-06-16 15:15:05,S,1097.55,1,2
2021-06-16 15:15:05,B,1093.4,1,26
2021-06-16 15:15:16,S,1097.85,1,2
2021-06-16 15:15:16,B,1095.0,1,11
2021-06-16 15:15:16,B,1093.6,2,2
2021-06-16 15:15:16,B,1093.55,1,26
2021-06-16 15:15:16,B,1093.5,1,26
2021-06-16 15:15:21,B,1093.65,1,26
2021-06-16 15:15:21,B,1093.6,3,28
2021-06-16 15:15:35,S,1096.6,2,23
2021-06-16 15:15:35,S,1097.6,1,1
2021-06-16 15:15:35,B,1095.0,1,9
2021-06-16 15:15:35,B,1093.75,1,26
2021-06-16 15:15:35,B,1093.7,1,26
2021-06-16 15:15:45,S,1095.0,2,3
2021-06-16 15:15:45,S,1096.55,2,2
2021-06-16 15:15:45,S,1097.05,1,1
2021-06-16 15:15:45,S,1097.3,1,12
2021-06-16 15:15:45,B,1094.5,1,5
2021-06-16 15:15:45,B,1094.0,1,2
2021-06-16 15:15:45,B,1093.85,1,26
2021-06-16 15:15:45,B,1093.8,1,26
2021-06-16 15:15:45,B,1093.2,1,1
2021-06-16 15:15:45,B,1092.05,1,2
2021-06-16 15:15:48,S,1095.0,3,13
2021-06-16 15:15:48,S,1095.35,1,1
2021-06-16 15:15:48,S,1095.4,1,1
2021-06-16 15:15:48,S,1096.55,2,27
2021-06-16 15:15:48,S,1096.6,1,21
2021-06-16 15:15:48,B,1093.1,1,3
2021-06-16 15:15:48,B,1093.05,2,52
2021-06-16 15:15:48,B,1092.55,1,10
2021-06-16 15:15:54,S,1095.55,1,1
2021-06-16 15:15:54,S,1095.6,1,1
2021-06-16 15:15:54,S,1096.0,1,1
2021-06-16 15:15:54,B,1094.05,2,30
2021-06-16 15:15:54,B,1092.1,2,2
2021-06-16 15:16:01,S,1094.5,1,15
2021-06-16 15:16:01,B,1094.05,1,26
2021-06-16 15:16:03,S,1094.5,2,17
2021-06-16 15:16:03,B,1094.0,2,50
2021-06-16 15:16:07,S,1095.3,1,1
2021-06-16 15:16:07,S,1095.35,1,9
2021-06-16 15:16:07,B,1094.05,1,18
2021-06-16 15:16:07,B,1094.0,1,25
2021-06-16 15:16:07,B,1093.1,1,9
2021-06-16 15:16:07,B,1093.05,1,26
2021-06-16 15:16:09,B,1093.25,1,26
2021-06-16 15:16:09,B,1093.2,1,26
2021-06-16 15:16:15,S,1094.65,2,3
2021-06-16 15:16:15,B,1093.15,1,26
2021-06-16 15:16:15,B,1093.1,1,15
2021-06-16 15:16:15,B,1093.05,1,12
2021-06-16 15:16:15,B,1093.0,3,169
2021-06-16 15:16:15,B,1092.8,1,5
2021-06-16 15:16:18,S,1094.65,1,1
2021-06-16 15:16:18,B,1093.4,1,8
2021-06-16 15:16:18,B,1093.35,1,26
2021-06-16 15:16:18,B,1093.3,1,26
2021-06-16 15:16:22,S,1095.0,2,12
2021-06-16 15:16:22,S,1095.5,1,1
2021-06-16 15:16:22,S,1095.55,1,26
2021-06-16 15:16:22,S,1095.6,2,13
2021-06-16 15:16:22,B,1094.0,2,38
2021-06-16 15:16:22,B,1093.45,1,26
2021-06-16 15:16:22,B,1093.4,2,34
2021-06-16 15:16:22,B,1093.0,4,170
2021-06-16 15:16:22,B,1092.25,2,8
2021-06-16 15:16:24,S,1094.6,2,11
2021-06-16 15:16:24,S,1095.55,2,27
2021-06-16 15:16:24,B,1093.05,1,4
2021-06-16 15:16:31,S,1094.95,1,1
2021-06-16 15:16:31,S,1095.0,1,10
2021-06-16 15:16:31,S,1095.45,1,26
2021-06-16 15:16:31,B,1093.0,5,122
2021-06-16 15:16:31,B,1092.2,1,1
2021-06-16 15:16:31,B,1092.1,1,1
2021-06-16 15:16:33,S,1095.1,1,1
2021-06-16 15:16:33,S,1095.35,1,26
2021-06-16 15:16:33,S,1095.4,1,26
2021-06-16 15:16:33,B,1093.0,5,87
2021-06-16 15:16:33,B,1092.05,4,58
2021-06-16 15:16:33,B,1092.0,2,15
2021-06-16 15:16:33,B,1091.45,2,30
2021-06-16 15:16:36,S,1094.6,3,12
2021-06-16 15:16:36,S,1094.7,1,1
2021-06-16 15:16:36,S,1095.15,1,1
2021-06-16 15:16:36,S,1095.25,1,26
2021-06-16 15:16:36,B,1092.05,4,47
2021-06-16 15:16:36,B,1091.8,1,4
2021-06-16 15:16:46,S,1094.3,2,11
2021-06-16 15:16:46,S,1094.55,1,1
2021-06-16 15:16:46,S,1094.6,1,1
2021-06-16 15:16:46,S,1094.75,1,12
2021-06-16 15:16:46,S,1095.15,3,53
2021-06-16 15:16:46,B,1093.0,4,76
2021-06-16 15:16:46,B,1092.05,3,43
2021-06-16 15:16:46,B,1092.0,3,16
2021-06-16 15:16:46,B,1091.75,1,1
2021-06-16 15:16:46,B,1091.55,2,10
2021-06-16 15:16:49,S,1092.95,2,10
2021-06-16 15:16:49,S,1093.0,2,8
2021-06-16 15:16:49,S,1093.25,1,1
2021-06-16 15:16:49,S,1093.3,1,1
2021-06-16 15:16:49,S,1094.55,2,11
2021-06-16 15:16:49,B,1091.45,2,24
2021-06-16 15:16:49,B,1091.2,1,10
2021-06-16 15:16:49,B,1091.05,1,26
2021-06-16 15:16:54,S,1092.65,1,1
2021-06-16 15:16:54,S,1092.7,1,1
2021-06-16 15:16:54,S,1092.95,2,52
2021-06-16 15:17:01,S,1092.45,2,11
2021-06-16 15:17:01,S,1092.65,3,53
2021-06-16 15:17:01,S,1092.7,2,26
2021-06-16 15:17:01,S,1093.05,2,13
2021-06-16 15:17:01,B,1091.2,2,19
2021-06-16 15:17:01,B,1091.15,1,2
2021-06-16 15:17:01,B,1091.0,3,84
2021-06-16 15:17:05,S,1091.65,2,10
2021-06-16 15:17:05,S,1092.2,1,1
2021-06-16 15:17:12,S,1091.15,1,1
2021-06-16 15:17:12,S,1091.45,1,2
2021-06-16 15:17:12,S,1091.8,1,9
2021-06-16 15:17:12,S,1092.15,1,1
2021-06-16 15:17:12,B,1091.0,2,21
2021-06-16 15:17:12,B,1090.8,1,1
2021-06-16 15:17:12,B,1090.55,1,1
2021-06-16 15:17:12,B,1090.3,1,1
2021-06-16 15:17:16,S,1090.6,1,27
2021-06-16 15:17:16,S,1090.7,1,7
2021-06-16 15:17:16,S,1090.85,2,52
2021-06-16 15:17:16,S,1091.05,1,7
2021-06-16 15:17:16,B,1090.0,1,1
2021-06-16 15:17:16,B,1088.25,1,100
2021-06-16 15:17:16,B,1088.0,2,31
2021-06-16 15:17:16,B,1087.35,1,1
2021-06-16 15:17:19,S,1089.95,2,10
2021-06-16 15:17:19,S,1090.0,2,8
2021-06-16 15:17:19,B,1089.1,1,4
2021-06-16 15:17:19,B,1089.05,1,5
2021-06-16 15:17:19,B,1089.0,1,1
2021-06-16 15:17:19,B,1088.55,1,13
2021-06-16 15:17:19,B,1088.5,1,1
2021-06-16 15:17:22,S,1090.0,2,6
2021-06-16 15:17:22,S,1090.35,1,1
2021-06-16 15:17:22,S,1090.45,1,9
2021-06-16 15:17:22,B,1088.6,1,1
2021-06-16 15:17:22,B,1088.55,1,12
2021-06-16 15:17:22,B,1088.3,1,26
2021-06-16 15:17:22,B,1088.25,1,19
2021-06-16 15:17:22,B,1088.15,1,1
2021-06-16 15:17:23,S,1088.15,1,2
2021-06-16 15:17:23,S,1089.35,1,2
2021-06-16 15:17:23,S,1089.4,3,57
2021-06-16 15:17:23,S,1089.85,1,1
2021-06-16 15:17:23,B,1086.4,2,6
2021-06-16 15:17:26,S,1087.7,1,2
2021-06-16 15:17:26,B,1086.35,1,1
2021-06-16 15:17:31,S,1087.45,1,2
2021-06-16 15:17:31,B,1086.8,1,1
2021-06-16 15:17:31,B,1086.75,1,1
2021-06-16 15:17:31,B,1086.0,1,100
2021-06-16 15:17:32,B,1087.0,1,3
2021-06-16 15:17:40,S,1088.05,2,5
2021-06-16 15:17:40,S,1088.45,1,9
2021-06-16 15:17:40,S,1088.65,2,3
2021-06-16 15:17:40,B,1086.45,1,1
2021-06-16 15:17:43,B,1088.05,1,94
2021-06-16 15:17:45,B,1088.05,1,71
2021-06-16 15:17:45,B,1087.25,1,1
2021-06-16 15:17:48,S,1088.7,1,1
2021-06-16 15:17:48,S,1089.0,1,2
2021-06-16 15:17:48,B,1088.05,1,61
2021-06-16 15:17:48,B,1087.0,3,12
2021-06-16 15:17:48,B,1086.45,1,2
2021-06-16 15:17:50,S,1088.35,2,10
2021-06-16 15:17:50,S,1088.4,1,10
2021-06-16 15:17:50,S,1088.45,3,5
2021-06-16 15:17:50,S,1088.7,2,3
2021-06-16 15:17:50,B,1087.45,1,1
2021-06-16 15:17:50,B,1087.0,2,4
2021-06-16 15:17:50,B,1086.6,1,1
2021-06-16 15:17:50,B,1086.3,1,1
2021-06-16 15:17:54,S,1088.15,1,1
2021-06-16 15:17:54,S,1088.2,1,1
2021-06-16 15:17:54,S,1088.3,1,2
2021-06-16 15:17:54,S,1088.4,1,5
2021-06-16 15:17:54,B,1086.0,1,58
2021-06-16 15:17:54,B,1085.35,1,5
2021-06-16 15:17:55,B,1086.0,1,55
2021-06-16 15:17:58,S,1088.05,1,1
2021-06-16 15:17:58,S,1088.2,1,5
2021-06-16 15:17:58,B,1086.0,2,56
2021-06-16 15:17:58,B,1085.45,1,2
2021-06-16 15:18:01,S,1088.05,2,6
2021-06-16 15:18:01,S,1088.1,3,30
2021-06-16 15:18:01,S,1088.15,2,33
2021-06-16 15:18:01,B,1085.6,1,6
2021-06-16 15:18:06,S,1087.75,1,26
2021-06-16 15:18:06,S,1087.85,1,5
2021-06-16 15:18:06,S,1088.1,2,4
2021-06-16 15:18:06,B,1086.0,2,46
2021-06-16 15:18:06,B,1085.9,1,1
2021-06-16 15:18:06,S,1088.1,1,2
2021-06-16 15:18:10,S,1088.1,1,1
2021-06-16 15:18:10,S,1088.2,1,2
2021-06-16 15:18:10,S,1088.6,1,3
2021-06-16 15:18:10,B,1087.05,1,1
2021-06-16 15:18:10,B,1087.0,1,4
2021-06-16 15:18:10,B,1086.5,1,10
2021-06-16 15:18:10,B,1086.4,1,1
2021-06-16 15:18:10,B,1086.0,3,76
2021-06-16 15:18:12,S,1087.8,2,3
2021-06-16 15:18:12,B,1085.5,2,15
2021-06-16 15:18:12,B,1084.2,1,1
2021-06-16 15:18:12,B,1084.05,1,5
2021-06-16 15:18:16,S,1087.3,2,4
2021-06-16 15:18:16,S,1087.35,2,3
2021-06-16 15:18:16,B,1086.0,1,5
2021-06-16 15:18:16,B,1085.05,1,2
2021-06-16 15:18:16,B,1085.0,1,1
2021-06-16 15:18:19,S,1087.3,1,2
2021-06-16 15:18:19,S,1087.35,1,1
2021-06-16 15:18:19,S,1087.4,1,9
2021-06-16 15:18:19,B,1085.6,2,15
2021-06-16 15:18:19,B,1084.6,2,10
2021-06-16 15:18:22,S,1089.3,1,1
2021-06-16 15:18:22,B,1088.1,4,36
2021-06-16 15:18:22,B,1088.0,1,345
2021-06-16 15:18:22,B,1087.65,1,24
2021-06-16 15:18:24,S,1088.95,2,3
2021-06-16 15:18:24,S,1089.85,1,2
2021-06-16 15:18:30,S,1088.8,1,9
2021-06-16 15:18:30,S,1089.0,2,100
2021-06-16 15:18:30,S,1089.3,2,3
2021-06-16 15:18:30,B,1088.0,1,277
2021-06-16 15:18:30,B,1086.55,2,7
2021-06-16 15:18:30,B,1087.0,1,6
2021-06-16 15:18:34,B,1087.3,2,7
2021-06-16 15:18:38,B,1088.0,2,271
2021-06-16 15:18:38,B,1087.55,1,1
2021-06-16 15:18:42,B,1088.0,2,270
2021-06-16 15:18:42,B,1086.9,2,7
2021-06-16 15:18:42,B,1086.55,1,1
2021-06-16 15:18:45,S,1089.0,2,95
2021-06-16 15:18:45,B,1088.0,2,255
2021-06-16 15:18:45,B,1087.35,1,24
2021-06-16 15:18:45,B,1087.25,2,7
2021-06-16 15:18:46,S,1089.6,1,1
2021-06-16 15:18:46,B,1088.0,2,257
2021-06-16 15:18:46,B,1087.7,1,24
2021-06-16 15:18:50,S,1089.0,2,78
2021-06-16 15:18:52,S,1089.0,2,68
2021-06-16 15:18:52,S,1089.3,1,2
2021-06-16 15:18:52,S,1089.35,1,1
2021-06-16 15:18:52,S,1089.65,1,12
2021-06-16 15:18:52,S,1089.95,1,1
2021-06-16 15:18:52,B,1088.05,1,24
2021-06-16 15:18:52,B,1088.0,3,258
2021-06-16 15:18:52,B,1087.3,1,1
2021-06-16 15:18:52,B,1087.25,1,6
2021-06-16 15:18:55,S,1086.85,1,2
2021-06-16 15:18:55,S,1087.1,2,4
2021-06-16 15:18:55,S,1087.25,1,1
2021-06-16 15:18:58,S,1087.2,1,2
2021-06-16 15:18:58,S,1087.25,2,2
2021-06-16 15:18:58,S,1087.85,1,1
2021-06-16 15:18:58,B,1086.05,1,2
2021-06-16 15:18:58,B,1085.85,1,1
2021-06-16 15:18:58,B,1085.4,1,1
2021-06-16 15:19:00,S,1087.25,2,10
2021-06-16 15:19:00,B,1084.85,2,2
2021-06-16 15:19:03,S,1087.4,1,2
2021-06-16 15:19:03,S,1087.45,1,1
2021-06-16 15:19:03,S,1087.9,1,1
2021-06-16 15:19:03,B,1086.0,1,10
2021-06-16 15:19:03,B,1085.0,2,8
2021-06-16 15:19:07,S,1087.7,1,5
2021-06-16 15:19:07,S,1087.8,1,1
2021-06-16 15:19:07,S,1087.95,2,52
2021-06-16 15:19:07,B,1084.8,1,1
2021-06-16 15:19:07,B,1084.75,1,1
2021-06-16 15:19:07,B,1084.6,1,2
2021-06-16 15:19:07,B,1084.55,1,1
2021-06-16 15:19:07,B,1083.7,1,2
2021-06-16 15:19:11,S,1087.75,1,1
2021-06-16 15:19:11,S,1087.95,3,53
2021-06-16 15:19:11,S,1088.45,1,2
2021-06-16 15:19:11,B,1085.5,2,4
2021-06-16 15:19:11,B,1084.9,2,8
2021-06-16 15:19:11,B,1084.85,1,1
2021-06-16 15:19:15,S,1088.7,3,34
2021-06-16 15:19:15,S,1088.8,1,12
2021-06-16 15:19:15,B,1085.75,2,27
2021-06-16 15:19:15,B,1085.7,2,28
2021-06-16 15:19:15,B,1085.5,1,3
2021-06-16 15:19:18,S,1088.25,1,1
2021-06-16 15:19:18,S,1088.3,1,9
2021-06-16 15:19:18,S,1088.35,2,2
2021-06-16 15:19:18,S,1088.4,1,1
2021-06-16 15:19:18,B,1085.7,1,2
2021-06-16 15:19:18,B,1085.35,1,1
2021-06-16 15:19:22,S,1086.15,1,1
2021-06-16 15:19:22,S,1086.2,1,9
2021-06-16 15:19:22,B,1084.25,1,13
2021-06-16 15:19:22,B,1083.95,1,1
2021-06-16 15:19:22,B,1083.75,1,1
2021-06-16 15:19:25,S,1086.2,2,2
2021-06-16 15:19:25,S,1086.25,1,1
2021-06-16 15:19:25,S,1086.4,1,9
2021-06-16 15:19:25,S,1086.7,1,3
2021-06-16 15:19:25,S,1086.75,2,52
2021-06-16 15:19:25,B,1084.35,1,13
2021-06-16 15:19:25,B,1083.85,1,1
2021-06-16 15:19:25,B,1083.8,1,5
2021-06-16 15:19:26,S,1088.55,1,2
2021-06-16 15:19:26,S,1088.8,1,13
2021-06-16 15:19:26,S,1088.95,2,36
2021-06-16 15:19:26,B,1084.75,1,13
2021-06-16 15:19:26,B,1084.7,1,5
2021-06-16 15:19:26,B,1084.65,1,1
2021-06-16 15:19:29,S,1088.1,1,7
2021-06-16 15:19:33,S,1088.1,1,6
2021-06-16 15:19:33,S,1088.25,1,2
2021-06-16 15:19:33,S,1088.3,1,1
2021-06-16 15:19:33,S,1088.65,1,1
2021-06-16 15:19:33,S,1088.75,2,52
2021-06-16 15:19:33,B,1085.7,1,1
2021-06-16 15:19:33,B,1085.65,1,13
2021-06-16 15:19:36,S,1088.85,2,27
2021-06-16 15:19:36,S,1088.95,1,10
2021-06-16 15:19:36,B,1086.2,1,10
2021-06-16 15:19:36,B,1085.95,1,1
2021-06-16 15:19:36,B,1085.9,1,10
2021-06-16 15:19:39,S,1088.8,1,1
2021-06-16 15:19:42,S,1087.75,1,27
2021-06-16 15:19:42,S,1088.25,2,52
2021-06-16 15:19:42,S,1088.85,2,2
2021-06-16 15:19:42,B,1085.6,1,1
2021-06-16 15:19:42,B,1084.35,2,3
2021-06-16 15:19:45,S,1086.5,1,1
2021-06-16 15:19:45,S,1086.55,1,9
2021-06-16 15:19:45,S,1086.85,2,52
2021-06-16 15:19:45,S,1087.55,1,1
2021-06-16 15:19:45,B,1085.5,1,1
2021-06-16 15:19:45,B,1084.9,1,1
2021-06-16 15:19:45,B,1084.35,1,1
2021-06-16 15:19:52,S,1087.65,1,9
2021-06-16 15:19:52,S,1088.3,1,26
2021-06-16 15:19:52,S,1088.35,1,26
2021-06-16 15:19:52,B,1085.5,1,13
2021-06-16 15:19:57,S,1088.1,1,26
2021-06-16 15:19:57,S,1088.15,1,26
2021-06-16 15:20:00,S,1087.8,1,26
2021-06-16 15:20:00,S,1087.85,1,26
2021-06-16 15:20:00,S,1088.0,1,1
2021-06-16 15:20:00,S,1088.45,1,1
2021-06-16 15:20:00,S,1088.85,1,1
2021-06-16 15:20:00,B,1085.55,1,1
2021-06-16 15:20:08,S,1088.85,2,35
2021-06-16 15:20:08,B,1086.05,1,6
2021-06-16 15:20:08,B,1085.8,2,2
2021-06-16 15:20:10,S,1088.55,2,35
2021-06-16 15:20:10,S,1088.6,1,26
2021-06-16 15:20:10,S,1089.05,1,1
2021-06-16 15:20:14,S,1088.45,2,35
2021-06-16 15:20:14,S,1088.5,1,26
2021-06-16 15:20:14,S,1089.5,1,1
2021-06-16 15:20:14,B,1086.25,4,9
2021-06-16 15:20:14,B,1085.75,1,1
2021-06-16 15:20:14,B,1085.6,3,54
2021-06-16 15:20:24,S,1088.7,1,9
2021-06-16 15:20:24,B,1086.35,2,11
2021-06-16 15:20:24,B,1086.3,1,6
2021-06-16 15:20:24,B,1086.25,2,2
2021-06-16 15:20:24,B,1086.05,3,4
2021-06-16 15:20:28,S,1088.4,1,26
2021-06-16 15:20:28,S,1088.45,1,26
2021-06-16 15:20:28,S,1088.85,1,129
2021-06-16 15:20:28,S,1089.75,1,1
2021-06-16 15:20:28,B,1086.25,1,1
2021-06-16 15:20:28,B,1086.05,1,26
2021-06-16 15:20:28,S,1089.0,3,187
2021-06-16 15:20:28,S,1090.55,2,52
2021-06-16 15:20:28,B,1088.75,2,25
2021-06-16 15:20:28,B,1088.3,1,1
2021-06-16 15:20:28,B,1087.95,1,1
2021-06-16 15:20:32,B,1087.9,1,1
2021-06-16 15:20:32,B,1087.65,1,1
2021-06-16 15:20:32,B,1087.6,1,8
2021-06-16 15:20:32,B,1087.5,1,1
2021-06-16 15:20:32,B,1087.45,1,36
2021-06-16 15:20:36,S,1089.0,2,87
2021-06-16 15:20:36,B,1087.1,1,1
2021-06-16 15:20:36,B,1086.3,3,60
2021-06-16 15:20:40,S,1088.95,1,1
2021-06-16 15:20:40,B,1086.4,3,88
2021-06-16 15:20:44,S,1088.95,2,27
2021-06-16 15:20:44,S,1089.0,1,67
2021-06-16 15:20:44,B,1086.4,4,92
2021-06-16 15:20:44,B,1086.25,3,4
2021-06-16 15:20:44,B,1086.2,1,1
2021-06-16 15:20:45,S,1088.9,1,1
2021-06-16 15:20:45,B,1086.5,2,27
2021-06-16 15:20:45,B,1086.45,1,13
2021-06-16 15:20:45,B,1086.4,2,46
2021-06-16 15:20:45,B,1086.35,2,2
2021-06-16 15:20:45,B,1086.3,1,8
2021-06-16 15:20:49,S,1088.95,1,26
2021-06-16 15:20:49,S,1090.5,1,10
2021-06-16 15:20:49,B,1086.8,2,14
2021-06-16 15:20:49,B,1086.75,1,26
2021-06-16 15:20:49,B,1086.65,2,12
2021-06-16 15:20:49,B,1086.3,2,4
2021-06-16 15:20:57,B,1086.7,1,13
2021-06-16 15:20:57,B,1086.35,1,13
2021-06-16 15:21:00,S,1088.75,1,26
2021-06-16 15:21:00,S,1088.95,1,129
2021-06-16 15:21:00,B,1086.8,2,15
2021-06-16 15:21:00,B,1086.65,2,27
2021-06-16 15:21:00,B,1086.6,1,13
2021-06-16 15:21:00,B,1086.55,1,2
2021-06-16 15:21:00,B,1086.2,3,5
2021-06-16 15:21:06,S,1090.0,1,5
2021-06-16 15:21:06,S,1090.1,1,1
2021-06-16 15:21:06,B,1086.9,1,1
2021-06-16 15:21:06,B,1086.85,2,15
2021-06-16 15:21:06,B,1086.8,1,14
2021-06-16 15:21:06,B,1086.65,1,1
2021-06-16 15:21:06,B,1086.25,1,13
2021-06-16 15:21:07,S,1088.65,3,7
2021-06-16 15:21:07,S,1088.7,1,26
2021-06-16 15:21:07,S,1088.75,1,129
2021-06-16 15:21:07,S,1089.95,1,2
2021-06-16 15:21:07,B,1085.5,2,149
2021-06-16 15:21:12,S,1088.55,1,1
2021-06-16 15:21:12,S,1088.65,2,37
2021-06-16 15:21:12,S,1088.85,1,2
2021-06-16 15:21:12,S,1088.9,1,26
2021-06-16 15:21:12,B,1086.1,1,1
2021-06-16 15:21:12,B,1085.6,1,10
2021-06-16 15:21:12,B,1085.55,1,26
2021-06-16 15:21:18,S,1088.55,2,6
2021-06-16 15:21:18,S,1088.6,1,4
2021-06-16 15:21:18,S,1088.8,1,26
2021-06-16 15:21:18,S,1088.85,1,26
2021-06-16 15:21:18,B,1086.1,2,2
2021-06-16 15:21:18,B,1086.0,1,30
2021-06-16 15:21:18,B,1085.65,1,26
2021-06-16 15:21:18,B,1085.6,2,36
2021-06-16 15:21:22,S,1090.3,2,28
2021-06-16 15:21:22,S,1090.35,1,26
2021-06-16 15:21:22,S,1090.45,1,16
2021-06-16 15:21:22,S,1090.5,2,8
2021-06-16 15:21:22,B,1085.9,2,7
2021-06-16 15:21:22,B,1085.85,1,3
2021-06-16 15:21:22,B,1085.5,2,130
2021-06-16 15:21:22,B,1085.0,2,6
2021-06-16 15:21:23,S,1089.15,1,2
2021-06-16 15:21:23,S,1089.2,2,5
2021-06-16 15:21:23,S,1089.3,1,4
2021-06-16 15:21:23,S,1089.4,1,1
2021-06-16 15:21:23,S,1089.5,2,3
2021-06-16 15:21:23,B,1084.15,1,13
2021-06-16 15:21:23,B,1084.1,1,10
2021-06-16 15:21:23,B,1083.95,1,5
2021-06-16 15:21:23,B,1082.1,1,5
2021-06-16 15:21:23,B,1081.2,1,5
2021-06-16 15:21:27,S,1088.35,2,9
2021-06-16 15:21:27,S,1089.55,1,2
2021-06-16 15:21:27,B,1085.5,2,18
2021-06-16 15:21:27,B,1085.45,1,5
2021-06-16 15:21:34,S,1088.35,3,19
2021-06-16 15:21:34,S,1088.4,1,2
2021-06-16 15:21:34,S,1089.15,2,52
2021-06-16 15:21:34,S,1089.6,1,2
2021-06-16 15:21:34,S,1090.45,1,2
2021-06-16 15:21:34,B,1085.55,1,2
2021-06-16 15:21:34,B,1085.5,1,5
2021-06-16 15:21:34,B,1084.95,1,1
2021-06-16 15:21:34,B,1084.45,1,13
2021-06-16 15:21:34,B,1084.4,1,1
2021-06-16 15:21:37,S,1087.15,1,2
2021-06-16 15:21:37,S,1087.2,1,4
2021-06-16 15:21:37,S,1087.3,1,4
2021-06-16 15:21:37,S,1087.4,1,26
2021-06-16 15:21:37,B,1083.95,1,10
2021-06-16 15:21:37,B,1080.8,1,13
2021-06-16 15:21:37,B,1080.75,1,26
2021-06-16 15:21:37,B,1080.55,1,3
2021-06-16 15:21:37,B,1080.0,17,162
2021-06-16 15:21:41,S,1086.8,1,2
2021-06-16 15:21:41,S,1086.85,1,26
2021-06-16 15:21:41,S,1086.9,2,36
2021-06-16 15:21:41,S,1087.4,1,7
2021-06-16 15:21:41,S,1090.4,1,2
2021-06-16 15:21:41,B,1084.65,1,10
2021-06-16 15:21:41,B,1084.6,1,13
2021-06-16 15:21:41,B,1084.55,1,5
2021-06-16 15:21:41,B,1082.4,1,1
2021-06-16 15:21:42,S,1086.9,1,9
2021-06-16 15:21:42,S,1089.8,1,2
2021-06-16 15:21:50,S,1089.8,2,11
2021-06-16 15:21:50,S,1089.85,2,4
2021-06-16 15:21:50,S,1089.9,1,3
2021-06-16 15:21:50,S,1090.3,1,26
2021-06-16 15:21:50,B,1085.5,2,39
2021-06-16 15:21:50,B,1085.45,2,15
2021-06-16 15:21:50,B,1083.9,1,1
2021-06-16 15:21:50,B,1083.8,1,1
2021-06-16 15:21:50,B,1083.1,1,1
2021-06-16 15:21:57,S,1086.65,1,2
2021-06-16 15:21:57,S,1086.7,1,26
2021-06-16 15:21:57,S,1086.75,1,26
2021-06-16 15:21:57,S,1086.85,1,9
2021-06-16 15:21:57,S,1087.5,1,18
2021-06-16 15:21:57,B,1082.1,2,8
2021-06-16 15:21:57,B,1082.05,1,6
2021-06-16 15:21:57,B,1081.9,1,1
2021-06-16 15:21:57,B,1081.5,1,1
2021-06-16 15:21:57,S,1085.85,1,2
2021-06-16 15:21:57,S,1085.9,1,26
2021-06-16 15:21:57,S,1085.95,1,26
2021-06-16 15:21:57,S,1086.8,1,1
2021-06-16 15:21:57,S,1086.85,2,14
2021-06-16 15:21:57,B,1082.05,1,1
2021-06-16 15:21:57,B,1081.3,1,10
2021-06-16 15:22:01,S,1086.25,2,12
2021-06-16 15:22:01,S,1087.7,1,26
2021-06-16 15:22:01,B,1082.05,2,3
2021-06-16 15:22:06,S,1085.7,1,2
2021-06-16 15:22:06,S,1085.75,1,9
2021-06-16 15:22:06,S,1087.3,1,26
2021-06-16 15:22:06,S,1087.35,1,26
2021-06-16 15:22:06,S,1087.5,1,20
2021-06-16 15:22:06,B,1082.05,3,13
2021-06-16 15:22:06,B,1081.05,1,10
2021-06-16 15:22:06,B,1081.0,1,50
2021-06-16 15:22:08,S,1085.7,1,4
2021-06-16 15:22:08,S,1087.0,1,26
2021-06-16 15:22:08,S,1087.05,1,26
2021-06-16 15:22:08,S,1088.05,2,39
2021-06-16 15:22:08,B,1082.0,1,200
2021-06-16 15:22:10,S,1086.6,1,26
2021-06-16 15:22:10,S,1086.65,1,26
2021-06-16 15:22:10,B,1082.15,1,4
2021-06-16 15:22:10,B,1082.1,1,2
2021-06-16 15:22:10,B,1081.25,1,10
2021-06-16 15:22:33,S,1085.45,1,3
2021-06-16 15:22:33,S,1086.5,1,26
2021-06-16 15:22:33,S,1086.55,1,26
2021-06-16 15:22:33,B,1083.05,2,6
2021-06-16 15:22:33,B,1083.0,1,2
2021-06-16 15:22:33,B,1082.05,2,11
2021-06-16 15:22:35,S,1085.45,1,4
2021-06-16 15:22:35,S,1085.5,1,1
2021-06-16 15:22:35,S,1085.75,1,1
2021-06-16 15:22:35,S,1086.1,1,26
2021-06-16 15:22:35,S,1086.15,1,26
2021-06-16 15:22:35,B,1082.55,2,4
2021-06-16 15:22:35,B,1081.0,2,150
2021-06-16 15:22:35,B,1080.85,1,1
2021-06-16 15:22:38,S,1087.85,3,55
2021-06-16 15:22:38,S,1090.4,2,21
2021-06-16 15:22:38,S,1090.45,2,2
2021-06-16 15:22:38,B,1082.8,3,56
2021-06-16 15:22:38,B,1082.75,1,25
2021-06-16 15:22:38,B,1082.65,2,5
2021-06-16 15:22:38,B,1082.05,1,4
2021-06-16 15:22:38,B,1082.0,2,210
2021-06-16 15:22:40,S,1088.15,1,5
2021-06-16 15:22:40,B,1083.15,1,4
2021-06-16 15:22:40,B,1082.15,1,10
2021-06-16 15:22:40,B,1082.0,4,313
2021-06-16 15:22:47,S,1087.6,1,2
2021-06-16 15:22:47,S,1087.7,1,1
2021-06-16 15:22:47,S,1087.8,1,5
2021-06-16 15:22:47,B,1083.75,1,4
2021-06-16 15:22:47,B,1083.7,1,3
2021-06-16 15:22:47,B,1082.9,2,52
2021-06-16 15:22:47,B,1082.85,1,7
2021-06-16 15:22:50,S,1087.65,1,3
2021-06-16 15:22:50,S,1087.8,1,2
2021-06-16 15:22:50,B,1085.35,1,4
2021-06-16 15:22:50,B,1085.0,1,10
2021-06-16 15:22:50,B,1084.75,1,2
2021-06-16 15:22:50,B,1083.1,1,2
2021-06-16 15:22:52,S,1087.5,1,1
2021-06-16 15:22:52,B,1085.05,2,30
2021-06-16 15:22:52,B,1084.8,1,2
2021-06-16 15:22:58,S,1087.6,1,1
2021-06-16 15:22:58,S,1087.85,2,52
2021-06-16 15:22:58,S,1090.3,2,4
2021-06-16 15:22:58,S,1090.35,1,2
2021-06-16 15:22:58,B,1085.05,3,31
2021-06-16 15:22:58,B,1085.0,2,35
2021-06-16 15:22:58,B,1084.5,1,4
2021-06-16 15:22:58,B,1084.2,1,6
2021-06-16 15:22:58,B,1083.05,1,1
2021-06-16 15:23:01,S,1087.75,1,18
2021-06-16 15:23:01,S,1088.05,1,26
2021-06-16 15:23:01,S,1088.1,2,50
2021-06-16 15:23:01,S,1090.25,2,18
2021-06-16 15:23:01,B,1085.25,1,4
2021-06-16 15:23:01,B,1085.1,1,1
2021-06-16 15:23:01,B,1085.05,2,52
2021-06-16 15:23:07,B,1085.2,1,1
2021-06-16 15:23:19,S,1088.1,3,70
2021-06-16 15:23:19,S,1089.8,1,3
2021-06-16 15:23:19,S,1089.85,1,3
2021-06-16 15:23:19,S,1089.9,1,16
2021-06-16 15:23:19,S,1090.3,1,1
2021-06-16 15:23:19,B,1087.55,1,4
2021-06-16 15:23:24,S,1090.55,1,26
2021-06-16 15:23:24,S,1091.9,1,7
2021-06-16 15:23:24,S,1091.95,3,14
2021-06-16 15:23:24,B,1090.0,1,56
2021-06-16 15:23:24,B,1087.9,2,5
2021-06-16 15:23:24,B,1087.85,1,12
2021-06-16 15:23:24,B,1087.75,3,57
2021-06-16 15:23:24,B,1087.7,2,109
2021-06-16 15:23:34,S,1090.15,1,4
2021-06-16 15:23:34,S,1090.2,1,26
2021-06-16 15:23:34,S,1090.25,1,26
2021-06-16 15:23:34,B,1088.05,1,4
2021-06-16 15:23:35,S,1090.05,1,4
2021-06-16 15:23:35,S,1090.1,1,26
2021-06-16 15:23:35,S,1090.15,1,26
2021-06-16 15:23:35,S,1090.4,1,11
2021-06-16 15:23:35,B,1088.05,1,2
2021-06-16 15:23:35,B,1087.75,1,5
2021-06-16 15:23:46,S,1089.95,1,4
2021-06-16 15:23:46,S,1090.0,2,31
2021-06-16 15:23:46,S,1090.05,1,26
2021-06-16 15:23:46,B,1088.2,1,2
2021-06-16 15:23:46,B,1088.15,1,2
2021-06-16 15:23:46,B,1087.7,1,39
2021-06-16 15:23:52,S,1089.85,1,4
2021-06-16 15:23:52,S,1089.9,1,26
2021-06-16 15:23:52,S,1089.95,1,26
2021-06-16 15:23:52,B,1087.7,1,34
2021-06-16 15:23:52,B,1087.55,1,5
2021-06-16 15:23:52,B,1085.05,3,53
2021-06-16 15:23:52,B,1085.0,4,52
2021-06-16 15:23:54,S,1089.55,1,4
2021-06-16 15:23:54,S,1089.6,1,26
2021-06-16 15:23:54,S,1089.65,1,26
2021-06-16 15:23:54,B,1085.15,1,1
2021-06-16 15:24:04,S,1089.5,1,26
2021-06-16 15:24:12,S,1089.5,1,21
2021-06-16 15:24:12,S,1089.55,1,26
2021-06-16 15:24:12,S,1090.55,1,1
2021-06-16 15:24:12,B,1089.0,1,5
2021-06-16 15:24:12,B,1085.2,1,2
2021-06-16 15:24:23,S,1089.0,1,5
2021-06-16 15:24:23,S,1089.25,1,26
2021-06-16 15:24:23,S,1089.3,1,26
2021-06-16 15:24:23,S,1090.4,1,8
2021-06-16 15:24:23,S,1090.45,1,8
2021-06-16 15:24:23,B,1087.75,1,4
2021-06-16 15:24:23,B,1086.95,1,4
2021-06-16 15:24:23,B,1086.7,1,5
2021-06-16 15:24:27,S,1090.5,1,5
2021-06-16 15:24:27,S,1091.75,1,2
2021-06-16 15:24:27,S,1091.85,1,19
2021-06-16 15:24:27,B,1090.05,2,8
2021-06-16 15:24:27,B,1090.0,1,200
2021-06-16 15:24:30,S,1091.65,1,4
2021-06-16 15:24:30,S,1091.7,1,2
2021-06-16 15:24:30,S,1091.8,1,52
2021-06-16 15:24:30,B,1090.05,1,4
2021-06-16 15:24:34,S,1090.05,1,6
2021-06-16 15:24:34,B,1090.0,1,183
2021-06-16 15:24:47,S,1090.5,1,2
2021-06-16 15:24:47,S,1090.6,1,25
2021-06-16 15:24:47,B,1087.75,2,78
2021-06-16 15:24:49,S,1091.5,1,52
2021-06-16 15:24:49,S,1091.55,1,18
2021-06-16 15:24:49,B,1090.0,2,180
2021-06-16 15:24:49,B,1087.8,1,5
2021-06-16 15:24:56,S,1090.6,1,5
2021-06-16 15:24:56,S,1091.55,1,4
2021-06-16 15:24:56,S,1091.6,1,2
2021-06-16 15:24:56,B,1090.05,1,10
2021-06-16 15:24:56,B,1090.0,3,182
2021-06-16 15:24:56,B,1087.9,1,5
2021-06-16 15:24:56,B,1087.85,1,1
2021-06-16 15:24:57,S,1091.75,1,52
2021-06-16 15:24:57,B,1087.95,1,2
2021-06-16 15:24:57,B,1087.85,1,52
2021-06-16 15:25:01,S,1091.45,1,4
2021-06-16 15:25:01,S,1091.5,1,2
2021-06-16 15:25:01,S,1091.65,1,52
2021-06-16 15:25:01,S,1091.7,1,26
2021-06-16 15:25:01,S,1091.8,1,19
2021-06-16 15:25:01,B,1090.0,3,177
2021-06-16 15:25:01,B,1088.0,1,5
2021-06-16 15:25:01,B,1087.95,2,54
2021-06-16 15:25:01,B,1087.9,1,26
2021-06-16 15:25:08,S,1091.3,1,4
2021-06-16 15:25:08,S,1091.35,1,52
2021-06-16 15:25:08,S,1091.4,2,45
2021-06-16 15:25:08,S,1091.55,1,1
2021-06-16 15:25:08,S,1091.6,1,19
2021-06-16 15:25:08,B,1090.05,1,2
2021-06-16 15:25:08,B,1090.0,4,176
2021-06-16 15:25:08,B,1089.0,3,8
2021-06-16 15:25:08,B,1088.25,1,52
2021-06-16 15:25:08,B,1088.2,2,31
2021-06-16 15:25:13,S,1092.0,2,65
2021-06-16 15:25:14,S,1092.8,1,1
2021-06-16 15:25:14,B,1090.1,1,23
2021-06-16 15:25:24,S,1091.8,1,1
2021-06-16 15:25:24,S,1092.75,1,1
2021-06-16 15:25:27,B,1090.55,1,4
2021-06-16 15:25:27,B,1090.2,1,11
2021-06-16 15:25:43,S,1091.95,1,2
2021-06-16 15:25:48,S,1092.95,1,2
2021-06-16 15:25:48,S,1093.85,1,2
2021-06-16 15:25:48,B,1090.65,1,4
2021-06-16 15:25:48,B,1090.6,1,8
2021-06-16 15:25:48,B,1090.5,1,2
2021-06-16 15:25:48,B,1090.15,2,78
2021-06-16 15:25:54,S,1091.9,1,8
2021-06-16 15:25:54,S,1092.0,2,54
2021-06-16 15:25:54,B,1090.3,1,8
2021-06-16 15:25:54,B,1090.25,2,78
2021-06-16 15:25:54,B,1090.2,1,15
2021-06-16 15:25:54,B,1090.0,5,177
2021-06-16 15:25:54,B,1089.2,1,3
2021-06-16 15:25:58,S,1091.8,1,8
2021-06-16 15:25:58,S,1091.85,1,2
2021-06-16 15:25:58,S,1091.95,2,27
2021-06-16 15:26:00,S,1091.8,2,28
2021-06-16 15:26:00,S,1091.85,3,48
2021-06-16 15:26:00,S,1091.9,1,52
2021-06-16 15:26:00,B,1090.05,1,3
2021-06-16 15:26:00,B,1090.0,5,174
2021-06-16 15:26:00,B,1088.05,3,79
2021-06-16 15:26:08,S,1090.05,2,29
2021-06-16 15:26:08,S,1091.75,1,1
2021-06-16 15:26:08,S,1091.85,1,26
2021-06-16 15:26:08,B,1090.0,6,179
2021-06-16 15:26:08,B,1088.05,2,78
2021-06-16 15:26:08,B,1088.0,1,60
2021-06-16 15:26:08,B,1087.7,1,33
2021-06-16 15:26:17,B,1091.65,1,33
2021-06-16 15:26:17,B,1090.0,6,140
2021-06-16 15:26:20,B,1091.65,1,28
2021-06-16 15:26:30,S,1091.75,1,12
2021-06-16 15:26:30,S,1092.9,1,2
2021-06-16 15:26:30,B,1091.65,1,3
2021-06-16 15:26:30,B,1089.15,1,4
2021-06-16 15:26:37,S,1091.7,1,8
2021-06-16 15:26:52,S,1091.65,2,14
2021-06-16 15:26:54,S,1091.65,1,1
2021-06-16 15:26:54,S,1091.9,1,2
2021-06-16 15:26:57,S,1092.2,1,2
2021-06-16 15:26:57,B,1089.3,1,10
2021-06-16 15:26:57,B,1089.05,1,4
2021-06-16 15:27:01,S,1091.65,2,3
2021-06-16 15:27:01,B,1090.55,1,8
2021-06-16 15:27:01,B,1090.5,1,5
2021-06-16 15:27:01,B,1090.0,7,190
2021-06-16 15:27:05,S,1091.6,4,25
2021-06-16 15:27:07,B,1090.05,1,8
2021-06-16 15:27:07,B,1090.0,7,103
2021-06-16 15:27:07,B,1088.6,1,10
2021-06-16 15:27:12,S,1091.6,3,9
2021-06-16 15:27:12,S,1093.0,1,8
2021-06-16 15:27:12,B,1090.15,1,8
2021-06-16 15:27:12,B,1090.1,1,5
2021-06-16 15:27:12,B,1090.0,6,98
2021-06-16 15:27:12,B,1089.7,1,1
2021-06-16 15:27:12,B,1089.25,1,10
2021-06-16 15:27:18,S,1092.25,1,29
2021-06-16 15:27:18,B,1088.05,1,5
2021-06-16 15:27:21,S,1090.0,3,888
2021-06-16 15:27:21,B,1089.0,3,12
2021-06-16 15:27:21,B,1088.7,1,3
2021-06-16 15:27:21,B,1088.4,1,4
2021-06-16 15:27:31,S,1090.0,3,886
2021-06-16 15:27:31,B,1088.0,3,87
2021-06-16 15:27:32,B,1088.95,1,6
2021-06-16 15:27:32,B,1088.35,1,4
2021-06-16 15:27:39,S,1090.0,3,857
2021-06-16 15:27:39,S,1091.6,2,130
2021-06-16 15:27:42,S,1090.0,3,847
2021-06-16 15:27:42,S,1091.0,2,180
2021-06-16 15:27:42,S,1092.0,1,39
2021-06-16 15:27:42,B,1088.95,2,9
2021-06-16 15:27:45,S,1090.0,3,836
2021-06-16 15:27:46,B,1088.95,2,8
2021-06-16 15:27:46,B,1088.6,1,8
2021-06-16 15:27:52,S,1090.0,3,807
2021-06-16 15:27:52,S,1091.6,1,100
2021-06-16 15:27:52,B,1089.0,2,6
2021-06-16 15:27:52,B,1088.95,1,2
2021-06-16 15:27:52,B,1088.6,2,9
2021-06-16 15:27:52,B,1088.55,1,4
2021-06-16 15:27:52,B,1088.0,4,112
2021-06-16 15:27:57,S,1089.9,3,16
2021-06-16 15:27:57,S,1091.0,1,80
2021-06-16 15:27:57,B,1089.15,1,1
2021-06-16 15:27:57,B,1089.1,1,8
2021-06-16 15:27:57,B,1089.05,1,6
2021-06-16 15:27:57,B,1088.05,1,16
2021-06-16 15:27:59,S,1090.0,2,842
2021-06-16 15:27:59,B,1088.0,3,40
2021-06-16 15:27:59,B,1085.65,1,2
2021-06-16 15:28:06,S,1092.25,2,58
2021-06-16 15:28:06,B,1087.95,1,6
2021-06-16 15:28:10,S,1092.25,3,108
2021-06-16 15:28:10,B,1088.0,4,42
2021-06-16 15:28:16,S,1089.0,3,67
2021-06-16 15:28:18,S,1089.0,3,62
2021-06-16 15:28:18,S,1092.25,4,167
2021-06-16 15:28:18,B,1088.0,2,17
2021-06-16 15:28:18,B,1087.55,1,16
2021-06-16 15:28:29,S,1088.95,3,12
2021-06-16 15:28:29,S,1089.0,2,61
2021-06-16 15:28:29,S,1090.0,3,902
2021-06-16 15:28:29,B,1087.6,2,17
2021-06-16 15:28:29,B,1086.7,2,4
2021-06-16 15:28:30,B,1087.6,1,1
2021-06-16 15:28:30,B,1087.05,1,16
2021-06-16 15:28:30,B,1087.0,1,25
2021-06-16 15:28:46,S,1087.95,2,3
2021-06-16 15:28:46,S,1088.0,2,46
2021-06-16 15:28:46,B,1087.65,2,17
2021-06-16 15:28:46,B,1087.6,1,100
2021-06-16 15:29:03,S,1088.0,3,10
2021-06-16 15:29:03,S,1088.05,1,7
2021-06-16 15:29:03,B,1087.95,1,54
2021-06-16 15:29:08,S,1088.05,2,8
2021-06-16 15:29:15,B,1088.0,1,15
2021-06-16 15:29:21,S,1090.0,2,863
2021-06-16 15:29:24,B,1085.65,2,2
2021-06-16 15:29:27,S,1088.05,1,2
2021-06-16 15:29:27,S,1088.1,1,8
2021-06-16 15:29:31,S,1088.1,2,5
2021-06-16 15:29:31,S,1089.65,1,50
2021-06-16 15:29:31,B,1088.0,1,1
2021-06-16 15:29:32,S,1088.1,1,4
2021-06-16 15:29:36,S,1088.1,1,3
2021-06-16 15:29:36,S,1088.15,1,7
2021-06-16 15:29:36,S,1088.95,1,16
2021-06-16 15:29:36,S,1089.0,1,53
2021-06-16 15:29:36,B,1087.5,1,10
2021-06-16 15:29:36,B,1087.0,2,26
2021-06-16 15:29:36,B,1086.7,1,1
2021-06-16 15:29:36,B,1086.05,1,1
2021-06-16 15:29:36,B,1085.65,1,1
2021-06-16 15:29:45,B,1085.3,1,1
2021-06-16 15:29:45,B,1085.25,1,1
2021-06-16 15:29:49,S,1086.95,1,16
2021-06-16 15:29:49,B,1085.3,2,2
2021-06-16 15:29:49,B,1085.0,3,7
2021-06-16 15:29:49,B,1084.3,1,3
2021-06-16 15:29:54,S,1087.0,1,75
2021-06-16 15:29:54,B,1085.0,1,12
2021-06-16 15:29:54,B,1084.25,1,3
2021-06-16 15:29:54,B,1085.0,2,37
2021-06-16 15:30:00,S,1087.0,1,38
2021-06-16 15:30:00,S,1089.65,2,150
2021-06-16 15:30:00,S,1090.0,1,803
2021-06-16 15:30:00,S,1091.5,1,100
2021-06-16 15:30:00,S,1091.95,1,1
2021-06-16 15:30:00,B,1085.05,1,1
2021-06-16 15:30:00,B,1085.0,3,47
2021-06-16 15:30:00,B,1084.4,1,3
2021-06-16 15:30:00,B,1084.15,1,2
2021-06-16 15:30:00,B,1083.0,1,1
2021-06-16 15:31:18,S,0.0,0,0
2021-06-16 15:31:18,B,0.0,0,0
2021-06-17 09:00:14,S,1090.0,1,150
2021-06-17 09:00:14,S,1097.15,1,5
2021-06-17 09:00:14,S,1109.0,1,10
2021-06-17 09:00:14,S,1124.4,1,1
2021-06-17 09:00:14,S,0.0,0,0
2021-06-17 09:00:14,B,1092.0,1,20
2021-06-17 09:00:14,B,1091.65,1,5
2021-06-17 09:00:14,B,1072.0,1,10
2021-06-17 09:00:14,B,1060.0,1,20
2021-06-17 09:00:14,B,0.0,0,0
2021-06-17 09:00:15,S,1090.0,1,150
2021-06-17 09:00:15,S,1097.15,1,5
2021-06-17 09:00:15,S,1109.0,1,10
2021-06-17 09:00:15,S,1116.0,1,18
2021-06-17 09:00:15,S,0.0,0,0
2021-06-17 09:00:15,B,1092.0,1,20
2021-06-17 09:00:15,B,1091.65,1,5
2021-06-17 09:00:15,B,1072.0,1,10
2021-06-17 09:00:15,B,1060.0,1,20
2021-06-17 09:00:15,B,0.0,0,0
2021-06-17 09:00:19,S,1090.0,1,150
2021-06-17 09:00:19,S,1097.15,1,5
2021-06-17 09:00:19,S,1109.0,1,10
2021-06-17 09:00:19,S,1116.0,1,18
2021-06-17 09:00:19,S,0.0,1,30
2021-06-17 09:00:19,B,1113.5,1,4
2021-06-17 09:00:19,B,1092.0,1,20
2021-06-17 09:00:19,B,1091.65,1,5
2021-06-17 09:00:19,B,1072.0,1,10
2021-06-17 09:00:19,B,0.0,0,0
2021-06-17 09:00:24,S,1090.0,1,150
2021-06-17 09:00:24,S,1097.15,1,5
2021-06-17 09:00:24,S,1109.0,1,10
2021-06-17 09:00:24,S,1116.0,2,43
2021-06-17 09:00:24,S,0.0,1,30
2021-06-17 09:00:24,B,1113.5,1,4
2021-06-17 09:00:24,B,1092.0,1,20
2021-06-17 09:00:24,B,1091.65,1,5
2021-06-17 09:00:24,B,1080.0,1,1
2021-06-17 09:00:24,B,0.0,0,0
2021-06-17 09:00:28,S,1019.65,1,5
2021-06-17 09:00:28,S,1039.0,1,10
2021-06-17 09:00:28,S,1090.0,1,150
2021-06-17 09:00:28,S,1097.15,1,5
2021-06-17 09:00:28,S,0.0,2,90
2021-06-17 09:00:28,B,1113.5,1,4
2021-06-17 09:00:28,B,1092.0,1,20
2021-06-17 09:00:28,B,1091.65,1,5
2021-06-17 09:00:28,B,1085.0,1,1
2021-06-17 09:00:28,B,0.0,2,100
2021-06-17 09:00:32,S,1019.65,1,5
2021-06-17 09:00:32,S,1039.0,1,10
2021-06-17 09:00:32,S,1090.0,1,150
2021-06-17 09:00:32,S,1097.15,1,5
2021-06-17 09:00:32,S,0.0,2,90
2021-06-17 09:00:32,B,1113.5,1,4
2021-06-17 09:00:32,B,1092.0,1,20
2021-06-17 09:00:32,B,1091.65,1,5
2021-06-17 09:00:32,B,1085.0,1,1
2021-06-17 09:00:32,B,0.0,2,100
2021-06-17 09:00:36,S,1019.65,1,5
2021-06-17 09:00:36,S,1039.0,1,10
2021-06-17 09:00:36,S,1090.0,1,150
2021-06-17 09:00:36,S,1097.15,1,5
2021-06-17 09:00:36,S,0.0,2,90
2021-06-17 09:00:36,B,1113.5,1,4
2021-06-17 09:00:36,B,1092.0,1,20
2021-06-17 09:00:36,B,1091.65,1,5
2021-06-17 09:00:36,B,1085.0,1,1
2021-06-17 09:00:36,B,0.0,2,100
2021-06-17 09:00:39,S,1019.65,1,5
2021-06-17 09:00:39,S,1039.0,1,10
2021-06-17 09:00:39,S,1090.0,1,150
2021-06-17 09:00:39,S,1097.15,1,5
2021-06-17 09:00:39,S,0.0,2,90
2021-06-17 09:00:39,B,1113.5,1,4
2021-06-17 09:00:39,B,1092.0,1,20
2021-06-17 09:00:39,B,1091.65,1,5
2021-06-17 09:00:39,B,1085.0,1,1
2021-06-17 09:00:39,B,0.0,2,100
2021-06-17 09:00:42,S,1019.65,1,5
2021-06-17 09:00:42,S,1039.0,1,10
2021-06-17 09:00:42,S,1090.0,1,150
2021-06-17 09:00:42,S,1097.15,1,5
2021-06-17 09:00:42,S,0.0,2,90
2021-06-17 09:00:42,B,1113.5,1,4
2021-06-17 09:00:42,B,1092.0,1,20
2021-06-17 09:00:42,B,1091.65,1,5
2021-06-17 09:00:42,B,1085.0,1,1
2021-06-17 09:00:42,B,0.0,2,100
2021-06-17 09:00:46,S,1019.65,1,5
2021-06-17 09:00:46,S,1039.0,1,10
2021-06-17 09:00:46,S,1090.0,1,150
2021-06-17 09:00:46,S,1097.15,1,5
2021-06-17 09:00:46,S,0.0,2,90
2021-06-17 09:00:46,B,1113.5,1,4
2021-06-17 09:00:46,B,1092.0,1,20
2021-06-17 09:00:46,B,1091.65,1,5
2021-06-17 09:00:46,B,1085.0,1,1
2021-06-17 09:00:46,B,0.0,2,100
2021-06-17 09:00:51,S,1019.65,1,5
2021-06-17 09:00:51,S,1039.0,1,10
2021-06-17 09:00:51,S,1090.0,1,150
2021-06-17 09:00:51,S,1097.15,1,5
2021-06-17 09:00:51,S,0.0,2,90
2021-06-17 09:00:51,B,1113.5,1,4
2021-06-17 09:00:51,B,1092.0,1,20
2021-06-17 09:00:51,B,1091.65,1,5
2021-06-17 09:00:51,B,1085.0,1,1
2021-06-17 09:00:51,B,0.0,2,100
2021-06-17 09:00:53,S,1019.65,1,5
2021-06-17 09:00:53,S,1039.0,1,10
2021-06-17 09:00:53,S,1080.75,2,4
2021-06-17 09:00:53,S,1090.0,1,150
2021-06-17 09:00:53,S,0.0,2,90
2021-06-17 09:00:53,B,1113.5,1,4
2021-06-17 09:00:53,B,1092.0,1,20
2021-06-17 09:00:53,B,1091.65,1,5
2021-06-17 09:00:53,B,1085.0,1,1
2021-06-17 09:00:53,B,0.0,2,100
2021-06-17 09:00:58,S,1019.65,1,5
2021-06-17 09:00:58,S,1039.0,1,10
2021-06-17 09:00:58,S,1080.75,2,4
2021-06-17 09:00:58,S,1090.0,1,150
2021-06-17 09:00:58,S,0.0,2,90
2021-06-17 09:00:58,B,1113.5,1,4
2021-06-17 09:00:58,B,1092.0,1,20
2021-06-17 09:00:58,B,1091.65,1,5
2021-06-17 09:00:58,B,1085.0,1,1
2021-06-17 09:00:58,B,0.0,2,100
2021-06-17 09:01:09,S,1019.65,1,5
2021-06-17 09:01:09,S,1039.0,1,10
2021-06-17 09:01:09,S,1080.75,2,4
2021-06-17 09:01:09,S,1090.0,1,150
2021-06-17 09:01:09,S,0.0,2,90
2021-06-17 09:01:09,B,1113.5,1,4
2021-06-17 09:01:09,B,1092.0,1,20
2021-06-17 09:01:09,B,1091.65,1,5
2021-06-17 09:01:09,B,1085.0,1,1
2021-06-17 09:01:09,B,0.0,2,100
2021-06-17 09:01:13,S,1019.65,1,5
2021-06-17 09:01:13,S,1039.0,1,10
2021-06-17 09:01:13,S,1080.75,2,4
2021-06-17 09:01:13,S,1090.0,1,150
2021-06-17 09:01:13,S,0.0,2,90
2021-06-17 09:01:13,B,1113.5,1,4
2021-06-17 09:01:13,B,1092.0,1,20
2021-06-17 09:01:13,B,1091.65,1,5
2021-06-17 09:01:13,B,1085.0,1,1
2021-06-17 09:01:13,B,0.0,2,100
2021-06-17 09:01:16,S,1019.65,1,5
2021-06-17 09:01:16,S,1039.0,1,10
2021-06-17 09:01:16,S,1080.75,2,4
2021-06-17 09:01:16,S,1090.0,1,150
2021-06-17 09:01:16,S,0.0,2,90
2021-06-17 09:01:16,B,1113.5,1,4
2021-06-17 09:01:16,B,1092.0,1,20
2021-06-17 09:01:16,B,1091.65,1,5
2021-06-17 09:01:16,B,1085.0,1,1
2021-06-17 09:01:16,B,0.0,2,100
2021-06-17 09:01:21,S,1019.65,1,5
2021-06-17 09:01:21,S,1039.0,1,10
2021-06-17 09:01:21,S,1080.75,2,4
2021-06-17 09:01:21,S,1090.0,1,150
2021-06-17 09:01:21,S,0.0,2,90
2021-06-17 09:01:21,B,1113.5,1,4
2021-06-17 09:01:21,B,1092.0,1,20
2021-06-17 09:01:21,B,1091.65,1,5
2021-06-17 09:01:21,B,1085.0,1,1
2021-06-17 09:01:21,B,0.0,2,100
2021-06-17 09:01:23,S,1019.65,1,5
2021-06-17 09:01:23,S,1039.0,1,10
2021-06-17 09:01:23,S,1080.75,2,4
2021-06-17 09:01:23,S,1090.0,1,150
2021-06-17 09:01:23,S,0.0,2,90
2021-06-17 09:01:23,B,1113.5,1,4
2021-06-17 09:01:23,B,1092.0,1,20
2021-06-17 09:01:23,B,1091.65,1,5
2021-06-17 09:01:23,B,1085.0,1,1
2021-06-17 09:01:23,B,0.0,2,100
2021-06-17 09:01:25,S,1019.65,1,5
2021-06-17 09:01:25,S,1039.0,1,10
2021-06-17 09:01:25,S,1080.75,2,4
2021-06-17 09:01:25,S,1090.0,1,150
2021-06-17 09:01:25,S,0.0,2,90
2021-06-17 09:01:25,B,1113.5,1,4
2021-06-17 09:01:25,B,1092.0,1,20
2021-06-17 09:01:25,B,1091.65,1,5
2021-06-17 09:01:25,B,1085.0,1,1
2021-06-17 09:01:25,B,0.0,2,100
2021-06-17 09:01:42,S,1019.65,1,5
2021-06-17 09:01:42,S,1039.0,1,10
2021-06-17 09:01:42,S,1080.75,2,4
2021-06-17 09:01:42,S,1090.0,1,150
2021-06-17 09:01:42,S,0.0,2,90
2021-06-17 09:01:42,B,1113.5,1,4
2021-06-17 09:01:42,B,1092.0,1,20
2021-06-17 09:01:42,B,1091.65,1,5
2021-06-17 09:01:42,B,1085.0,1,1
2021-06-17 09:01:42,B,0.0,2,100
2021-06-17 09:01:46,S,1019.65,1,5
2021-06-17 09:01:46,S,1039.0,1,10
2021-06-17 09:01:46,S,1080.75,2,4
2021-06-17 09:01:46,S,1090.0,1,150
2021-06-17 09:01:46,S,0.0,2,90
2021-06-17 09:01:46,B,1113.5,1,4
2021-06-17 09:01:46,B,1092.0,1,20
2021-06-17 09:01:46,B,1091.65,1,5
2021-06-17 09:01:46,B,1085.0,1,1
2021-06-17 09:01:46,B,0.0,2,100
2021-06-17 09:01:49,S,1019.65,1,5
2021-06-17 09:01:49,S,1039.0,1,10
2021-06-17 09:01:49,S,1080.75,2,4
2021-06-17 09:01:49,S,1090.0,1,150
2021-06-17 09:01:49,S,0.0,2,90
2021-06-17 09:01:49,B,1113.5,1,4
2021-06-17 09:01:49,B,1092.0,1,20
2021-06-17 09:01:49,B,1091.65,1,5
2021-06-17 09:01:49,B,1085.0,1,1
2021-06-17 09:01:49,B,0.0,2,100
2021-06-17 09:01:55,S,1019.65,1,5
2021-06-17 09:01:55,S,1039.0,1,10
2021-06-17 09:01:55,S,1080.75,2,4
2021-06-17 09:01:55,S,1090.0,1,150
2021-06-17 09:01:55,S,0.0,2,90
2021-06-17 09:01:55,B,1113.5,1,4
2021-06-17 09:01:55,B,1092.0,1,20
2021-06-17 09:01:55,B,1091.65,1,5
2021-06-17 09:01:55,B,1085.0,1,1
2021-06-17 09:01:55,B,0.0,2,100
2021-06-17 09:01:58,S,1019.65,1,5
2021-06-17 09:01:58,S,1039.0,1,10
2021-06-17 09:01:58,S,1080.75,2,4
2021-06-17 09:01:58,S,1090.0,1,150
2021-06-17 09:01:58,S,0.0,2,90
2021-06-17 09:01:58,B,1113.5,1,4
2021-06-17 09:01:58,B,1092.0,1,20
2021-06-17 09:01:58,B,1091.65,1,5
2021-06-17 09:01:58,B,1085.0,1,1
2021-06-17 09:01:58,B,0.0,2,100
2021-06-17 09:02:00,S,1019.65,1,5
2021-06-17 09:02:00,S,1039.0,1,10
2021-06-17 09:02:00,S,1080.75,2,4
2021-06-17 09:02:00,S,1090.0,1,150
2021-06-17 09:02:00,S,0.0,2,90
2021-06-17 09:02:00,B,1113.5,1,4
2021-06-17 09:02:00,B,1092.0,1,20
2021-06-17 09:02:00,B,1091.65,1,5
2021-06-17 09:02:00,B,1085.0,1,1
2021-06-17 09:02:00,B,0.0,2,100
2021-06-17 09:02:03,S,1019.65,1,5
2021-06-17 09:02:03,S,1039.0,1,10
2021-06-17 09:02:03,S,1080.75,2,4
2021-06-17 09:02:03,S,1090.0,1,150
2021-06-17 09:02:03,S,0.0,2,90
2021-06-17 09:02:03,B,1113.5,1,4
2021-06-17 09:02:03,B,1092.0,1,20
2021-06-17 09:02:03,B,1091.65,1,5
2021-06-17 09:02:03,B,1085.0,1,1
2021-06-17 09:02:03,B,0.0,2,100
2021-06-17 09:02:19,S,1019.65,1,5
2021-06-17 09:02:19,S,1039.0,1,10
2021-06-17 09:02:19,S,1080.75,2,4
2021-06-17 09:02:19,S,1090.0,1,150
2021-06-17 09:02:19,S,0.0,2,90
2021-06-17 09:02:19,B,1113.5,1,4
2021-06-17 09:02:19,B,1092.0,1,20
2021-06-17 09:02:19,B,1091.65,1,5
2021-06-17 09:02:19,B,1085.0,1,1
2021-06-17 09:02:19,B,0.0,2,100
2021-06-17 09:02:22,S,1019.65,1,5
2021-06-17 09:02:22,S,1039.0,1,10
2021-06-17 09:02:22,S,1080.75,2,4
2021-06-17 09:02:22,S,1090.0,1,150
2021-06-17 09:02:22,S,0.0,2,90
2021-06-17 09:02:22,B,1113.5,1,4
2021-06-17 09:02:22,B,1092.0,1,20
2021-06-17 09:02:22,B,1091.65,1,5
2021-06-17 09:02:22,B,1085.0,1,1
2021-06-17 09:02:22,B,0.0,2,100
2021-06-17 09:02:26,S,1019.65,1,5
2021-06-17 09:02:26,S,1039.0,1,10
2021-06-17 09:02:26,S,1080.75,2,4
2021-06-17 09:02:26,S,1090.0,1,150
2021-06-17 09:02:26,S,0.0,2,90
2021-06-17 09:02:26,B,1113.5,1,4
2021-06-17 09:02:26,B,1092.0,1,20
2021-06-17 09:02:26,B,1091.65,1,5
2021-06-17 09:02:26,B,1085.0,1,1
2021-06-17 09:02:26,B,0.0,2,100
2021-06-17 09:02:30,S,1019.65,1,5
2021-06-17 09:02:30,S,1039.0,1,10
2021-06-17 09:02:30,S,1080.75,2,4
2021-06-17 09:02:30,S,1090.0,1,150
2021-06-17 09:02:30,S,0.0,2,90
2021-06-17 09:02:30,B,1113.5,1,4
2021-06-17 09:02:30,B,1092.0,1,20
2021-06-17 09:02:30,B,1091.65,1,5
2021-06-17 09:02:30,B,1090.0,1,10
2021-06-17 09:02:30,B,0.0,2,100
2021-06-17 09:02:34,S,1019.65,1,5
2021-06-17 09:02:34,S,1039.0,1,10
2021-06-17 09:02:34,S,1080.75,2,4
2021-06-17 09:02:34,S,1090.0,1,150
2021-06-17 09:02:34,S,0.0,2,90
2021-06-17 09:02:34,B,1113.5,1,4
2021-06-17 09:02:34,B,1092.0,1,20
2021-06-17 09:02:34,B,1091.65,1,5
2021-06-17 09:02:34,B,1090.0,1,10
2021-06-17 09:02:34,B,0.0,2,100
2021-06-17 09:02:36,S,1019.65,1,5
2021-06-17 09:02:36,S,1039.0,1,10
2021-06-17 09:02:36,S,1080.75,2,4
2021-06-17 09:02:36,S,1090.0,1,150
2021-06-17 09:02:36,S,0.0,2,90
2021-06-17 09:02:36,B,1113.5,1,4
2021-06-17 09:02:36,B,1092.0,1,20
2021-06-17 09:02:36,B,1091.65,1,5
2021-06-17 09:02:36,B,1090.0,1,10
2021-06-17 09:02:36,B,0.0,2,100
2021-06-17 09:02:43,S,1019.65,1,5
2021-06-17 09:02:43,S,1039.0,1,10
2021-06-17 09:02:43,S,1080.75,2,4
2021-06-17 09:02:43,S,1090.0,1,150
2021-06-17 09:02:43,S,0.0,2,90
2021-06-17 09:02:43,B,1113.5,1,4
2021-06-17 09:02:43,B,1092.0,1,20
2021-06-17 09:02:43,B,1091.65,1,5
2021-06-17 09:02:43,B,1090.0,1,10
2021-06-17 09:02:43,B,0.0,2,100
2021-06-17 09:02:46,S,1019.65,1,5
2021-06-17 09:02:46,S,1039.0,1,10
2021-06-17 09:02:46,S,1080.75,2,4
2021-06-17 09:02:46,S,1090.0,1,150
2021-06-17 09:02:46,S,0.0,2,90
2021-06-17 09:02:46,B,1113.5,1,4
2021-06-17 09:02:46,B,1092.0,1,20
2021-06-17 09:02:46,B,1091.65,1,5
2021-06-17 09:02:46,B,1090.0,1,10
2021-06-17 09:02:46,B,0.0,2,100
2021-06-17 09:02:51,S,1019.65,1,5
2021-06-17 09:02:51,S,1039.0,1,10
2021-06-17 09:02:51,S,1080.75,2,4
2021-06-17 09:02:51,S,1090.0,1,150
2021-06-17 09:02:51,S,0.0,2,90
2021-06-17 09:02:51,B,1113.5,1,4
2021-06-17 09:02:51,B,1092.0,1,20
2021-06-17 09:02:51,B,1091.65,1,5
2021-06-17 09:02:51,B,1090.0,1,10
2021-06-17 09:02:51,B,0.0,2,100
2021-06-17 09:02:53,S,1019.65,1,5
2021-06-17 09:02:53,S,1039.0,1,10
2021-06-17 09:02:53,S,1080.75,2,4
2021-06-17 09:02:53,S,1090.0,1,150
2021-06-17 09:02:53,S,0.0,2,90
2021-06-17 09:02:53,B,1113.5,1,4
2021-06-17 09:02:53,B,1092.0,1,20
2021-06-17 09:02:53,B,1091.65,1,5
2021-06-17 09:02:53,B,1090.0,1,10
2021-06-17 09:02:53,B,0.0,2,100
2021-06-17 09:02:55,S,1019.65,1,5
2021-06-17 09:02:55,S,1039.0,1,10
2021-06-17 09:02:55,S,1080.75,2,4
2021-06-17 09:02:55,S,1090.0,1,150
2021-06-17 09:02:55,S,0.0,2,90
2021-06-17 09:02:55,B,1113.5,1,4
2021-06-17 09:02:55,B,1092.0,1,20
2021-06-17 09:02:55,B,1091.65,1,5
2021-06-17 09:02:55,B,1090.0,1,10
2021-06-17 09:02:55,B,0.0,2,100
2021-06-17 09:03:00,S,1019.65,1,5
2021-06-17 09:03:00,S,1039.0,1,10
2021-06-17 09:03:00,S,1080.75,2,4
2021-06-17 09:03:00,S,1090.0,1,150
2021-06-17 09:03:00,S,0.0,2,90
2021-06-17 09:03:00,B,1113.5,1,4
2021-06-17 09:03:00,B,1092.0,1,20
2021-06-17 09:03:00,B,1091.65,1,5
2021-06-17 09:03:00,B,1090.0,1,10
2021-06-17 09:03:00,B,0.0,2,100
2021-06-17 09:03:10,S,1019.65,1,5
2021-06-17 09:03:10,S,1039.0,1,10
2021-06-17 09:03:10,S,1080.75,2,4
2021-06-17 09:03:10,S,1090.0,1,150
2021-06-17 09:03:10,S,0.0,2,90
2021-06-17 09:03:10,B,1113.5,1,4
2021-06-17 09:03:10,B,1092.0,1,20
2021-06-17 09:03:10,B,1091.65,1,5
2021-06-17 09:03:10,B,1090.0,1,10
2021-06-17 09:03:10,B,0.0,2,100
2021-06-17 09:03:12,S,1019.65,1,5
2021-06-17 09:03:12,S,1039.0,1,10
2021-06-17 09:03:12,S,1080.75,2,4
2021-06-17 09:03:12,S,1090.0,1,150
2021-06-17 09:03:12,S,0.0,2,90
2021-06-17 09:03:12,B,1113.5,1,4
2021-06-17 09:03:12,B,1092.0,1,20
2021-06-17 09:03:12,B,1091.65,1,5
2021-06-17 09:03:12,B,1090.0,1,10
2021-06-17 09:03:12,B,0.0,2,100
2021-06-17 09:03:17,S,1019.65,1,5
2021-06-17 09:03:17,S,1039.0,1,10
2021-06-17 09:03:17,S,1080.75,2,4
2021-06-17 09:03:17,S,1090.0,1,150
2021-06-17 09:03:17,S,0.0,2,90
2021-06-17 09:03:17,B,1113.5,1,4
2021-06-17 09:03:17,B,1092.0,1,20
2021-06-17 09:03:17,B,1091.65,1,5
2021-06-17 09:03:17,B,1090.0,1,10
2021-06-17 09:03:17,B,0.0,2,100
2021-06-17 09:03:21,S,1019.65,1,5
2021-06-17 09:03:21,S,1039.0,1,10
2021-06-17 09:03:21,S,1080.75,2,4
2021-06-17 09:03:21,S,1090.0,1,150
2021-06-17 09:03:21,S,0.0,2,90
2021-06-17 09:03:21,B,1113.5,1,4
2021-06-17 09:03:21,B,1092.0,1,20
2021-06-17 09:03:21,B,1091.65,1,5
2021-06-17 09:03:21,B,1090.0,1,10
2021-06-17 09:03:21,B,0.0,2,100
2021-06-17 09:03:24,S,1019.65,1,5
2021-06-17 09:03:24,S,1039.0,1,10
2021-06-17 09:03:24,S,1080.75,2,4
2021-06-17 09:03:24,S,1090.0,1,150
2021-06-17 09:03:24,S,0.0,2,90
2021-06-17 09:03:24,B,1113.5,1,4
2021-06-17 09:03:24,B,1092.0,1,20
2021-06-17 09:03:24,B,1091.65,1,5
2021-06-17 09:03:24,B,1090.0,1,10
2021-06-17 09:03:24,B,0.0,2,100
2021-06-17 09:03:28,S,1019.65,1,5
2021-06-17 09:03:28,S,1039.0,1,10
2021-06-17 09:03:28,S,1080.75,2,4
2021-06-17 09:03:28,S,1090.0,1,150
2021-06-17 09:03:28,S,0.0,2,90
2021-06-17 09:03:28,B,1113.5,1,4
2021-06-17 09:03:28,B,1092.0,1,20
2021-06-17 09:03:28,B,1091.65,1,5
2021-06-17 09:03:28,B,1090.0,1,10
2021-06-17 09:03:28,B,0.0,2,100
2021-06-17 09:03:32,S,1019.65,1,5
2021-06-17 09:03:32,S,1039.0,1,10
2021-06-17 09:03:32,S,1080.75,2,4
2021-06-17 09:03:32,S,1090.0,1,150
2021-06-17 09:03:32,S,0.0,2,90
2021-06-17 09:03:32,B,1113.5,1,4
2021-06-17 09:03:32,B,1092.0,1,20
2021-06-17 09:03:32,B,1091.65,1,5
2021-06-17 09:03:32,B,1090.0,1,10
2021-06-17 09:03:32,B,0.0,2,100
2021-06-17 09:03:34,S,1019.65,1,5
2021-06-17 09:03:34,S,1039.0,1,10
2021-06-17 09:03:34,S,1080.75,2,4
2021-06-17 09:03:34,S,1090.0,1,150
2021-06-17 09:03:34,S,0.0,2,90
2021-06-17 09:03:34,B,1113.5,1,4
2021-06-17 09:03:34,B,1092.0,1,20
2021-06-17 09:03:34,B,1091.65,1,5
2021-06-17 09:03:34,B,1090.0,1,10
2021-06-17 09:03:34,B,0.0,2,100
2021-06-17 09:03:41,S,1019.65,1,5
2021-06-17 09:03:41,S,1039.0,1,10
2021-06-17 09:03:41,S,1080.75,2,4
2021-06-17 09:03:41,S,1090.0,1,150
2021-06-17 09:03:41,S,0.0,2,90
2021-06-17 09:03:41,B,1113.5,1,4
2021-06-17 09:03:41,B,1092.0,1,20
2021-06-17 09:03:41,B,1091.65,1,5
2021-06-17 09:03:41,B,1090.0,1,10
2021-06-17 09:03:41,B,0.0,2,100
2021-06-17 09:03:43,S,1019.65,1,5
2021-06-17 09:03:43,S,1039.0,1,10
2021-06-17 09:03:43,S,1080.75,2,4
2021-06-17 09:03:43,S,1090.0,1,150
2021-06-17 09:03:43,S,0.0,2,90
2021-06-17 09:03:43,B,1113.5,1,4
2021-06-17 09:03:43,B,1092.0,1,20
2021-06-17 09:03:43,B,1091.65,1,5
2021-06-17 09:03:43,B,1090.0,1,10
2021-06-17 09:03:43,B,0.0,2,100
2021-06-17 09:03:48,S,1019.65,1,5
2021-06-17 09:03:48,S,1039.0,1,10
2021-06-17 09:03:48,S,1080.75,2,4
2021-06-17 09:03:48,S,1090.0,1,150
2021-06-17 09:03:48,S,0.0,2,90
2021-06-17 09:03:48,B,1113.5,1,4
2021-06-17 09:03:48,B,1092.0,1,20
2021-06-17 09:03:48,B,1091.65,1,5
2021-06-17 09:03:48,B,1090.0,1,10
2021-06-17 09:03:48,B,0.0,2,100
2021-06-17 09:03:51,S,1019.65,1,5
2021-06-17 09:03:51,S,1039.0,1,10
2021-06-17 09:03:51,S,1080.75,2,4
2021-06-17 09:03:51,S,1090.0,1,150
2021-06-17 09:03:51,S,0.0,2,90
2021-06-17 09:03:51,B,1113.5,1,4
2021-06-17 09:03:51,B,1092.0,1,20
2021-06-17 09:03:51,B,1091.65,1,5
2021-06-17 09:03:51,B,1090.0,1,10
2021-06-17 09:03:51,B,0.0,2,100
2021-06-17 09:03:53,S,1019.65,1,5
2021-06-17 09:03:53,S,1039.0,1,10
2021-06-17 09:03:53,S,1080.75,2,4
2021-06-17 09:03:53,S,1090.0,1,150
2021-06-17 09:03:53,S,0.0,2,90
2021-06-17 09:03:53,B,1113.5,1,4
2021-06-17 09:03:53,B,1092.0,1,20
2021-06-17 09:03:53,B,1091.65,1,5
2021-06-17 09:03:53,B,1090.0,1,10
2021-06-17 09:03:53,B,0.0,2,100
2021-06-17 09:03:57,S,1019.65,1,5
2021-06-17 09:03:57,S,1039.0,1,10
2021-06-17 09:03:57,S,1080.75,2,4
2021-06-17 09:03:57,S,1090.0,1,150
2021-06-17 09:03:57,S,0.0,2,90
2021-06-17 09:03:57,B,1113.5,1,4
2021-06-17 09:03:57,B,1092.0,1,20
2021-06-17 09:03:57,B,1091.65,1,5
2021-06-17 09:03:57,B,1090.0,1,10
2021-06-17 09:03:57,B,0.0,2,100
2021-06-17 09:03:59,S,1019.65,1,5
2021-06-17 09:03:59,S,1039.0,1,10
2021-06-17 09:03:59,S,1080.75,2,4
2021-06-17 09:03:59,S,1090.0,1,150
2021-06-17 09:03:59,S,0.0,2,90
2021-06-17 09:03:59,B,1113.5,1,4
2021-06-17 09:03:59,B,1092.0,1,20
2021-06-17 09:03:59,B,1091.65,1,5
2021-06-17 09:03:59,B,1090.0,1,10
2021-06-17 09:03:59,B,0.0,2,100
2021-06-17 09:04:01,S,1019.65,1,5
2021-06-17 09:04:01,S,1039.0,1,10
2021-06-17 09:04:01,S,1080.75,2,4
2021-06-17 09:04:01,S,1090.0,1,150
2021-06-17 09:04:01,S,0.0,2,90
2021-06-17 09:04:01,B,1113.5,1,4
2021-06-17 09:04:01,B,1092.0,1,20
2021-06-17 09:04:01,B,1091.65,1,5
2021-06-17 09:04:01,B,1090.0,1,10
2021-06-17 09:04:01,B,0.0,2,100
2021-06-17 09:04:18,S,1019.65,1,5
2021-06-17 09:04:18,S,1039.0,1,10
2021-06-17 09:04:18,S,1080.75,2,4
2021-06-17 09:04:18,S,1090.0,1,150
2021-06-17 09:04:18,S,0.0,2,90
2021-06-17 09:04:18,B,1113.5,1,4
2021-06-17 09:04:18,B,1092.0,1,20
2021-06-17 09:04:18,B,1091.65,1,5
2021-06-17 09:04:18,B,1090.0,1,10
2021-06-17 09:04:18,B,0.0,2,100
2021-06-17 09:04:20,S,1019.65,1,5
2021-06-17 09:04:20,S,1039.0,1,10
2021-06-17 09:04:20,S,1080.75,2,4
2021-06-17 09:04:20,S,1090.0,1,150
2021-06-17 09:04:20,S,0.0,2,90
2021-06-17 09:04:20,B,1113.5,1,4
2021-06-17 09:04:20,B,1092.0,1,20
2021-06-17 09:04:20,B,1091.65,1,5
2021-06-17 09:04:20,B,1090.0,1,10
2021-06-17 09:04:20,B,0.0,2,100
2021-06-17 09:04:24,S,1019.65,1,5
2021-06-17 09:04:24,S,1039.0,1,10
2021-06-17 09:04:24,S,1080.75,2,4
2021-06-17 09:04:24,S,1090.0,1,150
2021-06-17 09:04:24,S,0.0,2,90
2021-06-17 09:04:24,B,1113.5,1,4
2021-06-17 09:04:24,B,1092.0,1,20
2021-06-17 09:04:24,B,1091.65,1,5
2021-06-17 09:04:24,B,1090.0,1,10
2021-06-17 09:04:24,B,0.0,2,100
2021-06-17 09:04:27,S,1019.65,1,5
2021-06-17 09:04:27,S,1039.0,1,10
2021-06-17 09:04:27,S,1080.75,2,4
2021-06-17 09:04:27,S,1090.0,1,150
2021-06-17 09:04:27,S,0.0,2,90
2021-06-17 09:04:27,B,1113.5,1,4
2021-06-17 09:04:27,B,1092.0,1,20
2021-06-17 09:04:27,B,1091.65,1,5
2021-06-17 09:04:27,B,1090.0,1,10
2021-06-17 09:04:27,B,0.0,2,100
2021-06-17 09:04:29,S,1019.65,1,5
2021-06-17 09:04:29,S,1039.0,1,10
2021-06-17 09:04:29,S,1080.75,2,4
2021-06-17 09:04:29,S,1090.0,1,150
2021-06-17 09:04:29,S,0.0,2,90
2021-06-17 09:04:29,B,1113.5,1,4
2021-06-17 09:04:29,B,1092.0,1,20
2021-06-17 09:04:29,B,1091.65,1,5
2021-06-17 09:04:29,B,1090.0,1,10
2021-06-17 09:04:29,B,0.0,2,100
2021-06-17 09:04:42,S,1019.65,1,5
2021-06-17 09:04:42,S,1039.0,1,10
2021-06-17 09:04:42,S,1080.75,2,4
2021-06-17 09:04:42,S,1090.0,1,150
2021-06-17 09:04:42,S,0.0,2,90
2021-06-17 09:04:42,B,1113.5,1,4
2021-06-17 09:04:42,B,1092.0,1,20
2021-06-17 09:04:42,B,1091.65,1,5
2021-06-17 09:04:42,B,1090.0,1,10
2021-06-17 09:04:42,B,0.0,2,100
2021-06-17 09:04:45,S,1019.65,1,5
2021-06-17 09:04:45,S,1039.0,1,10
2021-06-17 09:04:45,S,1080.75,2,4
2021-06-17 09:04:45,S,1090.0,1,150
2021-06-17 09:04:45,S,0.0,2,90
2021-06-17 09:04:45,B,1113.5,1,4
2021-06-17 09:04:45,B,1092.0,1,20
2021-06-17 09:04:45,B,1091.65,1,5
2021-06-17 09:04:45,B,1090.0,1,10
2021-06-17 09:04:45,B,0.0,2,100
2021-06-17 09:04:46,S,1019.65,1,5
2021-06-17 09:04:46,S,1039.0,1,10
2021-06-17 09:04:46,S,1080.75,2,4
2021-06-17 09:04:46,S,1090.0,1,150
2021-06-17 09:04:46,S,0.0,2,90
2021-06-17 09:04:46,B,1113.5,1,4
2021-06-17 09:04:46,B,1092.0,1,20
2021-06-17 09:04:46,B,1091.65,1,5
2021-06-17 09:04:46,B,1090.0,1,10
2021-06-17 09:04:46,B,0.0,2,100
2021-06-17 09:04:55,S,1019.65,1,5
2021-06-17 09:04:55,S,1039.0,1,10
2021-06-17 09:04:55,S,1080.75,2,4
2021-06-17 09:04:55,S,1090.0,1,150
2021-06-17 09:04:55,S,0.0,2,90
2021-06-17 09:04:55,B,1113.5,1,4
2021-06-17 09:04:55,B,1092.0,1,20
2021-06-17 09:04:55,B,1091.65,1,5
2021-06-17 09:04:55,B,1090.0,1,10
2021-06-17 09:04:55,B,0.0,2,100
2021-06-17 09:05:01,S,1019.65,1,5
2021-06-17 09:05:01,S,1039.0,1,10
2021-06-17 09:05:01,S,1080.75,2,4
2021-06-17 09:05:01,S,1090.0,1,150
2021-06-17 09:05:01,S,0.0,2,90
2021-06-17 09:05:01,B,1113.5,1,4
2021-06-17 09:05:01,B,1092.0,1,20
2021-06-17 09:05:01,B,1091.65,1,5
2021-06-17 09:05:01,B,1090.0,1,10
2021-06-17 09:05:01,B,0.0,2,100
2021-06-17 09:05:06,S,1019.65,1,5
2021-06-17 09:05:06,S,1039.0,1,10
2021-06-17 09:05:06,S,1080.75,2,4
2021-06-17 09:05:06,S,1090.0,1,150
2021-06-17 09:05:06,S,0.0,2,90
2021-06-17 09:05:06,B,1113.5,1,4
2021-06-17 09:05:06,B,1092.0,1,20
2021-06-17 09:05:06,B,1091.65,1,5
2021-06-17 09:05:06,B,1090.0,1,10
2021-06-17 09:05:06,B,0.0,2,100
2021-06-17 09:05:09,S,1019.65,1,5
2021-06-17 09:05:09,S,1039.0,1,10
2021-06-17 09:05:09,S,1080.75,2,4
2021-06-17 09:05:09,S,1090.0,1,150
2021-06-17 09:05:09,S,0.0,2,90
2021-06-17 09:05:09,B,1113.5,1,4
2021-06-17 09:05:09,B,1092.0,1,20
2021-06-17 09:05:09,B,1091.65,1,5
2021-06-17 09:05:09,B,1090.0,1,10
2021-06-17 09:05:09,B,0.0,2,100
2021-06-17 09:05:15,S,1019.65,1,5
2021-06-17 09:05:15,S,1039.0,1,10
2021-06-17 09:05:15,S,1080.75,2,4
2021-06-17 09:05:15,S,1090.0,1,150
2021-06-17 09:05:15,S,0.0,2,90
2021-06-17 09:05:15,B,1113.5,1,4
2021-06-17 09:05:15,B,1092.0,1,20
2021-06-17 09:05:15,B,1091.65,1,5
2021-06-17 09:05:15,B,1090.0,1,10
2021-06-17 09:05:15,B,0.0,2,100
2021-06-17 09:05:18,S,1019.65,1,5
2021-06-17 09:05:18,S,1039.0,1,10
2021-06-17 09:05:18,S,1080.75,2,4
2021-06-17 09:05:18,S,1090.0,1,150
2021-06-17 09:05:18,S,0.0,2,90
2021-06-17 09:05:18,B,1113.5,1,4
2021-06-17 09:05:18,B,1092.0,1,20
2021-06-17 09:05:18,B,1091.65,1,5
2021-06-17 09:05:18,B,1090.0,1,10
2021-06-17 09:05:18,B,0.0,2,100
2021-06-17 09:05:20,S,1019.65,1,5
2021-06-17 09:05:20,S,1039.0,1,10
2021-06-17 09:05:20,S,1080.75,2,4
2021-06-17 09:05:20,S,1090.0,1,150
2021-06-17 09:05:20,S,0.0,2,90
2021-06-17 09:05:20,B,1113.5,1,4
2021-06-17 09:05:20,B,1092.0,1,20
2021-06-17 09:05:20,B,1091.65,1,5
2021-06-17 09:05:20,B,1090.0,1,10
2021-06-17 09:05:20,B,0.0,2,100
2021-06-17 09:05:28,S,1019.65,1,5
2021-06-17 09:05:28,S,1039.0,1,10
2021-06-17 09:05:28,S,1080.75,2,4
2021-06-17 09:05:28,S,1090.0,1,150
2021-06-17 09:05:28,S,0.0,2,90
2021-06-17 09:05:28,B,1113.5,1,4
2021-06-17 09:05:28,B,1092.0,1,20
2021-06-17 09:05:28,B,1091.65,1,5
2021-06-17 09:05:28,B,1090.0,1,10
2021-06-17 09:05:28,B,0.0,2,100
2021-06-17 09:05:40,S,1019.65,1,5
2021-06-17 09:05:40,S,1039.0,1,10
2021-06-17 09:05:40,S,1080.75,2,4
2021-06-17 09:05:40,S,1090.0,1,150
2021-06-17 09:05:40,S,0.0,2,90
2021-06-17 09:05:40,B,1113.5,1,4
2021-06-17 09:05:40,B,1092.0,1,20
2021-06-17 09:05:40,B,1091.65,1,5
2021-06-17 09:05:40,B,1090.0,1,10
2021-06-17 09:05:40,B,0.0,2,100
2021-06-17 09:05:42,S,1019.65,1,5
2021-06-17 09:05:42,S,1039.0,1,10
2021-06-17 09:05:42,S,1080.75,2,4
2021-06-17 09:05:42,S,1090.0,1,150
2021-06-17 09:05:42,S,0.0,2,90
2021-06-17 09:05:42,B,1113.5,1,4
2021-06-17 09:05:42,B,1092.0,1,20
2021-06-17 09:05:42,B,1091.65,1,5
2021-06-17 09:05:42,B,1090.0,1,10
2021-06-17 09:05:42,B,0.0,2,100
2021-06-17 09:05:46,S,1019.65,1,5
2021-06-17 09:05:46,S,1039.0,1,10
2021-06-17 09:05:46,S,1080.75,2,4
2021-06-17 09:05:46,S,1090.0,1,150
2021-06-17 09:05:46,S,0.0,2,90
2021-06-17 09:05:46,B,1113.5,1,4
2021-06-17 09:05:46,B,1092.0,1,20
2021-06-17 09:05:46,B,1091.65,1,5
2021-06-17 09:05:46,B,1090.0,1,10
2021-06-17 09:05:46,B,0.0,2,100
2021-06-17 09:05:51,S,1019.65,1,5
2021-06-17 09:05:51,S,1039.0,1,10
2021-06-17 09:05:51,S,1080.75,2,4
2021-06-17 09:05:51,S,1090.0,1,150
2021-06-17 09:05:51,S,0.0,2,90
2021-06-17 09:05:51,B,1113.5,1,4
2021-06-17 09:05:51,B,1092.0,1,20
2021-06-17 09:05:51,B,1091.65,1,5
2021-06-17 09:05:51,B,1090.0,1,10
2021-06-17 09:05:51,B,0.0,2,100
2021-06-17 09:05:52,S,1019.65,1,5
2021-06-17 09:05:52,S,1039.0,1,10
2021-06-17 09:05:52,S,1080.75,2,4
2021-06-17 09:05:52,S,1090.0,1,150
2021-06-17 09:05:52,S,0.0,2,90
2021-06-17 09:05:52,B,1113.5,1,4
2021-06-17 09:05:52,B,1092.0,1,20
2021-06-17 09:05:52,B,1091.65,1,5
2021-06-17 09:05:52,B,1090.0,1,10
2021-06-17 09:05:52,B,0.0,2,100
2021-06-17 09:05:54,S,1019.65,1,5
2021-06-17 09:05:54,S,1039.0,1,10
2021-06-17 09:05:54,S,1080.75,2,4
2021-06-17 09:05:54,S,1090.0,1,150
2021-06-17 09:05:54,S,0.0,2,90
2021-06-17 09:05:54,B,1113.5,1,4
2021-06-17 09:05:54,B,1092.0,1,20
2021-06-17 09:05:54,B,1091.65,1,5
2021-06-17 09:05:54,B,1090.0,1,10
2021-06-17 09:05:54,B,0.0,2,100
2021-06-17 09:05:56,S,1019.65,1,5
2021-06-17 09:05:56,S,1039.0,1,10
2021-06-17 09:05:56,S,1080.75,2,4
2021-06-17 09:05:56,S,1090.0,2,7150
2021-06-17 09:05:56,S,0.0,2,90
2021-06-17 09:05:56,B,1113.5,1,4
2021-06-17 09:05:56,B,1092.0,1,20
2021-06-17 09:05:56,B,1091.65,1,5
2021-06-17 09:05:56,B,1090.0,1,10
2021-06-17 09:05:56,B,0.0,2,100
2021-06-17 09:05:58,S,1019.65,1,5
2021-06-17 09:05:58,S,1039.0,1,10
2021-06-17 09:05:58,S,1080.75,2,4
2021-06-17 09:05:58,S,1090.0,2,7150
2021-06-17 09:05:58,S,0.0,2,90
2021-06-17 09:05:58,B,1113.5,1,4
2021-06-17 09:05:58,B,1092.0,1,20
2021-06-17 09:05:58,B,1091.65,1,5
2021-06-17 09:05:58,B,1090.0,1,10
2021-06-17 09:05:58,B,0.0,2,100
2021-06-17 09:06:09,S,1019.65,1,5
2021-06-17 09:06:09,S,1039.0,1,10
2021-06-17 09:06:09,S,1080.75,2,4
2021-06-17 09:06:09,S,1090.0,2,7150
2021-06-17 09:06:09,S,0.0,2,90
2021-06-17 09:06:09,B,1113.5,1,4
2021-06-17 09:06:09,B,1092.0,1,20
2021-06-17 09:06:09,B,1091.65,1,5
2021-06-17 09:06:09,B,1090.0,1,10
2021-06-17 09:06:09,B,0.0,2,100
2021-06-17 09:06:10,S,1019.65,1,5
2021-06-17 09:06:10,S,1039.0,1,10
2021-06-17 09:06:10,S,1080.75,2,4
2021-06-17 09:06:10,S,1090.0,2,7150
2021-06-17 09:06:10,S,0.0,2,90
2021-06-17 09:06:10,B,1113.5,1,4
2021-06-17 09:06:10,B,1092.0,1,20
2021-06-17 09:06:10,B,1091.65,2,15
2021-06-17 09:06:10,B,1090.0,1,10
2021-06-17 09:06:10,B,0.0,2,100
2021-06-17 09:06:13,S,1019.65,1,5
2021-06-17 09:06:13,S,1039.0,1,10
2021-06-17 09:06:13,S,1080.75,2,4
2021-06-17 09:06:13,S,1090.0,2,7150
2021-06-17 09:06:13,S,0.0,2,90
2021-06-17 09:06:13,B,1113.5,1,4
2021-06-17 09:06:13,B,1092.0,1,20
2021-06-17 09:06:13,B,1091.65,2,15
2021-06-17 09:06:13,B,1090.0,1,10
2021-06-17 09:06:13,B,0.0,2,100
2021-06-17 09:06:15,S,1019.65,1,5
2021-06-17 09:06:15,S,1039.0,1,10
2021-06-17 09:06:15,S,1080.75,2,4
2021-06-17 09:06:15,S,1087.0,1,15
2021-06-17 09:06:15,S,0.0,2,90
2021-06-17 09:06:15,B,1113.5,1,4
2021-06-17 09:06:15,B,1092.0,1,20
2021-06-17 09:06:15,B,1091.65,2,15
2021-06-17 09:06:15,B,1090.0,1,10
2021-06-17 09:06:15,B,0.0,2,100
2021-06-17 09:06:21,S,1019.65,1,5
2021-06-17 09:06:21,S,1039.0,1,10
2021-06-17 09:06:21,S,1080.75,2,4
2021-06-17 09:06:21,S,1087.0,1,15
2021-06-17 09:06:21,S,0.0,2,90
2021-06-17 09:06:21,B,1113.5,1,4
2021-06-17 09:06:21,B,1092.0,1,20
2021-06-17 09:06:21,B,1091.65,2,15
2021-06-17 09:06:21,B,1090.0,1,10
2021-06-17 09:06:21,B,0.0,2,100
2021-06-17 09:06:27,S,1019.65,1,5
2021-06-17 09:06:27,S,1039.0,1,10
2021-06-17 09:06:27,S,1080.75,2,4
2021-06-17 09:06:27,S,1087.0,1,15
2021-06-17 09:06:27,S,0.0,2,90
2021-06-17 09:06:27,B,1113.5,1,4
2021-06-17 09:06:27,B,1092.0,1,20
2021-06-17 09:06:27,B,1091.65,1,5
2021-06-17 09:06:27,B,1090.0,1,10
2021-06-17 09:06:27,B,0.0,2,100
2021-06-17 09:06:42,S,1019.65,1,5
2021-06-17 09:06:42,S,1039.0,1,10
2021-06-17 09:06:42,S,1080.75,2,4
2021-06-17 09:06:42,S,1087.0,1,15
2021-06-17 09:06:42,S,0.0,2,90
2021-06-17 09:06:42,B,1113.5,1,4
2021-06-17 09:06:42,B,1092.0,1,20
2021-06-17 09:06:42,B,1091.65,1,5
2021-06-17 09:06:42,B,1090.0,1,10
2021-06-17 09:06:42,B,0.0,2,100
2021-06-17 09:06:46,S,1019.65,1,5
2021-06-17 09:06:46,S,1039.0,1,10
2021-06-17 09:06:46,S,1080.75,2,4
2021-06-17 09:06:46,S,1087.0,1,15
2021-06-17 09:06:46,S,0.0,2,90
2021-06-17 09:06:46,B,1113.5,1,4
2021-06-17 09:06:46,B,1092.0,1,20
2021-06-17 09:06:46,B,1091.65,1,5
2021-06-17 09:06:46,B,1090.0,1,10
2021-06-17 09:06:46,B,0.0,2,100
2021-06-17 09:06:50,S,1019.65,1,5
2021-06-17 09:06:50,S,1039.0,1,10
2021-06-17 09:06:50,S,1080.75,2,4
2021-06-17 09:06:50,S,1087.0,1,15
2021-06-17 09:06:50,S,0.0,2,90
2021-06-17 09:06:50,B,1113.5,1,4
2021-06-17 09:06:50,B,1092.0,1,20
2021-06-17 09:06:50,B,1091.65,1,5
2021-06-17 09:06:50,B,1090.0,1,10
2021-06-17 09:06:50,B,0.0,2,100
2021-06-17 09:07:00,S,1019.65,1,5
2021-06-17 09:07:00,S,1039.0,1,10
2021-06-17 09:07:00,S,1080.75,2,4
2021-06-17 09:07:00,S,1087.0,1,15
2021-06-17 09:07:00,S,0.0,2,90
2021-06-17 09:07:00,B,1113.5,1,4
2021-06-17 09:07:00,B,1092.0,1,20
2021-06-17 09:07:00,B,1091.65,1,5
2021-06-17 09:07:00,B,1090.0,1,10
2021-06-17 09:07:00,B,0.0,2,100
2021-06-17 09:07:02,S,1019.65,1,5
2021-06-17 09:07:02,S,1039.0,1,10
2021-06-17 09:07:02,S,1080.75,2,4
2021-06-17 09:07:02,S,1087.0,1,15
2021-06-17 09:07:02,S,0.0,2,90
2021-06-17 09:07:02,B,1113.5,1,4
2021-06-17 09:07:02,B,1092.0,1,20
2021-06-17 09:07:02,B,1091.65,1,5
2021-06-17 09:07:02,B,1090.0,1,10
2021-06-17 09:07:02,B,0.0,2,100
2021-06-17 09:07:04,S,1019.65,1,5
2021-06-17 09:07:04,S,1039.0,1,10
2021-06-17 09:07:04,S,1080.75,2,4
2021-06-17 09:07:04,S,1087.0,1,15
2021-06-17 09:07:04,S,0.0,2,90
2021-06-17 09:07:04,B,1113.5,1,4
2021-06-17 09:07:04,B,1092.0,1,20
2021-06-17 09:07:04,B,1091.65,1,5
2021-06-17 09:07:04,B,1090.0,1,10
2021-06-17 09:07:04,B,0.0,2,100
2021-06-17 09:07:18,S,1019.65,1,5
2021-06-17 09:07:18,S,1039.0,1,10
2021-06-17 09:07:18,S,1080.75,2,4
2021-06-17 09:07:18,S,1087.0,1,15
2021-06-17 09:07:18,S,0.0,2,90
2021-06-17 09:07:18,B,1113.5,1,4
2021-06-17 09:07:18,B,1092.0,1,20
2021-06-17 09:07:18,B,1091.65,1,5
2021-06-17 09:07:18,B,1090.0,1,10
2021-06-17 09:07:18,B,0.0,2,100
2021-06-17 09:07:19,S,1019.65,1,5
2021-06-17 09:07:19,S,1039.0,1,10
2021-06-17 09:07:19,S,1080.75,2,4
2021-06-17 09:07:19,S,1087.0,1,15
2021-06-17 09:07:19,S,0.0,2,90
2021-06-17 09:07:19,B,1113.5,1,4
2021-06-17 09:07:19,B,1092.0,1,20
2021-06-17 09:07:19,B,1091.65,1,5
2021-06-17 09:07:19,B,1090.0,1,10
2021-06-17 09:07:19,B,0.0,2,100
2021-06-17 09:07:21,S,1090.0,4,7135
2021-06-17 09:07:21,S,1091.0,1,25
2021-06-17 09:07:21,S,1092.0,1,15
2021-06-17 09:07:21,S,1097.15,1,5
2021-06-17 09:07:21,S,1099.0,1,100
2021-06-17 09:07:21,B,1088.0,1,10
2021-06-17 09:07:21,B,1085.0,2,3
2021-06-17 09:07:21,B,1080.0,3,13
2021-06-17 09:07:21,B,1075.0,1,5
2021-06-17 09:07:21,B,1072.0,1,10
2021-06-17 09:15:01,S,1090.0,4,7135
2021-06-17 09:15:01,S,1091.0,1,25
2021-06-17 09:15:01,S,1092.0,1,15
2021-06-17 09:15:01,S,1097.15,1,5
2021-06-17 09:15:01,S,1099.0,1,100
2021-06-17 09:15:01,B,1088.0,1,10
2021-06-17 09:15:01,B,1085.0,2,3
2021-06-17 09:15:01,B,1080.0,3,13
2021-06-17 09:15:01,B,1075.0,1,5
2021-06-17 09:15:01,B,1072.0,1,10
2021-06-17 09:15:03,S,1090.0,4,7135
2021-06-17 09:15:03,S,1091.0,1,25
2021-06-17 09:15:03,S,1092.0,1,15
2021-06-17 09:15:03,S,1097.15,1,5
2021-06-17 09:15:03,S,1099.0,1,100
2021-06-17 09:15:03,B,1088.0,1,10
2021-06-17 09:15:03,B,1085.0,2,3
2021-06-17 09:15:03,B,1080.0,3,13
2021-06-17 09:15:03,B,1075.0,1,5
2021-06-17 09:15:03,B,1072.0,1,10
2021-06-17 09:15:04,S,1085.05,1,29
2021-06-17 09:15:04,S,1085.1,1,92
2021-06-17 09:15:04,S,1088.0,1,51
2021-06-17 09:15:04,S,1090.0,5,7136
2021-06-17 09:15:04,S,1091.0,1,25
2021-06-17 09:15:04,B,1085.0,2,3
2021-06-17 09:15:04,B,1081.95,1,29
2021-06-17 09:15:04,B,1081.9,1,92
2021-06-17 09:15:04,B,1080.0,3,13
2021-06-17 09:15:04,B,1075.0,1,5
2021-06-17 09:15:06,S,1085.05,1,29
2021-06-17 09:15:06,S,1085.1,1,92
2021-06-17 09:15:06,S,1088.0,1,51
2021-06-17 09:15:06,S,1090.0,5,7136
2021-06-17 09:15:06,S,1091.0,1,25
2021-06-17 09:15:06,B,1085.0,2,3
2021-06-17 09:15:06,B,1081.95,1,29
2021-06-17 09:15:06,B,1081.9,1,92
2021-06-17 09:15:06,B,1080.0,3,13
2021-06-17 09:15:06,B,1075.0,1,5
2021-06-17 09:15:06,S,1085.05,1,29
2021-06-17 09:15:06,S,1085.1,1,92
2021-06-17 09:15:06,S,1088.0,1,51
2021-06-17 09:15:06,S,1090.0,5,7136
2021-06-17 09:15:06,S,1091.0,1,25
2021-06-17 09:15:06,B,1085.0,2,3
2021-06-17 09:15:06,B,1081.95,1,29
2021-06-17 09:15:06,B,1081.9,1,92
2021-06-17 09:15:06,B,1080.0,3,13
2021-06-17 09:15:06,B,1075.0,1,5
2021-06-17 09:15:10,S,1085.05,1,29
2021-06-17 09:15:10,S,1085.1,1,92
2021-06-17 09:15:10,S,1088.0,1,51
2021-06-17 09:15:10,S,1090.0,5,7136
2021-06-17 09:15:10,S,1091.0,1,25
2021-06-17 09:15:10,B,1085.0,2,3
2021-06-17 09:15:10,B,1081.95,1,29
2021-06-17 09:15:10,B,1081.9,1,92
2021-06-17 09:15:10,B,1080.0,3,13
2021-06-17 09:15:10,B,1075.0,1,5
2021-06-17 09:15:12,S,1078.7,1,10
2021-06-17 09:15:12,S,1078.75,1,26
2021-06-17 09:15:12,S,1079.3,1,92
2021-06-17 09:15:12,S,1081.65,1,2
2021-06-17 09:15:12,S,1081.7,1,2
2021-06-17 09:15:12,B,1075.9,1,29
2021-06-17 09:15:12,B,1075.85,1,10
2021-06-17 09:15:12,B,1075.35,1,13
2021-06-17 09:15:12,B,1075.1,1,92
2021-06-17 09:15:12,B,1075.0,1,5
2021-06-17 09:15:19,S,1081.75,2,96
2021-06-17 09:15:19,S,1081.8,1,3
2021-06-17 09:15:19,S,1082.25,1,3
2021-06-17 09:15:19,S,1082.7,1,3
2021-06-17 09:15:19,S,1083.15,1,3
2021-06-17 09:15:19,B,1079.0,1,29
2021-06-17 09:15:19,B,1078.95,1,81
2021-06-17 09:15:19,B,1078.9,1,2
2021-06-17 09:15:19,B,1078.0,2,4
2021-06-17 09:15:19,B,1077.95,1,13
2021-06-17 09:15:19,S,1081.75,2,96
2021-06-17 09:15:19,S,1081.8,1,3
2021-06-17 09:15:19,S,1082.25,1,3
2021-06-17 09:15:19,S,1082.7,1,3
2021-06-17 09:15:19,S,1083.15,1,3
2021-06-17 09:15:19,B,1079.0,1,29
2021-06-17 09:15:19,B,1078.95,1,81
2021-06-17 09:15:19,B,1078.9,1,2
2021-06-17 09:15:19,B,1078.0,2,4
2021-06-17 09:15:19,B,1077.95,1,13
2021-06-17 09:15:21,S,1081.75,2,96
2021-06-17 09:15:21,S,1081.8,1,3
2021-06-17 09:15:21,S,1082.25,1,3
2021-06-17 09:15:21,S,1082.7,1,3
2021-06-17 09:15:21,S,1083.15,1,3
2021-06-17 09:15:21,B,1079.0,1,29
2021-06-17 09:15:21,B,1078.95,1,81
2021-06-17 09:15:21,B,1078.9,1,2
2021-06-17 09:15:21,B,1078.0,2,4
2021-06-17 09:15:21,B,1077.95,1,13
2021-06-17 09:15:22,S,1081.75,2,96
2021-06-17 09:15:22,S,1081.8,1,3
2021-06-17 09:15:22,S,1082.25,1,3
2021-06-17 09:15:22,S,1082.7,1,3
2021-06-17 09:15:22,S,1083.15,1,3
2021-06-17 09:15:22,B,1079.0,1,29
2021-06-17 09:15:22,B,1078.95,1,81
2021-06-17 09:15:22,B,1078.9,1,2
2021-06-17 09:15:22,B,1078.0,2,4
2021-06-17 09:15:22,B,1077.95,1,13
2021-06-17 09:15:22,S,1081.75,2,96
2021-06-17 09:15:22,S,1081.8,1,3
2021-06-17 09:15:22,S,1082.25,1,3
2021-06-17 09:15:22,S,1082.7,1,3
2021-06-17 09:15:22,S,1083.15,1,3
2021-06-17 09:15:22,B,1079.0,1,29
2021-06-17 09:15:22,B,1078.95,1,81
2021-06-17 09:15:22,B,1078.9,1,2
2021-06-17 09:15:22,B,1078.0,2,4
2021-06-17 09:15:22,B,1077.95,1,13
2021-06-17 09:15:24,S,1072.7,1,1
2021-06-17 09:15:24,S,1072.75,2,2
2021-06-17 09:15:24,S,1073.3,1,3
2021-06-17 09:15:24,S,1073.7,1,1
2021-06-17 09:15:24,S,1073.75,1,3
2021-06-17 09:15:24,B,1071.5,1,14
2021-06-17 09:15:24,B,1071.45,1,10
2021-06-17 09:15:24,B,1070.0,1,5
2021-06-17 09:15:24,B,1069.8,1,1
2021-06-17 09:15:24,B,1069.2,1,2
2021-06-17 09:15:29,S,1072.7,1,1
2021-06-17 09:15:29,S,1072.75,2,2
2021-06-17 09:15:29,S,1073.3,1,3
2021-06-17 09:15:29,S,1073.7,1,1
2021-06-17 09:15:29,S,1073.75,1,3
2021-06-17 09:15:29,B,1071.5,1,14
2021-06-17 09:15:29,B,1071.45,1,10
2021-06-17 09:15:29,B,1070.0,1,5
2021-06-17 09:15:29,B,1069.8,1,1
2021-06-17 09:15:29,B,1069.2,1,2
2021-06-17 09:15:30,S,1073.6,1,1
2021-06-17 09:15:30,S,1073.65,1,31
2021-06-17 09:15:30,S,1073.7,1,3
2021-06-17 09:15:30,S,1073.9,1,3
2021-06-17 09:15:30,S,1074.05,2,2
2021-06-17 09:15:30,B,1071.45,1,14
2021-06-17 09:15:30,B,1071.4,1,10
2021-06-17 09:15:30,B,1071.3,1,9
2021-06-17 09:15:30,B,1070.2,3,21
2021-06-17 09:15:30,B,1070.0,1,5
2021-06-17 09:15:31,S,1073.6,1,1
2021-06-17 09:15:31,S,1073.65,1,31
2021-06-17 09:15:31,S,1073.7,1,3
2021-06-17 09:15:31,S,1073.9,1,3
2021-06-17 09:15:31,S,1074.05,2,2
2021-06-17 09:15:31,B,1071.45,1,14
2021-06-17 09:15:31,B,1071.4,1,10
2021-06-17 09:15:31,B,1071.3,1,9
2021-06-17 09:15:31,B,1070.2,3,21
2021-06-17 09:15:31,B,1070.0,1,5
2021-06-17 09:15:34,S,1073.95,1,9
2021-06-17 09:15:34,S,1074.05,1,7
2021-06-17 09:15:34,S,1074.1,1,6
2021-06-17 09:15:34,S,1074.45,3,15
2021-06-17 09:15:34,S,1074.5,1,25
2021-06-17 09:15:34,B,1072.4,1,10
2021-06-17 09:15:34,B,1072.35,1,9
2021-06-17 09:15:34,B,1070.35,1,14
2021-06-17 09:15:34,B,1070.3,1,11
2021-06-17 09:15:34,B,1070.25,2,10
2021-06-17 09:15:36,S,1073.95,1,9
2021-06-17 09:15:36,S,1074.05,1,7
2021-06-17 09:15:36,S,1074.1,1,6
2021-06-17 09:15:36,S,1074.45,3,15
2021-06-17 09:15:36,S,1074.5,1,25
2021-06-17 09:15:36,B,1072.4,1,10
2021-06-17 09:15:36,B,1072.35,1,9
2021-06-17 09:15:36,B,1070.35,1,14
2021-06-17 09:15:36,B,1070.3,1,11
2021-06-17 09:15:36,B,1070.25,2,10
2021-06-17 09:15:39,S,1074.15,1,7
2021-06-17 09:15:39,S,1074.2,1,7
2021-06-17 09:15:39,S,1074.5,1,19
2021-06-17 09:15:39,S,1074.75,1,3
2021-06-17 09:15:39,S,1074.85,1,1
2021-06-17 09:15:39,B,1073.25,1,10
2021-06-17 09:15:39,B,1073.2,1,9
2021-06-17 09:15:39,B,1070.65,1,14
2021-06-17 09:15:39,B,1070.6,1,7
2021-06-17 09:15:39,B,1070.5,2,20
2021-06-17 09:15:41,S,1074.15,1,7
2021-06-17 09:15:41,S,1074.2,1,7
2021-06-17 09:15:41,S,1074.5,1,19
2021-06-17 09:15:41,S,1074.75,1,3
2021-06-17 09:15:41,S,1074.85,1,1
2021-06-17 09:15:41,B,1073.25,1,10
2021-06-17 09:15:41,B,1073.2,1,9
2021-06-17 09:15:41,B,1070.65,1,14
2021-06-17 09:15:41,B,1070.6,1,7
2021-06-17 09:15:41,B,1070.5,2,20
2021-06-17 09:15:43,S,1074.15,1,7
2021-06-17 09:15:43,S,1074.2,1,7
2021-06-17 09:15:43,S,1074.5,1,19
2021-06-17 09:15:43,S,1074.75,1,3
2021-06-17 09:15:43,S,1074.85,1,1
2021-06-17 09:15:43,B,1073.25,1,10
2021-06-17 09:15:43,B,1073.2,1,9
2021-06-17 09:15:43,B,1070.65,1,14
2021-06-17 09:15:43,B,1070.6,1,7
2021-06-17 09:15:43,B,1070.5,2,20
2021-06-17 09:15:44,S,1074.6,1,9
2021-06-17 09:15:44,S,1074.65,1,21
2021-06-17 09:15:44,S,1075.15,1,7
2021-06-17 09:15:44,S,1075.3,1,7
2021-06-17 09:15:44,S,1075.35,1,7
2021-06-17 09:15:44,B,1072.4,1,14
2021-06-17 09:15:44,B,1072.35,1,4
2021-06-17 09:15:44,B,1072.3,1,13
2021-06-17 09:15:44,B,1072.25,1,21
2021-06-17 09:15:44,B,1072.2,1,5
2021-06-17 09:15:49,S,1074.6,1,9
2021-06-17 09:15:49,S,1074.65,2,27
2021-06-17 09:15:49,S,1075.15,1,7
2021-06-17 09:15:49,S,1075.3,1,7
2021-06-17 09:15:49,S,1075.35,1,7
2021-06-17 09:15:49,B,1072.5,1,14
2021-06-17 09:15:49,B,1072.45,1,13
2021-06-17 09:15:49,B,1072.35,1,4
2021-06-17 09:15:49,B,1072.25,1,21
2021-06-17 09:15:49,B,1072.05,1,1
2021-06-17 09:15:53,S,1074.6,1,9
2021-06-17 09:15:53,S,1074.65,2,27
2021-06-17 09:15:53,S,1075.15,1,7
2021-06-17 09:15:53,S,1075.3,1,7
2021-06-17 09:15:53,S,1075.35,1,7
2021-06-17 09:15:53,B,1072.5,1,14
2021-06-17 09:15:53,B,1072.45,1,13
2021-06-17 09:15:53,B,1072.35,1,4
2021-06-17 09:15:53,B,1072.25,1,21
2021-06-17 09:15:53,B,1072.05,1,1
2021-06-17 09:15:54,S,1073.95,1,14
2021-06-17 09:15:54,S,1074.0,3,65
2021-06-17 09:15:54,S,1074.6,1,13
2021-06-17 09:15:54,S,1074.65,1,21
2021-06-17 09:15:54,S,1075.15,1,7
2021-06-17 09:15:54,B,1072.05,1,11
2021-06-17 09:15:54,B,1072.0,1,100
2021-06-17 09:15:54,B,1071.9,1,4
2021-06-17 09:15:54,B,1071.45,1,4
2021-06-17 09:15:54,B,1071.05,1,1
2021-06-17 09:15:58,S,1073.7,1,14
2021-06-17 09:15:58,S,1073.75,1,10
2021-06-17 09:15:58,S,1074.0,1,50
2021-06-17 09:15:58,S,1074.6,1,13
2021-06-17 09:15:58,S,1074.65,1,21
2021-06-17 09:15:58,B,1072.25,1,11
2021-06-17 09:15:58,B,1072.2,1,9
2021-06-17 09:15:58,B,1072.0,1,100
2021-06-17 09:15:58,B,1071.9,1,4
2021-06-17 09:15:58,B,1071.45,1,4
2021-06-17 09:16:03,S,1073.95,1,13
2021-06-17 09:16:03,S,1074.0,2,56
2021-06-17 09:16:03,S,1074.65,1,21
2021-06-17 09:16:03,S,1075.15,1,7
2021-06-17 09:16:03,S,1075.3,1,7
2021-06-17 09:16:03,B,1072.25,2,18
2021-06-17 09:16:03,B,1072.2,1,9
2021-06-17 09:16:03,B,1072.0,1,100
2021-06-17 09:16:03,B,1071.9,1,4
2021-06-17 09:16:03,B,1071.8,1,4
2021-06-17 09:16:03,S,1073.95,1,13
2021-06-17 09:16:03,S,1074.0,2,56
2021-06-17 09:16:03,S,1074.65,1,21
2021-06-17 09:16:03,S,1075.15,1,7
2021-06-17 09:16:03,S,1075.3,1,7
2021-06-17 09:16:03,B,1072.25,2,18
2021-06-17 09:16:03,B,1072.2,1,9
2021-06-17 09:16:03,B,1072.0,1,100
2021-06-17 09:16:03,B,1071.9,1,4
2021-06-17 09:16:03,B,1071.8,1,4
2021-06-17 09:16:06,S,1073.95,1,13
2021-06-17 09:16:06,S,1074.0,2,56
2021-06-17 09:16:06,S,1074.65,1,21
2021-06-17 09:16:06,S,1075.15,1,7
2021-06-17 09:16:06,S,1075.3,1,7
2021-06-17 09:16:06,B,1072.25,2,18
2021-06-17 09:16:06,B,1072.2,1,9
2021-06-17 09:16:06,B,1072.0,1,100
2021-06-17 09:16:06,B,1071.9,1,4
2021-06-17 09:16:06,B,1071.8,1,4
2021-06-17 09:16:07,S,1071.75,2,15
2021-06-17 09:16:07,S,1071.8,3,23
2021-06-17 09:16:07,S,1071.95,1,4
2021-06-17 09:16:07,S,1072.2,4,23
2021-06-17 09:16:07,S,1072.25,1,50
2021-06-17 09:16:07,B,1069.45,1,1
2021-06-17 09:16:07,B,1069.2,1,17
2021-06-17 09:16:07,B,1069.15,3,17
2021-06-17 09:16:07,B,1069.1,1,7
2021-06-17 09:16:07,B,1069.0,1,100
2021-06-17 09:16:09,S,1071.75,2,15
2021-06-17 09:16:09,S,1071.8,3,23
2021-06-17 09:16:09,S,1071.95,1,4
2021-06-17 09:16:09,S,1072.2,4,23
2021-06-17 09:16:09,S,1072.25,1,50
2021-06-17 09:16:09,B,1069.45,1,1
2021-06-17 09:16:09,B,1069.2,1,17
2021-06-17 09:16:09,B,1069.15,3,17
2021-06-17 09:16:09,B,1069.1,1,7
2021-06-17 09:16:09,B,1069.0,1,100
2021-06-17 09:16:10,S,1071.75,2,15
2021-06-17 09:16:10,S,1071.8,3,23
2021-06-17 09:16:10,S,1071.95,1,4
2021-06-17 09:16:10,S,1072.2,4,23
2021-06-17 09:16:10,S,1072.25,1,50
2021-06-17 09:16:10,B,1069.45,1,1
2021-06-17 09:16:10,B,1069.2,1,17
2021-06-17 09:16:10,B,1069.15,3,17
2021-06-17 09:16:10,B,1069.1,1,7
2021-06-17 09:16:10,B,1069.0,1,100
2021-06-17 09:16:11,S,1071.75,2,15
2021-06-17 09:16:11,S,1071.8,3,23
2021-06-17 09:16:11,S,1071.95,1,4
2021-06-17 09:16:11,S,1072.2,4,23
2021-06-17 09:16:11,S,1072.25,1,50
2021-06-17 09:16:11,B,1069.45,1,1
2021-06-17 09:16:11,B,1069.2,1,17
2021-06-17 09:16:11,B,1069.15,3,17
2021-06-17 09:16:11,B,1069.1,1,7
2021-06-17 09:16:11,B,1069.0,1,100
2021-06-17 09:16:12,S,1072.25,1,14
2021-06-17 09:16:12,S,1072.3,2,21
2021-06-17 09:16:12,S,1072.55,1,4
2021-06-17 09:16:12,S,1072.75,1,5
2021-06-17 09:16:12,S,1073.0,1,4
2021-06-17 09:16:12,B,1069.6,1,13
2021-06-17 09:16:12,B,1069.55,2,23
2021-06-17 09:16:12,B,1069.45,3,19
2021-06-17 09:16:12,B,1069.15,1,7
2021-06-17 09:16:12,B,1069.05,2,10
2021-06-17 09:16:13,S,1072.25,1,14
2021-06-17 09:16:13,S,1072.3,2,21
2021-06-17 09:16:13,S,1072.55,1,4
2021-06-17 09:16:13,S,1072.75,1,5
2021-06-17 09:16:13,S,1073.0,1,4
2021-06-17 09:16:13,B,1069.6,1,13
2021-06-17 09:16:13,B,1069.55,2,23
2021-06-17 09:16:13,B,1069.45,3,19
2021-06-17 09:16:13,B,1069.15,1,7
2021-06-17 09:16:13,B,1069.05,2,10
2021-06-17 09:16:15,S,1072.25,1,14
2021-06-17 09:16:15,S,1072.3,2,21
2021-06-17 09:16:15,S,1072.55,1,4
2021-06-17 09:16:15,S,1072.75,1,5
2021-06-17 09:16:15,S,1073.0,1,4
2021-06-17 09:16:15,B,1069.6,1,13
2021-06-17 09:16:15,B,1069.55,2,23
2021-06-17 09:16:15,B,1069.45,3,19
2021-06-17 09:16:15,B,1069.15,1,7
2021-06-17 09:16:15,B,1069.05,2,10
2021-06-17 09:16:16,S,1070.85,1,14
2021-06-17 09:16:16,S,1070.9,1,7
2021-06-17 09:16:16,S,1071.0,1,25
2021-06-17 09:16:16,S,1071.8,1,15
2021-06-17 09:16:16,S,1073.2,1,2
2021-06-17 09:16:16,B,1069.25,2,9
2021-06-17 09:16:16,B,1069.15,1,7
2021-06-17 09:16:16,B,1069.1,1,7
2021-06-17 09:16:16,B,1069.05,1,13
2021-06-17 09:16:16,B,1069.0,1,100
2021-06-17 09:16:18,S,1070.85,1,14
2021-06-17 09:16:18,S,1070.9,1,7
2021-06-17 09:16:18,S,1071.0,1,25
2021-06-17 09:16:18,S,1071.8,1,15
2021-06-17 09:16:18,S,1073.2,1,2
2021-06-17 09:16:18,B,1069.25,2,9
2021-06-17 09:16:18,B,1069.15,1,7
2021-06-17 09:16:18,B,1069.1,1,7
2021-06-17 09:16:18,B,1069.05,1,13
2021-06-17 09:16:18,B,1069.0,1,100
2021-06-17 09:16:20,S,1068.3,1,14
2021-06-17 09:16:20,S,1068.35,3,27
2021-06-17 09:16:20,S,1068.4,1,1
2021-06-17 09:16:20,S,1068.65,1,5
2021-06-17 09:16:20,S,1068.75,1,3
2021-06-17 09:16:20,B,1066.0,3,9
2021-06-17 09:16:20,B,1065.55,1,5
2021-06-17 09:16:20,B,1065.3,1,8
2021-06-17 09:16:20,B,1065.25,2,7
2021-06-17 09:16:20,B,1065.15,2,4
2021-06-17 09:16:21,S,1068.3,1,14
2021-06-17 09:16:21,S,1068.35,3,27
2021-06-17 09:16:21,S,1068.4,1,1
2021-06-17 09:16:21,S,1068.65,1,5
2021-06-17 09:16:21,S,1068.75,1,3
2021-06-17 09:16:21,B,1066.0,3,9
2021-06-17 09:16:21,B,1065.55,1,5
2021-06-17 09:16:21,B,1065.3,1,8
2021-06-17 09:16:21,B,1065.25,2,7
2021-06-17 09:16:21,B,1065.15,2,4
2021-06-17 09:16:22,S,1068.3,1,14
2021-06-17 09:16:22,S,1068.35,3,27
2021-06-17 09:16:22,S,1068.4,1,1
2021-06-17 09:16:22,S,1068.65,1,5
2021-06-17 09:16:22,S,1068.75,1,3
2021-06-17 09:16:22,B,1066.0,3,9
2021-06-17 09:16:22,B,1065.55,1,5
2021-06-17 09:16:22,B,1065.3,1,8
2021-06-17 09:16:22,B,1065.25,2,7
2021-06-17 09:16:22,B,1065.15,2,4
2021-06-17 09:16:24,S,1068.3,1,14
2021-06-17 09:16:24,S,1068.35,3,27
2021-06-17 09:16:24,S,1068.4,1,1
2021-06-17 09:16:24,S,1068.65,1,5
2021-06-17 09:16:24,S,1068.75,1,3
2021-06-17 09:16:24,B,1066.0,3,9
2021-06-17 09:16:24,B,1065.55,1,5
2021-06-17 09:16:24,B,1065.3,1,8
2021-06-17 09:16:24,B,1065.25,2,7
2021-06-17 09:16:24,B,1065.15,2,4
2021-06-17 09:16:24,S,1068.05,1,7
2021-06-17 09:16:24,S,1068.1,1,9
2021-06-17 09:16:24,S,1068.15,1,6
2021-06-17 09:16:24,S,1068.3,1,6
2021-06-17 09:16:24,S,1068.35,1,6
2021-06-17 09:16:24,B,1064.95,1,9
2021-06-17 09:16:24,B,1064.9,3,9
2021-06-17 09:16:24,B,1064.85,1,26
2021-06-17 09:16:24,B,1064.15,1,13
2021-06-17 09:16:24,B,1064.1,1,13
2021-06-17 09:16:27,S,1068.05,1,7
2021-06-17 09:16:27,S,1068.1,1,9
2021-06-17 09:16:27,S,1068.15,1,6
2021-06-17 09:16:27,S,1068.3,1,6
2021-06-17 09:16:27,S,1068.35,1,6
2021-06-17 09:16:27,B,1064.95,1,9
2021-06-17 09:16:27,B,1064.9,3,9
2021-06-17 09:16:27,B,1064.85,1,26
2021-06-17 09:16:27,B,1064.15,1,13
2021-06-17 09:16:27,B,1064.1,1,13
2021-06-17 09:16:27,S,1068.05,1,7
2021-06-17 09:16:27,S,1068.1,1,9
2021-06-17 09:16:27,S,1068.15,1,6
2021-06-17 09:16:27,S,1068.3,1,6
2021-06-17 09:16:27,S,1068.35,1,6
2021-06-17 09:16:27,B,1064.95,1,9
2021-06-17 09:16:27,B,1064.9,3,9
2021-06-17 09:16:27,B,1064.85,1,26
2021-06-17 09:16:27,B,1064.15,1,13
2021-06-17 09:16:27,B,1064.1,1,13
2021-06-17 09:16:28,S,1066.95,1,7
2021-06-17 09:16:28,S,1067.0,1,6
2021-06-17 09:16:28,S,1068.15,1,8
2021-06-17 09:16:28,S,1068.2,2,6
2021-06-17 09:16:28,S,1069.4,1,3
2021-06-17 09:16:28,B,1064.05,1,2
2021-06-17 09:16:28,B,1064.0,2,4
2021-06-17 09:16:28,B,1063.95,1,4
2021-06-17 09:16:28,B,1063.9,2,14
2021-06-17 09:16:28,B,1063.85,2,16
2021-06-17 09:16:33,S,1065.65,1,7
2021-06-17 09:16:33,S,1065.7,1,8
2021-06-17 09:16:33,S,1065.75,1,2
2021-06-17 09:16:33,S,1065.8,1,6
2021-06-17 09:16:33,S,1065.9,1,10
2021-06-17 09:16:33,B,1063.85,2,16
2021-06-17 09:16:33,B,1063.8,1,7
2021-06-17 09:16:33,B,1062.9,2,2
2021-06-17 09:16:33,B,1062.8,2,3
2021-06-17 09:16:33,B,1062.55,1,3
2021-06-17 09:16:37,S,1065.3,1,7
2021-06-17 09:16:37,S,1065.35,1,8
2021-06-17 09:16:37,S,1065.5,1,10
2021-06-17 09:16:37,S,1065.7,1,6
2021-06-17 09:16:37,S,1065.75,1,2
2021-06-17 09:16:37,B,1064.0,1,2
2021-06-17 09:16:37,B,1063.95,1,9
2021-06-17 09:16:37,B,1063.85,2,16
2021-06-17 09:16:37,B,1062.8,2,3
2021-06-17 09:16:37,B,1062.6,1,1
2021-06-17 09:16:40,S,1065.3,1,7
2021-06-17 09:16:40,S,1065.35,1,8
2021-06-17 09:16:40,S,1065.5,1,10
2021-06-17 09:16:40,S,1065.7,1,6
2021-06-17 09:16:40,S,1065.75,1,2
2021-06-17 09:16:40,B,1064.0,1,2
2021-06-17 09:16:40,B,1063.95,1,9
2021-06-17 09:16:40,B,1063.85,2,16
2021-06-17 09:16:40,B,1062.8,2,3
2021-06-17 09:16:40,B,1062.6,1,1
2021-06-17 09:16:42,S,1064.1,1,7
2021-06-17 09:16:42,S,1064.15,1,6
2021-06-17 09:16:42,S,1064.4,1,7
2021-06-17 09:16:42,S,1065.9,1,4
2021-06-17 09:16:42,S,1065.95,2,4
2021-06-17 09:16:42,B,1061.95,1,5
2021-06-17 09:16:42,B,1061.9,1,1
2021-06-17 09:16:42,B,1061.65,2,8
2021-06-17 09:16:42,B,1061.45,1,1
2021-06-17 09:16:42,B,1060.3,2,2
2021-06-17 09:16:45,S,1064.1,1,7
2021-06-17 09:16:45,S,1064.15,1,6
2021-06-17 09:16:45,S,1064.4,1,7
2021-06-17 09:16:45,S,1065.9,1,4
2021-06-17 09:16:45,S,1065.95,2,4
2021-06-17 09:16:45,B,1061.95,1,5
2021-06-17 09:16:45,B,1061.9,1,1
2021-06-17 09:16:45,B,1061.65,2,8
2021-06-17 09:16:45,B,1061.45,1,1
2021-06-17 09:16:45,B,1060.3,2,2
2021-06-17 09:16:46,S,1064.7,1,7
2021-06-17 09:16:46,S,1064.75,1,7
2021-06-17 09:16:46,S,1064.9,1,6
2021-06-17 09:16:46,S,1065.45,1,3
2021-06-17 09:16:46,S,1065.8,1,4
2021-06-17 09:16:46,B,1062.0,1,5
2021-06-17 09:16:46,B,1061.95,2,8
2021-06-17 09:16:46,B,1061.9,1,1
2021-06-17 09:16:46,B,1061.65,2,8
2021-06-17 09:16:46,B,1060.75,1,1
2021-06-17 09:16:49,S,1064.7,1,2
2021-06-17 09:16:49,S,1064.75,1,7
2021-06-17 09:16:49,S,1064.85,2,5
2021-06-17 09:16:49,S,1065.55,1,1
2021-06-17 09:16:49,S,1065.9,2,6
2021-06-17 09:16:49,B,1062.05,1,7
2021-06-17 09:16:49,B,1062.0,2,2
2021-06-17 09:16:49,B,1061.9,2,2
2021-06-17 09:16:49,B,1060.9,1,1
2021-06-17 09:16:49,B,1060.55,2,8
2021-06-17 09:16:51,S,1064.7,1,2
2021-06-17 09:16:51,S,1064.75,1,7
2021-06-17 09:16:51,S,1064.85,2,5
2021-06-17 09:16:51,S,1065.55,1,1
2021-06-17 09:16:51,S,1065.9,2,6
2021-06-17 09:16:51,B,1062.05,1,7
2021-06-17 09:16:51,B,1062.0,2,2
2021-06-17 09:16:51,B,1061.9,2,2
2021-06-17 09:16:51,B,1060.9,1,1
2021-06-17 09:16:51,B,1060.55,2,8
2021-06-17 09:16:56,S,1064.7,1,2
2021-06-17 09:16:56,S,1064.75,1,7
2021-06-17 09:16:56,S,1064.85,2,5
2021-06-17 09:16:56,S,1065.55,1,1
2021-06-17 09:16:56,S,1065.9,2,6
2021-06-17 09:16:56,B,1062.05,1,7
2021-06-17 09:16:56,B,1062.0,2,2
2021-06-17 09:16:56,B,1061.9,2,2
2021-06-17 09:16:56,B,1060.9,1,1
2021-06-17 09:16:56,B,1060.55,2,8
2021-06-17 09:16:57,S,1064.7,1,2
2021-06-17 09:16:57,S,1064.75,1,7
2021-06-17 09:16:57,S,1064.85,2,5
2021-06-17 09:16:57,S,1065.55,1,1
2021-06-17 09:16:57,S,1065.9,2,6
2021-06-17 09:16:57,B,1062.05,1,7
2021-06-17 09:16:57,B,1062.0,2,2
2021-06-17 09:16:57,B,1061.9,2,2
2021-06-17 09:16:57,B,1060.9,1,1
2021-06-17 09:16:57,B,1060.55,2,8
2021-06-17 09:16:57,S,1064.7,1,2
2021-06-17 09:16:57,S,1064.75,1,7
2021-06-17 09:16:57,S,1064.85,2,5
2021-06-17 09:16:57,S,1065.55,1,1
2021-06-17 09:16:57,S,1065.9,2,6
2021-06-17 09:16:57,B,1062.05,1,7
2021-06-17 09:16:57,B,1062.0,2,2
2021-06-17 09:16:57,B,1061.9,2,2
2021-06-17 09:16:57,B,1060.9,1,1
2021-06-17 09:16:57,B,1060.55,2,8
2021-06-17 09:16:58,S,1064.25,2,6
2021-06-17 09:16:58,S,1064.3,1,1
2021-06-17 09:16:58,S,1065.1,1,1
2021-06-17 09:16:58,S,1065.2,1,1
2021-06-17 09:16:58,S,1066.3,1,1
2021-06-17 09:16:58,B,1062.45,1,7
2021-06-17 09:16:58,B,1062.4,1,10
2021-06-17 09:16:58,B,1062.0,1,1
2021-06-17 09:16:58,B,1061.9,1,1
2021-06-17 09:16:58,B,1060.9,1,1
2021-06-17 09:16:58,S,1064.25,2,6
2021-06-17 09:16:58,S,1064.3,1,1
2021-06-17 09:16:58,S,1065.1,1,1
2021-06-17 09:16:58,S,1065.2,1,1
2021-06-17 09:16:58,S,1066.3,1,1
2021-06-17 09:16:58,B,1062.45,1,7
2021-06-17 09:16:58,B,1062.4,1,10
2021-06-17 09:16:58,B,1062.0,1,1
2021-06-17 09:16:58,B,1061.9,1,1
2021-06-17 09:16:58,B,1060.9,1,1
2021-06-17 09:17:00,S,1064.25,2,6
2021-06-17 09:17:00,S,1064.3,1,1
2021-06-17 09:17:00,S,1065.1,1,1
2021-06-17 09:17:00,S,1065.2,1,1
2021-06-17 09:17:00,S,1066.3,1,1
2021-06-17 09:17:00,B,1062.45,1,7
2021-06-17 09:17:00,B,1062.4,1,10
2021-06-17 09:17:00,B,1062.0,1,1
2021-06-17 09:17:00,B,1061.9,1,1
2021-06-17 09:17:00,B,1060.9,1,1
2021-06-17 09:17:02,S,1068.05,1,9
2021-06-17 09:17:02,S,1068.1,2,7
2021-06-17 09:17:02,S,1068.2,1,1
2021-06-17 09:17:02,S,1068.25,2,4
2021-06-17 09:17:02,S,1068.3,1,1
2021-06-17 09:17:02,B,1063.5,1,7
2021-06-17 09:17:02,B,1063.45,3,3
2021-06-17 09:17:02,B,1063.4,2,26
2021-06-17 09:17:02,B,1063.35,2,31
2021-06-17 09:17:02,B,1062.0,2,2
2021-06-17 09:17:03,S,1068.05,1,9
2021-06-17 09:17:03,S,1068.1,2,7
2021-06-17 09:17:03,S,1068.2,1,1
2021-06-17 09:17:03,S,1068.25,2,4
2021-06-17 09:17:03,S,1068.3,1,1
2021-06-17 09:17:03,B,1063.5,1,7
2021-06-17 09:17:03,B,1063.45,3,3
2021-06-17 09:17:03,B,1063.4,2,26
2021-06-17 09:17:03,B,1063.35,2,31
2021-06-17 09:17:03,B,1062.0,2,2
2021-06-17 09:17:06,S,1067.5,1,9
2021-06-17 09:17:06,S,1067.55,3,16
2021-06-17 09:17:06,S,1068.0,2,6
2021-06-17 09:17:06,S,1068.05,2,6
2021-06-17 09:17:06,S,1068.1,2,3
2021-06-17 09:17:06,B,1064.1,1,7
2021-06-17 09:17:06,B,1064.05,1,13
2021-06-17 09:17:06,B,1064.0,1,25
2021-06-17 09:17:06,B,1063.45,3,3
2021-06-17 09:17:06,B,1063.4,2,14
2021-06-17 09:17:10,S,1059.6,1,4
2021-06-17 09:17:10,S,1059.65,1,7
2021-06-17 09:17:10,S,1059.85,1,7
2021-06-17 09:17:10,S,1059.9,1,10
2021-06-17 09:17:10,S,1059.95,4,20
2021-06-17 09:17:10,B,1058.0,1,5
2021-06-17 09:17:10,B,1057.2,1,15
2021-06-17 09:17:10,B,1056.75,1,6
2021-06-17 09:17:10,B,1056.0,1,10
2021-06-17 09:17:10,B,1055.55,3,3
2021-06-17 09:17:13,S,1059.6,1,4
2021-06-17 09:17:13,S,1059.65,1,7
2021-06-17 09:17:13,S,1059.85,1,7
2021-06-17 09:17:13,S,1059.9,1,10
2021-06-17 09:17:13,S,1059.95,4,20
2021-06-17 09:17:13,B,1058.0,1,5
2021-06-17 09:17:13,B,1057.2,1,15
2021-06-17 09:17:13,B,1056.75,1,6
2021-06-17 09:17:13,B,1056.0,1,10
2021-06-17 09:17:13,B,1055.55,3,3
2021-06-17 09:17:13,S,1059.6,1,4
2021-06-17 09:17:13,S,1059.65,1,7
2021-06-17 09:17:13,S,1059.85,1,7
2021-06-17 09:17:13,S,1059.9,1,10
2021-06-17 09:17:13,S,1059.95,4,20
2021-06-17 09:17:13,B,1058.0,1,5
2021-06-17 09:17:13,B,1057.2,1,15
2021-06-17 09:17:13,B,1056.75,1,6
2021-06-17 09:17:13,B,1056.0,1,10
2021-06-17 09:17:13,B,1055.55,3,3
2021-06-17 09:17:15,S,1059.6,1,4
2021-06-17 09:17:15,S,1059.65,1,7
2021-06-17 09:17:15,S,1059.85,1,7
2021-06-17 09:17:15,S,1059.9,1,10
2021-06-17 09:17:15,S,1059.95,4,20
2021-06-17 09:17:15,B,1058.0,1,5
2021-06-17 09:17:15,B,1057.2,1,15
2021-06-17 09:17:15,B,1056.75,1,6
2021-06-17 09:17:15,B,1056.0,1,10
2021-06-17 09:17:15,B,1055.55,3,3
2021-06-17 09:17:15,S,1058.95,1,9
2021-06-17 09:17:15,S,1059.0,1,1
2021-06-17 09:17:15,S,1059.35,1,1
2021-06-17 09:17:15,S,1059.4,1,7
2021-06-17 09:17:15,S,1059.5,1,7
2021-06-17 09:17:15,B,1058.05,2,10
2021-06-17 09:17:15,B,1058.0,2,11
2021-06-17 09:17:15,B,1057.95,1,8
2021-06-17 09:17:15,B,1057.2,1,15
2021-06-17 09:17:15,B,1056.15,1,6
2021-06-17 09:17:17,S,1058.95,1,9
2021-06-17 09:17:17,S,1059.0,1,1
2021-06-17 09:17:17,S,1059.35,1,1
2021-06-17 09:17:17,S,1059.4,1,7
2021-06-17 09:17:17,S,1059.5,1,7
2021-06-17 09:17:17,B,1058.05,2,10
2021-06-17 09:17:17,B,1058.0,2,11
2021-06-17 09:17:17,B,1057.95,1,8
2021-06-17 09:17:17,B,1057.2,1,15
2021-06-17 09:17:17,B,1056.15,1,6
2021-06-17 09:17:19,S,1059.45,1,1
2021-06-17 09:17:19,S,1059.65,1,7
2021-06-17 09:17:19,S,1062.4,1,4
2021-06-17 09:17:19,S,1063.3,1,4
2021-06-17 09:17:19,S,1065.45,1,4
2021-06-17 09:17:19,B,1058.05,3,16
2021-06-17 09:17:19,B,1058.0,2,11
2021-06-17 09:17:19,B,1057.95,1,8
2021-06-17 09:17:19,B,1057.2,1,15
2021-06-17 09:17:19,B,1056.25,1,5
2021-06-17 09:17:20,S,1059.45,1,1
2021-06-17 09:17:20,S,1059.65,1,7
2021-06-17 09:17:20,S,1062.4,1,4
2021-06-17 09:17:20,S,1063.3,1,4
2021-06-17 09:17:20,S,1065.45,1,4
2021-06-17 09:17:20,B,1058.05,3,16
2021-06-17 09:17:20,B,1058.0,2,11
2021-06-17 09:17:20,B,1057.95,1,8
2021-06-17 09:17:20,B,1057.2,1,15
2021-06-17 09:17:20,B,1056.25,1,5
2021-06-17 09:17:22,S,1059.45,1,1
2021-06-17 09:17:22,S,1059.65,1,7
2021-06-17 09:17:22,S,1062.4,1,4
2021-06-17 09:17:22,S,1063.3,1,4
2021-06-17 09:17:22,S,1065.45,1,4
2021-06-17 09:17:22,B,1058.05,3,16
2021-06-17 09:17:22,B,1058.0,2,11
2021-06-17 09:17:22,B,1057.95,1,8
2021-06-17 09:17:22,B,1057.2,1,15
2021-06-17 09:17:22,B,1056.25,1,5
2021-06-17 09:17:23,S,1061.55,1,1
2021-06-17 09:17:23,S,1061.6,1,7
2021-06-17 09:17:23,S,1061.7,3,7
2021-06-17 09:17:23,S,1063.2,1,5
2021-06-17 09:17:23,S,1063.65,1,5
2021-06-17 09:17:23,B,1058.1,1,1
2021-06-17 09:17:23,B,1058.05,2,10
2021-06-17 09:17:23,B,1058.0,1,5
2021-06-17 09:17:23,B,1057.45,1,4
2021-06-17 09:17:23,B,1057.3,1,5
2021-06-17 09:17:27,S,1063.05,1,1
2021-06-17 09:17:27,S,1063.1,1,1
2021-06-17 09:17:27,S,1064.25,1,3
2021-06-17 09:17:27,S,1064.45,1,4
2021-06-17 09:17:27,S,1064.85,1,1
2021-06-17 09:17:27,B,1060.1,1,1
2021-06-17 09:17:27,B,1060.05,2,11
2021-06-17 09:17:27,B,1059.95,2,8
2021-06-17 09:17:27,B,1059.9,1,3
2021-06-17 09:17:27,B,1059.85,1,1
2021-06-17 09:17:28,S,1063.05,1,1
2021-06-17 09:17:28,S,1063.1,1,1
2021-06-17 09:17:28,S,1064.25,1,3
2021-06-17 09:17:28,S,1064.45,1,4
2021-06-17 09:17:28,S,1064.85,1,1
2021-06-17 09:17:28,B,1060.1,1,1
2021-06-17 09:17:28,B,1060.05,2,11
2021-06-17 09:17:28,B,1059.95,2,8
2021-06-17 09:17:28,B,1059.9,1,3
2021-06-17 09:17:28,B,1059.85,1,1
2021-06-17 09:17:30,S,1063.05,1,1
2021-06-17 09:17:30,S,1063.1,1,1
2021-06-17 09:17:30,S,1064.25,1,3
2021-06-17 09:17:30,S,1064.45,1,4
2021-06-17 09:17:30,S,1064.85,1,1
2021-06-17 09:17:30,B,1060.1,1,1
2021-06-17 09:17:30,B,1060.05,2,11
2021-06-17 09:17:30,B,1059.95,2,8
2021-06-17 09:17:30,B,1059.9,1,3
2021-06-17 09:17:30,B,1059.85,1,1
2021-06-17 09:17:31,S,1064.0,1,1
2021-06-17 09:17:31,S,1064.05,1,3
2021-06-17 09:17:31,S,1065.6,1,1
2021-06-17 09:17:31,S,1065.65,2,4
2021-06-17 09:17:31,S,1066.05,1,5
2021-06-17 09:17:31,B,1060.45,1,1
2021-06-17 09:17:31,B,1060.4,2,8
2021-06-17 09:17:31,B,1060.35,2,8
2021-06-17 09:17:31,B,1060.3,1,6
2021-06-17 09:17:31,B,1060.1,1,1
2021-06-17 09:17:34,S,1064.0,1,1
2021-06-17 09:17:34,S,1064.05,1,3
2021-06-17 09:17:34,S,1065.6,1,1
2021-06-17 09:17:34,S,1065.65,2,4
2021-06-17 09:17:34,S,1066.05,1,5
2021-06-17 09:17:34,B,1060.45,1,1
2021-06-17 09:17:34,B,1060.4,2,8
2021-06-17 09:17:34,B,1060.35,2,8
2021-06-17 09:17:34,B,1060.3,1,6
2021-06-17 09:17:34,B,1060.1,1,1
2021-06-17 09:17:36,S,1065.1,1,6
2021-06-17 09:17:36,S,1065.15,1,10
2021-06-17 09:17:36,S,1065.4,1,1
2021-06-17 09:17:36,S,1065.55,1,5
2021-06-17 09:17:36,S,1065.95,2,5
2021-06-17 09:17:36,B,1062.3,2,14
2021-06-17 09:17:36,B,1062.25,1,27
2021-06-17 09:17:36,B,1061.75,3,12
2021-06-17 09:17:36,B,1061.7,1,1
2021-06-17 09:17:36,B,1061.65,1,1
2021-06-17 09:17:39,S,1065.1,1,6
2021-06-17 09:17:39,S,1065.15,1,10
2021-06-17 09:17:39,S,1065.4,1,1
2021-06-17 09:17:39,S,1065.55,1,5
2021-06-17 09:17:39,S,1065.95,2,5
2021-06-17 09:17:39,B,1062.3,2,14
2021-06-17 09:17:39,B,1062.25,1,27
2021-06-17 09:17:39,B,1061.75,3,12
2021-06-17 09:17:39,B,1061.7,1,1
2021-06-17 09:17:39,B,1061.65,1,1
2021-06-17 09:17:40,S,1065.8,3,13
2021-06-17 09:17:40,S,1065.85,1,2
2021-06-17 09:17:40,S,1065.9,2,6
2021-06-17 09:17:40,S,1065.95,2,5
2021-06-17 09:17:40,S,1066.05,1,4
2021-06-17 09:17:40,B,1061.9,1,1
2021-06-17 09:17:40,B,1061.85,1,4
2021-06-17 09:17:40,B,1061.8,1,4
2021-06-17 09:17:40,B,1061.75,1,4
2021-06-17 09:17:40,B,1060.2,1,1
2021-06-17 09:17:43,S,1065.8,3,13
2021-06-17 09:17:43,S,1065.85,1,2
2021-06-17 09:17:43,S,1065.9,2,6
2021-06-17 09:17:43,S,1065.95,2,5
2021-06-17 09:17:43,S,1066.05,1,4
2021-06-17 09:17:43,B,1061.9,1,1
2021-06-17 09:17:43,B,1061.85,1,4
2021-06-17 09:17:43,B,1061.8,1,4
2021-06-17 09:17:43,B,1061.75,1,4
2021-06-17 09:17:43,B,1060.2,1,1
2021-06-17 09:17:44,S,1065.05,2,8
2021-06-17 09:17:44,S,1065.1,4,12
2021-06-17 09:17:44,S,1065.2,2,14
2021-06-17 09:17:44,S,1065.25,1,13
2021-06-17 09:17:44,S,1065.3,1,5
2021-06-17 09:17:44,B,1060.35,1,1
2021-06-17 09:17:44,B,1060.3,2,6
2021-06-17 09:17:44,B,1060.25,1,3
2021-06-17 09:17:44,B,1060.2,1,1
2021-06-17 09:17:44,B,1060.1,1,1
2021-06-17 09:17:49,S,1065.05,2,8
2021-06-17 09:17:49,S,1065.1,4,12
2021-06-17 09:17:49,S,1065.2,2,14
2021-06-17 09:17:49,S,1065.25,1,13
2021-06-17 09:17:49,S,1065.3,1,5
2021-06-17 09:17:49,B,1060.35,1,1
2021-06-17 09:17:49,B,1060.3,2,6
2021-06-17 09:17:49,B,1060.25,1,3
2021-06-17 09:17:49,B,1060.2,1,1
2021-06-17 09:17:49,B,1060.1,1,1
2021-06-17 09:17:50,S,1065.05,2,8
2021-06-17 09:17:50,S,1065.1,4,12
2021-06-17 09:17:50,S,1065.2,2,14
2021-06-17 09:17:50,S,1065.25,1,13
2021-06-17 09:17:50,S,1065.3,1,5
2021-06-17 09:17:50,B,1060.35,1,1
2021-06-17 09:17:50,B,1060.3,2,6
2021-06-17 09:17:50,B,1060.25,1,3
2021-06-17 09:17:50,B,1060.2,1,1
2021-06-17 09:17:50,B,1060.1,1,1
2021-06-17 09:17:53,S,1065.95,1,1
2021-06-17 09:17:53,S,1066.25,1,4
2021-06-17 09:17:53,S,1067.25,1,5
2021-06-17 09:17:53,S,1067.7,1,5
2021-06-17 09:17:53,S,1068.15,1,5
2021-06-17 09:17:53,B,1065.15,1,1
2021-06-17 09:17:53,B,1065.1,2,37
2021-06-17 09:17:53,B,1063.05,1,2
2021-06-17 09:17:53,B,1060.65,1,4
2021-06-17 09:17:53,B,1060.6,2,8
2021-06-17 09:17:54,S,1065.95,1,1
2021-06-17 09:17:54,S,1066.25,1,4
2021-06-17 09:17:54,S,1067.25,1,5
2021-06-17 09:17:54,S,1067.7,1,5
2021-06-17 09:17:54,S,1068.15,1,5
2021-06-17 09:17:54,B,1065.15,1,1
2021-06-17 09:17:54,B,1065.1,2,37
2021-06-17 09:17:54,B,1063.05,1,2
2021-06-17 09:17:54,B,1060.65,1,4
2021-06-17 09:17:54,B,1060.6,2,8
2021-06-17 09:17:57,S,1066.9,3,11
2021-06-17 09:17:57,S,1067.1,2,4
2021-06-17 09:17:57,S,1067.15,2,11
2021-06-17 09:17:57,S,1067.25,2,6
2021-06-17 09:17:57,S,1067.7,1,5
2021-06-17 09:17:57,B,1065.15,1,1
2021-06-17 09:17:57,B,1065.1,3,30
2021-06-17 09:17:57,B,1065.05,1,7
2021-06-17 09:17:57,B,1063.1,3,3
2021-06-17 09:17:57,B,1063.05,1,2
2021-06-17 09:17:57,S,1066.9,3,11
2021-06-17 09:17:57,S,1067.1,2,4
2021-06-17 09:17:57,S,1067.15,2,11
2021-06-17 09:17:57,S,1067.25,2,6
2021-06-17 09:17:57,S,1067.7,1,5
2021-06-17 09:17:57,B,1065.15,1,1
2021-06-17 09:17:57,B,1065.1,3,30
2021-06-17 09:17:57,B,1065.05,1,7
2021-06-17 09:17:57,B,1063.1,3,3
2021-06-17 09:17:57,B,1063.05,1,2
2021-06-17 09:18:00,S,1066.35,2,2
2021-06-17 09:18:00,S,1066.4,1,10
2021-06-17 09:18:00,S,1066.55,2,10
2021-06-17 09:18:00,S,1066.85,1,3
2021-06-17 09:18:00,S,1067.25,2,6
2021-06-17 09:18:00,B,1065.1,3,11
2021-06-17 09:18:00,B,1065.05,1,7
2021-06-17 09:18:00,B,1063.05,1,2
2021-06-17 09:18:00,B,1061.25,3,3
2021-06-17 09:18:00,B,1060.7,1,2
2021-06-17 09:18:01,S,1066.35,2,2
2021-06-17 09:18:01,S,1066.4,1,10
2021-06-17 09:18:01,S,1066.55,2,10
2021-06-17 09:18:01,S,1066.85,1,3
2021-06-17 09:18:01,S,1067.25,2,6
2021-06-17 09:18:01,B,1065.1,3,11
2021-06-17 09:18:01,B,1065.05,1,7
2021-06-17 09:18:01,B,1063.05,1,2
2021-06-17 09:18:01,B,1061.25,3,3
2021-06-17 09:18:01,B,1060.7,1,2
2021-06-17 09:18:01,S,1066.35,2,2
2021-06-17 09:18:01,S,1066.4,1,10
2021-06-17 09:18:01,S,1066.55,2,10
2021-06-17 09:18:01,S,1066.85,1,3
2021-06-17 09:18:01,S,1067.25,2,6
2021-06-17 09:18:01,B,1065.1,3,11
2021-06-17 09:18:01,B,1065.05,1,7
2021-06-17 09:18:01,B,1063.05,1,2
2021-06-17 09:18:01,B,1061.25,3,3
2021-06-17 09:18:01,B,1060.7,1,2
2021-06-17 09:18:02,S,1066.35,2,2
2021-06-17 09:18:02,S,1066.4,1,10
2021-06-17 09:18:02,S,1066.55,2,10
2021-06-17 09:18:02,S,1066.85,1,3
2021-06-17 09:18:02,S,1067.25,2,6
2021-06-17 09:18:02,B,1065.1,3,11
2021-06-17 09:18:02,B,1065.05,1,7
2021-06-17 09:18:02,B,1063.05,1,2
2021-06-17 09:18:02,B,1061.25,3,3
2021-06-17 09:18:02,B,1060.7,1,2
2021-06-17 09:18:04,S,1069.0,1,1
2021-06-17 09:18:04,S,1069.05,1,8
2021-06-17 09:18:04,S,1069.15,1,1
2021-06-17 09:18:04,S,1069.2,1,1
2021-06-17 09:18:04,S,1069.4,1,1
2021-06-17 09:18:04,B,1067.25,1,1
2021-06-17 09:18:04,B,1067.2,1,10
2021-06-17 09:18:04,B,1067.1,1,41
2021-06-17 09:18:04,B,1066.2,1,1
2021-06-17 09:18:04,B,1065.85,1,1
2021-06-17 09:18:07,S,1069.0,1,1
2021-06-17 09:18:07,S,1069.05,1,8
2021-06-17 09:18:07,S,1069.15,1,1
2021-06-17 09:18:07,S,1069.2,1,1
2021-06-17 09:18:07,S,1069.4,1,1
2021-06-17 09:18:07,B,1067.25,1,1
2021-06-17 09:18:07,B,1067.2,1,10
2021-06-17 09:18:07,B,1067.1,1,41
2021-06-17 09:18:07,B,1066.2,1,1
2021-06-17 09:18:07,B,1065.85,1,1
2021-06-17 09:18:08,S,1069.0,1,1
2021-06-17 09:18:08,S,1069.05,1,8
2021-06-17 09:18:08,S,1069.15,1,1
2021-06-17 09:18:08,S,1069.2,1,1
2021-06-17 09:18:08,S,1069.4,1,1
2021-06-17 09:18:08,B,1067.25,1,1
2021-06-17 09:18:08,B,1067.2,1,10
2021-06-17 09:18:08,B,1067.1,1,41
2021-06-17 09:18:08,B,1066.2,1,1
2021-06-17 09:18:08,B,1065.85,1,1
2021-06-17 09:18:09,S,1070.35,2,6
2021-06-17 09:18:09,S,1070.5,2,2
2021-06-17 09:18:09,S,1070.55,2,2
2021-06-17 09:18:09,S,1070.8,1,5
2021-06-17 09:18:09,S,1070.9,2,26
2021-06-17 09:18:09,B,1067.25,1,1
2021-06-17 09:18:09,B,1067.2,3,12
2021-06-17 09:18:09,B,1067.15,3,24
2021-06-17 09:18:09,B,1067.1,1,41
2021-06-17 09:18:09,B,1066.3,1,1
2021-06-17 09:18:11,S,1070.35,2,6
2021-06-17 09:18:11,S,1070.5,2,2
2021-06-17 09:18:11,S,1070.55,2,2
2021-06-17 09:18:11,S,1070.8,1,5
2021-06-17 09:18:11,S,1070.9,2,26
2021-06-17 09:18:11,B,1067.25,1,1
2021-06-17 09:18:11,B,1067.2,3,12
2021-06-17 09:18:11,B,1067.15,3,24
2021-06-17 09:18:11,B,1067.1,1,41
2021-06-17 09:18:11,B,1066.3,1,1
2021-06-17 09:18:13,S,1070.7,1,1
2021-06-17 09:18:13,S,1071.05,1,6
2021-06-17 09:18:13,S,1071.2,1,1
2021-06-17 09:18:13,S,1071.25,1,3
2021-06-17 09:18:13,S,1071.7,2,4
2021-06-17 09:18:13,B,1068.6,1,1
2021-06-17 09:18:13,B,1068.55,2,14
2021-06-17 09:18:13,B,1068.5,1,26
2021-06-17 09:18:13,B,1067.8,1,1
2021-06-17 09:18:13,B,1067.35,2,2
2021-06-17 09:18:15,S,1070.7,1,1
2021-06-17 09:18:15,S,1071.05,1,6
2021-06-17 09:18:15,S,1071.2,1,1
2021-06-17 09:18:15,S,1071.25,1,3
2021-06-17 09:18:15,S,1071.7,2,4
2021-06-17 09:18:15,B,1068.6,1,1
2021-06-17 09:18:15,B,1068.55,2,14
2021-06-17 09:18:15,B,1068.5,1,26
2021-06-17 09:18:15,B,1067.8,1,1
2021-06-17 09:18:15,B,1067.35,2,2
2021-06-17 09:18:16,S,1070.7,1,1
2021-06-17 09:18:16,S,1071.05,1,6
2021-06-17 09:18:16,S,1071.2,1,1
2021-06-17 09:18:16,S,1071.25,1,3
2021-06-17 09:18:16,S,1071.7,2,4
2021-06-17 09:18:16,B,1068.6,1,1
2021-06-17 09:18:16,B,1068.55,2,14
2021-06-17 09:18:16,B,1068.5,1,26
2021-06-17 09:18:16,B,1067.8,1,1
2021-06-17 09:18:16,B,1067.35,2,2
2021-06-17 09:18:17,S,1070.95,1,3
2021-06-17 09:18:17,S,1071.0,3,11
2021-06-17 09:18:17,S,1071.05,1,6
2021-06-17 09:18:17,S,1071.15,1,4
2021-06-17 09:18:17,S,1071.4,1,4
2021-06-17 09:18:17,B,1068.05,1,1
2021-06-17 09:18:17,B,1068.0,1,1
2021-06-17 09:18:17,B,1067.8,1,1
2021-06-17 09:18:17,B,1067.35,2,8
2021-06-17 09:18:17,B,1067.3,1,7
2021-06-17 09:18:18,S,1070.95,1,3
2021-06-17 09:18:18,S,1071.0,3,11
2021-06-17 09:18:18,S,1071.05,1,6
2021-06-17 09:18:18,S,1071.15,1,4
2021-06-17 09:18:18,S,1071.4,1,4
2021-06-17 09:18:18,B,1068.05,1,1
2021-06-17 09:18:18,B,1068.0,1,1
2021-06-17 09:18:18,B,1067.8,1,1
2021-06-17 09:18:18,B,1067.35,2,8
2021-06-17 09:18:18,B,1067.3,1,7
2021-06-17 09:18:19,S,1070.95,1,3
2021-06-17 09:18:19,S,1071.0,3,11
2021-06-17 09:18:19,S,1071.05,1,6
2021-06-17 09:18:19,S,1071.15,1,4
2021-06-17 09:18:19,S,1071.4,1,4
2021-06-17 09:18:19,B,1068.05,1,1
2021-06-17 09:18:19,B,1068.0,1,1
2021-06-17 09:18:19,B,1067.8,1,1
2021-06-17 09:18:19,B,1067.35,2,8
2021-06-17 09:18:19,B,1067.3,1,7
2021-06-17 09:18:20,S,1070.95,1,3
2021-06-17 09:18:20,S,1071.0,3,11
2021-06-17 09:18:20,S,1071.05,1,6
2021-06-17 09:18:20,S,1071.15,1,4
2021-06-17 09:18:20,S,1071.4,1,4
2021-06-17 09:18:20,B,1068.05,1,1
2021-06-17 09:18:20,B,1068.0,1,1
2021-06-17 09:18:20,B,1067.8,1,1
2021-06-17 09:18:20,B,1067.35,2,8
2021-06-17 09:18:20,B,1067.3,1,7
2021-06-17 09:18:21,S,1058.8,1,6
2021-06-17 09:18:21,S,1058.85,2,26
2021-06-17 09:18:21,S,1058.9,1,7
2021-06-17 09:18:21,S,1058.95,2,10
2021-06-17 09:18:21,S,1059.0,1,4
2021-06-17 09:18:21,B,1055.4,1,1
2021-06-17 09:18:21,B,1055.35,1,2
2021-06-17 09:18:21,B,1055.2,1,8
2021-06-17 09:18:21,B,1055.05,1,8
2021-06-17 09:18:21,B,1054.8,1,5
2021-06-17 09:18:21,S,1058.8,1,6
2021-06-17 09:18:21,S,1058.85,2,26
2021-06-17 09:18:21,S,1058.9,1,7
2021-06-17 09:18:21,S,1058.95,2,10
2021-06-17 09:18:21,S,1059.0,1,4
2021-06-17 09:18:21,B,1055.4,1,1
2021-06-17 09:18:21,B,1055.35,1,2
2021-06-17 09:18:21,B,1055.2,1,8
2021-06-17 09:18:21,B,1055.05,1,8
2021-06-17 09:18:21,B,1054.8,1,5
2021-06-17 09:18:24,S,1058.8,1,6
2021-06-17 09:18:24,S,1058.85,2,26
2021-06-17 09:18:24,S,1058.9,1,7
2021-06-17 09:18:24,S,1058.95,2,10
2021-06-17 09:18:24,S,1059.0,1,4
2021-06-17 09:18:24,B,1055.4,1,1
2021-06-17 09:18:24,B,1055.35,1,2
2021-06-17 09:18:24,B,1055.2,1,8
2021-06-17 09:18:24,B,1055.05,1,8
2021-06-17 09:18:24,B,1054.8,1,5
2021-06-17 09:18:24,S,1058.8,1,6
2021-06-17 09:18:24,S,1058.85,2,26
2021-06-17 09:18:24,S,1058.9,1,7
2021-06-17 09:18:24,S,1058.95,2,10
2021-06-17 09:18:24,S,1059.0,1,4
2021-06-17 09:18:24,B,1055.4,1,1
2021-06-17 09:18:24,B,1055.35,1,2
2021-06-17 09:18:24,B,1055.2,1,8
2021-06-17 09:18:24,B,1055.05,1,8
2021-06-17 09:18:24,B,1054.8,1,5
2021-06-17 09:18:25,S,1060.05,1,3
2021-06-17 09:18:25,S,1060.75,1,13
2021-06-17 09:18:25,S,1060.8,2,13
2021-06-17 09:18:25,S,1060.85,1,3
2021-06-17 09:18:25,S,1061.8,1,4
2021-06-17 09:18:25,B,1056.4,1,1
2021-06-17 09:18:25,B,1056.35,3,12
2021-06-17 09:18:25,B,1055.65,1,7
2021-06-17 09:18:25,B,1055.6,1,8
2021-06-17 09:18:25,B,1054.55,1,4
2021-06-17 09:18:25,S,1060.05,1,3
2021-06-17 09:18:25,S,1060.75,1,13
2021-06-17 09:18:25,S,1060.8,2,13
2021-06-17 09:18:25,S,1060.85,1,3
2021-06-17 09:18:25,S,1061.8,1,4
2021-06-17 09:18:25,B,1056.4,1,1
2021-06-17 09:18:25,B,1056.35,3,12
2021-06-17 09:18:25,B,1055.65,1,7
2021-06-17 09:18:25,B,1055.6,1,8
2021-06-17 09:18:25,B,1054.55,1,4
2021-06-17 09:18:29,S,1059.1,2,9
2021-06-17 09:18:29,S,1059.15,1,13
2021-06-17 09:18:29,S,1059.2,1,13
2021-06-17 09:18:29,S,1059.45,2,13
2021-06-17 09:18:29,S,1060.5,1,5
2021-06-17 09:18:29,B,1056.8,1,1
2021-06-17 09:18:29,B,1056.75,1,2
2021-06-17 09:18:29,B,1056.6,1,6
2021-06-17 09:18:29,B,1055.5,1,4
2021-06-17 09:18:29,B,1054.6,2,10
2021-06-17 09:18:30,S,1059.1,2,9
2021-06-17 09:18:30,S,1059.15,1,13
2021-06-17 09:18:30,S,1059.2,1,13
2021-06-17 09:18:30,S,1059.45,2,13
2021-06-17 09:18:30,S,1060.5,1,5
2021-06-17 09:18:30,B,1056.8,1,1
2021-06-17 09:18:30,B,1056.75,1,2
2021-06-17 09:18:30,B,1056.6,1,6
2021-06-17 09:18:30,B,1055.5,1,4
2021-06-17 09:18:30,B,1054.6,2,10
2021-06-17 09:18:32,S,1059.1,2,9
2021-06-17 09:18:32,S,1059.15,1,13
2021-06-17 09:18:32,S,1059.2,1,13
2021-06-17 09:18:32,S,1059.45,2,13
2021-06-17 09:18:32,S,1060.5,1,5
2021-06-17 09:18:32,B,1056.8,1,1
2021-06-17 09:18:32,B,1056.75,1,2
2021-06-17 09:18:32,B,1056.6,1,6
2021-06-17 09:18:32,B,1055.5,1,4
2021-06-17 09:18:32,B,1054.6,2,10
2021-06-17 09:18:33,S,1059.45,2,11
2021-06-17 09:18:33,S,1061.0,1,5
2021-06-17 09:18:33,S,1061.05,1,5
2021-06-17 09:18:33,S,1063.15,1,5
2021-06-17 09:18:33,S,1063.75,1,4
2021-06-17 09:18:33,B,1057.1,1,1
2021-06-17 09:18:33,B,1057.05,1,2
2021-06-17 09:18:33,B,1056.9,1,8
2021-06-17 09:18:33,B,1055.55,1,5
2021-06-17 09:18:33,B,1055.5,1,4
2021-06-17 09:18:34,S,1059.45,2,11
2021-06-17 09:18:34,S,1061.0,1,5
2021-06-17 09:18:34,S,1061.05,1,5
2021-06-17 09:18:34,S,1063.15,1,5
2021-06-17 09:18:34,S,1063.75,1,4
2021-06-17 09:18:34,B,1057.1,1,1
2021-06-17 09:18:34,B,1057.05,1,2
2021-06-17 09:18:34,B,1056.9,1,8
2021-06-17 09:18:34,B,1055.55,1,5
2021-06-17 09:18:34,B,1055.5,1,4
2021-06-17 09:18:36,S,1059.45,2,11
2021-06-17 09:18:36,S,1061.0,1,5
2021-06-17 09:18:36,S,1061.05,1,5
2021-06-17 09:18:36,S,1063.15,1,5
2021-06-17 09:18:36,S,1063.75,1,4
2021-06-17 09:18:36,B,1057.1,1,1
2021-06-17 09:18:36,B,1057.05,1,2
2021-06-17 09:18:36,B,1056.9,1,8
2021-06-17 09:18:36,B,1055.55,1,5
2021-06-17 09:18:36,B,1055.5,1,4
2021-06-17 09:18:36,S,1059.45,2,11
2021-06-17 09:18:36,S,1061.0,1,5
2021-06-17 09:18:36,S,1061.05,1,5
2021-06-17 09:18:36,S,1063.15,1,5
2021-06-17 09:18:36,S,1063.75,1,4
2021-06-17 09:18:36,B,1057.1,1,1
2021-06-17 09:18:36,B,1057.05,1,2
2021-06-17 09:18:36,B,1056.9,1,8
2021-06-17 09:18:36,B,1055.55,1,5
2021-06-17 09:18:36,B,1055.5,1,4
2021-06-17 09:18:37,S,1058.25,1,1
2021-06-17 09:18:37,S,1058.3,1,9
2021-06-17 09:18:37,S,1058.35,1,5
2021-06-17 09:18:37,S,1058.8,1,6
2021-06-17 09:18:37,S,1059.25,1,5
2021-06-17 09:18:37,B,1055.6,1,1
2021-06-17 09:18:37,B,1055.55,1,6
2021-06-17 09:18:37,B,1055.5,1,8
2021-06-17 09:18:37,B,1055.45,2,12
2021-06-17 09:18:37,B,1055.2,1,5
2021-06-17 09:18:40,S,1058.25,1,1
2021-06-17 09:18:40,S,1058.3,1,9
2021-06-17 09:18:40,S,1058.35,1,5
2021-06-17 09:18:40,S,1058.8,1,6
2021-06-17 09:18:40,S,1059.25,1,5
2021-06-17 09:18:40,B,1055.6,1,1
2021-06-17 09:18:40,B,1055.55,1,6
2021-06-17 09:18:40,B,1055.5,1,8
2021-06-17 09:18:40,B,1055.45,2,12
2021-06-17 09:18:40,B,1055.2,1,5
2021-06-17 09:18:41,S,1057.2,1,4
2021-06-17 09:18:41,S,1057.25,1,13
2021-06-17 09:18:41,S,1057.3,2,15
2021-06-17 09:18:41,S,1058.15,1,8
2021-06-17 09:18:41,S,1058.75,1,7
2021-06-17 09:18:41,B,1056.0,1,5
2021-06-17 09:18:41,B,1055.95,1,6
2021-06-17 09:18:41,B,1054.5,1,1
2021-06-17 09:18:41,B,1054.45,1,4
2021-06-17 09:18:41,B,1053.75,1,13
2021-06-17 09:18:42,S,1057.2,1,4
2021-06-17 09:18:42,S,1057.25,1,13
2021-06-17 09:18:42,S,1057.3,2,15
2021-06-17 09:18:42,S,1058.15,1,8
2021-06-17 09:18:42,S,1058.75,1,7
2021-06-17 09:18:42,B,1056.0,1,5
2021-06-17 09:18:42,B,1055.95,1,6
2021-06-17 09:18:42,B,1054.5,1,1
2021-06-17 09:18:42,B,1054.45,1,4
2021-06-17 09:18:42,B,1053.75,1,13
2021-06-17 09:18:42,S,1057.2,1,4
2021-06-17 09:18:42,S,1057.25,1,13
2021-06-17 09:18:42,S,1057.3,2,15
2021-06-17 09:18:42,S,1058.15,1,8
2021-06-17 09:18:42,S,1058.75,1,7
2021-06-17 09:18:42,B,1056.0,1,5
2021-06-17 09:18:42,B,1055.95,1,6
2021-06-17 09:18:42,B,1054.5,1,1
2021-06-17 09:18:42,B,1054.45,1,4
2021-06-17 09:18:42,B,1053.75,1,13
2021-06-17 09:18:45,S,1057.2,1,4
2021-06-17 09:18:45,S,1057.25,1,13
2021-06-17 09:18:45,S,1057.3,2,15
2021-06-17 09:18:45,S,1058.15,1,8
2021-06-17 09:18:45,S,1058.75,1,7
2021-06-17 09:18:45,B,1056.0,1,5
2021-06-17 09:18:45,B,1055.95,1,6
2021-06-17 09:18:45,B,1054.5,1,1
2021-06-17 09:18:45,B,1054.45,1,4
2021-06-17 09:18:45,B,1053.75,1,13
2021-06-17 09:18:45,S,1057.8,1,1
2021-06-17 09:18:45,S,1057.85,1,8
2021-06-17 09:18:45,S,1057.9,1,9
2021-06-17 09:18:45,S,1058.2,1,5
2021-06-17 09:18:45,S,1058.4,1,5
2021-06-17 09:18:45,B,1056.15,1,8
2021-06-17 09:18:45,B,1056.1,1,6
2021-06-17 09:18:45,B,1055.05,1,13
2021-06-17 09:18:45,B,1055.0,1,85
2021-06-17 09:18:45,B,1054.75,1,5
2021-06-17 09:18:49,S,1057.6,1,1
2021-06-17 09:18:49,S,1057.65,1,9
2021-06-17 09:18:49,S,1057.8,1,7
2021-06-17 09:18:49,S,1057.85,1,8
2021-06-17 09:18:49,S,1058.2,1,5
2021-06-17 09:18:49,B,1056.15,1,8
2021-06-17 09:18:49,B,1056.1,1,6
2021-06-17 09:18:49,B,1055.05,1,13
2021-06-17 09:18:49,B,1055.0,1,85
2021-06-17 09:18:49,B,1053.5,3,15
2021-06-17 09:18:52,S,1057.6,1,1
2021-06-17 09:18:52,S,1057.65,1,9
2021-06-17 09:18:52,S,1057.8,1,7
2021-06-17 09:18:52,S,1057.85,1,8
2021-06-17 09:18:52,S,1058.2,1,5
2021-06-17 09:18:52,B,1056.15,1,8
2021-06-17 09:18:52,B,1056.1,1,6
2021-06-17 09:18:52,B,1055.05,1,13
2021-06-17 09:18:52,B,1055.0,1,85
2021-06-17 09:18:52,B,1053.5,3,15
2021-06-17 09:18:54,S,1059.4,2,8
2021-06-17 09:18:54,S,1059.45,2,12
2021-06-17 09:18:54,S,1059.8,1,10
2021-06-17 09:18:54,S,1059.95,1,5
2021-06-17 09:18:54,S,1060.0,1,10
2021-06-17 09:18:54,B,1058.05,1,1
2021-06-17 09:18:54,B,1058.0,1,84
2021-06-17 09:18:54,B,1057.2,1,5
2021-06-17 09:18:54,B,1055.1,1,5
2021-06-17 09:18:54,B,1055.05,3,23
2021-06-17 09:18:54,S,1059.4,2,8
2021-06-17 09:18:54,S,1059.45,2,12
2021-06-17 09:18:54,S,1059.8,1,10
2021-06-17 09:18:54,S,1059.95,1,5
2021-06-17 09:18:54,S,1060.0,1,10
2021-06-17 09:18:54,B,1058.05,1,1
2021-06-17 09:18:54,B,1058.0,1,84
2021-06-17 09:18:54,B,1057.2,1,5
2021-06-17 09:18:54,B,1055.1,1,5
2021-06-17 09:18:54,B,1055.05,3,23
2021-06-17 09:18:55,S,1059.4,2,8
2021-06-17 09:18:55,S,1059.45,2,12
2021-06-17 09:18:55,S,1059.8,1,10
2021-06-17 09:18:55,S,1059.95,1,5
2021-06-17 09:18:55,S,1060.0,1,10
2021-06-17 09:18:55,B,1058.05,1,1
2021-06-17 09:18:55,B,1058.0,1,84
2021-06-17 09:18:55,B,1057.2,1,5
2021-06-17 09:18:55,B,1055.1,1,5
2021-06-17 09:18:55,B,1055.05,3,23
2021-06-17 09:18:57,S,1059.4,2,8
2021-06-17 09:18:57,S,1059.45,2,12
2021-06-17 09:18:57,S,1059.8,1,10
2021-06-17 09:18:57,S,1059.95,1,5
2021-06-17 09:18:57,S,1060.0,1,10
2021-06-17 09:18:57,B,1058.05,1,1
2021-06-17 09:18:57,B,1058.0,1,84
2021-06-17 09:18:57,B,1057.2,1,5
2021-06-17 09:18:57,B,1055.1,1,5
2021-06-17 09:18:57,B,1055.05,3,23
2021-06-17 09:18:58,S,1062.0,1,7
2021-06-17 09:18:58,S,1062.1,1,1
2021-06-17 09:18:58,S,1062.15,1,3
2021-06-17 09:18:58,S,1062.4,2,4
2021-06-17 09:18:58,S,1062.45,3,33
2021-06-17 09:18:58,B,1059.45,1,1
2021-06-17 09:18:58,B,1059.4,1,20
2021-06-17 09:18:58,B,1058.1,1,7
2021-06-17 09:18:58,B,1058.05,1,13
2021-06-17 09:18:58,B,1058.0,1,84
2021-06-17 09:19:01,S,1062.0,1,7
2021-06-17 09:19:01,S,1062.1,1,1
2021-06-17 09:19:01,S,1062.15,1,3
2021-06-17 09:19:01,S,1062.4,2,4
2021-06-17 09:19:01,S,1062.45,3,33
2021-06-17 09:19:01,B,1059.45,1,1
2021-06-17 09:19:01,B,1059.4,1,20
2021-06-17 09:19:01,B,1058.1,1,7
2021-06-17 09:19:01,B,1058.05,1,13
2021-06-17 09:19:01,B,1058.0,1,84
2021-06-17 09:19:01,S,1062.1,3,28
2021-06-17 09:19:01,S,1062.35,2,4
2021-06-17 09:19:01,S,1062.4,1,1
2021-06-17 09:19:01,S,1062.45,1,7
2021-06-17 09:19:01,S,1062.5,2,14
2021-06-17 09:19:01,B,1059.45,1,1
2021-06-17 09:19:01,B,1059.4,1,20
2021-06-17 09:19:01,B,1059.0,1,100
2021-06-17 09:19:01,B,1058.1,1,7
2021-06-17 09:19:01,B,1058.05,1,13
2021-06-17 09:19:02,S,1062.1,3,28
2021-06-17 09:19:02,S,1062.35,2,4
2021-06-17 09:19:02,S,1062.4,1,1
2021-06-17 09:19:02,S,1062.45,1,7
2021-06-17 09:19:02,S,1062.5,2,14
2021-06-17 09:19:02,B,1059.45,1,1
2021-06-17 09:19:02,B,1059.4,1,20
2021-06-17 09:19:02,B,1059.0,1,100
2021-06-17 09:19:02,B,1058.1,1,7
2021-06-17 09:19:02,B,1058.05,1,13
2021-06-17 09:19:03,S,1062.1,3,28
2021-06-17 09:19:03,S,1062.35,2,4
2021-06-17 09:19:03,S,1062.4,1,1
2021-06-17 09:19:03,S,1062.45,1,7
2021-06-17 09:19:03,S,1062.5,2,14
2021-06-17 09:19:03,B,1059.45,1,1
2021-06-17 09:19:03,B,1059.4,1,20
2021-06-17 09:19:03,B,1059.0,1,100
2021-06-17 09:19:03,B,1058.1,1,7
2021-06-17 09:19:03,B,1058.05,1,13
2021-06-17 09:19:05,S,1062.1,3,28
2021-06-17 09:19:05,S,1062.35,2,4
2021-06-17 09:19:05,S,1062.4,1,1
2021-06-17 09:19:05,S,1062.45,1,7
2021-06-17 09:19:05,S,1062.5,2,14
2021-06-17 09:19:05,B,1059.45,1,1
2021-06-17 09:19:05,B,1059.4,1,20
2021-06-17 09:19:05,B,1059.0,1,100
2021-06-17 09:19:05,B,1058.1,1,7
2021-06-17 09:19:05,B,1058.05,1,13
2021-06-17 09:19:06,S,1063.45,3,7
2021-06-17 09:19:06,S,1063.5,1,2
2021-06-17 09:19:06,S,1063.9,1,2
2021-06-17 09:19:06,S,1064.2,1,1
2021-06-17 09:19:06,S,1064.25,1,3
2021-06-17 09:19:06,B,1059.9,1,1
2021-06-17 09:19:06,B,1059.85,1,2
2021-06-17 09:19:06,B,1059.7,1,13
2021-06-17 09:19:06,B,1059.65,1,25
2021-06-17 09:19:06,B,1059.1,1,3
2021-06-17 09:19:09,S,1063.3,2,5
2021-06-17 09:19:09,S,1063.7,1,3
2021-06-17 09:19:09,S,1063.75,1,2
2021-06-17 09:19:09,S,1064.05,1,7
2021-06-17 09:19:09,S,1064.15,1,3
2021-06-17 09:19:09,B,1060.35,1,1
2021-06-17 09:19:09,B,1060.3,1,25
2021-06-17 09:19:09,B,1060.0,2,11
2021-06-17 09:19:09,B,1059.75,1,7
2021-06-17 09:19:09,B,1059.15,1,13
2021-06-17 09:19:10,S,1063.3,2,5
2021-06-17 09:19:10,S,1063.7,1,3
2021-06-17 09:19:10,S,1063.75,1,2
2021-06-17 09:19:10,S,1064.05,1,7
2021-06-17 09:19:10,S,1064.15,1,3
2021-06-17 09:19:10,B,1060.35,1,1
2021-06-17 09:19:10,B,1060.3,1,25
2021-06-17 09:19:10,B,1060.0,2,11
2021-06-17 09:19:10,B,1059.75,1,7
2021-06-17 09:19:10,B,1059.15,1,13
2021-06-17 09:19:13,S,1063.7,2,10
2021-06-17 09:19:13,S,1063.95,2,8
2021-06-17 09:19:13,S,1064.0,1,7
2021-06-17 09:19:13,S,1064.05,1,7
2021-06-17 09:19:13,S,1064.15,2,5
2021-06-17 09:19:13,B,1061.05,1,1
2021-06-17 09:19:13,B,1061.0,2,26
2021-06-17 09:19:13,B,1060.05,1,3
2021-06-17 09:19:13,B,1060.0,2,11
2021-06-17 09:19:13,B,1059.85,2,6
2021-06-17 09:19:14,S,1063.7,2,10
2021-06-17 09:19:14,S,1063.95,2,8
2021-06-17 09:19:14,S,1064.0,1,7
2021-06-17 09:19:14,S,1064.05,1,7
2021-06-17 09:19:14,S,1064.15,2,5
2021-06-17 09:19:14,B,1061.05,1,1
2021-06-17 09:19:14,B,1061.0,2,26
2021-06-17 09:19:14,B,1060.05,1,3
2021-06-17 09:19:14,B,1060.0,2,11
2021-06-17 09:19:14,B,1059.85,2,6
2021-06-17 09:19:18,S,1063.8,2,9
2021-06-17 09:19:18,S,1063.85,1,1
2021-06-17 09:19:18,S,1063.9,1,7
2021-06-17 09:19:18,S,1063.95,1,7
2021-06-17 09:19:18,S,1064.0,1,7
2021-06-17 09:19:18,B,1062.15,1,1
2021-06-17 09:19:18,B,1062.1,1,9
2021-06-17 09:19:18,B,1062.05,1,9
2021-06-17 09:19:18,B,1061.0,1,10
2021-06-17 09:19:18,B,1060.9,1,4
2021-06-17 09:19:19,S,1063.8,2,9
2021-06-17 09:19:19,S,1063.85,1,1
2021-06-17 09:19:19,S,1063.9,1,7
2021-06-17 09:19:19,S,1063.95,1,7
2021-06-17 09:19:19,S,1064.0,1,7
2021-06-17 09:19:19,B,1062.15,1,1
2021-06-17 09:19:19,B,1062.1,1,9
2021-06-17 09:19:19,B,1062.05,1,9
2021-06-17 09:19:19,B,1061.0,1,10
2021-06-17 09:19:19,B,1060.9,1,4
2021-06-17 09:19:20,S,1063.8,2,9
2021-06-17 09:19:20,S,1063.85,1,1
2021-06-17 09:19:20,S,1063.9,1,7
2021-06-17 09:19:20,S,1063.95,1,7
2021-06-17 09:19:20,S,1064.0,1,7
2021-06-17 09:19:20,B,1062.15,1,1
2021-06-17 09:19:20,B,1062.1,1,9
2021-06-17 09:19:20,B,1062.05,1,9
2021-06-17 09:19:20,B,1061.0,1,10
2021-06-17 09:19:20,B,1060.9,1,4
2021-06-17 09:19:22,S,1064.9,2,7
2021-06-17 09:19:22,S,1064.95,3,7
2021-06-17 09:19:22,S,1065.0,2,26
2021-06-17 09:19:22,S,1065.1,1,5
2021-06-17 09:19:22,S,1065.25,1,2
2021-06-17 09:19:22,B,1062.35,2,14
2021-06-17 09:19:22,B,1062.3,3,16
2021-06-17 09:19:22,B,1062.1,1,9
2021-06-17 09:19:22,B,1061.1,2,6
2021-06-17 09:19:22,B,1061.05,1,3
2021-06-17 09:19:25,S,1064.85,1,7
2021-06-17 09:19:25,S,1064.9,2,7
2021-06-17 09:19:25,S,1064.95,3,16
2021-06-17 09:19:25,S,1065.0,2,26
2021-06-17 09:19:25,S,1065.1,1,5
2021-06-17 09:19:25,B,1062.9,2,7
2021-06-17 09:19:25,B,1062.85,2,15
2021-06-17 09:19:25,B,1062.75,1,7
2021-06-17 09:19:25,B,1062.35,1,3
2021-06-17 09:19:25,B,1062.3,1,5
2021-06-17 09:19:28,S,1064.85,1,7
2021-06-17 09:19:28,S,1064.9,2,7
2021-06-17 09:19:28,S,1064.95,3,16
2021-06-17 09:19:28,S,1065.0,2,26
2021-06-17 09:19:28,S,1065.1,1,5
2021-06-17 09:19:28,B,1062.9,2,7
2021-06-17 09:19:28,B,1062.85,2,15
2021-06-17 09:19:28,B,1062.75,1,7
2021-06-17 09:19:28,B,1062.35,1,3
2021-06-17 09:19:28,B,1062.3,1,5
2021-06-17 09:19:30,S,1064.85,1,6
2021-06-17 09:19:30,S,1064.9,3,20
2021-06-17 09:19:30,S,1064.95,3,16
2021-06-17 09:19:30,S,1065.0,2,26
2021-06-17 09:19:30,S,1065.1,1,5
2021-06-17 09:19:30,B,1062.9,2,7
2021-06-17 09:19:30,B,1062.85,2,15
2021-06-17 09:19:30,B,1062.75,1,7
2021-06-17 09:19:30,B,1062.5,1,1
2021-06-17 09:19:30,B,1062.35,1,3
2021-06-17 09:19:34,S,1064.65,3,21
2021-06-17 09:19:34,S,1064.7,3,16
2021-06-17 09:19:34,S,1064.75,2,10
2021-06-17 09:19:34,S,1064.8,2,6
2021-06-17 09:19:34,S,1065.0,2,26
2021-06-17 09:19:34,B,1062.55,2,8
2021-06-17 09:19:34,B,1062.5,2,8
2021-06-17 09:19:34,B,1062.3,1,5
2021-06-17 09:19:34,B,1062.15,1,3
2021-06-17 09:19:34,B,1062.1,1,9
2021-06-17 09:19:37,S,1064.65,3,21
2021-06-17 09:19:37,S,1064.7,3,16
2021-06-17 09:19:37,S,1064.75,2,10
2021-06-17 09:19:37,S,1064.8,2,6
2021-06-17 09:19:37,S,1065.0,2,26
2021-06-17 09:19:37,B,1062.55,2,8
2021-06-17 09:19:37,B,1062.5,2,8
2021-06-17 09:19:37,B,1062.3,1,5
2021-06-17 09:19:37,B,1062.15,1,3
2021-06-17 09:19:37,B,1062.1,1,9
2021-06-17 09:19:38,S,1064.25,1,13
2021-06-17 09:19:38,S,1064.3,1,13
2021-06-17 09:19:38,S,1064.35,1,7
2021-06-17 09:19:38,S,1064.75,2,2
2021-06-17 09:19:38,S,1064.8,2,6
2021-06-17 09:19:38,B,1062.95,2,7
2021-06-17 09:19:38,B,1062.9,1,7
2021-06-17 09:19:38,B,1062.85,1,6
2021-06-17 09:19:38,B,1062.8,1,6
2021-06-17 09:19:38,B,1062.5,1,1
2021-06-17 09:19:42,S,1064.65,1,10
2021-06-17 09:19:42,S,1064.7,1,13
2021-06-17 09:19:42,S,1064.75,1,13
2021-06-17 09:19:42,S,1064.8,2,6
2021-06-17 09:19:42,S,1064.85,1,10
2021-06-17 09:19:42,B,1062.95,3,17
2021-06-17 09:19:42,B,1062.9,1,7
2021-06-17 09:19:42,B,1062.85,1,6
2021-06-17 09:19:42,B,1062.8,1,6
2021-06-17 09:19:42,B,1062.5,1,1
2021-06-17 09:19:46,S,1064.55,1,13
2021-06-17 09:19:46,S,1064.6,1,13
2021-06-17 09:19:46,S,1064.65,2,14
2021-06-17 09:19:46,S,1064.8,2,6
2021-06-17 09:19:46,S,1064.85,1,10
2021-06-17 09:19:46,B,1062.95,3,17
2021-06-17 09:19:46,B,1062.9,1,7
2021-06-17 09:19:46,B,1062.85,1,6
2021-06-17 09:19:46,B,1062.5,1,1
2021-06-17 09:19:46,B,1062.3,1,5
2021-06-17 09:19:50,S,1064.4,1,13
2021-06-17 09:19:50,S,1064.45,1,9
2021-06-17 09:19:50,S,1064.5,2,26
2021-06-17 09:19:50,S,1064.65,1,1
2021-06-17 09:19:50,S,1064.8,2,6
2021-06-17 09:19:50,B,1062.95,2,7
2021-06-17 09:19:50,B,1062.9,1,7
2021-06-17 09:19:50,B,1062.85,1,6
2021-06-17 09:19:50,B,1062.5,1,1
2021-06-17 09:19:50,B,1062.3,1,5
2021-06-17 09:19:52,S,1064.4,1,13
2021-06-17 09:19:52,S,1064.45,1,9
2021-06-17 09:19:52,S,1064.5,2,26
2021-06-17 09:19:52,S,1064.65,1,1
2021-06-17 09:19:52,S,1064.8,2,6
2021-06-17 09:19:52,B,1062.95,2,7
2021-06-17 09:19:52,B,1062.9,1,7
2021-06-17 09:19:52,B,1062.85,1,6
2021-06-17 09:19:52,B,1062.5,1,1
2021-06-17 09:19:52,B,1062.3,1,5
2021-06-17 09:19:54,S,1064.75,1,12
2021-06-17 09:19:54,S,1064.8,1,5
2021-06-17 09:19:54,S,1064.85,1,13
2021-06-17 09:19:54,S,1064.9,2,14
2021-06-17 09:19:54,S,1065.0,2,26
2021-06-17 09:19:54,B,1064.0,1,7
2021-06-17 09:19:54,B,1062.75,2,2
2021-06-17 09:19:54,B,1062.7,1,9
2021-06-17 09:19:54,B,1062.55,1,3
2021-06-17 09:19:54,B,1062.5,1,1
2021-06-17 09:19:58,S,1064.8,1,5
2021-06-17 09:19:58,S,1064.95,1,13
2021-06-17 09:19:58,S,1065.0,1,25
2021-06-17 09:19:58,S,1065.6,1,10
2021-06-17 09:19:58,S,1066.45,1,1
2021-06-17 09:19:58,B,1064.35,2,8
2021-06-17 09:19:58,B,1064.0,1,7
2021-06-17 09:19:58,B,1062.6,1,1
2021-06-17 09:19:58,B,1062.55,1,3
2021-06-17 09:19:58,B,1062.5,1,1
2021-06-17 09:19:58,S,1064.8,1,5
2021-06-17 09:19:58,S,1064.95,1,13
2021-06-17 09:19:58,S,1065.0,1,25
2021-06-17 09:19:58,S,1065.6,1,10
2021-06-17 09:19:58,S,1066.45,1,1
2021-06-17 09:19:58,B,1064.35,2,8
2021-06-17 09:19:58,B,1064.0,1,7
2021-06-17 09:19:58,B,1062.6,1,1
2021-06-17 09:19:58,B,1062.55,1,3
2021-06-17 09:19:58,B,1062.5,1,1
2021-06-17 09:20:01,S,1064.8,1,5
2021-06-17 09:20:01,S,1064.95,1,13
2021-06-17 09:20:01,S,1065.0,1,25
2021-06-17 09:20:01,S,1065.6,1,10
2021-06-17 09:20:01,S,1066.45,1,1
2021-06-17 09:20:01,B,1064.35,2,8
2021-06-17 09:20:01,B,1064.0,1,7
2021-06-17 09:20:01,B,1062.6,1,1
2021-06-17 09:20:01,B,1062.55,1,3
2021-06-17 09:20:01,B,1062.5,1,1
2021-06-17 09:20:02,S,1066.4,1,10
2021-06-17 09:20:02,S,1066.45,2,2
2021-06-17 09:20:02,S,1066.65,1,1
2021-06-17 09:20:02,S,1066.7,1,8
2021-06-17 09:20:02,S,1066.8,1,7
2021-06-17 09:20:02,B,1064.4,2,9
2021-06-17 09:20:02,B,1064.35,2,8
2021-06-17 09:20:02,B,1064.3,1,6
2021-06-17 09:20:02,B,1064.0,1,7
2021-06-17 09:20:02,B,1063.05,1,3
2021-06-17 09:20:06,S,1066.2,3,11
2021-06-17 09:20:06,S,1066.25,2,10
2021-06-17 09:20:06,S,1066.65,1,1
2021-06-17 09:20:06,S,1066.7,1,8
2021-06-17 09:20:06,S,1066.8,1,7
2021-06-17 09:20:06,B,1064.4,2,7
2021-06-17 09:20:06,B,1064.35,2,9
2021-06-17 09:20:06,B,1064.0,1,7
2021-06-17 09:20:06,B,1063.05,1,3
2021-06-17 09:20:06,B,1063.0,1,3
2021-06-17 09:20:07,S,1066.2,3,11
2021-06-17 09:20:07,S,1066.25,2,10
2021-06-17 09:20:07,S,1066.65,1,1
2021-06-17 09:20:07,S,1066.7,1,8
2021-06-17 09:20:07,S,1066.8,1,7
2021-06-17 09:20:07,B,1064.4,2,7
2021-06-17 09:20:07,B,1064.35,2,9
2021-06-17 09:20:07,B,1064.0,1,7
2021-06-17 09:20:07,B,1063.05,1,3
2021-06-17 09:20:07,B,1063.0,1,3
2021-06-17 09:20:08,S,1066.2,3,11
2021-06-17 09:20:08,S,1066.25,2,10
2021-06-17 09:20:08,S,1066.65,1,1
2021-06-17 09:20:08,S,1066.7,1,8
2021-06-17 09:20:08,S,1066.8,1,7
2021-06-17 09:20:08,B,1064.4,2,7
2021-06-17 09:20:08,B,1064.35,2,9
2021-06-17 09:20:08,B,1064.0,1,7
2021-06-17 09:20:08,B,1063.05,1,3
2021-06-17 09:20:08,B,1063.0,1,3
2021-06-17 09:20:09,S,1066.2,3,11
2021-06-17 09:20:09,S,1066.25,2,10
2021-06-17 09:20:09,S,1066.65,1,1
2021-06-17 09:20:09,S,1066.7,1,8
2021-06-17 09:20:09,S,1066.8,1,7
2021-06-17 09:20:09,B,1064.4,2,7
2021-06-17 09:20:09,B,1064.35,2,9
2021-06-17 09:20:09,B,1064.0,1,7
2021-06-17 09:20:09,B,1063.05,1,3
2021-06-17 09:20:09,B,1063.0,1,3
2021-06-17 09:20:09,S,1066.6,2,8
2021-06-17 09:20:09,S,1066.65,1,1
2021-06-17 09:20:09,S,1066.95,1,13
2021-06-17 09:20:09,S,1067.0,1,50
2021-06-17 09:20:09,S,1067.55,2,17
2021-06-17 09:20:09,B,1065.05,3,18
2021-06-17 09:20:09,B,1065.0,3,8
2021-06-17 09:20:09,B,1064.95,1,8
2021-06-17 09:20:09,B,1064.4,1,3
2021-06-17 09:20:09,B,1064.35,1,1
2021-06-17 09:20:13,S,1066.6,2,8
2021-06-17 09:20:13,S,1066.65,1,1
2021-06-17 09:20:13,S,1066.85,1,7
2021-06-17 09:20:13,S,1066.9,1,7
2021-06-17 09:20:13,S,1066.95,1,13
2021-06-17 09:20:13,B,1065.05,3,18
2021-06-17 09:20:13,B,1065.0,3,8
2021-06-17 09:20:13,B,1064.95,1,8
2021-06-17 09:20:13,B,1064.4,1,3
2021-06-17 09:20:13,B,1064.35,1,1
2021-06-17 09:20:14,S,1066.6,2,8
2021-06-17 09:20:14,S,1066.65,1,1
2021-06-17 09:20:14,S,1066.85,1,7
2021-06-17 09:20:14,S,1066.9,1,7
2021-06-17 09:20:14,S,1066.95,1,13
2021-06-17 09:20:14,B,1065.05,3,18
2021-06-17 09:20:14,B,1065.0,3,8
2021-06-17 09:20:14,B,1064.95,1,8
2021-06-17 09:20:14,B,1064.4,1,3
2021-06-17 09:20:14,B,1064.35,1,1
2021-06-17 09:20:16,S,1066.6,2,8
2021-06-17 09:20:16,S,1066.65,1,1
2021-06-17 09:20:16,S,1066.85,1,7
2021-06-17 09:20:16,S,1066.9,1,7
2021-06-17 09:20:16,S,1066.95,1,13
2021-06-17 09:20:16,B,1065.05,3,18
2021-06-17 09:20:16,B,1065.0,3,8
2021-06-17 09:20:16,B,1064.95,1,8
2021-06-17 09:20:16,B,1064.4,1,3
2021-06-17 09:20:16,B,1064.35,1,1
2021-06-17 09:20:16,S,1066.6,2,8
2021-06-17 09:20:16,S,1066.65,1,1
2021-06-17 09:20:16,S,1066.85,1,7
2021-06-17 09:20:16,S,1066.9,1,7
2021-06-17 09:20:16,S,1066.95,1,13
2021-06-17 09:20:16,B,1065.05,3,18
2021-06-17 09:20:16,B,1065.0,3,8
2021-06-17 09:20:16,B,1064.95,1,8
2021-06-17 09:20:16,B,1064.4,1,3
2021-06-17 09:20:16,B,1064.35,1,1
2021-06-17 09:20:18,S,1067.9,1,1
2021-06-17 09:20:18,S,1067.95,1,11
2021-06-17 09:20:18,S,1068.0,1,50
2021-06-17 09:20:18,S,1069.25,3,20
2021-06-17 09:20:18,S,1069.7,2,6
2021-06-17 09:20:18,B,1067.0,1,10
2021-06-17 09:20:18,B,1066.95,1,6
2021-06-17 09:20:18,B,1066.9,1,9
2021-06-17 09:20:18,B,1066.65,1,1
2021-06-17 09:20:18,B,1066.6,2,42
2021-06-17 09:20:19,S,1067.9,1,1
2021-06-17 09:20:19,S,1067.95,1,11
2021-06-17 09:20:19,S,1068.0,1,50
2021-06-17 09:20:19,S,1069.25,3,20
2021-06-17 09:20:19,S,1069.7,2,6
2021-06-17 09:20:19,B,1067.0,1,10
2021-06-17 09:20:19,B,1066.95,1,6
2021-06-17 09:20:19,B,1066.9,1,9
2021-06-17 09:20:19,B,1066.65,1,1
2021-06-17 09:20:19,B,1066.6,2,42
2021-06-17 09:20:24,S,1067.9,1,1
2021-06-17 09:20:24,S,1067.95,1,11
2021-06-17 09:20:24,S,1068.0,1,50
2021-06-17 09:20:24,S,1069.25,3,20
2021-06-17 09:20:24,S,1069.7,2,6
2021-06-17 09:20:24,B,1067.0,1,10
2021-06-17 09:20:24,B,1066.95,1,6
2021-06-17 09:20:24,B,1066.9,1,9
2021-06-17 09:20:24,B,1066.65,1,1
2021-06-17 09:20:24,B,1066.6,2,42
2021-06-17 09:20:25,S,1071.45,1,7
2021-06-17 09:20:25,S,1071.5,1,5
2021-06-17 09:20:25,S,1071.7,1,2
2021-06-17 09:20:25,S,1071.9,2,6
2021-06-17 09:20:25,S,1071.95,1,5
2021-06-17 09:20:25,B,1069.25,1,1
2021-06-17 09:20:25,B,1069.2,1,12
2021-06-17 09:20:25,B,1069.15,2,33
2021-06-17 09:20:25,B,1069.1,1,7
2021-06-17 09:20:25,B,1068.3,3,7
2021-06-17 09:20:26,S,1071.45,1,7
2021-06-17 09:20:26,S,1071.5,1,5
2021-06-17 09:20:26,S,1071.7,1,2
2021-06-17 09:20:26,S,1071.9,2,6
2021-06-17 09:20:26,S,1071.95,1,5
2021-06-17 09:20:26,B,1069.25,1,1
2021-06-17 09:20:26,B,1069.2,1,12
2021-06-17 09:20:26,B,1069.15,2,33
2021-06-17 09:20:26,B,1069.1,1,7
2021-06-17 09:20:26,B,1068.3,3,7
2021-06-17 09:20:28,S,1071.45,1,7
2021-06-17 09:20:28,S,1071.5,1,5
2021-06-17 09:20:28,S,1071.7,1,2
2021-06-17 09:20:28,S,1071.9,2,6
2021-06-17 09:20:28,S,1071.95,1,5
2021-06-17 09:20:28,B,1069.25,1,1
2021-06-17 09:20:28,B,1069.2,1,12
2021-06-17 09:20:28,B,1069.15,2,33
2021-06-17 09:20:28,B,1069.1,1,7
2021-06-17 09:20:28,B,1068.3,3,7
2021-06-17 09:20:30,S,1072.0,2,11
2021-06-17 09:20:30,S,1072.8,1,4
2021-06-17 09:20:30,S,1073.0,2,2
2021-06-17 09:20:30,S,1073.05,1,4
2021-06-17 09:20:30,S,1073.25,1,2
2021-06-17 09:20:30,B,1070.3,1,1
2021-06-17 09:20:30,B,1070.25,1,10
2021-06-17 09:20:30,B,1070.15,1,10
2021-06-17 09:20:30,B,1069.8,1,6
2021-06-17 09:20:30,B,1069.75,1,7
2021-06-17 09:20:34,S,1072.0,2,11
2021-06-17 09:20:34,S,1072.75,1,1
2021-06-17 09:20:34,S,1072.8,1,4
2021-06-17 09:20:34,S,1073.0,1,1
2021-06-17 09:20:34,S,1073.05,1,4
2021-06-17 09:20:34,B,1070.2,1,1
2021-06-17 09:20:34,B,1070.15,1,11
2021-06-17 09:20:34,B,1070.1,1,7
2021-06-17 09:20:34,B,1069.8,1,6
2021-06-17 09:20:34,B,1069.75,1,7
2021-06-17 09:20:37,S,1072.0,1,10
2021-06-17 09:20:37,S,1072.7,1,10
2021-06-17 09:20:37,S,1072.8,1,4
2021-06-17 09:20:37,S,1073.05,1,4
2021-06-17 09:20:37,S,1073.2,2,2
2021-06-17 09:20:37,B,1070.55,1,1
2021-06-17 09:20:37,B,1070.5,1,9
2021-06-17 09:20:37,B,1070.2,2,26
2021-06-17 09:20:37,B,1070.15,1,10
2021-06-17 09:20:37,B,1070.1,1,7
2021-06-17 09:20:40,S,1072.0,1,10
2021-06-17 09:20:40,S,1072.7,1,10
2021-06-17 09:20:40,S,1072.8,1,4
2021-06-17 09:20:40,S,1073.05,1,4
2021-06-17 09:20:40,S,1073.2,2,2
2021-06-17 09:20:40,B,1070.55,1,1
2021-06-17 09:20:40,B,1070.5,1,9
2021-06-17 09:20:40,B,1070.2,2,26
2021-06-17 09:20:40,B,1070.15,1,10
2021-06-17 09:20:40,B,1070.1,1,7
2021-06-17 09:20:42,S,1072.55,1,9
2021-06-17 09:20:42,S,1072.65,2,3
2021-06-17 09:20:42,S,1072.7,1,6
2021-06-17 09:20:42,S,1072.75,1,2
2021-06-17 09:20:42,S,1072.85,1,3
2021-06-17 09:20:42,B,1070.65,2,14
2021-06-17 09:20:42,B,1070.6,1,20
2021-06-17 09:20:42,B,1070.1,1,7
2021-06-17 09:20:42,B,1069.7,1,7
2021-06-17 09:20:42,B,1069.5,1,7
2021-06-17 09:20:43,S,1072.55,1,9
2021-06-17 09:20:43,S,1072.65,2,3
2021-06-17 09:20:43,S,1072.7,1,6
2021-06-17 09:20:43,S,1072.75,1,2
2021-06-17 09:20:43,S,1072.85,1,3
2021-06-17 09:20:43,B,1070.65,2,14
2021-06-17 09:20:43,B,1070.6,1,20
2021-06-17 09:20:43,B,1070.1,1,7
2021-06-17 09:20:43,B,1069.7,1,7
2021-06-17 09:20:43,B,1069.5,1,7
2021-06-17 09:20:46,S,1072.7,1,2
2021-06-17 09:20:46,S,1073.0,1,50
2021-06-17 09:20:46,S,1073.5,1,10
2021-06-17 09:20:46,S,1074.35,1,9
2021-06-17 09:20:46,S,1074.55,1,10
2021-06-17 09:20:46,B,1072.05,1,1
2021-06-17 09:20:46,B,1072.0,3,153
2021-06-17 09:20:46,B,1071.65,1,10
2021-06-17 09:20:46,B,1070.85,1,13
2021-06-17 09:20:46,B,1070.8,1,13
2021-06-17 09:20:49,S,1072.7,1,2
2021-06-17 09:20:49,S,1073.0,1,50
2021-06-17 09:20:49,S,1073.2,1,10
2021-06-17 09:20:49,S,1073.85,1,4
2021-06-17 09:20:49,S,1074.35,1,9
2021-06-17 09:20:49,B,1072.0,3,34
2021-06-17 09:20:49,B,1071.95,1,8
2021-06-17 09:20:49,B,1071.85,1,25
2021-06-17 09:20:49,B,1070.65,1,13
2021-06-17 09:20:49,B,1070.6,1,20
2021-06-17 09:20:51,S,1072.7,1,2
2021-06-17 09:20:51,S,1073.0,1,50
2021-06-17 09:20:51,S,1073.2,1,10
2021-06-17 09:20:51,S,1073.85,1,4
2021-06-17 09:20:51,S,1074.35,1,9
2021-06-17 09:20:51,B,1072.0,3,34
2021-06-17 09:20:51,B,1071.95,1,8
2021-06-17 09:20:51,B,1071.85,1,25
2021-06-17 09:20:51,B,1070.65,1,13
2021-06-17 09:20:51,B,1070.6,1,20
2021-06-17 09:20:52,S,1072.7,1,2
2021-06-17 09:20:52,S,1073.0,1,50
2021-06-17 09:20:52,S,1073.2,1,10
2021-06-17 09:20:52,S,1073.85,1,4
2021-06-17 09:20:52,S,1074.35,1,9
2021-06-17 09:20:52,B,1072.0,3,34
2021-06-17 09:20:52,B,1071.95,1,8
2021-06-17 09:20:52,B,1071.85,1,25
2021-06-17 09:20:52,B,1070.65,1,13
2021-06-17 09:20:52,B,1070.6,1,20
2021-06-17 09:20:54,S,1071.95,1,1
2021-06-17 09:20:54,S,1072.0,1,1
2021-06-17 09:20:54,S,1072.35,2,15
2021-06-17 09:20:54,S,1072.4,1,1
2021-06-17 09:20:54,S,1072.5,1,1
2021-06-17 09:20:54,B,1070.65,1,1
2021-06-17 09:20:54,B,1070.6,1,20
2021-06-17 09:20:54,B,1069.5,1,1
2021-06-17 09:20:54,B,1069.45,1,1
2021-06-17 09:20:54,B,1069.4,3,5
2021-06-17 09:20:54,S,1071.95,1,1
2021-06-17 09:20:54,S,1072.0,1,1
2021-06-17 09:20:54,S,1072.35,2,15
2021-06-17 09:20:54,S,1072.4,1,1
2021-06-17 09:20:54,S,1072.5,1,1
2021-06-17 09:20:54,B,1070.65,1,1
2021-06-17 09:20:54,B,1070.6,1,20
2021-06-17 09:20:54,B,1069.5,1,1
2021-06-17 09:20:54,B,1069.45,1,1
2021-06-17 09:20:54,B,1069.4,3,5
2021-06-17 09:20:56,S,1071.95,1,1
2021-06-17 09:20:56,S,1072.0,1,1
2021-06-17 09:20:56,S,1072.35,2,15
2021-06-17 09:20:56,S,1072.4,1,1
2021-06-17 09:20:56,S,1072.5,1,1
2021-06-17 09:20:56,B,1070.65,1,1
2021-06-17 09:20:56,B,1070.6,1,20
2021-06-17 09:20:56,B,1069.5,1,1
2021-06-17 09:20:56,B,1069.45,1,1
2021-06-17 09:20:56,B,1069.4,3,5
2021-06-17 09:20:57,S,1071.95,1,1
2021-06-17 09:20:57,S,1072.0,1,1
2021-06-17 09:20:57,S,1072.35,2,15
2021-06-17 09:20:57,S,1072.4,1,1
2021-06-17 09:20:57,S,1072.5,1,1
2021-06-17 09:20:57,B,1070.65,1,1
2021-06-17 09:20:57,B,1070.6,1,20
2021-06-17 09:20:57,B,1069.5,1,1
2021-06-17 09:20:57,B,1069.45,1,1
2021-06-17 09:20:57,B,1069.4,3,5
2021-06-17 09:20:57,S,1072.0,1,1
2021-06-17 09:20:57,S,1072.2,1,3
2021-06-17 09:20:57,S,1072.3,1,1
2021-06-17 09:20:57,S,1072.35,1,1
2021-06-17 09:20:57,S,1072.4,1,1
2021-06-17 09:20:57,B,1069.95,1,1
2021-06-17 09:20:57,B,1069.9,1,11
2021-06-17 09:20:57,B,1069.45,1,2
2021-06-17 09:20:57,B,1069.35,2,8
2021-06-17 09:20:57,B,1069.25,1,13
2021-06-17 09:20:58,S,1072.0,1,1
2021-06-17 09:20:58,S,1072.2,1,3
2021-06-17 09:20:58,S,1072.3,1,1
2021-06-17 09:20:58,S,1072.35,1,1
2021-06-17 09:20:58,S,1072.4,1,1
2021-06-17 09:20:58,B,1069.95,1,1
2021-06-17 09:20:58,B,1069.9,1,11
2021-06-17 09:20:58,B,1069.45,1,2
2021-06-17 09:20:58,B,1069.35,2,8
2021-06-17 09:20:58,B,1069.25,1,13
2021-06-17 09:20:58,S,1072.0,1,1
2021-06-17 09:20:58,S,1072.2,1,3
2021-06-17 09:20:58,S,1072.3,1,1
2021-06-17 09:20:58,S,1072.35,1,1
2021-06-17 09:20:58,S,1072.4,1,1
2021-06-17 09:20:58,B,1069.95,1,1
2021-06-17 09:20:58,B,1069.9,1,11
2021-06-17 09:20:58,B,1069.45,1,2
2021-06-17 09:20:58,B,1069.35,2,8
2021-06-17 09:20:58,B,1069.25,1,13
2021-06-17 09:21:00,S,1072.0,1,1
2021-06-17 09:21:00,S,1072.2,1,3
2021-06-17 09:21:00,S,1072.3,1,1
2021-06-17 09:21:00,S,1072.35,1,1
2021-06-17 09:21:00,S,1072.4,1,1
2021-06-17 09:21:00,B,1069.95,1,1
2021-06-17 09:21:00,B,1069.9,1,11
2021-06-17 09:21:00,B,1069.45,1,2
2021-06-17 09:21:00,B,1069.35,2,8
2021-06-17 09:21:00,B,1069.25,1,13
2021-06-17 09:21:01,S,1072.1,2,9
2021-06-17 09:21:01,S,1072.7,1,9
2021-06-17 09:21:01,S,1072.75,1,7
2021-06-17 09:21:01,S,1072.85,1,3
2021-06-17 09:21:01,S,1072.9,1,7
2021-06-17 09:21:01,B,1070.05,1,1
2021-06-17 09:21:01,B,1070.0,1,10
2021-06-17 09:21:01,B,1069.8,1,5
2021-06-17 09:21:01,B,1069.75,1,7
2021-06-17 09:21:01,B,1069.7,1,7
2021-06-17 09:21:03,S,1072.1,2,9
2021-06-17 09:21:03,S,1072.7,1,9
2021-06-17 09:21:03,S,1072.75,1,7
2021-06-17 09:21:03,S,1072.85,1,3
2021-06-17 09:21:03,S,1072.9,1,7
2021-06-17 09:21:03,B,1070.05,1,1
2021-06-17 09:21:03,B,1070.0,1,10
2021-06-17 09:21:03,B,1069.8,1,5
2021-06-17 09:21:03,B,1069.75,1,7
2021-06-17 09:21:03,B,1069.7,1,7
2021-06-17 09:21:04,S,1072.7,1,9
2021-06-17 09:21:04,S,1072.75,2,8
2021-06-17 09:21:04,S,1072.85,1,3
2021-06-17 09:21:04,S,1072.9,1,7
2021-06-17 09:21:04,S,1072.95,1,7
2021-06-17 09:21:04,B,1070.6,1,1
2021-06-17 09:21:04,B,1070.55,1,10
2021-06-17 09:21:04,B,1070.15,3,3
2021-06-17 09:21:04,B,1070.1,2,3
2021-06-17 09:21:04,B,1070.05,2,8
2021-06-17 09:21:12,S,1073.0,2,51
2021-06-17 09:21:12,S,1073.45,2,17
2021-06-17 09:21:12,S,1073.5,1,8
2021-06-17 09:21:12,S,1073.95,1,13
2021-06-17 09:21:12,S,1074.0,1,300
2021-06-17 09:21:12,B,1072.0,1,25
2021-06-17 09:21:12,B,1071.4,1,1
2021-06-17 09:21:12,B,1071.35,2,11
2021-06-17 09:21:12,B,1070.25,2,2
2021-06-17 09:21:12,B,1070.2,1,2
2021-06-17 09:21:16,S,1073.0,1,50
2021-06-17 09:21:16,S,1073.45,2,17
2021-06-17 09:21:16,S,1074.0,1,300
2021-06-17 09:21:16,S,1074.05,1,1
2021-06-17 09:21:16,S,1074.35,1,9
2021-06-17 09:21:16,B,1072.0,1,25
2021-06-17 09:21:16,B,1071.4,1,1
2021-06-17 09:21:16,B,1071.35,2,11
2021-06-17 09:21:16,B,1070.25,3,3
2021-06-17 09:21:16,B,1070.2,2,9
2021-06-17 09:21:20,S,1073.0,1,50
2021-06-17 09:21:20,S,1073.45,3,18
2021-06-17 09:21:20,S,1073.5,1,9
2021-06-17 09:21:20,S,1074.0,1,300
2021-06-17 09:21:20,S,1074.35,1,9
2021-06-17 09:21:20,B,1072.0,1,25
2021-06-17 09:21:20,B,1071.4,1,1
2021-06-17 09:21:20,B,1071.35,2,11
2021-06-17 09:21:20,B,1070.65,1,7
2021-06-17 09:21:20,B,1070.6,1,7
2021-06-17 09:21:22,S,1073.0,1,50
2021-06-17 09:21:22,S,1073.45,3,18
2021-06-17 09:21:22,S,1073.5,1,9
2021-06-17 09:21:22,S,1074.0,1,300
2021-06-17 09:21:22,S,1074.35,1,9
2021-06-17 09:21:22,B,1072.0,1,25
2021-06-17 09:21:22,B,1071.4,1,1
2021-06-17 09:21:22,B,1071.35,2,11
2021-06-17 09:21:22,B,1070.65,1,7
2021-06-17 09:21:22,B,1070.6,1,7
2021-06-17 09:21:23,S,1073.0,1,50
2021-06-17 09:21:23,S,1073.45,3,18
2021-06-17 09:21:23,S,1073.5,1,9
2021-06-17 09:21:23,S,1074.0,1,300
2021-06-17 09:21:23,S,1074.35,1,9
2021-06-17 09:21:23,B,1072.0,1,25
2021-06-17 09:21:23,B,1071.4,1,1
2021-06-17 09:21:23,B,1071.35,2,11
2021-06-17 09:21:23,B,1070.65,1,7
2021-06-17 09:21:23,B,1070.6,1,7
2021-06-17 09:21:24,S,1073.0,1,50
2021-06-17 09:21:24,S,1073.05,2,8
2021-06-17 09:21:24,S,1073.45,2,9
2021-06-17 09:21:24,S,1073.5,1,9
2021-06-17 09:21:24,S,1073.85,2,2
2021-06-17 09:21:24,B,1070.75,1,1
2021-06-17 09:21:24,B,1070.7,2,8
2021-06-17 09:21:24,B,1070.65,1,7
2021-06-17 09:21:24,B,1070.6,1,7
2021-06-17 09:21:24,B,1070.55,1,7
2021-06-17 09:21:25,S,1073.0,1,50
2021-06-17 09:21:25,S,1073.05,2,8
2021-06-17 09:21:25,S,1073.45,2,9
2021-06-17 09:21:25,S,1073.5,1,9
2021-06-17 09:21:25,S,1073.85,2,2
2021-06-17 09:21:25,B,1070.75,1,1
2021-06-17 09:21:25,B,1070.7,2,8
2021-06-17 09:21:25,B,1070.65,1,7
2021-06-17 09:21:25,B,1070.6,1,7
2021-06-17 09:21:25,B,1070.55,1,7
2021-06-17 09:21:26,S,1073.0,1,50
2021-06-17 09:21:26,S,1073.05,2,8
2021-06-17 09:21:26,S,1073.45,2,9
2021-06-17 09:21:26,S,1073.5,1,9
2021-06-17 09:21:26,S,1073.85,2,2
2021-06-17 09:21:26,B,1070.75,1,1
2021-06-17 09:21:26,B,1070.7,2,8
2021-06-17 09:21:26,B,1070.65,1,7
2021-06-17 09:21:26,B,1070.6,1,7
2021-06-17 09:21:26,B,1070.55,1,7
2021-06-17 09:21:28,S,1070.8,2,2
2021-06-17 09:21:28,S,1070.9,1,8
2021-06-17 09:21:28,S,1070.95,2,11
2021-06-17 09:21:28,S,1071.0,1,40
2021-06-17 09:21:28,S,1071.65,1,4
2021-06-17 09:21:28,B,1069.2,1,1
2021-06-17 09:21:28,B,1069.15,1,25
2021-06-17 09:21:28,B,1068.5,1,10
2021-06-17 09:21:28,B,1068.0,1,4
2021-06-17 09:21:28,B,1067.95,1,1
2021-06-17 09:21:31,S,1070.15,1,1
2021-06-17 09:21:31,S,1070.2,1,8
2021-06-17 09:21:31,S,1070.25,1,1
2021-06-17 09:21:31,S,1070.4,2,6
2021-06-17 09:21:31,S,1070.45,1,1
2021-06-17 09:21:31,B,1067.7,1,1
2021-06-17 09:21:31,B,1067.65,1,9
2021-06-17 09:21:31,B,1067.05,2,9
2021-06-17 09:21:31,B,1066.95,2,17
2021-06-17 09:21:31,B,1066.9,1,13
2021-06-17 09:21:35,S,1070.0,1,1
2021-06-17 09:21:35,S,1070.05,1,1
2021-06-17 09:21:35,S,1070.1,1,6
2021-06-17 09:21:35,S,1070.4,1,3
2021-06-17 09:21:35,S,1070.45,1,7
2021-06-17 09:21:35,B,1067.85,1,1
2021-06-17 09:21:35,B,1067.8,2,26
2021-06-17 09:21:35,B,1067.75,1,4
2021-06-17 09:21:35,B,1067.65,2,10
2021-06-17 09:21:35,B,1067.5,2,9
2021-06-17 09:21:39,S,1070.0,1,1
2021-06-17 09:21:39,S,1070.05,1,1
2021-06-17 09:21:39,S,1070.1,1,6
2021-06-17 09:21:39,S,1070.35,1,7
2021-06-17 09:21:39,S,1070.45,1,7
2021-06-17 09:21:39,B,1068.35,3,9
2021-06-17 09:21:39,B,1068.3,1,11
2021-06-17 09:21:39,B,1068.25,3,19
2021-06-17 09:21:39,B,1068.2,1,26
2021-06-17 09:21:39,B,1067.85,2,20
2021-06-17 09:21:40,S,1070.0,1,1
2021-06-17 09:21:40,S,1070.05,1,1
2021-06-17 09:21:40,S,1070.1,1,6
2021-06-17 09:21:40,S,1070.35,1,7
2021-06-17 09:21:40,S,1070.45,1,7
2021-06-17 09:21:40,B,1068.35,3,9
2021-06-17 09:21:40,B,1068.3,1,11
2021-06-17 09:21:40,B,1068.25,3,19
2021-06-17 09:21:40,B,1068.2,1,26
2021-06-17 09:21:40,B,1067.85,2,20
2021-06-17 09:21:41,S,1070.0,1,1
2021-06-17 09:21:41,S,1070.05,1,1
2021-06-17 09:21:41,S,1070.1,1,6
2021-06-17 09:21:41,S,1070.35,1,7
2021-06-17 09:21:41,S,1070.45,1,7
2021-06-17 09:21:41,B,1068.35,3,9
2021-06-17 09:21:41,B,1068.3,1,11
2021-06-17 09:21:41,B,1068.25,3,19
2021-06-17 09:21:41,B,1068.2,1,26
2021-06-17 09:21:41,B,1067.85,2,20
2021-06-17 09:21:43,S,1070.0,1,1
2021-06-17 09:21:43,S,1070.05,1,1
2021-06-17 09:21:43,S,1070.1,1,6
2021-06-17 09:21:43,S,1070.35,1,7
2021-06-17 09:21:43,S,1070.45,1,7
2021-06-17 09:21:43,B,1068.35,3,9
2021-06-17 09:21:43,B,1068.3,1,11
2021-06-17 09:21:43,B,1068.25,3,19
2021-06-17 09:21:43,B,1068.2,1,26
2021-06-17 09:21:43,B,1067.85,2,20
2021-06-17 09:21:46,S,1070.0,1,1
2021-06-17 09:21:46,S,1070.05,1,1
2021-06-17 09:21:46,S,1070.1,1,6
2021-06-17 09:21:46,S,1070.35,1,7
2021-06-17 09:21:46,S,1070.45,1,7
2021-06-17 09:21:46,B,1068.35,3,9
2021-06-17 09:21:46,B,1068.3,1,11
2021-06-17 09:21:46,B,1068.25,3,19
2021-06-17 09:21:46,B,1068.2,1,26
2021-06-17 09:21:46,B,1067.85,2,20
2021-06-17 09:21:46,S,1070.0,1,1
2021-06-17 09:21:46,S,1070.05,1,1
2021-06-17 09:21:46,S,1070.1,1,6
2021-06-17 09:21:46,S,1070.35,1,7
2021-06-17 09:21:46,S,1070.45,1,7
2021-06-17 09:21:46,B,1068.35,3,9
2021-06-17 09:21:46,B,1068.3,1,11
2021-06-17 09:21:46,B,1068.25,3,19
2021-06-17 09:21:46,B,1068.2,1,26
2021-06-17 09:21:46,B,1067.85,2,20
2021-06-17 09:21:47,S,1071.0,1,40
2021-06-17 09:21:47,S,1071.75,2,6
2021-06-17 09:21:47,S,1071.8,2,11
2021-06-17 09:21:47,S,1072.0,1,50
2021-06-17 09:21:47,S,1072.05,1,4
2021-06-17 09:21:47,B,1069.3,2,2
2021-06-17 09:21:47,B,1069.25,2,6
2021-06-17 09:21:47,B,1069.15,2,6
2021-06-17 09:21:47,B,1068.95,1,11
2021-06-17 09:21:47,B,1068.9,1,7
2021-06-17 09:21:48,S,1071.0,1,40
2021-06-17 09:21:48,S,1071.75,2,6
2021-06-17 09:21:48,S,1071.8,2,11
2021-06-17 09:21:48,S,1072.0,1,50
2021-06-17 09:21:48,S,1072.05,1,4
2021-06-17 09:21:48,B,1069.3,2,2
2021-06-17 09:21:48,B,1069.25,2,6
2021-06-17 09:21:48,B,1069.15,2,6
2021-06-17 09:21:48,B,1068.95,1,11
2021-06-17 09:21:48,B,1068.9,1,7
2021-06-17 09:21:51,S,1070.95,1,7
2021-06-17 09:21:51,S,1071.0,1,40
2021-06-17 09:21:51,S,1071.75,2,6
2021-06-17 09:21:51,S,1071.8,2,11
2021-06-17 09:21:51,S,1072.0,1,50
2021-06-17 09:21:51,B,1069.6,1,1
2021-06-17 09:21:51,B,1069.35,1,1
2021-06-17 09:21:51,B,1069.3,2,12
2021-06-17 09:21:51,B,1069.0,1,1
2021-06-17 09:21:51,B,1068.95,1,6
2021-06-17 09:21:51,S,1070.95,1,7
2021-06-17 09:21:51,S,1071.0,1,40
2021-06-17 09:21:51,S,1071.75,2,6
2021-06-17 09:21:51,S,1071.8,2,11
2021-06-17 09:21:51,S,1072.0,1,50
2021-06-17 09:21:51,B,1069.6,1,1
2021-06-17 09:21:51,B,1069.35,1,1
2021-06-17 09:21:51,B,1069.3,2,12
2021-06-17 09:21:51,B,1069.0,1,1
2021-06-17 09:21:51,B,1068.95,1,6
2021-06-17 09:21:52,S,1070.95,1,7
2021-06-17 09:21:52,S,1071.0,1,40
2021-06-17 09:21:52,S,1071.75,2,6
2021-06-17 09:21:52,S,1071.8,2,11
2021-06-17 09:21:52,S,1072.0,1,50
2021-06-17 09:21:52,B,1069.6,1,1
2021-06-17 09:21:52,B,1069.35,1,1
2021-06-17 09:21:52,B,1069.3,2,12
2021-06-17 09:21:52,B,1069.0,1,1
2021-06-17 09:21:52,B,1068.95,1,6
2021-06-17 09:21:55,S,1060.0,1,441
2021-06-17 09:21:55,S,1061.05,2,41
2021-06-17 09:21:55,S,1061.1,1,16
2021-06-17 09:21:55,S,1061.15,1,4
2021-06-17 09:21:55,S,1061.75,1,4
2021-06-17 09:21:55,B,1059.4,2,88
2021-06-17 09:21:55,B,1059.35,1,6
2021-06-17 09:21:55,B,1058.1,2,2
2021-06-17 09:21:55,B,1058.05,1,13
2021-06-17 09:21:55,B,1058.0,4,137
2021-06-17 09:21:55,S,1060.0,1,441
2021-06-17 09:21:55,S,1061.05,2,41
2021-06-17 09:21:55,S,1061.1,1,16
2021-06-17 09:21:55,S,1061.15,1,4
2021-06-17 09:21:55,S,1061.75,1,4
2021-06-17 09:21:55,B,1059.4,2,88
2021-06-17 09:21:55,B,1059.35,1,6
2021-06-17 09:21:55,B,1058.1,2,2
2021-06-17 09:21:55,B,1058.05,1,13
2021-06-17 09:21:55,B,1058.0,4,137
2021-06-17 09:21:59,S,1060.0,1,395
2021-06-17 09:21:59,S,1060.25,1,28
2021-06-17 09:21:59,S,1060.3,1,4
2021-06-17 09:21:59,S,1061.05,1,13
2021-06-17 09:21:59,S,1061.1,1,16
2021-06-17 09:21:59,B,1059.4,2,88
2021-06-17 09:21:59,B,1059.35,1,6
2021-06-17 09:21:59,B,1058.1,2,2
2021-06-17 09:21:59,B,1058.05,1,13
2021-06-17 09:21:59,B,1058.0,4,137
2021-06-17 09:22:03,S,1060.0,1,390
2021-06-17 09:22:03,S,1060.25,1,28
2021-06-17 09:22:03,S,1060.3,1,4
2021-06-17 09:22:03,S,1061.15,1,4
2021-06-17 09:22:03,S,1061.65,2,26
2021-06-17 09:22:03,B,1059.4,2,88
2021-06-17 09:22:03,B,1059.35,1,6
2021-06-17 09:22:03,B,1058.1,2,2
2021-06-17 09:22:03,B,1058.05,1,13
2021-06-17 09:22:03,B,1058.0,4,137
2021-06-17 09:22:04,S,1060.0,1,390
2021-06-17 09:22:04,S,1060.25,1,28
2021-06-17 09:22:04,S,1060.3,1,4
2021-06-17 09:22:04,S,1061.15,1,4
2021-06-17 09:22:04,S,1061.65,2,26
2021-06-17 09:22:04,B,1059.4,2,88
2021-06-17 09:22:04,B,1059.35,1,6
2021-06-17 09:22:04,B,1058.1,2,2
2021-06-17 09:22:04,B,1058.05,1,13
2021-06-17 09:22:04,B,1058.0,4,137
2021-06-17 09:22:05,S,1060.0,1,390
2021-06-17 09:22:05,S,1060.25,1,28
2021-06-17 09:22:05,S,1060.3,1,4
2021-06-17 09:22:05,S,1061.15,1,4
2021-06-17 09:22:05,S,1061.65,2,26
2021-06-17 09:22:05,B,1059.4,2,88
2021-06-17 09:22:05,B,1059.35,1,6
2021-06-17 09:22:05,B,1058.1,2,2
2021-06-17 09:22:05,B,1058.05,1,13
2021-06-17 09:22:05,B,1058.0,4,137
2021-06-17 09:22:07,S,1060.0,1,390
2021-06-17 09:22:07,S,1060.25,1,28
2021-06-17 09:22:07,S,1060.3,1,4
2021-06-17 09:22:07,S,1061.15,1,4
2021-06-17 09:22:07,S,1061.65,2,26
2021-06-17 09:22:07,B,1059.4,2,88
2021-06-17 09:22:07,B,1059.35,1,6
2021-06-17 09:22:07,B,1058.1,2,2
2021-06-17 09:22:07,B,1058.05,1,13
2021-06-17 09:22:07,B,1058.0,4,137
2021-06-17 09:22:07,S,1060.0,1,390
2021-06-17 09:22:07,S,1060.25,1,28
2021-06-17 09:22:07,S,1060.3,1,4
2021-06-17 09:22:07,S,1061.15,1,4
2021-06-17 09:22:07,S,1061.65,2,26
2021-06-17 09:22:07,B,1059.4,2,88
2021-06-17 09:22:07,B,1059.35,1,6
2021-06-17 09:22:07,B,1058.1,2,2
2021-06-17 09:22:07,B,1058.05,1,13
2021-06-17 09:22:07,B,1058.0,4,137
2021-06-17 09:22:10,S,1059.95,1,16
2021-06-17 09:22:10,S,1060.0,1,441
2021-06-17 09:22:10,S,1060.65,5,5
2021-06-17 09:22:10,S,1060.7,2,10
2021-06-17 09:22:10,S,1060.75,1,13
2021-06-17 09:22:10,B,1059.35,1,6
2021-06-17 09:22:10,B,1059.3,1,6
2021-06-17 09:22:10,B,1058.1,3,9
2021-06-17 09:22:10,B,1058.0,4,137
2021-06-17 09:22:10,B,1057.95,1,1
2021-06-17 09:22:12,S,1059.95,1,16
2021-06-17 09:22:12,S,1060.0,1,441
2021-06-17 09:22:12,S,1060.65,5,5
2021-06-17 09:22:12,S,1060.7,2,10
2021-06-17 09:22:12,S,1060.75,1,13
2021-06-17 09:22:12,B,1059.35,1,6
2021-06-17 09:22:12,B,1059.3,1,6
2021-06-17 09:22:12,B,1058.1,3,9
2021-06-17 09:22:12,B,1058.0,4,137
2021-06-17 09:22:12,B,1057.95,1,1
2021-06-17 09:22:14,S,1059.95,1,10
2021-06-17 09:22:14,S,1060.0,1,441
2021-06-17 09:22:14,S,1060.65,5,5
2021-06-17 09:22:14,S,1060.7,2,10
2021-06-17 09:22:14,S,1060.75,1,13
2021-06-17 09:22:14,B,1059.35,1,6
2021-06-17 09:22:14,B,1059.3,1,6
2021-06-17 09:22:14,B,1058.2,2,8
2021-06-17 09:22:14,B,1058.15,1,7
2021-06-17 09:22:14,B,1058.1,2,8
2021-06-17 09:22:16,S,1059.95,1,10
2021-06-17 09:22:16,S,1060.0,1,441
2021-06-17 09:22:16,S,1060.65,5,5
2021-06-17 09:22:16,S,1060.7,2,10
2021-06-17 09:22:16,S,1060.75,1,13
2021-06-17 09:22:16,B,1059.35,1,6
2021-06-17 09:22:16,B,1059.3,1,6
2021-06-17 09:22:16,B,1058.2,2,8
2021-06-17 09:22:16,B,1058.15,1,7
2021-06-17 09:22:16,B,1058.1,2,8
2021-06-17 09:22:18,S,1060.0,1,440
2021-06-17 09:22:18,S,1060.6,2,11
2021-06-17 09:22:18,S,1060.65,5,5
2021-06-17 09:22:18,S,1060.7,1,1
2021-06-17 09:22:18,S,1060.75,1,13
2021-06-17 09:22:18,B,1059.4,1,10
2021-06-17 09:22:18,B,1059.35,1,6
2021-06-17 09:22:18,B,1059.3,1,6
2021-06-17 09:22:18,B,1058.2,2,8
2021-06-17 09:22:18,B,1058.15,1,7
2021-06-17 09:22:20,S,1060.0,1,440
2021-06-17 09:22:20,S,1060.6,2,11
2021-06-17 09:22:20,S,1060.65,5,5
2021-06-17 09:22:20,S,1060.7,1,1
2021-06-17 09:22:20,S,1060.75,1,13
2021-06-17 09:22:20,B,1059.4,1,10
2021-06-17 09:22:20,B,1059.35,1,6
2021-06-17 09:22:20,B,1059.3,1,6
2021-06-17 09:22:20,B,1058.2,2,8
2021-06-17 09:22:20,B,1058.15,1,7
2021-06-17 09:22:22,S,1062.45,1,13
2021-06-17 09:22:22,S,1062.5,1,28
2021-06-17 09:22:22,S,1062.55,3,3
2021-06-17 09:22:22,S,1062.75,1,5
2021-06-17 09:22:22,S,1063.05,1,5
2021-06-17 09:22:22,B,1060.6,2,2
2021-06-17 09:22:22,B,1060.55,1,7
2021-06-17 09:22:22,B,1060.45,1,3
2021-06-17 09:22:22,B,1060.0,2,2
2021-06-17 09:22:22,B,1059.8,1,1
2021-06-17 09:22:25,S,1062.55,3,3
2021-06-17 09:22:25,S,1062.75,1,5
2021-06-17 09:22:25,S,1063.0,1,1
2021-06-17 09:22:25,S,1063.05,1,2
2021-06-17 09:22:25,S,1063.1,3,22
2021-06-17 09:22:25,B,1060.6,2,2
2021-06-17 09:22:25,B,1060.55,1,7
2021-06-17 09:22:25,B,1060.45,1,3
2021-06-17 09:22:25,B,1060.05,1,4
2021-06-17 09:22:25,B,1060.0,2,2
2021-06-17 09:22:28,S,1062.55,3,3
2021-06-17 09:22:28,S,1062.75,1,5
2021-06-17 09:22:28,S,1063.0,1,1
2021-06-17 09:22:28,S,1063.05,1,2
2021-06-17 09:22:28,S,1063.1,3,22
2021-06-17 09:22:28,B,1060.6,2,2
2021-06-17 09:22:28,B,1060.55,1,7
2021-06-17 09:22:28,B,1060.45,1,3
2021-06-17 09:22:28,B,1060.05,1,4
2021-06-17 09:22:28,B,1060.0,2,2
2021-06-17 09:22:30,S,1063.0,3,6
2021-06-17 09:22:30,S,1063.05,2,3
2021-06-17 09:22:30,S,1063.1,2,9
2021-06-17 09:22:30,S,1063.15,1,7
2021-06-17 09:22:30,S,1063.6,1,7
2021-06-17 09:22:30,B,1061.25,1,4
2021-06-17 09:22:30,B,1060.95,1,1
2021-06-17 09:22:30,B,1060.9,1,5
2021-06-17 09:22:30,B,1060.55,1,1
2021-06-17 09:22:30,B,1060.0,5,7
2021-06-17 09:22:33,S,1063.0,3,6
2021-06-17 09:22:33,S,1063.05,2,3
2021-06-17 09:22:33,S,1063.1,2,9
2021-06-17 09:22:33,S,1063.15,1,7
2021-06-17 09:22:33,S,1063.6,1,7
2021-06-17 09:22:33,B,1061.25,1,4
2021-06-17 09:22:33,B,1060.95,1,1
2021-06-17 09:22:33,B,1060.9,1,5
2021-06-17 09:22:33,B,1060.55,1,1
2021-06-17 09:22:33,B,1060.0,5,7
2021-06-17 09:22:34,S,1063.0,1,1
2021-06-17 09:22:34,S,1063.05,1,4
2021-06-17 09:22:34,S,1063.5,2,16
2021-06-17 09:22:34,S,1063.55,1,28
2021-06-17 09:22:34,S,1063.6,1,7
2021-06-17 09:22:34,B,1061.15,2,2
2021-06-17 09:22:34,B,1061.1,1,6
2021-06-17 09:22:34,B,1061.0,1,6
2021-06-17 09:22:34,B,1060.95,1,4
2021-06-17 09:22:34,B,1060.9,1,5
2021-06-17 09:22:37,S,1063.0,1,1
2021-06-17 09:22:37,S,1063.05,1,4
2021-06-17 09:22:37,S,1063.5,2,16
2021-06-17 09:22:37,S,1063.55,1,28
2021-06-17 09:22:37,S,1063.6,1,7
2021-06-17 09:22:37,B,1061.15,2,2
2021-06-17 09:22:37,B,1061.1,1,6
2021-06-17 09:22:37,B,1061.0,1,6
2021-06-17 09:22:37,B,1060.95,1,4
2021-06-17 09:22:37,B,1060.9,1,5
2021-06-17 09:22:41,S,1063.0,1,1
2021-06-17 09:22:41,S,1063.05,1,4
2021-06-17 09:22:41,S,1063.4,1,5
2021-06-17 09:22:41,S,1063.45,1,3
2021-06-17 09:22:41,S,1063.5,2,16
2021-06-17 09:22:41,B,1061.15,2,2
2021-06-17 09:22:41,B,1061.1,1,6
2021-06-17 09:22:41,B,1061.0,1,6
2021-06-17 09:22:41,B,1060.95,1,4
2021-06-17 09:22:41,B,1060.9,1,5
2021-06-17 09:22:42,S,1063.0,1,1
2021-06-17 09:22:42,S,1063.05,1,4
2021-06-17 09:22:42,S,1063.4,1,5
2021-06-17 09:22:42,S,1063.45,1,3
2021-06-17 09:22:42,S,1063.5,2,16
2021-06-17 09:22:42,B,1061.15,2,2
2021-06-17 09:22:42,B,1061.1,1,6
2021-06-17 09:22:42,B,1061.0,1,6
2021-06-17 09:22:42,B,1060.95,1,4
2021-06-17 09:22:42,B,1060.9,1,5
2021-06-17 09:22:42,S,1063.0,1,1
2021-06-17 09:22:42,S,1063.05,1,4
2021-06-17 09:22:42,S,1063.4,1,5
2021-06-17 09:22:42,S,1063.45,1,3
2021-06-17 09:22:42,S,1063.5,2,16
2021-06-17 09:22:42,B,1061.15,2,2
2021-06-17 09:22:42,B,1061.1,1,6
2021-06-17 09:22:42,B,1061.0,1,6
2021-06-17 09:22:42,B,1060.95,1,4
2021-06-17 09:22:42,B,1060.9,1,5
2021-06-17 09:22:45,S,1063.4,1,1
2021-06-17 09:22:45,S,1063.45,2,19
2021-06-17 09:22:45,S,1063.5,1,3
2021-06-17 09:22:45,S,1063.6,1,7
2021-06-17 09:22:45,S,1063.9,1,5
2021-06-17 09:22:45,B,1061.0,3,16
2021-06-17 09:22:45,B,1060.95,2,12
2021-06-17 09:22:45,B,1060.6,1,1
2021-06-17 09:22:45,B,1060.55,1,4
2021-06-17 09:22:45,B,1060.15,2,4
2021-06-17 09:22:46,S,1063.4,1,1
2021-06-17 09:22:46,S,1063.45,2,19
2021-06-17 09:22:46,S,1063.5,1,3
2021-06-17 09:22:46,S,1063.6,1,7
2021-06-17 09:22:46,S,1063.9,1,5
2021-06-17 09:22:46,B,1061.0,3,16
2021-06-17 09:22:46,B,1060.95,2,12
2021-06-17 09:22:46,B,1060.6,1,1
2021-06-17 09:22:46,B,1060.55,1,4
2021-06-17 09:22:46,B,1060.15,2,4
2021-06-17 09:22:46,S,1063.4,1,1
2021-06-17 09:22:46,S,1063.45,2,19
2021-06-17 09:22:46,S,1063.5,1,3
2021-06-17 09:22:46,S,1063.6,1,7
2021-06-17 09:22:46,S,1063.9,1,5
2021-06-17 09:22:46,B,1061.0,3,16
2021-06-17 09:22:46,B,1060.95,2,12
2021-06-17 09:22:46,B,1060.6,1,1
2021-06-17 09:22:46,B,1060.55,1,4
2021-06-17 09:22:46,B,1060.15,2,4
2021-06-17 09:22:48,S,1063.4,1,1
2021-06-17 09:22:48,S,1063.45,2,19
2021-06-17 09:22:48,S,1063.5,1,3
2021-06-17 09:22:48,S,1063.6,1,7
2021-06-17 09:22:48,S,1063.9,1,5
2021-06-17 09:22:48,B,1061.0,3,16
2021-06-17 09:22:48,B,1060.95,2,12
2021-06-17 09:22:48,B,1060.6,1,1
2021-06-17 09:22:48,B,1060.55,1,4
2021-06-17 09:22:48,B,1060.15,2,4
2021-06-17 09:22:49,S,1060.0,2,53
2021-06-17 09:22:49,S,1061.35,1,1
2021-06-17 09:22:49,S,1061.4,1,12
2021-06-17 09:22:49,S,1061.65,1,1
2021-06-17 09:22:49,S,1061.75,1,1
2021-06-17 09:22:49,B,1059.4,2,11
2021-06-17 09:22:49,B,1058.85,1,1
2021-06-17 09:22:49,B,1058.8,1,13
2021-06-17 09:22:49,B,1058.5,1,84
2021-06-17 09:22:49,B,1058.3,1,9
2021-06-17 09:22:50,S,1060.0,2,53
2021-06-17 09:22:50,S,1061.35,1,1
2021-06-17 09:22:50,S,1061.4,1,12
2021-06-17 09:22:50,S,1061.65,1,1
2021-06-17 09:22:50,S,1061.75,1,1
2021-06-17 09:22:50,B,1059.4,2,11
2021-06-17 09:22:50,B,1058.85,1,1
2021-06-17 09:22:50,B,1058.8,1,13
2021-06-17 09:22:50,B,1058.5,1,84
2021-06-17 09:22:50,B,1058.3,1,9
2021-06-17 09:22:51,S,1060.0,2,53
2021-06-17 09:22:51,S,1061.35,1,1
2021-06-17 09:22:51,S,1061.4,1,12
2021-06-17 09:22:51,S,1061.65,1,1
2021-06-17 09:22:51,S,1061.75,1,1
2021-06-17 09:22:51,B,1059.4,2,11
2021-06-17 09:22:51,B,1058.85,1,1
2021-06-17 09:22:51,B,1058.8,1,13
2021-06-17 09:22:51,B,1058.5,1,84
2021-06-17 09:22:51,B,1058.3,1,9
2021-06-17 09:22:52,S,1060.0,2,53
2021-06-17 09:22:52,S,1060.85,1,1
2021-06-17 09:22:52,S,1060.9,1,4
2021-06-17 09:22:52,S,1061.4,3,27
2021-06-17 09:22:52,S,1061.45,2,25
2021-06-17 09:22:52,B,1059.4,2,11
2021-06-17 09:22:52,B,1058.95,1,1
2021-06-17 09:22:52,B,1058.9,1,21
2021-06-17 09:22:52,B,1058.6,1,4
2021-06-17 09:22:52,B,1058.55,1,7
2021-06-17 09:22:56,S,1060.0,2,53
2021-06-17 09:22:56,S,1060.85,1,1
2021-06-17 09:22:56,S,1060.9,1,4
2021-06-17 09:22:56,S,1061.4,3,27
2021-06-17 09:22:56,S,1061.45,2,25
2021-06-17 09:22:56,B,1059.4,2,11
2021-06-17 09:22:56,B,1058.95,1,1
2021-06-17 09:22:56,B,1058.9,1,21
2021-06-17 09:22:56,B,1058.6,1,4
2021-06-17 09:22:56,B,1058.55,1,7
2021-06-17 09:23:00,S,1059.95,1,20
2021-06-17 09:23:00,S,1060.0,2,53
2021-06-17 09:23:00,S,1060.85,1,1
2021-06-17 09:23:00,S,1060.9,1,4
2021-06-17 09:23:00,S,1061.4,2,14
2021-06-17 09:23:00,B,1059.4,2,10
2021-06-17 09:23:00,B,1058.65,1,1
2021-06-17 09:23:00,B,1058.6,1,4
2021-06-17 09:23:00,B,1058.55,1,7
2021-06-17 09:23:00,B,1058.5,1,84
2021-06-17 09:23:02,S,1059.95,1,20
2021-06-17 09:23:02,S,1060.0,2,53
2021-06-17 09:23:02,S,1060.85,1,1
2021-06-17 09:23:02,S,1060.9,1,4
2021-06-17 09:23:02,S,1061.4,2,14
2021-06-17 09:23:02,B,1059.4,2,10
2021-06-17 09:23:02,B,1058.65,1,1
2021-06-17 09:23:02,B,1058.6,1,4
2021-06-17 09:23:02,B,1058.55,1,7
2021-06-17 09:23:02,B,1058.5,1,84
2021-06-17 09:23:04,S,1059.95,1,20
2021-06-17 09:23:04,S,1060.0,2,53
2021-06-17 09:23:04,S,1060.85,2,4
2021-06-17 09:23:04,S,1060.9,1,4
2021-06-17 09:23:04,S,1061.45,2,25
2021-06-17 09:23:04,B,1059.0,2,9
2021-06-17 09:23:04,B,1058.65,1,1
2021-06-17 09:23:04,B,1058.6,1,4
2021-06-17 09:23:04,B,1058.55,1,7
2021-06-17 09:23:04,B,1058.5,1,84
2021-06-17 09:23:08,S,1059.6,1,1
2021-06-17 09:23:08,S,1059.65,4,7
2021-06-17 09:23:08,S,1059.7,3,31
2021-06-17 09:23:08,S,1059.75,1,1
2021-06-17 09:23:08,S,1059.8,1,3
2021-06-17 09:23:08,B,1058.05,1,1
2021-06-17 09:23:08,B,1058.0,2,57
2021-06-17 09:23:08,B,1057.2,1,5
2021-06-17 09:23:08,B,1056.9,1,4
2021-06-17 09:23:08,B,1056.85,1,2
2021-06-17 09:23:12,S,1059.3,1,10
2021-06-17 09:23:12,S,1059.5,1,1
2021-06-17 09:23:12,S,1059.55,1,3
2021-06-17 09:23:12,S,1059.6,1,4
2021-06-17 09:23:12,S,1059.65,4,7
2021-06-17 09:23:12,B,1058.05,1,1
2021-06-17 09:23:12,B,1058.0,3,58
2021-06-17 09:23:12,B,1057.2,1,5
2021-06-17 09:23:12,B,1056.8,1,2
2021-06-17 09:23:12,B,1056.7,1,1
2021-06-17 09:23:15,S,1059.5,2,8
2021-06-17 09:23:15,S,1059.55,1,3
2021-06-17 09:23:15,S,1059.6,1,4
2021-06-17 09:23:15,S,1059.65,3,6
2021-06-17 09:23:15,S,1059.7,3,31
2021-06-17 09:23:15,B,1058.05,1,1
2021-06-17 09:23:15,B,1058.0,2,57
2021-06-17 09:23:15,B,1057.2,1,5
2021-06-17 09:23:15,B,1056.85,2,9
2021-06-17 09:23:15,B,1056.8,1,2
2021-06-17 09:23:19,S,1059.4,1,1
2021-06-17 09:23:19,S,1059.45,1,1
2021-06-17 09:23:19,S,1059.5,2,8
2021-06-17 09:23:19,S,1059.6,1,4
2021-06-17 09:23:19,S,1059.65,3,6
2021-06-17 09:23:19,B,1058.15,1,1
2021-06-17 09:23:19,B,1058.1,1,100
2021-06-17 09:23:19,B,1058.0,2,57
2021-06-17 09:23:19,B,1057.3,1,1
2021-06-17 09:23:19,B,1057.2,1,5
2021-06-17 09:23:22,S,1059.45,1,1
2021-06-17 09:23:22,S,1059.5,1,7
2021-06-17 09:23:22,S,1059.6,1,4
2021-06-17 09:23:22,S,1059.65,3,6
2021-06-17 09:23:22,S,1059.7,3,31
2021-06-17 09:23:22,B,1058.4,1,1
2021-06-17 09:23:22,B,1058.35,1,9
2021-06-17 09:23:22,B,1058.1,2,101
2021-06-17 09:23:22,B,1058.0,2,57
2021-06-17 09:23:22,B,1057.3,1,1
2021-06-17 09:23:27,S,1059.45,1,1
2021-06-17 09:23:27,S,1059.5,1,7
2021-06-17 09:23:27,S,1059.6,1,4
2021-06-17 09:23:27,S,1059.65,3,6
2021-06-17 09:23:27,S,1059.7,3,31
2021-06-17 09:23:27,B,1058.4,1,1
2021-06-17 09:23:27,B,1058.35,1,9
2021-06-17 09:23:27,B,1058.1,2,101
2021-06-17 09:23:27,B,1058.0,3,59
2021-06-17 09:23:27,B,1057.3,1,1
2021-06-17 09:23:33,S,1059.45,1,1
2021-06-17 09:23:33,S,1059.5,1,7
2021-06-17 09:23:33,S,1059.6,1,4
2021-06-17 09:23:33,S,1059.65,3,6
2021-06-17 09:23:33,S,1059.7,3,31
2021-06-17 09:23:33,B,1058.4,1,1
2021-06-17 09:23:33,B,1058.35,1,9
2021-06-17 09:23:33,B,1058.1,2,101
2021-06-17 09:23:33,B,1058.0,3,59
2021-06-17 09:23:33,B,1057.3,1,1
2021-06-17 09:23:34,S,1059.0,1,1
2021-06-17 09:23:34,S,1059.05,1,3
2021-06-17 09:23:34,S,1059.95,1,1
2021-06-17 09:23:34,S,1060.0,2,14
2021-06-17 09:23:34,S,1060.35,1,4
2021-06-17 09:23:34,B,1058.45,1,1
2021-06-17 09:23:34,B,1058.4,2,6
2021-06-17 09:23:34,B,1058.15,2,14
2021-06-17 09:23:34,B,1058.1,3,105
2021-06-17 09:23:34,B,1058.0,3,59
2021-06-17 09:23:34,S,1059.0,1,1
2021-06-17 09:23:34,S,1059.05,1,3
2021-06-17 09:23:34,S,1059.95,1,1
2021-06-17 09:23:34,S,1060.0,2,14
2021-06-17 09:23:34,S,1060.35,1,4
2021-06-17 09:23:34,B,1058.45,1,1
2021-06-17 09:23:34,B,1058.4,2,6
2021-06-17 09:23:34,B,1058.15,2,14
2021-06-17 09:23:34,B,1058.1,3,105
2021-06-17 09:23:34,B,1058.0,3,59
2021-06-17 09:23:37,S,1059.0,1,1
2021-06-17 09:23:37,S,1059.05,1,3
2021-06-17 09:23:37,S,1059.95,1,1
2021-06-17 09:23:37,S,1060.0,2,14
2021-06-17 09:23:37,S,1060.35,1,4
2021-06-17 09:23:37,B,1058.45,1,1
2021-06-17 09:23:37,B,1058.4,2,6
2021-06-17 09:23:37,B,1058.15,2,14
2021-06-17 09:23:37,B,1058.1,3,105
2021-06-17 09:23:37,B,1058.0,3,59
2021-06-17 09:23:38,S,1060.0,2,14
2021-06-17 09:23:38,S,1060.35,1,4
2021-06-17 09:23:38,S,1060.8,1,1
2021-06-17 09:23:38,S,1060.85,1,4
2021-06-17 09:23:38,S,1061.3,2,8
2021-06-17 09:23:38,B,1059.45,2,14
2021-06-17 09:23:38,B,1059.4,1,96
2021-06-17 09:23:38,B,1058.55,2,2
2021-06-17 09:23:38,B,1058.5,2,6
2021-06-17 09:23:38,B,1058.1,2,5
2021-06-17 09:23:40,S,1060.0,2,14
2021-06-17 09:23:40,S,1060.35,1,4
2021-06-17 09:23:40,S,1060.8,1,1
2021-06-17 09:23:40,S,1060.85,1,4
2021-06-17 09:23:40,S,1061.3,2,8
2021-06-17 09:23:40,B,1059.45,2,14
2021-06-17 09:23:40,B,1059.4,1,96
2021-06-17 09:23:40,B,1058.55,2,2
2021-06-17 09:23:40,B,1058.5,2,6
2021-06-17 09:23:40,B,1058.1,2,5
2021-06-17 09:23:42,S,1060.0,2,10
2021-06-17 09:23:42,S,1060.8,1,1
2021-06-17 09:23:42,S,1060.85,1,4
2021-06-17 09:23:42,S,1061.25,1,7
2021-06-17 09:23:42,S,1061.3,2,8
2021-06-17 09:23:42,B,1059.45,2,14
2021-06-17 09:23:42,B,1059.4,1,96
2021-06-17 09:23:42,B,1058.55,2,2
2021-06-17 09:23:42,B,1058.5,2,6
2021-06-17 09:23:42,B,1058.1,2,5
2021-06-17 09:23:44,S,1060.0,2,10
2021-06-17 09:23:44,S,1060.8,1,1
2021-06-17 09:23:44,S,1060.85,1,4
2021-06-17 09:23:44,S,1061.25,1,7
2021-06-17 09:23:44,S,1061.3,2,8
2021-06-17 09:23:44,B,1059.45,2,14
2021-06-17 09:23:44,B,1059.4,1,96
2021-06-17 09:23:44,B,1058.55,2,2
2021-06-17 09:23:44,B,1058.5,2,6
2021-06-17 09:23:44,B,1058.1,2,5
2021-06-17 09:23:46,S,1062.8,2,3
2021-06-17 09:23:46,S,1062.85,1,6
2021-06-17 09:23:46,S,1063.35,1,3
2021-06-17 09:23:46,S,1063.4,2,9
2021-06-17 09:23:46,S,1063.45,1,5
2021-06-17 09:23:46,B,1060.35,1,1
2021-06-17 09:23:46,B,1060.3,1,8
2021-06-17 09:23:46,B,1060.05,3,10
2021-06-17 09:23:46,B,1060.0,2,21
2021-06-17 09:23:46,B,1059.85,1,2
2021-06-17 09:23:49,S,1062.8,2,3
2021-06-17 09:23:49,S,1062.85,1,6
2021-06-17 09:23:49,S,1063.35,1,3
2021-06-17 09:23:49,S,1063.4,2,9
2021-06-17 09:23:49,S,1063.45,1,5
2021-06-17 09:23:49,B,1060.35,1,1
2021-06-17 09:23:49,B,1060.3,1,8
2021-06-17 09:23:49,B,1060.05,3,10
2021-06-17 09:23:49,B,1060.0,2,21
2021-06-17 09:23:49,B,1059.85,1,2
2021-06-17 09:23:49,S,1062.85,2,2
2021-06-17 09:23:49,S,1063.0,3,4
2021-06-17 09:23:49,S,1063.05,1,6
2021-06-17 09:23:49,S,1063.1,1,6
2021-06-17 09:23:49,S,1063.15,2,7
2021-06-17 09:23:49,B,1060.75,1,1
2021-06-17 09:23:49,B,1060.7,1,6
2021-06-17 09:23:49,B,1060.65,1,1
2021-06-17 09:23:49,B,1060.45,1,7
2021-06-17 09:23:49,B,1060.4,1,7
2021-06-17 09:23:53,S,1062.85,2,2
2021-06-17 09:23:53,S,1062.95,2,8
2021-06-17 09:23:53,S,1063.0,3,4
2021-06-17 09:23:53,S,1063.05,1,6
2021-06-17 09:23:53,S,1063.1,1,6
2021-06-17 09:23:53,B,1060.75,1,1
2021-06-17 09:23:53,B,1060.7,1,6
2021-06-17 09:23:53,B,1060.65,1,1
2021-06-17 09:23:53,B,1060.45,1,7
2021-06-17 09:23:53,B,1060.4,1,7
2021-06-17 09:23:54,S,1062.85,2,2
2021-06-17 09:23:54,S,1062.95,2,8
2021-06-17 09:23:54,S,1063.0,3,4
2021-06-17 09:23:54,S,1063.05,1,6
2021-06-17 09:23:54,S,1063.1,1,6
2021-06-17 09:23:54,B,1060.75,1,1
2021-06-17 09:23:54,B,1060.7,1,6
2021-06-17 09:23:54,B,1060.65,1,1
2021-06-17 09:23:54,B,1060.45,1,7
2021-06-17 09:23:54,B,1060.4,1,7
2021-06-17 09:23:57,S,1062.85,5,25
2021-06-17 09:23:57,S,1062.9,2,4
2021-06-17 09:23:57,S,1062.95,2,8
2021-06-17 09:23:57,S,1063.0,3,4
2021-06-17 09:23:57,S,1063.05,1,6
2021-06-17 09:23:57,B,1060.6,1,1
2021-06-17 09:23:57,B,1060.55,1,6
2021-06-17 09:23:57,B,1060.5,1,1
2021-06-17 09:23:57,B,1060.45,1,7
2021-06-17 09:23:57,B,1060.4,1,7
2021-06-17 09:24:00,S,1062.6,2,11
2021-06-17 09:24:00,S,1062.85,3,6
2021-06-17 09:24:00,S,1062.9,3,9
2021-06-17 09:24:00,S,1062.95,2,8
2021-06-17 09:24:00,S,1063.0,3,4
2021-06-17 09:24:00,B,1060.6,1,1
2021-06-17 09:24:00,B,1060.55,1,6
2021-06-17 09:24:00,B,1060.5,1,1
2021-06-17 09:24:00,B,1060.45,1,7
2021-06-17 09:24:00,B,1060.4,1,7
2021-06-17 09:24:01,S,1062.6,2,11
2021-06-17 09:24:01,S,1062.85,3,6
2021-06-17 09:24:01,S,1062.9,3,9
2021-06-17 09:24:01,S,1062.95,2,8
2021-06-17 09:24:01,S,1063.0,3,4
2021-06-17 09:24:01,B,1060.6,1,1
2021-06-17 09:24:01,B,1060.55,1,6
2021-06-17 09:24:01,B,1060.5,1,1
2021-06-17 09:24:01,B,1060.45,1,7
2021-06-17 09:24:01,B,1060.4,1,7
2021-06-17 09:24:02,S,1062.6,2,11
2021-06-17 09:24:02,S,1062.85,3,6
2021-06-17 09:24:02,S,1062.9,3,9
2021-06-17 09:24:02,S,1062.95,2,8
2021-06-17 09:24:02,S,1063.0,3,4
2021-06-17 09:24:02,B,1060.6,1,1
2021-06-17 09:24:02,B,1060.55,1,6
2021-06-17 09:24:02,B,1060.5,1,1
2021-06-17 09:24:02,B,1060.45,1,7
2021-06-17 09:24:02,B,1060.4,1,7
2021-06-17 09:24:03,S,1062.6,2,11
2021-06-17 09:24:03,S,1062.85,3,6
2021-06-17 09:24:03,S,1062.9,3,9
2021-06-17 09:24:03,S,1062.95,2,8
2021-06-17 09:24:03,S,1063.0,3,4
2021-06-17 09:24:03,B,1060.6,1,1
2021-06-17 09:24:03,B,1060.55,1,6
2021-06-17 09:24:03,B,1060.5,1,1
2021-06-17 09:24:03,B,1060.45,1,7
2021-06-17 09:24:03,B,1060.4,1,7
2021-06-17 09:24:04,S,1063.55,3,7
2021-06-17 09:24:04,S,1063.7,1,1
2021-06-17 09:24:04,S,1063.8,1,6
2021-06-17 09:24:04,S,1063.85,1,7
2021-06-17 09:24:04,S,1063.9,1,7
2021-06-17 09:24:04,B,1061.1,1,1
2021-06-17 09:24:04,B,1061.05,1,1
2021-06-17 09:24:04,B,1061.0,1,2
2021-06-17 09:24:04,B,1060.65,2,2
2021-06-17 09:24:04,B,1060.6,1,2
2021-06-17 09:24:07,S,1063.45,2,4
2021-06-17 09:24:07,S,1063.5,3,10
2021-06-17 09:24:07,S,1063.55,3,10
2021-06-17 09:24:07,S,1063.6,2,2
2021-06-17 09:24:07,S,1063.7,1,7
2021-06-17 09:24:07,B,1060.95,2,3
2021-06-17 09:24:07,B,1060.8,1,7
2021-06-17 09:24:07,B,1060.75,1,6
2021-06-17 09:24:07,B,1060.7,1,2
2021-06-17 09:24:07,B,1060.65,1,7
2021-06-17 09:24:12,S,1064.0,1,50
2021-06-17 09:24:12,S,1064.2,2,4
2021-06-17 09:24:12,S,1064.25,1,1
2021-06-17 09:24:12,S,1064.3,1,7
2021-06-17 09:24:12,S,1064.85,1,4
2021-06-17 09:24:12,B,1063.15,1,9
2021-06-17 09:24:12,B,1063.05,1,1
2021-06-17 09:24:12,B,1063.0,2,106
2021-06-17 09:24:12,B,1062.0,1,2
2021-06-17 09:24:12,B,1061.55,1,5
2021-06-17 09:24:15,S,1064.0,1,50
2021-06-17 09:24:15,S,1064.2,2,4
2021-06-17 09:24:15,S,1064.25,1,1
2021-06-17 09:24:15,S,1064.3,1,7
2021-06-17 09:24:15,S,1064.85,1,4
2021-06-17 09:24:15,B,1063.15,1,9
2021-06-17 09:24:15,B,1063.05,1,1
2021-06-17 09:24:15,B,1063.0,2,106
2021-06-17 09:24:15,B,1062.0,1,2
2021-06-17 09:24:15,B,1061.55,1,5
2021-06-17 09:24:15,S,1063.95,1,1
2021-06-17 09:24:15,S,1064.0,1,50
2021-06-17 09:24:15,S,1064.15,2,2
2021-06-17 09:24:15,S,1064.2,1,1
2021-06-17 09:24:15,S,1064.25,1,3
2021-06-17 09:24:15,B,1063.0,2,106
2021-06-17 09:24:15,B,1062.15,1,1
2021-06-17 09:24:15,B,1062.1,3,19
2021-06-17 09:24:15,B,1062.05,2,25
2021-06-17 09:24:15,B,1062.0,2,3
2021-06-17 09:24:19,S,1064.0,1,50
2021-06-17 09:24:19,S,1064.15,2,2
2021-06-17 09:24:19,S,1064.3,1,7
2021-06-17 09:24:19,S,1064.8,1,3
2021-06-17 09:24:19,S,1064.85,1,4
2021-06-17 09:24:19,B,1063.05,1,1
2021-06-17 09:24:19,B,1063.0,2,106
2021-06-17 09:24:19,B,1062.9,1,10
2021-06-17 09:24:19,B,1062.1,3,19
2021-06-17 09:24:19,B,1062.05,2,25
2021-06-17 09:24:23,S,1064.0,1,50
2021-06-17 09:24:23,S,1064.15,2,2
2021-06-17 09:24:23,S,1064.3,1,7
2021-06-17 09:24:23,S,1064.8,2,12
2021-06-17 09:24:23,S,1064.85,1,4
2021-06-17 09:24:23,B,1063.15,1,10
2021-06-17 09:24:23,B,1063.05,1,1
2021-06-17 09:24:23,B,1063.0,2,106
2021-06-17 09:24:23,B,1062.1,3,19
2021-06-17 09:24:23,B,1062.05,2,25
2021-06-17 09:24:27,S,1064.0,1,50
2021-06-17 09:24:27,S,1064.15,2,2
2021-06-17 09:24:27,S,1064.3,1,7
2021-06-17 09:24:27,S,1064.8,2,12
2021-06-17 09:24:27,S,1064.85,1,4
2021-06-17 09:24:27,B,1063.15,1,10
2021-06-17 09:24:27,B,1063.05,1,1
2021-06-17 09:24:27,B,1063.0,2,106
2021-06-17 09:24:27,B,1062.1,3,19
2021-06-17 09:24:27,B,1062.05,2,25
2021-06-17 09:24:28,S,1064.0,1,50
2021-06-17 09:24:28,S,1064.15,2,2
2021-06-17 09:24:28,S,1064.3,1,7
2021-06-17 09:24:28,S,1064.8,2,12
2021-06-17 09:24:28,S,1064.85,1,4
2021-06-17 09:24:28,B,1063.15,1,10
2021-06-17 09:24:28,B,1063.05,1,1
2021-06-17 09:24:28,B,1063.0,2,106
2021-06-17 09:24:28,B,1062.1,3,19
2021-06-17 09:24:28,B,1062.05,2,25
2021-06-17 09:24:30,S,1064.8,3,6
2021-06-17 09:24:30,S,1064.85,2,2
2021-06-17 09:24:30,S,1064.9,1,2
2021-06-17 09:24:30,S,1064.95,1,2
2021-06-17 09:24:30,S,1065.0,4,79
2021-06-17 09:24:30,B,1063.2,1,1
2021-06-17 09:24:30,B,1063.15,1,10
2021-06-17 09:24:30,B,1063.1,1,2
2021-06-17 09:24:30,B,1063.05,1,13
2021-06-17 09:24:30,B,1063.0,1,96
2021-06-17 09:24:34,S,1065.0,3,70
2021-06-17 09:24:34,S,1065.7,1,1
2021-06-17 09:24:34,S,1065.75,1,3
2021-06-17 09:24:34,S,1065.85,4,29
2021-06-17 09:24:34,S,1066.0,2,60
2021-06-17 09:24:34,B,1064.5,1,96
2021-06-17 09:24:34,B,1064.3,1,1
2021-06-17 09:24:34,B,1064.25,1,9
2021-06-17 09:24:34,B,1063.3,1,5
2021-06-17 09:24:34,B,1063.2,2,20
2021-06-17 09:24:39,S,1065.0,3,70
2021-06-17 09:24:39,S,1065.7,1,1
2021-06-17 09:24:39,S,1065.75,1,3
2021-06-17 09:24:39,S,1065.85,3,19
2021-06-17 09:24:39,S,1066.0,2,60
2021-06-17 09:24:39,B,1064.5,1,96
2021-06-17 09:24:39,B,1064.3,1,1
2021-06-17 09:24:39,B,1064.25,1,9
2021-06-17 09:24:39,B,1063.3,1,5
2021-06-17 09:24:39,B,1063.2,2,20
2021-06-17 09:24:42,S,1065.0,3,70
2021-06-17 09:24:42,S,1065.7,1,1
2021-06-17 09:24:42,S,1065.75,1,3
2021-06-17 09:24:42,S,1065.85,3,19
2021-06-17 09:24:42,S,1066.0,2,60
2021-06-17 09:24:42,B,1064.5,1,96
2021-06-17 09:24:42,B,1064.3,1,1
2021-06-17 09:24:42,B,1064.25,1,9
2021-06-17 09:24:42,B,1064.0,1,1
2021-06-17 09:24:42,B,1063.3,1,5
2021-06-17 09:24:46,S,1065.0,3,70
2021-06-17 09:24:46,S,1065.8,1,1
2021-06-17 09:24:46,S,1065.85,1,4
2021-06-17 09:24:46,S,1065.95,1,3
2021-06-17 09:24:46,S,1066.0,2,60
2021-06-17 09:24:46,B,1064.55,1,1
2021-06-17 09:24:46,B,1064.5,2,121
2021-06-17 09:24:46,B,1064.05,1,1
2021-06-17 09:24:46,B,1064.0,3,21
2021-06-17 09:24:46,B,1063.3,1,5
2021-06-17 09:24:49,S,1065.0,3,70
2021-06-17 09:24:49,S,1065.8,1,1
2021-06-17 09:24:49,S,1065.85,1,4
2021-06-17 09:24:49,S,1066.0,2,60
2021-06-17 09:24:49,S,1066.45,1,3
2021-06-17 09:24:49,B,1064.55,1,1
2021-06-17 09:24:49,B,1064.5,2,121
2021-06-17 09:24:49,B,1064.15,1,1
2021-06-17 09:24:49,B,1064.1,1,5
2021-06-17 09:24:49,B,1064.05,1,13
2021-06-17 09:24:51,S,1065.0,3,70
2021-06-17 09:24:51,S,1065.8,1,1
2021-06-17 09:24:51,S,1065.85,1,4
2021-06-17 09:24:51,S,1066.0,2,60
2021-06-17 09:24:51,S,1066.45,1,3
2021-06-17 09:24:51,B,1064.55,1,1
2021-06-17 09:24:51,B,1064.5,2,121
2021-06-17 09:24:51,B,1064.15,1,1
2021-06-17 09:24:51,B,1064.1,1,5
2021-06-17 09:24:51,B,1064.05,1,13
2021-06-17 09:24:54,S,1065.0,3,70
2021-06-17 09:24:54,S,1065.8,1,1
2021-06-17 09:24:54,S,1065.85,1,4
2021-06-17 09:24:54,S,1066.0,2,60
2021-06-17 09:24:54,S,1066.45,1,3
2021-06-17 09:24:54,B,1064.55,1,1
2021-06-17 09:24:54,B,1064.5,2,121
2021-06-17 09:24:54,B,1064.15,1,1
2021-06-17 09:24:54,B,1064.1,1,5
2021-06-17 09:24:54,B,1064.05,1,13
2021-06-17 09:24:57,S,1066.0,1,45
2021-06-17 09:24:57,S,1066.55,1,1
2021-06-17 09:24:57,S,1066.6,1,4
2021-06-17 09:24:57,S,1067.1,1,3
2021-06-17 09:24:57,S,1067.15,2,13
2021-06-17 09:24:57,B,1065.2,1,10
2021-06-17 09:24:57,B,1065.1,1,1
2021-06-17 09:24:57,B,1065.05,1,13
2021-06-17 09:24:57,B,1065.0,1,28
2021-06-17 09:24:57,B,1064.5,2,121
2021-06-17 09:24:58,S,1066.0,1,45
2021-06-17 09:24:58,S,1066.55,1,1
2021-06-17 09:24:58,S,1066.6,1,4
2021-06-17 09:24:58,S,1067.1,1,3
2021-06-17 09:24:58,S,1067.15,2,13
2021-06-17 09:24:58,B,1065.2,1,10
2021-06-17 09:24:58,B,1065.1,1,1
2021-06-17 09:24:58,B,1065.05,1,13
2021-06-17 09:24:58,B,1065.0,1,28
2021-06-17 09:24:58,B,1064.5,2,121
2021-06-17 09:25:01,S,1065.95,2,2
2021-06-17 09:25:01,S,1066.0,2,46
2021-06-17 09:25:01,S,1066.45,2,16
2021-06-17 09:25:01,S,1066.5,1,27
2021-06-17 09:25:01,S,1066.6,1,4
2021-06-17 09:25:01,B,1064.6,1,7
2021-06-17 09:25:01,B,1064.55,2,32
2021-06-17 09:25:01,B,1064.5,2,121
2021-06-17 09:25:01,B,1064.4,1,2
2021-06-17 09:25:01,B,1064.05,1,5
2021-06-17 09:25:07,S,1065.95,2,2
2021-06-17 09:25:07,S,1066.0,2,46
2021-06-17 09:25:07,S,1066.45,2,16
2021-06-17 09:25:07,S,1066.5,1,27
2021-06-17 09:25:07,S,1066.6,1,4
2021-06-17 09:25:07,B,1064.6,1,7
2021-06-17 09:25:07,B,1064.55,2,32
2021-06-17 09:25:07,B,1064.5,2,121
2021-06-17 09:25:07,B,1064.4,1,2
2021-06-17 09:25:07,B,1064.05,1,5
2021-06-17 09:25:09,S,1066.0,1,37
2021-06-17 09:25:09,S,1066.6,2,5
2021-06-17 09:25:09,S,1067.1,1,3
2021-06-17 09:25:09,S,1067.15,1,4
2021-06-17 09:25:09,S,1067.55,1,10
2021-06-17 09:25:09,B,1065.05,1,1
2021-06-17 09:25:09,B,1065.0,1,17
2021-06-17 09:25:09,B,1064.65,1,7
2021-06-17 09:25:09,B,1064.6,1,7
2021-06-17 09:25:09,B,1064.55,3,37
2021-06-17 09:25:11,S,1066.0,1,37
2021-06-17 09:25:11,S,1066.6,2,5
2021-06-17 09:25:11,S,1067.1,1,3
2021-06-17 09:25:11,S,1067.15,1,4
2021-06-17 09:25:11,S,1067.55,1,10
2021-06-17 09:25:11,B,1065.05,1,1
2021-06-17 09:25:11,B,1065.0,1,17
2021-06-17 09:25:11,B,1064.65,1,7
2021-06-17 09:25:11,B,1064.6,1,7
2021-06-17 09:25:11,B,1064.55,3,37
2021-06-17 09:25:13,S,1067.4,1,13
2021-06-17 09:25:13,S,1067.45,3,19
2021-06-17 09:25:13,S,1067.5,1,7
2021-06-17 09:25:13,S,1067.55,1,7
2021-06-17 09:25:13,S,1067.6,1,7
2021-06-17 09:25:13,B,1065.1,1,1
2021-06-17 09:25:13,B,1065.05,1,2
2021-06-17 09:25:13,B,1065.0,1,25
2021-06-17 09:25:13,B,1064.9,1,1
2021-06-17 09:25:13,B,1064.8,2,9
2021-06-17 09:25:13,S,1067.4,1,13
2021-06-17 09:25:13,S,1067.45,3,19
2021-06-17 09:25:13,S,1067.5,1,7
2021-06-17 09:25:13,S,1067.55,1,7
2021-06-17 09:25:13,S,1067.6,1,7
2021-06-17 09:25:13,B,1065.1,1,1
2021-06-17 09:25:13,B,1065.05,1,2
2021-06-17 09:25:13,B,1065.0,1,25
2021-06-17 09:25:13,B,1064.9,1,1
2021-06-17 09:25:13,B,1064.8,2,9
2021-06-17 09:25:17,S,1067.2,3,14
2021-06-17 09:25:17,S,1067.25,2,6
2021-06-17 09:25:17,S,1067.3,1,3
2021-06-17 09:25:17,S,1067.35,2,4
2021-06-17 09:25:17,S,1067.5,1,7
2021-06-17 09:25:17,B,1065.1,2,15
2021-06-17 09:25:17,B,1065.05,1,2
2021-06-17 09:25:17,B,1065.0,1,25
2021-06-17 09:25:17,B,1064.7,1,7
2021-06-17 09:25:17,B,1064.65,2,9
2021-06-17 09:25:19,S,1067.2,3,14
2021-06-17 09:25:19,S,1067.25,2,6
2021-06-17 09:25:19,S,1067.3,1,3
2021-06-17 09:25:19,S,1067.35,2,4
2021-06-17 09:25:19,S,1067.5,1,7
2021-06-17 09:25:19,B,1065.1,2,15
2021-06-17 09:25:19,B,1065.05,1,2
2021-06-17 09:25:19,B,1065.0,1,25
2021-06-17 09:25:19,B,1064.7,1,7
2021-06-17 09:25:19,B,1064.65,2,9
2021-06-17 09:25:21,S,1067.2,2,5
2021-06-17 09:25:21,S,1067.35,2,4
2021-06-17 09:25:21,S,1067.45,1,2
2021-06-17 09:25:21,S,1067.5,1,7
2021-06-17 09:25:21,S,1067.55,1,7
2021-06-17 09:25:21,B,1065.2,2,14
2021-06-17 09:25:21,B,1065.15,1,7
2021-06-17 09:25:21,B,1065.1,1,3
2021-06-17 09:25:21,B,1065.05,3,16
2021-06-17 09:25:21,B,1065.0,1,25
2021-06-17 09:25:24,S,1067.2,2,5
2021-06-17 09:25:24,S,1067.35,2,4
2021-06-17 09:25:24,S,1067.45,1,2
2021-06-17 09:25:24,S,1067.5,1,7
2021-06-17 09:25:24,S,1067.55,1,7
2021-06-17 09:25:24,B,1065.2,2,14
2021-06-17 09:25:24,B,1065.15,1,7
2021-06-17 09:25:24,B,1065.1,1,3
2021-06-17 09:25:24,B,1065.05,3,16
2021-06-17 09:25:24,B,1065.0,1,25
2021-06-17 09:25:25,S,1067.5,3,8
2021-06-17 09:25:25,S,1067.65,1,7
2021-06-17 09:25:25,S,1067.7,1,7
2021-06-17 09:25:25,S,1067.95,1,5
2021-06-17 09:25:25,S,1068.1,1,7
2021-06-17 09:25:25,B,1065.35,2,14
2021-06-17 09:25:25,B,1065.3,1,3
2021-06-17 09:25:25,B,1065.15,1,7
2021-06-17 09:25:25,B,1065.1,1,3
2021-06-17 09:25:25,B,1065.05,2,14
2021-06-17 09:25:27,S,1067.5,3,8
2021-06-17 09:25:27,S,1067.65,1,7
2021-06-17 09:25:27,S,1067.7,1,7
2021-06-17 09:25:27,S,1067.95,1,5
2021-06-17 09:25:27,S,1068.1,1,7
2021-06-17 09:25:27,B,1065.35,2,14
2021-06-17 09:25:27,B,1065.3,1,3
2021-06-17 09:25:27,B,1065.15,1,7
2021-06-17 09:25:27,B,1065.1,1,3
2021-06-17 09:25:27,B,1065.05,2,14
2021-06-17 09:25:29,S,1067.65,2,8
2021-06-17 09:25:29,S,1067.7,1,7
2021-06-17 09:25:29,S,1067.95,1,4
2021-06-17 09:25:29,S,1068.1,1,7
2021-06-17 09:25:29,S,1068.15,1,5
2021-06-17 09:25:29,B,1066.05,1,1
2021-06-17 09:25:29,B,1066.0,1,1
2021-06-17 09:25:29,B,1065.6,2,18
2021-06-17 09:25:29,B,1065.5,1,7
2021-06-17 09:25:29,B,1065.45,1,7
2021-06-17 09:25:30,S,1067.65,2,8
2021-06-17 09:25:30,S,1067.7,1,7
2021-06-17 09:25:30,S,1067.95,1,4
2021-06-17 09:25:30,S,1068.1,1,7
2021-06-17 09:25:30,S,1068.15,1,5
2021-06-17 09:25:30,B,1066.05,1,1
2021-06-17 09:25:30,B,1066.0,1,1
2021-06-17 09:25:30,B,1065.6,2,18
2021-06-17 09:25:30,B,1065.5,1,7
2021-06-17 09:25:30,B,1065.45,1,7
2021-06-17 09:25:31,S,1067.65,2,8
2021-06-17 09:25:31,S,1067.7,1,7
2021-06-17 09:25:31,S,1067.95,1,4
2021-06-17 09:25:31,S,1068.1,1,7
2021-06-17 09:25:31,S,1068.15,1,5
2021-06-17 09:25:31,B,1066.05,1,1
2021-06-17 09:25:31,B,1066.0,1,1
2021-06-17 09:25:31,B,1065.6,2,18
2021-06-17 09:25:31,B,1065.5,1,7
2021-06-17 09:25:31,B,1065.45,1,7
2021-06-17 09:25:31,S,1067.65,2,8
2021-06-17 09:25:31,S,1067.7,1,7
2021-06-17 09:25:31,S,1067.95,1,4
2021-06-17 09:25:31,S,1068.1,1,7
2021-06-17 09:25:31,S,1068.15,1,5
2021-06-17 09:25:31,B,1066.05,1,1
2021-06-17 09:25:31,B,1066.0,1,1
2021-06-17 09:25:31,B,1065.6,2,18
2021-06-17 09:25:31,B,1065.5,1,7
2021-06-17 09:25:31,B,1065.45,1,7
2021-06-17 09:25:33,S,1062.45,1,4
2021-06-17 09:25:33,S,1063.1,1,1
2021-06-17 09:25:33,S,1063.15,3,5
2021-06-17 09:25:33,S,1064.15,1,7
2021-06-17 09:25:33,S,1064.2,2,6
2021-06-17 09:25:33,B,1060.65,2,10
2021-06-17 09:25:33,B,1060.6,2,10
2021-06-17 09:25:33,B,1060.35,2,3
2021-06-17 09:25:33,B,1060.2,2,3
2021-06-17 09:25:33,B,1060.15,2,8
2021-06-17 09:25:34,S,1062.45,1,4
2021-06-17 09:25:34,S,1063.1,1,1
2021-06-17 09:25:34,S,1063.15,3,5
2021-06-17 09:25:34,S,1064.15,1,7
2021-06-17 09:25:34,S,1064.2,2,6
2021-06-17 09:25:34,B,1060.65,2,10
2021-06-17 09:25:34,B,1060.6,2,10
2021-06-17 09:25:34,B,1060.35,2,3
2021-06-17 09:25:34,B,1060.2,2,3
2021-06-17 09:25:34,B,1060.15,2,8
2021-06-17 09:25:37,S,1062.4,1,1
2021-06-17 09:25:37,S,1062.45,1,3
2021-06-17 09:25:37,S,1062.65,1,4
2021-06-17 09:25:37,S,1063.05,2,4
2021-06-17 09:25:37,S,1063.1,2,5
2021-06-17 09:25:37,B,1061.0,1,1
2021-06-17 09:25:37,B,1060.95,2,11
2021-06-17 09:25:37,B,1060.75,1,1
2021-06-17 09:25:37,B,1060.65,1,1
2021-06-17 09:25:37,B,1060.6,1,1
2021-06-17 09:25:37,S,1062.4,1,1
2021-06-17 09:25:37,S,1062.45,1,3
2021-06-17 09:25:37,S,1062.65,1,4
2021-06-17 09:25:37,S,1063.05,2,4
2021-06-17 09:25:37,S,1063.1,2,5
2021-06-17 09:25:37,B,1061.0,1,1
2021-06-17 09:25:37,B,1060.95,2,11
2021-06-17 09:25:37,B,1060.75,1,1
2021-06-17 09:25:37,B,1060.65,1,1
2021-06-17 09:25:37,B,1060.6,1,1
2021-06-17 09:25:40,S,1062.45,2,4
2021-06-17 09:25:40,S,1062.5,2,10
2021-06-17 09:25:40,S,1062.65,2,5
2021-06-17 09:25:40,S,1062.85,1,7
2021-06-17 09:25:40,S,1062.9,2,9
2021-06-17 09:25:40,B,1060.7,1,1
2021-06-17 09:25:40,B,1060.65,2,10
2021-06-17 09:25:40,B,1060.25,2,8
2021-06-17 09:25:40,B,1060.2,2,3
2021-06-17 09:25:40,B,1060.15,2,8
2021-06-17 09:25:43,S,1062.45,2,4
2021-06-17 09:25:43,S,1062.5,2,10
2021-06-17 09:25:43,S,1062.65,2,5
2021-06-17 09:25:43,S,1062.85,1,7
2021-06-17 09:25:43,S,1062.9,2,9
2021-06-17 09:25:43,B,1060.7,1,1
2021-06-17 09:25:43,B,1060.65,2,10
2021-06-17 09:25:43,B,1060.25,2,8
2021-06-17 09:25:43,B,1060.2,2,3
2021-06-17 09:25:43,B,1060.15,2,8
2021-06-17 09:25:44,S,1062.4,3,9
2021-06-17 09:25:44,S,1062.45,4,14
2021-06-17 09:25:44,S,1062.5,3,22
2021-06-17 09:25:44,S,1062.55,4,18
2021-06-17 09:25:44,S,1062.6,1,7
2021-06-17 09:25:44,B,1061.0,1,1
2021-06-17 09:25:44,B,1060.25,2,2
2021-06-17 09:25:44,B,1060.2,2,3
2021-06-17 09:25:44,B,1060.15,2,8
2021-06-17 09:25:44,B,1060.05,1,7
2021-06-17 09:25:45,S,1062.4,3,9
2021-06-17 09:25:45,S,1062.45,4,14
2021-06-17 09:25:45,S,1062.5,3,22
2021-06-17 09:25:45,S,1062.55,4,18
2021-06-17 09:25:45,S,1062.6,1,7
2021-06-17 09:25:45,B,1061.0,1,1
2021-06-17 09:25:45,B,1060.25,2,2
2021-06-17 09:25:45,B,1060.2,2,3
2021-06-17 09:25:45,B,1060.15,2,8
2021-06-17 09:25:45,B,1060.05,1,7
2021-06-17 09:25:45,S,1062.4,3,9
2021-06-17 09:25:45,S,1062.45,4,14
2021-06-17 09:25:45,S,1062.5,3,22
2021-06-17 09:25:45,S,1062.55,4,18
2021-06-17 09:25:45,S,1062.6,1,7
2021-06-17 09:25:45,B,1061.0,1,1
2021-06-17 09:25:45,B,1060.25,2,2
2021-06-17 09:25:45,B,1060.2,2,3
2021-06-17 09:25:45,B,1060.15,2,8
2021-06-17 09:25:45,B,1060.05,1,7
2021-06-17 09:25:48,S,1062.1,1,1
2021-06-17 09:25:48,S,1062.15,1,4
2021-06-17 09:25:48,S,1062.4,2,7
2021-06-17 09:25:48,S,1062.45,3,10
2021-06-17 09:25:48,S,1062.5,3,22
2021-06-17 09:25:48,B,1061.0,1,1
2021-06-17 09:25:48,B,1060.35,2,2
2021-06-17 09:25:48,B,1060.3,2,2
2021-06-17 09:25:48,B,1060.25,2,11
2021-06-17 09:25:48,B,1060.2,1,2
2021-06-17 09:25:49,S,1062.1,1,1
2021-06-17 09:25:49,S,1062.15,1,4
2021-06-17 09:25:49,S,1062.4,2,7
2021-06-17 09:25:49,S,1062.45,3,10
2021-06-17 09:25:49,S,1062.5,3,22
2021-06-17 09:25:49,B,1061.0,1,1
2021-06-17 09:25:49,B,1060.35,2,2
2021-06-17 09:25:49,B,1060.3,2,2
2021-06-17 09:25:49,B,1060.25,2,11
2021-06-17 09:25:49,B,1060.2,1,2
2021-06-17 09:25:52,S,1062.15,2,3
2021-06-17 09:25:52,S,1062.35,1,7
2021-06-17 09:25:52,S,1062.4,3,9
2021-06-17 09:25:52,S,1062.45,3,10
2021-06-17 09:25:52,S,1062.5,3,22
2021-06-17 09:25:52,B,1061.0,1,1
2021-06-17 09:25:52,B,1060.35,2,2
2021-06-17 09:25:52,B,1060.3,2,2
2021-06-17 09:25:52,B,1060.2,1,2
2021-06-17 09:25:52,B,1060.15,2,8
2021-06-17 09:25:53,S,1062.15,2,3
2021-06-17 09:25:53,S,1062.35,1,7
2021-06-17 09:25:53,S,1062.4,3,9
2021-06-17 09:25:53,S,1062.45,3,10
2021-06-17 09:25:53,S,1062.5,3,22
2021-06-17 09:25:53,B,1061.0,1,1
2021-06-17 09:25:53,B,1060.35,2,2
2021-06-17 09:25:53,B,1060.3,2,2
2021-06-17 09:25:53,B,1060.2,1,2
2021-06-17 09:25:53,B,1060.15,2,8
2021-06-17 09:25:55,S,1062.15,2,3
2021-06-17 09:25:55,S,1062.35,1,7
2021-06-17 09:25:55,S,1062.4,3,9
2021-06-17 09:25:55,S,1062.45,3,10
2021-06-17 09:25:55,S,1062.5,3,22
2021-06-17 09:25:55,B,1061.0,1,1
2021-06-17 09:25:55,B,1060.35,2,2
2021-06-17 09:25:55,B,1060.3,2,2
2021-06-17 09:25:55,B,1060.2,1,2
2021-06-17 09:25:55,B,1060.15,2,8
2021-06-17 09:25:56,S,1062.15,1,2
2021-06-17 09:25:56,S,1062.2,1,10
2021-06-17 09:25:56,S,1062.3,1,7
2021-06-17 09:25:56,S,1062.35,1,7
2021-06-17 09:25:56,S,1062.4,2,7
2021-06-17 09:25:56,B,1061.0,1,1
2021-06-17 09:25:56,B,1060.65,1,1
2021-06-17 09:25:56,B,1060.6,1,9
2021-06-17 09:25:56,B,1060.55,1,1
2021-06-17 09:25:56,B,1060.5,1,1
2021-06-17 09:25:58,S,1062.15,1,2
2021-06-17 09:25:58,S,1062.2,1,10
2021-06-17 09:25:58,S,1062.3,1,7
2021-06-17 09:25:58,S,1062.35,1,7
2021-06-17 09:25:58,S,1062.4,2,7
2021-06-17 09:25:58,B,1061.0,1,1
2021-06-17 09:25:58,B,1060.65,1,1
2021-06-17 09:25:58,B,1060.6,1,9
2021-06-17 09:25:58,B,1060.55,1,1
2021-06-17 09:25:58,B,1060.5,1,1
2021-06-17 09:26:00,S,1063.1,1,4
2021-06-17 09:26:00,S,1063.5,2,4
2021-06-17 09:26:00,S,1063.55,1,4
2021-06-17 09:26:00,S,1064.0,1,5
2021-06-17 09:26:00,S,1064.15,1,9
2021-06-17 09:26:00,B,1061.3,2,8
2021-06-17 09:26:00,B,1061.25,2,26
2021-06-17 09:26:00,B,1061.0,2,2
2021-06-17 09:26:00,B,1060.45,2,8
2021-06-17 09:26:00,B,1060.4,1,6
2021-06-17 09:26:01,S,1063.1,1,4
2021-06-17 09:26:01,S,1063.5,2,4
2021-06-17 09:26:01,S,1063.55,1,4
2021-06-17 09:26:01,S,1064.0,1,5
2021-06-17 09:26:01,S,1064.15,1,9
2021-06-17 09:26:01,B,1061.3,2,8
2021-06-17 09:26:01,B,1061.25,2,26
2021-06-17 09:26:01,B,1061.0,2,2
2021-06-17 09:26:01,B,1060.45,2,8
2021-06-17 09:26:01,B,1060.4,1,6
2021-06-17 09:26:02,S,1063.1,1,4
2021-06-17 09:26:02,S,1063.5,2,4
2021-06-17 09:26:02,S,1063.55,1,4
2021-06-17 09:26:02,S,1064.0,1,5
2021-06-17 09:26:02,S,1064.15,1,9
2021-06-17 09:26:02,B,1061.3,2,8
2021-06-17 09:26:02,B,1061.25,2,26
2021-06-17 09:26:02,B,1061.0,2,2
2021-06-17 09:26:02,B,1060.45,2,8
2021-06-17 09:26:02,B,1060.4,1,6
2021-06-17 09:26:03,S,1063.85,2,26
2021-06-17 09:26:03,S,1063.9,5,20
2021-06-17 09:26:03,S,1063.95,2,5
2021-06-17 09:26:03,S,1064.1,1,7
2021-06-17 09:26:03,S,1064.25,1,7
2021-06-17 09:26:03,B,1061.25,1,1
2021-06-17 09:26:03,B,1061.2,1,7
2021-06-17 09:26:03,B,1061.15,1,1
2021-06-17 09:26:03,B,1061.1,2,7
2021-06-17 09:26:03,B,1061.05,2,4
2021-06-17 09:26:07,S,1064.8,2,11
2021-06-17 09:26:07,S,1064.85,2,12
2021-06-17 09:26:07,S,1064.9,1,7
2021-06-17 09:26:07,S,1064.95,2,20
2021-06-17 09:26:07,S,1065.0,1,632
2021-06-17 09:26:07,B,1062.25,2,4
2021-06-17 09:26:07,B,1062.2,1,9
2021-06-17 09:26:07,B,1062.15,3,31
2021-06-17 09:26:07,B,1061.2,1,1
2021-06-17 09:26:07,B,1061.15,1,1
2021-06-17 09:26:10,S,1064.75,2,10
2021-06-17 09:26:10,S,1064.8,3,12
2021-06-17 09:26:10,S,1064.85,2,11
2021-06-17 09:26:10,S,1064.9,1,7
2021-06-17 09:26:10,S,1064.95,2,20
2021-06-17 09:26:10,B,1062.3,1,1
2021-06-17 09:26:10,B,1062.25,2,4
2021-06-17 09:26:10,B,1062.15,3,33
2021-06-17 09:26:10,B,1061.75,1,3
2021-06-17 09:26:10,B,1061.7,1,3
2021-06-17 09:26:12,S,1064.75,2,10
2021-06-17 09:26:12,S,1064.8,3,12
2021-06-17 09:26:12,S,1064.85,2,11
2021-06-17 09:26:12,S,1064.9,1,7
2021-06-17 09:26:12,S,1064.95,2,20
2021-06-17 09:26:12,B,1062.3,1,1
2021-06-17 09:26:12,B,1062.25,2,4
2021-06-17 09:26:12,B,1062.15,3,33
2021-06-17 09:26:12,B,1061.75,1,3
2021-06-17 09:26:12,B,1061.7,1,3
2021-06-17 09:26:14,S,1064.75,2,10
2021-06-17 09:26:14,S,1064.8,1,7
2021-06-17 09:26:14,S,1064.85,1,7
2021-06-17 09:26:14,S,1064.9,1,7
2021-06-17 09:26:14,S,1064.95,2,20
2021-06-17 09:26:14,B,1063.15,1,1
2021-06-17 09:26:14,B,1063.1,1,25
2021-06-17 09:26:14,B,1062.8,1,1
2021-06-17 09:26:14,B,1062.75,2,8
2021-06-17 09:26:14,B,1062.6,2,7
2021-06-17 09:26:18,S,1064.75,2,10
2021-06-17 09:26:18,S,1064.8,1,7
2021-06-17 09:26:18,S,1064.85,1,7
2021-06-17 09:26:18,S,1064.9,1,7
2021-06-17 09:26:18,S,1064.95,2,20
2021-06-17 09:26:18,B,1063.15,1,1
2021-06-17 09:26:18,B,1063.1,1,25
2021-06-17 09:26:18,B,1062.8,1,1
2021-06-17 09:26:18,B,1062.75,2,8
2021-06-17 09:26:18,B,1062.6,2,7
2021-06-17 09:26:22,S,1064.75,1,7
2021-06-17 09:26:22,S,1064.8,1,7
2021-06-17 09:26:22,S,1064.85,1,7
2021-06-17 09:26:22,S,1064.9,1,7
2021-06-17 09:26:22,S,1064.95,2,20
2021-06-17 09:26:22,B,1063.15,1,1
2021-06-17 09:26:22,B,1063.1,2,11
2021-06-17 09:26:22,B,1062.75,2,8
2021-06-17 09:26:22,B,1062.6,2,7
2021-06-17 09:26:22,B,1062.55,2,8
2021-06-17 09:26:25,S,1064.75,1,7
2021-06-17 09:26:25,S,1064.8,1,7
2021-06-17 09:26:25,S,1064.85,1,7
2021-06-17 09:26:25,S,1064.9,1,7
2021-06-17 09:26:25,S,1064.95,2,20
2021-06-17 09:26:25,B,1063.15,2,10
2021-06-17 09:26:25,B,1063.0,1,5
2021-06-17 09:26:25,B,1062.75,2,8
2021-06-17 09:26:25,B,1062.6,2,7
2021-06-17 09:26:25,B,1062.55,2,8
2021-06-17 09:26:26,S,1064.75,1,7
2021-06-17 09:26:26,S,1064.8,1,7
2021-06-17 09:26:26,S,1064.85,1,7
2021-06-17 09:26:26,S,1064.9,1,7
2021-06-17 09:26:26,S,1064.95,2,20
2021-06-17 09:26:26,B,1063.15,2,10
2021-06-17 09:26:26,B,1063.0,1,5
2021-06-17 09:26:26,B,1062.75,2,8
2021-06-17 09:26:26,B,1062.6,2,7
2021-06-17 09:26:26,B,1062.55,2,8
2021-06-17 09:26:28,S,1064.75,1,7
2021-06-17 09:26:28,S,1064.8,1,7
2021-06-17 09:26:28,S,1064.85,1,7
2021-06-17 09:26:28,S,1064.9,1,7
2021-06-17 09:26:28,S,1064.95,2,20
2021-06-17 09:26:28,B,1063.15,2,10
2021-06-17 09:26:28,B,1063.0,1,5
2021-06-17 09:26:28,B,1062.75,2,8
2021-06-17 09:26:28,B,1062.6,2,7
2021-06-17 09:26:28,B,1062.55,2,8
2021-06-17 09:26:29,S,1064.45,1,1
2021-06-17 09:26:29,S,1064.5,1,7
2021-06-17 09:26:29,S,1064.6,1,7
2021-06-17 09:26:29,S,1064.7,1,7
2021-06-17 09:26:29,S,1064.75,2,14
2021-06-17 09:26:29,B,1063.05,1,1
2021-06-17 09:26:29,B,1063.0,1,5
2021-06-17 09:26:29,B,1062.8,1,7
2021-06-17 09:26:29,B,1062.75,1,7
2021-06-17 09:26:29,B,1062.6,2,7
2021-06-17 09:26:32,S,1064.45,1,1
2021-06-17 09:26:32,S,1064.5,1,7
2021-06-17 09:26:32,S,1064.6,1,7
2021-06-17 09:26:32,S,1064.7,1,7
2021-06-17 09:26:32,S,1064.75,2,14
2021-06-17 09:26:32,B,1063.05,1,1
2021-06-17 09:26:32,B,1063.0,1,5
2021-06-17 09:26:32,B,1062.8,1,7
2021-06-17 09:26:32,B,1062.75,1,7
2021-06-17 09:26:32,B,1062.6,2,7
2021-06-17 09:26:33,S,1064.45,2,5
2021-06-17 09:26:33,S,1064.5,1,7
2021-06-17 09:26:33,S,1064.6,1,7
2021-06-17 09:26:33,S,1064.7,1,7
2021-06-17 09:26:33,S,1064.75,2,14
2021-06-17 09:26:33,B,1063.05,1,7
2021-06-17 09:26:33,B,1063.0,1,4
2021-06-17 09:26:33,B,1062.9,2,10
2021-06-17 09:26:33,B,1062.8,2,8
2021-06-17 09:26:33,B,1062.75,1,7
2021-06-17 09:26:35,S,1064.45,2,5
2021-06-17 09:26:35,S,1064.5,1,7
2021-06-17 09:26:35,S,1064.6,1,7
2021-06-17 09:26:35,S,1064.7,1,7
2021-06-17 09:26:35,S,1064.75,2,14
2021-06-17 09:26:35,B,1063.05,1,7
2021-06-17 09:26:35,B,1063.0,1,4
2021-06-17 09:26:35,B,1062.9,2,10
2021-06-17 09:26:35,B,1062.8,2,8
2021-06-17 09:26:35,B,1062.75,1,7
2021-06-17 09:26:36,S,1064.45,2,5
2021-06-17 09:26:36,S,1064.5,1,7
2021-06-17 09:26:36,S,1064.6,1,7
2021-06-17 09:26:36,S,1064.7,1,7
2021-06-17 09:26:36,S,1064.75,2,14
2021-06-17 09:26:36,B,1063.05,1,7
2021-06-17 09:26:36,B,1063.0,1,4
2021-06-17 09:26:36,B,1062.9,2,10
2021-06-17 09:26:36,B,1062.8,2,8
2021-06-17 09:26:36,B,1062.75,1,7
2021-06-17 09:26:36,S,1062.05,1,1
2021-06-17 09:26:36,S,1062.8,1,1
2021-06-17 09:26:36,S,1062.85,1,1
2021-06-17 09:26:36,S,1064.45,3,3
2021-06-17 09:26:36,S,1064.5,2,8
2021-06-17 09:26:36,B,1060.15,1,6
2021-06-17 09:26:36,B,1060.1,2,8
2021-06-17 09:26:36,B,1060.05,2,3
2021-06-17 09:26:36,B,1060.0,4,68
2021-06-17 09:26:36,B,1059.45,1,1
2021-06-17 09:26:40,S,1062.6,1,1
2021-06-17 09:26:40,S,1062.65,1,6
2021-06-17 09:26:40,S,1062.75,1,1
2021-06-17 09:26:40,S,1063.0,1,4
2021-06-17 09:26:40,S,1063.5,1,4
2021-06-17 09:26:40,B,1060.5,1,9
2021-06-17 09:26:40,B,1060.4,1,1
2021-06-17 09:26:40,B,1060.35,1,1
2021-06-17 09:26:40,B,1060.3,1,3
2021-06-17 09:26:40,B,1060.25,2,4
2021-06-17 09:26:40,S,1062.6,1,1
2021-06-17 09:26:40,S,1062.65,1,6
2021-06-17 09:26:40,S,1062.75,1,1
2021-06-17 09:26:40,S,1063.0,1,4
2021-06-17 09:26:40,S,1063.5,1,4
2021-06-17 09:26:40,B,1060.5,1,9
2021-06-17 09:26:40,B,1060.4,1,1
2021-06-17 09:26:40,B,1060.35,1,1
2021-06-17 09:26:40,B,1060.3,1,3
2021-06-17 09:26:40,B,1060.25,2,4
2021-06-17 09:26:43,S,1063.5,2,9
2021-06-17 09:26:43,S,1063.7,2,7
2021-06-17 09:26:43,S,1063.75,2,11
2021-06-17 09:26:43,S,1063.8,1,7
2021-06-17 09:26:43,S,1063.85,1,7
2021-06-17 09:26:43,B,1061.0,1,1
2021-06-17 09:26:43,B,1060.95,2,6
2021-06-17 09:26:43,B,1060.9,2,3
2021-06-17 09:26:43,B,1060.85,1,1
2021-06-17 09:26:43,B,1060.8,2,6
2021-06-17 09:26:46,S,1063.5,2,9
2021-06-17 09:26:46,S,1063.7,2,7
2021-06-17 09:26:46,S,1063.75,2,11
2021-06-17 09:26:46,S,1063.8,1,7
2021-06-17 09:26:46,S,1063.85,1,7
2021-06-17 09:26:46,B,1061.0,1,1
2021-06-17 09:26:46,B,1060.95,2,6
2021-06-17 09:26:46,B,1060.9,2,3
2021-06-17 09:26:46,B,1060.85,1,1
2021-06-17 09:26:46,B,1060.8,2,6
2021-06-17 09:26:47,S,1063.45,1,1
2021-06-17 09:26:47,S,1063.5,1,2
2021-06-17 09:26:47,S,1063.65,1,7
2021-06-17 09:26:47,S,1063.75,1,7
2021-06-17 09:26:47,S,1063.8,1,7
2021-06-17 09:26:47,B,1062.3,1,1
2021-06-17 09:26:47,B,1062.25,1,10
2021-06-17 09:26:47,B,1061.9,2,14
2021-06-17 09:26:47,B,1061.85,1,30
2021-06-17 09:26:47,B,1061.0,1,25
2021-06-17 09:26:48,S,1063.45,1,1
2021-06-17 09:26:48,S,1063.5,1,2
2021-06-17 09:26:48,S,1063.65,1,7
2021-06-17 09:26:48,S,1063.75,1,7
2021-06-17 09:26:48,S,1063.8,1,7
2021-06-17 09:26:48,B,1062.3,1,1
2021-06-17 09:26:48,B,1062.25,1,10
2021-06-17 09:26:48,B,1061.9,2,14
2021-06-17 09:26:48,B,1061.85,1,30
2021-06-17 09:26:48,B,1061.0,1,25
2021-06-17 09:26:49,S,1063.45,1,1
2021-06-17 09:26:49,S,1063.5,1,2
2021-06-17 09:26:49,S,1063.65,1,7
2021-06-17 09:26:49,S,1063.75,1,7
2021-06-17 09:26:49,S,1063.8,1,7
2021-06-17 09:26:49,B,1062.3,1,1
2021-06-17 09:26:49,B,1062.25,1,10
2021-06-17 09:26:49,B,1061.9,2,14
2021-06-17 09:26:49,B,1061.85,1,30
2021-06-17 09:26:49,B,1061.0,1,25
2021-06-17 09:26:51,S,1063.6,1,2
2021-06-17 09:26:51,S,1063.75,1,1
2021-06-17 09:26:51,S,1063.8,1,7
2021-06-17 09:26:51,S,1064.1,1,4
2021-06-17 09:26:51,S,1064.8,1,1
2021-06-17 09:26:51,B,1062.35,1,1
2021-06-17 09:26:51,B,1062.3,1,6
2021-06-17 09:26:51,B,1062.25,1,2
2021-06-17 09:26:51,B,1061.85,1,30
2021-06-17 09:26:51,B,1061.25,1,1
2021-06-17 09:26:54,S,1063.45,1,1
2021-06-17 09:26:54,S,1063.5,1,4
2021-06-17 09:26:54,S,1063.6,1,4
2021-06-17 09:26:54,S,1063.8,1,7
2021-06-17 09:26:54,S,1064.1,1,4
2021-06-17 09:26:54,B,1061.95,2,4
2021-06-17 09:26:54,B,1061.9,1,13
2021-06-17 09:26:54,B,1061.85,1,30
2021-06-17 09:26:54,B,1061.2,1,3
2021-06-17 09:26:54,B,1061.15,1,1
2021-06-17 09:26:58,S,1063.55,1,1
2021-06-17 09:26:58,S,1063.6,1,4
2021-06-17 09:26:58,S,1063.7,1,7
2021-06-17 09:26:58,S,1063.8,1,7
2021-06-17 09:26:58,S,1063.95,1,3
2021-06-17 09:26:58,B,1062.25,1,1
2021-06-17 09:26:58,B,1062.2,1,10
2021-06-17 09:26:58,B,1061.95,1,3
2021-06-17 09:26:58,B,1061.9,1,13
2021-06-17 09:26:58,B,1061.85,1,30
2021-06-17 09:27:01,S,1063.55,1,1
2021-06-17 09:27:01,S,1063.6,1,4
2021-06-17 09:27:01,S,1063.7,1,7
2021-06-17 09:27:01,S,1063.8,1,7
2021-06-17 09:27:01,S,1063.95,1,3
2021-06-17 09:27:01,B,1062.25,1,1
2021-06-17 09:27:01,B,1062.2,1,10
2021-06-17 09:27:01,B,1061.95,1,3
2021-06-17 09:27:01,B,1061.9,1,13
2021-06-17 09:27:01,B,1061.85,1,30
2021-06-17 09:27:02,S,1063.55,1,1
2021-06-17 09:27:02,S,1063.6,1,4
2021-06-17 09:27:02,S,1063.7,1,7
2021-06-17 09:27:02,S,1063.8,1,7
2021-06-17 09:27:02,S,1063.95,1,3
2021-06-17 09:27:02,B,1062.25,1,1
2021-06-17 09:27:02,B,1062.2,1,10
2021-06-17 09:27:02,B,1061.95,1,3
2021-06-17 09:27:02,B,1061.9,1,13
2021-06-17 09:27:02,B,1061.85,1,30
2021-06-17 09:27:04,S,1063.55,1,1
2021-06-17 09:27:04,S,1063.6,1,4
2021-06-17 09:27:04,S,1063.7,1,7
2021-06-17 09:27:04,S,1063.8,1,7
2021-06-17 09:27:04,S,1063.95,1,3
2021-06-17 09:27:04,B,1062.25,1,1
2021-06-17 09:27:04,B,1062.2,1,10
2021-06-17 09:27:04,B,1061.95,1,3
2021-06-17 09:27:04,B,1061.9,1,13
2021-06-17 09:27:04,B,1061.85,1,30
2021-06-17 09:27:05,S,1064.1,1,2
2021-06-17 09:27:05,S,1064.45,1,7
2021-06-17 09:27:05,S,1064.5,2,8
2021-06-17 09:27:05,S,1064.55,1,7
2021-06-17 09:27:05,S,1064.6,1,7
2021-06-17 09:27:05,B,1062.2,1,1
2021-06-17 09:27:05,B,1062.15,2,4
2021-06-17 09:27:05,B,1062.1,1,2
2021-06-17 09:27:05,B,1062.0,1,7
2021-06-17 09:27:05,B,1061.95,2,9
2021-06-17 09:27:08,S,1064.1,1,2
2021-06-17 09:27:08,S,1064.45,1,7
2021-06-17 09:27:08,S,1064.5,2,8
2021-06-17 09:27:08,S,1064.55,1,7
2021-06-17 09:27:08,S,1064.6,1,7
2021-06-17 09:27:08,B,1062.2,1,1
2021-06-17 09:27:08,B,1062.15,2,4
2021-06-17 09:27:08,B,1062.1,1,2
2021-06-17 09:27:08,B,1062.0,1,7
2021-06-17 09:27:08,B,1061.95,2,9
2021-06-17 09:27:09,S,1064.1,1,6
2021-06-17 09:27:09,S,1064.15,1,7
2021-06-17 09:27:09,S,1064.6,1,7
2021-06-17 09:27:09,S,1064.65,1,7
2021-06-17 09:27:09,S,1065.0,3,643
2021-06-17 09:27:09,B,1064.0,1,50
2021-06-17 09:27:09,B,1063.55,1,1
2021-06-17 09:27:09,B,1063.5,1,30
2021-06-17 09:27:09,B,1062.55,1,9
2021-06-17 09:27:09,B,1062.2,2,4
2021-06-17 09:27:13,S,1064.1,1,6
2021-06-17 09:27:13,S,1064.15,1,7
2021-06-17 09:27:13,S,1064.6,1,7
2021-06-17 09:27:13,S,1064.65,1,7
2021-06-17 09:27:13,S,1065.0,2,634
2021-06-17 09:27:13,B,1064.0,1,50
2021-06-17 09:27:13,B,1063.55,1,1
2021-06-17 09:27:13,B,1063.5,1,30
2021-06-17 09:27:13,B,1062.55,2,12
2021-06-17 09:27:13,B,1062.2,2,4
2021-06-17 09:27:16,S,1064.1,1,6
2021-06-17 09:27:16,S,1064.15,1,7
2021-06-17 09:27:16,S,1064.6,1,7
2021-06-17 09:27:16,S,1064.65,1,7
2021-06-17 09:27:16,S,1065.0,4,647
2021-06-17 09:27:16,B,1064.0,1,50
2021-06-17 09:27:16,B,1063.55,1,1
2021-06-17 09:27:16,B,1063.5,1,30
2021-06-17 09:27:16,B,1063.4,1,9
2021-06-17 09:27:16,B,1063.0,1,10
2021-06-17 09:27:20,S,1064.1,1,6
2021-06-17 09:27:20,S,1064.15,1,7
2021-06-17 09:27:20,S,1064.6,1,7
2021-06-17 09:27:20,S,1064.65,1,7
2021-06-17 09:27:20,S,1065.0,3,638
2021-06-17 09:27:20,B,1064.0,1,50
2021-06-17 09:27:20,B,1063.55,1,1
2021-06-17 09:27:20,B,1063.5,1,30
2021-06-17 09:27:20,B,1063.4,1,9
2021-06-17 09:27:20,B,1063.0,1,10
2021-06-17 09:27:21,S,1064.1,1,6
2021-06-17 09:27:21,S,1064.15,1,7
2021-06-17 09:27:21,S,1064.6,1,7
2021-06-17 09:27:21,S,1064.65,1,7
2021-06-17 09:27:21,S,1065.0,3,638
2021-06-17 09:27:21,B,1064.0,1,50
2021-06-17 09:27:21,B,1063.55,1,1
2021-06-17 09:27:21,B,1063.5,1,30
2021-06-17 09:27:21,B,1063.4,1,9
2021-06-17 09:27:21,B,1063.0,1,10
2021-06-17 09:27:24,S,1065.0,2,634
2021-06-17 09:27:24,S,1065.5,1,4
2021-06-17 09:27:24,S,1065.85,2,19
2021-06-17 09:27:24,S,1066.05,1,5
2021-06-17 09:27:24,S,1066.2,1,5
2021-06-17 09:27:24,B,1064.2,1,9
2021-06-17 09:27:24,B,1064.15,1,10
2021-06-17 09:27:24,B,1064.1,1,2
2021-06-17 09:27:24,B,1064.0,1,49
2021-06-17 09:27:24,B,1063.6,1,1
2021-06-17 09:27:27,S,1065.0,2,634
2021-06-17 09:27:27,S,1065.5,1,4
2021-06-17 09:27:27,S,1065.85,2,19
2021-06-17 09:27:27,S,1066.05,1,5
2021-06-17 09:27:27,S,1066.2,1,5
2021-06-17 09:27:27,B,1064.2,1,9
2021-06-17 09:27:27,B,1064.15,1,10
2021-06-17 09:27:27,B,1064.1,1,2
2021-06-17 09:27:27,B,1064.0,1,49
2021-06-17 09:27:27,B,1063.6,1,1
2021-06-17 09:27:30,S,1065.0,2,634
2021-06-17 09:27:30,S,1065.5,1,4
2021-06-17 09:27:30,S,1065.85,2,19
2021-06-17 09:27:30,S,1066.05,1,5
2021-06-17 09:27:30,S,1066.2,1,5
2021-06-17 09:27:30,B,1064.2,1,9
2021-06-17 09:27:30,B,1064.15,1,10
2021-06-17 09:27:30,B,1064.1,1,2
2021-06-17 09:27:30,B,1064.0,1,49
2021-06-17 09:27:30,B,1063.6,1,1
2021-06-17 09:27:30,S,1065.0,2,633
2021-06-17 09:27:30,S,1065.85,2,19
2021-06-17 09:27:30,S,1066.05,1,5
2021-06-17 09:27:30,S,1066.2,1,5
2021-06-17 09:27:30,S,1066.4,1,13
2021-06-17 09:27:30,B,1064.3,1,10
2021-06-17 09:27:30,B,1064.2,1,9
2021-06-17 09:27:30,B,1064.1,1,2
2021-06-17 09:27:30,B,1064.0,1,49
2021-06-17 09:27:30,B,1063.55,1,1
2021-06-17 09:27:34,S,1065.0,2,633
2021-06-17 09:27:34,S,1065.85,2,19
2021-06-17 09:27:34,S,1066.05,1,5
2021-06-17 09:27:34,S,1066.2,1,5
2021-06-17 09:27:34,S,1066.4,1,13
2021-06-17 09:27:34,B,1064.3,1,10
2021-06-17 09:27:34,B,1064.2,1,9
2021-06-17 09:27:34,B,1064.1,1,2
2021-06-17 09:27:34,B,1064.0,1,49
2021-06-17 09:27:34,B,1063.55,1,1
2021-06-17 09:27:36,S,1065.0,2,633
2021-06-17 09:27:36,S,1065.85,2,19
2021-06-17 09:27:36,S,1066.05,1,5
2021-06-17 09:27:36,S,1066.2,1,5
2021-06-17 09:27:36,S,1066.4,1,13
2021-06-17 09:27:36,B,1064.3,1,10
2021-06-17 09:27:36,B,1064.2,1,9
2021-06-17 09:27:36,B,1064.1,1,2
2021-06-17 09:27:36,B,1064.0,1,49
2021-06-17 09:27:36,B,1063.55,1,1
2021-06-17 09:27:37,S,1065.0,2,633
2021-06-17 09:27:37,S,1065.85,2,19
2021-06-17 09:27:37,S,1066.05,1,5
2021-06-17 09:27:37,S,1066.2,1,5
2021-06-17 09:27:37,S,1066.4,1,13
2021-06-17 09:27:37,B,1064.3,1,10
2021-06-17 09:27:37,B,1064.2,1,9
2021-06-17 09:27:37,B,1064.1,1,2
2021-06-17 09:27:37,B,1064.0,1,49
2021-06-17 09:27:37,B,1063.55,1,1
2021-06-17 09:27:38,S,1064.15,1,90
2021-06-17 09:27:38,S,1064.7,1,4
2021-06-17 09:27:38,S,1065.0,3,641
2021-06-17 09:27:38,S,1065.15,1,4
2021-06-17 09:27:38,S,1065.6,1,4
2021-06-17 09:27:38,B,1063.5,1,30
2021-06-17 09:27:38,B,1063.05,1,1
2021-06-17 09:27:38,B,1063.0,1,10
2021-06-17 09:27:38,B,1062.55,1,3
2021-06-17 09:27:38,B,1062.25,1,1
2021-06-17 09:27:41,S,1064.15,1,90
2021-06-17 09:27:41,S,1064.7,1,4
2021-06-17 09:27:41,S,1065.0,3,641
2021-06-17 09:27:41,S,1065.15,1,4
2021-06-17 09:27:41,S,1065.6,1,4
2021-06-17 09:27:41,B,1063.5,1,30
2021-06-17 09:27:41,B,1063.05,1,1
2021-06-17 09:27:41,B,1063.0,1,10
2021-06-17 09:27:41,B,1062.55,1,3
2021-06-17 09:27:41,B,1062.25,1,1
2021-06-17 09:27:42,S,1064.2,1,1
2021-06-17 09:27:42,S,1064.25,1,8
2021-06-17 09:27:42,S,1064.7,2,5
2021-06-17 09:27:42,S,1064.75,1,5
2021-06-17 09:27:42,S,1064.95,2,19
2021-06-17 09:27:42,B,1062.95,1,1
2021-06-17 09:27:42,B,1062.9,2,8
2021-06-17 09:27:42,B,1062.25,2,2
2021-06-17 09:27:42,B,1062.1,1,2
2021-06-17 09:27:42,B,1062.05,1,3
2021-06-17 09:27:42,S,1064.2,1,1
2021-06-17 09:27:42,S,1064.25,1,8
2021-06-17 09:27:42,S,1064.7,2,5
2021-06-17 09:27:42,S,1064.75,1,5
2021-06-17 09:27:42,S,1064.95,2,19
2021-06-17 09:27:42,B,1062.95,1,1
2021-06-17 09:27:42,B,1062.9,2,8
2021-06-17 09:27:42,B,1062.25,2,2
2021-06-17 09:27:42,B,1062.1,1,2
2021-06-17 09:27:42,B,1062.05,1,3
2021-06-17 09:27:45,S,1064.35,2,11
2021-06-17 09:27:45,S,1064.6,1,28
2021-06-17 09:27:45,S,1064.65,2,8
2021-06-17 09:27:45,S,1064.7,2,4
2021-06-17 09:27:45,S,1064.8,1,7
2021-06-17 09:27:45,B,1062.9,1,7
2021-06-17 09:27:45,B,1062.3,1,1
2021-06-17 09:27:45,B,1062.25,2,2
2021-06-17 09:27:45,B,1062.1,1,2
2021-06-17 09:27:45,B,1062.0,1,7
2021-06-17 09:27:49,S,1064.35,1,10
2021-06-17 09:27:49,S,1064.55,1,13
2021-06-17 09:27:49,S,1064.6,2,29
2021-06-17 09:27:49,S,1064.65,2,8
2021-06-17 09:27:49,S,1064.7,2,4
2021-06-17 09:27:49,B,1062.95,1,1
2021-06-17 09:27:49,B,1062.9,1,7
2021-06-17 09:27:49,B,1062.4,2,11
2021-06-17 09:27:49,B,1062.3,1,1
2021-06-17 09:27:49,B,1062.25,2,2
2021-06-17 09:27:52,S,1064.35,1,10
2021-06-17 09:27:52,S,1064.55,1,13
2021-06-17 09:27:52,S,1064.6,2,29
2021-06-17 09:27:52,S,1064.65,2,8
2021-06-17 09:27:52,S,1064.7,2,4
2021-06-17 09:27:52,B,1062.95,1,1
2021-06-17 09:27:52,B,1062.9,1,7
2021-06-17 09:27:52,B,1062.4,2,11
2021-06-17 09:27:52,B,1062.3,1,1
2021-06-17 09:27:52,B,1062.25,2,2
2021-06-17 09:27:57,S,1064.35,1,10
2021-06-17 09:27:57,S,1064.55,1,13
2021-06-17 09:27:57,S,1064.6,2,29
2021-06-17 09:27:57,S,1064.65,2,8
2021-06-17 09:27:57,S,1064.7,2,4
2021-06-17 09:27:57,B,1062.95,1,1
2021-06-17 09:27:57,B,1062.9,1,7
2021-06-17 09:27:57,B,1062.4,2,11
2021-06-17 09:27:57,B,1062.3,1,1
2021-06-17 09:27:57,B,1062.25,2,2
2021-06-17 09:28:00,S,1064.05,1,1
2021-06-17 09:28:00,S,1064.1,1,5
2021-06-17 09:28:00,S,1064.2,1,7
2021-06-17 09:28:00,S,1064.3,1,2
2021-06-17 09:28:00,S,1064.4,2,8
2021-06-17 09:28:00,B,1061.55,1,1
2021-06-17 09:28:00,B,1061.5,1,6
2021-06-17 09:28:00,B,1061.45,1,4
2021-06-17 09:28:00,B,1061.4,3,9
2021-06-17 09:28:00,B,1061.35,1,7
2021-06-17 09:28:03,S,1063.95,1,1
2021-06-17 09:28:03,S,1064.0,2,8
2021-06-17 09:28:03,S,1064.15,2,8
2021-06-17 09:28:03,S,1064.35,1,7
2021-06-17 09:28:03,S,1064.4,2,8
2021-06-17 09:28:03,B,1062.15,1,1
2021-06-17 09:28:03,B,1062.1,1,8
2021-06-17 09:28:03,B,1062.05,1,6
2021-06-17 09:28:03,B,1061.45,2,4
2021-06-17 09:28:03,B,1061.4,3,9
2021-06-17 09:28:05,S,1063.95,1,1
2021-06-17 09:28:05,S,1064.0,2,8
2021-06-17 09:28:05,S,1064.15,2,8
2021-06-17 09:28:05,S,1064.35,1,7
2021-06-17 09:28:05,S,1064.4,2,8
2021-06-17 09:28:05,B,1062.15,1,1
2021-06-17 09:28:05,B,1062.1,1,8
2021-06-17 09:28:05,B,1062.05,1,6
2021-06-17 09:28:05,B,1061.45,2,4
2021-06-17 09:28:05,B,1061.4,3,9
2021-06-17 09:28:06,S,1063.95,1,1
2021-06-17 09:28:06,S,1064.0,2,8
2021-06-17 09:28:06,S,1064.15,2,8
2021-06-17 09:28:06,S,1064.35,1,7
2021-06-17 09:28:06,S,1064.4,2,8
2021-06-17 09:28:06,B,1062.15,1,1
2021-06-17 09:28:06,B,1062.1,1,8
2021-06-17 09:28:06,B,1062.05,1,6
2021-06-17 09:28:06,B,1061.45,2,4
2021-06-17 09:28:06,B,1061.4,3,9
2021-06-17 09:28:07,S,1064.1,2,6
2021-06-17 09:28:07,S,1064.15,2,8
2021-06-17 09:28:07,S,1064.3,2,8
2021-06-17 09:28:07,S,1064.35,2,8
2021-06-17 09:28:07,S,1064.4,2,8
2021-06-17 09:28:07,B,1062.2,1,1
2021-06-17 09:28:07,B,1062.15,1,7
2021-06-17 09:28:07,B,1061.8,1,5
2021-06-17 09:28:07,B,1061.75,1,1
2021-06-17 09:28:07,B,1061.45,3,11
2021-06-17 09:28:09,S,1064.1,2,6
2021-06-17 09:28:09,S,1064.15,2,8
2021-06-17 09:28:09,S,1064.3,2,8
2021-06-17 09:28:09,S,1064.35,2,8
2021-06-17 09:28:09,S,1064.4,2,8
2021-06-17 09:28:09,B,1062.2,1,1
2021-06-17 09:28:09,B,1062.15,1,7
2021-06-17 09:28:09,B,1061.8,1,5
2021-06-17 09:28:09,B,1061.75,1,1
2021-06-17 09:28:09,B,1061.45,3,11
2021-06-17 09:28:10,S,1063.5,1,2
2021-06-17 09:28:10,S,1063.55,1,3
2021-06-17 09:28:10,S,1063.75,1,5
2021-06-17 09:28:10,S,1063.9,2,2
2021-06-17 09:28:10,S,1063.95,1,5
2021-06-17 09:28:10,B,1061.2,1,2
2021-06-17 09:28:10,B,1061.15,2,7
2021-06-17 09:28:10,B,1061.05,2,19
2021-06-17 09:28:10,B,1061.0,2,25
2021-06-17 09:28:10,B,1060.7,1,1
2021-06-17 09:28:14,S,1063.05,1,2
2021-06-17 09:28:14,S,1063.1,1,9
2021-06-17 09:28:14,S,1063.2,3,8
2021-06-17 09:28:14,S,1063.25,1,1
2021-06-17 09:28:14,S,1063.65,3,10
2021-06-17 09:28:14,B,1061.6,1,2
2021-06-17 09:28:14,B,1061.55,1,9
2021-06-17 09:28:14,B,1061.15,1,6
2021-06-17 09:28:14,B,1061.05,2,19
2021-06-17 09:28:14,B,1061.0,1,24
2021-06-17 09:28:18,S,1063.15,1,2
2021-06-17 09:28:18,S,1063.2,2,5
2021-06-17 09:28:18,S,1063.55,1,3
2021-06-17 09:28:18,S,1063.6,3,3
2021-06-17 09:28:18,S,1063.65,3,10
2021-06-17 09:28:18,B,1061.5,1,2
2021-06-17 09:28:18,B,1061.45,1,9
2021-06-17 09:28:18,B,1061.1,1,3
2021-06-17 09:28:18,B,1061.05,2,19
2021-06-17 09:28:18,B,1061.0,1,24
2021-06-17 09:28:21,S,1063.15,3,6
2021-06-17 09:28:21,S,1063.2,2,5
2021-06-17 09:28:21,S,1063.6,3,3
2021-06-17 09:28:21,S,1063.65,3,10
2021-06-17 09:28:21,S,1063.85,1,7
2021-06-17 09:28:21,B,1061.6,1,2
2021-06-17 09:28:21,B,1061.55,1,9
2021-06-17 09:28:21,B,1061.1,1,3
2021-06-17 09:28:21,B,1061.05,2,19
2021-06-17 09:28:21,B,1061.0,1,24
2021-06-17 09:28:21,S,1063.15,3,6
2021-06-17 09:28:21,S,1063.2,2,5
2021-06-17 09:28:21,S,1063.6,3,3
2021-06-17 09:28:21,S,1063.65,3,10
2021-06-17 09:28:21,S,1063.85,1,7
2021-06-17 09:28:21,B,1061.6,1,2
2021-06-17 09:28:21,B,1061.55,1,9
2021-06-17 09:28:21,B,1061.1,1,3
2021-06-17 09:28:21,B,1061.05,2,19
2021-06-17 09:28:21,B,1061.0,1,24
2021-06-17 09:28:24,S,1063.15,3,6
2021-06-17 09:28:24,S,1063.2,2,5
2021-06-17 09:28:24,S,1063.6,3,3
2021-06-17 09:28:24,S,1063.65,3,10
2021-06-17 09:28:24,S,1063.85,1,7
2021-06-17 09:28:24,B,1061.6,1,2
2021-06-17 09:28:24,B,1061.55,1,9
2021-06-17 09:28:24,B,1061.1,1,3
2021-06-17 09:28:24,B,1061.05,2,19
2021-06-17 09:28:24,B,1061.0,1,24
2021-06-17 09:28:24,S,1063.5,1,4
2021-06-17 09:28:24,S,1063.55,3,13
2021-06-17 09:28:24,S,1063.65,2,5
2021-06-17 09:28:24,S,1063.95,2,2
2021-06-17 09:28:24,S,1064.0,2,26
2021-06-17 09:28:24,B,1061.95,1,2
2021-06-17 09:28:24,B,1061.9,2,13
2021-06-17 09:28:24,B,1061.1,2,7
2021-06-17 09:28:24,B,1061.05,1,6
2021-06-17 09:28:24,B,1061.0,1,24
2021-06-17 09:28:28,S,1063.5,1,4
2021-06-17 09:28:28,S,1063.55,1,2
2021-06-17 09:28:28,S,1063.65,2,5
2021-06-17 09:28:28,S,1063.95,3,3
2021-06-17 09:28:28,S,1064.0,2,26
2021-06-17 09:28:28,B,1062.25,1,4
2021-06-17 09:28:28,B,1061.4,1,2
2021-06-17 09:28:28,B,1061.35,2,4
2021-06-17 09:28:28,B,1061.1,2,7
2021-06-17 09:28:28,B,1061.05,1,6
2021-06-17 09:28:29,S,1063.5,1,4
2021-06-17 09:28:29,S,1063.55,1,2
2021-06-17 09:28:29,S,1063.65,2,5
2021-06-17 09:28:29,S,1063.95,3,3
2021-06-17 09:28:29,S,1064.0,2,26
2021-06-17 09:28:29,B,1062.25,1,4
2021-06-17 09:28:29,B,1061.4,1,2
2021-06-17 09:28:29,B,1061.35,2,4
2021-06-17 09:28:29,B,1061.1,2,7
2021-06-17 09:28:29,B,1061.05,1,6
2021-06-17 09:28:31,S,1062.1,1,6
2021-06-17 09:28:31,S,1062.9,1,2
2021-06-17 09:28:31,S,1062.95,3,3
2021-06-17 09:28:31,S,1063.9,2,2
2021-06-17 09:28:31,S,1063.95,1,6
2021-06-17 09:28:31,B,1060.1,1,5
2021-06-17 09:28:31,B,1060.05,2,7
2021-06-17 09:28:31,B,1060.0,10,90
2021-06-17 09:28:31,B,1059.45,3,3
2021-06-17 09:28:31,B,1059.4,2,9
2021-06-17 09:28:33,S,1062.1,1,6
2021-06-17 09:28:33,S,1062.9,1,2
2021-06-17 09:28:33,S,1062.95,3,3
2021-06-17 09:28:33,S,1063.9,2,2
2021-06-17 09:28:33,S,1063.95,1,6
2021-06-17 09:28:33,B,1060.1,1,5
2021-06-17 09:28:33,B,1060.05,2,7
2021-06-17 09:28:33,B,1060.0,10,90
2021-06-17 09:28:33,B,1059.45,3,3
2021-06-17 09:28:33,B,1059.4,2,9
2021-06-17 09:28:34,S,1062.85,4,9
2021-06-17 09:28:34,S,1062.9,3,3
2021-06-17 09:28:34,S,1062.95,3,3
2021-06-17 09:28:34,S,1063.05,2,6
2021-06-17 09:28:34,S,1063.25,2,6
2021-06-17 09:28:34,B,1060.95,2,7
2021-06-17 09:28:34,B,1060.9,1,9
2021-06-17 09:28:34,B,1060.2,2,3
2021-06-17 09:28:34,B,1060.15,3,3
2021-06-17 09:28:34,B,1060.05,2,19
2021-06-17 09:28:37,S,1062.85,3,7
2021-06-17 09:28:37,S,1062.9,1,2
2021-06-17 09:28:37,S,1062.95,4,9
2021-06-17 09:28:37,S,1063.0,2,26
2021-06-17 09:28:37,S,1063.15,2,2
2021-06-17 09:28:37,B,1061.4,1,2
2021-06-17 09:28:37,B,1061.35,1,10
2021-06-17 09:28:37,B,1061.1,1,2
2021-06-17 09:28:37,B,1061.0,1,5
2021-06-17 09:28:37,B,1060.8,1,2
2021-06-17 09:28:41,S,1062.85,3,7
2021-06-17 09:28:41,S,1062.9,1,2
2021-06-17 09:28:41,S,1062.95,5,18
2021-06-17 09:28:41,S,1063.0,2,26
2021-06-17 09:28:41,S,1063.15,2,2
2021-06-17 09:28:41,B,1061.4,1,2
2021-06-17 09:28:41,B,1061.35,1,10
2021-06-17 09:28:41,B,1061.1,1,2
2021-06-17 09:28:41,B,1061.0,1,5
2021-06-17 09:28:41,B,1060.8,1,2
2021-06-17 09:28:44,S,1062.85,2,3
2021-06-17 09:28:44,S,1062.9,1,2
2021-06-17 09:28:44,S,1062.95,4,9
2021-06-17 09:28:44,S,1063.0,2,26
2021-06-17 09:28:44,S,1063.15,2,2
2021-06-17 09:28:44,B,1061.55,1,2
2021-06-17 09:28:44,B,1061.5,1,9
2021-06-17 09:28:44,B,1061.1,1,2
2021-06-17 09:28:44,B,1061.0,1,5
2021-06-17 09:28:44,B,1060.8,1,2
2021-06-17 09:28:47,S,1062.85,2,3
2021-06-17 09:28:47,S,1062.9,1,2
2021-06-17 09:28:47,S,1062.95,4,9
2021-06-17 09:28:47,S,1063.0,2,26
2021-06-17 09:28:47,S,1063.15,2,2
2021-06-17 09:28:47,B,1061.55,1,2
2021-06-17 09:28:47,B,1061.5,1,9
2021-06-17 09:28:47,B,1061.1,1,2
2021-06-17 09:28:47,B,1061.0,1,5
2021-06-17 09:28:47,B,1060.8,1,2
2021-06-17 09:28:48,S,1061.7,1,2
2021-06-17 09:28:48,S,1061.75,1,1
2021-06-17 09:28:48,S,1061.85,3,3
2021-06-17 09:28:48,S,1061.9,2,2
2021-06-17 09:28:48,S,1061.95,2,3
2021-06-17 09:28:48,B,1060.05,1,4
2021-06-17 09:28:48,B,1060.0,8,42
2021-06-17 09:28:48,B,1059.05,2,2
2021-06-17 09:28:48,B,1059.0,1,1
2021-06-17 09:28:48,B,1058.6,3,7
2021-06-17 09:28:51,S,1061.7,1,2
2021-06-17 09:28:51,S,1061.75,1,1
2021-06-17 09:28:51,S,1061.85,3,3
2021-06-17 09:28:51,S,1061.9,2,2
2021-06-17 09:28:51,S,1061.95,2,3
2021-06-17 09:28:51,B,1060.05,1,4
2021-06-17 09:28:51,B,1060.0,8,42
2021-06-17 09:28:51,B,1059.05,2,2
2021-06-17 09:28:51,B,1059.0,1,1
2021-06-17 09:28:51,B,1058.6,3,7
2021-06-17 09:28:51,S,1061.5,1,2
2021-06-17 09:28:51,S,1061.55,2,5
2021-06-17 09:28:51,S,1061.6,2,11
2021-06-17 09:28:51,S,1061.85,3,3
2021-06-17 09:28:51,S,1061.9,2,2
2021-06-17 09:28:51,B,1060.1,1,2
2021-06-17 09:28:51,B,1060.05,1,4
2021-06-17 09:28:51,B,1060.0,8,42
2021-06-17 09:28:51,B,1059.95,1,9
2021-06-17 09:28:51,B,1059.3,1,2
2021-06-17 09:28:52,S,1061.5,1,2
2021-06-17 09:28:52,S,1061.55,2,5
2021-06-17 09:28:52,S,1061.6,2,11
2021-06-17 09:28:52,S,1061.85,3,3
2021-06-17 09:28:52,S,1061.9,2,2
2021-06-17 09:28:52,B,1060.1,1,2
2021-06-17 09:28:52,B,1060.05,1,4
2021-06-17 09:28:52,B,1060.0,8,42
2021-06-17 09:28:52,B,1059.95,1,9
2021-06-17 09:28:52,B,1059.3,1,2
2021-06-17 09:28:54,S,1061.8,3,3
2021-06-17 09:28:54,S,1061.85,3,3
2021-06-17 09:28:54,S,1061.9,2,11
2021-06-17 09:28:54,S,1062.05,2,5
2021-06-17 09:28:54,S,1062.3,1,7
2021-06-17 09:28:54,B,1060.3,2,3
2021-06-17 09:28:54,B,1060.25,1,9
2021-06-17 09:28:54,B,1060.0,8,42
2021-06-17 09:28:54,B,1059.3,1,2
2021-06-17 09:28:54,B,1059.0,1,1
2021-06-17 09:28:58,S,1061.8,3,3
2021-06-17 09:28:58,S,1061.85,3,3
2021-06-17 09:28:58,S,1062.05,2,5
2021-06-17 09:28:58,S,1062.25,1,10
2021-06-17 09:28:58,S,1062.3,1,7
2021-06-17 09:28:58,B,1060.6,1,2
2021-06-17 09:28:58,B,1060.55,1,1
2021-06-17 09:28:58,B,1060.45,1,10
2021-06-17 09:28:58,B,1060.0,9,43
2021-06-17 09:28:58,B,1059.3,1,2
2021-06-17 09:29:01,S,1061.75,5,5
2021-06-17 09:29:01,S,1062.05,2,5
2021-06-17 09:29:01,S,1062.25,2,3
2021-06-17 09:29:01,S,1062.3,1,7
2021-06-17 09:29:01,S,1062.35,1,7
2021-06-17 09:29:01,B,1060.15,1,2
2021-06-17 09:29:01,B,1060.1,1,4
2021-06-17 09:29:01,B,1060.0,9,43
2021-06-17 09:29:01,B,1059.3,1,2
2021-06-17 09:29:01,B,1059.0,1,1
2021-06-17 09:29:04,S,1061.7,2,2
2021-06-17 09:29:04,S,1062.0,2,2
2021-06-17 09:29:04,S,1062.05,2,5
2021-06-17 09:29:04,S,1062.25,2,3
2021-06-17 09:29:04,S,1062.3,1,7
2021-06-17 09:29:04,B,1060.1,1,2
2021-06-17 09:29:04,B,1060.05,1,5
2021-06-17 09:29:04,B,1060.0,9,43
2021-06-17 09:29:04,B,1059.3,1,2
2021-06-17 09:29:04,B,1059.0,1,1
2021-06-17 09:29:08,S,1061.7,1,1
2021-06-17 09:29:08,S,1061.95,1,1
2021-06-17 09:29:08,S,1062.2,3,3
2021-06-17 09:29:08,S,1062.25,1,2
2021-06-17 09:29:08,S,1062.3,1,7
2021-06-17 09:29:08,B,1061.05,1,2
2021-06-17 09:29:08,B,1061.0,1,9
2021-06-17 09:29:08,B,1060.7,1,5
2021-06-17 09:29:08,B,1060.0,10,44
2021-06-17 09:29:08,B,1059.3,1,2
2021-06-17 09:29:11,S,1061.6,1,25
2021-06-17 09:29:11,S,1061.9,3,3
2021-06-17 09:29:11,S,1062.2,3,3
2021-06-17 09:29:11,S,1062.25,2,3
2021-06-17 09:29:11,S,1062.3,1,7
2021-06-17 09:29:11,B,1060.5,2,11
2021-06-17 09:29:11,B,1060.45,1,3
2021-06-17 09:29:11,B,1060.0,10,44
2021-06-17 09:29:11,B,1059.95,1,3
2021-06-17 09:29:11,B,1059.3,1,2
2021-06-17 09:29:12,S,1061.6,1,25
2021-06-17 09:29:12,S,1061.9,3,3
2021-06-17 09:29:12,S,1062.2,3,3
2021-06-17 09:29:12,S,1062.25,2,3
2021-06-17 09:29:12,S,1062.3,1,7
2021-06-17 09:29:12,B,1060.5,2,11
2021-06-17 09:29:12,B,1060.45,1,3
2021-06-17 09:29:12,B,1060.0,10,44
2021-06-17 09:29:12,B,1059.95,1,3
2021-06-17 09:29:12,B,1059.3,1,2
2021-06-17 09:29:13,S,1061.6,1,25
2021-06-17 09:29:13,S,1061.9,3,3
2021-06-17 09:29:13,S,1062.2,3,3
2021-06-17 09:29:13,S,1062.25,2,3
2021-06-17 09:29:13,S,1062.3,1,7
2021-06-17 09:29:13,B,1060.5,2,11
2021-06-17 09:29:13,B,1060.45,1,3
2021-06-17 09:29:13,B,1060.0,10,44
2021-06-17 09:29:13,B,1059.95,1,3
2021-06-17 09:29:13,B,1059.3,1,2
2021-06-17 09:29:15,S,1061.6,1,19
2021-06-17 09:29:15,S,1061.9,3,3
2021-06-17 09:29:15,S,1062.1,2,5
2021-06-17 09:29:15,S,1062.2,3,3
2021-06-17 09:29:15,S,1062.25,3,9
2021-06-17 09:29:15,B,1060.5,2,11
2021-06-17 09:29:15,B,1060.45,1,3
2021-06-17 09:29:15,B,1060.0,10,44
2021-06-17 09:29:15,B,1059.95,1,3
2021-06-17 09:29:15,B,1059.3,1,2
2021-06-17 09:29:16,S,1061.6,1,19
2021-06-17 09:29:16,S,1061.9,3,3
2021-06-17 09:29:16,S,1062.1,2,5
2021-06-17 09:29:16,S,1062.2,3,3
2021-06-17 09:29:16,S,1062.25,3,9
2021-06-17 09:29:16,B,1060.5,2,11
2021-06-17 09:29:16,B,1060.45,1,3
2021-06-17 09:29:16,B,1060.0,10,44
2021-06-17 09:29:16,B,1059.95,1,3
2021-06-17 09:29:16,B,1059.3,1,2
2021-06-17 09:29:18,S,1063.1,5,5
2021-06-17 09:29:18,S,1063.15,1,7
2021-06-17 09:29:18,S,1063.2,2,7
2021-06-17 09:29:18,S,1063.3,1,6
2021-06-17 09:29:18,S,1063.35,2,14
2021-06-17 09:29:18,B,1061.75,2,6
2021-06-17 09:29:18,B,1061.7,1,1
2021-06-17 09:29:18,B,1061.15,1,2
2021-06-17 09:29:18,B,1061.1,1,9
2021-06-17 09:29:18,B,1060.05,1,6
2021-06-17 09:29:22,S,1063.1,5,5
2021-06-17 09:29:22,S,1063.15,1,7
2021-06-17 09:29:22,S,1063.2,2,7
2021-06-17 09:29:22,S,1063.35,1,4
2021-06-17 09:29:22,S,1063.5,1,9
2021-06-17 09:29:22,B,1061.9,1,2
2021-06-17 09:29:22,B,1061.85,1,10
2021-06-17 09:29:22,B,1061.75,2,6
2021-06-17 09:29:22,B,1061.7,1,1
2021-06-17 09:29:22,B,1061.6,1,2
2021-06-17 09:29:26,S,1063.1,5,5
2021-06-17 09:29:26,S,1063.15,1,7
2021-06-17 09:29:26,S,1063.2,2,7
2021-06-17 09:29:26,S,1063.35,1,4
2021-06-17 09:29:26,S,1063.5,1,9
2021-06-17 09:29:26,B,1061.9,1,2
2021-06-17 09:29:26,B,1061.85,1,10
2021-06-17 09:29:26,B,1061.75,2,6
2021-06-17 09:29:26,B,1061.7,1,1
2021-06-17 09:29:26,B,1061.6,1,2
2021-06-17 09:29:28,S,1063.7,2,4
2021-06-17 09:29:28,S,1063.75,1,8
2021-06-17 09:29:28,S,1064.0,2,5
2021-06-17 09:29:28,S,1064.15,1,10
2021-06-17 09:29:28,S,1064.5,1,4
2021-06-17 09:29:28,B,1062.3,1,2
2021-06-17 09:29:28,B,1062.25,1,9
2021-06-17 09:29:28,B,1061.75,1,5
2021-06-17 09:29:28,B,1061.7,1,1
2021-06-17 09:29:28,B,1061.6,1,2
2021-06-17 09:29:32,S,1063.7,2,4
2021-06-17 09:29:32,S,1063.75,1,8
2021-06-17 09:29:32,S,1064.0,2,5
2021-06-17 09:29:32,S,1064.45,1,5
2021-06-17 09:29:32,S,1064.5,1,4
2021-06-17 09:29:32,B,1061.8,1,2
2021-06-17 09:29:32,B,1061.75,1,5
2021-06-17 09:29:32,B,1061.7,1,1
2021-06-17 09:29:32,B,1061.6,1,2
2021-06-17 09:29:32,B,1061.0,1,15
2021-06-17 09:29:35,S,1063.7,2,4
2021-06-17 09:29:35,S,1063.75,1,8
2021-06-17 09:29:35,S,1064.0,2,5
2021-06-17 09:29:35,S,1064.45,1,5
2021-06-17 09:29:35,S,1064.5,1,4
2021-06-17 09:29:35,B,1061.8,1,2
2021-06-17 09:29:35,B,1061.75,1,5
2021-06-17 09:29:35,B,1061.7,1,1
2021-06-17 09:29:35,B,1061.6,1,2
2021-06-17 09:29:35,B,1061.0,1,15
2021-06-17 09:29:36,S,1063.65,1,1
2021-06-17 09:29:36,S,1063.7,2,4
2021-06-17 09:29:36,S,1063.75,3,14
2021-06-17 09:29:36,S,1064.0,2,5
2021-06-17 09:29:36,S,1064.15,1,8
2021-06-17 09:29:36,B,1061.8,1,2
2021-06-17 09:29:36,B,1061.75,1,5
2021-06-17 09:29:36,B,1061.7,1,1
2021-06-17 09:29:36,B,1061.6,1,2
2021-06-17 09:29:36,B,1061.05,1,6
2021-06-17 09:29:37,S,1063.65,1,1
2021-06-17 09:29:37,S,1063.7,2,4
2021-06-17 09:29:37,S,1063.75,3,14
2021-06-17 09:29:37,S,1064.0,2,5
2021-06-17 09:29:37,S,1064.15,1,8
2021-06-17 09:29:37,B,1061.8,1,2
2021-06-17 09:29:37,B,1061.75,1,5
2021-06-17 09:29:37,B,1061.7,1,1
2021-06-17 09:29:37,B,1061.6,1,2
2021-06-17 09:29:37,B,1061.05,1,6
2021-06-17 09:29:40,S,1063.0,1,100
2021-06-17 09:29:40,S,1063.3,1,10
2021-06-17 09:29:40,S,1063.95,2,6
2021-06-17 09:29:40,S,1064.15,1,10
2021-06-17 09:29:40,S,1064.3,1,1
2021-06-17 09:29:40,B,1061.8,1,2
2021-06-17 09:29:40,B,1061.75,2,12
2021-06-17 09:29:40,B,1061.7,2,8
2021-06-17 09:29:40,B,1061.65,1,9
2021-06-17 09:29:40,B,1061.6,1,2
2021-06-17 09:29:40,S,1063.0,1,100
2021-06-17 09:29:40,S,1063.3,1,10
2021-06-17 09:29:40,S,1063.95,2,6
2021-06-17 09:29:40,S,1064.15,1,10
2021-06-17 09:29:40,S,1064.3,1,1
2021-06-17 09:29:40,B,1061.8,1,2
2021-06-17 09:29:40,B,1061.75,2,12
2021-06-17 09:29:40,B,1061.7,2,8
2021-06-17 09:29:40,B,1061.65,1,9
2021-06-17 09:29:40,B,1061.6,1,2
2021-06-17 09:29:43,S,1063.0,1,95
2021-06-17 09:29:43,S,1063.3,1,10
2021-06-17 09:29:43,S,1063.95,2,6
2021-06-17 09:29:43,S,1064.15,1,10
2021-06-17 09:29:43,S,1064.35,3,7
2021-06-17 09:29:43,B,1061.8,1,2
2021-06-17 09:29:43,B,1061.75,2,12
2021-06-17 09:29:43,B,1061.7,2,8
2021-06-17 09:29:43,B,1061.65,1,9
2021-06-17 09:29:43,B,1061.6,1,2
2021-06-17 09:29:43,S,1063.0,1,95
2021-06-17 09:29:43,S,1063.3,1,10
2021-06-17 09:29:43,S,1063.95,2,6
2021-06-17 09:29:43,S,1064.15,1,10
2021-06-17 09:29:43,S,1064.35,3,7
2021-06-17 09:29:43,B,1061.8,1,2
2021-06-17 09:29:43,B,1061.75,2,12
2021-06-17 09:29:43,B,1061.7,2,8
2021-06-17 09:29:43,B,1061.65,1,9
2021-06-17 09:29:43,B,1061.6,1,2
2021-06-17 09:29:45,S,1063.0,1,95
2021-06-17 09:29:45,S,1063.3,1,10
2021-06-17 09:29:45,S,1063.95,2,6
2021-06-17 09:29:45,S,1064.15,1,10
2021-06-17 09:29:45,S,1064.35,3,7
2021-06-17 09:29:45,B,1061.8,1,2
2021-06-17 09:29:45,B,1061.75,2,12
2021-06-17 09:29:45,B,1061.7,2,8
2021-06-17 09:29:45,B,1061.65,1,9
2021-06-17 09:29:45,B,1061.6,1,2
2021-06-17 09:29:46,S,1063.0,1,88
2021-06-17 09:29:46,S,1063.3,1,10
2021-06-17 09:29:46,S,1063.4,2,5
2021-06-17 09:29:46,S,1063.9,1,4
2021-06-17 09:29:46,S,1064.15,1,10
2021-06-17 09:29:46,B,1061.8,1,2
2021-06-17 09:29:46,B,1061.75,2,12
2021-06-17 09:29:46,B,1061.7,2,8
2021-06-17 09:29:46,B,1061.65,1,9
2021-06-17 09:29:46,B,1061.6,1,2
2021-06-17 09:29:50,S,1063.0,1,88
2021-06-17 09:29:50,S,1063.3,1,10
2021-06-17 09:29:50,S,1063.4,2,5
2021-06-17 09:29:50,S,1063.9,1,4
2021-06-17 09:29:50,S,1064.15,1,10
2021-06-17 09:29:50,B,1061.8,1,2
2021-06-17 09:29:50,B,1061.75,2,12
2021-06-17 09:29:50,B,1061.7,2,8
2021-06-17 09:29:50,B,1061.65,1,9
2021-06-17 09:29:50,B,1061.6,1,2
2021-06-17 09:29:51,S,1063.0,1,88
2021-06-17 09:29:51,S,1063.3,1,10
2021-06-17 09:29:51,S,1063.4,2,5
2021-06-17 09:29:51,S,1063.9,1,4
2021-06-17 09:29:51,S,1064.15,1,10
2021-06-17 09:29:51,B,1061.8,1,2
2021-06-17 09:29:51,B,1061.75,2,12
2021-06-17 09:29:51,B,1061.7,2,8
2021-06-17 09:29:51,B,1061.65,1,9
2021-06-17 09:29:51,B,1061.6,1,2
2021-06-17 09:29:54,S,1064.45,3,11
2021-06-17 09:29:54,S,1064.5,2,2
2021-06-17 09:29:54,S,1064.65,2,8
2021-06-17 09:29:54,S,1064.7,2,6
2021-06-17 09:29:54,S,1064.75,2,8
2021-06-17 09:29:54,B,1061.8,1,2
2021-06-17 09:29:54,B,1061.75,2,11
2021-06-17 09:29:54,B,1061.7,1,1
2021-06-17 09:29:54,B,1061.6,1,2
2021-06-17 09:29:54,B,1061.15,1,3
2021-06-17 09:29:55,S,1064.45,3,11
2021-06-17 09:29:55,S,1064.5,2,2
2021-06-17 09:29:55,S,1064.65,2,8
2021-06-17 09:29:55,S,1064.7,2,6
2021-06-17 09:29:55,S,1064.75,2,8
2021-06-17 09:29:55,B,1061.8,1,2
2021-06-17 09:29:55,B,1061.75,2,11
2021-06-17 09:29:55,B,1061.7,1,1
2021-06-17 09:29:55,B,1061.6,1,2
2021-06-17 09:29:55,B,1061.15,1,3
2021-06-17 09:29:57,S,1064.1,1,10
2021-06-17 09:29:57,S,1064.15,1,3
2021-06-17 09:29:57,S,1064.2,1,1
2021-06-17 09:29:57,S,1064.35,2,8
2021-06-17 09:29:57,S,1064.45,2,5
2021-06-17 09:29:57,B,1063.0,1,5
2021-06-17 09:29:57,B,1062.05,1,2
2021-06-17 09:29:57,B,1062.0,1,3
2021-06-17 09:29:57,B,1061.75,1,5
2021-06-17 09:29:57,B,1061.7,1,1
2021-06-17 09:30:01,S,1064.1,2,11
2021-06-17 09:30:01,S,1064.15,1,3
2021-06-17 09:30:01,S,1064.35,2,8
2021-06-17 09:30:01,S,1064.45,2,5
2021-06-17 09:30:01,S,1064.65,2,8
2021-06-17 09:30:01,B,1063.0,1,5
2021-06-17 09:30:01,B,1062.5,1,2
2021-06-17 09:30:01,B,1062.45,1,10
2021-06-17 09:30:01,B,1062.0,1,3
2021-06-17 09:30:01,B,1061.75,1,5
2021-06-17 09:30:04,S,1064.1,2,11
2021-06-17 09:30:04,S,1064.15,1,3
2021-06-17 09:30:04,S,1064.35,2,8
2021-06-17 09:30:04,S,1064.45,2,5
2021-06-17 09:30:04,S,1064.65,2,8
2021-06-17 09:30:04,B,1063.0,1,5
2021-06-17 09:30:04,B,1062.5,1,2
2021-06-17 09:30:04,B,1062.45,1,10
2021-06-17 09:30:04,B,1062.0,1,3
2021-06-17 09:30:04,B,1061.75,1,5
2021-06-17 09:30:04,S,1064.1,2,11
2021-06-17 09:30:04,S,1064.15,1,3
2021-06-17 09:30:04,S,1064.35,2,8
2021-06-17 09:30:04,S,1064.45,2,5
2021-06-17 09:30:04,S,1064.65,2,8
2021-06-17 09:30:04,B,1063.0,1,5
2021-06-17 09:30:04,B,1062.5,1,2
2021-06-17 09:30:04,B,1062.45,1,10
2021-06-17 09:30:04,B,1062.0,1,3
2021-06-17 09:30:04,B,1061.75,1,5
2021-06-17 09:30:05,S,1063.65,1,3
2021-06-17 09:30:05,S,1063.7,1,1
2021-06-17 09:30:05,S,1063.75,2,2
2021-06-17 09:30:05,S,1064.35,2,8
2021-06-17 09:30:05,S,1064.45,2,5
2021-06-17 09:30:05,B,1062.0,1,2
2021-06-17 09:30:05,B,1061.95,1,7
2021-06-17 09:30:05,B,1061.9,1,6
2021-06-17 09:30:05,B,1060.75,1,2
2021-06-17 09:30:05,B,1060.7,1,3
2021-06-17 09:30:06,S,1063.65,1,3
2021-06-17 09:30:06,S,1063.7,1,1
2021-06-17 09:30:06,S,1063.75,2,2
2021-06-17 09:30:06,S,1064.35,2,8
2021-06-17 09:30:06,S,1064.45,2,5
2021-06-17 09:30:06,B,1062.0,1,2
2021-06-17 09:30:06,B,1061.95,1,7
2021-06-17 09:30:06,B,1061.9,1,6
2021-06-17 09:30:06,B,1060.75,1,2
2021-06-17 09:30:06,B,1060.7,1,3
2021-06-17 09:30:09,S,1063.65,1,13
2021-06-17 09:30:09,S,1063.7,2,2
2021-06-17 09:30:09,S,1063.75,2,2
2021-06-17 09:30:09,S,1064.35,2,8
2021-06-17 09:30:09,S,1064.7,1,5
2021-06-17 09:30:09,B,1062.0,1,2
2021-06-17 09:30:09,B,1061.95,1,7
2021-06-17 09:30:09,B,1061.9,1,6
2021-06-17 09:30:09,B,1060.7,1,3
2021-06-17 09:30:09,B,1060.45,1,3
2021-06-17 09:30:09,S,1063.65,1,13
2021-06-17 09:30:09,S,1063.7,2,2
2021-06-17 09:30:09,S,1063.75,2,2
2021-06-17 09:30:09,S,1064.35,2,8
2021-06-17 09:30:09,S,1064.7,1,5
2021-06-17 09:30:09,B,1062.0,1,2
2021-06-17 09:30:09,B,1061.95,1,7
2021-06-17 09:30:09,B,1061.9,1,6
2021-06-17 09:30:09,B,1060.7,1,3
2021-06-17 09:30:09,B,1060.45,1,3
2021-06-17 09:30:13,S,1064.65,1,7
2021-06-17 09:30:13,S,1064.85,1,7
2021-06-17 09:30:13,S,1064.95,3,11
2021-06-17 09:30:13,S,1065.0,3,670
2021-06-17 09:30:13,S,1065.3,1,10
2021-06-17 09:30:13,B,1064.0,1,191
2021-06-17 09:30:13,B,1063.7,1,2
2021-06-17 09:30:13,B,1063.65,1,9
2021-06-17 09:30:13,B,1062.35,1,10
2021-06-17 09:30:13,B,1061.0,1,3
2021-06-17 09:30:16,S,1064.65,1,7
2021-06-17 09:30:16,S,1064.85,1,7
2021-06-17 09:30:16,S,1064.95,3,11
2021-06-17 09:30:16,S,1065.0,3,670
2021-06-17 09:30:16,S,1065.6,1,4
2021-06-17 09:30:16,B,1064.0,1,191
2021-06-17 09:30:16,B,1063.7,1,2
2021-06-17 09:30:16,B,1063.65,1,9
2021-06-17 09:30:16,B,1062.75,1,3
2021-06-17 09:30:16,B,1062.35,1,10
2021-06-17 09:30:20,S,1064.65,1,7
2021-06-17 09:30:20,S,1064.85,1,7
2021-06-17 09:30:20,S,1064.95,3,11
2021-06-17 09:30:20,S,1065.0,3,670
2021-06-17 09:30:20,S,1065.4,1,9
2021-06-17 09:30:20,B,1064.0,1,191
2021-06-17 09:30:20,B,1063.7,1,2
2021-06-17 09:30:20,B,1063.65,1,9
2021-06-17 09:30:20,B,1062.75,1,3
2021-06-17 09:30:20,B,1062.35,1,10
2021-06-17 09:30:24,S,1064.65,1,7
2021-06-17 09:30:24,S,1064.85,1,7
2021-06-17 09:30:24,S,1064.95,3,11
2021-06-17 09:30:24,S,1065.0,3,670
2021-06-17 09:30:24,S,1065.3,1,10
2021-06-17 09:30:24,B,1064.0,1,191
2021-06-17 09:30:24,B,1063.7,1,2
2021-06-17 09:30:24,B,1063.65,1,9
2021-06-17 09:30:24,B,1062.75,1,3
2021-06-17 09:30:24,B,1062.35,1,10
2021-06-17 09:30:26,S,1064.65,1,7
2021-06-17 09:30:26,S,1064.85,1,7
2021-06-17 09:30:26,S,1064.95,3,11
2021-06-17 09:30:26,S,1065.0,3,670
2021-06-17 09:30:26,S,1065.3,1,10
2021-06-17 09:30:26,B,1064.0,1,191
2021-06-17 09:30:26,B,1063.7,1,2
2021-06-17 09:30:26,B,1063.65,1,9
2021-06-17 09:30:26,B,1062.75,1,3
2021-06-17 09:30:26,B,1062.35,1,10
2021-06-17 09:30:27,S,1064.65,1,7
2021-06-17 09:30:27,S,1064.85,1,7
2021-06-17 09:30:27,S,1064.95,3,11
2021-06-17 09:30:27,S,1065.0,3,670
2021-06-17 09:30:27,S,1065.3,1,10
2021-06-17 09:30:27,B,1064.0,1,191
2021-06-17 09:30:27,B,1063.7,1,2
2021-06-17 09:30:27,B,1063.65,1,9
2021-06-17 09:30:27,B,1062.75,1,3
2021-06-17 09:30:27,B,1062.35,1,10
2021-06-17 09:30:27,S,1065.0,3,475
2021-06-17 09:30:27,S,1065.95,1,28
2021-06-17 09:30:27,S,1066.0,2,26
2021-06-17 09:30:27,S,1066.45,2,12
2021-06-17 09:30:27,S,1066.5,1,4
2021-06-17 09:30:27,B,1064.0,1,191
2021-06-17 09:30:27,B,1063.8,1,2
2021-06-17 09:30:27,B,1063.75,1,1
2021-06-17 09:30:27,B,1063.4,1,3
2021-06-17 09:30:27,B,1062.75,1,3
2021-06-17 09:30:34,S,1065.0,3,475
2021-06-17 09:30:34,S,1065.7,1,10
2021-06-17 09:30:34,S,1065.85,1,10
2021-06-17 09:30:34,S,1065.95,2,29
2021-06-17 09:30:34,S,1066.0,2,26
2021-06-17 09:30:34,B,1064.65,1,10
2021-06-17 09:30:34,B,1064.0,1,191
2021-06-17 09:30:34,B,1063.8,1,2
2021-06-17 09:30:34,B,1063.75,1,1
2021-06-17 09:30:34,B,1063.4,1,3
2021-06-17 09:30:36,S,1065.0,3,475
2021-06-17 09:30:36,S,1065.7,1,10
2021-06-17 09:30:36,S,1065.85,1,10
2021-06-17 09:30:36,S,1065.95,2,29
2021-06-17 09:30:36,S,1066.0,2,26
2021-06-17 09:30:36,B,1064.65,1,10
2021-06-17 09:30:36,B,1064.0,1,191
2021-06-17 09:30:36,B,1063.8,1,2
2021-06-17 09:30:36,B,1063.75,1,1
2021-06-17 09:30:36,B,1063.4,1,3
2021-06-17 09:30:38,S,1065.95,1,2
2021-06-17 09:30:38,S,1066.0,1,25
2021-06-17 09:30:38,S,1066.5,2,5
2021-06-17 09:30:38,S,1066.55,1,4
2021-06-17 09:30:38,S,1067.0,2,30
2021-06-17 09:30:38,B,1064.8,1,2
2021-06-17 09:30:38,B,1064.75,1,7
2021-06-17 09:30:38,B,1064.65,1,10
2021-06-17 09:30:38,B,1064.3,1,3
2021-06-17 09:30:38,B,1064.05,3,13
2021-06-17 09:30:42,S,1065.95,1,2
2021-06-17 09:30:42,S,1066.0,1,25
2021-06-17 09:30:42,S,1066.5,2,5
2021-06-17 09:30:42,S,1066.55,1,4
2021-06-17 09:30:42,S,1067.0,2,30
2021-06-17 09:30:42,B,1065.0,1,9
2021-06-17 09:30:42,B,1064.8,1,2
2021-06-17 09:30:42,B,1064.75,1,4
2021-06-17 09:30:42,B,1064.65,1,10
2021-06-17 09:30:42,B,1064.3,1,3
2021-06-17 09:30:45,S,1065.95,1,2
2021-06-17 09:30:45,S,1066.0,2,26
2021-06-17 09:30:45,S,1066.4,1,10
2021-06-17 09:30:45,S,1066.5,2,5
2021-06-17 09:30:45,S,1066.55,1,4
2021-06-17 09:30:45,B,1064.8,1,2
2021-06-17 09:30:45,B,1064.75,1,4
2021-06-17 09:30:45,B,1064.65,1,10
2021-06-17 09:30:45,B,1064.3,1,3
2021-06-17 09:30:45,B,1064.05,3,13
2021-06-17 09:30:49,S,1065.95,1,2
2021-06-17 09:30:49,S,1066.0,2,26
2021-06-17 09:30:49,S,1066.4,2,11
2021-06-17 09:30:49,S,1066.5,2,5
2021-06-17 09:30:49,S,1066.55,1,4
2021-06-17 09:30:49,B,1064.8,1,2
2021-06-17 09:30:49,B,1064.75,1,4
2021-06-17 09:30:49,B,1064.65,1,10
2021-06-17 09:30:49,B,1064.3,1,3
2021-06-17 09:30:49,B,1064.05,3,13
2021-06-17 09:30:53,S,1065.95,1,2
2021-06-17 09:30:53,S,1066.0,2,26
2021-06-17 09:30:53,S,1066.4,2,11
2021-06-17 09:30:53,S,1066.5,2,5
2021-06-17 09:30:53,S,1066.55,1,4
2021-06-17 09:30:53,B,1064.8,1,2
2021-06-17 09:30:53,B,1064.75,1,4
2021-06-17 09:30:53,B,1064.65,1,10
2021-06-17 09:30:53,B,1064.3,1,3
2021-06-17 09:30:53,B,1064.05,3,13
2021-06-17 09:30:57,S,1066.0,2,25
2021-06-17 09:30:57,S,1066.5,2,5
2021-06-17 09:30:57,S,1066.55,1,4
2021-06-17 09:30:57,S,1067.0,2,30
2021-06-17 09:30:57,S,1067.35,1,11
2021-06-17 09:30:57,B,1064.85,1,4
2021-06-17 09:30:57,B,1064.7,1,2
2021-06-17 09:30:57,B,1064.65,1,10
2021-06-17 09:30:57,B,1064.3,1,3
2021-06-17 09:30:57,B,1064.2,1,7
2021-06-17 09:31:00,S,1066.0,2,25
2021-06-17 09:31:00,S,1066.5,2,5
2021-06-17 09:31:00,S,1066.55,1,4
2021-06-17 09:31:00,S,1067.0,2,30
2021-06-17 09:31:00,S,1067.35,1,11
2021-06-17 09:31:00,B,1064.85,1,4
2021-06-17 09:31:00,B,1064.7,1,2
2021-06-17 09:31:00,B,1064.65,1,10
2021-06-17 09:31:00,B,1064.3,1,3
2021-06-17 09:31:00,B,1064.2,1,7
2021-06-17 09:31:00,S,1067.0,3,31
2021-06-17 09:31:00,S,1067.5,1,22
2021-06-17 09:31:00,S,1067.55,1,9
2021-06-17 09:31:00,S,1067.65,1,4
2021-06-17 09:31:00,S,1068.0,2,29
2021-06-17 09:31:00,B,1066.0,1,25
2021-06-17 09:31:00,B,1064.8,2,3
2021-06-17 09:31:00,B,1064.75,1,25
2021-06-17 09:31:00,B,1064.7,1,1
2021-06-17 09:31:00,B,1064.65,1,10
2021-06-17 09:31:04,S,1067.0,3,31
2021-06-17 09:31:04,S,1067.65,2,5
2021-06-17 09:31:04,S,1068.0,2,29
2021-06-17 09:31:04,S,1068.05,1,5
2021-06-17 09:31:04,S,1068.25,1,12
2021-06-17 09:31:04,B,1066.05,2,8
2021-06-17 09:31:04,B,1066.0,1,25
2021-06-17 09:31:04,B,1065.2,1,6
2021-06-17 09:31:04,B,1065.15,1,26
2021-06-17 09:31:04,B,1065.05,1,8
2021-06-17 09:31:07,S,1067.0,3,31
2021-06-17 09:31:07,S,1067.65,2,5
2021-06-17 09:31:07,S,1068.0,3,30
2021-06-17 09:31:07,S,1068.05,1,5
2021-06-17 09:31:07,S,1068.25,1,12
2021-06-17 09:31:07,B,1066.05,2,8
2021-06-17 09:31:07,B,1066.0,1,25
2021-06-17 09:31:07,B,1065.2,1,6
2021-06-17 09:31:07,B,1065.15,1,26
2021-06-17 09:31:07,B,1065.05,1,8
2021-06-17 09:31:09,S,1067.0,3,31
2021-06-17 09:31:09,S,1067.65,2,5
2021-06-17 09:31:09,S,1068.0,3,30
2021-06-17 09:31:09,S,1068.05,1,5
2021-06-17 09:31:09,S,1068.25,1,12
2021-06-17 09:31:09,B,1066.05,2,8
2021-06-17 09:31:09,B,1066.0,1,25
2021-06-17 09:31:09,B,1065.2,1,6
2021-06-17 09:31:09,B,1065.15,1,26
2021-06-17 09:31:09,B,1065.05,1,8
2021-06-17 09:31:11,S,1067.8,2,10
2021-06-17 09:31:11,S,1067.95,2,7
2021-06-17 09:31:11,S,1068.0,3,30
2021-06-17 09:31:11,S,1068.4,1,10
2021-06-17 09:31:11,S,1068.5,1,4
2021-06-17 09:31:11,B,1066.05,1,2
2021-06-17 09:31:11,B,1066.0,1,25
2021-06-17 09:31:11,B,1065.1,1,1
2021-06-17 09:31:11,B,1065.05,1,6
2021-06-17 09:31:11,B,1065.0,2,196
2021-06-17 09:31:14,S,1067.8,2,10
2021-06-17 09:31:14,S,1067.95,2,7
2021-06-17 09:31:14,S,1068.0,3,30
2021-06-17 09:31:14,S,1068.4,1,10
2021-06-17 09:31:14,S,1068.5,1,4
2021-06-17 09:31:14,B,1066.05,1,2
2021-06-17 09:31:14,B,1066.0,1,25
2021-06-17 09:31:14,B,1065.1,1,1
2021-06-17 09:31:14,B,1065.05,1,6
2021-06-17 09:31:14,B,1065.0,2,196
2021-06-17 09:31:18,S,1067.8,2,10
2021-06-17 09:31:18,S,1067.95,2,7
2021-06-17 09:31:18,S,1068.0,3,30
2021-06-17 09:31:18,S,1068.4,1,10
2021-06-17 09:31:18,S,1068.5,1,4
2021-06-17 09:31:18,B,1066.05,1,2
2021-06-17 09:31:18,B,1066.0,1,25
2021-06-17 09:31:18,B,1065.2,2,10
2021-06-17 09:31:18,B,1065.15,1,7
2021-06-17 09:31:18,B,1065.1,2,8
2021-06-17 09:31:20,S,1067.8,2,10
2021-06-17 09:31:20,S,1067.95,2,7
2021-06-17 09:31:20,S,1068.0,3,30
2021-06-17 09:31:20,S,1068.4,1,10
2021-06-17 09:31:20,S,1068.5,1,4
2021-06-17 09:31:20,B,1066.05,1,2
2021-06-17 09:31:20,B,1066.0,1,25
2021-06-17 09:31:20,B,1065.2,2,10
2021-06-17 09:31:20,B,1065.15,1,7
2021-06-17 09:31:20,B,1065.1,2,8
2021-06-17 09:31:21,S,1067.9,1,8
2021-06-17 09:31:21,S,1067.95,2,8
2021-06-17 09:31:21,S,1068.0,2,23
2021-06-17 09:31:21,S,1068.4,1,10
2021-06-17 09:31:21,S,1068.5,1,4
2021-06-17 09:31:21,B,1066.05,1,2
2021-06-17 09:31:21,B,1066.0,1,25
2021-06-17 09:31:21,B,1065.2,1,7
2021-06-17 09:31:21,B,1065.15,2,10
2021-06-17 09:31:21,B,1065.1,1,7
2021-06-17 09:31:25,S,1067.85,1,8
2021-06-17 09:31:25,S,1067.9,2,5
2021-06-17 09:31:25,S,1068.0,2,23
2021-06-17 09:31:25,S,1068.4,1,10
2021-06-17 09:31:25,S,1068.5,1,4
2021-06-17 09:31:25,B,1067.0,1,6
2021-06-17 09:31:25,B,1066.05,1,2
2021-06-17 09:31:25,B,1066.0,1,25
2021-06-17 09:31:25,B,1065.3,1,4
2021-06-17 09:31:25,B,1065.25,1,3
2021-06-17 09:31:29,S,1067.85,1,8
2021-06-17 09:31:29,S,1067.9,2,5
2021-06-17 09:31:29,S,1068.0,2,23
2021-06-17 09:31:29,S,1068.4,1,10
2021-06-17 09:31:29,S,1068.5,1,4
2021-06-17 09:31:29,B,1067.0,1,6
2021-06-17 09:31:29,B,1066.05,1,2
2021-06-17 09:31:29,B,1066.0,1,25
2021-06-17 09:31:29,B,1065.3,1,4
2021-06-17 09:31:29,B,1065.25,1,3
2021-06-17 09:31:30,S,1067.85,1,8
2021-06-17 09:31:30,S,1067.9,2,5
2021-06-17 09:31:30,S,1068.0,2,23
2021-06-17 09:31:30,S,1068.4,1,10
2021-06-17 09:31:30,S,1068.5,1,4
2021-06-17 09:31:30,B,1067.0,1,6
2021-06-17 09:31:30,B,1066.05,1,2
2021-06-17 09:31:30,B,1066.0,1,25
2021-06-17 09:31:30,B,1065.3,1,4
2021-06-17 09:31:30,B,1065.25,1,3
2021-06-17 09:31:33,S,1068.2,1,10
2021-06-17 09:31:33,S,1068.35,2,8
2021-06-17 09:31:33,S,1068.55,2,5
2021-06-17 09:31:33,S,1068.8,2,8
2021-06-17 09:31:33,S,1068.95,2,8
2021-06-17 09:31:33,B,1067.05,1,2
2021-06-17 09:31:33,B,1067.0,2,14
2021-06-17 09:31:33,B,1066.05,1,6
2021-06-17 09:31:33,B,1066.0,2,27
2021-06-17 09:31:33,B,1065.9,1,3
2021-06-17 09:31:33,S,1068.2,1,10
2021-06-17 09:31:33,S,1068.35,2,8
2021-06-17 09:31:33,S,1068.55,2,5
2021-06-17 09:31:33,S,1068.8,2,8
2021-06-17 09:31:33,S,1068.95,2,8
2021-06-17 09:31:33,B,1067.05,1,2
2021-06-17 09:31:33,B,1067.0,2,14
2021-06-17 09:31:33,B,1066.05,1,6
2021-06-17 09:31:33,B,1066.0,2,27
2021-06-17 09:31:33,B,1065.9,1,3
2021-06-17 09:31:34,S,1068.2,1,10
2021-06-17 09:31:34,S,1068.35,2,8
2021-06-17 09:31:34,S,1068.55,2,5
2021-06-17 09:31:34,S,1068.8,2,8
2021-06-17 09:31:34,S,1068.95,2,8
2021-06-17 09:31:34,B,1067.05,1,2
2021-06-17 09:31:34,B,1067.0,2,14
2021-06-17 09:31:34,B,1066.05,1,6
2021-06-17 09:31:34,B,1066.0,2,27
2021-06-17 09:31:34,B,1065.9,1,3
2021-06-17 09:31:36,S,1068.35,1,1
2021-06-17 09:31:36,S,1068.55,2,5
2021-06-17 09:31:36,S,1068.75,1,7
2021-06-17 09:31:36,S,1068.8,2,8
2021-06-17 09:31:36,S,1068.9,1,7
2021-06-17 09:31:36,B,1067.05,1,2
2021-06-17 09:31:36,B,1067.0,2,14
2021-06-17 09:31:36,B,1066.65,1,9
2021-06-17 09:31:36,B,1066.05,1,6
2021-06-17 09:31:36,B,1066.0,2,27
2021-06-17 09:31:39,S,1068.35,1,1
2021-06-17 09:31:39,S,1068.55,2,5
2021-06-17 09:31:39,S,1068.75,1,7
2021-06-17 09:31:39,S,1068.8,2,8
2021-06-17 09:31:39,S,1068.9,1,7
2021-06-17 09:31:39,B,1067.05,1,2
2021-06-17 09:31:39,B,1067.0,2,14
2021-06-17 09:31:39,B,1066.65,1,9
2021-06-17 09:31:39,B,1066.05,1,6
2021-06-17 09:31:39,B,1066.0,2,27
2021-06-17 09:31:40,S,1067.05,1,1
2021-06-17 09:31:40,S,1067.65,2,2
2021-06-17 09:31:40,S,1067.95,2,5
2021-06-17 09:31:40,S,1068.45,1,1
2021-06-17 09:31:40,S,1068.5,1,7
2021-06-17 09:31:40,B,1065.6,2,10
2021-06-17 09:31:40,B,1065.5,2,7
2021-06-17 09:31:40,B,1065.45,2,3
2021-06-17 09:31:40,B,1065.3,2,8
2021-06-17 09:31:40,B,1065.2,2,8
2021-06-17 09:31:42,S,1067.05,1,1
2021-06-17 09:31:42,S,1067.65,2,2
2021-06-17 09:31:42,S,1067.95,2,5
2021-06-17 09:31:42,S,1068.45,1,1
2021-06-17 09:31:42,S,1068.5,1,7
2021-06-17 09:31:42,B,1065.6,2,10
2021-06-17 09:31:42,B,1065.5,2,7
2021-06-17 09:31:42,B,1065.45,2,3
2021-06-17 09:31:42,B,1065.3,2,8
2021-06-17 09:31:42,B,1065.2,2,8
2021-06-17 09:31:43,S,1067.95,2,2
2021-06-17 09:31:43,S,1068.0,1,8
2021-06-17 09:31:43,S,1068.35,2,8
2021-06-17 09:31:43,S,1068.4,2,8
2021-06-17 09:31:43,S,1068.45,3,9
2021-06-17 09:31:43,B,1066.5,1,1
2021-06-17 09:31:43,B,1066.45,1,5
2021-06-17 09:31:43,B,1066.35,1,10
2021-06-17 09:31:43,B,1065.45,1,3
2021-06-17 09:31:43,B,1065.4,2,9
2021-06-17 09:31:46,S,1067.95,2,2
2021-06-17 09:31:46,S,1068.0,1,8
2021-06-17 09:31:46,S,1068.35,2,8
2021-06-17 09:31:46,S,1068.4,2,8
2021-06-17 09:31:46,S,1068.45,3,9
2021-06-17 09:31:46,B,1066.5,1,1
2021-06-17 09:31:46,B,1066.45,1,5
2021-06-17 09:31:46,B,1066.35,1,10
2021-06-17 09:31:46,B,1065.45,1,3
2021-06-17 09:31:46,B,1065.4,2,9
2021-06-17 09:31:47,S,1068.25,1,1
2021-06-17 09:31:47,S,1068.3,1,7
2021-06-17 09:31:47,S,1068.35,2,8
2021-06-17 09:31:47,S,1068.4,1,1
2021-06-17 09:31:47,S,1068.45,2,8
2021-06-17 09:31:47,B,1066.85,1,1
2021-06-17 09:31:47,B,1066.8,1,8
2021-06-17 09:31:47,B,1066.75,1,7
2021-06-17 09:31:47,B,1065.95,1,3
2021-06-17 09:31:47,B,1065.55,1,2
2021-06-17 09:31:49,S,1068.25,1,1
2021-06-17 09:31:49,S,1068.3,1,7
2021-06-17 09:31:49,S,1068.35,2,8
2021-06-17 09:31:49,S,1068.4,1,1
2021-06-17 09:31:49,S,1068.45,2,8
2021-06-17 09:31:49,B,1066.85,1,1
2021-06-17 09:31:49,B,1066.8,1,8
2021-06-17 09:31:49,B,1066.75,1,7
2021-06-17 09:31:49,B,1065.95,1,3
2021-06-17 09:31:49,B,1065.55,1,2
2021-06-17 09:31:51,S,1068.65,1,7
2021-06-17 09:31:51,S,1068.9,1,6
2021-06-17 09:31:51,S,1068.95,3,8
2021-06-17 09:31:51,S,1069.0,3,526
2021-06-17 09:31:51,S,1069.2,1,9
2021-06-17 09:31:51,B,1067.95,1,15
2021-06-17 09:31:51,B,1067.1,2,2
2021-06-17 09:31:51,B,1066.5,1,3
2021-06-17 09:31:51,B,1065.95,1,3
2021-06-17 09:31:51,B,1065.65,1,7
2021-06-17 09:31:54,S,1068.65,1,7
2021-06-17 09:31:54,S,1068.9,1,6
2021-06-17 09:31:54,S,1068.95,2,7
2021-06-17 09:31:54,S,1069.0,2,525
2021-06-17 09:31:54,S,1069.2,1,9
2021-06-17 09:31:54,B,1067.95,1,15
2021-06-17 09:31:54,B,1067.1,2,2
2021-06-17 09:31:54,B,1066.5,1,3
2021-06-17 09:31:54,B,1065.95,1,3
2021-06-17 09:31:54,B,1065.65,1,7
2021-06-17 09:31:57,S,1068.65,1,7
2021-06-17 09:31:57,S,1068.9,1,6
2021-06-17 09:31:57,S,1068.95,2,7
2021-06-17 09:31:57,S,1069.0,2,525
2021-06-17 09:31:57,S,1069.2,1,9
2021-06-17 09:31:57,B,1067.95,1,15
2021-06-17 09:31:57,B,1067.1,2,2
2021-06-17 09:31:57,B,1066.5,1,3
2021-06-17 09:31:57,B,1065.95,1,3
2021-06-17 09:31:57,B,1065.65,1,7
2021-06-17 09:31:58,S,1068.1,1,1
2021-06-17 09:31:58,S,1068.15,2,4
2021-06-17 09:31:58,S,1068.2,2,8
2021-06-17 09:31:58,S,1068.25,1,7
2021-06-17 09:31:58,S,1068.3,3,7
2021-06-17 09:31:58,B,1066.1,1,1
2021-06-17 09:31:58,B,1066.05,1,9
2021-06-17 09:31:58,B,1065.65,2,12
2021-06-17 09:31:58,B,1065.6,1,14
2021-06-17 09:31:58,B,1065.55,2,4
2021-06-17 09:31:59,S,1068.1,1,1
2021-06-17 09:31:59,S,1068.15,2,4
2021-06-17 09:31:59,S,1068.2,2,8
2021-06-17 09:31:59,S,1068.25,1,7
2021-06-17 09:31:59,S,1068.3,3,7
2021-06-17 09:31:59,B,1066.1,1,1
2021-06-17 09:31:59,B,1066.05,1,9
2021-06-17 09:31:59,B,1065.65,2,12
2021-06-17 09:31:59,B,1065.6,1,14
2021-06-17 09:31:59,B,1065.55,2,4
2021-06-17 09:32:01,S,1067.9,4,16
2021-06-17 09:32:01,S,1067.95,2,8
2021-06-17 09:32:01,S,1068.0,2,51
2021-06-17 09:32:01,S,1068.15,1,1
2021-06-17 09:32:01,S,1068.2,2,8
2021-06-17 09:32:01,B,1066.0,3,15
2021-06-17 09:32:01,B,1065.8,1,14
2021-06-17 09:32:01,B,1065.65,1,1
2021-06-17 09:32:01,B,1065.5,1,1
2021-06-17 09:32:01,B,1065.3,1,1
2021-06-17 09:32:05,S,1067.7,1,9
2021-06-17 09:32:05,S,1067.8,3,14
2021-06-17 09:32:05,S,1067.85,3,13
2021-06-17 09:32:05,S,1067.9,1,7
2021-06-17 09:32:05,S,1067.95,1,7
2021-06-17 09:32:05,B,1066.15,1,1
2021-06-17 09:32:05,B,1066.1,1,1
2021-06-17 09:32:05,B,1065.85,2,9
2021-06-17 09:32:05,B,1065.8,2,15
2021-06-17 09:32:05,B,1065.4,1,3
2021-06-17 09:32:13,S,1067.8,2,7
2021-06-17 09:32:13,S,1067.85,1,7
2021-06-17 09:32:13,S,1067.9,1,7
2021-06-17 09:32:13,S,1067.95,3,13
2021-06-17 09:32:13,S,1068.0,1,50
2021-06-17 09:32:13,B,1066.25,1,1
2021-06-17 09:32:13,B,1066.2,1,8
2021-06-17 09:32:13,B,1066.1,1,3
2021-06-17 09:32:13,B,1066.0,2,9
2021-06-17 09:32:13,B,1065.9,1,14
2021-06-17 09:32:16,S,1068.0,1,50
2021-06-17 09:32:16,S,1068.55,1,3
2021-06-17 09:32:16,S,1068.9,3,7
2021-06-17 09:32:16,S,1068.95,1,4
2021-06-17 09:32:16,S,1069.0,1,25
2021-06-17 09:32:16,B,1066.65,1,1
2021-06-17 09:32:16,B,1066.6,3,11
2021-06-17 09:32:16,B,1066.55,2,8
2021-06-17 09:32:16,B,1066.5,2,11
2021-06-17 09:32:16,B,1066.15,1,14
2021-06-17 09:32:20,S,1068.0,1,50
2021-06-17 09:32:20,S,1068.85,1,3
2021-06-17 09:32:20,S,1068.9,2,6
2021-06-17 09:32:20,S,1068.95,1,4
2021-06-17 09:32:20,S,1069.0,1,25
2021-06-17 09:32:20,B,1067.3,1,9
2021-06-17 09:32:20,B,1067.25,2,8
2021-06-17 09:32:20,B,1067.2,1,1
2021-06-17 09:32:20,B,1067.15,3,14
2021-06-17 09:32:20,B,1067.0,1,1
2021-06-17 09:32:23,S,1068.0,1,50
2021-06-17 09:32:23,S,1068.85,1,3
2021-06-17 09:32:23,S,1068.9,2,6
2021-06-17 09:32:23,S,1068.95,1,4
2021-06-17 09:32:23,S,1069.0,1,25
2021-06-17 09:32:23,B,1067.3,1,9
2021-06-17 09:32:23,B,1067.25,2,8
2021-06-17 09:32:23,B,1067.2,1,1
2021-06-17 09:32:23,B,1067.15,3,14
2021-06-17 09:32:23,B,1067.0,1,1
2021-06-17 09:32:24,S,1067.65,2,5
2021-06-17 09:32:24,S,1067.8,2,7
2021-06-17 09:32:24,S,1067.85,1,7
2021-06-17 09:32:24,S,1067.9,2,6
2021-06-17 09:32:24,S,1067.95,1,7
2021-06-17 09:32:24,B,1065.3,1,20
2021-06-17 09:32:24,B,1065.15,2,7
2021-06-17 09:32:24,B,1065.0,4,254
2021-06-17 09:32:24,B,1064.65,1,10
2021-06-17 09:32:24,B,1064.4,2,2
2021-06-17 09:32:27,S,1067.2,1,1
2021-06-17 09:32:27,S,1067.25,1,7
2021-06-17 09:32:27,S,1067.3,1,7
2021-06-17 09:32:27,S,1067.35,2,11
2021-06-17 09:32:27,S,1067.4,2,6
2021-06-17 09:32:27,B,1065.15,1,18
2021-06-17 09:32:27,B,1065.1,1,6
2021-06-17 09:32:27,B,1065.0,4,254
2021-06-17 09:32:27,B,1064.65,1,10
2021-06-17 09:32:27,B,1064.1,1,4
2021-06-17 09:32:31,S,1067.2,1,1
2021-06-17 09:32:31,S,1067.25,1,7
2021-06-17 09:32:31,S,1067.3,1,7
2021-06-17 09:32:31,S,1067.35,2,11
2021-06-17 09:32:31,S,1067.4,2,6
2021-06-17 09:32:31,B,1065.15,1,18
2021-06-17 09:32:31,B,1065.1,1,6
2021-06-17 09:32:31,B,1065.0,4,254
2021-06-17 09:32:31,B,1064.65,1,10
2021-06-17 09:32:31,B,1064.1,1,4
2021-06-17 09:32:32,S,1067.2,1,1
2021-06-17 09:32:32,S,1067.25,1,7
2021-06-17 09:32:32,S,1067.3,1,7
2021-06-17 09:32:32,S,1067.35,2,11
2021-06-17 09:32:32,S,1067.4,2,6
2021-06-17 09:32:32,B,1065.15,1,18
2021-06-17 09:32:32,B,1065.1,1,6
2021-06-17 09:32:32,B,1065.0,4,254
2021-06-17 09:32:32,B,1064.65,1,10
2021-06-17 09:32:32,B,1064.1,1,4
2021-06-17 09:32:34,S,1067.4,1,1
2021-06-17 09:32:34,S,1067.45,1,7
2021-06-17 09:32:34,S,1067.55,1,7
2021-06-17 09:32:34,S,1067.6,1,7
2021-06-17 09:32:34,S,1067.65,1,4
2021-06-17 09:32:34,B,1066.2,3,16
2021-06-17 09:32:34,B,1066.15,1,1
2021-06-17 09:32:34,B,1065.3,1,1
2021-06-17 09:32:34,B,1065.2,2,8
2021-06-17 09:32:34,B,1065.15,1,7
2021-06-17 09:32:38,S,1067.4,1,1
2021-06-17 09:32:38,S,1067.45,1,7
2021-06-17 09:32:38,S,1067.5,1,7
2021-06-17 09:32:38,S,1067.55,1,7
2021-06-17 09:32:38,S,1067.6,1,7
2021-06-17 09:32:38,B,1066.25,2,2
2021-06-17 09:32:38,B,1066.2,2,14
2021-06-17 09:32:38,B,1065.3,2,4
2021-06-17 09:32:38,B,1065.2,2,8
2021-06-17 09:32:38,B,1065.15,1,7
2021-06-17 09:32:46,S,1067.4,1,1
2021-06-17 09:32:46,S,1067.45,1,7
2021-06-17 09:32:46,S,1067.5,1,7
2021-06-17 09:32:46,S,1067.55,1,7
2021-06-17 09:32:46,S,1067.6,1,7
2021-06-17 09:32:46,B,1066.25,1,1
2021-06-17 09:32:46,B,1066.2,1,13
2021-06-17 09:32:46,B,1065.3,2,4
2021-06-17 09:32:46,B,1065.2,2,8
2021-06-17 09:32:46,B,1065.15,1,7
2021-06-17 09:32:49,S,1067.35,2,2
2021-06-17 09:32:49,S,1067.4,2,14
2021-06-17 09:32:49,S,1067.45,1,7
2021-06-17 09:32:49,S,1067.5,1,7
2021-06-17 09:32:49,S,1067.55,2,8
2021-06-17 09:32:49,B,1065.55,2,6
2021-06-17 09:32:49,B,1065.5,1,1
2021-06-17 09:32:49,B,1065.45,1,1
2021-06-17 09:32:49,B,1065.2,2,8
2021-06-17 09:32:49,B,1065.15,1,7
2021-06-17 09:32:53,S,1067.35,2,2
2021-06-17 09:32:53,S,1067.4,2,14
2021-06-17 09:32:53,S,1067.45,1,7
2021-06-17 09:32:53,S,1067.5,1,7
2021-06-17 09:32:53,S,1067.55,1,7
2021-06-17 09:32:53,B,1065.7,2,5
2021-06-17 09:32:53,B,1065.5,2,11
2021-06-17 09:32:53,B,1065.2,2,8
2021-06-17 09:32:53,B,1065.15,2,8
2021-06-17 09:32:53,B,1065.1,2,8
2021-06-17 09:32:57,S,1067.35,2,2
2021-06-17 09:32:57,S,1067.4,2,14
2021-06-17 09:32:57,S,1067.45,1,7
2021-06-17 09:32:57,S,1067.5,1,7
2021-06-17 09:32:57,S,1067.55,1,7
2021-06-17 09:32:57,B,1065.7,2,5
2021-06-17 09:32:57,B,1065.5,2,11
2021-06-17 09:32:57,B,1065.2,2,8
2021-06-17 09:32:57,B,1065.15,2,8
2021-06-17 09:32:57,B,1065.1,2,8
2021-06-17 09:32:58,S,1067.35,2,2
2021-06-17 09:32:58,S,1067.4,2,14
2021-06-17 09:32:58,S,1067.45,1,7
2021-06-17 09:32:58,S,1067.5,1,7
2021-06-17 09:32:58,S,1067.55,1,7
2021-06-17 09:32:58,B,1065.7,2,5
2021-06-17 09:32:58,B,1065.5,2,11
2021-06-17 09:32:58,B,1065.2,2,8
2021-06-17 09:32:58,B,1065.15,2,8
2021-06-17 09:32:58,B,1065.1,2,8
2021-06-17 09:33:01,S,1066.6,3,6
2021-06-17 09:33:01,S,1066.65,1,1
2021-06-17 09:33:01,S,1067.0,1,7
2021-06-17 09:33:01,S,1067.05,3,12
2021-06-17 09:33:01,S,1067.1,1,4
2021-06-17 09:33:01,B,1065.0,5,267
2021-06-17 09:33:01,B,1064.65,1,10
2021-06-17 09:33:01,B,1063.85,2,6
2021-06-17 09:33:01,B,1063.75,1,1
2021-06-17 09:33:01,B,1063.45,2,6
2021-06-17 09:33:01,S,1066.6,3,6
2021-06-17 09:33:01,S,1066.65,1,1
2021-06-17 09:33:01,S,1067.0,1,7
2021-06-17 09:33:01,S,1067.05,3,12
2021-06-17 09:33:01,S,1067.1,1,4
2021-06-17 09:33:01,B,1065.0,5,267
2021-06-17 09:33:01,B,1064.65,1,10
2021-06-17 09:33:01,B,1063.85,2,6
2021-06-17 09:33:01,B,1063.75,1,1
2021-06-17 09:33:01,B,1063.45,2,6
2021-06-17 09:33:04,S,1064.8,1,1
2021-06-17 09:33:04,S,1064.85,2,11
2021-06-17 09:33:04,S,1064.95,3,7
2021-06-17 09:33:04,S,1065.2,1,4
2021-06-17 09:33:04,S,1065.45,1,3
2021-06-17 09:33:04,B,1063.75,1,1
2021-06-17 09:33:04,B,1062.75,2,29
2021-06-17 09:33:04,B,1062.7,2,4
2021-06-17 09:33:04,B,1062.25,2,4
2021-06-17 09:33:04,B,1061.7,1,5
2021-06-17 09:33:07,S,1064.8,1,1
2021-06-17 09:33:07,S,1064.85,2,11
2021-06-17 09:33:07,S,1064.95,3,7
2021-06-17 09:33:07,S,1065.2,1,4
2021-06-17 09:33:07,S,1065.45,1,3
2021-06-17 09:33:07,B,1063.75,1,1
2021-06-17 09:33:07,B,1062.75,2,29
2021-06-17 09:33:07,B,1062.7,2,4
2021-06-17 09:33:07,B,1062.25,2,4
2021-06-17 09:33:07,B,1061.7,1,5
2021-06-17 09:33:08,S,1064.9,1,1
2021-06-17 09:33:08,S,1064.95,3,6
2021-06-17 09:33:08,S,1065.15,1,1
2021-06-17 09:33:08,S,1065.2,1,4
2021-06-17 09:33:08,S,1065.55,1,10
2021-06-17 09:33:08,B,1063.8,1,1
2021-06-17 09:33:08,B,1063.75,1,1
2021-06-17 09:33:08,B,1063.1,2,10
2021-06-17 09:33:08,B,1062.9,1,1
2021-06-17 09:33:08,B,1062.85,2,22
2021-06-17 09:33:12,S,1064.65,2,2
2021-06-17 09:33:12,S,1064.7,1,10
2021-06-17 09:33:12,S,1064.85,4,7
2021-06-17 09:33:12,S,1065.2,1,4
2021-06-17 09:33:12,S,1065.5,1,1
2021-06-17 09:33:12,B,1063.75,1,1
2021-06-17 09:33:12,B,1062.75,1,1
2021-06-17 09:33:12,B,1062.7,1,3
2021-06-17 09:33:12,B,1062.25,2,4
2021-06-17 09:33:12,B,1061.7,1,2
2021-06-17 09:33:15,S,1064.6,1,1
2021-06-17 09:33:15,S,1064.65,1,1
2021-06-17 09:33:15,S,1065.0,3,6
2021-06-17 09:33:15,S,1065.15,1,1
2021-06-17 09:33:15,S,1065.2,1,4
2021-06-17 09:33:15,B,1063.8,1,1
2021-06-17 09:33:15,B,1063.75,1,1
2021-06-17 09:33:15,B,1063.5,1,10
2021-06-17 09:33:15,B,1062.7,2,4
2021-06-17 09:33:15,B,1062.25,2,4
2021-06-17 09:33:17,S,1064.6,1,1
2021-06-17 09:33:17,S,1064.65,1,1
2021-06-17 09:33:17,S,1065.0,3,6
2021-06-17 09:33:17,S,1065.15,1,1
2021-06-17 09:33:17,S,1065.2,1,4
2021-06-17 09:33:17,B,1063.8,1,1
2021-06-17 09:33:17,B,1063.75,1,1
2021-06-17 09:33:17,B,1063.5,1,10
2021-06-17 09:33:17,B,1062.7,2,4
2021-06-17 09:33:17,B,1062.25,2,4
2021-06-17 09:33:19,S,1065.0,2,5
2021-06-17 09:33:19,S,1065.15,1,10
2021-06-17 09:33:19,S,1065.2,1,4
2021-06-17 09:33:19,S,1065.45,2,8
2021-06-17 09:33:19,S,1065.5,1,7
2021-06-17 09:33:19,B,1063.75,1,1
2021-06-17 09:33:19,B,1063.55,1,1
2021-06-17 09:33:19,B,1063.5,1,10
2021-06-17 09:33:19,B,1062.7,2,4
2021-06-17 09:33:19,B,1062.25,2,4
2021-06-17 09:33:20,S,1065.0,2,5
2021-06-17 09:33:20,S,1065.15,1,10
2021-06-17 09:33:20,S,1065.2,1,4
2021-06-17 09:33:20,S,1065.45,2,8
2021-06-17 09:33:20,S,1065.5,1,7
2021-06-17 09:33:20,B,1063.75,1,1
2021-06-17 09:33:20,B,1063.55,1,1
2021-06-17 09:33:20,B,1063.5,1,10
2021-06-17 09:33:20,B,1062.7,2,4
2021-06-17 09:33:20,B,1062.25,2,4
2021-06-17 09:33:21,S,1065.0,2,5
2021-06-17 09:33:21,S,1065.15,1,10
2021-06-17 09:33:21,S,1065.2,1,4
2021-06-17 09:33:21,S,1065.45,2,8
2021-06-17 09:33:21,S,1065.5,1,7
2021-06-17 09:33:21,B,1063.75,1,1
2021-06-17 09:33:21,B,1063.55,1,1
2021-06-17 09:33:21,B,1063.5,1,10
2021-06-17 09:33:21,B,1062.7,2,4
2021-06-17 09:33:21,B,1062.25,2,4
2021-06-17 09:33:22,S,1065.0,2,5
2021-06-17 09:33:22,S,1065.4,1,7
2021-06-17 09:33:22,S,1065.45,2,8
2021-06-17 09:33:22,S,1065.5,1,7
2021-06-17 09:33:22,S,1065.55,1,7
2021-06-17 09:33:22,B,1063.8,1,1
2021-06-17 09:33:22,B,1063.75,1,1
2021-06-17 09:33:22,B,1063.5,1,10
2021-06-17 09:33:22,B,1063.2,1,3
2021-06-17 09:33:22,B,1062.7,2,4
2021-06-17 09:33:25,S,1065.0,2,5
2021-06-17 09:33:25,S,1065.4,1,7
2021-06-17 09:33:25,S,1065.45,2,8
2021-06-17 09:33:25,S,1065.5,1,7
2021-06-17 09:33:25,S,1065.55,1,7
2021-06-17 09:33:25,B,1063.8,1,1
2021-06-17 09:33:25,B,1063.75,1,1
2021-06-17 09:33:25,B,1063.5,1,10
2021-06-17 09:33:25,B,1063.2,1,3
2021-06-17 09:33:25,B,1062.7,2,4
2021-06-17 09:33:26,S,1064.95,2,4
2021-06-17 09:33:26,S,1065.25,1,9
2021-06-17 09:33:26,S,1065.4,1,7
2021-06-17 09:33:26,S,1065.45,2,8
2021-06-17 09:33:26,S,1065.5,1,7
2021-06-17 09:33:26,B,1063.8,1,1
2021-06-17 09:33:26,B,1063.75,1,1
2021-06-17 09:33:26,B,1063.5,1,10
2021-06-17 09:33:26,B,1063.15,1,3
2021-06-17 09:33:26,B,1062.2,1,3
2021-06-17 09:33:29,S,1064.85,1,2
2021-06-17 09:33:29,S,1064.9,2,3
2021-06-17 09:33:29,S,1065.1,1,7
2021-06-17 09:33:29,S,1065.15,1,7
2021-06-17 09:33:29,S,1065.25,1,9
2021-06-17 09:33:29,B,1063.75,1,1
2021-06-17 09:33:29,B,1063.55,1,1
2021-06-17 09:33:29,B,1063.5,1,10
2021-06-17 09:33:29,B,1062.75,1,3
2021-06-17 09:33:29,B,1062.2,1,3
2021-06-17 09:33:33,S,1064.85,1,2
2021-06-17 09:33:33,S,1065.05,3,7
2021-06-17 09:33:33,S,1065.1,1,7
2021-06-17 09:33:33,S,1065.15,1,7
2021-06-17 09:33:33,S,1065.25,1,9
2021-06-17 09:33:33,B,1064.0,1,1
2021-06-17 09:33:33,B,1063.8,1,1
2021-06-17 09:33:33,B,1063.75,1,1
2021-06-17 09:33:33,B,1063.5,1,10
2021-06-17 09:33:33,B,1062.75,1,3
2021-06-17 09:33:34,S,1064.85,1,2
2021-06-17 09:33:34,S,1065.05,3,7
2021-06-17 09:33:34,S,1065.1,1,7
2021-06-17 09:33:34,S,1065.15,1,7
2021-06-17 09:33:34,S,1065.25,1,9
2021-06-17 09:33:34,B,1064.0,1,1
2021-06-17 09:33:34,B,1063.8,1,1
2021-06-17 09:33:34,B,1063.75,1,1
2021-06-17 09:33:34,B,1063.5,1,10
2021-06-17 09:33:34,B,1062.75,1,3
2021-06-17 09:33:36,S,1063.35,1,1
2021-06-17 09:33:36,S,1063.5,1,1
2021-06-17 09:33:36,S,1063.55,1,1
2021-06-17 09:33:36,S,1064.25,1,4
2021-06-17 09:33:36,S,1064.6,2,3
2021-06-17 09:33:36,B,1062.1,1,1
2021-06-17 09:33:36,B,1062.05,2,5
2021-06-17 09:33:36,B,1061.7,2,11
2021-06-17 09:33:36,B,1061.25,2,5
2021-06-17 09:33:36,B,1061.0,1,25
2021-06-17 09:33:38,S,1063.35,1,1
2021-06-17 09:33:38,S,1063.5,1,1
2021-06-17 09:33:38,S,1063.55,1,1
2021-06-17 09:33:38,S,1064.25,1,4
2021-06-17 09:33:38,S,1064.6,2,3
2021-06-17 09:33:38,B,1062.1,1,1
2021-06-17 09:33:38,B,1062.05,2,5
2021-06-17 09:33:38,B,1061.7,2,11
2021-06-17 09:33:38,B,1061.25,2,5
2021-06-17 09:33:38,B,1061.0,1,25
2021-06-17 09:33:39,S,1063.35,1,1
2021-06-17 09:33:39,S,1063.45,1,4
2021-06-17 09:33:39,S,1063.5,1,1
2021-06-17 09:33:39,S,1063.55,1,1
2021-06-17 09:33:39,S,1064.15,1,7
2021-06-17 09:33:39,B,1061.95,2,2
2021-06-17 09:33:39,B,1061.3,1,4
2021-06-17 09:33:39,B,1061.25,2,5
2021-06-17 09:33:39,B,1061.0,1,25
2021-06-17 09:33:39,B,1060.65,1,1
2021-06-17 09:33:40,S,1063.35,1,1
2021-06-17 09:33:40,S,1063.45,1,4
2021-06-17 09:33:40,S,1063.5,1,1
2021-06-17 09:33:40,S,1063.55,1,1
2021-06-17 09:33:40,S,1064.15,1,7
2021-06-17 09:33:40,B,1061.95,2,2
2021-06-17 09:33:40,B,1061.3,1,4
2021-06-17 09:33:40,B,1061.25,2,5
2021-06-17 09:33:40,B,1061.0,1,25
2021-06-17 09:33:40,B,1060.65,1,1
2021-06-17 09:33:43,S,1063.4,1,2
2021-06-17 09:33:43,S,1063.5,2,12
2021-06-17 09:33:43,S,1063.55,2,8
2021-06-17 09:33:43,S,1063.6,1,7
2021-06-17 09:33:43,S,1063.65,1,7
2021-06-17 09:33:43,B,1061.55,2,5
2021-06-17 09:33:43,B,1061.5,1,1
2021-06-17 09:33:43,B,1061.0,2,26
2021-06-17 09:33:43,B,1060.6,1,3
2021-06-17 09:33:43,B,1060.2,1,1
2021-06-17 09:33:45,S,1063.4,1,2
2021-06-17 09:33:45,S,1063.5,2,12
2021-06-17 09:33:45,S,1063.55,2,8
2021-06-17 09:33:45,S,1063.6,1,7
2021-06-17 09:33:45,S,1063.65,1,7
2021-06-17 09:33:45,B,1061.55,2,5
2021-06-17 09:33:45,B,1061.5,1,1
2021-06-17 09:33:45,B,1061.0,2,26
2021-06-17 09:33:45,B,1060.6,1,3
2021-06-17 09:33:45,B,1060.2,1,1
2021-06-17 09:33:46,S,1065.05,1,5
2021-06-17 09:33:46,S,1065.2,1,5
2021-06-17 09:33:46,S,1065.25,1,1
2021-06-17 09:33:46,S,1065.3,1,7
2021-06-17 09:33:46,S,1065.35,1,3
2021-06-17 09:33:46,B,1062.65,1,1
2021-06-17 09:33:46,B,1062.6,1,1
2021-06-17 09:33:46,B,1062.15,1,5
2021-06-17 09:33:46,B,1062.1,2,27
2021-06-17 09:33:46,B,1061.6,2,2
2021-06-17 09:33:50,S,1064.55,2,8
2021-06-17 09:33:50,S,1064.6,2,8
2021-06-17 09:33:50,S,1064.65,1,3
2021-06-17 09:33:50,S,1064.75,2,2
2021-06-17 09:33:50,S,1064.8,2,6
2021-06-17 09:33:50,B,1062.25,2,2
2021-06-17 09:33:50,B,1062.05,1,5
2021-06-17 09:33:50,B,1062.0,3,13
2021-06-17 09:33:50,B,1061.45,1,3
2021-06-17 09:33:50,B,1061.3,3,9
2021-06-17 09:33:51,S,1064.55,2,8
2021-06-17 09:33:51,S,1064.6,2,8
2021-06-17 09:33:51,S,1064.65,1,3
2021-06-17 09:33:51,S,1064.75,2,2
2021-06-17 09:33:51,S,1064.8,2,6
2021-06-17 09:33:51,B,1062.25,2,2
2021-06-17 09:33:51,B,1062.05,1,5
2021-06-17 09:33:51,B,1062.0,3,13
2021-06-17 09:33:51,B,1061.45,1,3
2021-06-17 09:33:51,B,1061.3,3,9
2021-06-17 09:33:54,S,1064.45,4,11
2021-06-17 09:33:54,S,1064.5,3,13
2021-06-17 09:33:54,S,1064.55,1,7
2021-06-17 09:33:54,S,1064.65,1,3
2021-06-17 09:33:54,S,1064.7,1,2
2021-06-17 09:33:54,B,1061.55,2,2
2021-06-17 09:33:54,B,1061.5,1,5
2021-06-17 09:33:54,B,1061.3,3,5
2021-06-17 09:33:54,B,1061.15,1,7
2021-06-17 09:33:54,B,1061.1,2,13
2021-06-17 09:33:57,S,1064.05,1,1
2021-06-17 09:33:57,S,1064.1,1,7
2021-06-17 09:33:57,S,1064.15,1,7
2021-06-17 09:33:57,S,1064.3,1,7
2021-06-17 09:33:57,S,1064.35,1,7
2021-06-17 09:33:57,B,1063.05,1,1
2021-06-17 09:33:57,B,1063.0,1,100
2021-06-17 09:33:57,B,1061.25,2,6
2021-06-17 09:33:57,B,1061.2,1,6
2021-06-17 09:33:57,B,1061.15,4,24
2021-06-17 09:33:58,S,1064.05,1,1
2021-06-17 09:33:58,S,1064.1,1,7
2021-06-17 09:33:58,S,1064.15,1,7
2021-06-17 09:33:58,S,1064.3,1,7
2021-06-17 09:33:58,S,1064.35,1,7
2021-06-17 09:33:58,B,1063.05,1,1
2021-06-17 09:33:58,B,1063.0,1,100
2021-06-17 09:33:58,B,1061.25,2,6
2021-06-17 09:33:58,B,1061.2,1,6
2021-06-17 09:33:58,B,1061.15,4,24
2021-06-17 09:34:01,S,1065.4,2,4
2021-06-17 09:34:01,S,1065.45,2,3
2021-06-17 09:34:01,S,1065.5,1,7
2021-06-17 09:34:01,S,1065.75,1,4
2021-06-17 09:34:01,S,1065.85,1,9
2021-06-17 09:34:01,B,1063.5,1,1
2021-06-17 09:34:01,B,1063.45,1,6
2021-06-17 09:34:01,B,1063.3,1,1
2021-06-17 09:34:01,B,1063.1,2,8
2021-06-17 09:34:01,B,1062.75,1,3
2021-06-17 09:34:01,S,1065.4,2,4
2021-06-17 09:34:01,S,1065.45,2,3
2021-06-17 09:34:01,S,1065.5,1,7
2021-06-17 09:34:01,S,1065.75,1,4
2021-06-17 09:34:01,S,1065.85,1,9
2021-06-17 09:34:01,B,1063.5,1,1
2021-06-17 09:34:01,B,1063.45,1,6
2021-06-17 09:34:01,B,1063.3,1,1
2021-06-17 09:34:01,B,1063.1,2,8
2021-06-17 09:34:01,B,1062.75,1,3
2021-06-17 09:34:04,S,1065.45,1,1
2021-06-17 09:34:04,S,1065.55,1,7
2021-06-17 09:34:04,S,1065.6,1,7
2021-06-17 09:34:04,S,1065.65,2,9
2021-06-17 09:34:04,S,1065.7,1,3
2021-06-17 09:34:04,B,1063.2,2,2
2021-06-17 09:34:04,B,1063.15,1,6
2021-06-17 09:34:04,B,1063.1,2,8
2021-06-17 09:34:04,B,1062.55,1,1
2021-06-17 09:34:04,B,1062.5,1,7
2021-06-17 09:34:06,S,1065.45,1,1
2021-06-17 09:34:06,S,1065.55,1,7
2021-06-17 09:34:06,S,1065.6,1,7
2021-06-17 09:34:06,S,1065.65,2,9
2021-06-17 09:34:06,S,1065.7,1,3
2021-06-17 09:34:06,B,1063.2,2,2
2021-06-17 09:34:06,B,1063.15,1,6
2021-06-17 09:34:06,B,1063.1,2,8
2021-06-17 09:34:06,B,1062.55,1,1
2021-06-17 09:34:06,B,1062.5,1,7
2021-06-17 09:34:07,S,1065.45,1,1
2021-06-17 09:34:07,S,1065.55,1,7
2021-06-17 09:34:07,S,1065.6,1,7
2021-06-17 09:34:07,S,1065.65,2,9
2021-06-17 09:34:07,S,1065.7,1,3
2021-06-17 09:34:07,B,1063.2,2,2
2021-06-17 09:34:07,B,1063.15,1,6
2021-06-17 09:34:07,B,1063.1,2,8
2021-06-17 09:34:07,B,1062.55,1,1
2021-06-17 09:34:07,B,1062.5,1,7
2021-06-17 09:34:08,S,1064.7,2,5
2021-06-17 09:34:08,S,1064.75,1,4
2021-06-17 09:34:08,S,1064.8,2,12
2021-06-17 09:34:08,S,1064.9,1,7
2021-06-17 09:34:08,S,1065.05,1,2
2021-06-17 09:34:08,B,1062.4,1,10
2021-06-17 09:34:08,B,1061.9,1,4
2021-06-17 09:34:08,B,1061.85,1,7
2021-06-17 09:34:08,B,1061.55,1,1
2021-06-17 09:34:08,B,1061.5,1,5
2021-06-17 09:34:11,S,1063.85,1,1
2021-06-17 09:34:11,S,1063.9,2,2
2021-06-17 09:34:11,S,1064.1,2,2
2021-06-17 09:34:11,S,1064.15,1,4
2021-06-17 09:34:11,S,1064.65,1,1
2021-06-17 09:34:11,B,1061.55,1,7
2021-06-17 09:34:11,B,1061.5,1,5
2021-06-17 09:34:11,B,1061.25,2,6
2021-06-17 09:34:11,B,1061.2,2,2
2021-06-17 09:34:11,B,1061.1,1,1
2021-06-17 09:34:15,S,1062.95,1,1
2021-06-17 09:34:15,S,1063.0,1,10
2021-06-17 09:34:15,S,1063.4,1,6
2021-06-17 09:34:15,S,1063.45,2,2
2021-06-17 09:34:15,S,1063.5,1,5
2021-06-17 09:34:15,B,1061.3,1,3
2021-06-17 09:34:15,B,1061.2,2,10
2021-06-17 09:34:15,B,1061.1,1,4
2021-06-17 09:34:15,B,1061.05,2,7
2021-06-17 09:34:15,B,1061.0,1,25
2021-06-17 09:34:18,S,1062.8,1,1
2021-06-17 09:34:18,S,1062.85,1,10
2021-06-17 09:34:18,S,1062.95,1,4
2021-06-17 09:34:18,S,1063.4,1,6
2021-06-17 09:34:18,S,1063.45,2,2
2021-06-17 09:34:18,B,1061.3,1,3
2021-06-17 09:34:18,B,1061.2,2,10
2021-06-17 09:34:18,B,1061.1,1,4
2021-06-17 09:34:18,B,1061.05,3,13
2021-06-17 09:34:18,B,1061.0,1,25
2021-06-17 09:34:21,S,1063.45,1,1
2021-06-17 09:34:21,S,1063.5,2,2
2021-06-17 09:34:21,S,1063.55,2,2
2021-06-17 09:34:21,S,1063.6,1,4
2021-06-17 09:34:21,S,1063.7,1,10
2021-06-17 09:34:21,B,1062.05,2,15
2021-06-17 09:34:21,B,1062.0,1,30
2021-06-17 09:34:21,B,1061.3,2,4
2021-06-17 09:34:21,B,1061.2,2,2
2021-06-17 09:34:21,B,1061.1,2,5
2021-06-17 09:34:24,S,1063.45,1,1
2021-06-17 09:34:24,S,1063.5,2,2
2021-06-17 09:34:24,S,1063.55,2,2
2021-06-17 09:34:24,S,1063.6,1,4
2021-06-17 09:34:24,S,1063.7,1,10
2021-06-17 09:34:24,B,1062.05,2,15
2021-06-17 09:34:24,B,1062.0,1,30
2021-06-17 09:34:24,B,1061.3,2,4
2021-06-17 09:34:24,B,1061.2,2,2
2021-06-17 09:34:24,B,1061.1,2,5
2021-06-17 09:34:25,S,1063.6,1,1
2021-06-17 09:34:25,S,1063.65,2,8
2021-06-17 09:34:25,S,1063.8,1,7
2021-06-17 09:34:25,S,1063.85,1,7
2021-06-17 09:34:25,S,1063.9,1,7
2021-06-17 09:34:25,B,1062.95,1,10
2021-06-17 09:34:25,B,1062.4,1,1
2021-06-17 09:34:25,B,1062.35,1,10
2021-06-17 09:34:25,B,1062.1,1,9
2021-06-17 09:34:25,B,1062.05,1,6
2021-06-17 09:34:28,S,1064.55,2,3
2021-06-17 09:34:28,S,1064.7,1,4
2021-06-17 09:34:28,S,1064.85,1,9
2021-06-17 09:34:28,S,1064.9,1,1
2021-06-17 09:34:28,S,1064.95,2,13
2021-06-17 09:34:28,B,1063.3,1,1
2021-06-17 09:34:28,B,1063.25,1,9
2021-06-17 09:34:28,B,1062.95,1,10
2021-06-17 09:34:28,B,1062.8,1,5
2021-06-17 09:34:28,B,1062.3,1,3
2021-06-17 09:34:35,S,1064.55,2,3
2021-06-17 09:34:35,S,1064.7,1,4
2021-06-17 09:34:35,S,1064.85,1,9
2021-06-17 09:34:35,S,1064.9,1,1
2021-06-17 09:34:35,S,1064.95,2,13
2021-06-17 09:34:35,B,1063.3,1,1
2021-06-17 09:34:35,B,1063.25,1,9
2021-06-17 09:34:35,B,1062.95,1,10
2021-06-17 09:34:35,B,1062.8,1,5
2021-06-17 09:34:35,B,1062.3,1,3
2021-06-17 09:34:36,S,1063.8,1,1
2021-06-17 09:34:36,S,1063.85,1,9
2021-06-17 09:34:36,S,1064.05,1,7
2021-06-17 09:34:36,S,1064.4,1,6
2021-06-17 09:34:36,S,1064.5,2,2
2021-06-17 09:34:36,B,1062.5,1,25
2021-06-17 09:34:36,B,1062.15,1,9
2021-06-17 09:34:36,B,1062.05,3,13
2021-06-17 09:34:36,B,1062.0,1,30
2021-06-17 09:34:36,B,1061.3,2,4
2021-06-17 09:34:38,S,1063.8,1,1
2021-06-17 09:34:38,S,1063.85,1,9
2021-06-17 09:34:38,S,1064.05,1,7
2021-06-17 09:34:38,S,1064.4,1,6
2021-06-17 09:34:38,S,1064.5,2,2
2021-06-17 09:34:38,B,1062.5,1,25
2021-06-17 09:34:38,B,1062.15,1,9
2021-06-17 09:34:38,B,1062.05,3,13
2021-06-17 09:34:38,B,1062.0,1,30
2021-06-17 09:34:38,B,1061.3,2,4
2021-06-17 09:34:39,S,1063.5,2,10
2021-06-17 09:34:39,S,1063.55,1,50
2021-06-17 09:34:39,S,1064.0,2,2
2021-06-17 09:34:39,S,1064.05,2,11
2021-06-17 09:34:39,S,1064.45,1,2
2021-06-17 09:34:39,B,1062.5,1,25
2021-06-17 09:34:39,B,1062.05,1,1
2021-06-17 09:34:39,B,1062.0,1,30
2021-06-17 09:34:39,B,1061.85,1,9
2021-06-17 09:34:39,B,1061.3,2,4
2021-06-17 09:34:49,S,1063.5,2,10
2021-06-17 09:34:49,S,1063.55,1,50
2021-06-17 09:34:49,S,1064.0,2,2
2021-06-17 09:34:49,S,1064.05,2,11
2021-06-17 09:34:49,S,1064.45,1,2
2021-06-17 09:34:49,B,1062.5,1,25
2021-06-17 09:34:49,B,1062.05,1,1
2021-06-17 09:34:49,B,1062.0,1,30
2021-06-17 09:34:49,B,1061.85,1,9
2021-06-17 09:34:49,B,1061.3,2,4
2021-06-17 09:34:51,S,1063.5,2,10
2021-06-17 09:34:51,S,1063.55,1,50
2021-06-17 09:34:51,S,1064.0,2,2
2021-06-17 09:34:51,S,1064.05,2,11
2021-06-17 09:34:51,S,1064.45,1,2
2021-06-17 09:34:51,B,1062.5,1,25
2021-06-17 09:34:51,B,1062.05,1,1
2021-06-17 09:34:51,B,1062.0,1,30
2021-06-17 09:34:51,B,1061.85,1,9
2021-06-17 09:34:51,B,1061.3,2,4
2021-06-17 09:34:52,S,1063.5,2,10
2021-06-17 09:34:52,S,1063.55,1,50
2021-06-17 09:34:52,S,1064.0,2,2
2021-06-17 09:34:52,S,1064.05,2,11
2021-06-17 09:34:52,S,1064.45,1,2
2021-06-17 09:34:52,B,1062.5,1,25
2021-06-17 09:34:52,B,1062.05,1,1
2021-06-17 09:34:52,B,1062.0,1,30
2021-06-17 09:34:52,B,1061.85,1,9
2021-06-17 09:34:52,B,1061.3,2,4
2021-06-17 09:34:53,S,1063.55,1,25
2021-06-17 09:34:53,S,1064.0,3,3
2021-06-17 09:34:53,S,1064.05,2,11
2021-06-17 09:34:53,S,1064.15,1,8
2021-06-17 09:34:53,S,1064.45,1,2
2021-06-17 09:34:53,B,1062.55,1,1
2021-06-17 09:34:53,B,1062.5,1,25
2021-06-17 09:34:53,B,1062.0,2,31
2021-06-17 09:34:53,B,1061.9,1,25
2021-06-17 09:34:53,B,1061.85,1,9
2021-06-17 09:34:55,S,1063.55,1,25
2021-06-17 09:34:55,S,1064.0,3,3
2021-06-17 09:34:55,S,1064.05,2,11
2021-06-17 09:34:55,S,1064.15,1,8
2021-06-17 09:34:55,S,1064.45,1,2
2021-06-17 09:34:55,B,1062.55,1,1
2021-06-17 09:34:55,B,1062.5,1,25
2021-06-17 09:34:55,B,1062.0,2,31
2021-06-17 09:34:55,B,1061.9,1,25
2021-06-17 09:34:55,B,1061.85,1,9
2021-06-17 09:34:56,S,1064.0,2,2
2021-06-17 09:34:56,S,1064.05,1,7
2021-06-17 09:34:56,S,1064.4,1,7
2021-06-17 09:34:56,S,1064.45,1,7
2021-06-17 09:34:56,S,1064.5,2,8
2021-06-17 09:34:56,B,1062.7,1,1
2021-06-17 09:34:56,B,1062.65,1,9
2021-06-17 09:34:56,B,1062.5,1,25
2021-06-17 09:34:56,B,1062.05,3,15
2021-06-17 09:34:56,B,1062.0,2,31
2021-06-17 09:35:00,S,1064.0,2,2
2021-06-17 09:35:00,S,1064.05,2,8
2021-06-17 09:35:00,S,1064.35,3,21
2021-06-17 09:35:00,S,1064.4,1,7
2021-06-17 09:35:00,S,1064.45,1,7
2021-06-17 09:35:00,B,1062.7,1,1
2021-06-17 09:35:00,B,1062.65,1,9
2021-06-17 09:35:00,B,1062.5,1,25
2021-06-17 09:35:00,B,1062.05,2,12
2021-06-17 09:35:00,B,1062.0,2,31
2021-06-17 09:35:03,S,1064.0,3,3
2021-06-17 09:35:03,S,1064.05,2,8
2021-06-17 09:35:03,S,1064.35,3,21
2021-06-17 09:35:03,S,1064.4,1,7
2021-06-17 09:35:03,S,1064.45,1,7
2021-06-17 09:35:03,B,1062.55,1,1
2021-06-17 09:35:03,B,1062.5,1,25
2021-06-17 09:35:03,B,1062.45,1,10
2021-06-17 09:35:03,B,1062.05,3,13
2021-06-17 09:35:03,B,1062.0,2,31
2021-06-17 09:35:06,S,1064.0,2,2
2021-06-17 09:35:06,S,1064.05,1,7
2021-06-17 09:35:06,S,1064.35,2,11
2021-06-17 09:35:06,S,1064.4,1,7
2021-06-17 09:35:06,S,1064.45,1,7
2021-06-17 09:35:06,B,1062.55,2,10
2021-06-17 09:35:06,B,1062.5,1,25
2021-06-17 09:35:06,B,1062.05,3,13
2021-06-17 09:35:06,B,1062.0,2,31
2021-06-17 09:35:06,B,1061.9,1,25
2021-06-17 09:35:09,S,1064.0,2,2
2021-06-17 09:35:09,S,1064.05,1,7
2021-06-17 09:35:09,S,1064.35,2,11
2021-06-17 09:35:09,S,1064.4,1,7
2021-06-17 09:35:09,S,1064.45,1,7
2021-06-17 09:35:09,B,1062.55,2,10
2021-06-17 09:35:09,B,1062.5,1,25
2021-06-17 09:35:09,B,1062.05,3,13
2021-06-17 09:35:09,B,1062.0,2,31
2021-06-17 09:35:09,B,1061.9,1,25
2021-06-17 09:35:10,S,1064.0,3,9
2021-06-17 09:35:10,S,1064.05,2,8
2021-06-17 09:35:10,S,1064.2,1,7
2021-06-17 09:35:10,S,1064.25,2,16
2021-06-17 09:35:10,S,1064.3,1,7
2021-06-17 09:35:10,B,1062.55,2,10
2021-06-17 09:35:10,B,1062.5,1,25
2021-06-17 09:35:10,B,1062.0,2,31
2021-06-17 09:35:10,B,1061.9,1,25
2021-06-17 09:35:10,B,1061.8,1,3
2021-06-17 09:35:12,S,1064.0,3,9
2021-06-17 09:35:12,S,1064.05,2,8
2021-06-17 09:35:12,S,1064.2,1,7
2021-06-17 09:35:12,S,1064.25,2,16
2021-06-17 09:35:12,S,1064.3,1,7
2021-06-17 09:35:12,B,1062.55,2,10
2021-06-17 09:35:12,B,1062.5,1,25
2021-06-17 09:35:12,B,1062.0,2,31
2021-06-17 09:35:12,B,1061.9,1,25
2021-06-17 09:35:12,B,1061.8,1,3
2021-06-17 09:35:13,S,1064.0,3,6
2021-06-17 09:35:13,S,1064.05,2,8
2021-06-17 09:35:13,S,1064.2,1,7
2021-06-17 09:35:13,S,1064.25,2,16
2021-06-17 09:35:13,S,1064.3,1,7
2021-06-17 09:35:13,B,1062.55,2,10
2021-06-17 09:35:13,B,1062.5,1,25
2021-06-17 09:35:13,B,1062.0,2,31
2021-06-17 09:35:13,B,1061.9,1,25
2021-06-17 09:35:13,B,1061.3,2,4
2021-06-17 09:35:15,S,1064.0,3,6
2021-06-17 09:35:15,S,1064.05,2,8
2021-06-17 09:35:15,S,1064.2,1,7
2021-06-17 09:35:15,S,1064.25,2,16
2021-06-17 09:35:15,S,1064.3,1,7
2021-06-17 09:35:15,B,1062.55,2,10
2021-06-17 09:35:15,B,1062.5,1,25
2021-06-17 09:35:15,B,1062.0,2,31
2021-06-17 09:35:15,B,1061.9,1,25
2021-06-17 09:35:15,B,1061.3,2,4
2021-06-17 09:35:17,S,1065.1,2,8
2021-06-17 09:35:17,S,1065.15,2,7
2021-06-17 09:35:17,S,1065.3,1,10
2021-06-17 09:35:17,S,1065.6,1,1
2021-06-17 09:35:17,S,1065.65,1,7
2021-06-17 09:35:17,B,1063.5,1,1
2021-06-17 09:35:17,B,1063.45,1,10
2021-06-17 09:35:17,B,1063.1,2,9
2021-06-17 09:35:17,B,1062.95,1,3
2021-06-17 09:35:17,B,1062.7,1,4
2021-06-17 09:35:21,S,1065.1,2,8
2021-06-17 09:35:21,S,1065.15,2,7
2021-06-17 09:35:21,S,1065.3,1,10
2021-06-17 09:35:21,S,1065.6,1,1
2021-06-17 09:35:21,S,1065.65,1,7
2021-06-17 09:35:21,B,1063.5,1,1
2021-06-17 09:35:21,B,1063.45,1,10
2021-06-17 09:35:21,B,1063.1,2,9
2021-06-17 09:35:21,B,1062.95,1,3
2021-06-17 09:35:21,B,1062.7,1,4
2021-06-17 09:35:24,S,1065.85,1,10
2021-06-17 09:35:24,S,1065.95,3,15
2021-06-17 09:35:24,S,1066.05,2,5
2021-06-17 09:35:24,S,1066.25,1,2
2021-06-17 09:35:24,S,1066.3,1,7
2021-06-17 09:35:24,B,1064.1,2,10
2021-06-17 09:35:24,B,1064.05,1,7
2021-06-17 09:35:24,B,1064.0,1,10
2021-06-17 09:35:24,B,1063.5,1,2
2021-06-17 09:35:24,B,1062.95,1,3
2021-06-17 09:35:27,S,1065.85,1,10
2021-06-17 09:35:27,S,1065.95,3,15
2021-06-17 09:35:27,S,1066.05,2,5
2021-06-17 09:35:27,S,1066.25,1,2
2021-06-17 09:35:27,S,1066.3,1,7
2021-06-17 09:35:27,B,1064.05,1,1
2021-06-17 09:35:27,B,1064.0,1,10
2021-06-17 09:35:27,B,1063.6,1,9
2021-06-17 09:35:27,B,1063.5,1,2
2021-06-17 09:35:27,B,1062.95,1,3
2021-06-17 09:35:31,S,1065.85,1,5
2021-06-17 09:35:31,S,1065.95,2,14
2021-06-17 09:35:31,S,1066.05,1,4
2021-06-17 09:35:31,S,1066.25,1,2
2021-06-17 09:35:31,S,1066.3,1,7
2021-06-17 09:35:31,B,1064.05,2,11
2021-06-17 09:35:31,B,1064.0,1,10
2021-06-17 09:35:31,B,1063.55,2,4
2021-06-17 09:35:31,B,1063.5,2,3
2021-06-17 09:35:31,B,1062.95,1,3
2021-06-17 09:35:34,S,1065.85,1,5
2021-06-17 09:35:34,S,1065.9,1,7
2021-06-17 09:35:34,S,1065.95,2,14
2021-06-17 09:35:34,S,1066.05,1,4
2021-06-17 09:35:34,S,1066.25,1,2
2021-06-17 09:35:34,B,1064.05,1,1
2021-06-17 09:35:34,B,1064.0,2,11
2021-06-17 09:35:34,B,1063.95,2,11
2021-06-17 09:35:34,B,1063.6,2,3
2021-06-17 09:35:34,B,1063.55,2,4
2021-06-17 09:35:38,S,1065.9,1,7
2021-06-17 09:35:38,S,1065.95,2,14
2021-06-17 09:35:38,S,1066.05,1,4
2021-06-17 09:35:38,S,1066.25,1,2
2021-06-17 09:35:38,S,1066.3,1,7
2021-06-17 09:35:38,B,1064.05,1,1
2021-06-17 09:35:38,B,1064.0,2,11
2021-06-17 09:35:38,B,1063.95,2,11
2021-06-17 09:35:38,B,1063.6,2,3
2021-06-17 09:35:38,B,1063.55,2,4
2021-06-17 09:35:44,S,1065.9,1,7
2021-06-17 09:35:44,S,1065.95,2,14
2021-06-17 09:35:44,S,1066.05,1,4
2021-06-17 09:35:44,S,1066.25,1,2
2021-06-17 09:35:44,S,1066.3,1,7
2021-06-17 09:35:44,B,1064.05,1,1
2021-06-17 09:35:44,B,1064.0,2,11
2021-06-17 09:35:44,B,1063.95,2,11
2021-06-17 09:35:44,B,1063.6,2,3
2021-06-17 09:35:44,B,1063.55,2,4
2021-06-17 09:35:45,S,1065.7,1,7
2021-06-17 09:35:45,S,1065.75,3,11
2021-06-17 09:35:45,S,1065.8,2,7
2021-06-17 09:35:45,S,1065.85,3,38
2021-06-17 09:35:45,S,1065.9,2,8
2021-06-17 09:35:45,B,1064.05,1,1
2021-06-17 09:35:45,B,1064.0,1,10
2021-06-17 09:35:45,B,1063.0,2,3
2021-06-17 09:35:45,B,1062.95,1,3
2021-06-17 09:35:45,B,1062.8,2,8
2021-06-17 09:35:46,S,1065.7,1,7
2021-06-17 09:35:46,S,1065.75,3,11
2021-06-17 09:35:46,S,1065.8,2,7
2021-06-17 09:35:46,S,1065.85,3,38
2021-06-17 09:35:46,S,1065.9,2,8
2021-06-17 09:35:46,B,1064.05,1,1
2021-06-17 09:35:46,B,1064.0,1,10
2021-06-17 09:35:46,B,1063.0,2,3
2021-06-17 09:35:46,B,1062.95,1,3
2021-06-17 09:35:46,B,1062.8,2,8
2021-06-17 09:35:48,S,1065.45,1,1
2021-06-17 09:35:48,S,1065.5,2,7
2021-06-17 09:35:48,S,1065.55,3,5
2021-06-17 09:35:48,S,1065.65,3,9
2021-06-17 09:35:48,S,1065.7,2,8
2021-06-17 09:35:48,B,1064.0,1,1
2021-06-17 09:35:48,B,1063.05,2,2
2021-06-17 09:35:48,B,1063.0,2,3
2021-06-17 09:35:48,B,1062.95,2,4
2021-06-17 09:35:48,B,1062.8,1,7
2021-06-17 09:35:49,S,1065.45,1,1
2021-06-17 09:35:49,S,1065.5,2,7
2021-06-17 09:35:49,S,1065.55,3,5
2021-06-17 09:35:49,S,1065.65,3,9
2021-06-17 09:35:49,S,1065.7,2,8
2021-06-17 09:35:49,B,1064.0,1,1
2021-06-17 09:35:49,B,1063.05,2,2
2021-06-17 09:35:49,B,1063.0,2,3
2021-06-17 09:35:49,B,1062.95,2,4
2021-06-17 09:35:49,B,1062.8,1,7
2021-06-17 09:35:51,S,1064.05,1,15
2021-06-17 09:35:51,S,1064.75,1,3
2021-06-17 09:35:51,S,1065.25,2,8
2021-06-17 09:35:51,S,1065.3,4,16
2021-06-17 09:35:51,S,1065.35,3,13
2021-06-17 09:35:51,B,1063.1,1,1
2021-06-17 09:35:51,B,1063.05,2,11
2021-06-17 09:35:51,B,1062.85,2,3
2021-06-17 09:35:51,B,1062.8,2,8
2021-06-17 09:35:51,B,1062.75,1,6
2021-06-17 09:35:54,S,1064.05,1,15
2021-06-17 09:35:54,S,1064.75,1,3
2021-06-17 09:35:54,S,1065.25,2,8
2021-06-17 09:35:54,S,1065.3,4,16
2021-06-17 09:35:54,S,1065.35,3,13
2021-06-17 09:35:54,B,1063.1,1,1
2021-06-17 09:35:54,B,1063.05,2,11
2021-06-17 09:35:54,B,1062.85,2,3
2021-06-17 09:35:54,B,1062.8,2,8
2021-06-17 09:35:54,B,1062.75,1,6
2021-06-17 09:35:55,S,1064.95,2,5
2021-06-17 09:35:55,S,1065.15,1,3
2021-06-17 09:35:55,S,1065.2,1,4
2021-06-17 09:35:55,S,1065.25,1,7
2021-06-17 09:35:55,S,1065.3,2,9
2021-06-17 09:35:55,B,1063.0,1,1
2021-06-17 09:35:55,B,1062.95,2,8
2021-06-17 09:35:55,B,1062.8,2,8
2021-06-17 09:35:55,B,1062.75,2,7
2021-06-17 09:35:55,B,1062.7,2,5
2021-06-17 09:35:58,S,1064.95,1,2
2021-06-17 09:35:58,S,1065.0,1,29
2021-06-17 09:35:58,S,1065.15,1,3
2021-06-17 09:35:58,S,1065.2,1,4
2021-06-17 09:35:58,S,1065.25,1,7
2021-06-17 09:35:58,B,1063.45,1,1
2021-06-17 09:35:58,B,1063.4,2,11
2021-06-17 09:35:58,B,1063.35,1,1
2021-06-17 09:35:58,B,1063.3,1,1
2021-06-17 09:35:58,B,1063.15,1,1
2021-06-17 09:36:00,S,1064.95,1,2
2021-06-17 09:36:00,S,1065.0,1,29
2021-06-17 09:36:00,S,1065.15,1,3
2021-06-17 09:36:00,S,1065.2,1,4
2021-06-17 09:36:00,S,1065.25,1,7
2021-06-17 09:36:00,B,1063.45,1,1
2021-06-17 09:36:00,B,1063.4,2,11
2021-06-17 09:36:00,B,1063.35,1,1
2021-06-17 09:36:00,B,1063.3,1,1
2021-06-17 09:36:00,B,1063.15,1,1
2021-06-17 09:36:02,S,1064.85,1,8
2021-06-17 09:36:02,S,1064.95,1,2
2021-06-17 09:36:02,S,1065.0,1,29
2021-06-17 09:36:02,S,1065.15,1,3
2021-06-17 09:36:02,S,1065.2,1,4
2021-06-17 09:36:02,B,1063.25,1,1
2021-06-17 09:36:02,B,1063.2,2,10
2021-06-17 09:36:02,B,1063.1,2,4
2021-06-17 09:36:02,B,1062.8,2,8
2021-06-17 09:36:02,B,1062.75,2,7
2021-06-17 09:36:05,S,1064.85,1,8
2021-06-17 09:36:05,S,1064.9,1,7
2021-06-17 09:36:05,S,1064.95,1,2
2021-06-17 09:36:05,S,1065.0,2,39
2021-06-17 09:36:05,S,1065.15,1,3
2021-06-17 09:36:05,B,1063.3,1,1
2021-06-17 09:36:05,B,1063.25,2,10
2021-06-17 09:36:05,B,1063.15,1,1
2021-06-17 09:36:05,B,1063.1,2,4
2021-06-17 09:36:05,B,1063.05,1,1
2021-06-17 09:36:06,S,1064.85,1,8
2021-06-17 09:36:06,S,1064.9,1,7
2021-06-17 09:36:06,S,1064.95,1,2
2021-06-17 09:36:06,S,1065.0,2,39
2021-06-17 09:36:06,S,1065.15,1,3
2021-06-17 09:36:06,B,1063.3,1,1
2021-06-17 09:36:06,B,1063.25,2,10
2021-06-17 09:36:06,B,1063.15,1,1
2021-06-17 09:36:06,B,1063.1,2,4
2021-06-17 09:36:06,B,1063.05,1,1
2021-06-17 09:36:09,S,1064.55,1,1
2021-06-17 09:36:09,S,1064.6,1,9
2021-06-17 09:36:09,S,1064.85,2,6
2021-06-17 09:36:09,S,1064.95,1,7
2021-06-17 09:36:09,S,1065.0,2,30
2021-06-17 09:36:09,B,1062.85,1,1
2021-06-17 09:36:09,B,1062.8,2,8
2021-06-17 09:36:09,B,1062.75,2,7
2021-06-17 09:36:09,B,1062.7,2,5
2021-06-17 09:36:09,B,1062.6,1,3
2021-06-17 09:36:12,S,1064.6,1,9
2021-06-17 09:36:12,S,1064.8,1,2
2021-06-17 09:36:12,S,1064.85,2,8
2021-06-17 09:36:12,S,1064.95,1,7
2021-06-17 09:36:12,S,1065.0,2,30
2021-06-17 09:36:12,B,1063.0,2,10
2021-06-17 09:36:12,B,1062.8,2,8
2021-06-17 09:36:12,B,1062.75,2,7
2021-06-17 09:36:12,B,1062.7,2,5
2021-06-17 09:36:12,B,1062.6,1,3
2021-06-17 09:36:16,S,1064.6,1,9
2021-06-17 09:36:16,S,1064.8,1,2
2021-06-17 09:36:16,S,1064.85,2,8
2021-06-17 09:36:16,S,1064.95,1,7
2021-06-17 09:36:16,S,1065.0,2,30
2021-06-17 09:36:16,B,1063.0,2,10
2021-06-17 09:36:16,B,1062.8,2,8
2021-06-17 09:36:16,B,1062.75,2,7
2021-06-17 09:36:16,B,1062.7,2,5
2021-06-17 09:36:16,B,1062.6,1,3
2021-06-17 09:36:19,S,1064.8,1,10
2021-06-17 09:36:19,S,1064.85,3,11
2021-06-17 09:36:19,S,1064.9,2,12
2021-06-17 09:36:19,S,1064.95,2,8
2021-06-17 09:36:19,S,1065.0,1,29
2021-06-17 09:36:19,B,1063.1,2,10
2021-06-17 09:36:19,B,1063.05,2,9
2021-06-17 09:36:19,B,1062.9,2,5
2021-06-17 09:36:19,B,1062.8,2,8
2021-06-17 09:36:19,B,1062.75,2,7
2021-06-17 09:36:19,S,1064.8,1,10
2021-06-17 09:36:19,S,1064.85,3,11
2021-06-17 09:36:19,S,1064.9,2,12
2021-06-17 09:36:19,S,1064.95,2,8
2021-06-17 09:36:19,S,1065.0,1,29
2021-06-17 09:36:19,B,1063.1,2,10
2021-06-17 09:36:19,B,1063.05,2,9
2021-06-17 09:36:19,B,1062.9,2,5
2021-06-17 09:36:19,B,1062.8,2,8
2021-06-17 09:36:19,B,1062.75,2,7
2021-06-17 09:36:22,S,1066.55,2,6
2021-06-17 09:36:22,S,1066.7,2,10
2021-06-17 09:36:22,S,1066.75,2,10
2021-06-17 09:36:22,S,1067.05,2,5
2021-06-17 09:36:22,S,1067.35,1,9
2021-06-17 09:36:22,B,1065.15,1,1
2021-06-17 09:36:22,B,1065.1,1,10
2021-06-17 09:36:22,B,1065.0,1,19
2021-06-17 09:36:22,B,1063.75,1,4
2021-06-17 09:36:22,B,1063.7,1,3
2021-06-17 09:36:25,S,1066.45,1,9
2021-06-17 09:36:25,S,1066.55,2,6
2021-06-17 09:36:25,S,1066.7,2,10
2021-06-17 09:36:25,S,1067.05,2,5
2021-06-17 09:36:25,S,1067.45,1,2
2021-06-17 09:36:25,B,1065.05,1,1
2021-06-17 09:36:25,B,1065.0,1,19
2021-06-17 09:36:25,B,1064.75,1,10
2021-06-17 09:36:25,B,1063.75,2,5
2021-06-17 09:36:25,B,1063.7,1,3
2021-06-17 09:36:29,S,1066.55,2,6
2021-06-17 09:36:29,S,1066.7,2,10
2021-06-17 09:36:29,S,1066.75,2,10
2021-06-17 09:36:29,S,1067.05,2,5
2021-06-17 09:36:29,S,1067.45,1,2
2021-06-17 09:36:29,B,1065.15,1,1
2021-06-17 09:36:29,B,1065.1,1,9
2021-06-17 09:36:29,B,1065.0,1,19
2021-06-17 09:36:29,B,1063.8,1,1
2021-06-17 09:36:29,B,1063.75,2,5
2021-06-17 09:36:33,S,1066.55,2,6
2021-06-17 09:36:33,S,1066.7,2,10
2021-06-17 09:36:33,S,1066.75,2,10
2021-06-17 09:36:33,S,1067.05,2,5
2021-06-17 09:36:33,S,1067.45,1,2
2021-06-17 09:36:33,B,1065.15,1,1
2021-06-17 09:36:33,B,1065.1,1,9
2021-06-17 09:36:33,B,1065.0,1,19
2021-06-17 09:36:33,B,1063.8,1,1
2021-06-17 09:36:33,B,1063.75,2,5
2021-06-17 09:36:34,S,1066.55,2,6
2021-06-17 09:36:34,S,1066.7,2,10
2021-06-17 09:36:34,S,1066.75,2,10
2021-06-17 09:36:34,S,1067.05,2,5
2021-06-17 09:36:34,S,1067.45,1,2
2021-06-17 09:36:34,B,1065.15,1,1
2021-06-17 09:36:34,B,1065.1,1,9
2021-06-17 09:36:34,B,1065.0,1,19
2021-06-17 09:36:34,B,1063.8,1,1
2021-06-17 09:36:34,B,1063.75,2,5
2021-06-17 09:36:36,S,1066.85,1,9
2021-06-17 09:36:36,S,1067.0,1,3
2021-06-17 09:36:36,S,1067.05,2,5
2021-06-17 09:36:36,S,1067.35,2,3
2021-06-17 09:36:36,S,1067.4,1,2
2021-06-17 09:36:36,B,1065.15,1,1
2021-06-17 09:36:36,B,1065.1,1,9
2021-06-17 09:36:36,B,1065.0,2,24
2021-06-17 09:36:36,B,1063.85,1,2
2021-06-17 09:36:36,B,1063.75,2,5
2021-06-17 09:36:39,S,1066.85,1,9
2021-06-17 09:36:39,S,1067.0,1,3
2021-06-17 09:36:39,S,1067.05,2,5
2021-06-17 09:36:39,S,1067.35,2,3
2021-06-17 09:36:39,S,1067.4,1,2
2021-06-17 09:36:39,B,1065.15,1,1
2021-06-17 09:36:39,B,1065.1,1,9
2021-06-17 09:36:39,B,1065.0,2,24
2021-06-17 09:36:39,B,1063.85,1,2
2021-06-17 09:36:39,B,1063.75,2,5
2021-06-17 09:36:42,S,1066.85,1,9
2021-06-17 09:36:42,S,1067.0,1,3
2021-06-17 09:36:42,S,1067.05,2,5
2021-06-17 09:36:42,S,1067.35,2,3
2021-06-17 09:36:42,S,1067.4,1,2
2021-06-17 09:36:42,B,1065.15,1,1
2021-06-17 09:36:42,B,1065.1,1,9
2021-06-17 09:36:42,B,1065.0,2,24
2021-06-17 09:36:42,B,1063.85,1,2
2021-06-17 09:36:42,B,1063.75,2,5
2021-06-17 09:36:42,S,1067.55,1,4
2021-06-17 09:36:42,S,1067.6,1,5
2021-06-17 09:36:42,S,1067.8,1,2
2021-06-17 09:36:42,S,1067.85,1,7
2021-06-17 09:36:42,S,1067.9,1,7
2021-06-17 09:36:42,B,1065.15,1,1
2021-06-17 09:36:42,B,1065.1,2,4
2021-06-17 09:36:42,B,1065.05,2,7
2021-06-17 09:36:42,B,1065.0,2,24
2021-06-17 09:36:42,B,1063.95,1,4
2021-06-17 09:36:43,S,1067.55,1,4
2021-06-17 09:36:43,S,1067.6,1,5
2021-06-17 09:36:43,S,1067.8,1,2
2021-06-17 09:36:43,S,1067.85,1,7
2021-06-17 09:36:43,S,1067.9,1,7
2021-06-17 09:36:43,B,1065.15,1,1
2021-06-17 09:36:43,B,1065.1,2,4
2021-06-17 09:36:43,B,1065.05,2,7
2021-06-17 09:36:43,B,1065.0,2,24
2021-06-17 09:36:43,B,1063.95,1,4
2021-06-17 09:36:45,S,1068.0,1,50
2021-06-17 09:36:45,S,1068.4,2,18
2021-06-17 09:36:45,S,1068.55,1,10
2021-06-17 09:36:45,S,1068.85,2,17
2021-06-17 09:36:45,S,1068.95,1,2
2021-06-17 09:36:45,B,1066.4,1,1
2021-06-17 09:36:45,B,1066.35,1,10
2021-06-17 09:36:45,B,1066.1,2,3
2021-06-17 09:36:45,B,1066.05,1,1
2021-06-17 09:36:45,B,1065.75,1,3
2021-06-17 09:36:49,S,1068.0,1,50
2021-06-17 09:36:49,S,1068.4,2,18
2021-06-17 09:36:49,S,1068.55,1,10
2021-06-17 09:36:49,S,1068.85,2,17
2021-06-17 09:36:49,S,1068.95,1,2
2021-06-17 09:36:49,B,1066.4,1,1
2021-06-17 09:36:49,B,1066.35,1,10
2021-06-17 09:36:49,B,1066.1,2,3
2021-06-17 09:36:49,B,1066.05,1,1
2021-06-17 09:36:49,B,1065.75,1,3
2021-06-17 09:36:52,S,1066.3,2,3
2021-06-17 09:36:52,S,1066.35,2,27
2021-06-17 09:36:52,S,1066.65,1,3
2021-06-17 09:36:52,S,1067.05,2,2
2021-06-17 09:36:52,S,1067.15,1,3
2021-06-17 09:36:52,B,1065.0,1,3
2021-06-17 09:36:52,B,1064.2,2,2
2021-06-17 09:36:52,B,1064.15,2,11
2021-06-17 09:36:52,B,1063.85,1,4
2021-06-17 09:36:52,B,1063.8,2,4
2021-06-17 09:36:55,S,1066.0,1,1
2021-06-17 09:36:55,S,1066.05,2,10
2021-06-17 09:36:55,S,1066.3,2,3
2021-06-17 09:36:55,S,1066.45,1,10
2021-06-17 09:36:55,S,1066.65,1,3
2021-06-17 09:36:55,B,1065.0,1,3
2021-06-17 09:36:55,B,1064.2,2,2
2021-06-17 09:36:55,B,1064.15,2,11
2021-06-17 09:36:55,B,1063.85,1,4
2021-06-17 09:36:55,B,1063.8,2,4
2021-06-17 09:36:59,S,1065.8,1,1
2021-06-17 09:36:59,S,1065.85,2,10
2021-06-17 09:36:59,S,1066.05,2,10
2021-06-17 09:36:59,S,1066.15,1,3
2021-06-17 09:36:59,S,1066.3,2,3
2021-06-17 09:36:59,B,1065.0,1,3
2021-06-17 09:36:59,B,1064.2,1,1
2021-06-17 09:36:59,B,1064.15,1,10
2021-06-17 09:36:59,B,1063.85,1,4
2021-06-17 09:36:59,B,1063.8,2,4
2021-06-17 09:37:03,S,1066.0,1,1
2021-06-17 09:37:03,S,1066.05,2,10
2021-06-17 09:37:03,S,1066.15,1,3
2021-06-17 09:37:03,S,1066.3,2,3
2021-06-17 09:37:03,S,1066.45,1,10
2021-06-17 09:37:03,B,1065.0,1,3
2021-06-17 09:37:03,B,1064.2,1,1
2021-06-17 09:37:03,B,1064.15,2,11
2021-06-17 09:37:03,B,1063.8,2,4
2021-06-17 09:37:03,B,1063.35,1,2
2021-06-17 09:37:09,S,1065.6,1,1
2021-06-17 09:37:09,S,1065.65,1,10
2021-06-17 09:37:09,S,1065.8,1,4
2021-06-17 09:37:09,S,1066.0,1,100
2021-06-17 09:37:09,S,1066.15,2,13
2021-06-17 09:37:09,B,1065.0,1,3
2021-06-17 09:37:09,B,1064.05,1,1
2021-06-17 09:37:09,B,1064.0,2,10
2021-06-17 09:37:09,B,1063.7,1,3
2021-06-17 09:37:09,B,1063.2,2,4
2021-06-17 09:37:12,S,1065.6,1,1
2021-06-17 09:37:12,S,1065.65,1,10
2021-06-17 09:37:12,S,1065.8,1,4
2021-06-17 09:37:12,S,1066.0,1,100
2021-06-17 09:37:12,S,1066.15,2,13
2021-06-17 09:37:12,B,1065.0,1,3
2021-06-17 09:37:12,B,1064.05,1,1
2021-06-17 09:37:12,B,1064.0,2,10
2021-06-17 09:37:12,B,1063.7,1,3
2021-06-17 09:37:12,B,1063.2,2,4
2021-06-17 09:37:13,S,1063.95,1,1
2021-06-17 09:37:13,S,1064.0,1,86
2021-06-17 09:37:13,S,1065.5,1,3
2021-06-17 09:37:13,S,1065.55,3,14
2021-06-17 09:37:13,S,1065.85,2,19
2021-06-17 09:37:13,B,1063.2,1,1
2021-06-17 09:37:13,B,1063.1,1,2
2021-06-17 09:37:13,B,1063.0,2,4
2021-06-17 09:37:13,B,1062.55,1,6
2021-06-17 09:37:13,B,1062.5,1,25
2021-06-17 09:37:15,S,1063.95,1,1
2021-06-17 09:37:15,S,1064.0,1,86
2021-06-17 09:37:15,S,1065.5,1,3
2021-06-17 09:37:15,S,1065.55,3,14
2021-06-17 09:37:15,S,1065.85,2,19
2021-06-17 09:37:15,B,1063.2,1,1
2021-06-17 09:37:15,B,1063.1,1,2
2021-06-17 09:37:15,B,1063.0,2,4
2021-06-17 09:37:15,B,1062.55,1,6
2021-06-17 09:37:15,B,1062.5,1,25
2021-06-17 09:37:16,S,1065.45,1,1
2021-06-17 09:37:16,S,1065.5,3,9
2021-06-17 09:37:16,S,1065.55,1,9
2021-06-17 09:37:16,S,1065.7,1,2
2021-06-17 09:37:16,S,1065.85,2,22
2021-06-17 09:37:16,B,1063.15,1,1
2021-06-17 09:37:16,B,1063.1,1,1
2021-06-17 09:37:16,B,1063.05,2,2
2021-06-17 09:37:16,B,1063.0,3,5
2021-06-17 09:37:16,B,1062.65,1,5
2021-06-17 09:37:17,S,1065.45,1,1
2021-06-17 09:37:17,S,1065.5,3,9
2021-06-17 09:37:17,S,1065.55,1,9
2021-06-17 09:37:17,S,1065.7,1,2
2021-06-17 09:37:17,S,1065.85,2,22
2021-06-17 09:37:17,B,1063.15,1,1
2021-06-17 09:37:17,B,1063.1,1,1
2021-06-17 09:37:17,B,1063.05,2,2
2021-06-17 09:37:17,B,1063.0,3,5
2021-06-17 09:37:17,B,1062.65,1,5
2021-06-17 09:37:18,S,1065.45,1,1
2021-06-17 09:37:18,S,1065.5,3,9
2021-06-17 09:37:18,S,1065.55,1,9
2021-06-17 09:37:18,S,1065.7,1,2
2021-06-17 09:37:18,S,1065.85,2,22
2021-06-17 09:37:18,B,1063.15,1,1
2021-06-17 09:37:18,B,1063.1,1,1
2021-06-17 09:37:18,B,1063.05,2,2
2021-06-17 09:37:18,B,1063.0,3,5
2021-06-17 09:37:18,B,1062.65,1,5
2021-06-17 09:37:19,S,1066.65,1,3
2021-06-17 09:37:19,S,1066.7,2,9
2021-06-17 09:37:19,S,1066.75,1,9
2021-06-17 09:37:19,S,1067.0,1,108
2021-06-17 09:37:19,S,1067.1,2,2
2021-06-17 09:37:19,B,1066.0,1,10
2021-06-17 09:37:19,B,1064.05,1,1
2021-06-17 09:37:19,B,1064.0,2,6
2021-06-17 09:37:19,B,1063.95,1,3
2021-06-17 09:37:19,B,1063.5,1,3
2021-06-17 09:37:22,S,1066.9,1,6
2021-06-17 09:37:22,S,1066.95,2,8
2021-06-17 09:37:22,S,1067.0,2,109
2021-06-17 09:37:22,S,1067.1,2,2
2021-06-17 09:37:22,S,1067.15,1,3
2021-06-17 09:37:22,B,1066.0,1,10
2021-06-17 09:37:22,B,1065.5,1,1
2021-06-17 09:37:22,B,1065.45,1,5
2021-06-17 09:37:22,B,1065.4,1,9
2021-06-17 09:37:22,B,1064.55,1,9
2021-06-17 09:37:25,S,1066.9,1,6
2021-06-17 09:37:25,S,1066.95,2,8
2021-06-17 09:37:25,S,1067.0,2,109
2021-06-17 09:37:25,S,1067.1,2,2
2021-06-17 09:37:25,S,1067.15,1,3
2021-06-17 09:37:25,B,1066.0,1,10
2021-06-17 09:37:25,B,1065.5,1,1
2021-06-17 09:37:25,B,1065.45,1,5
2021-06-17 09:37:25,B,1065.4,1,9
2021-06-17 09:37:25,B,1064.55,1,9
2021-06-17 09:37:26,S,1066.0,1,92
2021-06-17 09:37:26,S,1066.55,2,4
2021-06-17 09:37:26,S,1066.8,2,7
2021-06-17 09:37:26,S,1066.85,3,3
2021-06-17 09:37:26,S,1067.05,1,12
2021-06-17 09:37:26,B,1065.45,1,5
2021-06-17 09:37:26,B,1064.8,1,1
2021-06-17 09:37:26,B,1064.75,1,10
2021-06-17 09:37:26,B,1064.05,1,1
2021-06-17 09:37:26,B,1064.0,2,6
2021-06-17 09:37:27,S,1066.0,1,92
2021-06-17 09:37:27,S,1066.55,2,4
2021-06-17 09:37:27,S,1066.8,2,7
2021-06-17 09:37:27,S,1066.85,3,3
2021-06-17 09:37:27,S,1067.05,1,12
2021-06-17 09:37:27,B,1065.45,1,5
2021-06-17 09:37:27,B,1064.8,1,1
2021-06-17 09:37:27,B,1064.75,1,10
2021-06-17 09:37:27,B,1064.05,1,1
2021-06-17 09:37:27,B,1064.0,2,6
2021-06-17 09:37:30,S,1065.55,1,10
2021-06-17 09:37:30,S,1065.85,2,10
2021-06-17 09:37:30,S,1065.9,3,3
2021-06-17 09:37:30,S,1065.95,2,8
2021-06-17 09:37:30,S,1066.0,2,93
2021-06-17 09:37:30,B,1064.05,1,1
2021-06-17 09:37:30,B,1064.0,1,5
2021-06-17 09:37:30,B,1063.4,2,2
2021-06-17 09:37:30,B,1063.25,1,9
2021-06-17 09:37:30,B,1063.15,1,3
2021-06-17 09:37:34,S,1065.55,1,10
2021-06-17 09:37:34,S,1065.85,2,10
2021-06-17 09:37:34,S,1065.9,3,3
2021-06-17 09:37:34,S,1065.95,2,8
2021-06-17 09:37:34,S,1066.0,2,93
2021-06-17 09:37:34,B,1064.05,1,1
2021-06-17 09:37:34,B,1064.0,1,5
2021-06-17 09:37:34,B,1063.4,2,2
2021-06-17 09:37:34,B,1063.25,1,9
2021-06-17 09:37:34,B,1063.15,1,3
2021-06-17 09:37:37,S,1065.8,1,1
2021-06-17 09:37:37,S,1065.95,1,7
2021-06-17 09:37:37,S,1066.0,1,92
2021-06-17 09:37:37,S,1066.05,1,3
2021-06-17 09:37:37,S,1066.5,2,2
2021-06-17 09:37:37,B,1065.0,1,40
2021-06-17 09:37:37,B,1064.55,1,1
2021-06-17 09:37:37,B,1064.5,1,10
2021-06-17 09:37:37,B,1064.0,1,5
2021-06-17 09:37:37,B,1063.9,1,3
2021-06-17 09:37:37,S,1065.8,1,1
2021-06-17 09:37:37,S,1065.95,1,7
2021-06-17 09:37:37,S,1066.0,1,92
2021-06-17 09:37:37,S,1066.05,1,3
2021-06-17 09:37:37,S,1066.5,2,2
2021-06-17 09:37:37,B,1065.0,1,40
2021-06-17 09:37:37,B,1064.55,1,1
2021-06-17 09:37:37,B,1064.5,1,10
2021-06-17 09:37:37,B,1064.0,1,5
2021-06-17 09:37:37,B,1063.9,1,3
2021-06-17 09:37:40,S,1068.65,1,28
2021-06-17 09:37:40,S,1068.7,2,8
2021-06-17 09:37:40,S,1068.8,2,8
2021-06-17 09:37:40,S,1068.85,2,3
2021-06-17 09:37:40,S,1068.9,1,7
2021-06-17 09:37:40,B,1066.45,1,1
2021-06-17 09:37:40,B,1066.4,1,10
2021-06-17 09:37:40,B,1066.05,1,3
2021-06-17 09:37:40,B,1065.7,1,1
2021-06-17 09:37:40,B,1065.65,1,1
2021-06-17 09:37:43,S,1068.65,1,28
2021-06-17 09:37:43,S,1068.7,2,8
2021-06-17 09:37:43,S,1068.8,2,8
2021-06-17 09:37:43,S,1068.85,2,3
2021-06-17 09:37:43,S,1068.9,1,7
2021-06-17 09:37:43,B,1066.45,1,1
2021-06-17 09:37:43,B,1066.4,1,10
2021-06-17 09:37:43,B,1066.05,2,6
2021-06-17 09:37:43,B,1065.7,1,1
2021-06-17 09:37:43,B,1065.65,1,1
2021-06-17 09:37:46,S,1068.7,1,7
2021-06-17 09:37:46,S,1068.75,1,7
2021-06-17 09:37:46,S,1068.8,2,8
2021-06-17 09:37:46,S,1068.9,2,8
2021-06-17 09:37:46,S,1068.95,3,11
2021-06-17 09:37:46,B,1067.15,1,1
2021-06-17 09:37:46,B,1067.1,1,9
2021-06-17 09:37:46,B,1067.0,1,40
2021-06-17 09:37:46,B,1066.6,1,3
2021-06-17 09:37:46,B,1066.05,2,6
2021-06-17 09:37:50,S,1068.7,1,7
2021-06-17 09:37:50,S,1068.75,1,7
2021-06-17 09:37:50,S,1068.8,2,8
2021-06-17 09:37:50,S,1068.9,2,8
2021-06-17 09:37:50,S,1068.95,3,11
2021-06-17 09:37:50,B,1067.15,1,1
2021-06-17 09:37:50,B,1067.1,1,9
2021-06-17 09:37:50,B,1067.0,1,40
2021-06-17 09:37:50,B,1066.6,1,3
2021-06-17 09:37:50,B,1066.05,2,6
2021-06-17 09:37:58,S,1068.7,1,7
2021-06-17 09:37:58,S,1068.75,1,7
2021-06-17 09:37:58,S,1068.8,2,8
2021-06-17 09:37:58,S,1068.9,2,8
2021-06-17 09:37:58,S,1068.95,3,11
2021-06-17 09:37:58,B,1067.15,1,1
2021-06-17 09:37:58,B,1067.1,1,9
2021-06-17 09:37:58,B,1067.0,1,40
2021-06-17 09:37:58,B,1066.6,1,3
2021-06-17 09:37:58,B,1066.05,2,6
2021-06-17 09:37:58,S,1068.7,1,7
2021-06-17 09:37:58,S,1068.75,1,7
2021-06-17 09:37:58,S,1068.8,2,8
2021-06-17 09:37:58,S,1068.9,2,8
2021-06-17 09:37:58,S,1068.95,3,11
2021-06-17 09:37:58,B,1067.15,1,1
2021-06-17 09:37:58,B,1067.1,1,9
2021-06-17 09:37:58,B,1067.0,1,40
2021-06-17 09:37:58,B,1066.6,1,3
2021-06-17 09:37:58,B,1066.05,2,6
2021-06-17 09:38:00,S,1069.0,2,522
2021-06-17 09:38:00,S,1069.4,2,9
2021-06-17 09:38:00,S,1069.45,2,4
2021-06-17 09:38:00,S,1069.7,1,1
2021-06-17 09:38:00,S,1069.75,1,11
2021-06-17 09:38:00,B,1066.65,1,1
2021-06-17 09:38:00,B,1066.6,2,4
2021-06-17 09:38:00,B,1066.15,2,7
2021-06-17 09:38:00,B,1066.1,3,15
2021-06-17 09:38:00,B,1066.05,1,3
2021-06-17 09:38:04,S,1068.95,1,28
2021-06-17 09:38:04,S,1069.0,2,522
2021-06-17 09:38:04,S,1069.3,2,2
2021-06-17 09:38:04,S,1069.45,3,15
2021-06-17 09:38:04,S,1069.75,1,11
2021-06-17 09:38:04,B,1066.65,1,1
2021-06-17 09:38:04,B,1066.6,1,10
2021-06-17 09:38:04,B,1066.25,3,5
2021-06-17 09:38:04,B,1066.2,1,1
2021-06-17 09:38:04,B,1066.15,2,7
2021-06-17 09:38:07,S,1068.95,1,28
2021-06-17 09:38:07,S,1069.0,2,522
2021-06-17 09:38:07,S,1069.15,2,13
2021-06-17 09:38:07,S,1069.25,1,9
2021-06-17 09:38:07,S,1069.3,2,2
2021-06-17 09:38:07,B,1066.65,1,1
2021-06-17 09:38:07,B,1066.6,1,10
2021-06-17 09:38:07,B,1066.55,2,4
2021-06-17 09:38:07,B,1066.25,3,5
2021-06-17 09:38:07,B,1066.15,2,7
2021-06-17 09:38:11,S,1068.95,2,27
2021-06-17 09:38:11,S,1069.0,2,522
2021-06-17 09:38:11,S,1069.15,2,13
2021-06-17 09:38:11,S,1069.25,1,9
2021-06-17 09:38:11,S,1069.4,2,12
2021-06-17 09:38:11,B,1066.9,1,1
2021-06-17 09:38:11,B,1066.85,1,10
2021-06-17 09:38:11,B,1066.65,2,4
2021-06-17 09:38:11,B,1066.55,2,4
2021-06-17 09:38:11,B,1066.25,2,2
2021-06-17 09:38:14,S,1068.95,2,27
2021-06-17 09:38:14,S,1069.0,3,523
2021-06-17 09:38:14,S,1069.15,2,13
2021-06-17 09:38:14,S,1069.25,1,9
2021-06-17 09:38:14,S,1069.4,2,12
2021-06-17 09:38:14,B,1066.9,1,1
2021-06-17 09:38:14,B,1066.85,1,10
2021-06-17 09:38:14,B,1066.65,2,4
2021-06-17 09:38:14,B,1066.55,2,4
2021-06-17 09:38:14,B,1066.25,2,2
2021-06-17 09:38:16,S,1068.95,2,27
2021-06-17 09:38:16,S,1069.0,3,523
2021-06-17 09:38:16,S,1069.15,2,13
2021-06-17 09:38:16,S,1069.25,1,9
2021-06-17 09:38:16,S,1069.4,2,12
2021-06-17 09:38:16,B,1066.9,1,1
2021-06-17 09:38:16,B,1066.85,1,10
2021-06-17 09:38:16,B,1066.65,2,4
2021-06-17 09:38:16,B,1066.55,2,4
2021-06-17 09:38:16,B,1066.25,2,2
2021-06-17 09:38:18,S,1068.95,2,8
2021-06-17 09:38:18,S,1069.0,2,522
2021-06-17 09:38:18,S,1069.45,3,14
2021-06-17 09:38:18,S,1069.75,1,11
2021-06-17 09:38:18,S,1069.95,1,2
2021-06-17 09:38:18,B,1067.35,1,1
2021-06-17 09:38:18,B,1067.3,1,8
2021-06-17 09:38:18,B,1067.25,2,8
2021-06-17 09:38:18,B,1067.2,2,7
2021-06-17 09:38:18,B,1067.15,2,101
2021-06-17 09:38:21,S,1068.5,1,1
2021-06-17 09:38:21,S,1068.55,1,15
2021-06-17 09:38:21,S,1068.95,2,8
2021-06-17 09:38:21,S,1069.0,3,523
2021-06-17 09:38:21,S,1069.45,4,26
2021-06-17 09:38:21,B,1067.35,1,1
2021-06-17 09:38:21,B,1067.3,1,8
2021-06-17 09:38:21,B,1067.25,1,7
2021-06-17 09:38:21,B,1067.2,1,6
2021-06-17 09:38:21,B,1067.15,2,101
2021-06-17 09:38:22,S,1068.5,1,1
2021-06-17 09:38:22,S,1068.55,1,15
2021-06-17 09:38:22,S,1068.95,2,8
2021-06-17 09:38:22,S,1069.0,3,523
2021-06-17 09:38:22,S,1069.45,4,26
2021-06-17 09:38:22,B,1067.35,1,1
2021-06-17 09:38:22,B,1067.3,1,8
2021-06-17 09:38:22,B,1067.25,1,7
2021-06-17 09:38:22,B,1067.2,1,6
2021-06-17 09:38:22,B,1067.15,2,101
2021-06-17 09:38:25,S,1068.55,1,11
2021-06-17 09:38:25,S,1068.9,2,8
2021-06-17 09:38:25,S,1068.95,2,8
2021-06-17 09:38:25,S,1069.0,3,523
2021-06-17 09:38:25,S,1069.45,4,26
2021-06-17 09:38:25,B,1067.35,1,1
2021-06-17 09:38:25,B,1067.3,1,8
2021-06-17 09:38:25,B,1067.25,1,7
2021-06-17 09:38:25,B,1067.2,1,6
2021-06-17 09:38:25,B,1067.15,2,101
2021-06-17 09:38:28,S,1068.55,1,11
2021-06-17 09:38:28,S,1068.9,2,8
2021-06-17 09:38:28,S,1068.95,2,8
2021-06-17 09:38:28,S,1069.0,3,523
2021-06-17 09:38:28,S,1069.45,4,26
2021-06-17 09:38:28,B,1067.35,1,1
2021-06-17 09:38:28,B,1067.3,1,8
2021-06-17 09:38:28,B,1067.25,1,7
2021-06-17 09:38:28,B,1067.2,1,6
2021-06-17 09:38:28,B,1067.15,2,101
2021-06-17 09:38:28,S,1068.95,1,7
2021-06-17 09:38:28,S,1069.0,1,476
2021-06-17 09:38:28,S,1069.45,2,4
2021-06-17 09:38:28,S,1070.0,2,51
2021-06-17 09:38:28,S,1070.05,2,12
2021-06-17 09:38:28,B,1067.4,1,1
2021-06-17 09:38:28,B,1067.35,1,5
2021-06-17 09:38:28,B,1067.3,2,9
2021-06-17 09:38:28,B,1067.25,2,8
2021-06-17 09:38:28,B,1067.2,1,6
2021-06-17 09:38:31,S,1068.95,1,7
2021-06-17 09:38:31,S,1069.0,1,476
2021-06-17 09:38:31,S,1069.45,2,4
2021-06-17 09:38:31,S,1070.0,2,51
2021-06-17 09:38:31,S,1070.05,2,12
2021-06-17 09:38:31,B,1067.65,1,10
2021-06-17 09:38:31,B,1067.4,1,1
2021-06-17 09:38:31,B,1067.35,1,5
2021-06-17 09:38:31,B,1067.25,2,8
2021-06-17 09:38:31,B,1067.2,1,6
2021-06-17 09:38:32,S,1068.95,1,7
2021-06-17 09:38:32,S,1069.0,1,476
2021-06-17 09:38:32,S,1069.45,2,4
2021-06-17 09:38:32,S,1070.0,2,51
2021-06-17 09:38:32,S,1070.05,2,12
2021-06-17 09:38:32,B,1067.65,1,10
2021-06-17 09:38:32,B,1067.4,1,1
2021-06-17 09:38:32,B,1067.35,1,5
2021-06-17 09:38:32,B,1067.25,2,8
2021-06-17 09:38:32,B,1067.2,1,6
2021-06-17 09:38:35,S,1068.85,1,9
2021-06-17 09:38:35,S,1068.9,1,10
2021-06-17 09:38:35,S,1068.95,1,2
2021-06-17 09:38:35,S,1069.0,2,477
2021-06-17 09:38:35,S,1069.45,3,14
2021-06-17 09:38:35,B,1067.3,1,1
2021-06-17 09:38:35,B,1067.25,1,7
2021-06-17 09:38:35,B,1067.2,2,16
2021-06-17 09:38:35,B,1067.15,1,100
2021-06-17 09:38:35,B,1066.7,1,1
2021-06-17 09:38:39,S,1068.85,1,9
2021-06-17 09:38:39,S,1068.9,2,11
2021-06-17 09:38:39,S,1068.95,2,3
2021-06-17 09:38:39,S,1069.0,2,477
2021-06-17 09:38:39,S,1069.25,1,10
2021-06-17 09:38:39,B,1067.3,2,2
2021-06-17 09:38:39,B,1067.25,1,7
2021-06-17 09:38:39,B,1067.2,2,16
2021-06-17 09:38:39,B,1067.15,1,100
2021-06-17 09:38:39,B,1066.6,1,9
2021-06-17 09:38:42,S,1068.85,1,9
2021-06-17 09:38:42,S,1068.9,2,11
2021-06-17 09:38:42,S,1068.95,2,3
2021-06-17 09:38:42,S,1069.0,2,477
2021-06-17 09:38:42,S,1069.25,1,10
2021-06-17 09:38:42,B,1067.3,2,2
2021-06-17 09:38:42,B,1067.25,1,7
2021-06-17 09:38:42,B,1067.2,2,16
2021-06-17 09:38:42,B,1067.15,1,100
2021-06-17 09:38:42,B,1066.6,1,9
2021-06-17 09:38:43,S,1068.85,1,9
2021-06-17 09:38:43,S,1068.9,2,11
2021-06-17 09:38:43,S,1068.95,2,3
2021-06-17 09:38:43,S,1069.0,2,477
2021-06-17 09:38:43,S,1069.25,1,10
2021-06-17 09:38:43,B,1067.3,2,2
2021-06-17 09:38:43,B,1067.25,1,7
2021-06-17 09:38:43,B,1067.2,2,16
2021-06-17 09:38:43,B,1067.15,1,100
2021-06-17 09:38:43,B,1066.6,1,9
2021-06-17 09:38:45,S,1069.0,1,415
2021-06-17 09:38:45,S,1070.0,3,52
2021-06-17 09:38:45,S,1070.05,2,10
2021-06-17 09:38:45,S,1070.1,2,18
2021-06-17 09:38:45,S,1070.3,1,1
2021-06-17 09:38:45,B,1067.65,1,1
2021-06-17 09:38:45,B,1067.6,1,9
2021-06-17 09:38:45,B,1067.35,2,6
2021-06-17 09:38:45,B,1067.3,1,1
2021-06-17 09:38:45,B,1067.25,2,8
2021-06-17 09:38:45,S,1069.0,1,415
2021-06-17 09:38:45,S,1070.0,3,52
2021-06-17 09:38:45,S,1070.05,2,10
2021-06-17 09:38:45,S,1070.1,2,18
2021-06-17 09:38:45,S,1070.3,1,1
2021-06-17 09:38:45,B,1067.65,1,1
2021-06-17 09:38:45,B,1067.6,1,9
2021-06-17 09:38:45,B,1067.35,2,6
2021-06-17 09:38:45,B,1067.3,1,1
2021-06-17 09:38:45,B,1067.25,2,8
2021-06-17 09:38:48,S,1069.0,1,405
2021-06-17 09:38:48,S,1069.7,2,10
2021-06-17 09:38:48,S,1070.0,3,52
2021-06-17 09:38:48,S,1070.05,2,10
2021-06-17 09:38:48,S,1070.1,2,18
2021-06-17 09:38:48,B,1067.65,1,1
2021-06-17 09:38:48,B,1067.6,1,9
2021-06-17 09:38:48,B,1067.35,2,6
2021-06-17 09:38:48,B,1067.3,1,1
2021-06-17 09:38:48,B,1067.25,2,8
2021-06-17 09:38:51,S,1069.0,1,405
2021-06-17 09:38:51,S,1069.7,2,10
2021-06-17 09:38:51,S,1070.0,3,52
2021-06-17 09:38:51,S,1070.05,2,10
2021-06-17 09:38:51,S,1070.1,2,18
2021-06-17 09:38:51,B,1067.65,1,1
2021-06-17 09:38:51,B,1067.6,1,9
2021-06-17 09:38:51,B,1067.35,2,6
2021-06-17 09:38:51,B,1067.3,1,1
2021-06-17 09:38:51,B,1067.25,2,8
2021-06-17 09:38:52,S,1069.0,1,404
2021-06-17 09:38:52,S,1069.7,2,10
2021-06-17 09:38:52,S,1069.8,1,1
2021-06-17 09:38:52,S,1070.0,2,51
2021-06-17 09:38:52,S,1070.05,2,10
2021-06-17 09:38:52,B,1067.65,1,1
2021-06-17 09:38:52,B,1067.6,1,9
2021-06-17 09:38:52,B,1067.35,2,6
2021-06-17 09:38:52,B,1067.3,1,1
2021-06-17 09:38:52,B,1067.25,2,8
2021-06-17 09:38:55,S,1069.0,1,404
2021-06-17 09:38:55,S,1069.35,1,3
2021-06-17 09:38:55,S,1069.7,2,10
2021-06-17 09:38:55,S,1069.75,1,12
2021-06-17 09:38:55,S,1069.85,1,3
2021-06-17 09:38:55,B,1067.65,1,1
2021-06-17 09:38:55,B,1067.6,1,9
2021-06-17 09:38:55,B,1067.35,2,6
2021-06-17 09:38:55,B,1067.3,1,1
2021-06-17 09:38:55,B,1067.25,2,8
2021-06-17 09:38:56,S,1069.0,1,404
2021-06-17 09:38:56,S,1069.35,1,3
2021-06-17 09:38:56,S,1069.7,2,10
2021-06-17 09:38:56,S,1069.75,1,12
2021-06-17 09:38:56,S,1069.85,1,3
2021-06-17 09:38:56,B,1067.65,1,1
2021-06-17 09:38:56,B,1067.6,1,9
2021-06-17 09:38:56,B,1067.35,2,6
2021-06-17 09:38:56,B,1067.3,1,1
2021-06-17 09:38:56,B,1067.25,2,8
2021-06-17 09:38:58,S,1069.0,1,404
2021-06-17 09:38:58,S,1069.35,1,3
2021-06-17 09:38:58,S,1069.7,2,10
2021-06-17 09:38:58,S,1069.75,1,12
2021-06-17 09:38:58,S,1069.85,1,3
2021-06-17 09:38:58,B,1067.65,1,1
2021-06-17 09:38:58,B,1067.6,1,9
2021-06-17 09:38:58,B,1067.35,2,6
2021-06-17 09:38:58,B,1067.3,1,1
2021-06-17 09:38:58,B,1067.25,2,8
2021-06-17 09:39:03,S,1068.7,1,9
2021-06-17 09:39:03,S,1068.8,1,7
2021-06-17 09:39:03,S,1068.85,1,7
2021-06-17 09:39:03,S,1068.9,1,7
2021-06-17 09:39:03,S,1068.95,3,16
2021-06-17 09:39:03,B,1067.2,1,1
2021-06-17 09:39:03,B,1067.15,1,48
2021-06-17 09:39:03,B,1067.05,1,10
2021-06-17 09:39:03,B,1066.75,1,3
2021-06-17 09:39:03,B,1066.1,1,9
2021-06-17 09:39:06,S,1068.7,1,9
2021-06-17 09:39:06,S,1068.8,1,7
2021-06-17 09:39:06,S,1068.85,1,7
2021-06-17 09:39:06,S,1068.9,1,7
2021-06-17 09:39:06,S,1068.95,3,16
2021-06-17 09:39:06,B,1067.2,1,1
2021-06-17 09:39:06,B,1067.15,2,49
2021-06-17 09:39:06,B,1066.75,1,3
2021-06-17 09:39:06,B,1066.1,1,9
2021-06-17 09:39:06,B,1066.05,1,3
2021-06-17 09:39:09,S,1068.7,1,9
2021-06-17 09:39:09,S,1068.8,1,7
2021-06-17 09:39:09,S,1068.85,1,7
2021-06-17 09:39:09,S,1068.9,1,7
2021-06-17 09:39:09,S,1068.95,3,16
2021-06-17 09:39:09,B,1067.2,1,1
2021-06-17 09:39:09,B,1067.15,2,49
2021-06-17 09:39:09,B,1066.75,1,3
2021-06-17 09:39:09,B,1066.1,1,9
2021-06-17 09:39:09,B,1066.05,1,3
2021-06-17 09:39:13,S,1068.7,1,9
2021-06-17 09:39:13,S,1068.8,1,7
2021-06-17 09:39:13,S,1068.85,1,7
2021-06-17 09:39:13,S,1068.9,1,7
2021-06-17 09:39:13,S,1068.95,3,16
2021-06-17 09:39:13,B,1067.2,1,1
2021-06-17 09:39:13,B,1067.15,2,49
2021-06-17 09:39:13,B,1066.75,1,3
2021-06-17 09:39:13,B,1066.1,1,9
2021-06-17 09:39:13,B,1066.05,1,3
2021-06-17 09:39:15,S,1068.7,1,9
2021-06-17 09:39:15,S,1068.8,1,7
2021-06-17 09:39:15,S,1068.85,1,7
2021-06-17 09:39:15,S,1068.9,1,7
2021-06-17 09:39:15,S,1068.95,3,16
2021-06-17 09:39:15,B,1067.2,1,1
2021-06-17 09:39:15,B,1067.15,2,49
2021-06-17 09:39:15,B,1066.75,1,3
2021-06-17 09:39:15,B,1066.1,1,9
2021-06-17 09:39:15,B,1066.05,1,3
2021-06-17 09:39:16,S,1068.85,1,6
2021-06-17 09:39:16,S,1068.9,1,7
2021-06-17 09:39:16,S,1068.95,1,3
2021-06-17 09:39:16,S,1069.0,1,404
2021-06-17 09:39:16,S,1069.15,2,15
2021-06-17 09:39:16,B,1067.2,1,1
2021-06-17 09:39:16,B,1067.15,2,4
2021-06-17 09:39:16,B,1066.75,1,3
2021-06-17 09:39:16,B,1066.65,1,7
2021-06-17 09:39:16,B,1066.6,1,7
2021-06-17 09:39:20,S,1068.85,1,6
2021-06-17 09:39:20,S,1068.9,1,7
2021-06-17 09:39:20,S,1068.95,1,3
2021-06-17 09:39:20,S,1069.0,1,404
2021-06-17 09:39:20,S,1069.15,2,15
2021-06-17 09:39:20,B,1067.2,2,8
2021-06-17 09:39:20,B,1067.15,2,4
2021-06-17 09:39:20,B,1067.1,1,9
2021-06-17 09:39:20,B,1066.75,1,3
2021-06-17 09:39:20,B,1066.65,1,7
2021-06-17 09:39:22,S,1068.85,1,6
2021-06-17 09:39:22,S,1068.9,1,7
2021-06-17 09:39:22,S,1068.95,1,3
2021-06-17 09:39:22,S,1069.0,1,404
2021-06-17 09:39:22,S,1069.15,2,15
2021-06-17 09:39:22,B,1067.2,2,8
2021-06-17 09:39:22,B,1067.15,2,4
2021-06-17 09:39:22,B,1067.1,1,9
2021-06-17 09:39:22,B,1066.75,1,3
2021-06-17 09:39:22,B,1066.65,1,7
2021-06-17 09:39:23,S,1068.95,1,3
2021-06-17 09:39:23,S,1069.0,1,404
2021-06-17 09:39:23,S,1069.75,1,12
2021-06-17 09:39:23,S,1070.0,2,51
2021-06-17 09:39:23,S,1070.05,2,10
2021-06-17 09:39:23,B,1068.7,1,50
2021-06-17 09:39:23,B,1067.2,2,8
2021-06-17 09:39:23,B,1067.15,2,4
2021-06-17 09:39:23,B,1067.1,1,9
2021-06-17 09:39:23,B,1066.75,2,5
2021-06-17 09:39:27,S,1068.95,1,3
2021-06-17 09:39:27,S,1069.0,1,404
2021-06-17 09:39:27,S,1069.75,1,12
2021-06-17 09:39:27,S,1070.0,2,51
2021-06-17 09:39:27,S,1070.05,2,10
2021-06-17 09:39:27,B,1068.7,1,50
2021-06-17 09:39:27,B,1068.1,2,11
2021-06-17 09:39:27,B,1067.45,1,1
2021-06-17 09:39:27,B,1067.4,1,3
2021-06-17 09:39:27,B,1067.2,1,7
2021-06-17 09:39:28,S,1068.95,1,3
2021-06-17 09:39:28,S,1069.0,1,404
2021-06-17 09:39:28,S,1069.75,1,12
2021-06-17 09:39:28,S,1070.0,2,51
2021-06-17 09:39:28,S,1070.05,2,10
2021-06-17 09:39:28,B,1068.7,1,50
2021-06-17 09:39:28,B,1068.1,2,11
2021-06-17 09:39:28,B,1067.45,1,1
2021-06-17 09:39:28,B,1067.4,1,3
2021-06-17 09:39:28,B,1067.2,1,7
2021-06-17 09:39:30,S,1068.05,2,3
2021-06-17 09:39:30,S,1068.15,1,3
2021-06-17 09:39:30,S,1068.35,2,9
2021-06-17 09:39:30,S,1068.6,1,3
2021-06-17 09:39:30,S,1068.7,1,7
2021-06-17 09:39:30,B,1066.2,3,9
2021-06-17 09:39:30,B,1066.15,2,8
2021-06-17 09:39:30,B,1066.1,1,3
2021-06-17 09:39:30,B,1065.9,1,6
2021-06-17 09:39:30,B,1065.85,2,13
2021-06-17 09:39:31,S,1068.05,2,3
2021-06-17 09:39:31,S,1068.15,1,3
2021-06-17 09:39:31,S,1068.35,2,9
2021-06-17 09:39:31,S,1068.6,1,3
2021-06-17 09:39:31,S,1068.7,1,7
2021-06-17 09:39:31,B,1066.2,3,9
2021-06-17 09:39:31,B,1066.15,2,8
2021-06-17 09:39:31,B,1066.1,1,3
2021-06-17 09:39:31,B,1065.9,1,6
2021-06-17 09:39:31,B,1065.85,2,13
2021-06-17 09:39:33,S,1068.3,1,1
2021-06-17 09:39:33,S,1068.35,2,9
2021-06-17 09:39:33,S,1068.5,1,16
2021-06-17 09:39:33,S,1068.7,1,7
2021-06-17 09:39:33,S,1068.75,1,7
2021-06-17 09:39:33,B,1066.35,2,8
2021-06-17 09:39:33,B,1066.3,2,8
2021-06-17 09:39:33,B,1066.25,2,8
2021-06-17 09:39:33,B,1066.2,3,9
2021-06-17 09:39:33,B,1066.15,2,8
2021-06-17 09:39:37,S,1068.3,1,1
2021-06-17 09:39:37,S,1068.35,2,9
2021-06-17 09:39:37,S,1068.5,1,16
2021-06-17 09:39:37,S,1068.7,1,7
2021-06-17 09:39:37,S,1068.75,1,7
2021-06-17 09:39:37,B,1066.75,1,1
2021-06-17 09:39:37,B,1066.7,2,8
2021-06-17 09:39:37,B,1066.45,2,8
2021-06-17 09:39:37,B,1066.4,2,3
2021-06-17 09:39:37,B,1066.35,2,8
2021-06-17 09:39:40,S,1068.3,1,1
2021-06-17 09:39:40,S,1068.35,2,9
2021-06-17 09:39:40,S,1068.65,1,10
2021-06-17 09:39:40,S,1068.7,1,7
2021-06-17 09:39:40,S,1068.75,1,7
2021-06-17 09:39:40,B,1067.05,1,10
2021-06-17 09:39:40,B,1066.9,2,2
2021-06-17 09:39:40,B,1066.7,2,8
2021-06-17 09:39:40,B,1066.45,2,8
2021-06-17 09:39:40,B,1066.4,2,3
2021-06-17 09:39:43,S,1068.3,1,1
2021-06-17 09:39:43,S,1068.35,2,9
2021-06-17 09:39:43,S,1068.65,1,10
2021-06-17 09:39:43,S,1068.7,1,7
2021-06-17 09:39:43,S,1068.75,1,7
2021-06-17 09:39:43,B,1067.05,1,10
2021-06-17 09:39:43,B,1066.9,2,2
2021-06-17 09:39:43,B,1066.7,2,8
2021-06-17 09:39:43,B,1066.45,2,8
2021-06-17 09:39:43,B,1066.4,2,3
2021-06-17 09:39:49,S,1068.3,1,1
2021-06-17 09:39:49,S,1068.35,2,9
2021-06-17 09:39:49,S,1068.65,2,11
2021-06-17 09:39:49,S,1068.7,1,7
2021-06-17 09:39:49,S,1068.75,1,7
2021-06-17 09:39:49,B,1066.75,1,1
2021-06-17 09:39:49,B,1066.7,2,8
2021-06-17 09:39:49,B,1066.45,2,8
2021-06-17 09:39:49,B,1066.4,2,3
2021-06-17 09:39:49,B,1066.35,2,8
2021-06-17 09:39:51,S,1068.3,1,1
2021-06-17 09:39:51,S,1068.35,2,9
2021-06-17 09:39:51,S,1068.65,2,11
2021-06-17 09:39:51,S,1068.7,1,7
2021-06-17 09:39:51,S,1068.75,1,7
2021-06-17 09:39:51,B,1066.75,1,1
2021-06-17 09:39:51,B,1066.7,2,8
2021-06-17 09:39:51,B,1066.45,2,8
2021-06-17 09:39:51,B,1066.4,2,3
2021-06-17 09:39:51,B,1066.35,2,8
2021-06-17 09:39:53,S,1068.05,1,1
2021-06-17 09:39:53,S,1068.1,1,10
2021-06-17 09:39:53,S,1068.35,4,13
2021-06-17 09:39:53,S,1068.6,1,6
2021-06-17 09:39:53,S,1068.7,1,7
2021-06-17 09:39:53,B,1066.4,2,3
2021-06-17 09:39:53,B,1066.35,2,8
2021-06-17 09:39:53,B,1066.3,2,8
2021-06-17 09:39:53,B,1066.25,2,8
2021-06-17 09:39:53,B,1066.2,2,8
2021-06-17 09:39:57,S,1068.05,1,1
2021-06-17 09:39:57,S,1068.1,1,10
2021-06-17 09:39:57,S,1068.35,4,13
2021-06-17 09:39:57,S,1068.6,1,6
2021-06-17 09:39:57,S,1068.7,1,7
2021-06-17 09:39:57,B,1066.4,2,3
2021-06-17 09:39:57,B,1066.35,2,8
2021-06-17 09:39:57,B,1066.3,2,8
2021-06-17 09:39:57,B,1066.25,2,8
2021-06-17 09:39:57,B,1066.2,2,8
2021-06-17 09:40:04,S,1068.05,1,1
2021-06-17 09:40:04,S,1068.1,1,10
2021-06-17 09:40:04,S,1068.35,3,12
2021-06-17 09:40:04,S,1068.6,1,6
2021-06-17 09:40:04,S,1068.7,1,7
2021-06-17 09:40:04,B,1066.5,1,9
2021-06-17 09:40:04,B,1066.4,3,10
2021-06-17 09:40:04,B,1066.35,2,8
2021-06-17 09:40:04,B,1066.3,3,14
2021-06-17 09:40:04,B,1066.25,3,18
2021-06-17 09:40:07,S,1068.05,1,1
2021-06-17 09:40:07,S,1068.1,1,10
2021-06-17 09:40:07,S,1068.35,3,12
2021-06-17 09:40:07,S,1068.6,1,6
2021-06-17 09:40:07,S,1068.7,1,7
2021-06-17 09:40:07,B,1066.5,1,9
2021-06-17 09:40:07,B,1066.4,3,10
2021-06-17 09:40:07,B,1066.35,2,8
2021-06-17 09:40:07,B,1066.3,3,14
2021-06-17 09:40:07,B,1066.25,3,18
2021-06-17 09:40:11,S,1068.35,1,2
2021-06-17 09:40:11,S,1068.6,1,1
2021-06-17 09:40:11,S,1068.65,1,7
2021-06-17 09:40:11,S,1068.7,1,7
2021-06-17 09:40:11,S,1068.75,1,7
2021-06-17 09:40:11,B,1067.25,1,10
2021-06-17 09:40:11,B,1067.0,4,11
2021-06-17 09:40:11,B,1066.65,3,8
2021-06-17 09:40:11,B,1066.6,2,7
2021-06-17 09:40:11,B,1066.55,3,15
2021-06-17 09:40:15,S,1068.85,1,1
2021-06-17 09:40:15,S,1068.9,1,2
2021-06-17 09:40:15,S,1068.95,1,3
2021-06-17 09:40:15,S,1069.0,1,404
2021-06-17 09:40:15,S,1069.25,1,10
2021-06-17 09:40:15,B,1068.3,1,6
2021-06-17 09:40:15,B,1067.3,2,2
2021-06-17 09:40:15,B,1067.25,2,11
2021-06-17 09:40:15,B,1067.1,1,3
2021-06-17 09:40:15,B,1067.0,3,10
2021-06-17 09:40:18,S,1068.9,1,2
2021-06-17 09:40:18,S,1068.95,2,4
2021-06-17 09:40:18,S,1069.0,1,404
2021-06-17 09:40:18,S,1069.25,1,10
2021-06-17 09:40:18,S,1069.4,1,10
2021-06-17 09:40:18,B,1068.3,1,6
2021-06-17 09:40:18,B,1068.05,1,5
2021-06-17 09:40:18,B,1067.3,2,2
2021-06-17 09:40:18,B,1067.25,2,11
2021-06-17 09:40:18,B,1067.1,1,3
2021-06-17 09:40:21,S,1068.9,1,2
2021-06-17 09:40:21,S,1068.95,2,4
2021-06-17 09:40:21,S,1069.0,1,404
2021-06-17 09:40:21,S,1069.25,1,10
2021-06-17 09:40:21,S,1069.4,1,10
2021-06-17 09:40:21,B,1068.3,1,6
2021-06-17 09:40:21,B,1068.05,1,5
2021-06-17 09:40:21,B,1067.3,2,2
2021-06-17 09:40:21,B,1067.25,2,11
2021-06-17 09:40:21,B,1067.1,1,3
2021-06-17 09:40:22,S,1068.95,1,1
2021-06-17 09:40:22,S,1069.0,1,404
2021-06-17 09:40:22,S,1070.0,3,56
2021-06-17 09:40:22,S,1070.05,3,16
2021-06-17 09:40:22,S,1070.1,2,18
2021-06-17 09:40:22,B,1068.3,1,6
2021-06-17 09:40:22,B,1067.3,2,2
2021-06-17 09:40:22,B,1067.25,2,11
2021-06-17 09:40:22,B,1067.1,1,3
2021-06-17 09:40:22,B,1067.0,3,10
2021-06-17 09:40:26,S,1069.0,1,404
2021-06-17 09:40:26,S,1069.4,2,2
2021-06-17 09:40:26,S,1069.65,1,9
2021-06-17 09:40:26,S,1069.75,2,10
2021-06-17 09:40:26,S,1070.0,4,59
2021-06-17 09:40:26,B,1068.3,1,6
2021-06-17 09:40:26,B,1067.95,1,10
2021-06-17 09:40:26,B,1067.6,1,1
2021-06-17 09:40:26,B,1067.55,1,7
2021-06-17 09:40:26,B,1067.5,1,7
2021-06-17 09:40:30,S,1069.0,1,404
2021-06-17 09:40:30,S,1069.4,2,2
2021-06-17 09:40:30,S,1069.6,2,10
2021-06-17 09:40:30,S,1069.75,2,10
2021-06-17 09:40:30,S,1070.0,4,59
2021-06-17 09:40:30,B,1068.3,1,6
2021-06-17 09:40:30,B,1067.95,1,10
2021-06-17 09:40:30,B,1067.6,1,1
2021-06-17 09:40:30,B,1067.55,1,7
2021-06-17 09:40:30,B,1067.5,1,7
2021-06-17 09:40:30,S,1069.0,1,404
2021-06-17 09:40:30,S,1069.4,2,2
2021-06-17 09:40:30,S,1069.6,2,10
2021-06-17 09:40:30,S,1069.75,2,10
2021-06-17 09:40:30,S,1070.0,4,59
2021-06-17 09:40:30,B,1068.3,1,6
2021-06-17 09:40:30,B,1067.95,1,10
2021-06-17 09:40:30,B,1067.6,1,1
2021-06-17 09:40:30,B,1067.55,1,7
2021-06-17 09:40:30,B,1067.5,1,7
2021-06-17 09:40:33,S,1069.0,1,379
2021-06-17 09:40:33,S,1069.4,2,2
2021-06-17 09:40:33,S,1069.6,2,10
2021-06-17 09:40:33,S,1069.75,2,10
2021-06-17 09:40:33,S,1070.0,4,59
2021-06-17 09:40:33,B,1068.3,1,6
2021-06-17 09:40:33,B,1067.95,1,10
2021-06-17 09:40:33,B,1067.6,1,1
2021-06-17 09:40:33,B,1067.55,1,7
2021-06-17 09:40:33,B,1067.5,1,7
2021-06-17 09:40:36,S,1068.9,1,1
2021-06-17 09:40:36,S,1069.0,1,379
2021-06-17 09:40:36,S,1069.4,2,2
2021-06-17 09:40:36,S,1069.6,2,10
2021-06-17 09:40:36,S,1069.75,2,10
2021-06-17 09:40:36,B,1068.3,1,6
2021-06-17 09:40:36,B,1067.95,1,10
2021-06-17 09:40:36,B,1067.6,1,1
2021-06-17 09:40:36,B,1067.55,1,7
2021-06-17 09:40:36,B,1067.5,1,7
2021-06-17 09:40:40,S,1068.9,1,1
2021-06-17 09:40:40,S,1069.0,1,379
2021-06-17 09:40:40,S,1069.4,2,2
2021-06-17 09:40:40,S,1069.6,2,10
2021-06-17 09:40:40,S,1069.75,2,10
2021-06-17 09:40:40,B,1068.3,1,6
2021-06-17 09:40:40,B,1067.95,1,10
2021-06-17 09:40:40,B,1067.6,1,1
2021-06-17 09:40:40,B,1067.55,1,7
2021-06-17 09:40:40,B,1067.5,1,7
2021-06-17 09:40:43,S,1068.9,1,1
2021-06-17 09:40:43,S,1069.0,1,379
2021-06-17 09:40:43,S,1069.4,2,2
2021-06-17 09:40:43,S,1069.6,2,10
2021-06-17 09:40:43,S,1069.75,2,10
2021-06-17 09:40:43,B,1068.3,1,6
2021-06-17 09:40:43,B,1067.95,1,10
2021-06-17 09:40:43,B,1067.6,1,1
2021-06-17 09:40:43,B,1067.55,1,7
2021-06-17 09:40:43,B,1067.5,1,7
2021-06-17 09:40:47,S,1068.9,1,1
2021-06-17 09:40:47,S,1068.95,1,1
2021-06-17 09:40:47,S,1069.0,1,379
2021-06-17 09:40:47,S,1069.6,2,10
2021-06-17 09:40:47,S,1069.75,2,10
2021-06-17 09:40:47,B,1068.3,1,6
2021-06-17 09:40:47,B,1067.6,2,8
2021-06-17 09:40:47,B,1067.55,1,7
2021-06-17 09:40:47,B,1067.5,1,7
2021-06-17 09:40:47,B,1067.45,1,7
2021-06-17 09:40:50,S,1068.9,1,1
2021-06-17 09:40:50,S,1068.95,1,1
2021-06-17 09:40:50,S,1069.0,1,379
2021-06-17 09:40:50,S,1069.6,2,10
2021-06-17 09:40:50,S,1069.75,2,10
2021-06-17 09:40:50,B,1068.3,1,6
2021-06-17 09:40:50,B,1067.6,2,8
2021-06-17 09:40:50,B,1067.55,1,7
2021-06-17 09:40:50,B,1067.5,1,7
2021-06-17 09:40:50,B,1067.45,1,7
2021-06-17 09:40:51,S,1068.9,1,1
2021-06-17 09:40:51,S,1068.95,1,1
2021-06-17 09:40:51,S,1069.0,1,379
2021-06-17 09:40:51,S,1069.6,2,10
2021-06-17 09:40:51,S,1069.75,2,10
2021-06-17 09:40:51,B,1068.3,1,5
2021-06-17 09:40:51,B,1067.65,2,11
2021-06-17 09:40:51,B,1067.6,1,7
2021-06-17 09:40:51,B,1067.55,1,7
2021-06-17 09:40:51,B,1067.5,1,7
2021-06-17 09:40:55,S,1068.9,1,1
2021-06-17 09:40:55,S,1068.95,1,1
2021-06-17 09:40:55,S,1069.0,1,379
2021-06-17 09:40:55,S,1069.6,2,10
2021-06-17 09:40:55,S,1069.75,2,10
2021-06-17 09:40:55,B,1068.3,1,5
2021-06-17 09:40:55,B,1067.65,2,11
2021-06-17 09:40:55,B,1067.6,1,7
2021-06-17 09:40:55,B,1067.55,1,7
2021-06-17 09:40:55,B,1067.5,1,7
2021-06-17 09:40:58,S,1068.9,1,1
2021-06-17 09:40:58,S,1068.95,1,1
2021-06-17 09:40:58,S,1069.0,2,382
2021-06-17 09:40:58,S,1069.45,1,12
2021-06-17 09:40:58,S,1069.6,2,10
2021-06-17 09:40:58,B,1068.3,1,5
2021-06-17 09:40:58,B,1067.65,2,11
2021-06-17 09:40:58,B,1067.6,1,7
2021-06-17 09:40:58,B,1067.55,1,7
2021-06-17 09:40:58,B,1067.5,1,7
2021-06-17 09:41:01,S,1068.9,1,1
2021-06-17 09:41:01,S,1068.95,1,1
2021-06-17 09:41:01,S,1069.0,2,382
2021-06-17 09:41:01,S,1069.45,1,12
2021-06-17 09:41:01,S,1069.6,2,10
2021-06-17 09:41:01,B,1068.3,1,5
2021-06-17 09:41:01,B,1067.65,2,11
2021-06-17 09:41:01,B,1067.6,1,7
2021-06-17 09:41:01,B,1067.55,1,7
2021-06-17 09:41:01,B,1067.5,1,7
2021-06-17 09:41:03,S,1069.0,2,293
2021-06-17 09:41:03,S,1070.0,3,56
2021-06-17 09:41:03,S,1070.1,2,10
2021-06-17 09:41:03,S,1070.35,1,9
2021-06-17 09:41:03,S,1070.55,1,3
2021-06-17 09:41:03,B,1068.3,1,5
2021-06-17 09:41:03,B,1068.2,1,10
2021-06-17 09:41:03,B,1067.65,2,2
2021-06-17 09:41:03,B,1067.6,1,7
2021-06-17 09:41:03,B,1067.55,1,7
2021-06-17 09:41:06,S,1069.0,2,273
2021-06-17 09:41:06,S,1069.65,2,10
2021-06-17 09:41:06,S,1069.75,2,11
2021-06-17 09:41:06,S,1070.0,3,56
2021-06-17 09:41:06,S,1070.05,2,13
2021-06-17 09:41:06,B,1068.3,1,5
2021-06-17 09:41:06,B,1067.65,2,2
2021-06-17 09:41:06,B,1067.6,2,10
2021-06-17 09:41:06,B,1067.55,1,7
2021-06-17 09:41:06,B,1067.5,1,7
2021-06-17 09:41:10,S,1069.0,2,273
2021-06-17 09:41:10,S,1069.65,2,10
2021-06-17 09:41:10,S,1069.75,2,11
2021-06-17 09:41:10,S,1070.0,3,56
2021-06-17 09:41:10,S,1070.05,2,13
2021-06-17 09:41:10,B,1068.3,1,5
2021-06-17 09:41:10,B,1067.9,1,10
2021-06-17 09:41:10,B,1067.65,2,2
2021-06-17 09:41:10,B,1067.6,2,10
2021-06-17 09:41:10,B,1067.55,1,7
2021-06-17 09:41:16,S,1069.0,2,273
2021-06-17 09:41:16,S,1069.65,2,10
2021-06-17 09:41:16,S,1069.75,2,11
2021-06-17 09:41:16,S,1070.0,3,56
2021-06-17 09:41:16,S,1070.05,2,13
2021-06-17 09:41:16,B,1068.3,1,5
2021-06-17 09:41:16,B,1067.9,1,10
2021-06-17 09:41:16,B,1067.65,2,2
2021-06-17 09:41:16,B,1067.6,2,10
2021-06-17 09:41:16,B,1067.55,1,7
2021-06-17 09:41:17,S,1069.0,2,273
2021-06-17 09:41:17,S,1069.65,2,10
2021-06-17 09:41:17,S,1069.75,2,11
2021-06-17 09:41:17,S,1070.0,3,56
2021-06-17 09:41:17,S,1070.05,2,13
2021-06-17 09:41:17,B,1068.3,1,5
2021-06-17 09:41:17,B,1067.9,1,10
2021-06-17 09:41:17,B,1067.65,2,2
2021-06-17 09:41:17,B,1067.6,2,10
2021-06-17 09:41:17,B,1067.55,1,7
2021-06-17 09:41:18,S,1069.0,1,263
2021-06-17 09:41:18,S,1069.65,2,10
2021-06-17 09:41:18,S,1069.75,2,11
2021-06-17 09:41:18,S,1070.0,3,56
2021-06-17 09:41:18,S,1070.05,1,10
2021-06-17 09:41:18,B,1068.3,1,5
2021-06-17 09:41:18,B,1067.9,2,11
2021-06-17 09:41:18,B,1067.65,2,2
2021-06-17 09:41:18,B,1067.6,2,10
2021-06-17 09:41:18,B,1067.55,1,7
2021-06-17 09:41:21,S,1069.0,1,263
2021-06-17 09:41:21,S,1069.55,1,3
2021-06-17 09:41:21,S,1069.75,2,11
2021-06-17 09:41:21,S,1070.0,4,59
2021-06-17 09:41:21,S,1070.05,1,10
2021-06-17 09:41:21,B,1068.3,1,5
2021-06-17 09:41:21,B,1067.9,2,11
2021-06-17 09:41:21,B,1067.65,2,2
2021-06-17 09:41:21,B,1067.6,2,10
2021-06-17 09:41:21,B,1067.55,1,7
2021-06-17 09:41:23,S,1069.0,1,263
2021-06-17 09:41:23,S,1069.55,1,3
2021-06-17 09:41:23,S,1069.75,2,11
2021-06-17 09:41:23,S,1070.0,4,59
2021-06-17 09:41:23,S,1070.05,1,10
2021-06-17 09:41:23,B,1068.3,1,5
2021-06-17 09:41:23,B,1067.9,2,11
2021-06-17 09:41:23,B,1067.65,2,2
2021-06-17 09:41:23,B,1067.6,2,10
2021-06-17 09:41:23,B,1067.55,1,7
2021-06-17 09:41:24,S,1069.0,1,263
2021-06-17 09:41:24,S,1069.55,1,3
2021-06-17 09:41:24,S,1069.75,2,11
2021-06-17 09:41:24,S,1070.0,4,59
2021-06-17 09:41:24,S,1070.05,1,10
2021-06-17 09:41:24,B,1068.3,1,5
2021-06-17 09:41:24,B,1067.9,2,11
2021-06-17 09:41:24,B,1067.65,2,2
2021-06-17 09:41:24,B,1067.6,2,10
2021-06-17 09:41:24,B,1067.55,1,7
2021-06-17 09:41:25,S,1070.0,1,50
2021-06-17 09:41:25,S,1070.85,2,2
2021-06-17 09:41:25,S,1070.9,2,29
2021-06-17 09:41:25,S,1070.95,2,19
2021-06-17 09:41:25,S,1071.25,1,9
2021-06-17 09:41:25,B,1068.3,2,6
2021-06-17 09:41:25,B,1068.1,1,1
2021-06-17 09:41:25,B,1068.05,1,12
2021-06-17 09:41:25,B,1067.6,2,10
2021-06-17 09:41:25,B,1067.55,1,7
2021-06-17 09:41:28,S,1070.0,1,50
2021-06-17 09:41:28,S,1070.35,2,4
2021-06-17 09:41:28,S,1070.65,1,12
2021-06-17 09:41:28,S,1070.8,2,29
2021-06-17 09:41:28,S,1070.9,3,5
2021-06-17 09:41:28,B,1068.3,2,6
2021-06-17 09:41:28,B,1068.1,1,1
2021-06-17 09:41:28,B,1068.05,1,12
2021-06-17 09:41:28,B,1067.7,1,7
2021-06-17 09:41:28,B,1067.65,1,7
2021-06-17 09:41:30,S,1070.0,1,50
2021-06-17 09:41:30,S,1070.35,2,4
2021-06-17 09:41:30,S,1070.65,1,12
2021-06-17 09:41:30,S,1070.8,2,29
2021-06-17 09:41:30,S,1070.9,3,5
2021-06-17 09:41:30,B,1068.3,2,6
2021-06-17 09:41:30,B,1068.1,1,1
2021-06-17 09:41:30,B,1068.05,1,12
2021-06-17 09:41:30,B,1067.7,1,7
2021-06-17 09:41:30,B,1067.65,1,7
2021-06-17 09:41:31,S,1070.0,1,50
2021-06-17 09:41:31,S,1070.35,2,4
2021-06-17 09:41:31,S,1070.65,1,12
2021-06-17 09:41:31,S,1070.8,2,29
2021-06-17 09:41:31,S,1070.9,3,5
2021-06-17 09:41:31,B,1068.3,2,6
2021-06-17 09:41:31,B,1068.1,1,1
2021-06-17 09:41:31,B,1068.05,1,12
2021-06-17 09:41:31,B,1067.7,1,7
2021-06-17 09:41:31,B,1067.65,1,7
2021-06-17 09:41:32,S,1070.0,1,36
2021-06-17 09:41:32,S,1070.8,2,29
2021-06-17 09:41:32,S,1070.95,2,19
2021-06-17 09:41:32,S,1071.15,1,4
2021-06-17 09:41:32,S,1071.2,1,1
2021-06-17 09:41:32,B,1068.45,1,1
2021-06-17 09:41:32,B,1068.4,1,12
2021-06-17 09:41:32,B,1068.35,1,7
2021-06-17 09:41:32,B,1068.3,2,6
2021-06-17 09:41:32,B,1068.25,1,3
2021-06-17 09:41:36,S,1070.0,1,36
2021-06-17 09:41:36,S,1070.7,2,4
2021-06-17 09:41:36,S,1070.8,2,29
2021-06-17 09:41:36,S,1070.95,2,10
2021-06-17 09:41:36,S,1071.15,1,4
2021-06-17 09:41:36,B,1068.7,1,9
2021-06-17 09:41:36,B,1068.45,1,1
2021-06-17 09:41:36,B,1068.4,1,12
2021-06-17 09:41:36,B,1068.35,1,7
2021-06-17 09:41:36,B,1068.3,2,6
2021-06-17 09:41:39,S,1070.0,1,36
2021-06-17 09:41:39,S,1070.7,2,4
2021-06-17 09:41:39,S,1070.8,2,29
2021-06-17 09:41:39,S,1070.95,2,10
2021-06-17 09:41:39,S,1071.1,1,1
2021-06-17 09:41:39,B,1068.45,1,1
2021-06-17 09:41:39,B,1068.4,1,12
2021-06-17 09:41:39,B,1068.35,1,7
2021-06-17 09:41:39,B,1068.3,2,6
2021-06-17 09:41:39,B,1068.25,1,3
2021-06-17 09:41:42,S,1070.0,1,36
2021-06-17 09:41:42,S,1070.95,2,10
2021-06-17 09:41:42,S,1071.15,1,4
2021-06-17 09:41:42,S,1071.25,1,9
2021-06-17 09:41:42,S,1071.55,1,10
2021-06-17 09:41:42,B,1069.05,1,6
2021-06-17 09:41:42,B,1069.0,1,25
2021-06-17 09:41:42,B,1068.45,1,1
2021-06-17 09:41:42,B,1068.4,1,12
2021-06-17 09:41:42,B,1068.35,1,7
2021-06-17 09:41:43,S,1070.0,1,36
2021-06-17 09:41:43,S,1070.95,2,10
2021-06-17 09:41:43,S,1071.15,1,4
2021-06-17 09:41:43,S,1071.25,1,9
2021-06-17 09:41:43,S,1071.55,1,10
2021-06-17 09:41:43,B,1069.05,1,6
2021-06-17 09:41:43,B,1069.0,1,25
2021-06-17 09:41:43,B,1068.45,1,1
2021-06-17 09:41:43,B,1068.4,1,12
2021-06-17 09:41:43,B,1068.35,1,7
2021-06-17 09:41:44,S,1070.0,1,36
2021-06-17 09:41:44,S,1070.95,2,10
2021-06-17 09:41:44,S,1071.15,1,4
2021-06-17 09:41:44,S,1071.25,1,9
2021-06-17 09:41:44,S,1071.55,1,10
2021-06-17 09:41:44,B,1069.05,1,6
2021-06-17 09:41:44,B,1069.0,1,25
2021-06-17 09:41:44,B,1068.45,1,1
2021-06-17 09:41:44,B,1068.4,1,12
2021-06-17 09:41:44,B,1068.35,1,7
2021-06-17 09:41:46,S,1071.5,2,5
2021-06-17 09:41:46,S,1071.55,1,10
2021-06-17 09:41:46,S,1071.7,2,29
2021-06-17 09:41:46,S,1071.75,1,2
2021-06-17 09:41:46,S,1072.0,2,160
2021-06-17 09:41:46,B,1070.0,1,1
2021-06-17 09:41:46,B,1069.25,1,1
2021-06-17 09:41:46,B,1069.2,1,6
2021-06-17 09:41:46,B,1069.15,3,22
2021-06-17 09:41:46,B,1069.1,1,7
2021-06-17 09:41:50,S,1071.45,2,2
2021-06-17 09:41:50,S,1071.65,2,8
2021-06-17 09:41:50,S,1071.7,2,8
2021-06-17 09:41:50,S,1071.75,1,10
2021-06-17 09:41:50,S,1071.85,1,10
2021-06-17 09:41:50,B,1070.05,1,1
2021-06-17 09:41:50,B,1070.0,3,7
2021-06-17 09:41:50,B,1069.7,1,3
2021-06-17 09:41:50,B,1069.6,1,7
2021-06-17 09:41:50,B,1069.55,1,7
2021-06-17 09:41:54,S,1071.45,2,2
2021-06-17 09:41:54,S,1071.65,2,8
2021-06-17 09:41:54,S,1071.7,2,8
2021-06-17 09:41:54,S,1071.75,1,10
2021-06-17 09:41:54,S,1071.85,1,10
2021-06-17 09:41:54,B,1070.05,1,1
2021-06-17 09:41:54,B,1070.0,3,7
2021-06-17 09:41:54,B,1069.7,1,3
2021-06-17 09:41:54,B,1069.6,1,7
2021-06-17 09:41:54,B,1069.55,1,7
2021-06-17 09:41:57,S,1071.45,2,2
2021-06-17 09:41:57,S,1071.65,2,8
2021-06-17 09:41:57,S,1071.7,2,8
2021-06-17 09:41:57,S,1071.75,1,10
2021-06-17 09:41:57,S,1071.9,2,10
2021-06-17 09:41:57,B,1070.05,1,1
2021-06-17 09:41:57,B,1070.0,3,7
2021-06-17 09:41:57,B,1069.7,1,3
2021-06-17 09:41:57,B,1069.6,1,7
2021-06-17 09:41:57,B,1069.55,1,7
2021-06-17 09:41:58,S,1071.45,2,2
2021-06-17 09:41:58,S,1071.65,2,8
2021-06-17 09:41:58,S,1071.7,2,8
2021-06-17 09:41:58,S,1071.75,1,10
2021-06-17 09:41:58,S,1071.9,2,10
2021-06-17 09:41:58,B,1070.05,1,1
2021-06-17 09:41:58,B,1070.0,3,7
2021-06-17 09:41:58,B,1069.7,1,3
2021-06-17 09:41:58,B,1069.6,1,7
2021-06-17 09:41:58,B,1069.55,1,7
2021-06-17 09:42:00,S,1071.6,1,9
2021-06-17 09:42:00,S,1071.65,2,8
2021-06-17 09:42:00,S,1071.7,2,8
2021-06-17 09:42:00,S,1071.85,1,9
2021-06-17 09:42:00,S,1071.9,2,10
2021-06-17 09:42:00,B,1070.05,1,1
2021-06-17 09:42:00,B,1070.0,2,6
2021-06-17 09:42:00,B,1069.7,1,3
2021-06-17 09:42:00,B,1069.6,1,7
2021-06-17 09:42:00,B,1069.55,1,7
2021-06-17 09:42:03,S,1071.6,1,9
2021-06-17 09:42:03,S,1071.65,2,8
2021-06-17 09:42:03,S,1071.7,2,8
2021-06-17 09:42:03,S,1071.85,1,9
2021-06-17 09:42:03,S,1071.9,2,10
2021-06-17 09:42:03,B,1070.05,1,1
2021-06-17 09:42:03,B,1070.0,2,6
2021-06-17 09:42:03,B,1069.7,1,3
2021-06-17 09:42:03,B,1069.6,1,7
2021-06-17 09:42:03,B,1069.55,1,7
2021-06-17 09:42:04,S,1071.9,1,7
2021-06-17 09:42:04,S,1071.95,2,8
2021-06-17 09:42:04,S,1072.0,3,161
2021-06-17 09:42:04,S,1072.05,2,4
2021-06-17 09:42:04,S,1072.45,1,11
2021-06-17 09:42:04,B,1070.05,1,1
2021-06-17 09:42:04,B,1070.0,2,6
2021-06-17 09:42:04,B,1069.75,1,7
2021-06-17 09:42:04,B,1069.7,1,3
2021-06-17 09:42:04,B,1069.6,1,7
2021-06-17 09:42:06,S,1071.9,1,7
2021-06-17 09:42:06,S,1071.95,2,8
2021-06-17 09:42:06,S,1072.0,3,161
2021-06-17 09:42:06,S,1072.05,2,4
2021-06-17 09:42:06,S,1072.45,1,11
2021-06-17 09:42:06,B,1070.05,1,1
2021-06-17 09:42:06,B,1070.0,2,6
2021-06-17 09:42:06,B,1069.75,1,7
2021-06-17 09:42:06,B,1069.7,1,3
2021-06-17 09:42:06,B,1069.6,1,7
2021-06-17 09:42:07,S,1073.6,1,1
2021-06-17 09:42:07,S,1074.2,1,6
2021-06-17 09:42:07,S,1074.4,1,7
2021-06-17 09:42:07,S,1074.45,2,8
2021-06-17 09:42:07,S,1074.5,2,7
2021-06-17 09:42:07,B,1072.0,3,9
2021-06-17 09:42:07,B,1071.95,1,3
2021-06-17 09:42:07,B,1071.85,1,7
2021-06-17 09:42:07,B,1071.8,1,7
2021-06-17 09:42:07,B,1071.75,1,6
2021-06-17 09:42:09,S,1073.6,1,1
2021-06-17 09:42:09,S,1074.2,1,6
2021-06-17 09:42:09,S,1074.4,1,7
2021-06-17 09:42:09,S,1074.45,2,8
2021-06-17 09:42:09,S,1074.5,2,7
2021-06-17 09:42:09,B,1072.0,3,9
2021-06-17 09:42:09,B,1071.95,1,3
2021-06-17 09:42:09,B,1071.85,1,7
2021-06-17 09:42:09,B,1071.8,1,7
2021-06-17 09:42:09,B,1071.75,1,6
2021-06-17 09:42:11,S,1075.0,2,51
2021-06-17 09:42:11,S,1075.45,2,12
2021-06-17 09:42:11,S,1075.55,2,4
2021-06-17 09:42:11,S,1075.75,1,12
2021-06-17 09:42:11,S,1075.8,1,1
2021-06-17 09:42:11,B,1073.2,1,1
2021-06-17 09:42:11,B,1073.15,1,5
2021-06-17 09:42:11,B,1072.95,1,7
2021-06-17 09:42:11,B,1072.9,2,8
2021-06-17 09:42:11,B,1072.8,1,7
2021-06-17 09:42:12,S,1075.0,2,51
2021-06-17 09:42:12,S,1075.45,2,12
2021-06-17 09:42:12,S,1075.55,2,4
2021-06-17 09:42:12,S,1075.75,1,12
2021-06-17 09:42:12,S,1075.8,1,1
2021-06-17 09:42:12,B,1073.2,1,1
2021-06-17 09:42:12,B,1073.15,1,5
2021-06-17 09:42:12,B,1072.95,1,7
2021-06-17 09:42:12,B,1072.9,2,8
2021-06-17 09:42:12,B,1072.8,1,7
2021-06-17 09:42:13,S,1075.0,2,51
2021-06-17 09:42:13,S,1075.45,2,12
2021-06-17 09:42:13,S,1075.55,2,4
2021-06-17 09:42:13,S,1075.75,1,12
2021-06-17 09:42:13,S,1075.8,1,1
2021-06-17 09:42:13,B,1073.2,1,1
2021-06-17 09:42:13,B,1073.15,1,5
2021-06-17 09:42:13,B,1072.95,1,7
2021-06-17 09:42:13,B,1072.9,2,8
2021-06-17 09:42:13,B,1072.8,1,7
2021-06-17 09:42:15,S,1075.0,2,51
2021-06-17 09:42:15,S,1075.45,2,12
2021-06-17 09:42:15,S,1075.55,2,4
2021-06-17 09:42:15,S,1075.75,1,12
2021-06-17 09:42:15,S,1075.8,1,1
2021-06-17 09:42:15,B,1073.2,1,1
2021-06-17 09:42:15,B,1073.15,1,5
2021-06-17 09:42:15,B,1072.95,1,7
2021-06-17 09:42:15,B,1072.9,2,8
2021-06-17 09:42:15,B,1072.8,1,7
2021-06-17 09:42:15,S,1076.95,1,1
2021-06-17 09:42:15,S,1077.0,2,6
2021-06-17 09:42:15,S,1077.05,2,6
2021-06-17 09:42:15,S,1077.25,2,10
2021-06-17 09:42:15,S,1077.35,1,5
2021-06-17 09:42:15,B,1074.3,1,1
2021-06-17 09:42:15,B,1074.25,1,9
2021-06-17 09:42:15,B,1074.15,1,2
2021-06-17 09:42:15,B,1074.1,1,3
2021-06-17 09:42:15,B,1073.55,1,7
2021-06-17 09:42:18,S,1076.85,2,4
2021-06-17 09:42:18,S,1077.0,3,8
2021-06-17 09:42:18,S,1077.3,2,2
2021-06-17 09:42:18,S,1077.35,2,6
2021-06-17 09:42:18,S,1077.45,1,5
2021-06-17 09:42:18,B,1074.7,1,1
2021-06-17 09:42:18,B,1074.65,1,7
2021-06-17 09:42:18,B,1074.6,1,1
2021-06-17 09:42:18,B,1074.55,1,3
2021-06-17 09:42:18,B,1074.35,1,1
2021-06-17 09:42:22,S,1077.0,3,9
2021-06-17 09:42:22,S,1078.1,1,7
2021-06-17 09:42:22,S,1078.15,1,10
2021-06-17 09:42:22,S,1078.4,1,4
2021-06-17 09:42:22,S,1078.45,1,12
2021-06-17 09:42:22,B,1076.0,1,1
2021-06-17 09:42:22,B,1075.4,1,1
2021-06-17 09:42:22,B,1075.35,1,3
2021-06-17 09:42:22,B,1075.1,1,2
2021-06-17 09:42:22,B,1075.05,1,7
2021-06-17 09:42:24,S,1077.0,3,9
2021-06-17 09:42:24,S,1078.1,1,7
2021-06-17 09:42:24,S,1078.15,1,10
2021-06-17 09:42:24,S,1078.4,1,4
2021-06-17 09:42:24,S,1078.45,1,12
2021-06-17 09:42:24,B,1076.0,1,1
2021-06-17 09:42:24,B,1075.4,1,1
2021-06-17 09:42:24,B,1075.35,1,3
2021-06-17 09:42:24,B,1075.1,1,2
2021-06-17 09:42:24,B,1075.05,1,7
2021-06-17 09:42:25,S,1077.0,3,9
2021-06-17 09:42:25,S,1078.1,1,7
2021-06-17 09:42:25,S,1078.15,1,10
2021-06-17 09:42:25,S,1078.4,1,4
2021-06-17 09:42:25,S,1078.45,1,12
2021-06-17 09:42:25,B,1076.0,1,1
2021-06-17 09:42:25,B,1075.4,1,1
2021-06-17 09:42:25,B,1075.35,1,3
2021-06-17 09:42:25,B,1075.1,1,2
2021-06-17 09:42:25,B,1075.05,1,7
2021-06-17 09:42:25,S,1076.05,1,1
2021-06-17 09:42:25,S,1076.9,3,14
2021-06-17 09:42:25,S,1076.95,1,11
2021-06-17 09:42:25,S,1077.0,4,10
2021-06-17 09:42:25,S,1077.25,1,11
2021-06-17 09:42:25,B,1074.7,1,1
2021-06-17 09:42:25,B,1074.65,1,9
2021-06-17 09:42:25,B,1074.5,1,7
2021-06-17 09:42:25,B,1074.4,2,7
2021-06-17 09:42:25,B,1074.35,3,13
2021-06-17 09:42:28,S,1077.0,4,10
2021-06-17 09:42:28,S,1077.4,2,4
2021-06-17 09:42:28,S,1077.55,2,6
2021-06-17 09:42:28,S,1077.75,1,9
2021-06-17 09:42:28,S,1077.85,3,16
2021-06-17 09:42:28,B,1075.5,1,1
2021-06-17 09:42:28,B,1075.45,1,10
2021-06-17 09:42:28,B,1075.1,1,5
2021-06-17 09:42:28,B,1075.05,1,1
2021-06-17 09:42:28,B,1075.0,1,3
2021-06-17 09:42:32,S,1074.25,1,1
2021-06-17 09:42:32,S,1074.3,2,11
2021-06-17 09:42:32,S,1074.35,1,1
2021-06-17 09:42:32,S,1074.4,1,1
2021-06-17 09:42:32,S,1074.5,1,1
2021-06-17 09:42:32,B,1072.8,1,3
2021-06-17 09:42:32,B,1072.05,1,6
2021-06-17 09:42:32,B,1072.0,1,105
2021-06-17 09:42:32,B,1071.95,1,3
2021-06-17 09:42:32,B,1071.9,1,9
2021-06-17 09:42:36,S,1074.2,1,1
2021-06-17 09:42:36,S,1074.25,2,3
2021-06-17 09:42:36,S,1074.3,2,11
2021-06-17 09:42:36,S,1074.5,2,4
2021-06-17 09:42:36,S,1074.85,1,10
2021-06-17 09:42:36,B,1072.85,1,1
2021-06-17 09:42:36,B,1072.8,1,3
2021-06-17 09:42:36,B,1072.65,1,10
2021-06-17 09:42:36,B,1072.5,1,3
2021-06-17 09:42:36,B,1072.05,3,18
2021-06-17 09:42:38,S,1074.2,1,1
2021-06-17 09:42:38,S,1074.25,2,3
2021-06-17 09:42:38,S,1074.3,2,11
2021-06-17 09:42:38,S,1074.5,2,4
2021-06-17 09:42:38,S,1074.85,1,10
2021-06-17 09:42:38,B,1072.85,1,1
2021-06-17 09:42:38,B,1072.8,1,3
2021-06-17 09:42:38,B,1072.65,1,10
2021-06-17 09:42:38,B,1072.5,1,3
2021-06-17 09:42:38,B,1072.05,3,18
2021-06-17 09:42:39,S,1074.25,2,2
2021-06-17 09:42:39,S,1074.35,2,6
2021-06-17 09:42:39,S,1074.75,2,8
2021-06-17 09:42:39,S,1074.8,2,3
2021-06-17 09:42:39,S,1074.9,1,1
2021-06-17 09:42:39,B,1072.35,1,1
2021-06-17 09:42:39,B,1072.3,1,5
2021-06-17 09:42:39,B,1072.25,1,1
2021-06-17 09:42:39,B,1071.95,1,3
2021-06-17 09:42:39,B,1071.6,1,1
2021-06-17 09:42:43,S,1073.85,1,9
2021-06-17 09:42:43,S,1074.25,3,5
2021-06-17 09:42:43,S,1074.35,3,16
2021-06-17 09:42:43,S,1074.7,2,4
2021-06-17 09:42:43,S,1074.75,3,9
2021-06-17 09:42:43,B,1072.2,1,1
2021-06-17 09:42:43,B,1072.15,1,5
2021-06-17 09:42:43,B,1072.1,1,2
2021-06-17 09:42:43,B,1071.95,1,3
2021-06-17 09:42:43,B,1071.5,1,3
2021-06-17 09:42:45,S,1073.85,1,9
2021-06-17 09:42:45,S,1074.25,3,5
2021-06-17 09:42:45,S,1074.35,3,16
2021-06-17 09:42:45,S,1074.7,2,4
2021-06-17 09:42:45,S,1074.75,3,9
2021-06-17 09:42:45,B,1072.2,1,1
2021-06-17 09:42:45,B,1072.15,1,5
2021-06-17 09:42:45,B,1072.1,1,2
2021-06-17 09:42:45,B,1071.95,1,3
2021-06-17 09:42:45,B,1071.5,1,3
2021-06-17 09:42:46,S,1073.85,1,9
2021-06-17 09:42:46,S,1074.25,3,5
2021-06-17 09:42:46,S,1074.35,3,16
2021-06-17 09:42:46,S,1074.7,2,4
2021-06-17 09:42:46,S,1074.75,3,9
2021-06-17 09:42:46,B,1072.2,1,1
2021-06-17 09:42:46,B,1072.15,1,5
2021-06-17 09:42:46,B,1072.1,1,2
2021-06-17 09:42:46,B,1071.95,1,3
2021-06-17 09:42:46,B,1071.5,1,3
2021-06-17 09:42:46,S,1073.45,1,10
2021-06-17 09:42:46,S,1073.7,1,3
2021-06-17 09:42:46,S,1073.85,1,7
2021-06-17 09:42:46,S,1073.9,2,2
2021-06-17 09:42:46,S,1073.95,1,10
2021-06-17 09:42:46,B,1072.0,1,1
2021-06-17 09:42:46,B,1071.95,1,10
2021-06-17 09:42:46,B,1071.75,1,1
2021-06-17 09:42:46,B,1071.6,1,7
2021-06-17 09:42:46,B,1071.55,1,5
2021-06-17 09:42:49,S,1073.8,1,7
2021-06-17 09:42:49,S,1073.85,1,7
2021-06-17 09:42:49,S,1073.9,2,11
2021-06-17 09:42:49,S,1074.0,1,8
2021-06-17 09:42:49,S,1074.05,1,7
2021-06-17 09:42:49,B,1072.2,1,1
2021-06-17 09:42:49,B,1072.15,1,10
2021-06-17 09:42:49,B,1072.05,1,3
2021-06-17 09:42:49,B,1072.0,2,8
2021-06-17 09:42:49,B,1071.75,1,1
2021-06-17 09:42:52,S,1073.8,1,7
2021-06-17 09:42:52,S,1073.85,1,7
2021-06-17 09:42:52,S,1073.9,2,11
2021-06-17 09:42:52,S,1074.0,1,8
2021-06-17 09:42:52,S,1074.05,1,7
2021-06-17 09:42:52,B,1072.2,1,1
2021-06-17 09:42:52,B,1072.15,1,10
2021-06-17 09:42:52,B,1072.05,1,3
2021-06-17 09:42:52,B,1072.0,2,8
2021-06-17 09:42:52,B,1071.75,1,1
2021-06-17 09:42:56,S,1073.35,1,1
2021-06-17 09:42:56,S,1073.4,1,1
2021-06-17 09:42:56,S,1073.45,2,10
2021-06-17 09:42:56,S,1073.5,1,9
2021-06-17 09:42:56,S,1073.75,2,5
2021-06-17 09:42:56,B,1072.05,1,1
2021-06-17 09:42:56,B,1072.0,2,8
2021-06-17 09:42:56,B,1071.8,1,10
2021-06-17 09:42:56,B,1071.75,1,1
2021-06-17 09:42:56,B,1071.65,1,4
2021-06-17 09:43:03,S,1073.35,2,11
2021-06-17 09:43:03,S,1073.4,1,1
2021-06-17 09:43:03,S,1073.45,2,10
2021-06-17 09:43:03,S,1073.8,1,7
2021-06-17 09:43:03,S,1073.85,2,8
2021-06-17 09:43:03,B,1072.05,1,1
2021-06-17 09:43:03,B,1072.0,2,8
2021-06-17 09:43:03,B,1071.8,1,10
2021-06-17 09:43:03,B,1071.75,1,1
2021-06-17 09:43:03,B,1071.65,1,4
2021-06-17 09:43:04,S,1073.35,2,11
2021-06-17 09:43:04,S,1073.4,1,1
2021-06-17 09:43:04,S,1073.45,2,10
2021-06-17 09:43:04,S,1073.8,1,7
2021-06-17 09:43:04,S,1073.85,2,8
2021-06-17 09:43:04,B,1072.05,1,1
2021-06-17 09:43:04,B,1072.0,2,8
2021-06-17 09:43:04,B,1071.8,1,10
2021-06-17 09:43:04,B,1071.75,1,1
2021-06-17 09:43:04,B,1071.65,1,4
2021-06-17 09:43:06,S,1074.0,1,8
2021-06-17 09:43:06,S,1074.65,1,7
2021-06-17 09:43:06,S,1074.9,2,4
2021-06-17 09:43:06,S,1075.1,2,2
2021-06-17 09:43:06,S,1075.15,2,13
2021-06-17 09:43:06,B,1072.5,2,8
2021-06-17 09:43:06,B,1072.45,1,6
2021-06-17 09:43:06,B,1072.4,1,2
2021-06-17 09:43:06,B,1072.35,1,7
2021-06-17 09:43:06,B,1072.25,1,7
2021-06-17 09:43:10,S,1074.0,1,8
2021-06-17 09:43:10,S,1074.65,1,7
2021-06-17 09:43:10,S,1074.75,2,10
2021-06-17 09:43:10,S,1074.9,2,4
2021-06-17 09:43:10,S,1075.15,2,13
2021-06-17 09:43:10,B,1072.85,1,1
2021-06-17 09:43:10,B,1072.8,1,10
2021-06-17 09:43:10,B,1072.5,1,7
2021-06-17 09:43:10,B,1072.45,1,6
2021-06-17 09:43:10,B,1072.4,2,5
2021-06-17 09:43:13,S,1074.0,1,8
2021-06-17 09:43:13,S,1074.65,1,7
2021-06-17 09:43:13,S,1074.75,1,9
2021-06-17 09:43:13,S,1074.9,2,4
2021-06-17 09:43:13,S,1075.15,2,13
2021-06-17 09:43:13,B,1072.85,1,1
2021-06-17 09:43:13,B,1072.8,1,10
2021-06-17 09:43:13,B,1072.5,1,7
2021-06-17 09:43:13,B,1072.45,1,6
2021-06-17 09:43:13,B,1072.4,2,5
2021-06-17 09:43:15,S,1074.0,1,8
2021-06-17 09:43:15,S,1074.65,1,7
2021-06-17 09:43:15,S,1074.75,1,9
2021-06-17 09:43:15,S,1074.9,2,4
2021-06-17 09:43:15,S,1075.15,2,13
2021-06-17 09:43:15,B,1072.85,1,1
2021-06-17 09:43:15,B,1072.8,1,10
2021-06-17 09:43:15,B,1072.5,1,7
2021-06-17 09:43:15,B,1072.45,1,6
2021-06-17 09:43:15,B,1072.4,2,5
2021-06-17 09:43:16,S,1074.0,1,3
2021-06-17 09:43:16,S,1074.65,1,7
2021-06-17 09:43:16,S,1074.75,1,9
2021-06-17 09:43:16,S,1074.85,1,10
2021-06-17 09:43:16,S,1074.9,1,3
2021-06-17 09:43:16,B,1072.85,1,1
2021-06-17 09:43:16,B,1072.8,1,10
2021-06-17 09:43:16,B,1072.5,1,7
2021-06-17 09:43:16,B,1072.45,1,6
2021-06-17 09:43:16,B,1072.4,2,5
2021-06-17 09:43:19,S,1074.0,1,3
2021-06-17 09:43:19,S,1074.65,1,7
2021-06-17 09:43:19,S,1074.75,1,9
2021-06-17 09:43:19,S,1074.85,1,10
2021-06-17 09:43:19,S,1074.9,1,3
2021-06-17 09:43:19,B,1073.05,1,1
2021-06-17 09:43:19,B,1073.0,1,5
2021-06-17 09:43:19,B,1072.8,1,10
2021-06-17 09:43:19,B,1072.5,1,7
2021-06-17 09:43:19,B,1072.45,1,6
2021-06-17 09:43:23,S,1075.15,2,12
2021-06-17 09:43:23,S,1075.2,1,10
2021-06-17 09:43:23,S,1075.35,1,3
2021-06-17 09:43:23,S,1075.5,1,99
2021-06-17 09:43:23,S,1075.7,1,1
2021-06-17 09:43:23,B,1073.05,2,11
2021-06-17 09:43:23,B,1073.0,1,5
2021-06-17 09:43:23,B,1072.9,1,3
2021-06-17 09:43:23,B,1072.8,1,7
2021-06-17 09:43:23,B,1072.75,1,7
2021-06-17 09:43:26,S,1074.95,1,10
2021-06-17 09:43:26,S,1075.0,1,6
2021-06-17 09:43:26,S,1075.05,1,4
2021-06-17 09:43:26,S,1075.15,1,7
2021-06-17 09:43:26,S,1075.2,2,11
2021-06-17 09:43:26,B,1073.05,2,11
2021-06-17 09:43:26,B,1073.0,1,5
2021-06-17 09:43:26,B,1072.9,1,3
2021-06-17 09:43:26,B,1072.8,1,7
2021-06-17 09:43:26,B,1072.75,1,7
2021-06-17 09:43:30,S,1074.95,2,14
2021-06-17 09:43:30,S,1075.0,1,6
2021-06-17 09:43:30,S,1075.15,2,8
2021-06-17 09:43:30,S,1075.2,2,11
2021-06-17 09:43:30,S,1075.35,1,3
2021-06-17 09:43:30,B,1073.05,2,11
2021-06-17 09:43:30,B,1073.0,1,5
2021-06-17 09:43:30,B,1072.9,1,3
2021-06-17 09:43:30,B,1072.85,1,2
2021-06-17 09:43:30,B,1072.8,1,7
2021-06-17 09:43:36,S,1074.95,1,4
2021-06-17 09:43:36,S,1075.15,1,7
2021-06-17 09:43:36,S,1075.3,2,10
2021-06-17 09:43:36,S,1075.35,1,3
2021-06-17 09:43:36,S,1075.45,1,11
2021-06-17 09:43:36,B,1074.0,1,25
2021-06-17 09:43:36,B,1073.65,1,1
2021-06-17 09:43:36,B,1073.6,1,10
2021-06-17 09:43:36,B,1073.0,1,5
2021-06-17 09:43:36,B,1072.9,1,3
2021-06-17 09:43:40,S,1074.95,1,4
2021-06-17 09:43:40,S,1075.15,1,7
2021-06-17 09:43:40,S,1075.3,2,10
2021-06-17 09:43:40,S,1075.35,1,3
2021-06-17 09:43:40,S,1075.45,1,11
2021-06-17 09:43:40,B,1074.0,1,25
2021-06-17 09:43:40,B,1073.65,1,1
2021-06-17 09:43:40,B,1073.6,1,10
2021-06-17 09:43:40,B,1073.0,1,5
2021-06-17 09:43:40,B,1072.9,1,3
2021-06-17 09:43:42,S,1074.95,1,4
2021-06-17 09:43:42,S,1075.15,1,7
2021-06-17 09:43:42,S,1075.3,2,10
2021-06-17 09:43:42,S,1075.35,1,3
2021-06-17 09:43:42,S,1075.45,1,11
2021-06-17 09:43:42,B,1074.0,1,25
2021-06-17 09:43:42,B,1073.65,1,1
2021-06-17 09:43:42,B,1073.6,1,10
2021-06-17 09:43:42,B,1073.0,1,5
2021-06-17 09:43:42,B,1072.9,1,3
2021-06-17 09:43:43,S,1074.95,1,2
2021-06-17 09:43:43,S,1075.15,1,7
2021-06-17 09:43:43,S,1075.35,1,3
2021-06-17 09:43:43,S,1075.5,1,99
2021-06-17 09:43:43,S,1075.75,1,12
2021-06-17 09:43:43,B,1074.0,1,24
2021-06-17 09:43:43,B,1073.65,1,1
2021-06-17 09:43:43,B,1073.6,1,10
2021-06-17 09:43:43,B,1073.0,1,5
2021-06-17 09:43:43,B,1072.9,1,3
2021-06-17 09:43:46,S,1074.95,2,101
2021-06-17 09:43:46,S,1075.3,1,9
2021-06-17 09:43:46,S,1075.35,2,4
2021-06-17 09:43:46,S,1075.75,1,12
2021-06-17 09:43:46,S,1075.8,1,3
2021-06-17 09:43:46,B,1074.0,1,24
2021-06-17 09:43:46,B,1073.65,1,1
2021-06-17 09:43:46,B,1073.6,1,10
2021-06-17 09:43:46,B,1073.0,1,5
2021-06-17 09:43:46,B,1072.9,1,3
2021-06-17 09:43:49,S,1074.95,2,101
2021-06-17 09:43:49,S,1075.3,1,9
2021-06-17 09:43:49,S,1075.35,2,4
2021-06-17 09:43:49,S,1075.75,1,12
2021-06-17 09:43:49,S,1075.8,1,3
2021-06-17 09:43:49,B,1074.0,1,24
2021-06-17 09:43:49,B,1073.65,1,1
2021-06-17 09:43:49,B,1073.6,1,10
2021-06-17 09:43:49,B,1073.0,1,5
2021-06-17 09:43:49,B,1072.9,1,3
2021-06-17 09:43:52,S,1074.9,1,2
2021-06-17 09:43:52,S,1074.95,1,99
2021-06-17 09:43:52,S,1075.3,2,10
2021-06-17 09:43:52,S,1075.35,2,4
2021-06-17 09:43:52,S,1075.45,1,9
2021-06-17 09:43:52,B,1074.0,1,24
2021-06-17 09:43:52,B,1073.65,1,1
2021-06-17 09:43:52,B,1073.6,1,10
2021-06-17 09:43:52,B,1073.0,1,5
2021-06-17 09:43:52,B,1072.9,1,3
2021-06-17 09:43:53,S,1074.9,1,2
2021-06-17 09:43:53,S,1074.95,1,99
2021-06-17 09:43:53,S,1075.3,2,10
2021-06-17 09:43:53,S,1075.35,2,4
2021-06-17 09:43:53,S,1075.45,1,9
2021-06-17 09:43:53,B,1074.0,1,24
2021-06-17 09:43:53,B,1073.65,1,1
2021-06-17 09:43:53,B,1073.6,1,10
2021-06-17 09:43:53,B,1073.0,1,5
2021-06-17 09:43:53,B,1072.9,1,3
2021-06-17 09:43:55,S,1074.9,1,1
2021-06-17 09:43:55,S,1074.95,1,99
2021-06-17 09:43:55,S,1075.3,2,10
2021-06-17 09:43:55,S,1075.35,2,4
2021-06-17 09:43:55,S,1075.75,1,12
2021-06-17 09:43:55,B,1074.0,1,24
2021-06-17 09:43:55,B,1073.65,1,1
2021-06-17 09:43:55,B,1073.6,1,10
2021-06-17 09:43:55,B,1073.0,1,5
2021-06-17 09:43:55,B,1072.9,1,3
2021-06-17 09:43:59,S,1074.9,1,1
2021-06-17 09:43:59,S,1074.95,1,99
2021-06-17 09:43:59,S,1075.3,2,10
2021-06-17 09:43:59,S,1075.35,2,4
2021-06-17 09:43:59,S,1075.75,1,12
2021-06-17 09:43:59,B,1074.0,1,24
2021-06-17 09:43:59,B,1073.65,1,1
2021-06-17 09:43:59,B,1073.6,1,10
2021-06-17 09:43:59,B,1073.0,1,5
2021-06-17 09:43:59,B,1072.9,1,3
2021-06-17 09:44:00,S,1074.9,1,1
2021-06-17 09:44:00,S,1074.95,1,99
2021-06-17 09:44:00,S,1075.3,2,10
2021-06-17 09:44:00,S,1075.35,2,4
2021-06-17 09:44:00,S,1075.75,1,12
2021-06-17 09:44:00,B,1074.0,1,24
2021-06-17 09:44:00,B,1073.65,1,1
2021-06-17 09:44:00,B,1073.6,1,10
2021-06-17 09:44:00,B,1073.0,1,5
2021-06-17 09:44:00,B,1072.9,1,3
2021-06-17 09:44:02,S,1074.9,2,27
2021-06-17 09:44:02,S,1074.95,1,99
2021-06-17 09:44:02,S,1075.3,2,10
2021-06-17 09:44:02,S,1075.35,2,4
2021-06-17 09:44:02,S,1075.75,1,12
2021-06-17 09:44:02,B,1074.0,1,24
2021-06-17 09:44:02,B,1073.65,1,1
2021-06-17 09:44:02,B,1073.6,1,10
2021-06-17 09:44:02,B,1073.0,1,5
2021-06-17 09:44:02,B,1072.9,1,3
2021-06-17 09:44:06,S,1074.9,1,25
2021-06-17 09:44:06,S,1074.95,1,99
2021-06-17 09:44:06,S,1075.3,2,10
2021-06-17 09:44:06,S,1075.35,2,4
2021-06-17 09:44:06,S,1075.45,1,11
2021-06-17 09:44:06,B,1074.0,1,24
2021-06-17 09:44:06,B,1073.65,1,1
2021-06-17 09:44:06,B,1073.6,1,10
2021-06-17 09:44:06,B,1073.0,1,5
2021-06-17 09:44:06,B,1072.9,1,3
2021-06-17 09:44:06,S,1074.9,1,25
2021-06-17 09:44:06,S,1074.95,1,99
2021-06-17 09:44:06,S,1075.3,2,10
2021-06-17 09:44:06,S,1075.35,2,4
2021-06-17 09:44:06,S,1075.45,1,11
2021-06-17 09:44:06,B,1074.0,1,24
2021-06-17 09:44:06,B,1073.65,1,1
2021-06-17 09:44:06,B,1073.6,1,10
2021-06-17 09:44:06,B,1073.0,1,5
2021-06-17 09:44:06,B,1072.9,1,3
2021-06-17 09:44:09,S,1074.9,1,25
2021-06-17 09:44:09,S,1074.95,2,100
2021-06-17 09:44:09,S,1075.3,2,10
2021-06-17 09:44:09,S,1075.35,2,4
2021-06-17 09:44:09,S,1075.45,1,11
2021-06-17 09:44:09,B,1074.0,1,14
2021-06-17 09:44:09,B,1073.6,1,10
2021-06-17 09:44:09,B,1073.05,1,1
2021-06-17 09:44:09,B,1073.0,1,5
2021-06-17 09:44:09,B,1072.9,1,3
2021-06-17 09:44:13,S,1074.9,1,25
2021-06-17 09:44:13,S,1074.95,2,100
2021-06-17 09:44:13,S,1075.3,2,10
2021-06-17 09:44:13,S,1075.35,2,4
2021-06-17 09:44:13,S,1075.45,1,11
2021-06-17 09:44:13,B,1074.0,1,14
2021-06-17 09:44:13,B,1073.6,1,10
2021-06-17 09:44:13,B,1073.05,1,1
2021-06-17 09:44:13,B,1073.0,1,5
2021-06-17 09:44:13,B,1072.9,1,3
2021-06-17 09:44:15,S,1074.9,1,23
2021-06-17 09:44:15,S,1074.95,1,99
2021-06-17 09:44:15,S,1075.3,2,10
2021-06-17 09:44:15,S,1075.35,2,4
2021-06-17 09:44:15,S,1075.45,1,11
2021-06-17 09:44:15,B,1074.0,1,14
2021-06-17 09:44:15,B,1073.5,1,1
2021-06-17 09:44:15,B,1073.45,1,9
2021-06-17 09:44:15,B,1073.0,1,5
2021-06-17 09:44:15,B,1072.9,1,3
2021-06-17 09:44:16,S,1074.9,1,23
2021-06-17 09:44:16,S,1074.95,1,99
2021-06-17 09:44:16,S,1075.3,2,10
2021-06-17 09:44:16,S,1075.35,2,4
2021-06-17 09:44:16,S,1075.45,1,11
2021-06-17 09:44:16,B,1074.0,1,14
2021-06-17 09:44:16,B,1073.5,1,1
2021-06-17 09:44:16,B,1073.45,1,9
2021-06-17 09:44:16,B,1073.0,1,5
2021-06-17 09:44:16,B,1072.9,1,3
2021-06-17 09:44:18,S,1074.0,1,36
2021-06-17 09:44:18,S,1074.55,2,11
2021-06-17 09:44:18,S,1074.65,2,4
2021-06-17 09:44:18,S,1074.85,1,10
2021-06-17 09:44:18,S,1074.9,2,24
2021-06-17 09:44:18,B,1073.0,1,5
2021-06-17 09:44:18,B,1072.9,1,6
2021-06-17 09:44:18,B,1072.85,3,17
2021-06-17 09:44:18,B,1072.8,1,7
2021-06-17 09:44:18,B,1072.75,1,7
2021-06-17 09:44:21,S,1074.0,1,35
2021-06-17 09:44:21,S,1074.55,2,11
2021-06-17 09:44:21,S,1074.65,2,4
2021-06-17 09:44:21,S,1074.85,1,10
2021-06-17 09:44:21,S,1074.9,2,24
2021-06-17 09:44:21,B,1073.0,1,5
2021-06-17 09:44:21,B,1072.85,1,7
2021-06-17 09:44:21,B,1072.8,2,8
2021-06-17 09:44:21,B,1072.75,1,7
2021-06-17 09:44:21,B,1072.7,2,13
2021-06-17 09:44:28,S,1074.0,2,134
2021-06-17 09:44:28,S,1074.55,2,11
2021-06-17 09:44:28,S,1074.65,2,4
2021-06-17 09:44:28,S,1074.85,1,10
2021-06-17 09:44:28,S,1074.9,2,24
2021-06-17 09:44:28,B,1073.0,1,5
2021-06-17 09:44:28,B,1072.85,1,7
2021-06-17 09:44:28,B,1072.8,1,7
2021-06-17 09:44:28,B,1072.75,2,8
2021-06-17 09:44:28,B,1072.7,2,13
2021-06-17 09:44:31,S,1074.0,2,134
2021-06-17 09:44:31,S,1074.55,2,11
2021-06-17 09:44:31,S,1074.65,2,4
2021-06-17 09:44:31,S,1074.85,1,10
2021-06-17 09:44:31,S,1074.9,2,24
2021-06-17 09:44:31,B,1073.0,1,5
2021-06-17 09:44:31,B,1072.85,1,7
2021-06-17 09:44:31,B,1072.8,1,7
2021-06-17 09:44:31,B,1072.75,2,8
2021-06-17 09:44:31,B,1072.7,2,13
2021-06-17 09:44:33,S,1074.0,2,134
2021-06-17 09:44:33,S,1074.55,2,11
2021-06-17 09:44:33,S,1074.65,2,4
2021-06-17 09:44:33,S,1074.85,1,10
2021-06-17 09:44:33,S,1074.9,2,24
2021-06-17 09:44:33,B,1073.0,1,5
2021-06-17 09:44:33,B,1072.85,1,7
2021-06-17 09:44:33,B,1072.8,1,7
2021-06-17 09:44:33,B,1072.75,2,8
2021-06-17 09:44:33,B,1072.7,2,13
2021-06-17 09:44:34,S,1073.95,1,9
2021-06-17 09:44:34,S,1074.0,2,134
2021-06-17 09:44:34,S,1074.25,1,11
2021-06-17 09:44:34,S,1074.55,2,10
2021-06-17 09:44:34,S,1074.65,2,4
2021-06-17 09:44:34,B,1072.45,1,1
2021-06-17 09:44:34,B,1072.4,2,4
2021-06-17 09:44:34,B,1072.25,1,7
2021-06-17 09:44:34,B,1072.2,2,8
2021-06-17 09:44:34,B,1072.15,2,8
2021-06-17 09:44:37,S,1073.95,1,9
2021-06-17 09:44:37,S,1074.0,5,257
2021-06-17 09:44:37,S,1074.25,1,11
2021-06-17 09:44:37,S,1074.55,2,10
2021-06-17 09:44:37,S,1074.65,2,4
2021-06-17 09:44:37,B,1072.45,3,9
2021-06-17 09:44:37,B,1072.4,2,4
2021-06-17 09:44:37,B,1072.25,2,13
2021-06-17 09:44:37,B,1072.2,3,18
2021-06-17 09:44:37,B,1072.15,2,8
2021-06-17 09:44:40,S,1073.0,1,23
2021-06-17 09:44:40,S,1073.35,1,10
2021-06-17 09:44:40,S,1073.4,1,3
2021-06-17 09:44:40,S,1073.65,3,19
2021-06-17 09:44:40,S,1073.95,2,13
2021-06-17 09:44:40,B,1072.0,2,2
2021-06-17 09:44:40,B,1071.75,2,8
2021-06-17 09:44:40,B,1071.7,1,7
2021-06-17 09:44:40,B,1071.65,1,10
2021-06-17 09:44:40,B,1071.55,1,7
2021-06-17 09:44:43,S,1073.0,1,23
2021-06-17 09:44:43,S,1073.35,1,10
2021-06-17 09:44:43,S,1073.4,1,3
2021-06-17 09:44:43,S,1073.65,3,19
2021-06-17 09:44:43,S,1073.95,2,13
2021-06-17 09:44:43,B,1072.0,2,2
2021-06-17 09:44:43,B,1071.75,2,8
2021-06-17 09:44:43,B,1071.7,1,7
2021-06-17 09:44:43,B,1071.65,1,10
2021-06-17 09:44:43,B,1071.55,1,7
2021-06-17 09:44:50,S,1072.95,1,30
2021-06-17 09:44:50,S,1073.0,1,23
2021-06-17 09:44:50,S,1073.1,1,10
2021-06-17 09:44:50,S,1073.35,1,10
2021-06-17 09:44:50,S,1073.4,1,3
2021-06-17 09:44:50,B,1072.0,1,1
2021-06-17 09:44:50,B,1071.75,1,7
2021-06-17 09:44:50,B,1071.7,1,7
2021-06-17 09:44:50,B,1071.5,1,1
2021-06-17 09:44:50,B,1071.45,2,12
2021-06-17 09:44:54,S,1072.9,1,9
2021-06-17 09:44:54,S,1072.95,2,4
2021-06-17 09:44:54,S,1073.0,2,24
2021-06-17 09:44:54,S,1073.35,1,10
2021-06-17 09:44:54,S,1073.4,1,3
2021-06-17 09:44:54,B,1072.0,1,1
2021-06-17 09:44:54,B,1071.75,1,7
2021-06-17 09:44:54,B,1071.7,1,7
2021-06-17 09:44:54,B,1071.5,1,1
2021-06-17 09:44:54,B,1071.45,1,2
2021-06-17 09:44:57,S,1072.9,1,9
2021-06-17 09:44:57,S,1072.95,2,4
2021-06-17 09:44:57,S,1073.0,2,24
2021-06-17 09:44:57,S,1073.35,1,10
2021-06-17 09:44:57,S,1073.4,1,3
2021-06-17 09:44:57,B,1072.0,1,1
2021-06-17 09:44:57,B,1071.75,1,7
2021-06-17 09:44:57,B,1071.7,1,7
2021-06-17 09:44:57,B,1071.5,1,1
2021-06-17 09:44:57,B,1071.45,1,2
2021-06-17 09:45:03,S,1072.95,2,4
2021-06-17 09:45:03,S,1073.0,2,24
2021-06-17 09:45:03,S,1073.35,1,10
2021-06-17 09:45:03,S,1073.4,1,3
2021-06-17 09:45:03,S,1073.65,1,9
2021-06-17 09:45:03,B,1072.0,2,6
2021-06-17 09:45:03,B,1071.75,2,8
2021-06-17 09:45:03,B,1071.7,1,7
2021-06-17 09:45:03,B,1071.45,1,2
2021-06-17 09:45:03,B,1071.4,1,3
2021-06-17 09:45:06,S,1072.95,2,4
2021-06-17 09:45:06,S,1073.0,1,23
2021-06-17 09:45:06,S,1073.25,1,10
2021-06-17 09:45:06,S,1073.35,1,10
2021-06-17 09:45:06,S,1073.4,1,3
2021-06-17 09:45:06,B,1072.0,2,6
2021-06-17 09:45:06,B,1071.75,2,8
2021-06-17 09:45:06,B,1071.7,1,7
2021-06-17 09:45:06,B,1071.45,1,2
2021-06-17 09:45:06,B,1071.4,1,3
2021-06-17 09:45:09,S,1072.95,2,4
2021-06-17 09:45:09,S,1073.0,1,23
2021-06-17 09:45:09,S,1073.25,1,10
2021-06-17 09:45:09,S,1073.35,1,10
2021-06-17 09:45:09,S,1073.4,1,3
2021-06-17 09:45:09,B,1072.0,2,6
2021-06-17 09:45:09,B,1071.75,2,8
2021-06-17 09:45:09,B,1071.7,1,7
2021-06-17 09:45:09,B,1071.45,1,2
2021-06-17 09:45:09,B,1071.4,1,3
2021-06-17 09:45:15,S,1072.95,2,4
2021-06-17 09:45:15,S,1073.0,1,23
2021-06-17 09:45:15,S,1073.25,1,10
2021-06-17 09:45:15,S,1073.35,1,10
2021-06-17 09:45:15,S,1073.4,1,3
2021-06-17 09:45:15,B,1072.0,2,6
2021-06-17 09:45:15,B,1071.75,2,8
2021-06-17 09:45:15,B,1071.7,1,7
2021-06-17 09:45:15,B,1071.45,1,2
2021-06-17 09:45:15,B,1071.4,1,3
2021-06-17 09:45:19,S,1072.95,2,4
2021-06-17 09:45:19,S,1073.0,1,23
2021-06-17 09:45:19,S,1073.25,1,10
2021-06-17 09:45:19,S,1073.35,1,10
2021-06-17 09:45:19,S,1073.4,1,3
2021-06-17 09:45:19,B,1072.0,2,6
2021-06-17 09:45:19,B,1071.75,2,8
2021-06-17 09:45:19,B,1071.7,1,7
2021-06-17 09:45:19,B,1071.45,1,2
2021-06-17 09:45:19,B,1071.4,1,3
2021-06-17 09:45:22,S,1072.95,2,3
2021-06-17 09:45:22,S,1073.0,1,23
2021-06-17 09:45:22,S,1073.25,1,10
2021-06-17 09:45:22,S,1073.35,1,10
2021-06-17 09:45:22,S,1073.4,1,3
2021-06-17 09:45:22,B,1072.0,2,6
2021-06-17 09:45:22,B,1071.75,2,8
2021-06-17 09:45:22,B,1071.7,1,7
2021-06-17 09:45:22,B,1071.45,1,2
2021-06-17 09:45:22,B,1071.4,1,3
2021-06-17 09:45:25,S,1072.95,2,3
2021-06-17 09:45:25,S,1073.0,1,23
2021-06-17 09:45:25,S,1073.25,1,10
2021-06-17 09:45:25,S,1073.35,1,10
2021-06-17 09:45:25,S,1073.4,1,3
2021-06-17 09:45:25,B,1072.0,2,6
2021-06-17 09:45:25,B,1071.75,2,8
2021-06-17 09:45:25,B,1071.7,1,7
2021-06-17 09:45:25,B,1071.45,1,2
2021-06-17 09:45:25,B,1071.4,1,3
2021-06-17 09:45:26,S,1072.95,2,3
2021-06-17 09:45:26,S,1073.0,1,23
2021-06-17 09:45:26,S,1073.25,1,10
2021-06-17 09:45:26,S,1073.35,1,10
2021-06-17 09:45:26,S,1073.4,1,3
2021-06-17 09:45:26,B,1072.0,2,6
2021-06-17 09:45:26,B,1071.75,2,8
2021-06-17 09:45:26,B,1071.7,1,7
2021-06-17 09:45:26,B,1071.45,1,2
2021-06-17 09:45:26,B,1071.4,1,3
2021-06-17 09:45:28,S,1072.0,1,14
2021-06-17 09:45:28,S,1072.7,3,14
2021-06-17 09:45:28,S,1072.95,3,4
2021-06-17 09:45:28,S,1073.0,2,24
2021-06-17 09:45:28,S,1073.35,1,10
2021-06-17 09:45:28,B,1071.45,1,2
2021-06-17 09:45:28,B,1071.25,1,7
2021-06-17 09:45:28,B,1071.2,1,7
2021-06-17 09:45:28,B,1071.15,2,8
2021-06-17 09:45:28,B,1071.1,1,7
2021-06-17 09:45:30,S,1072.0,1,14
2021-06-17 09:45:30,S,1072.7,3,14
2021-06-17 09:45:30,S,1072.95,3,4
2021-06-17 09:45:30,S,1073.0,2,24
2021-06-17 09:45:30,S,1073.35,1,10
2021-06-17 09:45:30,B,1071.45,1,2
2021-06-17 09:45:30,B,1071.25,1,7
2021-06-17 09:45:30,B,1071.2,1,7
2021-06-17 09:45:30,B,1071.15,2,8
2021-06-17 09:45:30,B,1071.1,1,7
2021-06-17 09:45:31,S,1072.0,1,4
2021-06-17 09:45:31,S,1072.7,2,13
2021-06-17 09:45:31,S,1072.95,3,4
2021-06-17 09:45:31,S,1073.0,2,24
2021-06-17 09:45:31,S,1073.35,1,10
2021-06-17 09:45:31,B,1071.45,1,2
2021-06-17 09:45:31,B,1071.3,1,1
2021-06-17 09:45:31,B,1071.25,1,7
2021-06-17 09:45:31,B,1071.2,1,7
2021-06-17 09:45:31,B,1071.15,1,7
2021-06-17 09:45:38,S,1072.0,1,4
2021-06-17 09:45:38,S,1072.7,2,13
2021-06-17 09:45:38,S,1072.95,3,4
2021-06-17 09:45:38,S,1073.0,2,24
2021-06-17 09:45:38,S,1073.35,1,10
2021-06-17 09:45:38,B,1071.45,1,2
2021-06-17 09:45:38,B,1071.3,1,1
2021-06-17 09:45:38,B,1071.25,1,7
2021-06-17 09:45:38,B,1071.2,1,7
2021-06-17 09:45:38,B,1071.15,1,7
2021-06-17 09:45:39,S,1072.0,1,4
2021-06-17 09:45:39,S,1072.7,2,13
2021-06-17 09:45:39,S,1072.95,3,4
2021-06-17 09:45:39,S,1073.0,2,24
2021-06-17 09:45:39,S,1073.35,1,10
2021-06-17 09:45:39,B,1071.45,1,2
2021-06-17 09:45:39,B,1071.3,1,1
2021-06-17 09:45:39,B,1071.25,1,7
2021-06-17 09:45:39,B,1071.2,1,7
2021-06-17 09:45:39,B,1071.15,1,7
2021-06-17 09:45:41,S,1072.95,2,3
2021-06-17 09:45:41,S,1073.0,1,23
2021-06-17 09:45:41,S,1073.4,1,3
2021-06-17 09:45:41,S,1073.9,1,7
2021-06-17 09:45:41,S,1073.95,2,13
2021-06-17 09:45:41,B,1072.0,1,1
2021-06-17 09:45:41,B,1071.7,2,11
2021-06-17 09:45:41,B,1071.65,1,6
2021-06-17 09:45:41,B,1071.45,1,2
2021-06-17 09:45:41,B,1071.4,1,3
2021-06-17 09:45:42,S,1072.95,2,3
2021-06-17 09:45:42,S,1073.0,1,23
2021-06-17 09:45:42,S,1073.4,1,3
2021-06-17 09:45:42,S,1073.9,1,7
2021-06-17 09:45:42,S,1073.95,2,13
2021-06-17 09:45:42,B,1072.0,1,1
2021-06-17 09:45:42,B,1071.7,2,11
2021-06-17 09:45:42,B,1071.65,1,6
2021-06-17 09:45:42,B,1071.45,1,2
2021-06-17 09:45:42,B,1071.4,1,3
2021-06-17 09:45:44,S,1072.95,2,2
2021-06-17 09:45:44,S,1073.0,1,23
2021-06-17 09:45:44,S,1073.35,1,10
2021-06-17 09:45:44,S,1073.4,1,3
2021-06-17 09:45:44,S,1073.9,1,7
2021-06-17 09:45:44,B,1072.0,1,1
2021-06-17 09:45:44,B,1071.75,1,1
2021-06-17 09:45:44,B,1071.7,2,11
2021-06-17 09:45:44,B,1071.65,1,6
2021-06-17 09:45:44,B,1071.45,1,2
2021-06-17 09:45:47,S,1072.95,2,2
2021-06-17 09:45:47,S,1073.0,1,23
2021-06-17 09:45:47,S,1073.35,1,10
2021-06-17 09:45:47,S,1073.4,1,3
2021-06-17 09:45:47,S,1073.9,1,7
2021-06-17 09:45:47,B,1071.75,1,1
2021-06-17 09:45:47,B,1071.7,2,11
2021-06-17 09:45:47,B,1071.65,1,6
2021-06-17 09:45:47,B,1071.45,1,2
2021-06-17 09:45:47,B,1071.4,1,3
2021-06-17 09:45:51,S,1072.95,2,2
2021-06-17 09:45:51,S,1073.0,1,23
2021-06-17 09:45:51,S,1073.35,1,10
2021-06-17 09:45:51,S,1073.4,1,3
2021-06-17 09:45:51,S,1073.9,1,7
2021-06-17 09:45:51,B,1071.75,1,1
2021-06-17 09:45:51,B,1071.7,2,11
2021-06-17 09:45:51,B,1071.65,1,6
2021-06-17 09:45:51,B,1071.45,1,2
2021-06-17 09:45:51,B,1071.4,1,3
2021-06-17 09:45:56,S,1072.95,2,2
2021-06-17 09:45:56,S,1073.0,1,23
2021-06-17 09:45:56,S,1073.35,1,10
2021-06-17 09:45:56,S,1073.4,1,3
2021-06-17 09:45:56,S,1073.9,1,7
2021-06-17 09:45:56,B,1071.75,2,11
2021-06-17 09:45:56,B,1071.7,1,1
2021-06-17 09:45:56,B,1071.65,1,6
2021-06-17 09:45:56,B,1071.45,1,2
2021-06-17 09:45:56,B,1071.4,1,3
2021-06-17 09:45:59,S,1072.95,2,2
2021-06-17 09:45:59,S,1073.0,1,23
2021-06-17 09:45:59,S,1073.35,1,10
2021-06-17 09:45:59,S,1073.4,1,3
2021-06-17 09:45:59,S,1073.9,1,7
2021-06-17 09:45:59,B,1071.75,2,11
2021-06-17 09:45:59,B,1071.7,1,1
2021-06-17 09:45:59,B,1071.65,1,6
2021-06-17 09:45:59,B,1071.45,1,2
2021-06-17 09:45:59,B,1071.4,1,3
2021-06-17 09:46:03,S,1072.95,2,2
2021-06-17 09:46:03,S,1073.0,1,23
2021-06-17 09:46:03,S,1073.35,1,10
2021-06-17 09:46:03,S,1073.4,1,3
2021-06-17 09:46:03,S,1073.9,1,7
2021-06-17 09:46:03,B,1071.75,2,11
2021-06-17 09:46:03,B,1071.7,1,1
2021-06-17 09:46:03,B,1071.65,1,6
2021-06-17 09:46:03,B,1071.45,1,2
2021-06-17 09:46:03,B,1071.4,1,3
2021-06-17 09:46:05,S,1072.95,1,3
2021-06-17 09:46:05,S,1073.0,1,23
2021-06-17 09:46:05,S,1073.35,2,11
2021-06-17 09:46:05,S,1073.9,1,7
2021-06-17 09:46:05,S,1073.95,2,13
2021-06-17 09:46:05,B,1071.75,2,11
2021-06-17 09:46:05,B,1071.65,1,6
2021-06-17 09:46:05,B,1071.5,1,1
2021-06-17 09:46:05,B,1071.45,1,2
2021-06-17 09:46:05,B,1071.4,1,3
2021-06-17 09:46:08,S,1072.95,1,3
2021-06-17 09:46:08,S,1073.0,2,24
2021-06-17 09:46:08,S,1073.15,1,3
2021-06-17 09:46:08,S,1073.35,3,22
2021-06-17 09:46:08,S,1073.55,1,3
2021-06-17 09:46:08,B,1071.65,1,6
2021-06-17 09:46:08,B,1071.5,2,10
2021-06-17 09:46:08,B,1071.45,1,2
2021-06-17 09:46:08,B,1071.4,1,3
2021-06-17 09:46:08,B,1071.3,1,7
2021-06-17 09:46:16,S,1072.95,1,3
2021-06-17 09:46:16,S,1073.0,2,24
2021-06-17 09:46:16,S,1073.15,1,3
2021-06-17 09:46:16,S,1073.35,3,22
2021-06-17 09:46:16,S,1073.55,1,3
2021-06-17 09:46:16,B,1071.65,1,6
2021-06-17 09:46:16,B,1071.5,2,10
2021-06-17 09:46:16,B,1071.45,1,2
2021-06-17 09:46:16,B,1071.4,1,3
2021-06-17 09:46:16,B,1071.3,1,7
2021-06-17 09:46:18,S,1072.95,1,3
2021-06-17 09:46:18,S,1073.0,2,24
2021-06-17 09:46:18,S,1073.15,1,3
2021-06-17 09:46:18,S,1073.35,3,22
2021-06-17 09:46:18,S,1073.55,1,3
2021-06-17 09:46:18,B,1071.65,1,6
2021-06-17 09:46:18,B,1071.5,2,10
2021-06-17 09:46:18,B,1071.45,1,2
2021-06-17 09:46:18,B,1071.4,1,3
2021-06-17 09:46:18,B,1071.3,1,7
2021-06-17 09:46:19,S,1072.95,1,3
2021-06-17 09:46:19,S,1073.0,2,24
2021-06-17 09:46:19,S,1073.15,1,3
2021-06-17 09:46:19,S,1073.35,2,11
2021-06-17 09:46:19,S,1073.55,1,3
2021-06-17 09:46:19,B,1071.5,2,10
2021-06-17 09:46:19,B,1071.45,1,2
2021-06-17 09:46:19,B,1071.3,1,7
2021-06-17 09:46:19,B,1071.25,1,7
2021-06-17 09:46:19,B,1071.2,1,7
2021-06-17 09:46:22,S,1072.95,1,3
2021-06-17 09:46:22,S,1073.0,2,24
2021-06-17 09:46:22,S,1073.15,1,3
2021-06-17 09:46:22,S,1073.35,2,11
2021-06-17 09:46:22,S,1073.55,1,3
2021-06-17 09:46:22,B,1071.5,2,10
2021-06-17 09:46:22,B,1071.45,1,2
2021-06-17 09:46:22,B,1071.3,1,7
2021-06-17 09:46:22,B,1071.25,1,7
2021-06-17 09:46:22,B,1071.2,1,7
2021-06-17 09:46:25,S,1073.0,2,24
2021-06-17 09:46:25,S,1073.15,2,4
2021-06-17 09:46:25,S,1073.35,2,11
2021-06-17 09:46:25,S,1073.55,1,3
2021-06-17 09:46:25,S,1073.65,1,10
2021-06-17 09:46:25,B,1071.5,2,10
2021-06-17 09:46:25,B,1071.45,1,2
2021-06-17 09:46:25,B,1071.3,1,7
2021-06-17 09:46:25,B,1071.25,1,7
2021-06-17 09:46:25,B,1071.2,1,7
2021-06-17 09:46:28,S,1073.0,2,24
2021-06-17 09:46:28,S,1073.15,2,4
2021-06-17 09:46:28,S,1073.35,2,11
2021-06-17 09:46:28,S,1073.55,1,3
2021-06-17 09:46:28,S,1073.65,1,10
2021-06-17 09:46:28,B,1071.5,2,10
2021-06-17 09:46:28,B,1071.45,1,2
2021-06-17 09:46:28,B,1071.3,1,7
2021-06-17 09:46:28,B,1071.25,1,7
2021-06-17 09:46:28,B,1071.2,1,7
2021-06-17 09:46:31,S,1073.0,2,24
2021-06-17 09:46:31,S,1073.15,2,4
2021-06-17 09:46:31,S,1073.35,2,11
2021-06-17 09:46:31,S,1073.55,1,3
2021-06-17 09:46:31,S,1073.65,1,10
2021-06-17 09:46:31,B,1071.5,2,10
2021-06-17 09:46:31,B,1071.45,1,2
2021-06-17 09:46:31,B,1071.3,1,7
2021-06-17 09:46:31,B,1071.25,1,7
2021-06-17 09:46:31,B,1071.2,1,7
2021-06-17 09:46:46,S,1071.5,1,15
2021-06-17 09:46:46,S,1072.95,2,2
2021-06-17 09:46:46,S,1073.0,2,24
2021-06-17 09:46:46,S,1073.15,2,4
2021-06-17 09:46:46,S,1073.55,1,3
2021-06-17 09:46:46,B,1071.45,1,2
2021-06-17 09:46:46,B,1071.2,1,1
2021-06-17 09:46:46,B,1071.15,1,2
2021-06-17 09:46:46,B,1071.05,1,6
2021-06-17 09:46:46,B,1071.0,2,110
2021-06-17 09:46:47,S,1071.5,1,15
2021-06-17 09:46:47,S,1072.95,2,2
2021-06-17 09:46:47,S,1073.0,2,24
2021-06-17 09:46:47,S,1073.15,2,4
2021-06-17 09:46:47,S,1073.55,1,3
2021-06-17 09:46:47,B,1071.45,1,2
2021-06-17 09:46:47,B,1071.2,1,1
2021-06-17 09:46:47,B,1071.15,1,2
2021-06-17 09:46:47,B,1071.05,1,6
2021-06-17 09:46:47,B,1071.0,2,110
2021-06-17 09:46:49,S,1071.5,1,15
2021-06-17 09:46:49,S,1072.15,2,4
2021-06-17 09:46:49,S,1072.5,1,1
2021-06-17 09:46:49,S,1072.55,1,3
2021-06-17 09:46:49,S,1072.95,1,7
2021-06-17 09:46:49,B,1071.1,1,1
2021-06-17 09:46:49,B,1071.05,1,6
2021-06-17 09:46:49,B,1071.0,2,110
2021-06-17 09:46:49,B,1070.65,1,2
2021-06-17 09:46:49,B,1070.35,1,3
2021-06-17 09:46:52,S,1071.5,1,15
2021-06-17 09:46:52,S,1072.15,2,4
2021-06-17 09:46:52,S,1072.5,1,1
2021-06-17 09:46:52,S,1072.55,1,3
2021-06-17 09:46:52,S,1072.95,1,7
2021-06-17 09:46:52,B,1071.1,1,1
2021-06-17 09:46:52,B,1071.05,1,6
2021-06-17 09:46:52,B,1071.0,2,110
2021-06-17 09:46:52,B,1070.65,1,2
2021-06-17 09:46:52,B,1070.35,1,3
2021-06-17 09:46:52,S,1071.5,1,10
2021-06-17 09:46:52,S,1072.15,2,4
2021-06-17 09:46:52,S,1072.5,1,1
2021-06-17 09:46:52,S,1072.55,1,3
2021-06-17 09:46:52,S,1072.95,1,7
2021-06-17 09:46:52,B,1071.1,1,1
2021-06-17 09:46:52,B,1071.05,1,6
2021-06-17 09:46:52,B,1071.0,2,110
2021-06-17 09:46:52,B,1070.7,1,10
2021-06-17 09:46:52,B,1070.65,1,2
2021-06-17 09:46:55,S,1071.5,1,10
2021-06-17 09:46:55,S,1072.15,2,4
2021-06-17 09:46:55,S,1072.5,1,1
2021-06-17 09:46:55,S,1072.55,1,3
2021-06-17 09:46:55,S,1072.95,1,7
2021-06-17 09:46:55,B,1071.1,1,1
2021-06-17 09:46:55,B,1071.05,1,6
2021-06-17 09:46:55,B,1071.0,2,110
2021-06-17 09:46:55,B,1070.7,1,10
2021-06-17 09:46:55,B,1070.65,1,2
2021-06-17 09:46:58,S,1071.5,1,10
2021-06-17 09:46:58,S,1072.15,2,4
2021-06-17 09:46:58,S,1072.5,1,1
2021-06-17 09:46:58,S,1072.55,1,3
2021-06-17 09:46:58,S,1072.95,2,106
2021-06-17 09:46:58,B,1071.1,1,1
2021-06-17 09:46:58,B,1071.05,1,6
2021-06-17 09:46:58,B,1071.0,2,110
2021-06-17 09:46:58,B,1070.7,1,10
2021-06-17 09:46:58,B,1070.65,1,2
2021-06-17 09:47:01,S,1071.5,1,10
2021-06-17 09:47:01,S,1072.15,2,4
2021-06-17 09:47:01,S,1072.25,1,1
2021-06-17 09:47:01,S,1072.3,1,9
2021-06-17 09:47:01,S,1072.55,1,3
2021-06-17 09:47:01,B,1071.05,1,6
2021-06-17 09:47:01,B,1071.0,2,110
2021-06-17 09:47:01,B,1070.6,2,3
2021-06-17 09:47:01,B,1070.55,1,9
2021-06-17 09:47:01,B,1070.35,1,3
2021-06-17 09:47:07,S,1071.5,1,10
2021-06-17 09:47:07,S,1072.15,2,4
2021-06-17 09:47:07,S,1072.25,1,1
2021-06-17 09:47:07,S,1072.3,1,9
2021-06-17 09:47:07,S,1072.55,1,3
2021-06-17 09:47:07,B,1071.05,1,6
2021-06-17 09:47:07,B,1071.0,2,110
2021-06-17 09:47:07,B,1070.6,2,3
2021-06-17 09:47:07,B,1070.55,1,9
2021-06-17 09:47:07,B,1070.35,1,3
2021-06-17 09:47:10,S,1071.5,1,10
2021-06-17 09:47:10,S,1072.15,2,4
2021-06-17 09:47:10,S,1072.25,1,1
2021-06-17 09:47:10,S,1072.3,1,9
2021-06-17 09:47:10,S,1072.55,1,3
2021-06-17 09:47:10,B,1071.05,1,6
2021-06-17 09:47:10,B,1071.0,2,110
2021-06-17 09:47:10,B,1070.6,2,3
2021-06-17 09:47:10,B,1070.55,1,9
2021-06-17 09:47:10,B,1070.35,1,3
2021-06-17 09:47:13,S,1071.5,1,10
2021-06-17 09:47:13,S,1072.15,2,4
2021-06-17 09:47:13,S,1072.25,1,1
2021-06-17 09:47:13,S,1072.3,1,9
2021-06-17 09:47:13,S,1072.55,1,3
2021-06-17 09:47:13,B,1071.05,1,6
2021-06-17 09:47:13,B,1071.0,2,110
2021-06-17 09:47:13,B,1070.6,2,3
2021-06-17 09:47:13,B,1070.55,1,9
2021-06-17 09:47:13,B,1070.35,1,3
2021-06-17 09:47:17,S,1071.5,1,10
2021-06-17 09:47:17,S,1072.15,2,4
2021-06-17 09:47:17,S,1072.25,1,1
2021-06-17 09:47:17,S,1072.3,1,9
2021-06-17 09:47:17,S,1072.55,1,3
2021-06-17 09:47:17,B,1071.05,1,6
2021-06-17 09:47:17,B,1071.0,2,110
2021-06-17 09:47:17,B,1070.6,2,3
2021-06-17 09:47:17,B,1070.55,1,9
2021-06-17 09:47:17,B,1070.35,1,3
2021-06-17 09:47:19,S,1072.6,3,8
2021-06-17 09:47:19,S,1072.65,2,4
2021-06-17 09:47:19,S,1072.85,1,1
2021-06-17 09:47:19,S,1072.9,1,6
2021-06-17 09:47:19,S,1072.95,1,7
2021-06-17 09:47:19,B,1071.0,2,41
2021-06-17 09:47:19,B,1070.4,1,2
2021-06-17 09:47:19,B,1070.35,1,3
2021-06-17 09:47:19,B,1070.2,1,9
2021-06-17 09:47:19,B,1070.05,2,12
2021-06-17 09:47:22,S,1072.5,1,9
2021-06-17 09:47:22,S,1072.6,1,1
2021-06-17 09:47:22,S,1072.65,2,4
2021-06-17 09:47:22,S,1072.75,1,11
2021-06-17 09:47:22,S,1072.85,1,7
2021-06-17 09:47:22,B,1071.0,2,41
2021-06-17 09:47:22,B,1070.4,2,3
2021-06-17 09:47:22,B,1070.35,1,3
2021-06-17 09:47:22,B,1070.2,1,9
2021-06-17 09:47:22,B,1070.05,2,12
2021-06-17 09:47:25,S,1072.6,3,12
2021-06-17 09:47:25,S,1072.65,2,4
2021-06-17 09:47:25,S,1072.7,1,7
2021-06-17 09:47:25,S,1072.75,1,11
2021-06-17 09:47:25,S,1072.85,1,7
2021-06-17 09:47:25,B,1071.0,2,41
2021-06-17 09:47:25,B,1070.2,3,13
2021-06-17 09:47:25,B,1070.15,2,14
2021-06-17 09:47:25,B,1070.1,2,3
2021-06-17 09:47:25,B,1070.0,4,22
2021-06-17 09:47:28,S,1072.6,3,12
2021-06-17 09:47:28,S,1072.65,2,4
2021-06-17 09:47:28,S,1072.7,1,7
2021-06-17 09:47:28,S,1072.75,1,11
2021-06-17 09:47:28,S,1072.85,1,7
2021-06-17 09:47:28,B,1071.0,2,41
2021-06-17 09:47:28,B,1070.2,3,13
2021-06-17 09:47:28,B,1070.15,2,14
2021-06-17 09:47:28,B,1070.1,2,3
2021-06-17 09:47:28,B,1070.0,4,22
2021-06-17 09:47:30,S,1072.6,3,12
2021-06-17 09:47:30,S,1072.65,2,4
2021-06-17 09:47:30,S,1072.7,1,7
2021-06-17 09:47:30,S,1072.75,1,11
2021-06-17 09:47:30,S,1072.85,1,7
2021-06-17 09:47:30,B,1071.0,2,41
2021-06-17 09:47:30,B,1070.2,3,13
2021-06-17 09:47:30,B,1070.15,2,14
2021-06-17 09:47:30,B,1070.1,2,3
2021-06-17 09:47:30,B,1070.0,4,22
2021-06-17 09:47:30,S,1072.6,3,12
2021-06-17 09:47:30,S,1072.65,2,4
2021-06-17 09:47:30,S,1072.7,1,7
2021-06-17 09:47:30,S,1072.75,1,11
2021-06-17 09:47:30,S,1072.85,1,7
2021-06-17 09:47:30,B,1071.0,2,41
2021-06-17 09:47:30,B,1070.2,3,13
2021-06-17 09:47:30,B,1070.15,2,14
2021-06-17 09:47:30,B,1070.1,2,3
2021-06-17 09:47:30,B,1070.0,4,22
2021-06-17 09:47:31,S,1072.95,1,2
2021-06-17 09:47:31,S,1073.0,1,23
2021-06-17 09:47:31,S,1073.35,1,11
2021-06-17 09:47:31,S,1073.45,1,10
2021-06-17 09:47:31,S,1073.5,1,10
2021-06-17 09:47:31,B,1071.85,1,10
2021-06-17 09:47:31,B,1071.55,2,3
2021-06-17 09:47:31,B,1071.5,1,4
2021-06-17 09:47:31,B,1071.45,2,8
2021-06-17 09:47:31,B,1071.1,1,7
2021-06-17 09:47:34,S,1072.95,1,2
2021-06-17 09:47:34,S,1073.0,1,23
2021-06-17 09:47:34,S,1073.35,1,11
2021-06-17 09:47:34,S,1073.45,1,10
2021-06-17 09:47:34,S,1073.55,2,9
2021-06-17 09:47:34,B,1071.85,1,10
2021-06-17 09:47:34,B,1071.55,2,3
2021-06-17 09:47:34,B,1071.5,1,4
2021-06-17 09:47:34,B,1071.45,2,8
2021-06-17 09:47:34,B,1071.1,1,7
2021-06-17 09:47:37,S,1072.95,1,2
2021-06-17 09:47:37,S,1073.0,1,23
2021-06-17 09:47:37,S,1073.35,1,11
2021-06-17 09:47:37,S,1073.45,1,10
2021-06-17 09:47:37,S,1073.55,2,9
2021-06-17 09:47:37,B,1071.55,1,2
2021-06-17 09:47:37,B,1071.5,2,5
2021-06-17 09:47:37,B,1071.45,3,17
2021-06-17 09:47:37,B,1071.1,1,7
2021-06-17 09:47:37,B,1071.05,2,10
2021-06-17 09:47:41,S,1072.95,1,2
2021-06-17 09:47:41,S,1073.0,1,23
2021-06-17 09:47:41,S,1073.35,1,11
2021-06-17 09:47:41,S,1073.45,1,10
2021-06-17 09:47:41,S,1073.55,2,9
2021-06-17 09:47:41,B,1071.55,1,2
2021-06-17 09:47:41,B,1071.5,2,5
2021-06-17 09:47:41,B,1071.45,3,17
2021-06-17 09:47:41,B,1071.1,1,7
2021-06-17 09:47:41,B,1071.05,2,10
2021-06-17 09:47:43,S,1072.95,1,2
2021-06-17 09:47:43,S,1073.0,1,23
2021-06-17 09:47:43,S,1073.35,1,11
2021-06-17 09:47:43,S,1073.45,1,10
2021-06-17 09:47:43,S,1073.55,2,9
2021-06-17 09:47:43,B,1071.55,1,2
2021-06-17 09:47:43,B,1071.5,2,5
2021-06-17 09:47:43,B,1071.45,3,17
2021-06-17 09:47:43,B,1071.1,1,7
2021-06-17 09:47:43,B,1071.05,2,10
2021-06-17 09:47:44,S,1074.0,2,135
2021-06-17 09:47:44,S,1074.65,3,12
2021-06-17 09:47:44,S,1074.8,1,10
2021-06-17 09:47:44,S,1075.0,1,25
2021-06-17 09:47:44,S,1075.15,1,10
2021-06-17 09:47:44,B,1073.0,1,80
2021-06-17 09:47:44,B,1071.75,2,3
2021-06-17 09:47:44,B,1071.7,2,9
2021-06-17 09:47:44,B,1071.5,1,2
2021-06-17 09:47:44,B,1071.35,1,7
2021-06-17 09:47:50,S,1074.0,2,135
2021-06-17 09:47:50,S,1074.1,2,4
2021-06-17 09:47:50,S,1074.4,1,9
2021-06-17 09:47:50,S,1074.55,1,12
2021-06-17 09:47:50,S,1074.65,3,12
2021-06-17 09:47:50,B,1073.0,1,80
2021-06-17 09:47:50,B,1072.65,1,2
2021-06-17 09:47:50,B,1072.6,1,9
2021-06-17 09:47:50,B,1072.4,1,3
2021-06-17 09:47:50,B,1072.05,1,3
2021-06-17 09:47:53,S,1074.0,2,135
2021-06-17 09:47:53,S,1074.1,2,4
2021-06-17 09:47:53,S,1074.4,1,9
2021-06-17 09:47:53,S,1074.55,1,12
2021-06-17 09:47:53,S,1074.65,3,12
2021-06-17 09:47:53,B,1073.0,1,80
2021-06-17 09:47:53,B,1072.45,3,13
2021-06-17 09:47:53,B,1072.4,1,3
2021-06-17 09:47:53,B,1072.05,1,3
2021-06-17 09:47:53,B,1071.75,2,3
2021-06-17 09:47:55,S,1074.0,2,135
2021-06-17 09:47:55,S,1074.1,2,4
2021-06-17 09:47:55,S,1074.4,1,9
2021-06-17 09:47:55,S,1074.55,1,12
2021-06-17 09:47:55,S,1074.65,3,12
2021-06-17 09:47:55,B,1073.0,1,80
2021-06-17 09:47:55,B,1072.45,2,12
2021-06-17 09:47:55,B,1072.4,1,3
2021-06-17 09:47:55,B,1072.05,1,3
2021-06-17 09:47:55,B,1071.75,2,3
2021-06-17 09:47:58,S,1074.0,2,135
2021-06-17 09:47:58,S,1074.1,2,4
2021-06-17 09:47:58,S,1074.4,1,9
2021-06-17 09:47:58,S,1074.55,1,12
2021-06-17 09:47:58,S,1074.65,3,12
2021-06-17 09:47:58,B,1073.0,1,80
2021-06-17 09:47:58,B,1072.45,2,12
2021-06-17 09:47:58,B,1072.4,1,3
2021-06-17 09:47:58,B,1072.05,1,3
2021-06-17 09:47:58,B,1071.75,2,3
2021-06-17 09:48:04,S,1074.0,2,135
2021-06-17 09:48:04,S,1074.1,1,3
2021-06-17 09:48:04,S,1074.25,1,11
2021-06-17 09:48:04,S,1074.4,1,9
2021-06-17 09:48:04,S,1074.55,1,12
2021-06-17 09:48:04,B,1073.35,1,10
2021-06-17 09:48:04,B,1073.0,1,80
2021-06-17 09:48:04,B,1072.45,2,12
2021-06-17 09:48:04,B,1072.4,1,3
2021-06-17 09:48:04,B,1072.05,1,3
2021-06-17 09:48:07,S,1074.0,2,135
2021-06-17 09:48:07,S,1074.25,2,12
2021-06-17 09:48:07,S,1074.4,1,9
2021-06-17 09:48:07,S,1074.55,1,12
2021-06-17 09:48:07,S,1074.65,3,12
2021-06-17 09:48:07,B,1073.35,2,20
2021-06-17 09:48:07,B,1073.0,1,80
2021-06-17 09:48:07,B,1072.45,2,12
2021-06-17 09:48:07,B,1072.4,1,3
2021-06-17 09:48:07,B,1072.05,1,3
2021-06-17 09:48:10,S,1074.0,2,135
2021-06-17 09:48:10,S,1074.25,2,12
2021-06-17 09:48:10,S,1074.4,1,9
2021-06-17 09:48:10,S,1074.55,1,12
2021-06-17 09:48:10,S,1074.65,3,12
2021-06-17 09:48:10,B,1073.35,2,20
2021-06-17 09:48:10,B,1073.0,1,80
2021-06-17 09:48:10,B,1072.45,2,12
2021-06-17 09:48:10,B,1072.4,1,3
2021-06-17 09:48:10,B,1072.05,1,3
2021-06-17 09:48:10,S,1074.0,2,135
2021-06-17 09:48:10,S,1074.25,2,12
2021-06-17 09:48:10,S,1074.4,1,9
2021-06-17 09:48:10,S,1074.55,1,12
2021-06-17 09:48:10,S,1074.65,3,12
2021-06-17 09:48:10,B,1073.35,2,20
2021-06-17 09:48:10,B,1073.0,1,80
2021-06-17 09:48:10,B,1072.45,2,12
2021-06-17 09:48:10,B,1072.4,1,3
2021-06-17 09:48:10,B,1072.05,1,3
2021-06-17 09:48:11,S,1076.75,1,4
2021-06-17 09:48:11,S,1076.85,1,6
2021-06-17 09:48:11,S,1077.0,1,1
2021-06-17 09:48:11,S,1077.45,1,4
2021-06-17 09:48:11,S,1077.65,2,8
2021-06-17 09:48:11,B,1075.0,4,21
2021-06-17 09:48:11,B,1074.95,2,15
2021-06-17 09:48:11,B,1074.9,1,2
2021-06-17 09:48:11,B,1074.8,1,7
2021-06-17 09:48:11,B,1074.75,1,7
2021-06-17 09:48:12,S,1076.75,1,4
2021-06-17 09:48:12,S,1076.85,1,6
2021-06-17 09:48:12,S,1077.0,1,1
2021-06-17 09:48:12,S,1077.45,1,4
2021-06-17 09:48:12,S,1077.65,2,8
2021-06-17 09:48:12,B,1075.0,4,21
2021-06-17 09:48:12,B,1074.95,2,15
2021-06-17 09:48:12,B,1074.9,1,2
2021-06-17 09:48:12,B,1074.8,1,7
2021-06-17 09:48:12,B,1074.75,1,7
2021-06-17 09:48:14,S,1076.9,1,10
2021-06-17 09:48:14,S,1077.0,3,5
2021-06-17 09:48:14,S,1077.1,1,5
2021-06-17 09:48:14,S,1077.3,1,2
2021-06-17 09:48:14,S,1077.4,2,10
2021-06-17 09:48:14,B,1075.15,2,9
2021-06-17 09:48:14,B,1075.1,1,3
2021-06-17 09:48:14,B,1075.05,1,2
2021-06-17 09:48:14,B,1075.0,1,7
2021-06-17 09:48:14,B,1074.95,1,14
2021-06-17 09:48:17,S,1076.9,1,10
2021-06-17 09:48:17,S,1077.0,3,5
2021-06-17 09:48:17,S,1077.1,1,5
2021-06-17 09:48:17,S,1077.3,1,2
2021-06-17 09:48:17,S,1077.4,2,10
2021-06-17 09:48:17,B,1075.15,2,9
2021-06-17 09:48:17,B,1075.1,1,3
2021-06-17 09:48:17,B,1075.05,1,2
2021-06-17 09:48:17,B,1075.0,1,7
2021-06-17 09:48:17,B,1074.95,1,14
2021-06-17 09:48:22,S,1076.9,1,10
2021-06-17 09:48:22,S,1077.0,3,5
2021-06-17 09:48:22,S,1077.1,1,5
2021-06-17 09:48:22,S,1077.3,1,2
2021-06-17 09:48:22,S,1077.4,2,10
2021-06-17 09:48:22,B,1075.15,2,9
2021-06-17 09:48:22,B,1075.1,1,3
2021-06-17 09:48:22,B,1075.05,1,2
2021-06-17 09:48:22,B,1075.0,1,7
2021-06-17 09:48:22,B,1074.95,1,14
2021-06-17 09:48:22,S,1077.0,3,3
2021-06-17 09:48:22,S,1077.1,1,5
2021-06-17 09:48:22,S,1077.3,1,2
2021-06-17 09:48:22,S,1077.35,1,7
2021-06-17 09:48:22,S,1077.4,2,10
2021-06-17 09:48:22,B,1075.15,2,9
2021-06-17 09:48:22,B,1075.1,1,3
2021-06-17 09:48:22,B,1075.05,1,2
2021-06-17 09:48:22,B,1075.0,1,7
2021-06-17 09:48:22,B,1074.95,1,14
2021-06-17 09:48:24,S,1077.0,3,3
2021-06-17 09:48:24,S,1077.1,1,5
2021-06-17 09:48:24,S,1077.3,1,2
2021-06-17 09:48:24,S,1077.35,1,7
2021-06-17 09:48:24,S,1077.4,2,10
2021-06-17 09:48:24,B,1075.15,2,9
2021-06-17 09:48:24,B,1075.1,1,3
2021-06-17 09:48:24,B,1075.05,1,2
2021-06-17 09:48:24,B,1075.0,1,7
2021-06-17 09:48:24,B,1074.95,1,14
2021-06-17 09:48:26,S,1077.4,1,4
2021-06-17 09:48:26,S,1077.65,1,7
2021-06-17 09:48:26,S,1077.75,1,9
2021-06-17 09:48:26,S,1078.0,1,3
2021-06-17 09:48:26,S,1078.05,1,4
2021-06-17 09:48:26,B,1076.1,1,9
2021-06-17 09:48:26,B,1075.7,2,3
2021-06-17 09:48:26,B,1075.65,2,4
2021-06-17 09:48:26,B,1075.55,1,3
2021-06-17 09:48:26,B,1075.5,2,9
2021-06-17 09:48:27,S,1077.4,1,4
2021-06-17 09:48:27,S,1077.65,1,7
2021-06-17 09:48:27,S,1077.75,1,9
2021-06-17 09:48:27,S,1078.0,1,3
2021-06-17 09:48:27,S,1078.05,1,4
2021-06-17 09:48:27,B,1076.1,1,9
2021-06-17 09:48:27,B,1075.7,2,3
2021-06-17 09:48:27,B,1075.65,2,4
2021-06-17 09:48:27,B,1075.55,1,3
2021-06-17 09:48:27,B,1075.5,2,9
2021-06-17 09:48:29,S,1077.35,1,10
2021-06-17 09:48:29,S,1077.4,2,5
2021-06-17 09:48:29,S,1077.5,1,3
2021-06-17 09:48:29,S,1077.55,1,1
2021-06-17 09:48:29,S,1077.6,1,7
2021-06-17 09:48:29,B,1075.7,1,2
2021-06-17 09:48:29,B,1075.65,1,3
2021-06-17 09:48:29,B,1075.55,1,3
2021-06-17 09:48:29,B,1075.5,1,8
2021-06-17 09:48:29,B,1075.45,1,7
2021-06-17 09:48:31,S,1077.35,1,10
2021-06-17 09:48:31,S,1077.4,2,5
2021-06-17 09:48:31,S,1077.5,1,3
2021-06-17 09:48:31,S,1077.55,2,10
2021-06-17 09:48:31,S,1077.6,1,7
2021-06-17 09:48:31,B,1075.7,2,11
2021-06-17 09:48:31,B,1075.65,1,3
2021-06-17 09:48:31,B,1075.55,1,3
2021-06-17 09:48:31,B,1075.5,1,8
2021-06-17 09:48:31,B,1075.45,1,7
2021-06-17 09:48:34,S,1077.35,1,10
2021-06-17 09:48:34,S,1077.4,2,5
2021-06-17 09:48:34,S,1077.5,1,3
2021-06-17 09:48:34,S,1077.55,2,10
2021-06-17 09:48:34,S,1077.6,1,7
2021-06-17 09:48:34,B,1075.7,2,12
2021-06-17 09:48:34,B,1075.65,1,3
2021-06-17 09:48:34,B,1075.55,1,3
2021-06-17 09:48:34,B,1075.5,1,8
2021-06-17 09:48:34,B,1075.45,1,7
2021-06-17 09:48:37,S,1077.35,1,10
2021-06-17 09:48:37,S,1077.4,2,5
2021-06-17 09:48:37,S,1077.5,1,3
2021-06-17 09:48:37,S,1077.55,2,10
2021-06-17 09:48:37,S,1077.6,1,7
2021-06-17 09:48:37,B,1075.7,2,12
2021-06-17 09:48:37,B,1075.65,1,3
2021-06-17 09:48:37,B,1075.55,1,3
2021-06-17 09:48:37,B,1075.5,1,8
2021-06-17 09:48:37,B,1075.45,1,7
2021-06-17 09:48:40,S,1077.4,1,4
2021-06-17 09:48:40,S,1077.55,1,1
2021-06-17 09:48:40,S,1077.6,1,7
2021-06-17 09:48:40,S,1077.65,1,7
2021-06-17 09:48:40,S,1077.75,2,19
2021-06-17 09:48:40,B,1076.15,1,9
2021-06-17 09:48:40,B,1075.95,2,3
2021-06-17 09:48:40,B,1075.9,2,4
2021-06-17 09:48:40,B,1075.8,2,8
2021-06-17 09:48:40,B,1075.7,2,8
2021-06-17 09:48:43,S,1077.4,1,4
2021-06-17 09:48:43,S,1077.55,1,1
2021-06-17 09:48:43,S,1077.6,1,7
2021-06-17 09:48:43,S,1077.65,1,7
2021-06-17 09:48:43,S,1077.75,1,9
2021-06-17 09:48:43,B,1076.15,1,9
2021-06-17 09:48:43,B,1075.95,1,2
2021-06-17 09:48:43,B,1075.9,1,3
2021-06-17 09:48:43,B,1075.8,2,8
2021-06-17 09:48:43,B,1075.7,2,8
2021-06-17 09:48:46,S,1076.95,2,11
2021-06-17 09:48:46,S,1077.0,1,3
2021-06-17 09:48:46,S,1077.05,1,3
2021-06-17 09:48:46,S,1077.25,1,10
2021-06-17 09:48:46,S,1077.4,1,4
2021-06-17 09:48:46,B,1075.6,1,2
2021-06-17 09:48:46,B,1075.55,1,3
2021-06-17 09:48:46,B,1075.2,1,2
2021-06-17 09:48:46,B,1075.15,1,7
2021-06-17 09:48:46,B,1075.1,1,3
2021-06-17 09:48:49,S,1077.0,1,3
2021-06-17 09:48:49,S,1077.05,1,3
2021-06-17 09:48:49,S,1077.2,1,9
2021-06-17 09:48:49,S,1077.4,1,4
2021-06-17 09:48:49,S,1077.5,1,3
2021-06-17 09:48:49,B,1075.55,1,2
2021-06-17 09:48:49,B,1075.5,1,9
2021-06-17 09:48:49,B,1075.45,1,2
2021-06-17 09:48:49,B,1075.3,2,8
2021-06-17 09:48:49,B,1075.15,1,7
2021-06-17 09:48:51,S,1076.95,1,9
2021-06-17 09:48:51,S,1077.0,1,3
2021-06-17 09:48:51,S,1077.05,1,3
2021-06-17 09:48:51,S,1077.4,1,4
2021-06-17 09:48:51,S,1077.5,1,3
2021-06-17 09:48:51,B,1075.55,1,2
2021-06-17 09:48:51,B,1075.5,1,9
2021-06-17 09:48:51,B,1075.45,1,2
2021-06-17 09:48:51,B,1075.3,2,8
2021-06-17 09:48:51,B,1075.15,1,7
2021-06-17 09:48:54,S,1076.95,1,9
2021-06-17 09:48:54,S,1077.0,1,3
2021-06-17 09:48:54,S,1077.05,1,3
2021-06-17 09:48:54,S,1077.4,1,4
2021-06-17 09:48:54,S,1077.5,1,3
2021-06-17 09:48:54,B,1075.55,1,2
2021-06-17 09:48:54,B,1075.5,1,9
2021-06-17 09:48:54,B,1075.45,1,2
2021-06-17 09:48:54,B,1075.3,2,8
2021-06-17 09:48:54,B,1075.15,1,7
2021-06-17 09:48:57,S,1076.95,1,9
2021-06-17 09:48:57,S,1077.0,1,3
2021-06-17 09:48:57,S,1077.05,1,3
2021-06-17 09:48:57,S,1077.4,1,4
2021-06-17 09:48:57,S,1077.5,1,3
2021-06-17 09:48:57,B,1075.55,1,2
2021-06-17 09:48:57,B,1075.5,1,9
2021-06-17 09:48:57,B,1075.45,1,2
2021-06-17 09:48:57,B,1075.3,2,8
2021-06-17 09:48:57,B,1075.15,1,7
2021-06-17 09:49:04,S,1076.95,1,9
2021-06-17 09:49:04,S,1077.0,1,3
2021-06-17 09:49:04,S,1077.05,1,3
2021-06-17 09:49:04,S,1077.4,1,4
2021-06-17 09:49:04,S,1077.5,1,3
2021-06-17 09:49:04,B,1075.55,1,2
2021-06-17 09:49:04,B,1075.5,1,9
2021-06-17 09:49:04,B,1075.45,1,2
2021-06-17 09:49:04,B,1075.3,2,8
2021-06-17 09:49:04,B,1075.15,1,7
2021-06-17 09:49:06,S,1077.4,1,4
2021-06-17 09:49:06,S,1077.5,1,3
2021-06-17 09:49:06,S,1077.55,1,1
2021-06-17 09:49:06,S,1077.6,1,7
2021-06-17 09:49:06,S,1077.65,1,7
2021-06-17 09:49:06,B,1075.95,1,2
2021-06-17 09:49:06,B,1075.9,1,9
2021-06-17 09:49:06,B,1075.7,1,2
2021-06-17 09:49:06,B,1075.65,2,8
2021-06-17 09:49:06,B,1075.55,1,3
2021-06-17 09:49:09,S,1077.4,1,4
2021-06-17 09:49:09,S,1077.5,1,3
2021-06-17 09:49:09,S,1077.55,1,1
2021-06-17 09:49:09,S,1077.6,1,7
2021-06-17 09:49:09,S,1077.65,1,7
2021-06-17 09:49:09,B,1075.95,1,2
2021-06-17 09:49:09,B,1075.9,1,9
2021-06-17 09:49:09,B,1075.7,1,2
2021-06-17 09:49:09,B,1075.65,2,8
2021-06-17 09:49:09,B,1075.55,1,3
2021-06-17 09:49:12,S,1077.4,1,4
2021-06-17 09:49:12,S,1077.5,1,3
2021-06-17 09:49:12,S,1077.55,1,1
2021-06-17 09:49:12,S,1077.6,2,17
2021-06-17 09:49:12,S,1077.65,1,7
2021-06-17 09:49:12,B,1076.0,2,10
2021-06-17 09:49:12,B,1075.75,1,2
2021-06-17 09:49:12,B,1075.7,1,2
2021-06-17 09:49:12,B,1075.65,2,8
2021-06-17 09:49:12,B,1075.55,1,3
2021-06-17 09:49:21,S,1077.4,1,4
2021-06-17 09:49:21,S,1077.5,1,3
2021-06-17 09:49:21,S,1077.55,1,1
2021-06-17 09:49:21,S,1077.6,1,7
2021-06-17 09:49:21,S,1077.65,1,7
2021-06-17 09:49:21,B,1076.05,1,2
2021-06-17 09:49:21,B,1076.0,1,9
2021-06-17 09:49:21,B,1075.7,1,2
2021-06-17 09:49:21,B,1075.65,2,8
2021-06-17 09:49:21,B,1075.55,1,3
2021-06-17 09:49:23,S,1077.4,1,4
2021-06-17 09:49:23,S,1077.5,1,3
2021-06-17 09:49:23,S,1077.55,1,1
2021-06-17 09:49:23,S,1077.6,1,7
2021-06-17 09:49:23,S,1077.65,1,7
2021-06-17 09:49:23,B,1076.05,1,2
2021-06-17 09:49:23,B,1076.0,1,9
2021-06-17 09:49:23,B,1075.7,1,2
2021-06-17 09:49:23,B,1075.65,2,8
2021-06-17 09:49:23,B,1075.55,1,3
2021-06-17 09:49:24,S,1079.65,4,20
2021-06-17 09:49:24,S,1079.7,1,5
2021-06-17 09:49:24,S,1079.8,1,1
2021-06-17 09:49:24,S,1079.85,1,7
2021-06-17 09:49:24,S,1079.9,2,9
2021-06-17 09:49:24,B,1077.45,4,21
2021-06-17 09:49:24,B,1077.4,1,96
2021-06-17 09:49:24,B,1076.7,1,9
2021-06-17 09:49:24,B,1076.3,1,1
2021-06-17 09:49:24,B,1076.2,1,3
2021-06-17 09:49:25,S,1079.65,4,20
2021-06-17 09:49:25,S,1079.7,1,5
2021-06-17 09:49:25,S,1079.8,1,1
2021-06-17 09:49:25,S,1079.85,1,7
2021-06-17 09:49:25,S,1079.9,2,9
2021-06-17 09:49:25,B,1077.45,4,21
2021-06-17 09:49:25,B,1077.4,1,96
2021-06-17 09:49:25,B,1076.7,1,9
2021-06-17 09:49:25,B,1076.3,1,1
2021-06-17 09:49:25,B,1076.2,1,3
2021-06-17 09:49:26,S,1079.65,4,20
2021-06-17 09:49:26,S,1079.7,1,5
2021-06-17 09:49:26,S,1079.8,1,1
2021-06-17 09:49:26,S,1079.85,1,7
2021-06-17 09:49:26,S,1079.9,2,9
2021-06-17 09:49:26,B,1077.45,4,21
2021-06-17 09:49:26,B,1077.4,1,96
2021-06-17 09:49:26,B,1076.7,1,9
2021-06-17 09:49:26,B,1076.3,1,1
2021-06-17 09:49:26,B,1076.2,1,3
2021-06-17 09:49:27,S,1078.95,1,1
2021-06-17 09:49:27,S,1079.0,2,6
2021-06-17 09:49:27,S,1079.2,2,6
2021-06-17 09:49:27,S,1079.25,2,3
2021-06-17 09:49:27,S,1079.35,1,10
2021-06-17 09:49:27,B,1076.5,1,1
2021-06-17 09:49:27,B,1076.45,2,7
2021-06-17 09:49:27,B,1076.4,1,1
2021-06-17 09:49:27,B,1076.35,2,5
2021-06-17 09:49:27,B,1076.2,1,1
2021-06-17 09:49:30,S,1079.65,1,1
2021-06-17 09:49:30,S,1079.7,2,8
2021-06-17 09:49:30,S,1079.75,1,7
2021-06-17 09:49:30,S,1079.9,1,2
2021-06-17 09:49:30,S,1079.95,2,19
2021-06-17 09:49:30,B,1078.15,1,10
2021-06-17 09:49:30,B,1077.8,3,9
2021-06-17 09:49:30,B,1077.4,1,7
2021-06-17 09:49:30,B,1077.35,2,8
2021-06-17 09:49:30,B,1077.25,1,3
2021-06-17 09:49:31,S,1079.65,1,1
2021-06-17 09:49:31,S,1079.7,2,8
2021-06-17 09:49:31,S,1079.75,1,7
2021-06-17 09:49:31,S,1079.9,1,2
2021-06-17 09:49:31,S,1079.95,2,19
2021-06-17 09:49:31,B,1078.15,1,10
2021-06-17 09:49:31,B,1077.8,3,9
2021-06-17 09:49:31,B,1077.4,1,7
2021-06-17 09:49:31,B,1077.35,2,8
2021-06-17 09:49:31,B,1077.25,1,3
2021-06-17 09:49:33,S,1078.3,1,1
2021-06-17 09:49:33,S,1078.35,1,9
2021-06-17 09:49:33,S,1078.4,1,3
2021-06-17 09:49:33,S,1078.45,1,12
2021-06-17 09:49:33,S,1078.7,1,6
2021-06-17 09:49:33,B,1076.35,3,8
2021-06-17 09:49:33,B,1076.3,2,8
2021-06-17 09:49:33,B,1076.15,1,3
2021-06-17 09:49:33,B,1075.95,1,2
2021-06-17 09:49:33,B,1075.9,1,7
2021-06-17 09:49:36,S,1078.3,1,1
2021-06-17 09:49:36,S,1078.35,1,9
2021-06-17 09:49:36,S,1078.4,1,3
2021-06-17 09:49:36,S,1078.45,1,12
2021-06-17 09:49:36,S,1078.7,1,6
2021-06-17 09:49:36,B,1076.35,2,3
2021-06-17 09:49:36,B,1076.3,2,8
2021-06-17 09:49:36,B,1076.15,1,3
2021-06-17 09:49:36,B,1075.95,1,2
2021-06-17 09:49:36,B,1075.9,1,7
2021-06-17 09:49:43,S,1078.3,1,1
2021-06-17 09:49:43,S,1078.35,1,9
2021-06-17 09:49:43,S,1078.75,1,5
2021-06-17 09:49:43,S,1078.8,1,3
2021-06-17 09:49:43,S,1078.95,1,5
2021-06-17 09:49:43,B,1076.65,1,10
2021-06-17 09:49:43,B,1076.6,1,2
2021-06-17 09:49:43,B,1076.3,2,8
2021-06-17 09:49:43,B,1076.15,1,3
2021-06-17 09:49:43,B,1076.0,1,10
2021-06-17 09:49:49,S,1077.75,1,1
2021-06-17 09:49:49,S,1077.8,1,1
2021-06-17 09:49:49,S,1077.9,1,9
2021-06-17 09:49:49,S,1078.15,1,9
2021-06-17 09:49:49,S,1078.35,1,3
2021-06-17 09:49:49,B,1076.6,1,2
2021-06-17 09:49:49,B,1076.3,2,8
2021-06-17 09:49:49,B,1076.15,1,3
2021-06-17 09:49:49,B,1076.0,1,10
2021-06-17 09:49:49,B,1075.95,1,2
2021-06-17 09:49:52,S,1077.75,1,1
2021-06-17 09:49:52,S,1077.8,1,1
2021-06-17 09:49:52,S,1077.85,1,9
2021-06-17 09:49:52,S,1077.9,1,9
2021-06-17 09:49:52,S,1078.15,1,9
2021-06-17 09:49:52,B,1076.4,1,3
2021-06-17 09:49:52,B,1076.35,1,7
2021-06-17 09:49:52,B,1076.3,2,8
2021-06-17 09:49:52,B,1076.25,1,10
2021-06-17 09:49:52,B,1076.15,1,3
2021-06-17 09:49:55,S,1077.75,1,1
2021-06-17 09:49:55,S,1077.8,1,1
2021-06-17 09:49:55,S,1077.85,1,9
2021-06-17 09:49:55,S,1077.9,1,9
2021-06-17 09:49:55,S,1078.15,1,9
2021-06-17 09:49:55,B,1076.4,1,3
2021-06-17 09:49:55,B,1076.35,1,7
2021-06-17 09:49:55,B,1076.3,2,8
2021-06-17 09:49:55,B,1076.25,1,10
2021-06-17 09:49:55,B,1076.15,1,3
2021-06-17 09:49:58,S,1077.75,1,1
2021-06-17 09:49:58,S,1077.8,1,1
2021-06-17 09:49:58,S,1077.85,1,9
2021-06-17 09:49:58,S,1077.9,1,9
2021-06-17 09:49:58,S,1078.15,1,9
2021-06-17 09:49:58,B,1076.4,1,3
2021-06-17 09:49:58,B,1076.35,1,7
2021-06-17 09:49:58,B,1076.3,2,8
2021-06-17 09:49:58,B,1076.25,1,10
2021-06-17 09:49:58,B,1076.15,1,3
2021-06-17 09:49:58,S,1077.75,1,1
2021-06-17 09:49:58,S,1077.8,1,1
2021-06-17 09:49:58,S,1077.85,1,9
2021-06-17 09:49:58,S,1077.9,1,9
2021-06-17 09:49:58,S,1078.15,1,9
2021-06-17 09:49:58,B,1076.4,1,3
2021-06-17 09:49:58,B,1076.35,1,7
2021-06-17 09:49:58,B,1076.3,2,8
2021-06-17 09:49:58,B,1076.25,1,10
2021-06-17 09:49:58,B,1076.15,1,3
2021-06-17 09:50:01,S,1077.75,2,10
2021-06-17 09:50:01,S,1077.8,1,1
2021-06-17 09:50:01,S,1077.85,2,10
2021-06-17 09:50:01,S,1078.15,1,9
2021-06-17 09:50:01,S,1078.45,1,11
2021-06-17 09:50:01,B,1076.35,1,2
2021-06-17 09:50:01,B,1076.2,1,7
2021-06-17 09:50:01,B,1076.15,1,7
2021-06-17 09:50:01,B,1076.1,1,2
2021-06-17 09:50:01,B,1076.05,2,8
2021-06-17 09:50:04,S,1077.75,2,10
2021-06-17 09:50:04,S,1077.85,2,10
2021-06-17 09:50:04,S,1078.15,1,9
2021-06-17 09:50:04,S,1078.45,1,11
2021-06-17 09:50:04,S,1078.6,1,10
2021-06-17 09:50:04,B,1076.35,1,2
2021-06-17 09:50:04,B,1076.2,1,7
2021-06-17 09:50:04,B,1076.15,1,7
2021-06-17 09:50:04,B,1076.1,1,2
2021-06-17 09:50:04,B,1076.05,2,8
2021-06-17 09:50:10,S,1077.95,1,1
2021-06-17 09:50:10,S,1078.0,1,9
2021-06-17 09:50:10,S,1078.25,1,7
2021-06-17 09:50:10,S,1078.3,1,7
2021-06-17 09:50:10,S,1078.35,2,10
2021-06-17 09:50:10,B,1076.45,1,9
2021-06-17 09:50:10,B,1076.35,2,3
2021-06-17 09:50:10,B,1076.3,1,7
2021-06-17 09:50:10,B,1076.25,2,8
2021-06-17 09:50:10,B,1076.2,1,7
2021-06-17 09:50:13,S,1078.2,1,1
2021-06-17 09:50:13,S,1078.25,1,7
2021-06-17 09:50:13,S,1078.3,1,7
2021-06-17 09:50:13,S,1078.35,2,10
2021-06-17 09:50:13,S,1078.45,1,11
2021-06-17 09:50:13,B,1076.45,1,9
2021-06-17 09:50:13,B,1076.35,2,3
2021-06-17 09:50:13,B,1076.3,1,7
2021-06-17 09:50:13,B,1076.25,2,8
2021-06-17 09:50:13,B,1076.2,1,7
2021-06-17 09:50:16,S,1078.2,1,1
2021-06-17 09:50:16,S,1078.25,1,7
2021-06-17 09:50:16,S,1078.3,1,7
2021-06-17 09:50:16,S,1078.35,2,10
2021-06-17 09:50:16,S,1078.45,1,11
2021-06-17 09:50:16,B,1076.45,1,9
2021-06-17 09:50:16,B,1076.35,2,3
2021-06-17 09:50:16,B,1076.3,1,7
2021-06-17 09:50:16,B,1076.25,2,8
2021-06-17 09:50:16,B,1076.2,1,7
2021-06-17 09:50:16,S,1078.2,2,10
2021-06-17 09:50:16,S,1078.25,1,7
2021-06-17 09:50:16,S,1078.3,1,7
2021-06-17 09:50:16,S,1078.35,2,10
2021-06-17 09:50:16,S,1078.45,1,11
2021-06-17 09:50:16,B,1076.45,1,8
2021-06-17 09:50:16,B,1076.4,1,7
2021-06-17 09:50:16,B,1076.35,2,3
2021-06-17 09:50:16,B,1076.3,1,7
2021-06-17 09:50:16,B,1076.25,2,8
2021-06-17 09:50:26,S,1078.2,2,10
2021-06-17 09:50:26,S,1078.25,1,7
2021-06-17 09:50:26,S,1078.3,1,7
2021-06-17 09:50:26,S,1078.35,2,10
2021-06-17 09:50:26,S,1078.45,1,11
2021-06-17 09:50:26,B,1076.45,1,8
2021-06-17 09:50:26,B,1076.4,1,7
2021-06-17 09:50:26,B,1076.35,2,3
2021-06-17 09:50:26,B,1076.3,1,7
2021-06-17 09:50:26,B,1076.25,2,8
2021-06-17 09:50:27,S,1078.2,2,10
2021-06-17 09:50:27,S,1078.25,1,7
2021-06-17 09:50:27,S,1078.3,1,7
2021-06-17 09:50:27,S,1078.35,2,10
2021-06-17 09:50:27,S,1078.45,1,11
2021-06-17 09:50:27,B,1076.45,1,8
2021-06-17 09:50:27,B,1076.4,1,7
2021-06-17 09:50:27,B,1076.35,2,3
2021-06-17 09:50:27,B,1076.3,1,7
2021-06-17 09:50:27,B,1076.25,2,8
2021-06-17 09:50:28,S,1076.45,1,92
2021-06-17 09:50:28,S,1076.95,1,10
2021-06-17 09:50:28,S,1077.1,1,1
2021-06-17 09:50:28,S,1077.15,1,3
2021-06-17 09:50:28,S,1077.55,2,12
2021-06-17 09:50:28,B,1076.05,1,13
2021-06-17 09:50:28,B,1076.0,1,100
2021-06-17 09:50:28,B,1075.0,4,123
2021-06-17 09:50:28,B,1074.65,1,4
2021-06-17 09:50:28,B,1074.55,2,7
2021-06-17 09:50:31,S,1076.45,1,92
2021-06-17 09:50:31,S,1076.9,1,1
2021-06-17 09:50:31,S,1076.95,1,10
2021-06-17 09:50:31,S,1077.15,1,3
2021-06-17 09:50:31,S,1077.25,1,9
2021-06-17 09:50:31,B,1076.05,1,13
2021-06-17 09:50:31,B,1076.0,1,100
2021-06-17 09:50:31,B,1075.0,5,124
2021-06-17 09:50:31,B,1074.65,1,4
2021-06-17 09:50:31,B,1074.55,2,7
2021-06-17 09:50:32,S,1076.45,1,92
2021-06-17 09:50:32,S,1076.9,1,1
2021-06-17 09:50:32,S,1076.95,1,10
2021-06-17 09:50:32,S,1077.15,1,3
2021-06-17 09:50:32,S,1077.25,1,9
2021-06-17 09:50:32,B,1076.05,1,13
2021-06-17 09:50:32,B,1076.0,1,100
2021-06-17 09:50:32,B,1075.0,5,124
2021-06-17 09:50:32,B,1074.65,1,4
2021-06-17 09:50:32,B,1074.55,2,7
2021-06-17 09:50:34,S,1078.05,1,1
2021-06-17 09:50:34,S,1078.1,1,5
2021-06-17 09:50:34,S,1078.25,1,7
2021-06-17 09:50:34,S,1078.3,1,7
2021-06-17 09:50:34,S,1078.35,1,3
2021-06-17 09:50:34,B,1076.4,4,19
2021-06-17 09:50:34,B,1076.3,2,4
2021-06-17 09:50:34,B,1076.25,2,8
2021-06-17 09:50:34,B,1076.15,3,11
2021-06-17 09:50:34,B,1076.0,2,101
2021-06-17 09:50:37,S,1078.2,1,1
2021-06-17 09:50:37,S,1078.25,1,7
2021-06-17 09:50:37,S,1078.3,1,7
2021-06-17 09:50:37,S,1078.5,1,10
2021-06-17 09:50:37,S,1078.75,1,11
2021-06-17 09:50:37,B,1076.95,1,2
2021-06-17 09:50:37,B,1076.85,1,9
2021-06-17 09:50:37,B,1076.45,2,2
2021-06-17 09:50:37,B,1076.4,3,13
2021-06-17 09:50:37,B,1076.25,2,8
2021-06-17 09:50:40,S,1079.45,2,10
2021-06-17 09:50:40,S,1079.75,1,3
2021-06-17 09:50:40,S,1079.85,1,3
2021-06-17 09:50:40,S,1079.9,1,2
2021-06-17 09:50:40,S,1079.95,1,10
2021-06-17 09:50:40,B,1077.5,1,1
2021-06-17 09:50:40,B,1077.45,1,4
2021-06-17 09:50:40,B,1077.2,2,8
2021-06-17 09:50:40,B,1077.05,1,3
2021-06-17 09:50:40,B,1076.65,1,1
2021-06-17 09:50:42,S,1079.45,2,10
2021-06-17 09:50:42,S,1079.75,1,3
2021-06-17 09:50:42,S,1079.85,1,3
2021-06-17 09:50:42,S,1079.9,1,2
2021-06-17 09:50:42,S,1079.95,1,10
2021-06-17 09:50:42,B,1077.5,1,1
2021-06-17 09:50:42,B,1077.45,1,4
2021-06-17 09:50:42,B,1077.2,2,8
2021-06-17 09:50:42,B,1077.05,1,3
2021-06-17 09:50:42,B,1076.65,1,1
2021-06-17 09:50:43,S,1079.85,1,1
2021-06-17 09:50:43,S,1079.95,1,4
2021-06-17 09:50:43,S,1080.0,3,12
2021-06-17 09:50:43,S,1080.2,1,4
2021-06-17 09:50:43,S,1080.55,1,12
2021-06-17 09:50:43,B,1077.85,2,8
2021-06-17 09:50:43,B,1077.8,2,8
2021-06-17 09:50:43,B,1077.75,2,8
2021-06-17 09:50:43,B,1077.7,2,8
2021-06-17 09:50:43,B,1077.65,2,8
2021-06-17 09:50:46,S,1080.0,3,7
2021-06-17 09:50:46,S,1080.4,1,3
2021-06-17 09:50:46,S,1080.8,3,15
2021-06-17 09:50:46,S,1080.85,1,10
2021-06-17 09:50:46,S,1081.0,2,136
2021-06-17 09:50:46,B,1078.2,2,8
2021-06-17 09:50:46,B,1078.15,2,8
2021-06-17 09:50:46,B,1078.0,3,11
2021-06-17 09:50:46,B,1077.95,2,8
2021-06-17 09:50:46,B,1077.9,1,7
2021-06-17 09:50:49,S,1079.8,1,9
2021-06-17 09:50:49,S,1079.95,1,3
2021-06-17 09:50:49,S,1080.0,3,7
2021-06-17 09:50:49,S,1080.4,1,3
2021-06-17 09:50:49,S,1080.55,1,9
2021-06-17 09:50:49,B,1078.2,2,8
2021-06-17 09:50:49,B,1078.15,2,8
2021-06-17 09:50:49,B,1078.05,2,7
2021-06-17 09:50:49,B,1078.0,4,20
2021-06-17 09:50:49,B,1077.95,2,8
2021-06-17 09:50:50,S,1079.8,1,9
2021-06-17 09:50:50,S,1079.95,1,3
2021-06-17 09:50:50,S,1080.0,3,7
2021-06-17 09:50:50,S,1080.4,1,3
2021-06-17 09:50:50,S,1080.55,1,9
2021-06-17 09:50:50,B,1078.2,2,8
2021-06-17 09:50:50,B,1078.15,2,8
2021-06-17 09:50:50,B,1078.05,2,7
2021-06-17 09:50:50,B,1078.0,4,20
2021-06-17 09:50:50,B,1077.95,2,8
2021-06-17 09:50:52,S,1079.95,2,6
2021-06-17 09:50:52,S,1080.0,4,12
2021-06-17 09:50:52,S,1080.3,1,1
2021-06-17 09:50:52,S,1080.4,1,3
2021-06-17 09:50:52,S,1080.45,2,10
2021-06-17 09:50:52,B,1077.7,1,1
2021-06-17 09:50:52,B,1077.65,2,9
2021-06-17 09:50:52,B,1077.6,1,1
2021-06-17 09:50:52,B,1077.55,1,1
2021-06-17 09:50:52,B,1077.4,1,1
2021-06-17 09:50:55,S,1079.95,5,22
2021-06-17 09:50:55,S,1080.0,3,7
2021-06-17 09:50:55,S,1080.25,1,10
2021-06-17 09:50:55,S,1080.35,1,1
2021-06-17 09:50:55,S,1080.4,2,8
2021-06-17 09:50:55,B,1077.6,2,8
2021-06-17 09:50:55,B,1077.55,1,8
2021-06-17 09:50:55,B,1077.25,2,6
2021-06-17 09:50:55,B,1077.2,1,2
2021-06-17 09:50:55,B,1077.1,3,8
2021-06-17 09:50:57,S,1079.95,5,22
2021-06-17 09:50:57,S,1080.0,3,7
2021-06-17 09:50:57,S,1080.25,1,10
2021-06-17 09:50:57,S,1080.35,1,1
2021-06-17 09:50:57,S,1080.4,2,8
2021-06-17 09:50:57,B,1077.6,2,8
2021-06-17 09:50:57,B,1077.55,1,8
2021-06-17 09:50:57,B,1077.25,2,6
2021-06-17 09:50:57,B,1077.2,1,2
2021-06-17 09:50:57,B,1077.1,3,8
2021-06-17 09:50:58,S,1079.95,3,9
2021-06-17 09:50:58,S,1080.0,3,7
2021-06-17 09:50:58,S,1080.05,1,5
2021-06-17 09:50:58,S,1080.25,1,9
2021-06-17 09:50:58,S,1080.3,1,10
2021-06-17 09:50:58,B,1077.95,1,1
2021-06-17 09:50:58,B,1077.9,1,10
2021-06-17 09:50:58,B,1077.8,2,10
2021-06-17 09:50:58,B,1077.6,2,8
2021-06-17 09:50:58,B,1077.55,1,1
2021-06-17 09:51:03,S,1079.95,3,9
2021-06-17 09:51:03,S,1080.0,3,7
2021-06-17 09:51:03,S,1080.05,1,5
2021-06-17 09:51:03,S,1080.25,1,9
2021-06-17 09:51:03,S,1080.3,1,10
2021-06-17 09:51:03,B,1077.95,1,1
2021-06-17 09:51:03,B,1077.9,1,10
2021-06-17 09:51:03,B,1077.8,2,10
2021-06-17 09:51:03,B,1077.6,2,8
2021-06-17 09:51:03,B,1077.55,1,1
2021-06-17 09:51:04,S,1078.8,3,12
2021-06-17 09:51:04,S,1079.05,1,9
2021-06-17 09:51:04,S,1079.15,1,3
2021-06-17 09:51:04,S,1079.3,1,9
2021-06-17 09:51:04,S,1079.35,1,12
2021-06-17 09:51:04,B,1077.25,2,4
2021-06-17 09:51:04,B,1077.2,1,7
2021-06-17 09:51:04,B,1077.15,1,7
2021-06-17 09:51:04,B,1077.1,1,9
2021-06-17 09:51:04,B,1076.9,1,6
2021-06-17 09:51:07,S,1078.8,3,12
2021-06-17 09:51:07,S,1079.05,1,9
2021-06-17 09:51:07,S,1079.15,1,3
2021-06-17 09:51:07,S,1079.3,1,9
2021-06-17 09:51:07,S,1079.35,1,12
2021-06-17 09:51:07,B,1077.25,2,4
2021-06-17 09:51:07,B,1077.2,1,7
2021-06-17 09:51:07,B,1077.15,1,7
2021-06-17 09:51:07,B,1077.1,1,9
2021-06-17 09:51:07,B,1076.9,1,6
2021-06-17 09:51:10,S,1078.8,3,12
2021-06-17 09:51:10,S,1079.05,1,9
2021-06-17 09:51:10,S,1079.15,1,3
2021-06-17 09:51:10,S,1079.3,1,9
2021-06-17 09:51:10,S,1079.35,1,12
2021-06-17 09:51:10,B,1077.25,2,4
2021-06-17 09:51:10,B,1077.2,1,7
2021-06-17 09:51:10,B,1077.15,1,7
2021-06-17 09:51:10,B,1077.1,1,9
2021-06-17 09:51:10,B,1076.9,1,6
2021-06-17 09:51:13,S,1078.8,3,12
2021-06-17 09:51:13,S,1079.0,1,8
2021-06-17 09:51:13,S,1079.05,1,9
2021-06-17 09:51:13,S,1079.15,1,3
2021-06-17 09:51:13,S,1079.35,1,12
2021-06-17 09:51:13,B,1077.25,2,9
2021-06-17 09:51:13,B,1077.2,1,7
2021-06-17 09:51:13,B,1077.15,1,7
2021-06-17 09:51:13,B,1077.1,1,9
2021-06-17 09:51:13,B,1076.9,1,6
2021-06-17 09:51:13,S,1078.8,3,12
2021-06-17 09:51:13,S,1079.0,1,8
2021-06-17 09:51:13,S,1079.05,1,9
2021-06-17 09:51:13,S,1079.15,1,3
2021-06-17 09:51:13,S,1079.35,1,12
2021-06-17 09:51:13,B,1077.25,2,9
2021-06-17 09:51:13,B,1077.2,1,7
2021-06-17 09:51:13,B,1077.15,1,7
2021-06-17 09:51:13,B,1077.1,1,9
2021-06-17 09:51:13,B,1076.9,1,6
2021-06-17 09:51:16,S,1078.8,3,12
2021-06-17 09:51:16,S,1079.0,1,8
2021-06-17 09:51:16,S,1079.05,1,9
2021-06-17 09:51:16,S,1079.15,1,3
2021-06-17 09:51:16,S,1079.35,1,12
2021-06-17 09:51:16,B,1077.25,2,9
2021-06-17 09:51:16,B,1077.2,1,7
2021-06-17 09:51:16,B,1077.15,1,7
2021-06-17 09:51:16,B,1077.0,1,9
2021-06-17 09:51:16,B,1076.9,1,6
2021-06-17 09:51:20,S,1078.8,3,12
2021-06-17 09:51:20,S,1079.0,1,8
2021-06-17 09:51:20,S,1079.05,1,9
2021-06-17 09:51:20,S,1079.15,1,3
2021-06-17 09:51:20,S,1079.35,1,12
2021-06-17 09:51:20,B,1077.25,2,9
2021-06-17 09:51:20,B,1077.2,1,7
2021-06-17 09:51:20,B,1077.15,1,7
2021-06-17 09:51:20,B,1077.0,2,12
2021-06-17 09:51:20,B,1076.9,1,6
2021-06-17 09:51:23,S,1078.2,1,9
2021-06-17 09:51:23,S,1078.4,2,2
2021-06-17 09:51:23,S,1078.45,1,10
2021-06-17 09:51:23,S,1078.55,1,9
2021-06-17 09:51:23,S,1078.6,2,2
2021-06-17 09:51:23,B,1077.05,1,3
2021-06-17 09:51:23,B,1076.9,1,6
2021-06-17 09:51:23,B,1076.85,2,14
2021-06-17 09:51:23,B,1076.8,1,7
2021-06-17 09:51:23,B,1076.7,1,7
2021-06-17 09:51:29,S,1078.2,1,9
2021-06-17 09:51:29,S,1078.4,2,2
2021-06-17 09:51:29,S,1078.45,1,10
2021-06-17 09:51:29,S,1078.55,1,9
2021-06-17 09:51:29,S,1078.6,2,2
2021-06-17 09:51:29,B,1077.05,1,3
2021-06-17 09:51:29,B,1076.9,1,6
2021-06-17 09:51:29,B,1076.85,2,14
2021-06-17 09:51:29,B,1076.8,1,7
2021-06-17 09:51:29,B,1076.7,1,7
2021-06-17 09:51:31,S,1078.2,1,9
2021-06-17 09:51:31,S,1078.4,2,2
2021-06-17 09:51:31,S,1078.45,1,10
2021-06-17 09:51:31,S,1078.55,1,9
2021-06-17 09:51:31,S,1078.6,2,2
2021-06-17 09:51:31,B,1077.05,1,3
2021-06-17 09:51:31,B,1076.9,1,6
2021-06-17 09:51:31,B,1076.85,2,14
2021-06-17 09:51:31,B,1076.8,1,7
2021-06-17 09:51:31,B,1076.7,1,7
2021-06-17 09:51:32,S,1077.0,1,1
2021-06-17 09:51:32,S,1077.05,1,10
2021-06-17 09:51:32,S,1077.15,1,1
2021-06-17 09:51:32,S,1077.25,1,12
2021-06-17 09:51:32,S,1077.4,2,2
2021-06-17 09:51:32,B,1075.65,1,4
2021-06-17 09:51:32,B,1075.5,2,8
2021-06-17 09:51:32,B,1075.45,2,8
2021-06-17 09:51:32,B,1075.4,3,15
2021-06-17 09:51:32,B,1075.15,1,3
2021-06-17 09:51:35,S,1077.1,2,10
2021-06-17 09:51:35,S,1077.15,2,8
2021-06-17 09:51:35,S,1077.2,1,7
2021-06-17 09:51:35,S,1077.25,2,12
2021-06-17 09:51:35,S,1077.4,2,2
2021-06-17 09:51:35,B,1075.65,1,4
2021-06-17 09:51:35,B,1075.55,2,8
2021-06-17 09:51:35,B,1075.5,2,8
2021-06-17 09:51:35,B,1075.45,3,18
2021-06-17 09:51:35,B,1075.4,3,15
2021-06-17 09:51:36,S,1077.1,2,10
2021-06-17 09:51:36,S,1077.15,2,8
2021-06-17 09:51:36,S,1077.2,1,7
2021-06-17 09:51:36,S,1077.25,2,12
2021-06-17 09:51:36,S,1077.4,2,2
2021-06-17 09:51:36,B,1075.65,1,4
2021-06-17 09:51:36,B,1075.55,2,8
2021-06-17 09:51:36,B,1075.5,2,8
2021-06-17 09:51:36,B,1075.45,3,18
2021-06-17 09:51:36,B,1075.4,3,15
2021-06-17 09:51:37,S,1077.1,2,10
2021-06-17 09:51:37,S,1077.15,2,8
2021-06-17 09:51:37,S,1077.2,1,7
2021-06-17 09:51:37,S,1077.25,2,12
2021-06-17 09:51:37,S,1077.4,2,2
2021-06-17 09:51:37,B,1075.65,1,4
2021-06-17 09:51:37,B,1075.55,2,8
2021-06-17 09:51:37,B,1075.5,2,8
2021-06-17 09:51:37,B,1075.45,3,18
2021-06-17 09:51:37,B,1075.4,3,15
2021-06-17 09:51:38,S,1076.35,1,9
2021-06-17 09:51:38,S,1076.6,1,1
2021-06-17 09:51:38,S,1076.65,2,13
2021-06-17 09:51:38,S,1076.95,1,9
2021-06-17 09:51:38,S,1077.05,1,1
2021-06-17 09:51:38,B,1075.2,2,8
2021-06-17 09:51:38,B,1075.05,3,9
2021-06-17 09:51:38,B,1075.0,4,114
2021-06-17 09:51:38,B,1074.55,1,10
2021-06-17 09:51:38,B,1074.05,2,18
2021-06-17 09:51:45,S,1076.35,1,9
2021-06-17 09:51:45,S,1076.6,1,1
2021-06-17 09:51:45,S,1076.65,1,3
2021-06-17 09:51:45,S,1076.95,1,9
2021-06-17 09:51:45,S,1077.0,1,5
2021-06-17 09:51:45,B,1075.2,2,8
2021-06-17 09:51:45,B,1075.05,2,3
2021-06-17 09:51:45,B,1075.0,4,114
2021-06-17 09:51:45,B,1074.75,1,3
2021-06-17 09:51:45,B,1074.55,1,10
2021-06-17 09:51:51,S,1076.35,1,9
2021-06-17 09:51:51,S,1076.6,1,1
2021-06-17 09:51:51,S,1076.65,1,3
2021-06-17 09:51:51,S,1076.95,1,9
2021-06-17 09:51:51,S,1077.0,1,5
2021-06-17 09:51:51,B,1075.2,2,8
2021-06-17 09:51:51,B,1075.05,2,3
2021-06-17 09:51:51,B,1075.0,4,114
2021-06-17 09:51:51,B,1074.75,1,3
2021-06-17 09:51:51,B,1074.55,1,10
2021-06-17 09:51:51,S,1077.0,1,5
2021-06-17 09:51:51,S,1077.1,1,1
2021-06-17 09:51:51,S,1077.15,1,7
2021-06-17 09:51:51,S,1077.4,1,1
2021-06-17 09:51:51,S,1077.45,1,3
2021-06-17 09:51:51,B,1075.7,1,4
2021-06-17 09:51:51,B,1075.65,2,8
2021-06-17 09:51:51,B,1075.6,2,8
2021-06-17 09:51:51,B,1075.55,3,13
2021-06-17 09:51:51,B,1075.5,2,201
2021-06-17 09:51:54,S,1077.0,1,5
2021-06-17 09:51:54,S,1077.7,1,1
2021-06-17 09:51:54,S,1077.75,1,1
2021-06-17 09:51:54,S,1077.8,3,4
2021-06-17 09:51:54,S,1077.85,1,12
2021-06-17 09:51:54,B,1076.2,1,10
2021-06-17 09:51:54,B,1076.0,2,11
2021-06-17 09:51:54,B,1075.65,2,8
2021-06-17 09:51:54,B,1075.6,2,8
2021-06-17 09:51:54,B,1075.55,3,13
2021-06-17 09:51:55,S,1077.0,1,5
2021-06-17 09:51:55,S,1077.7,1,1
2021-06-17 09:51:55,S,1077.75,1,1
2021-06-17 09:51:55,S,1077.8,3,4
2021-06-17 09:51:55,S,1077.85,1,12
2021-06-17 09:51:55,B,1076.2,1,10
2021-06-17 09:51:55,B,1076.0,2,11
2021-06-17 09:51:55,B,1075.65,2,8
2021-06-17 09:51:55,B,1075.6,2,8
2021-06-17 09:51:55,B,1075.55,3,13
2021-06-17 09:51:58,S,1078.25,1,1
2021-06-17 09:51:58,S,1078.3,2,9
2021-06-17 09:51:58,S,1078.35,2,16
2021-06-17 09:51:58,S,1078.4,1,7
2021-06-17 09:51:58,S,1078.5,1,1
2021-06-17 09:51:58,B,1077.0,1,5
2021-06-17 09:51:58,B,1076.45,2,4
2021-06-17 09:51:58,B,1076.35,2,4
2021-06-17 09:51:58,B,1076.3,2,8
2021-06-17 09:51:58,B,1076.25,2,8
2021-06-17 09:51:58,S,1078.25,1,1
2021-06-17 09:51:58,S,1078.3,2,9
2021-06-17 09:51:58,S,1078.35,2,16
2021-06-17 09:51:58,S,1078.4,1,7
2021-06-17 09:51:58,S,1078.5,1,1
2021-06-17 09:51:58,B,1077.0,1,5
2021-06-17 09:51:58,B,1076.45,2,4
2021-06-17 09:51:58,B,1076.35,2,4
2021-06-17 09:51:58,B,1076.3,2,8
2021-06-17 09:51:58,B,1076.25,2,8
2021-06-17 09:52:01,S,1076.9,1,10
2021-06-17 09:52:01,S,1076.95,2,3
2021-06-17 09:52:01,S,1077.0,1,100
2021-06-17 09:52:01,S,1077.35,1,3
2021-06-17 09:52:01,S,1077.6,3,3
2021-06-17 09:52:01,B,1075.7,1,7
2021-06-17 09:52:01,B,1075.65,1,7
2021-06-17 09:52:01,B,1075.6,1,7
2021-06-17 09:52:01,B,1075.5,2,201
2021-06-17 09:52:01,B,1075.2,1,1
2021-06-17 09:52:07,S,1076.9,1,10
2021-06-17 09:52:07,S,1076.95,2,3
2021-06-17 09:52:07,S,1077.0,1,100
2021-06-17 09:52:07,S,1077.25,1,9
2021-06-17 09:52:07,S,1077.35,1,3
2021-06-17 09:52:07,B,1075.7,3,18
2021-06-17 09:52:07,B,1075.65,1,7
2021-06-17 09:52:07,B,1075.6,2,8
2021-06-17 09:52:07,B,1075.5,2,201
2021-06-17 09:52:07,B,1075.2,1,1
2021-06-17 09:52:10,S,1076.9,1,10
2021-06-17 09:52:10,S,1076.95,2,3
2021-06-17 09:52:10,S,1077.0,1,100
2021-06-17 09:52:10,S,1077.25,1,9
2021-06-17 09:52:10,S,1077.35,1,3
2021-06-17 09:52:10,B,1075.7,3,18
2021-06-17 09:52:10,B,1075.65,1,7
2021-06-17 09:52:10,B,1075.6,1,7
2021-06-17 09:52:10,B,1075.5,2,201
2021-06-17 09:52:10,B,1075.2,1,1
2021-06-17 09:52:13,S,1076.9,1,10
2021-06-17 09:52:13,S,1076.95,2,3
2021-06-17 09:52:13,S,1077.0,1,100
2021-06-17 09:52:13,S,1077.25,1,9
2021-06-17 09:52:13,S,1077.35,1,3
2021-06-17 09:52:13,B,1075.7,3,18
2021-06-17 09:52:13,B,1075.65,1,7
2021-06-17 09:52:13,B,1075.6,1,7
2021-06-17 09:52:13,B,1075.5,2,201
2021-06-17 09:52:13,B,1075.2,1,1
2021-06-17 09:52:16,S,1076.95,2,3
2021-06-17 09:52:16,S,1077.0,1,100
2021-06-17 09:52:16,S,1077.3,1,9
2021-06-17 09:52:16,S,1077.35,1,3
2021-06-17 09:52:16,S,1077.55,1,9
2021-06-17 09:52:16,B,1076.0,1,20
2021-06-17 09:52:16,B,1075.7,3,18
2021-06-17 09:52:16,B,1075.65,2,8
2021-06-17 09:52:16,B,1075.6,1,7
2021-06-17 09:52:16,B,1075.5,3,204
2021-06-17 09:52:25,S,1076.95,1,2
2021-06-17 09:52:25,S,1077.0,1,100
2021-06-17 09:52:25,S,1077.3,1,1
2021-06-17 09:52:25,S,1077.35,1,3
2021-06-17 09:52:25,S,1077.5,1,9
2021-06-17 09:52:25,B,1076.0,1,20
2021-06-17 09:52:25,B,1075.7,4,19
2021-06-17 09:52:25,B,1075.65,2,8
2021-06-17 09:52:25,B,1075.6,1,7
2021-06-17 09:52:25,B,1075.5,3,204
2021-06-17 09:52:30,S,1076.95,1,2
2021-06-17 09:52:30,S,1077.0,1,100
2021-06-17 09:52:30,S,1077.3,1,1
2021-06-17 09:52:30,S,1077.35,1,3
2021-06-17 09:52:30,S,1077.5,1,9
2021-06-17 09:52:30,B,1076.0,1,20
2021-06-17 09:52:30,B,1075.7,4,19
2021-06-17 09:52:30,B,1075.65,2,8
2021-06-17 09:52:30,B,1075.6,1,7
2021-06-17 09:52:30,B,1075.5,3,204
2021-06-17 09:52:31,S,1077.65,1,1
2021-06-17 09:52:31,S,1077.7,2,11
2021-06-17 09:52:31,S,1077.9,1,1
2021-06-17 09:52:31,S,1077.95,1,15
2021-06-17 09:52:31,S,1078.0,1,5
2021-06-17 09:52:31,B,1076.05,2,7
2021-06-17 09:52:31,B,1076.0,2,21
2021-06-17 09:52:31,B,1075.8,2,18
2021-06-17 09:52:31,B,1075.7,4,19
2021-06-17 09:52:31,B,1075.65,2,8
2021-06-17 09:52:37,S,1077.7,1,4
2021-06-17 09:52:37,S,1077.9,1,1
2021-06-17 09:52:37,S,1077.95,1,15
2021-06-17 09:52:37,S,1078.0,1,5
2021-06-17 09:52:37,S,1078.05,1,3
2021-06-17 09:52:37,B,1076.5,1,20
2021-06-17 09:52:37,B,1076.1,2,4
2021-06-17 09:52:37,B,1075.85,3,13
2021-06-17 09:52:37,B,1075.8,2,18
2021-06-17 09:52:37,B,1075.7,4,19
2021-06-17 09:52:40,S,1077.7,1,4
2021-06-17 09:52:40,S,1077.9,1,1
2021-06-17 09:52:40,S,1077.95,1,15
2021-06-17 09:52:40,S,1078.0,1,5
2021-06-17 09:52:40,S,1078.05,1,3
2021-06-17 09:52:40,B,1076.5,1,20
2021-06-17 09:52:40,B,1076.1,2,4
2021-06-17 09:52:40,B,1075.85,3,13
2021-06-17 09:52:40,B,1075.8,2,18
2021-06-17 09:52:40,B,1075.7,4,19
2021-06-17 09:52:45,S,1077.7,1,4
2021-06-17 09:52:45,S,1077.9,1,1
2021-06-17 09:52:45,S,1077.95,1,15
2021-06-17 09:52:45,S,1078.0,1,5
2021-06-17 09:52:45,S,1078.05,1,3
2021-06-17 09:52:45,B,1076.5,1,20
2021-06-17 09:52:45,B,1076.1,2,4
2021-06-17 09:52:45,B,1075.85,3,13
2021-06-17 09:52:45,B,1075.8,2,18
2021-06-17 09:52:45,B,1075.7,4,19
2021-06-17 09:52:46,S,1078.0,1,5
2021-06-17 09:52:46,S,1078.2,1,1
2021-06-17 09:52:46,S,1078.25,1,2
2021-06-17 09:52:46,S,1078.3,1,2
2021-06-17 09:52:46,S,1078.5,2,8
2021-06-17 09:52:46,B,1077.0,1,3
2021-06-17 09:52:46,B,1076.6,1,4
2021-06-17 09:52:46,B,1076.55,3,22
2021-06-17 09:52:46,B,1076.5,2,21
2021-06-17 09:52:46,B,1076.1,2,4
2021-06-17 09:52:52,S,1078.0,1,5
2021-06-17 09:52:52,S,1078.2,1,1
2021-06-17 09:52:52,S,1078.25,2,5
2021-06-17 09:52:52,S,1078.3,1,2
2021-06-17 09:52:52,S,1078.5,1,7
2021-06-17 09:52:52,B,1077.0,1,3
2021-06-17 09:52:52,B,1076.65,2,16
2021-06-17 09:52:52,B,1076.6,2,5
2021-06-17 09:52:52,B,1076.55,1,3
2021-06-17 09:52:52,B,1076.5,2,21
2021-06-17 09:52:53,S,1078.0,1,5
2021-06-17 09:52:53,S,1078.2,1,1
2021-06-17 09:52:53,S,1078.25,2,5
2021-06-17 09:52:53,S,1078.3,1,2
2021-06-17 09:52:53,S,1078.5,1,7
2021-06-17 09:52:53,B,1077.0,1,3
2021-06-17 09:52:53,B,1076.65,2,16
2021-06-17 09:52:53,B,1076.6,2,5
2021-06-17 09:52:53,B,1076.55,1,3
2021-06-17 09:52:53,B,1076.5,2,21
2021-06-17 09:52:55,S,1078.4,1,1
2021-06-17 09:52:55,S,1078.45,3,17
2021-06-17 09:52:55,S,1078.5,2,8
2021-06-17 09:52:55,S,1078.55,2,8
2021-06-17 09:52:55,S,1078.6,1,3
2021-06-17 09:52:55,B,1077.0,1,3
2021-06-17 09:52:55,B,1076.6,1,4
2021-06-17 09:52:55,B,1076.55,1,3
2021-06-17 09:52:55,B,1076.1,2,4
2021-06-17 09:52:55,B,1075.9,1,4
2021-06-17 09:52:57,S,1078.15,2,10
2021-06-17 09:52:57,S,1078.45,2,8
2021-06-17 09:52:57,S,1078.5,2,8
2021-06-17 09:52:57,S,1078.55,2,8
2021-06-17 09:52:57,S,1078.6,1,3
2021-06-17 09:52:57,B,1077.0,1,3
2021-06-17 09:52:57,B,1076.0,1,8
2021-06-17 09:52:57,B,1075.95,2,4
2021-06-17 09:52:57,B,1075.9,2,5
2021-06-17 09:52:57,B,1075.85,1,7
2021-06-17 09:52:59,S,1078.15,2,10
2021-06-17 09:52:59,S,1078.45,2,8
2021-06-17 09:52:59,S,1078.5,2,8
2021-06-17 09:52:59,S,1078.55,2,8
2021-06-17 09:52:59,S,1078.6,1,3
2021-06-17 09:52:59,B,1077.0,1,3
2021-06-17 09:52:59,B,1076.0,1,8
2021-06-17 09:52:59,B,1075.95,2,4
2021-06-17 09:52:59,B,1075.9,2,5
2021-06-17 09:52:59,B,1075.85,1,7
2021-06-17 09:53:00,S,1077.0,1,22
2021-06-17 09:53:00,S,1077.5,1,1
2021-06-17 09:53:00,S,1077.55,1,9
2021-06-17 09:53:00,S,1077.65,1,3
2021-06-17 09:53:00,S,1078.05,1,3
2021-06-17 09:53:00,B,1076.0,2,9
2021-06-17 09:53:00,B,1075.9,2,5
2021-06-17 09:53:00,B,1075.85,2,8
2021-06-17 09:53:00,B,1075.8,2,14
2021-06-17 09:53:00,B,1075.75,1,6
2021-06-17 09:53:03,S,1077.0,1,22
2021-06-17 09:53:03,S,1077.5,1,1
2021-06-17 09:53:03,S,1077.55,1,9
2021-06-17 09:53:03,S,1077.65,1,3
2021-06-17 09:53:03,S,1078.05,1,3
2021-06-17 09:53:03,B,1076.0,2,9
2021-06-17 09:53:03,B,1075.9,2,5
2021-06-17 09:53:03,B,1075.85,2,8
2021-06-17 09:53:03,B,1075.8,2,14
2021-06-17 09:53:03,B,1075.75,1,6
2021-06-17 09:53:04,S,1077.0,1,22
2021-06-17 09:53:04,S,1077.5,1,1
2021-06-17 09:53:04,S,1077.55,1,9
2021-06-17 09:53:04,S,1077.65,1,3
2021-06-17 09:53:04,S,1078.05,1,3
2021-06-17 09:53:04,B,1076.0,2,9
2021-06-17 09:53:04,B,1075.9,2,5
2021-06-17 09:53:04,B,1075.85,2,8
2021-06-17 09:53:04,B,1075.8,2,14
2021-06-17 09:53:04,B,1075.75,1,6
2021-06-17 09:53:06,S,1076.45,1,10
2021-06-17 09:53:06,S,1076.65,1,12
2021-06-17 09:53:06,S,1076.85,1,1
2021-06-17 09:53:06,S,1076.9,2,7
2021-06-17 09:53:06,S,1076.95,2,18
2021-06-17 09:53:06,B,1075.5,1,174
2021-06-17 09:53:06,B,1075.2,2,2
2021-06-17 09:53:06,B,1075.0,4,114
2021-06-17 09:53:06,B,1074.6,1,3
2021-06-17 09:53:06,B,1074.45,1,10
2021-06-17 09:53:11,S,1076.45,1,10
2021-06-17 09:53:11,S,1076.65,1,12
2021-06-17 09:53:11,S,1076.85,1,1
2021-06-17 09:53:11,S,1076.9,2,7
2021-06-17 09:53:11,S,1076.95,2,18
2021-06-17 09:53:11,B,1075.5,1,174
2021-06-17 09:53:11,B,1075.2,2,2
2021-06-17 09:53:11,B,1075.0,4,114
2021-06-17 09:53:11,B,1074.6,1,3
2021-06-17 09:53:11,B,1074.45,1,10
2021-06-17 09:53:14,S,1076.6,1,10
2021-06-17 09:53:14,S,1076.8,2,2
2021-06-17 09:53:14,S,1076.85,2,8
2021-06-17 09:53:14,S,1076.9,2,2
2021-06-17 09:53:14,S,1076.95,2,18
2021-06-17 09:53:14,B,1075.5,1,169
2021-06-17 09:53:14,B,1075.2,1,1
2021-06-17 09:53:14,B,1075.0,4,114
2021-06-17 09:53:14,B,1074.45,1,10
2021-06-17 09:53:14,B,1074.35,1,9
2021-06-17 09:53:17,S,1076.6,2,12
2021-06-17 09:53:17,S,1076.8,2,2
2021-06-17 09:53:17,S,1076.85,2,8
2021-06-17 09:53:17,S,1076.9,3,8
2021-06-17 09:53:17,S,1076.95,2,18
2021-06-17 09:53:17,B,1075.5,1,169
2021-06-17 09:53:17,B,1075.2,1,1
2021-06-17 09:53:17,B,1075.0,4,114
2021-06-17 09:53:17,B,1074.5,1,3
2021-06-17 09:53:17,B,1074.45,1,10
2021-06-17 09:53:20,S,1076.6,1,10
2021-06-17 09:53:20,S,1076.8,2,2
2021-06-17 09:53:20,S,1076.85,2,8
2021-06-17 09:53:20,S,1076.9,3,8
2021-06-17 09:53:20,S,1076.95,2,18
2021-06-17 09:53:20,B,1075.5,1,169
2021-06-17 09:53:20,B,1075.2,1,1
2021-06-17 09:53:20,B,1075.0,4,114
2021-06-17 09:53:20,B,1074.5,1,3
2021-06-17 09:53:20,B,1074.45,1,10
2021-06-17 09:53:25,S,1076.6,1,10
2021-06-17 09:53:25,S,1076.8,2,2
2021-06-17 09:53:25,S,1076.85,2,8
2021-06-17 09:53:25,S,1076.9,3,8
2021-06-17 09:53:25,S,1076.95,2,18
2021-06-17 09:53:25,B,1075.5,1,169
2021-06-17 09:53:25,B,1075.2,1,1
2021-06-17 09:53:25,B,1075.0,4,114
2021-06-17 09:53:25,B,1074.5,1,3
2021-06-17 09:53:25,B,1074.45,1,10
2021-06-17 09:53:29,S,1076.9,2,2
2021-06-17 09:53:29,S,1076.95,1,6
2021-06-17 09:53:29,S,1077.0,1,22
2021-06-17 09:53:29,S,1077.1,1,3
2021-06-17 09:53:29,S,1077.15,1,10
2021-06-17 09:53:29,B,1075.5,1,169
2021-06-17 09:53:29,B,1075.45,1,9
2021-06-17 09:53:29,B,1075.2,2,2
2021-06-17 09:53:29,B,1075.0,4,114
2021-06-17 09:53:29,B,1074.95,1,3
2021-06-17 09:53:32,S,1076.9,2,2
2021-06-17 09:53:32,S,1076.95,1,6
2021-06-17 09:53:32,S,1077.0,1,22
2021-06-17 09:53:32,S,1077.1,1,3
2021-06-17 09:53:32,S,1077.15,1,10
2021-06-17 09:53:32,B,1075.55,1,10
2021-06-17 09:53:32,B,1075.5,1,169
2021-06-17 09:53:32,B,1075.2,2,2
2021-06-17 09:53:32,B,1075.0,4,114
2021-06-17 09:53:32,B,1074.95,1,3
2021-06-17 09:53:42,S,1076.9,2,2
2021-06-17 09:53:42,S,1076.95,1,6
2021-06-17 09:53:42,S,1077.0,1,22
2021-06-17 09:53:42,S,1077.1,1,3
2021-06-17 09:53:42,S,1077.15,1,10
2021-06-17 09:53:42,B,1075.55,1,10
2021-06-17 09:53:42,B,1075.5,1,169
2021-06-17 09:53:42,B,1075.2,2,2
2021-06-17 09:53:42,B,1075.0,4,114
2021-06-17 09:53:42,B,1074.95,1,3
2021-06-17 09:53:47,S,1076.9,2,2
2021-06-17 09:53:47,S,1076.95,1,6
2021-06-17 09:53:47,S,1077.0,1,22
2021-06-17 09:53:47,S,1077.1,1,3
2021-06-17 09:53:47,S,1077.15,1,10
2021-06-17 09:53:47,B,1075.55,1,10
2021-06-17 09:53:47,B,1075.5,1,169
2021-06-17 09:53:47,B,1075.2,2,2
2021-06-17 09:53:47,B,1075.0,4,114
2021-06-17 09:53:47,B,1074.95,1,3
2021-06-17 09:53:50,S,1076.9,2,2
2021-06-17 09:53:50,S,1076.95,1,6
2021-06-17 09:53:50,S,1077.0,1,22
2021-06-17 09:53:50,S,1077.1,1,3
2021-06-17 09:53:50,S,1077.35,1,9
2021-06-17 09:53:50,B,1075.55,1,10
2021-06-17 09:53:50,B,1075.5,1,169
2021-06-17 09:53:50,B,1075.2,2,2
2021-06-17 09:53:50,B,1075.0,4,114
2021-06-17 09:53:50,B,1074.95,1,3
2021-06-17 09:53:54,S,1076.9,2,2
2021-06-17 09:53:54,S,1076.95,1,6
2021-06-17 09:53:54,S,1077.0,1,22
2021-06-17 09:53:54,S,1077.1,1,3
2021-06-17 09:53:54,S,1077.35,1,9
2021-06-17 09:53:54,B,1075.55,2,11
2021-06-17 09:53:54,B,1075.5,1,169
2021-06-17 09:53:54,B,1075.2,2,2
2021-06-17 09:53:54,B,1075.0,4,114
2021-06-17 09:53:54,B,1074.95,1,3
2021-06-17 09:54:00,S,1076.9,2,2
2021-06-17 09:54:00,S,1076.95,1,6
2021-06-17 09:54:00,S,1077.0,1,22
2021-06-17 09:54:00,S,1077.1,1,3
2021-06-17 09:54:00,S,1077.35,1,9
2021-06-17 09:54:00,B,1075.55,2,11
2021-06-17 09:54:00,B,1075.5,2,170
2021-06-17 09:54:00,B,1075.2,2,2
2021-06-17 09:54:00,B,1075.0,4,114
2021-06-17 09:54:00,B,1074.95,1,3
2021-06-17 09:54:06,S,1076.9,2,2
2021-06-17 09:54:06,S,1076.95,1,6
2021-06-17 09:54:06,S,1077.0,1,22
2021-06-17 09:54:06,S,1077.1,1,3
2021-06-17 09:54:06,S,1077.35,1,9
2021-06-17 09:54:06,B,1075.55,2,11
2021-06-17 09:54:06,B,1075.5,2,170
2021-06-17 09:54:06,B,1075.2,2,2
2021-06-17 09:54:06,B,1075.0,4,114
2021-06-17 09:54:06,B,1074.95,1,3
2021-06-17 09:54:07,S,1076.9,2,2
2021-06-17 09:54:07,S,1076.95,1,6
2021-06-17 09:54:07,S,1077.0,1,22
2021-06-17 09:54:07,S,1077.1,1,3
2021-06-17 09:54:07,S,1077.35,1,9
2021-06-17 09:54:07,B,1075.55,2,11
2021-06-17 09:54:07,B,1075.5,2,170
2021-06-17 09:54:07,B,1075.2,2,2
2021-06-17 09:54:07,B,1075.0,4,114
2021-06-17 09:54:07,B,1074.95,1,3
2021-06-17 09:54:09,S,1076.85,1,1
2021-06-17 09:54:09,S,1076.9,1,1
2021-06-17 09:54:09,S,1076.95,2,7
2021-06-17 09:54:09,S,1077.0,1,22
2021-06-17 09:54:09,S,1077.05,1,1
2021-06-17 09:54:09,B,1075.5,1,160
2021-06-17 09:54:09,B,1075.2,2,2
2021-06-17 09:54:09,B,1075.0,4,114
2021-06-17 09:54:09,B,1074.65,1,9
2021-06-17 09:54:09,B,1074.5,1,3
2021-06-17 09:54:12,S,1076.9,2,2
2021-06-17 09:54:12,S,1076.95,2,7
2021-06-17 09:54:12,S,1077.0,1,22
2021-06-17 09:54:12,S,1077.05,2,10
2021-06-17 09:54:12,S,1077.1,1,3
2021-06-17 09:54:12,B,1075.5,1,160
2021-06-17 09:54:12,B,1075.25,2,10
2021-06-17 09:54:12,B,1075.2,3,5
2021-06-17 09:54:12,B,1075.0,4,114
2021-06-17 09:54:12,B,1074.5,1,3
2021-06-17 09:54:19,S,1076.85,2,11
2021-06-17 09:54:19,S,1076.9,1,1
2021-06-17 09:54:19,S,1076.95,2,7
2021-06-17 09:54:19,S,1077.0,1,22
2021-06-17 09:54:19,S,1077.05,1,1
2021-06-17 09:54:19,B,1075.5,1,160
2021-06-17 09:54:19,B,1075.25,2,10
2021-06-17 09:54:19,B,1075.2,3,5
2021-06-17 09:54:19,B,1075.0,4,114
2021-06-17 09:54:19,B,1074.5,1,3
2021-06-17 09:54:20,S,1076.85,2,11
2021-06-17 09:54:20,S,1076.9,1,1
2021-06-17 09:54:20,S,1076.95,2,7
2021-06-17 09:54:20,S,1077.0,1,22
2021-06-17 09:54:20,S,1077.05,1,1
2021-06-17 09:54:20,B,1075.5,1,160
2021-06-17 09:54:20,B,1075.25,2,10
2021-06-17 09:54:20,B,1075.2,3,5
2021-06-17 09:54:20,B,1075.0,4,114
2021-06-17 09:54:20,B,1074.5,1,3
2021-06-17 09:54:22,S,1077.0,1,11
2021-06-17 09:54:22,S,1077.55,1,1
2021-06-17 09:54:22,S,1077.6,2,2
2021-06-17 09:54:22,S,1077.65,1,3
2021-06-17 09:54:22,S,1077.75,1,9
2021-06-17 09:54:22,B,1076.05,1,9
2021-06-17 09:54:22,B,1075.85,3,11
2021-06-17 09:54:22,B,1075.55,2,7
2021-06-17 09:54:22,B,1075.5,2,161
2021-06-17 09:54:22,B,1075.3,1,3
2021-06-17 09:54:24,S,1077.0,1,11
2021-06-17 09:54:24,S,1077.55,1,1
2021-06-17 09:54:24,S,1077.6,2,2
2021-06-17 09:54:24,S,1077.65,1,3
2021-06-17 09:54:24,S,1077.75,1,9
2021-06-17 09:54:24,B,1076.05,1,9
2021-06-17 09:54:24,B,1075.85,3,11
2021-06-17 09:54:24,B,1075.55,2,7
2021-06-17 09:54:24,B,1075.5,2,161
2021-06-17 09:54:24,B,1075.3,1,3
2021-06-17 09:54:25,S,1077.0,1,9
2021-06-17 09:54:25,S,1077.2,1,3
2021-06-17 09:54:25,S,1077.55,3,12
2021-06-17 09:54:25,S,1077.6,3,3
2021-06-17 09:54:25,S,1077.65,1,3
2021-06-17 09:54:25,B,1076.05,1,9
2021-06-17 09:54:25,B,1075.85,2,10
2021-06-17 09:54:25,B,1075.55,2,7
2021-06-17 09:54:25,B,1075.5,2,161
2021-06-17 09:54:25,B,1075.3,1,3
2021-06-17 09:54:28,S,1077.0,1,9
2021-06-17 09:54:28,S,1077.2,1,3
2021-06-17 09:54:28,S,1077.55,2,2
2021-06-17 09:54:28,S,1077.6,3,3
2021-06-17 09:54:28,S,1077.65,1,3
2021-06-17 09:54:28,B,1076.05,1,9
2021-06-17 09:54:28,B,1075.85,2,10
2021-06-17 09:54:28,B,1075.55,2,7
2021-06-17 09:54:28,B,1075.5,2,161
2021-06-17 09:54:28,B,1075.3,1,3
2021-06-17 09:54:31,S,1077.0,1,9
2021-06-17 09:54:31,S,1077.2,1,3
2021-06-17 09:54:31,S,1077.55,3,8
2021-06-17 09:54:31,S,1077.6,4,13
2021-06-17 09:54:31,S,1077.65,1,3
2021-06-17 09:54:31,B,1076.05,1,9
2021-06-17 09:54:31,B,1075.85,2,10
2021-06-17 09:54:31,B,1075.55,2,7
2021-06-17 09:54:31,B,1075.5,2,161
2021-06-17 09:54:31,B,1075.3,1,3
2021-06-17 09:54:39,S,1077.0,1,9
2021-06-17 09:54:39,S,1077.2,1,3
2021-06-17 09:54:39,S,1077.55,3,8
2021-06-17 09:54:39,S,1077.6,4,13
2021-06-17 09:54:39,S,1077.65,1,3
2021-06-17 09:54:39,B,1076.05,1,9
2021-06-17 09:54:39,B,1075.85,2,10
2021-06-17 09:54:39,B,1075.55,2,7
2021-06-17 09:54:39,B,1075.5,2,161
2021-06-17 09:54:39,B,1075.3,1,3
2021-06-17 09:54:40,S,1076.25,1,9
2021-06-17 09:54:40,S,1076.35,1,12
2021-06-17 09:54:40,S,1076.5,2,2
2021-06-17 09:54:40,S,1076.6,2,12
2021-06-17 09:54:40,S,1076.65,2,13
2021-06-17 09:54:40,B,1075.05,1,7
2021-06-17 09:54:40,B,1075.0,2,76
2021-06-17 09:54:40,B,1074.0,3,102
2021-06-17 09:54:40,B,1073.65,1,1
2021-06-17 09:54:40,B,1073.6,1,10
2021-06-17 09:54:43,S,1076.25,2,12
2021-06-17 09:54:43,S,1076.35,1,12
2021-06-17 09:54:43,S,1076.5,2,2
2021-06-17 09:54:43,S,1076.6,2,12
2021-06-17 09:54:43,S,1076.65,3,16
2021-06-17 09:54:43,B,1075.05,1,7
2021-06-17 09:54:43,B,1075.0,2,76
2021-06-17 09:54:43,B,1074.0,3,102
2021-06-17 09:54:43,B,1073.65,1,1
2021-06-17 09:54:43,B,1073.6,1,10
2021-06-17 09:54:46,S,1076.1,1,1
2021-06-17 09:54:46,S,1076.15,1,10
2021-06-17 09:54:46,S,1076.25,1,3
2021-06-17 09:54:46,S,1076.35,1,12
2021-06-17 09:54:46,S,1076.6,2,12
2021-06-17 09:54:46,B,1075.05,1,7
2021-06-17 09:54:46,B,1075.0,2,76
2021-06-17 09:54:46,B,1074.5,2,4
2021-06-17 09:54:46,B,1074.35,2,10
2021-06-17 09:54:46,B,1074.1,1,3
2021-06-17 09:54:49,S,1076.1,1,1
2021-06-17 09:54:49,S,1076.15,1,10
2021-06-17 09:54:49,S,1076.25,1,3
2021-06-17 09:54:49,S,1076.35,1,12
2021-06-17 09:54:49,S,1076.6,2,12
2021-06-17 09:54:49,B,1075.05,1,7
2021-06-17 09:54:49,B,1075.0,2,76
2021-06-17 09:54:49,B,1074.5,2,4
2021-06-17 09:54:49,B,1074.35,2,10
2021-06-17 09:54:49,B,1074.1,1,3
2021-06-17 09:54:52,S,1076.2,1,1
2021-06-17 09:54:52,S,1076.25,1,3
2021-06-17 09:54:52,S,1076.4,1,7
2021-06-17 09:54:52,S,1076.45,1,7
2021-06-17 09:54:52,S,1076.5,1,7
2021-06-17 09:54:52,B,1075.05,1,7
2021-06-17 09:54:52,B,1075.0,2,76
2021-06-17 09:54:52,B,1074.1,2,4
2021-06-17 09:54:52,B,1074.0,3,102
2021-06-17 09:54:52,B,1073.65,1,4
2021-06-17 09:54:55,S,1076.1,1,1
2021-06-17 09:54:55,S,1076.15,1,9
2021-06-17 09:54:55,S,1076.25,1,3
2021-06-17 09:54:55,S,1076.35,2,10
2021-06-17 09:54:55,S,1076.4,1,7
2021-06-17 09:54:55,B,1075.05,1,7
2021-06-17 09:54:55,B,1075.0,2,76
2021-06-17 09:54:55,B,1074.5,2,11
2021-06-17 09:54:55,B,1074.0,3,102
2021-06-17 09:54:55,B,1073.95,1,3
2021-06-17 09:54:58,S,1076.1,1,1
2021-06-17 09:54:58,S,1076.15,1,9
2021-06-17 09:54:58,S,1076.25,1,3
2021-06-17 09:54:58,S,1076.35,2,10
2021-06-17 09:54:58,S,1076.4,1,7
2021-06-17 09:54:58,B,1075.05,1,7
2021-06-17 09:54:58,B,1075.0,2,76
2021-06-17 09:54:58,B,1074.5,2,11
2021-06-17 09:54:58,B,1074.0,3,102
2021-06-17 09:54:58,B,1073.95,1,3
2021-06-17 09:55:01,S,1076.2,1,1
2021-06-17 09:55:01,S,1076.25,1,3
2021-06-17 09:55:01,S,1076.3,2,12
2021-06-17 09:55:01,S,1076.35,3,19
2021-06-17 09:55:01,S,1076.4,1,7
2021-06-17 09:55:01,B,1075.05,1,7
2021-06-17 09:55:01,B,1075.0,2,76
2021-06-17 09:55:01,B,1074.5,2,11
2021-06-17 09:55:01,B,1074.0,3,102
2021-06-17 09:55:01,B,1073.95,1,3
2021-06-17 09:55:04,S,1076.2,1,1
2021-06-17 09:55:04,S,1076.25,1,3
2021-06-17 09:55:04,S,1076.3,2,12
2021-06-17 09:55:04,S,1076.35,3,19
2021-06-17 09:55:04,S,1076.4,1,7
2021-06-17 09:55:04,B,1075.05,1,7
2021-06-17 09:55:04,B,1075.0,2,76
2021-06-17 09:55:04,B,1074.6,2,11
2021-06-17 09:55:04,B,1074.0,3,102
2021-06-17 09:55:04,B,1073.95,1,3
2021-06-17 09:55:07,S,1076.2,2,10
2021-06-17 09:55:07,S,1076.25,1,3
2021-06-17 09:55:07,S,1076.35,2,10
2021-06-17 09:55:07,S,1076.4,1,7
2021-06-17 09:55:07,S,1076.45,1,7
2021-06-17 09:55:07,B,1075.05,1,7
2021-06-17 09:55:07,B,1075.0,2,76
2021-06-17 09:55:07,B,1074.6,2,11
2021-06-17 09:55:07,B,1074.0,3,102
2021-06-17 09:55:07,B,1073.95,1,3
2021-06-17 09:55:10,S,1076.2,2,10
2021-06-17 09:55:10,S,1076.25,1,3
2021-06-17 09:55:10,S,1076.35,2,10
2021-06-17 09:55:10,S,1076.4,1,7
2021-06-17 09:55:10,S,1076.45,1,7
2021-06-17 09:55:10,B,1075.05,1,7
2021-06-17 09:55:10,B,1075.0,2,76
2021-06-17 09:55:10,B,1074.6,2,11
2021-06-17 09:55:10,B,1074.0,3,102
2021-06-17 09:55:10,B,1073.95,1,3
2021-06-17 09:55:12,S,1076.95,1,1
2021-06-17 09:55:12,S,1077.0,1,9
2021-06-17 09:55:12,S,1077.2,1,3
2021-06-17 09:55:12,S,1077.5,2,2
2021-06-17 09:55:12,S,1077.6,1,7
2021-06-17 09:55:12,B,1075.75,1,1
2021-06-17 09:55:12,B,1075.7,1,9
2021-06-17 09:55:12,B,1075.4,2,8
2021-06-17 09:55:12,B,1075.2,1,3
2021-06-17 09:55:12,B,1075.05,2,8
2021-06-17 09:55:15,S,1076.95,1,1
2021-06-17 09:55:15,S,1077.0,1,9
2021-06-17 09:55:15,S,1077.2,1,3
2021-06-17 09:55:15,S,1077.5,2,2
2021-06-17 09:55:15,S,1077.6,1,7
2021-06-17 09:55:15,B,1075.75,1,1
2021-06-17 09:55:15,B,1075.7,1,9
2021-06-17 09:55:15,B,1075.4,2,8
2021-06-17 09:55:15,B,1075.2,1,3
2021-06-17 09:55:15,B,1075.05,2,8
2021-06-17 09:55:25,S,1076.95,1,1
2021-06-17 09:55:25,S,1077.0,1,9
2021-06-17 09:55:25,S,1077.2,1,3
2021-06-17 09:55:25,S,1077.5,2,2
2021-06-17 09:55:25,S,1077.6,1,7
2021-06-17 09:55:25,B,1075.75,1,1
2021-06-17 09:55:25,B,1075.7,1,9
2021-06-17 09:55:25,B,1075.4,2,8
2021-06-17 09:55:25,B,1075.2,1,3
2021-06-17 09:55:25,B,1075.05,2,8
2021-06-17 09:55:26,S,1077.05,2,2
2021-06-17 09:55:26,S,1077.2,2,10
2021-06-17 09:55:26,S,1077.25,2,16
2021-06-17 09:55:26,S,1077.3,1,7
2021-06-17 09:55:26,S,1077.35,3,11
2021-06-17 09:55:26,B,1075.4,1,1
2021-06-17 09:55:26,B,1075.35,1,9
2021-06-17 09:55:26,B,1075.25,3,11
2021-06-17 09:55:26,B,1075.2,2,4
2021-06-17 09:55:26,B,1075.15,2,13
2021-06-17 09:55:29,S,1077.0,1,10
2021-06-17 09:55:29,S,1077.05,2,2
2021-06-17 09:55:29,S,1077.2,2,10
2021-06-17 09:55:29,S,1077.25,1,7
2021-06-17 09:55:29,S,1077.3,1,7
2021-06-17 09:55:29,B,1075.4,1,1
2021-06-17 09:55:29,B,1075.35,1,9
2021-06-17 09:55:29,B,1075.25,2,10
2021-06-17 09:55:29,B,1075.15,2,13
2021-06-17 09:55:29,B,1075.1,1,7
2021-06-17 09:55:42,S,1076.95,2,2
2021-06-17 09:55:42,S,1077.0,1,10
2021-06-17 09:55:42,S,1077.2,2,10
2021-06-17 09:55:42,S,1077.25,1,7
2021-06-17 09:55:42,S,1077.3,1,7
2021-06-17 09:55:42,B,1075.5,1,1
2021-06-17 09:55:42,B,1075.45,1,9
2021-06-17 09:55:42,B,1075.25,3,11
2021-06-17 09:55:42,B,1075.15,3,14
2021-06-17 09:55:42,B,1075.1,1,7
2021-06-17 09:55:45,S,1076.95,2,2
2021-06-17 09:55:45,S,1077.0,1,10
2021-06-17 09:55:45,S,1077.2,2,10
2021-06-17 09:55:45,S,1077.25,1,7
2021-06-17 09:55:45,S,1077.3,1,7
2021-06-17 09:55:45,B,1075.5,1,1
2021-06-17 09:55:45,B,1075.45,1,9
2021-06-17 09:55:45,B,1075.25,2,10
2021-06-17 09:55:45,B,1075.15,3,14
2021-06-17 09:55:45,B,1075.1,1,7
2021-06-17 09:55:48,S,1076.9,1,10
2021-06-17 09:55:48,S,1076.95,2,2
2021-06-17 09:55:48,S,1077.2,2,10
2021-06-17 09:55:48,S,1077.25,1,7
2021-06-17 09:55:48,S,1077.3,1,7
2021-06-17 09:55:48,B,1075.5,1,1
2021-06-17 09:55:48,B,1075.45,1,9
2021-06-17 09:55:48,B,1075.25,2,10
2021-06-17 09:55:48,B,1075.15,3,14
2021-06-17 09:55:48,B,1075.1,1,7
2021-06-17 09:55:57,S,1076.9,1,10
2021-06-17 09:55:57,S,1076.95,2,2
2021-06-17 09:55:57,S,1077.2,2,10
2021-06-17 09:55:57,S,1077.25,1,7
2021-06-17 09:55:57,S,1077.3,1,7
2021-06-17 09:55:57,B,1075.5,1,1
2021-06-17 09:55:57,B,1075.45,1,9
2021-06-17 09:55:57,B,1075.25,2,10
2021-06-17 09:55:57,B,1075.15,3,14
2021-06-17 09:55:57,B,1075.1,1,7
2021-06-17 09:55:59,S,1074.3,1,9
2021-06-17 09:55:59,S,1074.5,1,1
2021-06-17 09:55:59,S,1074.55,1,9
2021-06-17 09:55:59,S,1074.6,1,3
2021-06-17 09:55:59,S,1074.85,1,11
2021-06-17 09:55:59,B,1073.05,1,1
2021-06-17 09:55:59,B,1073.0,1,72
2021-06-17 09:55:59,B,1072.45,1,10
2021-06-17 09:55:59,B,1072.1,2,4
2021-06-17 09:55:59,B,1072.0,1,100
2021-06-17 09:56:01,S,1074.3,1,9
2021-06-17 09:56:01,S,1074.5,1,1
2021-06-17 09:56:01,S,1074.55,1,9
2021-06-17 09:56:01,S,1074.6,1,3
2021-06-17 09:56:01,S,1074.85,1,11
2021-06-17 09:56:01,B,1073.05,1,1
2021-06-17 09:56:01,B,1073.0,1,72
2021-06-17 09:56:01,B,1072.45,1,10
2021-06-17 09:56:01,B,1072.1,2,4
2021-06-17 09:56:01,B,1072.0,1,100
2021-06-17 09:56:02,S,1074.25,1,9
2021-06-17 09:56:02,S,1074.5,1,1
2021-06-17 09:56:02,S,1074.55,1,5
2021-06-17 09:56:02,S,1074.6,1,3
2021-06-17 09:56:02,S,1074.65,1,7
2021-06-17 09:56:02,B,1073.1,1,1
2021-06-17 09:56:02,B,1073.05,1,1
2021-06-17 09:56:02,B,1073.0,1,72
2021-06-17 09:56:02,B,1072.0,1,100
2021-06-17 09:56:02,B,1071.9,2,20
2021-06-17 09:56:06,S,1074.25,1,9
2021-06-17 09:56:06,S,1074.5,1,1
2021-06-17 09:56:06,S,1074.55,1,5
2021-06-17 09:56:06,S,1074.6,1,3
2021-06-17 09:56:06,S,1074.65,1,7
2021-06-17 09:56:06,B,1073.1,1,1
2021-06-17 09:56:06,B,1073.05,1,1
2021-06-17 09:56:06,B,1073.0,1,72
2021-06-17 09:56:06,B,1072.0,1,100
2021-06-17 09:56:06,B,1071.9,2,20
2021-06-17 09:56:09,S,1074.25,1,9
2021-06-17 09:56:09,S,1074.5,1,1
2021-06-17 09:56:09,S,1074.55,1,5
2021-06-17 09:56:09,S,1074.6,1,3
2021-06-17 09:56:09,S,1074.65,1,7
2021-06-17 09:56:09,B,1073.1,1,1
2021-06-17 09:56:09,B,1073.05,1,1
2021-06-17 09:56:09,B,1073.0,1,72
2021-06-17 09:56:09,B,1072.0,1,100
2021-06-17 09:56:09,B,1071.9,2,20
2021-06-17 09:56:12,S,1074.25,1,9
2021-06-17 09:56:12,S,1074.5,1,1
2021-06-17 09:56:12,S,1074.55,1,5
2021-06-17 09:56:12,S,1074.6,1,3
2021-06-17 09:56:12,S,1074.65,1,7
2021-06-17 09:56:12,B,1073.1,1,1
2021-06-17 09:56:12,B,1073.05,1,1
2021-06-17 09:56:12,B,1073.0,1,72
2021-06-17 09:56:12,B,1072.0,2,101
2021-06-17 09:56:12,B,1071.9,2,20
2021-06-17 09:56:18,S,1074.25,1,9
2021-06-17 09:56:18,S,1074.5,1,1
2021-06-17 09:56:18,S,1074.55,1,5
2021-06-17 09:56:18,S,1074.6,1,3
2021-06-17 09:56:18,S,1074.65,1,7
2021-06-17 09:56:18,B,1073.1,1,1
2021-06-17 09:56:18,B,1073.05,1,1
2021-06-17 09:56:18,B,1073.0,1,72
2021-06-17 09:56:18,B,1072.0,2,101
2021-06-17 09:56:18,B,1071.9,2,20
2021-06-17 09:56:24,S,1074.3,1,1
2021-06-17 09:56:24,S,1074.35,1,10
2021-06-17 09:56:24,S,1074.55,1,5
2021-06-17 09:56:24,S,1074.6,2,10
2021-06-17 09:56:24,S,1074.65,1,7
2021-06-17 09:56:24,B,1073.1,1,1
2021-06-17 09:56:24,B,1073.05,2,3
2021-06-17 09:56:24,B,1073.0,1,72
2021-06-17 09:56:24,B,1072.0,2,101
2021-06-17 09:56:24,B,1071.9,2,20
2021-06-17 09:56:26,S,1074.3,1,1
2021-06-17 09:56:26,S,1074.35,1,10
2021-06-17 09:56:26,S,1074.55,1,5
2021-06-17 09:56:26,S,1074.6,2,10
2021-06-17 09:56:26,S,1074.65,1,7
2021-06-17 09:56:26,B,1073.1,1,1
2021-06-17 09:56:26,B,1073.05,2,3
2021-06-17 09:56:26,B,1073.0,1,72
2021-06-17 09:56:26,B,1072.0,2,101
2021-06-17 09:56:26,B,1071.9,2,20
2021-06-17 09:56:29,S,1074.3,1,1
2021-06-17 09:56:29,S,1074.35,1,10
2021-06-17 09:56:29,S,1074.5,2,12
2021-06-17 09:56:29,S,1074.55,2,17
2021-06-17 09:56:29,S,1074.6,2,10
2021-06-17 09:56:29,B,1073.1,1,1
2021-06-17 09:56:29,B,1073.05,2,3
2021-06-17 09:56:29,B,1073.0,1,72
2021-06-17 09:56:29,B,1072.0,2,101
2021-06-17 09:56:29,B,1071.9,2,20
2021-06-17 09:56:32,S,1074.3,1,1
2021-06-17 09:56:32,S,1074.35,1,10
2021-06-17 09:56:32,S,1074.5,2,12
2021-06-17 09:56:32,S,1074.55,2,17
2021-06-17 09:56:32,S,1074.6,2,10
2021-06-17 09:56:32,B,1073.1,1,1
2021-06-17 09:56:32,B,1073.05,2,3
2021-06-17 09:56:32,B,1073.0,1,72
2021-06-17 09:56:32,B,1072.0,2,101
2021-06-17 09:56:32,B,1071.9,2,20
2021-06-17 09:56:35,S,1074.3,1,1
2021-06-17 09:56:35,S,1074.35,1,10
2021-06-17 09:56:35,S,1074.5,2,12
2021-06-17 09:56:35,S,1074.55,2,17
2021-06-17 09:56:35,S,1074.6,2,10
2021-06-17 09:56:35,B,1073.1,1,1
2021-06-17 09:56:35,B,1073.05,2,3
2021-06-17 09:56:35,B,1073.0,1,72
2021-06-17 09:56:35,B,1072.0,2,101
2021-06-17 09:56:35,B,1071.9,2,20
2021-06-17 09:56:38,S,1074.3,1,1
2021-06-17 09:56:38,S,1074.35,1,10
2021-06-17 09:56:38,S,1074.5,2,12
2021-06-17 09:56:38,S,1074.55,2,17
2021-06-17 09:56:38,S,1074.6,2,10
2021-06-17 09:56:38,B,1073.1,1,1
2021-06-17 09:56:38,B,1073.05,2,3
2021-06-17 09:56:38,B,1073.0,1,72
2021-06-17 09:56:38,B,1072.0,2,101
2021-06-17 09:56:38,B,1071.9,2,20
2021-06-17 09:56:49,S,1074.45,1,9
2021-06-17 09:56:49,S,1074.55,2,6
2021-06-17 09:56:49,S,1074.6,3,11
2021-06-17 09:56:49,S,1074.65,1,7
2021-06-17 09:56:49,S,1074.7,1,7
2021-06-17 09:56:49,B,1073.1,1,1
2021-06-17 09:56:49,B,1073.05,1,2
2021-06-17 09:56:49,B,1073.0,1,72
2021-06-17 09:56:49,B,1072.75,1,10
2021-06-17 09:56:49,B,1072.25,1,1
2021-06-17 09:56:50,S,1074.45,1,9
2021-06-17 09:56:50,S,1074.55,2,6
2021-06-17 09:56:50,S,1074.6,3,11
2021-06-17 09:56:50,S,1074.65,1,7
2021-06-17 09:56:50,S,1074.7,1,7
2021-06-17 09:56:50,B,1073.1,1,1
2021-06-17 09:56:50,B,1073.05,1,2
2021-06-17 09:56:50,B,1073.0,1,72
2021-06-17 09:56:50,B,1072.75,1,10
2021-06-17 09:56:50,B,1072.25,1,1
2021-06-17 09:56:52,S,1074.45,1,4
2021-06-17 09:56:52,S,1074.55,2,6
2021-06-17 09:56:52,S,1074.6,3,11
2021-06-17 09:56:52,S,1074.65,1,7
2021-06-17 09:56:52,S,1074.7,1,7
2021-06-17 09:56:52,B,1073.1,1,1
2021-06-17 09:56:52,B,1073.05,1,2
2021-06-17 09:56:52,B,1073.0,1,72
2021-06-17 09:56:52,B,1072.75,1,10
2021-06-17 09:56:52,B,1072.25,1,1
2021-06-17 09:57:00,S,1074.45,1,4
2021-06-17 09:57:00,S,1074.55,2,6
2021-06-17 09:57:00,S,1074.6,3,11
2021-06-17 09:57:00,S,1074.65,1,7
2021-06-17 09:57:00,S,1074.7,1,7
2021-06-17 09:57:00,B,1073.1,1,1
2021-06-17 09:57:00,B,1073.05,1,2
2021-06-17 09:57:00,B,1073.0,1,72
2021-06-17 09:57:00,B,1072.75,1,10
2021-06-17 09:57:00,B,1072.25,1,1
2021-06-17 09:57:01,S,1074.7,1,4
2021-06-17 09:57:01,S,1075.05,2,4
2021-06-17 09:57:01,S,1075.3,2,4
2021-06-17 09:57:01,S,1075.7,2,12
2021-06-17 09:57:01,S,1075.75,4,19
2021-06-17 09:57:01,B,1074.15,1,1
2021-06-17 09:57:01,B,1074.1,1,9
2021-06-17 09:57:01,B,1074.0,1,25
2021-06-17 09:57:01,B,1072.75,2,12
2021-06-17 09:57:01,B,1072.25,2,3
2021-06-17 09:57:04,S,1074.7,1,4
2021-06-17 09:57:04,S,1075.05,2,4
2021-06-17 09:57:04,S,1075.3,2,4
2021-06-17 09:57:04,S,1075.65,1,7
2021-06-17 09:57:04,S,1075.7,2,12
2021-06-17 09:57:04,B,1074.15,1,1
2021-06-17 09:57:04,B,1074.1,1,9
2021-06-17 09:57:04,B,1074.0,1,25
2021-06-17 09:57:04,B,1073.3,1,2
2021-06-17 09:57:04,B,1072.75,2,12
2021-06-17 09:57:06,S,1074.7,1,4
2021-06-17 09:57:06,S,1075.05,2,4
2021-06-17 09:57:06,S,1075.3,2,4
2021-06-17 09:57:06,S,1075.65,1,7
2021-06-17 09:57:06,S,1075.7,2,12
2021-06-17 09:57:06,B,1074.15,1,1
2021-06-17 09:57:06,B,1074.1,1,9
2021-06-17 09:57:06,B,1074.0,1,25
2021-06-17 09:57:06,B,1073.3,1,2
2021-06-17 09:57:06,B,1072.75,2,12
2021-06-17 09:57:07,S,1068.8,1,5
2021-06-17 09:57:07,S,1068.85,3,14
2021-06-17 09:57:07,S,1069.25,1,1
2021-06-17 09:57:07,S,1069.3,1,4
2021-06-17 09:57:07,S,1069.5,4,10
2021-06-17 09:57:07,B,1068.05,1,1
2021-06-17 09:57:07,B,1068.0,1,55
2021-06-17 09:57:07,B,1067.25,2,6
2021-06-17 09:57:07,B,1067.15,1,1
2021-06-17 09:57:07,B,1067.1,1,1
2021-06-17 09:57:10,S,1068.8,1,5
2021-06-17 09:57:10,S,1068.85,3,14
2021-06-17 09:57:10,S,1069.25,1,1
2021-06-17 09:57:10,S,1069.3,1,4
2021-06-17 09:57:10,S,1069.5,4,10
2021-06-17 09:57:10,B,1068.05,1,1
2021-06-17 09:57:10,B,1068.0,1,55
2021-06-17 09:57:10,B,1067.25,2,6
2021-06-17 09:57:10,B,1067.15,1,1
2021-06-17 09:57:10,B,1067.1,1,1
2021-06-17 09:57:13,S,1068.8,1,5
2021-06-17 09:57:13,S,1068.85,3,14
2021-06-17 09:57:13,S,1069.25,1,1
2021-06-17 09:57:13,S,1069.3,1,4
2021-06-17 09:57:13,S,1069.5,4,10
2021-06-17 09:57:13,B,1068.05,1,1
2021-06-17 09:57:13,B,1068.0,1,55
2021-06-17 09:57:13,B,1067.25,2,6
2021-06-17 09:57:13,B,1067.15,1,1
2021-06-17 09:57:13,B,1067.1,1,1
2021-06-17 09:57:13,S,1068.8,1,5
2021-06-17 09:57:13,S,1068.85,3,14
2021-06-17 09:57:13,S,1069.25,1,1
2021-06-17 09:57:13,S,1069.3,1,4
2021-06-17 09:57:13,S,1069.5,4,10
2021-06-17 09:57:13,B,1068.05,1,1
2021-06-17 09:57:13,B,1068.0,1,55
2021-06-17 09:57:13,B,1067.25,2,6
2021-06-17 09:57:13,B,1067.15,1,1
2021-06-17 09:57:13,B,1067.1,1,1
2021-06-17 09:57:16,S,1067.6,3,11
2021-06-17 09:57:16,S,1067.65,2,15
2021-06-17 09:57:16,S,1067.7,1,4
2021-06-17 09:57:16,S,1068.15,1,4
2021-06-17 09:57:16,S,1068.7,4,10
2021-06-17 09:57:16,B,1066.35,1,5
2021-06-17 09:57:16,B,1066.0,1,1
2021-06-17 09:57:16,B,1065.45,2,301
2021-06-17 09:57:16,B,1065.15,2,22
2021-06-17 09:57:16,B,1065.1,1,9
2021-06-17 09:57:17,S,1067.6,3,11
2021-06-17 09:57:17,S,1067.65,2,15
2021-06-17 09:57:17,S,1067.7,1,4
2021-06-17 09:57:17,S,1068.15,1,4
2021-06-17 09:57:17,S,1068.7,4,10
2021-06-17 09:57:17,B,1066.35,1,5
2021-06-17 09:57:17,B,1066.0,1,1
2021-06-17 09:57:17,B,1065.45,2,301
2021-06-17 09:57:17,B,1065.15,2,22
2021-06-17 09:57:17,B,1065.1,1,9
2021-06-17 09:57:19,S,1066.25,1,5
2021-06-17 09:57:19,S,1067.15,1,1
2021-06-17 09:57:19,S,1067.2,1,4
2021-06-17 09:57:19,S,1067.7,1,4
2021-06-17 09:57:19,S,1068.05,1,7
2021-06-17 09:57:19,B,1066.0,1,1
2021-06-17 09:57:19,B,1065.45,2,301
2021-06-17 09:57:19,B,1065.15,2,22
2021-06-17 09:57:19,B,1065.0,4,39
2021-06-17 09:57:19,B,1064.4,1,1
2021-06-17 09:57:21,S,1066.25,1,5
2021-06-17 09:57:21,S,1066.65,1,1
2021-06-17 09:57:21,S,1066.7,1,4
2021-06-17 09:57:21,S,1067.2,2,14
2021-06-17 09:57:21,S,1067.7,1,4
2021-06-17 09:57:21,B,1066.0,1,1
2021-06-17 09:57:21,B,1065.45,1,300
2021-06-17 09:57:21,B,1065.15,2,22
2021-06-17 09:57:21,B,1065.0,4,39
2021-06-17 09:57:21,B,1064.4,1,1
2021-06-17 09:57:24,S,1066.25,1,5
2021-06-17 09:57:24,S,1066.65,1,1
2021-06-17 09:57:24,S,1066.7,1,4
2021-06-17 09:57:24,S,1067.15,2,12
2021-06-17 09:57:24,S,1067.2,2,14
2021-06-17 09:57:24,B,1066.0,1,1
2021-06-17 09:57:24,B,1065.45,1,300
2021-06-17 09:57:24,B,1065.15,1,21
2021-06-17 09:57:24,B,1065.0,4,39
2021-06-17 09:57:24,B,1064.4,1,1
2021-06-17 09:57:30,S,1066.25,1,5
2021-06-17 09:57:30,S,1066.65,1,1
2021-06-17 09:57:30,S,1066.7,1,4
2021-06-17 09:57:30,S,1067.15,2,12
2021-06-17 09:57:30,S,1067.2,2,14
2021-06-17 09:57:30,B,1066.0,1,1
2021-06-17 09:57:30,B,1065.45,1,300
2021-06-17 09:57:30,B,1065.15,1,21
2021-06-17 09:57:30,B,1065.0,4,39
2021-06-17 09:57:30,B,1064.4,1,1
2021-06-17 09:57:32,S,1066.25,1,5
2021-06-17 09:57:32,S,1066.65,1,1
2021-06-17 09:57:32,S,1066.7,1,4
2021-06-17 09:57:32,S,1067.15,2,12
2021-06-17 09:57:32,S,1067.2,2,14
2021-06-17 09:57:32,B,1066.0,1,1
2021-06-17 09:57:32,B,1065.45,1,300
2021-06-17 09:57:32,B,1065.15,2,22
2021-06-17 09:57:32,B,1065.0,4,39
2021-06-17 09:57:32,B,1064.4,1,1
2021-06-17 09:57:35,S,1066.25,1,5
2021-06-17 09:57:35,S,1066.65,1,1
2021-06-17 09:57:35,S,1066.7,1,4
2021-06-17 09:57:35,S,1067.15,2,12
2021-06-17 09:57:35,S,1067.2,2,14
2021-06-17 09:57:35,B,1066.0,1,1
2021-06-17 09:57:35,B,1065.45,1,300
2021-06-17 09:57:35,B,1065.15,2,22
2021-06-17 09:57:35,B,1065.0,4,39
2021-06-17 09:57:35,B,1064.4,1,1
2021-06-17 09:57:38,S,1066.25,1,5
2021-06-17 09:57:38,S,1066.65,1,1
2021-06-17 09:57:38,S,1066.7,1,4
2021-06-17 09:57:38,S,1067.15,2,12
2021-06-17 09:57:38,S,1067.2,2,14
2021-06-17 09:57:38,B,1066.0,1,1
2021-06-17 09:57:38,B,1065.45,1,300
2021-06-17 09:57:38,B,1065.15,2,22
2021-06-17 09:57:38,B,1065.0,4,39
2021-06-17 09:57:38,B,1064.4,1,1
2021-06-17 09:57:40,S,1066.7,1,4
2021-06-17 09:57:40,S,1067.15,1,1
2021-06-17 09:57:40,S,1067.2,1,4
2021-06-17 09:57:40,S,1067.7,1,4
2021-06-17 09:57:40,S,1067.8,1,7
2021-06-17 09:57:40,B,1066.05,1,100
2021-06-17 09:57:40,B,1066.0,1,1
2021-06-17 09:57:40,B,1065.45,2,301
2021-06-17 09:57:40,B,1065.15,2,22
2021-06-17 09:57:40,B,1065.05,1,1
2021-06-17 09:57:43,S,1067.45,2,8
2021-06-17 09:57:43,S,1067.5,1,9
2021-06-17 09:57:43,S,1067.6,1,7
2021-06-17 09:57:43,S,1067.7,1,4
2021-06-17 09:57:43,S,1067.75,1,7
2021-06-17 09:57:43,B,1066.05,2,105
2021-06-17 09:57:43,B,1066.0,1,1
2021-06-17 09:57:43,B,1065.5,2,2
2021-06-17 09:57:43,B,1065.45,2,301
2021-06-17 09:57:43,B,1065.15,2,22
2021-06-17 09:57:44,S,1067.45,2,8
2021-06-17 09:57:44,S,1067.5,1,9
2021-06-17 09:57:44,S,1067.6,1,7
2021-06-17 09:57:44,S,1067.7,1,4
2021-06-17 09:57:44,S,1067.75,1,7
2021-06-17 09:57:44,B,1066.05,2,105
2021-06-17 09:57:44,B,1066.0,1,1
2021-06-17 09:57:44,B,1065.5,2,2
2021-06-17 09:57:44,B,1065.45,2,301
2021-06-17 09:57:44,B,1065.15,2,22
2021-06-17 09:57:46,S,1067.65,1,1
2021-06-17 09:57:46,S,1067.7,1,4
2021-06-17 09:57:46,S,1067.75,1,7
2021-06-17 09:57:46,S,1067.8,1,7
2021-06-17 09:57:46,S,1067.85,1,7
2021-06-17 09:57:46,B,1066.3,1,1
2021-06-17 09:57:46,B,1066.25,1,10
2021-06-17 09:57:46,B,1066.15,1,28
2021-06-17 09:57:46,B,1066.05,3,106
2021-06-17 09:57:46,B,1066.0,1,1
2021-06-17 09:57:49,S,1067.65,1,1
2021-06-17 09:57:49,S,1067.7,1,4
2021-06-17 09:57:49,S,1067.75,1,7
2021-06-17 09:57:49,S,1067.8,3,19
2021-06-17 09:57:49,S,1068.0,2,4
2021-06-17 09:57:49,B,1066.5,1,7
2021-06-17 09:57:49,B,1066.05,3,106
2021-06-17 09:57:49,B,1066.0,2,2
2021-06-17 09:57:49,B,1065.95,1,1
2021-06-17 09:57:49,B,1065.5,2,2
2021-06-17 09:57:51,S,1068.1,1,1
2021-06-17 09:57:51,S,1068.15,1,4
2021-06-17 09:57:51,S,1068.55,1,7
2021-06-17 09:57:51,S,1068.6,1,7
2021-06-17 09:57:51,S,1068.65,2,4
2021-06-17 09:57:51,B,1066.5,2,16
2021-06-17 09:57:51,B,1066.1,2,26
2021-06-17 09:57:51,B,1066.05,3,106
2021-06-17 09:57:51,B,1066.0,2,2
2021-06-17 09:57:51,B,1065.95,1,1
2021-06-17 09:57:52,S,1068.1,1,1
2021-06-17 09:57:52,S,1068.15,1,4
2021-06-17 09:57:52,S,1068.55,1,7
2021-06-17 09:57:52,S,1068.6,1,7
2021-06-17 09:57:52,S,1068.65,2,4
2021-06-17 09:57:52,B,1066.5,2,16
2021-06-17 09:57:52,B,1066.1,2,26
2021-06-17 09:57:52,B,1066.05,3,106
2021-06-17 09:57:52,B,1066.0,2,2
2021-06-17 09:57:52,B,1065.95,1,1
2021-06-17 09:57:54,S,1067.45,2,5
2021-06-17 09:57:54,S,1067.5,1,10
2021-06-17 09:57:54,S,1067.55,1,7
2021-06-17 09:57:54,S,1067.95,1,7
2021-06-17 09:57:54,S,1068.05,3,19
2021-06-17 09:57:54,B,1066.05,2,105
2021-06-17 09:57:54,B,1066.0,1,1
2021-06-17 09:57:54,B,1065.45,2,301
2021-06-17 09:57:54,B,1065.15,2,22
2021-06-17 09:57:54,B,1065.1,1,9
2021-06-17 09:57:57,S,1067.45,2,5
2021-06-17 09:57:57,S,1067.5,1,10
2021-06-17 09:57:57,S,1067.55,1,7
2021-06-17 09:57:57,S,1067.95,1,7
2021-06-17 09:57:57,S,1068.05,3,19
2021-06-17 09:57:57,B,1066.05,2,105
2021-06-17 09:57:57,B,1066.0,1,1
2021-06-17 09:57:57,B,1065.45,2,301
2021-06-17 09:57:57,B,1065.15,2,22
2021-06-17 09:57:57,B,1065.1,1,9
2021-06-17 09:58:00,S,1067.4,1,1
2021-06-17 09:58:00,S,1067.45,1,4
2021-06-17 09:58:00,S,1067.55,1,7
2021-06-17 09:58:00,S,1067.65,1,10
2021-06-17 09:58:00,S,1067.85,1,7
2021-06-17 09:58:00,B,1066.05,2,105
2021-06-17 09:58:00,B,1066.0,1,1
2021-06-17 09:58:00,B,1065.45,2,301
2021-06-17 09:58:00,B,1065.15,2,22
2021-06-17 09:58:00,B,1065.1,1,9
2021-06-17 09:58:02,S,1067.4,1,1
2021-06-17 09:58:02,S,1067.45,1,4
2021-06-17 09:58:02,S,1067.55,1,7
2021-06-17 09:58:02,S,1067.65,1,10
2021-06-17 09:58:02,S,1067.85,1,7
2021-06-17 09:58:02,B,1066.05,2,105
2021-06-17 09:58:02,B,1066.0,1,1
2021-06-17 09:58:02,B,1065.45,2,301
2021-06-17 09:58:02,B,1065.15,2,22
2021-06-17 09:58:02,B,1065.1,1,9
2021-06-17 09:58:04,S,1066.05,1,47
2021-06-17 09:58:04,S,1066.25,1,4
2021-06-17 09:58:04,S,1066.6,3,13
2021-06-17 09:58:04,S,1066.65,2,13
2021-06-17 09:58:04,S,1067.25,4,10
2021-06-17 09:58:04,B,1065.45,1,300
2021-06-17 09:58:04,B,1065.15,1,21
2021-06-17 09:58:04,B,1065.0,5,40
2021-06-17 09:58:04,B,1064.25,1,9
2021-06-17 09:58:04,B,1064.0,2,6
2021-06-17 09:58:10,S,1066.95,2,10
2021-06-17 09:58:10,S,1067.0,1,4
2021-06-17 09:58:10,S,1067.25,4,10
2021-06-17 09:58:10,S,1067.3,2,12
2021-06-17 09:58:10,S,1067.35,1,24
2021-06-17 09:58:10,B,1065.45,1,300
2021-06-17 09:58:10,B,1065.15,2,22
2021-06-17 09:58:10,B,1065.0,5,40
2021-06-17 09:58:10,B,1064.85,1,1
2021-06-17 09:58:10,B,1064.45,1,1
2021-06-17 09:58:12,S,1066.95,2,10
2021-06-17 09:58:12,S,1067.0,1,4
2021-06-17 09:58:12,S,1067.25,4,10
2021-06-17 09:58:12,S,1067.3,2,12
2021-06-17 09:58:12,S,1067.35,1,24
2021-06-17 09:58:12,B,1065.45,1,300
2021-06-17 09:58:12,B,1065.15,2,22
2021-06-17 09:58:12,B,1065.0,5,40
2021-06-17 09:58:12,B,1064.85,1,1
2021-06-17 09:58:12,B,1064.45,1,1
2021-06-17 09:58:13,S,1066.95,2,10
2021-06-17 09:58:13,S,1067.0,1,4
2021-06-17 09:58:13,S,1067.25,4,10
2021-06-17 09:58:13,S,1067.3,2,12
2021-06-17 09:58:13,S,1067.35,1,24
2021-06-17 09:58:13,B,1065.45,1,253
2021-06-17 09:58:13,B,1065.15,1,21
2021-06-17 09:58:13,B,1065.0,5,40
2021-06-17 09:58:13,B,1064.3,1,1
2021-06-17 09:58:13,B,1064.25,1,9
2021-06-17 09:58:19,S,1066.95,1,1
2021-06-17 09:58:19,S,1067.0,1,4
2021-06-17 09:58:19,S,1067.25,1,9
2021-06-17 09:58:19,S,1067.45,2,7
2021-06-17 09:58:19,S,1067.5,1,1
2021-06-17 09:58:19,B,1066.05,1,1
2021-06-17 09:58:19,B,1065.6,1,10
2021-06-17 09:58:19,B,1065.45,1,253
2021-06-17 09:58:19,B,1065.15,2,22
2021-06-17 09:58:19,B,1065.05,1,1
2021-06-17 09:58:19,S,1066.95,1,1
2021-06-17 09:58:19,S,1067.0,1,4
2021-06-17 09:58:19,S,1067.25,1,9
2021-06-17 09:58:19,S,1067.45,2,7
2021-06-17 09:58:19,S,1067.5,1,1
2021-06-17 09:58:19,B,1066.05,1,1
2021-06-17 09:58:19,B,1065.6,1,10
2021-06-17 09:58:19,B,1065.45,1,253
2021-06-17 09:58:19,B,1065.15,2,22
2021-06-17 09:58:19,B,1065.05,1,1
2021-06-17 09:58:22,S,1066.95,1,1
2021-06-17 09:58:22,S,1067.0,1,4
2021-06-17 09:58:22,S,1067.25,1,9
2021-06-17 09:58:22,S,1067.4,2,4
2021-06-17 09:58:22,S,1067.45,1,4
2021-06-17 09:58:22,B,1065.5,1,9
2021-06-17 09:58:22,B,1065.45,1,253
2021-06-17 09:58:22,B,1065.15,3,23
2021-06-17 09:58:22,B,1065.0,5,40
2021-06-17 09:58:22,B,1064.65,1,1
2021-06-17 09:58:27,S,1066.95,1,1
2021-06-17 09:58:27,S,1067.0,1,4
2021-06-17 09:58:27,S,1067.25,1,9
2021-06-17 09:58:27,S,1067.45,1,4
2021-06-17 09:58:27,S,1067.5,2,4
2021-06-17 09:58:27,B,1065.65,1,10
2021-06-17 09:58:27,B,1065.6,1,20
2021-06-17 09:58:27,B,1065.45,2,254
2021-06-17 09:58:27,B,1065.15,3,23
2021-06-17 09:58:27,B,1065.0,5,40
2021-06-17 09:58:30,S,1067.2,1,1
2021-06-17 09:58:30,S,1067.25,1,9
2021-06-17 09:58:30,S,1067.4,1,7
2021-06-17 09:58:30,S,1067.45,1,4
2021-06-17 09:58:30,S,1067.5,2,4
2021-06-17 09:58:30,B,1065.8,1,10
2021-06-17 09:58:30,B,1065.65,1,10
2021-06-17 09:58:30,B,1065.6,1,20
2021-06-17 09:58:30,B,1065.45,1,253
2021-06-17 09:58:30,B,1065.15,3,23
2021-06-17 09:58:33,S,1067.2,1,1
2021-06-17 09:58:33,S,1067.25,1,9
2021-06-17 09:58:33,S,1067.4,1,7
2021-06-17 09:58:33,S,1067.45,1,4
2021-06-17 09:58:33,S,1067.5,2,4
2021-06-17 09:58:33,B,1065.85,1,10
2021-06-17 09:58:33,B,1065.8,1,10
2021-06-17 09:58:33,B,1065.6,1,20
2021-06-17 09:58:33,B,1065.45,1,253
2021-06-17 09:58:33,B,1065.15,3,23
2021-06-17 09:58:36,S,1067.35,1,1
2021-06-17 09:58:36,S,1067.4,1,7
2021-06-17 09:58:36,S,1067.45,1,4
2021-06-17 09:58:36,S,1067.55,1,7
2021-06-17 09:58:36,S,1067.7,2,4
2021-06-17 09:58:36,B,1066.0,1,10
2021-06-17 09:58:36,B,1065.85,1,10
2021-06-17 09:58:36,B,1065.8,1,10
2021-06-17 09:58:36,B,1065.6,2,21
2021-06-17 09:58:36,B,1065.45,1,253
2021-06-17 09:58:38,S,1067.35,1,1
2021-06-17 09:58:38,S,1067.4,1,7
2021-06-17 09:58:38,S,1067.45,1,4
2021-06-17 09:58:38,S,1067.55,1,7
2021-06-17 09:58:38,S,1067.7,2,4
2021-06-17 09:58:38,B,1066.0,1,10
2021-06-17 09:58:38,B,1065.85,1,10
2021-06-17 09:58:38,B,1065.8,1,10
2021-06-17 09:58:38,B,1065.6,2,21
2021-06-17 09:58:38,B,1065.45,1,253
2021-06-17 09:58:39,S,1068.5,2,6
2021-06-17 09:58:39,S,1068.55,2,11
2021-06-17 09:58:39,S,1068.7,1,7
2021-06-17 09:58:39,S,1068.75,1,7
2021-06-17 09:58:39,S,1068.8,1,2
2021-06-17 09:58:39,B,1067.0,1,1
2021-06-17 09:58:39,B,1066.95,1,10
2021-06-17 09:58:39,B,1066.65,1,1
2021-06-17 09:58:39,B,1066.25,1,1
2021-06-17 09:58:39,B,1066.1,1,7
2021-06-17 09:58:41,S,1068.5,2,6
2021-06-17 09:58:41,S,1068.55,2,11
2021-06-17 09:58:41,S,1068.7,1,7
2021-06-17 09:58:41,S,1068.75,1,7
2021-06-17 09:58:41,S,1068.8,1,2
2021-06-17 09:58:41,B,1067.0,1,1
2021-06-17 09:58:41,B,1066.95,1,10
2021-06-17 09:58:41,B,1066.9,1,9
2021-06-17 09:58:41,B,1066.65,1,1
2021-06-17 09:58:41,B,1066.25,1,1
2021-06-17 09:58:44,S,1068.5,2,6
2021-06-17 09:58:44,S,1068.55,2,11
2021-06-17 09:58:44,S,1068.7,1,7
2021-06-17 09:58:44,S,1068.75,1,7
2021-06-17 09:58:44,S,1068.8,1,2
2021-06-17 09:58:44,B,1067.0,1,1
2021-06-17 09:58:44,B,1066.95,1,10
2021-06-17 09:58:44,B,1066.9,1,9
2021-06-17 09:58:44,B,1066.65,1,1
2021-06-17 09:58:44,B,1066.25,1,1
2021-06-17 09:58:49,S,1068.5,2,6
2021-06-17 09:58:49,S,1068.55,2,11
2021-06-17 09:58:49,S,1068.7,1,7
2021-06-17 09:58:49,S,1068.75,1,7
2021-06-17 09:58:49,S,1068.8,1,2
2021-06-17 09:58:49,B,1067.0,2,11
2021-06-17 09:58:49,B,1066.95,1,10
2021-06-17 09:58:49,B,1066.65,1,1
2021-06-17 09:58:49,B,1066.25,1,1
2021-06-17 09:58:49,B,1066.1,1,7
2021-06-17 09:58:52,S,1067.45,1,1
2021-06-17 09:58:52,S,1067.5,1,10
2021-06-17 09:58:52,S,1067.85,2,10
2021-06-17 09:58:52,S,1068.15,1,5
2021-06-17 09:58:52,S,1068.2,2,3
2021-06-17 09:58:52,B,1066.05,1,1
2021-06-17 09:58:52,B,1066.0,1,11
2021-06-17 09:58:52,B,1065.8,1,10
2021-06-17 09:58:52,B,1065.6,1,1
2021-06-17 09:58:52,B,1065.45,1,253
2021-06-17 09:58:53,S,1067.45,1,1
2021-06-17 09:58:53,S,1067.5,1,10
2021-06-17 09:58:53,S,1067.85,2,10
2021-06-17 09:58:53,S,1068.15,1,5
2021-06-17 09:58:53,S,1068.2,2,3
2021-06-17 09:58:53,B,1066.05,1,1
2021-06-17 09:58:53,B,1066.0,1,11
2021-06-17 09:58:53,B,1065.8,1,10
2021-06-17 09:58:53,B,1065.6,1,1
2021-06-17 09:58:53,B,1065.45,1,253
2021-06-17 09:58:55,S,1067.45,1,1
2021-06-17 09:58:55,S,1067.5,1,10
2021-06-17 09:58:55,S,1067.85,2,10
2021-06-17 09:58:55,S,1068.15,1,5
2021-06-17 09:58:55,S,1068.2,2,3
2021-06-17 09:58:55,B,1066.05,1,1
2021-06-17 09:58:55,B,1066.0,1,11
2021-06-17 09:58:55,B,1065.8,1,10
2021-06-17 09:58:55,B,1065.6,1,1
2021-06-17 09:58:55,B,1065.45,1,253
2021-06-17 09:58:56,S,1067.45,1,1
2021-06-17 09:58:56,S,1067.5,1,10
2021-06-17 09:58:56,S,1067.85,2,10
2021-06-17 09:58:56,S,1068.15,1,5
2021-06-17 09:58:56,S,1068.2,2,3
2021-06-17 09:58:56,B,1066.05,1,1
2021-06-17 09:58:56,B,1066.0,1,11
2021-06-17 09:58:56,B,1065.8,1,10
2021-06-17 09:58:56,B,1065.6,1,1
2021-06-17 09:58:56,B,1065.45,1,253
2021-06-17 09:58:58,S,1067.9,1,2
2021-06-17 09:58:58,S,1068.0,1,7
2021-06-17 09:58:58,S,1068.05,1,7
2021-06-17 09:58:58,S,1068.2,1,7
2021-06-17 09:58:58,S,1068.25,1,7
2021-06-17 09:58:58,B,1066.1,1,1
2021-06-17 09:58:58,B,1066.05,1,10
2021-06-17 09:58:58,B,1066.0,1,11
2021-06-17 09:58:58,B,1065.8,1,10
2021-06-17 09:58:58,B,1065.5,1,3
2021-06-17 09:58:59,S,1067.9,1,2
2021-06-17 09:58:59,S,1068.0,1,7
2021-06-17 09:58:59,S,1068.05,1,7
2021-06-17 09:58:59,S,1068.2,1,7
2021-06-17 09:58:59,S,1068.25,1,7
2021-06-17 09:58:59,B,1066.1,1,1
2021-06-17 09:58:59,B,1066.05,1,10
2021-06-17 09:58:59,B,1066.0,1,11
2021-06-17 09:58:59,B,1065.8,1,10
2021-06-17 09:58:59,B,1065.5,1,3
2021-06-17 09:59:00,S,1067.9,2,8
2021-06-17 09:59:00,S,1067.95,1,7
2021-06-17 09:59:00,S,1068.0,2,3
2021-06-17 09:59:00,S,1068.05,2,10
2021-06-17 09:59:00,S,1068.15,2,6
2021-06-17 09:59:00,B,1066.35,2,10
2021-06-17 09:59:00,B,1066.3,1,9
2021-06-17 09:59:00,B,1066.0,1,11
2021-06-17 09:59:00,B,1065.8,1,10
2021-06-17 09:59:00,B,1065.6,1,1
2021-06-17 09:59:03,S,1068.1,1,10
2021-06-17 09:59:03,S,1068.15,4,9
2021-06-17 09:59:03,S,1068.25,1,7
2021-06-17 09:59:03,S,1068.55,1,7
2021-06-17 09:59:03,S,1068.65,1,7
2021-06-17 09:59:03,B,1066.25,1,1
2021-06-17 09:59:03,B,1066.2,1,1
2021-06-17 09:59:03,B,1066.1,1,3
2021-06-17 09:59:03,B,1066.05,1,7
2021-06-17 09:59:03,B,1066.0,1,11
2021-06-17 09:59:04,S,1068.1,1,10
2021-06-17 09:59:04,S,1068.15,4,9
2021-06-17 09:59:04,S,1068.25,1,7
2021-06-17 09:59:04,S,1068.55,1,7
2021-06-17 09:59:04,S,1068.65,1,7
2021-06-17 09:59:04,B,1066.25,1,1
2021-06-17 09:59:04,B,1066.2,1,1
2021-06-17 09:59:04,B,1066.1,1,3
2021-06-17 09:59:04,B,1066.05,1,7
2021-06-17 09:59:04,B,1066.0,1,11
2021-06-17 09:59:05,S,1068.1,1,7
2021-06-17 09:59:05,S,1068.15,1,7
2021-06-17 09:59:05,S,1068.2,3,6
2021-06-17 09:59:05,S,1068.25,1,7
2021-06-17 09:59:05,S,1068.45,1,7
2021-06-17 09:59:05,B,1066.45,2,10
2021-06-17 09:59:05,B,1066.4,1,9
2021-06-17 09:59:05,B,1066.15,1,1
2021-06-17 09:59:05,B,1066.1,1,3
2021-06-17 09:59:05,B,1066.05,1,7
2021-06-17 09:59:06,S,1068.1,1,7
2021-06-17 09:59:06,S,1068.15,1,7
2021-06-17 09:59:06,S,1068.2,3,6
2021-06-17 09:59:06,S,1068.25,1,7
2021-06-17 09:59:06,S,1068.45,1,7
2021-06-17 09:59:06,B,1066.45,2,10
2021-06-17 09:59:06,B,1066.4,1,9
2021-06-17 09:59:06,B,1066.15,1,1
2021-06-17 09:59:06,B,1066.1,1,3
2021-06-17 09:59:06,B,1066.05,1,7
2021-06-17 09:59:08,S,1068.3,1,10
2021-06-17 09:59:08,S,1068.35,2,4
2021-06-17 09:59:08,S,1068.45,1,7
2021-06-17 09:59:08,S,1068.55,3,19
2021-06-17 09:59:08,S,1068.6,2,6
2021-06-17 09:59:08,B,1067.45,1,25
2021-06-17 09:59:08,B,1066.8,1,1
2021-06-17 09:59:08,B,1066.75,2,10
2021-06-17 09:59:08,B,1066.3,2,2
2021-06-17 09:59:08,B,1066.1,1,3
2021-06-17 09:59:09,S,1068.3,1,10
2021-06-17 09:59:09,S,1068.35,2,4
2021-06-17 09:59:09,S,1068.45,1,7
2021-06-17 09:59:09,S,1068.55,3,19
2021-06-17 09:59:09,S,1068.6,2,6
2021-06-17 09:59:09,B,1067.45,1,25
2021-06-17 09:59:09,B,1066.8,1,1
2021-06-17 09:59:09,B,1066.75,2,10
2021-06-17 09:59:09,B,1066.3,2,2
2021-06-17 09:59:09,B,1066.1,1,3
2021-06-17 09:59:11,S,1068.5,1,1
2021-06-17 09:59:11,S,1068.75,2,6
2021-06-17 09:59:11,S,1068.8,1,1
2021-06-17 09:59:11,S,1068.85,1,4
2021-06-17 09:59:11,S,1068.95,1,9
2021-06-17 09:59:11,B,1067.5,1,1
2021-06-17 09:59:11,B,1067.45,1,25
2021-06-17 09:59:11,B,1066.9,1,9
2021-06-17 09:59:11,B,1066.75,1,1
2021-06-17 09:59:11,B,1066.3,2,2
2021-06-17 09:59:12,S,1068.5,1,1
2021-06-17 09:59:12,S,1068.75,2,6
2021-06-17 09:59:12,S,1068.8,1,1
2021-06-17 09:59:12,S,1068.85,1,4
2021-06-17 09:59:12,S,1068.95,1,9
2021-06-17 09:59:12,B,1067.5,1,1
2021-06-17 09:59:12,B,1067.45,1,25
2021-06-17 09:59:12,B,1066.9,1,9
2021-06-17 09:59:12,B,1066.75,1,1
2021-06-17 09:59:12,B,1066.3,2,2
2021-06-17 09:59:13,S,1068.75,2,6
2021-06-17 09:59:13,S,1068.8,1,1
2021-06-17 09:59:13,S,1068.95,1,9
2021-06-17 09:59:13,S,1069.2,1,2
2021-06-17 09:59:13,S,1069.25,2,12
2021-06-17 09:59:13,B,1067.5,1,1
2021-06-17 09:59:13,B,1067.45,1,25
2021-06-17 09:59:13,B,1067.35,1,10
2021-06-17 09:59:13,B,1066.75,2,2
2021-06-17 09:59:13,B,1066.3,2,2
2021-06-17 09:59:15,S,1068.75,2,6
2021-06-17 09:59:15,S,1068.8,1,1
2021-06-17 09:59:15,S,1068.95,1,9
2021-06-17 09:59:15,S,1069.2,1,2
2021-06-17 09:59:15,S,1069.25,2,12
2021-06-17 09:59:15,B,1067.5,1,1
2021-06-17 09:59:15,B,1067.45,1,25
2021-06-17 09:59:15,B,1067.35,1,10
2021-06-17 09:59:15,B,1066.75,2,2
2021-06-17 09:59:15,B,1066.3,2,2
2021-06-17 09:59:18,S,1068.75,3,8
2021-06-17 09:59:18,S,1068.8,1,1
2021-06-17 09:59:18,S,1068.95,1,9
2021-06-17 09:59:18,S,1069.2,1,2
2021-06-17 09:59:18,S,1069.25,2,12
2021-06-17 09:59:18,B,1067.5,1,1
2021-06-17 09:59:18,B,1067.45,1,25
2021-06-17 09:59:18,B,1067.2,1,9
2021-06-17 09:59:18,B,1066.75,2,2
2021-06-17 09:59:18,B,1066.3,2,2
2021-06-17 09:59:27,S,1068.75,3,7
2021-06-17 09:59:27,S,1068.8,1,1
2021-06-17 09:59:27,S,1068.95,1,9
2021-06-17 09:59:27,S,1069.2,1,2
2021-06-17 09:59:27,S,1069.25,2,12
2021-06-17 09:59:27,B,1067.5,1,1
2021-06-17 09:59:27,B,1067.45,1,25
2021-06-17 09:59:27,B,1067.2,1,9
2021-06-17 09:59:27,B,1066.75,2,2
2021-06-17 09:59:27,B,1066.3,2,2
2021-06-17 09:59:28,S,1068.75,3,7
2021-06-17 09:59:28,S,1068.8,1,1
2021-06-17 09:59:28,S,1068.95,1,9
2021-06-17 09:59:28,S,1069.2,1,2
2021-06-17 09:59:28,S,1069.25,2,12
2021-06-17 09:59:28,B,1067.5,1,1
2021-06-17 09:59:28,B,1067.45,1,25
2021-06-17 09:59:28,B,1067.2,1,9
2021-06-17 09:59:28,B,1066.75,2,2
2021-06-17 09:59:28,B,1066.3,2,2
2021-06-17 09:59:30,S,1068.65,1,1
2021-06-17 09:59:30,S,1068.7,2,5
2021-06-17 09:59:30,S,1068.75,2,5
2021-06-17 09:59:30,S,1068.8,1,1
2021-06-17 09:59:30,S,1068.95,1,9
2021-06-17 09:59:30,B,1067.5,1,1
2021-06-17 09:59:30,B,1067.45,1,25
2021-06-17 09:59:30,B,1067.2,1,9
2021-06-17 09:59:30,B,1066.75,2,2
2021-06-17 09:59:30,B,1066.3,2,2
2021-06-17 09:59:33,S,1068.65,1,1
2021-06-17 09:59:33,S,1068.7,2,5
2021-06-17 09:59:33,S,1068.75,2,5
2021-06-17 09:59:33,S,1068.8,1,1
2021-06-17 09:59:33,S,1068.95,1,9
2021-06-17 09:59:33,B,1067.5,1,1
2021-06-17 09:59:33,B,1067.45,1,25
2021-06-17 09:59:33,B,1067.0,2,10
2021-06-17 09:59:33,B,1066.75,2,2
2021-06-17 09:59:33,B,1066.3,2,2
2021-06-17 09:59:36,S,1068.65,1,1
2021-06-17 09:59:36,S,1068.7,2,5
2021-06-17 09:59:36,S,1068.75,2,5
2021-06-17 09:59:36,S,1068.8,1,1
2021-06-17 09:59:36,S,1068.95,1,9
2021-06-17 09:59:36,B,1067.5,1,1
2021-06-17 09:59:36,B,1067.45,1,25
2021-06-17 09:59:36,B,1067.0,2,10
2021-06-17 09:59:36,B,1066.75,2,2
2021-06-17 09:59:36,B,1066.3,2,2
2021-06-17 09:59:38,S,1068.6,1,1
2021-06-17 09:59:38,S,1068.65,2,5
2021-06-17 09:59:38,S,1068.7,1,2
2021-06-17 09:59:38,S,1068.75,1,3
2021-06-17 09:59:38,S,1068.8,1,1
2021-06-17 09:59:38,B,1067.45,1,16
2021-06-17 09:59:38,B,1067.0,1,9
2021-06-17 09:59:38,B,1066.75,2,2
2021-06-17 09:59:38,B,1066.3,2,2
2021-06-17 09:59:38,B,1066.25,1,7
2021-06-17 09:59:40,S,1068.6,1,1
2021-06-17 09:59:40,S,1068.65,2,5
2021-06-17 09:59:40,S,1068.7,1,2
2021-06-17 09:59:40,S,1068.75,1,3
2021-06-17 09:59:40,S,1068.8,1,1
2021-06-17 09:59:40,B,1067.45,1,16
2021-06-17 09:59:40,B,1067.0,1,9
2021-06-17 09:59:40,B,1066.75,2,2
2021-06-17 09:59:40,B,1066.3,2,2
2021-06-17 09:59:40,B,1066.25,1,7
2021-06-17 09:59:48,S,1068.6,1,1
2021-06-17 09:59:48,S,1068.65,2,5
2021-06-17 09:59:48,S,1068.7,1,2
2021-06-17 09:59:48,S,1068.75,1,3
2021-06-17 09:59:48,S,1068.8,1,1
2021-06-17 09:59:48,B,1067.45,1,16
2021-06-17 09:59:48,B,1067.0,1,9
2021-06-17 09:59:48,B,1066.75,2,2
2021-06-17 09:59:48,B,1066.3,2,2
2021-06-17 09:59:48,B,1066.25,1,7
2021-06-17 09:59:48,S,1068.6,1,1
2021-06-17 09:59:48,S,1068.65,2,5
2021-06-17 09:59:48,S,1068.75,2,5
2021-06-17 09:59:48,S,1068.8,1,1
2021-06-17 09:59:48,S,1068.9,1,2
2021-06-17 09:59:48,B,1067.5,1,1
2021-06-17 09:59:48,B,1067.45,1,16
2021-06-17 09:59:48,B,1067.05,1,10
2021-06-17 09:59:48,B,1066.75,1,1
2021-06-17 09:59:48,B,1066.3,2,2
2021-06-17 09:59:54,S,1068.6,1,1
2021-06-17 09:59:54,S,1068.65,2,5
2021-06-17 09:59:54,S,1068.75,2,5
2021-06-17 09:59:54,S,1068.8,1,1
2021-06-17 09:59:54,S,1068.9,1,2
2021-06-17 09:59:54,B,1067.5,1,1
2021-06-17 09:59:54,B,1067.45,1,16
2021-06-17 09:59:54,B,1066.95,1,10
2021-06-17 09:59:54,B,1066.75,2,2
2021-06-17 09:59:54,B,1066.3,2,2
2021-06-17 09:59:59,S,1068.6,1,1
2021-06-17 09:59:59,S,1068.65,2,5
2021-06-17 09:59:59,S,1068.75,2,5
2021-06-17 09:59:59,S,1068.8,1,1
2021-06-17 09:59:59,S,1068.95,1,9
2021-06-17 09:59:59,B,1067.5,2,21
2021-06-17 09:59:59,B,1067.45,1,16
2021-06-17 09:59:59,B,1066.95,2,11
2021-06-17 09:59:59,B,1066.75,2,2
2021-06-17 09:59:59,B,1066.3,2,2
2021-06-17 10:00:01,S,1068.6,1,1
2021-06-17 10:00:01,S,1068.65,2,5
2021-06-17 10:00:01,S,1068.75,2,5
2021-06-17 10:00:01,S,1068.8,1,1
2021-06-17 10:00:01,S,1068.95,1,9
2021-06-17 10:00:01,B,1067.5,2,21
2021-06-17 10:00:01,B,1067.45,1,16
2021-06-17 10:00:01,B,1066.95,2,11
2021-06-17 10:00:01,B,1066.75,2,2
2021-06-17 10:00:01,B,1066.3,2,2
2021-06-17 10:00:01,S,1068.6,1,1
2021-06-17 10:00:01,S,1068.65,2,5
2021-06-17 10:00:01,S,1068.75,2,5
2021-06-17 10:00:01,S,1068.8,1,1
2021-06-17 10:00:01,S,1068.95,1,9
2021-06-17 10:00:01,B,1067.5,2,21
2021-06-17 10:00:01,B,1067.45,1,16
2021-06-17 10:00:01,B,1066.95,2,11
2021-06-17 10:00:01,B,1066.75,2,2
2021-06-17 10:00:01,B,1066.3,2,2
2021-06-17 10:00:02,S,1068.6,1,3
2021-06-17 10:00:02,S,1068.7,2,5
2021-06-17 10:00:02,S,1068.75,2,5
2021-06-17 10:00:02,S,1068.8,1,1
2021-06-17 10:00:02,S,1068.95,1,9
2021-06-17 10:00:02,B,1067.5,2,21
2021-06-17 10:00:02,B,1067.45,1,16
2021-06-17 10:00:02,B,1066.95,2,11
2021-06-17 10:00:02,B,1066.75,2,2
2021-06-17 10:00:02,B,1066.3,2,2
2021-06-17 10:00:05,S,1068.6,1,3
2021-06-17 10:00:05,S,1068.7,2,5
2021-06-17 10:00:05,S,1068.75,2,5
2021-06-17 10:00:05,S,1068.8,1,1
2021-06-17 10:00:05,S,1068.95,1,9
2021-06-17 10:00:05,B,1067.5,2,21
2021-06-17 10:00:05,B,1067.45,1,16
2021-06-17 10:00:05,B,1066.95,2,11
2021-06-17 10:00:05,B,1066.75,2,2
2021-06-17 10:00:05,B,1066.3,2,2
2021-06-17 10:00:08,S,1068.6,1,3
2021-06-17 10:00:08,S,1068.7,2,5
2021-06-17 10:00:08,S,1068.75,2,5
2021-06-17 10:00:08,S,1068.8,1,1
2021-06-17 10:00:08,S,1068.95,1,9
2021-06-17 10:00:08,B,1067.5,2,21
2021-06-17 10:00:08,B,1067.45,1,16
2021-06-17 10:00:08,B,1066.95,2,11
2021-06-17 10:00:08,B,1066.75,2,2
2021-06-17 10:00:08,B,1066.3,2,2
2021-06-17 10:00:11,S,1068.6,1,3
2021-06-17 10:00:11,S,1068.7,2,5
2021-06-17 10:00:11,S,1068.75,2,5
2021-06-17 10:00:11,S,1068.8,1,1
2021-06-17 10:00:11,S,1068.95,1,9
2021-06-17 10:00:11,B,1067.5,2,21
2021-06-17 10:00:11,B,1067.45,1,16
2021-06-17 10:00:11,B,1066.95,2,11
2021-06-17 10:00:11,B,1066.75,2,2
2021-06-17 10:00:11,B,1066.3,2,2
2021-06-17 10:00:13,S,1068.6,1,3
2021-06-17 10:00:13,S,1068.7,2,5
2021-06-17 10:00:13,S,1068.75,2,5
2021-06-17 10:00:13,S,1068.8,1,1
2021-06-17 10:00:13,S,1068.95,1,9
2021-06-17 10:00:13,B,1067.5,2,21
2021-06-17 10:00:13,B,1067.45,1,16
2021-06-17 10:00:13,B,1066.95,2,11
2021-06-17 10:00:13,B,1066.75,2,2
2021-06-17 10:00:13,B,1066.3,2,2
2021-06-17 10:00:16,S,1068.6,1,3
2021-06-17 10:00:16,S,1068.7,2,5
2021-06-17 10:00:16,S,1068.75,2,5
2021-06-17 10:00:16,S,1068.8,1,1
2021-06-17 10:00:16,S,1068.95,1,9
2021-06-17 10:00:16,B,1067.5,4,40
2021-06-17 10:00:16,B,1067.45,1,16
2021-06-17 10:00:16,B,1066.75,2,2
2021-06-17 10:00:16,B,1066.3,2,2
2021-06-17 10:00:16,B,1066.25,2,17
2021-06-17 10:00:19,S,1068.6,1,3
2021-06-17 10:00:19,S,1068.7,2,5
2021-06-17 10:00:19,S,1068.75,2,5
2021-06-17 10:00:19,S,1068.8,1,1
2021-06-17 10:00:19,S,1068.95,1,9
2021-06-17 10:00:19,B,1067.5,4,40
2021-06-17 10:00:19,B,1067.45,1,16
2021-06-17 10:00:19,B,1066.75,2,2
2021-06-17 10:00:19,B,1066.3,2,2
2021-06-17 10:00:19,B,1066.25,2,17
2021-06-17 10:00:22,S,1068.35,4,15
2021-06-17 10:00:22,S,1068.4,1,17
2021-06-17 10:00:22,S,1068.5,1,10
2021-06-17 10:00:22,S,1068.55,2,5
2021-06-17 10:00:22,S,1068.75,1,3
2021-06-17 10:00:22,B,1067.45,1,16
2021-06-17 10:00:22,B,1066.8,2,11
2021-06-17 10:00:22,B,1066.75,2,2
2021-06-17 10:00:22,B,1066.3,2,2
2021-06-17 10:00:22,B,1066.25,1,7
2021-06-17 10:00:27,S,1068.35,4,15
2021-06-17 10:00:27,S,1068.4,1,17
2021-06-17 10:00:27,S,1068.5,1,10
2021-06-17 10:00:27,S,1068.55,2,5
2021-06-17 10:00:27,S,1068.75,1,3
2021-06-17 10:00:27,B,1067.45,1,16
2021-06-17 10:00:27,B,1066.8,2,11
2021-06-17 10:00:27,B,1066.75,2,2
2021-06-17 10:00:27,B,1066.3,2,2
2021-06-17 10:00:27,B,1066.25,1,7
2021-06-17 10:00:27,S,1068.35,1,2
2021-06-17 10:00:27,S,1068.7,2,5
2021-06-17 10:00:27,S,1068.75,1,3
2021-06-17 10:00:27,S,1068.8,1,1
2021-06-17 10:00:27,S,1068.9,2,5
2021-06-17 10:00:27,B,1067.5,1,1
2021-06-17 10:00:27,B,1067.45,1,16
2021-06-17 10:00:27,B,1067.35,1,9
2021-06-17 10:00:27,B,1066.75,1,1
2021-06-17 10:00:27,B,1066.3,2,2
2021-06-17 10:00:30,S,1068.35,1,2
2021-06-17 10:00:30,S,1068.7,2,5
2021-06-17 10:00:30,S,1068.75,1,3
2021-06-17 10:00:30,S,1068.8,1,1
2021-06-17 10:00:30,S,1068.9,2,5
2021-06-17 10:00:30,B,1067.5,1,1
2021-06-17 10:00:30,B,1067.45,1,16
2021-06-17 10:00:30,B,1067.35,1,9
2021-06-17 10:00:30,B,1066.75,1,1
2021-06-17 10:00:30,B,1066.3,2,2
2021-06-17 10:00:33,S,1068.35,1,2
2021-06-17 10:00:33,S,1068.7,2,5
2021-06-17 10:00:33,S,1068.75,1,3
2021-06-17 10:00:33,S,1068.8,1,1
2021-06-17 10:00:33,S,1068.9,4,17
2021-06-17 10:00:33,B,1067.5,1,1
2021-06-17 10:00:33,B,1067.45,1,16
2021-06-17 10:00:33,B,1067.1,1,10
2021-06-17 10:00:33,B,1066.75,1,1
2021-06-17 10:00:33,B,1066.3,2,2
2021-06-17 10:00:37,S,1068.35,1,2
2021-06-17 10:00:37,S,1068.7,2,5
2021-06-17 10:00:37,S,1068.75,1,3
2021-06-17 10:00:37,S,1068.8,1,1
2021-06-17 10:00:37,S,1068.9,4,17
2021-06-17 10:00:37,B,1067.5,1,1
2021-06-17 10:00:37,B,1067.45,1,16
2021-06-17 10:00:37,B,1067.1,1,10
2021-06-17 10:00:37,B,1066.75,1,1
2021-06-17 10:00:37,B,1066.3,2,2
2021-06-17 10:00:39,S,1068.35,1,1
2021-06-17 10:00:39,S,1068.75,2,5
2021-06-17 10:00:39,S,1068.8,1,1
2021-06-17 10:00:39,S,1068.9,3,15
2021-06-17 10:00:39,S,1068.95,2,19
2021-06-17 10:00:39,B,1067.5,1,1
2021-06-17 10:00:39,B,1067.45,1,16
2021-06-17 10:00:39,B,1067.1,2,11
2021-06-17 10:00:39,B,1066.75,1,1
2021-06-17 10:00:39,B,1066.3,2,2
2021-06-17 10:00:48,S,1068.35,1,1
2021-06-17 10:00:48,S,1068.7,1,10
2021-06-17 10:00:48,S,1068.75,2,5
2021-06-17 10:00:48,S,1068.8,1,1
2021-06-17 10:00:48,S,1068.9,1,3
2021-06-17 10:00:48,B,1067.5,1,1
2021-06-17 10:00:48,B,1067.45,1,16
2021-06-17 10:00:48,B,1067.1,1,10
2021-06-17 10:00:48,B,1066.75,1,1
2021-06-17 10:00:48,B,1066.3,2,2
2021-06-17 10:00:54,S,1068.35,1,1
2021-06-17 10:00:54,S,1068.7,1,10
2021-06-17 10:00:54,S,1068.75,2,5
2021-06-17 10:00:54,S,1068.8,1,1
2021-06-17 10:00:54,S,1068.9,1,3
2021-06-17 10:00:54,B,1067.5,1,1
2021-06-17 10:00:54,B,1067.45,1,16
2021-06-17 10:00:54,B,1067.1,1,10
2021-06-17 10:00:54,B,1066.75,1,1
2021-06-17 10:00:54,B,1066.3,2,2
2021-06-17 10:00:57,S,1068.35,1,1
2021-06-17 10:00:57,S,1068.7,1,10
2021-06-17 10:00:57,S,1068.75,2,5
2021-06-17 10:00:57,S,1068.8,1,1
2021-06-17 10:00:57,S,1068.9,1,3
2021-06-17 10:00:57,B,1067.5,1,1
2021-06-17 10:00:57,B,1067.45,1,16
2021-06-17 10:00:57,B,1067.1,1,10
2021-06-17 10:00:57,B,1066.75,1,1
2021-06-17 10:00:57,B,1066.3,2,2
2021-06-17 10:01:01,S,1068.35,1,1
2021-06-17 10:01:01,S,1068.7,1,10
2021-06-17 10:01:01,S,1068.75,2,5
2021-06-17 10:01:01,S,1068.8,1,1
2021-06-17 10:01:01,S,1068.9,1,3
2021-06-17 10:01:01,B,1067.5,1,1
2021-06-17 10:01:01,B,1067.45,1,16
2021-06-17 10:01:01,B,1067.1,1,10
2021-06-17 10:01:01,B,1066.75,1,1
2021-06-17 10:01:01,B,1066.3,2,2
2021-06-17 10:01:03,S,1068.35,1,1
2021-06-17 10:01:03,S,1068.75,1,3
2021-06-17 10:01:03,S,1068.8,1,1
2021-06-17 10:01:03,S,1068.95,1,9
2021-06-17 10:01:03,S,1069.25,1,3
2021-06-17 10:01:03,B,1068.05,1,1
2021-06-17 10:01:03,B,1068.0,1,100
2021-06-17 10:01:03,B,1067.65,2,11
2021-06-17 10:01:03,B,1067.45,2,17
2021-06-17 10:01:03,B,1067.25,1,1
2021-06-17 10:01:04,S,1068.35,1,1
2021-06-17 10:01:04,S,1068.75,1,3
2021-06-17 10:01:04,S,1068.8,1,1
2021-06-17 10:01:04,S,1068.95,1,9
2021-06-17 10:01:04,S,1069.25,1,3
2021-06-17 10:01:04,B,1068.05,1,1
2021-06-17 10:01:04,B,1068.0,1,100
2021-06-17 10:01:04,B,1067.65,2,11
2021-06-17 10:01:04,B,1067.45,2,17
2021-06-17 10:01:04,B,1067.25,1,1
2021-06-17 10:01:05,S,1068.35,1,1
2021-06-17 10:01:05,S,1068.75,1,3
2021-06-17 10:01:05,S,1068.8,1,1
2021-06-17 10:01:05,S,1068.95,1,9
2021-06-17 10:01:05,S,1069.25,1,3
2021-06-17 10:01:05,B,1068.05,1,1
2021-06-17 10:01:05,B,1068.0,1,100
2021-06-17 10:01:05,B,1067.65,2,11
2021-06-17 10:01:05,B,1067.45,2,17
2021-06-17 10:01:05,B,1067.25,1,1
2021-06-17 10:01:06,S,1068.8,1,1
2021-06-17 10:01:06,S,1068.95,1,9
2021-06-17 10:01:06,S,1069.25,1,3
2021-06-17 10:01:06,S,1069.3,1,3
2021-06-17 10:01:06,S,1069.45,1,7
2021-06-17 10:01:06,B,1068.4,1,1
2021-06-17 10:01:06,B,1068.35,1,49
2021-06-17 10:01:06,B,1068.0,1,100
2021-06-17 10:01:06,B,1067.65,1,10
2021-06-17 10:01:06,B,1067.45,1,16
2021-06-17 10:01:08,S,1068.8,2,2
2021-06-17 10:01:08,S,1068.95,1,9
2021-06-17 10:01:08,S,1069.25,1,3
2021-06-17 10:01:08,S,1069.3,1,3
2021-06-17 10:01:08,S,1069.45,1,7
2021-06-17 10:01:08,B,1068.4,1,1
2021-06-17 10:01:08,B,1068.35,1,49
2021-06-17 10:01:08,B,1068.0,1,100
2021-06-17 10:01:08,B,1067.65,1,10
2021-06-17 10:01:08,B,1067.45,1,16
2021-06-17 10:01:13,S,1068.8,2,9
2021-06-17 10:01:13,S,1068.95,1,9
2021-06-17 10:01:13,S,1069.25,2,10
2021-06-17 10:01:13,S,1069.3,1,3
2021-06-17 10:01:13,S,1069.45,2,5
2021-06-17 10:01:13,B,1068.35,1,46
2021-06-17 10:01:13,B,1068.05,1,1
2021-06-17 10:01:13,B,1068.0,1,100
2021-06-17 10:01:13,B,1067.65,1,10
2021-06-17 10:01:13,B,1067.45,1,16
2021-06-17 10:01:18,S,1068.8,2,9
2021-06-17 10:01:18,S,1068.95,1,9
2021-06-17 10:01:18,S,1069.25,2,10
2021-06-17 10:01:18,S,1069.3,1,3
2021-06-17 10:01:18,S,1069.45,2,5
2021-06-17 10:01:18,B,1068.35,1,46
2021-06-17 10:01:18,B,1068.05,1,1
2021-06-17 10:01:18,B,1068.0,1,100
2021-06-17 10:01:18,B,1067.65,1,10
2021-06-17 10:01:18,B,1067.45,1,16
2021-06-17 10:01:19,S,1068.75,2,10
2021-06-17 10:01:19,S,1068.8,3,12
2021-06-17 10:01:19,S,1068.9,4,32
2021-06-17 10:01:19,S,1068.95,1,9
2021-06-17 10:01:19,S,1069.2,2,5
2021-06-17 10:01:19,B,1068.0,1,14
2021-06-17 10:01:19,B,1067.5,1,1
2021-06-17 10:01:19,B,1067.45,1,16
2021-06-17 10:01:19,B,1067.1,1,10
2021-06-17 10:01:19,B,1066.75,1,1
2021-06-17 10:01:22,S,1068.75,2,10
2021-06-17 10:01:22,S,1068.8,3,12
2021-06-17 10:01:22,S,1068.9,4,32
2021-06-17 10:01:22,S,1068.95,1,9
2021-06-17 10:01:22,S,1069.2,2,5
2021-06-17 10:01:22,B,1068.0,1,14
2021-06-17 10:01:22,B,1067.5,1,1
2021-06-17 10:01:22,B,1067.45,1,16
2021-06-17 10:01:22,B,1067.1,1,10
2021-06-17 10:01:22,B,1066.75,1,1
2021-06-17 10:01:25,S,1068.75,2,10
2021-06-17 10:01:25,S,1068.8,3,12
2021-06-17 10:01:25,S,1068.9,5,33
2021-06-17 10:01:25,S,1068.95,1,9
2021-06-17 10:01:25,S,1069.2,2,5
2021-06-17 10:01:25,B,1068.0,1,14
2021-06-17 10:01:25,B,1067.5,1,1
2021-06-17 10:01:25,B,1067.45,1,16
2021-06-17 10:01:25,B,1067.35,1,1
2021-06-17 10:01:25,B,1067.1,1,10
2021-06-17 10:01:27,S,1068.75,2,10
2021-06-17 10:01:27,S,1068.8,3,12
2021-06-17 10:01:27,S,1068.9,5,33
2021-06-17 10:01:27,S,1068.95,1,9
2021-06-17 10:01:27,S,1069.2,2,5
2021-06-17 10:01:27,B,1068.0,1,14
2021-06-17 10:01:27,B,1067.5,1,1
2021-06-17 10:01:27,B,1067.45,1,16
2021-06-17 10:01:27,B,1067.35,1,1
2021-06-17 10:01:27,B,1067.1,1,10
2021-06-17 10:01:28,S,1068.75,2,10
2021-06-17 10:01:28,S,1068.8,3,12
2021-06-17 10:01:28,S,1068.9,5,33
2021-06-17 10:01:28,S,1068.95,1,9
2021-06-17 10:01:28,S,1069.2,2,5
2021-06-17 10:01:28,B,1068.0,1,14
2021-06-17 10:01:28,B,1067.5,1,1
2021-06-17 10:01:28,B,1067.45,1,16
2021-06-17 10:01:28,B,1067.35,1,1
2021-06-17 10:01:28,B,1067.1,1,10
2021-06-17 10:01:30,S,1068.75,1,9
2021-06-17 10:01:30,S,1068.8,3,12
2021-06-17 10:01:30,S,1068.9,4,19
2021-06-17 10:01:30,S,1068.95,1,9
2021-06-17 10:01:30,S,1069.2,2,5
2021-06-17 10:01:30,B,1068.0,1,14
2021-06-17 10:01:30,B,1067.5,1,1
2021-06-17 10:01:30,B,1067.45,1,16
2021-06-17 10:01:30,B,1067.1,1,10
2021-06-17 10:01:30,B,1066.75,1,1
2021-06-17 10:01:30,S,1068.75,1,9
2021-06-17 10:01:30,S,1068.8,3,12
2021-06-17 10:01:30,S,1068.9,4,19
2021-06-17 10:01:30,S,1068.95,1,9
2021-06-17 10:01:30,S,1069.2,2,5
2021-06-17 10:01:30,B,1068.0,1,14
2021-06-17 10:01:30,B,1067.5,1,1
2021-06-17 10:01:30,B,1067.45,1,16
2021-06-17 10:01:30,B,1067.1,1,10
2021-06-17 10:01:30,B,1066.75,1,1
2021-06-17 10:01:33,S,1068.75,1,9
2021-06-17 10:01:33,S,1068.8,3,12
2021-06-17 10:01:33,S,1068.9,4,19
2021-06-17 10:01:33,S,1068.95,1,9
2021-06-17 10:01:33,S,1069.2,2,5
2021-06-17 10:01:33,B,1068.0,1,13
2021-06-17 10:01:33,B,1067.5,1,1
2021-06-17 10:01:33,B,1067.45,1,16
2021-06-17 10:01:33,B,1067.35,1,1
2021-06-17 10:01:33,B,1067.1,1,10
2021-06-17 10:01:39,S,1068.8,2,9
2021-06-17 10:01:39,S,1068.95,1,9
2021-06-17 10:01:39,S,1069.2,3,6
2021-06-17 10:01:39,S,1069.25,1,3
2021-06-17 10:01:39,S,1069.45,1,2
2021-06-17 10:01:39,B,1068.05,1,1
2021-06-17 10:01:39,B,1068.0,2,213
2021-06-17 10:01:39,B,1067.65,2,11
2021-06-17 10:01:39,B,1067.45,1,16
2021-06-17 10:01:39,B,1067.35,1,1
2021-06-17 10:01:42,S,1068.8,2,9
2021-06-17 10:01:42,S,1068.95,1,9
2021-06-17 10:01:42,S,1069.2,3,6
2021-06-17 10:01:42,S,1069.25,1,3
2021-06-17 10:01:42,S,1069.45,1,2
2021-06-17 10:01:42,B,1068.05,1,1
2021-06-17 10:01:42,B,1068.0,2,213
2021-06-17 10:01:42,B,1067.65,2,11
2021-06-17 10:01:42,B,1067.45,1,16
2021-06-17 10:01:42,B,1067.35,1,1
2021-06-17 10:01:45,S,1068.8,2,9
2021-06-17 10:01:45,S,1068.95,1,9
2021-06-17 10:01:45,S,1069.25,2,4
2021-06-17 10:01:45,S,1069.5,1,7
2021-06-17 10:01:45,S,1069.55,3,12
2021-06-17 10:01:45,B,1068.5,1,5
2021-06-17 10:01:45,B,1068.05,1,1
2021-06-17 10:01:45,B,1068.0,2,213
2021-06-17 10:01:45,B,1067.65,2,11
2021-06-17 10:01:45,B,1067.45,1,16
2021-06-17 10:01:45,S,1068.8,2,9
2021-06-17 10:01:45,S,1068.95,1,9
2021-06-17 10:01:45,S,1069.25,2,4
2021-06-17 10:01:45,S,1069.5,1,7
2021-06-17 10:01:45,S,1069.55,3,12
2021-06-17 10:01:45,B,1068.5,1,5
2021-06-17 10:01:45,B,1068.05,1,1
2021-06-17 10:01:45,B,1068.0,2,213
2021-06-17 10:01:45,B,1067.65,2,11
2021-06-17 10:01:45,B,1067.45,1,16
2021-06-17 10:01:48,S,1068.8,1,8
2021-06-17 10:01:48,S,1068.95,1,9
2021-06-17 10:01:48,S,1069.25,2,4
2021-06-17 10:01:48,S,1069.5,1,7
2021-06-17 10:01:48,S,1069.55,3,12
2021-06-17 10:01:48,B,1068.5,1,5
2021-06-17 10:01:48,B,1068.25,1,1
2021-06-17 10:01:48,B,1068.2,1,9
2021-06-17 10:01:48,B,1068.0,2,213
2021-06-17 10:01:48,B,1067.8,1,1
2021-06-17 10:01:51,S,1068.8,1,8
2021-06-17 10:01:51,S,1068.95,1,9
2021-06-17 10:01:51,S,1069.2,2,4
2021-06-17 10:01:51,S,1069.25,2,4
2021-06-17 10:01:51,S,1069.5,3,19
2021-06-17 10:01:51,B,1068.5,1,5
2021-06-17 10:01:51,B,1068.05,1,1
2021-06-17 10:01:51,B,1068.0,1,13
2021-06-17 10:01:51,B,1067.85,1,10
2021-06-17 10:01:51,B,1067.8,1,1
2021-06-17 10:01:53,S,1068.8,1,8
2021-06-17 10:01:53,S,1068.95,1,9
2021-06-17 10:01:53,S,1069.2,2,4
2021-06-17 10:01:53,S,1069.25,2,4
2021-06-17 10:01:53,S,1069.5,3,19
2021-06-17 10:01:53,B,1068.5,1,5
2021-06-17 10:01:53,B,1068.05,1,1
2021-06-17 10:01:53,B,1068.0,1,13
2021-06-17 10:01:53,B,1067.85,1,10
2021-06-17 10:01:53,B,1067.8,1,1
2021-06-17 10:01:56,S,1068.8,1,8
2021-06-17 10:01:56,S,1068.95,1,9
2021-06-17 10:01:56,S,1069.2,2,4
2021-06-17 10:01:56,S,1069.25,2,4
2021-06-17 10:01:56,S,1069.5,3,19
2021-06-17 10:01:56,B,1068.5,1,5
2021-06-17 10:01:56,B,1068.05,1,1
2021-06-17 10:01:56,B,1068.0,1,13
2021-06-17 10:01:56,B,1067.85,1,10
2021-06-17 10:01:56,B,1067.8,1,1
2021-06-17 10:02:01,S,1068.8,1,8
2021-06-17 10:02:01,S,1068.95,1,9
2021-06-17 10:02:01,S,1069.2,2,4
2021-06-17 10:02:01,S,1069.25,2,4
2021-06-17 10:02:01,S,1069.5,3,19
2021-06-17 10:02:01,B,1068.5,1,5
2021-06-17 10:02:01,B,1068.05,1,1
2021-06-17 10:02:01,B,1068.0,1,13
2021-06-17 10:02:01,B,1067.85,1,10
2021-06-17 10:02:01,B,1067.8,1,1
2021-06-17 10:02:04,S,1068.8,1,8
2021-06-17 10:02:04,S,1068.95,1,9
2021-06-17 10:02:04,S,1069.2,2,4
2021-06-17 10:02:04,S,1069.25,2,4
2021-06-17 10:02:04,S,1069.5,3,19
2021-06-17 10:02:04,B,1068.5,1,5
2021-06-17 10:02:04,B,1068.05,1,1
2021-06-17 10:02:04,B,1068.0,1,13
2021-06-17 10:02:04,B,1067.8,1,1
2021-06-17 10:02:04,B,1067.45,1,16
2021-06-17 10:02:07,S,1068.8,1,8
2021-06-17 10:02:07,S,1068.95,1,9
2021-06-17 10:02:07,S,1069.2,2,4
2021-06-17 10:02:07,S,1069.25,2,4
2021-06-17 10:02:07,S,1069.5,3,19
2021-06-17 10:02:07,B,1068.5,1,5
2021-06-17 10:02:07,B,1068.05,1,1
2021-06-17 10:02:07,B,1068.0,1,13
2021-06-17 10:02:07,B,1067.8,2,10
2021-06-17 10:02:07,B,1067.45,1,16
2021-06-17 10:02:12,S,1068.8,1,8
2021-06-17 10:02:12,S,1068.95,1,9
2021-06-17 10:02:12,S,1069.2,2,4
2021-06-17 10:02:12,S,1069.25,2,4
2021-06-17 10:02:12,S,1069.5,3,19
2021-06-17 10:02:12,B,1068.5,1,5
2021-06-17 10:02:12,B,1068.05,1,1
2021-06-17 10:02:12,B,1068.0,1,13
2021-06-17 10:02:12,B,1067.8,2,10
2021-06-17 10:02:12,B,1067.45,1,16
2021-06-17 10:02:12,S,1068.8,1,8
2021-06-17 10:02:12,S,1068.95,1,9
2021-06-17 10:02:12,S,1069.2,2,4
2021-06-17 10:02:12,S,1069.25,2,4
2021-06-17 10:02:12,S,1069.5,3,19
2021-06-17 10:02:12,B,1068.5,1,5
2021-06-17 10:02:12,B,1068.05,1,1
2021-06-17 10:02:12,B,1068.0,1,13
2021-06-17 10:02:12,B,1067.8,2,10
2021-06-17 10:02:12,B,1067.45,1,16
2021-06-17 10:02:14,S,1068.8,1,3
2021-06-17 10:02:14,S,1068.95,1,9
2021-06-17 10:02:14,S,1069.2,2,4
2021-06-17 10:02:14,S,1069.25,2,4
2021-06-17 10:02:14,S,1069.5,3,19
2021-06-17 10:02:14,B,1068.5,1,5
2021-06-17 10:02:14,B,1068.05,1,1
2021-06-17 10:02:14,B,1068.0,1,13
2021-06-17 10:02:14,B,1067.8,2,10
2021-06-17 10:02:14,B,1067.45,1,16
2021-06-17 10:02:16,S,1068.8,1,3
2021-06-17 10:02:16,S,1068.95,1,9
2021-06-17 10:02:16,S,1069.2,2,4
2021-06-17 10:02:16,S,1069.25,2,4
2021-06-17 10:02:16,S,1069.5,3,19
2021-06-17 10:02:16,B,1068.5,1,5
2021-06-17 10:02:16,B,1068.05,1,1
2021-06-17 10:02:16,B,1068.0,1,13
2021-06-17 10:02:16,B,1067.8,2,10
2021-06-17 10:02:16,B,1067.45,1,16
2021-06-17 10:02:19,S,1068.8,2,11
2021-06-17 10:02:19,S,1068.95,1,9
2021-06-17 10:02:19,S,1069.0,1,9
2021-06-17 10:02:19,S,1069.15,2,5
2021-06-17 10:02:19,S,1069.2,2,4
2021-06-17 10:02:19,B,1068.0,1,13
2021-06-17 10:02:19,B,1067.85,1,1
2021-06-17 10:02:19,B,1067.8,1,1
2021-06-17 10:02:19,B,1067.45,2,25
2021-06-17 10:02:19,B,1067.35,1,1
2021-06-17 10:02:21,S,1068.8,2,11
2021-06-17 10:02:21,S,1068.95,1,9
2021-06-17 10:02:21,S,1069.1,2,12
2021-06-17 10:02:21,S,1069.15,3,15
2021-06-17 10:02:21,S,1069.2,2,4
2021-06-17 10:02:21,B,1068.0,1,13
2021-06-17 10:02:21,B,1067.85,1,1
2021-06-17 10:02:21,B,1067.8,1,1
2021-06-17 10:02:21,B,1067.45,2,25
2021-06-17 10:02:21,B,1067.35,1,1
2021-06-17 10:02:24,S,1068.8,2,11
2021-06-17 10:02:24,S,1068.95,1,9
2021-06-17 10:02:24,S,1069.1,2,12
2021-06-17 10:02:24,S,1069.15,3,15
2021-06-17 10:02:24,S,1069.2,2,4
2021-06-17 10:02:24,B,1068.0,2,14
2021-06-17 10:02:24,B,1067.85,1,1
2021-06-17 10:02:24,B,1067.8,1,1
2021-06-17 10:02:24,B,1067.45,2,25
2021-06-17 10:02:24,B,1067.35,1,1
2021-06-17 10:02:27,S,1068.8,2,11
2021-06-17 10:02:27,S,1068.95,1,9
2021-06-17 10:02:27,S,1069.1,2,12
2021-06-17 10:02:27,S,1069.15,3,15
2021-06-17 10:02:27,S,1069.2,2,4
2021-06-17 10:02:27,B,1068.0,2,14
2021-06-17 10:02:27,B,1067.85,1,1
2021-06-17 10:02:27,B,1067.8,1,1
2021-06-17 10:02:27,B,1067.45,2,25
2021-06-17 10:02:27,B,1067.35,1,1
2021-06-17 10:02:28,S,1068.8,2,11
2021-06-17 10:02:28,S,1068.95,1,9
2021-06-17 10:02:28,S,1069.1,2,12
2021-06-17 10:02:28,S,1069.15,3,15
2021-06-17 10:02:28,S,1069.2,2,4
2021-06-17 10:02:28,B,1068.0,2,14
2021-06-17 10:02:28,B,1067.85,1,1
2021-06-17 10:02:28,B,1067.8,1,1
2021-06-17 10:02:28,B,1067.45,2,25
2021-06-17 10:02:28,B,1067.35,1,1
2021-06-17 10:02:29,S,1068.0,1,9
2021-06-17 10:02:29,S,1068.1,1,7
2021-06-17 10:02:29,S,1068.15,4,23
2021-06-17 10:02:29,S,1068.2,3,13
2021-06-17 10:02:29,S,1068.25,2,9
2021-06-17 10:02:29,B,1066.4,1,1
2021-06-17 10:02:29,B,1066.35,1,3
2021-06-17 10:02:29,B,1066.3,1,7
2021-06-17 10:02:29,B,1066.1,1,7
2021-06-17 10:02:29,B,1066.0,1,11
2021-06-17 10:02:31,S,1068.0,1,9
2021-06-17 10:02:31,S,1068.1,1,7
2021-06-17 10:02:31,S,1068.15,4,23
2021-06-17 10:02:31,S,1068.2,3,13
2021-06-17 10:02:31,S,1068.25,2,9
2021-06-17 10:02:31,B,1066.4,1,1
2021-06-17 10:02:31,B,1066.35,1,3
2021-06-17 10:02:31,B,1066.3,1,7
2021-06-17 10:02:31,B,1066.1,1,7
2021-06-17 10:02:31,B,1066.0,1,11
2021-06-17 10:02:34,S,1068.0,1,9
2021-06-17 10:02:34,S,1068.1,1,7
2021-06-17 10:02:34,S,1068.15,5,24
2021-06-17 10:02:34,S,1068.2,3,13
2021-06-17 10:02:34,S,1068.25,2,9
2021-06-17 10:02:34,B,1066.4,1,1
2021-06-17 10:02:34,B,1066.35,1,3
2021-06-17 10:02:34,B,1066.3,1,7
2021-06-17 10:02:34,B,1066.1,1,7
2021-06-17 10:02:34,B,1066.0,1,11
2021-06-17 10:02:39,S,1068.0,1,9
2021-06-17 10:02:39,S,1068.1,1,7
2021-06-17 10:02:39,S,1068.15,5,24
2021-06-17 10:02:39,S,1068.2,3,13
2021-06-17 10:02:39,S,1068.25,2,9
2021-06-17 10:02:39,B,1066.4,1,1
2021-06-17 10:02:39,B,1066.35,1,3
2021-06-17 10:02:39,B,1066.3,1,7
2021-06-17 10:02:39,B,1066.1,1,7
2021-06-17 10:02:39,B,1066.0,1,11
2021-06-17 10:02:46,S,1068.0,1,9
2021-06-17 10:02:46,S,1068.1,1,7
2021-06-17 10:02:46,S,1068.15,5,24
2021-06-17 10:02:46,S,1068.2,3,13
2021-06-17 10:02:46,S,1068.25,2,9
2021-06-17 10:02:46,B,1066.4,1,1
2021-06-17 10:02:46,B,1066.35,1,3
2021-06-17 10:02:46,B,1066.3,1,7
2021-06-17 10:02:46,B,1066.1,1,7
2021-06-17 10:02:46,B,1066.0,1,11
2021-06-17 10:02:47,S,1068.15,3,14
2021-06-17 10:02:47,S,1068.2,4,14
2021-06-17 10:02:47,S,1068.25,3,10
2021-06-17 10:02:47,S,1068.3,1,7
2021-06-17 10:02:47,S,1068.35,2,5
2021-06-17 10:02:47,B,1066.6,1,1
2021-06-17 10:02:47,B,1066.55,1,5
2021-06-17 10:02:47,B,1066.35,1,3
2021-06-17 10:02:47,B,1066.3,1,7
2021-06-17 10:02:47,B,1066.25,1,1
2021-06-17 10:02:49,S,1067.85,1,9
2021-06-17 10:02:49,S,1068.15,3,14
2021-06-17 10:02:49,S,1068.2,4,14
2021-06-17 10:02:49,S,1068.25,3,10
2021-06-17 10:02:49,S,1068.3,1,7
2021-06-17 10:02:49,B,1066.6,1,1
2021-06-17 10:02:49,B,1066.55,1,5
2021-06-17 10:02:49,B,1066.35,1,3
2021-06-17 10:02:49,B,1066.3,1,7
2021-06-17 10:02:49,B,1066.1,1,7
2021-06-17 10:02:52,S,1068.0,1,10
2021-06-17 10:02:52,S,1068.15,3,14
2021-06-17 10:02:52,S,1068.2,4,14
2021-06-17 10:02:52,S,1068.25,3,10
2021-06-17 10:02:52,S,1068.3,1,7
2021-06-17 10:02:52,B,1066.6,1,1
2021-06-17 10:02:52,B,1066.55,1,5
2021-06-17 10:02:52,B,1066.35,1,3
2021-06-17 10:02:52,B,1066.3,1,7
2021-06-17 10:02:52,B,1066.1,1,7
2021-06-17 10:02:57,S,1068.0,1,10
2021-06-17 10:02:57,S,1068.15,3,14
2021-06-17 10:02:57,S,1068.2,4,14
2021-06-17 10:02:57,S,1068.25,3,10
2021-06-17 10:02:57,S,1068.3,1,7
2021-06-17 10:02:57,B,1066.6,1,1
2021-06-17 10:02:57,B,1066.55,1,5
2021-06-17 10:02:57,B,1066.35,1,3
2021-06-17 10:02:57,B,1066.3,1,7
2021-06-17 10:02:57,B,1066.1,1,7
2021-06-17 10:03:01,S,1068.0,1,10
2021-06-17 10:03:01,S,1068.15,3,14
2021-06-17 10:03:01,S,1068.2,4,14
2021-06-17 10:03:01,S,1068.25,3,10
2021-06-17 10:03:01,S,1068.3,1,7
2021-06-17 10:03:01,B,1066.6,1,1
2021-06-17 10:03:01,B,1066.55,1,5
2021-06-17 10:03:01,B,1066.35,1,3
2021-06-17 10:03:01,B,1066.3,1,7
2021-06-17 10:03:01,B,1066.1,1,7
2021-06-17 10:03:07,S,1068.0,1,10
2021-06-17 10:03:07,S,1068.15,4,15
2021-06-17 10:03:07,S,1068.2,4,14
2021-06-17 10:03:07,S,1068.25,3,10
2021-06-17 10:03:07,S,1068.3,1,7
2021-06-17 10:03:07,B,1066.6,1,1
2021-06-17 10:03:07,B,1066.55,1,5
2021-06-17 10:03:07,B,1066.35,1,3
2021-06-17 10:03:07,B,1066.3,1,7
2021-06-17 10:03:07,B,1066.1,1,7
2021-06-17 10:03:09,S,1068.1,4,9
2021-06-17 10:03:09,S,1068.15,2,3
2021-06-17 10:03:09,S,1068.2,3,11
2021-06-17 10:03:09,S,1068.25,2,8
2021-06-17 10:03:09,S,1068.3,1,7
2021-06-17 10:03:09,B,1066.45,1,1
2021-06-17 10:03:09,B,1066.4,1,7
2021-06-17 10:03:09,B,1066.35,1,3
2021-06-17 10:03:09,B,1066.3,1,7
2021-06-17 10:03:09,B,1066.25,1,9
2021-06-17 10:03:19,S,1068.1,4,9
2021-06-17 10:03:19,S,1068.15,2,3
2021-06-17 10:03:19,S,1068.2,3,11
2021-06-17 10:03:19,S,1068.25,2,8
2021-06-17 10:03:19,S,1068.3,1,7
2021-06-17 10:03:19,B,1066.45,1,1
2021-06-17 10:03:19,B,1066.4,1,7
2021-06-17 10:03:19,B,1066.35,1,3
2021-06-17 10:03:19,B,1066.3,1,7
2021-06-17 10:03:19,B,1066.25,1,9
2021-06-17 10:03:27,S,1068.1,4,9
2021-06-17 10:03:27,S,1068.15,2,3
2021-06-17 10:03:27,S,1068.2,3,11
2021-06-17 10:03:27,S,1068.25,2,8
2021-06-17 10:03:27,S,1068.3,1,7
2021-06-17 10:03:27,B,1066.45,1,1
2021-06-17 10:03:27,B,1066.4,1,7
2021-06-17 10:03:27,B,1066.35,1,3
2021-06-17 10:03:27,B,1066.3,1,7
2021-06-17 10:03:27,B,1066.1,1,7
2021-06-17 10:03:30,S,1068.1,4,9
2021-06-17 10:03:30,S,1068.15,2,3
2021-06-17 10:03:30,S,1068.2,3,11
2021-06-17 10:03:30,S,1068.25,2,8
2021-06-17 10:03:30,S,1068.3,1,7
2021-06-17 10:03:30,B,1066.45,1,1
2021-06-17 10:03:30,B,1066.4,1,7
2021-06-17 10:03:30,B,1066.35,1,3
2021-06-17 10:03:30,B,1066.3,1,7
2021-06-17 10:03:30,B,1066.25,1,10
2021-06-17 10:03:33,S,1068.1,4,9
2021-06-17 10:03:33,S,1068.15,2,3
2021-06-17 10:03:33,S,1068.2,3,11
2021-06-17 10:03:33,S,1068.25,2,8
2021-06-17 10:03:33,S,1068.3,1,7
2021-06-17 10:03:33,B,1066.45,1,1
2021-06-17 10:03:33,B,1066.4,1,7
2021-06-17 10:03:33,B,1066.35,1,3
2021-06-17 10:03:33,B,1066.3,1,7
2021-06-17 10:03:33,B,1066.25,1,10
2021-06-17 10:03:36,S,1068.1,4,9
2021-06-17 10:03:36,S,1068.15,2,3
2021-06-17 10:03:36,S,1068.2,3,11
2021-06-17 10:03:36,S,1068.25,2,8
2021-06-17 10:03:36,S,1068.3,1,7
2021-06-17 10:03:36,B,1066.45,2,10
2021-06-17 10:03:36,B,1066.4,1,7
2021-06-17 10:03:36,B,1066.35,1,3
2021-06-17 10:03:36,B,1066.3,1,7
2021-06-17 10:03:36,B,1066.1,1,7
2021-06-17 10:03:44,S,1068.1,2,4
2021-06-17 10:03:44,S,1068.15,4,8
2021-06-17 10:03:44,S,1068.2,3,11
2021-06-17 10:03:44,S,1068.25,2,8
2021-06-17 10:03:44,S,1068.3,1,7
2021-06-17 10:03:44,B,1066.45,2,10
2021-06-17 10:03:44,B,1066.4,1,7
2021-06-17 10:03:44,B,1066.35,1,3
2021-06-17 10:03:44,B,1066.3,1,7
2021-06-17 10:03:44,B,1066.2,1,1
2021-06-17 10:04:00,S,1068.1,2,4
2021-06-17 10:04:00,S,1068.15,4,8
2021-06-17 10:04:00,S,1068.2,3,11
2021-06-17 10:04:00,S,1068.25,2,8
2021-06-17 10:04:00,S,1068.3,1,7
2021-06-17 10:04:00,B,1066.45,2,10
2021-06-17 10:04:00,B,1066.4,1,7
2021-06-17 10:04:00,B,1066.35,1,3
2021-06-17 10:04:00,B,1066.3,1,7
2021-06-17 10:04:00,B,1066.2,1,1
2021-06-17 10:04:02,S,1068.1,2,4
2021-06-17 10:04:02,S,1068.15,4,8
2021-06-17 10:04:02,S,1068.2,3,11
2021-06-17 10:04:02,S,1068.25,2,8
2021-06-17 10:04:02,S,1068.3,1,7
2021-06-17 10:04:02,B,1066.45,2,10
2021-06-17 10:04:02,B,1066.4,1,7
2021-06-17 10:04:02,B,1066.35,1,3
2021-06-17 10:04:02,B,1066.3,1,7
2021-06-17 10:04:02,B,1066.2,1,1
2021-06-17 10:04:04,S,1068.0,1,9
2021-06-17 10:04:04,S,1068.1,2,4
2021-06-17 10:04:04,S,1068.15,4,8
2021-06-17 10:04:04,S,1068.2,3,11
2021-06-17 10:04:04,S,1068.25,2,8
2021-06-17 10:04:04,B,1066.45,2,10
2021-06-17 10:04:04,B,1066.4,1,7
2021-06-17 10:04:04,B,1066.35,1,3
2021-06-17 10:04:04,B,1066.3,1,7
2021-06-17 10:04:04,B,1066.2,1,1
2021-06-17 10:04:06,S,1068.0,1,9
2021-06-17 10:04:06,S,1068.1,2,4
2021-06-17 10:04:06,S,1068.15,4,8
2021-06-17 10:04:06,S,1068.2,3,11
2021-06-17 10:04:06,S,1068.25,2,8
2021-06-17 10:04:06,B,1066.45,2,10
2021-06-17 10:04:06,B,1066.4,1,7
2021-06-17 10:04:06,B,1066.35,1,3
2021-06-17 10:04:06,B,1066.3,1,7
2021-06-17 10:04:06,B,1066.2,1,1
2021-06-17 10:04:07,S,1066.8,1,2
2021-06-17 10:04:07,S,1066.85,1,3
2021-06-17 10:04:07,S,1067.4,1,3
2021-06-17 10:04:07,S,1067.45,1,2
2021-06-17 10:04:07,S,1067.5,2,8
2021-06-17 10:04:07,B,1065.6,1,2
2021-06-17 10:04:07,B,1065.55,1,4
2021-06-17 10:04:07,B,1065.5,1,7
2021-06-17 10:04:07,B,1065.45,1,253
2021-06-17 10:04:07,B,1065.2,1,9
2021-06-17 10:04:10,S,1066.8,1,2
2021-06-17 10:04:10,S,1066.85,1,3
2021-06-17 10:04:10,S,1067.05,2,10
2021-06-17 10:04:10,S,1067.35,1,7
2021-06-17 10:04:10,S,1067.4,1,3
2021-06-17 10:04:10,B,1065.6,1,2
2021-06-17 10:04:10,B,1065.55,1,4
2021-06-17 10:04:10,B,1065.5,1,7
2021-06-17 10:04:10,B,1065.45,1,253
2021-06-17 10:04:10,B,1065.2,1,9
2021-06-17 10:04:12,S,1066.95,1,2
2021-06-17 10:04:12,S,1067.0,2,4
2021-06-17 10:04:12,S,1067.2,5,15
2021-06-17 10:04:12,S,1067.25,1,7
2021-06-17 10:04:12,S,1067.3,1,3
2021-06-17 10:04:12,B,1065.6,1,2
2021-06-17 10:04:12,B,1065.55,1,4
2021-06-17 10:04:12,B,1065.5,1,7
2021-06-17 10:04:12,B,1065.45,1,253
2021-06-17 10:04:12,B,1065.15,1,21
2021-06-17 10:04:15,S,1066.95,2,12
2021-06-17 10:04:15,S,1067.0,2,4
2021-06-17 10:04:15,S,1067.15,2,8
2021-06-17 10:04:15,S,1067.2,2,8
2021-06-17 10:04:15,S,1067.25,2,9
2021-06-17 10:04:15,B,1065.6,1,2
2021-06-17 10:04:15,B,1065.55,1,4
2021-06-17 10:04:15,B,1065.5,1,7
2021-06-17 10:04:15,B,1065.45,1,253
2021-06-17 10:04:15,B,1065.15,2,31
2021-06-17 10:04:28,S,1066.95,2,12
2021-06-17 10:04:28,S,1067.0,2,4
2021-06-17 10:04:28,S,1067.15,2,8
2021-06-17 10:04:28,S,1067.2,2,8
2021-06-17 10:04:28,S,1067.25,2,9
2021-06-17 10:04:28,B,1065.6,1,2
2021-06-17 10:04:28,B,1065.55,1,4
2021-06-17 10:04:28,B,1065.5,1,7
2021-06-17 10:04:28,B,1065.45,1,253
2021-06-17 10:04:28,B,1065.15,2,31
2021-06-17 10:04:30,S,1067.05,1,7
2021-06-17 10:04:30,S,1067.1,2,8
2021-06-17 10:04:30,S,1067.15,2,8
2021-06-17 10:04:30,S,1067.2,2,8
2021-06-17 10:04:30,S,1067.25,2,9
2021-06-17 10:04:30,B,1065.6,1,2
2021-06-17 10:04:30,B,1065.55,1,4
2021-06-17 10:04:30,B,1065.5,1,7
2021-06-17 10:04:30,B,1065.45,1,253
2021-06-17 10:04:30,B,1065.2,1,9
2021-06-17 10:04:32,S,1067.05,1,7
2021-06-17 10:04:32,S,1067.1,2,8
2021-06-17 10:04:32,S,1067.15,2,8
2021-06-17 10:04:32,S,1067.2,2,8
2021-06-17 10:04:32,S,1067.25,2,9
2021-06-17 10:04:32,B,1065.6,1,2
2021-06-17 10:04:32,B,1065.55,1,4
2021-06-17 10:04:32,B,1065.5,1,7
2021-06-17 10:04:32,B,1065.45,1,253
2021-06-17 10:04:32,B,1065.2,1,9
2021-06-17 10:04:34,S,1067.05,1,7
2021-06-17 10:04:34,S,1067.1,2,8
2021-06-17 10:04:34,S,1067.15,2,8
2021-06-17 10:04:34,S,1067.2,2,8
2021-06-17 10:04:34,S,1067.25,2,9
2021-06-17 10:04:34,B,1065.6,1,2
2021-06-17 10:04:34,B,1065.55,1,4
2021-06-17 10:04:34,B,1065.5,1,7
2021-06-17 10:04:34,B,1065.45,1,253
2021-06-17 10:04:34,B,1065.2,1,9
2021-06-17 10:04:42,S,1067.05,1,7
2021-06-17 10:04:42,S,1067.1,4,20
2021-06-17 10:04:42,S,1067.15,3,18
2021-06-17 10:04:42,S,1067.2,2,8
2021-06-17 10:04:42,S,1067.25,2,9
2021-06-17 10:04:42,B,1065.6,1,2
2021-06-17 10:04:42,B,1065.55,1,4
2021-06-17 10:04:42,B,1065.5,1,7
2021-06-17 10:04:42,B,1065.45,1,253
2021-06-17 10:04:42,B,1065.2,1,9
2021-06-17 10:04:44,S,1067.4,1,3
2021-06-17 10:04:44,S,1067.75,3,7
2021-06-17 10:04:44,S,1067.8,2,4
2021-06-17 10:04:44,S,1068.0,1,2
2021-06-17 10:04:44,S,1068.1,2,3
2021-06-17 10:04:44,B,1065.85,2,10
2021-06-17 10:04:44,B,1065.55,1,4
2021-06-17 10:04:44,B,1065.5,1,7
2021-06-17 10:04:44,B,1065.45,1,253
2021-06-17 10:04:44,B,1065.15,2,22
2021-06-17 10:04:46,S,1067.7,1,2
2021-06-17 10:04:46,S,1067.75,3,6
2021-06-17 10:04:46,S,1067.8,2,4
2021-06-17 10:04:46,S,1068.0,3,12
2021-06-17 10:04:46,S,1068.1,2,3
2021-06-17 10:04:46,B,1066.45,1,2
2021-06-17 10:04:46,B,1066.4,1,9
2021-06-17 10:04:46,B,1065.9,1,1
2021-06-17 10:04:46,B,1065.7,1,8
2021-06-17 10:04:46,B,1065.6,1,7
2021-06-17 10:04:51,S,1067.7,1,2
2021-06-17 10:04:51,S,1067.75,3,6
2021-06-17 10:04:51,S,1067.8,2,4
2021-06-17 10:04:51,S,1068.0,3,12
2021-06-17 10:04:51,S,1068.1,2,3
2021-06-17 10:04:51,B,1066.45,1,2
2021-06-17 10:04:51,B,1066.4,1,9
2021-06-17 10:04:51,B,1065.9,1,1
2021-06-17 10:04:51,B,1065.7,1,8
2021-06-17 10:04:51,B,1065.6,1,7
2021-06-17 10:04:54,S,1066.95,1,2
2021-06-17 10:04:54,S,1067.0,1,9
2021-06-17 10:04:54,S,1067.05,2,4
2021-06-17 10:04:54,S,1067.15,2,8
2021-06-17 10:04:54,S,1067.3,2,4
2021-06-17 10:04:54,B,1065.65,1,2
2021-06-17 10:04:54,B,1065.6,1,7
2021-06-17 10:04:54,B,1065.55,1,4
2021-06-17 10:04:54,B,1065.5,1,7
2021-06-17 10:04:54,B,1065.45,1,253
2021-06-17 10:04:58,S,1066.95,1,2
2021-06-17 10:04:58,S,1067.0,1,9
2021-06-17 10:04:58,S,1067.05,2,4
2021-06-17 10:04:58,S,1067.15,2,8
2021-06-17 10:04:58,S,1067.3,2,4
2021-06-17 10:04:58,B,1065.65,1,2
2021-06-17 10:04:58,B,1065.6,1,7
2021-06-17 10:04:58,B,1065.55,1,4
2021-06-17 10:04:58,B,1065.5,1,7
2021-06-17 10:04:58,B,1065.45,1,253
2021-06-17 10:05:04,S,1066.95,1,2
2021-06-17 10:05:04,S,1067.0,1,9
2021-06-17 10:05:04,S,1067.05,2,4
2021-06-17 10:05:04,S,1067.15,2,8
2021-06-17 10:05:04,S,1067.3,2,4
2021-06-17 10:05:04,B,1065.65,1,2
2021-06-17 10:05:04,B,1065.6,1,7
2021-06-17 10:05:04,B,1065.55,1,4
2021-06-17 10:05:04,B,1065.5,1,7
2021-06-17 10:05:04,B,1065.45,1,253
2021-06-17 10:05:14,S,1066.95,1,2
2021-06-17 10:05:14,S,1067.0,1,9
2021-06-17 10:05:14,S,1067.05,2,4
2021-06-17 10:05:14,S,1067.15,2,8
2021-06-17 10:05:14,S,1067.3,2,4
2021-06-17 10:05:14,B,1065.65,1,2
2021-06-17 10:05:14,B,1065.6,1,7
2021-06-17 10:05:14,B,1065.55,1,4
2021-06-17 10:05:14,B,1065.5,1,7
2021-06-17 10:05:14,B,1065.45,1,253
2021-06-17 10:05:15,S,1067.15,2,4
2021-06-17 10:05:15,S,1067.2,1,7
2021-06-17 10:05:15,S,1067.25,1,7
2021-06-17 10:05:15,S,1067.3,2,4
2021-06-17 10:05:15,S,1067.35,3,14
2021-06-17 10:05:15,B,1065.7,1,2
2021-06-17 10:05:15,B,1065.65,1,5
2021-06-17 10:05:15,B,1065.6,1,7
2021-06-17 10:05:15,B,1065.55,1,4
2021-06-17 10:05:15,B,1065.5,1,7
2021-06-17 10:05:18,S,1067.15,3,11
2021-06-17 10:05:18,S,1067.2,1,7
2021-06-17 10:05:18,S,1067.25,3,19
2021-06-17 10:05:18,S,1067.3,3,13
2021-06-17 10:05:18,S,1067.35,1,2
2021-06-17 10:05:18,B,1065.7,1,2
2021-06-17 10:05:18,B,1065.65,1,5
2021-06-17 10:05:18,B,1065.6,1,7
2021-06-17 10:05:18,B,1065.55,1,4
2021-06-17 10:05:18,B,1065.5,1,7
2021-06-17 10:05:25,S,1067.15,3,11
2021-06-17 10:05:25,S,1067.2,1,7
2021-06-17 10:05:25,S,1067.25,4,20
2021-06-17 10:05:25,S,1067.3,3,13
2021-06-17 10:05:25,S,1067.35,1,2
2021-06-17 10:05:25,B,1065.7,1,2
2021-06-17 10:05:25,B,1065.65,1,5
2021-06-17 10:05:25,B,1065.6,1,7
2021-06-17 10:05:25,B,1065.55,1,4
2021-06-17 10:05:25,B,1065.5,2,17
2021-06-17 10:05:28,S,1067.15,3,11
2021-06-17 10:05:28,S,1067.2,1,7
2021-06-17 10:05:28,S,1067.25,4,20
2021-06-17 10:05:28,S,1067.3,3,13
2021-06-17 10:05:28,S,1067.35,1,2
2021-06-17 10:05:28,B,1065.7,2,8
2021-06-17 10:05:28,B,1065.6,1,7
2021-06-17 10:05:28,B,1065.55,1,4
2021-06-17 10:05:28,B,1065.5,2,17
2021-06-17 10:05:28,B,1065.45,1,253
2021-06-17 10:05:33,S,1067.55,1,1
2021-06-17 10:05:33,S,1067.6,2,8
2021-06-17 10:05:33,S,1067.8,2,4
2021-06-17 10:05:33,S,1067.9,1,1
2021-06-17 10:05:33,S,1067.95,2,8
2021-06-17 10:05:33,B,1066.3,1,2
2021-06-17 10:05:33,B,1066.25,1,10
2021-06-17 10:05:33,B,1065.75,2,10
2021-06-17 10:05:33,B,1065.6,1,7
2021-06-17 10:05:33,B,1065.55,1,4
2021-06-17 10:05:36,S,1067.55,1,1
2021-06-17 10:05:36,S,1067.6,2,8
2021-06-17 10:05:36,S,1067.8,2,4
2021-06-17 10:05:36,S,1067.9,1,1
2021-06-17 10:05:36,S,1067.95,2,8
2021-06-17 10:05:36,B,1066.45,1,2
2021-06-17 10:05:36,B,1066.4,1,10
2021-06-17 10:05:36,B,1065.75,2,10
2021-06-17 10:05:36,B,1065.6,1,7
2021-06-17 10:05:36,B,1065.55,1,4
2021-06-17 10:05:38,S,1067.55,1,1
2021-06-17 10:05:38,S,1067.6,2,8
2021-06-17 10:05:38,S,1067.8,2,4
2021-06-17 10:05:38,S,1067.9,1,1
2021-06-17 10:05:38,S,1067.95,2,8
2021-06-17 10:05:38,B,1066.45,1,2
2021-06-17 10:05:38,B,1066.4,1,10
2021-06-17 10:05:38,B,1065.75,2,10
2021-06-17 10:05:38,B,1065.6,1,7
2021-06-17 10:05:38,B,1065.55,1,4
2021-06-17 10:05:45,S,1067.8,2,4
2021-06-17 10:05:45,S,1067.9,2,2
2021-06-17 10:05:45,S,1067.95,2,8
2021-06-17 10:05:45,S,1068.0,6,32
2021-06-17 10:05:45,S,1068.1,1,2
2021-06-17 10:05:45,B,1067.1,1,6
2021-06-17 10:05:45,B,1066.25,1,2
2021-06-17 10:05:45,B,1066.2,1,1
2021-06-17 10:05:45,B,1065.75,2,10
2021-06-17 10:05:45,B,1065.6,1,7
2021-06-17 10:05:48,S,1067.8,2,4
2021-06-17 10:05:48,S,1067.9,2,2
2021-06-17 10:05:48,S,1067.95,2,8
2021-06-17 10:05:48,S,1068.0,6,32
2021-06-17 10:05:48,S,1068.1,1,2
2021-06-17 10:05:48,B,1067.1,1,6
2021-06-17 10:05:48,B,1066.4,1,2
2021-06-17 10:05:48,B,1066.35,1,9
2021-06-17 10:05:48,B,1066.2,1,1
2021-06-17 10:05:48,B,1065.75,2,10
2021-06-17 10:05:51,S,1068.3,1,9
2021-06-17 10:05:51,S,1068.35,1,3
2021-06-17 10:05:51,S,1068.4,2,8
2021-06-17 10:05:51,S,1068.45,3,13
2021-06-17 10:05:51,S,1068.5,2,67
2021-06-17 10:05:51,B,1067.55,1,10
2021-06-17 10:05:51,B,1067.15,1,2
2021-06-17 10:05:51,B,1067.1,1,6
2021-06-17 10:05:51,B,1066.8,1,1
2021-06-17 10:05:51,B,1066.6,1,10
2021-06-17 10:05:56,S,1068.3,1,9
2021-06-17 10:05:56,S,1068.35,1,3
2021-06-17 10:05:56,S,1068.4,2,8
2021-06-17 10:05:56,S,1068.45,3,13
2021-06-17 10:05:56,S,1068.5,2,67
2021-06-17 10:05:56,B,1067.55,1,10
2021-06-17 10:05:56,B,1067.15,1,2
2021-06-17 10:05:56,B,1067.1,1,6
2021-06-17 10:05:56,B,1067.0,1,5
2021-06-17 10:05:56,B,1066.8,1,1
2021-06-17 10:06:02,S,1068.3,1,9
2021-06-17 10:06:02,S,1068.35,1,3
2021-06-17 10:06:02,S,1068.4,2,8
2021-06-17 10:06:02,S,1068.45,3,13
2021-06-17 10:06:02,S,1068.5,2,67
2021-06-17 10:06:02,B,1067.55,1,10
2021-06-17 10:06:02,B,1067.15,1,2
2021-06-17 10:06:02,B,1067.1,1,6
2021-06-17 10:06:02,B,1067.0,1,5
2021-06-17 10:06:02,B,1066.8,1,1
2021-06-17 10:06:04,S,1068.3,1,9
2021-06-17 10:06:04,S,1068.35,1,3
2021-06-17 10:06:04,S,1068.4,2,8
2021-06-17 10:06:04,S,1068.45,3,13
2021-06-17 10:06:04,S,1068.5,2,67
2021-06-17 10:06:04,B,1067.55,1,10
2021-06-17 10:06:04,B,1067.15,1,2
2021-06-17 10:06:04,B,1067.1,1,6
2021-06-17 10:06:04,B,1067.0,1,5
2021-06-17 10:06:04,B,1066.8,1,1
2021-06-17 10:06:04,S,1067.5,2,12
2021-06-17 10:06:04,S,1067.55,1,40
2021-06-17 10:06:04,S,1068.2,3,10
2021-06-17 10:06:04,S,1068.25,1,9
2021-06-17 10:06:04,S,1068.4,2,11
2021-06-17 10:06:04,B,1067.0,1,5
2021-06-17 10:06:04,B,1066.25,1,2
2021-06-17 10:06:04,B,1066.2,1,1
2021-06-17 10:06:04,B,1065.9,1,7
2021-06-17 10:06:04,B,1065.85,1,4
2021-06-17 10:06:07,S,1067.5,2,12
2021-06-17 10:06:07,S,1067.55,1,40
2021-06-17 10:06:07,S,1067.65,1,3
2021-06-17 10:06:07,S,1068.05,1,3
2021-06-17 10:06:07,S,1068.2,3,10
2021-06-17 10:06:07,B,1067.0,1,5
2021-06-17 10:06:07,B,1066.35,1,2
2021-06-17 10:06:07,B,1066.3,1,9
2021-06-17 10:06:07,B,1066.2,1,1
2021-06-17 10:06:07,B,1065.9,1,7
2021-06-17 10:06:13,S,1067.5,2,12
2021-06-17 10:06:13,S,1067.55,1,40
2021-06-17 10:06:13,S,1067.65,1,3
2021-06-17 10:06:13,S,1068.05,1,3
2021-06-17 10:06:13,S,1068.2,3,10
2021-06-17 10:06:13,B,1067.0,1,5
2021-06-17 10:06:13,B,1066.35,1,2
2021-06-17 10:06:13,B,1066.3,1,9
2021-06-17 10:06:13,B,1066.2,1,1
2021-06-17 10:06:13,B,1065.9,1,7
2021-06-17 10:06:14,S,1066.9,2,5
2021-06-17 10:06:14,S,1066.95,3,18
2021-06-17 10:06:14,S,1067.1,2,8
2021-06-17 10:06:14,S,1067.15,1,7
2021-06-17 10:06:14,S,1067.2,2,8
2021-06-17 10:06:14,B,1065.55,1,2
2021-06-17 10:06:14,B,1065.5,1,10
2021-06-17 10:06:14,B,1065.45,1,253
2021-06-17 10:06:14,B,1065.15,1,21
2021-06-17 10:06:14,B,1065.0,4,29
2021-06-17 10:06:16,S,1066.8,1,2
2021-06-17 10:06:16,S,1066.85,2,10
2021-06-17 10:06:16,S,1066.9,2,4
2021-06-17 10:06:16,S,1066.95,2,8
2021-06-17 10:06:16,S,1067.1,2,8
2021-06-17 10:06:16,B,1065.55,1,2
2021-06-17 10:06:16,B,1065.5,1,10
2021-06-17 10:06:16,B,1065.45,1,253
2021-06-17 10:06:16,B,1065.25,1,9
2021-06-17 10:06:16,B,1065.15,1,21
2021-06-17 10:06:18,S,1066.8,1,2
2021-06-17 10:06:18,S,1066.85,2,10
2021-06-17 10:06:18,S,1066.9,2,4
2021-06-17 10:06:18,S,1066.95,2,8
2021-06-17 10:06:18,S,1067.1,2,8
2021-06-17 10:06:18,B,1065.55,1,2
2021-06-17 10:06:18,B,1065.5,1,10
2021-06-17 10:06:18,B,1065.45,1,253
2021-06-17 10:06:18,B,1065.25,1,9
2021-06-17 10:06:18,B,1065.15,1,21
2021-06-17 10:06:21,S,1066.8,1,2
2021-06-17 10:06:21,S,1066.85,2,10
2021-06-17 10:06:21,S,1066.9,2,4
2021-06-17 10:06:21,S,1066.95,2,8
2021-06-17 10:06:21,S,1067.1,2,8
2021-06-17 10:06:21,B,1065.55,1,2
2021-06-17 10:06:21,B,1065.5,1,10
2021-06-17 10:06:21,B,1065.45,1,253
2021-06-17 10:06:21,B,1065.25,1,9
2021-06-17 10:06:21,B,1065.15,1,21
2021-06-17 10:06:22,S,1066.8,1,2
2021-06-17 10:06:22,S,1066.85,2,10
2021-06-17 10:06:22,S,1066.9,2,4
2021-06-17 10:06:22,S,1066.95,2,8
2021-06-17 10:06:22,S,1067.1,2,8
2021-06-17 10:06:22,B,1065.55,1,2
2021-06-17 10:06:22,B,1065.5,1,10
2021-06-17 10:06:22,B,1065.45,1,253
2021-06-17 10:06:22,B,1065.25,1,9
2021-06-17 10:06:22,B,1065.15,1,21
2021-06-17 10:06:35,S,1066.8,1,1
2021-06-17 10:06:35,S,1066.85,1,9
2021-06-17 10:06:35,S,1066.9,2,4
2021-06-17 10:06:35,S,1066.95,2,8
2021-06-17 10:06:35,S,1067.1,2,8
2021-06-17 10:06:35,B,1065.55,1,2
2021-06-17 10:06:35,B,1065.5,1,10
2021-06-17 10:06:35,B,1065.45,1,253
2021-06-17 10:06:35,B,1065.25,1,9
2021-06-17 10:06:35,B,1065.15,1,21
2021-06-17 10:06:37,S,1066.8,1,1
2021-06-17 10:06:37,S,1066.85,1,9
2021-06-17 10:06:37,S,1066.9,1,3
2021-06-17 10:06:37,S,1066.95,2,8
2021-06-17 10:06:37,S,1067.1,2,8
2021-06-17 10:06:37,B,1065.55,1,2
2021-06-17 10:06:37,B,1065.5,1,10
2021-06-17 10:06:37,B,1065.45,1,253
2021-06-17 10:06:37,B,1065.25,1,9
2021-06-17 10:06:37,B,1065.15,1,21
2021-06-17 10:06:42,S,1066.85,1,1
2021-06-17 10:06:42,S,1066.9,2,4
2021-06-17 10:06:42,S,1066.95,1,7
2021-06-17 10:06:42,S,1067.05,2,12
2021-06-17 10:06:42,S,1067.1,3,17
2021-06-17 10:06:42,B,1065.55,1,2
2021-06-17 10:06:42,B,1065.5,1,10
2021-06-17 10:06:42,B,1065.45,1,253
2021-06-17 10:06:42,B,1065.25,1,9
2021-06-17 10:06:42,B,1065.15,2,26
2021-06-17 10:06:45,S,1066.85,1,1
2021-06-17 10:06:45,S,1066.9,2,4
2021-06-17 10:06:45,S,1066.95,1,7
2021-06-17 10:06:45,S,1067.05,2,12
2021-06-17 10:06:45,S,1067.1,3,17
2021-06-17 10:06:45,B,1065.55,1,2
2021-06-17 10:06:45,B,1065.5,1,10
2021-06-17 10:06:45,B,1065.45,1,253
2021-06-17 10:06:45,B,1065.25,1,9
2021-06-17 10:06:45,B,1065.15,2,26
2021-06-17 10:06:46,S,1067.5,2,2
2021-06-17 10:06:46,S,1067.55,1,1
2021-06-17 10:06:46,S,1067.65,1,3
2021-06-17 10:06:46,S,1067.85,1,9
2021-06-17 10:06:46,S,1067.9,2,5
2021-06-17 10:06:46,B,1066.3,1,2
2021-06-17 10:06:46,B,1066.25,1,10
2021-06-17 10:06:46,B,1065.5,3,12
2021-06-17 10:06:46,B,1065.45,2,254
2021-06-17 10:06:46,B,1065.3,1,1
2021-06-17 10:06:51,S,1067.35,1,2
2021-06-17 10:06:51,S,1067.4,1,2
2021-06-17 10:06:51,S,1067.45,2,5
2021-06-17 10:06:51,S,1067.55,1,1
2021-06-17 10:06:51,S,1067.65,1,3
2021-06-17 10:06:51,B,1065.55,1,1
2021-06-17 10:06:51,B,1065.5,2,11
2021-06-17 10:06:51,B,1065.45,1,253
2021-06-17 10:06:51,B,1065.15,2,26
2021-06-17 10:06:51,B,1065.05,1,1
2021-06-17 10:06:53,S,1067.35,1,2
2021-06-17 10:06:53,S,1067.4,1,2
2021-06-17 10:06:53,S,1067.45,2,5
2021-06-17 10:06:53,S,1067.55,1,1
2021-06-17 10:06:53,S,1067.65,1,3
2021-06-17 10:06:53,B,1065.55,1,1
2021-06-17 10:06:53,B,1065.5,2,11
2021-06-17 10:06:53,B,1065.45,1,253
2021-06-17 10:06:53,B,1065.15,2,26
2021-06-17 10:06:53,B,1065.05,1,1
2021-06-17 10:06:54,S,1067.2,2,5
2021-06-17 10:06:54,S,1067.25,1,10
2021-06-17 10:06:54,S,1067.35,1,2
2021-06-17 10:06:54,S,1067.45,2,5
2021-06-17 10:06:54,S,1067.5,1,5
2021-06-17 10:06:54,B,1065.5,2,9
2021-06-17 10:06:54,B,1065.45,1,253
2021-06-17 10:06:54,B,1065.15,2,26
2021-06-17 10:06:54,B,1065.05,1,1
2021-06-17 10:06:54,B,1065.0,4,29
2021-06-17 10:06:54,S,1067.2,2,5
2021-06-17 10:06:54,S,1067.25,1,10
2021-06-17 10:06:54,S,1067.35,1,2
2021-06-17 10:06:54,S,1067.45,2,5
2021-06-17 10:06:54,S,1067.5,1,5
2021-06-17 10:06:54,B,1065.5,2,9
2021-06-17 10:06:54,B,1065.45,1,253
2021-06-17 10:06:54,B,1065.15,2,26
2021-06-17 10:06:54,B,1065.05,1,1
2021-06-17 10:06:54,B,1065.0,4,29
2021-06-17 10:06:57,S,1067.2,2,5
2021-06-17 10:06:57,S,1067.35,1,10
2021-06-17 10:06:57,S,1067.55,1,1
2021-06-17 10:06:57,S,1067.65,1,3
2021-06-17 10:06:57,S,1067.85,1,1
2021-06-17 10:06:57,B,1065.5,2,9
2021-06-17 10:06:57,B,1065.45,1,253
2021-06-17 10:06:57,B,1065.15,2,26
2021-06-17 10:06:57,B,1065.0,3,25
2021-06-17 10:06:57,B,1064.6,1,1
2021-06-17 10:07:07,S,1067.0,1,2
2021-06-17 10:07:07,S,1067.05,1,10
2021-06-17 10:07:07,S,1067.2,1,3
2021-06-17 10:07:07,S,1067.45,2,8
2021-06-17 10:07:07,S,1067.5,1,7
2021-06-17 10:07:07,B,1065.5,2,9
2021-06-17 10:07:07,B,1065.45,1,253
2021-06-17 10:07:07,B,1065.15,2,26
2021-06-17 10:07:07,B,1065.0,3,25
2021-06-17 10:07:07,B,1064.6,1,1
2021-06-17 10:07:09,S,1067.0,1,2
2021-06-17 10:07:09,S,1067.05,1,10
2021-06-17 10:07:09,S,1067.2,1,3
2021-06-17 10:07:09,S,1067.45,2,8
2021-06-17 10:07:09,S,1067.5,1,7
2021-06-17 10:07:09,B,1065.5,2,9
2021-06-17 10:07:09,B,1065.45,1,253
2021-06-17 10:07:09,B,1065.15,2,26
2021-06-17 10:07:09,B,1065.0,3,25
2021-06-17 10:07:09,B,1064.6,1,1
2021-06-17 10:07:10,S,1066.9,1,2
2021-06-17 10:07:10,S,1066.95,1,9
2021-06-17 10:07:10,S,1067.2,1,3
2021-06-17 10:07:10,S,1067.35,1,7
2021-06-17 10:07:10,S,1067.4,1,7
2021-06-17 10:07:10,B,1065.55,1,2
2021-06-17 10:07:10,B,1065.5,2,9
2021-06-17 10:07:10,B,1065.45,1,253
2021-06-17 10:07:10,B,1065.15,2,26
2021-06-17 10:07:10,B,1065.0,3,25
2021-06-17 10:07:13,S,1066.9,1,2
2021-06-17 10:07:13,S,1066.95,1,9
2021-06-17 10:07:13,S,1067.2,1,3
2021-06-17 10:07:13,S,1067.35,1,7
2021-06-17 10:07:13,S,1067.4,1,7
2021-06-17 10:07:13,B,1065.55,1,2
2021-06-17 10:07:13,B,1065.5,2,9
2021-06-17 10:07:13,B,1065.45,1,253
2021-06-17 10:07:13,B,1065.15,2,26
2021-06-17 10:07:13,B,1065.0,3,25
2021-06-17 10:07:15,S,1067.15,1,2
2021-06-17 10:07:15,S,1067.2,1,3
2021-06-17 10:07:15,S,1067.3,1,9
2021-06-17 10:07:15,S,1067.35,1,7
2021-06-17 10:07:15,S,1067.4,1,7
2021-06-17 10:07:15,B,1066.05,1,2
2021-06-17 10:07:15,B,1066.0,1,5
2021-06-17 10:07:15,B,1065.5,2,9
2021-06-17 10:07:15,B,1065.45,1,253
2021-06-17 10:07:15,B,1065.15,2,26
2021-06-17 10:07:19,S,1067.15,1,2
2021-06-17 10:07:19,S,1067.2,1,3
2021-06-17 10:07:19,S,1067.3,1,9
2021-06-17 10:07:19,S,1067.35,1,7
2021-06-17 10:07:19,S,1067.4,1,7
2021-06-17 10:07:19,B,1066.05,1,2
2021-06-17 10:07:19,B,1066.0,1,5
2021-06-17 10:07:19,B,1065.5,2,9
2021-06-17 10:07:19,B,1065.45,1,253
2021-06-17 10:07:19,B,1065.15,2,26
2021-06-17 10:07:20,S,1066.6,1,2
2021-06-17 10:07:20,S,1066.65,1,10
2021-06-17 10:07:20,S,1066.75,1,3
2021-06-17 10:07:20,S,1067.05,1,7
2021-06-17 10:07:20,S,1067.1,1,1
2021-06-17 10:07:20,B,1065.5,1,5
2021-06-17 10:07:20,B,1065.45,1,253
2021-06-17 10:07:20,B,1065.15,1,21
2021-06-17 10:07:20,B,1065.0,3,25
2021-06-17 10:07:20,B,1064.6,1,1
2021-06-17 10:07:22,S,1066.6,1,2
2021-06-17 10:07:22,S,1066.65,1,10
2021-06-17 10:07:22,S,1066.75,1,3
2021-06-17 10:07:22,S,1067.05,1,7
2021-06-17 10:07:22,S,1067.1,1,1
2021-06-17 10:07:22,B,1065.5,1,5
2021-06-17 10:07:22,B,1065.45,1,253
2021-06-17 10:07:22,B,1065.15,1,21
2021-06-17 10:07:22,B,1065.0,3,25
2021-06-17 10:07:22,B,1064.6,1,1
2021-06-17 10:07:23,S,1067.15,1,2
2021-06-17 10:07:23,S,1067.2,2,10
2021-06-17 10:07:23,S,1067.3,1,7
2021-06-17 10:07:23,S,1067.35,1,7
2021-06-17 10:07:23,S,1067.4,1,7
2021-06-17 10:07:23,B,1065.75,1,2
2021-06-17 10:07:23,B,1065.7,1,6
2021-06-17 10:07:23,B,1065.65,1,7
2021-06-17 10:07:23,B,1065.5,2,7
2021-06-17 10:07:23,B,1065.45,1,253
2021-06-17 10:07:26,S,1067.15,1,2
2021-06-17 10:07:26,S,1067.2,2,10
2021-06-17 10:07:26,S,1067.3,1,7
2021-06-17 10:07:26,S,1067.35,1,7
2021-06-17 10:07:26,S,1067.4,1,7
2021-06-17 10:07:26,B,1066.2,1,2
2021-06-17 10:07:26,B,1066.15,1,9
2021-06-17 10:07:26,B,1065.7,1,6
2021-06-17 10:07:26,B,1065.65,1,7
2021-06-17 10:07:26,B,1065.5,2,7
2021-06-17 10:07:31,S,1067.15,1,2
2021-06-17 10:07:31,S,1067.2,2,10
2021-06-17 10:07:31,S,1067.3,1,7
2021-06-17 10:07:31,S,1067.35,1,7
2021-06-17 10:07:31,S,1067.4,1,7
2021-06-17 10:07:31,B,1066.2,1,2
2021-06-17 10:07:31,B,1066.15,1,9
2021-06-17 10:07:31,B,1065.7,1,6
2021-06-17 10:07:31,B,1065.65,1,7
2021-06-17 10:07:31,B,1065.5,2,7
2021-06-17 10:07:34,S,1067.15,1,2
2021-06-17 10:07:34,S,1067.2,2,10
2021-06-17 10:07:34,S,1067.3,1,7
2021-06-17 10:07:34,S,1067.35,1,7
2021-06-17 10:07:34,S,1067.4,1,7
2021-06-17 10:07:34,B,1066.2,1,2
2021-06-17 10:07:34,B,1066.15,1,9
2021-06-17 10:07:34,B,1065.7,1,6
2021-06-17 10:07:34,B,1065.65,1,7
2021-06-17 10:07:34,B,1065.5,2,7
2021-06-17 10:07:36,S,1067.95,1,2
2021-06-17 10:07:36,S,1068.0,2,11
2021-06-17 10:07:36,S,1068.3,2,5
2021-06-17 10:07:36,S,1068.45,4,18
2021-06-17 10:07:36,S,1068.5,2,75
2021-06-17 10:07:36,B,1067.2,1,2
2021-06-17 10:07:36,B,1067.15,1,1
2021-06-17 10:07:36,B,1067.0,1,30
2021-06-17 10:07:36,B,1066.8,1,9
2021-06-17 10:07:36,B,1066.35,1,2
2021-06-17 10:07:42,S,1067.95,1,2
2021-06-17 10:07:42,S,1068.0,2,11
2021-06-17 10:07:42,S,1068.3,2,5
2021-06-17 10:07:42,S,1068.45,4,18
2021-06-17 10:07:42,S,1068.5,2,75
2021-06-17 10:07:42,B,1067.2,1,2
2021-06-17 10:07:42,B,1067.15,1,1
2021-06-17 10:07:42,B,1067.0,1,30
2021-06-17 10:07:42,B,1066.8,1,9
2021-06-17 10:07:42,B,1066.35,1,2
2021-06-17 10:07:48,S,1067.95,1,2
2021-06-17 10:07:48,S,1068.0,2,11
2021-06-17 10:07:48,S,1068.3,2,5
2021-06-17 10:07:48,S,1068.45,4,18
2021-06-17 10:07:48,S,1068.5,2,75
2021-06-17 10:07:48,B,1067.2,1,2
2021-06-17 10:07:48,B,1067.15,1,1
2021-06-17 10:07:48,B,1067.0,1,30
2021-06-17 10:07:48,B,1066.8,1,9
2021-06-17 10:07:48,B,1066.35,1,2
2021-06-17 10:07:50,S,1067.95,1,2
2021-06-17 10:07:50,S,1068.0,2,11
2021-06-17 10:07:50,S,1068.3,2,5
2021-06-17 10:07:50,S,1068.45,4,18
2021-06-17 10:07:50,S,1068.5,2,75
2021-06-17 10:07:50,B,1067.2,1,2
2021-06-17 10:07:50,B,1067.15,1,1
2021-06-17 10:07:50,B,1067.0,1,30
2021-06-17 10:07:50,B,1066.8,1,9
2021-06-17 10:07:50,B,1066.35,1,2
2021-06-17 10:07:52,S,1067.95,1,2
2021-06-17 10:07:52,S,1068.0,3,12
2021-06-17 10:07:52,S,1068.3,2,5
2021-06-17 10:07:52,S,1068.45,3,14
2021-06-17 10:07:52,S,1068.5,2,75
2021-06-17 10:07:52,B,1067.2,1,2
2021-06-17 10:07:52,B,1067.15,1,1
2021-06-17 10:07:52,B,1067.0,1,30
2021-06-17 10:07:52,B,1066.8,1,9
2021-06-17 10:07:52,B,1066.35,1,2
2021-06-17 10:07:55,S,1067.95,2,3
2021-06-17 10:07:55,S,1068.0,2,11
2021-06-17 10:07:55,S,1068.3,2,5
2021-06-17 10:07:55,S,1068.45,3,14
2021-06-17 10:07:55,S,1068.5,2,75
2021-06-17 10:07:55,B,1067.2,1,2
2021-06-17 10:07:55,B,1067.15,1,1
2021-06-17 10:07:55,B,1067.0,1,30
2021-06-17 10:07:55,B,1066.8,1,9
2021-06-17 10:07:55,B,1066.35,1,2
2021-06-17 10:08:03,S,1067.95,2,3
2021-06-17 10:08:03,S,1068.0,2,11
2021-06-17 10:08:03,S,1068.3,2,5
2021-06-17 10:08:03,S,1068.45,3,14
2021-06-17 10:08:03,S,1068.5,2,75
2021-06-17 10:08:03,B,1067.2,1,2
2021-06-17 10:08:03,B,1067.15,1,1
2021-06-17 10:08:03,B,1067.0,1,30
2021-06-17 10:08:03,B,1066.8,1,9
2021-06-17 10:08:03,B,1066.35,1,2
2021-06-17 10:08:04,S,1066.45,1,2
2021-06-17 10:08:04,S,1066.5,2,11
2021-06-17 10:08:04,S,1066.55,1,3
2021-06-17 10:08:04,S,1066.9,1,7
2021-06-17 10:08:04,S,1066.95,1,3
2021-06-17 10:08:04,B,1065.5,1,5
2021-06-17 10:08:04,B,1065.45,1,253
2021-06-17 10:08:04,B,1065.15,1,21
2021-06-17 10:08:04,B,1065.0,4,95
2021-06-17 10:08:04,B,1064.6,1,1
2021-06-17 10:08:06,S,1066.45,2,3
2021-06-17 10:08:06,S,1066.5,1,10
2021-06-17 10:08:06,S,1066.55,1,3
2021-06-17 10:08:06,S,1066.9,1,7
2021-06-17 10:08:06,S,1066.95,1,3
2021-06-17 10:08:06,B,1065.5,1,5
2021-06-17 10:08:06,B,1065.45,1,253
2021-06-17 10:08:06,B,1065.15,2,22
2021-06-17 10:08:06,B,1065.0,5,104
2021-06-17 10:08:06,B,1064.6,1,1
2021-06-17 10:08:11,S,1066.45,2,3
2021-06-17 10:08:11,S,1066.5,1,10
2021-06-17 10:08:11,S,1066.55,1,3
2021-06-17 10:08:11,S,1066.9,1,7
2021-06-17 10:08:11,S,1066.95,1,3
2021-06-17 10:08:11,B,1065.5,1,5
2021-06-17 10:08:11,B,1065.45,1,253
2021-06-17 10:08:11,B,1065.15,2,22
2021-06-17 10:08:11,B,1065.0,5,104
2021-06-17 10:08:11,B,1064.6,1,1
2021-06-17 10:08:12,S,1066.45,2,3
2021-06-17 10:08:12,S,1066.5,1,10
2021-06-17 10:08:12,S,1066.55,1,3
2021-06-17 10:08:12,S,1066.9,1,7
2021-06-17 10:08:12,S,1066.95,1,3
2021-06-17 10:08:12,B,1065.5,1,5
2021-06-17 10:08:12,B,1065.45,1,253
2021-06-17 10:08:12,B,1065.15,2,22
2021-06-17 10:08:12,B,1065.0,5,104
2021-06-17 10:08:12,B,1064.6,1,1
2021-06-17 10:08:13,S,1066.4,1,2
2021-06-17 10:08:13,S,1066.45,1,1
2021-06-17 10:08:13,S,1066.5,1,10
2021-06-17 10:08:13,S,1066.55,1,3
2021-06-17 10:08:13,S,1066.9,1,7
2021-06-17 10:08:13,B,1065.55,1,2
2021-06-17 10:08:13,B,1065.5,1,5
2021-06-17 10:08:13,B,1065.45,1,253
2021-06-17 10:08:13,B,1065.15,2,22
2021-06-17 10:08:13,B,1065.0,5,104
2021-06-17 10:08:19,S,1066.4,1,2
2021-06-17 10:08:19,S,1066.45,1,1
2021-06-17 10:08:19,S,1066.5,1,10
2021-06-17 10:08:19,S,1066.55,1,3
2021-06-17 10:08:19,S,1066.9,1,7
2021-06-17 10:08:19,B,1065.55,1,2
2021-06-17 10:08:19,B,1065.5,1,5
2021-06-17 10:08:19,B,1065.45,1,253
2021-06-17 10:08:19,B,1065.15,2,22
2021-06-17 10:08:19,B,1065.0,5,104
2021-06-17 10:08:21,S,1066.4,1,1
2021-06-17 10:08:21,S,1066.45,1,2
2021-06-17 10:08:21,S,1066.5,1,10
2021-06-17 10:08:21,S,1066.55,1,3
2021-06-17 10:08:21,S,1066.9,1,7
2021-06-17 10:08:21,B,1065.55,1,2
2021-06-17 10:08:21,B,1065.5,1,5
2021-06-17 10:08:21,B,1065.45,1,253
2021-06-17 10:08:21,B,1065.15,1,21
2021-06-17 10:08:21,B,1065.0,4,95
2021-06-17 10:08:27,S,1066.6,1,2
2021-06-17 10:08:27,S,1066.65,2,16
2021-06-17 10:08:27,S,1066.75,3,19
2021-06-17 10:08:27,S,1066.8,1,7
2021-06-17 10:08:27,S,1066.85,1,7
2021-06-17 10:08:27,B,1065.55,1,2
2021-06-17 10:08:27,B,1065.5,1,5
2021-06-17 10:08:27,B,1065.45,1,253
2021-06-17 10:08:27,B,1065.15,1,21
2021-06-17 10:08:27,B,1065.0,5,105
2021-06-17 10:08:27,S,1066.6,1,2
2021-06-17 10:08:27,S,1066.65,2,16
2021-06-17 10:08:27,S,1066.75,3,19
2021-06-17 10:08:27,S,1066.8,1,7
2021-06-17 10:08:27,S,1066.85,1,7
2021-06-17 10:08:27,B,1065.55,1,2
2021-06-17 10:08:27,B,1065.5,1,5
2021-06-17 10:08:27,B,1065.45,1,253
2021-06-17 10:08:27,B,1065.15,1,21
2021-06-17 10:08:27,B,1065.0,5,105
2021-06-17 10:08:30,S,1066.65,1,7
2021-06-17 10:08:30,S,1066.75,1,7
2021-06-17 10:08:30,S,1066.8,1,7
2021-06-17 10:08:30,S,1066.85,1,7
2021-06-17 10:08:30,S,1066.9,3,19
2021-06-17 10:08:30,B,1065.55,1,2
2021-06-17 10:08:30,B,1065.5,1,5
2021-06-17 10:08:30,B,1065.45,1,253
2021-06-17 10:08:30,B,1065.15,1,21
2021-06-17 10:08:30,B,1065.0,5,105
2021-06-17 10:08:33,S,1066.65,1,7
2021-06-17 10:08:33,S,1066.75,1,7
2021-06-17 10:08:33,S,1066.8,1,7
2021-06-17 10:08:33,S,1066.85,1,7
2021-06-17 10:08:33,S,1066.9,3,19
2021-06-17 10:08:33,B,1065.55,1,2
2021-06-17 10:08:33,B,1065.5,1,5
2021-06-17 10:08:33,B,1065.45,1,253
2021-06-17 10:08:33,B,1065.15,1,21
2021-06-17 10:08:33,B,1065.0,5,105
2021-06-17 10:08:35,S,1066.65,1,5
2021-06-17 10:08:35,S,1066.75,1,7
2021-06-17 10:08:35,S,1066.8,1,7
2021-06-17 10:08:35,S,1066.85,1,7
2021-06-17 10:08:35,S,1066.9,3,19
2021-06-17 10:08:35,B,1065.55,1,2
2021-06-17 10:08:35,B,1065.5,1,5
2021-06-17 10:08:35,B,1065.45,1,253
2021-06-17 10:08:35,B,1065.15,1,21
2021-06-17 10:08:35,B,1065.0,5,105
2021-06-17 10:08:42,S,1066.65,1,5
2021-06-17 10:08:42,S,1066.75,1,7
2021-06-17 10:08:42,S,1066.8,1,7
2021-06-17 10:08:42,S,1066.85,1,7
2021-06-17 10:08:42,S,1066.9,3,19
2021-06-17 10:08:42,B,1065.55,1,2
2021-06-17 10:08:42,B,1065.5,1,5
2021-06-17 10:08:42,B,1065.45,1,253
2021-06-17 10:08:42,B,1065.15,1,21
2021-06-17 10:08:42,B,1065.0,5,105
2021-06-17 10:08:46,S,1066.65,1,5
2021-06-17 10:08:46,S,1066.75,1,7
2021-06-17 10:08:46,S,1066.8,1,7
2021-06-17 10:08:46,S,1066.85,1,7
2021-06-17 10:08:46,S,1066.9,3,19
2021-06-17 10:08:46,B,1065.55,1,2
2021-06-17 10:08:46,B,1065.5,1,5
2021-06-17 10:08:46,B,1065.45,1,253
2021-06-17 10:08:46,B,1065.15,1,21
2021-06-17 10:08:46,B,1065.0,5,105
2021-06-17 10:08:47,S,1066.75,1,7
2021-06-17 10:08:47,S,1066.8,1,7
2021-06-17 10:08:47,S,1066.85,1,7
2021-06-17 10:08:47,S,1066.9,4,21
2021-06-17 10:08:47,S,1066.95,1,3
2021-06-17 10:08:47,B,1065.55,1,2
2021-06-17 10:08:47,B,1065.5,1,5
2021-06-17 10:08:47,B,1065.45,1,253
2021-06-17 10:08:47,B,1065.35,1,10
2021-06-17 10:08:47,B,1065.15,1,21
2021-06-17 10:08:52,S,1066.75,1,7
2021-06-17 10:08:52,S,1066.8,1,7
2021-06-17 10:08:52,S,1066.85,1,7
2021-06-17 10:08:52,S,1066.9,4,21
2021-06-17 10:08:52,S,1066.95,1,3
2021-06-17 10:08:52,B,1065.55,1,2
2021-06-17 10:08:52,B,1065.5,1,5
2021-06-17 10:08:52,B,1065.45,1,253
2021-06-17 10:08:52,B,1065.35,1,10
2021-06-17 10:08:52,B,1065.15,1,21
2021-06-17 10:08:55,S,1066.75,1,2
2021-06-17 10:08:55,S,1066.8,1,7
2021-06-17 10:08:55,S,1066.85,1,7
2021-06-17 10:08:55,S,1066.9,4,21
2021-06-17 10:08:55,S,1066.95,1,3
2021-06-17 10:08:55,B,1065.55,1,2
2021-06-17 10:08:55,B,1065.5,1,5
2021-06-17 10:08:55,B,1065.45,1,253
2021-06-17 10:08:55,B,1065.35,1,10
2021-06-17 10:08:55,B,1065.15,1,21
2021-06-17 10:08:58,S,1066.75,1,2
2021-06-17 10:08:58,S,1066.8,2,9
2021-06-17 10:08:58,S,1066.85,1,7
2021-06-17 10:08:58,S,1066.9,3,19
2021-06-17 10:08:58,S,1066.95,3,8
2021-06-17 10:08:58,B,1065.55,1,2
2021-06-17 10:08:58,B,1065.5,1,5
2021-06-17 10:08:58,B,1065.45,1,253
2021-06-17 10:08:58,B,1065.15,1,21
2021-06-17 10:08:58,B,1065.05,2,4
2021-06-17 10:09:01,S,1066.75,1,2
2021-06-17 10:09:01,S,1066.8,1,7
2021-06-17 10:09:01,S,1066.85,2,9
2021-06-17 10:09:01,S,1066.9,3,19
2021-06-17 10:09:01,S,1066.95,3,8
2021-06-17 10:09:01,B,1065.55,1,2
2021-06-17 10:09:01,B,1065.5,1,5
2021-06-17 10:09:01,B,1065.45,1,253
2021-06-17 10:09:01,B,1065.4,1,9
2021-06-17 10:09:01,B,1065.15,1,21
2021-06-17 10:09:03,S,1066.75,1,2
2021-06-17 10:09:03,S,1066.8,1,7
2021-06-17 10:09:03,S,1066.85,2,9
2021-06-17 10:09:03,S,1066.9,3,19
2021-06-17 10:09:03,S,1066.95,3,8
2021-06-17 10:09:03,B,1065.55,1,2
2021-06-17 10:09:03,B,1065.5,1,5
2021-06-17 10:09:03,B,1065.45,1,253
2021-06-17 10:09:03,B,1065.4,1,9
2021-06-17 10:09:03,B,1065.15,1,21
2021-06-17 10:09:09,S,1066.75,1,2
2021-06-17 10:09:09,S,1066.8,1,7
2021-06-17 10:09:09,S,1066.85,2,9
2021-06-17 10:09:09,S,1066.9,3,19
2021-06-17 10:09:09,S,1066.95,3,8
2021-06-17 10:09:09,B,1065.55,1,2
2021-06-17 10:09:09,B,1065.5,1,5
2021-06-17 10:09:09,B,1065.45,1,253
2021-06-17 10:09:09,B,1065.4,1,9
2021-06-17 10:09:09,B,1065.15,1,21
2021-06-17 10:09:11,S,1066.9,1,7
2021-06-17 10:09:11,S,1066.95,1,1
2021-06-17 10:09:11,S,1067.0,1,7
2021-06-17 10:09:11,S,1067.05,3,19
2021-06-17 10:09:11,S,1067.1,5,20
2021-06-17 10:09:11,B,1065.6,1,2
2021-06-17 10:09:11,B,1065.55,1,5
2021-06-17 10:09:11,B,1065.5,2,15
2021-06-17 10:09:11,B,1065.45,1,253
2021-06-17 10:09:11,B,1065.15,1,21
2021-06-17 10:09:13,S,1066.9,2,10
2021-06-17 10:09:13,S,1066.95,1,1
2021-06-17 10:09:13,S,1067.0,1,7
2021-06-17 10:09:13,S,1067.05,3,19
2021-06-17 10:09:13,S,1067.1,5,20
2021-06-17 10:09:13,B,1065.6,1,2
2021-06-17 10:09:13,B,1065.55,1,5
2021-06-17 10:09:13,B,1065.5,2,15
2021-06-17 10:09:13,B,1065.45,1,253
2021-06-17 10:09:13,B,1065.15,1,21
2021-06-17 10:09:16,S,1066.9,2,10
2021-06-17 10:09:16,S,1066.95,1,1
2021-06-17 10:09:16,S,1067.0,1,7
2021-06-17 10:09:16,S,1067.05,3,19
2021-06-17 10:09:16,S,1067.1,5,20
2021-06-17 10:09:16,B,1065.6,1,2
2021-06-17 10:09:16,B,1065.55,1,5
2021-06-17 10:09:16,B,1065.5,2,15
2021-06-17 10:09:16,B,1065.45,1,253
2021-06-17 10:09:16,B,1065.15,1,21
2021-06-17 10:09:31,S,1066.9,2,10
2021-06-17 10:09:31,S,1066.95,1,1
2021-06-17 10:09:31,S,1067.0,1,7
2021-06-17 10:09:31,S,1067.05,3,19
2021-06-17 10:09:31,S,1067.1,5,20
2021-06-17 10:09:31,B,1065.6,1,2
2021-06-17 10:09:31,B,1065.55,1,5
2021-06-17 10:09:31,B,1065.5,2,15
2021-06-17 10:09:31,B,1065.45,1,253
2021-06-17 10:09:31,B,1065.15,1,21
2021-06-17 10:09:31,S,1066.95,2,8
2021-06-17 10:09:31,S,1067.0,1,7
2021-06-17 10:09:31,S,1067.05,3,19
2021-06-17 10:09:31,S,1067.1,4,19
2021-06-17 10:09:31,S,1067.15,1,7
2021-06-17 10:09:31,B,1065.7,1,2
2021-06-17 10:09:31,B,1065.65,1,10
2021-06-17 10:09:31,B,1065.55,1,5
2021-06-17 10:09:31,B,1065.5,1,5
2021-06-17 10:09:31,B,1065.45,1,253
2021-06-17 10:09:36,S,1066.95,4,12
2021-06-17 10:09:36,S,1067.0,1,7
2021-06-17 10:09:36,S,1067.05,3,19
2021-06-17 10:09:36,S,1067.1,4,19
2021-06-17 10:09:36,S,1067.15,1,7
2021-06-17 10:09:36,B,1065.7,1,2
2021-06-17 10:09:36,B,1065.65,1,10
2021-06-17 10:09:36,B,1065.55,1,5
2021-06-17 10:09:36,B,1065.5,1,5
2021-06-17 10:09:36,B,1065.45,1,253
2021-06-17 10:09:42,S,1066.9,2,8
2021-06-17 10:09:42,S,1066.95,3,11
2021-06-17 10:09:42,S,1067.0,1,7
2021-06-17 10:09:42,S,1067.05,5,24
2021-06-17 10:09:42,S,1067.1,3,23
2021-06-17 10:09:42,B,1065.6,1,2
2021-06-17 10:09:42,B,1065.55,1,5
2021-06-17 10:09:42,B,1065.5,1,5
2021-06-17 10:09:42,B,1065.45,1,253
2021-06-17 10:09:42,B,1065.4,1,10
2021-06-17 10:09:47,S,1066.9,2,8
2021-06-17 10:09:47,S,1066.95,3,11
2021-06-17 10:09:47,S,1067.0,1,7
2021-06-17 10:09:47,S,1067.05,5,24
2021-06-17 10:09:47,S,1067.1,3,23
2021-06-17 10:09:47,B,1065.6,1,2
2021-06-17 10:09:47,B,1065.55,1,5
2021-06-17 10:09:47,B,1065.5,1,5
2021-06-17 10:09:47,B,1065.45,1,253
2021-06-17 10:09:47,B,1065.4,1,10
2021-06-17 10:09:53,S,1066.65,1,9
2021-06-17 10:09:53,S,1066.9,2,8
2021-06-17 10:09:53,S,1066.95,3,11
2021-06-17 10:09:53,S,1067.0,1,7
2021-06-17 10:09:53,S,1067.05,5,24
2021-06-17 10:09:53,B,1065.6,1,2
2021-06-17 10:09:53,B,1065.55,1,5
2021-06-17 10:09:53,B,1065.5,1,5
2021-06-17 10:09:53,B,1065.45,1,253
2021-06-17 10:09:53,B,1065.15,1,21
2021-06-17 10:09:55,S,1066.9,4,20
2021-06-17 10:09:55,S,1066.95,4,21
2021-06-17 10:09:55,S,1067.0,1,7
2021-06-17 10:09:55,S,1067.05,3,12
2021-06-17 10:09:55,S,1067.1,3,23
2021-06-17 10:09:55,B,1065.6,1,2
2021-06-17 10:09:55,B,1065.55,1,5
2021-06-17 10:09:55,B,1065.5,1,5
2021-06-17 10:09:55,B,1065.45,1,253
2021-06-17 10:09:55,B,1065.15,1,21
2021-06-17 10:09:58,S,1066.65,1,1
2021-06-17 10:09:58,S,1066.85,1,10
2021-06-17 10:09:58,S,1066.9,4,20
2021-06-17 10:09:58,S,1066.95,3,11
2021-06-17 10:09:58,S,1067.0,1,7
2021-06-17 10:09:58,B,1065.6,1,2
2021-06-17 10:09:58,B,1065.55,1,5
2021-06-17 10:09:58,B,1065.5,1,5
2021-06-17 10:09:58,B,1065.45,1,253
2021-06-17 10:09:58,B,1065.15,1,21
2021-06-17 10:10:01,S,1066.65,1,1
2021-06-17 10:10:01,S,1066.85,1,10
2021-06-17 10:10:01,S,1066.9,4,20
2021-06-17 10:10:01,S,1066.95,3,11
2021-06-17 10:10:01,S,1067.0,1,7
2021-06-17 10:10:01,B,1065.6,1,2
2021-06-17 10:10:01,B,1065.55,1,5
2021-06-17 10:10:01,B,1065.5,1,5
2021-06-17 10:10:01,B,1065.45,1,253
2021-06-17 10:10:01,B,1065.15,1,21
2021-06-17 10:10:01,S,1066.85,1,10
2021-06-17 10:10:01,S,1066.9,4,20
2021-06-17 10:10:01,S,1066.95,3,11
2021-06-17 10:10:01,S,1067.0,1,7
2021-06-17 10:10:01,S,1067.05,3,12
2021-06-17 10:10:01,B,1065.6,1,2
2021-06-17 10:10:01,B,1065.55,1,5
2021-06-17 10:10:01,B,1065.5,1,5
2021-06-17 10:10:01,B,1065.45,1,253
2021-06-17 10:10:01,B,1065.15,1,21
2021-06-17 10:10:04,S,1066.9,3,19
2021-06-17 10:10:04,S,1066.95,4,12
2021-06-17 10:10:04,S,1067.0,1,7
2021-06-17 10:10:04,S,1067.05,3,12
2021-06-17 10:10:04,S,1067.1,4,32
2021-06-17 10:10:04,B,1065.6,1,2
2021-06-17 10:10:04,B,1065.55,1,5
2021-06-17 10:10:04,B,1065.5,1,5
2021-06-17 10:10:04,B,1065.45,1,253
2021-06-17 10:10:04,B,1065.15,1,21
2021-06-17 10:10:06,S,1066.9,3,19
2021-06-17 10:10:06,S,1066.95,4,12
2021-06-17 10:10:06,S,1067.0,1,7
2021-06-17 10:10:06,S,1067.05,3,12
2021-06-17 10:10:06,S,1067.1,4,32
2021-06-17 10:10:06,B,1065.6,1,2
2021-06-17 10:10:06,B,1065.55,1,5
2021-06-17 10:10:06,B,1065.5,1,5
2021-06-17 10:10:06,B,1065.45,1,253
2021-06-17 10:10:06,B,1065.15,1,21
2021-06-17 10:10:07,S,1066.9,3,19
2021-06-17 10:10:07,S,1066.95,4,12
2021-06-17 10:10:07,S,1067.0,1,7
2021-06-17 10:10:07,S,1067.05,3,12
2021-06-17 10:10:07,S,1067.1,4,32
2021-06-17 10:10:07,B,1065.6,1,2
2021-06-17 10:10:07,B,1065.55,1,5
2021-06-17 10:10:07,B,1065.5,1,5
2021-06-17 10:10:07,B,1065.45,1,253
2021-06-17 10:10:07,B,1065.15,1,21
2021-06-17 10:10:09,S,1066.65,1,2
2021-06-17 10:10:09,S,1066.7,1,9
2021-06-17 10:10:09,S,1066.8,1,1
2021-06-17 10:10:09,S,1066.9,3,19
2021-06-17 10:10:09,S,1066.95,3,11
2021-06-17 10:10:09,B,1065.5,1,2
2021-06-17 10:10:09,B,1065.45,1,245
2021-06-17 10:10:09,B,1065.15,1,21
2021-06-17 10:10:09,B,1065.05,2,11
2021-06-17 10:10:09,B,1065.0,5,195
2021-06-17 10:10:12,S,1066.65,1,2
2021-06-17 10:10:12,S,1066.7,1,9
2021-06-17 10:10:12,S,1066.85,1,1
2021-06-17 10:10:12,S,1066.9,3,19
2021-06-17 10:10:12,S,1066.95,3,11
2021-06-17 10:10:12,B,1065.5,1,2
2021-06-17 10:10:12,B,1065.45,1,245
2021-06-17 10:10:12,B,1065.15,1,21
2021-06-17 10:10:12,B,1065.05,2,11
2021-06-17 10:10:12,B,1065.0,6,209
2021-06-17 10:10:19,S,1066.65,1,2
2021-06-17 10:10:19,S,1066.7,1,9
2021-06-17 10:10:19,S,1066.85,1,1
2021-06-17 10:10:19,S,1066.9,3,19
2021-06-17 10:10:19,S,1066.95,3,11
2021-06-17 10:10:19,B,1065.5,1,2
2021-06-17 10:10:19,B,1065.45,1,245
2021-06-17 10:10:19,B,1065.15,1,21
2021-06-17 10:10:19,B,1065.05,2,11
2021-06-17 10:10:19,B,1065.0,6,209
2021-06-17 10:10:19,S,1066.65,1,2
2021-06-17 10:10:19,S,1066.7,1,9
2021-06-17 10:10:19,S,1066.85,1,1
2021-06-17 10:10:19,S,1066.9,3,19
2021-06-17 10:10:19,S,1066.95,3,11
2021-06-17 10:10:19,B,1065.5,1,2
2021-06-17 10:10:19,B,1065.45,1,245
2021-06-17 10:10:19,B,1065.15,1,21
2021-06-17 10:10:19,B,1065.05,2,11
2021-06-17 10:10:19,B,1065.0,6,209
2021-06-17 10:10:22,S,1066.8,2,12
2021-06-17 10:10:22,S,1066.85,4,24
2021-06-17 10:10:22,S,1066.9,1,7
2021-06-17 10:10:22,S,1066.95,3,11
2021-06-17 10:10:22,S,1067.0,3,12
2021-06-17 10:10:22,B,1065.5,1,2
2021-06-17 10:10:22,B,1065.45,1,245
2021-06-17 10:10:22,B,1065.15,1,21
2021-06-17 10:10:22,B,1065.05,2,11
2021-06-17 10:10:22,B,1065.0,6,209
2021-06-17 10:10:27,S,1066.75,1,10
2021-06-17 10:10:27,S,1066.8,2,12
2021-06-17 10:10:27,S,1066.85,3,15
2021-06-17 10:10:27,S,1066.9,1,7
2021-06-17 10:10:27,S,1066.95,3,11
2021-06-17 10:10:27,B,1065.5,1,2
2021-06-17 10:10:27,B,1065.45,1,245
2021-06-17 10:10:27,B,1065.15,1,21
2021-06-17 10:10:27,B,1065.05,2,11
2021-06-17 10:10:27,B,1065.0,6,209
2021-06-17 10:10:34,S,1066.75,1,10
2021-06-17 10:10:34,S,1066.8,2,12
2021-06-17 10:10:34,S,1066.85,3,15
2021-06-17 10:10:34,S,1066.9,1,7
2021-06-17 10:10:34,S,1066.95,3,11
2021-06-17 10:10:34,B,1065.5,1,2
2021-06-17 10:10:34,B,1065.45,1,245
2021-06-17 10:10:34,B,1065.15,1,21
2021-06-17 10:10:34,B,1065.05,2,11
2021-06-17 10:10:34,B,1065.0,7,219
2021-06-17 10:10:37,S,1066.75,1,10
2021-06-17 10:10:37,S,1066.8,2,12
2021-06-17 10:10:37,S,1066.85,3,15
2021-06-17 10:10:37,S,1066.9,1,7
2021-06-17 10:10:37,S,1066.95,3,11
2021-06-17 10:10:37,B,1065.5,1,2
2021-06-17 10:10:37,B,1065.45,1,245
2021-06-17 10:10:37,B,1065.15,1,21
2021-06-17 10:10:37,B,1065.05,2,11
2021-06-17 10:10:37,B,1065.0,7,219
2021-06-17 10:10:37,S,1066.6,1,2
2021-06-17 10:10:37,S,1066.65,2,8
2021-06-17 10:10:37,S,1066.75,2,5
2021-06-17 10:10:37,S,1066.8,2,12
2021-06-17 10:10:37,S,1066.85,2,14
2021-06-17 10:10:37,B,1065.35,1,2
2021-06-17 10:10:37,B,1065.3,1,7
2021-06-17 10:10:37,B,1065.25,1,7
2021-06-17 10:10:37,B,1065.2,2,14
2021-06-17 10:10:37,B,1065.15,1,21
2021-06-17 10:10:40,S,1066.6,1,2
2021-06-17 10:10:40,S,1066.65,2,8
2021-06-17 10:10:40,S,1066.7,1,1
2021-06-17 10:10:40,S,1066.75,2,5
2021-06-17 10:10:40,S,1066.8,2,12
2021-06-17 10:10:40,B,1065.35,1,2
2021-06-17 10:10:40,B,1065.3,1,7
2021-06-17 10:10:40,B,1065.25,2,17
2021-06-17 10:10:40,B,1065.2,2,14
2021-06-17 10:10:40,B,1065.15,1,21
2021-06-17 10:10:40,S,1066.6,1,2
2021-06-17 10:10:40,S,1066.65,2,8
2021-06-17 10:10:40,S,1066.7,1,1
2021-06-17 10:10:40,S,1066.75,2,5
2021-06-17 10:10:40,S,1066.8,2,12
2021-06-17 10:10:40,B,1065.35,1,2
2021-06-17 10:10:40,B,1065.3,1,7
2021-06-17 10:10:40,B,1065.25,2,17
2021-06-17 10:10:40,B,1065.2,2,14
2021-06-17 10:10:40,B,1065.15,1,21
2021-06-17 10:10:42,S,1066.75,1,7
2021-06-17 10:10:42,S,1066.8,2,12
2021-06-17 10:10:42,S,1066.85,2,14
2021-06-17 10:10:42,S,1066.9,3,12
2021-06-17 10:10:42,S,1066.95,3,11
2021-06-17 10:10:42,B,1065.45,1,2
2021-06-17 10:10:42,B,1065.4,1,9
2021-06-17 10:10:42,B,1065.3,1,7
2021-06-17 10:10:42,B,1065.25,1,7
2021-06-17 10:10:42,B,1065.2,2,14
2021-06-17 10:10:46,S,1066.75,1,7
2021-06-17 10:10:46,S,1066.8,3,13
2021-06-17 10:10:46,S,1066.85,2,14
2021-06-17 10:10:46,S,1066.9,3,12
2021-06-17 10:10:46,S,1066.95,3,11
2021-06-17 10:10:46,B,1065.45,1,2
2021-06-17 10:10:46,B,1065.4,1,9
2021-06-17 10:10:46,B,1065.3,1,7
2021-06-17 10:10:46,B,1065.25,1,7
2021-06-17 10:10:46,B,1065.2,2,14
2021-06-17 10:10:49,S,1066.75,1,7
2021-06-17 10:10:49,S,1066.8,3,13
2021-06-17 10:10:49,S,1066.85,3,15
2021-06-17 10:10:49,S,1066.9,3,12
2021-06-17 10:10:49,S,1066.95,3,11
2021-06-17 10:10:49,B,1065.45,1,2
2021-06-17 10:10:49,B,1065.4,1,9
2021-06-17 10:10:49,B,1065.3,1,7
2021-06-17 10:10:49,B,1065.25,1,7
2021-06-17 10:10:49,B,1065.2,2,14
2021-06-17 10:10:51,S,1066.75,1,7
2021-06-17 10:10:51,S,1066.8,3,13
2021-06-17 10:10:51,S,1066.85,3,15
2021-06-17 10:10:51,S,1066.9,3,12
2021-06-17 10:10:51,S,1066.95,3,11
2021-06-17 10:10:51,B,1065.45,1,2
2021-06-17 10:10:51,B,1065.4,1,9
2021-06-17 10:10:51,B,1065.3,1,7
2021-06-17 10:10:51,B,1065.25,1,7
2021-06-17 10:10:51,B,1065.2,2,14
2021-06-17 10:10:58,S,1066.85,1,7
2021-06-17 10:10:58,S,1066.95,3,5
2021-06-17 10:10:58,S,1067.0,2,8
2021-06-17 10:10:58,S,1067.05,3,19
2021-06-17 10:10:58,S,1067.1,2,8
2021-06-17 10:10:58,B,1065.7,1,2
2021-06-17 10:10:58,B,1065.65,1,9
2021-06-17 10:10:58,B,1065.3,2,8
2021-06-17 10:10:58,B,1065.25,2,8
2021-06-17 10:10:58,B,1065.2,2,14
2021-06-17 10:11:04,S,1066.85,1,7
2021-06-17 10:11:04,S,1066.95,3,5
2021-06-17 10:11:04,S,1067.0,2,8
2021-06-17 10:11:04,S,1067.05,3,19
2021-06-17 10:11:04,S,1067.1,2,8
2021-06-17 10:11:04,B,1065.7,1,2
2021-06-17 10:11:04,B,1065.65,1,9
2021-06-17 10:11:04,B,1065.3,2,8
2021-06-17 10:11:04,B,1065.25,2,8
2021-06-17 10:11:04,B,1065.2,2,14
2021-06-17 10:11:06,S,1067.1,1,1
2021-06-17 10:11:06,S,1067.15,1,6
2021-06-17 10:11:06,S,1067.2,1,498
2021-06-17 10:11:06,S,1067.9,2,5
2021-06-17 10:11:06,S,1068.0,2,11
2021-06-17 10:11:06,B,1066.8,1,10
2021-06-17 10:11:06,B,1066.75,1,200
2021-06-17 10:11:06,B,1066.3,2,3
2021-06-17 10:11:06,B,1065.8,1,1
2021-06-17 10:11:06,B,1065.35,2,12
2021-06-17 10:11:06,S,1067.1,1,1
2021-06-17 10:11:06,S,1067.15,1,6
2021-06-17 10:11:06,S,1067.2,1,498
2021-06-17 10:11:06,S,1067.9,2,5
2021-06-17 10:11:06,S,1068.0,2,11
2021-06-17 10:11:06,B,1066.8,1,10
2021-06-17 10:11:06,B,1066.75,1,200
2021-06-17 10:11:06,B,1066.3,2,3
2021-06-17 10:11:06,B,1065.8,1,1
2021-06-17 10:11:06,B,1065.35,2,12
2021-06-17 10:11:08,S,1067.1,1,1
2021-06-17 10:11:08,S,1067.15,1,6
2021-06-17 10:11:08,S,1067.2,1,498
2021-06-17 10:11:08,S,1067.25,1,2
2021-06-17 10:11:08,S,1067.9,2,5
2021-06-17 10:11:08,B,1066.8,1,10
2021-06-17 10:11:08,B,1066.75,1,200
2021-06-17 10:11:08,B,1066.3,2,3
2021-06-17 10:11:08,B,1065.8,1,1
2021-06-17 10:11:08,B,1065.35,2,11
2021-06-17 10:11:10,S,1067.1,1,1
2021-06-17 10:11:10,S,1067.15,1,6
2021-06-17 10:11:10,S,1067.2,1,498
2021-06-17 10:11:10,S,1067.25,1,2
2021-06-17 10:11:10,S,1067.9,2,5
2021-06-17 10:11:10,B,1066.8,1,10
2021-06-17 10:11:10,B,1066.75,1,200
2021-06-17 10:11:10,B,1066.3,2,3
2021-06-17 10:11:10,B,1065.8,1,1
2021-06-17 10:11:10,B,1065.35,2,11
2021-06-17 10:11:12,S,1067.1,1,1
2021-06-17 10:11:12,S,1067.15,1,6
2021-06-17 10:11:12,S,1067.2,1,498
2021-06-17 10:11:12,S,1067.25,1,2
2021-06-17 10:11:12,S,1067.9,2,5
2021-06-17 10:11:12,B,1066.8,1,10
2021-06-17 10:11:12,B,1066.75,1,200
2021-06-17 10:11:12,B,1066.3,2,3
2021-06-17 10:11:12,B,1065.8,1,1
2021-06-17 10:11:12,B,1065.35,2,11
2021-06-17 10:11:13,S,1068.35,1,7
2021-06-17 10:11:13,S,1068.5,2,38
2021-06-17 10:11:13,S,1068.7,1,10
2021-06-17 10:11:13,S,1068.8,2,4
2021-06-17 10:11:13,S,1069.25,2,11
2021-06-17 10:11:13,B,1067.2,1,2
2021-06-17 10:11:13,B,1067.15,2,11
2021-06-17 10:11:13,B,1066.9,1,1
2021-06-17 10:11:13,B,1066.85,1,1
2021-06-17 10:11:13,B,1066.8,1,1
2021-06-17 10:11:24,S,1068.35,2,10
2021-06-17 10:11:24,S,1068.5,2,38
2021-06-17 10:11:24,S,1068.65,2,10
2021-06-17 10:11:24,S,1068.8,2,4
2021-06-17 10:11:24,S,1069.25,2,11
2021-06-17 10:11:24,B,1067.05,1,2
2021-06-17 10:11:24,B,1067.0,1,10
2021-06-17 10:11:24,B,1066.45,2,8
2021-06-17 10:11:24,B,1066.4,2,8
2021-06-17 10:11:24,B,1066.35,2,8
2021-06-17 10:11:29,S,1068.35,2,10
2021-06-17 10:11:29,S,1068.5,2,38
2021-06-17 10:11:29,S,1068.65,2,10
2021-06-17 10:11:29,S,1068.8,2,4
2021-06-17 10:11:29,S,1069.25,2,11
2021-06-17 10:11:29,B,1067.25,1,2
2021-06-17 10:11:29,B,1067.2,1,1
2021-06-17 10:11:29,B,1067.0,1,10
2021-06-17 10:11:29,B,1066.85,1,2
2021-06-17 10:11:29,B,1066.45,2,8
2021-06-17 10:11:34,S,1068.35,2,10
2021-06-17 10:11:34,S,1068.5,3,39
2021-06-17 10:11:34,S,1068.8,3,14
2021-06-17 10:11:34,S,1069.25,2,11
2021-06-17 10:11:34,S,1069.4,1,4
2021-06-17 10:11:34,B,1067.25,1,2
2021-06-17 10:11:34,B,1067.2,1,1
2021-06-17 10:11:34,B,1067.0,1,10
2021-06-17 10:11:34,B,1066.85,1,2
2021-06-17 10:11:34,B,1066.45,2,8
2021-06-17 10:11:43,S,1068.35,2,9
2021-06-17 10:11:43,S,1068.5,3,39
2021-06-17 10:11:43,S,1068.8,3,14
2021-06-17 10:11:43,S,1069.25,2,11
2021-06-17 10:11:43,S,1069.4,1,4
2021-06-17 10:11:43,B,1067.25,1,2
2021-06-17 10:11:43,B,1067.2,1,1
2021-06-17 10:11:43,B,1067.0,1,10
2021-06-17 10:11:43,B,1066.85,1,2
2021-06-17 10:11:43,B,1066.45,2,8
2021-06-17 10:11:45,S,1068.35,2,9
2021-06-17 10:11:45,S,1068.5,3,39
2021-06-17 10:11:45,S,1068.8,3,14
2021-06-17 10:11:45,S,1069.15,1,9
2021-06-17 10:11:45,S,1069.25,2,11
2021-06-17 10:11:45,B,1067.25,1,2
2021-06-17 10:11:45,B,1067.2,1,1
2021-06-17 10:11:45,B,1067.0,1,10
2021-06-17 10:11:45,B,1066.85,1,2
2021-06-17 10:11:45,B,1066.45,2,8
2021-06-17 10:11:46,S,1068.35,2,9
2021-06-17 10:11:46,S,1068.5,3,39
2021-06-17 10:11:46,S,1068.8,3,14
2021-06-17 10:11:46,S,1069.15,1,9
2021-06-17 10:11:46,S,1069.25,2,11
2021-06-17 10:11:46,B,1067.25,1,2
2021-06-17 10:11:46,B,1067.2,1,1
2021-06-17 10:11:46,B,1067.0,1,10
2021-06-17 10:11:46,B,1066.85,1,2
2021-06-17 10:11:46,B,1066.45,2,8
2021-06-17 10:11:48,S,1068.35,2,8
2021-06-17 10:11:48,S,1068.5,3,39
2021-06-17 10:11:48,S,1068.8,3,14
2021-06-17 10:11:48,S,1069.15,1,9
2021-06-17 10:11:48,S,1069.25,2,11
2021-06-17 10:11:48,B,1067.25,1,2
2021-06-17 10:11:48,B,1067.2,1,1
2021-06-17 10:11:48,B,1067.0,1,10
2021-06-17 10:11:48,B,1066.85,1,2
2021-06-17 10:11:48,B,1066.45,2,8
2021-06-17 10:11:51,S,1068.35,2,7
2021-06-17 10:11:51,S,1068.5,3,39
2021-06-17 10:11:51,S,1068.8,2,4
2021-06-17 10:11:51,S,1069.25,2,11
2021-06-17 10:11:51,S,1069.4,1,4
2021-06-17 10:11:51,B,1067.25,1,2
2021-06-17 10:11:51,B,1067.2,1,1
2021-06-17 10:11:51,B,1067.0,1,10
2021-06-17 10:11:51,B,1066.85,1,2
2021-06-17 10:11:51,B,1066.45,2,8
2021-06-17 10:11:54,S,1068.35,2,7
2021-06-17 10:11:54,S,1068.5,2,38
2021-06-17 10:11:54,S,1068.8,1,3
2021-06-17 10:11:54,S,1069.15,1,10
2021-06-17 10:11:54,S,1069.25,2,11
2021-06-17 10:11:54,B,1067.45,1,9
2021-06-17 10:11:54,B,1067.25,2,3
2021-06-17 10:11:54,B,1067.2,1,1
2021-06-17 10:11:54,B,1066.85,1,2
2021-06-17 10:11:54,B,1066.45,2,8
2021-06-17 10:12:01,S,1068.35,2,7
2021-06-17 10:12:01,S,1068.5,2,38
2021-06-17 10:12:01,S,1068.8,1,3
2021-06-17 10:12:01,S,1069.15,1,10
2021-06-17 10:12:01,S,1069.25,2,11
2021-06-17 10:12:01,B,1067.45,1,9
2021-06-17 10:12:01,B,1067.25,2,3
2021-06-17 10:12:01,B,1067.2,1,1
2021-06-17 10:12:01,B,1066.85,1,2
2021-06-17 10:12:01,B,1066.45,2,8
2021-06-17 10:12:03,S,1068.35,2,5
2021-06-17 10:12:03,S,1068.5,2,38
2021-06-17 10:12:03,S,1068.8,1,3
2021-06-17 10:12:03,S,1069.15,1,12
2021-06-17 10:12:03,S,1069.25,2,11
2021-06-17 10:12:03,B,1067.3,1,2
2021-06-17 10:12:03,B,1067.25,2,10
2021-06-17 10:12:03,B,1067.2,2,2
2021-06-17 10:12:03,B,1067.15,1,1
2021-06-17 10:12:03,B,1066.9,1,1
2021-06-17 10:12:05,S,1068.35,2,5
2021-06-17 10:12:05,S,1068.5,2,38
2021-06-17 10:12:05,S,1068.8,1,3
2021-06-17 10:12:05,S,1069.15,1,12
2021-06-17 10:12:05,S,1069.25,2,11
2021-06-17 10:12:05,B,1067.3,1,2
2021-06-17 10:12:05,B,1067.25,2,10
2021-06-17 10:12:05,B,1067.2,2,2
2021-06-17 10:12:05,B,1067.15,1,1
2021-06-17 10:12:05,B,1066.9,1,1
2021-06-17 10:12:06,S,1068.35,1,3
2021-06-17 10:12:06,S,1068.5,2,38
2021-06-17 10:12:06,S,1068.8,2,4
2021-06-17 10:12:06,S,1069.15,1,9
2021-06-17 10:12:06,S,1069.25,2,11
2021-06-17 10:12:06,B,1067.5,1,10
2021-06-17 10:12:06,B,1067.25,2,3
2021-06-17 10:12:06,B,1067.2,2,2
2021-06-17 10:12:06,B,1066.85,2,3
2021-06-17 10:12:06,B,1066.65,1,7
2021-06-17 10:12:07,S,1068.35,1,3
2021-06-17 10:12:07,S,1068.5,2,38
2021-06-17 10:12:07,S,1068.8,2,4
2021-06-17 10:12:07,S,1069.15,1,9
2021-06-17 10:12:07,S,1069.25,2,11
2021-06-17 10:12:07,B,1067.5,1,10
2021-06-17 10:12:07,B,1067.25,2,3
2021-06-17 10:12:07,B,1067.2,2,2
2021-06-17 10:12:07,B,1066.85,2,3
2021-06-17 10:12:07,B,1066.65,1,7
2021-06-17 10:12:08,S,1068.5,2,38
2021-06-17 10:12:08,S,1068.8,1,3
2021-06-17 10:12:08,S,1069.15,2,10
2021-06-17 10:12:08,S,1069.25,2,11
2021-06-17 10:12:08,S,1069.45,1,10
2021-06-17 10:12:08,B,1067.5,1,10
2021-06-17 10:12:08,B,1067.25,2,3
2021-06-17 10:12:08,B,1067.2,1,1
2021-06-17 10:12:08,B,1066.85,2,3
2021-06-17 10:12:08,B,1066.7,1,7
2021-06-17 10:12:13,S,1068.5,2,38
2021-06-17 10:12:13,S,1068.8,2,4
2021-06-17 10:12:13,S,1069.15,2,10
2021-06-17 10:12:13,S,1069.25,2,11
2021-06-17 10:12:13,S,1069.45,1,10
2021-06-17 10:12:13,B,1067.2,1,1
2021-06-17 10:12:13,B,1066.9,2,3
2021-06-17 10:12:13,B,1066.85,2,3
2021-06-17 10:12:13,B,1066.7,1,7
2021-06-17 10:12:13,B,1066.65,1,7
2021-06-17 10:12:16,S,1068.5,2,38
2021-06-17 10:12:16,S,1068.8,2,4
2021-06-17 10:12:16,S,1068.95,2,10
2021-06-17 10:12:16,S,1069.15,2,12
2021-06-17 10:12:16,S,1069.25,2,11
2021-06-17 10:12:16,B,1067.3,1,10
2021-06-17 10:12:16,B,1067.25,1,2
2021-06-17 10:12:16,B,1067.2,1,1
2021-06-17 10:12:16,B,1066.85,2,3
2021-06-17 10:12:16,B,1066.7,1,7
2021-06-17 10:12:18,S,1068.5,2,38
2021-06-17 10:12:18,S,1068.8,2,4
2021-06-17 10:12:18,S,1068.95,2,10
2021-06-17 10:12:18,S,1069.15,2,12
2021-06-17 10:12:18,S,1069.25,2,11
2021-06-17 10:12:18,B,1067.3,1,10
2021-06-17 10:12:18,B,1067.25,1,2
2021-06-17 10:12:18,B,1067.2,1,1
2021-06-17 10:12:18,B,1066.85,2,3
2021-06-17 10:12:18,B,1066.7,1,7
2021-06-17 10:12:21,S,1068.5,2,38
2021-06-17 10:12:21,S,1068.8,2,4
2021-06-17 10:12:21,S,1068.95,2,10
2021-06-17 10:12:21,S,1069.15,2,12
2021-06-17 10:12:21,S,1069.25,2,11
2021-06-17 10:12:21,B,1067.2,1,1
2021-06-17 10:12:21,B,1066.9,2,3
2021-06-17 10:12:21,B,1066.85,2,3
2021-06-17 10:12:21,B,1066.7,1,7
2021-06-17 10:12:21,B,1066.65,1,7
2021-06-17 10:12:24,S,1068.5,2,38
2021-06-17 10:12:24,S,1068.8,2,4
2021-06-17 10:12:24,S,1068.85,2,13
2021-06-17 10:12:24,S,1068.95,2,10
2021-06-17 10:12:24,S,1069.15,2,12
2021-06-17 10:12:24,B,1067.2,1,1
2021-06-17 10:12:24,B,1067.05,1,2
2021-06-17 10:12:24,B,1067.0,1,10
2021-06-17 10:12:24,B,1066.85,2,3
2021-06-17 10:12:24,B,1066.7,1,7
2021-06-17 10:12:30,S,1068.5,2,38
2021-06-17 10:12:30,S,1068.8,2,4
2021-06-17 10:12:30,S,1068.85,2,13
2021-06-17 10:12:30,S,1068.95,2,10
2021-06-17 10:12:30,S,1069.15,2,12
2021-06-17 10:12:30,B,1067.2,1,1
2021-06-17 10:12:30,B,1067.05,1,2
2021-06-17 10:12:30,B,1067.0,1,10
2021-06-17 10:12:30,B,1066.85,2,3
2021-06-17 10:12:30,B,1066.7,1,7
2021-06-17 10:12:33,S,1068.45,1,9
2021-06-17 10:12:33,S,1068.5,2,38
2021-06-17 10:12:33,S,1068.8,2,4
2021-06-17 10:12:33,S,1068.85,2,13
2021-06-17 10:12:33,S,1069.15,2,12
2021-06-17 10:12:33,B,1067.2,1,1
2021-06-17 10:12:33,B,1067.0,1,2
2021-06-17 10:12:33,B,1066.95,3,11
2021-06-17 10:12:33,B,1066.85,2,3
2021-06-17 10:12:33,B,1066.7,1,7
2021-06-17 10:12:39,S,1068.5,2,38
2021-06-17 10:12:39,S,1068.65,2,11
2021-06-17 10:12:39,S,1068.8,2,4
2021-06-17 10:12:39,S,1068.85,2,13
2021-06-17 10:12:39,S,1069.15,2,12
2021-06-17 10:12:39,B,1067.25,1,2
2021-06-17 10:12:39,B,1067.2,1,1
2021-06-17 10:12:39,B,1067.05,1,10
2021-06-17 10:12:39,B,1066.95,1,1
2021-06-17 10:12:39,B,1066.85,1,2
2021-06-17 10:12:44,S,1068.5,2,38
2021-06-17 10:12:44,S,1068.65,2,11
2021-06-17 10:12:44,S,1068.8,2,4
2021-06-17 10:12:44,S,1068.85,2,13
2021-06-17 10:12:44,S,1069.15,2,12
2021-06-17 10:12:44,B,1067.25,1,2
2021-06-17 10:12:44,B,1067.2,1,1
2021-06-17 10:12:44,B,1067.05,1,10
2021-06-17 10:12:44,B,1066.95,1,1
2021-06-17 10:12:44,B,1066.85,1,2
2021-06-17 10:12:45,S,1068.5,2,38
2021-06-17 10:12:45,S,1068.65,2,11
2021-06-17 10:12:45,S,1068.8,2,4
2021-06-17 10:12:45,S,1068.85,2,13
2021-06-17 10:12:45,S,1069.15,2,12
2021-06-17 10:12:45,B,1067.25,1,2
2021-06-17 10:12:45,B,1067.2,1,1
2021-06-17 10:12:45,B,1067.05,1,10
2021-06-17 10:12:45,B,1066.95,1,1
2021-06-17 10:12:45,B,1066.85,1,2
2021-06-17 10:12:45,S,1067.1,3,6
2021-06-17 10:12:45,S,1067.15,2,10
2021-06-17 10:12:45,S,1067.35,2,12
2021-06-17 10:12:45,S,1067.65,2,12
2021-06-17 10:12:45,S,1067.75,1,3
2021-06-17 10:12:45,B,1066.05,1,6
2021-06-17 10:12:45,B,1066.0,1,14
2021-06-17 10:12:45,B,1065.55,1,9
2021-06-17 10:12:45,B,1065.3,1,7
2021-06-17 10:12:45,B,1065.25,2,3
2021-06-17 10:12:49,S,1067.1,3,6
2021-06-17 10:12:49,S,1067.15,2,10
2021-06-17 10:12:49,S,1067.35,2,12
2021-06-17 10:12:49,S,1067.65,2,12
2021-06-17 10:12:49,S,1067.75,1,3
2021-06-17 10:12:49,B,1066.05,1,6
2021-06-17 10:12:49,B,1066.0,1,14
2021-06-17 10:12:49,B,1065.55,1,9
2021-06-17 10:12:49,B,1065.3,1,7
2021-06-17 10:12:49,B,1065.25,2,3
2021-06-17 10:12:51,S,1067.25,1,2
2021-06-17 10:12:51,S,1067.3,2,4
2021-06-17 10:12:51,S,1067.55,2,8
2021-06-17 10:12:51,S,1067.6,2,8
2021-06-17 10:12:51,S,1067.65,1,7
2021-06-17 10:12:51,B,1066.0,1,14
2021-06-17 10:12:51,B,1065.45,2,8
2021-06-17 10:12:51,B,1065.4,2,8
2021-06-17 10:12:51,B,1065.35,2,8
2021-06-17 10:12:51,B,1065.3,1,7
2021-06-17 10:12:54,S,1067.25,1,2
2021-06-17 10:12:54,S,1067.3,2,4
2021-06-17 10:12:54,S,1067.55,2,8
2021-06-17 10:12:54,S,1067.6,2,8
2021-06-17 10:12:54,S,1067.65,1,7
2021-06-17 10:12:54,B,1066.0,1,14
2021-06-17 10:12:54,B,1065.9,1,9
2021-06-17 10:12:54,B,1065.6,1,2
2021-06-17 10:12:54,B,1065.45,2,8
2021-06-17 10:12:54,B,1065.4,2,8
2021-06-17 10:12:58,S,1067.25,1,2
2021-06-17 10:12:58,S,1067.3,1,3
2021-06-17 10:12:58,S,1067.55,2,8
2021-06-17 10:12:58,S,1067.6,2,8
2021-06-17 10:12:58,S,1067.65,1,7
2021-06-17 10:12:58,B,1066.45,1,10
2021-06-17 10:12:58,B,1066.0,1,14
2021-06-17 10:12:58,B,1065.9,1,9
2021-06-17 10:12:58,B,1065.6,1,2
2021-06-17 10:12:58,B,1065.45,2,8
2021-06-17 10:13:07,S,1067.5,2,3
2021-06-17 10:13:07,S,1067.55,2,8
2021-06-17 10:13:07,S,1067.6,2,8
2021-06-17 10:13:07,S,1067.65,1,7
2021-06-17 10:13:07,S,1067.7,1,7
2021-06-17 10:13:07,B,1066.45,1,10
2021-06-17 10:13:07,B,1066.0,1,14
2021-06-17 10:13:07,B,1065.9,1,9
2021-06-17 10:13:07,B,1065.6,1,2
2021-06-17 10:13:07,B,1065.45,2,8
2021-06-17 10:13:10,S,1067.5,2,3
2021-06-17 10:13:10,S,1067.55,2,8
2021-06-17 10:13:10,S,1067.6,2,8
2021-06-17 10:13:10,S,1067.65,1,7
2021-06-17 10:13:10,S,1067.7,1,7
2021-06-17 10:13:10,B,1066.45,1,10
2021-06-17 10:13:10,B,1066.0,1,14
2021-06-17 10:13:10,B,1065.9,1,9
2021-06-17 10:13:10,B,1065.6,1,2
2021-06-17 10:13:10,B,1065.45,2,8
2021-06-17 10:13:18,S,1067.5,1,2
2021-06-17 10:13:18,S,1067.55,1,7
2021-06-17 10:13:18,S,1067.6,2,8
2021-06-17 10:13:18,S,1067.65,1,7
2021-06-17 10:13:18,S,1067.7,1,7
2021-06-17 10:13:18,B,1066.45,1,10
2021-06-17 10:13:18,B,1066.0,3,25
2021-06-17 10:13:18,B,1065.9,1,9
2021-06-17 10:13:18,B,1065.6,1,2
2021-06-17 10:13:18,B,1065.45,2,8
2021-06-17 10:13:18,S,1067.5,1,2
2021-06-17 10:13:18,S,1067.55,1,7
2021-06-17 10:13:18,S,1067.6,2,8
2021-06-17 10:13:18,S,1067.65,1,7
2021-06-17 10:13:18,S,1067.7,1,7
2021-06-17 10:13:18,B,1066.45,1,10
2021-06-17 10:13:18,B,1066.0,3,25
2021-06-17 10:13:18,B,1065.9,1,9
2021-06-17 10:13:18,B,1065.6,1,2
2021-06-17 10:13:18,B,1065.45,2,8
2021-06-17 10:13:20,S,1067.5,1,2
2021-06-17 10:13:20,S,1067.55,1,6
2021-06-17 10:13:20,S,1067.6,2,8
2021-06-17 10:13:20,S,1067.65,2,8
2021-06-17 10:13:20,S,1067.7,1,7
2021-06-17 10:13:20,B,1066.45,1,10
2021-06-17 10:13:20,B,1066.05,1,2
2021-06-17 10:13:20,B,1066.0,3,34
2021-06-17 10:13:20,B,1065.9,1,9
2021-06-17 10:13:20,B,1065.6,1,2
2021-06-17 10:13:29,S,1067.5,1,2
2021-06-17 10:13:29,S,1067.55,1,6
2021-06-17 10:13:29,S,1067.6,2,8
2021-06-17 10:13:29,S,1067.65,2,8
2021-06-17 10:13:29,S,1067.7,1,7
2021-06-17 10:13:29,B,1066.45,1,10
2021-06-17 10:13:29,B,1066.05,1,2
2021-06-17 10:13:29,B,1066.0,4,35
2021-06-17 10:13:29,B,1065.9,1,9
2021-06-17 10:13:29,B,1065.6,1,2
2021-06-17 10:13:39,S,1067.5,1,2
2021-06-17 10:13:39,S,1067.55,1,6
2021-06-17 10:13:39,S,1067.6,2,8
2021-06-17 10:13:39,S,1067.65,2,8
2021-06-17 10:13:39,S,1067.7,1,7
2021-06-17 10:13:39,B,1066.45,1,10
2021-06-17 10:13:39,B,1066.05,1,2
2021-06-17 10:13:39,B,1066.0,4,35
2021-06-17 10:13:39,B,1065.9,1,9
2021-06-17 10:13:39,B,1065.6,1,2
2021-06-17 10:13:42,S,1067.5,1,2
2021-06-17 10:13:42,S,1067.55,1,6
2021-06-17 10:13:42,S,1067.6,2,8
2021-06-17 10:13:42,S,1067.65,2,8
2021-06-17 10:13:42,S,1067.7,1,7
2021-06-17 10:13:42,B,1066.45,1,10
2021-06-17 10:13:42,B,1066.05,1,2
2021-06-17 10:13:42,B,1066.0,3,34
2021-06-17 10:13:42,B,1065.9,1,9
2021-06-17 10:13:42,B,1065.6,1,2
2021-06-17 10:13:52,S,1067.5,1,2
2021-06-17 10:13:52,S,1067.55,1,6
2021-06-17 10:13:52,S,1067.6,2,8
2021-06-17 10:13:52,S,1067.65,2,8
2021-06-17 10:13:52,S,1067.7,1,7
2021-06-17 10:13:52,B,1066.45,1,10
2021-06-17 10:13:52,B,1066.05,1,2
2021-06-17 10:13:52,B,1066.0,4,35
2021-06-17 10:13:52,B,1065.9,1,9
2021-06-17 10:13:52,B,1065.6,1,2
2021-06-17 10:13:54,S,1067.5,1,2
2021-06-17 10:13:54,S,1067.55,1,6
2021-06-17 10:13:54,S,1067.6,2,8
2021-06-17 10:13:54,S,1067.65,2,8
2021-06-17 10:13:54,S,1067.7,1,7
2021-06-17 10:13:54,B,1066.45,1,10
2021-06-17 10:13:54,B,1066.05,1,2
2021-06-17 10:13:54,B,1066.0,3,34
2021-06-17 10:13:54,B,1065.9,1,9
2021-06-17 10:13:54,B,1065.6,1,2
2021-06-17 10:13:59,S,1067.5,1,2
2021-06-17 10:13:59,S,1067.55,1,6
2021-06-17 10:13:59,S,1067.6,2,8
2021-06-17 10:13:59,S,1067.65,2,8
2021-06-17 10:13:59,S,1067.7,1,7
2021-06-17 10:13:59,B,1066.45,1,10
2021-06-17 10:13:59,B,1066.05,1,2
2021-06-17 10:13:59,B,1066.0,3,34
2021-06-17 10:13:59,B,1065.9,1,9
2021-06-17 10:13:59,B,1065.6,1,2
2021-06-17 10:14:00,S,1068.5,2,38
2021-06-17 10:14:00,S,1068.8,1,3
2021-06-17 10:14:00,S,1069.25,2,4
2021-06-17 10:14:00,S,1069.75,2,14
2021-06-17 10:14:00,S,1069.8,2,10
2021-06-17 10:14:00,B,1067.65,2,8
2021-06-17 10:14:00,B,1067.6,2,493
2021-06-17 10:14:00,B,1067.1,2,3
2021-06-17 10:14:00,B,1066.7,1,2
2021-06-17 10:14:00,B,1066.55,2,9
2021-06-17 10:14:01,S,1068.5,2,38
2021-06-17 10:14:01,S,1068.8,1,3
2021-06-17 10:14:01,S,1069.25,2,4
2021-06-17 10:14:01,S,1069.75,2,14
2021-06-17 10:14:01,S,1069.8,2,10
2021-06-17 10:14:01,B,1067.65,2,8
2021-06-17 10:14:01,B,1067.6,2,493
2021-06-17 10:14:01,B,1067.1,2,3
2021-06-17 10:14:01,B,1066.7,1,2
2021-06-17 10:14:01,B,1066.55,2,9
2021-06-17 10:14:02,S,1068.5,2,37
2021-06-17 10:14:02,S,1068.65,1,4
2021-06-17 10:14:02,S,1068.8,1,3
2021-06-17 10:14:02,S,1069.25,2,4
2021-06-17 10:14:02,S,1069.75,2,14
2021-06-17 10:14:02,B,1067.85,1,10
2021-06-17 10:14:02,B,1067.7,1,2
2021-06-17 10:14:02,B,1067.65,1,6
2021-06-17 10:14:02,B,1067.6,1,484
2021-06-17 10:14:02,B,1067.1,2,3
2021-06-17 10:14:04,S,1068.5,2,37
2021-06-17 10:14:04,S,1068.65,1,4
2021-06-17 10:14:04,S,1068.8,1,3
2021-06-17 10:14:04,S,1069.25,2,4
2021-06-17 10:14:04,S,1069.75,2,14
2021-06-17 10:14:04,B,1067.85,1,10
2021-06-17 10:14:04,B,1067.7,1,2
2021-06-17 10:14:04,B,1067.65,1,6
2021-06-17 10:14:04,B,1067.6,1,484
2021-06-17 10:14:04,B,1067.1,2,3
2021-06-17 10:14:07,S,1068.5,2,37
2021-06-17 10:14:07,S,1068.65,1,4
2021-06-17 10:14:07,S,1068.8,1,3
2021-06-17 10:14:07,S,1069.25,2,4
2021-06-17 10:14:07,S,1069.4,1,9
2021-06-17 10:14:07,B,1067.85,1,10
2021-06-17 10:14:07,B,1067.7,1,2
2021-06-17 10:14:07,B,1067.65,1,6
2021-06-17 10:14:07,B,1067.6,1,484
2021-06-17 10:14:07,B,1067.1,2,3
2021-06-17 10:14:12,S,1068.5,2,37
2021-06-17 10:14:12,S,1068.65,1,4
2021-06-17 10:14:12,S,1068.8,1,3
2021-06-17 10:14:12,S,1069.25,2,4
2021-06-17 10:14:12,S,1069.4,1,9
2021-06-17 10:14:12,B,1067.85,1,10
2021-06-17 10:14:12,B,1067.7,1,2
2021-06-17 10:14:12,B,1067.65,1,6
2021-06-17 10:14:12,B,1067.6,1,484
2021-06-17 10:14:12,B,1067.1,2,3
2021-06-17 10:14:14,S,1068.5,2,37
2021-06-17 10:14:14,S,1068.65,1,4
2021-06-17 10:14:14,S,1068.8,1,3
2021-06-17 10:14:14,S,1069.25,2,4
2021-06-17 10:14:14,S,1069.55,1,9
2021-06-17 10:14:14,B,1067.85,1,10
2021-06-17 10:14:14,B,1067.7,1,2
2021-06-17 10:14:14,B,1067.65,1,6
2021-06-17 10:14:14,B,1067.6,1,484
2021-06-17 10:14:14,B,1067.55,1,18
2021-06-17 10:14:22,S,1068.5,2,37
2021-06-17 10:14:22,S,1068.65,1,4
2021-06-17 10:14:22,S,1068.8,1,3
2021-06-17 10:14:22,S,1069.25,2,4
2021-06-17 10:14:22,S,1069.55,1,9
2021-06-17 10:14:22,B,1067.85,1,10
2021-06-17 10:14:22,B,1067.7,1,2
2021-06-17 10:14:22,B,1067.65,1,6
2021-06-17 10:14:22,B,1067.6,1,484
2021-06-17 10:14:22,B,1067.55,1,18
2021-06-17 10:14:24,S,1069.8,2,6
2021-06-17 10:14:24,S,1069.85,1,7
2021-06-17 10:14:24,S,1069.9,1,7
2021-06-17 10:14:24,S,1069.95,1,7
2021-06-17 10:14:24,S,1070.0,3,82
2021-06-17 10:14:24,B,1068.5,1,9
2021-06-17 10:14:24,B,1068.1,1,2
2021-06-17 10:14:24,B,1068.05,2,3
2021-06-17 10:14:24,B,1067.95,1,7
2021-06-17 10:14:24,B,1067.9,1,7
2021-06-17 10:14:26,S,1069.8,2,6
2021-06-17 10:14:26,S,1069.85,1,7
2021-06-17 10:14:26,S,1069.9,1,7
2021-06-17 10:14:26,S,1069.95,1,7
2021-06-17 10:14:26,S,1070.0,3,82
2021-06-17 10:14:26,B,1068.5,1,9
2021-06-17 10:14:26,B,1068.1,1,2
2021-06-17 10:14:26,B,1068.05,2,3
2021-06-17 10:14:26,B,1067.95,2,17
2021-06-17 10:14:26,B,1067.9,1,7
2021-06-17 10:14:31,S,1069.8,2,6
2021-06-17 10:14:31,S,1069.85,1,7
2021-06-17 10:14:31,S,1069.9,1,7
2021-06-17 10:14:31,S,1069.95,1,7
2021-06-17 10:14:31,S,1070.0,3,82
2021-06-17 10:14:31,B,1068.1,1,2
2021-06-17 10:14:31,B,1068.05,1,2
2021-06-17 10:14:31,B,1068.0,1,4
2021-06-17 10:14:31,B,1067.95,2,17
2021-06-17 10:14:31,B,1067.9,1,7
2021-06-17 10:14:33,S,1069.8,2,6
2021-06-17 10:14:33,S,1069.85,1,7
2021-06-17 10:14:33,S,1069.9,1,7
2021-06-17 10:14:33,S,1069.95,2,13
2021-06-17 10:14:33,S,1070.0,3,82
2021-06-17 10:14:33,B,1068.5,1,2
2021-06-17 10:14:33,B,1068.45,1,10
2021-06-17 10:14:33,B,1068.05,2,3
2021-06-17 10:14:33,B,1068.0,1,4
2021-06-17 10:14:33,B,1067.95,2,17
2021-06-17 10:14:38,S,1069.8,2,6
2021-06-17 10:14:38,S,1069.85,1,7
2021-06-17 10:14:38,S,1069.9,1,7
2021-06-17 10:14:38,S,1069.95,2,13
2021-06-17 10:14:38,S,1070.0,3,82
2021-06-17 10:14:38,B,1068.5,1,2
2021-06-17 10:14:38,B,1068.45,1,10
2021-06-17 10:14:38,B,1068.05,2,3
2021-06-17 10:14:38,B,1068.0,1,4
2021-06-17 10:14:38,B,1067.95,2,17
2021-06-17 10:14:41,S,1069.8,2,6
2021-06-17 10:14:41,S,1069.85,1,7
2021-06-17 10:14:41,S,1069.9,1,7
2021-06-17 10:14:41,S,1069.95,2,13
2021-06-17 10:14:41,S,1070.0,3,82
2021-06-17 10:14:41,B,1068.5,1,2
2021-06-17 10:14:41,B,1068.45,1,10
2021-06-17 10:14:41,B,1068.05,2,3
2021-06-17 10:14:41,B,1068.0,1,4
2021-06-17 10:14:41,B,1067.95,2,17
2021-06-17 10:14:44,S,1069.75,1,9
2021-06-17 10:14:44,S,1069.8,2,6
2021-06-17 10:14:44,S,1069.85,1,7
2021-06-17 10:14:44,S,1069.9,1,7
2021-06-17 10:14:44,S,1069.95,1,7
2021-06-17 10:14:44,B,1068.15,1,2
2021-06-17 10:14:44,B,1068.1,1,4
2021-06-17 10:14:44,B,1068.05,1,2
2021-06-17 10:14:44,B,1068.0,1,4
2021-06-17 10:14:44,B,1067.95,2,17
2021-06-17 10:14:46,S,1069.75,1,9
2021-06-17 10:14:46,S,1069.8,2,6
2021-06-17 10:14:46,S,1069.85,1,7
2021-06-17 10:14:46,S,1069.9,1,7
2021-06-17 10:14:46,S,1069.95,2,13
2021-06-17 10:14:46,B,1068.15,1,2
2021-06-17 10:14:46,B,1068.1,1,4
2021-06-17 10:14:46,B,1068.05,1,2
2021-06-17 10:14:46,B,1068.0,1,4
2021-06-17 10:14:46,B,1067.95,3,26
2021-06-17 10:14:56,S,1068.8,1,10
2021-06-17 10:14:56,S,1069.3,1,3
2021-06-17 10:14:56,S,1069.5,1,9
2021-06-17 10:14:56,S,1069.65,2,14
2021-06-17 10:14:56,S,1069.7,3,17
2021-06-17 10:14:56,B,1068.1,1,4
2021-06-17 10:14:56,B,1068.05,1,2
2021-06-17 10:14:56,B,1068.0,1,4
2021-06-17 10:14:56,B,1067.95,2,17
2021-06-17 10:14:56,B,1067.9,1,7
2021-06-17 10:14:59,S,1068.8,1,10
2021-06-17 10:14:59,S,1069.3,1,3
2021-06-17 10:14:59,S,1069.5,1,9
2021-06-17 10:14:59,S,1069.65,2,14
2021-06-17 10:14:59,S,1069.7,3,17
2021-06-17 10:14:59,B,1068.1,1,4
2021-06-17 10:14:59,B,1068.05,1,2
2021-06-17 10:14:59,B,1068.0,1,4
2021-06-17 10:14:59,B,1067.95,2,17
2021-06-17 10:14:59,B,1067.9,1,7
2021-06-17 10:15:00,S,1068.8,1,10
2021-06-17 10:15:00,S,1069.3,1,3
2021-06-17 10:15:00,S,1069.5,1,9
2021-06-17 10:15:00,S,1069.65,2,14
2021-06-17 10:15:00,S,1069.7,3,17
2021-06-17 10:15:00,B,1068.1,1,4
2021-06-17 10:15:00,B,1068.05,1,2
2021-06-17 10:15:00,B,1068.0,1,4
2021-06-17 10:15:00,B,1067.95,2,17
2021-06-17 10:15:00,B,1067.9,1,7
2021-06-17 10:15:02,S,1069.65,1,7
2021-06-17 10:15:02,S,1069.7,1,7
2021-06-17 10:15:02,S,1069.8,2,6
2021-06-17 10:15:02,S,1069.85,1,7
2021-06-17 10:15:02,S,1069.9,1,7
2021-06-17 10:15:02,B,1069.0,1,474
2021-06-17 10:15:02,B,1068.45,1,2
2021-06-17 10:15:02,B,1068.4,1,2
2021-06-17 10:15:02,B,1068.3,1,10
2021-06-17 10:15:02,B,1068.1,2,5
2021-06-17 10:15:04,S,1069.65,1,7
2021-06-17 10:15:04,S,1069.7,1,7
2021-06-17 10:15:04,S,1069.8,2,6
2021-06-17 10:15:04,S,1069.85,1,7
2021-06-17 10:15:04,S,1069.9,1,7
2021-06-17 10:15:04,B,1069.0,1,474
2021-06-17 10:15:04,B,1068.45,1,2
2021-06-17 10:15:04,B,1068.4,1,2
2021-06-17 10:15:04,B,1068.3,1,10
2021-06-17 10:15:04,B,1068.1,2,5
2021-06-17 10:15:05,S,1069.65,1,7
2021-06-17 10:15:05,S,1069.7,1,7
2021-06-17 10:15:05,S,1069.8,2,6
2021-06-17 10:15:05,S,1069.85,1,7
2021-06-17 10:15:05,S,1069.9,1,7
2021-06-17 10:15:05,B,1069.0,1,474
2021-06-17 10:15:05,B,1068.45,1,2
2021-06-17 10:15:05,B,1068.4,1,2
2021-06-17 10:15:05,B,1068.3,1,10
2021-06-17 10:15:05,B,1068.1,2,5
2021-06-17 10:15:07,S,1069.8,1,5
2021-06-17 10:15:07,S,1069.85,1,7
2021-06-17 10:15:07,S,1069.9,1,7
2021-06-17 10:15:07,S,1069.95,1,7
2021-06-17 10:15:07,S,1070.0,3,82
2021-06-17 10:15:07,B,1069.0,1,474
2021-06-17 10:15:07,B,1068.9,1,9
2021-06-17 10:15:07,B,1068.45,1,2
2021-06-17 10:15:07,B,1068.4,1,2
2021-06-17 10:15:07,B,1068.1,2,5
2021-06-17 10:15:07,S,1069.8,1,5
2021-06-17 10:15:07,S,1069.85,1,7
2021-06-17 10:15:07,S,1069.9,1,7
2021-06-17 10:15:07,S,1069.95,1,7
2021-06-17 10:15:07,S,1070.0,3,82
2021-06-17 10:15:07,B,1069.0,1,474
2021-06-17 10:15:07,B,1068.9,1,9
2021-06-17 10:15:07,B,1068.45,1,2
2021-06-17 10:15:07,B,1068.4,1,2
2021-06-17 10:15:07,B,1068.1,2,5
2021-06-17 10:15:09,S,1071.3,2,6
2021-06-17 10:15:09,S,1071.35,1,6
2021-06-17 10:15:09,S,1071.5,1,7
2021-06-17 10:15:09,S,1071.7,2,14
2021-06-17 10:15:09,S,1071.8,1,3
2021-06-17 10:15:09,B,1070.15,1,9
2021-06-17 10:15:09,B,1069.8,1,2
2021-06-17 10:15:09,B,1069.75,1,7
2021-06-17 10:15:09,B,1069.7,2,12
2021-06-17 10:15:09,B,1069.65,1,28
2021-06-17 10:15:19,S,1071.3,2,6
2021-06-17 10:15:19,S,1071.5,1,7
2021-06-17 10:15:19,S,1071.7,2,14
2021-06-17 10:15:19,S,1071.8,1,3
2021-06-17 10:15:19,S,1071.95,1,10
2021-06-17 10:15:19,B,1070.15,1,9
2021-06-17 10:15:19,B,1070.05,1,2
2021-06-17 10:15:19,B,1070.0,1,10
2021-06-17 10:15:19,B,1069.75,1,7
2021-06-17 10:15:19,B,1069.7,2,12
2021-06-17 10:15:23,S,1071.7,2,8
2021-06-17 10:15:23,S,1071.95,1,10
2021-06-17 10:15:23,S,1072.2,1,4
2021-06-17 10:15:23,S,1072.45,1,5
2021-06-17 10:15:23,S,1072.6,1,6
2021-06-17 10:15:23,B,1070.4,1,2
2021-06-17 10:15:23,B,1070.35,1,10
2021-06-17 10:15:23,B,1070.05,1,7
2021-06-17 10:15:23,B,1070.0,2,30
2021-06-17 10:15:23,B,1069.9,1,2
2021-06-17 10:15:25,S,1071.7,2,8
2021-06-17 10:15:25,S,1071.95,1,10
2021-06-17 10:15:25,S,1072.05,1,10
2021-06-17 10:15:25,S,1072.2,1,4
2021-06-17 10:15:25,S,1072.45,1,5
2021-06-17 10:15:25,B,1070.4,1,2
2021-06-17 10:15:25,B,1070.35,1,10
2021-06-17 10:15:25,B,1070.05,1,7
2021-06-17 10:15:25,B,1070.0,2,30
2021-06-17 10:15:25,B,1069.9,1,2
2021-06-17 10:15:27,S,1071.7,2,8
2021-06-17 10:15:27,S,1071.95,1,10
2021-06-17 10:15:27,S,1072.05,1,10
2021-06-17 10:15:27,S,1072.2,1,4
2021-06-17 10:15:27,S,1072.45,1,5
2021-06-17 10:15:27,B,1070.4,1,2
2021-06-17 10:15:27,B,1070.35,1,10
2021-06-17 10:15:27,B,1070.05,1,7
2021-06-17 10:15:27,B,1070.0,2,30
2021-06-17 10:15:27,B,1069.9,1,2
2021-06-17 10:15:28,S,1072.4,2,3
2021-06-17 10:15:28,S,1072.55,2,14
2021-06-17 10:15:28,S,1072.65,1,10
2021-06-17 10:15:28,S,1072.75,1,4
2021-06-17 10:15:28,S,1072.9,1,5
2021-06-17 10:15:28,B,1070.95,1,9
2021-06-17 10:15:28,B,1070.7,1,2
2021-06-17 10:15:28,B,1070.65,1,11
2021-06-17 10:15:28,B,1070.05,1,7
2021-06-17 10:15:28,B,1070.0,2,30
2021-06-17 10:15:31,S,1072.9,1,10
2021-06-17 10:15:31,S,1073.05,1,2
2021-06-17 10:15:31,S,1073.1,2,4
2021-06-17 10:15:31,S,1073.2,2,7
2021-06-17 10:15:31,S,1073.25,1,7
2021-06-17 10:15:31,B,1071.1,1,2
2021-06-17 10:15:31,B,1071.05,1,2
2021-06-17 10:15:31,B,1070.8,1,7
2021-06-17 10:15:31,B,1070.75,1,7
2021-06-17 10:15:31,B,1070.7,1,7
2021-06-17 10:15:34,S,1073.1,2,4
2021-06-17 10:15:34,S,1073.2,2,7
2021-06-17 10:15:34,S,1073.25,1,7
2021-06-17 10:15:34,S,1073.45,1,2
2021-06-17 10:15:34,S,1073.5,1,9
2021-06-17 10:15:34,B,1071.55,1,9
2021-06-17 10:15:34,B,1071.1,1,2
2021-06-17 10:15:34,B,1071.05,1,2
2021-06-17 10:15:34,B,1070.9,1,7
2021-06-17 10:15:34,B,1070.85,1,7
2021-06-17 10:15:36,S,1073.2,2,7
2021-06-17 10:15:36,S,1073.25,1,7
2021-06-17 10:15:36,S,1073.5,1,9
2021-06-17 10:15:36,S,1073.65,1,3
2021-06-17 10:15:36,S,1073.8,1,5
2021-06-17 10:15:36,B,1071.55,1,2
2021-06-17 10:15:36,B,1071.5,1,2
2021-06-17 10:15:36,B,1071.05,2,9
2021-06-17 10:15:36,B,1071.0,1,7
2021-06-17 10:15:36,B,1070.95,1,7
2021-06-17 10:15:39,S,1073.2,3,16
2021-06-17 10:15:39,S,1073.45,1,1
2021-06-17 10:15:39,S,1073.5,1,9
2021-06-17 10:15:39,S,1073.65,1,3
2021-06-17 10:15:39,S,1074.0,1,1
2021-06-17 10:15:39,B,1071.55,1,2
2021-06-17 10:15:39,B,1071.5,1,10
2021-06-17 10:15:39,B,1071.05,2,9
2021-06-17 10:15:39,B,1071.0,1,7
2021-06-17 10:15:39,B,1070.95,1,7
2021-06-17 10:15:41,S,1073.2,3,16
2021-06-17 10:15:41,S,1073.45,1,1
2021-06-17 10:15:41,S,1073.5,1,9
2021-06-17 10:15:41,S,1073.65,1,3
2021-06-17 10:15:41,S,1074.0,1,1
2021-06-17 10:15:41,B,1071.55,1,2
2021-06-17 10:15:41,B,1071.5,1,10
2021-06-17 10:15:41,B,1071.05,2,9
2021-06-17 10:15:41,B,1071.0,1,7
2021-06-17 10:15:41,B,1070.95,1,7
2021-06-17 10:15:46,S,1071.45,2,10
2021-06-17 10:15:46,S,1071.55,1,11
2021-06-17 10:15:46,S,1071.8,1,2
2021-06-17 10:15:46,S,1071.85,1,10
2021-06-17 10:15:46,S,1072.15,1,11
2021-06-17 10:15:46,B,1070.1,1,2
2021-06-17 10:15:46,B,1070.05,1,50
2021-06-17 10:15:46,B,1070.0,2,30
2021-06-17 10:15:46,B,1069.9,1,2
2021-06-17 10:15:46,B,1069.8,1,2
2021-06-17 10:15:48,S,1071.8,2,3
2021-06-17 10:15:48,S,1071.85,1,3
2021-06-17 10:15:48,S,1072.2,1,3
2021-06-17 10:15:48,S,1072.4,1,7
2021-06-17 10:15:48,S,1072.5,2,6
2021-06-17 10:15:48,B,1070.6,1,2
2021-06-17 10:15:48,B,1070.55,1,10
2021-06-17 10:15:48,B,1070.4,1,7
2021-06-17 10:15:48,B,1070.3,1,7
2021-06-17 10:15:48,B,1070.2,1,7
2021-06-17 10:15:51,S,1071.8,2,3
2021-06-17 10:15:51,S,1071.85,1,3
2021-06-17 10:15:51,S,1072.2,1,3
2021-06-17 10:15:51,S,1072.35,1,10
2021-06-17 10:15:51,S,1072.4,1,7
2021-06-17 10:15:51,B,1070.7,1,2
2021-06-17 10:15:51,B,1070.65,1,10
2021-06-17 10:15:51,B,1070.4,1,7
2021-06-17 10:15:51,B,1070.35,1,2
2021-06-17 10:15:51,B,1070.3,1,7
2021-06-17 10:15:53,S,1071.8,2,3
2021-06-17 10:15:53,S,1071.85,1,3
2021-06-17 10:15:53,S,1072.2,1,3
2021-06-17 10:15:53,S,1072.35,1,10
2021-06-17 10:15:53,S,1072.4,1,7
2021-06-17 10:15:53,B,1070.7,1,2
2021-06-17 10:15:53,B,1070.65,1,10
2021-06-17 10:15:53,B,1070.4,1,7
2021-06-17 10:15:53,B,1070.35,1,2
2021-06-17 10:15:53,B,1070.3,1,7
2021-06-17 10:15:54,S,1071.8,2,3
2021-06-17 10:15:54,S,1071.85,1,3
2021-06-17 10:15:54,S,1072.2,1,3
2021-06-17 10:15:54,S,1072.35,1,10
2021-06-17 10:15:54,S,1072.4,1,7
2021-06-17 10:15:54,B,1070.7,1,2
2021-06-17 10:15:54,B,1070.65,1,10
2021-06-17 10:15:54,B,1070.4,1,7
2021-06-17 10:15:54,B,1070.35,1,2
2021-06-17 10:15:54,B,1070.3,1,7
2021-06-17 10:15:55,S,1073.3,1,24
2021-06-17 10:15:55,S,1073.35,1,2
2021-06-17 10:15:55,S,1073.4,1,1
2021-06-17 10:15:55,S,1073.45,2,14
2021-06-17 10:15:55,S,1073.5,1,9
2021-06-17 10:15:55,B,1070.95,1,2
2021-06-17 10:15:55,B,1070.9,1,28
2021-06-17 10:15:55,B,1070.4,1,7
2021-06-17 10:15:55,B,1070.35,2,3
2021-06-17 10:15:55,B,1070.3,1,7
2021-06-17 10:15:57,S,1073.25,1,3
2021-06-17 10:15:57,S,1073.3,1,7
2021-06-17 10:15:57,S,1073.35,1,2
2021-06-17 10:15:57,S,1073.4,3,17
2021-06-17 10:15:57,S,1073.45,2,14
2021-06-17 10:15:57,B,1071.85,1,2
2021-06-17 10:15:57,B,1071.8,1,9
2021-06-17 10:15:57,B,1071.3,2,9
2021-06-17 10:15:57,B,1071.25,1,7
2021-06-17 10:15:57,B,1071.2,1,7
2021-06-17 10:16:00,S,1073.25,1,3
2021-06-17 10:16:00,S,1073.3,1,7
2021-06-17 10:16:00,S,1073.35,1,2
2021-06-17 10:16:00,S,1073.4,3,17
2021-06-17 10:16:00,S,1073.45,2,14
2021-06-17 10:16:00,B,1071.85,1,2
2021-06-17 10:16:00,B,1071.8,1,9
2021-06-17 10:16:00,B,1071.3,2,9
2021-06-17 10:16:00,B,1071.25,1,7
2021-06-17 10:16:00,B,1071.2,1,7
2021-06-17 10:16:07,S,1073.25,1,3
2021-06-17 10:16:07,S,1073.3,1,7
2021-06-17 10:16:07,S,1073.35,1,2
2021-06-17 10:16:07,S,1073.4,3,17
2021-06-17 10:16:07,S,1073.45,2,14
2021-06-17 10:16:07,B,1071.85,1,2
2021-06-17 10:16:07,B,1071.8,1,9
2021-06-17 10:16:07,B,1071.3,2,9
2021-06-17 10:16:07,B,1071.25,1,7
2021-06-17 10:16:07,B,1071.2,1,7
2021-06-17 10:16:12,S,1073.25,1,3
2021-06-17 10:16:12,S,1073.3,1,7
2021-06-17 10:16:12,S,1073.35,1,2
2021-06-17 10:16:12,S,1073.4,3,17
2021-06-17 10:16:12,S,1073.45,2,14
2021-06-17 10:16:12,B,1072.05,1,2
2021-06-17 10:16:12,B,1072.0,1,10
2021-06-17 10:16:12,B,1071.8,1,9
2021-06-17 10:16:12,B,1071.3,2,9
2021-06-17 10:16:12,B,1071.25,1,7
2021-06-17 10:16:18,S,1073.25,1,3
2021-06-17 10:16:18,S,1073.3,1,7
2021-06-17 10:16:18,S,1073.35,1,2
2021-06-17 10:16:18,S,1073.4,3,17
2021-06-17 10:16:18,S,1073.45,2,14
2021-06-17 10:16:18,B,1072.05,1,2
2021-06-17 10:16:18,B,1072.0,1,10
2021-06-17 10:16:18,B,1071.85,1,10
2021-06-17 10:16:18,B,1071.8,1,9
2021-06-17 10:16:18,B,1071.3,2,9
2021-06-17 10:16:20,S,1073.25,1,3
2021-06-17 10:16:20,S,1073.3,1,7
2021-06-17 10:16:20,S,1073.35,1,2
2021-06-17 10:16:20,S,1073.4,3,17
2021-06-17 10:16:20,S,1073.45,2,14
2021-06-17 10:16:20,B,1072.05,1,2
2021-06-17 10:16:20,B,1072.0,1,10
2021-06-17 10:16:20,B,1071.85,1,10
2021-06-17 10:16:20,B,1071.8,1,9
2021-06-17 10:16:20,B,1071.3,2,9
2021-06-17 10:16:22,S,1073.25,1,3
2021-06-17 10:16:22,S,1073.3,1,7
2021-06-17 10:16:22,S,1073.35,1,2
2021-06-17 10:16:22,S,1073.4,1,1
2021-06-17 10:16:22,S,1073.45,2,14
2021-06-17 10:16:22,B,1072.05,1,2
2021-06-17 10:16:22,B,1072.0,1,10
2021-06-17 10:16:22,B,1071.85,1,10
2021-06-17 10:16:22,B,1071.8,1,9
2021-06-17 10:16:22,B,1071.3,2,9
2021-06-17 10:16:25,S,1073.0,2,28
2021-06-17 10:16:25,S,1073.25,1,3
2021-06-17 10:16:25,S,1073.3,1,7
2021-06-17 10:16:25,S,1073.35,1,2
2021-06-17 10:16:25,S,1073.4,1,1
2021-06-17 10:16:25,B,1072.0,1,10
2021-06-17 10:16:25,B,1071.9,1,2
2021-06-17 10:16:25,B,1071.85,1,10
2021-06-17 10:16:25,B,1071.8,1,9
2021-06-17 10:16:25,B,1071.3,2,9
2021-06-17 10:16:30,S,1073.0,2,28
2021-06-17 10:16:30,S,1073.25,1,3
2021-06-17 10:16:30,S,1073.3,1,7
2021-06-17 10:16:30,S,1073.35,1,2
2021-06-17 10:16:30,S,1073.4,1,1
2021-06-17 10:16:30,B,1072.0,1,10
2021-06-17 10:16:30,B,1071.9,1,2
2021-06-17 10:16:30,B,1071.85,1,10
2021-06-17 10:16:30,B,1071.8,1,9
2021-06-17 10:16:30,B,1071.3,2,9
2021-06-17 10:16:31,S,1073.0,2,27
2021-06-17 10:16:31,S,1073.25,1,3
2021-06-17 10:16:31,S,1073.3,1,7
2021-06-17 10:16:31,S,1073.35,1,2
2021-06-17 10:16:31,S,1073.4,2,7
2021-06-17 10:16:31,B,1072.0,1,10
2021-06-17 10:16:31,B,1071.9,1,2
2021-06-17 10:16:31,B,1071.85,1,10
2021-06-17 10:16:31,B,1071.8,1,9
2021-06-17 10:16:31,B,1071.3,2,9
2021-06-17 10:16:34,S,1073.0,2,27
2021-06-17 10:16:34,S,1073.25,1,3
2021-06-17 10:16:34,S,1073.3,1,7
2021-06-17 10:16:34,S,1073.35,1,2
2021-06-17 10:16:34,S,1073.4,2,7
2021-06-17 10:16:34,B,1072.0,1,10
2021-06-17 10:16:34,B,1071.9,1,2
2021-06-17 10:16:34,B,1071.85,1,10
2021-06-17 10:16:34,B,1071.8,1,9
2021-06-17 10:16:34,B,1071.3,2,9
2021-06-17 10:16:37,S,1073.0,2,27
2021-06-17 10:16:37,S,1073.25,1,3
2021-06-17 10:16:37,S,1073.3,1,7
2021-06-17 10:16:37,S,1073.35,1,2
2021-06-17 10:16:37,S,1073.4,2,7
2021-06-17 10:16:37,B,1072.0,1,10
2021-06-17 10:16:37,B,1071.9,1,2
2021-06-17 10:16:37,B,1071.85,1,10
2021-06-17 10:16:37,B,1071.55,1,9
2021-06-17 10:16:37,B,1071.3,2,9
2021-06-17 10:16:39,S,1073.0,2,27
2021-06-17 10:16:39,S,1073.25,1,3
2021-06-17 10:16:39,S,1073.3,1,7
2021-06-17 10:16:39,S,1073.35,1,2
2021-06-17 10:16:39,S,1073.4,2,7
2021-06-17 10:16:39,B,1072.0,1,10
2021-06-17 10:16:39,B,1071.9,1,2
2021-06-17 10:16:39,B,1071.85,1,10
2021-06-17 10:16:39,B,1071.55,1,9
2021-06-17 10:16:39,B,1071.3,2,9
2021-06-17 10:16:39,S,1073.0,2,22
2021-06-17 10:16:39,S,1073.25,1,3
2021-06-17 10:16:39,S,1073.3,1,7
2021-06-17 10:16:39,S,1073.35,1,2
2021-06-17 10:16:39,S,1073.4,2,7
2021-06-17 10:16:39,B,1072.0,1,10
2021-06-17 10:16:39,B,1071.9,1,2
2021-06-17 10:16:39,B,1071.85,1,10
2021-06-17 10:16:39,B,1071.55,1,9
2021-06-17 10:16:39,B,1071.3,2,9
2021-06-17 10:16:56,S,1073.0,2,22
2021-06-17 10:16:56,S,1073.25,1,3
2021-06-17 10:16:56,S,1073.3,1,7
2021-06-17 10:16:56,S,1073.35,1,2
2021-06-17 10:16:56,S,1073.4,2,7
2021-06-17 10:16:56,B,1072.0,1,10
2021-06-17 10:16:56,B,1071.9,1,2
2021-06-17 10:16:56,B,1071.85,1,10
2021-06-17 10:16:56,B,1071.55,1,9
2021-06-17 10:16:56,B,1071.3,2,9
2021-06-17 10:16:57,S,1073.0,2,5
2021-06-17 10:16:57,S,1073.25,1,3
2021-06-17 10:16:57,S,1073.3,1,7
2021-06-17 10:16:57,S,1073.35,1,2
2021-06-17 10:16:57,S,1073.4,2,7
2021-06-17 10:16:57,B,1072.05,1,2
2021-06-17 10:16:57,B,1072.0,1,10
2021-06-17 10:16:57,B,1071.85,1,10
2021-06-17 10:16:57,B,1071.55,1,9
2021-06-17 10:16:57,B,1071.3,2,9
2021-06-17 10:17:01,S,1073.0,2,4
2021-06-17 10:17:01,S,1073.25,1,3
2021-06-17 10:17:01,S,1073.3,1,7
2021-06-17 10:17:01,S,1073.35,1,2
2021-06-17 10:17:01,S,1073.4,1,1
2021-06-17 10:17:01,B,1072.05,1,2
2021-06-17 10:17:01,B,1072.0,1,10
2021-06-17 10:17:01,B,1071.85,1,10
2021-06-17 10:17:01,B,1071.55,1,9
2021-06-17 10:17:01,B,1071.3,2,9
2021-06-17 10:17:02,S,1073.0,2,4
2021-06-17 10:17:02,S,1073.25,1,3
2021-06-17 10:17:02,S,1073.3,1,7
2021-06-17 10:17:02,S,1073.35,1,2
2021-06-17 10:17:02,S,1073.4,1,1
2021-06-17 10:17:02,B,1072.05,1,2
2021-06-17 10:17:02,B,1072.0,1,10
2021-06-17 10:17:02,B,1071.85,1,10
2021-06-17 10:17:02,B,1071.55,1,9
2021-06-17 10:17:02,B,1071.3,2,9
2021-06-17 10:17:03,S,1072.95,3,12
2021-06-17 10:17:03,S,1073.0,2,4
2021-06-17 10:17:03,S,1073.05,1,9
2021-06-17 10:17:03,S,1073.1,1,3
2021-06-17 10:17:03,S,1073.2,1,2
2021-06-17 10:17:03,B,1071.85,1,9
2021-06-17 10:17:03,B,1071.35,1,1
2021-06-17 10:17:03,B,1071.3,2,9
2021-06-17 10:17:03,B,1071.25,2,17
2021-06-17 10:17:03,B,1071.2,1,7
2021-06-17 10:17:08,S,1072.95,3,12
2021-06-17 10:17:08,S,1073.0,2,4
2021-06-17 10:17:08,S,1073.05,1,9
2021-06-17 10:17:08,S,1073.1,1,3
2021-06-17 10:17:08,S,1073.2,1,2
2021-06-17 10:17:08,B,1071.85,1,9
2021-06-17 10:17:08,B,1071.35,1,1
2021-06-17 10:17:08,B,1071.3,2,9
2021-06-17 10:17:08,B,1071.25,2,17
2021-06-17 10:17:08,B,1071.2,1,7
2021-06-17 10:17:10,S,1072.95,3,12
2021-06-17 10:17:10,S,1073.0,2,4
2021-06-17 10:17:10,S,1073.05,1,9
2021-06-17 10:17:10,S,1073.1,1,3
2021-06-17 10:17:10,S,1073.2,1,2
2021-06-17 10:17:10,B,1071.85,1,9
2021-06-17 10:17:10,B,1071.35,1,1
2021-06-17 10:17:10,B,1071.3,2,9
2021-06-17 10:17:10,B,1071.25,2,17
2021-06-17 10:17:10,B,1071.2,1,7
2021-06-17 10:17:18,S,1072.95,3,12
2021-06-17 10:17:18,S,1073.0,2,4
2021-06-17 10:17:18,S,1073.05,1,9
2021-06-17 10:17:18,S,1073.1,1,3
2021-06-17 10:17:18,S,1073.2,1,2
2021-06-17 10:17:18,B,1071.85,1,9
2021-06-17 10:17:18,B,1071.35,1,1
2021-06-17 10:17:18,B,1071.3,2,9
2021-06-17 10:17:18,B,1071.25,2,17
2021-06-17 10:17:18,B,1071.2,1,7
2021-06-17 10:17:21,S,1073.25,2,4
2021-06-17 10:17:21,S,1073.3,1,7
2021-06-17 10:17:21,S,1073.4,2,3
2021-06-17 10:17:21,S,1073.45,2,14
2021-06-17 10:17:21,S,1073.65,1,3
2021-06-17 10:17:21,B,1071.9,2,11
2021-06-17 10:17:21,B,1071.85,1,9
2021-06-17 10:17:21,B,1071.4,3,23
2021-06-17 10:17:21,B,1071.3,2,9
2021-06-17 10:17:21,B,1071.25,1,7
2021-06-17 10:17:23,S,1073.25,2,4
2021-06-17 10:17:23,S,1073.3,1,7
2021-06-17 10:17:23,S,1073.4,2,3
2021-06-17 10:17:23,S,1073.45,2,14
2021-06-17 10:17:23,S,1073.65,1,3
2021-06-17 10:17:23,B,1071.9,2,11
2021-06-17 10:17:23,B,1071.85,1,9
2021-06-17 10:17:23,B,1071.4,4,24
2021-06-17 10:17:23,B,1071.3,2,9
2021-06-17 10:17:23,B,1071.25,1,7
2021-06-17 10:17:25,S,1073.25,2,4
2021-06-17 10:17:25,S,1073.3,1,7
2021-06-17 10:17:25,S,1073.4,1,1
2021-06-17 10:17:25,S,1073.45,2,14
2021-06-17 10:17:25,S,1073.6,1,2
2021-06-17 10:17:25,B,1071.9,2,11
2021-06-17 10:17:25,B,1071.85,1,9
2021-06-17 10:17:25,B,1071.4,4,24
2021-06-17 10:17:25,B,1071.3,2,9
2021-06-17 10:17:25,B,1071.25,1,7
2021-06-17 10:17:36,S,1073.25,2,4
2021-06-17 10:17:36,S,1073.3,1,7
2021-06-17 10:17:36,S,1073.4,1,1
2021-06-17 10:17:36,S,1073.45,2,14
2021-06-17 10:17:36,S,1073.6,1,2
2021-06-17 10:17:36,B,1071.9,2,11
2021-06-17 10:17:36,B,1071.85,1,9
2021-06-17 10:17:36,B,1071.4,4,24
2021-06-17 10:17:36,B,1071.3,2,9
2021-06-17 10:17:36,B,1071.25,1,7
2021-06-17 10:17:37,S,1074.05,1,2
2021-06-17 10:17:37,S,1074.3,1,6
2021-06-17 10:17:37,S,1074.5,1,5
2021-06-17 10:17:37,S,1074.8,1,6
2021-06-17 10:17:37,S,1074.85,1,6
2021-06-17 10:17:37,B,1072.7,1,1
2021-06-17 10:17:37,B,1072.65,1,9
2021-06-17 10:17:37,B,1072.4,2,7
2021-06-17 10:17:37,B,1072.05,1,7
2021-06-17 10:17:37,B,1072.0,1,7
2021-06-17 10:17:55,S,1074.05,2,5
2021-06-17 10:17:55,S,1074.3,1,6
2021-06-17 10:17:55,S,1074.4,1,9
2021-06-17 10:17:55,S,1074.5,1,5
2021-06-17 10:17:55,S,1074.8,1,6
2021-06-17 10:17:55,B,1072.7,1,1
2021-06-17 10:17:55,B,1072.65,1,9
2021-06-17 10:17:55,B,1072.4,1,6
2021-06-17 10:17:55,B,1072.25,1,2
2021-06-17 10:17:55,B,1072.05,1,7
2021-06-17 10:18:00,S,1074.05,2,5
2021-06-17 10:18:00,S,1074.3,1,6
2021-06-17 10:18:00,S,1074.4,1,9
2021-06-17 10:18:00,S,1074.5,1,5
2021-06-17 10:18:00,S,1074.8,1,6
2021-06-17 10:18:00,B,1072.7,1,1
2021-06-17 10:18:00,B,1072.65,1,9
2021-06-17 10:18:00,B,1072.4,1,6
2021-06-17 10:18:00,B,1072.25,1,2
2021-06-17 10:18:00,B,1072.05,1,7
2021-06-17 10:18:05,S,1074.05,2,5
2021-06-17 10:18:05,S,1074.3,1,6
2021-06-17 10:18:05,S,1074.4,1,9
2021-06-17 10:18:05,S,1074.5,1,5
2021-06-17 10:18:05,S,1074.55,1,12
2021-06-17 10:18:05,B,1072.45,1,1
2021-06-17 10:18:05,B,1072.4,1,6
2021-06-17 10:18:05,B,1072.25,1,2
2021-06-17 10:18:05,B,1072.05,1,7
2021-06-17 10:18:05,B,1072.0,1,7
2021-06-17 10:18:08,S,1072.25,2,11
2021-06-17 10:18:08,S,1072.3,1,2
2021-06-17 10:18:08,S,1072.45,1,9
2021-06-17 10:18:08,S,1072.55,1,3
2021-06-17 10:18:08,S,1072.6,1,6
2021-06-17 10:18:08,B,1071.85,1,9
2021-06-17 10:18:08,B,1071.05,1,1
2021-06-17 10:18:08,B,1071.0,1,5
2021-06-17 10:18:08,B,1070.8,1,7
2021-06-17 10:18:08,B,1070.75,1,7
2021-06-17 10:18:10,S,1072.25,2,11
2021-06-17 10:18:10,S,1072.3,1,2
2021-06-17 10:18:10,S,1072.45,1,9
2021-06-17 10:18:10,S,1072.55,1,3
2021-06-17 10:18:10,S,1072.6,1,6
2021-06-17 10:18:10,B,1071.85,1,9
2021-06-17 10:18:10,B,1071.05,1,1
2021-06-17 10:18:10,B,1071.0,1,5
2021-06-17 10:18:10,B,1070.8,1,7
2021-06-17 10:18:10,B,1070.75,1,7
2021-06-17 10:18:27,S,1072.25,2,11
2021-06-17 10:18:27,S,1072.3,1,2
2021-06-17 10:18:27,S,1072.45,1,9
2021-06-17 10:18:27,S,1072.55,1,3
2021-06-17 10:18:27,S,1072.6,1,6
2021-06-17 10:18:27,B,1071.85,1,9
2021-06-17 10:18:27,B,1071.05,1,1
2021-06-17 10:18:27,B,1071.0,1,5
2021-06-17 10:18:27,B,1070.8,1,7
2021-06-17 10:18:27,B,1070.75,1,7
2021-06-17 10:18:29,S,1072.2,1,1
2021-06-17 10:18:29,S,1072.25,1,10
2021-06-17 10:18:29,S,1072.3,1,2
2021-06-17 10:18:29,S,1072.45,1,9
2021-06-17 10:18:29,S,1072.55,1,3
2021-06-17 10:18:29,B,1071.05,1,1
2021-06-17 10:18:29,B,1071.0,1,5
2021-06-17 10:18:29,B,1070.8,1,7
2021-06-17 10:18:29,B,1070.75,1,7
2021-06-17 10:18:29,B,1070.7,1,7
2021-06-17 10:18:31,S,1072.2,1,1
2021-06-17 10:18:31,S,1072.25,1,10
2021-06-17 10:18:31,S,1072.3,1,2
2021-06-17 10:18:31,S,1072.55,1,3
2021-06-17 10:18:31,S,1072.6,1,6
2021-06-17 10:18:31,B,1071.05,1,1
2021-06-17 10:18:31,B,1071.0,1,5
2021-06-17 10:18:31,B,1070.8,1,7
2021-06-17 10:18:31,B,1070.75,1,7
2021-06-17 10:18:31,B,1070.7,1,7
2021-06-17 10:18:34,S,1072.5,1,3
2021-06-17 10:18:34,S,1072.9,1,6
2021-06-17 10:18:34,S,1072.95,1,3
2021-06-17 10:18:34,S,1073.05,1,12
2021-06-17 10:18:34,S,1073.25,1,3
2021-06-17 10:18:34,B,1071.05,3,11
2021-06-17 10:18:34,B,1071.0,1,5
2021-06-17 10:18:34,B,1070.9,1,7
2021-06-17 10:18:34,B,1070.85,2,14
2021-06-17 10:18:34,B,1070.8,1,7
2021-06-17 10:18:36,S,1072.5,2,6
2021-06-17 10:18:36,S,1072.9,1,6
2021-06-17 10:18:36,S,1072.95,1,3
2021-06-17 10:18:36,S,1073.05,1,12
2021-06-17 10:18:36,S,1073.3,1,6
2021-06-17 10:18:36,B,1071.05,3,11
2021-06-17 10:18:36,B,1071.0,1,5
2021-06-17 10:18:36,B,1070.9,1,7
2021-06-17 10:18:36,B,1070.85,2,14
2021-06-17 10:18:36,B,1070.8,2,9
2021-06-17 10:18:39,S,1072.5,2,6
2021-06-17 10:18:39,S,1072.9,1,6
2021-06-17 10:18:39,S,1072.95,1,3
2021-06-17 10:18:39,S,1073.05,1,12
2021-06-17 10:18:39,S,1073.3,1,6
2021-06-17 10:18:39,B,1071.05,3,11
2021-06-17 10:18:39,B,1071.0,1,5
2021-06-17 10:18:39,B,1070.9,1,7
2021-06-17 10:18:39,B,1070.85,2,14
2021-06-17 10:18:39,B,1070.8,2,9
2021-06-17 10:18:41,S,1072.85,1,4
2021-06-17 10:18:41,S,1073.15,1,3
2021-06-17 10:18:41,S,1073.3,2,13
2021-06-17 10:18:41,S,1073.4,1,6
2021-06-17 10:18:41,S,1073.45,2,3501
2021-06-17 10:18:41,B,1072.5,1,74
2021-06-17 10:18:41,B,1071.7,1,1
2021-06-17 10:18:41,B,1071.65,1,9
2021-06-17 10:18:41,B,1071.5,1,2
2021-06-17 10:18:41,B,1071.05,1,1
2021-06-17 10:18:43,S,1072.85,1,4
2021-06-17 10:18:43,S,1073.15,1,3
2021-06-17 10:18:43,S,1073.3,2,13
2021-06-17 10:18:43,S,1073.4,1,6
2021-06-17 10:18:43,S,1073.45,2,3501
2021-06-17 10:18:43,B,1072.5,1,74
2021-06-17 10:18:43,B,1072.45,1,2
2021-06-17 10:18:43,B,1071.7,1,1
2021-06-17 10:18:43,B,1071.65,1,9
2021-06-17 10:18:43,B,1071.5,1,2
2021-06-17 10:19:00,S,1072.85,2,11
2021-06-17 10:19:00,S,1073.15,1,3
2021-06-17 10:19:00,S,1073.3,2,13
2021-06-17 10:19:00,S,1073.4,1,6
2021-06-17 10:19:00,S,1073.45,2,3501
2021-06-17 10:19:00,B,1072.5,1,74
2021-06-17 10:19:00,B,1072.45,1,2
2021-06-17 10:19:00,B,1071.7,1,1
2021-06-17 10:19:00,B,1071.65,1,9
2021-06-17 10:19:00,B,1071.5,1,2
2021-06-17 10:19:02,S,1072.85,2,11
2021-06-17 10:19:02,S,1073.15,1,3
2021-06-17 10:19:02,S,1073.3,2,13
2021-06-17 10:19:02,S,1073.4,1,6
2021-06-17 10:19:02,S,1073.45,2,3501
2021-06-17 10:19:02,B,1072.5,1,74
2021-06-17 10:19:02,B,1072.45,1,2
2021-06-17 10:19:02,B,1071.7,1,1
2021-06-17 10:19:02,B,1071.65,1,9
2021-06-17 10:19:02,B,1071.5,1,2
2021-06-17 10:19:04,S,1072.85,2,11
2021-06-17 10:19:04,S,1073.15,1,3
2021-06-17 10:19:04,S,1073.3,2,13
2021-06-17 10:19:04,S,1073.4,1,6
2021-06-17 10:19:04,S,1073.45,2,3501
2021-06-17 10:19:04,B,1072.5,1,74
2021-06-17 10:19:04,B,1072.45,1,2
2021-06-17 10:19:04,B,1071.75,1,1
2021-06-17 10:19:04,B,1071.7,1,9
2021-06-17 10:19:04,B,1071.5,1,2
2021-06-17 10:19:09,S,1072.85,2,11
2021-06-17 10:19:09,S,1073.15,1,3
2021-06-17 10:19:09,S,1073.3,2,13
2021-06-17 10:19:09,S,1073.4,1,6
2021-06-17 10:19:09,S,1073.45,2,3501
2021-06-17 10:19:09,B,1072.5,1,74
2021-06-17 10:19:09,B,1072.45,1,2
2021-06-17 10:19:09,B,1071.75,1,1
2021-06-17 10:19:09,B,1071.7,1,9
2021-06-17 10:19:09,B,1071.5,1,2
2021-06-17 10:19:16,S,1072.85,2,11
2021-06-17 10:19:16,S,1073.15,1,3
2021-06-17 10:19:16,S,1073.3,3,14
2021-06-17 10:19:16,S,1073.4,1,6
2021-06-17 10:19:16,S,1073.45,2,3501
2021-06-17 10:19:16,B,1072.6,1,2
2021-06-17 10:19:16,B,1072.5,1,74
2021-06-17 10:19:16,B,1071.75,1,1
2021-06-17 10:19:16,B,1071.7,1,9
2021-06-17 10:19:16,B,1071.5,1,2
2021-06-17 10:19:18,S,1072.85,2,11
2021-06-17 10:19:18,S,1073.15,1,3
2021-06-17 10:19:18,S,1073.3,3,14
2021-06-17 10:19:18,S,1073.4,1,6
2021-06-17 10:19:18,S,1073.45,2,3501
2021-06-17 10:19:18,B,1072.6,1,2
2021-06-17 10:19:18,B,1072.5,1,74
2021-06-17 10:19:18,B,1071.75,1,1
2021-06-17 10:19:18,B,1071.7,1,9
2021-06-17 10:19:18,B,1071.5,1,2
2021-06-17 10:19:18,S,1073.3,3,10
2021-06-17 10:19:18,S,1073.4,2,7
2021-06-17 10:19:18,S,1073.45,2,3501
2021-06-17 10:19:18,S,1073.65,1,3
2021-06-17 10:19:18,S,1074.05,1,3
2021-06-17 10:19:18,B,1072.6,1,2
2021-06-17 10:19:18,B,1072.5,1,74
2021-06-17 10:19:18,B,1071.75,1,1
2021-06-17 10:19:18,B,1071.7,1,9
2021-06-17 10:19:18,B,1071.5,1,2
2021-06-17 10:19:21,S,1072.85,1,1
2021-06-17 10:19:21,S,1073.3,3,10
2021-06-17 10:19:21,S,1073.4,2,7
2021-06-17 10:19:21,S,1073.45,2,3501
2021-06-17 10:19:21,S,1073.65,1,3
2021-06-17 10:19:21,B,1072.6,1,2
2021-06-17 10:19:21,B,1072.5,1,74
2021-06-17 10:19:21,B,1071.75,1,1
2021-06-17 10:19:21,B,1071.7,1,9
2021-06-17 10:19:21,B,1071.5,1,2
2021-06-17 10:19:24,S,1072.85,1,1
2021-06-17 10:19:24,S,1073.3,3,10
2021-06-17 10:19:24,S,1073.4,2,7
2021-06-17 10:19:24,S,1073.45,2,3501
2021-06-17 10:19:24,S,1073.65,1,3
2021-06-17 10:19:24,B,1072.6,1,2
2021-06-17 10:19:24,B,1072.5,1,74
2021-06-17 10:19:24,B,1071.75,1,1
2021-06-17 10:19:24,B,1071.7,1,9
2021-06-17 10:19:24,B,1071.5,1,2
2021-06-17 10:19:25,S,1072.85,1,1
2021-06-17 10:19:25,S,1073.3,3,10
2021-06-17 10:19:25,S,1073.4,2,7
2021-06-17 10:19:25,S,1073.45,2,3501
2021-06-17 10:19:25,S,1073.65,1,3
2021-06-17 10:19:25,B,1072.6,1,2
2021-06-17 10:19:25,B,1072.5,1,74
2021-06-17 10:19:25,B,1071.75,1,1
2021-06-17 10:19:25,B,1071.7,1,9
2021-06-17 10:19:25,B,1071.5,1,2
2021-06-17 10:19:25,S,1073.3,1,3
2021-06-17 10:19:25,S,1073.45,2,3501
2021-06-17 10:19:25,S,1074.05,1,3
2021-06-17 10:19:25,S,1074.35,1,10
2021-06-17 10:19:25,S,1074.5,1,5
2021-06-17 10:19:25,B,1072.85,1,30
2021-06-17 10:19:25,B,1072.6,1,2
2021-06-17 10:19:25,B,1072.5,1,74
2021-06-17 10:19:25,B,1072.3,1,1
2021-06-17 10:19:25,B,1072.25,1,10
2021-06-17 10:19:28,S,1073.3,1,3
2021-06-17 10:19:28,S,1073.45,2,3501
2021-06-17 10:19:28,S,1073.55,1,3
2021-06-17 10:19:28,S,1074.05,1,3
2021-06-17 10:19:28,S,1074.15,1,10
2021-06-17 10:19:28,B,1072.85,1,30
2021-06-17 10:19:28,B,1072.6,1,2
2021-06-17 10:19:28,B,1072.5,1,74
2021-06-17 10:19:28,B,1072.3,1,1
2021-06-17 10:19:28,B,1072.25,1,10
2021-06-17 10:19:34,S,1073.3,1,3
2021-06-17 10:19:34,S,1073.45,2,3501
2021-06-17 10:19:34,S,1073.55,1,3
2021-06-17 10:19:34,S,1074.05,1,3
2021-06-17 10:19:34,S,1074.35,1,10
2021-06-17 10:19:34,B,1073.0,1,10
2021-06-17 10:19:34,B,1072.85,1,30
2021-06-17 10:19:34,B,1072.6,1,2
2021-06-17 10:19:34,B,1072.55,1,1
2021-06-17 10:19:34,B,1072.5,1,74
2021-06-17 10:19:36,S,1073.3,1,3
2021-06-17 10:19:36,S,1073.45,2,3501
2021-06-17 10:19:36,S,1073.55,1,3
2021-06-17 10:19:36,S,1074.05,1,3
2021-06-17 10:19:36,S,1074.2,1,9
2021-06-17 10:19:36,B,1073.0,1,10
2021-06-17 10:19:36,B,1072.85,1,30
2021-06-17 10:19:36,B,1072.6,1,2
2021-06-17 10:19:36,B,1072.55,1,1
2021-06-17 10:19:36,B,1072.5,1,74
2021-06-17 10:19:38,S,1073.45,2,3501
2021-06-17 10:19:38,S,1073.9,1,3
2021-06-17 10:19:38,S,1074.2,3,14
2021-06-17 10:19:38,S,1074.35,1,10
2021-06-17 10:19:38,S,1074.5,1,5
2021-06-17 10:19:38,B,1073.0,1,10
2021-06-17 10:19:38,B,1072.85,1,30
2021-06-17 10:19:38,B,1072.6,1,2
2021-06-17 10:19:38,B,1072.55,1,1
2021-06-17 10:19:38,B,1072.5,1,74
2021-06-17 10:19:39,S,1073.45,2,3501
2021-06-17 10:19:39,S,1073.9,1,3
2021-06-17 10:19:39,S,1074.2,3,14
2021-06-17 10:19:39,S,1074.35,1,10
2021-06-17 10:19:39,S,1074.5,1,5
2021-06-17 10:19:39,B,1073.0,1,10
2021-06-17 10:19:39,B,1072.85,1,30
2021-06-17 10:19:39,B,1072.6,1,2
2021-06-17 10:19:39,B,1072.55,1,1
2021-06-17 10:19:39,B,1072.5,1,74
2021-06-17 10:19:40,S,1073.45,2,3501
2021-06-17 10:19:40,S,1073.9,1,3
2021-06-17 10:19:40,S,1074.2,3,14
2021-06-17 10:19:40,S,1074.35,1,10
2021-06-17 10:19:40,S,1074.5,1,5
2021-06-17 10:19:40,B,1073.0,1,10
2021-06-17 10:19:40,B,1072.85,1,30
2021-06-17 10:19:40,B,1072.6,1,2
2021-06-17 10:19:40,B,1072.55,1,1
2021-06-17 10:19:40,B,1072.5,1,74
2021-06-17 10:19:40,S,1073.45,2,3501
2021-06-17 10:19:40,S,1073.9,1,3
2021-06-17 10:19:40,S,1074.2,3,14
2021-06-17 10:19:40,S,1074.35,1,10
2021-06-17 10:19:40,S,1074.5,1,5
2021-06-17 10:19:40,B,1073.0,1,10
2021-06-17 10:19:40,B,1072.85,1,30
2021-06-17 10:19:40,B,1072.6,1,2
2021-06-17 10:19:40,B,1072.55,1,1
2021-06-17 10:19:40,B,1072.5,1,74
2021-06-17 10:19:41,S,1073.45,3,3587
2021-06-17 10:19:41,S,1073.55,2,2
2021-06-17 10:19:41,S,1073.7,1,10
2021-06-17 10:19:41,S,1073.9,2,4
2021-06-17 10:19:41,S,1074.2,2,4
2021-06-17 10:19:41,B,1072.85,1,30
2021-06-17 10:19:41,B,1072.5,1,74
2021-06-17 10:19:41,B,1071.2,2,2
2021-06-17 10:19:41,B,1071.15,1,2
2021-06-17 10:19:41,B,1071.05,2,10
2021-06-17 10:19:44,S,1073.45,3,3587
2021-06-17 10:19:44,S,1073.55,2,2
2021-06-17 10:19:44,S,1073.7,1,10
2021-06-17 10:19:44,S,1073.9,2,4
2021-06-17 10:19:44,S,1074.2,2,4
2021-06-17 10:19:44,B,1072.85,1,30
2021-06-17 10:19:44,B,1072.5,1,74
2021-06-17 10:19:44,B,1071.2,2,2
2021-06-17 10:19:44,B,1071.15,1,2
2021-06-17 10:19:44,B,1071.05,2,10
2021-06-17 10:19:46,S,1073.45,4,3597
2021-06-17 10:19:46,S,1073.55,2,2
2021-06-17 10:19:46,S,1073.9,2,4
2021-06-17 10:19:46,S,1074.2,2,4
2021-06-17 10:19:46,S,1074.25,1,10
2021-06-17 10:19:46,B,1072.85,1,30
2021-06-17 10:19:46,B,1071.3,1,1
2021-06-17 10:19:46,B,1071.25,3,10
2021-06-17 10:19:46,B,1071.2,2,8
2021-06-17 10:19:46,B,1071.15,2,8
2021-06-17 10:19:49,S,1073.45,4,3597
2021-06-17 10:19:49,S,1073.55,2,2
2021-06-17 10:19:49,S,1073.9,2,4
2021-06-17 10:19:49,S,1074.2,2,4
2021-06-17 10:19:49,S,1074.25,1,10
2021-06-17 10:19:49,B,1072.85,1,30
2021-06-17 10:19:49,B,1071.85,1,1
2021-06-17 10:19:49,B,1071.8,2,3
2021-06-17 10:19:49,B,1071.4,1,7
2021-06-17 10:19:49,B,1071.35,1,7
2021-06-17 10:19:52,S,1073.45,3,3587
2021-06-17 10:19:52,S,1073.55,1,1
2021-06-17 10:19:52,S,1073.75,1,10
2021-06-17 10:19:52,S,1073.9,2,4
2021-06-17 10:19:52,S,1074.2,2,4
2021-06-17 10:19:52,B,1073.3,1,1
2021-06-17 10:19:52,B,1072.85,1,30
2021-06-17 10:19:52,B,1071.85,2,2
2021-06-17 10:19:52,B,1071.8,2,3
2021-06-17 10:19:52,B,1071.5,1,7
2021-06-17 10:19:57,S,1073.45,3,3587
2021-06-17 10:19:57,S,1073.55,1,1
2021-06-17 10:19:57,S,1073.75,1,10
2021-06-17 10:19:57,S,1073.9,2,4
2021-06-17 10:19:57,S,1074.2,2,4
2021-06-17 10:19:57,B,1073.3,1,1
2021-06-17 10:19:57,B,1072.85,1,30
2021-06-17 10:19:57,B,1071.85,2,2
2021-06-17 10:19:57,B,1071.8,2,3
2021-06-17 10:19:57,B,1071.5,1,7
2021-06-17 10:19:58,S,1073.45,3,3190
2021-06-17 10:19:58,S,1073.55,1,1
2021-06-17 10:19:58,S,1073.9,1,3
2021-06-17 10:19:58,S,1074.0,1,9
2021-06-17 10:19:58,S,1074.2,2,4
2021-06-17 10:19:58,B,1072.85,1,30
2021-06-17 10:19:58,B,1072.45,1,1
2021-06-17 10:19:58,B,1072.4,1,1
2021-06-17 10:19:58,B,1071.8,2,3
2021-06-17 10:19:58,B,1071.6,1,2
2021-06-17 10:20:00,S,1073.45,4,3200
2021-06-17 10:20:00,S,1073.55,2,2
2021-06-17 10:20:00,S,1073.65,1,9
2021-06-17 10:20:00,S,1073.9,1,3
2021-06-17 10:20:00,S,1073.95,1,9
2021-06-17 10:20:00,B,1072.85,1,30
2021-06-17 10:20:00,B,1071.9,2,2
2021-06-17 10:20:00,B,1071.85,1,1
2021-06-17 10:20:00,B,1071.8,2,3
2021-06-17 10:20:00,B,1071.6,1,2
2021-06-17 10:20:08,S,1073.45,4,3200
2021-06-17 10:20:08,S,1073.55,2,2
2021-06-17 10:20:08,S,1073.65,1,9
2021-06-17 10:20:08,S,1073.9,1,3
2021-06-17 10:20:08,S,1073.95,1,9
2021-06-17 10:20:08,B,1072.85,1,30
2021-06-17 10:20:08,B,1071.9,2,2
2021-06-17 10:20:08,B,1071.85,1,1
2021-06-17 10:20:08,B,1071.8,2,3
2021-06-17 10:20:08,B,1071.6,1,2
2021-06-17 10:20:10,S,1073.45,4,3029
2021-06-17 10:20:10,S,1073.55,2,2
2021-06-17 10:20:10,S,1073.9,1,3
2021-06-17 10:20:10,S,1074.1,1,5
2021-06-17 10:20:10,S,1074.2,2,4
2021-06-17 10:20:10,B,1072.15,1,1
2021-06-17 10:20:10,B,1072.1,1,7
2021-06-17 10:20:10,B,1072.0,1,7
2021-06-17 10:20:10,B,1071.9,1,7
2021-06-17 10:20:10,B,1071.8,2,8
2021-06-17 10:20:13,S,1073.45,4,3029
2021-06-17 10:20:13,S,1073.55,2,2
2021-06-17 10:20:13,S,1073.6,1,9
2021-06-17 10:20:13,S,1073.9,1,3
2021-06-17 10:20:13,S,1074.1,1,5
2021-06-17 10:20:13,B,1072.15,1,1
2021-06-17 10:20:13,B,1072.1,1,7
2021-06-17 10:20:13,B,1072.0,1,7
2021-06-17 10:20:13,B,1071.95,1,10
2021-06-17 10:20:13,B,1071.9,1,7
2021-06-17 10:20:15,S,1073.45,4,3029
2021-06-17 10:20:15,S,1073.55,2,2
2021-06-17 10:20:15,S,1073.6,1,9
2021-06-17 10:20:15,S,1073.9,1,3
2021-06-17 10:20:15,S,1074.0,1,5
2021-06-17 10:20:15,B,1072.15,1,1
2021-06-17 10:20:15,B,1072.1,1,7
2021-06-17 10:20:15,B,1072.0,1,7
2021-06-17 10:20:15,B,1071.95,1,10
2021-06-17 10:20:15,B,1071.9,1,7
2021-06-17 10:20:18,S,1073.4,1,10
2021-06-17 10:20:18,S,1073.45,5,3030
2021-06-17 10:20:18,S,1073.55,2,2
2021-06-17 10:20:18,S,1073.9,1,3
2021-06-17 10:20:18,S,1074.0,1,5
2021-06-17 10:20:18,B,1072.15,1,1
2021-06-17 10:20:18,B,1072.1,1,7
2021-06-17 10:20:18,B,1072.0,1,7
2021-06-17 10:20:18,B,1071.9,1,7
2021-06-17 10:20:18,B,1071.8,2,8
2021-06-17 10:20:20,S,1073.35,1,9
2021-06-17 10:20:20,S,1073.4,2,7
2021-06-17 10:20:20,S,1073.45,5,3026
2021-06-17 10:20:20,S,1073.55,2,2
2021-06-17 10:20:20,S,1073.9,1,3
2021-06-17 10:20:20,B,1072.15,1,1
2021-06-17 10:20:20,B,1072.1,1,7
2021-06-17 10:20:20,B,1072.0,1,7
2021-06-17 10:20:20,B,1071.9,1,7
2021-06-17 10:20:20,B,1071.8,2,8
2021-06-17 10:20:22,S,1073.35,1,9
2021-06-17 10:20:22,S,1073.4,2,7
2021-06-17 10:20:22,S,1073.45,5,3026
2021-06-17 10:20:22,S,1073.55,2,2
2021-06-17 10:20:22,S,1073.9,1,3
2021-06-17 10:20:22,B,1072.15,1,1
2021-06-17 10:20:22,B,1072.1,1,7
2021-06-17 10:20:22,B,1072.0,1,7
2021-06-17 10:20:22,B,1071.9,1,7
2021-06-17 10:20:22,B,1071.8,2,8
2021-06-17 10:20:22,S,1072.55,1,1
2021-06-17 10:20:22,S,1072.6,2,25
2021-06-17 10:20:22,S,1073.1,2,6
2021-06-17 10:20:22,S,1073.15,3,13
2021-06-17 10:20:22,S,1073.2,2,8
2021-06-17 10:20:22,B,1071.1,1,1
2021-06-17 10:20:22,B,1071.05,1,5
2021-06-17 10:20:22,B,1071.0,1,5
2021-06-17 10:20:22,B,1070.9,1,7
2021-06-17 10:20:22,B,1070.65,1,3
2021-06-17 10:20:25,S,1072.5,3,12
2021-06-17 10:20:25,S,1072.55,3,11
2021-06-17 10:20:25,S,1072.85,2,4
2021-06-17 10:20:25,S,1073.0,1,7
2021-06-17 10:20:25,S,1073.05,1,7
2021-06-17 10:20:25,B,1071.1,1,1
2021-06-17 10:20:25,B,1071.05,1,5
2021-06-17 10:20:25,B,1071.0,1,5
2021-06-17 10:20:25,B,1070.9,1,7
2021-06-17 10:20:25,B,1070.55,1,7
2021-06-17 10:20:27,S,1072.5,4,20
2021-06-17 10:20:27,S,1072.55,3,11
2021-06-17 10:20:27,S,1072.65,1,9
2021-06-17 10:20:27,S,1072.85,2,4
2021-06-17 10:20:27,S,1073.0,1,7
2021-06-17 10:20:27,B,1071.1,1,1
2021-06-17 10:20:27,B,1071.05,1,5
2021-06-17 10:20:27,B,1071.0,1,5
2021-06-17 10:20:27,B,1070.9,1,7
2021-06-17 10:20:27,B,1070.55,2,16
2021-06-17 10:20:30,S,1072.5,4,20
2021-06-17 10:20:30,S,1072.55,3,11
2021-06-17 10:20:30,S,1072.65,1,1
2021-06-17 10:20:30,S,1072.85,2,4
2021-06-17 10:20:30,S,1073.0,1,7
2021-06-17 10:20:30,B,1071.1,1,1
2021-06-17 10:20:30,B,1071.05,1,5
2021-06-17 10:20:30,B,1071.0,1,5
2021-06-17 10:20:30,B,1070.9,1,7
2021-06-17 10:20:30,B,1070.6,1,6
2021-06-17 10:20:37,S,1072.5,4,20
2021-06-17 10:20:37,S,1072.55,3,11
2021-06-17 10:20:37,S,1072.85,2,4
2021-06-17 10:20:37,S,1073.0,1,7
2021-06-17 10:20:37,S,1073.05,1,7
2021-06-17 10:20:37,B,1071.1,1,1
2021-06-17 10:20:37,B,1071.05,1,5
2021-06-17 10:20:37,B,1071.0,1,5
2021-06-17 10:20:37,B,1070.9,1,7
2021-06-17 10:20:37,B,1070.6,1,6
2021-06-17 10:20:40,S,1072.5,4,20
2021-06-17 10:20:40,S,1072.55,3,11
2021-06-17 10:20:40,S,1072.85,2,4
2021-06-17 10:20:40,S,1073.0,1,7
2021-06-17 10:20:40,S,1073.05,1,7
2021-06-17 10:20:40,B,1071.1,1,1
2021-06-17 10:20:40,B,1071.05,1,5
2021-06-17 10:20:40,B,1071.0,1,5
2021-06-17 10:20:40,B,1070.9,1,7
2021-06-17 10:20:40,B,1070.55,2,16
2021-06-17 10:20:42,S,1072.5,4,20
2021-06-17 10:20:42,S,1072.55,3,11
2021-06-17 10:20:42,S,1072.85,2,4
2021-06-17 10:20:42,S,1073.0,1,7
2021-06-17 10:20:42,S,1073.05,1,7
2021-06-17 10:20:42,B,1071.1,1,1
2021-06-17 10:20:42,B,1071.05,1,5
2021-06-17 10:20:42,B,1071.0,1,5
2021-06-17 10:20:42,B,1070.9,1,7
2021-06-17 10:20:42,B,1070.55,2,16
2021-06-17 10:20:45,S,1072.5,4,20
2021-06-17 10:20:45,S,1072.55,3,11
2021-06-17 10:20:45,S,1072.85,2,4
2021-06-17 10:20:45,S,1073.0,1,7
2021-06-17 10:20:45,S,1073.05,1,7
2021-06-17 10:20:45,B,1071.1,1,1
2021-06-17 10:20:45,B,1071.05,1,5
2021-06-17 10:20:45,B,1071.0,2,6
2021-06-17 10:20:45,B,1070.9,1,7
2021-06-17 10:20:45,B,1070.55,2,16
2021-06-17 10:20:45,S,1072.5,4,20
2021-06-17 10:20:45,S,1072.55,3,11
2021-06-17 10:20:45,S,1072.85,2,4
2021-06-17 10:20:45,S,1073.0,1,7
2021-06-17 10:20:45,S,1073.05,1,7
2021-06-17 10:20:45,B,1071.1,1,1
2021-06-17 10:20:45,B,1071.05,1,5
2021-06-17 10:20:45,B,1071.0,2,6
2021-06-17 10:20:45,B,1070.9,1,7
2021-06-17 10:20:45,B,1070.55,2,16
2021-06-17 10:20:47,S,1072.5,1,1
2021-06-17 10:20:47,S,1072.55,3,11
2021-06-17 10:20:47,S,1072.85,2,4
2021-06-17 10:20:47,S,1073.0,1,7
2021-06-17 10:20:47,S,1073.05,1,7
2021-06-17 10:20:47,B,1071.1,1,1
2021-06-17 10:20:47,B,1071.05,1,5
2021-06-17 10:20:47,B,1071.0,2,6
2021-06-17 10:20:47,B,1070.95,1,10
2021-06-17 10:20:47,B,1070.9,1,7
2021-06-17 10:20:52,S,1072.5,1,1
2021-06-17 10:20:52,S,1072.55,2,10
2021-06-17 10:20:52,S,1072.85,2,4
2021-06-17 10:20:52,S,1073.0,1,7
2021-06-17 10:20:52,S,1073.05,1,7
2021-06-17 10:20:52,B,1071.1,1,1
2021-06-17 10:20:52,B,1071.05,1,5
2021-06-17 10:20:52,B,1071.0,2,6
2021-06-17 10:20:52,B,1070.95,1,10
2021-06-17 10:20:52,B,1070.9,1,7
2021-06-17 10:20:55,S,1072.5,2,10
2021-06-17 10:20:55,S,1072.55,3,11
2021-06-17 10:20:55,S,1072.85,2,4
2021-06-17 10:20:55,S,1073.0,1,7
2021-06-17 10:20:55,S,1073.05,1,7
2021-06-17 10:20:55,B,1071.1,1,1
2021-06-17 10:20:55,B,1071.05,1,5
2021-06-17 10:20:55,B,1071.0,2,6
2021-06-17 10:20:55,B,1070.9,1,7
2021-06-17 10:20:55,B,1070.85,1,10
2021-06-17 10:20:58,S,1072.5,2,10
2021-06-17 10:20:58,S,1072.55,3,11
2021-06-17 10:20:58,S,1072.85,2,4
2021-06-17 10:20:58,S,1073.0,1,7
2021-06-17 10:20:58,S,1073.05,1,7
2021-06-17 10:20:58,B,1071.1,1,1
2021-06-17 10:20:58,B,1071.05,1,5
2021-06-17 10:20:58,B,1071.0,2,6
2021-06-17 10:20:58,B,1070.9,1,7
2021-06-17 10:20:58,B,1070.85,1,10
2021-06-17 10:21:01,S,1072.5,2,10
2021-06-17 10:21:01,S,1072.55,3,11
2021-06-17 10:21:01,S,1072.85,2,4
2021-06-17 10:21:01,S,1073.0,1,7
2021-06-17 10:21:01,S,1073.05,1,7
2021-06-17 10:21:01,B,1071.1,1,1
2021-06-17 10:21:01,B,1071.05,1,5
2021-06-17 10:21:01,B,1071.0,2,6
2021-06-17 10:21:01,B,1070.9,1,7
2021-06-17 10:21:01,B,1070.85,1,10
2021-06-17 10:21:06,S,1072.5,2,10
2021-06-17 10:21:06,S,1072.55,2,10
2021-06-17 10:21:06,S,1072.85,2,4
2021-06-17 10:21:06,S,1073.0,1,7
2021-06-17 10:21:06,S,1073.05,1,7
2021-06-17 10:21:06,B,1071.1,1,1
2021-06-17 10:21:06,B,1071.05,1,5
2021-06-17 10:21:06,B,1071.0,2,6
2021-06-17 10:21:06,B,1070.9,1,7
2021-06-17 10:21:06,B,1070.85,1,10
2021-06-17 10:21:24,S,1072.9,1,3
2021-06-17 10:21:24,S,1073.0,1,7
2021-06-17 10:21:24,S,1073.05,1,7
2021-06-17 10:21:24,S,1073.1,1,7
2021-06-17 10:21:24,S,1073.15,1,7
2021-06-17 10:21:24,B,1072.5,1,100
2021-06-17 10:21:24,B,1072.0,1,1
2021-06-17 10:21:24,B,1071.95,1,10
2021-06-17 10:21:24,B,1071.05,1,5
2021-06-17 10:21:24,B,1071.0,2,6
2021-06-17 10:21:28,S,1072.9,1,3
2021-06-17 10:21:28,S,1073.0,1,7
2021-06-17 10:21:28,S,1073.05,1,7
2021-06-17 10:21:28,S,1073.1,1,7
2021-06-17 10:21:28,S,1073.15,1,7
2021-06-17 10:21:28,B,1072.5,1,100
2021-06-17 10:21:28,B,1072.0,1,1
2021-06-17 10:21:28,B,1071.95,1,10
2021-06-17 10:21:28,B,1071.05,1,5
2021-06-17 10:21:28,B,1071.0,2,6
2021-06-17 10:21:29,S,1073.45,2,2933
2021-06-17 10:21:29,S,1074.0,2,6
2021-06-17 10:21:29,S,1074.2,1,24
2021-06-17 10:21:29,S,1074.35,2,19
2021-06-17 10:21:29,S,1074.5,1,5
2021-06-17 10:21:29,B,1073.0,1,82
2021-06-17 10:21:29,B,1072.5,2,110
2021-06-17 10:21:29,B,1071.95,1,1
2021-06-17 10:21:29,B,1071.9,1,9
2021-06-17 10:21:29,B,1071.1,2,12
2021-06-17 10:21:31,S,1073.45,3,1231
2021-06-17 10:21:31,S,1074.0,2,6
2021-06-17 10:21:31,S,1074.2,2,25
2021-06-17 10:21:31,S,1074.35,1,10
2021-06-17 10:21:31,S,1074.5,1,5
2021-06-17 10:21:31,B,1073.0,1,82
2021-06-17 10:21:31,B,1072.55,1,1
2021-06-17 10:21:31,B,1072.5,1,100
2021-06-17 10:21:31,B,1072.25,1,9
2021-06-17 10:21:31,B,1071.9,1,9
2021-06-17 10:21:34,S,1073.45,3,1231
2021-06-17 10:21:34,S,1074.0,2,6
2021-06-17 10:21:34,S,1074.2,2,25
2021-06-17 10:21:34,S,1074.35,1,10
2021-06-17 10:21:34,S,1074.5,1,5
2021-06-17 10:21:34,B,1073.0,1,82
2021-06-17 10:21:34,B,1072.55,1,1
2021-06-17 10:21:34,B,1072.5,1,100
2021-06-17 10:21:34,B,1072.25,1,9
2021-06-17 10:21:34,B,1071.9,1,9
2021-06-17 10:21:36,S,1073.45,3,1231
2021-06-17 10:21:36,S,1074.0,2,6
2021-06-17 10:21:36,S,1074.2,2,25
2021-06-17 10:21:36,S,1074.35,1,10
2021-06-17 10:21:36,S,1074.5,1,5
2021-06-17 10:21:36,B,1073.0,1,82
2021-06-17 10:21:36,B,1072.55,1,1
2021-06-17 10:21:36,B,1072.5,1,100
2021-06-17 10:21:36,B,1072.25,1,9
2021-06-17 10:21:36,B,1071.9,1,9
2021-06-17 10:21:37,S,1076.3,1,24
2021-06-17 10:21:37,S,1076.35,2,6
2021-06-17 10:21:37,S,1076.5,1,150
2021-06-17 10:21:37,S,1076.65,1,3
2021-06-17 10:21:37,S,1076.9,1,8
2021-06-17 10:21:37,B,1074.05,3,5
2021-06-17 10:21:37,B,1074.0,2,8
2021-06-17 10:21:37,B,1073.95,2,8
2021-06-17 10:21:37,B,1073.9,2,8
2021-06-17 10:21:37,B,1073.7,1,7
2021-06-17 10:21:40,S,1076.5,1,150
2021-06-17 10:21:40,S,1076.65,1,3
2021-06-17 10:21:40,S,1077.0,1,4
2021-06-17 10:21:40,S,1077.05,1,7
2021-06-17 10:21:40,S,1077.3,1,5
2021-06-17 10:21:40,B,1075.05,3,17
2021-06-17 10:21:40,B,1075.0,1,99
2021-06-17 10:21:40,B,1074.4,2,17
2021-06-17 10:21:40,B,1074.35,2,3
2021-06-17 10:21:40,B,1074.05,4,12
2021-06-17 10:21:42,S,1076.5,1,150
2021-06-17 10:21:42,S,1076.65,1,3
2021-06-17 10:21:42,S,1077.0,2,5
2021-06-17 10:21:42,S,1077.05,1,7
2021-06-17 10:21:42,S,1077.3,1,5
2021-06-17 10:21:42,B,1075.05,3,17
2021-06-17 10:21:42,B,1075.0,1,99
2021-06-17 10:21:42,B,1074.4,2,17
2021-06-17 10:21:42,B,1074.35,2,3
2021-06-17 10:21:42,B,1074.05,4,12
2021-06-17 10:21:47,S,1076.5,1,150
2021-06-17 10:21:47,S,1076.65,1,3
2021-06-17 10:21:47,S,1077.0,2,5
2021-06-17 10:21:47,S,1077.05,1,7
2021-06-17 10:21:47,S,1077.3,1,5
2021-06-17 10:21:47,B,1075.05,3,17
2021-06-17 10:21:47,B,1075.0,1,99
2021-06-17 10:21:47,B,1074.4,2,17
2021-06-17 10:21:47,B,1074.35,2,3
2021-06-17 10:21:47,B,1074.05,4,12
2021-06-17 10:22:03,S,1076.5,1,150
2021-06-17 10:22:03,S,1076.65,2,4
2021-06-17 10:22:03,S,1077.0,2,5
2021-06-17 10:22:03,S,1077.05,1,7
2021-06-17 10:22:03,S,1077.3,1,5
2021-06-17 10:22:03,B,1075.2,2,11
2021-06-17 10:22:03,B,1075.15,1,6
2021-06-17 10:22:03,B,1075.1,1,16
2021-06-17 10:22:03,B,1075.0,1,99
2021-06-17 10:22:03,B,1074.8,1,2
2021-06-17 10:22:06,S,1076.5,1,150
2021-06-17 10:22:06,S,1076.65,2,4
2021-06-17 10:22:06,S,1077.0,2,5
2021-06-17 10:22:06,S,1077.05,1,7
2021-06-17 10:22:06,S,1077.3,1,5
2021-06-17 10:22:06,B,1075.2,2,11
2021-06-17 10:22:06,B,1075.15,1,6
2021-06-17 10:22:06,B,1075.1,1,16
2021-06-17 10:22:06,B,1075.0,1,99
2021-06-17 10:22:06,B,1074.8,1,2
2021-06-17 10:22:12,S,1076.5,1,150
2021-06-17 10:22:12,S,1076.65,1,3
2021-06-17 10:22:12,S,1077.0,2,5
2021-06-17 10:22:12,S,1077.05,1,7
2021-06-17 10:22:12,S,1077.3,1,5
2021-06-17 10:22:12,B,1075.2,2,11
2021-06-17 10:22:12,B,1075.15,1,6
2021-06-17 10:22:12,B,1075.1,1,16
2021-06-17 10:22:12,B,1075.0,1,99
2021-06-17 10:22:12,B,1074.8,2,102
2021-06-17 10:22:13,S,1076.5,1,150
2021-06-17 10:22:13,S,1076.65,1,3
2021-06-17 10:22:13,S,1077.0,2,5
2021-06-17 10:22:13,S,1077.05,1,7
2021-06-17 10:22:13,S,1077.3,1,5
2021-06-17 10:22:13,B,1075.2,2,11
2021-06-17 10:22:13,B,1075.15,1,6
2021-06-17 10:22:13,B,1075.1,1,16
2021-06-17 10:22:13,B,1075.0,1,99
2021-06-17 10:22:13,B,1074.8,2,102
2021-06-17 10:22:15,S,1076.5,1,148
2021-06-17 10:22:15,S,1077.0,2,5
2021-06-17 10:22:15,S,1077.35,1,3
2021-06-17 10:22:15,S,1077.55,1,1
2021-06-17 10:22:15,S,1077.65,1,4
2021-06-17 10:22:15,B,1075.2,2,11
2021-06-17 10:22:15,B,1075.15,1,6
2021-06-17 10:22:15,B,1075.1,1,16
2021-06-17 10:22:15,B,1075.0,1,99
2021-06-17 10:22:15,B,1074.8,2,102
2021-06-17 10:22:18,S,1076.5,1,148
2021-06-17 10:22:18,S,1077.0,2,5
2021-06-17 10:22:18,S,1077.35,2,4
2021-06-17 10:22:18,S,1077.55,1,1
2021-06-17 10:22:18,S,1077.65,1,4
2021-06-17 10:22:18,B,1075.2,2,11
2021-06-17 10:22:18,B,1075.15,1,6
2021-06-17 10:22:18,B,1075.1,1,16
2021-06-17 10:22:18,B,1075.0,1,99
2021-06-17 10:22:18,B,1074.8,2,102
2021-06-17 10:22:21,S,1076.5,1,148
2021-06-17 10:22:21,S,1077.0,2,5
2021-06-17 10:22:21,S,1077.35,2,4
2021-06-17 10:22:21,S,1077.55,1,1
2021-06-17 10:22:21,S,1077.65,1,4
2021-06-17 10:22:21,B,1075.2,2,11
2021-06-17 10:22:21,B,1075.15,1,6
2021-06-17 10:22:21,B,1075.1,1,16
2021-06-17 10:22:21,B,1075.0,1,99
2021-06-17 10:22:21,B,1074.8,2,102
2021-06-17 10:22:23,S,1076.5,1,108
2021-06-17 10:22:23,S,1077.65,2,5
2021-06-17 10:22:23,S,1077.7,1,1
2021-06-17 10:22:23,S,1077.75,1,9
2021-06-17 10:22:23,S,1077.9,1,2
2021-06-17 10:22:23,B,1075.2,2,11
2021-06-17 10:22:23,B,1075.15,1,6
2021-06-17 10:22:23,B,1075.1,1,16
2021-06-17 10:22:23,B,1075.0,1,99
2021-06-17 10:22:23,B,1074.8,2,102
2021-06-17 10:22:25,S,1076.5,2,109
2021-06-17 10:22:25,S,1077.1,2,11
2021-06-17 10:22:25,S,1077.65,2,5
2021-06-17 10:22:25,S,1077.7,1,1
2021-06-17 10:22:25,S,1077.75,1,9
2021-06-17 10:22:25,B,1075.2,2,11
2021-06-17 10:22:25,B,1075.15,1,6
2021-06-17 10:22:25,B,1075.1,1,16
2021-06-17 10:22:25,B,1075.0,1,99
2021-06-17 10:22:25,B,1074.8,2,102
2021-06-17 10:22:30,S,1076.5,2,109
2021-06-17 10:22:30,S,1076.75,2,4
2021-06-17 10:22:30,S,1077.05,1,3
2021-06-17 10:22:30,S,1077.15,1,10
2021-06-17 10:22:30,S,1077.65,2,5
2021-06-17 10:22:30,B,1075.2,2,11
2021-06-17 10:22:30,B,1075.15,1,6
2021-06-17 10:22:30,B,1075.1,1,16
2021-06-17 10:22:30,B,1075.0,1,99
2021-06-17 10:22:30,B,1074.8,2,102
2021-06-17 10:22:40,S,1077.05,2,4
2021-06-17 10:22:40,S,1077.35,2,10
2021-06-17 10:22:40,S,1077.65,2,5
2021-06-17 10:22:40,S,1077.9,1,2
2021-06-17 10:22:40,S,1077.95,1,4
2021-06-17 10:22:40,B,1075.2,2,11
2021-06-17 10:22:40,B,1075.15,2,12
2021-06-17 10:22:40,B,1075.1,1,16
2021-06-17 10:22:40,B,1075.0,1,99
2021-06-17 10:22:40,B,1074.8,2,102
2021-06-17 10:22:43,S,1076.5,2,203
2021-06-17 10:22:43,S,1076.8,2,11
2021-06-17 10:22:43,S,1077.05,2,4
2021-06-17 10:22:43,S,1077.2,2,4
2021-06-17 10:22:43,S,1077.65,2,5
2021-06-17 10:22:43,B,1075.2,2,8
2021-06-17 10:22:43,B,1075.15,1,6
2021-06-17 10:22:43,B,1075.1,1,16
2021-06-17 10:22:43,B,1075.0,1,99
2021-06-17 10:22:43,B,1074.95,1,10
2021-06-17 10:22:48,S,1076.5,3,204
2021-06-17 10:22:48,S,1076.8,2,11
2021-06-17 10:22:48,S,1077.05,2,4
2021-06-17 10:22:48,S,1077.2,2,4
2021-06-17 10:22:48,S,1077.65,2,5
2021-06-17 10:22:48,B,1075.2,2,8
2021-06-17 10:22:48,B,1075.15,1,6
2021-06-17 10:22:48,B,1075.1,1,16
2021-06-17 10:22:48,B,1075.0,1,99
2021-06-17 10:22:48,B,1074.95,1,10
2021-06-17 10:22:59,S,1076.5,3,204
2021-06-17 10:22:59,S,1076.8,2,11
2021-06-17 10:22:59,S,1077.05,2,4
2021-06-17 10:22:59,S,1077.2,2,4
2021-06-17 10:22:59,S,1077.65,2,5
2021-06-17 10:22:59,B,1075.2,2,8
2021-06-17 10:22:59,B,1075.15,1,6
2021-06-17 10:22:59,B,1075.1,1,16
2021-06-17 10:22:59,B,1075.0,1,99
2021-06-17 10:22:59,B,1074.95,1,10
2021-06-17 10:23:04,S,1076.5,4,187
2021-06-17 10:23:04,S,1076.8,2,11
2021-06-17 10:23:04,S,1077.05,2,4
2021-06-17 10:23:04,S,1077.2,2,4
2021-06-17 10:23:04,S,1077.65,2,5
2021-06-17 10:23:04,B,1075.2,2,8
2021-06-17 10:23:04,B,1075.15,1,6
2021-06-17 10:23:04,B,1075.1,1,16
2021-06-17 10:23:04,B,1075.0,1,99
2021-06-17 10:23:04,B,1074.95,1,10
2021-06-17 10:23:06,S,1076.5,4,187
2021-06-17 10:23:06,S,1076.65,2,9
2021-06-17 10:23:06,S,1076.8,2,11
2021-06-17 10:23:06,S,1077.05,2,4
2021-06-17 10:23:06,S,1077.2,2,4
2021-06-17 10:23:06,B,1075.2,2,8
2021-06-17 10:23:06,B,1075.15,1,6
2021-06-17 10:23:06,B,1075.1,1,16
2021-06-17 10:23:06,B,1075.0,1,99
2021-06-17 10:23:06,B,1074.95,1,10
2021-06-17 10:23:13,S,1076.5,4,187
2021-06-17 10:23:13,S,1076.65,2,9
2021-06-17 10:23:13,S,1076.8,2,11
2021-06-17 10:23:13,S,1077.05,2,4
2021-06-17 10:23:13,S,1077.2,2,4
2021-06-17 10:23:13,B,1075.2,2,8
2021-06-17 10:23:13,B,1075.15,1,6
2021-06-17 10:23:13,B,1075.1,1,16
2021-06-17 10:23:13,B,1075.0,1,99
2021-06-17 10:23:13,B,1074.95,1,10
2021-06-17 10:23:16,S,1076.5,4,187
2021-06-17 10:23:16,S,1076.65,2,9
2021-06-17 10:23:16,S,1076.8,2,11
2021-06-17 10:23:16,S,1077.05,2,4
2021-06-17 10:23:16,S,1077.2,2,4
2021-06-17 10:23:16,B,1075.2,2,8
2021-06-17 10:23:16,B,1075.15,1,6
2021-06-17 10:23:16,B,1075.1,1,16
2021-06-17 10:23:16,B,1075.0,1,99
2021-06-17 10:23:16,B,1074.95,1,10
2021-06-17 10:23:18,S,1076.5,4,187
2021-06-17 10:23:18,S,1076.65,2,9
2021-06-17 10:23:18,S,1076.8,2,11
2021-06-17 10:23:18,S,1077.05,2,4
2021-06-17 10:23:18,S,1077.2,2,4
2021-06-17 10:23:18,B,1075.2,2,8
2021-06-17 10:23:18,B,1075.15,1,6
2021-06-17 10:23:18,B,1075.1,1,16
2021-06-17 10:23:18,B,1075.0,1,99
2021-06-17 10:23:18,B,1074.95,1,10
2021-06-17 10:23:19,S,1076.0,2,2
2021-06-17 10:23:19,S,1076.05,2,25
2021-06-17 10:23:19,S,1076.45,2,11
2021-06-17 10:23:19,S,1076.5,6,198
2021-06-17 10:23:19,S,1076.65,2,9
2021-06-17 10:23:19,B,1075.0,1,29
2021-06-17 10:23:19,B,1074.8,1,100
2021-06-17 10:23:19,B,1074.7,1,100
2021-06-17 10:23:19,B,1074.6,1,90
2021-06-17 10:23:19,B,1073.6,3,13
2021-06-17 10:23:21,S,1075.95,3,11
2021-06-17 10:23:21,S,1076.0,2,4
2021-06-17 10:23:21,S,1076.05,2,25
2021-06-17 10:23:21,S,1076.45,2,11
2021-06-17 10:23:21,S,1076.5,6,198
2021-06-17 10:23:21,B,1075.0,1,29
2021-06-17 10:23:21,B,1074.8,1,100
2021-06-17 10:23:21,B,1074.7,1,100
2021-06-17 10:23:21,B,1074.6,1,90
2021-06-17 10:23:21,B,1074.3,1,10
2021-06-17 10:23:24,S,1075.95,3,11
2021-06-17 10:23:24,S,1076.0,2,4
2021-06-17 10:23:24,S,1076.05,2,25
2021-06-17 10:23:24,S,1076.45,2,11
2021-06-17 10:23:24,S,1076.5,6,198
2021-06-17 10:23:24,B,1075.0,1,29
2021-06-17 10:23:24,B,1074.8,1,100
2021-06-17 10:23:24,B,1074.7,1,100
2021-06-17 10:23:24,B,1074.6,1,90
2021-06-17 10:23:24,B,1074.3,1,10
2021-06-17 10:23:25,S,1075.95,3,11
2021-06-17 10:23:25,S,1076.0,2,4
2021-06-17 10:23:25,S,1076.05,2,25
2021-06-17 10:23:25,S,1076.45,2,11
2021-06-17 10:23:25,S,1076.5,6,198
2021-06-17 10:23:25,B,1075.0,1,29
2021-06-17 10:23:25,B,1074.8,1,100
2021-06-17 10:23:25,B,1074.7,1,100
2021-06-17 10:23:25,B,1074.6,1,90
2021-06-17 10:23:25,B,1074.3,1,10
2021-06-17 10:23:26,S,1076.15,3,11
2021-06-17 10:23:26,S,1076.2,2,8
2021-06-17 10:23:26,S,1076.25,2,8
2021-06-17 10:23:26,S,1076.3,2,8
2021-06-17 10:23:26,S,1076.35,1,9
2021-06-17 10:23:26,B,1075.05,1,1
2021-06-17 10:23:26,B,1075.0,1,29
2021-06-17 10:23:26,B,1074.8,1,100
2021-06-17 10:23:26,B,1074.7,1,100
2021-06-17 10:23:26,B,1074.65,1,10
2021-06-17 10:23:42,S,1076.15,3,11
2021-06-17 10:23:42,S,1076.2,2,8
2021-06-17 10:23:42,S,1076.25,2,8
2021-06-17 10:23:42,S,1076.3,2,8
2021-06-17 10:23:42,S,1076.35,1,9
2021-06-17 10:23:42,B,1075.05,1,1
2021-06-17 10:23:42,B,1075.0,1,29
2021-06-17 10:23:42,B,1074.8,1,100
2021-06-17 10:23:42,B,1074.7,1,100
2021-06-17 10:23:42,B,1074.65,1,10
2021-06-17 10:23:44,S,1076.1,1,10
2021-06-17 10:23:44,S,1076.15,3,11
2021-06-17 10:23:44,S,1076.2,2,8
2021-06-17 10:23:44,S,1076.25,2,8
2021-06-17 10:23:44,S,1076.3,2,8
2021-06-17 10:23:44,B,1075.05,1,1
2021-06-17 10:23:44,B,1075.0,1,29
2021-06-17 10:23:44,B,1074.8,1,100
2021-06-17 10:23:44,B,1074.7,1,100
2021-06-17 10:23:44,B,1074.6,1,90
2021-06-17 10:23:49,S,1076.0,1,1
2021-06-17 10:23:49,S,1076.1,2,11
2021-06-17 10:23:49,S,1076.15,3,11
2021-06-17 10:23:49,S,1076.2,2,8
2021-06-17 10:23:49,S,1076.25,2,8
2021-06-17 10:23:49,B,1075.05,1,1
2021-06-17 10:23:49,B,1075.0,1,29
2021-06-17 10:23:49,B,1074.8,1,100
2021-06-17 10:23:49,B,1074.7,1,100
2021-06-17 10:23:49,B,1074.6,1,90
2021-06-17 10:24:00,S,1076.0,1,1
2021-06-17 10:24:00,S,1076.1,2,11
2021-06-17 10:24:00,S,1076.15,3,11
2021-06-17 10:24:00,S,1076.2,2,8
2021-06-17 10:24:00,S,1076.25,2,8
2021-06-17 10:24:00,B,1075.05,1,1
2021-06-17 10:24:00,B,1075.0,1,29
2021-06-17 10:24:00,B,1074.8,1,100
2021-06-17 10:24:00,B,1074.7,1,100
2021-06-17 10:24:00,B,1074.6,1,90
2021-06-17 10:24:00,S,1074.9,2,20
2021-06-17 10:24:00,S,1074.95,1,50
2021-06-17 10:24:00,S,1075.0,1,199
2021-06-17 10:24:00,S,1075.1,1,1
2021-06-17 10:24:00,S,1075.15,1,12
2021-06-17 10:24:00,B,1074.7,1,100
2021-06-17 10:24:00,B,1074.6,1,90
2021-06-17 10:24:00,B,1072.75,2,2
2021-06-17 10:24:00,B,1072.7,1,3
2021-06-17 10:24:00,B,1072.55,1,11
2021-06-17 10:24:02,S,1074.9,1,6
2021-06-17 10:24:02,S,1075.0,1,199
2021-06-17 10:24:02,S,1075.15,1,1
2021-06-17 10:24:02,S,1075.2,1,10
2021-06-17 10:24:02,S,1075.3,1,10
2021-06-17 10:24:02,B,1074.7,1,100
2021-06-17 10:24:02,B,1074.6,1,90
2021-06-17 10:24:02,B,1073.15,2,2
2021-06-17 10:24:02,B,1072.7,1,3
2021-06-17 10:24:02,B,1072.55,1,11
2021-06-17 10:24:03,S,1074.9,1,6
2021-06-17 10:24:03,S,1075.0,1,199
2021-06-17 10:24:03,S,1075.15,1,1
2021-06-17 10:24:03,S,1075.2,1,10
2021-06-17 10:24:03,S,1075.3,1,10
2021-06-17 10:24:03,B,1074.7,1,100
2021-06-17 10:24:03,B,1074.6,1,90
2021-06-17 10:24:03,B,1073.15,2,2
2021-06-17 10:24:03,B,1072.7,1,3
2021-06-17 10:24:03,B,1072.55,1,11
2021-06-17 10:24:04,S,1075.0,1,161
2021-06-17 10:24:04,S,1075.05,1,1
2021-06-17 10:24:04,S,1075.25,1,1
2021-06-17 10:24:04,S,1075.3,1,3
2021-06-17 10:24:04,S,1075.55,1,10
2021-06-17 10:24:04,B,1074.7,1,100
2021-06-17 10:24:04,B,1074.6,1,90
2021-06-17 10:24:04,B,1074.05,1,1
2021-06-17 10:24:04,B,1074.0,1,3
2021-06-17 10:24:04,B,1073.8,2,11
2021-06-17 10:24:06,S,1075.0,2,168
2021-06-17 10:24:06,S,1075.25,1,1
2021-06-17 10:24:06,S,1075.3,1,3
2021-06-17 10:24:06,S,1075.55,1,10
2021-06-17 10:24:06,S,1075.75,1,3
2021-06-17 10:24:06,B,1074.7,1,100
2021-06-17 10:24:06,B,1074.6,1,90
2021-06-17 10:24:06,B,1074.05,1,1
2021-06-17 10:24:06,B,1074.0,1,3
2021-06-17 10:24:06,B,1073.8,2,11
2021-06-17 10:24:12,S,1075.0,2,168
2021-06-17 10:24:12,S,1075.25,1,1
2021-06-17 10:24:12,S,1075.3,1,3
2021-06-17 10:24:12,S,1075.55,1,10
2021-06-17 10:24:12,S,1075.75,1,3
2021-06-17 10:24:12,B,1074.7,1,100
2021-06-17 10:24:12,B,1074.6,1,90
2021-06-17 10:24:12,B,1074.05,1,1
2021-06-17 10:24:12,B,1074.0,1,3
2021-06-17 10:24:12,B,1073.8,2,11
2021-06-17 10:24:13,S,1075.0,1,200
2021-06-17 10:24:13,S,1075.6,1,1
2021-06-17 10:24:13,S,1075.65,2,11
2021-06-17 10:24:13,S,1075.75,1,3
2021-06-17 10:24:13,S,1076.0,2,2
2021-06-17 10:24:13,B,1074.6,1,90
2021-06-17 10:24:13,B,1074.05,1,1
2021-06-17 10:24:13,B,1074.0,1,3
2021-06-17 10:24:13,B,1073.8,2,11
2021-06-17 10:24:13,B,1073.7,1,3
2021-06-17 10:24:15,S,1075.0,1,200
2021-06-17 10:24:15,S,1075.6,1,1
2021-06-17 10:24:15,S,1075.65,2,11
2021-06-17 10:24:15,S,1075.75,1,3
2021-06-17 10:24:15,S,1076.0,2,2
2021-06-17 10:24:15,B,1074.6,1,90
2021-06-17 10:24:15,B,1074.05,1,1
2021-06-17 10:24:15,B,1074.0,1,3
2021-06-17 10:24:15,B,1073.8,2,11
2021-06-17 10:24:15,B,1073.7,1,3
2021-06-17 10:24:15,S,1076.0,2,3
2021-06-17 10:24:15,S,1076.25,2,8
2021-06-17 10:24:15,S,1076.3,1,7
2021-06-17 10:24:15,S,1076.35,1,7
2021-06-17 10:24:15,S,1076.4,2,8
2021-06-17 10:24:15,B,1075.05,1,1
2021-06-17 10:24:15,B,1075.0,1,64
2021-06-17 10:24:15,B,1074.6,1,5
2021-06-17 10:24:15,B,1073.6,1,9
2021-06-17 10:24:15,B,1073.5,1,3
2021-06-17 10:24:18,S,1075.95,1,9
2021-06-17 10:24:18,S,1076.0,3,11
2021-06-17 10:24:18,S,1076.25,2,8
2021-06-17 10:24:18,S,1076.3,2,9
2021-06-17 10:24:18,S,1076.35,1,7
2021-06-17 10:24:18,B,1075.05,1,1
2021-06-17 10:24:18,B,1075.0,1,64
2021-06-17 10:24:18,B,1074.6,1,5
2021-06-17 10:24:18,B,1073.6,1,9
2021-06-17 10:24:18,B,1073.5,1,3
2021-06-17 10:24:19,S,1075.95,4,22
2021-06-17 10:24:19,S,1076.0,3,11
2021-06-17 10:24:19,S,1076.25,2,8
2021-06-17 10:24:19,S,1076.3,2,9
2021-06-17 10:24:19,S,1076.35,1,7
2021-06-17 10:24:19,B,1075.05,1,1
2021-06-17 10:24:19,B,1075.0,1,64
2021-06-17 10:24:19,B,1074.6,1,5
2021-06-17 10:24:19,B,1074.1,1,3
2021-06-17 10:24:19,B,1073.8,1,3
2021-06-17 10:24:23,S,1075.95,4,22
2021-06-17 10:24:23,S,1076.0,3,11
2021-06-17 10:24:23,S,1076.25,2,8
2021-06-17 10:24:23,S,1076.3,2,9
2021-06-17 10:24:23,S,1076.35,1,7
2021-06-17 10:24:23,B,1075.05,1,1
2021-06-17 10:24:23,B,1075.0,1,64
2021-06-17 10:24:23,B,1074.6,1,5
2021-06-17 10:24:23,B,1074.1,1,3
2021-06-17 10:24:23,B,1073.8,1,3
2021-06-17 10:24:24,S,1075.8,1,10
2021-06-17 10:24:24,S,1075.9,2,2
2021-06-17 10:24:24,S,1075.95,3,13
2021-06-17 10:24:24,S,1076.0,3,11
2021-06-17 10:24:24,S,1076.05,1,12
2021-06-17 10:24:24,B,1075.05,1,1
2021-06-17 10:24:24,B,1075.0,1,62
2021-06-17 10:24:24,B,1074.6,1,5
2021-06-17 10:24:24,B,1074.1,2,4
2021-06-17 10:24:24,B,1073.8,1,3
2021-06-17 10:24:25,S,1075.8,1,10
2021-06-17 10:24:25,S,1075.9,2,2
2021-06-17 10:24:25,S,1075.95,3,13
2021-06-17 10:24:25,S,1076.0,3,11
2021-06-17 10:24:25,S,1076.05,1,12
2021-06-17 10:24:25,B,1075.05,1,1
2021-06-17 10:24:25,B,1075.0,1,62
2021-06-17 10:24:25,B,1074.6,1,5
2021-06-17 10:24:25,B,1074.1,2,4
2021-06-17 10:24:25,B,1074.05,1,10
2021-06-17 10:24:26,S,1075.8,1,10
2021-06-17 10:24:26,S,1075.9,2,2
2021-06-17 10:24:26,S,1075.95,3,13
2021-06-17 10:24:26,S,1076.0,3,11
2021-06-17 10:24:26,S,1076.05,1,12
2021-06-17 10:24:26,B,1075.05,1,1
2021-06-17 10:24:26,B,1075.0,1,62
2021-06-17 10:24:26,B,1074.6,1,5
2021-06-17 10:24:26,B,1074.1,2,4
2021-06-17 10:24:26,B,1074.05,1,10
2021-06-17 10:24:28,S,1075.8,3,20
2021-06-17 10:24:28,S,1075.9,2,2
2021-06-17 10:24:28,S,1075.95,3,13
2021-06-17 10:24:28,S,1076.0,3,11
2021-06-17 10:24:28,S,1076.05,1,12
2021-06-17 10:24:28,B,1075.0,1,62
2021-06-17 10:24:28,B,1074.6,1,5
2021-06-17 10:24:28,B,1074.1,2,4
2021-06-17 10:24:28,B,1074.05,1,10
2021-06-17 10:24:28,B,1073.8,1,3
2021-06-17 10:24:32,S,1075.8,3,20
2021-06-17 10:24:32,S,1075.9,2,2
2021-06-17 10:24:32,S,1075.95,3,13
2021-06-17 10:24:32,S,1076.0,2,10
2021-06-17 10:24:32,S,1076.05,1,12
2021-06-17 10:24:32,B,1075.0,1,62
2021-06-17 10:24:32,B,1074.6,1,5
2021-06-17 10:24:32,B,1074.1,2,4
2021-06-17 10:24:32,B,1074.05,1,10
2021-06-17 10:24:32,B,1073.8,1,3
2021-06-17 10:24:39,S,1075.8,3,20
2021-06-17 10:24:39,S,1075.9,2,2
2021-06-17 10:24:39,S,1075.95,3,13
2021-06-17 10:24:39,S,1076.0,2,10
2021-06-17 10:24:39,S,1076.05,1,12
2021-06-17 10:24:39,B,1075.0,2,63
2021-06-17 10:24:39,B,1074.6,1,5
2021-06-17 10:24:39,B,1074.1,2,4
2021-06-17 10:24:39,B,1074.05,1,10
2021-06-17 10:24:39,B,1073.8,1,3
2021-06-17 10:24:43,S,1075.8,3,20
2021-06-17 10:24:43,S,1075.9,2,2
2021-06-17 10:24:43,S,1075.95,3,13
2021-06-17 10:24:43,S,1076.0,2,10
2021-06-17 10:24:43,S,1076.05,1,12
2021-06-17 10:24:43,B,1075.0,2,63
2021-06-17 10:24:43,B,1074.6,1,5
2021-06-17 10:24:43,B,1074.1,2,4
2021-06-17 10:24:43,B,1074.05,1,10
2021-06-17 10:24:43,B,1073.8,1,3
2021-06-17 10:24:43,S,1075.8,3,20
2021-06-17 10:24:43,S,1075.9,2,2
2021-06-17 10:24:43,S,1075.95,3,13
2021-06-17 10:24:43,S,1076.0,2,10
2021-06-17 10:24:43,S,1076.05,1,12
2021-06-17 10:24:43,B,1075.0,2,63
2021-06-17 10:24:43,B,1074.6,1,5
2021-06-17 10:24:43,B,1074.1,2,4
2021-06-17 10:24:43,B,1074.05,1,10
2021-06-17 10:24:43,B,1073.8,1,3
2021-06-17 10:24:48,S,1075.8,3,18
2021-06-17 10:24:48,S,1075.9,2,2
2021-06-17 10:24:48,S,1075.95,3,13
2021-06-17 10:24:48,S,1076.0,3,11
2021-06-17 10:24:48,S,1076.25,2,8
2021-06-17 10:24:48,B,1075.0,2,58
2021-06-17 10:24:48,B,1074.6,1,5
2021-06-17 10:24:48,B,1074.1,2,4
2021-06-17 10:24:48,B,1074.05,1,10
2021-06-17 10:24:48,B,1073.8,1,3
2021-06-17 10:25:09,S,1075.8,3,18
2021-06-17 10:25:09,S,1075.9,2,2
2021-06-17 10:25:09,S,1075.95,3,13
2021-06-17 10:25:09,S,1076.0,3,11
2021-06-17 10:25:09,S,1076.25,2,8
2021-06-17 10:25:09,B,1075.0,2,58
2021-06-17 10:25:09,B,1074.6,1,5
2021-06-17 10:25:09,B,1074.1,2,4
2021-06-17 10:25:09,B,1074.05,1,10
2021-06-17 10:25:09,B,1073.8,1,3
2021-06-17 10:25:10,S,1075.8,3,18
2021-06-17 10:25:10,S,1075.9,2,2
2021-06-17 10:25:10,S,1075.95,3,13
2021-06-17 10:25:10,S,1076.0,3,11
2021-06-17 10:25:10,S,1076.25,2,8
2021-06-17 10:25:10,B,1075.0,2,58
2021-06-17 10:25:10,B,1074.6,1,5
2021-06-17 10:25:10,B,1074.1,2,4
2021-06-17 10:25:10,B,1074.05,1,10
2021-06-17 10:25:10,B,1073.8,1,3
2021-06-17 10:25:11,S,1075.95,2,4
2021-06-17 10:25:11,S,1076.0,2,3
2021-06-17 10:25:11,S,1076.25,2,8
2021-06-17 10:25:11,S,1076.3,2,9
2021-06-17 10:25:11,S,1076.35,1,7
2021-06-17 10:25:11,B,1075.0,2,58
2021-06-17 10:25:11,B,1074.6,2,14
2021-06-17 10:25:11,B,1074.1,2,4
2021-06-17 10:25:11,B,1073.8,1,3
2021-06-17 10:25:11,B,1073.6,1,9
2021-06-17 10:25:13,S,1075.95,2,4
2021-06-17 10:25:13,S,1076.0,2,3
2021-06-17 10:25:13,S,1076.25,2,8
2021-06-17 10:25:13,S,1076.3,2,9
2021-06-17 10:25:13,S,1076.35,1,7
2021-06-17 10:25:13,B,1075.0,2,58
2021-06-17 10:25:13,B,1074.6,2,14
2021-06-17 10:25:13,B,1074.1,2,4
2021-06-17 10:25:13,B,1073.8,1,3
2021-06-17 10:25:13,B,1073.6,1,9
2021-06-17 10:25:21,S,1075.9,1,1
2021-06-17 10:25:21,S,1075.95,2,5
2021-06-17 10:25:21,S,1076.0,3,185
2021-06-17 10:25:21,S,1076.5,4,15
2021-06-17 10:25:21,S,1076.65,3,8
2021-06-17 10:25:21,B,1075.0,2,58
2021-06-17 10:25:21,B,1074.6,2,14
2021-06-17 10:25:21,B,1074.1,2,4
2021-06-17 10:25:21,B,1073.8,1,3
2021-06-17 10:25:21,B,1073.6,1,9
2021-06-17 10:25:25,S,1075.9,1,1
2021-06-17 10:25:25,S,1075.95,1,3
2021-06-17 10:25:25,S,1076.0,3,185
2021-06-17 10:25:25,S,1076.5,4,15
2021-06-17 10:25:25,S,1076.65,3,8
2021-06-17 10:25:25,B,1075.0,2,58
2021-06-17 10:25:25,B,1074.6,2,14
2021-06-17 10:25:25,B,1074.1,2,4
2021-06-17 10:25:25,B,1073.8,1,3
2021-06-17 10:25:25,B,1073.6,1,9
2021-06-17 10:25:27,S,1075.9,1,1
2021-06-17 10:25:27,S,1075.95,1,3
2021-06-17 10:25:27,S,1076.0,3,185
2021-06-17 10:25:27,S,1076.5,5,24
2021-06-17 10:25:27,S,1076.65,3,8
2021-06-17 10:25:27,B,1075.0,2,58
2021-06-17 10:25:27,B,1074.6,2,14
2021-06-17 10:25:27,B,1074.1,2,4
2021-06-17 10:25:27,B,1073.8,1,3
2021-06-17 10:25:27,B,1073.6,1,9
2021-06-17 10:25:27,S,1075.9,1,1
2021-06-17 10:25:27,S,1075.95,1,3
2021-06-17 10:25:27,S,1076.0,3,185
2021-06-17 10:25:27,S,1076.5,5,24
2021-06-17 10:25:27,S,1076.65,3,8
2021-06-17 10:25:27,B,1075.0,2,58
2021-06-17 10:25:27,B,1074.6,2,14
2021-06-17 10:25:27,B,1074.1,2,4
2021-06-17 10:25:27,B,1073.8,1,3
2021-06-17 10:25:27,B,1073.6,1,9
2021-06-17 10:25:28,S,1075.9,1,1
2021-06-17 10:25:28,S,1075.95,1,3
2021-06-17 10:25:28,S,1076.0,3,185
2021-06-17 10:25:28,S,1076.5,5,24
2021-06-17 10:25:28,S,1076.65,3,8
2021-06-17 10:25:28,B,1075.0,2,53
2021-06-17 10:25:28,B,1074.6,2,14
2021-06-17 10:25:28,B,1074.1,2,4
2021-06-17 10:25:28,B,1073.8,1,3
2021-06-17 10:25:28,B,1073.6,1,9
2021-06-17 10:25:29,S,1075.9,1,1
2021-06-17 10:25:29,S,1075.95,1,3
2021-06-17 10:25:29,S,1076.0,3,185
2021-06-17 10:25:29,S,1076.5,5,24
2021-06-17 10:25:29,S,1076.65,3,8
2021-06-17 10:25:29,B,1075.0,2,53
2021-06-17 10:25:29,B,1074.6,2,14
2021-06-17 10:25:29,B,1074.1,2,4
2021-06-17 10:25:29,B,1073.8,1,3
2021-06-17 10:25:29,B,1073.6,1,9
2021-06-17 10:25:30,S,1076.0,1,122
2021-06-17 10:25:30,S,1076.5,3,12
2021-06-17 10:25:30,S,1076.65,2,3
2021-06-17 10:25:30,S,1077.4,1,10
2021-06-17 10:25:30,S,1077.65,1,4
2021-06-17 10:25:30,B,1075.25,1,1
2021-06-17 10:25:30,B,1075.2,1,26
2021-06-17 10:25:30,B,1075.15,1,3
2021-06-17 10:25:30,B,1075.0,3,153
2021-06-17 10:25:30,B,1074.6,3,9
2021-06-17 10:25:33,S,1076.0,1,122
2021-06-17 10:25:33,S,1076.5,3,12
2021-06-17 10:25:33,S,1076.65,2,3
2021-06-17 10:25:33,S,1077.4,1,10
2021-06-17 10:25:33,S,1077.65,1,4
2021-06-17 10:25:33,B,1075.5,1,1
2021-06-17 10:25:33,B,1075.35,1,10
2021-06-17 10:25:33,B,1075.2,1,1
2021-06-17 10:25:33,B,1075.15,1,3
2021-06-17 10:25:33,B,1075.05,2,9
2021-06-17 10:25:35,S,1076.0,1,122
2021-06-17 10:25:35,S,1076.5,3,12
2021-06-17 10:25:35,S,1076.55,2,5
2021-06-17 10:25:35,S,1076.65,2,3
2021-06-17 10:25:35,S,1076.85,1,3
2021-06-17 10:25:35,B,1075.5,1,1
2021-06-17 10:25:35,B,1075.35,1,10
2021-06-17 10:25:35,B,1075.2,1,1
2021-06-17 10:25:35,B,1075.15,1,3
2021-06-17 10:25:35,B,1075.05,2,9
2021-06-17 10:25:39,S,1075.95,1,1
2021-06-17 10:25:39,S,1076.0,2,127
2021-06-17 10:25:39,S,1076.4,2,4
2021-06-17 10:25:39,S,1076.45,2,26
2021-06-17 10:25:39,S,1076.5,4,21
2021-06-17 10:25:39,B,1075.1,1,1
2021-06-17 10:25:39,B,1075.05,1,1
2021-06-17 10:25:39,B,1075.0,2,152
2021-06-17 10:25:39,B,1074.6,3,9
2021-06-17 10:25:39,B,1074.45,2,13
2021-06-17 10:25:41,S,1075.95,1,1
2021-06-17 10:25:41,S,1076.0,2,127
2021-06-17 10:25:41,S,1076.4,2,4
2021-06-17 10:25:41,S,1076.45,2,26
2021-06-17 10:25:41,S,1076.5,4,21
2021-06-17 10:25:41,B,1075.05,1,1
2021-06-17 10:25:41,B,1075.0,2,152
2021-06-17 10:25:41,B,1074.6,3,9
2021-06-17 10:25:41,B,1074.45,1,10
2021-06-17 10:25:41,B,1074.4,1,3
2021-06-17 10:25:43,S,1075.85,1,1
2021-06-17 10:25:43,S,1075.9,1,2
2021-06-17 10:25:43,S,1075.95,1,3
2021-06-17 10:25:43,S,1076.0,3,152
2021-06-17 10:25:43,S,1076.05,1,10
2021-06-17 10:25:43,B,1075.05,1,1
2021-06-17 10:25:43,B,1075.0,2,152
2021-06-17 10:25:43,B,1074.6,2,8
2021-06-17 10:25:43,B,1074.45,1,10
2021-06-17 10:25:43,B,1074.4,1,3
2021-06-17 10:25:45,S,1075.85,1,1
2021-06-17 10:25:45,S,1075.9,1,2
2021-06-17 10:25:45,S,1075.95,2,13
2021-06-17 10:25:45,S,1076.0,3,152
2021-06-17 10:25:45,S,1076.05,1,10
2021-06-17 10:25:45,B,1075.05,1,1
2021-06-17 10:25:45,B,1075.0,2,152
2021-06-17 10:25:45,B,1074.6,2,8
2021-06-17 10:25:45,B,1074.45,1,10
2021-06-17 10:25:45,B,1074.4,1,3
2021-06-17 10:25:47,S,1075.85,1,1
2021-06-17 10:25:47,S,1075.9,1,2
2021-06-17 10:25:47,S,1075.95,2,13
2021-06-17 10:25:47,S,1076.0,3,152
2021-06-17 10:25:47,S,1076.05,1,10
2021-06-17 10:25:47,B,1075.05,1,1
2021-06-17 10:25:47,B,1075.0,2,152
2021-06-17 10:25:47,B,1074.6,2,8
2021-06-17 10:25:47,B,1074.4,1,3
2021-06-17 10:25:47,B,1074.1,2,4
2021-06-17 10:25:49,S,1075.85,1,1
2021-06-17 10:25:49,S,1075.9,1,2
2021-06-17 10:25:49,S,1075.95,1,3
2021-06-17 10:25:49,S,1076.0,3,152
2021-06-17 10:25:49,S,1076.25,2,5
2021-06-17 10:25:49,B,1075.05,2,11
2021-06-17 10:25:49,B,1075.0,2,152
2021-06-17 10:25:49,B,1074.7,2,10
2021-06-17 10:25:49,B,1074.6,3,9
2021-06-17 10:25:49,B,1074.4,1,3
2021-06-17 10:25:50,S,1075.85,1,1
2021-06-17 10:25:50,S,1075.9,1,2
2021-06-17 10:25:50,S,1075.95,1,3
2021-06-17 10:25:50,S,1076.0,3,152
2021-06-17 10:25:50,S,1076.25,2,5
2021-06-17 10:25:50,B,1075.05,2,11
2021-06-17 10:25:50,B,1075.0,2,152
2021-06-17 10:25:50,B,1074.7,2,10
2021-06-17 10:25:50,B,1074.6,3,9
2021-06-17 10:25:50,B,1074.4,1,3
2021-06-17 10:25:51,S,1075.9,1,2
2021-06-17 10:25:51,S,1075.95,1,3
2021-06-17 10:25:51,S,1076.0,3,152
2021-06-17 10:25:51,S,1076.25,1,3
2021-06-17 10:25:51,S,1076.45,3,35
2021-06-17 10:25:51,B,1075.05,2,11
2021-06-17 10:25:51,B,1075.0,2,152
2021-06-17 10:25:51,B,1074.7,2,10
2021-06-17 10:25:51,B,1074.6,3,9
2021-06-17 10:25:51,B,1074.4,1,3
2021-06-17 10:25:58,S,1075.9,1,2
2021-06-17 10:25:58,S,1075.95,1,3
2021-06-17 10:25:58,S,1076.0,3,152
2021-06-17 10:25:58,S,1076.25,1,3
2021-06-17 10:25:58,S,1076.45,3,35
2021-06-17 10:25:58,B,1075.05,2,11
2021-06-17 10:25:58,B,1075.0,2,152
2021-06-17 10:25:58,B,1074.6,3,9
2021-06-17 10:25:58,B,1074.5,1,10
2021-06-17 10:25:58,B,1074.4,1,3
2021-06-17 10:26:01,S,1075.9,1,2
2021-06-17 10:26:01,S,1075.95,1,3
2021-06-17 10:26:01,S,1076.0,3,152
2021-06-17 10:26:01,S,1076.25,1,3
2021-06-17 10:26:01,S,1076.45,3,35
2021-06-17 10:26:01,B,1075.05,2,11
2021-06-17 10:26:01,B,1075.0,2,152
2021-06-17 10:26:01,B,1074.6,3,9
2021-06-17 10:26:01,B,1074.5,1,10
2021-06-17 10:26:01,B,1074.4,1,3
2021-06-17 10:26:03,S,1075.9,1,2
2021-06-17 10:26:03,S,1075.95,1,3
2021-06-17 10:26:03,S,1076.0,3,152
2021-06-17 10:26:03,S,1076.25,1,3
2021-06-17 10:26:03,S,1076.45,3,35
2021-06-17 10:26:03,B,1075.05,2,11
2021-06-17 10:26:03,B,1075.0,2,152
2021-06-17 10:26:03,B,1074.6,3,9
2021-06-17 10:26:03,B,1074.5,1,10
2021-06-17 10:26:03,B,1074.4,1,3
2021-06-17 10:26:12,S,1075.9,1,2
2021-06-17 10:26:12,S,1075.95,1,3
2021-06-17 10:26:12,S,1076.0,3,152
2021-06-17 10:26:12,S,1076.25,1,3
2021-06-17 10:26:12,S,1076.45,3,35
2021-06-17 10:26:12,B,1075.05,2,11
2021-06-17 10:26:12,B,1075.0,2,152
2021-06-17 10:26:12,B,1074.6,3,9
2021-06-17 10:26:12,B,1074.5,1,10
2021-06-17 10:26:12,B,1074.4,1,3
2021-06-17 10:26:13,S,1075.85,2,11
2021-06-17 10:26:13,S,1075.9,1,2
2021-06-17 10:26:13,S,1075.95,1,3
2021-06-17 10:26:13,S,1076.0,3,152
2021-06-17 10:26:13,S,1076.05,1,11
2021-06-17 10:26:13,B,1075.05,1,1
2021-06-17 10:26:13,B,1075.0,2,134
2021-06-17 10:26:13,B,1074.6,1,5
2021-06-17 10:26:13,B,1074.2,1,9
2021-06-17 10:26:13,B,1074.1,2,4
2021-06-17 10:26:19,S,1075.85,2,11
2021-06-17 10:26:19,S,1075.9,1,2
2021-06-17 10:26:19,S,1075.95,1,3
2021-06-17 10:26:19,S,1076.0,3,152
2021-06-17 10:26:19,S,1076.25,1,3
2021-06-17 10:26:19,B,1075.05,1,1
2021-06-17 10:26:19,B,1075.0,2,134
2021-06-17 10:26:19,B,1074.6,2,6
2021-06-17 10:26:19,B,1074.55,1,3
2021-06-17 10:26:19,B,1074.2,1,9
2021-06-17 10:26:21,S,1075.85,1,1
2021-06-17 10:26:21,S,1075.9,1,2
2021-06-17 10:26:21,S,1075.95,1,3
2021-06-17 10:26:21,S,1076.0,3,152
2021-06-17 10:26:21,S,1076.2,1,10
2021-06-17 10:26:21,B,1075.05,1,1
2021-06-17 10:26:21,B,1075.0,2,134
2021-06-17 10:26:21,B,1074.6,2,6
2021-06-17 10:26:21,B,1074.55,1,3
2021-06-17 10:26:21,B,1074.2,1,9
2021-06-17 10:26:23,S,1075.85,1,1
2021-06-17 10:26:23,S,1075.9,1,2
2021-06-17 10:26:23,S,1075.95,1,3
2021-06-17 10:26:23,S,1076.0,3,152
2021-06-17 10:26:23,S,1076.2,1,10
2021-06-17 10:26:23,B,1075.05,1,1
2021-06-17 10:26:23,B,1075.0,2,134
2021-06-17 10:26:23,B,1074.6,2,6
2021-06-17 10:26:23,B,1074.55,1,3
2021-06-17 10:26:23,B,1074.2,1,9
2021-06-17 10:26:24,S,1075.95,1,3
2021-06-17 10:26:24,S,1076.0,3,152
2021-06-17 10:26:24,S,1076.25,1,3
2021-06-17 10:26:24,S,1076.35,1,10
2021-06-17 10:26:24,S,1076.5,3,12
2021-06-17 10:26:24,B,1075.05,1,1
2021-06-17 10:26:24,B,1075.0,2,134
2021-06-17 10:26:24,B,1074.75,1,9
2021-06-17 10:26:24,B,1074.6,1,5
2021-06-17 10:26:24,B,1074.55,1,3
2021-06-17 10:26:27,S,1075.95,1,3
2021-06-17 10:26:27,S,1076.0,3,152
2021-06-17 10:26:27,S,1076.25,1,3
2021-06-17 10:26:27,S,1076.35,1,10
2021-06-17 10:26:27,S,1076.5,3,12
2021-06-17 10:26:27,B,1075.05,1,1
2021-06-17 10:26:27,B,1075.0,2,134
2021-06-17 10:26:27,B,1074.75,1,9
2021-06-17 10:26:27,B,1074.6,1,5
2021-06-17 10:26:27,B,1074.55,1,3
2021-06-17 10:26:28,S,1076.0,3,112
2021-06-17 10:26:28,S,1076.25,2,4
2021-06-17 10:26:28,S,1076.5,3,12
2021-06-17 10:26:28,S,1076.55,1,10
2021-06-17 10:26:28,S,1076.6,1,3
2021-06-17 10:26:28,B,1075.05,1,1
2021-06-17 10:26:28,B,1075.0,2,134
2021-06-17 10:26:28,B,1074.75,1,9
2021-06-17 10:26:28,B,1074.65,1,2
2021-06-17 10:26:28,B,1074.6,1,5
2021-06-17 10:26:31,S,1076.0,3,112
2021-06-17 10:26:31,S,1076.25,2,4
2021-06-17 10:26:31,S,1076.5,3,12
2021-06-17 10:26:31,S,1076.55,1,10
2021-06-17 10:26:31,S,1076.6,1,3
2021-06-17 10:26:31,B,1075.05,1,1
2021-06-17 10:26:31,B,1075.0,2,134
2021-06-17 10:26:31,B,1074.75,1,9
2021-06-17 10:26:31,B,1074.65,1,2
2021-06-17 10:26:31,B,1074.6,1,5
2021-06-17 10:26:32,S,1077.65,2,5
2021-06-17 10:26:32,S,1077.9,1,2
2021-06-17 10:26:32,S,1077.95,1,4
2021-06-17 10:26:32,S,1078.05,1,5
2021-06-17 10:26:32,S,1078.1,1,4
2021-06-17 10:26:32,B,1076.1,1,1
2021-06-17 10:26:32,B,1076.05,1,9
2021-06-17 10:26:32,B,1076.0,1,2
2021-06-17 10:26:32,B,1075.8,1,10
2021-06-17 10:26:32,B,1075.15,1,7
2021-06-17 10:26:34,S,1076.95,1,6
2021-06-17 10:26:34,S,1077.0,1,85
2021-06-17 10:26:34,S,1077.35,2,4
2021-06-17 10:26:34,S,1077.4,2,11
2021-06-17 10:26:34,S,1077.65,2,5
2021-06-17 10:26:34,B,1075.85,1,1
2021-06-17 10:26:34,B,1075.8,1,2
2021-06-17 10:26:34,B,1075.65,1,3
2021-06-17 10:26:34,B,1075.4,2,9
2021-06-17 10:26:34,B,1075.35,2,10
2021-06-17 10:26:36,S,1076.95,1,6
2021-06-17 10:26:36,S,1077.0,1,85
2021-06-17 10:26:36,S,1077.35,2,4
2021-06-17 10:26:36,S,1077.4,2,11
2021-06-17 10:26:36,S,1077.65,2,5
2021-06-17 10:26:36,B,1076.0,1,5
2021-06-17 10:26:36,B,1075.85,1,1
2021-06-17 10:26:36,B,1075.8,1,2
2021-06-17 10:26:36,B,1075.65,1,3
2021-06-17 10:26:36,B,1075.6,1,9
2021-06-17 10:26:42,S,1076.95,1,6
2021-06-17 10:26:42,S,1077.0,1,85
2021-06-17 10:26:42,S,1077.35,2,4
2021-06-17 10:26:42,S,1077.4,2,11
2021-06-17 10:26:42,S,1077.65,2,5
2021-06-17 10:26:42,B,1076.0,1,5
2021-06-17 10:26:42,B,1075.85,1,1
2021-06-17 10:26:42,B,1075.8,1,2
2021-06-17 10:26:42,B,1075.65,1,3
2021-06-17 10:26:42,B,1075.6,1,9
2021-06-17 10:26:43,S,1077.0,1,85
2021-06-17 10:26:43,S,1077.35,2,5
2021-06-17 10:26:43,S,1077.4,2,11
2021-06-17 10:26:43,S,1077.65,2,5
2021-06-17 10:26:43,S,1077.75,1,10
2021-06-17 10:26:43,B,1076.0,1,5
2021-06-17 10:26:43,B,1075.85,1,1
2021-06-17 10:26:43,B,1075.8,2,3
2021-06-17 10:26:43,B,1075.65,1,3
2021-06-17 10:26:43,B,1075.6,1,9
2021-06-17 10:26:46,S,1077.0,1,85
2021-06-17 10:26:46,S,1077.35,2,5
2021-06-17 10:26:46,S,1077.4,2,11
2021-06-17 10:26:46,S,1077.65,2,5
2021-06-17 10:26:46,S,1077.75,1,10
2021-06-17 10:26:46,B,1076.0,1,5
2021-06-17 10:26:46,B,1075.85,1,1
2021-06-17 10:26:46,B,1075.8,1,2
2021-06-17 10:26:46,B,1075.65,1,3
2021-06-17 10:26:46,B,1075.6,1,9
2021-06-17 10:26:48,S,1077.0,1,85
2021-06-17 10:26:48,S,1077.35,2,5
2021-06-17 10:26:48,S,1077.4,2,11
2021-06-17 10:26:48,S,1077.65,2,5
2021-06-17 10:26:48,S,1077.75,1,10
2021-06-17 10:26:48,B,1076.0,1,5
2021-06-17 10:26:48,B,1075.85,1,1
2021-06-17 10:26:48,B,1075.8,1,2
2021-06-17 10:26:48,B,1075.65,1,3
2021-06-17 10:26:48,B,1075.6,1,9
2021-06-17 10:26:53,S,1077.0,1,85
2021-06-17 10:26:53,S,1077.35,2,5
2021-06-17 10:26:53,S,1077.4,2,11
2021-06-17 10:26:53,S,1077.65,2,5
2021-06-17 10:26:53,S,1077.75,1,10
2021-06-17 10:26:53,B,1076.0,1,5
2021-06-17 10:26:53,B,1075.85,1,1
2021-06-17 10:26:53,B,1075.8,1,2
2021-06-17 10:26:53,B,1075.65,1,3
2021-06-17 10:26:53,B,1075.6,1,9
2021-06-17 10:26:54,S,1077.0,1,80
2021-06-17 10:26:54,S,1077.35,2,5
2021-06-17 10:26:54,S,1077.4,2,11
2021-06-17 10:26:54,S,1077.65,2,5
2021-06-17 10:26:54,S,1077.75,1,10
2021-06-17 10:26:54,B,1076.0,1,5
2021-06-17 10:26:54,B,1075.85,1,1
2021-06-17 10:26:54,B,1075.8,2,3
2021-06-17 10:26:54,B,1075.65,1,3
2021-06-17 10:26:54,B,1075.6,1,9
2021-06-17 10:26:57,S,1077.0,1,80
2021-06-17 10:26:57,S,1077.35,2,5
2021-06-17 10:26:57,S,1077.4,2,11
2021-06-17 10:26:57,S,1077.65,2,5
2021-06-17 10:26:57,S,1077.75,1,10
2021-06-17 10:26:57,B,1076.0,1,5
2021-06-17 10:26:57,B,1075.85,1,1
2021-06-17 10:26:57,B,1075.8,2,3
2021-06-17 10:26:57,B,1075.65,1,3
2021-06-17 10:26:57,B,1075.6,1,9
2021-06-17 10:26:59,S,1077.0,1,75
2021-06-17 10:26:59,S,1077.4,2,11
2021-06-17 10:26:59,S,1077.65,1,2
2021-06-17 10:26:59,S,1077.75,1,10
2021-06-17 10:26:59,S,1077.85,1,11
2021-06-17 10:26:59,B,1075.85,1,1
2021-06-17 10:26:59,B,1075.8,1,2
2021-06-17 10:26:59,B,1075.65,2,4
2021-06-17 10:26:59,B,1075.6,1,9
2021-06-17 10:26:59,B,1075.4,2,9
2021-06-17 10:27:01,S,1077.0,1,75
2021-06-17 10:27:01,S,1077.3,2,5
2021-06-17 10:27:01,S,1077.4,2,11
2021-06-17 10:27:01,S,1077.6,1,3
2021-06-17 10:27:01,S,1077.75,1,10
2021-06-17 10:27:01,B,1075.85,1,1
2021-06-17 10:27:01,B,1075.8,1,2
2021-06-17 10:27:01,B,1075.65,2,4
2021-06-17 10:27:01,B,1075.6,1,9
2021-06-17 10:27:01,B,1075.4,2,9
2021-06-17 10:27:02,S,1077.0,1,75
2021-06-17 10:27:02,S,1077.3,2,5
2021-06-17 10:27:02,S,1077.4,2,11
2021-06-17 10:27:02,S,1077.6,1,3
2021-06-17 10:27:02,S,1077.75,1,10
2021-06-17 10:27:02,B,1075.85,1,1
2021-06-17 10:27:02,B,1075.8,1,2
2021-06-17 10:27:02,B,1075.65,2,4
2021-06-17 10:27:02,B,1075.6,1,9
2021-06-17 10:27:02,B,1075.4,2,9
2021-06-17 10:27:04,S,1077.0,2,76
2021-06-17 10:27:04,S,1077.3,1,3
2021-06-17 10:27:04,S,1077.55,2,12
2021-06-17 10:27:04,S,1077.6,2,5
2021-06-17 10:27:04,S,1077.75,1,10
2021-06-17 10:27:04,B,1075.85,2,10
2021-06-17 10:27:04,B,1075.8,2,3
2021-06-17 10:27:04,B,1075.7,2,4
2021-06-17 10:27:04,B,1075.45,3,14
2021-06-17 10:27:04,B,1075.4,2,9
2021-06-17 10:27:13,S,1077.0,3,78
2021-06-17 10:27:13,S,1077.3,1,3
2021-06-17 10:27:13,S,1077.55,2,12
2021-06-17 10:27:13,S,1077.6,2,5
2021-06-17 10:27:13,S,1077.75,1,10
2021-06-17 10:27:13,B,1076.1,1,1
2021-06-17 10:27:13,B,1075.85,2,10
2021-06-17 10:27:13,B,1075.8,2,3
2021-06-17 10:27:13,B,1075.7,2,4
2021-06-17 10:27:13,B,1075.45,3,14
2021-06-17 10:27:16,S,1077.0,3,78
2021-06-17 10:27:16,S,1077.3,1,3
2021-06-17 10:27:16,S,1077.55,2,12
2021-06-17 10:27:16,S,1077.6,2,5
2021-06-17 10:27:16,S,1077.75,1,10
2021-06-17 10:27:16,B,1076.1,1,1
2021-06-17 10:27:16,B,1075.85,2,10
2021-06-17 10:27:16,B,1075.8,2,3
2021-06-17 10:27:16,B,1075.7,2,4
2021-06-17 10:27:16,B,1075.45,3,14
2021-06-17 10:27:17,S,1077.0,1,2
2021-06-17 10:27:17,S,1077.3,1,3
2021-06-17 10:27:17,S,1077.6,1,3
2021-06-17 10:27:17,S,1077.9,2,3
2021-06-17 10:27:17,S,1078.1,1,4
2021-06-17 10:27:17,B,1076.35,1,1
2021-06-17 10:27:17,B,1076.3,2,11
2021-06-17 10:27:17,B,1075.85,1,27
2021-06-17 10:27:17,B,1075.5,1,7
2021-06-17 10:27:17,B,1075.45,3,14
2021-06-17 10:27:19,S,1077.0,1,2
2021-06-17 10:27:19,S,1077.3,1,3
2021-06-17 10:27:19,S,1077.6,1,3
2021-06-17 10:27:19,S,1077.9,2,3
2021-06-17 10:27:19,S,1078.0,1,9
2021-06-17 10:27:19,B,1076.35,2,11
2021-06-17 10:27:19,B,1076.3,1,1
2021-06-17 10:27:19,B,1075.95,1,3
2021-06-17 10:27:19,B,1075.9,2,12
2021-06-17 10:27:19,B,1075.85,1,27
2021-06-17 10:27:23,S,1077.0,1,2
2021-06-17 10:27:23,S,1077.3,1,3
2021-06-17 10:27:23,S,1077.6,1,3
2021-06-17 10:27:23,S,1077.9,2,3
2021-06-17 10:27:23,S,1078.0,1,9
2021-06-17 10:27:23,B,1076.35,3,16
2021-06-17 10:27:23,B,1076.3,2,2
2021-06-17 10:27:23,B,1075.95,1,3
2021-06-17 10:27:23,B,1075.9,2,12
2021-06-17 10:27:23,B,1075.85,1,27
2021-06-17 10:27:27,S,1077.0,1,2
2021-06-17 10:27:27,S,1077.3,1,3
2021-06-17 10:27:27,S,1077.6,1,3
2021-06-17 10:27:27,S,1077.9,2,3
2021-06-17 10:27:27,S,1078.0,1,9
2021-06-17 10:27:27,B,1076.35,3,16
2021-06-17 10:27:27,B,1076.3,2,2
2021-06-17 10:27:27,B,1075.95,1,3
2021-06-17 10:27:27,B,1075.9,2,12
2021-06-17 10:27:27,B,1075.85,1,27
2021-06-17 10:27:35,S,1077.0,1,2
2021-06-17 10:27:35,S,1077.3,1,3
2021-06-17 10:27:35,S,1077.6,1,3
2021-06-17 10:27:35,S,1077.9,2,3
2021-06-17 10:27:35,S,1078.0,1,9
2021-06-17 10:27:35,B,1076.35,3,16
2021-06-17 10:27:35,B,1076.3,2,2
2021-06-17 10:27:35,B,1075.95,1,3
2021-06-17 10:27:35,B,1075.9,2,12
2021-06-17 10:27:35,B,1075.85,1,27
2021-06-17 10:27:36,S,1077.0,1,2
2021-06-17 10:27:36,S,1077.7,2,5
2021-06-17 10:27:36,S,1077.9,2,3
2021-06-17 10:27:36,S,1078.0,1,9
2021-06-17 10:27:36,S,1078.1,1,4
2021-06-17 10:27:36,B,1076.35,3,16
2021-06-17 10:27:36,B,1076.3,1,1
2021-06-17 10:27:36,B,1075.95,1,3
2021-06-17 10:27:36,B,1075.9,1,6
2021-06-17 10:27:36,B,1075.85,1,27
2021-06-17 10:27:47,S,1077.0,2,102
2021-06-17 10:27:47,S,1077.2,2,4
2021-06-17 10:27:47,S,1077.4,2,11
2021-06-17 10:27:47,S,1077.7,2,5
2021-06-17 10:27:47,S,1077.75,1,8
2021-06-17 10:27:47,B,1076.35,1,5
2021-06-17 10:27:47,B,1076.0,1,1
2021-06-17 10:27:47,B,1075.95,1,3
2021-06-17 10:27:47,B,1075.8,1,2
2021-06-17 10:27:47,B,1075.65,1,3
2021-06-17 10:27:49,S,1077.0,2,102
2021-06-17 10:27:49,S,1077.2,2,4
2021-06-17 10:27:49,S,1077.4,2,11
2021-06-17 10:27:49,S,1077.7,2,5
2021-06-17 10:27:49,S,1077.75,1,8
2021-06-17 10:27:49,B,1076.35,1,5
2021-06-17 10:27:49,B,1076.0,1,1
2021-06-17 10:27:49,B,1075.95,1,3
2021-06-17 10:27:49,B,1075.8,1,2
2021-06-17 10:27:49,B,1075.65,1,3
2021-06-17 10:27:50,S,1077.0,2,102
2021-06-17 10:27:50,S,1077.2,2,4
2021-06-17 10:27:50,S,1077.4,2,11
2021-06-17 10:27:50,S,1077.7,2,5
2021-06-17 10:27:50,S,1077.75,1,8
2021-06-17 10:27:50,B,1076.35,1,5
2021-06-17 10:27:50,B,1076.0,1,1
2021-06-17 10:27:50,B,1075.95,1,3
2021-06-17 10:27:50,B,1075.8,1,2
2021-06-17 10:27:50,B,1075.65,1,3
2021-06-17 10:27:51,S,1077.0,2,102
2021-06-17 10:27:51,S,1077.2,2,4
2021-06-17 10:27:51,S,1077.4,2,11
2021-06-17 10:27:51,S,1077.7,2,5
2021-06-17 10:27:51,S,1077.75,1,8
2021-06-17 10:27:51,B,1076.35,1,5
2021-06-17 10:27:51,B,1076.0,1,1
2021-06-17 10:27:51,B,1075.95,1,3
2021-06-17 10:27:51,B,1075.8,1,2
2021-06-17 10:27:51,B,1075.65,1,3
2021-06-17 10:27:52,S,1077.0,2,96
2021-06-17 10:27:52,S,1077.4,2,11
2021-06-17 10:27:52,S,1077.7,2,5
2021-06-17 10:27:52,S,1077.75,1,8
2021-06-17 10:27:52,S,1077.9,2,3
2021-06-17 10:27:52,B,1076.0,1,1
2021-06-17 10:27:52,B,1075.95,1,3
2021-06-17 10:27:52,B,1075.8,1,2
2021-06-17 10:27:52,B,1075.65,1,3
2021-06-17 10:27:52,B,1075.6,1,10
2021-06-17 10:28:08,S,1077.0,2,96
2021-06-17 10:28:08,S,1077.4,2,11
2021-06-17 10:28:08,S,1077.7,2,5
2021-06-17 10:28:08,S,1077.75,1,8
2021-06-17 10:28:08,S,1077.9,2,3
2021-06-17 10:28:08,B,1076.0,1,1
2021-06-17 10:28:08,B,1075.95,1,3
2021-06-17 10:28:08,B,1075.8,1,2
2021-06-17 10:28:08,B,1075.65,1,3
2021-06-17 10:28:08,B,1075.6,1,10
2021-06-17 10:28:20,S,1077.0,2,96
2021-06-17 10:28:20,S,1077.4,2,11
2021-06-17 10:28:20,S,1077.7,2,5
2021-06-17 10:28:20,S,1077.75,1,8
2021-06-17 10:28:20,S,1077.9,2,3
2021-06-17 10:28:20,B,1076.0,1,1
2021-06-17 10:28:20,B,1075.95,1,3
2021-06-17 10:28:20,B,1075.8,1,2
2021-06-17 10:28:20,B,1075.65,1,3
2021-06-17 10:28:20,B,1075.6,1,10
2021-06-17 10:28:31,S,1077.0,2,96
2021-06-17 10:28:31,S,1077.4,2,11
2021-06-17 10:28:31,S,1077.7,2,5
2021-06-17 10:28:31,S,1077.75,1,8
2021-06-17 10:28:31,S,1077.9,2,3
2021-06-17 10:28:31,B,1076.0,1,1
2021-06-17 10:28:31,B,1075.95,1,3
2021-06-17 10:28:31,B,1075.8,1,2
2021-06-17 10:28:31,B,1075.65,1,3
2021-06-17 10:28:31,B,1075.6,1,10
2021-06-17 10:28:31,S,1077.0,2,93
2021-06-17 10:28:31,S,1077.4,2,11
2021-06-17 10:28:31,S,1077.7,2,5
2021-06-17 10:28:31,S,1077.75,1,8
2021-06-17 10:28:31,S,1077.9,2,3
2021-06-17 10:28:31,B,1076.0,1,1
2021-06-17 10:28:31,B,1075.95,1,3
2021-06-17 10:28:31,B,1075.8,1,2
2021-06-17 10:28:31,B,1075.65,1,3
2021-06-17 10:28:31,B,1075.6,1,10
2021-06-17 10:28:46,S,1077.0,2,93
2021-06-17 10:28:46,S,1077.4,2,11
2021-06-17 10:28:46,S,1077.7,2,5
2021-06-17 10:28:46,S,1077.75,1,8
2021-06-17 10:28:46,S,1077.9,2,3
2021-06-17 10:28:46,B,1076.0,1,1
2021-06-17 10:28:46,B,1075.95,1,3
2021-06-17 10:28:46,B,1075.8,1,2
2021-06-17 10:28:46,B,1075.65,1,3
2021-06-17 10:28:46,B,1075.6,1,10
2021-06-17 10:28:50,S,1077.0,2,93
2021-06-17 10:28:50,S,1077.4,2,11
2021-06-17 10:28:50,S,1077.7,2,5
2021-06-17 10:28:50,S,1077.75,1,8
2021-06-17 10:28:50,S,1077.9,2,3
2021-06-17 10:28:50,B,1076.0,1,1
2021-06-17 10:28:50,B,1075.95,1,3
2021-06-17 10:28:50,B,1075.8,1,2
2021-06-17 10:28:50,B,1075.65,1,3
2021-06-17 10:28:50,B,1075.6,1,10
2021-06-17 10:28:58,S,1077.0,2,93
2021-06-17 10:28:58,S,1077.4,2,11
2021-06-17 10:28:58,S,1077.7,2,5
2021-06-17 10:28:58,S,1077.75,1,8
2021-06-17 10:28:58,S,1077.9,2,3
2021-06-17 10:28:58,B,1076.0,1,1
2021-06-17 10:28:58,B,1075.95,1,3
2021-06-17 10:28:58,B,1075.8,1,2
2021-06-17 10:28:58,B,1075.65,1,3
2021-06-17 10:28:58,B,1075.6,1,10
2021-06-17 10:28:59,S,1077.0,2,73
2021-06-17 10:28:59,S,1077.4,2,11
2021-06-17 10:28:59,S,1077.75,1,8
2021-06-17 10:28:59,S,1077.9,2,3
2021-06-17 10:28:59,S,1078.45,2,12
2021-06-17 10:28:59,B,1076.05,1,2
2021-06-17 10:28:59,B,1076.0,1,1
2021-06-17 10:28:59,B,1075.95,1,3
2021-06-17 10:28:59,B,1075.65,1,3
2021-06-17 10:28:59,B,1075.6,1,10
2021-06-17 10:29:33,S,1077.0,2,73
2021-06-17 10:29:33,S,1077.4,2,4
2021-06-17 10:29:33,S,1077.5,1,10
2021-06-17 10:29:33,S,1077.75,2,11
2021-06-17 10:29:33,S,1077.9,2,3
2021-06-17 10:29:33,B,1076.05,1,2
2021-06-17 10:29:33,B,1076.0,1,1
2021-06-17 10:29:33,B,1075.95,1,3
2021-06-17 10:29:33,B,1075.65,1,3
2021-06-17 10:29:33,B,1075.6,1,10
2021-06-17 10:29:40,S,1077.0,3,75
2021-06-17 10:29:40,S,1077.25,2,11
2021-06-17 10:29:40,S,1077.3,2,11
2021-06-17 10:29:40,S,1077.4,2,4
2021-06-17 10:29:40,S,1077.55,1,9
2021-06-17 10:29:40,B,1075.55,1,1
2021-06-17 10:29:40,B,1075.5,1,7
2021-06-17 10:29:40,B,1075.45,2,13
2021-06-17 10:29:40,B,1075.4,2,9
2021-06-17 10:29:40,B,1075.35,1,7
2021-06-17 10:29:42,S,1077.0,3,75
2021-06-17 10:29:42,S,1077.3,2,11
2021-06-17 10:29:42,S,1077.4,2,4
2021-06-17 10:29:42,S,1077.7,1,2
2021-06-17 10:29:42,S,1077.75,2,11
2021-06-17 10:29:42,B,1075.55,2,11
2021-06-17 10:29:42,B,1075.5,1,7
2021-06-17 10:29:42,B,1075.45,2,13
2021-06-17 10:29:42,B,1075.4,2,9
2021-06-17 10:29:42,B,1075.35,1,7
2021-06-17 10:29:51,S,1077.0,2,73
2021-06-17 10:29:51,S,1077.3,2,11
2021-06-17 10:29:51,S,1077.4,2,4
2021-06-17 10:29:51,S,1077.7,1,2
2021-06-17 10:29:51,S,1077.75,2,11
2021-06-17 10:29:51,B,1075.55,2,11
2021-06-17 10:29:51,B,1075.5,1,7
2021-06-17 10:29:51,B,1075.45,2,13
2021-06-17 10:29:51,B,1075.4,2,9
2021-06-17 10:29:51,B,1075.35,1,7
2021-06-17 10:30:00,S,1077.0,3,75
2021-06-17 10:30:00,S,1077.3,2,11
2021-06-17 10:30:00,S,1077.4,2,4
2021-06-17 10:30:00,S,1077.7,1,2
2021-06-17 10:30:00,S,1077.75,2,11
2021-06-17 10:30:00,B,1075.55,2,11
2021-06-17 10:30:00,B,1075.5,1,7
2021-06-17 10:30:00,B,1075.45,2,13
2021-06-17 10:30:00,B,1075.4,2,9
2021-06-17 10:30:00,B,1075.35,1,7
2021-06-17 10:30:06,S,1076.95,1,1
2021-06-17 10:30:06,S,1077.0,3,75
2021-06-17 10:30:06,S,1077.3,2,11
2021-06-17 10:30:06,S,1077.4,2,4
2021-06-17 10:30:06,S,1077.7,1,2
2021-06-17 10:30:06,B,1075.6,1,1
2021-06-17 10:30:06,B,1075.55,1,6
2021-06-17 10:30:06,B,1075.5,1,7
2021-06-17 10:30:06,B,1075.45,2,13
2021-06-17 10:30:06,B,1075.4,2,9
2021-06-17 10:30:08,S,1076.95,1,1
2021-06-17 10:30:08,S,1077.0,3,75
2021-06-17 10:30:08,S,1077.3,2,11
2021-06-17 10:30:08,S,1077.4,2,4
2021-06-17 10:30:08,S,1077.7,1,2
2021-06-17 10:30:08,B,1075.6,1,1
2021-06-17 10:30:08,B,1075.55,1,6
2021-06-17 10:30:08,B,1075.5,1,7
2021-06-17 10:30:08,B,1075.45,2,13
2021-06-17 10:30:08,B,1075.4,2,9
2021-06-17 10:30:30,S,1076.95,2,2
2021-06-17 10:30:30,S,1077.0,3,75
2021-06-17 10:30:30,S,1077.1,1,9
2021-06-17 10:30:30,S,1077.3,2,11
2021-06-17 10:30:30,S,1077.4,2,4
2021-06-17 10:30:30,B,1075.6,1,1
2021-06-17 10:30:30,B,1075.55,1,6
2021-06-17 10:30:30,B,1075.5,1,7
2021-06-17 10:30:30,B,1075.45,2,13
2021-06-17 10:30:30,B,1075.4,2,9
2021-06-17 10:30:34,S,1076.35,1,1
2021-06-17 10:30:34,S,1076.4,1,10
2021-06-17 10:30:34,S,1076.45,1,1
2021-06-17 10:30:34,S,1076.5,1,3
2021-06-17 10:30:34,S,1076.55,1,1
2021-06-17 10:30:34,B,1075.3,1,3
2021-06-17 10:30:34,B,1075.25,1,7
2021-06-17 10:30:34,B,1075.1,1,7
2021-06-17 10:30:34,B,1075.05,1,6
2021-06-17 10:30:34,B,1075.0,4,169
2021-06-17 10:30:36,S,1076.4,3,12
2021-06-17 10:30:36,S,1076.45,1,1
2021-06-17 10:30:36,S,1076.55,1,1
2021-06-17 10:30:36,S,1076.6,1,1
2021-06-17 10:30:36,S,1076.9,2,8
2021-06-17 10:30:36,B,1075.25,1,7
2021-06-17 10:30:36,B,1075.1,1,7
2021-06-17 10:30:36,B,1075.05,1,6
2021-06-17 10:30:36,B,1075.0,4,169
2021-06-17 10:30:36,B,1074.6,1,5
2021-06-17 10:30:38,S,1076.4,4,15
2021-06-17 10:30:38,S,1076.75,2,4
2021-06-17 10:30:38,S,1076.9,2,8
2021-06-17 10:30:38,S,1076.95,3,6
2021-06-17 10:30:38,S,1077.0,3,75
2021-06-17 10:30:38,B,1075.25,1,7
2021-06-17 10:30:38,B,1075.1,1,7
2021-06-17 10:30:38,B,1075.0,4,169
2021-06-17 10:30:38,B,1074.8,1,9
2021-06-17 10:30:38,B,1074.6,1,5
2021-06-17 10:30:40,S,1076.4,4,15
2021-06-17 10:30:40,S,1076.75,2,4
2021-06-17 10:30:40,S,1076.9,2,8
2021-06-17 10:30:40,S,1076.95,3,6
2021-06-17 10:30:40,S,1077.0,3,75
2021-06-17 10:30:40,B,1075.25,1,7
2021-06-17 10:30:40,B,1075.1,1,7
2021-06-17 10:30:40,B,1075.0,4,169
2021-06-17 10:30:40,B,1074.8,1,9
2021-06-17 10:30:40,B,1074.6,1,5
2021-06-17 10:30:46,S,1076.4,3,14
2021-06-17 10:30:46,S,1076.75,2,4
2021-06-17 10:30:46,S,1076.9,2,8
2021-06-17 10:30:46,S,1076.95,3,6
2021-06-17 10:30:46,S,1077.0,3,75
2021-06-17 10:30:46,B,1075.25,1,7
2021-06-17 10:30:46,B,1075.1,1,7
2021-06-17 10:30:46,B,1075.0,4,169
2021-06-17 10:30:46,B,1074.8,1,9
2021-06-17 10:30:46,B,1074.6,1,5
2021-06-17 10:30:58,S,1076.4,3,14
2021-06-17 10:30:58,S,1076.75,2,4
2021-06-17 10:30:58,S,1076.9,2,8
2021-06-17 10:30:58,S,1076.95,3,6
2021-06-17 10:30:58,S,1077.0,3,75
2021-06-17 10:30:58,B,1075.25,1,7
2021-06-17 10:30:58,B,1075.1,1,7
2021-06-17 10:30:58,B,1075.0,4,169
2021-06-17 10:30:58,B,1074.8,1,9
2021-06-17 10:30:58,B,1074.6,1,5
2021-06-17 10:30:58,S,1076.4,3,14
2021-06-17 10:30:58,S,1076.75,2,4
2021-06-17 10:30:58,S,1076.9,2,8
2021-06-17 10:30:58,S,1076.95,3,6
2021-06-17 10:30:58,S,1077.0,3,75
2021-06-17 10:30:58,B,1075.25,1,7
2021-06-17 10:30:58,B,1075.1,1,7
2021-06-17 10:30:58,B,1075.0,4,169
2021-06-17 10:30:58,B,1074.8,1,9
2021-06-17 10:30:58,B,1074.6,1,5
2021-06-17 10:31:00,S,1076.4,3,14
2021-06-17 10:31:00,S,1076.75,2,4
2021-06-17 10:31:00,S,1076.9,2,8
2021-06-17 10:31:00,S,1076.95,3,6
2021-06-17 10:31:00,S,1077.0,3,75
2021-06-17 10:31:00,B,1075.25,1,2
2021-06-17 10:31:00,B,1075.1,1,7
2021-06-17 10:31:00,B,1075.0,4,169
2021-06-17 10:31:00,B,1074.8,1,9
2021-06-17 10:31:00,B,1074.6,1,5
2021-06-17 10:31:17,S,1075.95,1,1
2021-06-17 10:31:17,S,1076.0,1,108
2021-06-17 10:31:17,S,1076.35,1,2
2021-06-17 10:31:17,S,1076.4,3,14
2021-06-17 10:31:17,S,1076.75,2,4
2021-06-17 10:31:17,B,1075.1,1,7
2021-06-17 10:31:17,B,1075.0,4,169
2021-06-17 10:31:17,B,1074.6,2,6
2021-06-17 10:31:17,B,1074.55,1,3
2021-06-17 10:31:17,B,1074.5,1,6
2021-06-17 10:31:19,S,1075.95,1,1
2021-06-17 10:31:19,S,1076.0,1,108
2021-06-17 10:31:19,S,1076.35,1,2
2021-06-17 10:31:19,S,1076.4,3,14
2021-06-17 10:31:19,S,1076.75,2,4
2021-06-17 10:31:19,B,1075.1,1,7
2021-06-17 10:31:19,B,1075.0,4,169
2021-06-17 10:31:19,B,1074.6,2,6
2021-06-17 10:31:19,B,1074.55,1,3
2021-06-17 10:31:19,B,1074.5,1,6
2021-06-17 10:31:44,S,1075.95,1,1
2021-06-17 10:31:44,S,1076.0,1,108
2021-06-17 10:31:44,S,1076.35,2,13
2021-06-17 10:31:44,S,1076.4,3,14
2021-06-17 10:31:44,S,1076.65,1,11
2021-06-17 10:31:44,B,1075.1,1,7
2021-06-17 10:31:44,B,1075.0,4,169
2021-06-17 10:31:44,B,1074.6,2,6
2021-06-17 10:31:44,B,1074.55,1,3
2021-06-17 10:31:44,B,1074.45,1,3
2021-06-17 10:31:47,S,1075.95,1,1
2021-06-17 10:31:47,S,1076.0,1,108
2021-06-17 10:31:47,S,1076.35,1,2
2021-06-17 10:31:47,S,1076.4,3,14
2021-06-17 10:31:47,S,1076.65,1,11
2021-06-17 10:31:47,B,1075.1,1,7
2021-06-17 10:31:47,B,1075.0,4,169
2021-06-17 10:31:47,B,1074.6,2,6
2021-06-17 10:31:47,B,1074.55,1,3
2021-06-17 10:31:47,B,1074.45,1,3
2021-06-17 10:31:51,S,1075.95,1,1
2021-06-17 10:31:51,S,1076.0,1,108
2021-06-17 10:31:51,S,1076.35,1,2
2021-06-17 10:31:51,S,1076.4,3,14
2021-06-17 10:31:51,S,1076.65,1,11
2021-06-17 10:31:51,B,1075.1,1,7
2021-06-17 10:31:51,B,1075.0,4,169
2021-06-17 10:31:51,B,1074.6,2,6
2021-06-17 10:31:51,B,1074.55,1,3
2021-06-17 10:31:51,B,1074.45,1,3
2021-06-17 10:32:04,S,1075.95,1,1
2021-06-17 10:32:04,S,1076.0,1,108
2021-06-17 10:32:04,S,1076.35,1,2
2021-06-17 10:32:04,S,1076.4,3,14
2021-06-17 10:32:04,S,1076.65,1,11
2021-06-17 10:32:04,B,1075.1,1,7
2021-06-17 10:32:04,B,1075.0,4,169
2021-06-17 10:32:04,B,1074.6,2,6
2021-06-17 10:32:04,B,1074.55,1,3
2021-06-17 10:32:04,B,1074.45,1,3
2021-06-17 10:32:06,S,1075.95,1,1
2021-06-17 10:32:06,S,1076.0,1,108
2021-06-17 10:32:06,S,1076.35,1,2
2021-06-17 10:32:06,S,1076.4,3,14
2021-06-17 10:32:06,S,1076.65,1,11
2021-06-17 10:32:06,B,1075.1,1,7
2021-06-17 10:32:06,B,1075.0,4,169
2021-06-17 10:32:06,B,1074.6,2,6
2021-06-17 10:32:06,B,1074.55,1,3
2021-06-17 10:32:06,B,1074.45,1,3
2021-06-17 10:32:07,S,1075.1,1,43
2021-06-17 10:32:07,S,1075.7,1,3
2021-06-17 10:32:07,S,1075.8,1,1
2021-06-17 10:32:07,S,1075.85,1,10
2021-06-17 10:32:07,S,1075.9,1,2
2021-06-17 10:32:07,B,1075.0,4,169
2021-06-17 10:32:07,B,1074.6,1,5
2021-06-17 10:32:07,B,1074.55,1,3
2021-06-17 10:32:07,B,1074.45,1,3
2021-06-17 10:32:07,B,1074.15,1,9
2021-06-17 10:32:28,S,1075.1,1,43
2021-06-17 10:32:28,S,1075.7,1,3
2021-06-17 10:32:28,S,1075.8,1,1
2021-06-17 10:32:28,S,1075.85,1,10
2021-06-17 10:32:28,S,1075.9,1,2
2021-06-17 10:32:28,B,1075.0,4,169
2021-06-17 10:32:28,B,1074.6,1,5
2021-06-17 10:32:28,B,1074.55,1,3
2021-06-17 10:32:28,B,1074.45,1,3
2021-06-17 10:32:28,B,1074.15,1,9
2021-06-17 10:32:33,S,1075.1,1,43
2021-06-17 10:32:33,S,1075.7,1,3
2021-06-17 10:32:33,S,1075.8,1,1
2021-06-17 10:32:33,S,1075.85,1,10
2021-06-17 10:32:33,S,1075.9,1,2
2021-06-17 10:32:33,B,1075.0,4,169
2021-06-17 10:32:33,B,1074.6,1,5
2021-06-17 10:32:33,B,1074.55,1,3
2021-06-17 10:32:33,B,1074.45,1,3
2021-06-17 10:32:33,B,1074.15,1,9
2021-06-17 10:32:35,S,1075.1,1,43
2021-06-17 10:32:35,S,1075.7,1,3
2021-06-17 10:32:35,S,1075.8,1,1
2021-06-17 10:32:35,S,1075.85,1,10
2021-06-17 10:32:35,S,1075.9,1,2
2021-06-17 10:32:35,B,1075.0,4,169
2021-06-17 10:32:35,B,1074.6,1,5
2021-06-17 10:32:35,B,1074.55,1,3
2021-06-17 10:32:35,B,1074.45,1,3
2021-06-17 10:32:35,B,1074.15,1,9
2021-06-17 10:32:36,S,1075.1,1,20
2021-06-17 10:32:36,S,1075.2,1,2
2021-06-17 10:32:36,S,1075.5,1,9
2021-06-17 10:32:36,S,1075.55,1,1
2021-06-17 10:32:36,S,1075.6,1,24
2021-06-17 10:32:36,B,1075.0,1,72
2021-06-17 10:32:36,B,1074.6,1,5
2021-06-17 10:32:36,B,1073.55,2,5
2021-06-17 10:32:36,B,1073.3,1,4
2021-06-17 10:32:36,B,1073.05,2,4
2021-06-17 10:32:40,S,1075.1,1,20
2021-06-17 10:32:40,S,1075.2,1,2
2021-06-17 10:32:40,S,1075.55,1,1
2021-06-17 10:32:40,S,1075.6,1,24
2021-06-17 10:32:40,S,1075.65,1,10
2021-06-17 10:32:40,B,1075.0,1,72
2021-06-17 10:32:40,B,1074.6,1,5
2021-06-17 10:32:40,B,1074.25,1,3
2021-06-17 10:32:40,B,1074.0,1,3
2021-06-17 10:32:40,B,1073.95,1,9
2021-06-17 10:32:43,S,1075.1,1,20
2021-06-17 10:32:43,S,1075.2,1,2
2021-06-17 10:32:43,S,1075.55,1,1
2021-06-17 10:32:43,S,1075.6,1,24
2021-06-17 10:32:43,S,1075.65,1,10
2021-06-17 10:32:43,B,1075.0,1,72
2021-06-17 10:32:43,B,1074.6,1,5
2021-06-17 10:32:43,B,1074.25,1,3
2021-06-17 10:32:43,B,1074.0,1,3
2021-06-17 10:32:43,B,1073.95,1,9
2021-06-17 10:32:47,S,1075.1,1,20
2021-06-17 10:32:47,S,1075.2,1,2
2021-06-17 10:32:47,S,1075.55,1,1
2021-06-17 10:32:47,S,1075.6,1,24
2021-06-17 10:32:47,S,1075.65,1,10
2021-06-17 10:32:47,B,1075.0,1,72
2021-06-17 10:32:47,B,1074.6,1,5
2021-06-17 10:32:47,B,1074.25,1,3
2021-06-17 10:32:47,B,1074.0,1,3
2021-06-17 10:32:47,B,1073.55,2,5
2021-06-17 10:32:49,S,1075.1,1,20
2021-06-17 10:32:49,S,1075.2,1,2
2021-06-17 10:32:49,S,1075.55,1,1
2021-06-17 10:32:49,S,1075.6,1,24
2021-06-17 10:32:49,S,1075.65,1,10
2021-06-17 10:32:49,B,1075.0,1,72
2021-06-17 10:32:49,B,1074.6,1,5
2021-06-17 10:32:49,B,1074.25,2,4
2021-06-17 10:32:49,B,1074.05,1,9
2021-06-17 10:32:49,B,1074.0,1,3
2021-06-17 10:32:51,S,1075.1,1,20
2021-06-17 10:32:51,S,1075.2,1,2
2021-06-17 10:32:51,S,1075.55,1,1
2021-06-17 10:32:51,S,1075.6,1,24
2021-06-17 10:32:51,S,1075.65,1,10
2021-06-17 10:32:51,B,1075.0,1,72
2021-06-17 10:32:51,B,1074.6,1,5
2021-06-17 10:32:51,B,1074.25,2,4
2021-06-17 10:32:51,B,1074.05,1,9
2021-06-17 10:32:51,B,1074.0,1,3
2021-06-17 10:32:55,S,1075.1,1,20
2021-06-17 10:32:55,S,1075.2,1,2
2021-06-17 10:32:55,S,1075.55,1,1
2021-06-17 10:32:55,S,1075.6,1,24
2021-06-17 10:32:55,S,1075.65,1,10
2021-06-17 10:32:55,B,1075.0,1,72
2021-06-17 10:32:55,B,1074.6,1,5
2021-06-17 10:32:55,B,1074.25,2,4
2021-06-17 10:32:55,B,1074.05,1,9
2021-06-17 10:32:55,B,1074.0,1,3
2021-06-17 10:32:56,S,1075.05,1,2
2021-06-17 10:32:56,S,1075.1,1,20
2021-06-17 10:32:56,S,1075.55,2,3
2021-06-17 10:32:56,S,1075.7,2,4
2021-06-17 10:32:56,S,1075.85,1,10
2021-06-17 10:32:56,B,1075.0,2,27
2021-06-17 10:32:56,B,1074.6,1,5
2021-06-17 10:32:56,B,1074.05,2,10
2021-06-17 10:32:56,B,1073.6,1,9
2021-06-17 10:32:56,B,1073.55,2,5
2021-06-17 10:32:58,S,1075.05,1,2
2021-06-17 10:32:58,S,1075.1,1,20
2021-06-17 10:32:58,S,1075.55,2,3
2021-06-17 10:32:58,S,1075.7,2,4
2021-06-17 10:32:58,S,1075.85,1,10
2021-06-17 10:32:58,B,1075.0,2,27
2021-06-17 10:32:58,B,1074.6,1,5
2021-06-17 10:32:58,B,1074.15,2,4
2021-06-17 10:32:58,B,1074.05,2,10
2021-06-17 10:32:58,B,1073.9,1,3
2021-06-17 10:33:07,S,1075.05,1,2
2021-06-17 10:33:07,S,1075.1,1,20
2021-06-17 10:33:07,S,1075.55,2,3
2021-06-17 10:33:07,S,1075.7,2,4
2021-06-17 10:33:07,S,1075.85,1,10
2021-06-17 10:33:07,B,1075.0,3,28
2021-06-17 10:33:07,B,1074.6,1,5
2021-06-17 10:33:07,B,1074.15,2,4
2021-06-17 10:33:07,B,1074.05,2,10
2021-06-17 10:33:07,B,1073.9,1,3
2021-06-17 10:33:11,S,1075.6,1,2
2021-06-17 10:33:11,S,1075.65,2,3
2021-06-17 10:33:11,S,1075.7,2,4
2021-06-17 10:33:11,S,1075.95,1,9
2021-06-17 10:33:11,S,1076.0,2,111
2021-06-17 10:33:11,B,1075.0,3,28
2021-06-17 10:33:11,B,1074.6,1,5
2021-06-17 10:33:11,B,1074.15,2,4
2021-06-17 10:33:11,B,1074.05,2,10
2021-06-17 10:33:11,B,1073.9,1,3
2021-06-17 10:33:17,S,1075.6,1,2
2021-06-17 10:33:17,S,1075.65,1,1
2021-06-17 10:33:17,S,1075.7,1,3
2021-06-17 10:33:17,S,1076.0,2,111
2021-06-17 10:33:17,S,1076.1,1,10
2021-06-17 10:33:17,B,1075.0,3,28
2021-06-17 10:33:17,B,1074.6,1,5
2021-06-17 10:33:17,B,1074.15,2,4
2021-06-17 10:33:17,B,1074.05,2,10
2021-06-17 10:33:17,B,1073.9,1,3
2021-06-17 10:33:24,S,1075.6,1,2
2021-06-17 10:33:24,S,1075.65,1,1
2021-06-17 10:33:24,S,1075.7,1,3
2021-06-17 10:33:24,S,1076.0,2,111
2021-06-17 10:33:24,S,1076.1,1,10
2021-06-17 10:33:24,B,1075.0,3,28
2021-06-17 10:33:24,B,1074.6,1,5
2021-06-17 10:33:24,B,1074.15,2,4
2021-06-17 10:33:24,B,1074.05,2,10
2021-06-17 10:33:24,B,1073.9,1,3
2021-06-17 10:33:25,S,1075.6,1,2
2021-06-17 10:33:25,S,1075.65,1,1
2021-06-17 10:33:25,S,1075.7,1,3
2021-06-17 10:33:25,S,1075.95,1,10
2021-06-17 10:33:25,S,1076.0,2,111
2021-06-17 10:33:25,B,1075.0,2,23
2021-06-17 10:33:25,B,1074.6,1,5
2021-06-17 10:33:25,B,1074.3,1,10
2021-06-17 10:33:25,B,1074.15,2,4
2021-06-17 10:33:25,B,1073.9,1,3
2021-06-17 10:33:27,S,1075.6,1,2
2021-06-17 10:33:27,S,1075.65,1,1
2021-06-17 10:33:27,S,1075.7,1,3
2021-06-17 10:33:27,S,1075.95,1,10
2021-06-17 10:33:27,S,1076.0,2,111
2021-06-17 10:33:27,B,1075.0,2,23
2021-06-17 10:33:27,B,1074.6,1,5
2021-06-17 10:33:27,B,1074.3,1,10
2021-06-17 10:33:27,B,1074.15,2,4
2021-06-17 10:33:27,B,1073.9,1,3
2021-06-17 10:33:27,S,1075.55,1,1
2021-06-17 10:33:27,S,1075.6,2,3
2021-06-17 10:33:27,S,1075.7,1,3
2021-06-17 10:33:27,S,1075.95,1,10
2021-06-17 10:33:27,S,1076.0,2,111
2021-06-17 10:33:27,B,1075.0,2,3
2021-06-17 10:33:27,B,1074.6,1,5
2021-06-17 10:33:27,B,1073.65,1,1
2021-06-17 10:33:27,B,1073.55,2,5
2021-06-17 10:33:27,B,1073.3,1,4
2021-06-17 10:33:28,S,1075.55,1,1
2021-06-17 10:33:28,S,1075.6,2,3
2021-06-17 10:33:28,S,1075.7,1,3
2021-06-17 10:33:28,S,1075.95,1,10
2021-06-17 10:33:28,S,1076.0,2,111
2021-06-17 10:33:28,B,1075.0,2,3
2021-06-17 10:33:28,B,1074.6,1,5
2021-06-17 10:33:28,B,1073.65,1,1
2021-06-17 10:33:28,B,1073.55,2,5
2021-06-17 10:33:28,B,1073.3,1,4
2021-06-17 10:33:30,S,1075.2,1,2
2021-06-17 10:33:30,S,1075.25,1,3
2021-06-17 10:33:30,S,1075.7,2,4
2021-06-17 10:33:30,S,1075.75,1,4
2021-06-17 10:33:30,S,1076.0,2,111
2021-06-17 10:33:30,B,1075.0,1,65
2021-06-17 10:33:30,B,1074.6,1,5
2021-06-17 10:33:30,B,1074.1,1,10
2021-06-17 10:33:30,B,1073.65,2,2
2021-06-17 10:33:30,B,1073.55,2,5
2021-06-17 10:33:33,S,1075.2,1,2
2021-06-17 10:33:33,S,1075.25,1,3
2021-06-17 10:33:33,S,1075.7,2,4
2021-06-17 10:33:33,S,1075.75,1,4
2021-06-17 10:33:33,S,1075.95,1,10
2021-06-17 10:33:33,B,1075.0,1,65
2021-06-17 10:33:33,B,1074.6,1,5
2021-06-17 10:33:33,B,1074.35,1,3
2021-06-17 10:33:33,B,1074.1,2,13
2021-06-17 10:33:33,B,1073.65,2,2
2021-06-17 10:34:04,S,1075.2,1,2
2021-06-17 10:34:04,S,1075.25,1,3
2021-06-17 10:34:04,S,1075.7,2,4
2021-06-17 10:34:04,S,1075.75,1,4
2021-06-17 10:34:04,S,1075.95,1,10
2021-06-17 10:34:04,B,1075.0,1,65
2021-06-17 10:34:04,B,1074.6,1,5
2021-06-17 10:34:04,B,1074.35,1,3
2021-06-17 10:34:04,B,1074.1,2,13
2021-06-17 10:34:04,B,1073.65,2,2
2021-06-17 10:34:04,S,1075.65,1,2
2021-06-17 10:34:04,S,1075.7,1,3
2021-06-17 10:34:04,S,1075.9,1,1
2021-06-17 10:34:04,S,1075.95,1,10
2021-06-17 10:34:04,S,1076.0,2,111
2021-06-17 10:34:04,B,1075.0,2,36
2021-06-17 10:34:04,B,1074.6,1,5
2021-06-17 10:34:04,B,1074.1,1,10
2021-06-17 10:34:04,B,1073.85,1,3
2021-06-17 10:34:04,B,1073.65,2,2
2021-06-17 10:34:09,S,1075.65,1,2
2021-06-17 10:34:09,S,1075.7,1,3
2021-06-17 10:34:09,S,1075.9,1,1
2021-06-17 10:34:09,S,1075.95,1,10
2021-06-17 10:34:09,S,1076.0,2,111
2021-06-17 10:34:09,B,1075.0,2,36
2021-06-17 10:34:09,B,1074.6,1,5
2021-06-17 10:34:09,B,1074.1,1,10
2021-06-17 10:34:09,B,1073.85,1,3
2021-06-17 10:34:09,B,1073.65,2,2
2021-06-17 10:34:21,S,1075.65,1,2
2021-06-17 10:34:21,S,1075.7,1,3
2021-06-17 10:34:21,S,1075.95,1,1
2021-06-17 10:34:21,S,1076.0,2,111
2021-06-17 10:34:21,S,1076.15,1,4
2021-06-17 10:34:21,B,1075.0,2,36
2021-06-17 10:34:21,B,1074.6,1,5
2021-06-17 10:34:21,B,1074.35,1,3
2021-06-17 10:34:21,B,1074.1,2,13
2021-06-17 10:34:21,B,1073.85,1,3
2021-06-17 10:34:22,S,1075.65,1,2
2021-06-17 10:34:22,S,1075.7,1,3
2021-06-17 10:34:22,S,1075.95,1,1
2021-06-17 10:34:22,S,1076.0,2,111
2021-06-17 10:34:22,S,1076.15,1,4
2021-06-17 10:34:22,B,1075.0,2,36
2021-06-17 10:34:22,B,1074.6,1,5
2021-06-17 10:34:22,B,1074.35,1,3
2021-06-17 10:34:22,B,1074.1,2,13
2021-06-17 10:34:22,B,1073.85,1,3
2021-06-17 10:34:24,S,1076.65,1,1
2021-06-17 10:34:24,S,1076.7,1,7
2021-06-17 10:34:24,S,1076.75,1,3
2021-06-17 10:34:24,S,1076.8,1,4
2021-06-17 10:34:24,S,1076.9,1,7
2021-06-17 10:34:24,B,1075.35,1,1
2021-06-17 10:34:24,B,1075.3,1,10
2021-06-17 10:34:24,B,1075.05,2,9
2021-06-17 10:34:24,B,1075.0,2,36
2021-06-17 10:34:24,B,1074.85,1,5
2021-06-17 10:34:26,S,1076.65,1,1
2021-06-17 10:34:26,S,1076.7,1,7
2021-06-17 10:34:26,S,1076.75,1,3
2021-06-17 10:34:26,S,1076.8,1,4
2021-06-17 10:34:26,S,1076.9,1,7
2021-06-17 10:34:26,B,1075.35,1,1
2021-06-17 10:34:26,B,1075.3,1,10
2021-06-17 10:34:26,B,1075.05,2,9
2021-06-17 10:34:26,B,1075.0,2,36
2021-06-17 10:34:26,B,1074.9,1,2
2021-06-17 10:34:30,S,1076.65,1,1
2021-06-17 10:34:30,S,1076.7,1,7
2021-06-17 10:34:30,S,1076.75,1,3
2021-06-17 10:34:30,S,1076.8,1,4
2021-06-17 10:34:30,S,1076.9,1,7
2021-06-17 10:34:30,B,1075.75,2,10
2021-06-17 10:34:30,B,1075.7,1,18
2021-06-17 10:34:30,B,1075.05,2,9
2021-06-17 10:34:30,B,1075.0,2,36
2021-06-17 10:34:30,B,1074.9,1,2
2021-06-17 10:34:31,S,1076.65,1,1
2021-06-17 10:34:31,S,1076.7,1,7
2021-06-17 10:34:31,S,1076.75,1,3
2021-06-17 10:34:31,S,1076.8,1,4
2021-06-17 10:34:31,S,1076.9,1,7
2021-06-17 10:34:31,B,1075.75,2,10
2021-06-17 10:34:31,B,1075.7,1,18
2021-06-17 10:34:31,B,1075.05,2,9
2021-06-17 10:34:31,B,1075.0,2,36
2021-06-17 10:34:31,B,1074.9,1,2
2021-06-17 10:34:31,S,1076.8,1,4
2021-06-17 10:34:31,S,1076.9,1,7
2021-06-17 10:34:31,S,1076.95,3,6
2021-06-17 10:34:31,S,1077.0,2,73
2021-06-17 10:34:31,S,1077.1,1,1
2021-06-17 10:34:31,B,1075.75,2,10
2021-06-17 10:34:31,B,1075.7,1,18
2021-06-17 10:34:31,B,1075.05,2,9
2021-06-17 10:34:31,B,1075.0,1,35
2021-06-17 10:34:31,B,1074.9,1,2
2021-06-17 10:34:42,S,1076.8,1,4
2021-06-17 10:34:42,S,1076.9,1,7
2021-06-17 10:34:42,S,1076.95,3,6
2021-06-17 10:34:42,S,1077.0,2,73
2021-06-17 10:34:42,S,1077.1,1,1
2021-06-17 10:34:42,B,1075.75,2,10
2021-06-17 10:34:42,B,1075.7,1,18
2021-06-17 10:34:42,B,1075.05,2,9
2021-06-17 10:34:42,B,1075.0,1,35
2021-06-17 10:34:42,B,1074.9,1,2
2021-06-17 10:34:46,S,1076.8,1,4
2021-06-17 10:34:46,S,1076.9,1,7
2021-06-17 10:34:46,S,1076.95,3,6
2021-06-17 10:34:46,S,1077.0,2,73
2021-06-17 10:34:46,S,1077.1,1,1
2021-06-17 10:34:46,B,1075.75,2,10
2021-06-17 10:34:46,B,1075.7,1,18
2021-06-17 10:34:46,B,1075.05,2,9
2021-06-17 10:34:46,B,1075.0,1,35
2021-06-17 10:34:46,B,1074.9,1,2
2021-06-17 10:34:48,S,1076.8,1,4
2021-06-17 10:34:48,S,1076.9,1,7
2021-06-17 10:34:48,S,1076.95,3,6
2021-06-17 10:34:48,S,1077.0,2,73
2021-06-17 10:34:48,S,1077.1,1,1
2021-06-17 10:34:48,B,1075.75,2,10
2021-06-17 10:34:48,B,1075.7,1,18
2021-06-17 10:34:48,B,1075.05,2,9
2021-06-17 10:34:48,B,1075.0,1,35
2021-06-17 10:34:48,B,1074.9,1,2
2021-06-17 10:34:49,S,1076.9,1,7
2021-06-17 10:34:49,S,1076.95,3,6
2021-06-17 10:34:49,S,1077.0,2,73
2021-06-17 10:34:49,S,1077.1,1,1
2021-06-17 10:34:49,S,1077.55,1,10
2021-06-17 10:34:49,B,1075.75,2,10
2021-06-17 10:34:49,B,1075.7,1,18
2021-06-17 10:34:49,B,1075.05,2,9
2021-06-17 10:34:49,B,1075.0,1,35
2021-06-17 10:34:49,B,1074.9,1,2
2021-06-17 10:34:57,S,1076.9,1,7
2021-06-17 10:34:57,S,1076.95,3,6
2021-06-17 10:34:57,S,1077.0,2,73
2021-06-17 10:34:57,S,1077.1,1,1
2021-06-17 10:34:57,S,1077.55,1,10
2021-06-17 10:34:57,B,1075.75,2,10
2021-06-17 10:34:57,B,1075.7,1,18
2021-06-17 10:34:57,B,1075.05,2,9
2021-06-17 10:34:57,B,1075.0,1,35
2021-06-17 10:34:57,B,1074.9,1,2
2021-06-17 10:35:03,S,1076.9,1,7
2021-06-17 10:35:03,S,1076.95,3,6
2021-06-17 10:35:03,S,1077.0,2,73
2021-06-17 10:35:03,S,1077.1,1,1
2021-06-17 10:35:03,S,1077.55,1,10
2021-06-17 10:35:03,B,1075.75,2,10
2021-06-17 10:35:03,B,1075.7,1,18
2021-06-17 10:35:03,B,1075.05,2,9
2021-06-17 10:35:03,B,1075.0,1,35
2021-06-17 10:35:03,B,1074.9,1,2
2021-06-17 10:35:05,S,1077.0,2,70
2021-06-17 10:35:05,S,1077.1,1,1
2021-06-17 10:35:05,S,1077.2,2,4
2021-06-17 10:35:05,S,1077.45,1,10
2021-06-17 10:35:05,S,1077.65,1,4
2021-06-17 10:35:05,B,1075.85,1,1
2021-06-17 10:35:05,B,1075.8,1,9
2021-06-17 10:35:05,B,1075.5,2,10
2021-06-17 10:35:05,B,1075.15,1,1
2021-06-17 10:35:05,B,1075.1,2,3
2021-06-17 10:35:09,S,1077.0,3,71
2021-06-17 10:35:09,S,1077.2,1,3
2021-06-17 10:35:09,S,1077.6,2,10
2021-06-17 10:35:09,S,1077.65,1,4
2021-06-17 10:35:09,S,1077.7,2,10
2021-06-17 10:35:09,B,1075.85,1,1
2021-06-17 10:35:09,B,1075.8,1,9
2021-06-17 10:35:09,B,1075.65,1,3
2021-06-17 10:35:09,B,1075.5,1,9
2021-06-17 10:35:09,B,1075.4,1,3
2021-06-17 10:35:12,S,1076.0,1,100
2021-06-17 10:35:12,S,1076.25,1,9
2021-06-17 10:35:12,S,1076.3,1,3
2021-06-17 10:35:12,S,1076.55,1,3
2021-06-17 10:35:12,S,1076.8,1,1
2021-06-17 10:35:12,B,1075.15,1,1
2021-06-17 10:35:12,B,1075.1,1,1
2021-06-17 10:35:12,B,1075.05,2,9
2021-06-17 10:35:12,B,1075.0,1,35
2021-06-17 10:35:12,B,1074.8,1,3
2021-06-17 10:35:18,S,1076.0,1,100
2021-06-17 10:35:18,S,1076.25,1,9
2021-06-17 10:35:18,S,1076.3,1,3
2021-06-17 10:35:18,S,1076.55,1,3
2021-06-17 10:35:18,S,1076.95,1,6
2021-06-17 10:35:18,B,1075.15,1,1
2021-06-17 10:35:18,B,1075.1,1,1
2021-06-17 10:35:18,B,1075.05,2,9
2021-06-17 10:35:18,B,1075.0,1,35
2021-06-17 10:35:18,B,1074.8,1,3
2021-06-17 10:35:24,S,1076.0,1,100
2021-06-17 10:35:24,S,1076.25,1,9
2021-06-17 10:35:24,S,1076.3,1,3
2021-06-17 10:35:24,S,1076.55,1,3
2021-06-17 10:35:24,S,1076.95,1,6
2021-06-17 10:35:24,B,1075.15,1,1
2021-06-17 10:35:24,B,1075.1,1,1
2021-06-17 10:35:24,B,1075.05,2,9
2021-06-17 10:35:24,B,1075.0,1,35
2021-06-17 10:35:24,B,1074.8,1,3
2021-06-17 10:35:33,S,1075.9,1,9
2021-06-17 10:35:33,S,1075.95,1,4
2021-06-17 10:35:33,S,1076.0,1,100
2021-06-17 10:35:33,S,1076.3,1,3
2021-06-17 10:35:33,S,1076.55,1,3
2021-06-17 10:35:33,B,1075.05,1,1
2021-06-17 10:35:33,B,1075.0,1,35
2021-06-17 10:35:33,B,1074.6,1,5
2021-06-17 10:35:33,B,1074.35,1,3
2021-06-17 10:35:33,B,1074.15,1,2
2021-06-17 10:35:33,S,1075.9,1,9
2021-06-17 10:35:33,S,1075.95,1,4
2021-06-17 10:35:33,S,1076.0,1,100
2021-06-17 10:35:33,S,1076.3,1,3
2021-06-17 10:35:33,S,1076.55,1,3
2021-06-17 10:35:33,B,1075.05,1,1
2021-06-17 10:35:33,B,1075.0,1,35
2021-06-17 10:35:33,B,1074.6,1,5
2021-06-17 10:35:33,B,1074.35,1,3
2021-06-17 10:35:33,B,1074.15,1,2
2021-06-17 10:35:34,S,1075.9,1,9
2021-06-17 10:35:34,S,1075.95,1,4
2021-06-17 10:35:34,S,1076.0,1,100
2021-06-17 10:35:34,S,1076.3,1,3
2021-06-17 10:35:34,S,1076.55,1,3
2021-06-17 10:35:34,B,1075.05,1,1
2021-06-17 10:35:34,B,1075.0,1,35
2021-06-17 10:35:34,B,1074.6,1,5
2021-06-17 10:35:34,B,1074.35,1,3
2021-06-17 10:35:34,B,1074.15,1,2
2021-06-17 10:35:35,S,1075.9,1,9
2021-06-17 10:35:35,S,1075.95,1,4
2021-06-17 10:35:35,S,1076.0,1,100
2021-06-17 10:35:35,S,1076.3,1,3
2021-06-17 10:35:35,S,1076.55,1,3
2021-06-17 10:35:35,B,1075.0,1,25
2021-06-17 10:35:35,B,1074.65,1,1
2021-06-17 10:35:35,B,1074.6,1,5
2021-06-17 10:35:35,B,1074.35,1,3
2021-06-17 10:35:35,B,1074.3,1,10
2021-06-17 10:35:43,S,1075.9,1,9
2021-06-17 10:35:43,S,1075.95,1,4
2021-06-17 10:35:43,S,1076.0,1,100
2021-06-17 10:35:43,S,1076.3,1,3
2021-06-17 10:35:43,S,1076.55,1,3
2021-06-17 10:35:43,B,1075.0,1,25
2021-06-17 10:35:43,B,1074.65,1,1
2021-06-17 10:35:43,B,1074.6,1,5
2021-06-17 10:35:43,B,1074.35,1,3
2021-06-17 10:35:43,B,1074.3,1,10
2021-06-17 10:35:44,S,1075.9,1,9
2021-06-17 10:35:44,S,1075.95,1,4
2021-06-17 10:35:44,S,1076.0,1,100
2021-06-17 10:35:44,S,1076.3,1,3
2021-06-17 10:35:44,S,1076.55,1,3
2021-06-17 10:35:44,B,1075.0,1,25
2021-06-17 10:35:44,B,1074.65,1,1
2021-06-17 10:35:44,B,1074.6,1,5
2021-06-17 10:35:44,B,1074.35,1,3
2021-06-17 10:35:44,B,1074.3,1,10
2021-06-17 10:35:46,S,1076.0,1,83
2021-06-17 10:35:46,S,1076.3,1,3
2021-06-17 10:35:46,S,1076.55,2,4
2021-06-17 10:35:46,S,1076.9,1,8
2021-06-17 10:35:46,S,1076.95,1,6
2021-06-17 10:35:46,B,1075.05,1,1
2021-06-17 10:35:46,B,1075.0,1,25
2021-06-17 10:35:46,B,1074.8,1,3
2021-06-17 10:35:46,B,1074.6,1,5
2021-06-17 10:35:46,B,1074.35,1,3
2021-06-17 10:35:50,S,1076.0,1,83
2021-06-17 10:35:50,S,1076.3,1,3
2021-06-17 10:35:50,S,1076.55,2,4
2021-06-17 10:35:50,S,1076.9,1,8
2021-06-17 10:35:50,S,1076.95,1,6
2021-06-17 10:35:50,B,1075.05,1,1
2021-06-17 10:35:50,B,1075.0,1,25
2021-06-17 10:35:50,B,1074.8,1,3
2021-06-17 10:35:50,B,1074.6,1,5
2021-06-17 10:35:50,B,1074.35,1,3
2021-06-17 10:35:57,S,1076.0,1,83
2021-06-17 10:35:57,S,1076.3,1,3
2021-06-17 10:35:57,S,1076.55,2,4
2021-06-17 10:35:57,S,1076.9,1,8
2021-06-17 10:35:57,S,1076.95,1,6
2021-06-17 10:35:57,B,1075.05,1,1
2021-06-17 10:35:57,B,1075.0,1,25
2021-06-17 10:35:57,B,1074.8,1,3
2021-06-17 10:35:57,B,1074.6,1,5
2021-06-17 10:35:57,B,1074.35,1,3
2021-06-17 10:36:12,S,1076.0,1,83
2021-06-17 10:36:12,S,1076.3,1,3
2021-06-17 10:36:12,S,1076.55,2,4
2021-06-17 10:36:12,S,1076.9,1,8
2021-06-17 10:36:12,S,1076.95,1,6
2021-06-17 10:36:12,B,1075.05,1,1
2021-06-17 10:36:12,B,1075.0,1,25
2021-06-17 10:36:12,B,1074.8,1,3
2021-06-17 10:36:12,B,1074.6,1,5
2021-06-17 10:36:12,B,1074.35,1,3
2021-06-17 10:36:12,S,1075.95,1,1
2021-06-17 10:36:12,S,1076.0,1,83
2021-06-17 10:36:12,S,1076.3,2,4
2021-06-17 10:36:12,S,1076.35,1,11
2021-06-17 10:36:12,S,1076.55,1,3
2021-06-17 10:36:12,B,1075.05,1,1
2021-06-17 10:36:12,B,1075.0,1,72
2021-06-17 10:36:12,B,1074.7,1,9
2021-06-17 10:36:12,B,1074.6,1,5
2021-06-17 10:36:12,B,1074.15,1,2
2021-06-17 10:36:15,S,1075.95,1,1
2021-06-17 10:36:15,S,1076.0,1,83
2021-06-17 10:36:15,S,1076.3,3,14
2021-06-17 10:36:15,S,1076.55,1,3
2021-06-17 10:36:15,S,1076.9,1,8
2021-06-17 10:36:15,B,1075.05,1,1
2021-06-17 10:36:15,B,1075.0,1,72
2021-06-17 10:36:15,B,1074.7,1,9
2021-06-17 10:36:15,B,1074.6,1,5
2021-06-17 10:36:15,B,1074.55,1,3
2021-06-17 10:36:22,S,1075.95,1,1
2021-06-17 10:36:22,S,1076.0,1,83
2021-06-17 10:36:22,S,1076.3,1,3
2021-06-17 10:36:22,S,1076.55,1,3
2021-06-17 10:36:22,S,1076.9,1,8
2021-06-17 10:36:22,B,1075.05,1,1
2021-06-17 10:36:22,B,1075.0,1,72
2021-06-17 10:36:22,B,1074.7,1,9
2021-06-17 10:36:22,B,1074.6,1,5
2021-06-17 10:36:22,B,1074.55,1,3
2021-06-17 10:36:25,S,1075.95,1,1
2021-06-17 10:36:25,S,1076.0,1,83
2021-06-17 10:36:25,S,1076.3,1,3
2021-06-17 10:36:25,S,1076.4,1,10
2021-06-17 10:36:25,S,1076.55,1,3
2021-06-17 10:36:25,B,1075.05,1,1
2021-06-17 10:36:25,B,1075.0,1,72
2021-06-17 10:36:25,B,1074.7,1,9
2021-06-17 10:36:25,B,1074.6,1,5
2021-06-17 10:36:25,B,1074.55,1,3
2021-06-17 10:37:00,S,1076.3,1,1
2021-06-17 10:37:00,S,1076.55,2,4
2021-06-17 10:37:00,S,1076.85,2,8
2021-06-17 10:37:00,S,1076.9,3,14
2021-06-17 10:37:00,S,1076.95,1,5
2021-06-17 10:37:00,B,1075.3,1,1
2021-06-17 10:37:00,B,1075.25,1,9
2021-06-17 10:37:00,B,1075.05,2,29
2021-06-17 10:37:00,B,1075.0,2,73
2021-06-17 10:37:00,B,1074.6,1,5
2021-06-17 10:37:12,S,1076.85,2,8
2021-06-17 10:37:12,S,1076.9,2,4
2021-06-17 10:37:12,S,1076.95,2,6
2021-06-17 10:37:12,S,1077.0,5,97
2021-06-17 10:37:12,S,1077.05,1,10
2021-06-17 10:37:12,B,1075.5,1,1
2021-06-17 10:37:12,B,1075.45,1,9
2021-06-17 10:37:12,B,1075.3,1,7
2021-06-17 10:37:12,B,1075.05,2,29
2021-06-17 10:37:12,B,1075.0,1,72
2021-06-17 10:37:18,S,1076.85,2,8
2021-06-17 10:37:18,S,1076.9,2,4
2021-06-17 10:37:18,S,1076.95,2,6
2021-06-17 10:37:18,S,1077.0,5,97
2021-06-17 10:37:18,S,1077.05,1,10
2021-06-17 10:37:18,B,1075.5,1,1
2021-06-17 10:37:18,B,1075.45,1,9
2021-06-17 10:37:18,B,1075.3,1,7
2021-06-17 10:37:18,B,1075.15,1,3
2021-06-17 10:37:18,B,1075.05,2,29
2021-06-17 10:37:25,S,1076.85,2,8
2021-06-17 10:37:25,S,1076.9,2,4
2021-06-17 10:37:25,S,1076.95,2,6
2021-06-17 10:37:25,S,1077.0,5,97
2021-06-17 10:37:25,S,1077.05,1,10
2021-06-17 10:37:25,B,1075.5,1,1
2021-06-17 10:37:25,B,1075.45,1,9
2021-06-17 10:37:25,B,1075.3,1,7
2021-06-17 10:37:25,B,1075.15,1,3
2021-06-17 10:37:25,B,1075.05,2,29
2021-06-17 10:37:28,S,1076.85,1,7
2021-06-17 10:37:28,S,1076.9,2,4
2021-06-17 10:37:28,S,1076.95,2,6
2021-06-17 10:37:28,S,1077.0,5,97
2021-06-17 10:37:28,S,1077.05,1,10
2021-06-17 10:37:28,B,1075.5,1,1
2021-06-17 10:37:28,B,1075.45,1,9
2021-06-17 10:37:28,B,1075.3,1,7
2021-06-17 10:37:28,B,1075.15,1,3
2021-06-17 10:37:28,B,1075.05,2,29
2021-06-17 10:37:49,S,1076.85,1,7
2021-06-17 10:37:49,S,1076.9,2,4
2021-06-17 10:37:49,S,1076.95,2,6
2021-06-17 10:37:49,S,1077.0,5,97
2021-06-17 10:37:49,S,1077.05,1,10
2021-06-17 10:37:49,B,1075.5,1,1
2021-06-17 10:37:49,B,1075.45,1,9
2021-06-17 10:37:49,B,1075.3,1,7
2021-06-17 10:37:49,B,1075.15,1,3
2021-06-17 10:37:49,B,1075.05,2,29
2021-06-17 10:37:59,S,1076.85,2,8
2021-06-17 10:37:59,S,1076.9,2,4
2021-06-17 10:37:59,S,1076.95,2,6
2021-06-17 10:37:59,S,1077.0,5,97
2021-06-17 10:37:59,S,1077.05,1,10
2021-06-17 10:37:59,B,1075.5,1,1
2021-06-17 10:37:59,B,1075.45,1,9
2021-06-17 10:37:59,B,1075.3,1,7
2021-06-17 10:37:59,B,1075.15,1,3
2021-06-17 10:37:59,B,1075.05,2,29
2021-06-17 10:38:01,S,1076.0,1,68
2021-06-17 10:38:01,S,1076.45,3,14
2021-06-17 10:38:01,S,1076.85,3,9
2021-06-17 10:38:01,S,1076.9,2,4
2021-06-17 10:38:01,S,1076.95,2,6
2021-06-17 10:38:01,B,1075.3,1,7
2021-06-17 10:38:01,B,1075.2,1,1
2021-06-17 10:38:01,B,1075.15,1,3
2021-06-17 10:38:01,B,1075.0,1,72
2021-06-17 10:38:01,B,1074.9,1,2
2021-06-17 10:38:03,S,1076.0,2,69
2021-06-17 10:38:03,S,1076.45,3,14
2021-06-17 10:38:03,S,1076.85,2,8
2021-06-17 10:38:03,S,1076.9,2,4
2021-06-17 10:38:03,S,1076.95,2,6
2021-06-17 10:38:03,B,1075.3,1,7
2021-06-17 10:38:03,B,1075.2,1,1
2021-06-17 10:38:03,B,1075.15,1,3
2021-06-17 10:38:03,B,1075.0,1,72
2021-06-17 10:38:03,B,1074.9,2,11
2021-06-17 10:38:06,S,1076.0,2,69
2021-06-17 10:38:06,S,1076.45,3,14
2021-06-17 10:38:06,S,1076.85,2,8
2021-06-17 10:38:06,S,1076.9,2,4
2021-06-17 10:38:06,S,1076.95,2,6
2021-06-17 10:38:06,B,1075.3,1,7
2021-06-17 10:38:06,B,1075.2,1,1
2021-06-17 10:38:06,B,1075.15,1,3
2021-06-17 10:38:06,B,1075.0,1,72
2021-06-17 10:38:06,B,1074.9,1,9
2021-06-17 10:38:07,S,1076.0,2,69
2021-06-17 10:38:07,S,1076.45,3,14
2021-06-17 10:38:07,S,1076.85,2,8
2021-06-17 10:38:07,S,1076.9,2,4
2021-06-17 10:38:07,S,1076.95,2,6
2021-06-17 10:38:07,B,1075.3,1,7
2021-06-17 10:38:07,B,1075.2,1,1
2021-06-17 10:38:07,B,1075.15,1,3
2021-06-17 10:38:07,B,1075.0,1,72
2021-06-17 10:38:07,B,1074.9,1,9
2021-06-17 10:38:14,S,1076.0,2,69
2021-06-17 10:38:14,S,1076.45,3,14
2021-06-17 10:38:14,S,1076.85,2,8
2021-06-17 10:38:14,S,1076.9,2,4
2021-06-17 10:38:14,S,1076.95,2,6
2021-06-17 10:38:14,B,1075.3,1,7
2021-06-17 10:38:14,B,1075.2,1,1
2021-06-17 10:38:14,B,1075.15,1,3
2021-06-17 10:38:14,B,1075.0,1,72
2021-06-17 10:38:14,B,1074.9,1,9
2021-06-17 10:38:15,S,1075.9,1,1
2021-06-17 10:38:15,S,1075.95,1,9
2021-06-17 10:38:15,S,1076.0,2,69
2021-06-17 10:38:15,S,1076.4,2,25
2021-06-17 10:38:15,S,1076.45,2,4
2021-06-17 10:38:15,B,1075.05,1,1
2021-06-17 10:38:15,B,1075.0,1,47
2021-06-17 10:38:15,B,1074.85,1,3
2021-06-17 10:38:15,B,1074.6,1,5
2021-06-17 10:38:15,B,1074.55,1,3
2021-06-17 10:38:24,S,1075.6,1,9
2021-06-17 10:38:24,S,1075.7,1,1
2021-06-17 10:38:24,S,1075.75,3,14
2021-06-17 10:38:24,S,1075.9,1,1
2021-06-17 10:38:24,S,1076.0,3,72
2021-06-17 10:38:24,B,1075.0,1,47
2021-06-17 10:38:24,B,1074.65,1,1
2021-06-17 10:38:24,B,1074.6,1,5
2021-06-17 10:38:24,B,1074.45,1,3
2021-06-17 10:38:24,B,1074.1,1,3
2021-06-17 10:38:27,S,1075.6,1,9
2021-06-17 10:38:27,S,1075.65,1,1
2021-06-17 10:38:27,S,1075.7,1,1
2021-06-17 10:38:27,S,1075.75,2,13
2021-06-17 10:38:27,S,1076.0,3,72
2021-06-17 10:38:27,B,1075.0,1,47
2021-06-17 10:38:27,B,1074.65,1,1
2021-06-17 10:38:27,B,1074.6,1,5
2021-06-17 10:38:27,B,1074.45,1,3
2021-06-17 10:38:27,B,1074.1,1,3
2021-06-17 10:38:31,S,1075.65,1,1
2021-06-17 10:38:31,S,1075.75,2,13
2021-06-17 10:38:31,S,1075.8,1,10
2021-06-17 10:38:31,S,1076.0,3,72
2021-06-17 10:38:31,S,1076.05,1,12
2021-06-17 10:38:31,B,1075.05,1,1
2021-06-17 10:38:31,B,1075.0,1,47
2021-06-17 10:38:31,B,1074.6,1,5
2021-06-17 10:38:31,B,1074.45,1,3
2021-06-17 10:38:31,B,1074.1,1,3
2021-06-17 10:38:33,S,1075.65,1,1
2021-06-17 10:38:33,S,1075.7,1,1
2021-06-17 10:38:33,S,1075.75,1,12
2021-06-17 10:38:33,S,1075.8,1,10
2021-06-17 10:38:33,S,1076.0,3,72
2021-06-17 10:38:33,B,1075.0,1,47
2021-06-17 10:38:33,B,1074.65,1,1
2021-06-17 10:38:33,B,1074.6,1,5
2021-06-17 10:38:33,B,1074.45,1,3
2021-06-17 10:38:33,B,1074.3,1,10
2021-06-17 10:38:36,S,1075.65,1,1
2021-06-17 10:38:36,S,1075.7,1,1
2021-06-17 10:38:36,S,1075.75,1,12
2021-06-17 10:38:36,S,1075.8,1,10
2021-06-17 10:38:36,S,1076.0,3,72
2021-06-17 10:38:36,B,1075.0,2,52
2021-06-17 10:38:36,B,1074.65,1,1
2021-06-17 10:38:36,B,1074.6,1,5
2021-06-17 10:38:36,B,1074.45,1,3
2021-06-17 10:38:36,B,1074.3,1,10
2021-06-17 10:38:40,S,1075.65,1,1
2021-06-17 10:38:40,S,1075.95,1,1
2021-06-17 10:38:40,S,1076.0,2,71
2021-06-17 10:38:40,S,1076.05,1,9
2021-06-17 10:38:40,S,1076.4,2,25
2021-06-17 10:38:40,B,1075.05,1,1
2021-06-17 10:38:40,B,1075.0,2,52
2021-06-17 10:38:40,B,1074.6,1,5
2021-06-17 10:38:40,B,1074.45,1,3
2021-06-17 10:38:40,B,1074.3,1,9
2021-06-17 10:38:40,S,1075.65,1,1
2021-06-17 10:38:40,S,1075.95,1,1
2021-06-17 10:38:40,S,1076.0,2,71
2021-06-17 10:38:40,S,1076.05,1,9
2021-06-17 10:38:40,S,1076.4,2,25
2021-06-17 10:38:40,B,1075.05,1,1
2021-06-17 10:38:40,B,1075.0,2,52
2021-06-17 10:38:40,B,1074.6,1,5
2021-06-17 10:38:40,B,1074.45,1,3
2021-06-17 10:38:40,B,1074.3,1,9
2021-06-17 10:38:42,S,1075.65,1,1
2021-06-17 10:38:42,S,1075.85,1,1
2021-06-17 10:38:42,S,1075.9,1,9
2021-06-17 10:38:42,S,1076.0,2,71
2021-06-17 10:38:42,S,1076.4,2,25
2021-06-17 10:38:42,B,1075.0,2,43
2021-06-17 10:38:42,B,1074.6,1,5
2021-06-17 10:38:42,B,1074.45,1,3
2021-06-17 10:38:42,B,1074.3,1,9
2021-06-17 10:38:42,B,1074.1,1,3
2021-06-17 10:38:43,S,1075.65,1,1
2021-06-17 10:38:43,S,1075.85,1,1
2021-06-17 10:38:43,S,1075.9,1,9
2021-06-17 10:38:43,S,1076.0,2,71
2021-06-17 10:38:43,S,1076.4,2,25
2021-06-17 10:38:43,B,1075.0,2,43
2021-06-17 10:38:43,B,1074.6,1,5
2021-06-17 10:38:43,B,1074.45,1,3
2021-06-17 10:38:43,B,1074.3,1,9
2021-06-17 10:38:43,B,1074.1,1,3
2021-06-17 10:38:45,S,1075.65,1,1
2021-06-17 10:38:45,S,1075.85,1,1
2021-06-17 10:38:45,S,1075.9,2,10
2021-06-17 10:38:45,S,1076.0,2,71
2021-06-17 10:38:45,S,1076.4,2,25
2021-06-17 10:38:45,B,1075.0,2,43
2021-06-17 10:38:45,B,1074.6,1,5
2021-06-17 10:38:45,B,1074.45,1,3
2021-06-17 10:38:45,B,1074.3,1,9
2021-06-17 10:38:45,B,1074.1,1,3
2021-06-17 10:38:47,S,1075.95,2,2
2021-06-17 10:38:47,S,1076.0,2,71
2021-06-17 10:38:47,S,1076.2,2,11
2021-06-17 10:38:47,S,1076.4,2,25
2021-06-17 10:38:47,S,1076.45,2,4
2021-06-17 10:38:47,B,1075.0,2,43
2021-06-17 10:38:47,B,1074.6,1,5
2021-06-17 10:38:47,B,1074.45,1,3
2021-06-17 10:38:47,B,1074.3,1,9
2021-06-17 10:38:47,B,1074.1,1,3
2021-06-17 10:38:49,S,1075.95,3,3
2021-06-17 10:38:49,S,1076.0,2,71
2021-06-17 10:38:49,S,1076.2,2,11
2021-06-17 10:38:49,S,1076.4,2,25
2021-06-17 10:38:49,S,1076.45,2,4
2021-06-17 10:38:49,B,1075.0,2,43
2021-06-17 10:38:49,B,1074.6,1,5
2021-06-17 10:38:49,B,1074.45,1,3
2021-06-17 10:38:49,B,1074.3,1,9
2021-06-17 10:38:49,B,1074.1,1,3
2021-06-17 10:38:54,S,1075.95,2,2
2021-06-17 10:38:54,S,1076.0,3,72
2021-06-17 10:38:54,S,1076.2,2,11
2021-06-17 10:38:54,S,1076.4,2,25
2021-06-17 10:38:54,S,1076.45,2,4
2021-06-17 10:38:54,B,1075.0,2,43
2021-06-17 10:38:54,B,1074.6,1,5
2021-06-17 10:38:54,B,1074.45,1,3
2021-06-17 10:38:54,B,1074.3,1,9
2021-06-17 10:38:54,B,1074.1,1,3
2021-06-17 10:38:58,S,1075.95,2,2
2021-06-17 10:38:58,S,1076.0,3,72
2021-06-17 10:38:58,S,1076.2,2,11
2021-06-17 10:38:58,S,1076.4,2,25
2021-06-17 10:38:58,S,1076.45,2,4
2021-06-17 10:38:58,B,1075.0,2,43
2021-06-17 10:38:58,B,1074.6,1,5
2021-06-17 10:38:58,B,1074.45,1,3
2021-06-17 10:38:58,B,1074.3,1,9
2021-06-17 10:38:58,B,1074.1,1,3
2021-06-17 10:39:01,S,1075.95,2,2
2021-06-17 10:39:01,S,1076.0,3,72
2021-06-17 10:39:01,S,1076.2,2,11
2021-06-17 10:39:01,S,1076.4,2,25
2021-06-17 10:39:01,S,1076.45,2,4
2021-06-17 10:39:01,B,1075.0,2,43
2021-06-17 10:39:01,B,1074.6,1,5
2021-06-17 10:39:01,B,1074.45,1,3
2021-06-17 10:39:01,B,1074.3,1,9
2021-06-17 10:39:01,B,1074.1,1,3
2021-06-17 10:39:12,S,1075.95,2,2
2021-06-17 10:39:12,S,1076.0,2,71
2021-06-17 10:39:12,S,1076.2,2,11
2021-06-17 10:39:12,S,1076.4,2,25
2021-06-17 10:39:12,S,1076.45,2,4
2021-06-17 10:39:12,B,1075.05,1,5
2021-06-17 10:39:12,B,1075.0,2,43
2021-06-17 10:39:12,B,1074.6,1,5
2021-06-17 10:39:12,B,1074.45,1,3
2021-06-17 10:39:12,B,1074.3,1,9
2021-06-17 10:39:17,S,1075.95,2,2
2021-06-17 10:39:17,S,1076.0,2,71
2021-06-17 10:39:17,S,1076.2,2,11
2021-06-17 10:39:17,S,1076.4,2,25
2021-06-17 10:39:17,S,1076.45,2,4
2021-06-17 10:39:17,B,1075.05,1,5
2021-06-17 10:39:17,B,1075.0,2,43
2021-06-17 10:39:17,B,1074.6,1,5
2021-06-17 10:39:17,B,1074.45,1,3
2021-06-17 10:39:17,B,1074.3,1,9
2021-06-17 10:39:18,S,1075.95,1,1
2021-06-17 10:39:18,S,1076.0,1,68
2021-06-17 10:39:18,S,1076.45,3,14
2021-06-17 10:39:18,S,1076.85,2,8
2021-06-17 10:39:18,S,1076.9,3,13
2021-06-17 10:39:18,B,1075.1,1,1
2021-06-17 10:39:18,B,1075.05,1,5
2021-06-17 10:39:18,B,1075.0,2,43
2021-06-17 10:39:18,B,1074.9,1,9
2021-06-17 10:39:18,B,1074.6,1,5
2021-06-17 10:39:27,S,1075.95,1,1
2021-06-17 10:39:27,S,1076.0,1,68
2021-06-17 10:39:27,S,1076.45,2,4
2021-06-17 10:39:27,S,1076.6,1,9
2021-06-17 10:39:27,S,1076.85,2,8
2021-06-17 10:39:27,B,1075.1,1,1
2021-06-17 10:39:27,B,1075.05,1,5
2021-06-17 10:39:27,B,1075.0,2,43
2021-06-17 10:39:27,B,1074.9,1,9
2021-06-17 10:39:27,B,1074.6,1,5
2021-06-17 10:39:31,S,1075.95,1,1
2021-06-17 10:39:31,S,1076.0,1,68
2021-06-17 10:39:31,S,1076.45,2,4
2021-06-17 10:39:31,S,1076.6,1,9
2021-06-17 10:39:31,S,1076.85,2,8
2021-06-17 10:39:31,B,1075.1,1,1
2021-06-17 10:39:31,B,1075.05,1,5
2021-06-17 10:39:31,B,1075.0,2,43
2021-06-17 10:39:31,B,1074.9,1,9
2021-06-17 10:39:31,B,1074.6,1,5
2021-06-17 10:39:39,S,1075.95,1,1
2021-06-17 10:39:39,S,1076.0,1,68
2021-06-17 10:39:39,S,1076.45,2,4
2021-06-17 10:39:39,S,1076.85,2,8
2021-06-17 10:39:39,S,1076.9,3,13
2021-06-17 10:39:39,B,1075.1,1,1
2021-06-17 10:39:39,B,1075.05,1,5
2021-06-17 10:39:39,B,1075.0,2,43
2021-06-17 10:39:39,B,1074.9,1,9
2021-06-17 10:39:39,B,1074.6,1,5
2021-06-17 10:39:42,S,1075.95,1,1
2021-06-17 10:39:42,S,1076.0,1,68
2021-06-17 10:39:42,S,1076.45,2,4
2021-06-17 10:39:42,S,1076.55,1,9
2021-06-17 10:39:42,S,1076.85,2,8
2021-06-17 10:39:42,B,1075.1,1,1
2021-06-17 10:39:42,B,1075.05,1,5
2021-06-17 10:39:42,B,1075.0,2,43
2021-06-17 10:39:42,B,1074.9,1,9
2021-06-17 10:39:42,B,1074.6,1,5
2021-06-17 10:39:52,S,1075.95,1,1
2021-06-17 10:39:52,S,1076.0,1,68
2021-06-17 10:39:52,S,1076.45,2,4
2021-06-17 10:39:52,S,1076.65,1,9
2021-06-17 10:39:52,S,1076.85,2,8
2021-06-17 10:39:52,B,1075.1,2,10
2021-06-17 10:39:52,B,1075.05,1,5
2021-06-17 10:39:52,B,1075.0,2,43
2021-06-17 10:39:52,B,1074.6,1,5
2021-06-17 10:39:52,B,1074.45,1,3
2021-06-17 10:39:57,S,1075.95,1,1
2021-06-17 10:39:57,S,1076.0,1,68
2021-06-17 10:39:57,S,1076.45,2,4
2021-06-17 10:39:57,S,1076.65,1,9
2021-06-17 10:39:57,S,1076.85,2,8
2021-06-17 10:39:57,B,1075.1,2,10
2021-06-17 10:39:57,B,1075.05,1,5
2021-06-17 10:39:57,B,1075.0,2,43
2021-06-17 10:39:57,B,1074.6,1,5
2021-06-17 10:39:57,B,1074.45,2,12
2021-06-17 10:40:01,S,1075.95,1,1
2021-06-17 10:40:01,S,1076.0,1,68
2021-06-17 10:40:01,S,1076.45,2,4
2021-06-17 10:40:01,S,1076.65,1,9
2021-06-17 10:40:01,S,1076.85,2,8
2021-06-17 10:40:01,B,1075.1,2,10
2021-06-17 10:40:01,B,1075.05,1,5
2021-06-17 10:40:01,B,1075.0,2,43
2021-06-17 10:40:01,B,1074.6,1,5
2021-06-17 10:40:01,B,1074.45,2,12
2021-06-17 10:40:01,S,1074.85,2,10
2021-06-17 10:40:01,S,1074.9,1,5
2021-06-17 10:40:01,S,1075.0,1,129
2021-06-17 10:40:01,S,1075.15,1,11
2021-06-17 10:40:01,S,1075.45,1,11
2021-06-17 10:40:01,B,1072.7,1,2
2021-06-17 10:40:01,B,1072.65,2,8
2021-06-17 10:40:01,B,1072.5,1,10
2021-06-17 10:40:01,B,1072.35,1,5
2021-06-17 10:40:01,B,1072.2,1,2
2021-06-17 10:40:04,S,1074.25,1,1
2021-06-17 10:40:04,S,1074.3,1,5
2021-06-17 10:40:04,S,1074.65,1,3
2021-06-17 10:40:04,S,1074.75,1,7
2021-06-17 10:40:04,S,1074.85,1,9
2021-06-17 10:40:04,B,1072.65,1,7
2021-06-17 10:40:04,B,1072.55,1,1
2021-06-17 10:40:04,B,1072.5,2,11
2021-06-17 10:40:04,B,1072.15,1,5
2021-06-17 10:40:04,B,1071.9,2,18
2021-06-17 10:40:07,S,1074.15,1,1
2021-06-17 10:40:07,S,1074.2,1,10
2021-06-17 10:40:07,S,1074.6,1,6
2021-06-17 10:40:07,S,1074.65,1,3
2021-06-17 10:40:07,S,1074.75,1,7
2021-06-17 10:40:07,B,1072.65,3,17
2021-06-17 10:40:07,B,1072.55,1,1
2021-06-17 10:40:07,B,1072.5,2,11
2021-06-17 10:40:07,B,1072.25,1,3
2021-06-17 10:40:07,B,1072.15,1,5
2021-06-17 10:40:12,S,1074.15,1,1
2021-06-17 10:40:12,S,1074.2,1,10
2021-06-17 10:40:12,S,1074.6,1,6
2021-06-17 10:40:12,S,1074.65,1,3
2021-06-17 10:40:12,S,1074.75,1,7
2021-06-17 10:40:12,B,1072.65,3,17
2021-06-17 10:40:12,B,1072.55,1,1
2021-06-17 10:40:12,B,1072.5,2,11
2021-06-17 10:40:12,B,1072.25,1,3
2021-06-17 10:40:12,B,1072.15,1,5
2021-06-17 10:40:12,S,1072.85,1,1
2021-06-17 10:40:12,S,1072.9,1,9
2021-06-17 10:40:12,S,1073.25,1,4
2021-06-17 10:40:12,S,1074.25,1,12
2021-06-17 10:40:12,S,1074.5,1,1
2021-06-17 10:40:12,B,1071.35,1,1
2021-06-17 10:40:12,B,1071.2,2,3
2021-06-17 10:40:12,B,1071.15,2,3
2021-06-17 10:40:12,B,1071.1,1,7
2021-06-17 10:40:12,B,1071.05,1,10
2021-06-17 10:40:14,S,1073.1,1,1
2021-06-17 10:40:14,S,1073.15,1,9
2021-06-17 10:40:14,S,1073.5,1,3
2021-06-17 10:40:14,S,1073.8,1,3
2021-06-17 10:40:14,S,1073.95,1,9
2021-06-17 10:40:14,B,1071.4,2,11
2021-06-17 10:40:14,B,1071.35,1,1
2021-06-17 10:40:14,B,1071.2,3,6
2021-06-17 10:40:14,B,1071.15,2,3
2021-06-17 10:40:14,B,1071.1,1,7
2021-06-17 10:40:15,S,1073.1,1,1
2021-06-17 10:40:15,S,1073.15,1,9
2021-06-17 10:40:15,S,1073.5,1,3
2021-06-17 10:40:15,S,1073.8,1,3
2021-06-17 10:40:15,S,1073.95,1,9
2021-06-17 10:40:15,B,1071.4,2,11
2021-06-17 10:40:15,B,1071.35,1,1
2021-06-17 10:40:15,B,1071.2,3,6
2021-06-17 10:40:15,B,1071.15,2,3
2021-06-17 10:40:15,B,1071.1,1,7
2021-06-17 10:40:15,S,1073.1,1,1
2021-06-17 10:40:15,S,1073.15,1,9
2021-06-17 10:40:15,S,1073.5,1,3
2021-06-17 10:40:15,S,1073.8,1,3
2021-06-17 10:40:15,S,1073.95,1,9
2021-06-17 10:40:15,B,1071.4,2,11
2021-06-17 10:40:15,B,1071.35,1,1
2021-06-17 10:40:15,B,1071.2,3,6
2021-06-17 10:40:15,B,1071.15,2,3
2021-06-17 10:40:15,B,1071.1,1,7
2021-06-17 10:40:16,S,1072.65,1,1
2021-06-17 10:40:16,S,1072.7,1,3
2021-06-17 10:40:16,S,1073.05,1,3
2021-06-17 10:40:16,S,1073.3,1,1
2021-06-17 10:40:16,S,1073.45,1,1
2021-06-17 10:40:16,B,1071.0,3,5
2021-06-17 10:40:16,B,1070.8,2,4
2021-06-17 10:40:16,B,1070.55,1,4
2021-06-17 10:40:16,B,1070.5,1,1
2021-06-17 10:40:16,B,1070.45,1,3
2021-06-17 10:40:19,S,1073.0,1,1
2021-06-17 10:40:19,S,1073.05,1,3
2021-06-17 10:40:19,S,1073.35,1,5
2021-06-17 10:40:19,S,1073.45,2,2
2021-06-17 10:40:19,S,1073.5,1,3
2021-06-17 10:40:19,B,1071.6,1,1
2021-06-17 10:40:19,B,1071.55,2,10
2021-06-17 10:40:19,B,1071.45,2,4
2021-06-17 10:40:19,B,1070.85,2,2
2021-06-17 10:40:19,B,1070.8,2,4
2021-06-17 10:40:22,S,1073.0,1,1
2021-06-17 10:40:22,S,1073.05,1,3
2021-06-17 10:40:22,S,1073.25,1,9
2021-06-17 10:40:22,S,1073.35,1,5
2021-06-17 10:40:22,S,1073.45,2,2
2021-06-17 10:40:22,B,1071.75,2,2
2021-06-17 10:40:22,B,1071.7,1,10
2021-06-17 10:40:22,B,1071.45,2,4
2021-06-17 10:40:22,B,1070.85,2,2
2021-06-17 10:40:22,B,1070.8,2,4
2021-06-17 10:40:24,S,1073.75,1,1
2021-06-17 10:40:24,S,1073.8,1,3
2021-06-17 10:40:24,S,1073.9,1,3
2021-06-17 10:40:24,S,1074.2,1,2
2021-06-17 10:40:24,S,1074.25,1,5
2021-06-17 10:40:24,B,1072.6,2,10
2021-06-17 10:40:24,B,1072.55,1,10
2021-06-17 10:40:24,B,1071.9,2,4
2021-06-17 10:40:24,B,1071.5,1,2
2021-06-17 10:40:24,B,1071.45,2,4
2021-06-17 10:40:27,S,1073.75,2,3
2021-06-17 10:40:27,S,1073.8,1,3
2021-06-17 10:40:27,S,1073.9,1,3
2021-06-17 10:40:27,S,1074.2,1,9
2021-06-17 10:40:27,S,1074.25,1,5
2021-06-17 10:40:27,B,1072.6,2,10
2021-06-17 10:40:27,B,1072.55,1,10
2021-06-17 10:40:27,B,1071.9,2,4
2021-06-17 10:40:27,B,1071.5,1,2
2021-06-17 10:40:27,B,1071.45,2,4
2021-06-17 10:40:34,S,1073.75,2,3
2021-06-17 10:40:34,S,1073.8,1,3
2021-06-17 10:40:34,S,1073.9,1,3
2021-06-17 10:40:34,S,1074.2,1,9
2021-06-17 10:40:34,S,1074.25,1,5
2021-06-17 10:40:34,B,1072.6,2,10
2021-06-17 10:40:34,B,1072.55,1,10
2021-06-17 10:40:34,B,1071.9,2,4
2021-06-17 10:40:34,B,1071.5,1,2
2021-06-17 10:40:34,B,1071.45,2,4
2021-06-17 10:40:36,S,1074.95,2,4
2021-06-17 10:40:36,S,1075.15,2,4
2021-06-17 10:40:36,S,1075.35,1,1
2021-06-17 10:40:36,S,1075.4,1,3
2021-06-17 10:40:36,S,1075.6,1,4
2021-06-17 10:40:36,B,1073.8,1,1
2021-06-17 10:40:36,B,1073.75,1,25
2021-06-17 10:40:36,B,1072.85,2,4
2021-06-17 10:40:36,B,1072.7,2,7
2021-06-17 10:40:36,B,1072.6,1,6
2021-06-17 10:40:38,S,1074.95,2,4
2021-06-17 10:40:38,S,1075.15,2,4
2021-06-17 10:40:38,S,1075.3,1,10
2021-06-17 10:40:38,S,1075.35,1,1
2021-06-17 10:40:38,S,1075.4,1,3
2021-06-17 10:40:38,B,1073.8,1,1
2021-06-17 10:40:38,B,1073.75,2,34
2021-06-17 10:40:38,B,1072.85,2,4
2021-06-17 10:40:38,B,1072.7,2,7
2021-06-17 10:40:38,B,1072.6,1,6
2021-06-17 10:40:45,S,1074.95,2,4
2021-06-17 10:40:45,S,1075.15,2,4
2021-06-17 10:40:45,S,1075.3,1,10
2021-06-17 10:40:45,S,1075.35,1,1
2021-06-17 10:40:45,S,1075.4,1,3
2021-06-17 10:40:45,B,1073.8,1,1
2021-06-17 10:40:45,B,1073.75,1,25
2021-06-17 10:40:45,B,1073.6,1,10
2021-06-17 10:40:45,B,1072.85,2,4
2021-06-17 10:40:45,B,1072.7,2,7
2021-06-17 10:40:47,S,1074.95,2,4
2021-06-17 10:40:47,S,1075.15,2,4
2021-06-17 10:40:47,S,1075.3,1,10
2021-06-17 10:40:47,S,1075.35,1,1
2021-06-17 10:40:47,S,1075.4,1,3
2021-06-17 10:40:47,B,1073.8,1,1
2021-06-17 10:40:47,B,1073.75,1,25
2021-06-17 10:40:47,B,1073.6,1,10
2021-06-17 10:40:47,B,1072.85,2,4
2021-06-17 10:40:47,B,1072.7,2,7
2021-06-17 10:40:48,S,1074.95,3,7
2021-06-17 10:40:48,S,1075.15,2,4
2021-06-17 10:40:48,S,1075.25,1,1
2021-06-17 10:40:48,S,1075.3,1,10
2021-06-17 10:40:48,S,1075.4,1,3
2021-06-17 10:40:48,B,1073.75,1,16
2021-06-17 10:40:48,B,1073.45,1,9
2021-06-17 10:40:48,B,1072.85,2,4
2021-06-17 10:40:48,B,1072.75,2,3
2021-06-17 10:40:48,B,1072.7,2,7
2021-06-17 10:40:50,S,1074.85,1,1
2021-06-17 10:40:50,S,1074.9,2,11
2021-06-17 10:40:50,S,1074.95,3,7
2021-06-17 10:40:50,S,1075.15,2,4
2021-06-17 10:40:50,S,1075.2,1,10
2021-06-17 10:40:50,B,1073.75,1,16
2021-06-17 10:40:50,B,1073.4,1,10
2021-06-17 10:40:50,B,1072.85,2,4
2021-06-17 10:40:50,B,1072.75,2,3
2021-06-17 10:40:50,B,1072.7,2,7
2021-06-17 10:40:52,S,1074.85,2,10
2021-06-17 10:40:52,S,1074.95,3,7
2021-06-17 10:40:52,S,1075.15,2,4
2021-06-17 10:40:52,S,1075.2,1,10
2021-06-17 10:40:52,S,1075.25,1,1
2021-06-17 10:40:52,B,1073.75,1,16
2021-06-17 10:40:52,B,1072.85,2,4
2021-06-17 10:40:52,B,1072.75,2,3
2021-06-17 10:40:52,B,1072.7,2,7
2021-06-17 10:40:52,B,1072.55,3,13
2021-06-17 10:40:53,S,1074.85,2,10
2021-06-17 10:40:53,S,1074.95,3,7
2021-06-17 10:40:53,S,1075.15,2,4
2021-06-17 10:40:53,S,1075.2,1,10
2021-06-17 10:40:53,S,1075.25,1,1
2021-06-17 10:40:53,B,1073.75,1,16
2021-06-17 10:40:53,B,1072.85,2,4
2021-06-17 10:40:53,B,1072.75,2,3
2021-06-17 10:40:53,B,1072.7,2,7
2021-06-17 10:40:53,B,1072.55,3,13
2021-06-17 10:40:55,S,1074.85,2,10
2021-06-17 10:40:55,S,1074.95,3,7
2021-06-17 10:40:55,S,1075.15,2,4
2021-06-17 10:40:55,S,1075.2,1,10
2021-06-17 10:40:55,S,1075.25,1,1
2021-06-17 10:40:55,B,1073.75,1,11
2021-06-17 10:40:55,B,1072.85,2,4
2021-06-17 10:40:55,B,1072.75,2,3
2021-06-17 10:40:55,B,1072.7,2,7
2021-06-17 10:40:55,B,1072.6,1,7
2021-06-17 10:41:01,S,1074.85,2,10
2021-06-17 10:41:01,S,1074.95,3,7
2021-06-17 10:41:01,S,1075.15,2,4
2021-06-17 10:41:01,S,1075.2,1,10
2021-06-17 10:41:01,S,1075.25,1,1
2021-06-17 10:41:01,B,1073.75,1,11
2021-06-17 10:41:01,B,1072.85,2,4
2021-06-17 10:41:01,B,1072.75,2,3
2021-06-17 10:41:01,B,1072.7,2,7
2021-06-17 10:41:01,B,1072.6,1,7
2021-06-17 10:41:08,S,1074.9,1,1
2021-06-17 10:41:08,S,1074.95,3,14
2021-06-17 10:41:08,S,1075.15,3,14
2021-06-17 10:41:08,S,1075.2,1,10
2021-06-17 10:41:08,S,1075.25,1,1
2021-06-17 10:41:08,B,1073.75,1,11
2021-06-17 10:41:08,B,1072.85,2,4
2021-06-17 10:41:08,B,1072.75,2,3
2021-06-17 10:41:08,B,1072.7,2,7
2021-06-17 10:41:08,B,1072.6,1,7
2021-06-17 10:41:10,S,1074.9,2,10
2021-06-17 10:41:10,S,1074.95,2,4
2021-06-17 10:41:10,S,1075.15,3,14
2021-06-17 10:41:10,S,1075.2,1,10
2021-06-17 10:41:10,S,1075.25,1,1
2021-06-17 10:41:10,B,1073.75,1,11
2021-06-17 10:41:10,B,1072.85,2,4
2021-06-17 10:41:10,B,1072.75,2,3
2021-06-17 10:41:10,B,1072.7,2,7
2021-06-17 10:41:10,B,1072.6,1,7
2021-06-17 10:41:12,S,1074.9,2,10
2021-06-17 10:41:12,S,1074.95,2,4
2021-06-17 10:41:12,S,1075.15,3,14
2021-06-17 10:41:12,S,1075.2,1,10
2021-06-17 10:41:12,S,1075.25,1,1
2021-06-17 10:41:12,B,1073.75,1,11
2021-06-17 10:41:12,B,1073.45,1,9
2021-06-17 10:41:12,B,1072.85,2,4
2021-06-17 10:41:12,B,1072.75,2,3
2021-06-17 10:41:12,B,1072.7,2,7
2021-06-17 10:41:22,S,1074.9,1,1
2021-06-17 10:41:22,S,1074.95,2,4
2021-06-17 10:41:22,S,1075.05,1,9
2021-06-17 10:41:22,S,1075.15,3,14
2021-06-17 10:41:22,S,1075.2,1,10
2021-06-17 10:41:22,B,1073.75,1,11
2021-06-17 10:41:22,B,1073.45,1,9
2021-06-17 10:41:22,B,1072.85,2,4
2021-06-17 10:41:22,B,1072.75,2,3
2021-06-17 10:41:22,B,1072.7,2,7
2021-06-17 10:41:25,S,1072.0,1,17
2021-06-17 10:41:25,S,1072.5,1,10
2021-06-17 10:41:25,S,1072.95,1,6
2021-06-17 10:41:25,S,1073.0,1,1
2021-06-17 10:41:25,S,1073.05,1,9
2021-06-17 10:41:25,B,1071.95,1,8
2021-06-17 10:41:25,B,1070.85,1,1
2021-06-17 10:41:25,B,1070.8,1,3
2021-06-17 10:41:25,B,1070.45,1,3
2021-06-17 10:41:25,B,1070.25,1,7
2021-06-17 10:41:25,S,1072.0,1,17
2021-06-17 10:41:25,S,1072.5,1,10
2021-06-17 10:41:25,S,1072.95,1,6
2021-06-17 10:41:25,S,1073.0,1,1
2021-06-17 10:41:25,S,1073.05,1,9
2021-06-17 10:41:25,B,1071.95,1,8
2021-06-17 10:41:25,B,1070.85,1,1
2021-06-17 10:41:25,B,1070.8,1,3
2021-06-17 10:41:25,B,1070.45,1,3
2021-06-17 10:41:25,B,1070.25,1,7
2021-06-17 10:41:27,S,1072.0,1,16
2021-06-17 10:41:27,S,1072.7,2,10
2021-06-17 10:41:27,S,1072.9,2,4
2021-06-17 10:41:27,S,1072.95,1,6
2021-06-17 10:41:27,S,1073.25,1,3
2021-06-17 10:41:27,B,1071.95,1,8
2021-06-17 10:41:27,B,1070.85,1,1
2021-06-17 10:41:27,B,1070.8,1,3
2021-06-17 10:41:27,B,1070.45,1,3
2021-06-17 10:41:27,B,1070.25,1,7
2021-06-17 10:41:31,S,1072.0,1,16
2021-06-17 10:41:31,S,1072.7,2,10
2021-06-17 10:41:31,S,1072.9,2,4
2021-06-17 10:41:31,S,1072.95,1,6
2021-06-17 10:41:31,S,1073.25,1,3
2021-06-17 10:41:31,B,1071.95,1,8
2021-06-17 10:41:31,B,1070.85,1,1
2021-06-17 10:41:31,B,1070.8,1,3
2021-06-17 10:41:31,B,1070.45,1,3
2021-06-17 10:41:31,B,1070.25,1,7
2021-06-17 10:41:32,S,1071.65,1,1
2021-06-17 10:41:32,S,1071.7,1,9
2021-06-17 10:41:32,S,1071.75,1,9
2021-06-17 10:41:32,S,1071.85,1,3
2021-06-17 10:41:32,S,1072.25,1,3
2021-06-17 10:41:32,B,1070.25,1,1
2021-06-17 10:41:32,B,1070.2,1,9
2021-06-17 10:41:32,B,1070.0,6,39
2021-06-17 10:41:32,B,1069.9,1,3
2021-06-17 10:41:32,B,1069.5,2,7
2021-06-17 10:41:34,S,1071.65,1,1
2021-06-17 10:41:34,S,1071.7,1,9
2021-06-17 10:41:34,S,1071.75,1,9
2021-06-17 10:41:34,S,1071.85,1,3
2021-06-17 10:41:34,S,1072.2,1,2
2021-06-17 10:41:34,B,1070.05,2,2
2021-06-17 10:41:34,B,1070.0,6,39
2021-06-17 10:41:34,B,1069.9,1,3
2021-06-17 10:41:34,B,1069.5,2,7
2021-06-17 10:41:34,B,1069.35,2,17
2021-06-17 10:41:41,S,1071.65,1,1
2021-06-17 10:41:41,S,1071.7,1,9
2021-06-17 10:41:41,S,1071.75,1,9
2021-06-17 10:41:41,S,1071.85,1,3
2021-06-17 10:41:41,S,1072.2,1,2
2021-06-17 10:41:41,B,1070.05,1,1
2021-06-17 10:41:41,B,1070.0,6,39
2021-06-17 10:41:41,B,1069.9,1,3
2021-06-17 10:41:41,B,1069.5,2,7
2021-06-17 10:41:41,B,1069.35,1,8
2021-06-17 10:41:43,S,1071.65,1,1
2021-06-17 10:41:43,S,1071.7,1,9
2021-06-17 10:41:43,S,1071.75,1,9
2021-06-17 10:41:43,S,1071.85,1,3
2021-06-17 10:41:43,S,1072.2,1,2
2021-06-17 10:41:43,B,1070.05,1,1
2021-06-17 10:41:43,B,1070.0,6,39
2021-06-17 10:41:43,B,1069.9,1,3
2021-06-17 10:41:43,B,1069.5,2,7
2021-06-17 10:41:43,B,1069.35,1,8
2021-06-17 10:41:53,S,1071.65,1,1
2021-06-17 10:41:53,S,1071.7,1,9
2021-06-17 10:41:53,S,1071.75,1,9
2021-06-17 10:41:53,S,1071.85,1,3
2021-06-17 10:41:53,S,1072.2,1,2
2021-06-17 10:41:53,B,1070.05,1,1
2021-06-17 10:41:53,B,1070.0,6,39
2021-06-17 10:41:53,B,1069.9,1,3
2021-06-17 10:41:53,B,1069.5,2,7
2021-06-17 10:41:53,B,1069.35,1,8
2021-06-17 10:41:56,S,1073.45,1,10
2021-06-17 10:41:56,S,1073.5,2,10
2021-06-17 10:41:56,S,1073.55,1,2
2021-06-17 10:41:56,S,1073.6,2,7
2021-06-17 10:41:56,S,1073.65,1,3
2021-06-17 10:41:56,B,1071.7,1,1
2021-06-17 10:41:56,B,1071.65,1,49
2021-06-17 10:41:56,B,1071.35,1,3
2021-06-17 10:41:56,B,1071.05,1,9
2021-06-17 10:41:56,B,1071.0,1,3
2021-06-17 10:42:01,S,1073.45,1,10
2021-06-17 10:42:01,S,1073.5,3,12
2021-06-17 10:42:01,S,1073.6,2,7
2021-06-17 10:42:01,S,1073.65,1,3
2021-06-17 10:42:01,S,1073.95,1,6
2021-06-17 10:42:01,B,1071.7,1,1
2021-06-17 10:42:01,B,1071.65,1,49
2021-06-17 10:42:01,B,1071.35,1,3
2021-06-17 10:42:01,B,1071.05,1,9
2021-06-17 10:42:01,B,1071.0,1,3
2021-06-17 10:42:03,S,1073.55,1,7
2021-06-17 10:42:03,S,1073.8,3,4
2021-06-17 10:42:03,S,1073.85,2,7
2021-06-17 10:42:03,S,1074.0,1,1
2021-06-17 10:42:03,S,1074.05,1,3
2021-06-17 10:42:03,B,1071.75,1,1
2021-06-17 10:42:03,B,1071.7,1,8
2021-06-17 10:42:03,B,1071.65,1,49
2021-06-17 10:42:03,B,1071.55,1,4
2021-06-17 10:42:03,B,1071.35,1,3
2021-06-17 10:42:06,S,1073.55,1,7
2021-06-17 10:42:06,S,1073.7,2,10
2021-06-17 10:42:06,S,1073.8,3,4
2021-06-17 10:42:06,S,1073.85,2,7
2021-06-17 10:42:06,S,1074.0,1,1
2021-06-17 10:42:06,B,1071.75,1,1
2021-06-17 10:42:06,B,1071.7,1,8
2021-06-17 10:42:06,B,1071.65,1,49
2021-06-17 10:42:06,B,1071.55,1,4
2021-06-17 10:42:06,B,1071.35,1,3
2021-06-17 10:42:07,S,1073.55,1,7
2021-06-17 10:42:07,S,1073.65,2,7
2021-06-17 10:42:07,S,1073.7,2,10
2021-06-17 10:42:07,S,1073.75,1,2
2021-06-17 10:42:07,S,1073.8,2,2
2021-06-17 10:42:07,B,1071.75,1,1
2021-06-17 10:42:07,B,1071.7,1,8
2021-06-17 10:42:07,B,1071.65,1,49
2021-06-17 10:42:07,B,1071.55,1,4
2021-06-17 10:42:07,B,1071.35,1,3
2021-06-17 10:42:10,S,1073.55,1,7
2021-06-17 10:42:10,S,1073.8,2,2
2021-06-17 10:42:10,S,1073.85,1,9
2021-06-17 10:42:10,S,1073.95,2,5
2021-06-17 10:42:10,S,1074.0,1,1
2021-06-17 10:42:10,B,1072.1,1,1
2021-06-17 10:42:10,B,1072.05,1,10
2021-06-17 10:42:10,B,1071.8,1,3
2021-06-17 10:42:10,B,1071.7,1,8
2021-06-17 10:42:10,B,1071.65,1,49
2021-06-17 10:42:12,S,1073.55,1,7
2021-06-17 10:42:12,S,1073.8,2,2
2021-06-17 10:42:12,S,1073.95,2,5
2021-06-17 10:42:12,S,1074.0,1,1
2021-06-17 10:42:12,S,1074.05,1,3
2021-06-17 10:42:12,B,1072.1,1,1
2021-06-17 10:42:12,B,1072.05,1,10
2021-06-17 10:42:12,B,1071.8,1,3
2021-06-17 10:42:12,B,1071.7,1,8
2021-06-17 10:42:12,B,1071.65,1,49
2021-06-17 10:42:19,S,1073.55,1,7
2021-06-17 10:42:19,S,1073.8,2,2
2021-06-17 10:42:19,S,1073.9,1,10
2021-06-17 10:42:19,S,1073.95,2,5
2021-06-17 10:42:19,S,1074.0,1,1
2021-06-17 10:42:19,B,1072.1,1,1
2021-06-17 10:42:19,B,1072.05,1,10
2021-06-17 10:42:19,B,1071.8,1,3
2021-06-17 10:42:19,B,1071.7,1,8
2021-06-17 10:42:19,B,1071.65,1,49
2021-06-17 10:42:21,S,1073.55,1,7
2021-06-17 10:42:21,S,1073.8,2,2
2021-06-17 10:42:21,S,1073.9,1,10
2021-06-17 10:42:21,S,1073.95,2,5
2021-06-17 10:42:21,S,1074.0,1,1
2021-06-17 10:42:21,B,1072.1,1,1
2021-06-17 10:42:21,B,1072.05,1,10
2021-06-17 10:42:21,B,1071.8,1,3
2021-06-17 10:42:21,B,1071.7,1,8
2021-06-17 10:42:21,B,1071.65,1,49
2021-06-17 10:42:23,S,1073.55,1,7
2021-06-17 10:42:23,S,1073.6,1,3
2021-06-17 10:42:23,S,1073.8,2,2
2021-06-17 10:42:23,S,1073.85,1,9
2021-06-17 10:42:23,S,1073.95,2,5
2021-06-17 10:42:23,B,1072.1,1,1
2021-06-17 10:42:23,B,1072.05,1,10
2021-06-17 10:42:23,B,1071.8,1,3
2021-06-17 10:42:23,B,1071.7,1,8
2021-06-17 10:42:23,B,1071.65,1,49
2021-06-17 10:42:27,S,1073.55,1,7
2021-06-17 10:42:27,S,1073.6,1,3
2021-06-17 10:42:27,S,1073.8,2,2
2021-06-17 10:42:27,S,1073.85,1,9
2021-06-17 10:42:27,S,1073.95,2,5
2021-06-17 10:42:27,B,1072.1,1,1
2021-06-17 10:42:27,B,1072.05,1,10
2021-06-17 10:42:27,B,1071.8,1,3
2021-06-17 10:42:27,B,1071.7,1,8
2021-06-17 10:42:27,B,1071.65,1,49
2021-06-17 10:42:39,S,1073.55,1,7
2021-06-17 10:42:39,S,1073.6,1,3
2021-06-17 10:42:39,S,1073.8,2,2
2021-06-17 10:42:39,S,1073.85,1,9
2021-06-17 10:42:39,S,1073.95,2,5
2021-06-17 10:42:39,B,1072.1,1,1
2021-06-17 10:42:39,B,1072.05,1,10
2021-06-17 10:42:39,B,1071.8,1,3
2021-06-17 10:42:39,B,1071.7,1,8
2021-06-17 10:42:39,B,1071.65,1,49
2021-06-17 10:42:40,S,1073.0,1,1
2021-06-17 10:42:40,S,1073.05,1,10
2021-06-17 10:42:40,S,1073.15,1,3
2021-06-17 10:42:40,S,1073.5,3,14
2021-06-17 10:42:40,S,1073.55,3,13
2021-06-17 10:42:40,B,1071.7,1,1
2021-06-17 10:42:40,B,1071.65,1,49
2021-06-17 10:42:40,B,1071.35,1,3
2021-06-17 10:42:40,B,1071.0,1,3
2021-06-17 10:42:40,B,1070.65,2,7
2021-06-17 10:42:42,S,1072.85,1,1
2021-06-17 10:42:42,S,1072.9,1,10
2021-06-17 10:42:42,S,1073.0,1,1
2021-06-17 10:42:42,S,1073.15,1,3
2021-06-17 10:42:42,S,1073.5,1,2
2021-06-17 10:42:42,B,1071.7,1,1
2021-06-17 10:42:42,B,1071.65,1,49
2021-06-17 10:42:42,B,1071.35,1,3
2021-06-17 10:42:42,B,1071.0,1,3
2021-06-17 10:42:42,B,1070.65,2,7
2021-06-17 10:42:49,S,1072.85,2,2
2021-06-17 10:42:49,S,1072.9,1,10
2021-06-17 10:42:49,S,1073.15,1,3
2021-06-17 10:42:49,S,1073.5,1,2
2021-06-17 10:42:49,S,1073.55,2,12
2021-06-17 10:42:49,B,1071.7,1,1
2021-06-17 10:42:49,B,1071.65,1,49
2021-06-17 10:42:49,B,1071.35,1,3
2021-06-17 10:42:49,B,1071.0,1,3
2021-06-17 10:42:49,B,1070.65,1,3
2021-06-17 10:43:00,S,1072.85,2,2
2021-06-17 10:43:00,S,1072.9,1,10
2021-06-17 10:43:00,S,1073.15,1,3
2021-06-17 10:43:00,S,1073.5,1,2
2021-06-17 10:43:00,S,1073.55,2,12
2021-06-17 10:43:00,B,1071.7,1,1
2021-06-17 10:43:00,B,1071.65,1,49
2021-06-17 10:43:00,B,1071.35,1,3
2021-06-17 10:43:00,B,1071.0,1,3
2021-06-17 10:43:00,B,1070.65,1,3
2021-06-17 10:43:05,S,1072.8,2,10
2021-06-17 10:43:05,S,1073.1,1,1
2021-06-17 10:43:05,S,1073.15,1,3
2021-06-17 10:43:05,S,1073.5,1,2
2021-06-17 10:43:05,S,1073.55,2,12
2021-06-17 10:43:05,B,1071.7,1,1
2021-06-17 10:43:05,B,1071.65,1,49
2021-06-17 10:43:05,B,1071.35,1,3
2021-06-17 10:43:05,B,1071.0,1,3
2021-06-17 10:43:05,B,1070.65,1,3
2021-06-17 10:43:07,S,1072.8,1,1
2021-06-17 10:43:07,S,1072.9,1,1
2021-06-17 10:43:07,S,1072.95,1,9
2021-06-17 10:43:07,S,1073.15,1,3
2021-06-17 10:43:07,S,1073.5,2,12
2021-06-17 10:43:07,B,1071.7,1,1
2021-06-17 10:43:07,B,1071.65,1,49
2021-06-17 10:43:07,B,1070.65,1,3
2021-06-17 10:43:07,B,1070.5,1,3
2021-06-17 10:43:07,B,1070.25,1,1
2021-06-17 10:43:15,S,1072.8,2,2
2021-06-17 10:43:15,S,1072.85,1,10
2021-06-17 10:43:15,S,1073.15,1,3
2021-06-17 10:43:15,S,1073.5,2,12
2021-06-17 10:43:15,S,1073.55,2,12
2021-06-17 10:43:15,B,1071.7,1,1
2021-06-17 10:43:15,B,1071.65,1,49
2021-06-17 10:43:15,B,1070.65,1,3
2021-06-17 10:43:15,B,1070.5,1,3
2021-06-17 10:43:15,B,1070.25,1,1
2021-06-17 10:43:22,S,1072.8,2,2
2021-06-17 10:43:22,S,1072.85,1,10
2021-06-17 10:43:22,S,1073.15,1,3
2021-06-17 10:43:22,S,1073.5,2,12
2021-06-17 10:43:22,S,1073.55,2,12
2021-06-17 10:43:22,B,1071.7,1,1
2021-06-17 10:43:22,B,1071.65,1,49
2021-06-17 10:43:22,B,1070.65,1,3
2021-06-17 10:43:22,B,1070.5,1,3
2021-06-17 10:43:22,B,1070.25,1,1
2021-06-17 10:43:36,S,1072.8,2,2
2021-06-17 10:43:36,S,1072.85,1,10
2021-06-17 10:43:36,S,1073.15,1,3
2021-06-17 10:43:36,S,1073.5,2,12
2021-06-17 10:43:36,S,1073.55,2,12
2021-06-17 10:43:36,B,1071.7,1,1
2021-06-17 10:43:36,B,1071.65,1,49
2021-06-17 10:43:36,B,1070.65,1,3
2021-06-17 10:43:36,B,1070.5,1,3
2021-06-17 10:43:36,B,1070.25,1,1
2021-06-17 10:43:40,S,1072.8,2,2
2021-06-17 10:43:40,S,1072.85,1,10
2021-06-17 10:43:40,S,1073.15,1,3
2021-06-17 10:43:40,S,1073.5,2,12
2021-06-17 10:43:40,S,1073.55,2,12
2021-06-17 10:43:40,B,1071.7,1,1
2021-06-17 10:43:40,B,1071.65,1,49
2021-06-17 10:43:40,B,1070.65,1,3
2021-06-17 10:43:40,B,1070.5,1,3
2021-06-17 10:43:40,B,1070.25,1,1
2021-06-17 10:44:05,S,1072.8,2,2
2021-06-17 10:44:05,S,1072.85,1,10
2021-06-17 10:44:05,S,1073.15,1,3
2021-06-17 10:44:05,S,1073.5,2,12
2021-06-17 10:44:05,S,1073.55,2,12
2021-06-17 10:44:05,B,1071.7,1,1
2021-06-17 10:44:05,B,1071.65,1,49
2021-06-17 10:44:05,B,1070.65,1,3
2021-06-17 10:44:05,B,1070.5,1,3
2021-06-17 10:44:05,B,1070.25,1,1
2021-06-17 10:44:07,S,1072.8,1,1
2021-06-17 10:44:07,S,1073.1,1,9
2021-06-17 10:44:07,S,1073.15,1,3
2021-06-17 10:44:07,S,1073.5,2,12
2021-06-17 10:44:07,S,1073.55,2,12
2021-06-17 10:44:07,B,1071.7,1,1
2021-06-17 10:44:07,B,1071.65,1,49
2021-06-17 10:44:07,B,1071.2,1,3
2021-06-17 10:44:07,B,1070.65,1,3
2021-06-17 10:44:07,B,1070.4,1,3
2021-06-17 10:44:13,S,1073.4,1,9
2021-06-17 10:44:13,S,1073.5,5,25
2021-06-17 10:44:13,S,1073.55,2,12
2021-06-17 10:44:13,S,1073.6,1,3
2021-06-17 10:44:13,S,1073.8,2,2
2021-06-17 10:44:13,B,1071.7,1,1
2021-06-17 10:44:13,B,1071.65,1,49
2021-06-17 10:44:13,B,1071.6,1,9
2021-06-17 10:44:13,B,1071.2,1,3
2021-06-17 10:44:13,B,1070.7,1,1
2021-06-17 10:44:19,S,1073.4,1,9
2021-06-17 10:44:19,S,1073.5,5,25
2021-06-17 10:44:19,S,1073.55,2,12
2021-06-17 10:44:19,S,1073.6,1,3
2021-06-17 10:44:19,S,1073.8,2,2
2021-06-17 10:44:19,B,1071.7,2,11
2021-06-17 10:44:19,B,1071.65,1,49
2021-06-17 10:44:19,B,1071.2,1,3
2021-06-17 10:44:19,B,1070.7,1,1
2021-06-17 10:44:19,B,1070.65,1,3
2021-06-17 10:44:24,S,1073.4,1,9
2021-06-17 10:44:24,S,1073.5,5,25
2021-06-17 10:44:24,S,1073.55,2,12
2021-06-17 10:44:24,S,1073.6,1,3
2021-06-17 10:44:24,S,1073.8,2,2
2021-06-17 10:44:24,B,1071.7,2,11
2021-06-17 10:44:24,B,1071.65,1,49
2021-06-17 10:44:24,B,1071.2,1,3
2021-06-17 10:44:24,B,1070.7,1,1
2021-06-17 10:44:24,B,1070.65,1,3
2021-06-17 10:44:28,S,1073.4,1,9
2021-06-17 10:44:28,S,1073.5,5,25
2021-06-17 10:44:28,S,1073.55,2,12
2021-06-17 10:44:28,S,1073.6,1,3
2021-06-17 10:44:28,S,1073.8,2,2
2021-06-17 10:44:28,B,1071.7,2,11
2021-06-17 10:44:28,B,1071.65,1,49
2021-06-17 10:44:28,B,1071.2,1,3
2021-06-17 10:44:28,B,1070.7,1,1
2021-06-17 10:44:28,B,1070.65,1,3
2021-06-17 10:44:37,S,1073.4,1,9
2021-06-17 10:44:37,S,1073.5,5,25
2021-06-17 10:44:37,S,1073.55,2,12
2021-06-17 10:44:37,S,1073.6,1,3
2021-06-17 10:44:37,S,1073.8,2,2
2021-06-17 10:44:37,B,1071.7,2,11
2021-06-17 10:44:37,B,1071.65,1,49
2021-06-17 10:44:37,B,1071.2,1,3
2021-06-17 10:44:37,B,1070.7,1,1
2021-06-17 10:44:37,B,1070.65,1,3
2021-06-17 10:44:38,S,1072.85,1,1
2021-06-17 10:44:38,S,1072.9,2,11
2021-06-17 10:44:38,S,1073.1,2,4
2021-06-17 10:44:38,S,1073.3,1,2
2021-06-17 10:44:38,S,1073.35,2,2
2021-06-17 10:44:38,B,1071.7,1,1
2021-06-17 10:44:38,B,1071.65,1,49
2021-06-17 10:44:38,B,1071.4,1,10
2021-06-17 10:44:38,B,1071.2,1,3
2021-06-17 10:44:38,B,1070.65,1,3
2021-06-17 10:44:45,S,1072.75,1,10
2021-06-17 10:44:45,S,1072.85,2,2
2021-06-17 10:44:45,S,1073.1,2,4
2021-06-17 10:44:45,S,1073.3,1,2
2021-06-17 10:44:45,S,1073.35,2,2
2021-06-17 10:44:45,B,1071.7,1,1
2021-06-17 10:44:45,B,1071.65,1,49
2021-06-17 10:44:45,B,1071.2,2,12
2021-06-17 10:44:45,B,1070.65,1,3
2021-06-17 10:44:45,B,1070.4,1,3
2021-06-17 10:44:52,S,1073.05,2,2
2021-06-17 10:44:52,S,1073.1,2,4
2021-06-17 10:44:52,S,1073.2,1,10
2021-06-17 10:44:52,S,1073.3,1,2
2021-06-17 10:44:52,S,1073.35,2,2
2021-06-17 10:44:52,B,1071.7,1,1
2021-06-17 10:44:52,B,1071.65,1,49
2021-06-17 10:44:52,B,1071.2,2,12
2021-06-17 10:44:52,B,1070.65,1,3
2021-06-17 10:44:52,B,1070.45,1,1
2021-06-17 10:45:12,S,1073.05,2,2
2021-06-17 10:45:12,S,1073.1,2,4
2021-06-17 10:45:12,S,1073.2,1,10
2021-06-17 10:45:12,S,1073.3,1,2
2021-06-17 10:45:12,S,1073.35,2,2
2021-06-17 10:45:12,B,1071.7,2,12
2021-06-17 10:45:12,B,1071.65,1,49
2021-06-17 10:45:12,B,1071.2,2,12
2021-06-17 10:45:12,B,1070.65,1,3
2021-06-17 10:45:12,B,1070.45,1,1
2021-06-17 10:45:19,S,1072.95,1,1
2021-06-17 10:45:19,S,1073.0,1,10
2021-06-17 10:45:19,S,1073.1,2,4
2021-06-17 10:45:19,S,1073.3,1,2
2021-06-17 10:45:19,S,1073.35,2,2
2021-06-17 10:45:19,B,1071.7,2,12
2021-06-17 10:45:19,B,1071.65,1,49
2021-06-17 10:45:19,B,1071.2,2,12
2021-06-17 10:45:19,B,1070.65,1,3
2021-06-17 10:45:19,B,1070.4,1,3
2021-06-17 10:45:21,S,1073.05,1,1
2021-06-17 10:45:21,S,1073.1,2,4
2021-06-17 10:45:21,S,1073.25,1,10
2021-06-17 10:45:21,S,1073.3,1,2
2021-06-17 10:45:21,S,1073.35,2,2
2021-06-17 10:45:21,B,1071.7,2,12
2021-06-17 10:45:21,B,1071.65,1,49
2021-06-17 10:45:21,B,1071.2,2,12
2021-06-17 10:45:21,B,1070.65,1,3
2021-06-17 10:45:21,B,1070.45,1,1
2021-06-17 10:45:24,S,1073.05,1,1
2021-06-17 10:45:24,S,1073.1,2,4
2021-06-17 10:45:24,S,1073.25,1,10
2021-06-17 10:45:24,S,1073.3,1,2
2021-06-17 10:45:24,S,1073.35,2,2
2021-06-17 10:45:24,B,1071.8,1,1
2021-06-17 10:45:24,B,1071.75,1,9
2021-06-17 10:45:24,B,1071.7,1,11
2021-06-17 10:45:24,B,1071.65,1,49
2021-06-17 10:45:24,B,1071.2,1,3
2021-06-17 10:45:26,S,1073.05,1,1
2021-06-17 10:45:26,S,1073.1,2,4
2021-06-17 10:45:26,S,1073.25,1,10
2021-06-17 10:45:26,S,1073.3,1,2
2021-06-17 10:45:26,S,1073.35,2,2
2021-06-17 10:45:26,B,1071.8,1,1
2021-06-17 10:45:26,B,1071.75,1,9
2021-06-17 10:45:26,B,1071.7,1,11
2021-06-17 10:45:26,B,1071.65,1,49
2021-06-17 10:45:26,B,1071.2,1,3
2021-06-17 10:45:33,S,1073.05,2,3
2021-06-17 10:45:33,S,1073.1,2,4
2021-06-17 10:45:33,S,1073.25,1,10
2021-06-17 10:45:33,S,1073.3,1,2
2021-06-17 10:45:33,S,1073.35,2,2
2021-06-17 10:45:33,B,1071.8,1,1
2021-06-17 10:45:33,B,1071.75,1,9
2021-06-17 10:45:33,B,1071.7,1,11
2021-06-17 10:45:33,B,1071.65,1,49
2021-06-17 10:45:33,B,1071.2,1,3
2021-06-17 10:45:39,S,1073.05,2,3
2021-06-17 10:45:39,S,1073.1,2,4
2021-06-17 10:45:39,S,1073.25,1,10
2021-06-17 10:45:39,S,1073.3,1,2
2021-06-17 10:45:39,S,1073.35,2,2
2021-06-17 10:45:39,B,1071.8,1,1
2021-06-17 10:45:39,B,1071.75,1,9
2021-06-17 10:45:39,B,1071.7,1,11
2021-06-17 10:45:39,B,1071.65,1,49
2021-06-17 10:45:39,B,1071.2,1,3
2021-06-17 10:45:45,S,1073.05,2,3
2021-06-17 10:45:45,S,1073.1,2,4
2021-06-17 10:45:45,S,1073.2,1,2
2021-06-17 10:45:45,S,1073.25,1,10
2021-06-17 10:45:45,S,1073.35,2,2
2021-06-17 10:45:45,B,1071.95,1,1
2021-06-17 10:45:45,B,1071.9,1,11
2021-06-17 10:45:45,B,1071.65,1,49
2021-06-17 10:45:45,B,1071.5,1,9
2021-06-17 10:45:45,B,1071.2,1,3
2021-06-17 10:45:51,S,1073.05,2,2
2021-06-17 10:45:51,S,1073.1,2,4
2021-06-17 10:45:51,S,1073.2,1,2
2021-06-17 10:45:51,S,1073.25,1,10
2021-06-17 10:45:51,S,1073.35,2,2
2021-06-17 10:45:51,B,1071.95,1,1
2021-06-17 10:45:51,B,1071.9,1,11
2021-06-17 10:45:51,B,1071.7,1,2
2021-06-17 10:45:51,B,1071.65,1,49
2021-06-17 10:45:51,B,1071.5,1,9
2021-06-17 10:45:54,S,1073.05,2,2
2021-06-17 10:45:54,S,1073.1,2,4
2021-06-17 10:45:54,S,1073.2,1,2
2021-06-17 10:45:54,S,1073.25,1,10
2021-06-17 10:45:54,S,1073.35,2,2
2021-06-17 10:45:54,B,1071.95,1,1
2021-06-17 10:45:54,B,1071.9,1,11
2021-06-17 10:45:54,B,1071.7,1,2
2021-06-17 10:45:54,B,1071.65,1,49
2021-06-17 10:45:54,B,1071.5,1,9
2021-06-17 10:46:03,S,1073.05,2,2
2021-06-17 10:46:03,S,1073.1,2,4
2021-06-17 10:46:03,S,1073.3,1,2
2021-06-17 10:46:03,S,1073.35,2,2
2021-06-17 10:46:03,S,1073.4,1,9
2021-06-17 10:46:03,B,1071.95,1,1
2021-06-17 10:46:03,B,1071.9,1,11
2021-06-17 10:46:03,B,1071.7,1,2
2021-06-17 10:46:03,B,1071.65,1,49
2021-06-17 10:46:03,B,1071.5,1,9
2021-06-17 10:46:07,S,1073.05,2,2
2021-06-17 10:46:07,S,1073.1,2,4
2021-06-17 10:46:07,S,1073.3,1,2
2021-06-17 10:46:07,S,1073.35,2,2
2021-06-17 10:46:07,S,1073.4,1,9
2021-06-17 10:46:07,B,1071.95,1,1
2021-06-17 10:46:07,B,1071.9,1,11
2021-06-17 10:46:07,B,1071.7,1,2
2021-06-17 10:46:07,B,1071.65,1,49
2021-06-17 10:46:07,B,1071.5,1,9
2021-06-17 10:46:08,S,1072.1,1,1
2021-06-17 10:46:08,S,1072.15,1,9
2021-06-17 10:46:08,S,1072.55,1,5
2021-06-17 10:46:08,S,1072.7,1,6
2021-06-17 10:46:08,S,1072.75,1,5
2021-06-17 10:46:08,B,1070.2,1,10
2021-06-17 10:46:08,B,1070.0,8,57
2021-06-17 10:46:08,B,1069.55,1,1
2021-06-17 10:46:08,B,1069.5,2,11
2021-06-17 10:46:08,B,1069.35,1,8
2021-06-17 10:46:10,S,1072.0,1,1
2021-06-17 10:46:10,S,1072.05,1,9
2021-06-17 10:46:10,S,1072.1,2,4
2021-06-17 10:46:10,S,1072.5,2,6
2021-06-17 10:46:10,S,1072.55,1,5
2021-06-17 10:46:10,B,1070.4,1,9
2021-06-17 10:46:10,B,1070.25,1,3
2021-06-17 10:46:10,B,1070.2,1,10
2021-06-17 10:46:10,B,1070.0,8,57
2021-06-17 10:46:10,B,1069.5,2,11
2021-06-17 10:46:15,S,1071.9,1,1
2021-06-17 10:46:15,S,1071.95,1,10
2021-06-17 10:46:15,S,1072.0,1,1
2021-06-17 10:46:15,S,1072.1,1,3
2021-06-17 10:46:15,S,1072.5,2,6
2021-06-17 10:46:15,B,1070.4,1,9
2021-06-17 10:46:15,B,1070.25,1,3
2021-06-17 10:46:15,B,1070.2,1,10
2021-06-17 10:46:15,B,1070.0,8,57
2021-06-17 10:46:15,B,1069.5,2,11
2021-06-17 10:46:15,S,1071.9,1,1
2021-06-17 10:46:15,S,1071.95,1,10
2021-06-17 10:46:15,S,1072.0,1,1
2021-06-17 10:46:15,S,1072.1,1,3
2021-06-17 10:46:15,S,1072.5,2,6
2021-06-17 10:46:15,B,1070.4,1,9
2021-06-17 10:46:15,B,1070.25,1,3
2021-06-17 10:46:15,B,1070.2,1,10
2021-06-17 10:46:15,B,1070.0,8,57
2021-06-17 10:46:15,B,1069.5,2,11
2021-06-17 10:46:17,S,1072.45,1,1
2021-06-17 10:46:17,S,1072.5,1,3
2021-06-17 10:46:17,S,1072.95,1,2
2021-06-17 10:46:17,S,1073.0,2,3
2021-06-17 10:46:17,S,1073.05,1,11
2021-06-17 10:46:17,B,1070.9,1,1
2021-06-17 10:46:17,B,1070.85,1,10
2021-06-17 10:46:17,B,1070.5,1,6
2021-06-17 10:46:17,B,1070.3,1,4
2021-06-17 10:46:17,B,1070.25,1,3
2021-06-17 10:46:25,S,1072.45,1,1
2021-06-17 10:46:25,S,1072.5,1,3
2021-06-17 10:46:25,S,1072.7,1,9
2021-06-17 10:46:25,S,1072.95,1,2
2021-06-17 10:46:25,S,1073.0,2,3
2021-06-17 10:46:25,B,1070.9,1,1
2021-06-17 10:46:25,B,1070.85,1,10
2021-06-17 10:46:25,B,1070.5,1,6
2021-06-17 10:46:25,B,1070.3,1,4
2021-06-17 10:46:25,B,1070.25,1,3
2021-06-17 10:46:27,S,1072.45,1,1
2021-06-17 10:46:27,S,1072.5,1,3
2021-06-17 10:46:27,S,1072.85,1,10
2021-06-17 10:46:27,S,1072.95,1,2
2021-06-17 10:46:27,S,1073.0,1,1
2021-06-17 10:46:27,B,1071.55,1,1
2021-06-17 10:46:27,B,1071.5,1,5
2021-06-17 10:46:27,B,1070.85,2,13
2021-06-17 10:46:27,B,1070.5,1,6
2021-06-17 10:46:27,B,1070.45,1,9
2021-06-17 10:46:36,S,1073.05,1,1
2021-06-17 10:46:36,S,1073.1,2,4
2021-06-17 10:46:36,S,1073.3,2,3
2021-06-17 10:46:36,S,1073.35,2,2
2021-06-17 10:46:36,S,1073.4,1,10
2021-06-17 10:46:36,B,1072.05,1,1
2021-06-17 10:46:36,B,1072.0,1,1
2021-06-17 10:46:36,B,1071.8,1,10
2021-06-17 10:46:36,B,1071.5,1,5
2021-06-17 10:46:36,B,1071.3,1,3
2021-06-17 10:46:45,S,1073.05,1,1
2021-06-17 10:46:45,S,1073.1,2,4
2021-06-17 10:46:45,S,1073.3,1,1
2021-06-17 10:46:45,S,1073.35,3,4
2021-06-17 10:46:45,S,1073.4,1,10
2021-06-17 10:46:45,B,1072.05,1,1
2021-06-17 10:46:45,B,1072.0,1,1
2021-06-17 10:46:45,B,1071.8,1,10
2021-06-17 10:46:45,B,1071.5,1,5
2021-06-17 10:46:45,B,1071.3,1,3
2021-06-17 10:46:53,S,1073.05,1,1
2021-06-17 10:46:53,S,1073.1,2,4
2021-06-17 10:46:53,S,1073.3,1,1
2021-06-17 10:46:53,S,1073.35,3,4
2021-06-17 10:46:53,S,1073.4,1,10
2021-06-17 10:46:53,B,1072.05,1,1
2021-06-17 10:46:53,B,1072.0,2,2
2021-06-17 10:46:53,B,1071.8,1,10
2021-06-17 10:46:53,B,1071.5,1,5
2021-06-17 10:46:53,B,1071.3,1,3
2021-06-17 10:47:03,S,1073.05,1,1
2021-06-17 10:47:03,S,1073.1,2,4
2021-06-17 10:47:03,S,1073.3,1,1
2021-06-17 10:47:03,S,1073.35,2,2
2021-06-17 10:47:03,S,1073.45,1,2
2021-06-17 10:47:03,B,1072.05,1,1
2021-06-17 10:47:03,B,1072.0,2,2
2021-06-17 10:47:03,B,1071.8,1,10
2021-06-17 10:47:03,B,1071.5,1,5
2021-06-17 10:47:03,B,1071.3,1,3
2021-06-17 10:47:12,S,1073.05,1,1
2021-06-17 10:47:12,S,1073.1,2,4
2021-06-17 10:47:12,S,1073.3,1,1
2021-06-17 10:47:12,S,1073.35,2,2
2021-06-17 10:47:12,S,1073.45,1,2
2021-06-17 10:47:12,B,1072.05,1,1
2021-06-17 10:47:12,B,1072.0,2,2
2021-06-17 10:47:12,B,1071.8,1,10
2021-06-17 10:47:12,B,1071.5,1,5
2021-06-17 10:47:12,B,1071.3,1,3
2021-06-17 10:47:14,S,1073.05,1,1
2021-06-17 10:47:14,S,1073.1,2,4
2021-06-17 10:47:14,S,1073.3,1,1
2021-06-17 10:47:14,S,1073.35,2,2
2021-06-17 10:47:14,S,1073.45,1,2
2021-06-17 10:47:14,B,1072.05,1,1
2021-06-17 10:47:14,B,1072.0,2,2
2021-06-17 10:47:14,B,1071.8,1,10
2021-06-17 10:47:14,B,1071.5,1,5
2021-06-17 10:47:14,B,1071.3,1,3
2021-06-17 10:47:15,S,1073.95,1,2
2021-06-17 10:47:15,S,1074.2,1,3
2021-06-17 10:47:15,S,1074.25,1,2
2021-06-17 10:47:15,S,1074.35,2,10
2021-06-17 10:47:15,S,1074.4,1,5
2021-06-17 10:47:15,B,1073.1,1,1
2021-06-17 10:47:15,B,1073.05,1,9
2021-06-17 10:47:15,B,1072.9,1,9
2021-06-17 10:47:15,B,1072.0,2,2
2021-06-17 10:47:15,B,1071.5,1,5
2021-06-17 10:47:16,S,1073.95,1,2
2021-06-17 10:47:16,S,1074.2,1,3
2021-06-17 10:47:16,S,1074.3,1,2
2021-06-17 10:47:16,S,1074.35,2,10
2021-06-17 10:47:16,S,1074.4,1,5
2021-06-17 10:47:16,B,1073.1,1,1
2021-06-17 10:47:16,B,1073.05,1,9
2021-06-17 10:47:16,B,1072.9,1,9
2021-06-17 10:47:16,B,1072.15,1,3
2021-06-17 10:47:16,B,1072.0,2,2
2021-06-17 10:47:21,S,1073.95,1,2
2021-06-17 10:47:21,S,1074.2,1,3
2021-06-17 10:47:21,S,1074.3,1,2
2021-06-17 10:47:21,S,1074.35,2,10
2021-06-17 10:47:21,S,1074.4,1,5
2021-06-17 10:47:21,B,1073.1,1,1
2021-06-17 10:47:21,B,1073.05,1,9
2021-06-17 10:47:21,B,1072.9,1,9
2021-06-17 10:47:21,B,1072.15,1,3
2021-06-17 10:47:21,B,1072.0,2,2
2021-06-17 10:47:27,S,1073.95,1,2
2021-06-17 10:47:27,S,1074.2,1,3
2021-06-17 10:47:27,S,1074.3,1,2
2021-06-17 10:47:27,S,1074.35,2,10
2021-06-17 10:47:27,S,1074.4,1,5
2021-06-17 10:47:27,B,1073.1,1,1
2021-06-17 10:47:27,B,1073.05,1,9
2021-06-17 10:47:27,B,1072.9,1,9
2021-06-17 10:47:27,B,1072.15,1,3
2021-06-17 10:47:27,B,1072.0,2,2
2021-06-17 10:47:31,S,1073.95,1,2
2021-06-17 10:47:31,S,1074.2,1,3
2021-06-17 10:47:31,S,1074.3,1,2
2021-06-17 10:47:31,S,1074.35,2,10
2021-06-17 10:47:31,S,1074.4,1,5
2021-06-17 10:47:31,B,1073.1,1,1
2021-06-17 10:47:31,B,1073.05,1,9
2021-06-17 10:47:31,B,1072.9,1,9
2021-06-17 10:47:31,B,1072.15,1,3
2021-06-17 10:47:31,B,1072.0,2,2
2021-06-17 10:47:33,S,1073.95,1,2
2021-06-17 10:47:33,S,1074.2,1,3
2021-06-17 10:47:33,S,1074.3,1,2
2021-06-17 10:47:33,S,1074.35,2,10
2021-06-17 10:47:33,S,1074.4,1,5
2021-06-17 10:47:33,B,1073.1,1,1
2021-06-17 10:47:33,B,1073.05,1,9
2021-06-17 10:47:33,B,1072.9,1,9
2021-06-17 10:47:33,B,1072.15,1,3
2021-06-17 10:47:33,B,1072.0,2,2
2021-06-17 10:47:37,S,1073.95,1,2
2021-06-17 10:47:37,S,1074.2,1,3
2021-06-17 10:47:37,S,1074.3,1,2
2021-06-17 10:47:37,S,1074.35,2,10
2021-06-17 10:47:37,S,1074.4,1,5
2021-06-17 10:47:37,B,1073.1,1,1
2021-06-17 10:47:37,B,1073.05,1,9
2021-06-17 10:47:37,B,1072.9,1,9
2021-06-17 10:47:37,B,1072.15,1,3
2021-06-17 10:47:37,B,1072.0,2,2
2021-06-17 10:47:39,S,1074.25,1,3
2021-06-17 10:47:39,S,1074.7,1,9
2021-06-17 10:47:39,S,1074.8,1,2
2021-06-17 10:47:39,S,1074.85,1,3
2021-06-17 10:47:39,S,1075.15,4,24
2021-06-17 10:47:39,B,1073.95,1,9
2021-06-17 10:47:39,B,1072.95,1,1
2021-06-17 10:47:39,B,1072.9,1,9
2021-06-17 10:47:39,B,1072.6,1,3
2021-06-17 10:47:39,B,1072.15,1,3
2021-06-17 10:47:41,S,1074.25,1,3
2021-06-17 10:47:41,S,1074.8,1,2
2021-06-17 10:47:41,S,1074.85,2,12
2021-06-17 10:47:41,S,1075.15,3,14
2021-06-17 10:47:41,S,1075.2,2,19
2021-06-17 10:47:41,B,1073.95,1,9
2021-06-17 10:47:41,B,1072.95,1,1
2021-06-17 10:47:41,B,1072.9,1,9
2021-06-17 10:47:41,B,1072.6,1,3
2021-06-17 10:47:41,B,1072.15,1,3
2021-06-17 10:47:52,S,1074.25,1,3
2021-06-17 10:47:52,S,1074.4,1,3
2021-06-17 10:47:52,S,1074.75,2,9
2021-06-17 10:47:52,S,1074.85,2,12
2021-06-17 10:47:52,S,1075.15,3,14
2021-06-17 10:47:52,B,1073.15,1,1
2021-06-17 10:47:52,B,1073.1,1,9
2021-06-17 10:47:52,B,1072.9,1,9
2021-06-17 10:47:52,B,1072.15,1,3
2021-06-17 10:47:52,B,1072.0,2,2
2021-06-17 10:47:54,S,1074.25,1,3
2021-06-17 10:47:54,S,1074.4,1,3
2021-06-17 10:47:54,S,1074.75,1,7
2021-06-17 10:47:54,S,1074.8,1,2
2021-06-17 10:47:54,S,1074.85,2,12
2021-06-17 10:47:54,B,1073.15,2,10
2021-06-17 10:47:54,B,1073.1,1,9
2021-06-17 10:47:54,B,1072.15,1,3
2021-06-17 10:47:54,B,1072.0,2,2
2021-06-17 10:47:54,B,1071.95,1,12
2021-06-17 10:47:58,S,1074.25,1,3
2021-06-17 10:47:58,S,1074.4,1,3
2021-06-17 10:47:58,S,1074.75,1,7
2021-06-17 10:47:58,S,1074.8,1,2
2021-06-17 10:47:58,S,1074.85,2,12
2021-06-17 10:47:58,B,1073.15,2,10
2021-06-17 10:47:58,B,1073.1,1,9
2021-06-17 10:47:58,B,1072.15,1,3
2021-06-17 10:47:58,B,1072.0,2,2
2021-06-17 10:47:58,B,1071.95,1,12
2021-06-17 10:48:00,S,1073.55,1,1
2021-06-17 10:48:00,S,1073.6,1,9
2021-06-17 10:48:00,S,1073.65,1,2
2021-06-17 10:48:00,S,1073.7,1,1
2021-06-17 10:48:00,S,1074.2,2,12
2021-06-17 10:48:00,B,1072.05,1,1
2021-06-17 10:48:00,B,1072.0,2,2
2021-06-17 10:48:00,B,1071.85,1,10
2021-06-17 10:48:00,B,1071.5,1,5
2021-06-17 10:48:00,B,1071.45,1,1
2021-06-17 10:48:04,S,1073.35,1,1
2021-06-17 10:48:04,S,1073.4,1,10
2021-06-17 10:48:04,S,1073.55,1,3
2021-06-17 10:48:04,S,1073.65,1,2
2021-06-17 10:48:04,S,1073.7,1,1
2021-06-17 10:48:04,B,1072.05,1,1
2021-06-17 10:48:04,B,1072.0,2,2
2021-06-17 10:48:04,B,1071.85,1,10
2021-06-17 10:48:04,B,1071.5,1,5
2021-06-17 10:48:04,B,1071.45,1,1
2021-06-17 10:48:10,S,1073.0,1,1
2021-06-17 10:48:10,S,1073.05,1,10
2021-06-17 10:48:10,S,1073.3,1,2
2021-06-17 10:48:10,S,1073.35,1,9
2021-06-17 10:48:10,S,1073.5,1,2
2021-06-17 10:48:10,B,1072.0,2,2
2021-06-17 10:48:10,B,1071.55,1,1
2021-06-17 10:48:10,B,1071.5,2,14
2021-06-17 10:48:10,B,1071.05,2,22
2021-06-17 10:48:10,B,1071.0,1,5
2021-06-17 10:48:38,S,1073.25,1,1
2021-06-17 10:48:38,S,1073.3,2,8
2021-06-17 10:48:38,S,1073.35,2,18
2021-06-17 10:48:38,S,1073.5,1,2
2021-06-17 10:48:38,S,1073.55,1,3
2021-06-17 10:48:38,B,1072.0,2,2
2021-06-17 10:48:38,B,1071.55,1,1
2021-06-17 10:48:38,B,1071.5,2,14
2021-06-17 10:48:38,B,1071.05,2,22
2021-06-17 10:48:38,B,1071.0,1,5
2021-06-17 10:48:45,S,1073.25,2,11
2021-06-17 10:48:45,S,1073.3,1,2
2021-06-17 10:48:45,S,1073.35,1,9
2021-06-17 10:48:45,S,1073.5,1,2
2021-06-17 10:48:45,S,1073.55,1,3
2021-06-17 10:48:45,B,1072.0,2,2
2021-06-17 10:48:45,B,1071.55,1,1
2021-06-17 10:48:45,B,1071.5,2,14
2021-06-17 10:48:45,B,1071.05,2,22
2021-06-17 10:48:45,B,1071.0,1,5
2021-06-17 10:48:56,S,1073.25,3,12
2021-06-17 10:48:56,S,1073.3,1,2
2021-06-17 10:48:56,S,1073.35,1,9
2021-06-17 10:48:56,S,1073.5,1,2
2021-06-17 10:48:56,S,1073.55,1,3
2021-06-17 10:48:56,B,1072.0,2,2
2021-06-17 10:48:56,B,1071.55,1,1
2021-06-17 10:48:56,B,1071.5,2,14
2021-06-17 10:48:56,B,1071.05,2,22
2021-06-17 10:48:56,B,1071.0,1,5
2021-06-17 10:49:06,S,1072.95,1,1
2021-06-17 10:49:06,S,1073.0,1,10
2021-06-17 10:49:06,S,1073.05,1,12
2021-06-17 10:49:06,S,1073.25,2,8
2021-06-17 10:49:06,S,1073.3,1,2
2021-06-17 10:49:06,B,1072.0,2,2
2021-06-17 10:49:06,B,1071.55,1,1
2021-06-17 10:49:06,B,1071.5,1,5
2021-06-17 10:49:06,B,1071.35,1,9
2021-06-17 10:49:06,B,1071.05,2,22
2021-06-17 10:49:08,S,1072.95,2,8
2021-06-17 10:49:08,S,1073.0,1,10
2021-06-17 10:49:08,S,1073.05,1,12
2021-06-17 10:49:08,S,1073.25,1,1
2021-06-17 10:49:08,S,1073.3,1,2
2021-06-17 10:49:08,B,1072.0,2,2
2021-06-17 10:49:08,B,1071.55,1,1
2021-06-17 10:49:08,B,1071.5,1,5
2021-06-17 10:49:08,B,1071.35,1,9
2021-06-17 10:49:08,B,1071.05,2,22
2021-06-17 10:49:13,S,1072.95,2,8
2021-06-17 10:49:13,S,1073.0,1,10
2021-06-17 10:49:13,S,1073.05,1,12
2021-06-17 10:49:13,S,1073.25,1,1
2021-06-17 10:49:13,S,1073.3,1,2
2021-06-17 10:49:13,B,1072.0,2,2
2021-06-17 10:49:13,B,1071.55,1,1
2021-06-17 10:49:13,B,1071.5,1,5
2021-06-17 10:49:13,B,1071.35,1,9
2021-06-17 10:49:13,B,1071.05,2,22
2021-06-17 10:49:14,S,1073.25,1,1
2021-06-17 10:49:14,S,1073.55,1,3
2021-06-17 10:49:14,S,1073.8,1,3
2021-06-17 10:49:14,S,1073.85,1,1
2021-06-17 10:49:14,S,1073.9,2,9
2021-06-17 10:49:14,B,1072.25,1,1
2021-06-17 10:49:14,B,1072.2,1,9
2021-06-17 10:49:14,B,1072.0,2,2
2021-06-17 10:49:14,B,1071.6,1,6
2021-06-17 10:49:14,B,1071.5,1,5
2021-06-17 10:49:19,S,1073.7,1,9
2021-06-17 10:49:19,S,1073.8,2,6
2021-06-17 10:49:19,S,1073.85,1,1
2021-06-17 10:49:19,S,1073.9,1,7
2021-06-17 10:49:19,S,1074.15,1,2
2021-06-17 10:49:19,B,1072.25,1,1
2021-06-17 10:49:19,B,1072.2,1,9
2021-06-17 10:49:19,B,1072.0,2,2
2021-06-17 10:49:19,B,1071.6,1,6
2021-06-17 10:49:19,B,1071.5,1,5
2021-06-17 10:49:21,S,1073.7,1,1
2021-06-17 10:49:21,S,1073.8,2,6
2021-06-17 10:49:21,S,1073.85,1,1
2021-06-17 10:49:21,S,1073.9,1,7
2021-06-17 10:49:21,S,1074.15,1,2
2021-06-17 10:49:21,B,1072.25,1,1
2021-06-17 10:49:21,B,1072.2,1,9
2021-06-17 10:49:21,B,1072.0,2,2
2021-06-17 10:49:21,B,1071.6,1,6
2021-06-17 10:49:21,B,1071.5,1,5
2021-06-17 10:49:24,S,1073.7,1,1
2021-06-17 10:49:24,S,1073.75,1,10
2021-06-17 10:49:24,S,1073.8,2,6
2021-06-17 10:49:24,S,1073.85,1,1
2021-06-17 10:49:24,S,1073.9,1,7
2021-06-17 10:49:24,B,1072.25,1,1
2021-06-17 10:49:24,B,1072.2,1,9
2021-06-17 10:49:24,B,1072.0,2,2
2021-06-17 10:49:24,B,1071.6,1,6
2021-06-17 10:49:24,B,1071.5,1,5
2021-06-17 10:49:44,S,1073.7,2,11
2021-06-17 10:49:44,S,1073.8,2,6
2021-06-17 10:49:44,S,1073.85,1,1
2021-06-17 10:49:44,S,1073.9,1,7
2021-06-17 10:49:44,S,1074.1,1,2
2021-06-17 10:49:44,B,1072.25,1,1
2021-06-17 10:49:44,B,1072.2,1,9
2021-06-17 10:49:44,B,1072.0,2,2
2021-06-17 10:49:44,B,1071.6,1,6
2021-06-17 10:49:44,B,1071.5,1,5
2021-06-17 10:49:57,S,1073.7,2,11
2021-06-17 10:49:57,S,1073.8,2,6
2021-06-17 10:49:57,S,1073.85,1,1
2021-06-17 10:49:57,S,1073.9,1,7
2021-06-17 10:49:57,S,1074.1,1,2
2021-06-17 10:49:57,B,1072.25,1,1
2021-06-17 10:49:57,B,1072.2,1,9
2021-06-17 10:49:57,B,1072.0,2,2
2021-06-17 10:49:57,B,1071.6,1,6
2021-06-17 10:49:57,B,1071.5,1,5
2021-06-17 10:50:07,S,1073.7,2,11
2021-06-17 10:50:07,S,1073.8,2,6
2021-06-17 10:50:07,S,1073.85,1,1
2021-06-17 10:50:07,S,1073.9,1,7
2021-06-17 10:50:07,S,1074.1,1,2
2021-06-17 10:50:07,B,1072.25,1,1
2021-06-17 10:50:07,B,1072.2,1,9
2021-06-17 10:50:07,B,1072.0,2,2
2021-06-17 10:50:07,B,1071.6,1,6
2021-06-17 10:50:07,B,1071.5,1,5
2021-06-17 10:50:09,S,1073.7,2,11
2021-06-17 10:50:09,S,1073.8,2,6
2021-06-17 10:50:09,S,1073.85,1,1
2021-06-17 10:50:09,S,1073.9,1,7
2021-06-17 10:50:09,S,1074.1,1,2
2021-06-17 10:50:09,B,1072.25,1,1
2021-06-17 10:50:09,B,1072.2,1,9
2021-06-17 10:50:09,B,1072.0,2,2
2021-06-17 10:50:09,B,1071.6,1,6
2021-06-17 10:50:09,B,1071.5,1,5
2021-06-17 10:50:10,S,1073.05,1,1
2021-06-17 10:50:10,S,1073.5,1,9
2021-06-17 10:50:10,S,1073.6,1,2
2021-06-17 10:50:10,S,1073.75,1,2
2021-06-17 10:50:10,S,1073.8,2,6
2021-06-17 10:50:10,B,1072.15,1,1
2021-06-17 10:50:10,B,1072.1,1,10
2021-06-17 10:50:10,B,1072.0,2,2
2021-06-17 10:50:10,B,1071.6,1,6
2021-06-17 10:50:10,B,1071.5,1,5
2021-06-17 10:50:12,S,1073.05,1,1
2021-06-17 10:50:12,S,1073.25,1,10
2021-06-17 10:50:12,S,1073.3,1,3
2021-06-17 10:50:12,S,1073.4,1,1
2021-06-17 10:50:12,S,1073.45,1,2
2021-06-17 10:50:12,B,1072.0,2,2
2021-06-17 10:50:12,B,1071.55,1,1
2021-06-17 10:50:12,B,1071.5,1,5
2021-06-17 10:50:12,B,1071.35,1,3
2021-06-17 10:50:12,B,1071.05,2,22
2021-06-17 10:50:15,S,1073.05,1,1
2021-06-17 10:50:15,S,1073.25,1,10
2021-06-17 10:50:15,S,1073.3,1,3
2021-06-17 10:50:15,S,1073.35,1,9
2021-06-17 10:50:15,S,1073.4,1,1
2021-06-17 10:50:15,B,1072.0,2,2
2021-06-17 10:50:15,B,1071.75,1,1
2021-06-17 10:50:15,B,1071.7,1,9
2021-06-17 10:50:15,B,1071.5,1,5
2021-06-17 10:50:15,B,1071.35,1,3
2021-06-17 10:50:22,S,1073.05,1,1
2021-06-17 10:50:22,S,1073.25,1,10
2021-06-17 10:50:22,S,1073.3,1,3
2021-06-17 10:50:22,S,1073.35,1,9
2021-06-17 10:50:22,S,1073.4,1,1
2021-06-17 10:50:22,B,1072.0,2,2
2021-06-17 10:50:22,B,1071.55,2,11
2021-06-17 10:50:22,B,1071.5,1,5
2021-06-17 10:50:22,B,1071.35,1,3
2021-06-17 10:50:22,B,1071.05,2,22
2021-06-17 10:50:29,S,1073.05,1,1
2021-06-17 10:50:29,S,1073.25,1,10
2021-06-17 10:50:29,S,1073.3,1,3
2021-06-17 10:50:29,S,1073.35,1,9
2021-06-17 10:50:29,S,1073.4,1,1
2021-06-17 10:50:29,B,1072.0,2,2
2021-06-17 10:50:29,B,1071.55,2,11
2021-06-17 10:50:29,B,1071.5,1,5
2021-06-17 10:50:29,B,1071.35,1,3
2021-06-17 10:50:29,B,1071.05,2,22
2021-06-17 10:50:40,S,1073.05,1,1
2021-06-17 10:50:40,S,1073.25,1,10
2021-06-17 10:50:40,S,1073.3,1,3
2021-06-17 10:50:40,S,1073.35,1,9
2021-06-17 10:50:40,S,1073.4,1,1
2021-06-17 10:50:40,B,1072.0,2,2
2021-06-17 10:50:40,B,1071.55,2,11
2021-06-17 10:50:40,B,1071.5,1,5
2021-06-17 10:50:40,B,1071.35,1,3
2021-06-17 10:50:40,B,1071.05,2,22
2021-06-17 10:50:42,S,1073.05,1,1
2021-06-17 10:50:42,S,1073.25,1,10
2021-06-17 10:50:42,S,1073.3,1,3
2021-06-17 10:50:42,S,1073.35,1,9
2021-06-17 10:50:42,S,1073.4,1,1
2021-06-17 10:50:42,B,1072.0,1,1
2021-06-17 10:50:42,B,1071.55,2,11
2021-06-17 10:50:42,B,1071.5,1,5
2021-06-17 10:50:42,B,1071.35,1,3
2021-06-17 10:50:42,B,1071.05,2,22
2021-06-17 10:50:43,S,1073.05,1,1
2021-06-17 10:50:43,S,1073.25,1,10
2021-06-17 10:50:43,S,1073.3,1,3
2021-06-17 10:50:43,S,1073.35,1,9
2021-06-17 10:50:43,S,1073.4,1,1
2021-06-17 10:50:43,B,1072.0,1,1
2021-06-17 10:50:43,B,1071.55,2,11
2021-06-17 10:50:43,B,1071.5,1,5
2021-06-17 10:50:43,B,1071.35,1,3
2021-06-17 10:50:43,B,1071.05,2,22
2021-06-17 10:50:48,S,1073.05,1,1
2021-06-17 10:50:48,S,1073.25,1,10
2021-06-17 10:50:48,S,1073.3,1,3
2021-06-17 10:50:48,S,1073.35,1,9
2021-06-17 10:50:48,S,1073.4,1,1
2021-06-17 10:50:48,B,1072.0,1,1
2021-06-17 10:50:48,B,1071.55,2,11
2021-06-17 10:50:48,B,1071.5,1,5
2021-06-17 10:50:48,B,1071.35,1,3
2021-06-17 10:50:48,B,1071.05,2,22
2021-06-17 10:50:49,S,1073.05,1,1
2021-06-17 10:50:49,S,1073.25,1,10
2021-06-17 10:50:49,S,1073.3,1,3
2021-06-17 10:50:49,S,1073.35,1,9
2021-06-17 10:50:49,S,1073.4,1,1
2021-06-17 10:50:49,B,1072.0,1,1
2021-06-17 10:50:49,B,1071.65,1,1
2021-06-17 10:50:49,B,1071.6,1,10
2021-06-17 10:50:49,B,1071.5,1,5
2021-06-17 10:50:49,B,1071.35,1,3
2021-06-17 10:50:57,S,1073.05,1,1
2021-06-17 10:50:57,S,1073.25,1,10
2021-06-17 10:50:57,S,1073.3,1,3
2021-06-17 10:50:57,S,1073.35,1,9
2021-06-17 10:50:57,S,1073.4,1,1
2021-06-17 10:50:57,B,1072.0,1,1
2021-06-17 10:50:57,B,1071.65,1,1
2021-06-17 10:50:57,B,1071.6,1,10
2021-06-17 10:50:57,B,1071.5,1,5
2021-06-17 10:50:57,B,1071.35,1,3
2021-06-17 10:51:02,S,1073.05,1,1
2021-06-17 10:51:02,S,1073.25,1,10
2021-06-17 10:51:02,S,1073.3,1,3
2021-06-17 10:51:02,S,1073.35,1,9
2021-06-17 10:51:02,S,1073.4,1,1
2021-06-17 10:51:02,B,1072.0,1,1
2021-06-17 10:51:02,B,1071.65,1,1
2021-06-17 10:51:02,B,1071.6,1,10
2021-06-17 10:51:02,B,1071.5,1,5
2021-06-17 10:51:02,B,1071.35,1,3
2021-06-17 10:51:06,S,1073.05,1,1
2021-06-17 10:51:06,S,1073.25,1,10
2021-06-17 10:51:06,S,1073.3,1,3
2021-06-17 10:51:06,S,1073.35,1,9
2021-06-17 10:51:06,S,1073.4,1,1
2021-06-17 10:51:06,B,1072.0,1,1
2021-06-17 10:51:06,B,1071.75,1,1
2021-06-17 10:51:06,B,1071.7,1,10
2021-06-17 10:51:06,B,1071.5,1,5
2021-06-17 10:51:06,B,1071.35,1,3
2021-06-17 10:51:12,S,1073.05,1,1
2021-06-17 10:51:12,S,1073.25,1,10
2021-06-17 10:51:12,S,1073.3,1,3
2021-06-17 10:51:12,S,1073.35,1,9
2021-06-17 10:51:12,S,1073.4,1,1
2021-06-17 10:51:12,B,1072.0,1,1
2021-06-17 10:51:12,B,1071.9,1,1
2021-06-17 10:51:12,B,1071.85,1,9
2021-06-17 10:51:12,B,1071.5,1,5
2021-06-17 10:51:12,B,1071.35,1,3
2021-06-17 10:51:27,S,1073.05,1,1
2021-06-17 10:51:27,S,1073.25,1,10
2021-06-17 10:51:27,S,1073.35,1,9
2021-06-17 10:51:27,S,1073.4,1,1
2021-06-17 10:51:27,S,1073.6,1,2
2021-06-17 10:51:27,B,1072.0,1,1
2021-06-17 10:51:27,B,1071.9,1,1
2021-06-17 10:51:27,B,1071.85,1,9
2021-06-17 10:51:27,B,1071.5,1,5
2021-06-17 10:51:27,B,1071.35,1,3
2021-06-17 10:51:42,S,1073.05,1,1
2021-06-17 10:51:42,S,1073.25,1,10
2021-06-17 10:51:42,S,1073.35,1,9
2021-06-17 10:51:42,S,1073.4,1,1
2021-06-17 10:51:42,S,1073.6,1,2
2021-06-17 10:51:42,B,1072.0,1,1
2021-06-17 10:51:42,B,1071.9,1,1
2021-06-17 10:51:42,B,1071.85,1,9
2021-06-17 10:51:42,B,1071.5,1,5
2021-06-17 10:51:42,B,1071.35,1,3
2021-06-17 10:51:44,S,1072.85,1,10
2021-06-17 10:51:44,S,1072.95,4,18
2021-06-17 10:51:44,S,1073.0,2,149
2021-06-17 10:51:44,S,1073.3,1,3
2021-06-17 10:51:44,S,1073.35,1,9
2021-06-17 10:51:44,B,1071.5,1,5
2021-06-17 10:51:44,B,1071.1,1,1
2021-06-17 10:51:44,B,1071.05,1,13
2021-06-17 10:51:44,B,1071.0,1,5
2021-06-17 10:51:44,B,1070.85,1,10
2021-06-17 10:51:46,S,1072.85,1,10
2021-06-17 10:51:46,S,1072.95,4,18
2021-06-17 10:51:46,S,1073.0,2,149
2021-06-17 10:51:46,S,1073.3,1,3
2021-06-17 10:51:46,S,1073.35,1,9
2021-06-17 10:51:46,B,1071.5,1,5
2021-06-17 10:51:46,B,1071.1,1,1
2021-06-17 10:51:46,B,1071.05,1,13
2021-06-17 10:51:46,B,1071.0,1,5
2021-06-17 10:51:46,B,1070.85,1,10
2021-06-17 10:51:49,S,1072.85,2,11
2021-06-17 10:51:49,S,1072.95,4,18
2021-06-17 10:51:49,S,1073.0,1,148
2021-06-17 10:51:49,S,1073.05,1,10
2021-06-17 10:51:49,S,1073.3,1,3
2021-06-17 10:51:49,B,1071.5,1,5
2021-06-17 10:51:49,B,1071.1,1,1
2021-06-17 10:51:49,B,1071.05,1,13
2021-06-17 10:51:49,B,1071.0,1,5
2021-06-17 10:51:49,B,1070.75,1,3
2021-06-17 10:51:58,S,1072.85,2,11
2021-06-17 10:51:58,S,1072.95,5,19
2021-06-17 10:51:58,S,1073.0,1,148
2021-06-17 10:51:58,S,1073.05,1,10
2021-06-17 10:51:58,S,1073.3,1,3
2021-06-17 10:51:58,B,1071.5,1,5
2021-06-17 10:51:58,B,1071.1,1,1
2021-06-17 10:51:58,B,1071.05,1,13
2021-06-17 10:51:58,B,1071.0,1,5
2021-06-17 10:51:58,B,1070.75,1,3
2021-06-17 10:52:02,S,1072.85,2,11
2021-06-17 10:52:02,S,1072.95,5,19
2021-06-17 10:52:02,S,1073.0,2,149
2021-06-17 10:52:02,S,1073.05,1,10
2021-06-17 10:52:02,S,1073.3,1,3
2021-06-17 10:52:02,B,1071.5,1,5
2021-06-17 10:52:02,B,1071.1,1,1
2021-06-17 10:52:02,B,1071.05,1,13
2021-06-17 10:52:02,B,1071.0,1,5
2021-06-17 10:52:02,B,1070.75,1,3
2021-06-17 10:52:13,S,1072.85,2,11
2021-06-17 10:52:13,S,1072.95,5,19
2021-06-17 10:52:13,S,1073.0,2,149
2021-06-17 10:52:13,S,1073.05,1,10
2021-06-17 10:52:13,S,1073.3,1,3
2021-06-17 10:52:13,B,1071.5,1,5
2021-06-17 10:52:13,B,1071.1,1,1
2021-06-17 10:52:13,B,1071.05,1,13
2021-06-17 10:52:13,B,1071.0,1,5
2021-06-17 10:52:13,B,1070.75,1,3
2021-06-17 10:52:14,S,1072.85,2,4
2021-06-17 10:52:14,S,1072.9,2,8
2021-06-17 10:52:14,S,1072.95,5,19
2021-06-17 10:52:14,S,1073.0,2,149
2021-06-17 10:52:14,S,1073.05,1,10
2021-06-17 10:52:14,B,1071.5,1,5
2021-06-17 10:52:14,B,1071.1,1,1
2021-06-17 10:52:14,B,1071.05,1,13
2021-06-17 10:52:14,B,1071.0,1,5
2021-06-17 10:52:14,B,1070.75,1,3
2021-06-17 10:52:18,S,1072.85,2,4
2021-06-17 10:52:18,S,1072.9,2,8
2021-06-17 10:52:18,S,1072.95,5,19
2021-06-17 10:52:18,S,1073.0,2,149
2021-06-17 10:52:18,S,1073.05,1,10
2021-06-17 10:52:18,B,1071.5,1,5
2021-06-17 10:52:18,B,1071.1,1,1
2021-06-17 10:52:18,B,1071.05,1,13
2021-06-17 10:52:18,B,1071.0,1,5
2021-06-17 10:52:18,B,1070.75,1,3
2021-06-17 10:52:36,S,1072.85,2,4
2021-06-17 10:52:36,S,1072.9,2,8
2021-06-17 10:52:36,S,1072.95,5,19
2021-06-17 10:52:36,S,1073.0,2,149
2021-06-17 10:52:36,S,1073.05,1,10
2021-06-17 10:52:36,B,1071.5,1,5
2021-06-17 10:52:36,B,1071.1,1,1
2021-06-17 10:52:36,B,1071.05,1,13
2021-06-17 10:52:36,B,1071.0,1,5
2021-06-17 10:52:36,B,1070.75,1,3
2021-06-17 10:52:43,S,1072.85,2,4
2021-06-17 10:52:43,S,1072.9,2,8
2021-06-17 10:52:43,S,1072.95,5,19
2021-06-17 10:52:43,S,1073.0,2,149
2021-06-17 10:52:43,S,1073.05,1,10
2021-06-17 10:52:43,B,1071.5,1,5
2021-06-17 10:52:43,B,1071.1,1,1
2021-06-17 10:52:43,B,1071.05,1,13
2021-06-17 10:52:43,B,1071.0,1,5
2021-06-17 10:52:43,B,1070.75,1,3
2021-06-17 10:52:45,S,1072.85,1,2
2021-06-17 10:52:45,S,1072.9,1,7
2021-06-17 10:52:45,S,1072.95,3,16
2021-06-17 10:52:45,S,1073.0,1,148
2021-06-17 10:52:45,S,1073.35,1,9
2021-06-17 10:52:45,B,1071.55,1,1
2021-06-17 10:52:45,B,1071.5,1,5
2021-06-17 10:52:45,B,1071.15,1,10
2021-06-17 10:52:45,B,1071.1,1,1
2021-06-17 10:52:45,B,1071.05,2,14
2021-06-17 10:52:46,S,1072.55,1,9
2021-06-17 10:52:46,S,1072.6,2,3
2021-06-17 10:52:46,S,1072.65,1,1
2021-06-17 10:52:46,S,1072.8,2,2
2021-06-17 10:52:46,S,1072.9,2,8
2021-06-17 10:52:46,B,1071.5,1,5
2021-06-17 10:52:46,B,1071.1,1,1
2021-06-17 10:52:46,B,1071.05,1,13
2021-06-17 10:52:46,B,1071.0,1,5
2021-06-17 10:52:46,B,1070.95,1,10
2021-06-17 10:52:48,S,1072.55,1,9
2021-06-17 10:52:48,S,1072.6,1,2
2021-06-17 10:52:48,S,1072.85,1,1
2021-06-17 10:52:48,S,1072.9,2,8
2021-06-17 10:52:48,S,1072.95,4,16
2021-06-17 10:52:48,B,1071.5,1,5
2021-06-17 10:52:48,B,1071.1,1,1
2021-06-17 10:52:48,B,1071.05,2,14
2021-06-17 10:52:48,B,1071.0,1,5
2021-06-17 10:52:48,B,1070.95,1,10
2021-06-17 10:52:52,S,1072.6,1,2
2021-06-17 10:52:52,S,1072.75,1,7
2021-06-17 10:52:52,S,1072.8,2,10
2021-06-17 10:52:52,S,1072.85,2,2
2021-06-17 10:52:52,S,1072.9,2,8
2021-06-17 10:52:52,B,1071.5,1,5
2021-06-17 10:52:52,B,1071.1,1,1
2021-06-17 10:52:52,B,1071.05,1,13
2021-06-17 10:52:52,B,1071.0,1,5
2021-06-17 10:52:52,B,1070.95,1,10
2021-06-17 10:53:07,S,1072.55,1,10
2021-06-17 10:53:07,S,1072.6,1,2
2021-06-17 10:53:07,S,1072.7,3,13
2021-06-17 10:53:07,S,1072.75,3,20
2021-06-17 10:53:07,S,1072.8,1,1
2021-06-17 10:53:07,B,1071.5,1,5
2021-06-17 10:53:07,B,1071.1,1,1
2021-06-17 10:53:07,B,1071.05,1,13
2021-06-17 10:53:07,B,1071.0,1,5
2021-06-17 10:53:07,B,1070.95,1,10
2021-06-17 10:53:09,S,1072.55,1,10
2021-06-17 10:53:09,S,1072.6,1,2
2021-06-17 10:53:09,S,1072.7,3,13
2021-06-17 10:53:09,S,1072.75,3,20
2021-06-17 10:53:09,S,1072.85,3,32
2021-06-17 10:53:09,B,1071.5,1,5
2021-06-17 10:53:09,B,1071.1,1,1
2021-06-17 10:53:09,B,1071.05,1,13
2021-06-17 10:53:09,B,1071.0,1,5
2021-06-17 10:53:09,B,1070.8,1,10
2021-06-17 10:53:52,S,1072.55,1,10
2021-06-17 10:53:52,S,1072.6,1,2
2021-06-17 10:53:52,S,1072.7,4,513
2021-06-17 10:53:52,S,1072.75,3,20
2021-06-17 10:53:52,S,1072.85,3,32
2021-06-17 10:53:52,B,1071.5,1,5
2021-06-17 10:53:52,B,1071.1,1,1
2021-06-17 10:53:52,B,1071.05,1,13
2021-06-17 10:53:52,B,1071.0,1,5
2021-06-17 10:53:52,B,1070.8,1,10
2021-06-17 10:53:58,S,1072.55,1,10
2021-06-17 10:53:58,S,1072.6,1,2
2021-06-17 10:53:58,S,1072.7,4,513
2021-06-17 10:53:58,S,1072.75,3,20
2021-06-17 10:53:58,S,1072.85,3,32
2021-06-17 10:53:58,B,1072.0,1,5
2021-06-17 10:53:58,B,1071.1,1,1
2021-06-17 10:53:58,B,1071.05,1,13
2021-06-17 10:53:58,B,1071.0,1,5
2021-06-17 10:53:58,B,1070.8,1,10
2021-06-17 10:54:02,S,1072.6,1,2
2021-06-17 10:54:02,S,1072.7,4,513
2021-06-17 10:54:02,S,1072.75,3,20
2021-06-17 10:54:02,S,1072.8,1,10
2021-06-17 10:54:02,S,1072.85,3,32
2021-06-17 10:54:02,B,1072.0,1,5
2021-06-17 10:54:02,B,1071.3,1,1
2021-06-17 10:54:02,B,1071.25,1,9
2021-06-17 10:54:02,B,1071.05,1,13
2021-06-17 10:54:02,B,1071.0,1,5
2021-06-17 10:54:06,S,1072.6,1,2
2021-06-17 10:54:06,S,1072.7,4,513
2021-06-17 10:54:06,S,1072.75,2,8
2021-06-17 10:54:06,S,1072.8,1,10
2021-06-17 10:54:06,S,1072.85,3,32
2021-06-17 10:54:06,B,1072.0,1,5
2021-06-17 10:54:06,B,1071.1,1,1
2021-06-17 10:54:06,B,1071.05,2,14
2021-06-17 10:54:06,B,1071.0,1,5
2021-06-17 10:54:06,B,1070.7,1,3
2021-06-17 10:54:07,S,1072.6,1,2
2021-06-17 10:54:07,S,1072.7,4,513
2021-06-17 10:54:07,S,1072.75,2,8
2021-06-17 10:54:07,S,1072.8,1,10
2021-06-17 10:54:07,S,1072.85,3,32
2021-06-17 10:54:07,B,1072.0,1,5
2021-06-17 10:54:07,B,1071.3,1,1
2021-06-17 10:54:07,B,1071.25,1,9
2021-06-17 10:54:07,B,1071.1,1,1
2021-06-17 10:54:07,B,1071.05,2,14
2021-06-17 10:54:09,S,1072.6,1,2
2021-06-17 10:54:09,S,1072.7,4,513
2021-06-17 10:54:09,S,1072.75,2,8
2021-06-17 10:54:09,S,1072.8,1,10
2021-06-17 10:54:09,S,1072.85,3,32
2021-06-17 10:54:09,B,1072.0,1,5
2021-06-17 10:54:09,B,1071.3,1,1
2021-06-17 10:54:09,B,1071.25,1,9
2021-06-17 10:54:09,B,1071.1,1,1
2021-06-17 10:54:09,B,1071.05,2,14
2021-06-17 10:54:10,S,1072.65,1,3
2021-06-17 10:54:10,S,1072.7,4,512
2021-06-17 10:54:10,S,1072.75,2,8
2021-06-17 10:54:10,S,1072.8,2,11
2021-06-17 10:54:10,S,1072.85,3,32
2021-06-17 10:54:10,B,1072.0,1,5
2021-06-17 10:54:10,B,1071.1,1,1
2021-06-17 10:54:10,B,1071.05,2,14
2021-06-17 10:54:10,B,1071.0,1,5
2021-06-17 10:54:10,B,1070.7,1,3
2021-06-17 10:54:15,S,1072.65,1,3
2021-06-17 10:54:15,S,1072.7,4,512
2021-06-17 10:54:15,S,1072.75,2,8
2021-06-17 10:54:15,S,1072.8,2,11
2021-06-17 10:54:15,S,1072.85,3,32
2021-06-17 10:54:15,B,1072.0,1,5
2021-06-17 10:54:15,B,1071.3,1,1
2021-06-17 10:54:15,B,1071.25,1,10
2021-06-17 10:54:15,B,1071.1,1,1
2021-06-17 10:54:15,B,1071.05,2,14
2021-06-17 10:54:18,S,1072.65,1,3
2021-06-17 10:54:18,S,1072.7,4,512
2021-06-17 10:54:18,S,1072.75,2,8
2021-06-17 10:54:18,S,1072.8,2,11
2021-06-17 10:54:18,S,1072.85,3,32
2021-06-17 10:54:18,B,1072.0,1,5
2021-06-17 10:54:18,B,1071.3,1,1
2021-06-17 10:54:18,B,1071.25,2,11
2021-06-17 10:54:18,B,1071.1,1,1
2021-06-17 10:54:18,B,1071.05,2,14
2021-06-17 10:54:22,S,1071.4,1,1
2021-06-17 10:54:22,S,1071.45,3,20
2021-06-17 10:54:22,S,1071.55,2,11
2021-06-17 10:54:22,S,1071.85,2,10
2021-06-17 10:54:22,S,1072.05,1,1
2021-06-17 10:54:22,B,1070.0,4,37
2021-06-17 10:54:22,B,1069.35,1,4
2021-06-17 10:54:22,B,1069.0,2,11
2021-06-17 10:54:22,B,1068.85,2,6
2021-06-17 10:54:22,B,1068.75,1,5
2021-06-17 10:54:24,S,1070.95,2,11
2021-06-17 10:54:24,S,1071.05,1,1
2021-06-17 10:54:24,S,1071.1,2,6
2021-06-17 10:54:24,S,1071.25,1,11
2021-06-17 10:54:24,S,1071.4,2,7
2021-06-17 10:54:24,B,1070.0,4,37
2021-06-17 10:54:24,B,1069.25,1,9
2021-06-17 10:54:24,B,1069.0,2,11
2021-06-17 10:54:24,B,1068.85,2,6
2021-06-17 10:54:24,B,1068.75,1,5
2021-06-17 10:54:27,S,1070.95,2,11
2021-06-17 10:54:27,S,1071.05,1,1
2021-06-17 10:54:27,S,1071.1,2,6
2021-06-17 10:54:27,S,1071.25,1,11
2021-06-17 10:54:27,S,1071.4,2,7
2021-06-17 10:54:27,B,1070.0,4,37
2021-06-17 10:54:27,B,1069.25,1,9
2021-06-17 10:54:27,B,1069.0,2,11
2021-06-17 10:54:27,B,1068.85,2,6
2021-06-17 10:54:27,B,1068.75,1,5
2021-06-17 10:54:30,S,1070.95,2,11
2021-06-17 10:54:30,S,1071.05,1,1
2021-06-17 10:54:30,S,1071.1,3,7
2021-06-17 10:54:30,S,1071.25,1,11
2021-06-17 10:54:30,S,1071.4,2,7
2021-06-17 10:54:30,B,1070.0,4,37
2021-06-17 10:54:30,B,1069.25,1,9
2021-06-17 10:54:30,B,1069.0,2,11
2021-06-17 10:54:30,B,1068.85,2,6
2021-06-17 10:54:30,B,1068.75,1,5
2021-06-17 10:54:32,S,1070.95,2,11
2021-06-17 10:54:32,S,1071.05,1,1
2021-06-17 10:54:32,S,1071.1,2,6
2021-06-17 10:54:32,S,1071.25,1,11
2021-06-17 10:54:32,S,1071.4,2,7
2021-06-17 10:54:32,B,1070.0,4,37
2021-06-17 10:54:32,B,1069.25,1,9
2021-06-17 10:54:32,B,1069.0,2,11
2021-06-17 10:54:32,B,1068.85,2,6
2021-06-17 10:54:32,B,1068.75,1,5
2021-06-17 10:54:48,S,1070.95,1,1
2021-06-17 10:54:48,S,1071.1,4,8
2021-06-17 10:54:48,S,1071.15,1,10
2021-06-17 10:54:48,S,1071.2,1,1
2021-06-17 10:54:48,S,1071.25,1,11
2021-06-17 10:54:48,B,1070.0,4,37
2021-06-17 10:54:48,B,1069.25,1,9
2021-06-17 10:54:48,B,1069.0,2,11
2021-06-17 10:54:48,B,1068.85,2,6
2021-06-17 10:54:48,B,1068.75,1,5
2021-06-17 10:54:53,S,1070.95,1,1
2021-06-17 10:54:53,S,1071.1,3,5
2021-06-17 10:54:53,S,1071.15,2,11
2021-06-17 10:54:53,S,1071.2,1,3
2021-06-17 10:54:53,S,1071.25,1,11
2021-06-17 10:54:53,B,1070.0,4,37
2021-06-17 10:54:53,B,1069.25,2,10
2021-06-17 10:54:53,B,1069.0,2,11
2021-06-17 10:54:53,B,1068.9,1,5
2021-06-17 10:54:53,B,1068.85,2,6
2021-06-17 10:54:56,S,1070.95,1,1
2021-06-17 10:54:56,S,1071.1,3,5
2021-06-17 10:54:56,S,1071.15,2,11
2021-06-17 10:54:56,S,1071.2,1,3
2021-06-17 10:54:56,S,1071.25,1,11
2021-06-17 10:54:56,B,1070.0,4,37
2021-06-17 10:54:56,B,1069.25,2,10
2021-06-17 10:54:56,B,1069.0,2,11
2021-06-17 10:54:56,B,1068.9,1,5
2021-06-17 10:54:56,B,1068.85,2,6
2021-06-17 10:54:57,S,1069.7,2,10
2021-06-17 10:54:57,S,1069.8,2,7
2021-06-17 10:54:57,S,1069.85,2,16
2021-06-17 10:54:57,S,1069.9,2,2
2021-06-17 10:54:57,S,1069.95,1,1
2021-06-17 10:54:57,B,1069.0,1,10
2021-06-17 10:54:57,B,1068.55,1,5
2021-06-17 10:54:57,B,1068.2,2,4
2021-06-17 10:54:57,B,1068.0,4,54
2021-06-17 10:54:57,B,1067.65,2,16
2021-06-17 10:55:00,S,1069.65,1,1
2021-06-17 10:55:00,S,1069.7,1,1
2021-06-17 10:55:00,S,1069.95,3,8
2021-06-17 10:55:00,S,1070.0,2,64
2021-06-17 10:55:00,S,1070.35,2,4
2021-06-17 10:55:00,B,1069.0,1,10
2021-06-17 10:55:00,B,1068.6,1,1
2021-06-17 10:55:00,B,1068.55,1,5
2021-06-17 10:55:00,B,1068.2,2,4
2021-06-17 10:55:00,B,1068.1,1,9
2021-06-17 10:55:03,S,1069.6,1,1
2021-06-17 10:55:03,S,1069.65,1,1
2021-06-17 10:55:03,S,1069.95,3,8
2021-06-17 10:55:03,S,1070.0,2,64
2021-06-17 10:55:03,S,1070.3,1,9
2021-06-17 10:55:03,B,1069.0,1,10
2021-06-17 10:55:03,B,1068.6,2,3
2021-06-17 10:55:03,B,1068.55,1,10
2021-06-17 10:55:03,B,1068.2,2,4
2021-06-17 10:55:03,B,1068.0,4,54
2021-06-17 10:55:07,S,1069.9,1,1
2021-06-17 10:55:07,S,1069.95,3,8
2021-06-17 10:55:07,S,1070.0,2,64
2021-06-17 10:55:07,S,1070.3,1,9
2021-06-17 10:55:07,S,1070.35,2,4
2021-06-17 10:55:07,B,1069.0,1,10
2021-06-17 10:55:07,B,1068.6,2,3
2021-06-17 10:55:07,B,1068.55,1,10
2021-06-17 10:55:07,B,1068.2,2,4
2021-06-17 10:55:07,B,1068.0,4,54
2021-06-17 10:55:28,S,1069.9,1,1
2021-06-17 10:55:28,S,1069.95,1,6
2021-06-17 10:55:28,S,1070.0,2,64
2021-06-17 10:55:28,S,1070.25,1,1
2021-06-17 10:55:28,S,1070.3,1,9
2021-06-17 10:55:28,B,1069.0,2,29
2021-06-17 10:55:28,B,1068.65,1,1
2021-06-17 10:55:28,B,1068.6,1,2
2021-06-17 10:55:28,B,1068.55,1,10
2021-06-17 10:55:28,B,1068.2,2,4
2021-06-17 10:55:46,S,1069.9,1,1
2021-06-17 10:55:46,S,1069.95,1,6
2021-06-17 10:55:46,S,1070.0,1,63
2021-06-17 10:55:46,S,1070.25,1,1
2021-06-17 10:55:46,S,1070.3,1,9
2021-06-17 10:55:46,B,1069.0,2,29
2021-06-17 10:55:46,B,1068.65,1,1
2021-06-17 10:55:46,B,1068.6,1,2
2021-06-17 10:55:46,B,1068.55,1,10
2021-06-17 10:55:46,B,1068.2,2,4
2021-06-17 10:55:50,S,1069.9,1,1
2021-06-17 10:55:50,S,1069.95,1,6
2021-06-17 10:55:50,S,1070.0,1,63
2021-06-17 10:55:50,S,1070.25,1,1
2021-06-17 10:55:50,S,1070.3,1,9
2021-06-17 10:55:50,B,1069.0,2,29
2021-06-17 10:55:50,B,1068.65,1,1
2021-06-17 10:55:50,B,1068.6,1,2
2021-06-17 10:55:50,B,1068.55,1,10
2021-06-17 10:55:50,B,1068.2,2,4
2021-06-17 10:56:01,S,1069.9,2,3
2021-06-17 10:56:01,S,1069.95,1,6
2021-06-17 10:56:01,S,1070.0,2,64
2021-06-17 10:56:01,S,1070.25,1,1
2021-06-17 10:56:01,S,1070.3,1,9
2021-06-17 10:56:01,B,1069.0,2,29
2021-06-17 10:56:01,B,1068.65,1,1
2021-06-17 10:56:01,B,1068.6,1,2
2021-06-17 10:56:01,B,1068.55,1,10
2021-06-17 10:56:01,B,1068.2,2,4
2021-06-17 10:56:12,S,1069.9,2,2
2021-06-17 10:56:12,S,1069.95,1,6
2021-06-17 10:56:12,S,1070.0,1,63
2021-06-17 10:56:12,S,1070.25,1,1
2021-06-17 10:56:12,S,1070.3,2,15
2021-06-17 10:56:12,B,1069.05,1,1
2021-06-17 10:56:12,B,1069.0,2,29
2021-06-17 10:56:12,B,1068.7,1,2
2021-06-17 10:56:12,B,1068.6,1,2
2021-06-17 10:56:12,B,1068.55,1,10
2021-06-17 10:56:16,S,1069.9,2,2
2021-06-17 10:56:16,S,1069.95,1,6
2021-06-17 10:56:16,S,1070.0,1,63
2021-06-17 10:56:16,S,1070.3,2,15
2021-06-17 10:56:16,S,1070.35,3,14
2021-06-17 10:56:16,B,1069.7,1,1
2021-06-17 10:56:16,B,1069.05,1,1
2021-06-17 10:56:16,B,1069.0,2,29
2021-06-17 10:56:16,B,1068.7,1,2
2021-06-17 10:56:16,B,1068.6,1,2
2021-06-17 10:56:20,S,1069.9,2,2
2021-06-17 10:56:20,S,1069.95,1,6
2021-06-17 10:56:20,S,1070.0,1,63
2021-06-17 10:56:20,S,1070.3,1,6
2021-06-17 10:56:20,S,1070.35,3,14
2021-06-17 10:56:20,B,1069.7,1,1
2021-06-17 10:56:20,B,1069.05,1,1
2021-06-17 10:56:20,B,1069.0,2,29
2021-06-17 10:56:20,B,1068.7,1,2
2021-06-17 10:56:20,B,1068.6,1,2
2021-06-17 10:56:24,S,1069.9,2,2
2021-06-17 10:56:24,S,1069.95,1,6
2021-06-17 10:56:24,S,1070.0,1,63
2021-06-17 10:56:24,S,1070.35,2,4
2021-06-17 10:56:24,S,1070.5,1,9
2021-06-17 10:56:24,B,1069.7,1,1
2021-06-17 10:56:24,B,1069.05,1,1
2021-06-17 10:56:24,B,1069.0,2,29
2021-06-17 10:56:24,B,1068.7,1,2
2021-06-17 10:56:24,B,1068.6,1,2
2021-06-17 10:56:30,S,1069.9,2,2
2021-06-17 10:56:30,S,1069.95,1,6
2021-06-17 10:56:30,S,1070.0,1,63
2021-06-17 10:56:30,S,1070.35,2,4
2021-06-17 10:56:30,S,1070.5,1,9
2021-06-17 10:56:30,B,1069.7,1,1
2021-06-17 10:56:30,B,1069.15,1,1
2021-06-17 10:56:30,B,1069.1,1,10
2021-06-17 10:56:30,B,1069.0,2,29
2021-06-17 10:56:30,B,1068.7,1,2
2021-06-17 10:56:39,S,1069.9,2,2
2021-06-17 10:56:39,S,1069.95,3,13
2021-06-17 10:56:39,S,1070.0,3,212
2021-06-17 10:56:39,S,1070.35,2,4
2021-06-17 10:56:39,S,1070.5,1,3
2021-06-17 10:56:39,B,1069.7,1,1
2021-06-17 10:56:39,B,1069.05,1,1
2021-06-17 10:56:39,B,1069.0,2,29
2021-06-17 10:56:39,B,1068.7,1,2
2021-06-17 10:56:39,B,1068.25,1,5
2021-06-17 10:56:41,S,1069.9,2,2
2021-06-17 10:56:41,S,1069.95,2,12
2021-06-17 10:56:41,S,1070.0,3,212
2021-06-17 10:56:41,S,1070.35,2,4
2021-06-17 10:56:41,S,1070.5,1,3
2021-06-17 10:56:41,B,1069.7,1,1
2021-06-17 10:56:41,B,1069.05,1,1
2021-06-17 10:56:41,B,1069.0,2,29
2021-06-17 10:56:41,B,1068.75,1,9
2021-06-17 10:56:41,B,1068.7,1,2
2021-06-17 10:56:49,S,1069.9,2,2
2021-06-17 10:56:49,S,1069.95,2,12
2021-06-17 10:56:49,S,1070.0,2,211
2021-06-17 10:56:49,S,1070.35,2,4
2021-06-17 10:56:49,S,1070.5,1,3
2021-06-17 10:56:49,B,1069.7,1,1
2021-06-17 10:56:49,B,1069.05,1,1
2021-06-17 10:56:49,B,1069.0,2,29
2021-06-17 10:56:49,B,1068.75,1,9
2021-06-17 10:56:49,B,1068.7,1,2
2021-06-17 10:56:51,S,1069.9,2,2
2021-06-17 10:56:51,S,1069.95,2,12
2021-06-17 10:56:51,S,1070.0,2,211
2021-06-17 10:56:51,S,1070.35,2,4
2021-06-17 10:56:51,S,1070.5,1,3
2021-06-17 10:56:51,B,1069.7,1,1
2021-06-17 10:56:51,B,1069.05,1,1
2021-06-17 10:56:51,B,1069.0,2,29
2021-06-17 10:56:51,B,1068.75,1,9
2021-06-17 10:56:51,B,1068.7,1,2
2021-06-17 10:56:55,S,1069.9,2,2
2021-06-17 10:56:55,S,1069.95,2,12
2021-06-17 10:56:55,S,1070.0,2,211
2021-06-17 10:56:55,S,1070.35,2,4
2021-06-17 10:56:55,S,1070.5,1,3
2021-06-17 10:56:55,B,1069.7,1,1
2021-06-17 10:56:55,B,1069.05,1,1
2021-06-17 10:56:55,B,1069.0,2,29
2021-06-17 10:56:55,B,1068.7,1,2
2021-06-17 10:56:55,B,1068.25,1,5
2021-06-17 10:56:57,S,1069.9,2,2
2021-06-17 10:56:57,S,1069.95,2,12
2021-06-17 10:56:57,S,1070.0,2,211
2021-06-17 10:56:57,S,1070.35,2,4
2021-06-17 10:56:57,S,1070.5,1,3
2021-06-17 10:56:57,B,1069.7,1,1
2021-06-17 10:56:57,B,1069.05,1,1
2021-06-17 10:56:57,B,1069.0,2,29
2021-06-17 10:56:57,B,1068.85,1,10
2021-06-17 10:56:57,B,1068.7,1,2
2021-06-17 10:57:04,S,1069.9,2,2
2021-06-17 10:57:04,S,1069.95,2,12
2021-06-17 10:57:04,S,1070.0,2,211
2021-06-17 10:57:04,S,1070.35,2,4
2021-06-17 10:57:04,S,1070.5,1,3
2021-06-17 10:57:04,B,1069.7,1,1
2021-06-17 10:57:04,B,1069.05,1,1
2021-06-17 10:57:04,B,1069.0,2,29
2021-06-17 10:57:04,B,1068.85,1,10
2021-06-17 10:57:04,B,1068.7,1,2
2021-06-17 10:57:06,S,1069.9,2,2
2021-06-17 10:57:06,S,1069.95,2,12
2021-06-17 10:57:06,S,1070.0,2,211
2021-06-17 10:57:06,S,1070.35,2,4
2021-06-17 10:57:06,S,1070.5,1,3
2021-06-17 10:57:06,B,1069.7,1,1
2021-06-17 10:57:06,B,1069.05,1,1
2021-06-17 10:57:06,B,1069.0,2,29
2021-06-17 10:57:06,B,1068.85,1,10
2021-06-17 10:57:06,B,1068.7,1,2
2021-06-17 10:57:09,S,1069.9,2,2
2021-06-17 10:57:09,S,1069.95,2,12
2021-06-17 10:57:09,S,1070.0,2,211
2021-06-17 10:57:09,S,1070.35,2,4
2021-06-17 10:57:09,S,1070.5,1,3
2021-06-17 10:57:09,B,1069.7,1,1
2021-06-17 10:57:09,B,1069.05,1,1
2021-06-17 10:57:09,B,1069.0,2,29
2021-06-17 10:57:09,B,1068.85,1,10
2021-06-17 10:57:09,B,1068.7,1,2
2021-06-17 10:57:10,S,1069.75,1,1
2021-06-17 10:57:10,S,1069.8,1,1
2021-06-17 10:57:10,S,1069.9,2,2
2021-06-17 10:57:10,S,1069.95,3,13
2021-06-17 10:57:10,S,1070.0,2,211
2021-06-17 10:57:10,B,1069.0,2,29
2021-06-17 10:57:10,B,1068.7,1,2
2021-06-17 10:57:10,B,1068.5,1,9
2021-06-17 10:57:10,B,1068.2,2,4
2021-06-17 10:57:10,B,1068.05,1,3
2021-06-17 10:57:12,S,1069.75,1,1
2021-06-17 10:57:12,S,1069.8,1,1
2021-06-17 10:57:12,S,1069.9,1,1
2021-06-17 10:57:12,S,1069.95,3,13
2021-06-17 10:57:12,S,1070.0,2,211
2021-06-17 10:57:12,B,1069.0,2,29
2021-06-17 10:57:12,B,1068.7,1,2
2021-06-17 10:57:12,B,1068.35,2,11
2021-06-17 10:57:12,B,1068.2,2,4
2021-06-17 10:57:12,B,1068.05,1,3
2021-06-17 10:57:14,S,1069.75,2,2
2021-06-17 10:57:14,S,1069.9,2,2
2021-06-17 10:57:14,S,1069.95,3,13
2021-06-17 10:57:14,S,1070.0,2,211
2021-06-17 10:57:14,S,1070.05,2,18
2021-06-17 10:57:14,B,1069.0,2,29
2021-06-17 10:57:14,B,1068.7,1,2
2021-06-17 10:57:14,B,1068.35,2,11
2021-06-17 10:57:14,B,1068.2,2,4
2021-06-17 10:57:14,B,1068.05,1,3
2021-06-17 10:57:27,S,1069.75,2,2
2021-06-17 10:57:27,S,1069.9,1,1
2021-06-17 10:57:27,S,1069.95,3,13
2021-06-17 10:57:27,S,1070.0,2,211
2021-06-17 10:57:27,S,1070.05,2,18
2021-06-17 10:57:27,B,1069.0,2,29
2021-06-17 10:57:27,B,1068.7,1,2
2021-06-17 10:57:27,B,1068.35,2,11
2021-06-17 10:57:27,B,1068.2,2,4
2021-06-17 10:57:27,B,1068.05,1,3
2021-06-17 10:57:30,S,1069.0,1,10
2021-06-17 10:57:30,S,1069.45,2,2
2021-06-17 10:57:30,S,1069.5,2,10
2021-06-17 10:57:30,S,1069.65,1,1
2021-06-17 10:57:30,S,1069.7,1,15
2021-06-17 10:57:30,B,1068.2,1,3
2021-06-17 10:57:30,B,1068.0,5,57
2021-06-17 10:57:30,B,1067.9,1,9
2021-06-17 10:57:30,B,1067.7,1,2
2021-06-17 10:57:30,B,1067.65,1,8
2021-06-17 10:57:32,S,1068.95,1,1
2021-06-17 10:57:32,S,1069.0,2,11
2021-06-17 10:57:32,S,1069.05,1,3
2021-06-17 10:57:32,S,1069.35,2,4
2021-06-17 10:57:32,S,1069.4,2,2
2021-06-17 10:57:32,B,1068.0,4,54
2021-06-17 10:57:32,B,1067.8,1,10
2021-06-17 10:57:32,B,1067.7,1,2
2021-06-17 10:57:32,B,1067.55,1,2
2021-06-17 10:57:32,B,1067.15,1,3
2021-06-17 10:57:34,S,1068.95,2,2
2021-06-17 10:57:34,S,1069.0,1,10
2021-06-17 10:57:34,S,1069.05,1,3
2021-06-17 10:57:34,S,1069.35,2,4
2021-06-17 10:57:34,S,1069.4,2,2
2021-06-17 10:57:34,B,1068.0,4,54
2021-06-17 10:57:34,B,1067.7,1,2
2021-06-17 10:57:34,B,1067.6,1,10
2021-06-17 10:57:34,B,1067.55,1,2
2021-06-17 10:57:34,B,1067.15,1,3
2021-06-17 10:57:40,S,1068.95,2,2
2021-06-17 10:57:40,S,1069.0,1,10
2021-06-17 10:57:40,S,1069.05,1,3
2021-06-17 10:57:40,S,1069.35,2,4
2021-06-17 10:57:40,S,1069.4,2,2
2021-06-17 10:57:40,B,1068.0,4,54
2021-06-17 10:57:40,B,1067.7,1,2
2021-06-17 10:57:40,B,1067.6,2,11
2021-06-17 10:57:40,B,1067.55,1,2
2021-06-17 10:57:40,B,1067.15,1,3
2021-06-17 10:57:55,S,1068.95,2,2
2021-06-17 10:57:55,S,1069.0,1,10
2021-06-17 10:57:55,S,1069.05,1,3
2021-06-17 10:57:55,S,1069.35,2,4
2021-06-17 10:57:55,S,1069.4,2,2
2021-06-17 10:57:55,B,1068.0,4,54
2021-06-17 10:57:55,B,1067.7,1,2
2021-06-17 10:57:55,B,1067.6,2,11
2021-06-17 10:57:55,B,1067.55,1,2
2021-06-17 10:57:55,B,1067.15,1,3
2021-06-17 10:57:55,S,1068.95,1,1
2021-06-17 10:57:55,S,1069.0,2,11
2021-06-17 10:57:55,S,1069.05,1,3
2021-06-17 10:57:55,S,1069.35,2,4
2021-06-17 10:57:55,S,1069.4,2,2
2021-06-17 10:57:55,B,1068.05,1,1
2021-06-17 10:57:55,B,1068.0,4,54
2021-06-17 10:57:55,B,1067.7,2,3
2021-06-17 10:57:55,B,1067.6,2,11
2021-06-17 10:57:55,B,1067.55,1,2
2021-06-17 10:57:57,S,1068.95,1,1
2021-06-17 10:57:57,S,1069.0,2,11
2021-06-17 10:57:57,S,1069.05,1,3
2021-06-17 10:57:57,S,1069.35,2,4
2021-06-17 10:57:57,S,1069.4,2,2
2021-06-17 10:57:57,B,1068.05,1,1
2021-06-17 10:57:57,B,1068.0,4,54
2021-06-17 10:57:57,B,1067.7,2,3
2021-06-17 10:57:57,B,1067.6,2,11
2021-06-17 10:57:57,B,1067.55,1,2
2021-06-17 10:57:59,S,1068.95,1,1
2021-06-17 10:57:59,S,1069.0,2,11
2021-06-17 10:57:59,S,1069.05,1,3
2021-06-17 10:57:59,S,1069.35,2,4
2021-06-17 10:57:59,S,1069.4,2,2
2021-06-17 10:57:59,B,1068.05,1,1
2021-06-17 10:57:59,B,1068.0,4,54
2021-06-17 10:57:59,B,1067.7,2,3
2021-06-17 10:57:59,B,1067.6,2,11
2021-06-17 10:57:59,B,1067.55,1,2
2021-06-17 10:58:03,S,1068.95,1,1
2021-06-17 10:58:03,S,1069.0,2,11
2021-06-17 10:58:03,S,1069.05,1,3
2021-06-17 10:58:03,S,1069.35,2,4
2021-06-17 10:58:03,S,1069.4,2,2
2021-06-17 10:58:03,B,1068.05,1,1
2021-06-17 10:58:03,B,1068.0,4,54
2021-06-17 10:58:03,B,1067.7,2,3
2021-06-17 10:58:03,B,1067.6,2,11
2021-06-17 10:58:03,B,1067.55,1,2
2021-06-17 10:58:04,S,1068.05,1,1
2021-06-17 10:58:04,S,1068.65,1,7
2021-06-17 10:58:04,S,1068.7,2,8
2021-06-17 10:58:04,S,1068.75,2,8
2021-06-17 10:58:04,S,1068.8,2,8
2021-06-17 10:58:04,B,1068.0,4,54
2021-06-17 10:58:04,B,1067.45,1,5
2021-06-17 10:58:04,B,1067.4,1,9
2021-06-17 10:58:04,B,1067.15,1,3
2021-06-17 10:58:04,B,1067.0,4,159
2021-06-17 10:58:06,S,1068.05,1,1
2021-06-17 10:58:06,S,1068.6,1,3
2021-06-17 10:58:06,S,1068.65,2,8
2021-06-17 10:58:06,S,1068.7,2,8
2021-06-17 10:58:06,S,1068.75,2,8
2021-06-17 10:58:06,B,1068.0,4,54
2021-06-17 10:58:06,B,1067.45,1,5
2021-06-17 10:58:06,B,1067.4,1,9
2021-06-17 10:58:06,B,1067.15,1,3
2021-06-17 10:58:06,B,1067.0,4,159
2021-06-17 10:58:07,S,1068.05,1,1
2021-06-17 10:58:07,S,1068.6,1,3
2021-06-17 10:58:07,S,1068.65,2,8
2021-06-17 10:58:07,S,1068.7,2,8
2021-06-17 10:58:07,S,1068.75,2,8
2021-06-17 10:58:07,B,1068.0,4,54
2021-06-17 10:58:07,B,1067.45,1,5
2021-06-17 10:58:07,B,1067.4,1,9
2021-06-17 10:58:07,B,1067.15,1,3
2021-06-17 10:58:07,B,1067.0,4,159
2021-06-17 10:58:10,S,1068.05,1,1
2021-06-17 10:58:10,S,1068.6,1,3
2021-06-17 10:58:10,S,1068.65,2,8
2021-06-17 10:58:10,S,1068.7,2,8
2021-06-17 10:58:10,S,1068.75,2,8
2021-06-17 10:58:10,B,1068.0,4,54
2021-06-17 10:58:10,B,1067.45,1,5
2021-06-17 10:58:10,B,1067.4,1,9
2021-06-17 10:58:10,B,1067.15,1,3
2021-06-17 10:58:10,B,1067.0,4,159
2021-06-17 10:58:11,S,1067.9,1,1
2021-06-17 10:58:11,S,1067.95,1,6
2021-06-17 10:58:11,S,1068.0,2,95
2021-06-17 10:58:11,S,1068.55,3,12
2021-06-17 10:58:11,S,1068.6,2,4
2021-06-17 10:58:11,B,1067.05,1,5
2021-06-17 10:58:11,B,1067.0,4,159
2021-06-17 10:58:11,B,1066.55,2,5
2021-06-17 10:58:11,B,1066.45,1,10
2021-06-17 10:58:11,B,1066.3,1,4
2021-06-17 10:58:13,S,1067.9,2,2
2021-06-17 10:58:13,S,1067.95,1,6
2021-06-17 10:58:13,S,1068.0,1,94
2021-06-17 10:58:13,S,1068.15,1,3
2021-06-17 10:58:13,S,1068.55,3,12
2021-06-17 10:58:13,B,1067.05,1,5
2021-06-17 10:58:13,B,1067.0,4,159
2021-06-17 10:58:13,B,1066.7,1,9
2021-06-17 10:58:13,B,1066.55,2,5
2021-06-17 10:58:13,B,1066.45,1,10
2021-06-17 10:58:15,S,1067.9,2,2
2021-06-17 10:58:15,S,1067.95,1,6
2021-06-17 10:58:15,S,1068.0,1,94
2021-06-17 10:58:15,S,1068.15,1,3
2021-06-17 10:58:15,S,1068.55,3,12
2021-06-17 10:58:15,B,1067.05,1,5
2021-06-17 10:58:15,B,1067.0,4,159
2021-06-17 10:58:15,B,1066.7,1,9
2021-06-17 10:58:15,B,1066.55,2,5
2021-06-17 10:58:15,B,1066.45,1,10
2021-06-17 10:58:19,S,1067.9,2,2
2021-06-17 10:58:19,S,1067.95,1,6
2021-06-17 10:58:19,S,1068.0,1,94
2021-06-17 10:58:19,S,1068.15,1,3
2021-06-17 10:58:19,S,1068.55,3,12
2021-06-17 10:58:19,B,1067.05,1,5
2021-06-17 10:58:19,B,1067.0,4,159
2021-06-17 10:58:19,B,1066.7,1,9
2021-06-17 10:58:19,B,1066.55,2,5
2021-06-17 10:58:19,B,1066.45,1,10
2021-06-17 10:58:26,S,1067.9,2,2
2021-06-17 10:58:26,S,1067.95,1,6
2021-06-17 10:58:26,S,1068.0,1,94
2021-06-17 10:58:26,S,1068.15,1,3
2021-06-17 10:58:26,S,1068.55,3,12
2021-06-17 10:58:26,B,1067.05,1,5
2021-06-17 10:58:26,B,1067.0,4,159
2021-06-17 10:58:26,B,1066.55,3,14
2021-06-17 10:58:26,B,1066.45,1,10
2021-06-17 10:58:26,B,1066.3,1,4
2021-06-17 10:58:37,S,1067.9,2,2
2021-06-17 10:58:37,S,1067.95,2,16
2021-06-17 10:58:37,S,1068.0,1,94
2021-06-17 10:58:37,S,1068.15,1,3
2021-06-17 10:58:37,S,1068.55,2,2
2021-06-17 10:58:37,B,1067.05,1,5
2021-06-17 10:58:37,B,1067.0,4,159
2021-06-17 10:58:37,B,1066.55,2,5
2021-06-17 10:58:37,B,1066.45,1,10
2021-06-17 10:58:37,B,1066.3,1,4
2021-06-17 10:58:39,S,1067.9,2,2
2021-06-17 10:58:39,S,1067.95,1,6
2021-06-17 10:58:39,S,1068.0,1,94
2021-06-17 10:58:39,S,1068.05,1,9
2021-06-17 10:58:39,S,1068.15,1,3
2021-06-17 10:58:39,B,1067.05,1,5
2021-06-17 10:58:39,B,1067.0,4,159
2021-06-17 10:58:39,B,1066.55,2,5
2021-06-17 10:58:39,B,1066.5,1,9
2021-06-17 10:58:39,B,1066.45,1,10
2021-06-17 10:58:42,S,1067.95,1,1
2021-06-17 10:58:42,S,1068.0,1,94
2021-06-17 10:58:42,S,1068.15,2,4
2021-06-17 10:58:42,S,1068.3,1,9
2021-06-17 10:58:42,S,1068.55,2,2
2021-06-17 10:58:42,B,1067.1,1,1
2021-06-17 10:58:42,B,1067.05,1,5
2021-06-17 10:58:42,B,1067.0,4,159
2021-06-17 10:58:42,B,1066.55,1,4
2021-06-17 10:58:42,B,1066.5,1,9
2021-06-17 10:58:57,S,1067.95,1,1
2021-06-17 10:58:57,S,1068.0,2,95
2021-06-17 10:58:57,S,1068.15,2,4
2021-06-17 10:58:57,S,1068.4,1,9
2021-06-17 10:58:57,S,1068.55,2,2
2021-06-17 10:58:57,B,1067.1,1,1
2021-06-17 10:58:57,B,1067.05,1,5
2021-06-17 10:58:57,B,1067.0,4,159
2021-06-17 10:58:57,B,1066.55,1,4
2021-06-17 10:58:57,B,1066.5,1,9
2021-06-17 10:59:08,S,1067.95,1,1
2021-06-17 10:59:08,S,1068.0,2,95
2021-06-17 10:59:08,S,1068.15,2,4
2021-06-17 10:59:08,S,1068.4,1,9
2021-06-17 10:59:08,S,1068.55,2,2
2021-06-17 10:59:08,B,1067.1,1,1
2021-06-17 10:59:08,B,1067.05,1,5
2021-06-17 10:59:08,B,1067.0,4,159
2021-06-17 10:59:08,B,1066.55,1,4
2021-06-17 10:59:08,B,1066.5,1,9
2021-06-17 10:59:10,S,1067.95,1,1
2021-06-17 10:59:10,S,1068.0,1,94
2021-06-17 10:59:10,S,1068.15,2,4
2021-06-17 10:59:10,S,1068.4,1,9
2021-06-17 10:59:10,S,1068.55,2,2
2021-06-17 10:59:10,B,1067.1,1,1
2021-06-17 10:59:10,B,1067.05,1,5
2021-06-17 10:59:10,B,1067.0,4,159
2021-06-17 10:59:10,B,1066.55,1,4
2021-06-17 10:59:10,B,1066.5,1,9
2021-06-17 10:59:22,S,1067.95,1,1
2021-06-17 10:59:22,S,1068.0,2,95
2021-06-17 10:59:22,S,1068.15,2,4
2021-06-17 10:59:22,S,1068.5,1,9
2021-06-17 10:59:22,S,1068.55,2,2
2021-06-17 10:59:22,B,1067.1,1,1
2021-06-17 10:59:22,B,1067.05,1,5
2021-06-17 10:59:22,B,1067.0,4,159
2021-06-17 10:59:22,B,1066.55,1,4
2021-06-17 10:59:22,B,1066.5,1,9
2021-06-17 10:59:24,S,1067.95,1,1
2021-06-17 10:59:24,S,1068.0,2,95
2021-06-17 10:59:24,S,1068.15,2,4
2021-06-17 10:59:24,S,1068.5,1,9
2021-06-17 10:59:24,S,1068.55,2,2
2021-06-17 10:59:24,B,1067.1,1,1
2021-06-17 10:59:24,B,1067.05,1,5
2021-06-17 10:59:24,B,1067.0,4,159
2021-06-17 10:59:24,B,1066.55,1,4
2021-06-17 10:59:24,B,1066.5,1,9
2021-06-17 10:59:26,S,1067.95,1,1
2021-06-17 10:59:26,S,1068.0,2,95
2021-06-17 10:59:26,S,1068.15,2,4
2021-06-17 10:59:26,S,1068.5,1,9
2021-06-17 10:59:26,S,1068.55,2,2
2021-06-17 10:59:26,B,1067.1,1,1
2021-06-17 10:59:26,B,1067.05,1,5
2021-06-17 10:59:26,B,1067.0,4,159
2021-06-17 10:59:26,B,1066.55,1,4
2021-06-17 10:59:26,B,1066.5,1,9
2021-06-17 10:59:27,S,1068.0,2,95
2021-06-17 10:59:27,S,1068.15,2,4
2021-06-17 10:59:27,S,1068.5,2,10
2021-06-17 10:59:27,S,1068.55,2,2
2021-06-17 10:59:27,S,1068.6,2,4
2021-06-17 10:59:27,B,1067.1,1,1
2021-06-17 10:59:27,B,1067.05,1,5
2021-06-17 10:59:27,B,1067.0,4,159
2021-06-17 10:59:27,B,1066.55,1,4
2021-06-17 10:59:27,B,1066.5,1,9
2021-06-17 10:59:31,S,1068.0,2,95
2021-06-17 10:59:31,S,1068.15,2,4
2021-06-17 10:59:31,S,1068.55,2,2
2021-06-17 10:59:31,S,1068.6,3,10
2021-06-17 10:59:31,S,1068.65,3,18
2021-06-17 10:59:31,B,1067.1,2,11
2021-06-17 10:59:31,B,1067.05,1,5
2021-06-17 10:59:31,B,1067.0,5,179
2021-06-17 10:59:31,B,1066.55,1,4
2021-06-17 10:59:31,B,1066.45,1,10
2021-06-17 10:59:36,S,1068.0,2,94
2021-06-17 10:59:36,S,1068.15,2,4
2021-06-17 10:59:36,S,1068.55,2,2
2021-06-17 10:59:36,S,1068.6,3,10
2021-06-17 10:59:36,S,1068.65,3,18
2021-06-17 10:59:36,B,1067.1,2,11
2021-06-17 10:59:36,B,1067.05,1,5
2021-06-17 10:59:36,B,1067.0,5,179
2021-06-17 10:59:36,B,1066.55,1,4
2021-06-17 10:59:36,B,1066.45,1,10
2021-06-17 10:59:42,S,1068.0,2,94
2021-06-17 10:59:42,S,1068.15,2,4
2021-06-17 10:59:42,S,1068.55,2,2
2021-06-17 10:59:42,S,1068.6,3,10
2021-06-17 10:59:42,S,1068.65,3,18
2021-06-17 10:59:42,B,1067.1,2,11
2021-06-17 10:59:42,B,1067.05,1,5
2021-06-17 10:59:42,B,1067.0,5,179
2021-06-17 10:59:42,B,1066.55,1,4
2021-06-17 10:59:42,B,1066.45,1,10
2021-06-17 10:59:49,S,1068.0,2,94
2021-06-17 10:59:49,S,1068.15,1,3
2021-06-17 10:59:49,S,1068.55,2,2
2021-06-17 10:59:49,S,1068.6,3,10
2021-06-17 10:59:49,S,1068.65,3,18
2021-06-17 10:59:49,B,1067.1,2,11
2021-06-17 10:59:49,B,1067.05,1,5
2021-06-17 10:59:49,B,1067.0,5,179
2021-06-17 10:59:49,B,1066.55,1,4
2021-06-17 10:59:49,B,1066.45,1,10
2021-06-17 10:59:54,S,1068.0,2,94
2021-06-17 10:59:54,S,1068.15,1,3
2021-06-17 10:59:54,S,1068.55,2,2
2021-06-17 10:59:54,S,1068.6,3,10
2021-06-17 10:59:54,S,1068.65,3,18
2021-06-17 10:59:54,B,1067.1,2,11
2021-06-17 10:59:54,B,1067.05,1,5
2021-06-17 10:59:54,B,1067.0,5,179
2021-06-17 10:59:54,B,1066.55,1,4
2021-06-17 10:59:54,B,1066.45,1,10
2021-06-17 10:59:55,S,1068.0,2,2
2021-06-17 10:59:55,S,1068.3,1,7
2021-06-17 10:59:55,S,1068.35,1,7
2021-06-17 10:59:55,S,1068.4,2,8
2021-06-17 10:59:55,S,1068.45,1,7
2021-06-17 10:59:55,B,1067.1,2,11
2021-06-17 10:59:55,B,1067.05,1,5
2021-06-17 10:59:55,B,1067.0,5,179
2021-06-17 10:59:55,B,1066.55,1,4
2021-06-17 10:59:55,B,1066.45,1,10
2021-06-17 10:59:56,S,1068.0,2,2
2021-06-17 10:59:56,S,1068.3,1,7
2021-06-17 10:59:56,S,1068.35,1,7
2021-06-17 10:59:56,S,1068.4,2,8
2021-06-17 10:59:56,S,1068.45,1,7
2021-06-17 10:59:56,B,1067.1,2,11
2021-06-17 10:59:56,B,1067.05,1,5
2021-06-17 10:59:56,B,1067.0,5,179
2021-06-17 10:59:56,B,1066.55,1,4
2021-06-17 10:59:56,B,1066.45,1,10
2021-06-17 10:59:57,S,1068.05,2,4
2021-06-17 10:59:57,S,1068.25,1,7
2021-06-17 10:59:57,S,1068.3,2,8
2021-06-17 10:59:57,S,1068.35,2,10
2021-06-17 10:59:57,S,1068.4,2,8
2021-06-17 10:59:57,B,1067.1,2,11
2021-06-17 10:59:57,B,1067.05,1,5
2021-06-17 10:59:57,B,1067.0,5,179
2021-06-17 10:59:57,B,1066.55,1,4
2021-06-17 10:59:57,B,1066.45,1,10
2021-06-17 11:00:01,S,1068.05,2,4
2021-06-17 11:00:01,S,1068.25,2,8
2021-06-17 11:00:01,S,1068.3,2,8
2021-06-17 11:00:01,S,1068.35,2,10
2021-06-17 11:00:01,S,1068.4,2,8
2021-06-17 11:00:01,B,1067.1,1,1
2021-06-17 11:00:01,B,1067.05,1,5
2021-06-17 11:00:01,B,1067.0,5,179
2021-06-17 11:00:01,B,1066.8,1,9
2021-06-17 11:00:01,B,1066.55,1,4
2021-06-17 11:00:31,S,1068.3,2,8
2021-06-17 11:00:31,S,1068.35,2,8
2021-06-17 11:00:31,S,1068.4,2,8
2021-06-17 11:00:31,S,1068.45,1,7
2021-06-17 11:00:31,S,1068.5,3,10
2021-06-17 11:00:31,B,1067.1,2,10
2021-06-17 11:00:31,B,1067.05,1,5
2021-06-17 11:00:31,B,1067.0,5,179
2021-06-17 11:00:31,B,1066.55,1,4
2021-06-17 11:00:31,B,1066.45,1,10
2021-06-17 11:00:37,S,1068.35,2,10
2021-06-17 11:00:37,S,1068.4,1,7
2021-06-17 11:00:37,S,1068.45,2,8
2021-06-17 11:00:37,S,1068.5,3,10
2021-06-17 11:00:37,S,1068.7,1,10
2021-06-17 11:00:37,B,1067.1,2,10
2021-06-17 11:00:37,B,1067.05,1,5
2021-06-17 11:00:37,B,1067.0,5,179
2021-06-17 11:00:37,B,1066.55,1,4
2021-06-17 11:00:37,B,1066.45,1,10
2021-06-17 11:00:43,S,1068.35,3,11
2021-06-17 11:00:43,S,1068.4,1,7
2021-06-17 11:00:43,S,1068.45,2,8
2021-06-17 11:00:43,S,1068.5,3,10
2021-06-17 11:00:43,S,1068.7,1,10
2021-06-17 11:00:43,B,1067.1,2,10
2021-06-17 11:00:43,B,1067.05,1,5
2021-06-17 11:00:43,B,1067.0,5,179
2021-06-17 11:00:43,B,1066.55,1,4
2021-06-17 11:00:43,B,1066.45,1,10
2021-06-17 11:00:47,S,1068.35,2,10
2021-06-17 11:00:47,S,1068.4,1,7
2021-06-17 11:00:47,S,1068.45,2,8
2021-06-17 11:00:47,S,1068.5,3,10
2021-06-17 11:00:47,S,1068.7,1,10
2021-06-17 11:00:47,B,1067.1,2,10
2021-06-17 11:00:47,B,1067.05,1,5
2021-06-17 11:00:47,B,1067.0,5,179
2021-06-17 11:00:47,B,1066.55,1,4
2021-06-17 11:00:47,B,1066.45,1,10
2021-06-17 11:00:49,S,1068.35,2,4
2021-06-17 11:00:49,S,1068.65,2,8
2021-06-17 11:00:49,S,1068.7,2,8
2021-06-17 11:00:49,S,1068.75,2,3
2021-06-17 11:00:49,S,1068.8,1,7
2021-06-17 11:00:49,B,1067.45,1,1
2021-06-17 11:00:49,B,1067.4,1,9
2021-06-17 11:00:49,B,1067.35,1,3
2021-06-17 11:00:49,B,1067.15,1,3
2021-06-17 11:00:49,B,1067.1,1,2
2021-06-17 11:00:51,S,1068.35,2,4
2021-06-17 11:00:51,S,1068.6,4,14
2021-06-17 11:00:51,S,1068.65,2,8
2021-06-17 11:00:51,S,1068.7,2,8
2021-06-17 11:00:51,S,1068.75,3,13
2021-06-17 11:00:51,B,1067.4,1,1
2021-06-17 11:00:51,B,1067.35,1,3
2021-06-17 11:00:51,B,1067.15,1,3
2021-06-17 11:00:51,B,1067.05,1,6
2021-06-17 11:00:51,B,1067.0,5,179
2021-06-17 11:00:53,S,1068.35,2,4
2021-06-17 11:00:53,S,1068.6,4,14
2021-06-17 11:00:53,S,1068.65,2,8
2021-06-17 11:00:53,S,1068.7,3,14
2021-06-17 11:00:53,S,1068.75,3,13
2021-06-17 11:00:53,B,1067.4,1,1
2021-06-17 11:00:53,B,1067.35,1,3
2021-06-17 11:00:53,B,1067.15,1,3
2021-06-17 11:00:53,B,1067.05,2,16
2021-06-17 11:00:53,B,1067.0,5,179
2021-06-17 11:00:55,S,1068.35,1,3
2021-06-17 11:00:55,S,1068.6,3,13
2021-06-17 11:00:55,S,1068.65,2,8
2021-06-17 11:00:55,S,1068.7,2,8
2021-06-17 11:00:55,S,1068.75,2,3
2021-06-17 11:00:55,B,1068.05,1,25
2021-06-17 11:00:55,B,1067.4,2,3
2021-06-17 11:00:55,B,1067.35,1,3
2021-06-17 11:00:55,B,1067.15,1,3
2021-06-17 11:00:55,B,1067.1,1,2
2021-06-17 11:00:57,S,1068.6,2,6
2021-06-17 11:00:57,S,1068.65,2,8
2021-06-17 11:00:57,S,1068.7,2,8
2021-06-17 11:00:57,S,1068.75,2,3
2021-06-17 11:00:57,S,1068.8,1,7
2021-06-17 11:00:57,B,1068.05,1,25
2021-06-17 11:00:57,B,1067.65,1,1
2021-06-17 11:00:57,B,1067.6,1,5
2021-06-17 11:00:57,B,1067.5,1,33
2021-06-17 11:00:57,B,1067.4,1,2
2021-06-17 11:00:58,S,1068.6,1,5
2021-06-17 11:00:58,S,1068.65,2,8
2021-06-17 11:00:58,S,1068.7,2,8
2021-06-17 11:00:58,S,1068.75,2,3
2021-06-17 11:00:58,S,1068.8,1,7
2021-06-17 11:00:58,B,1068.05,1,25
2021-06-17 11:00:58,B,1067.65,1,1
2021-06-17 11:00:58,B,1067.6,2,14
2021-06-17 11:00:58,B,1067.5,1,33
2021-06-17 11:00:58,B,1067.4,1,2
2021-06-17 11:01:02,S,1068.6,1,5
2021-06-17 11:01:02,S,1068.65,2,8
2021-06-17 11:01:02,S,1068.7,2,8
2021-06-17 11:01:02,S,1068.75,2,3
2021-06-17 11:01:02,S,1068.8,1,7
2021-06-17 11:01:02,B,1068.05,1,25
2021-06-17 11:01:02,B,1067.65,1,1
2021-06-17 11:01:02,B,1067.6,2,14
2021-06-17 11:01:02,B,1067.5,1,33
2021-06-17 11:01:02,B,1067.4,1,2
2021-06-17 11:01:03,S,1069.0,1,10
2021-06-17 11:01:03,S,1069.3,2,2
2021-06-17 11:01:03,S,1069.35,1,3
2021-06-17 11:01:03,S,1069.6,1,2
2021-06-17 11:01:03,S,1069.75,1,9
2021-06-17 11:01:03,B,1068.3,1,9
2021-06-17 11:01:03,B,1068.15,2,5
2021-06-17 11:01:03,B,1068.05,1,25
2021-06-17 11:01:03,B,1067.5,1,33
2021-06-17 11:01:03,B,1067.4,1,2
2021-06-17 11:01:05,S,1069.0,1,10
2021-06-17 11:01:05,S,1069.35,2,4
2021-06-17 11:01:05,S,1069.55,1,1
2021-06-17 11:01:05,S,1069.6,1,2
2021-06-17 11:01:05,S,1069.85,1,7
2021-06-17 11:01:05,B,1068.3,1,9
2021-06-17 11:01:05,B,1068.2,1,1
2021-06-17 11:01:05,B,1068.15,1,4
2021-06-17 11:01:05,B,1068.05,1,25
2021-06-17 11:01:05,B,1068.0,1,2
2021-06-17 11:01:08,S,1069.0,1,5
2021-06-17 11:01:08,S,1069.35,2,4
2021-06-17 11:01:08,S,1069.55,1,1
2021-06-17 11:01:08,S,1069.6,1,2
2021-06-17 11:01:08,S,1069.75,1,7
2021-06-17 11:01:08,B,1068.35,1,1
2021-06-17 11:01:08,B,1068.3,1,9
2021-06-17 11:01:08,B,1068.15,1,4
2021-06-17 11:01:08,B,1068.05,1,25
2021-06-17 11:01:08,B,1068.0,1,2
2021-06-17 11:01:15,S,1069.0,1,5
2021-06-17 11:01:15,S,1069.35,2,4
2021-06-17 11:01:15,S,1069.55,1,1
2021-06-17 11:01:15,S,1069.6,1,2
2021-06-17 11:01:15,S,1069.75,1,7
2021-06-17 11:01:15,B,1068.35,1,1
2021-06-17 11:01:15,B,1068.3,1,9
2021-06-17 11:01:15,B,1068.15,1,4
2021-06-17 11:01:15,B,1068.05,1,25
2021-06-17 11:01:15,B,1068.0,1,2
2021-06-17 11:01:37,S,1069.0,1,5
2021-06-17 11:01:37,S,1069.3,1,1
2021-06-17 11:01:37,S,1069.35,3,13
2021-06-17 11:01:37,S,1069.45,1,11
2021-06-17 11:01:37,S,1069.5,1,1
2021-06-17 11:01:37,B,1068.1,1,1
2021-06-17 11:01:37,B,1068.05,1,15
2021-06-17 11:01:37,B,1067.55,1,2
2021-06-17 11:01:37,B,1067.5,1,33
2021-06-17 11:01:37,B,1067.4,1,2
2021-06-17 11:01:39,S,1069.0,1,5
2021-06-17 11:01:39,S,1069.3,1,1
2021-06-17 11:01:39,S,1069.35,3,13
2021-06-17 11:01:39,S,1069.45,1,11
2021-06-17 11:01:39,S,1069.5,1,1
2021-06-17 11:01:39,B,1068.15,1,1
2021-06-17 11:01:39,B,1068.1,1,1
2021-06-17 11:01:39,B,1068.05,1,15
2021-06-17 11:01:39,B,1067.85,1,2
2021-06-17 11:01:39,B,1067.75,1,9
2021-06-17 11:01:48,S,1069.0,1,5
2021-06-17 11:01:48,S,1069.3,1,1
2021-06-17 11:01:48,S,1069.35,2,4
2021-06-17 11:01:48,S,1069.4,1,1
2021-06-17 11:01:48,S,1069.45,1,11
2021-06-17 11:01:48,B,1068.3,1,1
2021-06-17 11:01:48,B,1068.1,1,1
2021-06-17 11:01:48,B,1068.05,1,15
2021-06-17 11:01:48,B,1068.0,1,33
2021-06-17 11:01:48,B,1067.85,1,2
2021-06-17 11:01:48,S,1069.0,1,5
2021-06-17 11:01:48,S,1069.3,1,1
2021-06-17 11:01:48,S,1069.35,2,4
2021-06-17 11:01:48,S,1069.4,1,1
2021-06-17 11:01:48,S,1069.45,1,11
2021-06-17 11:01:48,B,1068.3,1,1
2021-06-17 11:01:48,B,1068.1,1,1
2021-06-17 11:01:48,B,1068.05,1,15
2021-06-17 11:01:48,B,1068.0,1,33
2021-06-17 11:01:48,B,1067.85,1,2
2021-06-17 11:01:49,S,1068.6,1,1
2021-06-17 11:01:49,S,1068.65,1,9
2021-06-17 11:01:49,S,1068.75,1,1
2021-06-17 11:01:49,S,1068.85,2,15
2021-06-17 11:01:49,S,1069.0,1,5
2021-06-17 11:01:49,B,1067.3,1,3
2021-06-17 11:01:49,B,1067.25,1,6
2021-06-17 11:01:49,B,1067.2,1,7
2021-06-17 11:01:49,B,1067.15,1,3
2021-06-17 11:01:49,B,1067.1,1,10
2021-06-17 11:01:52,S,1068.75,2,8
2021-06-17 11:01:52,S,1068.8,1,7
2021-06-17 11:01:52,S,1068.85,1,3
2021-06-17 11:01:52,S,1068.95,2,10
2021-06-17 11:01:52,S,1069.0,1,5
2021-06-17 11:01:52,B,1067.4,1,10
2021-06-17 11:01:52,B,1067.3,1,3
2021-06-17 11:01:52,B,1067.25,1,6
2021-06-17 11:01:52,B,1067.2,1,7
2021-06-17 11:01:52,B,1067.15,1,3
2021-06-17 11:01:54,S,1068.75,2,8
2021-06-17 11:01:54,S,1068.8,1,7
2021-06-17 11:01:54,S,1068.85,1,3
2021-06-17 11:01:54,S,1068.95,2,10
2021-06-17 11:01:54,S,1069.0,1,5
2021-06-17 11:01:54,B,1067.4,1,10
2021-06-17 11:01:54,B,1067.3,1,3
2021-06-17 11:01:54,B,1067.25,1,6
2021-06-17 11:01:54,B,1067.2,1,7
2021-06-17 11:01:54,B,1067.15,1,3
2021-06-17 11:01:58,S,1068.75,2,8
2021-06-17 11:01:58,S,1068.8,1,7
2021-06-17 11:01:58,S,1068.85,1,3
2021-06-17 11:01:58,S,1068.95,2,10
2021-06-17 11:01:58,S,1069.0,1,5
2021-06-17 11:01:58,B,1067.4,1,10
2021-06-17 11:01:58,B,1067.3,1,3
2021-06-17 11:01:58,B,1067.25,1,6
2021-06-17 11:01:58,B,1067.2,1,7
2021-06-17 11:01:58,B,1067.15,1,3
2021-06-17 11:02:00,S,1068.95,1,1
2021-06-17 11:02:00,S,1069.0,1,5
2021-06-17 11:02:00,S,1069.05,1,3
2021-06-17 11:02:00,S,1069.1,1,1
2021-06-17 11:02:00,S,1069.15,1,11
2021-06-17 11:02:00,B,1068.0,1,10
2021-06-17 11:02:00,B,1067.5,1,2
2021-06-17 11:02:00,B,1067.4,1,10
2021-06-17 11:02:00,B,1067.3,1,3
2021-06-17 11:02:00,B,1067.25,1,6
2021-06-17 11:02:16,S,1068.95,1,1
2021-06-17 11:02:16,S,1069.0,1,5
2021-06-17 11:02:16,S,1069.05,1,3
2021-06-17 11:02:16,S,1069.1,1,1
2021-06-17 11:02:16,S,1069.15,1,11
2021-06-17 11:02:16,B,1068.0,1,10
2021-06-17 11:02:16,B,1067.5,1,2
2021-06-17 11:02:16,B,1067.4,1,10
2021-06-17 11:02:16,B,1067.3,1,3
2021-06-17 11:02:16,B,1067.25,1,6
2021-06-17 11:02:21,S,1069.0,1,5
2021-06-17 11:02:21,S,1069.05,1,3
2021-06-17 11:02:21,S,1069.2,1,1
2021-06-17 11:02:21,S,1069.25,1,1
2021-06-17 11:02:21,S,1069.3,1,2
2021-06-17 11:02:21,B,1068.15,1,9
2021-06-17 11:02:21,B,1068.1,1,3
2021-06-17 11:02:21,B,1068.0,1,10
2021-06-17 11:02:21,B,1067.55,1,2
2021-06-17 11:02:21,B,1067.5,1,2
2021-06-17 11:02:24,S,1069.0,1,5
2021-06-17 11:02:24,S,1069.05,1,3
2021-06-17 11:02:24,S,1069.2,1,1
2021-06-17 11:02:24,S,1069.25,1,1
2021-06-17 11:02:24,S,1069.3,1,2
2021-06-17 11:02:24,B,1068.15,1,9
2021-06-17 11:02:24,B,1068.1,1,3
2021-06-17 11:02:24,B,1068.0,1,10
2021-06-17 11:02:24,B,1067.55,1,2
2021-06-17 11:02:24,B,1067.5,1,2
2021-06-17 11:02:26,S,1069.0,1,5
2021-06-17 11:02:26,S,1069.05,1,3
2021-06-17 11:02:26,S,1069.2,1,1
2021-06-17 11:02:26,S,1069.25,1,1
2021-06-17 11:02:26,S,1069.3,1,2
2021-06-17 11:02:26,B,1068.15,1,9
2021-06-17 11:02:26,B,1068.1,1,3
2021-06-17 11:02:26,B,1068.0,1,10
2021-06-17 11:02:26,B,1067.55,1,2
2021-06-17 11:02:26,B,1067.5,1,2
2021-06-17 11:02:28,S,1069.0,1,5
2021-06-17 11:02:28,S,1069.05,1,3
2021-06-17 11:02:28,S,1069.2,1,1
2021-06-17 11:02:28,S,1069.25,1,1
2021-06-17 11:02:28,S,1069.3,1,2
2021-06-17 11:02:28,B,1068.15,1,9
2021-06-17 11:02:28,B,1068.1,1,3
2021-06-17 11:02:28,B,1068.0,1,10
2021-06-17 11:02:28,B,1067.55,1,2
2021-06-17 11:02:28,B,1067.5,1,2
2021-06-17 11:02:32,S,1069.0,1,5
2021-06-17 11:02:32,S,1069.05,1,3
2021-06-17 11:02:32,S,1069.2,1,1
2021-06-17 11:02:32,S,1069.25,1,1
2021-06-17 11:02:32,S,1069.3,1,2
2021-06-17 11:02:32,B,1068.2,1,3
2021-06-17 11:02:32,B,1068.15,1,9
2021-06-17 11:02:32,B,1068.0,1,10
2021-06-17 11:02:32,B,1067.55,1,2
2021-06-17 11:02:32,B,1067.5,1,2
2021-06-17 11:02:41,S,1069.0,1,5
2021-06-17 11:02:41,S,1069.05,1,3
2021-06-17 11:02:41,S,1069.2,1,1
2021-06-17 11:02:41,S,1069.25,1,1
2021-06-17 11:02:41,S,1069.3,1,2
2021-06-17 11:02:41,B,1068.2,1,3
2021-06-17 11:02:41,B,1068.15,1,9
2021-06-17 11:02:41,B,1068.0,1,10
2021-06-17 11:02:41,B,1067.55,1,2
2021-06-17 11:02:41,B,1067.5,1,2
2021-06-17 11:02:43,S,1069.0,2,6
2021-06-17 11:02:43,S,1069.05,1,3
2021-06-17 11:02:43,S,1069.2,1,1
2021-06-17 11:02:43,S,1069.25,1,1
2021-06-17 11:02:43,S,1069.3,1,2
2021-06-17 11:02:43,B,1068.2,1,3
2021-06-17 11:02:43,B,1068.15,1,9
2021-06-17 11:02:43,B,1068.0,1,10
2021-06-17 11:02:43,B,1067.55,1,2
2021-06-17 11:02:43,B,1067.5,1,2
2021-06-17 11:02:55,S,1069.0,2,6
2021-06-17 11:02:55,S,1069.05,1,3
2021-06-17 11:02:55,S,1069.2,1,1
2021-06-17 11:02:55,S,1069.25,1,1
2021-06-17 11:02:55,S,1069.3,1,2
2021-06-17 11:02:55,B,1068.2,1,2
2021-06-17 11:02:55,B,1068.15,1,9
2021-06-17 11:02:55,B,1068.0,1,10
2021-06-17 11:02:55,B,1067.55,1,2
2021-06-17 11:02:55,B,1067.5,1,2
2021-06-17 11:03:03,S,1069.0,2,6
2021-06-17 11:03:03,S,1069.05,1,3
2021-06-17 11:03:03,S,1069.2,1,1
2021-06-17 11:03:03,S,1069.25,1,1
2021-06-17 11:03:03,S,1069.3,1,2
2021-06-17 11:03:03,B,1068.2,1,2
2021-06-17 11:03:03,B,1068.15,1,9
2021-06-17 11:03:03,B,1068.0,1,10
2021-06-17 11:03:03,B,1067.55,1,2
2021-06-17 11:03:03,B,1067.5,1,2
2021-06-17 11:03:04,S,1069.0,2,6
2021-06-17 11:03:04,S,1069.2,1,1
2021-06-17 11:03:04,S,1069.25,1,1
2021-06-17 11:03:04,S,1069.3,1,2
2021-06-17 11:03:04,S,1069.4,2,10
2021-06-17 11:03:04,B,1068.2,2,12
2021-06-17 11:03:04,B,1068.15,1,9
2021-06-17 11:03:04,B,1068.0,1,10
2021-06-17 11:03:04,B,1067.55,1,2
2021-06-17 11:03:04,B,1067.5,1,2
2021-06-17 11:03:06,S,1069.0,2,6
2021-06-17 11:03:06,S,1069.2,1,1
2021-06-17 11:03:06,S,1069.25,1,1
2021-06-17 11:03:06,S,1069.3,1,2
2021-06-17 11:03:06,S,1069.4,2,10
2021-06-17 11:03:06,B,1068.2,2,12
2021-06-17 11:03:06,B,1068.15,1,9
2021-06-17 11:03:06,B,1068.0,1,10
2021-06-17 11:03:06,B,1067.55,1,2
2021-06-17 11:03:06,B,1067.5,1,2
2021-06-17 11:03:07,S,1069.0,2,6
2021-06-17 11:03:07,S,1069.2,1,1
2021-06-17 11:03:07,S,1069.25,1,1
2021-06-17 11:03:07,S,1069.3,1,2
2021-06-17 11:03:07,S,1069.4,2,10
2021-06-17 11:03:07,B,1068.2,2,12
2021-06-17 11:03:07,B,1068.15,1,9
2021-06-17 11:03:07,B,1068.0,1,10
2021-06-17 11:03:07,B,1067.55,1,2
2021-06-17 11:03:07,B,1067.5,1,2
2021-06-17 11:03:09,S,1068.0,2,6
2021-06-17 11:03:09,S,1068.35,1,1
2021-06-17 11:03:09,S,1068.4,1,3
2021-06-17 11:03:09,S,1068.5,1,1
2021-06-17 11:03:09,S,1068.55,1,10
2021-06-17 11:03:09,B,1067.25,1,6
2021-06-17 11:03:09,B,1067.2,1,7
2021-06-17 11:03:09,B,1067.1,1,2
2021-06-17 11:03:09,B,1067.05,2,10
2021-06-17 11:03:09,B,1067.0,4,146
2021-06-17 11:03:23,S,1068.0,2,6
2021-06-17 11:03:23,S,1068.35,1,1
2021-06-17 11:03:23,S,1068.4,1,3
2021-06-17 11:03:23,S,1068.5,1,1
2021-06-17 11:03:23,S,1068.55,1,10
2021-06-17 11:03:23,B,1067.25,1,6
2021-06-17 11:03:23,B,1067.2,1,7
2021-06-17 11:03:23,B,1067.1,1,2
2021-06-17 11:03:23,B,1067.05,2,10
2021-06-17 11:03:23,B,1067.0,4,146
2021-06-17 11:03:24,S,1068.0,2,13
2021-06-17 11:03:24,S,1068.35,1,1
2021-06-17 11:03:24,S,1068.4,1,3
2021-06-17 11:03:24,S,1068.55,1,10
2021-06-17 11:03:24,S,1068.75,2,4
2021-06-17 11:03:24,B,1067.25,1,6
2021-06-17 11:03:24,B,1067.2,1,7
2021-06-17 11:03:24,B,1067.1,1,2
2021-06-17 11:03:24,B,1067.05,2,10
2021-06-17 11:03:24,B,1067.0,4,123
2021-06-17 11:03:26,S,1068.0,1,12
2021-06-17 11:03:26,S,1068.35,1,1
2021-06-17 11:03:26,S,1068.4,1,3
2021-06-17 11:03:26,S,1068.55,1,10
2021-06-17 11:03:26,S,1068.75,2,4
2021-06-17 11:03:26,B,1067.25,1,6
2021-06-17 11:03:26,B,1067.2,1,7
2021-06-17 11:03:26,B,1067.1,1,2
2021-06-17 11:03:26,B,1067.05,2,10
2021-06-17 11:03:26,B,1067.0,3,121
2021-06-17 11:03:31,S,1068.0,1,12
2021-06-17 11:03:31,S,1068.35,1,1
2021-06-17 11:03:31,S,1068.4,1,3
2021-06-17 11:03:31,S,1068.55,1,10
2021-06-17 11:03:31,S,1068.75,2,4
2021-06-17 11:03:31,B,1067.25,1,6
2021-06-17 11:03:31,B,1067.2,1,7
2021-06-17 11:03:31,B,1067.1,1,2
2021-06-17 11:03:31,B,1067.05,2,10
2021-06-17 11:03:31,B,1067.0,3,121
2021-06-17 11:03:33,S,1068.0,1,12
2021-06-17 11:03:33,S,1068.35,1,1
2021-06-17 11:03:33,S,1068.4,1,3
2021-06-17 11:03:33,S,1068.55,1,10
2021-06-17 11:03:33,S,1068.75,2,4
2021-06-17 11:03:33,B,1067.25,1,6
2021-06-17 11:03:33,B,1067.2,1,7
2021-06-17 11:03:33,B,1067.1,1,2
2021-06-17 11:03:33,B,1067.05,2,10
2021-06-17 11:03:33,B,1067.0,3,121
2021-06-17 11:03:35,S,1068.0,2,13
2021-06-17 11:03:35,S,1068.35,1,1
2021-06-17 11:03:35,S,1068.4,1,3
2021-06-17 11:03:35,S,1068.55,1,10
2021-06-17 11:03:35,S,1068.75,2,4
2021-06-17 11:03:35,B,1067.25,1,6
2021-06-17 11:03:35,B,1067.2,1,7
2021-06-17 11:03:35,B,1067.1,1,2
2021-06-17 11:03:35,B,1067.05,2,10
2021-06-17 11:03:35,B,1067.0,3,121
2021-06-17 11:03:37,S,1068.0,2,13
2021-06-17 11:03:37,S,1068.35,1,1
2021-06-17 11:03:37,S,1068.4,1,3
2021-06-17 11:03:37,S,1068.55,1,10
2021-06-17 11:03:37,S,1068.75,2,4
2021-06-17 11:03:37,B,1067.25,1,6
2021-06-17 11:03:37,B,1067.2,1,7
2021-06-17 11:03:37,B,1067.1,1,2
2021-06-17 11:03:37,B,1067.05,2,10
2021-06-17 11:03:37,B,1067.0,3,121
2021-06-17 11:03:46,S,1068.0,2,13
2021-06-17 11:03:46,S,1068.35,1,1
2021-06-17 11:03:46,S,1068.4,1,3
2021-06-17 11:03:46,S,1068.55,1,10
2021-06-17 11:03:46,S,1068.75,2,4
2021-06-17 11:03:46,B,1067.25,1,6
2021-06-17 11:03:46,B,1067.2,1,7
2021-06-17 11:03:46,B,1067.1,1,2
2021-06-17 11:03:46,B,1067.05,2,10
2021-06-17 11:03:46,B,1067.0,3,121
2021-06-17 11:03:52,S,1068.0,3,53
2021-06-17 11:03:52,S,1068.35,1,1
2021-06-17 11:03:52,S,1068.4,1,3
2021-06-17 11:03:52,S,1068.55,1,10
2021-06-17 11:03:52,S,1068.75,2,4
2021-06-17 11:03:52,B,1067.25,1,6
2021-06-17 11:03:52,B,1067.2,1,7
2021-06-17 11:03:52,B,1067.05,2,10
2021-06-17 11:03:52,B,1067.0,3,121
2021-06-17 11:03:52,B,1066.85,1,9
2021-06-17 11:03:53,S,1068.0,3,53
2021-06-17 11:03:53,S,1068.35,1,1
2021-06-17 11:03:53,S,1068.4,1,3
2021-06-17 11:03:53,S,1068.55,1,10
2021-06-17 11:03:53,S,1068.75,2,4
2021-06-17 11:03:53,B,1067.25,1,6
2021-06-17 11:03:53,B,1067.2,1,7
2021-06-17 11:03:53,B,1067.05,2,10
2021-06-17 11:03:53,B,1067.0,3,121
2021-06-17 11:03:53,B,1066.85,1,9
2021-06-17 11:03:54,S,1068.0,3,43
2021-06-17 11:03:54,S,1068.35,1,1
2021-06-17 11:03:54,S,1068.4,1,3
2021-06-17 11:03:54,S,1068.55,1,10
2021-06-17 11:03:54,S,1068.75,2,4
2021-06-17 11:03:54,B,1067.25,1,6
2021-06-17 11:03:54,B,1067.2,1,7
2021-06-17 11:03:54,B,1067.05,2,10
2021-06-17 11:03:54,B,1067.0,3,121
2021-06-17 11:03:54,B,1066.7,1,10
2021-06-17 11:04:07,S,1068.0,3,43
2021-06-17 11:04:07,S,1068.35,1,1
2021-06-17 11:04:07,S,1068.4,1,3
2021-06-17 11:04:07,S,1068.55,1,10
2021-06-17 11:04:07,S,1068.75,2,4
2021-06-17 11:04:07,B,1067.5,1,10
2021-06-17 11:04:07,B,1067.25,1,6
2021-06-17 11:04:07,B,1067.2,1,7
2021-06-17 11:04:07,B,1067.05,2,10
2021-06-17 11:04:07,B,1067.0,3,121
2021-06-17 11:04:12,S,1068.0,3,43
2021-06-17 11:04:12,S,1068.35,1,1
2021-06-17 11:04:12,S,1068.4,1,3
2021-06-17 11:04:12,S,1068.55,1,10
2021-06-17 11:04:12,S,1068.75,2,4
2021-06-17 11:04:12,B,1067.5,1,10
2021-06-17 11:04:12,B,1067.25,1,6
2021-06-17 11:04:12,B,1067.2,1,7
2021-06-17 11:04:12,B,1067.05,2,10
2021-06-17 11:04:12,B,1067.0,3,121
2021-06-17 11:04:21,S,1068.0,3,43
2021-06-17 11:04:21,S,1068.35,1,1
2021-06-17 11:04:21,S,1068.4,1,3
2021-06-17 11:04:21,S,1068.7,1,10
2021-06-17 11:04:21,S,1068.75,2,4
2021-06-17 11:04:21,B,1067.5,1,10
2021-06-17 11:04:21,B,1067.25,1,6
2021-06-17 11:04:21,B,1067.2,1,7
2021-06-17 11:04:21,B,1067.05,2,10
2021-06-17 11:04:21,B,1067.0,3,121
2021-06-17 11:04:51,S,1068.0,3,43
2021-06-17 11:04:51,S,1068.35,1,1
2021-06-17 11:04:51,S,1068.4,1,3
2021-06-17 11:04:51,S,1068.7,1,10
2021-06-17 11:04:51,S,1068.75,2,4
2021-06-17 11:04:51,B,1067.5,1,10
2021-06-17 11:04:51,B,1067.25,1,6
2021-06-17 11:04:51,B,1067.2,1,7
2021-06-17 11:04:51,B,1067.05,2,10
2021-06-17 11:04:51,B,1067.0,3,121
2021-06-17 11:04:51,S,1068.0,3,42
2021-06-17 11:04:51,S,1068.35,1,1
2021-06-17 11:04:51,S,1068.4,1,3
2021-06-17 11:04:51,S,1068.7,1,10
2021-06-17 11:04:51,S,1068.75,2,4
2021-06-17 11:04:51,B,1067.5,1,10
2021-06-17 11:04:51,B,1067.25,1,6
2021-06-17 11:04:51,B,1067.2,1,7
2021-06-17 11:04:51,B,1067.05,3,12
2021-06-17 11:04:51,B,1067.0,3,121
2021-06-17 11:04:58,S,1068.0,3,50
2021-06-17 11:04:58,S,1068.35,1,1
2021-06-17 11:04:58,S,1068.4,1,3
2021-06-17 11:04:58,S,1068.7,1,10
2021-06-17 11:04:58,S,1068.75,2,4
2021-06-17 11:04:58,B,1067.5,1,10
2021-06-17 11:04:58,B,1067.25,1,6
2021-06-17 11:04:58,B,1067.2,1,7
2021-06-17 11:04:58,B,1067.05,3,12
2021-06-17 11:04:58,B,1067.0,3,121
2021-06-17 11:05:08,S,1068.0,3,50
2021-06-17 11:05:08,S,1068.35,1,1
2021-06-17 11:05:08,S,1068.4,1,3
2021-06-17 11:05:08,S,1068.7,1,10
2021-06-17 11:05:08,S,1068.75,2,4
2021-06-17 11:05:08,B,1067.5,1,10
2021-06-17 11:05:08,B,1067.25,1,6
2021-06-17 11:05:08,B,1067.2,1,7
2021-06-17 11:05:08,B,1067.05,3,12
2021-06-17 11:05:08,B,1067.0,3,121
2021-06-17 11:05:09,S,1068.0,3,45
2021-06-17 11:05:09,S,1068.35,1,1
2021-06-17 11:05:09,S,1068.4,1,3
2021-06-17 11:05:09,S,1068.7,1,10
2021-06-17 11:05:09,S,1068.75,2,4
2021-06-17 11:05:09,B,1067.5,1,10
2021-06-17 11:05:09,B,1067.25,1,6
2021-06-17 11:05:09,B,1067.2,1,7
2021-06-17 11:05:09,B,1067.05,3,12
2021-06-17 11:05:09,B,1067.0,3,121
2021-06-17 11:05:12,S,1068.0,4,75
2021-06-17 11:05:12,S,1068.35,1,1
2021-06-17 11:05:12,S,1068.4,1,3
2021-06-17 11:05:12,S,1068.7,1,10
2021-06-17 11:05:12,S,1068.75,2,4
2021-06-17 11:05:12,B,1067.5,1,10
2021-06-17 11:05:12,B,1067.25,1,6
2021-06-17 11:05:12,B,1067.2,1,7
2021-06-17 11:05:12,B,1067.05,2,10
2021-06-17 11:05:12,B,1067.0,3,121
2021-06-17 11:05:16,S,1068.0,4,75
2021-06-17 11:05:16,S,1068.35,1,1
2021-06-17 11:05:16,S,1068.4,1,3
2021-06-17 11:05:16,S,1068.7,1,10
2021-06-17 11:05:16,S,1068.75,2,4
2021-06-17 11:05:16,B,1067.5,1,10
2021-06-17 11:05:16,B,1067.25,1,6
2021-06-17 11:05:16,B,1067.2,1,7
2021-06-17 11:05:16,B,1067.05,2,10
2021-06-17 11:05:16,B,1067.0,3,121
2021-06-17 11:05:17,S,1067.95,1,1
2021-06-17 11:05:17,S,1068.0,4,75
2021-06-17 11:05:17,S,1068.4,1,3
2021-06-17 11:05:17,S,1068.7,1,10
2021-06-17 11:05:17,S,1068.75,2,4
2021-06-17 11:05:17,B,1067.5,1,5
2021-06-17 11:05:17,B,1067.25,1,6
2021-06-17 11:05:17,B,1067.2,1,7
2021-06-17 11:05:17,B,1067.05,2,10
2021-06-17 11:05:17,B,1067.0,4,123
2021-06-17 11:05:19,S,1067.95,2,2
2021-06-17 11:05:19,S,1068.0,3,74
2021-06-17 11:05:19,S,1068.4,1,3
2021-06-17 11:05:19,S,1068.7,1,10
2021-06-17 11:05:19,S,1068.75,2,4
2021-06-17 11:05:19,B,1067.5,1,5
2021-06-17 11:05:19,B,1067.25,1,6
2021-06-17 11:05:19,B,1067.2,1,7
2021-06-17 11:05:19,B,1067.05,2,10
2021-06-17 11:05:19,B,1067.0,3,121
2021-06-17 11:05:37,S,1067.95,2,2
2021-06-17 11:05:37,S,1068.0,3,74
2021-06-17 11:05:37,S,1068.4,1,3
2021-06-17 11:05:37,S,1068.7,1,10
2021-06-17 11:05:37,S,1068.75,2,4
2021-06-17 11:05:37,B,1067.5,1,5
2021-06-17 11:05:37,B,1067.25,1,6
2021-06-17 11:05:37,B,1067.2,1,7
2021-06-17 11:05:37,B,1067.05,2,10
2021-06-17 11:05:37,B,1067.0,3,121
2021-06-17 11:05:48,S,1068.0,1,15
2021-06-17 11:05:48,S,1068.7,2,2
2021-06-17 11:05:48,S,1068.75,1,1
2021-06-17 11:05:48,S,1068.8,1,7
2021-06-17 11:05:48,S,1068.85,2,8
2021-06-17 11:05:48,B,1067.7,1,10
2021-06-17 11:05:48,B,1067.55,2,5
2021-06-17 11:05:48,B,1067.5,1,5
2021-06-17 11:05:48,B,1067.25,1,6
2021-06-17 11:05:48,B,1067.2,1,7
2021-06-17 11:05:50,S,1068.0,2,16
2021-06-17 11:05:50,S,1068.55,2,2
2021-06-17 11:05:50,S,1068.6,2,4
2021-06-17 11:05:50,S,1068.7,1,1
2021-06-17 11:05:50,S,1068.75,1,1
2021-06-17 11:05:50,B,1067.7,1,10
2021-06-17 11:05:50,B,1067.55,1,4
2021-06-17 11:05:50,B,1067.5,1,5
2021-06-17 11:05:50,B,1067.3,1,1
2021-06-17 11:05:50,B,1067.25,1,6
2021-06-17 11:05:52,S,1068.0,2,16
2021-06-17 11:05:52,S,1068.55,2,2
2021-06-17 11:05:52,S,1068.6,2,4
2021-06-17 11:05:52,S,1068.75,1,1
2021-06-17 11:05:52,S,1068.8,1,7
2021-06-17 11:05:52,B,1067.7,1,5
2021-06-17 11:05:52,B,1067.55,1,4
2021-06-17 11:05:52,B,1067.5,1,5
2021-06-17 11:05:52,B,1067.3,1,1
2021-06-17 11:05:52,B,1067.25,1,6
2021-06-17 11:05:55,S,1068.0,2,16
2021-06-17 11:05:55,S,1068.55,3,3
2021-06-17 11:05:55,S,1068.6,2,4
2021-06-17 11:05:55,S,1068.75,1,1
2021-06-17 11:05:55,S,1068.8,1,7
2021-06-17 11:05:55,B,1067.55,1,4
2021-06-17 11:05:55,B,1067.5,1,5
2021-06-17 11:05:55,B,1067.3,1,1
2021-06-17 11:05:55,B,1067.25,1,6
2021-06-17 11:05:55,B,1067.2,1,7
2021-06-17 11:05:57,S,1068.0,1,15
2021-06-17 11:05:57,S,1068.55,2,2
2021-06-17 11:05:57,S,1068.6,2,4
2021-06-17 11:05:57,S,1068.7,1,1
2021-06-17 11:05:57,S,1068.75,1,1
2021-06-17 11:05:57,B,1067.55,1,4
2021-06-17 11:05:57,B,1067.5,1,5
2021-06-17 11:05:57,B,1067.4,1,9
2021-06-17 11:05:57,B,1067.3,1,1
2021-06-17 11:05:57,B,1067.25,1,6
2021-06-17 11:05:58,S,1068.0,1,15
2021-06-17 11:05:58,S,1068.45,1,1
2021-06-17 11:05:58,S,1068.5,2,2
2021-06-17 11:05:58,S,1068.55,1,1
2021-06-17 11:05:58,S,1068.6,2,4
2021-06-17 11:05:58,B,1067.5,1,5
2021-06-17 11:05:58,B,1067.3,1,1
2021-06-17 11:05:58,B,1067.25,1,6
2021-06-17 11:05:58,B,1067.2,1,7
2021-06-17 11:05:58,B,1067.05,3,14
2021-06-17 11:06:01,S,1068.0,1,15
2021-06-17 11:06:01,S,1068.45,2,2
2021-06-17 11:06:01,S,1068.5,2,2
2021-06-17 11:06:01,S,1068.55,1,1
2021-06-17 11:06:01,S,1068.6,2,4
2021-06-17 11:06:01,B,1067.5,1,5
2021-06-17 11:06:01,B,1067.3,1,1
2021-06-17 11:06:01,B,1067.25,1,6
2021-06-17 11:06:01,B,1067.2,1,7
2021-06-17 11:06:01,B,1067.1,1,10
2021-06-17 11:06:06,S,1068.0,1,15
2021-06-17 11:06:06,S,1068.5,1,1
2021-06-17 11:06:06,S,1068.55,1,1
2021-06-17 11:06:06,S,1068.6,2,4
2021-06-17 11:06:06,S,1068.75,1,1
2021-06-17 11:06:06,B,1067.5,1,5
2021-06-17 11:06:06,B,1067.3,1,1
2021-06-17 11:06:06,B,1067.25,1,6
2021-06-17 11:06:06,B,1067.2,1,7
2021-06-17 11:06:06,B,1067.1,1,10
2021-06-17 11:06:11,S,1068.0,1,15
2021-06-17 11:06:11,S,1068.5,1,1
2021-06-17 11:06:11,S,1068.55,1,1
2021-06-17 11:06:11,S,1068.6,2,4
2021-06-17 11:06:11,S,1068.75,1,1
2021-06-17 11:06:11,B,1067.5,1,5
2021-06-17 11:06:11,B,1067.3,1,1
2021-06-17 11:06:11,B,1067.25,1,6
2021-06-17 11:06:11,B,1067.2,1,7
2021-06-17 11:06:11,B,1067.1,1,10
2021-06-17 11:06:15,S,1068.0,1,15
2021-06-17 11:06:15,S,1068.5,1,1
2021-06-17 11:06:15,S,1068.55,1,1
2021-06-17 11:06:15,S,1068.6,2,4
2021-06-17 11:06:15,S,1068.75,1,1
2021-06-17 11:06:15,B,1067.5,1,5
2021-06-17 11:06:15,B,1067.3,1,1
2021-06-17 11:06:15,B,1067.25,1,6
2021-06-17 11:06:15,B,1067.2,1,7
2021-06-17 11:06:15,B,1067.1,1,10
2021-06-17 11:06:16,S,1068.0,1,15
2021-06-17 11:06:16,S,1068.5,2,2
2021-06-17 11:06:16,S,1068.55,1,1
2021-06-17 11:06:16,S,1068.6,2,4
2021-06-17 11:06:16,S,1068.75,2,7
2021-06-17 11:06:16,B,1067.5,1,5
2021-06-17 11:06:16,B,1067.3,1,1
2021-06-17 11:06:16,B,1067.25,1,6
2021-06-17 11:06:16,B,1067.2,1,7
2021-06-17 11:06:16,B,1067.1,1,10
2021-06-17 11:06:18,S,1068.0,1,15
2021-06-17 11:06:18,S,1068.5,2,2
2021-06-17 11:06:18,S,1068.55,1,1
2021-06-17 11:06:18,S,1068.6,2,4
2021-06-17 11:06:18,S,1068.75,2,7
2021-06-17 11:06:18,B,1067.5,1,5
2021-06-17 11:06:18,B,1067.3,1,1
2021-06-17 11:06:18,B,1067.25,1,6
2021-06-17 11:06:18,B,1067.2,1,7
2021-06-17 11:06:18,B,1067.1,1,10
2021-06-17 11:06:20,S,1068.0,1,15
2021-06-17 11:06:20,S,1068.5,1,1
2021-06-17 11:06:20,S,1068.55,1,1
2021-06-17 11:06:20,S,1068.6,2,4
2021-06-17 11:06:20,S,1068.75,2,7
2021-06-17 11:06:20,B,1067.5,1,5
2021-06-17 11:06:20,B,1067.3,1,1
2021-06-17 11:06:20,B,1067.25,1,6
2021-06-17 11:06:20,B,1067.2,1,7
2021-06-17 11:06:20,B,1067.1,1,10
2021-06-17 11:06:24,S,1068.0,1,15
2021-06-17 11:06:24,S,1068.5,1,1
2021-06-17 11:06:24,S,1068.55,1,1
2021-06-17 11:06:24,S,1068.6,2,4
2021-06-17 11:06:24,S,1068.75,2,7
2021-06-17 11:06:24,B,1067.5,1,5
2021-06-17 11:06:24,B,1067.3,1,1
2021-06-17 11:06:24,B,1067.25,1,6
2021-06-17 11:06:24,B,1067.2,1,7
2021-06-17 11:06:24,B,1067.1,1,10
2021-06-17 11:06:26,S,1068.0,1,15
2021-06-17 11:06:26,S,1068.5,1,1
2021-06-17 11:06:26,S,1068.55,1,1
2021-06-17 11:06:26,S,1068.6,2,4
2021-06-17 11:06:26,S,1068.75,2,7
2021-06-17 11:06:26,B,1067.5,1,5
2021-06-17 11:06:26,B,1067.3,1,1
2021-06-17 11:06:26,B,1067.25,1,6
2021-06-17 11:06:26,B,1067.2,1,7
2021-06-17 11:06:26,B,1067.1,1,10
2021-06-17 11:06:33,S,1068.0,1,15
2021-06-17 11:06:33,S,1068.5,1,1
2021-06-17 11:06:33,S,1068.55,1,1
2021-06-17 11:06:33,S,1068.6,2,4
2021-06-17 11:06:33,S,1068.75,2,7
2021-06-17 11:06:33,B,1067.5,1,5
2021-06-17 11:06:33,B,1067.3,1,1
2021-06-17 11:06:33,B,1067.25,1,6
2021-06-17 11:06:33,B,1067.2,1,7
2021-06-17 11:06:33,B,1067.1,1,10
2021-06-17 11:06:33,S,1068.0,1,14
2021-06-17 11:06:33,S,1068.55,1,1
2021-06-17 11:06:33,S,1068.6,1,3
2021-06-17 11:06:33,S,1068.7,1,1
2021-06-17 11:06:33,S,1068.75,1,1
2021-06-17 11:06:33,B,1067.5,2,25
2021-06-17 11:06:33,B,1067.3,1,1
2021-06-17 11:06:33,B,1067.25,1,6
2021-06-17 11:06:33,B,1067.2,1,7
2021-06-17 11:06:33,B,1067.1,1,10
2021-06-17 11:06:37,S,1068.0,1,14
2021-06-17 11:06:37,S,1068.55,1,1
2021-06-17 11:06:37,S,1068.6,1,3
2021-06-17 11:06:37,S,1068.7,1,1
2021-06-17 11:06:37,S,1068.75,1,1
2021-06-17 11:06:37,B,1067.5,2,25
2021-06-17 11:06:37,B,1067.3,1,1
2021-06-17 11:06:37,B,1067.25,1,6
2021-06-17 11:06:37,B,1067.2,1,7
2021-06-17 11:06:37,B,1067.1,1,10
2021-06-17 11:06:39,S,1068.0,1,14
2021-06-17 11:06:39,S,1068.55,1,1
2021-06-17 11:06:39,S,1068.6,1,3
2021-06-17 11:06:39,S,1068.7,1,1
2021-06-17 11:06:39,S,1068.75,1,1
2021-06-17 11:06:39,B,1067.5,2,25
2021-06-17 11:06:39,B,1067.3,1,1
2021-06-17 11:06:39,B,1067.25,1,6
2021-06-17 11:06:39,B,1067.2,1,7
2021-06-17 11:06:39,B,1067.1,1,10
2021-06-17 11:06:46,S,1068.0,1,12
2021-06-17 11:06:46,S,1068.55,1,1
2021-06-17 11:06:46,S,1068.6,1,3
2021-06-17 11:06:46,S,1068.7,1,1
2021-06-17 11:06:46,S,1068.75,2,7
2021-06-17 11:06:46,B,1067.55,1,1
2021-06-17 11:06:46,B,1067.5,2,25
2021-06-17 11:06:46,B,1067.25,1,6
2021-06-17 11:06:46,B,1067.2,1,7
2021-06-17 11:06:46,B,1067.1,1,10
2021-06-17 11:06:48,S,1068.0,1,12
2021-06-17 11:06:48,S,1068.55,1,1
2021-06-17 11:06:48,S,1068.6,1,3
2021-06-17 11:06:48,S,1068.7,1,1
2021-06-17 11:06:48,S,1068.75,2,7
2021-06-17 11:06:48,B,1067.55,1,1
2021-06-17 11:06:48,B,1067.5,2,25
2021-06-17 11:06:48,B,1067.25,1,6
2021-06-17 11:06:48,B,1067.2,1,7
2021-06-17 11:06:48,B,1067.1,1,10
2021-06-17 11:06:50,S,1068.0,1,12
2021-06-17 11:06:50,S,1068.55,2,2
2021-06-17 11:06:50,S,1068.6,1,3
2021-06-17 11:06:50,S,1068.7,1,1
2021-06-17 11:06:50,S,1068.75,2,7
2021-06-17 11:06:50,B,1067.55,1,1
2021-06-17 11:06:50,B,1067.5,2,25
2021-06-17 11:06:50,B,1067.25,1,6
2021-06-17 11:06:50,B,1067.2,1,7
2021-06-17 11:06:50,B,1067.1,1,10
2021-06-17 11:06:53,S,1068.0,1,12
2021-06-17 11:06:53,S,1068.55,1,1
2021-06-17 11:06:53,S,1068.6,1,3
2021-06-17 11:06:53,S,1068.7,1,1
2021-06-17 11:06:53,S,1068.75,1,1
2021-06-17 11:06:53,B,1067.55,1,1
2021-06-17 11:06:53,B,1067.5,2,25
2021-06-17 11:06:53,B,1067.25,1,6
2021-06-17 11:06:53,B,1067.2,1,7
2021-06-17 11:06:53,B,1067.1,1,10
2021-06-17 11:06:57,S,1068.0,1,12
2021-06-17 11:06:57,S,1068.55,1,1
2021-06-17 11:06:57,S,1068.6,1,3
2021-06-17 11:06:57,S,1068.7,1,1
2021-06-17 11:06:57,S,1068.75,1,1
2021-06-17 11:06:57,B,1067.55,1,1
2021-06-17 11:06:57,B,1067.5,2,25
2021-06-17 11:06:57,B,1067.25,1,6
2021-06-17 11:06:57,B,1067.2,1,7
2021-06-17 11:06:57,B,1067.1,1,10
2021-06-17 11:07:06,S,1068.0,1,12
2021-06-17 11:07:06,S,1068.55,1,1
2021-06-17 11:07:06,S,1068.6,1,3
2021-06-17 11:07:06,S,1068.7,1,1
2021-06-17 11:07:06,S,1068.75,1,1
2021-06-17 11:07:06,B,1067.55,1,1
2021-06-17 11:07:06,B,1067.5,2,25
2021-06-17 11:07:06,B,1067.25,1,6
2021-06-17 11:07:06,B,1067.2,1,7
2021-06-17 11:07:06,B,1067.1,1,10
2021-06-17 11:07:15,S,1068.0,1,15
2021-06-17 11:07:15,S,1068.55,1,1
2021-06-17 11:07:15,S,1068.6,1,3
2021-06-17 11:07:15,S,1068.7,1,1
2021-06-17 11:07:15,S,1068.75,1,1
2021-06-17 11:07:15,B,1067.5,2,25
2021-06-17 11:07:15,B,1067.3,1,1
2021-06-17 11:07:15,B,1067.25,2,8
2021-06-17 11:07:15,B,1067.2,1,7
2021-06-17 11:07:15,B,1067.1,1,10
2021-06-17 11:07:19,S,1068.0,2,16
2021-06-17 11:07:19,S,1068.55,1,1
2021-06-17 11:07:19,S,1068.6,1,3
2021-06-17 11:07:19,S,1068.7,1,1
2021-06-17 11:07:19,S,1068.75,1,1
2021-06-17 11:07:19,B,1067.55,1,1
2021-06-17 11:07:19,B,1067.5,2,25
2021-06-17 11:07:19,B,1067.25,2,8
2021-06-17 11:07:19,B,1067.2,1,7
2021-06-17 11:07:19,B,1067.1,1,10
2021-06-17 11:07:33,S,1068.0,2,16
2021-06-17 11:07:33,S,1068.55,1,1
2021-06-17 11:07:33,S,1068.6,1,3
2021-06-17 11:07:33,S,1068.7,1,1
2021-06-17 11:07:33,S,1068.75,1,1
2021-06-17 11:07:33,B,1067.55,1,1
2021-06-17 11:07:33,B,1067.5,2,25
2021-06-17 11:07:33,B,1067.25,2,8
2021-06-17 11:07:33,B,1067.2,1,7
2021-06-17 11:07:33,B,1067.1,1,10
2021-06-17 11:07:34,S,1068.0,2,3
2021-06-17 11:07:34,S,1068.4,1,1
2021-06-17 11:07:34,S,1068.45,1,3
2021-06-17 11:07:34,S,1068.6,1,7
2021-06-17 11:07:34,S,1068.65,1,7
2021-06-17 11:07:34,B,1067.55,1,1
2021-06-17 11:07:34,B,1067.5,2,25
2021-06-17 11:07:34,B,1067.25,2,8
2021-06-17 11:07:34,B,1067.2,1,7
2021-06-17 11:07:34,B,1067.1,1,10
2021-06-17 11:08:12,S,1068.0,2,3
2021-06-17 11:08:12,S,1068.4,1,1
2021-06-17 11:08:12,S,1068.45,1,3
2021-06-17 11:08:12,S,1068.6,1,7
2021-06-17 11:08:12,S,1068.65,1,7
2021-06-17 11:08:12,B,1067.55,1,1
2021-06-17 11:08:12,B,1067.5,2,25
2021-06-17 11:08:12,B,1067.25,2,8
2021-06-17 11:08:12,B,1067.2,1,7
2021-06-17 11:08:12,B,1067.1,1,10
2021-06-17 11:08:36,S,1068.0,2,3
2021-06-17 11:08:36,S,1068.4,1,1
2021-06-17 11:08:36,S,1068.45,1,3
2021-06-17 11:08:36,S,1068.6,1,7
2021-06-17 11:08:36,S,1068.65,1,7
2021-06-17 11:08:36,B,1067.55,1,1
2021-06-17 11:08:36,B,1067.5,2,25
2021-06-17 11:08:36,B,1067.25,2,8
2021-06-17 11:08:36,B,1067.2,1,7
2021-06-17 11:08:36,B,1067.1,1,10
2021-06-17 11:08:37,S,1068.0,2,3
2021-06-17 11:08:37,S,1068.4,1,1
2021-06-17 11:08:37,S,1068.45,1,3
2021-06-17 11:08:37,S,1068.6,1,7
2021-06-17 11:08:37,S,1068.65,1,7
2021-06-17 11:08:37,B,1067.55,1,1
2021-06-17 11:08:37,B,1067.5,2,25
2021-06-17 11:08:37,B,1067.25,2,8
2021-06-17 11:08:37,B,1067.2,1,7
2021-06-17 11:08:37,B,1067.1,1,10
2021-06-17 11:08:40,S,1068.0,2,3
2021-06-17 11:08:40,S,1068.4,1,1
2021-06-17 11:08:40,S,1068.45,1,3
2021-06-17 11:08:40,S,1068.6,1,7
2021-06-17 11:08:40,S,1068.65,1,7
2021-06-17 11:08:40,B,1067.55,1,1
2021-06-17 11:08:40,B,1067.5,2,25
2021-06-17 11:08:40,B,1067.25,2,8
2021-06-17 11:08:40,B,1067.2,1,7
2021-06-17 11:08:40,B,1067.1,1,10
2021-06-17 11:08:51,S,1068.0,2,3
2021-06-17 11:08:51,S,1068.4,1,1
2021-06-17 11:08:51,S,1068.45,1,3
2021-06-17 11:08:51,S,1068.6,1,7
2021-06-17 11:08:51,S,1068.65,1,7
2021-06-17 11:08:51,B,1067.55,1,1
2021-06-17 11:08:51,B,1067.5,2,25
2021-06-17 11:08:51,B,1067.25,2,8
2021-06-17 11:08:51,B,1067.2,1,7
2021-06-17 11:08:51,B,1067.1,1,10
2021-06-17 11:08:52,S,1068.0,2,3
2021-06-17 11:08:52,S,1068.4,1,1
2021-06-17 11:08:52,S,1068.45,1,3
2021-06-17 11:08:52,S,1068.6,1,7
2021-06-17 11:08:52,S,1068.65,1,7
2021-06-17 11:08:52,B,1067.65,1,1
2021-06-17 11:08:52,B,1067.6,1,5
2021-06-17 11:08:52,B,1067.5,2,25
2021-06-17 11:08:52,B,1067.25,2,8
2021-06-17 11:08:52,B,1067.2,1,7
2021-06-17 11:09:09,S,1068.0,2,3
2021-06-17 11:09:09,S,1068.4,1,1
2021-06-17 11:09:09,S,1068.45,1,3
2021-06-17 11:09:09,S,1068.6,1,7
2021-06-17 11:09:09,S,1068.65,1,7
2021-06-17 11:09:09,B,1067.65,1,1
2021-06-17 11:09:09,B,1067.6,1,5
2021-06-17 11:09:09,B,1067.5,2,25
2021-06-17 11:09:09,B,1067.25,2,8
2021-06-17 11:09:09,B,1067.2,1,7
2021-06-17 11:09:12,S,1068.0,2,3
2021-06-17 11:09:12,S,1068.4,1,1
2021-06-17 11:09:12,S,1068.45,1,3
2021-06-17 11:09:12,S,1068.6,1,7
2021-06-17 11:09:12,S,1068.65,1,7
2021-06-17 11:09:12,B,1067.65,1,1
2021-06-17 11:09:12,B,1067.6,1,5
2021-06-17 11:09:12,B,1067.5,2,25
2021-06-17 11:09:12,B,1067.25,2,8
2021-06-17 11:09:12,B,1067.2,1,7
2021-06-17 11:09:13,S,1068.0,2,3
2021-06-17 11:09:13,S,1068.4,1,1
2021-06-17 11:09:13,S,1068.45,1,3
2021-06-17 11:09:13,S,1068.6,1,7
2021-06-17 11:09:13,S,1068.65,1,7
2021-06-17 11:09:13,B,1067.65,1,1
2021-06-17 11:09:13,B,1067.6,1,5
2021-06-17 11:09:13,B,1067.5,2,25
2021-06-17 11:09:13,B,1067.25,2,8
2021-06-17 11:09:13,B,1067.2,1,7
2021-06-17 11:09:31,S,1068.0,2,3
2021-06-17 11:09:31,S,1068.4,1,1
2021-06-17 11:09:31,S,1068.45,1,3
2021-06-17 11:09:31,S,1068.6,1,7
2021-06-17 11:09:31,S,1068.65,1,7
2021-06-17 11:09:31,B,1067.65,1,1
2021-06-17 11:09:31,B,1067.6,1,5
2021-06-17 11:09:31,B,1067.5,2,25
2021-06-17 11:09:31,B,1067.25,2,8
2021-06-17 11:09:31,B,1067.2,1,7
2021-06-17 11:09:31,S,1068.0,2,3
2021-06-17 11:09:31,S,1068.4,1,1
2021-06-17 11:09:31,S,1068.45,1,3
2021-06-17 11:09:31,S,1068.6,1,7
2021-06-17 11:09:31,S,1068.65,1,7
2021-06-17 11:09:31,B,1067.65,1,1
2021-06-17 11:09:31,B,1067.6,1,5
2021-06-17 11:09:31,B,1067.5,2,25
2021-06-17 11:09:31,B,1067.25,2,8
2021-06-17 11:09:31,B,1067.2,1,7
2021-06-17 11:09:34,S,1068.0,2,3
2021-06-17 11:09:34,S,1068.4,1,1
2021-06-17 11:09:34,S,1068.45,1,3
2021-06-17 11:09:34,S,1068.6,1,7
2021-06-17 11:09:34,S,1068.65,1,7
2021-06-17 11:09:34,B,1067.65,1,1
2021-06-17 11:09:34,B,1067.6,1,5
2021-06-17 11:09:34,B,1067.5,2,25
2021-06-17 11:09:34,B,1067.25,2,8
2021-06-17 11:09:34,B,1067.2,1,7
2021-06-17 11:09:36,S,1068.55,1,1
2021-06-17 11:09:36,S,1068.6,1,7
2021-06-17 11:09:36,S,1068.65,1,7
2021-06-17 11:09:36,S,1068.7,1,7
2021-06-17 11:09:36,S,1068.75,2,8
2021-06-17 11:09:36,B,1068.0,1,1
2021-06-17 11:09:36,B,1067.65,2,2
2021-06-17 11:09:36,B,1067.6,2,6
2021-06-17 11:09:36,B,1067.55,1,10
2021-06-17 11:09:36,B,1067.5,2,25
2021-06-17 11:09:43,S,1068.4,1,1
2021-06-17 11:09:43,S,1068.55,2,10
2021-06-17 11:09:43,S,1068.6,2,10
2021-06-17 11:09:43,S,1068.65,1,7
2021-06-17 11:09:43,S,1068.7,1,7
2021-06-17 11:09:43,B,1068.0,1,1
2021-06-17 11:09:43,B,1067.65,1,1
2021-06-17 11:09:43,B,1067.6,1,5
2021-06-17 11:09:43,B,1067.5,2,25
2021-06-17 11:09:43,B,1067.25,2,8
2021-06-17 11:09:45,S,1068.4,1,1
2021-06-17 11:09:45,S,1068.55,2,10
2021-06-17 11:09:45,S,1068.6,2,10
2021-06-17 11:09:45,S,1068.65,1,7
2021-06-17 11:09:45,S,1068.7,1,7
2021-06-17 11:09:45,B,1068.0,1,1
2021-06-17 11:09:45,B,1067.65,1,1
2021-06-17 11:09:45,B,1067.6,1,5
2021-06-17 11:09:45,B,1067.5,2,25
2021-06-17 11:09:45,B,1067.25,3,18
2021-06-17 11:09:49,S,1068.4,1,1
2021-06-17 11:09:49,S,1068.55,2,10
2021-06-17 11:09:49,S,1068.6,2,10
2021-06-17 11:09:49,S,1068.65,1,7
2021-06-17 11:09:49,S,1068.7,1,7
2021-06-17 11:09:49,B,1068.0,1,1
2021-06-17 11:09:49,B,1067.65,1,1
2021-06-17 11:09:49,B,1067.6,1,5
2021-06-17 11:09:49,B,1067.5,2,25
2021-06-17 11:09:49,B,1067.25,2,8
2021-06-17 11:09:54,S,1068.4,1,1
2021-06-17 11:09:54,S,1068.55,2,10
2021-06-17 11:09:54,S,1068.6,2,10
2021-06-17 11:09:54,S,1068.65,1,7
2021-06-17 11:09:54,S,1068.7,1,7
2021-06-17 11:09:54,B,1068.0,1,1
2021-06-17 11:09:54,B,1067.65,1,1
2021-06-17 11:09:54,B,1067.6,1,5
2021-06-17 11:09:54,B,1067.5,2,25
2021-06-17 11:09:54,B,1067.25,2,8
2021-06-17 11:09:55,S,1068.55,1,9
2021-06-17 11:09:55,S,1068.8,1,1
2021-06-17 11:09:55,S,1068.85,1,7
2021-06-17 11:09:55,S,1068.9,1,7
2021-06-17 11:09:55,S,1069.0,1,5
2021-06-17 11:09:55,B,1068.0,1,1
2021-06-17 11:09:55,B,1067.9,1,10
2021-06-17 11:09:55,B,1067.85,1,1
2021-06-17 11:09:55,B,1067.8,1,2
2021-06-17 11:09:55,B,1067.6,1,5
2021-06-17 11:09:59,S,1068.55,1,9
2021-06-17 11:09:59,S,1068.8,1,1
2021-06-17 11:09:59,S,1068.85,1,7
2021-06-17 11:09:59,S,1068.9,1,7
2021-06-17 11:09:59,S,1069.0,1,5
2021-06-17 11:09:59,B,1068.0,1,1
2021-06-17 11:09:59,B,1067.9,1,10
2021-06-17 11:09:59,B,1067.85,1,1
2021-06-17 11:09:59,B,1067.8,1,2
2021-06-17 11:09:59,B,1067.6,1,5
2021-06-17 11:10:01,S,1068.55,1,9
2021-06-17 11:10:01,S,1068.8,1,1
2021-06-17 11:10:01,S,1068.85,1,7
2021-06-17 11:10:01,S,1068.9,1,7
2021-06-17 11:10:01,S,1069.0,1,5
2021-06-17 11:10:01,B,1068.0,1,1
2021-06-17 11:10:01,B,1067.9,1,10
2021-06-17 11:10:01,B,1067.85,1,1
2021-06-17 11:10:01,B,1067.8,1,2
2021-06-17 11:10:01,B,1067.6,1,5
2021-06-17 11:10:04,S,1068.55,1,9
2021-06-17 11:10:04,S,1068.8,1,1
2021-06-17 11:10:04,S,1068.85,1,7
2021-06-17 11:10:04,S,1068.9,1,7
2021-06-17 11:10:04,S,1069.0,1,5
2021-06-17 11:10:04,B,1068.0,1,1
2021-06-17 11:10:04,B,1067.9,1,10
2021-06-17 11:10:04,B,1067.85,1,1
2021-06-17 11:10:04,B,1067.8,1,2
2021-06-17 11:10:04,B,1067.6,1,5
2021-06-17 11:10:07,S,1068.55,1,9
2021-06-17 11:10:07,S,1068.8,1,1
2021-06-17 11:10:07,S,1068.85,1,7
2021-06-17 11:10:07,S,1068.9,1,7
2021-06-17 11:10:07,S,1069.0,1,5
2021-06-17 11:10:07,B,1068.0,1,1
2021-06-17 11:10:07,B,1067.9,1,10
2021-06-17 11:10:07,B,1067.85,1,1
2021-06-17 11:10:07,B,1067.8,1,2
2021-06-17 11:10:07,B,1067.6,1,5
2021-06-17 11:10:08,S,1068.55,1,9
2021-06-17 11:10:08,S,1068.9,1,1
2021-06-17 11:10:08,S,1068.95,1,3
2021-06-17 11:10:08,S,1069.0,1,5
2021-06-17 11:10:08,S,1069.2,1,1
2021-06-17 11:10:08,B,1068.0,2,6
2021-06-17 11:10:08,B,1067.95,1,1
2021-06-17 11:10:08,B,1067.9,1,10
2021-06-17 11:10:08,B,1067.8,1,2
2021-06-17 11:10:08,B,1067.55,1,2
2021-06-17 11:10:12,S,1068.55,1,9
2021-06-17 11:10:12,S,1068.9,1,1
2021-06-17 11:10:12,S,1068.95,1,3
2021-06-17 11:10:12,S,1069.0,1,5
2021-06-17 11:10:12,S,1069.2,1,1
2021-06-17 11:10:12,B,1068.0,2,6
2021-06-17 11:10:12,B,1067.95,1,1
2021-06-17 11:10:12,B,1067.9,1,10
2021-06-17 11:10:12,B,1067.8,1,2
2021-06-17 11:10:12,B,1067.55,1,2
2021-06-17 11:10:24,S,1068.55,1,9
2021-06-17 11:10:24,S,1068.9,1,1
2021-06-17 11:10:24,S,1068.95,1,3
2021-06-17 11:10:24,S,1069.0,1,5
2021-06-17 11:10:24,S,1069.2,1,1
2021-06-17 11:10:24,B,1068.0,2,6
2021-06-17 11:10:24,B,1067.95,1,1
2021-06-17 11:10:24,B,1067.9,1,10
2021-06-17 11:10:24,B,1067.8,1,2
2021-06-17 11:10:24,B,1067.55,1,2
2021-06-17 11:10:25,S,1068.55,1,9
2021-06-17 11:10:25,S,1068.9,1,1
2021-06-17 11:10:25,S,1068.95,1,3
2021-06-17 11:10:25,S,1069.0,1,5
2021-06-17 11:10:25,S,1069.2,1,1
2021-06-17 11:10:25,B,1068.0,1,3
2021-06-17 11:10:25,B,1067.85,1,1
2021-06-17 11:10:25,B,1067.8,1,2
2021-06-17 11:10:25,B,1067.65,1,9
2021-06-17 11:10:25,B,1067.55,1,2
2021-06-17 11:10:27,S,1068.55,1,9
2021-06-17 11:10:27,S,1068.9,1,1
2021-06-17 11:10:27,S,1068.95,1,3
2021-06-17 11:10:27,S,1069.0,1,5
2021-06-17 11:10:27,S,1069.2,1,1
2021-06-17 11:10:27,B,1068.0,1,3
2021-06-17 11:10:27,B,1067.85,1,1
2021-06-17 11:10:27,B,1067.8,1,2
2021-06-17 11:10:27,B,1067.65,1,9
2021-06-17 11:10:27,B,1067.55,1,2
2021-06-17 11:10:28,S,1068.55,1,9
2021-06-17 11:10:28,S,1068.9,1,1
2021-06-17 11:10:28,S,1068.95,1,3
2021-06-17 11:10:28,S,1069.0,1,5
2021-06-17 11:10:28,S,1069.2,1,1
2021-06-17 11:10:28,B,1068.0,1,3
2021-06-17 11:10:28,B,1067.85,1,1
2021-06-17 11:10:28,B,1067.8,1,2
2021-06-17 11:10:28,B,1067.65,1,9
2021-06-17 11:10:28,B,1067.55,1,2
2021-06-17 11:10:29,S,1068.55,1,4
2021-06-17 11:10:29,S,1068.9,1,1
2021-06-17 11:10:29,S,1068.95,1,3
2021-06-17 11:10:29,S,1069.0,1,5
2021-06-17 11:10:29,S,1069.2,1,1
2021-06-17 11:10:29,B,1068.0,1,3
2021-06-17 11:10:29,B,1067.85,1,1
2021-06-17 11:10:29,B,1067.8,1,2
2021-06-17 11:10:29,B,1067.65,1,9
2021-06-17 11:10:29,B,1067.55,1,2
2021-06-17 11:10:31,S,1067.95,2,10
2021-06-17 11:10:31,S,1068.0,1,197
2021-06-17 11:10:31,S,1068.4,1,11
2021-06-17 11:10:31,S,1068.45,1,1
2021-06-17 11:10:31,S,1068.55,2,16
2021-06-17 11:10:31,B,1067.25,1,6
2021-06-17 11:10:31,B,1067.2,1,7
2021-06-17 11:10:31,B,1067.1,1,1
2021-06-17 11:10:31,B,1067.05,1,3
2021-06-17 11:10:31,B,1067.0,4,122
2021-06-17 11:10:32,S,1067.95,2,10
2021-06-17 11:10:32,S,1068.0,1,197
2021-06-17 11:10:32,S,1068.4,1,11
2021-06-17 11:10:32,S,1068.45,1,1
2021-06-17 11:10:32,S,1068.55,2,16
2021-06-17 11:10:32,B,1067.25,1,6
2021-06-17 11:10:32,B,1067.2,1,7
2021-06-17 11:10:32,B,1067.1,1,1
2021-06-17 11:10:32,B,1067.05,1,3
2021-06-17 11:10:32,B,1067.0,4,122
2021-06-17 11:10:33,S,1067.95,2,10
2021-06-17 11:10:33,S,1068.0,1,197
2021-06-17 11:10:33,S,1068.05,1,3
2021-06-17 11:10:33,S,1068.25,1,1
2021-06-17 11:10:33,S,1068.3,1,3
2021-06-17 11:10:33,B,1067.2,1,7
2021-06-17 11:10:33,B,1067.1,1,1
2021-06-17 11:10:33,B,1067.05,1,3
2021-06-17 11:10:33,B,1067.0,4,122
2021-06-17 11:10:33,B,1066.45,1,2
2021-06-17 11:10:40,S,1067.95,2,10
2021-06-17 11:10:40,S,1068.0,1,197
2021-06-17 11:10:40,S,1068.05,1,3
2021-06-17 11:10:40,S,1068.25,2,13
2021-06-17 11:10:40,S,1068.3,1,3
2021-06-17 11:10:40,B,1067.2,1,7
2021-06-17 11:10:40,B,1067.05,1,1
2021-06-17 11:10:40,B,1067.0,4,122
2021-06-17 11:10:40,B,1066.45,1,2
2021-06-17 11:10:40,B,1066.4,1,10
2021-06-17 11:10:43,S,1067.95,2,10
2021-06-17 11:10:43,S,1068.0,1,197
2021-06-17 11:10:43,S,1068.05,1,3
2021-06-17 11:10:43,S,1068.25,2,13
2021-06-17 11:10:43,S,1068.3,1,3
2021-06-17 11:10:43,B,1067.2,1,7
2021-06-17 11:10:43,B,1067.05,1,1
2021-06-17 11:10:43,B,1067.0,4,122
2021-06-17 11:10:43,B,1066.9,1,2
2021-06-17 11:10:43,B,1066.45,1,2
2021-06-17 11:10:47,S,1067.95,2,10
2021-06-17 11:10:47,S,1068.0,1,197
2021-06-17 11:10:47,S,1068.05,1,3
2021-06-17 11:10:47,S,1068.25,2,13
2021-06-17 11:10:47,S,1068.3,1,3
2021-06-17 11:10:47,B,1067.2,1,7
2021-06-17 11:10:47,B,1067.05,1,1
2021-06-17 11:10:47,B,1067.0,4,122
2021-06-17 11:10:47,B,1066.9,1,2
2021-06-17 11:10:47,B,1066.45,1,2
2021-06-17 11:10:57,S,1067.95,2,10
2021-06-17 11:10:57,S,1068.0,1,197
2021-06-17 11:10:57,S,1068.05,1,3
2021-06-17 11:10:57,S,1068.25,2,13
2021-06-17 11:10:57,S,1068.3,1,3
2021-06-17 11:10:57,B,1067.2,1,7
2021-06-17 11:10:57,B,1067.05,1,1
2021-06-17 11:10:57,B,1067.0,4,122
2021-06-17 11:10:57,B,1066.9,1,2
2021-06-17 11:10:57,B,1066.45,1,2
2021-06-17 11:10:59,S,1067.95,2,10
2021-06-17 11:10:59,S,1068.0,1,197
2021-06-17 11:10:59,S,1068.05,1,3
2021-06-17 11:10:59,S,1068.25,2,13
2021-06-17 11:10:59,S,1068.3,1,3
2021-06-17 11:10:59,B,1067.2,1,7
2021-06-17 11:10:59,B,1067.05,1,1
2021-06-17 11:10:59,B,1067.0,4,122
2021-06-17 11:10:59,B,1066.9,1,2
2021-06-17 11:10:59,B,1066.45,1,2
2021-06-17 11:11:01,S,1067.95,2,10
2021-06-17 11:11:01,S,1068.0,1,197
2021-06-17 11:11:01,S,1068.05,1,3
2021-06-17 11:11:01,S,1068.25,2,13
2021-06-17 11:11:01,S,1068.3,1,3
2021-06-17 11:11:01,B,1067.25,1,1
2021-06-17 11:11:01,B,1067.2,1,7
2021-06-17 11:11:01,B,1067.05,1,1
2021-06-17 11:11:01,B,1067.0,4,122
2021-06-17 11:11:01,B,1066.9,1,2
2021-06-17 11:11:05,S,1067.95,2,10
2021-06-17 11:11:05,S,1068.0,1,197
2021-06-17 11:11:05,S,1068.05,1,3
2021-06-17 11:11:05,S,1068.25,2,13
2021-06-17 11:11:05,S,1068.3,1,3
2021-06-17 11:11:05,B,1067.25,1,1
2021-06-17 11:11:05,B,1067.2,1,7
2021-06-17 11:11:05,B,1067.05,1,1
2021-06-17 11:11:05,B,1067.0,4,122
2021-06-17 11:11:05,B,1066.9,1,2
2021-06-17 11:11:06,S,1066.3,1,1
2021-06-17 11:11:06,S,1066.35,1,10
2021-06-17 11:11:06,S,1066.6,2,8
2021-06-17 11:11:06,S,1066.85,2,8
2021-06-17 11:11:06,S,1066.9,3,9
2021-06-17 11:11:06,B,1065.15,2,23
2021-06-17 11:11:06,B,1065.0,10,228
2021-06-17 11:11:06,B,1064.65,2,3
2021-06-17 11:11:06,B,1064.6,1,2
2021-06-17 11:11:06,B,1064.5,1,1
2021-06-17 11:11:08,S,1066.3,1,1
2021-06-17 11:11:08,S,1066.35,1,10
2021-06-17 11:11:08,S,1066.6,1,7
2021-06-17 11:11:08,S,1066.85,2,8
2021-06-17 11:11:08,S,1066.9,3,9
2021-06-17 11:11:08,B,1065.15,1,21
2021-06-17 11:11:08,B,1065.0,10,228
2021-06-17 11:11:08,B,1064.85,2,10
2021-06-17 11:11:08,B,1064.55,1,2
2021-06-17 11:11:08,B,1064.5,1,1
2021-06-17 11:11:10,S,1066.3,2,4
2021-06-17 11:11:10,S,1066.35,1,10
2021-06-17 11:11:10,S,1066.55,1,3
2021-06-17 11:11:10,S,1066.6,1,7
2021-06-17 11:11:10,S,1066.85,2,8
2021-06-17 11:11:10,B,1065.4,1,1
2021-06-17 11:11:10,B,1065.15,1,21
2021-06-17 11:11:10,B,1065.0,11,229
2021-06-17 11:11:10,B,1064.85,2,10
2021-06-17 11:11:10,B,1064.55,1,2
2021-06-17 11:11:13,S,1066.3,2,4
2021-06-17 11:11:13,S,1066.35,1,10
2021-06-17 11:11:13,S,1066.55,1,3
2021-06-17 11:11:13,S,1066.6,1,7
2021-06-17 11:11:13,S,1066.85,2,8
2021-06-17 11:11:13,B,1065.4,1,1
2021-06-17 11:11:13,B,1065.15,1,21
2021-06-17 11:11:13,B,1065.0,11,229
2021-06-17 11:11:13,B,1064.85,2,10
2021-06-17 11:11:13,B,1064.55,1,2
2021-06-17 11:11:21,S,1066.3,2,4
2021-06-17 11:11:21,S,1066.35,1,10
2021-06-17 11:11:21,S,1066.55,1,3
2021-06-17 11:11:21,S,1066.6,1,7
2021-06-17 11:11:21,S,1066.85,2,8
2021-06-17 11:11:21,B,1065.4,1,1
2021-06-17 11:11:21,B,1065.15,1,21
2021-06-17 11:11:21,B,1065.0,11,229
2021-06-17 11:11:21,B,1064.85,2,10
2021-06-17 11:11:21,B,1064.55,1,2
2021-06-17 11:11:27,S,1066.3,2,4
2021-06-17 11:11:27,S,1066.35,1,10
2021-06-17 11:11:27,S,1066.55,1,3
2021-06-17 11:11:27,S,1066.6,1,7
2021-06-17 11:11:27,S,1066.85,2,8
2021-06-17 11:11:27,B,1065.4,1,1
2021-06-17 11:11:27,B,1065.15,1,21
2021-06-17 11:11:27,B,1065.0,11,229
2021-06-17 11:11:27,B,1064.85,2,10
2021-06-17 11:11:27,B,1064.55,1,2
2021-06-17 11:11:28,S,1066.3,2,4
2021-06-17 11:11:28,S,1066.35,1,10
2021-06-17 11:11:28,S,1066.55,1,3
2021-06-17 11:11:28,S,1066.6,1,7
2021-06-17 11:11:28,S,1066.85,2,8
2021-06-17 11:11:28,B,1065.4,1,1
2021-06-17 11:11:28,B,1065.15,1,21
2021-06-17 11:11:28,B,1065.0,11,229
2021-06-17 11:11:28,B,1064.85,2,10
2021-06-17 11:11:28,B,1064.55,1,2
2021-06-17 11:11:33,S,1066.3,2,4
2021-06-17 11:11:33,S,1066.35,1,10
2021-06-17 11:11:33,S,1066.55,1,3
2021-06-17 11:11:33,S,1066.6,1,7
2021-06-17 11:11:33,S,1066.85,2,8
2021-06-17 11:11:33,B,1065.4,1,1
2021-06-17 11:11:33,B,1065.15,1,21
2021-06-17 11:11:33,B,1065.0,11,229
2021-06-17 11:11:33,B,1064.85,2,10
2021-06-17 11:11:33,B,1064.55,1,2
2021-06-17 11:11:34,S,1066.3,2,4
2021-06-17 11:11:34,S,1066.35,1,10
2021-06-17 11:11:34,S,1066.55,1,3
2021-06-17 11:11:34,S,1066.6,1,7
2021-06-17 11:11:34,S,1066.85,2,8
2021-06-17 11:11:34,B,1065.4,1,1
2021-06-17 11:11:34,B,1065.15,1,21
2021-06-17 11:11:34,B,1065.0,11,229
2021-06-17 11:11:34,B,1064.85,2,10
2021-06-17 11:11:34,B,1064.55,1,2
2021-06-17 11:11:37,S,1066.3,2,4
2021-06-17 11:11:37,S,1066.35,2,11
2021-06-17 11:11:37,S,1066.55,1,3
2021-06-17 11:11:37,S,1066.6,1,7
2021-06-17 11:11:37,S,1066.85,2,8
2021-06-17 11:11:37,B,1065.4,1,1
2021-06-17 11:11:37,B,1065.15,1,21
2021-06-17 11:11:37,B,1065.0,10,228
2021-06-17 11:11:37,B,1064.85,1,9
2021-06-17 11:11:37,B,1064.55,1,2
2021-06-17 11:11:41,S,1066.3,2,4
2021-06-17 11:11:41,S,1066.35,2,11
2021-06-17 11:11:41,S,1066.55,1,3
2021-06-17 11:11:41,S,1066.6,1,7
2021-06-17 11:11:41,S,1066.85,2,8
2021-06-17 11:11:41,B,1065.4,1,1
2021-06-17 11:11:41,B,1065.15,1,21
2021-06-17 11:11:41,B,1065.0,10,228
2021-06-17 11:11:41,B,1064.85,1,9
2021-06-17 11:11:41,B,1064.55,1,2
2021-06-17 11:11:47,S,1066.3,2,4
2021-06-17 11:11:47,S,1066.35,1,10
2021-06-17 11:11:47,S,1066.55,1,3
2021-06-17 11:11:47,S,1066.6,1,7
2021-06-17 11:11:47,S,1066.85,2,8
2021-06-17 11:11:47,B,1065.4,1,1
2021-06-17 11:11:47,B,1065.15,1,21
2021-06-17 11:11:47,B,1065.0,11,229
2021-06-17 11:11:47,B,1064.85,1,9
2021-06-17 11:11:47,B,1064.55,1,2
2021-06-17 11:11:51,S,1066.5,1,1
2021-06-17 11:11:51,S,1066.55,1,3
2021-06-17 11:11:51,S,1066.85,3,11
2021-06-17 11:11:51,S,1066.9,3,9
2021-06-17 11:11:51,S,1066.95,1,7
2021-06-17 11:11:51,B,1066.0,1,1
2021-06-17 11:11:51,B,1065.45,1,10
2021-06-17 11:11:51,B,1065.4,1,1
2021-06-17 11:11:51,B,1065.15,2,22
2021-06-17 11:11:51,B,1065.05,1,2
2021-06-17 11:11:52,S,1066.5,1,1
2021-06-17 11:11:52,S,1066.55,1,3
2021-06-17 11:11:52,S,1066.85,3,11
2021-06-17 11:11:52,S,1066.9,3,9
2021-06-17 11:11:52,S,1066.95,1,7
2021-06-17 11:11:52,B,1066.0,1,1
2021-06-17 11:11:52,B,1065.45,1,10
2021-06-17 11:11:52,B,1065.4,1,1
2021-06-17 11:11:52,B,1065.15,2,22
2021-06-17 11:11:52,B,1065.05,1,2
2021-06-17 11:11:53,S,1066.5,1,1
2021-06-17 11:11:53,S,1066.55,2,4
2021-06-17 11:11:53,S,1066.85,3,11
2021-06-17 11:11:53,S,1066.9,2,8
2021-06-17 11:11:53,S,1066.95,1,7
2021-06-17 11:11:53,B,1066.0,1,1
2021-06-17 11:11:53,B,1065.45,1,10
2021-06-17 11:11:53,B,1065.4,1,1
2021-06-17 11:11:53,B,1065.15,2,22
2021-06-17 11:11:53,B,1065.05,1,2
2021-06-17 11:11:54,S,1066.5,1,1
2021-06-17 11:11:54,S,1066.55,2,4
2021-06-17 11:11:54,S,1066.85,3,11
2021-06-17 11:11:54,S,1066.9,2,8
2021-06-17 11:11:54,S,1066.95,1,7
2021-06-17 11:11:54,B,1066.0,1,1
2021-06-17 11:11:54,B,1065.45,1,10
2021-06-17 11:11:54,B,1065.4,1,1
2021-06-17 11:11:54,B,1065.15,2,22
2021-06-17 11:11:54,B,1065.05,1,2
2021-06-17 11:11:55,S,1066.05,1,1
2021-06-17 11:11:55,S,1066.1,2,13
2021-06-17 11:11:55,S,1066.25,1,3
2021-06-17 11:11:55,S,1066.55,2,4
2021-06-17 11:11:55,S,1066.75,1,7
2021-06-17 11:11:55,B,1065.0,10,223
2021-06-17 11:11:55,B,1064.7,1,10
2021-06-17 11:11:55,B,1064.5,2,2
2021-06-17 11:11:55,B,1064.1,1,1
2021-06-17 11:11:55,B,1064.05,1,12
2021-06-17 11:11:57,S,1066.15,2,10
2021-06-17 11:11:57,S,1066.2,2,4
2021-06-17 11:11:57,S,1066.35,1,7
2021-06-17 11:11:57,S,1066.4,1,5
2021-06-17 11:11:57,S,1066.55,2,4
2021-06-17 11:11:57,B,1065.0,10,223
2021-06-17 11:11:57,B,1064.8,1,2
2021-06-17 11:11:57,B,1064.7,1,10
2021-06-17 11:11:57,B,1064.5,3,4
2021-06-17 11:11:57,B,1064.1,1,1
2021-06-17 11:12:01,S,1066.15,2,10
2021-06-17 11:12:01,S,1066.2,2,4
2021-06-17 11:12:01,S,1066.35,1,7
2021-06-17 11:12:01,S,1066.4,1,5
2021-06-17 11:12:01,S,1066.55,2,4
2021-06-17 11:12:01,B,1065.0,10,223
2021-06-17 11:12:01,B,1064.8,1,2
2021-06-17 11:12:01,B,1064.7,1,10
2021-06-17 11:12:01,B,1064.5,3,4
2021-06-17 11:12:01,B,1064.1,1,1
2021-06-17 11:12:14,S,1066.15,1,1
2021-06-17 11:12:14,S,1066.2,1,3
2021-06-17 11:12:14,S,1066.35,1,7
2021-06-17 11:12:14,S,1066.55,1,3
2021-06-17 11:12:14,S,1066.65,1,7
2021-06-17 11:12:14,B,1065.05,2,10
2021-06-17 11:12:14,B,1065.0,11,723
2021-06-17 11:12:14,B,1064.8,2,3
2021-06-17 11:12:14,B,1064.5,3,4
2021-06-17 11:12:14,B,1064.1,1,1
2021-06-17 11:12:17,S,1066.15,1,1
2021-06-17 11:12:17,S,1066.2,1,3
2021-06-17 11:12:17,S,1066.35,1,7
2021-06-17 11:12:17,S,1066.55,1,3
2021-06-17 11:12:17,S,1066.65,1,7
2021-06-17 11:12:17,B,1065.1,1,1
2021-06-17 11:12:17,B,1065.05,1,9
2021-06-17 11:12:17,B,1065.0,11,723
2021-06-17 11:12:17,B,1064.8,2,3
2021-06-17 11:12:17,B,1064.5,3,4
2021-06-17 11:12:19,S,1066.15,1,1
2021-06-17 11:12:19,S,1066.2,1,3
2021-06-17 11:12:19,S,1066.35,1,7
2021-06-17 11:12:19,S,1066.5,1,1
2021-06-17 11:12:19,S,1066.55,1,3
2021-06-17 11:12:19,B,1065.0,11,719
2021-06-17 11:12:19,B,1064.8,2,3
2021-06-17 11:12:19,B,1064.5,3,4
2021-06-17 11:12:19,B,1064.1,1,1
2021-06-17 11:12:19,B,1064.05,1,12
2021-06-17 11:12:23,S,1066.15,1,1
2021-06-17 11:12:23,S,1066.2,1,3
2021-06-17 11:12:23,S,1066.35,1,7
2021-06-17 11:12:23,S,1066.5,1,1
2021-06-17 11:12:23,S,1066.55,1,3
2021-06-17 11:12:23,B,1065.0,11,719
2021-06-17 11:12:23,B,1064.8,2,3
2021-06-17 11:12:23,B,1064.55,2,13
2021-06-17 11:12:23,B,1064.5,4,14
2021-06-17 11:12:23,B,1064.1,1,1
2021-06-17 11:12:27,S,1066.15,1,1
2021-06-17 11:12:27,S,1066.2,1,3
2021-06-17 11:12:27,S,1066.35,1,7
2021-06-17 11:12:27,S,1066.5,1,1
2021-06-17 11:12:27,S,1066.55,1,3
2021-06-17 11:12:27,B,1065.15,1,10
2021-06-17 11:12:27,B,1065.0,12,722
2021-06-17 11:12:27,B,1064.8,2,3
2021-06-17 11:12:27,B,1064.55,2,13
2021-06-17 11:12:27,B,1064.5,4,14
2021-06-17 11:12:45,S,1066.15,1,1
2021-06-17 11:12:45,S,1066.2,1,3
2021-06-17 11:12:45,S,1066.35,1,7
2021-06-17 11:12:45,S,1066.45,1,1
2021-06-17 11:12:45,S,1066.55,1,3
2021-06-17 11:12:45,B,1065.0,12,722
2021-06-17 11:12:45,B,1064.8,2,3
2021-06-17 11:12:45,B,1064.55,2,13
2021-06-17 11:12:45,B,1064.5,4,14
2021-06-17 11:12:45,B,1064.1,1,1
2021-06-17 11:12:49,S,1066.15,1,1
2021-06-17 11:12:49,S,1066.2,1,3
2021-06-17 11:12:49,S,1066.35,1,7
2021-06-17 11:12:49,S,1066.5,1,1
2021-06-17 11:12:49,S,1066.55,1,3
2021-06-17 11:12:49,B,1065.0,12,722
2021-06-17 11:12:49,B,1064.8,2,3
2021-06-17 11:12:49,B,1064.55,2,13
2021-06-17 11:12:49,B,1064.5,4,14
2021-06-17 11:12:49,B,1064.1,1,1
2021-06-17 11:12:53,S,1066.15,1,1
2021-06-17 11:12:53,S,1066.2,1,3
2021-06-17 11:12:53,S,1066.35,1,7
2021-06-17 11:12:53,S,1066.45,1,1
2021-06-17 11:12:53,S,1066.55,1,3
2021-06-17 11:12:53,B,1065.0,13,723
2021-06-17 11:12:53,B,1064.8,2,3
2021-06-17 11:12:53,B,1064.55,2,13
2021-06-17 11:12:53,B,1064.5,4,14
2021-06-17 11:12:53,B,1064.1,1,1
2021-06-17 11:12:54,S,1066.15,1,1
2021-06-17 11:12:54,S,1066.2,1,3
2021-06-17 11:12:54,S,1066.35,1,7
2021-06-17 11:12:54,S,1066.45,1,1
2021-06-17 11:12:54,S,1066.55,1,3
2021-06-17 11:12:54,B,1065.0,13,723
2021-06-17 11:12:54,B,1064.8,2,3
2021-06-17 11:12:54,B,1064.55,2,13
2021-06-17 11:12:54,B,1064.5,4,14
2021-06-17 11:12:54,B,1064.1,1,1
2021-06-17 11:12:55,S,1066.5,1,1
2021-06-17 11:12:55,S,1066.55,1,3
2021-06-17 11:12:55,S,1066.6,1,1
2021-06-17 11:12:55,S,1066.65,1,7
2021-06-17 11:12:55,S,1066.7,1,7
2021-06-17 11:12:55,B,1065.1,1,1
2021-06-17 11:12:55,B,1065.05,1,3
2021-06-17 11:12:55,B,1065.0,13,723
2021-06-17 11:12:55,B,1064.8,2,3
2021-06-17 11:12:55,B,1064.55,2,13
2021-06-17 11:13:01,S,1066.5,2,8
2021-06-17 11:13:01,S,1066.55,2,4
2021-06-17 11:13:01,S,1066.6,1,1
2021-06-17 11:13:01,S,1066.65,1,7
2021-06-17 11:13:01,S,1066.7,1,7
2021-06-17 11:13:01,B,1065.1,1,1
2021-06-17 11:13:01,B,1065.05,1,3
2021-06-17 11:13:01,B,1065.0,13,723
2021-06-17 11:13:01,B,1064.8,1,2
2021-06-17 11:13:01,B,1064.55,2,13
2021-06-17 11:13:12,S,1066.5,2,8
2021-06-17 11:13:12,S,1066.55,2,4
2021-06-17 11:13:12,S,1066.6,1,1
2021-06-17 11:13:12,S,1066.65,1,7
2021-06-17 11:13:12,S,1066.7,1,7
2021-06-17 11:13:12,B,1065.1,1,1
2021-06-17 11:13:12,B,1065.05,1,3
2021-06-17 11:13:12,B,1065.0,13,723
2021-06-17 11:13:12,B,1064.8,1,2
2021-06-17 11:13:12,B,1064.55,2,13
2021-06-17 11:13:13,S,1066.5,1,1
2021-06-17 11:13:13,S,1066.55,2,4
2021-06-17 11:13:13,S,1066.6,1,1
2021-06-17 11:13:13,S,1066.65,1,7
2021-06-17 11:13:13,S,1066.7,1,7
2021-06-17 11:13:13,B,1065.2,1,1
2021-06-17 11:13:13,B,1065.15,1,9
2021-06-17 11:13:13,B,1065.05,1,3
2021-06-17 11:13:13,B,1065.0,13,723
2021-06-17 11:13:13,B,1064.8,1,2
2021-06-17 11:13:14,S,1066.5,1,1
2021-06-17 11:13:14,S,1066.55,2,4
2021-06-17 11:13:14,S,1066.6,1,1
2021-06-17 11:13:14,S,1066.65,1,7
2021-06-17 11:13:14,S,1066.7,1,7
2021-06-17 11:13:14,B,1065.2,1,1
2021-06-17 11:13:14,B,1065.15,1,9
2021-06-17 11:13:14,B,1065.05,1,3
2021-06-17 11:13:14,B,1065.0,13,723
2021-06-17 11:13:14,B,1064.8,1,2
2021-06-17 11:13:15,S,1066.2,1,1
2021-06-17 11:13:15,S,1066.25,1,9
2021-06-17 11:13:15,S,1066.3,1,7
2021-06-17 11:13:15,S,1066.4,2,9
2021-06-17 11:13:15,S,1066.45,3,19
2021-06-17 11:13:15,B,1065.05,2,4
2021-06-17 11:13:15,B,1065.0,13,723
2021-06-17 11:13:15,B,1064.5,1,1
2021-06-17 11:13:15,B,1064.3,1,2
2021-06-17 11:13:15,B,1064.1,1,1
2021-06-17 11:13:17,S,1066.2,1,1
2021-06-17 11:13:17,S,1066.25,1,9
2021-06-17 11:13:17,S,1066.3,1,7
2021-06-17 11:13:17,S,1066.4,2,9
2021-06-17 11:13:17,S,1066.45,3,19
2021-06-17 11:13:17,B,1065.05,1,3
2021-06-17 11:13:17,B,1065.0,13,723
2021-06-17 11:13:17,B,1064.5,1,1
2021-06-17 11:13:17,B,1064.3,1,2
2021-06-17 11:13:17,B,1064.1,1,1
2021-06-17 11:13:21,S,1066.2,1,1
2021-06-17 11:13:21,S,1066.25,1,9
2021-06-17 11:13:21,S,1066.3,1,7
2021-06-17 11:13:21,S,1066.4,2,9
2021-06-17 11:13:21,S,1066.45,3,19
2021-06-17 11:13:21,B,1065.05,1,3
2021-06-17 11:13:21,B,1065.0,13,723
2021-06-17 11:13:21,B,1064.5,1,1
2021-06-17 11:13:21,B,1064.3,1,2
2021-06-17 11:13:21,B,1064.1,1,1
2021-06-17 11:13:25,S,1066.2,1,1
2021-06-17 11:13:25,S,1066.25,1,9
2021-06-17 11:13:25,S,1066.3,1,7
2021-06-17 11:13:25,S,1066.4,2,9
2021-06-17 11:13:25,S,1066.45,3,19
2021-06-17 11:13:25,B,1065.05,1,3
2021-06-17 11:13:25,B,1065.0,13,723
2021-06-17 11:13:25,B,1064.5,1,1
2021-06-17 11:13:25,B,1064.3,1,2
2021-06-17 11:13:25,B,1064.1,1,1
2021-06-17 11:13:30,S,1066.2,1,1
2021-06-17 11:13:30,S,1066.25,1,9
2021-06-17 11:13:30,S,1066.3,1,7
2021-06-17 11:13:30,S,1066.4,2,9
2021-06-17 11:13:30,S,1066.45,3,19
2021-06-17 11:13:30,B,1065.05,1,3
2021-06-17 11:13:30,B,1065.0,13,723
2021-06-17 11:13:30,B,1064.5,1,1
2021-06-17 11:13:30,B,1064.3,1,2
2021-06-17 11:13:30,B,1064.1,1,1
2021-06-17 11:13:39,S,1066.2,1,1
2021-06-17 11:13:39,S,1066.25,1,9
2021-06-17 11:13:39,S,1066.3,1,7
2021-06-17 11:13:39,S,1066.4,2,9
2021-06-17 11:13:39,S,1066.45,3,19
2021-06-17 11:13:39,B,1065.05,1,3
2021-06-17 11:13:39,B,1065.0,13,723
2021-06-17 11:13:39,B,1064.5,1,1
2021-06-17 11:13:39,B,1064.3,1,2
2021-06-17 11:13:39,B,1064.1,1,1
2021-06-17 11:13:51,S,1066.3,1,1
2021-06-17 11:13:51,S,1066.35,2,9
2021-06-17 11:13:51,S,1066.4,2,9
2021-06-17 11:13:51,S,1066.45,2,8
2021-06-17 11:13:51,S,1066.5,2,14
2021-06-17 11:13:51,B,1065.1,1,1
2021-06-17 11:13:51,B,1065.05,2,4
2021-06-17 11:13:51,B,1065.0,12,722
2021-06-17 11:13:51,B,1064.8,1,10
2021-06-17 11:13:51,B,1064.5,2,2
2021-06-17 11:13:53,S,1066.2,1,1
2021-06-17 11:13:53,S,1066.25,1,9
2021-06-17 11:13:53,S,1066.3,1,7
2021-06-17 11:13:53,S,1066.35,2,9
2021-06-17 11:13:53,S,1066.4,2,9
2021-06-17 11:13:53,B,1065.1,1,1
2021-06-17 11:13:53,B,1065.05,2,4
2021-06-17 11:13:53,B,1065.0,12,722
2021-06-17 11:13:53,B,1064.8,1,10
2021-06-17 11:13:53,B,1064.5,1,1
2021-06-17 11:14:06,S,1066.25,2,8
2021-06-17 11:14:06,S,1066.3,1,7
2021-06-17 11:14:06,S,1066.35,2,9
2021-06-17 11:14:06,S,1066.4,2,9
2021-06-17 11:14:06,S,1066.45,3,17
2021-06-17 11:14:06,B,1065.1,1,1
2021-06-17 11:14:06,B,1065.05,2,4
2021-06-17 11:14:06,B,1065.0,13,762
2021-06-17 11:14:06,B,1064.8,1,10
2021-06-17 11:14:06,B,1064.5,1,1
2021-06-17 11:14:08,S,1066.25,1,1
2021-06-17 11:14:08,S,1066.3,1,7
2021-06-17 11:14:08,S,1066.35,2,9
2021-06-17 11:14:08,S,1066.4,2,9
2021-06-17 11:14:08,S,1066.45,2,8
2021-06-17 11:14:08,B,1065.3,1,1
2021-06-17 11:14:08,B,1065.25,1,1
2021-06-17 11:14:08,B,1065.05,1,3
2021-06-17 11:14:08,B,1065.0,13,762
2021-06-17 11:14:08,B,1064.8,1,10
2021-06-17 11:14:12,S,1066.25,1,1
2021-06-17 11:14:12,S,1066.3,1,7
2021-06-17 11:14:12,S,1066.35,2,9
2021-06-17 11:14:12,S,1066.4,2,9
2021-06-17 11:14:12,S,1066.45,2,8
2021-06-17 11:14:12,B,1065.3,1,1
2021-06-17 11:14:12,B,1065.25,1,1
2021-06-17 11:14:12,B,1065.05,1,3
2021-06-17 11:14:12,B,1065.0,13,762
2021-06-17 11:14:12,B,1064.8,1,10
2021-06-17 11:14:13,S,1066.25,1,1
2021-06-17 11:14:13,S,1066.3,1,7
2021-06-17 11:14:13,S,1066.35,2,9
2021-06-17 11:14:13,S,1066.4,2,9
2021-06-17 11:14:13,S,1066.45,2,8
2021-06-17 11:14:13,B,1065.3,1,1
2021-06-17 11:14:13,B,1065.25,1,1
2021-06-17 11:14:13,B,1065.05,1,3
2021-06-17 11:14:13,B,1065.0,13,762
2021-06-17 11:14:13,B,1064.8,1,10
2021-06-17 11:14:18,S,1066.25,1,1
2021-06-17 11:14:18,S,1066.3,1,7
2021-06-17 11:14:18,S,1066.35,2,9
2021-06-17 11:14:18,S,1066.4,2,9
2021-06-17 11:14:18,S,1066.45,2,8
2021-06-17 11:14:18,B,1065.3,1,1
2021-06-17 11:14:18,B,1065.25,1,1
2021-06-17 11:14:18,B,1065.05,1,3
2021-06-17 11:14:18,B,1065.0,13,762
2021-06-17 11:14:18,B,1064.8,1,10
2021-06-17 11:14:26,S,1066.25,1,1
2021-06-17 11:14:26,S,1066.3,1,7
2021-06-17 11:14:26,S,1066.35,2,9
2021-06-17 11:14:26,S,1066.4,2,9
2021-06-17 11:14:26,S,1066.45,2,8
2021-06-17 11:14:26,B,1065.3,1,1
2021-06-17 11:14:26,B,1065.25,1,1
2021-06-17 11:14:26,B,1065.05,1,3
2021-06-17 11:14:26,B,1065.0,13,762
2021-06-17 11:14:26,B,1064.8,1,10
2021-06-17 11:14:29,S,1066.25,1,1
2021-06-17 11:14:29,S,1066.3,1,7
2021-06-17 11:14:29,S,1066.35,2,9
2021-06-17 11:14:29,S,1066.4,2,9
2021-06-17 11:14:29,S,1066.45,2,8
2021-06-17 11:14:29,B,1065.3,1,1
2021-06-17 11:14:29,B,1065.25,1,1
2021-06-17 11:14:29,B,1065.05,1,3
2021-06-17 11:14:29,B,1065.0,13,762
2021-06-17 11:14:29,B,1064.8,1,10
2021-06-17 11:14:30,S,1066.35,1,2
2021-06-17 11:14:30,S,1066.4,2,9
2021-06-17 11:14:30,S,1066.45,1,7
2021-06-17 11:14:30,S,1066.5,3,15
2021-06-17 11:14:30,S,1066.55,1,3
2021-06-17 11:14:30,B,1065.25,1,1
2021-06-17 11:14:30,B,1065.2,1,10
2021-06-17 11:14:30,B,1065.05,1,3
2021-06-17 11:14:30,B,1065.0,13,762
2021-06-17 11:14:30,B,1064.75,1,2
2021-06-17 11:14:35,S,1066.35,1,2
2021-06-17 11:14:35,S,1066.4,2,9
2021-06-17 11:14:35,S,1066.45,1,7
2021-06-17 11:14:35,S,1066.5,3,15
2021-06-17 11:14:35,S,1066.55,1,3
2021-06-17 11:14:35,B,1065.25,1,1
2021-06-17 11:14:35,B,1065.2,1,10
2021-06-17 11:14:35,B,1065.05,1,3
2021-06-17 11:14:35,B,1065.0,14,782
2021-06-17 11:14:35,B,1064.75,1,2
2021-06-17 11:14:48,S,1066.35,1,2
2021-06-17 11:14:48,S,1066.4,2,9
2021-06-17 11:14:48,S,1066.45,1,7
2021-06-17 11:14:48,S,1066.5,3,15
2021-06-17 11:14:48,S,1066.55,1,3
2021-06-17 11:14:48,B,1065.25,1,1
2021-06-17 11:14:48,B,1065.2,1,10
2021-06-17 11:14:48,B,1065.05,1,3
2021-06-17 11:14:48,B,1065.0,14,782
2021-06-17 11:14:48,B,1064.75,1,2
2021-06-17 11:14:50,S,1066.35,1,2
2021-06-17 11:14:50,S,1066.4,2,9
2021-06-17 11:14:50,S,1066.45,1,7
2021-06-17 11:14:50,S,1066.5,3,15
2021-06-17 11:14:50,S,1066.55,1,3
2021-06-17 11:14:50,B,1065.25,1,1
2021-06-17 11:14:50,B,1065.2,1,10
2021-06-17 11:14:50,B,1065.05,1,3
2021-06-17 11:14:50,B,1065.0,14,782
2021-06-17 11:14:50,B,1064.75,1,2
2021-06-17 11:14:52,S,1066.35,1,2
2021-06-17 11:14:52,S,1066.4,2,9
2021-06-17 11:14:52,S,1066.45,1,7
2021-06-17 11:14:52,S,1066.5,3,15
2021-06-17 11:14:52,S,1066.55,1,3
2021-06-17 11:14:52,B,1065.25,1,1
2021-06-17 11:14:52,B,1065.2,1,10
2021-06-17 11:14:52,B,1065.05,1,3
2021-06-17 11:14:52,B,1065.0,14,782
2021-06-17 11:14:52,B,1064.75,1,2
2021-06-17 11:15:06,S,1066.35,1,2
2021-06-17 11:15:06,S,1066.4,2,9
2021-06-17 11:15:06,S,1066.45,1,7
2021-06-17 11:15:06,S,1066.5,3,15
2021-06-17 11:15:06,S,1066.55,1,3
2021-06-17 11:15:06,B,1065.25,1,1
2021-06-17 11:15:06,B,1065.2,1,10
2021-06-17 11:15:06,B,1065.05,1,3
2021-06-17 11:15:06,B,1065.0,14,782
2021-06-17 11:15:06,B,1064.75,1,2
2021-06-17 11:15:10,S,1066.5,1,7
2021-06-17 11:15:10,S,1066.55,1,3
2021-06-17 11:15:10,S,1066.85,2,4
2021-06-17 11:15:10,S,1067.0,1,28
2021-06-17 11:15:10,S,1067.1,1,1
2021-06-17 11:15:10,B,1065.35,1,1
2021-06-17 11:15:10,B,1065.3,1,9
2021-06-17 11:15:10,B,1065.25,1,2
2021-06-17 11:15:10,B,1065.05,2,4
2021-06-17 11:15:10,B,1065.0,14,782
2021-06-17 11:15:11,S,1066.5,1,7
2021-06-17 11:15:11,S,1066.55,1,3
2021-06-17 11:15:11,S,1066.85,2,4
2021-06-17 11:15:11,S,1067.0,1,28
2021-06-17 11:15:11,S,1067.1,1,1
2021-06-17 11:15:11,B,1065.35,1,1
2021-06-17 11:15:11,B,1065.3,1,9
2021-06-17 11:15:11,B,1065.25,1,2
2021-06-17 11:15:11,B,1065.05,2,4
2021-06-17 11:15:11,B,1065.0,14,782
2021-06-17 11:15:14,S,1066.5,1,7
2021-06-17 11:15:14,S,1066.55,1,3
2021-06-17 11:15:14,S,1066.85,2,4
2021-06-17 11:15:14,S,1067.0,1,28
2021-06-17 11:15:14,S,1067.1,1,1
2021-06-17 11:15:14,B,1065.35,1,1
2021-06-17 11:15:14,B,1065.3,1,9
2021-06-17 11:15:14,B,1065.25,1,2
2021-06-17 11:15:14,B,1065.05,3,16
2021-06-17 11:15:14,B,1065.0,13,762
2021-06-17 11:15:33,S,1066.85,2,4
2021-06-17 11:15:33,S,1066.9,1,7
2021-06-17 11:15:33,S,1066.95,1,7
2021-06-17 11:15:33,S,1067.0,1,28
2021-06-17 11:15:33,S,1067.1,1,1
2021-06-17 11:15:33,B,1065.35,1,1
2021-06-17 11:15:33,B,1065.3,1,9
2021-06-17 11:15:33,B,1065.05,2,15
2021-06-17 11:15:33,B,1065.0,14,764
2021-06-17 11:15:33,B,1064.75,1,2
2021-06-17 11:15:37,S,1066.8,1,9
2021-06-17 11:15:37,S,1066.85,2,4
2021-06-17 11:15:37,S,1066.9,1,7
2021-06-17 11:15:37,S,1066.95,1,7
2021-06-17 11:15:37,S,1067.0,1,28
2021-06-17 11:15:37,B,1065.35,1,1
2021-06-17 11:15:37,B,1065.3,1,9
2021-06-17 11:15:37,B,1065.05,2,15
2021-06-17 11:15:37,B,1065.0,14,764
2021-06-17 11:15:37,B,1064.75,1,2
2021-06-17 11:15:58,S,1066.8,1,9
2021-06-17 11:15:58,S,1066.85,2,4
2021-06-17 11:15:58,S,1066.9,1,7
2021-06-17 11:15:58,S,1066.95,1,7
2021-06-17 11:15:58,S,1067.0,1,28
2021-06-17 11:15:58,B,1065.35,1,1
2021-06-17 11:15:58,B,1065.3,1,9
2021-06-17 11:15:58,B,1065.1,1,3
2021-06-17 11:15:58,B,1065.05,1,12
2021-06-17 11:15:58,B,1065.0,14,764
2021-06-17 11:16:02,S,1066.85,2,4
2021-06-17 11:16:02,S,1066.9,1,7
2021-06-17 11:16:02,S,1066.95,1,7
2021-06-17 11:16:02,S,1067.0,1,28
2021-06-17 11:16:02,S,1067.05,1,10
2021-06-17 11:16:02,B,1065.6,1,1
2021-06-17 11:16:02,B,1065.55,1,9
2021-06-17 11:16:02,B,1065.35,1,1
2021-06-17 11:16:02,B,1065.1,1,3
2021-06-17 11:16:02,B,1065.05,1,12
2021-06-17 11:16:06,S,1066.85,2,4
2021-06-17 11:16:06,S,1066.9,1,7
2021-06-17 11:16:06,S,1066.95,1,7
2021-06-17 11:16:06,S,1067.0,1,28
2021-06-17 11:16:06,S,1067.05,1,10
2021-06-17 11:16:06,B,1065.6,1,1
2021-06-17 11:16:06,B,1065.55,1,9
2021-06-17 11:16:06,B,1065.35,1,1
2021-06-17 11:16:06,B,1065.1,1,3
2021-06-17 11:16:06,B,1065.05,1,12
2021-06-17 11:16:07,S,1065.25,1,1
2021-06-17 11:16:07,S,1065.3,1,9
2021-06-17 11:16:07,S,1065.5,1,23
2021-06-17 11:16:07,S,1066.25,2,6
2021-06-17 11:16:07,S,1066.35,1,5
2021-06-17 11:16:07,B,1064.5,1,1
2021-06-17 11:16:07,B,1064.35,1,3
2021-06-17 11:16:07,B,1064.1,1,1
2021-06-17 11:16:07,B,1064.0,5,109
2021-06-17 11:16:07,B,1063.1,1,2
2021-06-17 11:16:09,S,1065.25,1,1
2021-06-17 11:16:09,S,1065.3,1,9
2021-06-17 11:16:09,S,1065.5,1,3
2021-06-17 11:16:09,S,1065.85,1,12
2021-06-17 11:16:09,S,1065.9,1,3
2021-06-17 11:16:09,B,1064.5,1,1
2021-06-17 11:16:09,B,1064.35,1,3
2021-06-17 11:16:09,B,1064.1,1,1
2021-06-17 11:16:09,B,1064.0,5,109
2021-06-17 11:16:09,B,1063.8,1,10
2021-06-17 11:16:18,S,1065.25,1,1
2021-06-17 11:16:18,S,1065.3,1,9
2021-06-17 11:16:18,S,1065.5,1,3
2021-06-17 11:16:18,S,1065.85,1,12
2021-06-17 11:16:18,S,1065.9,1,3
2021-06-17 11:16:18,B,1064.5,1,1
2021-06-17 11:16:18,B,1064.35,1,3
2021-06-17 11:16:18,B,1064.1,1,1
2021-06-17 11:16:18,B,1064.0,5,109
2021-06-17 11:16:18,B,1063.8,1,10
2021-06-17 11:16:22,S,1065.25,1,1
2021-06-17 11:16:22,S,1065.3,1,9
2021-06-17 11:16:22,S,1065.5,1,3
2021-06-17 11:16:22,S,1065.85,1,12
2021-06-17 11:16:22,S,1065.9,1,3
2021-06-17 11:16:22,B,1064.5,1,1
2021-06-17 11:16:22,B,1064.35,1,3
2021-06-17 11:16:22,B,1064.1,1,1
2021-06-17 11:16:22,B,1064.0,5,109
2021-06-17 11:16:22,B,1063.8,1,10
2021-06-17 11:16:27,S,1065.25,2,3
2021-06-17 11:16:27,S,1065.3,1,9
2021-06-17 11:16:27,S,1065.5,1,3
2021-06-17 11:16:27,S,1065.8,1,12
2021-06-17 11:16:27,S,1065.85,2,21
2021-06-17 11:16:27,B,1064.5,1,1
2021-06-17 11:16:27,B,1064.35,1,3
2021-06-17 11:16:27,B,1064.1,1,1
2021-06-17 11:16:27,B,1064.0,5,109
2021-06-17 11:16:27,B,1063.8,1,10
2021-06-17 11:16:36,S,1065.2,1,9
2021-06-17 11:16:36,S,1065.25,2,3
2021-06-17 11:16:36,S,1065.5,1,3
2021-06-17 11:16:36,S,1065.8,1,12
2021-06-17 11:16:36,S,1065.85,2,21
2021-06-17 11:16:36,B,1064.5,1,1
2021-06-17 11:16:36,B,1064.35,1,3
2021-06-17 11:16:36,B,1064.1,1,1
2021-06-17 11:16:36,B,1064.0,5,109
2021-06-17 11:16:36,B,1063.8,1,10
2021-06-17 11:16:37,S,1065.2,2,3
2021-06-17 11:16:37,S,1065.25,1,2
2021-06-17 11:16:37,S,1065.5,2,13
2021-06-17 11:16:37,S,1065.85,1,9
2021-06-17 11:16:37,S,1065.9,1,3
2021-06-17 11:16:37,B,1064.5,1,1
2021-06-17 11:16:37,B,1064.35,1,3
2021-06-17 11:16:37,B,1064.1,1,1
2021-06-17 11:16:37,B,1064.0,5,109
2021-06-17 11:16:37,B,1063.8,1,10
2021-06-17 11:16:42,S,1065.2,2,3
2021-06-17 11:16:42,S,1065.25,1,2
2021-06-17 11:16:42,S,1065.5,2,13
2021-06-17 11:16:42,S,1065.85,2,21
2021-06-17 11:16:42,S,1065.9,1,3
2021-06-17 11:16:42,B,1064.5,1,1
2021-06-17 11:16:42,B,1064.35,1,3
2021-06-17 11:16:42,B,1064.1,1,1
2021-06-17 11:16:42,B,1064.0,5,109
2021-06-17 11:16:42,B,1063.8,1,10
2021-06-17 11:16:43,S,1065.2,2,3
2021-06-17 11:16:43,S,1065.25,1,2
2021-06-17 11:16:43,S,1065.5,2,13
2021-06-17 11:16:43,S,1065.85,2,21
2021-06-17 11:16:43,S,1065.9,1,3
2021-06-17 11:16:43,B,1064.5,1,1
2021-06-17 11:16:43,B,1064.35,1,3
2021-06-17 11:16:43,B,1064.1,1,1
2021-06-17 11:16:43,B,1064.0,5,109
2021-06-17 11:16:43,B,1063.8,1,10
2021-06-17 11:16:47,S,1065.2,2,3
2021-06-17 11:16:47,S,1065.25,1,2
2021-06-17 11:16:47,S,1065.45,1,12
2021-06-17 11:16:47,S,1065.5,2,13
2021-06-17 11:16:47,S,1065.85,2,21
2021-06-17 11:16:47,B,1064.6,1,1
2021-06-17 11:16:47,B,1064.5,1,1
2021-06-17 11:16:47,B,1064.35,1,3
2021-06-17 11:16:47,B,1064.1,1,1
2021-06-17 11:16:47,B,1064.0,5,109
2021-06-17 11:16:49,S,1065.2,2,3
2021-06-17 11:16:49,S,1065.25,1,2
2021-06-17 11:16:49,S,1065.45,1,12
2021-06-17 11:16:49,S,1065.5,2,13
2021-06-17 11:16:49,S,1065.85,2,21
2021-06-17 11:16:49,B,1064.6,1,1
2021-06-17 11:16:49,B,1064.5,1,1
2021-06-17 11:16:49,B,1064.35,1,3
2021-06-17 11:16:49,B,1064.1,1,1
2021-06-17 11:16:49,B,1064.0,5,109
2021-06-17 11:16:51,S,1065.2,2,3
2021-06-17 11:16:51,S,1065.25,1,2
2021-06-17 11:16:51,S,1065.45,1,12
2021-06-17 11:16:51,S,1065.5,2,13
2021-06-17 11:16:51,S,1065.85,2,21
2021-06-17 11:16:51,B,1064.6,1,1
2021-06-17 11:16:51,B,1064.5,1,1
2021-06-17 11:16:51,B,1064.35,1,3
2021-06-17 11:16:51,B,1064.1,1,1
2021-06-17 11:16:51,B,1064.0,5,109
2021-06-17 11:16:57,S,1065.2,2,3
2021-06-17 11:16:57,S,1065.25,1,2
2021-06-17 11:16:57,S,1065.45,1,12
2021-06-17 11:16:57,S,1065.5,2,13
2021-06-17 11:16:57,S,1065.85,2,21
2021-06-17 11:16:57,B,1064.6,1,1
2021-06-17 11:16:57,B,1064.5,1,1
2021-06-17 11:16:57,B,1064.35,1,3
2021-06-17 11:16:57,B,1064.1,1,1
2021-06-17 11:16:57,B,1064.0,5,109
2021-06-17 11:17:04,S,1065.15,1,1
2021-06-17 11:17:04,S,1065.2,1,2
2021-06-17 11:17:04,S,1065.25,1,2
2021-06-17 11:17:04,S,1065.45,1,12
2021-06-17 11:17:04,S,1065.5,2,13
2021-06-17 11:17:04,B,1064.6,1,1
2021-06-17 11:17:04,B,1064.5,1,1
2021-06-17 11:17:04,B,1064.35,1,3
2021-06-17 11:17:04,B,1064.1,1,1
2021-06-17 11:17:04,B,1064.0,5,109
2021-06-17 11:17:06,S,1065.15,2,3
2021-06-17 11:17:06,S,1065.2,1,2
2021-06-17 11:17:06,S,1065.25,1,2
2021-06-17 11:17:06,S,1065.45,1,12
2021-06-17 11:17:06,S,1065.5,2,13
2021-06-17 11:17:06,B,1064.65,1,1
2021-06-17 11:17:06,B,1064.6,1,1
2021-06-17 11:17:06,B,1064.5,1,1
2021-06-17 11:17:06,B,1064.35,1,3
2021-06-17 11:17:06,B,1064.1,1,1
2021-06-17 11:17:07,S,1065.15,2,3
2021-06-17 11:17:07,S,1065.2,1,2
2021-06-17 11:17:07,S,1065.25,1,2
2021-06-17 11:17:07,S,1065.45,1,12
2021-06-17 11:17:07,S,1065.5,2,13
2021-06-17 11:17:07,B,1064.65,1,1
2021-06-17 11:17:07,B,1064.6,1,1
2021-06-17 11:17:07,B,1064.5,1,1
2021-06-17 11:17:07,B,1064.35,1,3
2021-06-17 11:17:07,B,1064.1,1,1
2021-06-17 11:17:08,S,1065.15,2,3
2021-06-17 11:17:08,S,1065.2,1,2
2021-06-17 11:17:08,S,1065.25,1,2
2021-06-17 11:17:08,S,1065.45,1,12
2021-06-17 11:17:08,S,1065.5,2,13
2021-06-17 11:17:08,B,1064.65,1,1
2021-06-17 11:17:08,B,1064.6,1,1
2021-06-17 11:17:08,B,1064.5,1,1
2021-06-17 11:17:08,B,1064.35,1,3
2021-06-17 11:17:08,B,1064.1,1,1
2021-06-17 11:17:13,S,1065.15,2,3
2021-06-17 11:17:13,S,1065.2,1,2
2021-06-17 11:17:13,S,1065.25,1,2
2021-06-17 11:17:13,S,1065.45,1,12
2021-06-17 11:17:13,S,1065.5,2,13
2021-06-17 11:17:13,B,1064.65,1,1
2021-06-17 11:17:13,B,1064.6,1,1
2021-06-17 11:17:13,B,1064.5,1,1
2021-06-17 11:17:13,B,1064.35,1,3
2021-06-17 11:17:13,B,1064.1,1,1
2021-06-17 11:17:15,S,1065.15,2,3
2021-06-17 11:17:15,S,1065.2,1,2
2021-06-17 11:17:15,S,1065.25,1,2
2021-06-17 11:17:15,S,1065.45,1,12
2021-06-17 11:17:15,S,1065.5,2,13
2021-06-17 11:17:15,B,1064.65,1,1
2021-06-17 11:17:15,B,1064.6,1,1
2021-06-17 11:17:15,B,1064.5,1,1
2021-06-17 11:17:15,B,1064.35,1,3
2021-06-17 11:17:15,B,1064.1,1,1
2021-06-17 11:17:16,S,1065.15,2,3
2021-06-17 11:17:16,S,1065.2,1,2
2021-06-17 11:17:16,S,1065.25,1,2
2021-06-17 11:17:16,S,1065.45,1,12
2021-06-17 11:17:16,S,1065.5,2,13
2021-06-17 11:17:16,B,1064.65,1,1
2021-06-17 11:17:16,B,1064.6,1,1
2021-06-17 11:17:16,B,1064.5,1,1
2021-06-17 11:17:16,B,1064.35,1,3
2021-06-17 11:17:16,B,1064.1,1,1
2021-06-17 11:17:18,S,1065.15,2,3
2021-06-17 11:17:18,S,1065.2,1,2
2021-06-17 11:17:18,S,1065.25,1,2
2021-06-17 11:17:18,S,1065.45,1,12
2021-06-17 11:17:18,S,1065.5,2,13
2021-06-17 11:17:18,B,1064.65,1,1
2021-06-17 11:17:18,B,1064.6,1,1
2021-06-17 11:17:18,B,1064.5,1,1
2021-06-17 11:17:18,B,1064.35,1,3
2021-06-17 11:17:18,B,1064.1,1,1
2021-06-17 11:17:19,S,1065.15,2,3
2021-06-17 11:17:19,S,1065.2,1,2
2021-06-17 11:17:19,S,1065.25,1,2
2021-06-17 11:17:19,S,1065.45,1,12
2021-06-17 11:17:19,S,1065.5,2,13
2021-06-17 11:17:19,B,1064.65,1,1
2021-06-17 11:17:19,B,1064.6,1,1
2021-06-17 11:17:19,B,1064.5,1,1
2021-06-17 11:17:19,B,1064.35,1,3
2021-06-17 11:17:19,B,1064.1,1,1
2021-06-17 11:17:20,S,1065.15,1,1
2021-06-17 11:17:20,S,1065.2,2,3
2021-06-17 11:17:20,S,1065.25,1,2
2021-06-17 11:17:20,S,1065.45,1,12
2021-06-17 11:17:20,S,1065.5,2,13
2021-06-17 11:17:20,B,1064.65,1,1
2021-06-17 11:17:20,B,1064.6,1,1
2021-06-17 11:17:20,B,1064.5,1,1
2021-06-17 11:17:20,B,1064.35,1,3
2021-06-17 11:17:20,B,1064.1,1,1
2021-06-17 11:17:22,S,1065.15,1,1
2021-06-17 11:17:22,S,1065.2,2,3
2021-06-17 11:17:22,S,1065.25,1,2
2021-06-17 11:17:22,S,1065.45,1,12
2021-06-17 11:17:22,S,1065.5,2,13
2021-06-17 11:17:22,B,1064.65,1,1
2021-06-17 11:17:22,B,1064.6,1,1
2021-06-17 11:17:22,B,1064.5,1,1
2021-06-17 11:17:22,B,1064.35,1,3
2021-06-17 11:17:22,B,1064.1,1,1
2021-06-17 11:17:24,S,1064.65,1,5
2021-06-17 11:17:24,S,1064.85,1,1
2021-06-17 11:17:24,S,1064.9,1,3
2021-06-17 11:17:24,S,1065.1,2,11
2021-06-17 11:17:24,S,1065.15,1,1
2021-06-17 11:17:24,B,1064.0,2,101
2021-06-17 11:17:24,B,1063.5,1,10
2021-06-17 11:17:24,B,1063.1,1,2
2021-06-17 11:17:24,B,1063.0,6,119
2021-06-17 11:17:24,B,1062.9,1,2
2021-06-17 11:17:25,S,1064.65,1,5
2021-06-17 11:17:25,S,1064.9,1,3
2021-06-17 11:17:25,S,1065.05,1,1
2021-06-17 11:17:25,S,1065.1,2,11
2021-06-17 11:17:25,S,1065.5,1,3
2021-06-17 11:17:25,B,1064.0,2,101
2021-06-17 11:17:25,B,1063.5,1,10
2021-06-17 11:17:25,B,1063.1,1,2
2021-06-17 11:17:25,B,1063.0,6,119
2021-06-17 11:17:25,B,1062.9,1,2
2021-06-17 11:17:33,S,1064.65,1,5
2021-06-17 11:17:33,S,1064.9,1,3
2021-06-17 11:17:33,S,1065.05,1,1
2021-06-17 11:17:33,S,1065.1,2,11
2021-06-17 11:17:33,S,1065.5,1,3
2021-06-17 11:17:33,B,1064.0,2,101
2021-06-17 11:17:33,B,1063.5,1,10
2021-06-17 11:17:33,B,1063.1,1,2
2021-06-17 11:17:33,B,1063.0,6,119
2021-06-17 11:17:33,B,1062.9,1,2
2021-06-17 11:17:34,S,1064.65,1,4
2021-06-17 11:17:34,S,1064.9,1,3
2021-06-17 11:17:34,S,1065.05,1,1
2021-06-17 11:17:34,S,1065.1,1,9
2021-06-17 11:17:34,S,1065.5,1,3
2021-06-17 11:17:34,B,1064.0,2,101
2021-06-17 11:17:34,B,1063.5,1,10
2021-06-17 11:17:34,B,1063.1,1,2
2021-06-17 11:17:34,B,1063.0,6,119
2021-06-17 11:17:34,B,1062.9,1,2
2021-06-17 11:17:48,S,1064.65,1,4
2021-06-17 11:17:48,S,1064.9,1,3
2021-06-17 11:17:48,S,1065.05,1,1
2021-06-17 11:17:48,S,1065.1,1,9
2021-06-17 11:17:48,S,1065.5,1,3
2021-06-17 11:17:48,B,1064.0,3,106
2021-06-17 11:17:48,B,1063.5,1,10
2021-06-17 11:17:48,B,1063.1,1,2
2021-06-17 11:17:48,B,1063.0,6,119
2021-06-17 11:17:48,B,1062.9,1,2
2021-06-17 11:17:48,S,1064.65,1,4
2021-06-17 11:17:48,S,1064.9,1,3
2021-06-17 11:17:48,S,1065.05,1,1
2021-06-17 11:17:48,S,1065.1,1,9
2021-06-17 11:17:48,S,1065.5,1,3
2021-06-17 11:17:48,B,1064.0,3,106
2021-06-17 11:17:48,B,1063.5,1,10
2021-06-17 11:17:48,B,1063.1,1,2
2021-06-17 11:17:48,B,1063.0,6,119
2021-06-17 11:17:48,B,1062.9,1,2
2021-06-17 11:17:49,S,1064.65,1,10
2021-06-17 11:17:49,S,1065.05,1,1
2021-06-17 11:17:49,S,1065.1,1,9
2021-06-17 11:17:49,S,1065.25,1,11
2021-06-17 11:17:49,S,1065.5,1,3
2021-06-17 11:17:49,B,1064.0,3,106
2021-06-17 11:17:49,B,1063.5,1,10
2021-06-17 11:17:49,B,1063.1,1,2
2021-06-17 11:17:49,B,1063.0,6,119
2021-06-17 11:17:49,B,1062.9,1,2
2021-06-17 11:17:54,S,1064.65,1,10
2021-06-17 11:17:54,S,1065.05,1,1
2021-06-17 11:17:54,S,1065.1,1,9
2021-06-17 11:17:54,S,1065.25,1,11
2021-06-17 11:17:54,S,1065.5,1,3
2021-06-17 11:17:54,B,1064.0,3,106
2021-06-17 11:17:54,B,1063.5,1,10
2021-06-17 11:17:54,B,1063.1,1,2
2021-06-17 11:17:54,B,1063.0,6,119
2021-06-17 11:17:54,B,1062.9,1,2
2021-06-17 11:17:55,S,1064.65,1,7
2021-06-17 11:17:55,S,1064.8,1,3
2021-06-17 11:17:55,S,1065.05,1,1
2021-06-17 11:17:55,S,1065.1,1,9
2021-06-17 11:17:55,S,1065.15,1,3
2021-06-17 11:17:55,B,1064.0,3,106
2021-06-17 11:17:55,B,1063.5,1,10
2021-06-17 11:17:55,B,1063.1,1,2
2021-06-17 11:17:55,B,1063.0,6,119
2021-06-17 11:17:55,B,1062.9,1,2
2021-06-17 11:17:55,S,1064.65,1,7
2021-06-17 11:17:55,S,1064.8,1,3
2021-06-17 11:17:55,S,1065.05,1,1
2021-06-17 11:17:55,S,1065.1,1,9
2021-06-17 11:17:55,S,1065.15,1,3
2021-06-17 11:17:55,B,1064.0,3,106
2021-06-17 11:17:55,B,1063.5,1,10
2021-06-17 11:17:55,B,1063.1,1,2
2021-06-17 11:17:55,B,1063.0,6,119
2021-06-17 11:17:55,B,1062.9,1,2
2021-06-17 11:17:57,S,1064.65,1,6
2021-06-17 11:17:57,S,1064.8,1,3
2021-06-17 11:17:57,S,1065.05,1,1
2021-06-17 11:17:57,S,1065.1,1,9
2021-06-17 11:17:57,S,1065.15,1,3
2021-06-17 11:17:57,B,1064.0,3,106
2021-06-17 11:17:57,B,1063.5,1,10
2021-06-17 11:17:57,B,1063.1,1,2
2021-06-17 11:17:57,B,1063.0,6,119
2021-06-17 11:17:57,B,1062.9,1,2
2021-06-17 11:18:00,S,1064.65,1,4
2021-06-17 11:18:00,S,1065.05,1,1
2021-06-17 11:18:00,S,1065.1,1,9
2021-06-17 11:18:00,S,1065.15,1,3
2021-06-17 11:18:00,S,1065.25,1,11
2021-06-17 11:18:00,B,1064.0,3,106
2021-06-17 11:18:00,B,1063.5,1,10
2021-06-17 11:18:00,B,1063.1,1,2
2021-06-17 11:18:00,B,1063.0,6,119
2021-06-17 11:18:00,B,1062.9,1,2
2021-06-17 11:18:26,S,1064.65,1,4
2021-06-17 11:18:26,S,1065.05,1,1
2021-06-17 11:18:26,S,1065.1,1,9
2021-06-17 11:18:26,S,1065.15,1,3
2021-06-17 11:18:26,S,1065.25,1,11
2021-06-17 11:18:26,B,1064.0,3,106
2021-06-17 11:18:26,B,1063.5,1,10
2021-06-17 11:18:26,B,1063.1,1,2
2021-06-17 11:18:26,B,1063.0,6,119
2021-06-17 11:18:26,B,1062.9,1,2
2021-06-17 11:18:27,S,1064.65,3,9
2021-06-17 11:18:27,S,1065.05,1,1
2021-06-17 11:18:27,S,1065.1,1,9
2021-06-17 11:18:27,S,1065.15,1,3
2021-06-17 11:18:27,S,1065.25,1,11
2021-06-17 11:18:27,B,1064.0,3,106
2021-06-17 11:18:27,B,1063.6,1,2
2021-06-17 11:18:27,B,1063.5,1,10
2021-06-17 11:18:27,B,1063.1,1,2
2021-06-17 11:18:27,B,1063.0,6,119
2021-06-17 11:18:51,S,1064.65,3,9
2021-06-17 11:18:51,S,1065.1,1,1
2021-06-17 11:18:51,S,1065.15,1,3
2021-06-17 11:18:51,S,1065.2,1,12
2021-06-17 11:18:51,S,1065.25,2,20
2021-06-17 11:18:51,B,1064.0,3,106
2021-06-17 11:18:51,B,1063.6,1,2
2021-06-17 11:18:51,B,1063.5,1,10
2021-06-17 11:18:51,B,1063.1,1,2
2021-06-17 11:18:51,B,1063.0,6,119
2021-06-17 11:18:51,S,1064.65,3,9
2021-06-17 11:18:51,S,1065.1,1,1
2021-06-17 11:18:51,S,1065.15,1,3
2021-06-17 11:18:51,S,1065.2,1,12
2021-06-17 11:18:51,S,1065.25,2,20
2021-06-17 11:18:51,B,1064.0,3,106
2021-06-17 11:18:51,B,1063.6,1,2
2021-06-17 11:18:51,B,1063.5,1,10
2021-06-17 11:18:51,B,1063.1,1,2
2021-06-17 11:18:51,B,1063.0,6,119
2021-06-17 11:18:52,S,1064.65,3,8
2021-06-17 11:18:52,S,1065.1,1,1
2021-06-17 11:18:52,S,1065.15,1,3
2021-06-17 11:18:52,S,1065.2,1,12
2021-06-17 11:18:52,S,1065.25,2,20
2021-06-17 11:18:52,B,1064.0,3,106
2021-06-17 11:18:52,B,1063.6,1,2
2021-06-17 11:18:52,B,1063.5,1,10
2021-06-17 11:18:52,B,1063.1,1,2
2021-06-17 11:18:52,B,1063.0,6,119
2021-06-17 11:18:54,S,1064.65,3,8
2021-06-17 11:18:54,S,1065.1,1,1
2021-06-17 11:18:54,S,1065.15,1,3
2021-06-17 11:18:54,S,1065.2,1,12
2021-06-17 11:18:54,S,1065.25,2,20
2021-06-17 11:18:54,B,1064.0,3,106
2021-06-17 11:18:54,B,1063.6,1,2
2021-06-17 11:18:54,B,1063.5,1,10
2021-06-17 11:18:54,B,1063.1,1,2
2021-06-17 11:18:54,B,1063.0,6,119
2021-06-17 11:18:58,S,1064.65,3,8
2021-06-17 11:18:58,S,1065.1,1,1
2021-06-17 11:18:58,S,1065.15,1,3
2021-06-17 11:18:58,S,1065.2,1,12
2021-06-17 11:18:58,S,1065.25,2,20
2021-06-17 11:18:58,B,1064.0,3,106
2021-06-17 11:18:58,B,1063.6,1,2
2021-06-17 11:18:58,B,1063.5,1,10
2021-06-17 11:18:58,B,1063.1,1,2
2021-06-17 11:18:58,B,1063.0,6,119
2021-06-17 11:19:00,S,1064.65,3,7
2021-06-17 11:19:00,S,1065.15,1,1
2021-06-17 11:19:00,S,1065.2,1,12
2021-06-17 11:19:00,S,1065.25,2,20
2021-06-17 11:19:00,S,1065.55,1,9
2021-06-17 11:19:00,B,1064.0,3,106
2021-06-17 11:19:00,B,1063.7,1,28
2021-06-17 11:19:00,B,1063.6,1,2
2021-06-17 11:19:00,B,1063.5,1,10
2021-06-17 11:19:00,B,1063.1,1,2
2021-06-17 11:19:03,S,1064.65,3,7
2021-06-17 11:19:03,S,1064.85,1,3
2021-06-17 11:19:03,S,1065.15,1,1
2021-06-17 11:19:03,S,1065.2,2,15
2021-06-17 11:19:03,S,1065.25,2,20
2021-06-17 11:19:03,B,1064.0,2,105
2021-06-17 11:19:03,B,1063.6,1,2
2021-06-17 11:19:03,B,1063.5,1,10
2021-06-17 11:19:03,B,1063.1,1,2
2021-06-17 11:19:03,B,1063.0,7,120
2021-06-17 11:19:09,S,1064.65,3,7
2021-06-17 11:19:09,S,1064.85,1,3
2021-06-17 11:19:09,S,1065.15,1,1
2021-06-17 11:19:09,S,1065.2,2,15
2021-06-17 11:19:09,S,1065.25,2,20
2021-06-17 11:19:09,B,1064.0,2,105
2021-06-17 11:19:09,B,1063.6,1,2
2021-06-17 11:19:09,B,1063.5,1,10
2021-06-17 11:19:09,B,1063.1,1,2
2021-06-17 11:19:09,B,1063.0,7,120
2021-06-17 11:19:13,S,1064.65,3,7
2021-06-17 11:19:13,S,1064.85,1,3
2021-06-17 11:19:13,S,1065.15,1,1
2021-06-17 11:19:13,S,1065.2,2,15
2021-06-17 11:19:13,S,1065.25,2,20
2021-06-17 11:19:13,B,1064.0,2,105
2021-06-17 11:19:13,B,1063.6,1,2
2021-06-17 11:19:13,B,1063.5,1,10
2021-06-17 11:19:13,B,1063.1,1,2
2021-06-17 11:19:13,B,1063.0,7,120
2021-06-17 11:19:15,S,1064.65,3,5
2021-06-17 11:19:15,S,1065.15,1,1
2021-06-17 11:19:15,S,1065.2,1,12
2021-06-17 11:19:15,S,1065.25,2,20
2021-06-17 11:19:15,S,1065.4,1,3
2021-06-17 11:19:15,B,1064.0,2,105
2021-06-17 11:19:15,B,1063.6,1,2
2021-06-17 11:19:15,B,1063.5,1,10
2021-06-17 11:19:15,B,1063.1,1,2
2021-06-17 11:19:15,B,1063.0,7,120
2021-06-17 11:19:33,S,1064.65,3,5
2021-06-17 11:19:33,S,1064.8,1,3
2021-06-17 11:19:33,S,1065.15,1,1
2021-06-17 11:19:33,S,1065.2,1,12
2021-06-17 11:19:33,S,1065.25,2,20
2021-06-17 11:19:33,B,1064.0,3,107
2021-06-17 11:19:33,B,1063.6,1,2
2021-06-17 11:19:33,B,1063.5,1,10
2021-06-17 11:19:33,B,1063.1,1,2
2021-06-17 11:19:33,B,1063.0,7,120
2021-06-17 11:19:36,S,1064.65,3,5
2021-06-17 11:19:36,S,1064.8,1,3
2021-06-17 11:19:36,S,1065.15,1,1
2021-06-17 11:19:36,S,1065.2,1,12
2021-06-17 11:19:36,S,1065.25,2,20
2021-06-17 11:19:36,B,1064.0,4,111
2021-06-17 11:19:36,B,1063.6,1,2
2021-06-17 11:19:36,B,1063.5,1,10
2021-06-17 11:19:36,B,1063.1,1,2
2021-06-17 11:19:36,B,1063.0,7,120
2021-06-17 11:19:40,S,1064.65,3,5
2021-06-17 11:19:40,S,1064.8,1,3
2021-06-17 11:19:40,S,1065.15,1,1
2021-06-17 11:19:40,S,1065.2,1,12
2021-06-17 11:19:40,S,1065.25,2,20
2021-06-17 11:19:40,B,1064.1,1,2
2021-06-17 11:19:40,B,1064.0,4,111
2021-06-17 11:19:40,B,1063.6,1,2
2021-06-17 11:19:40,B,1063.5,1,10
2021-06-17 11:19:40,B,1063.1,1,2
2021-06-17 11:19:44,S,1064.65,3,5
2021-06-17 11:19:44,S,1064.8,1,3
2021-06-17 11:19:44,S,1065.35,1,1
2021-06-17 11:19:44,S,1065.4,1,3
2021-06-17 11:19:44,S,1065.55,1,9
2021-06-17 11:19:44,B,1064.1,1,2
2021-06-17 11:19:44,B,1064.05,1,9
2021-06-17 11:19:44,B,1064.0,4,111
2021-06-17 11:19:44,B,1063.6,1,2
2021-06-17 11:19:44,B,1063.1,1,2
2021-06-17 11:19:46,S,1064.65,3,5
2021-06-17 11:19:46,S,1064.8,1,3
2021-06-17 11:19:46,S,1065.35,1,1
2021-06-17 11:19:46,S,1065.4,1,3
2021-06-17 11:19:46,S,1065.45,1,9
2021-06-17 11:19:46,B,1064.1,1,2
2021-06-17 11:19:46,B,1064.0,4,111
2021-06-17 11:19:46,B,1063.6,1,2
2021-06-17 11:19:46,B,1063.1,1,2
2021-06-17 11:19:46,B,1063.0,7,120
2021-06-17 11:19:48,S,1064.65,3,5
2021-06-17 11:19:48,S,1064.8,1,3
2021-06-17 11:19:48,S,1065.35,1,1
2021-06-17 11:19:48,S,1065.4,1,3
2021-06-17 11:19:48,S,1065.55,1,9
2021-06-17 11:19:48,B,1064.1,1,2
2021-06-17 11:19:48,B,1064.0,4,111
2021-06-17 11:19:48,B,1063.9,1,9
2021-06-17 11:19:48,B,1063.6,1,2
2021-06-17 11:19:48,B,1063.1,1,2
2021-06-17 11:19:50,S,1064.65,3,5
2021-06-17 11:19:50,S,1064.8,1,3
2021-06-17 11:19:50,S,1065.35,1,1
2021-06-17 11:19:50,S,1065.4,1,3
2021-06-17 11:19:50,S,1065.55,1,9
2021-06-17 11:19:50,B,1064.1,1,2
2021-06-17 11:19:50,B,1064.0,4,111
2021-06-17 11:19:50,B,1063.9,1,9
2021-06-17 11:19:50,B,1063.6,1,2
2021-06-17 11:19:50,B,1063.1,1,2
2021-06-17 11:19:51,S,1064.65,3,9
2021-06-17 11:19:51,S,1065.35,1,1
2021-06-17 11:19:51,S,1065.4,1,3
2021-06-17 11:19:51,S,1065.45,1,3
2021-06-17 11:19:51,S,1065.55,1,9
2021-06-17 11:19:51,B,1064.15,1,12
2021-06-17 11:19:51,B,1064.1,1,2
2021-06-17 11:19:51,B,1064.0,4,111
2021-06-17 11:19:51,B,1063.9,1,9
2021-06-17 11:19:51,B,1063.6,1,2
2021-06-17 11:19:52,S,1064.65,3,9
2021-06-17 11:19:52,S,1065.35,1,1
2021-06-17 11:19:52,S,1065.4,2,15
2021-06-17 11:19:52,S,1065.45,2,13
2021-06-17 11:19:52,S,1065.55,1,9
2021-06-17 11:19:52,B,1064.1,1,2
2021-06-17 11:19:52,B,1064.0,4,111
2021-06-17 11:19:52,B,1063.9,1,9
2021-06-17 11:19:52,B,1063.6,1,2
2021-06-17 11:19:52,B,1063.1,1,2
2021-06-17 11:19:54,S,1064.65,3,9
2021-06-17 11:19:54,S,1064.8,1,3
2021-06-17 11:19:54,S,1065.05,1,1
2021-06-17 11:19:54,S,1065.1,1,3
2021-06-17 11:19:54,S,1065.4,1,3
2021-06-17 11:19:54,B,1064.1,1,2
2021-06-17 11:19:54,B,1064.0,4,111
2021-06-17 11:19:54,B,1063.7,1,10
2021-06-17 11:19:54,B,1063.6,1,2
2021-06-17 11:19:54,B,1063.1,1,2
2021-06-17 11:20:10,S,1064.65,3,9
2021-06-17 11:20:10,S,1064.8,1,3
2021-06-17 11:20:10,S,1065.05,1,1
2021-06-17 11:20:10,S,1065.1,1,3
2021-06-17 11:20:10,S,1065.25,1,12
2021-06-17 11:20:10,B,1064.1,1,2
2021-06-17 11:20:10,B,1064.0,4,111
2021-06-17 11:20:10,B,1063.7,1,10
2021-06-17 11:20:10,B,1063.6,1,2
2021-06-17 11:20:10,B,1063.1,1,2
2021-06-17 11:20:12,S,1062.4,2,11
2021-06-17 11:20:12,S,1062.45,1,10
2021-06-17 11:20:12,S,1062.55,1,9
2021-06-17 11:20:12,S,1062.85,1,9
2021-06-17 11:20:12,S,1063.0,1,5
2021-06-17 11:20:12,B,1061.25,1,5
2021-06-17 11:20:12,B,1061.0,4,54
2021-06-17 11:20:12,B,1060.65,2,31
2021-06-17 11:20:12,B,1060.15,1,4
2021-06-17 11:20:12,B,1060.1,2,13
2021-06-17 11:20:13,S,1062.4,4,14
2021-06-17 11:20:13,S,1062.45,1,10
2021-06-17 11:20:13,S,1062.55,1,9
2021-06-17 11:20:13,S,1062.7,1,3
2021-06-17 11:20:13,S,1062.85,1,9
2021-06-17 11:20:13,B,1061.25,1,5
2021-06-17 11:20:13,B,1061.0,4,54
2021-06-17 11:20:13,B,1060.7,1,2
2021-06-17 11:20:13,B,1060.65,1,30
2021-06-17 11:20:13,B,1060.4,1,2
2021-06-17 11:20:15,S,1062.4,4,14
2021-06-17 11:20:15,S,1062.45,1,10
2021-06-17 11:20:15,S,1062.55,1,9
2021-06-17 11:20:15,S,1062.7,1,3
2021-06-17 11:20:15,S,1062.85,1,9
2021-06-17 11:20:15,B,1061.25,1,5
2021-06-17 11:20:15,B,1061.0,4,54
2021-06-17 11:20:15,B,1060.7,1,2
2021-06-17 11:20:15,B,1060.65,1,30
2021-06-17 11:20:15,B,1060.4,1,2
2021-06-17 11:20:19,S,1064.6,2,14
2021-06-17 11:20:19,S,1064.85,1,1
2021-06-17 11:20:19,S,1064.9,1,3
2021-06-17 11:20:19,S,1065.1,1,3
2021-06-17 11:20:19,S,1065.2,1,7
2021-06-17 11:20:19,B,1063.1,1,5
2021-06-17 11:20:19,B,1061.8,5,13
2021-06-17 11:20:19,B,1061.25,2,6
2021-06-17 11:20:19,B,1061.1,1,7
2021-06-17 11:20:19,B,1061.05,1,7
2021-06-17 11:20:21,S,1064.0,1,10
2021-06-17 11:20:21,S,1064.35,1,1
2021-06-17 11:20:21,S,1064.4,2,6
2021-06-17 11:20:21,S,1064.5,1,9
2021-06-17 11:20:21,S,1064.55,1,4
2021-06-17 11:20:21,B,1062.5,1,1
2021-06-17 11:20:21,B,1062.45,1,2
2021-06-17 11:20:21,B,1062.15,2,3
2021-06-17 11:20:21,B,1062.05,2,3
2021-06-17 11:20:21,B,1061.45,1,7
2021-06-17 11:20:22,S,1063.7,1,9
2021-06-17 11:20:22,S,1064.0,1,3
2021-06-17 11:20:22,S,1064.2,1,3
2021-06-17 11:20:22,S,1064.25,1,1
2021-06-17 11:20:22,S,1064.3,1,2
2021-06-17 11:20:22,B,1062.5,1,1
2021-06-17 11:20:22,B,1062.45,1,2
2021-06-17 11:20:22,B,1062.2,2,10
2021-06-17 11:20:22,B,1062.15,2,3
2021-06-17 11:20:22,B,1062.05,2,3
2021-06-17 11:20:24,S,1063.7,1,9
2021-06-17 11:20:24,S,1063.95,1,7
2021-06-17 11:20:24,S,1064.0,1,3
2021-06-17 11:20:24,S,1064.1,2,8
2021-06-17 11:20:24,S,1064.15,2,8
2021-06-17 11:20:24,B,1062.2,1,1
2021-06-17 11:20:24,B,1062.15,1,2
2021-06-17 11:20:24,B,1061.85,2,3
2021-06-17 11:20:24,B,1061.5,2,4
2021-06-17 11:20:24,B,1061.45,1,7
2021-06-17 11:20:25,S,1063.35,1,10
2021-06-17 11:20:25,S,1063.65,1,7
2021-06-17 11:20:25,S,1063.7,1,3
2021-06-17 11:20:25,S,1063.75,2,8
2021-06-17 11:20:25,S,1063.85,1,1
2021-06-17 11:20:25,B,1061.75,1,1
2021-06-17 11:20:25,B,1061.7,1,9
2021-06-17 11:20:25,B,1061.65,2,8
2021-06-17 11:20:25,B,1061.5,3,5
2021-06-17 11:20:25,B,1061.45,1,7
2021-06-17 11:20:27,S,1063.15,1,9
2021-06-17 11:20:27,S,1063.35,1,3
2021-06-17 11:20:27,S,1063.6,1,7
2021-06-17 11:20:27,S,1063.65,1,7
2021-06-17 11:20:27,S,1063.7,2,13
2021-06-17 11:20:27,B,1061.75,1,1
2021-06-17 11:20:27,B,1061.7,1,9
2021-06-17 11:20:27,B,1061.65,1,7
2021-06-17 11:20:27,B,1061.5,2,3
2021-06-17 11:20:27,B,1061.45,1,7
2021-06-17 11:20:28,S,1063.15,2,12
2021-06-17 11:20:28,S,1063.35,1,3
2021-06-17 11:20:28,S,1063.6,1,7
2021-06-17 11:20:28,S,1063.65,1,7
2021-06-17 11:20:28,S,1063.7,2,13
2021-06-17 11:20:28,B,1061.75,1,1
2021-06-17 11:20:28,B,1061.7,1,9
2021-06-17 11:20:28,B,1061.65,2,8
2021-06-17 11:20:28,B,1061.5,2,3
2021-06-17 11:20:28,B,1061.45,1,7
2021-06-17 11:20:32,S,1063.15,2,12
2021-06-17 11:20:32,S,1063.35,1,3
2021-06-17 11:20:32,S,1063.6,1,7
2021-06-17 11:20:32,S,1063.65,1,7
2021-06-17 11:20:32,S,1063.7,2,13
2021-06-17 11:20:32,B,1061.7,1,1
2021-06-17 11:20:32,B,1061.65,1,7
2021-06-17 11:20:32,B,1061.5,1,2
2021-06-17 11:20:32,B,1061.45,2,16
2021-06-17 11:20:32,B,1061.4,1,7
2021-06-17 11:20:34,S,1063.15,2,12
2021-06-17 11:20:34,S,1063.35,1,3
2021-06-17 11:20:34,S,1063.6,1,7
2021-06-17 11:20:34,S,1063.65,1,7
2021-06-17 11:20:34,S,1063.7,2,13
2021-06-17 11:20:34,B,1061.7,1,1
2021-06-17 11:20:34,B,1061.65,1,7
2021-06-17 11:20:34,B,1061.5,1,2
2021-06-17 11:20:34,B,1061.45,2,16
2021-06-17 11:20:34,B,1061.4,1,7
2021-06-17 11:20:38,S,1063.15,2,12
2021-06-17 11:20:38,S,1063.35,1,3
2021-06-17 11:20:38,S,1063.6,1,7
2021-06-17 11:20:38,S,1063.65,1,7
2021-06-17 11:20:38,S,1063.7,2,13
2021-06-17 11:20:38,B,1061.7,1,1
2021-06-17 11:20:38,B,1061.65,1,7
2021-06-17 11:20:38,B,1061.5,1,2
2021-06-17 11:20:38,B,1061.45,2,16
2021-06-17 11:20:38,B,1061.4,1,7
2021-06-17 11:20:39,S,1063.15,2,12
2021-06-17 11:20:39,S,1063.35,1,3
2021-06-17 11:20:39,S,1063.6,1,7
2021-06-17 11:20:39,S,1063.65,1,7
2021-06-17 11:20:39,S,1063.7,2,13
2021-06-17 11:20:39,B,1061.7,1,1
2021-06-17 11:20:39,B,1061.65,1,7
2021-06-17 11:20:39,B,1061.5,1,2
2021-06-17 11:20:39,B,1061.45,2,16
2021-06-17 11:20:39,B,1061.4,1,7
2021-06-17 11:20:41,S,1063.15,2,12
2021-06-17 11:20:41,S,1063.35,1,3
2021-06-17 11:20:41,S,1063.6,1,7
2021-06-17 11:20:41,S,1063.65,1,7
2021-06-17 11:20:41,S,1063.7,2,13
2021-06-17 11:20:41,B,1061.7,1,1
2021-06-17 11:20:41,B,1061.65,1,7
2021-06-17 11:20:41,B,1061.5,1,2
2021-06-17 11:20:41,B,1061.45,2,16
2021-06-17 11:20:41,B,1061.4,1,7
2021-06-17 11:20:47,S,1063.15,2,12
2021-06-17 11:20:47,S,1063.35,1,3
2021-06-17 11:20:47,S,1063.6,1,7
2021-06-17 11:20:47,S,1063.65,1,7
2021-06-17 11:20:47,S,1063.7,2,13
2021-06-17 11:20:47,B,1061.7,1,1
2021-06-17 11:20:47,B,1061.65,1,7
2021-06-17 11:20:47,B,1061.5,1,2
2021-06-17 11:20:47,B,1061.45,2,16
2021-06-17 11:20:47,B,1061.4,1,7
2021-06-17 11:20:48,S,1062.9,1,1
2021-06-17 11:20:48,S,1062.95,1,10
2021-06-17 11:20:48,S,1063.0,1,3
2021-06-17 11:20:48,S,1063.1,1,7
2021-06-17 11:20:48,S,1063.15,1,3
2021-06-17 11:20:48,B,1061.5,1,1
2021-06-17 11:20:48,B,1061.45,1,7
2021-06-17 11:20:48,B,1061.4,2,17
2021-06-17 11:20:48,B,1061.35,2,9
2021-06-17 11:20:48,B,1061.3,1,2
2021-06-17 11:20:49,S,1062.75,1,1
2021-06-17 11:20:49,S,1062.8,1,10
2021-06-17 11:20:49,S,1062.9,2,10
2021-06-17 11:20:49,S,1063.0,1,3
2021-06-17 11:20:49,S,1063.1,2,19
2021-06-17 11:20:49,B,1061.5,1,1
2021-06-17 11:20:49,B,1061.45,1,7
2021-06-17 11:20:49,B,1061.4,1,7
2021-06-17 11:20:49,B,1061.35,1,7
2021-06-17 11:20:49,B,1061.25,1,5
2021-06-17 11:20:51,S,1062.55,1,1
2021-06-17 11:20:51,S,1062.6,1,10
2021-06-17 11:20:51,S,1062.75,1,3
2021-06-17 11:20:51,S,1062.9,2,10
2021-06-17 11:20:51,S,1063.0,1,3
2021-06-17 11:20:51,B,1061.5,1,1
2021-06-17 11:20:51,B,1061.45,1,7
2021-06-17 11:20:51,B,1061.4,1,7
2021-06-17 11:20:51,B,1061.35,1,7
2021-06-17 11:20:51,B,1061.25,1,5
2021-06-17 11:20:52,S,1062.55,2,4
2021-06-17 11:20:52,S,1062.75,1,3
2021-06-17 11:20:52,S,1062.8,1,10
2021-06-17 11:20:52,S,1062.9,1,7
2021-06-17 11:20:52,S,1063.0,1,3
2021-06-17 11:20:52,B,1061.3,2,10
2021-06-17 11:20:52,B,1061.25,1,5
2021-06-17 11:20:52,B,1061.05,1,7
2021-06-17 11:20:52,B,1061.0,4,54
2021-06-17 11:20:52,B,1060.7,1,2
2021-06-17 11:20:53,S,1062.55,2,4
2021-06-17 11:20:53,S,1062.75,1,3
2021-06-17 11:20:53,S,1062.8,1,10
2021-06-17 11:20:53,S,1062.9,1,7
2021-06-17 11:20:53,S,1063.0,1,3
2021-06-17 11:20:53,B,1061.3,2,10
2021-06-17 11:20:53,B,1061.25,1,5
2021-06-17 11:20:53,B,1061.05,1,7
2021-06-17 11:20:53,B,1061.0,4,54
2021-06-17 11:20:53,B,1060.7,1,2
2021-06-17 11:20:54,S,1062.55,2,4
2021-06-17 11:20:54,S,1062.75,1,3
2021-06-17 11:20:54,S,1062.8,1,10
2021-06-17 11:20:54,S,1062.9,1,7
2021-06-17 11:20:54,S,1063.0,1,3
2021-06-17 11:20:54,B,1061.3,2,10
2021-06-17 11:20:54,B,1061.25,1,5
2021-06-17 11:20:54,B,1061.05,1,7
2021-06-17 11:20:54,B,1061.0,4,54
2021-06-17 11:20:54,B,1060.7,1,2
2021-06-17 11:20:56,S,1063.3,1,10
2021-06-17 11:20:56,S,1063.35,1,7
2021-06-17 11:20:56,S,1063.45,1,7
2021-06-17 11:20:56,S,1063.5,1,7
2021-06-17 11:20:56,S,1063.55,1,7
2021-06-17 11:20:56,B,1061.95,1,1
2021-06-17 11:20:56,B,1061.9,1,7
2021-06-17 11:20:56,B,1061.8,1,7
2021-06-17 11:20:56,B,1061.75,1,2
2021-06-17 11:20:56,B,1061.6,1,2
2021-06-17 11:20:57,S,1063.25,1,12
2021-06-17 11:20:57,S,1063.3,2,13
2021-06-17 11:20:57,S,1063.35,1,7
2021-06-17 11:20:57,S,1063.45,1,7
2021-06-17 11:20:57,S,1063.5,1,7
2021-06-17 11:20:57,B,1061.95,1,1
2021-06-17 11:20:57,B,1061.9,1,7
2021-06-17 11:20:57,B,1061.8,2,17
2021-06-17 11:20:57,B,1061.75,1,2
2021-06-17 11:20:57,B,1061.6,1,2
2021-06-17 11:20:58,S,1063.2,1,10
2021-06-17 11:20:58,S,1063.3,1,3
2021-06-17 11:20:58,S,1063.35,1,7
2021-06-17 11:20:58,S,1063.45,1,7
2021-06-17 11:20:58,S,1063.5,1,7
2021-06-17 11:20:58,B,1061.95,1,1
2021-06-17 11:20:58,B,1061.9,1,7
2021-06-17 11:20:58,B,1061.8,2,17
2021-06-17 11:20:58,B,1061.75,1,2
2021-06-17 11:20:58,B,1061.6,1,2
2021-06-17 11:21:01,S,1063.2,1,10
2021-06-17 11:21:01,S,1063.3,1,3
2021-06-17 11:21:01,S,1063.35,1,7
2021-06-17 11:21:01,S,1063.45,1,7
2021-06-17 11:21:01,S,1063.5,1,7
2021-06-17 11:21:01,B,1061.95,1,1
2021-06-17 11:21:01,B,1061.9,1,7
2021-06-17 11:21:01,B,1061.8,2,17
2021-06-17 11:21:01,B,1061.75,1,2
2021-06-17 11:21:01,B,1061.6,1,2
2021-06-17 11:21:01,S,1063.2,1,7
2021-06-17 11:21:01,S,1063.3,1,3
2021-06-17 11:21:01,S,1063.35,1,7
2021-06-17 11:21:01,S,1063.45,1,7
2021-06-17 11:21:01,S,1063.5,1,7
2021-06-17 11:21:01,B,1061.95,1,1
2021-06-17 11:21:01,B,1061.9,1,7
2021-06-17 11:21:01,B,1061.8,2,17
2021-06-17 11:21:01,B,1061.75,1,2
2021-06-17 11:21:01,B,1061.6,1,2
2021-06-17 11:21:03,S,1062.7,1,9
2021-06-17 11:21:03,S,1062.75,1,12
2021-06-17 11:21:03,S,1062.8,1,50
2021-06-17 11:21:03,S,1063.3,1,3
2021-06-17 11:21:03,S,1063.35,1,7
2021-06-17 11:21:03,B,1061.6,1,1
2021-06-17 11:21:03,B,1061.55,1,7
2021-06-17 11:21:03,B,1061.25,1,5
2021-06-17 11:21:03,B,1061.15,1,9
2021-06-17 11:21:03,B,1061.1,1,2
2021-06-17 11:21:04,S,1062.7,2,9
2021-06-17 11:21:04,S,1062.75,1,12
2021-06-17 11:21:04,S,1062.8,1,50
2021-06-17 11:21:04,S,1063.3,1,3
2021-06-17 11:21:04,S,1063.35,1,7
2021-06-17 11:21:04,B,1062.0,1,20
2021-06-17 11:21:04,B,1061.6,1,1
2021-06-17 11:21:04,B,1061.55,1,7
2021-06-17 11:21:04,B,1061.5,1,2
2021-06-17 11:21:04,B,1061.25,1,5
2021-06-17 11:21:05,S,1062.7,2,9
2021-06-17 11:21:05,S,1062.75,1,12
2021-06-17 11:21:05,S,1062.8,1,50
2021-06-17 11:21:05,S,1063.3,1,3
2021-06-17 11:21:05,S,1063.35,1,7
2021-06-17 11:21:05,B,1062.0,1,20
2021-06-17 11:21:05,B,1061.6,1,1
2021-06-17 11:21:05,B,1061.55,1,7
2021-06-17 11:21:05,B,1061.5,1,2
2021-06-17 11:21:05,B,1061.25,1,5
2021-06-17 11:21:25,S,1062.7,2,9
2021-06-17 11:21:25,S,1062.75,1,12
2021-06-17 11:21:25,S,1062.8,2,51
2021-06-17 11:21:25,S,1063.15,1,12
2021-06-17 11:21:25,S,1063.3,1,3
2021-06-17 11:21:25,B,1062.0,1,20
2021-06-17 11:21:25,B,1061.6,1,1
2021-06-17 11:21:25,B,1061.55,1,7
2021-06-17 11:21:25,B,1061.5,1,2
2021-06-17 11:21:25,B,1061.25,1,5
2021-06-17 11:21:27,S,1062.7,2,9
2021-06-17 11:21:27,S,1062.75,1,12
2021-06-17 11:21:27,S,1062.8,2,51
2021-06-17 11:21:27,S,1063.15,1,12
2021-06-17 11:21:27,S,1063.3,2,13
2021-06-17 11:21:27,B,1062.0,1,20
2021-06-17 11:21:27,B,1061.6,1,1
2021-06-17 11:21:27,B,1061.55,1,7
2021-06-17 11:21:27,B,1061.5,1,2
2021-06-17 11:21:27,B,1061.25,1,5
2021-06-17 11:21:32,S,1062.7,2,9
2021-06-17 11:21:32,S,1062.75,1,12
2021-06-17 11:21:32,S,1062.8,2,51
2021-06-17 11:21:32,S,1063.15,1,12
2021-06-17 11:21:32,S,1063.3,2,13
2021-06-17 11:21:32,B,1062.0,1,20
2021-06-17 11:21:32,B,1061.6,1,1
2021-06-17 11:21:32,B,1061.55,1,7
2021-06-17 11:21:32,B,1061.5,1,2
2021-06-17 11:21:32,B,1061.25,1,5
2021-06-17 11:21:33,S,1062.7,1,1
2021-06-17 11:21:33,S,1062.75,1,12
2021-06-17 11:21:33,S,1062.8,1,50
2021-06-17 11:21:33,S,1063.15,1,12
2021-06-17 11:21:33,S,1063.3,2,13
2021-06-17 11:21:33,B,1062.0,1,20
2021-06-17 11:21:33,B,1061.6,1,1
2021-06-17 11:21:33,B,1061.55,1,7
2021-06-17 11:21:33,B,1061.5,1,2
2021-06-17 11:21:33,B,1061.25,1,5
2021-06-17 11:21:38,S,1062.7,1,1
2021-06-17 11:21:38,S,1062.75,1,12
2021-06-17 11:21:38,S,1062.8,1,50
2021-06-17 11:21:38,S,1063.15,1,12
2021-06-17 11:21:38,S,1063.3,2,13
2021-06-17 11:21:38,B,1062.0,1,20
2021-06-17 11:21:38,B,1061.6,1,1
2021-06-17 11:21:38,B,1061.55,1,7
2021-06-17 11:21:38,B,1061.5,1,2
2021-06-17 11:21:38,B,1061.25,1,5
2021-06-17 11:21:39,S,1062.7,1,1
2021-06-17 11:21:39,S,1062.75,1,12
2021-06-17 11:21:39,S,1062.8,1,50
2021-06-17 11:21:39,S,1063.15,1,12
2021-06-17 11:21:39,S,1063.3,2,13
2021-06-17 11:21:39,B,1062.0,1,20
2021-06-17 11:21:39,B,1061.6,1,1
2021-06-17 11:21:39,B,1061.55,1,7
2021-06-17 11:21:39,B,1061.5,1,2
2021-06-17 11:21:39,B,1061.25,1,5
2021-06-17 11:21:40,S,1062.7,1,1
2021-06-17 11:21:40,S,1062.75,1,12
2021-06-17 11:21:40,S,1062.8,1,50
2021-06-17 11:21:40,S,1063.15,1,12
2021-06-17 11:21:40,S,1063.3,2,13
2021-06-17 11:21:40,B,1062.0,1,20
2021-06-17 11:21:40,B,1061.6,1,1
2021-06-17 11:21:40,B,1061.55,1,7
2021-06-17 11:21:40,B,1061.5,1,2
2021-06-17 11:21:40,B,1061.25,1,5
2021-06-17 11:21:45,S,1062.75,1,12
2021-06-17 11:21:45,S,1062.8,1,50
2021-06-17 11:21:45,S,1063.15,2,13
2021-06-17 11:21:45,S,1063.3,2,13
2021-06-17 11:21:45,S,1063.35,1,7
2021-06-17 11:21:45,B,1062.0,1,20
2021-06-17 11:21:45,B,1061.6,1,1
2021-06-17 11:21:45,B,1061.55,1,7
2021-06-17 11:21:45,B,1061.5,1,2
2021-06-17 11:21:45,B,1061.25,1,5
2021-06-17 11:21:48,S,1062.75,1,12
2021-06-17 11:21:48,S,1062.8,1,50
2021-06-17 11:21:48,S,1063.15,2,13
2021-06-17 11:21:48,S,1063.3,2,13
2021-06-17 11:21:48,S,1063.35,1,7
2021-06-17 11:21:48,B,1062.0,1,20
2021-06-17 11:21:48,B,1061.6,1,1
2021-06-17 11:21:48,B,1061.55,1,7
2021-06-17 11:21:48,B,1061.5,1,2
2021-06-17 11:21:48,B,1061.25,1,5
2021-06-17 11:21:51,S,1062.75,1,12
2021-06-17 11:21:51,S,1062.8,2,51
2021-06-17 11:21:51,S,1063.15,2,13
2021-06-17 11:21:51,S,1063.3,2,13
2021-06-17 11:21:51,S,1063.35,1,7
2021-06-17 11:21:51,B,1061.6,1,1
2021-06-17 11:21:51,B,1061.55,1,7
2021-06-17 11:21:51,B,1061.5,1,2
2021-06-17 11:21:51,B,1061.25,1,5
2021-06-17 11:21:51,B,1061.2,1,2
2021-06-17 11:21:53,S,1062.75,1,12
2021-06-17 11:21:53,S,1062.8,2,51
2021-06-17 11:21:53,S,1063.15,2,13
2021-06-17 11:21:53,S,1063.3,2,13
2021-06-17 11:21:53,S,1063.35,1,7
2021-06-17 11:21:53,B,1061.6,1,1
2021-06-17 11:21:53,B,1061.55,1,7
2021-06-17 11:21:53,B,1061.5,1,2
2021-06-17 11:21:53,B,1061.25,1,5
2021-06-17 11:21:53,B,1061.2,1,2
2021-06-17 11:21:55,S,1062.75,3,22
2021-06-17 11:21:55,S,1062.8,2,51
2021-06-17 11:21:55,S,1063.15,2,13
2021-06-17 11:21:55,S,1063.3,2,13
2021-06-17 11:21:55,S,1063.35,1,7
2021-06-17 11:21:55,B,1061.6,1,1
2021-06-17 11:21:55,B,1061.55,1,7
2021-06-17 11:21:55,B,1061.25,1,5
2021-06-17 11:21:55,B,1061.2,1,2
2021-06-17 11:21:55,B,1061.15,2,11
2021-06-17 11:21:57,S,1062.75,2,13
2021-06-17 11:21:57,S,1062.8,2,51
2021-06-17 11:21:57,S,1063.15,2,13
2021-06-17 11:21:57,S,1063.3,2,13
2021-06-17 11:21:57,S,1063.35,1,7
2021-06-17 11:21:57,B,1061.6,1,1
2021-06-17 11:21:57,B,1061.55,1,7
2021-06-17 11:21:57,B,1061.25,1,5
2021-06-17 11:21:57,B,1061.2,1,2
2021-06-17 11:21:57,B,1061.15,2,11
2021-06-17 11:21:58,S,1062.75,2,13
2021-06-17 11:21:58,S,1062.8,2,51
2021-06-17 11:21:58,S,1063.15,2,13
2021-06-17 11:21:58,S,1063.3,2,13
2021-06-17 11:21:58,S,1063.35,1,7
2021-06-17 11:21:58,B,1061.6,1,1
2021-06-17 11:21:58,B,1061.55,1,7
2021-06-17 11:21:58,B,1061.25,1,5
2021-06-17 11:21:58,B,1061.2,1,2
2021-06-17 11:21:58,B,1061.15,2,11
2021-06-17 11:21:59,S,1062.7,1,1
2021-06-17 11:21:59,S,1062.75,2,13
2021-06-17 11:21:59,S,1062.8,2,51
2021-06-17 11:21:59,S,1063.15,2,13
2021-06-17 11:21:59,S,1063.3,2,13
2021-06-17 11:21:59,B,1061.6,1,1
2021-06-17 11:21:59,B,1061.55,1,7
2021-06-17 11:21:59,B,1061.25,1,5
2021-06-17 11:21:59,B,1061.2,1,2
2021-06-17 11:21:59,B,1061.15,2,11
2021-06-17 11:22:03,S,1062.55,1,9
2021-06-17 11:22:03,S,1062.6,2,2
2021-06-17 11:22:03,S,1062.7,2,8
2021-06-17 11:22:03,S,1062.75,2,13
2021-06-17 11:22:03,S,1062.8,2,51
2021-06-17 11:22:03,B,1061.55,1,7
2021-06-17 11:22:03,B,1061.3,1,1
2021-06-17 11:22:03,B,1061.25,1,5
2021-06-17 11:22:03,B,1061.1,1,2
2021-06-17 11:22:03,B,1061.05,1,2
2021-06-17 11:22:04,S,1062.55,1,9
2021-06-17 11:22:04,S,1062.6,2,2
2021-06-17 11:22:04,S,1062.7,2,8
2021-06-17 11:22:04,S,1062.75,2,13
2021-06-17 11:22:04,S,1062.8,2,51
2021-06-17 11:22:04,B,1061.55,1,7
2021-06-17 11:22:04,B,1061.3,1,1
2021-06-17 11:22:04,B,1061.25,1,5
2021-06-17 11:22:04,B,1061.1,1,2
2021-06-17 11:22:04,B,1061.05,1,2
2021-06-17 11:22:05,S,1062.5,1,1
2021-06-17 11:22:05,S,1062.55,2,2
2021-06-17 11:22:05,S,1062.6,3,14
2021-06-17 11:22:05,S,1062.65,3,15
2021-06-17 11:22:05,S,1062.7,2,8
2021-06-17 11:22:05,B,1061.3,1,1
2021-06-17 11:22:05,B,1061.25,1,5
2021-06-17 11:22:05,B,1061.0,4,54
2021-06-17 11:22:05,B,1060.7,2,4
2021-06-17 11:22:05,B,1060.65,1,30
2021-06-17 11:22:07,S,1062.45,1,1
2021-06-17 11:22:07,S,1062.5,3,9
2021-06-17 11:22:07,S,1062.55,3,23
2021-06-17 11:22:07,S,1062.6,3,14
2021-06-17 11:22:07,S,1062.65,2,8
2021-06-17 11:22:07,B,1061.3,1,1
2021-06-17 11:22:07,B,1061.25,1,5
2021-06-17 11:22:07,B,1061.05,2,4
2021-06-17 11:22:07,B,1061.0,4,54
2021-06-17 11:22:07,B,1060.65,1,30
2021-06-17 11:22:09,S,1062.45,2,2
2021-06-17 11:22:09,S,1062.5,2,8
2021-06-17 11:22:09,S,1062.55,2,13
2021-06-17 11:22:09,S,1062.6,3,14
2021-06-17 11:22:09,S,1062.65,2,8
2021-06-17 11:22:09,B,1061.3,1,1
2021-06-17 11:22:09,B,1061.25,1,5
2021-06-17 11:22:09,B,1061.05,2,4
2021-06-17 11:22:09,B,1061.0,4,54
2021-06-17 11:22:09,B,1060.9,1,9
2021-06-17 11:22:10,S,1062.45,2,2
2021-06-17 11:22:10,S,1062.5,2,8
2021-06-17 11:22:10,S,1062.55,2,13
2021-06-17 11:22:10,S,1062.6,3,14
2021-06-17 11:22:10,S,1062.65,2,8
2021-06-17 11:22:10,B,1061.3,1,1
2021-06-17 11:22:10,B,1061.25,1,5
2021-06-17 11:22:10,B,1061.05,2,4
2021-06-17 11:22:10,B,1061.0,4,54
2021-06-17 11:22:10,B,1060.9,1,9
2021-06-17 11:22:11,S,1062.15,1,1
2021-06-17 11:22:11,S,1062.2,2,8
2021-06-17 11:22:11,S,1062.4,2,4
2021-06-17 11:22:11,S,1062.45,2,2
2021-06-17 11:22:11,S,1062.5,2,8
2021-06-17 11:22:11,B,1061.0,1,47
2021-06-17 11:22:11,B,1060.75,1,1
2021-06-17 11:22:11,B,1060.65,1,30
2021-06-17 11:22:11,B,1060.55,1,1
2021-06-17 11:22:11,B,1060.15,1,4
2021-06-17 11:22:13,S,1062.1,1,1
2021-06-17 11:22:13,S,1062.15,3,10
2021-06-17 11:22:13,S,1062.35,2,8
2021-06-17 11:22:13,S,1062.4,2,4
2021-06-17 11:22:13,S,1062.5,2,8
2021-06-17 11:22:13,B,1061.0,1,47
2021-06-17 11:22:13,B,1060.75,1,1
2021-06-17 11:22:13,B,1060.65,1,30
2021-06-17 11:22:13,B,1060.55,1,1
2021-06-17 11:22:13,B,1060.15,2,6
2021-06-17 11:22:15,S,1062.1,3,9
2021-06-17 11:22:15,S,1062.15,2,9
2021-06-17 11:22:15,S,1062.35,2,8
2021-06-17 11:22:15,S,1062.4,2,4
2021-06-17 11:22:15,S,1062.5,2,8
2021-06-17 11:22:15,B,1061.0,1,47
2021-06-17 11:22:15,B,1060.75,3,13
2021-06-17 11:22:15,B,1060.65,1,30
2021-06-17 11:22:15,B,1060.55,1,1
2021-06-17 11:22:15,B,1060.15,2,6
2021-06-17 11:22:16,S,1062.1,3,9
2021-06-17 11:22:16,S,1062.15,2,9
2021-06-17 11:22:16,S,1062.35,2,8
2021-06-17 11:22:16,S,1062.4,2,4
2021-06-17 11:22:16,S,1062.5,2,8
2021-06-17 11:22:16,B,1061.0,1,47
2021-06-17 11:22:16,B,1060.75,3,13
2021-06-17 11:22:16,B,1060.65,1,30
2021-06-17 11:22:16,B,1060.55,1,1
2021-06-17 11:22:16,B,1060.15,2,6
2021-06-17 11:22:24,S,1062.1,3,9
2021-06-17 11:22:24,S,1062.15,2,9
2021-06-17 11:22:24,S,1062.35,2,8
2021-06-17 11:22:24,S,1062.4,2,4
2021-06-17 11:22:24,S,1062.5,2,8
2021-06-17 11:22:24,B,1061.0,1,47
2021-06-17 11:22:24,B,1060.75,3,13
2021-06-17 11:22:24,B,1060.65,1,30
2021-06-17 11:22:24,B,1060.55,1,1
2021-06-17 11:22:24,B,1060.15,2,6
2021-06-17 11:22:24,S,1062.1,3,9
2021-06-17 11:22:24,S,1062.15,2,9
2021-06-17 11:22:24,S,1062.35,2,8
2021-06-17 11:22:24,S,1062.4,2,4
2021-06-17 11:22:24,S,1062.5,2,8
2021-06-17 11:22:24,B,1061.0,1,40
2021-06-17 11:22:24,B,1060.75,2,11
2021-06-17 11:22:24,B,1060.65,1,30
2021-06-17 11:22:24,B,1060.55,1,1
2021-06-17 11:22:24,B,1060.15,2,6
2021-06-17 11:22:26,S,1061.95,1,1
2021-06-17 11:22:26,S,1062.0,3,4
2021-06-17 11:22:26,S,1062.1,2,8
2021-06-17 11:22:26,S,1062.15,2,9
2021-06-17 11:22:26,S,1062.35,2,8
2021-06-17 11:22:26,B,1061.0,1,40
2021-06-17 11:22:26,B,1060.75,1,1
2021-06-17 11:22:26,B,1060.65,1,30
2021-06-17 11:22:26,B,1060.55,2,11
2021-06-17 11:22:26,B,1060.15,2,6
2021-06-17 11:22:28,S,1061.85,2,2
2021-06-17 11:22:28,S,1061.9,2,4
2021-06-17 11:22:28,S,1061.95,3,18
2021-06-17 11:22:28,S,1062.0,2,3
2021-06-17 11:22:28,S,1062.1,2,8
2021-06-17 11:22:28,B,1061.0,1,40
2021-06-17 11:22:28,B,1060.65,2,32
2021-06-17 11:22:28,B,1060.6,1,1
2021-06-17 11:22:28,B,1060.55,1,1
2021-06-17 11:22:28,B,1060.2,1,1
2021-06-17 11:22:31,S,1061.85,2,2
2021-06-17 11:22:31,S,1061.9,2,4
2021-06-17 11:22:31,S,1061.95,3,18
2021-06-17 11:22:31,S,1062.0,2,3
2021-06-17 11:22:31,S,1062.1,2,8
2021-06-17 11:22:31,B,1061.0,1,40
2021-06-17 11:22:31,B,1060.65,2,32
2021-06-17 11:22:31,B,1060.6,1,1
2021-06-17 11:22:31,B,1060.55,1,1
2021-06-17 11:22:31,B,1060.2,1,1
2021-06-17 11:22:34,S,1061.8,3,8
2021-06-17 11:22:34,S,1061.85,2,8
2021-06-17 11:22:34,S,1061.95,2,8
2021-06-17 11:22:34,S,1062.0,2,3
2021-06-17 11:22:34,S,1062.15,1,3
2021-06-17 11:22:34,B,1060.7,2,11
2021-06-17 11:22:34,B,1060.65,1,30
2021-06-17 11:22:34,B,1060.55,1,1
2021-06-17 11:22:34,B,1060.35,1,2
2021-06-17 11:22:34,B,1060.15,1,4
2021-06-17 11:22:42,S,1061.8,3,8
2021-06-17 11:22:42,S,1061.85,2,8
2021-06-17 11:22:42,S,1061.95,2,8
2021-06-17 11:22:42,S,1062.0,2,3
2021-06-17 11:22:42,S,1062.15,1,3
2021-06-17 11:22:42,B,1060.7,2,11
2021-06-17 11:22:42,B,1060.65,1,30
2021-06-17 11:22:42,B,1060.55,1,1
2021-06-17 11:22:42,B,1060.35,1,2
2021-06-17 11:22:42,B,1060.15,1,4
2021-06-17 11:22:43,S,1061.0,3,21
2021-06-17 11:22:43,S,1061.35,1,1
2021-06-17 11:22:43,S,1061.4,2,4
2021-06-17 11:22:43,S,1061.7,2,8
2021-06-17 11:22:43,S,1061.75,3,11
2021-06-17 11:22:43,B,1060.65,1,30
2021-06-17 11:22:43,B,1060.55,1,1
2021-06-17 11:22:43,B,1060.15,2,5
2021-06-17 11:22:43,B,1060.1,2,13
2021-06-17 11:22:43,B,1060.05,1,1
2021-06-17 11:22:45,S,1061.0,4,28
2021-06-17 11:22:45,S,1061.35,2,2
2021-06-17 11:22:45,S,1061.4,2,4
2021-06-17 11:22:45,S,1061.7,2,8
2021-06-17 11:22:45,S,1061.75,3,11
2021-06-17 11:22:45,B,1060.65,1,30
2021-06-17 11:22:45,B,1060.55,1,1
2021-06-17 11:22:45,B,1060.15,2,5
2021-06-17 11:22:45,B,1060.1,2,13
2021-06-17 11:22:45,B,1060.05,1,1
2021-06-17 11:22:58,S,1061.0,4,28
2021-06-17 11:22:58,S,1061.35,2,2
2021-06-17 11:22:58,S,1061.4,2,4
2021-06-17 11:22:58,S,1061.7,2,8
2021-06-17 11:22:58,S,1061.75,3,11
2021-06-17 11:22:58,B,1060.65,1,30
2021-06-17 11:22:58,B,1060.55,1,1
2021-06-17 11:22:58,B,1060.15,2,5
2021-06-17 11:22:58,B,1060.1,2,13
2021-06-17 11:22:58,B,1060.05,1,1
2021-06-17 11:23:02,S,1061.0,4,28
2021-06-17 11:23:02,S,1061.35,2,2
2021-06-17 11:23:02,S,1061.4,2,4
2021-06-17 11:23:02,S,1061.7,2,8
2021-06-17 11:23:02,S,1061.75,3,11
2021-06-17 11:23:02,B,1060.65,1,30
2021-06-17 11:23:02,B,1060.55,1,1
2021-06-17 11:23:02,B,1060.15,2,5
2021-06-17 11:23:02,B,1060.1,2,13
2021-06-17 11:23:02,B,1060.05,1,1
2021-06-17 11:23:04,S,1059.0,2,11
2021-06-17 11:23:04,S,1059.75,3,3
2021-06-17 11:23:04,S,1059.8,3,5
2021-06-17 11:23:04,S,1059.85,1,12
2021-06-17 11:23:04,S,1060.0,2,13
2021-06-17 11:23:04,B,1058.5,1,1
2021-06-17 11:23:04,B,1058.15,1,1
2021-06-17 11:23:04,B,1058.1,2,14
2021-06-17 11:23:04,B,1058.0,7,122
2021-06-17 11:23:04,B,1057.2,2,6
2021-06-17 11:23:05,S,1059.0,2,11
2021-06-17 11:23:05,S,1059.75,3,3
2021-06-17 11:23:05,S,1059.8,3,5
2021-06-17 11:23:05,S,1059.85,1,12
2021-06-17 11:23:05,S,1060.0,2,13
2021-06-17 11:23:05,B,1058.5,1,1
2021-06-17 11:23:05,B,1058.15,1,1
2021-06-17 11:23:05,B,1058.1,2,14
2021-06-17 11:23:05,B,1058.0,7,122
2021-06-17 11:23:05,B,1057.2,2,6
2021-06-17 11:23:06,S,1058.9,1,10
2021-06-17 11:23:06,S,1058.95,3,14
2021-06-17 11:23:06,S,1059.0,5,28
2021-06-17 11:23:06,S,1059.35,2,4
2021-06-17 11:23:06,S,1059.55,1,9
2021-06-17 11:23:06,B,1058.15,1,1
2021-06-17 11:23:06,B,1058.1,1,4
2021-06-17 11:23:06,B,1058.0,7,122
2021-06-17 11:23:06,B,1057.2,2,6
2021-06-17 11:23:06,B,1057.1,2,3
2021-06-17 11:23:07,S,1058.8,1,9
2021-06-17 11:23:07,S,1058.85,3,14
2021-06-17 11:23:07,S,1058.9,3,17
2021-06-17 11:23:07,S,1059.0,4,27
2021-06-17 11:23:07,S,1059.35,2,4
2021-06-17 11:23:07,B,1058.15,1,1
2021-06-17 11:23:07,B,1058.1,1,4
2021-06-17 11:23:07,B,1058.0,7,122
2021-06-17 11:23:07,B,1057.25,1,9
2021-06-17 11:23:07,B,1057.2,2,6
2021-06-17 11:23:09,S,1058.8,1,9
2021-06-17 11:23:09,S,1058.85,3,14
2021-06-17 11:23:09,S,1058.9,3,17
2021-06-17 11:23:09,S,1059.0,4,27
2021-06-17 11:23:09,S,1059.35,2,4
2021-06-17 11:23:09,B,1058.15,1,1
2021-06-17 11:23:09,B,1058.1,1,4
2021-06-17 11:23:09,B,1058.0,7,122
2021-06-17 11:23:09,B,1057.25,1,9
2021-06-17 11:23:09,B,1057.2,2,6
2021-06-17 11:23:09,S,1058.65,2,11
2021-06-17 11:23:09,S,1058.75,1,12
2021-06-17 11:23:09,S,1058.8,2,16
2021-06-17 11:23:09,S,1058.85,1,1
2021-06-17 11:23:09,S,1058.9,4,20
2021-06-17 11:23:09,B,1058.1,1,4
2021-06-17 11:23:09,B,1058.05,1,1
2021-06-17 11:23:09,B,1058.0,7,122
2021-06-17 11:23:09,B,1057.25,1,9
2021-06-17 11:23:09,B,1057.2,2,6
2021-06-17 11:23:11,S,1058.6,1,12
2021-06-17 11:23:11,S,1058.65,4,27
2021-06-17 11:23:11,S,1058.75,2,2
2021-06-17 11:23:11,S,1058.8,2,16
2021-06-17 11:23:11,S,1058.9,3,19
2021-06-17 11:23:11,B,1058.1,1,4
2021-06-17 11:23:11,B,1058.05,1,1
2021-06-17 11:23:11,B,1058.0,7,122
2021-06-17 11:23:11,B,1057.2,2,6
2021-06-17 11:23:11,B,1057.1,2,3
2021-06-17 11:23:13,S,1058.6,4,29
2021-06-17 11:23:13,S,1058.65,3,26
2021-06-17 11:23:13,S,1058.75,2,2
2021-06-17 11:23:13,S,1058.8,2,16
2021-06-17 11:23:13,S,1058.9,2,4
2021-06-17 11:23:13,B,1058.1,1,4
2021-06-17 11:23:13,B,1058.0,7,122
2021-06-17 11:23:13,B,1057.25,1,1
2021-06-17 11:23:13,B,1057.2,2,6
2021-06-17 11:23:13,B,1057.1,2,3
2021-06-17 11:23:15,S,1058.55,1,5
2021-06-17 11:23:15,S,1058.6,4,29
2021-06-17 11:23:15,S,1058.65,2,16
2021-06-17 11:23:15,S,1058.75,2,2
2021-06-17 11:23:15,S,1058.8,2,16
2021-06-17 11:23:15,B,1058.1,1,4
2021-06-17 11:23:15,B,1058.0,7,122
2021-06-17 11:23:15,B,1057.25,1,1
2021-06-17 11:23:15,B,1057.2,2,6
2021-06-17 11:23:15,B,1057.1,2,3
2021-06-17 11:23:15,S,1058.55,1,5
2021-06-17 11:23:15,S,1058.6,4,29
2021-06-17 11:23:15,S,1058.65,2,16
2021-06-17 11:23:15,S,1058.75,2,2
2021-06-17 11:23:15,S,1058.8,2,16
2021-06-17 11:23:15,B,1058.1,1,4
2021-06-17 11:23:15,B,1058.0,7,122
2021-06-17 11:23:15,B,1057.25,1,1
2021-06-17 11:23:15,B,1057.2,2,6
2021-06-17 11:23:15,B,1057.1,2,3
2021-06-17 11:23:16,S,1058.55,1,5
2021-06-17 11:23:16,S,1058.6,4,29
2021-06-17 11:23:16,S,1058.65,2,16
2021-06-17 11:23:16,S,1058.75,2,2
2021-06-17 11:23:16,S,1058.8,2,16
2021-06-17 11:23:16,B,1058.1,1,4
2021-06-17 11:23:16,B,1058.0,7,122
2021-06-17 11:23:16,B,1057.25,1,1
2021-06-17 11:23:16,B,1057.2,2,6
2021-06-17 11:23:16,B,1057.1,2,3
2021-06-17 11:23:16,S,1057.95,2,2
2021-06-17 11:23:16,S,1058.0,1,10
2021-06-17 11:23:16,S,1058.25,2,13
2021-06-17 11:23:16,S,1058.3,1,25
2021-06-17 11:23:16,S,1058.35,2,2
2021-06-17 11:23:16,B,1057.2,2,6
2021-06-17 11:23:16,B,1057.15,1,1
2021-06-17 11:23:16,B,1057.1,2,3
2021-06-17 11:23:16,B,1057.0,4,30
2021-06-17 11:23:16,B,1056.6,1,9
2021-06-17 11:23:19,S,1057.9,2,13
2021-06-17 11:23:19,S,1057.95,1,16
2021-06-17 11:23:19,S,1058.2,2,2
2021-06-17 11:23:19,S,1058.3,2,26
2021-06-17 11:23:19,S,1058.75,1,2
2021-06-17 11:23:19,B,1057.2,2,6
2021-06-17 11:23:19,B,1057.15,1,1
2021-06-17 11:23:19,B,1057.1,2,3
2021-06-17 11:23:19,B,1057.0,4,30
2021-06-17 11:23:19,B,1056.75,1,10
2021-06-17 11:23:20,S,1057.9,2,17
2021-06-17 11:23:20,S,1057.95,1,16
2021-06-17 11:23:20,S,1058.45,1,3
2021-06-17 11:23:20,S,1058.65,1,2
2021-06-17 11:23:20,S,1058.7,1,1
2021-06-17 11:23:20,B,1057.2,2,6
2021-06-17 11:23:20,B,1057.15,1,1
2021-06-17 11:23:20,B,1057.1,2,3
2021-06-17 11:23:20,B,1057.0,4,30
2021-06-17 11:23:20,B,1056.6,1,9
2021-06-17 11:23:22,S,1057.9,2,17
2021-06-17 11:23:22,S,1057.95,1,16
2021-06-17 11:23:22,S,1058.45,1,3
2021-06-17 11:23:22,S,1058.65,1,2
2021-06-17 11:23:22,S,1058.7,1,1
2021-06-17 11:23:22,B,1057.2,2,6
2021-06-17 11:23:22,B,1057.15,1,1
2021-06-17 11:23:22,B,1057.1,2,3
2021-06-17 11:23:22,B,1057.0,4,30
2021-06-17 11:23:22,B,1056.6,1,9
2021-06-17 11:23:22,S,1057.9,2,16
2021-06-17 11:23:22,S,1057.95,1,16
2021-06-17 11:23:22,S,1058.45,2,4
2021-06-17 11:23:22,S,1058.65,1,2
2021-06-17 11:23:22,S,1058.7,1,1
2021-06-17 11:23:22,B,1057.2,2,6
2021-06-17 11:23:22,B,1057.15,1,1
2021-06-17 11:23:22,B,1057.1,2,3
2021-06-17 11:23:22,B,1057.0,4,30
2021-06-17 11:23:22,B,1056.7,1,2
2021-06-17 11:23:28,S,1057.9,2,16
2021-06-17 11:23:28,S,1057.95,1,16
2021-06-17 11:23:28,S,1058.45,2,4
2021-06-17 11:23:28,S,1058.7,1,1
2021-06-17 11:23:28,S,1058.85,1,2
2021-06-17 11:23:28,B,1057.2,2,6
2021-06-17 11:23:28,B,1057.15,1,1
2021-06-17 11:23:28,B,1057.1,3,13
2021-06-17 11:23:28,B,1057.0,5,50
2021-06-17 11:23:28,B,1056.95,1,12
2021-06-17 11:23:32,S,1057.9,2,16
2021-06-17 11:23:32,S,1057.95,1,16
2021-06-17 11:23:32,S,1058.45,2,4
2021-06-17 11:23:32,S,1058.65,1,11
2021-06-17 11:23:32,S,1058.85,1,2
2021-06-17 11:23:32,B,1057.3,1,1
2021-06-17 11:23:32,B,1057.25,1,10
2021-06-17 11:23:32,B,1057.2,2,6
2021-06-17 11:23:32,B,1057.1,2,3
2021-06-17 11:23:32,B,1057.0,5,50
2021-06-17 11:23:34,S,1057.9,2,16
2021-06-17 11:23:34,S,1057.95,1,16
2021-06-17 11:23:34,S,1058.35,1,11
2021-06-17 11:23:34,S,1058.45,2,4
2021-06-17 11:23:34,S,1058.6,1,2
2021-06-17 11:23:34,B,1057.2,2,6
2021-06-17 11:23:34,B,1057.15,1,1
2021-06-17 11:23:34,B,1057.1,2,3
2021-06-17 11:23:34,B,1057.0,5,50
2021-06-17 11:23:34,B,1056.85,1,9
2021-06-17 11:23:36,S,1057.9,2,15
2021-06-17 11:23:36,S,1057.95,1,16
2021-06-17 11:23:36,S,1058.35,1,11
2021-06-17 11:23:36,S,1058.45,2,4
2021-06-17 11:23:36,S,1058.6,1,2
2021-06-17 11:23:36,B,1057.2,2,6
2021-06-17 11:23:36,B,1057.15,1,1
2021-06-17 11:23:36,B,1057.1,2,3
2021-06-17 11:23:36,B,1057.0,5,50
2021-06-17 11:23:36,B,1056.85,1,9
2021-06-17 11:23:39,S,1057.9,2,15
2021-06-17 11:23:39,S,1057.95,1,16
2021-06-17 11:23:39,S,1058.35,1,11
2021-06-17 11:23:39,S,1058.45,2,4
2021-06-17 11:23:39,S,1058.6,1,2
2021-06-17 11:23:39,B,1057.2,2,6
2021-06-17 11:23:39,B,1057.15,1,1
2021-06-17 11:23:39,B,1057.1,2,3
2021-06-17 11:23:39,B,1057.0,5,50
2021-06-17 11:23:39,B,1056.85,1,9
2021-06-17 11:23:39,S,1057.9,2,15
2021-06-17 11:23:39,S,1057.95,1,16
2021-06-17 11:23:39,S,1058.35,1,11
2021-06-17 11:23:39,S,1058.45,2,4
2021-06-17 11:23:39,S,1058.6,1,2
2021-06-17 11:23:39,B,1057.2,2,6
2021-06-17 11:23:39,B,1057.15,1,1
2021-06-17 11:23:39,B,1057.1,2,3
2021-06-17 11:23:39,B,1057.0,5,50
2021-06-17 11:23:39,B,1056.85,1,9
2021-06-17 11:23:40,S,1057.95,1,16
2021-06-17 11:23:40,S,1058.35,1,11
2021-06-17 11:23:40,S,1058.65,1,11
2021-06-17 11:23:40,S,1058.85,1,2
2021-06-17 11:23:40,S,1058.95,1,11
2021-06-17 11:23:40,B,1057.25,2,11
2021-06-17 11:23:40,B,1057.2,3,8
2021-06-17 11:23:40,B,1057.1,3,4
2021-06-17 11:23:40,B,1057.0,5,50
2021-06-17 11:23:40,B,1056.7,1,2
2021-06-17 11:23:42,S,1057.95,1,16
2021-06-17 11:23:42,S,1058.35,1,11
2021-06-17 11:23:42,S,1058.65,1,11
2021-06-17 11:23:42,S,1058.85,1,2
2021-06-17 11:23:42,S,1058.95,1,11
2021-06-17 11:23:42,B,1057.25,2,11
2021-06-17 11:23:42,B,1057.2,3,8
2021-06-17 11:23:42,B,1057.1,3,4
2021-06-17 11:23:42,B,1057.0,5,50
2021-06-17 11:23:42,B,1056.7,1,2
2021-06-17 11:23:42,S,1058.6,2,4
2021-06-17 11:23:42,S,1058.65,2,8
2021-06-17 11:23:42,S,1058.7,3,10
2021-06-17 11:23:42,S,1058.75,1,7
2021-06-17 11:23:42,S,1058.8,1,7
2021-06-17 11:23:42,B,1057.25,1,1
2021-06-17 11:23:42,B,1057.2,3,8
2021-06-17 11:23:42,B,1057.1,2,3
2021-06-17 11:23:42,B,1057.0,5,50
2021-06-17 11:23:42,B,1056.95,1,9
2021-06-17 11:23:46,S,1058.55,1,2
2021-06-17 11:23:46,S,1058.6,2,4
2021-06-17 11:23:46,S,1058.65,2,8
2021-06-17 11:23:46,S,1058.7,2,8
2021-06-17 11:23:46,S,1058.75,1,7
2021-06-17 11:23:46,B,1057.25,1,1
2021-06-17 11:23:46,B,1057.2,2,6
2021-06-17 11:23:46,B,1057.1,2,3
2021-06-17 11:23:46,B,1057.0,5,50
2021-06-17 11:23:46,B,1056.9,1,10
2021-06-17 11:23:49,S,1058.55,1,2
2021-06-17 11:23:49,S,1058.6,2,4
2021-06-17 11:23:49,S,1058.65,2,8
2021-06-17 11:23:49,S,1058.7,2,8
2021-06-17 11:23:49,S,1058.75,1,7
2021-06-17 11:23:49,B,1057.25,1,1
2021-06-17 11:23:49,B,1057.2,2,6
2021-06-17 11:23:49,B,1057.1,2,3
2021-06-17 11:23:49,B,1057.0,5,50
2021-06-17 11:23:49,B,1056.9,1,10
2021-06-17 11:23:51,S,1058.55,1,2
2021-06-17 11:23:51,S,1058.6,2,4
2021-06-17 11:23:51,S,1058.65,2,8
2021-06-17 11:23:51,S,1058.7,2,8
2021-06-17 11:23:51,S,1058.75,1,7
2021-06-17 11:23:51,B,1057.25,1,1
2021-06-17 11:23:51,B,1057.2,2,6
2021-06-17 11:23:51,B,1057.1,2,3
2021-06-17 11:23:51,B,1057.0,5,50
2021-06-17 11:23:51,B,1056.9,1,10
2021-06-17 11:23:52,S,1057.9,1,2
2021-06-17 11:23:52,S,1058.35,1,11
2021-06-17 11:23:52,S,1058.4,1,7
2021-06-17 11:23:52,S,1058.45,1,7
2021-06-17 11:23:52,S,1058.5,1,7
2021-06-17 11:23:52,B,1057.25,1,1
2021-06-17 11:23:52,B,1057.2,2,6
2021-06-17 11:23:52,B,1057.1,2,3
2021-06-17 11:23:52,B,1057.0,5,50
2021-06-17 11:23:52,B,1056.75,1,10
2021-06-17 11:23:57,S,1057.9,1,2
2021-06-17 11:23:57,S,1058.35,1,11
2021-06-17 11:23:57,S,1058.4,1,7
2021-06-17 11:23:57,S,1058.45,1,7
2021-06-17 11:23:57,S,1058.5,1,7
2021-06-17 11:23:57,B,1057.25,1,1
2021-06-17 11:23:57,B,1057.2,2,6
2021-06-17 11:23:57,B,1057.1,2,3
2021-06-17 11:23:57,B,1057.0,5,50
2021-06-17 11:23:57,B,1056.75,1,10
2021-06-17 11:23:58,S,1059.8,3,10
2021-06-17 11:23:58,S,1059.9,1,9
2021-06-17 11:23:58,S,1060.1,1,3
2021-06-17 11:23:58,S,1060.2,1,1
2021-06-17 11:23:58,S,1060.55,1,7
2021-06-17 11:23:58,B,1058.35,1,1
2021-06-17 11:23:58,B,1058.3,1,10
2021-06-17 11:23:58,B,1058.0,1,2
2021-06-17 11:23:58,B,1057.65,1,7
2021-06-17 11:23:58,B,1057.6,1,7
2021-06-17 11:24:00,S,1059.8,3,10
2021-06-17 11:24:00,S,1059.9,1,9
2021-06-17 11:24:00,S,1060.1,1,3
2021-06-17 11:24:00,S,1060.2,1,1
2021-06-17 11:24:00,S,1060.55,1,7
2021-06-17 11:24:00,B,1058.35,1,1
2021-06-17 11:24:00,B,1058.3,1,10
2021-06-17 11:24:00,B,1058.1,1,2
2021-06-17 11:24:00,B,1058.0,1,2
2021-06-17 11:24:00,B,1057.8,1,2
2021-06-17 11:24:03,S,1059.8,3,10
2021-06-17 11:24:03,S,1059.9,1,9
2021-06-17 11:24:03,S,1060.05,1,10
2021-06-17 11:24:03,S,1060.1,1,3
2021-06-17 11:24:03,S,1060.2,1,1
2021-06-17 11:24:03,B,1058.35,1,1
2021-06-17 11:24:03,B,1058.3,1,10
2021-06-17 11:24:03,B,1058.1,1,2
2021-06-17 11:24:03,B,1058.0,1,2
2021-06-17 11:24:03,B,1057.8,1,2
2021-06-17 11:24:06,S,1059.8,3,10
2021-06-17 11:24:06,S,1059.9,1,9
2021-06-17 11:24:06,S,1060.05,1,10
2021-06-17 11:24:06,S,1060.1,1,3
2021-06-17 11:24:06,S,1060.2,1,1
2021-06-17 11:24:06,B,1058.35,1,1
2021-06-17 11:24:06,B,1058.3,1,10
2021-06-17 11:24:06,B,1058.1,1,2
2021-06-17 11:24:06,B,1058.0,1,2
2021-06-17 11:24:06,B,1057.8,1,2
2021-06-17 11:24:07,S,1059.8,2,7
2021-06-17 11:24:07,S,1060.15,1,10
2021-06-17 11:24:07,S,1060.2,1,1
2021-06-17 11:24:07,S,1060.25,1,2
2021-06-17 11:24:07,S,1060.45,1,9
2021-06-17 11:24:07,B,1058.35,1,1
2021-06-17 11:24:07,B,1058.3,1,10
2021-06-17 11:24:07,B,1058.1,1,2
2021-06-17 11:24:07,B,1058.0,1,2
2021-06-17 11:24:07,B,1057.8,1,2
2021-06-17 11:24:09,S,1059.8,3,10
2021-06-17 11:24:09,S,1060.1,1,1
2021-06-17 11:24:09,S,1060.15,2,21
2021-06-17 11:24:09,S,1060.2,1,1
2021-06-17 11:24:09,S,1060.25,1,2
2021-06-17 11:24:09,B,1058.35,1,1
2021-06-17 11:24:09,B,1058.3,1,10
2021-06-17 11:24:09,B,1058.1,1,2
2021-06-17 11:24:09,B,1058.0,1,2
2021-06-17 11:24:09,B,1057.8,1,2
2021-06-17 11:24:10,S,1059.8,3,10
2021-06-17 11:24:10,S,1060.1,1,1
2021-06-17 11:24:10,S,1060.15,2,21
2021-06-17 11:24:10,S,1060.2,1,1
2021-06-17 11:24:10,S,1060.25,1,2
2021-06-17 11:24:10,B,1058.35,1,1
2021-06-17 11:24:10,B,1058.3,1,10
2021-06-17 11:24:10,B,1058.1,1,2
2021-06-17 11:24:10,B,1058.0,1,2
2021-06-17 11:24:10,B,1057.8,1,2
2021-06-17 11:24:11,S,1060.0,1,9
2021-06-17 11:24:11,S,1060.05,1,1
2021-06-17 11:24:11,S,1060.1,2,2
2021-06-17 11:24:11,S,1060.15,2,12
2021-06-17 11:24:11,S,1060.25,1,2
2021-06-17 11:24:11,B,1058.65,1,1
2021-06-17 11:24:11,B,1058.6,1,10
2021-06-17 11:24:11,B,1058.35,1,7
2021-06-17 11:24:11,B,1058.1,1,2
2021-06-17 11:24:11,B,1058.0,1,2
2021-06-17 11:24:12,S,1060.0,1,9
2021-06-17 11:24:12,S,1060.05,1,1
2021-06-17 11:24:12,S,1060.1,2,2
2021-06-17 11:24:12,S,1060.15,2,12
2021-06-17 11:24:12,S,1060.25,1,2
2021-06-17 11:24:12,B,1058.65,1,1
2021-06-17 11:24:12,B,1058.6,1,10
2021-06-17 11:24:12,B,1058.35,1,7
2021-06-17 11:24:12,B,1058.1,1,2
2021-06-17 11:24:12,B,1058.0,1,2
2021-06-17 11:24:18,S,1060.0,1,9
2021-06-17 11:24:18,S,1060.05,1,1
2021-06-17 11:24:18,S,1060.1,2,2
2021-06-17 11:24:18,S,1060.15,2,12
2021-06-17 11:24:18,S,1060.25,1,2
2021-06-17 11:24:18,B,1058.65,1,1
2021-06-17 11:24:18,B,1058.6,1,10
2021-06-17 11:24:18,B,1058.35,1,7
2021-06-17 11:24:18,B,1058.1,1,2
2021-06-17 11:24:18,B,1058.0,1,2
2021-06-17 11:24:20,S,1060.0,1,9
2021-06-17 11:24:20,S,1060.05,1,1
2021-06-17 11:24:20,S,1060.1,2,2
2021-06-17 11:24:20,S,1060.15,2,12
2021-06-17 11:24:20,S,1060.25,1,2
2021-06-17 11:24:20,B,1058.65,1,1
2021-06-17 11:24:20,B,1058.6,1,10
2021-06-17 11:24:20,B,1058.35,1,7
2021-06-17 11:24:20,B,1058.1,1,2
2021-06-17 11:24:20,B,1058.0,1,2
2021-06-17 11:24:22,S,1060.0,1,9
2021-06-17 11:24:22,S,1060.05,1,1
2021-06-17 11:24:22,S,1060.1,2,2
2021-06-17 11:24:22,S,1060.15,2,12
2021-06-17 11:24:22,S,1060.25,1,2
2021-06-17 11:24:22,B,1058.65,1,1
2021-06-17 11:24:22,B,1058.6,1,10
2021-06-17 11:24:22,B,1058.35,1,7
2021-06-17 11:24:22,B,1058.1,1,2
2021-06-17 11:24:22,B,1058.0,1,2
2021-06-17 11:24:24,S,1060.05,1,1
2021-06-17 11:24:24,S,1060.1,2,2
2021-06-17 11:24:24,S,1060.25,1,2
2021-06-17 11:24:24,S,1060.45,1,9
2021-06-17 11:24:24,S,1060.5,1,1
2021-06-17 11:24:24,B,1058.9,1,1
2021-06-17 11:24:24,B,1058.85,1,9
2021-06-17 11:24:24,B,1058.6,3,11
2021-06-17 11:24:24,B,1058.55,1,7
2021-06-17 11:24:24,B,1058.5,1,7
2021-06-17 11:24:25,S,1060.05,1,1
2021-06-17 11:24:25,S,1060.1,2,2
2021-06-17 11:24:25,S,1060.25,1,2
2021-06-17 11:24:25,S,1060.45,1,9
2021-06-17 11:24:25,S,1060.5,1,1
2021-06-17 11:24:25,B,1058.9,1,1
2021-06-17 11:24:25,B,1058.85,1,9
2021-06-17 11:24:25,B,1058.6,3,11
2021-06-17 11:24:25,B,1058.55,1,7
2021-06-17 11:24:25,B,1058.5,1,7
2021-06-17 11:24:27,S,1060.05,1,1
2021-06-17 11:24:27,S,1060.1,2,2
2021-06-17 11:24:27,S,1060.25,1,2
2021-06-17 11:24:27,S,1060.45,1,9
2021-06-17 11:24:27,S,1060.5,1,1
2021-06-17 11:24:27,B,1058.9,1,1
2021-06-17 11:24:27,B,1058.85,1,9
2021-06-17 11:24:27,B,1058.6,3,11
2021-06-17 11:24:27,B,1058.55,1,7
2021-06-17 11:24:27,B,1058.5,1,7
2021-06-17 11:24:27,S,1060.1,2,2
2021-06-17 11:24:27,S,1060.25,1,2
2021-06-17 11:24:27,S,1060.45,1,9
2021-06-17 11:24:27,S,1060.5,1,1
2021-06-17 11:24:27,S,1060.55,1,3
2021-06-17 11:24:27,B,1058.9,1,1
2021-06-17 11:24:27,B,1058.85,1,9
2021-06-17 11:24:27,B,1058.6,3,11
2021-06-17 11:24:27,B,1058.55,1,7
2021-06-17 11:24:27,B,1058.5,1,7
2021-06-17 11:24:30,S,1060.1,1,1
2021-06-17 11:24:30,S,1060.25,1,2
2021-06-17 11:24:30,S,1060.45,1,9
2021-06-17 11:24:30,S,1060.5,1,1
2021-06-17 11:24:30,S,1060.55,1,3
2021-06-17 11:24:30,B,1058.9,1,1
2021-06-17 11:24:30,B,1058.85,1,9
2021-06-17 11:24:30,B,1058.6,3,11
2021-06-17 11:24:30,B,1058.55,1,7
2021-06-17 11:24:30,B,1058.5,1,7
2021-06-17 11:24:35,S,1060.5,1,1
2021-06-17 11:24:35,S,1060.55,1,3
2021-06-17 11:24:35,S,1060.6,1,6
2021-06-17 11:24:35,S,1060.65,1,7
2021-06-17 11:24:35,S,1060.7,3,13
2021-06-17 11:24:35,B,1059.25,1,1
2021-06-17 11:24:35,B,1059.2,1,9
2021-06-17 11:24:35,B,1058.9,1,7
2021-06-17 11:24:35,B,1058.6,4,12
2021-06-17 11:24:35,B,1058.55,1,7
2021-06-17 11:24:37,S,1060.5,1,1
2021-06-17 11:24:37,S,1060.55,1,3
2021-06-17 11:24:37,S,1060.6,1,6
2021-06-17 11:24:37,S,1060.65,2,8
2021-06-17 11:24:37,S,1060.7,2,12
2021-06-17 11:24:37,B,1059.25,1,1
2021-06-17 11:24:37,B,1059.2,1,9
2021-06-17 11:24:37,B,1058.9,1,7
2021-06-17 11:24:37,B,1058.6,4,12
2021-06-17 11:24:37,B,1058.55,1,7
2021-06-17 11:24:41,S,1060.0,1,5
2021-06-17 11:24:41,S,1060.5,1,1
2021-06-17 11:24:41,S,1060.55,1,3
2021-06-17 11:24:41,S,1060.6,1,6
2021-06-17 11:24:41,S,1060.65,2,8
2021-06-17 11:24:41,B,1059.25,1,1
2021-06-17 11:24:41,B,1059.2,1,9
2021-06-17 11:24:41,B,1058.9,1,7
2021-06-17 11:24:41,B,1058.6,4,12
2021-06-17 11:24:41,B,1058.55,1,7
2021-06-17 11:24:52,S,1060.0,1,5
2021-06-17 11:24:52,S,1060.5,1,1
2021-06-17 11:24:52,S,1060.55,1,3
2021-06-17 11:24:52,S,1060.6,1,6
2021-06-17 11:24:52,S,1060.65,2,8
2021-06-17 11:24:52,B,1059.25,1,1
2021-06-17 11:24:52,B,1059.2,1,9
2021-06-17 11:24:52,B,1058.9,1,7
2021-06-17 11:24:52,B,1058.6,4,12
2021-06-17 11:24:52,B,1058.55,1,7
2021-06-17 11:24:53,S,1060.0,1,5
2021-06-17 11:24:53,S,1060.45,1,1
2021-06-17 11:24:53,S,1060.5,1,1
2021-06-17 11:24:53,S,1060.55,1,3
2021-06-17 11:24:53,S,1060.6,2,7
2021-06-17 11:24:53,B,1059.25,1,1
2021-06-17 11:24:53,B,1059.2,1,9
2021-06-17 11:24:53,B,1058.9,1,7
2021-06-17 11:24:53,B,1058.6,3,11
2021-06-17 11:24:53,B,1058.55,1,7
2021-06-17 11:24:54,S,1060.0,1,5
2021-06-17 11:24:54,S,1060.45,1,1
2021-06-17 11:24:54,S,1060.5,1,1
2021-06-17 11:24:54,S,1060.55,1,3
2021-06-17 11:24:54,S,1060.6,2,7
2021-06-17 11:24:54,B,1059.25,1,1
2021-06-17 11:24:54,B,1059.2,1,9
2021-06-17 11:24:54,B,1058.9,1,7
2021-06-17 11:24:54,B,1058.6,3,11
2021-06-17 11:24:54,B,1058.55,1,7
2021-06-17 11:24:54,S,1061.0,1,2
2021-06-17 11:24:54,S,1061.05,1,5
2021-06-17 11:24:54,S,1061.4,1,3
2021-06-17 11:24:54,S,1061.6,1,9
2021-06-17 11:24:54,S,1061.65,1,11
2021-06-17 11:24:54,B,1060.0,1,1
2021-06-17 11:24:54,B,1059.95,1,10
2021-06-17 11:24:54,B,1059.7,1,6
2021-06-17 11:24:54,B,1059.35,2,9
2021-06-17 11:24:54,B,1059.15,1,3
2021-06-17 11:24:58,S,1061.0,1,2
2021-06-17 11:24:58,S,1061.05,1,5
2021-06-17 11:24:58,S,1061.4,1,3
2021-06-17 11:24:58,S,1061.6,1,9
2021-06-17 11:24:58,S,1061.65,1,11
2021-06-17 11:24:58,B,1060.0,1,1
2021-06-17 11:24:58,B,1059.95,1,10
2021-06-17 11:24:58,B,1059.7,1,6
2021-06-17 11:24:58,B,1059.35,2,9
2021-06-17 11:24:58,B,1059.15,1,3
2021-06-17 11:25:00,S,1061.0,1,5
2021-06-17 11:25:00,S,1061.5,1,3
2021-06-17 11:25:00,S,1061.65,1,10
2021-06-17 11:25:00,S,1061.9,1,1
2021-06-17 11:25:00,S,1061.95,1,9
2021-06-17 11:25:00,B,1059.6,1,1
2021-06-17 11:25:00,B,1059.55,2,7
2021-06-17 11:25:00,B,1059.5,1,7
2021-06-17 11:25:00,B,1059.4,1,2
2021-06-17 11:25:00,B,1059.35,1,7
2021-06-17 11:25:01,S,1061.0,1,5
2021-06-17 11:25:01,S,1061.45,1,10
2021-06-17 11:25:01,S,1061.5,1,3
2021-06-17 11:25:01,S,1061.65,1,10
2021-06-17 11:25:01,S,1061.9,1,1
2021-06-17 11:25:01,B,1059.85,1,1
2021-06-17 11:25:01,B,1059.8,1,9
2021-06-17 11:25:01,B,1059.55,1,2
2021-06-17 11:25:01,B,1059.5,1,7
2021-06-17 11:25:01,B,1059.4,1,2
2021-06-17 11:25:04,S,1061.0,1,5
2021-06-17 11:25:04,S,1061.45,1,10
2021-06-17 11:25:04,S,1061.5,1,3
2021-06-17 11:25:04,S,1061.6,1,9
2021-06-17 11:25:04,S,1061.65,1,10
2021-06-17 11:25:04,B,1059.85,1,1
2021-06-17 11:25:04,B,1059.8,1,9
2021-06-17 11:25:04,B,1059.55,1,2
2021-06-17 11:25:04,B,1059.5,1,7
2021-06-17 11:25:04,B,1059.4,1,2
2021-06-17 11:25:10,S,1061.0,2,6
2021-06-17 11:25:10,S,1061.45,1,10
2021-06-17 11:25:10,S,1061.5,1,3
2021-06-17 11:25:10,S,1061.6,1,9
2021-06-17 11:25:10,S,1061.65,1,10
2021-06-17 11:25:10,B,1059.85,1,1
2021-06-17 11:25:10,B,1059.8,1,9
2021-06-17 11:25:10,B,1059.55,1,2
2021-06-17 11:25:10,B,1059.5,1,7
2021-06-17 11:25:10,B,1059.4,1,2
2021-06-17 11:25:18,S,1060.95,2,10
2021-06-17 11:25:18,S,1061.0,2,6
2021-06-17 11:25:18,S,1061.1,1,5
2021-06-17 11:25:18,S,1061.4,2,14
2021-06-17 11:25:18,S,1061.5,1,3
2021-06-17 11:25:18,B,1059.4,1,1
2021-06-17 11:25:18,B,1059.35,1,7
2021-06-17 11:25:18,B,1059.2,1,2
2021-06-17 11:25:18,B,1059.05,1,2
2021-06-17 11:25:18,B,1059.0,1,7
2021-06-17 11:25:20,S,1060.95,4,14
2021-06-17 11:25:20,S,1061.0,1,5
2021-06-17 11:25:20,S,1061.1,1,5
2021-06-17 11:25:20,S,1061.35,2,22
2021-06-17 11:25:20,S,1061.4,2,14
2021-06-17 11:25:20,B,1059.4,1,1
2021-06-17 11:25:20,B,1059.35,1,7
2021-06-17 11:25:20,B,1059.2,1,2
2021-06-17 11:25:20,B,1059.0,1,7
2021-06-17 11:25:20,B,1058.95,1,7
2021-06-17 11:25:22,S,1060.95,4,14
2021-06-17 11:25:22,S,1061.0,1,5
2021-06-17 11:25:22,S,1061.1,1,5
2021-06-17 11:25:22,S,1061.35,2,22
2021-06-17 11:25:22,S,1061.4,2,14
2021-06-17 11:25:22,B,1059.4,2,8
2021-06-17 11:25:22,B,1059.35,1,7
2021-06-17 11:25:22,B,1059.2,1,2
2021-06-17 11:25:22,B,1059.15,1,10
2021-06-17 11:25:22,B,1059.0,1,7
2021-06-17 11:25:29,S,1060.95,3,5
2021-06-17 11:25:29,S,1061.0,1,5
2021-06-17 11:25:29,S,1061.1,2,15
2021-06-17 11:25:29,S,1061.35,1,10
2021-06-17 11:25:29,S,1061.4,2,14
2021-06-17 11:25:29,B,1059.55,2,10
2021-06-17 11:25:29,B,1059.5,1,4
2021-06-17 11:25:29,B,1059.4,1,7
2021-06-17 11:25:29,B,1059.35,1,7
2021-06-17 11:25:29,B,1059.2,1,2
2021-06-17 11:25:37,S,1059.95,1,1
2021-06-17 11:25:37,S,1060.0,1,61
2021-06-17 11:25:37,S,1060.45,1,3
2021-06-17 11:25:37,S,1060.55,1,10
2021-06-17 11:25:37,S,1060.95,2,4
2021-06-17 11:25:37,B,1059.5,1,4
2021-06-17 11:25:37,B,1059.2,1,2
2021-06-17 11:25:37,B,1059.05,1,1
2021-06-17 11:25:37,B,1059.0,1,7
2021-06-17 11:25:37,B,1058.95,1,7
2021-06-17 11:25:39,S,1059.65,2,10
2021-06-17 11:25:39,S,1059.7,1,2
2021-06-17 11:25:39,S,1059.8,1,2
2021-06-17 11:25:39,S,1059.85,1,10
2021-06-17 11:25:39,S,1059.9,3,19
2021-06-17 11:25:39,B,1058.2,1,1
2021-06-17 11:25:39,B,1058.15,1,10
2021-06-17 11:25:39,B,1057.95,1,2
2021-06-17 11:25:39,B,1057.9,2,12
2021-06-17 11:25:39,B,1057.85,2,8
2021-06-17 11:25:41,S,1059.65,3,11
2021-06-17 11:25:41,S,1059.7,1,2
2021-06-17 11:25:41,S,1059.8,1,2
2021-06-17 11:25:41,S,1059.85,1,10
2021-06-17 11:25:41,S,1059.9,3,19
2021-06-17 11:25:41,B,1058.2,1,1
2021-06-17 11:25:41,B,1058.15,1,10
2021-06-17 11:25:41,B,1058.0,1,2
2021-06-17 11:25:41,B,1057.95,1,2
2021-06-17 11:25:41,B,1057.9,2,12
2021-06-17 11:25:47,S,1059.65,3,11
2021-06-17 11:25:47,S,1059.7,1,2
2021-06-17 11:25:47,S,1059.8,1,2
2021-06-17 11:25:47,S,1059.85,1,10
2021-06-17 11:25:47,S,1059.9,3,19
2021-06-17 11:25:47,B,1058.2,1,1
2021-06-17 11:25:47,B,1058.15,1,10
2021-06-17 11:25:47,B,1058.0,1,2
2021-06-17 11:25:47,B,1057.95,1,2
2021-06-17 11:25:47,B,1057.9,2,12
2021-06-17 11:25:48,S,1059.65,3,11
2021-06-17 11:25:48,S,1059.7,1,2
2021-06-17 11:25:48,S,1059.8,1,2
2021-06-17 11:25:48,S,1059.85,1,10
2021-06-17 11:25:48,S,1059.9,3,19
2021-06-17 11:25:48,B,1058.2,1,1
2021-06-17 11:25:48,B,1058.15,1,10
2021-06-17 11:25:48,B,1058.0,1,2
2021-06-17 11:25:48,B,1057.95,1,2
2021-06-17 11:25:48,B,1057.9,2,12
2021-06-17 11:25:49,S,1059.65,3,11
2021-06-17 11:25:49,S,1059.7,1,2
2021-06-17 11:25:49,S,1059.8,1,2
2021-06-17 11:25:49,S,1059.85,1,10
2021-06-17 11:25:49,S,1059.9,3,19
2021-06-17 11:25:49,B,1057.95,1,2
2021-06-17 11:25:49,B,1057.9,2,12
2021-06-17 11:25:49,B,1057.85,2,8
2021-06-17 11:25:49,B,1057.8,1,7
2021-06-17 11:25:49,B,1057.75,1,7
2021-06-17 11:25:51,S,1059.65,2,2
2021-06-17 11:25:51,S,1059.7,1,2
2021-06-17 11:25:51,S,1059.8,1,2
2021-06-17 11:25:51,S,1059.9,3,19
2021-06-17 11:25:51,S,1059.95,1,7
2021-06-17 11:25:51,B,1058.2,1,10
2021-06-17 11:25:51,B,1057.95,1,2
2021-06-17 11:25:51,B,1057.9,3,14
2021-06-17 11:25:51,B,1057.85,2,8
2021-06-17 11:25:51,B,1057.8,1,7
2021-06-17 11:25:54,S,1059.55,1,1
2021-06-17 11:25:54,S,1059.6,1,9
2021-06-17 11:25:54,S,1059.65,1,1
2021-06-17 11:25:54,S,1059.7,1,2
2021-06-17 11:25:54,S,1059.8,1,2
2021-06-17 11:25:54,B,1058.2,1,10
2021-06-17 11:25:54,B,1057.95,1,2
2021-06-17 11:25:54,B,1057.9,3,14
2021-06-17 11:25:54,B,1057.85,2,8
2021-06-17 11:25:54,B,1057.8,1,7
2021-06-17 11:25:56,S,1059.55,2,2
2021-06-17 11:25:56,S,1059.6,1,9
2021-06-17 11:25:56,S,1059.7,1,2
2021-06-17 11:25:56,S,1059.8,1,2
2021-06-17 11:25:56,S,1059.9,3,19
2021-06-17 11:25:56,B,1058.2,1,10
2021-06-17 11:25:56,B,1058.0,1,4
2021-06-17 11:25:56,B,1057.95,1,2
2021-06-17 11:25:56,B,1057.9,3,14
2021-06-17 11:25:56,B,1057.85,2,8
2021-06-17 11:25:58,S,1059.55,2,2
2021-06-17 11:25:58,S,1059.7,1,2
2021-06-17 11:25:58,S,1059.8,1,2
2021-06-17 11:25:58,S,1059.9,3,19
2021-06-17 11:25:58,S,1059.95,1,7
2021-06-17 11:25:58,B,1058.2,1,10
2021-06-17 11:25:58,B,1058.05,1,1
2021-06-17 11:25:58,B,1058.0,1,4
2021-06-17 11:25:58,B,1057.95,1,12
2021-06-17 11:25:58,B,1057.9,3,14
2021-06-17 11:25:58,S,1059.55,2,2
2021-06-17 11:25:58,S,1059.7,1,2
2021-06-17 11:25:58,S,1059.8,1,2
2021-06-17 11:25:58,S,1059.9,3,19
2021-06-17 11:25:58,S,1059.95,1,7
2021-06-17 11:25:58,B,1058.2,1,10
2021-06-17 11:25:58,B,1058.05,1,1
2021-06-17 11:25:58,B,1058.0,1,4
2021-06-17 11:25:58,B,1057.95,1,12
2021-06-17 11:25:58,B,1057.9,3,14
2021-06-17 11:25:59,S,1060.65,2,10
2021-06-17 11:25:59,S,1060.75,1,5
2021-06-17 11:25:59,S,1060.9,1,6
2021-06-17 11:25:59,S,1060.95,1,1
2021-06-17 11:25:59,S,1061.0,1,5
2021-06-17 11:25:59,B,1058.85,1,1
2021-06-17 11:25:59,B,1058.8,1,2
2021-06-17 11:25:59,B,1058.7,1,1
2021-06-17 11:25:59,B,1058.65,1,7
2021-06-17 11:25:59,B,1058.6,2,9
2021-06-17 11:26:01,S,1060.65,1,1
2021-06-17 11:26:01,S,1060.7,1,6
2021-06-17 11:26:01,S,1060.75,2,8
2021-06-17 11:26:01,S,1060.9,1,6
2021-06-17 11:26:01,S,1060.95,1,1
2021-06-17 11:26:01,B,1058.85,2,8
2021-06-17 11:26:01,B,1058.8,1,2
2021-06-17 11:26:01,B,1058.75,1,7
2021-06-17 11:26:01,B,1058.7,2,5
2021-06-17 11:26:01,B,1058.65,1,7
2021-06-17 11:26:03,S,1060.65,1,1
2021-06-17 11:26:03,S,1060.7,1,6
2021-06-17 11:26:03,S,1060.75,2,8
2021-06-17 11:26:03,S,1060.8,1,10
2021-06-17 11:26:03,S,1060.9,1,6
2021-06-17 11:26:03,B,1058.85,2,8
2021-06-17 11:26:03,B,1058.8,1,2
2021-06-17 11:26:03,B,1058.75,1,7
2021-06-17 11:26:03,B,1058.7,2,5
2021-06-17 11:26:03,B,1058.65,1,7
2021-06-17 11:26:07,S,1060.65,1,1
2021-06-17 11:26:07,S,1060.7,1,6
2021-06-17 11:26:07,S,1060.75,2,8
2021-06-17 11:26:07,S,1060.8,1,10
2021-06-17 11:26:07,S,1060.9,1,6
2021-06-17 11:26:07,B,1058.85,2,8
2021-06-17 11:26:07,B,1058.8,1,2
2021-06-17 11:26:07,B,1058.75,1,7
2021-06-17 11:26:07,B,1058.7,2,5
2021-06-17 11:26:07,B,1058.65,1,7
2021-06-17 11:26:07,S,1060.7,1,1
2021-06-17 11:26:07,S,1060.75,1,3
2021-06-17 11:26:07,S,1060.85,1,6
2021-06-17 11:26:07,S,1060.9,1,6
2021-06-17 11:26:07,S,1060.95,1,1
2021-06-17 11:26:07,B,1058.9,2,8
2021-06-17 11:26:07,B,1058.85,2,8
2021-06-17 11:26:07,B,1058.8,1,2
2021-06-17 11:26:07,B,1058.75,1,7
2021-06-17 11:26:07,B,1058.7,2,5
2021-06-17 11:26:10,S,1060.7,1,1
2021-06-17 11:26:10,S,1060.75,1,3
2021-06-17 11:26:10,S,1060.8,1,10
2021-06-17 11:26:10,S,1060.85,1,6
2021-06-17 11:26:10,S,1060.9,1,6
2021-06-17 11:26:10,B,1058.9,2,8
2021-06-17 11:26:10,B,1058.85,2,8
2021-06-17 11:26:10,B,1058.8,1,2
2021-06-17 11:26:10,B,1058.75,1,7
2021-06-17 11:26:10,B,1058.7,2,5
2021-06-17 11:26:12,S,1060.7,1,1
2021-06-17 11:26:12,S,1060.75,1,3
2021-06-17 11:26:12,S,1060.8,1,10
2021-06-17 11:26:12,S,1060.85,1,6
2021-06-17 11:26:12,S,1060.9,1,6
2021-06-17 11:26:12,B,1058.9,2,8
2021-06-17 11:26:12,B,1058.85,2,8
2021-06-17 11:26:12,B,1058.8,1,2
2021-06-17 11:26:12,B,1058.75,1,7
2021-06-17 11:26:12,B,1058.7,2,5
2021-06-17 11:26:14,S,1060.7,3,15
2021-06-17 11:26:14,S,1060.75,1,3
2021-06-17 11:26:14,S,1060.85,1,6
2021-06-17 11:26:14,S,1060.9,1,6
2021-06-17 11:26:14,S,1060.95,1,1
2021-06-17 11:26:14,B,1058.9,2,8
2021-06-17 11:26:14,B,1058.85,2,8
2021-06-17 11:26:14,B,1058.8,1,2
2021-06-17 11:26:14,B,1058.75,1,7
2021-06-17 11:26:14,B,1058.7,2,5
2021-06-17 11:26:19,S,1060.7,1,1
2021-06-17 11:26:19,S,1060.75,1,3
2021-06-17 11:26:19,S,1060.95,1,1
2021-06-17 11:26:19,S,1061.0,1,5
2021-06-17 11:26:19,S,1061.15,1,9
2021-06-17 11:26:19,B,1060.0,1,2
2021-06-17 11:26:19,B,1059.0,2,2
2021-06-17 11:26:19,B,1058.95,1,7
2021-06-17 11:26:19,B,1058.9,1,7
2021-06-17 11:26:19,B,1058.85,2,8
2021-06-17 11:26:21,S,1060.7,1,1
2021-06-17 11:26:21,S,1060.75,1,3
2021-06-17 11:26:21,S,1060.95,1,1
2021-06-17 11:26:21,S,1061.0,1,5
2021-06-17 11:26:21,S,1061.15,1,9
2021-06-17 11:26:21,B,1060.0,1,2
2021-06-17 11:26:21,B,1059.0,2,2
2021-06-17 11:26:21,B,1058.95,1,7
2021-06-17 11:26:21,B,1058.9,1,7
2021-06-17 11:26:21,B,1058.85,2,8
2021-06-17 11:26:23,S,1061.0,1,5
2021-06-17 11:26:23,S,1061.1,1,3
2021-06-17 11:26:23,S,1061.3,1,9
2021-06-17 11:26:23,S,1061.35,1,9
2021-06-17 11:26:23,S,1061.5,1,3
2021-06-17 11:26:23,B,1060.0,1,2
2021-06-17 11:26:23,B,1059.35,1,1
2021-06-17 11:26:23,B,1059.3,1,2
2021-06-17 11:26:23,B,1059.15,1,7
2021-06-17 11:26:23,B,1059.1,1,7
2021-06-17 11:26:24,S,1061.0,1,5
2021-06-17 11:26:24,S,1061.1,1,3
2021-06-17 11:26:24,S,1061.3,1,9
2021-06-17 11:26:24,S,1061.35,1,9
2021-06-17 11:26:24,S,1061.5,1,3
2021-06-17 11:26:24,B,1060.0,1,2
2021-06-17 11:26:24,B,1059.35,1,1
2021-06-17 11:26:24,B,1059.3,1,2
2021-06-17 11:26:24,B,1059.15,1,7
2021-06-17 11:26:24,B,1059.1,1,7
2021-06-17 11:26:25,S,1061.0,1,5
2021-06-17 11:26:25,S,1061.55,1,1
2021-06-17 11:26:25,S,1061.6,1,9
2021-06-17 11:26:25,S,1061.75,1,10
2021-06-17 11:26:25,S,1061.95,1,9
2021-06-17 11:26:25,B,1060.7,1,25
2021-06-17 11:26:25,B,1060.05,1,1
2021-06-17 11:26:25,B,1060.0,1,2
2021-06-17 11:26:25,B,1059.3,1,2
2021-06-17 11:26:25,B,1059.2,2,4
2021-06-17 11:26:31,S,1061.0,1,5
2021-06-17 11:26:31,S,1061.55,1,1
2021-06-17 11:26:31,S,1061.6,1,9
2021-06-17 11:26:31,S,1061.65,1,3
2021-06-17 11:26:31,S,1061.9,1,10
2021-06-17 11:26:31,B,1060.75,1,1
2021-06-17 11:26:31,B,1060.7,1,25
2021-06-17 11:26:31,B,1060.0,1,2
2021-06-17 11:26:31,B,1059.3,1,2
2021-06-17 11:26:31,B,1059.2,2,4
2021-06-17 11:26:33,S,1061.0,1,5
2021-06-17 11:26:33,S,1061.55,1,1
2021-06-17 11:26:33,S,1061.6,1,9
2021-06-17 11:26:33,S,1061.65,1,3
2021-06-17 11:26:33,S,1061.9,1,10
2021-06-17 11:26:33,B,1060.75,1,1
2021-06-17 11:26:33,B,1060.7,1,25
2021-06-17 11:26:33,B,1060.0,1,2
2021-06-17 11:26:33,B,1059.3,1,2
2021-06-17 11:26:33,B,1059.2,2,4
2021-06-17 11:26:34,S,1061.0,1,5
2021-06-17 11:26:34,S,1061.55,1,1
2021-06-17 11:26:34,S,1061.6,1,9
2021-06-17 11:26:34,S,1061.65,1,3
2021-06-17 11:26:34,S,1061.9,1,10
2021-06-17 11:26:34,B,1060.75,1,1
2021-06-17 11:26:34,B,1060.7,1,25
2021-06-17 11:26:34,B,1060.0,1,2
2021-06-17 11:26:34,B,1059.3,1,2
2021-06-17 11:26:34,B,1059.2,2,4
2021-06-17 11:26:34,S,1061.0,1,5
2021-06-17 11:26:34,S,1061.55,1,1
2021-06-17 11:26:34,S,1061.6,1,9
2021-06-17 11:26:34,S,1061.9,1,10
2021-06-17 11:26:34,S,1061.95,1,9
2021-06-17 11:26:34,B,1060.7,1,25
2021-06-17 11:26:34,B,1060.05,1,1
2021-06-17 11:26:34,B,1060.0,1,2
2021-06-17 11:26:34,B,1059.3,1,2
2021-06-17 11:26:34,B,1059.2,2,4
2021-06-17 11:26:36,S,1061.0,1,5
2021-06-17 11:26:36,S,1061.55,1,1
2021-06-17 11:26:36,S,1061.6,1,9
2021-06-17 11:26:36,S,1061.9,1,10
2021-06-17 11:26:36,S,1061.95,1,9
2021-06-17 11:26:36,B,1060.7,1,25
2021-06-17 11:26:36,B,1060.05,1,1
2021-06-17 11:26:36,B,1060.0,1,2
2021-06-17 11:26:36,B,1059.3,1,2
2021-06-17 11:26:36,B,1059.2,2,4
2021-06-17 11:26:38,S,1062.15,1,7
2021-06-17 11:26:38,S,1062.2,2,13
2021-06-17 11:26:38,S,1062.25,2,70
2021-06-17 11:26:38,S,1062.45,1,10
2021-06-17 11:26:38,S,1062.5,1,8
2021-06-17 11:26:38,B,1060.3,1,1
2021-06-17 11:26:38,B,1060.25,1,7
2021-06-17 11:26:38,B,1060.2,1,7
2021-06-17 11:26:38,B,1060.15,1,7
2021-06-17 11:26:38,B,1060.1,1,7
2021-06-17 11:26:40,S,1062.15,1,7
2021-06-17 11:26:40,S,1062.2,2,13
2021-06-17 11:26:40,S,1062.25,1,61
2021-06-17 11:26:40,S,1062.45,1,10
2021-06-17 11:26:40,S,1062.5,1,8
2021-06-17 11:26:40,B,1061.05,1,1
2021-06-17 11:26:40,B,1061.0,1,1
2021-06-17 11:26:40,B,1060.95,1,10
2021-06-17 11:26:40,B,1060.85,1,9
2021-06-17 11:26:40,B,1060.65,1,7
2021-06-17 11:26:42,S,1062.15,1,7
2021-06-17 11:26:42,S,1062.2,2,13
2021-06-17 11:26:42,S,1062.25,2,62
2021-06-17 11:26:42,S,1062.45,1,10
2021-06-17 11:26:42,S,1062.5,1,8
2021-06-17 11:26:42,B,1061.15,1,1
2021-06-17 11:26:42,B,1061.1,1,10
2021-06-17 11:26:42,B,1061.0,2,21
2021-06-17 11:26:42,B,1060.65,1,7
2021-06-17 11:26:42,B,1060.3,2,9
2021-06-17 11:26:45,S,1062.15,1,7
2021-06-17 11:26:45,S,1062.2,2,13
2021-06-17 11:26:45,S,1062.25,1,61
2021-06-17 11:26:45,S,1062.45,1,10
2021-06-17 11:26:45,S,1062.5,1,8
2021-06-17 11:26:45,B,1061.05,1,1
2021-06-17 11:26:45,B,1061.0,3,31
2021-06-17 11:26:45,B,1060.8,1,9
2021-06-17 11:26:45,B,1060.65,1,7
2021-06-17 11:26:45,B,1060.55,1,9
2021-06-17 11:26:46,S,1062.15,1,7
2021-06-17 11:26:46,S,1062.2,2,13
2021-06-17 11:26:46,S,1062.25,1,61
2021-06-17 11:26:46,S,1062.45,1,10
2021-06-17 11:26:46,S,1062.5,1,8
2021-06-17 11:26:46,B,1061.05,2,10
2021-06-17 11:26:46,B,1061.0,3,31
2021-06-17 11:26:46,B,1060.65,1,7
2021-06-17 11:26:46,B,1060.55,1,9
2021-06-17 11:26:46,B,1060.3,3,21
2021-06-17 11:26:48,S,1062.15,1,7
2021-06-17 11:26:48,S,1062.2,2,13
2021-06-17 11:26:48,S,1062.25,1,61
2021-06-17 11:26:48,S,1062.45,1,10
2021-06-17 11:26:48,S,1062.5,1,8
2021-06-17 11:26:48,B,1061.05,2,10
2021-06-17 11:26:48,B,1061.0,3,31
2021-06-17 11:26:48,B,1060.65,1,7
2021-06-17 11:26:48,B,1060.55,1,9
2021-06-17 11:26:48,B,1060.3,3,21
2021-06-17 11:26:49,S,1062.15,1,7
2021-06-17 11:26:49,S,1062.2,2,13
2021-06-17 11:26:49,S,1062.25,1,61
2021-06-17 11:26:49,S,1062.45,1,10
2021-06-17 11:26:49,S,1062.5,1,8
2021-06-17 11:26:49,B,1061.05,2,10
2021-06-17 11:26:49,B,1061.0,3,31
2021-06-17 11:26:49,B,1060.65,1,7
2021-06-17 11:26:49,B,1060.55,1,9
2021-06-17 11:26:49,B,1060.3,3,21
2021-06-17 11:26:49,S,1062.15,1,7
2021-06-17 11:26:49,S,1062.2,2,13
2021-06-17 11:26:49,S,1062.25,1,61
2021-06-17 11:26:49,S,1062.45,1,10
2021-06-17 11:26:49,S,1062.5,1,8
2021-06-17 11:26:49,B,1061.05,2,10
2021-06-17 11:26:49,B,1061.0,3,31
2021-06-17 11:26:49,B,1060.65,1,7
2021-06-17 11:26:49,B,1060.55,1,9
2021-06-17 11:26:49,B,1060.3,3,21
2021-06-17 11:26:50,S,1062.2,1,6
2021-06-17 11:26:50,S,1062.25,1,61
2021-06-17 11:26:50,S,1062.45,2,11
2021-06-17 11:26:50,S,1062.85,1,11
2021-06-17 11:26:50,S,1063.0,1,4
2021-06-17 11:26:50,B,1061.05,2,10
2021-06-17 11:26:50,B,1061.0,4,33
2021-06-17 11:26:50,B,1060.65,1,7
2021-06-17 11:26:50,B,1060.35,1,2
2021-06-17 11:26:50,B,1060.3,1,7
2021-06-17 11:26:51,S,1062.2,1,6
2021-06-17 11:26:51,S,1062.25,1,61
2021-06-17 11:26:51,S,1062.45,2,11
2021-06-17 11:26:51,S,1062.85,1,11
2021-06-17 11:26:51,S,1063.0,1,4
2021-06-17 11:26:51,B,1061.05,2,10
2021-06-17 11:26:51,B,1061.0,4,33
2021-06-17 11:26:51,B,1060.65,1,7
2021-06-17 11:26:51,B,1060.35,1,2
2021-06-17 11:26:51,B,1060.3,1,7
2021-06-17 11:26:52,S,1062.15,2,10
2021-06-17 11:26:52,S,1062.2,3,15
2021-06-17 11:26:52,S,1062.25,3,74
2021-06-17 11:26:52,S,1062.45,1,9
2021-06-17 11:26:52,S,1062.55,3,14
2021-06-17 11:26:52,B,1061.05,1,1
2021-06-17 11:26:52,B,1061.0,3,18
2021-06-17 11:26:52,B,1060.65,1,7
2021-06-17 11:26:52,B,1060.3,1,7
2021-06-17 11:26:52,B,1060.25,2,9
2021-06-17 11:26:54,S,1062.15,2,10
2021-06-17 11:26:54,S,1062.2,2,7
2021-06-17 11:26:54,S,1062.25,3,74
2021-06-17 11:26:54,S,1062.45,1,9
2021-06-17 11:26:54,S,1062.55,3,14
2021-06-17 11:26:54,B,1061.05,1,1
2021-06-17 11:26:54,B,1061.0,3,18
2021-06-17 11:26:54,B,1060.65,1,7
2021-06-17 11:26:54,B,1060.6,1,10
2021-06-17 11:26:54,B,1060.3,1,7
2021-06-17 11:26:57,S,1062.15,2,10
2021-06-17 11:26:57,S,1062.2,2,7
2021-06-17 11:26:57,S,1062.25,3,74
2021-06-17 11:26:57,S,1062.45,1,9
2021-06-17 11:26:57,S,1062.55,3,14
2021-06-17 11:26:57,B,1061.05,1,1
2021-06-17 11:26:57,B,1061.0,3,18
2021-06-17 11:26:57,B,1060.65,1,7
2021-06-17 11:26:57,B,1060.6,1,10
2021-06-17 11:26:57,B,1060.3,1,7
2021-06-17 11:26:57,S,1062.15,2,10
2021-06-17 11:26:57,S,1062.2,2,7
2021-06-17 11:26:57,S,1062.25,3,74
2021-06-17 11:26:57,S,1062.45,1,9
2021-06-17 11:26:57,S,1062.55,3,14
2021-06-17 11:26:57,B,1061.05,1,1
2021-06-17 11:26:57,B,1061.0,3,18
2021-06-17 11:26:57,B,1060.65,1,7
2021-06-17 11:26:57,B,1060.6,1,10
2021-06-17 11:26:57,B,1060.3,1,7
2021-06-17 11:26:58,S,1062.2,2,7
2021-06-17 11:26:58,S,1062.25,3,74
2021-06-17 11:26:58,S,1062.45,2,10
2021-06-17 11:26:58,S,1062.55,3,14
2021-06-17 11:26:58,S,1062.85,2,12
2021-06-17 11:26:58,B,1061.05,1,1
2021-06-17 11:26:58,B,1061.0,3,18
2021-06-17 11:26:58,B,1060.65,1,7
2021-06-17 11:26:58,B,1060.6,1,10
2021-06-17 11:26:58,B,1060.3,1,7
2021-06-17 11:26:58,S,1062.2,2,7
2021-06-17 11:26:58,S,1062.25,3,74
2021-06-17 11:26:58,S,1062.45,2,10
2021-06-17 11:26:58,S,1062.55,3,14
2021-06-17 11:26:58,S,1062.85,2,12
2021-06-17 11:26:58,B,1061.05,1,1
2021-06-17 11:26:58,B,1061.0,3,18
2021-06-17 11:26:58,B,1060.65,1,7
2021-06-17 11:26:58,B,1060.6,1,10
2021-06-17 11:26:58,B,1060.3,1,7
2021-06-17 11:27:00,S,1061.05,1,1
2021-06-17 11:27:00,S,1061.45,2,2
2021-06-17 11:27:00,S,1061.5,2,3
2021-06-17 11:27:00,S,1061.55,2,4
2021-06-17 11:27:00,S,1061.6,3,11
2021-06-17 11:27:00,B,1060.05,1,1
2021-06-17 11:27:00,B,1060.0,2,9
2021-06-17 11:27:00,B,1059.95,2,8
2021-06-17 11:27:00,B,1059.9,1,5
2021-06-17 11:27:00,B,1059.85,2,8
2021-06-17 11:27:01,S,1061.05,1,1
2021-06-17 11:27:01,S,1061.45,2,2
2021-06-17 11:27:01,S,1061.5,2,3
2021-06-17 11:27:01,S,1061.55,3,13
2021-06-17 11:27:01,S,1061.6,3,11
2021-06-17 11:27:01,B,1060.05,1,1
2021-06-17 11:27:01,B,1060.0,3,19
2021-06-17 11:27:01,B,1059.95,2,8
2021-06-17 11:27:01,B,1059.9,1,5
2021-06-17 11:27:01,B,1059.85,2,8
2021-06-17 11:27:06,S,1061.0,1,1
2021-06-17 11:27:06,S,1061.05,2,4
2021-06-17 11:27:06,S,1061.3,2,3
2021-06-17 11:27:06,S,1061.35,3,21
2021-06-17 11:27:06,S,1061.5,2,3
2021-06-17 11:27:06,B,1060.05,1,1
2021-06-17 11:27:06,B,1060.0,2,9
2021-06-17 11:27:06,B,1059.95,2,8
2021-06-17 11:27:06,B,1059.9,1,5
2021-06-17 11:27:06,B,1059.85,2,8
2021-06-17 11:27:08,S,1061.0,1,1
2021-06-17 11:27:08,S,1061.05,1,3
2021-06-17 11:27:08,S,1061.3,2,3
2021-06-17 11:27:08,S,1061.35,3,21
2021-06-17 11:27:08,S,1061.5,2,3
2021-06-17 11:27:08,B,1060.05,1,1
2021-06-17 11:27:08,B,1060.0,2,9
2021-06-17 11:27:08,B,1059.95,2,8
2021-06-17 11:27:08,B,1059.9,1,5
2021-06-17 11:27:08,B,1059.85,2,8
2021-06-17 11:27:10,S,1059.2,2,5
2021-06-17 11:27:10,S,1059.25,2,11
2021-06-17 11:27:10,S,1059.5,1,1
2021-06-17 11:27:10,S,1059.55,2,13
2021-06-17 11:27:10,S,1059.8,2,6
2021-06-17 11:27:10,B,1058.0,2,6
2021-06-17 11:27:10,B,1057.35,2,4
2021-06-17 11:27:10,B,1057.3,2,4
2021-06-17 11:27:10,B,1057.25,1,3
2021-06-17 11:27:10,B,1057.2,3,7
2021-06-17 11:27:13,S,1059.75,1,1
2021-06-17 11:27:13,S,1059.8,2,4
2021-06-17 11:27:13,S,1059.9,1,3
2021-06-17 11:27:13,S,1059.95,1,7
2021-06-17 11:27:13,S,1060.0,1,490
2021-06-17 11:27:13,B,1058.35,1,1
2021-06-17 11:27:13,B,1058.3,1,9
2021-06-17 11:27:13,B,1058.0,2,6
2021-06-17 11:27:13,B,1057.8,1,4
2021-06-17 11:27:13,B,1057.7,2,9
2021-06-17 11:27:14,S,1059.75,1,1
2021-06-17 11:27:14,S,1059.8,2,4
2021-06-17 11:27:14,S,1059.9,1,3
2021-06-17 11:27:14,S,1059.95,1,7
2021-06-17 11:27:14,S,1060.0,1,490
2021-06-17 11:27:14,B,1058.35,1,1
2021-06-17 11:27:14,B,1058.3,1,9
2021-06-17 11:27:14,B,1058.0,2,6
2021-06-17 11:27:14,B,1057.8,1,4
2021-06-17 11:27:14,B,1057.7,2,9
2021-06-17 11:27:15,S,1059.55,1,10
2021-06-17 11:27:15,S,1059.75,2,8
2021-06-17 11:27:15,S,1059.8,2,4
2021-06-17 11:27:15,S,1059.85,2,16
2021-06-17 11:27:15,S,1059.9,2,4
2021-06-17 11:27:15,B,1058.05,1,1
2021-06-17 11:27:15,B,1058.0,3,8
2021-06-17 11:27:15,B,1057.8,1,4
2021-06-17 11:27:15,B,1057.7,2,9
2021-06-17 11:27:15,B,1057.65,1,7
2021-06-17 11:27:17,S,1059.55,2,16
2021-06-17 11:27:17,S,1059.75,2,8
2021-06-17 11:27:17,S,1059.8,2,4
2021-06-17 11:27:17,S,1059.85,2,16
2021-06-17 11:27:17,S,1059.9,2,4
2021-06-17 11:27:17,B,1058.05,1,1
2021-06-17 11:27:17,B,1058.0,2,6
2021-06-17 11:27:17,B,1057.85,1,3
2021-06-17 11:27:17,B,1057.8,1,4
2021-06-17 11:27:17,B,1057.7,2,9
2021-06-17 11:27:19,S,1059.55,2,16
2021-06-17 11:27:19,S,1059.75,2,8
2021-06-17 11:27:19,S,1059.8,2,4
2021-06-17 11:27:19,S,1059.85,2,16
2021-06-17 11:27:19,S,1059.9,2,4
2021-06-17 11:27:19,B,1058.05,1,1
2021-06-17 11:27:19,B,1058.0,2,6
2021-06-17 11:27:19,B,1057.85,1,3
2021-06-17 11:27:19,B,1057.8,1,4
2021-06-17 11:27:19,B,1057.7,2,9
2021-06-17 11:27:20,S,1059.7,2,14
2021-06-17 11:27:20,S,1059.75,2,6
2021-06-17 11:27:20,S,1059.8,3,11
2021-06-17 11:27:20,S,1059.85,2,16
2021-06-17 11:27:20,S,1059.9,2,4
2021-06-17 11:27:20,B,1058.05,2,8
2021-06-17 11:27:20,B,1058.0,2,6
2021-06-17 11:27:20,B,1057.95,1,10
2021-06-17 11:27:20,B,1057.9,1,7
2021-06-17 11:27:20,B,1057.85,1,3
2021-06-17 11:27:21,S,1059.7,2,14
2021-06-17 11:27:21,S,1059.75,2,6
2021-06-17 11:27:21,S,1059.8,3,11
2021-06-17 11:27:21,S,1059.85,2,16
2021-06-17 11:27:21,S,1059.9,2,4
2021-06-17 11:27:21,B,1058.05,2,8
2021-06-17 11:27:21,B,1058.0,2,6
2021-06-17 11:27:21,B,1057.95,1,10
2021-06-17 11:27:21,B,1057.9,1,7
2021-06-17 11:27:21,B,1057.85,1,3
2021-06-17 11:27:22,S,1060.5,1,21
2021-06-17 11:27:22,S,1060.55,2,2
2021-06-17 11:27:22,S,1060.6,4,13
2021-06-17 11:27:22,S,1060.75,3,21
2021-06-17 11:27:22,S,1060.8,2,8
2021-06-17 11:27:22,B,1058.35,3,10
2021-06-17 11:27:22,B,1058.3,2,8
2021-06-17 11:27:22,B,1058.25,2,5
2021-06-17 11:27:22,B,1058.2,4,32
2021-06-17 11:27:22,B,1058.15,2,14
2021-06-17 11:27:23,S,1060.5,1,21
2021-06-17 11:27:23,S,1060.55,2,2
2021-06-17 11:27:23,S,1060.6,4,13
2021-06-17 11:27:23,S,1060.75,3,21
2021-06-17 11:27:23,S,1060.8,2,8
2021-06-17 11:27:23,B,1058.35,3,10
2021-06-17 11:27:23,B,1058.3,2,8
2021-06-17 11:27:23,B,1058.25,2,5
2021-06-17 11:27:23,B,1058.2,4,32
2021-06-17 11:27:23,B,1058.15,2,14
2021-06-17 11:27:24,S,1061.15,1,20
2021-06-17 11:27:24,S,1061.2,4,11
2021-06-17 11:27:24,S,1061.25,2,8
2021-06-17 11:27:24,S,1061.3,2,8
2021-06-17 11:27:24,S,1061.55,1,3
2021-06-17 11:27:24,B,1059.2,1,1
2021-06-17 11:27:24,B,1059.15,1,7
2021-06-17 11:27:24,B,1059.05,1,7
2021-06-17 11:27:24,B,1059.0,1,5
2021-06-17 11:27:24,B,1058.95,1,7
2021-06-17 11:27:25,S,1061.2,1,7
2021-06-17 11:27:25,S,1061.25,2,8
2021-06-17 11:27:25,S,1061.3,2,8
2021-06-17 11:27:25,S,1061.5,1,1
2021-06-17 11:27:25,S,1061.55,1,3
2021-06-17 11:27:25,B,1059.85,1,1
2021-06-17 11:27:25,B,1059.8,1,9
2021-06-17 11:27:25,B,1059.55,1,2
2021-06-17 11:27:25,B,1059.5,1,2
2021-06-17 11:27:25,B,1059.45,2,8
2021-06-17 11:27:27,S,1061.2,1,7
2021-06-17 11:27:27,S,1061.25,2,8
2021-06-17 11:27:27,S,1061.3,2,8
2021-06-17 11:27:27,S,1061.5,1,1
2021-06-17 11:27:27,S,1061.55,1,3
2021-06-17 11:27:27,B,1059.85,1,1
2021-06-17 11:27:27,B,1059.8,1,9
2021-06-17 11:27:27,B,1059.55,1,2
2021-06-17 11:27:27,B,1059.5,1,2
2021-06-17 11:27:27,B,1059.45,2,8
2021-06-17 11:27:37,S,1061.2,1,7
2021-06-17 11:27:37,S,1061.25,1,7
2021-06-17 11:27:37,S,1061.3,1,7
2021-06-17 11:27:37,S,1061.5,1,1
2021-06-17 11:27:37,S,1061.55,1,3
2021-06-17 11:27:37,B,1059.85,1,1
2021-06-17 11:27:37,B,1059.8,1,9
2021-06-17 11:27:37,B,1059.55,1,2
2021-06-17 11:27:37,B,1059.5,1,2
2021-06-17 11:27:37,B,1059.45,2,8
2021-06-17 11:27:37,S,1061.2,1,7
2021-06-17 11:27:37,S,1061.25,1,7
2021-06-17 11:27:37,S,1061.3,1,7
2021-06-17 11:27:37,S,1061.5,1,1
2021-06-17 11:27:37,S,1061.55,1,3
2021-06-17 11:27:37,B,1059.85,1,1
2021-06-17 11:27:37,B,1059.8,1,9
2021-06-17 11:27:37,B,1059.55,1,2
2021-06-17 11:27:37,B,1059.5,1,2
2021-06-17 11:27:37,B,1059.45,2,8
2021-06-17 11:27:39,S,1062.05,1,62
2021-06-17 11:27:39,S,1063.0,3,24
2021-06-17 11:27:39,S,1063.05,2,4
2021-06-17 11:27:39,S,1063.15,1,11
2021-06-17 11:27:39,S,1063.25,1,1
2021-06-17 11:27:39,B,1061.2,1,1
2021-06-17 11:27:39,B,1061.15,1,10
2021-06-17 11:27:39,B,1061.0,2,3
2021-06-17 11:27:39,B,1060.65,1,7
2021-06-17 11:27:39,B,1060.6,3,31
2021-06-17 11:27:41,S,1062.05,1,62
2021-06-17 11:27:41,S,1062.45,1,3
2021-06-17 11:27:41,S,1062.95,2,2
2021-06-17 11:27:41,S,1063.0,3,24
2021-06-17 11:27:41,S,1063.15,1,11
2021-06-17 11:27:41,B,1061.15,1,10
2021-06-17 11:27:41,B,1061.05,1,1
2021-06-17 11:27:41,B,1061.0,1,2
2021-06-17 11:27:41,B,1060.85,1,9
2021-06-17 11:27:41,B,1060.65,1,7
2021-06-17 11:27:42,S,1062.05,1,62
2021-06-17 11:27:42,S,1062.45,1,3
2021-06-17 11:27:42,S,1062.95,2,2
2021-06-17 11:27:42,S,1063.0,3,24
2021-06-17 11:27:42,S,1063.15,1,11
2021-06-17 11:27:42,B,1061.15,1,10
2021-06-17 11:27:42,B,1061.05,1,1
2021-06-17 11:27:42,B,1061.0,1,2
2021-06-17 11:27:42,B,1060.85,1,9
2021-06-17 11:27:42,B,1060.65,1,7
2021-06-17 11:27:42,S,1062.05,1,62
2021-06-17 11:27:42,S,1062.45,1,3
2021-06-17 11:27:42,S,1062.95,2,2
2021-06-17 11:27:42,S,1063.0,3,24
2021-06-17 11:27:42,S,1063.15,1,11
2021-06-17 11:27:42,B,1061.15,1,10
2021-06-17 11:27:42,B,1061.05,1,1
2021-06-17 11:27:42,B,1061.0,1,2
2021-06-17 11:27:42,B,1060.85,1,9
2021-06-17 11:27:42,B,1060.65,1,7
2021-06-17 11:27:43,S,1060.95,1,1
2021-06-17 11:27:43,S,1061.0,1,7
2021-06-17 11:27:43,S,1061.25,1,7
2021-06-17 11:27:43,S,1061.45,1,3
2021-06-17 11:27:43,S,1061.5,1,6
2021-06-17 11:27:43,B,1059.75,2,10
2021-06-17 11:27:43,B,1059.7,1,18
2021-06-17 11:27:43,B,1059.45,1,2
2021-06-17 11:27:43,B,1059.35,1,9
2021-06-17 11:27:43,B,1059.2,1,7
2021-06-17 11:27:46,S,1059.95,1,1
2021-06-17 11:27:46,S,1060.0,1,62
2021-06-17 11:27:46,S,1060.85,1,3
2021-06-17 11:27:46,S,1061.0,1,7
2021-06-17 11:27:46,S,1061.25,1,7
2021-06-17 11:27:46,B,1059.25,1,2
2021-06-17 11:27:46,B,1059.2,1,7
2021-06-17 11:27:46,B,1059.1,1,1
2021-06-17 11:27:46,B,1059.05,1,12
2021-06-17 11:27:46,B,1059.0,1,25
2021-06-17 11:27:48,S,1059.95,1,1
2021-06-17 11:27:48,S,1060.0,1,62
2021-06-17 11:27:48,S,1060.4,2,12
2021-06-17 11:27:48,S,1060.85,1,3
2021-06-17 11:27:48,S,1061.0,1,7
2021-06-17 11:27:48,B,1059.25,1,2
2021-06-17 11:27:48,B,1059.2,1,7
2021-06-17 11:27:48,B,1059.1,1,1
2021-06-17 11:27:48,B,1059.05,1,12
2021-06-17 11:27:48,B,1059.0,1,25
2021-06-17 11:27:52,S,1059.95,1,1
2021-06-17 11:27:52,S,1060.0,1,62
2021-06-17 11:27:52,S,1060.4,2,12
2021-06-17 11:27:52,S,1060.85,1,3
2021-06-17 11:27:52,S,1061.0,1,7
2021-06-17 11:27:52,B,1059.25,1,2
2021-06-17 11:27:52,B,1059.2,1,7
2021-06-17 11:27:52,B,1059.1,1,1
2021-06-17 11:27:52,B,1059.05,1,12
2021-06-17 11:27:52,B,1059.0,1,25
2021-06-17 11:27:58,S,1060.8,1,1
2021-06-17 11:27:58,S,1060.85,1,3
2021-06-17 11:27:58,S,1061.0,1,7
2021-06-17 11:27:58,S,1061.25,1,7
2021-06-17 11:27:58,S,1061.35,1,10
2021-06-17 11:27:58,B,1059.8,1,1
2021-06-17 11:27:58,B,1059.75,1,10
2021-06-17 11:27:58,B,1059.65,1,10
2021-06-17 11:27:58,B,1059.55,1,2
2021-06-17 11:27:58,B,1059.5,1,7
2021-06-17 11:27:59,S,1060.8,1,1
2021-06-17 11:27:59,S,1060.85,1,3
2021-06-17 11:27:59,S,1061.0,1,7
2021-06-17 11:27:59,S,1061.25,1,7
2021-06-17 11:27:59,S,1061.35,2,20
2021-06-17 11:27:59,B,1059.8,1,1
2021-06-17 11:27:59,B,1059.75,1,10
2021-06-17 11:27:59,B,1059.65,1,10
2021-06-17 11:27:59,B,1059.55,1,2
2021-06-17 11:27:59,B,1059.5,1,7
2021-06-17 11:28:03,S,1061.0,1,7
2021-06-17 11:28:03,S,1061.25,2,8
2021-06-17 11:28:03,S,1061.35,2,20
2021-06-17 11:28:03,S,1061.45,1,3
2021-06-17 11:28:03,S,1061.5,1,6
2021-06-17 11:28:03,B,1059.8,1,1
2021-06-17 11:28:03,B,1059.75,1,10
2021-06-17 11:28:03,B,1059.55,1,2
2021-06-17 11:28:03,B,1059.5,1,7
2021-06-17 11:28:03,B,1059.4,1,7
2021-06-17 11:28:03,S,1061.0,1,7
2021-06-17 11:28:03,S,1061.25,2,8
2021-06-17 11:28:03,S,1061.35,2,20
2021-06-17 11:28:03,S,1061.45,1,3
2021-06-17 11:28:03,S,1061.5,1,6
2021-06-17 11:28:03,B,1059.8,1,1
2021-06-17 11:28:03,B,1059.75,1,10
2021-06-17 11:28:03,B,1059.55,1,2
2021-06-17 11:28:03,B,1059.5,1,7
2021-06-17 11:28:03,B,1059.4,1,7
2021-06-17 11:28:07,S,1061.5,2,7
2021-06-17 11:28:07,S,1061.55,2,8
2021-06-17 11:28:07,S,1061.6,1,9
2021-06-17 11:28:07,S,1061.8,1,62
2021-06-17 11:28:07,S,1061.85,1,3
2021-06-17 11:28:07,B,1060.05,2,2
2021-06-17 11:28:07,B,1060.0,1,10
2021-06-17 11:28:07,B,1059.95,1,7
2021-06-17 11:28:07,B,1059.7,1,7
2021-06-17 11:28:07,B,1059.6,1,7
2021-06-17 11:28:10,S,1061.5,2,7
2021-06-17 11:28:10,S,1061.55,2,8
2021-06-17 11:28:10,S,1061.6,1,9
2021-06-17 11:28:10,S,1061.8,1,62
2021-06-17 11:28:10,S,1061.85,1,3
2021-06-17 11:28:10,B,1060.05,2,2
2021-06-17 11:28:10,B,1060.0,1,10
2021-06-17 11:28:10,B,1059.95,1,7
2021-06-17 11:28:10,B,1059.7,1,7
2021-06-17 11:28:10,B,1059.6,1,7
2021-06-17 11:28:10,S,1061.5,2,7
2021-06-17 11:28:10,S,1061.55,2,8
2021-06-17 11:28:10,S,1061.6,1,9
2021-06-17 11:28:10,S,1061.8,1,62
2021-06-17 11:28:10,S,1061.85,1,3
2021-06-17 11:28:10,B,1060.05,2,2
2021-06-17 11:28:10,B,1060.0,1,10
2021-06-17 11:28:10,B,1059.95,1,7
2021-06-17 11:28:10,B,1059.7,1,7
2021-06-17 11:28:10,B,1059.6,1,7
2021-06-17 11:28:11,S,1059.9,1,1
2021-06-17 11:28:11,S,1059.95,1,3
2021-06-17 11:28:11,S,1060.0,1,62
2021-06-17 11:28:11,S,1060.35,1,3
2021-06-17 11:28:11,S,1060.7,1,2
2021-06-17 11:28:11,B,1059.05,1,1
2021-06-17 11:28:11,B,1059.0,2,30
2021-06-17 11:28:11,B,1058.55,2,13
2021-06-17 11:28:11,B,1058.5,2,51
2021-06-17 11:28:11,B,1058.3,1,10
2021-06-17 11:28:12,S,1059.9,1,1
2021-06-17 11:28:12,S,1059.95,1,3
2021-06-17 11:28:12,S,1060.0,1,62
2021-06-17 11:28:12,S,1060.35,1,3
2021-06-17 11:28:12,S,1060.7,1,2
2021-06-17 11:28:12,B,1059.05,1,1
2021-06-17 11:28:12,B,1059.0,2,30
2021-06-17 11:28:12,B,1058.55,2,13
2021-06-17 11:28:12,B,1058.5,2,51
2021-06-17 11:28:12,B,1058.3,1,10
2021-06-17 11:28:13,S,1059.9,4,14
2021-06-17 11:28:13,S,1059.95,2,4
2021-06-17 11:28:13,S,1060.0,1,62
2021-06-17 11:28:13,S,1060.35,1,3
2021-06-17 11:28:13,S,1060.45,1,10
2021-06-17 11:28:13,B,1058.55,1,2
2021-06-17 11:28:13,B,1058.5,1,50
2021-06-17 11:28:13,B,1058.1,1,2
2021-06-17 11:28:13,B,1058.0,2,6
2021-06-17 11:28:13,B,1057.75,1,4
2021-06-17 11:28:13,S,1059.9,4,14
2021-06-17 11:28:13,S,1059.95,2,4
2021-06-17 11:28:13,S,1060.0,1,62
2021-06-17 11:28:13,S,1060.35,1,3
2021-06-17 11:28:13,S,1060.45,1,10
2021-06-17 11:28:13,B,1058.55,1,2
2021-06-17 11:28:13,B,1058.5,1,50
2021-06-17 11:28:13,B,1058.1,1,2
2021-06-17 11:28:13,B,1058.0,2,6
2021-06-17 11:28:13,B,1057.75,1,4
2021-06-17 11:28:15,S,1059.7,1,1
2021-06-17 11:28:15,S,1059.75,1,10
2021-06-17 11:28:15,S,1059.9,1,7
2021-06-17 11:28:15,S,1059.95,1,3
2021-06-17 11:28:15,S,1060.0,1,62
2021-06-17 11:28:15,B,1058.55,1,1
2021-06-17 11:28:15,B,1058.5,1,50
2021-06-17 11:28:15,B,1058.05,2,3
2021-06-17 11:28:15,B,1058.0,3,16
2021-06-17 11:28:15,B,1057.75,1,4
2021-06-17 11:28:16,S,1059.7,1,1
2021-06-17 11:28:16,S,1059.75,1,10
2021-06-17 11:28:16,S,1059.9,1,7
2021-06-17 11:28:16,S,1059.95,1,3
2021-06-17 11:28:16,S,1060.0,1,62
2021-06-17 11:28:16,B,1058.55,1,1
2021-06-17 11:28:16,B,1058.5,1,50
2021-06-17 11:28:16,B,1058.05,2,3
2021-06-17 11:28:16,B,1058.0,3,16
2021-06-17 11:28:16,B,1057.75,1,4
2021-06-17 11:28:16,S,1059.75,1,10
2021-06-17 11:28:16,S,1059.9,1,7
2021-06-17 11:28:16,S,1059.95,1,3
2021-06-17 11:28:16,S,1060.0,1,62
2021-06-17 11:28:16,S,1060.3,1,2
2021-06-17 11:28:16,B,1058.55,1,1
2021-06-17 11:28:16,B,1058.5,1,50
2021-06-17 11:28:16,B,1058.05,2,3
2021-06-17 11:28:16,B,1058.0,3,16
2021-06-17 11:28:16,B,1057.75,1,4
2021-06-17 11:28:18,S,1060.25,3,15
2021-06-17 11:28:18,S,1060.3,2,3
2021-06-17 11:28:18,S,1060.35,1,3
2021-06-17 11:28:18,S,1060.45,1,10
2021-06-17 11:28:18,S,1060.7,1,3
2021-06-17 11:28:18,B,1058.55,2,11
2021-06-17 11:28:18,B,1058.5,1,50
2021-06-17 11:28:18,B,1058.05,2,3
2021-06-17 11:28:18,B,1058.0,2,6
2021-06-17 11:28:18,B,1057.75,1,4
2021-06-17 11:28:20,S,1060.25,3,15
2021-06-17 11:28:20,S,1060.3,2,3
2021-06-17 11:28:20,S,1060.35,1,3
2021-06-17 11:28:20,S,1060.45,1,10
2021-06-17 11:28:20,S,1060.7,1,3
2021-06-17 11:28:20,B,1058.55,2,2
2021-06-17 11:28:20,B,1058.5,1,50
2021-06-17 11:28:20,B,1058.35,1,9
2021-06-17 11:28:20,B,1058.05,2,3
2021-06-17 11:28:20,B,1058.0,2,6
2021-06-17 11:28:24,S,1060.95,1,2
2021-06-17 11:28:24,S,1061.0,2,8
2021-06-17 11:28:24,S,1061.1,1,3
2021-06-17 11:28:24,S,1061.3,1,2
2021-06-17 11:28:24,S,1061.35,2,12
2021-06-17 11:28:24,B,1059.05,1,1
2021-06-17 11:28:24,B,1059.0,1,2
2021-06-17 11:28:24,B,1058.95,1,4
2021-06-17 11:28:24,B,1058.8,1,2
2021-06-17 11:28:24,B,1058.75,1,2
2021-06-17 11:28:25,S,1060.95,1,2
2021-06-17 11:28:25,S,1061.0,1,7
2021-06-17 11:28:25,S,1061.1,1,3
2021-06-17 11:28:25,S,1061.25,1,7
2021-06-17 11:28:25,S,1061.3,2,9
2021-06-17 11:28:25,B,1059.45,1,1
2021-06-17 11:28:25,B,1059.4,1,9
2021-06-17 11:28:25,B,1059.1,1,2
2021-06-17 11:28:25,B,1059.05,2,8
2021-06-17 11:28:25,B,1059.0,2,3
2021-06-17 11:28:27,S,1060.95,1,2
2021-06-17 11:28:27,S,1061.0,1,7
2021-06-17 11:28:27,S,1061.1,1,3
2021-06-17 11:28:27,S,1061.25,1,7
2021-06-17 11:28:27,S,1061.3,2,9
2021-06-17 11:28:27,B,1059.45,1,1
2021-06-17 11:28:27,B,1059.4,1,9
2021-06-17 11:28:27,B,1059.1,1,2
2021-06-17 11:28:27,B,1059.05,2,8
2021-06-17 11:28:27,B,1059.0,2,3
2021-06-17 11:28:31,S,1060.95,1,2
2021-06-17 11:28:31,S,1061.0,1,7
2021-06-17 11:28:31,S,1061.1,1,3
2021-06-17 11:28:31,S,1061.25,1,7
2021-06-17 11:28:31,S,1061.3,2,9
2021-06-17 11:28:31,B,1059.45,1,1
2021-06-17 11:28:31,B,1059.4,1,9
2021-06-17 11:28:31,B,1059.1,1,2
2021-06-17 11:28:31,B,1059.05,2,8
2021-06-17 11:28:31,B,1059.0,3,12
2021-06-17 11:28:37,S,1061.2,2,8
2021-06-17 11:28:37,S,1061.5,2,8
2021-06-17 11:28:37,S,1061.55,2,6
2021-06-17 11:28:37,S,1061.6,1,9
2021-06-17 11:28:37,S,1061.75,1,12
2021-06-17 11:28:37,B,1059.95,1,1
2021-06-17 11:28:37,B,1059.9,1,10
2021-06-17 11:28:37,B,1059.6,1,22
2021-06-17 11:28:37,B,1059.55,2,6
2021-06-17 11:28:37,B,1059.45,2,6
2021-06-17 11:28:39,S,1061.2,2,8
2021-06-17 11:28:39,S,1061.5,2,8
2021-06-17 11:28:39,S,1061.55,2,6
2021-06-17 11:28:39,S,1061.6,1,9
2021-06-17 11:28:39,S,1061.75,1,12
2021-06-17 11:28:39,B,1059.95,1,1
2021-06-17 11:28:39,B,1059.9,1,10
2021-06-17 11:28:39,B,1059.6,1,22
2021-06-17 11:28:39,B,1059.55,2,6
2021-06-17 11:28:39,B,1059.45,2,6
2021-06-17 11:28:40,S,1061.2,2,8
2021-06-17 11:28:40,S,1061.3,2,5
2021-06-17 11:28:40,S,1061.45,3,5
2021-06-17 11:28:40,S,1061.5,2,8
2021-06-17 11:28:40,S,1061.55,2,6
2021-06-17 11:28:40,B,1059.6,2,3
2021-06-17 11:28:40,B,1059.55,2,9
2021-06-17 11:28:40,B,1059.5,1,17
2021-06-17 11:28:40,B,1059.45,1,2
2021-06-17 11:28:40,B,1059.4,1,7
2021-06-17 11:28:40,S,1061.2,2,8
2021-06-17 11:28:40,S,1061.3,2,5
2021-06-17 11:28:40,S,1061.45,3,5
2021-06-17 11:28:40,S,1061.5,2,8
2021-06-17 11:28:40,S,1061.55,2,6
2021-06-17 11:28:40,B,1059.6,2,3
2021-06-17 11:28:40,B,1059.55,2,9
2021-06-17 11:28:40,B,1059.5,1,17
2021-06-17 11:28:40,B,1059.45,1,2
2021-06-17 11:28:40,B,1059.4,1,7
2021-06-17 11:28:42,S,1061.2,1,7
2021-06-17 11:28:42,S,1061.4,1,1
2021-06-17 11:28:42,S,1061.45,3,5
2021-06-17 11:28:42,S,1061.5,3,11
2021-06-17 11:28:42,S,1061.55,3,16
2021-06-17 11:28:42,B,1059.95,1,1
2021-06-17 11:28:42,B,1059.9,1,9
2021-06-17 11:28:42,B,1059.6,1,2
2021-06-17 11:28:42,B,1059.55,3,11
2021-06-17 11:28:42,B,1059.5,1,17
2021-06-17 11:28:47,S,1061.2,1,7
2021-06-17 11:28:47,S,1061.4,2,2
2021-06-17 11:28:47,S,1061.45,3,5
2021-06-17 11:28:47,S,1061.5,4,23
2021-06-17 11:28:47,S,1061.55,3,16
2021-06-17 11:28:47,B,1059.95,1,1
2021-06-17 11:28:47,B,1059.9,1,9
2021-06-17 11:28:47,B,1059.6,1,2
2021-06-17 11:28:47,B,1059.55,3,11
2021-06-17 11:28:47,B,1059.5,1,17
2021-06-17 11:28:51,S,1061.05,1,49
2021-06-17 11:28:51,S,1061.2,2,8
2021-06-17 11:28:51,S,1061.35,1,12
2021-06-17 11:28:51,S,1061.4,2,2
2021-06-17 11:28:51,S,1061.45,4,8
2021-06-17 11:28:51,B,1059.8,2,8
2021-06-17 11:28:51,B,1059.75,1,9
2021-06-17 11:28:51,B,1059.65,1,7
2021-06-17 11:28:51,B,1059.6,1,2
2021-06-17 11:28:51,B,1059.55,3,11
2021-06-17 11:28:53,S,1061.05,1,49
2021-06-17 11:28:53,S,1061.2,2,8
2021-06-17 11:28:53,S,1061.35,1,12
2021-06-17 11:28:53,S,1061.4,2,2
2021-06-17 11:28:53,S,1061.45,4,8
2021-06-17 11:28:53,B,1059.8,2,8
2021-06-17 11:28:53,B,1059.75,1,9
2021-06-17 11:28:53,B,1059.65,1,7
2021-06-17 11:28:53,B,1059.6,1,2
2021-06-17 11:28:53,B,1059.55,3,11
2021-06-17 11:28:54,S,1061.05,1,9
2021-06-17 11:28:54,S,1061.2,1,7
2021-06-17 11:28:54,S,1061.4,2,2
2021-06-17 11:28:54,S,1061.45,3,5
2021-06-17 11:28:54,S,1061.5,4,23
2021-06-17 11:28:54,B,1059.9,1,1
2021-06-17 11:28:54,B,1059.85,1,10
2021-06-17 11:28:54,B,1059.8,1,7
2021-06-17 11:28:54,B,1059.65,2,16
2021-06-17 11:28:54,B,1059.6,1,2
2021-06-17 11:28:55,S,1061.05,1,9
2021-06-17 11:28:55,S,1061.2,1,7
2021-06-17 11:28:55,S,1061.4,2,2
2021-06-17 11:28:55,S,1061.45,3,5
2021-06-17 11:28:55,S,1061.5,4,23
2021-06-17 11:28:55,B,1059.9,1,1
2021-06-17 11:28:55,B,1059.85,1,10
2021-06-17 11:28:55,B,1059.8,1,7
2021-06-17 11:28:55,B,1059.65,2,16
2021-06-17 11:28:55,B,1059.6,1,2
2021-06-17 11:28:57,S,1061.05,1,9
2021-06-17 11:28:57,S,1061.2,1,7
2021-06-17 11:28:57,S,1061.4,2,2
2021-06-17 11:28:57,S,1061.45,3,5
2021-06-17 11:28:57,S,1061.5,2,8
2021-06-17 11:28:57,B,1059.9,1,1
2021-06-17 11:28:57,B,1059.85,1,10
2021-06-17 11:28:57,B,1059.8,1,7
2021-06-17 11:28:57,B,1059.65,2,16
2021-06-17 11:28:57,B,1059.6,2,5
2021-06-17 11:29:03,S,1061.1,1,9
2021-06-17 11:29:03,S,1061.2,1,7
2021-06-17 11:29:03,S,1061.4,2,2
2021-06-17 11:29:03,S,1061.45,3,5
2021-06-17 11:29:03,S,1061.5,2,8
2021-06-17 11:29:03,B,1059.9,1,1
2021-06-17 11:29:03,B,1059.85,1,10
2021-06-17 11:29:03,B,1059.8,1,7
2021-06-17 11:29:03,B,1059.65,2,16
2021-06-17 11:29:03,B,1059.6,2,5
2021-06-17 11:29:07,S,1061.1,1,9
2021-06-17 11:29:07,S,1061.2,1,7
2021-06-17 11:29:07,S,1061.4,2,2
2021-06-17 11:29:07,S,1061.45,3,5
2021-06-17 11:29:07,S,1061.5,2,8
2021-06-17 11:29:07,B,1059.9,1,1
2021-06-17 11:29:07,B,1059.85,1,10
2021-06-17 11:29:07,B,1059.8,1,7
2021-06-17 11:29:07,B,1059.65,2,16
2021-06-17 11:29:07,B,1059.6,2,5
2021-06-17 11:29:09,S,1061.1,1,9
2021-06-17 11:29:09,S,1061.2,1,7
2021-06-17 11:29:09,S,1061.4,2,2
2021-06-17 11:29:09,S,1061.45,3,5
2021-06-17 11:29:09,S,1061.5,2,8
2021-06-17 11:29:09,B,1059.9,1,1
2021-06-17 11:29:09,B,1059.85,1,10
2021-06-17 11:29:09,B,1059.8,1,7
2021-06-17 11:29:09,B,1059.65,2,16
2021-06-17 11:29:09,B,1059.6,2,5
2021-06-17 11:29:10,S,1061.1,1,7
2021-06-17 11:29:10,S,1061.2,1,7
2021-06-17 11:29:10,S,1061.4,2,2
2021-06-17 11:29:10,S,1061.45,3,5
2021-06-17 11:29:10,S,1061.5,2,8
2021-06-17 11:29:10,B,1059.9,1,1
2021-06-17 11:29:10,B,1059.85,1,10
2021-06-17 11:29:10,B,1059.8,1,7
2021-06-17 11:29:10,B,1059.65,1,7
2021-06-17 11:29:10,B,1059.6,2,5
2021-06-17 11:29:15,S,1061.2,1,7
2021-06-17 11:29:15,S,1061.3,1,7
2021-06-17 11:29:15,S,1061.4,2,2
2021-06-17 11:29:15,S,1061.45,3,5
2021-06-17 11:29:15,S,1061.5,2,8
2021-06-17 11:29:15,B,1060.1,1,1
2021-06-17 11:29:15,B,1060.05,1,10
2021-06-17 11:29:15,B,1059.9,2,9
2021-06-17 11:29:15,B,1059.8,1,7
2021-06-17 11:29:15,B,1059.65,1,7
2021-06-17 11:29:17,S,1061.2,1,7
2021-06-17 11:29:17,S,1061.3,1,7
2021-06-17 11:29:17,S,1061.4,2,2
2021-06-17 11:29:17,S,1061.45,3,5
2021-06-17 11:29:17,S,1061.5,2,8
2021-06-17 11:29:17,B,1060.1,1,1
2021-06-17 11:29:17,B,1060.05,1,10
2021-06-17 11:29:17,B,1059.9,2,9
2021-06-17 11:29:17,B,1059.8,1,7
2021-06-17 11:29:17,B,1059.65,1,7
2021-06-17 11:29:18,S,1061.2,1,7
2021-06-17 11:29:18,S,1061.3,1,7
2021-06-17 11:29:18,S,1061.4,2,2
2021-06-17 11:29:18,S,1061.45,3,5
2021-06-17 11:29:18,S,1061.5,2,8
2021-06-17 11:29:18,B,1060.1,1,1
2021-06-17 11:29:18,B,1060.05,1,10
2021-06-17 11:29:18,B,1059.9,2,9
2021-06-17 11:29:18,B,1059.8,1,7
2021-06-17 11:29:18,B,1059.65,1,7
2021-06-17 11:29:20,S,1061.2,1,7
2021-06-17 11:29:20,S,1061.3,1,7
2021-06-17 11:29:20,S,1061.4,2,2
2021-06-17 11:29:20,S,1061.45,3,5
2021-06-17 11:29:20,S,1061.5,2,8
2021-06-17 11:29:20,B,1060.1,1,1
2021-06-17 11:29:20,B,1060.05,1,10
2021-06-17 11:29:20,B,1059.9,2,9
2021-06-17 11:29:20,B,1059.8,1,7
2021-06-17 11:29:20,B,1059.65,1,7
2021-06-17 11:29:24,S,1061.2,1,7
2021-06-17 11:29:24,S,1061.3,1,7
2021-06-17 11:29:24,S,1061.4,1,1
2021-06-17 11:29:24,S,1061.45,3,5
2021-06-17 11:29:24,S,1061.5,2,8
2021-06-17 11:29:24,B,1060.1,1,1
2021-06-17 11:29:24,B,1060.05,1,10
2021-06-17 11:29:24,B,1059.9,2,9
2021-06-17 11:29:24,B,1059.8,1,7
2021-06-17 11:29:24,B,1059.65,1,7
2021-06-17 11:29:30,S,1061.2,1,7
2021-06-17 11:29:30,S,1061.3,1,7
2021-06-17 11:29:30,S,1061.4,1,1
2021-06-17 11:29:30,S,1061.45,3,5
2021-06-17 11:29:30,S,1061.5,2,8
2021-06-17 11:29:30,B,1060.1,1,1
2021-06-17 11:29:30,B,1060.05,1,10
2021-06-17 11:29:30,B,1059.9,2,9
2021-06-17 11:29:30,B,1059.8,1,7
2021-06-17 11:29:30,B,1059.65,1,7
2021-06-17 11:29:30,S,1061.2,1,7
2021-06-17 11:29:30,S,1061.3,1,7
2021-06-17 11:29:30,S,1061.4,1,1
2021-06-17 11:29:30,S,1061.45,3,5
2021-06-17 11:29:30,S,1061.5,2,8
2021-06-17 11:29:30,B,1060.1,1,1
2021-06-17 11:29:30,B,1060.05,1,10
2021-06-17 11:29:30,B,1059.9,2,9
2021-06-17 11:29:30,B,1059.8,1,7
2021-06-17 11:29:30,B,1059.65,1,7
2021-06-17 11:29:31,S,1060.0,1,49
2021-06-17 11:29:31,S,1060.2,3,13
2021-06-17 11:29:31,S,1060.6,1,3
2021-06-17 11:29:31,S,1060.7,2,23
2021-06-17 11:29:31,S,1060.75,3,21
2021-06-17 11:29:31,B,1059.05,1,1
2021-06-17 11:29:31,B,1059.0,3,61
2021-06-17 11:29:31,B,1058.6,1,2
2021-06-17 11:29:31,B,1058.5,1,50
2021-06-17 11:29:31,B,1058.45,1,9
2021-06-17 11:29:33,S,1060.0,1,49
2021-06-17 11:29:33,S,1060.2,3,13
2021-06-17 11:29:33,S,1060.6,1,3
2021-06-17 11:29:33,S,1060.7,2,23
2021-06-17 11:29:33,S,1060.75,3,21
2021-06-17 11:29:33,B,1059.05,1,1
2021-06-17 11:29:33,B,1059.0,3,61
2021-06-17 11:29:33,B,1058.6,1,2
2021-06-17 11:29:33,B,1058.5,1,50
2021-06-17 11:29:33,B,1058.45,1,9
2021-06-17 11:29:34,S,1060.0,1,49
2021-06-17 11:29:34,S,1060.2,3,13
2021-06-17 11:29:34,S,1060.6,1,3
2021-06-17 11:29:34,S,1060.7,2,23
2021-06-17 11:29:34,S,1060.75,3,21
2021-06-17 11:29:34,B,1059.05,1,1
2021-06-17 11:29:34,B,1059.0,3,61
2021-06-17 11:29:34,B,1058.6,1,2
2021-06-17 11:29:34,B,1058.5,1,50
2021-06-17 11:29:34,B,1058.45,1,9
2021-06-17 11:29:36,S,1060.0,1,39
2021-06-17 11:29:36,S,1060.2,2,10
2021-06-17 11:29:36,S,1060.65,1,3
2021-06-17 11:29:36,S,1060.7,1,11
2021-06-17 11:29:36,S,1060.75,3,21
2021-06-17 11:29:36,B,1059.05,1,1
2021-06-17 11:29:36,B,1059.0,3,61
2021-06-17 11:29:36,B,1058.6,1,2
2021-06-17 11:29:36,B,1058.5,1,50
2021-06-17 11:29:36,B,1058.35,1,5
2021-06-17 11:29:39,S,1060.0,1,39
2021-06-17 11:29:39,S,1060.15,2,4
2021-06-17 11:29:39,S,1060.2,2,10
2021-06-17 11:29:39,S,1060.65,1,3
2021-06-17 11:29:39,S,1060.7,1,11
2021-06-17 11:29:39,B,1059.05,1,1
2021-06-17 11:29:39,B,1059.0,3,61
2021-06-17 11:29:39,B,1058.6,1,2
2021-06-17 11:29:39,B,1058.5,1,50
2021-06-17 11:29:39,B,1058.35,1,5
2021-06-17 11:29:45,S,1060.0,1,37
2021-06-17 11:29:45,S,1060.2,2,10
2021-06-17 11:29:45,S,1060.65,1,3
2021-06-17 11:29:45,S,1060.7,1,11
2021-06-17 11:29:45,S,1060.75,3,21
2021-06-17 11:29:45,B,1059.05,1,1
2021-06-17 11:29:45,B,1059.0,3,61
2021-06-17 11:29:45,B,1058.6,1,2
2021-06-17 11:29:45,B,1058.5,1,50
2021-06-17 11:29:45,B,1058.35,1,5
2021-06-17 11:29:51,S,1060.0,1,37
2021-06-17 11:29:51,S,1060.15,1,3
2021-06-17 11:29:51,S,1060.4,1,10
2021-06-17 11:29:51,S,1060.65,1,3
2021-06-17 11:29:51,S,1060.7,1,11
2021-06-17 11:29:51,B,1059.05,1,1
2021-06-17 11:29:51,B,1059.0,3,61
2021-06-17 11:29:51,B,1058.6,1,2
2021-06-17 11:29:51,B,1058.5,1,50
2021-06-17 11:29:51,B,1058.35,1,5
2021-06-17 11:29:54,S,1060.4,2,11
2021-06-17 11:29:54,S,1060.65,1,3
2021-06-17 11:29:54,S,1060.7,1,11
2021-06-17 11:29:54,S,1060.75,3,21
2021-06-17 11:29:54,S,1060.95,1,12
2021-06-17 11:29:54,B,1059.05,2,5
2021-06-17 11:29:54,B,1059.0,3,61
2021-06-17 11:29:54,B,1058.6,1,2
2021-06-17 11:29:54,B,1058.5,1,50
2021-06-17 11:29:54,B,1058.35,1,5
2021-06-17 11:30:13,S,1060.4,1,10
2021-06-17 11:30:13,S,1060.65,1,3
2021-06-17 11:30:13,S,1060.7,1,11
2021-06-17 11:30:13,S,1060.75,3,21
2021-06-17 11:30:13,S,1060.95,1,12
2021-06-17 11:30:13,B,1059.05,2,5
2021-06-17 11:30:13,B,1059.0,3,61
2021-06-17 11:30:13,B,1058.6,1,2
2021-06-17 11:30:13,B,1058.5,1,50
2021-06-17 11:30:13,B,1058.35,1,5
2021-06-17 11:30:16,S,1060.4,1,10
2021-06-17 11:30:16,S,1060.65,1,3
2021-06-17 11:30:16,S,1060.7,1,11
2021-06-17 11:30:16,S,1060.75,3,21
2021-06-17 11:30:16,S,1060.95,1,12
2021-06-17 11:30:16,B,1059.05,2,5
2021-06-17 11:30:16,B,1059.0,3,61
2021-06-17 11:30:16,B,1058.6,1,2
2021-06-17 11:30:16,B,1058.5,1,50
2021-06-17 11:30:16,B,1058.35,1,5
2021-06-17 11:30:18,S,1060.0,1,18
2021-06-17 11:30:18,S,1061.0,1,5
2021-06-17 11:30:18,S,1061.1,1,5
2021-06-17 11:30:18,S,1061.35,1,5
2021-06-17 11:30:18,S,1061.4,2,2
2021-06-17 11:30:18,B,1059.45,1,1
2021-06-17 11:30:18,B,1059.4,2,5
2021-06-17 11:30:18,B,1059.35,2,5
2021-06-17 11:30:18,B,1059.3,2,5
2021-06-17 11:30:18,B,1059.25,2,7
2021-06-17 11:30:27,S,1060.0,1,18
2021-06-17 11:30:27,S,1061.0,1,5
2021-06-17 11:30:27,S,1061.1,1,5
2021-06-17 11:30:27,S,1061.35,1,5
2021-06-17 11:30:27,S,1061.4,2,2
2021-06-17 11:30:27,B,1059.45,1,1
2021-06-17 11:30:27,B,1059.4,2,5
2021-06-17 11:30:27,B,1059.35,2,5
2021-06-17 11:30:27,B,1059.3,2,5
2021-06-17 11:30:27,B,1059.25,2,7
2021-06-17 11:30:27,S,1060.0,1,11
2021-06-17 11:30:27,S,1061.0,1,5
2021-06-17 11:30:27,S,1061.1,1,3
2021-06-17 11:30:27,S,1061.15,1,7
2021-06-17 11:30:27,S,1061.2,1,7
2021-06-17 11:30:27,B,1059.45,1,1
2021-06-17 11:30:27,B,1059.4,2,5
2021-06-17 11:30:27,B,1059.35,2,5
2021-06-17 11:30:27,B,1059.3,2,5
2021-06-17 11:30:27,B,1059.25,2,7
2021-06-17 11:30:33,S,1060.0,1,11
2021-06-17 11:30:33,S,1061.0,1,5
2021-06-17 11:30:33,S,1061.1,1,3
2021-06-17 11:30:33,S,1061.15,1,7
2021-06-17 11:30:33,S,1061.2,1,7
2021-06-17 11:30:33,B,1059.45,1,1
2021-06-17 11:30:33,B,1059.4,2,5
2021-06-17 11:30:33,B,1059.35,2,5
2021-06-17 11:30:33,B,1059.3,2,5
2021-06-17 11:30:33,B,1059.25,2,7
2021-06-17 11:30:33,S,1060.0,1,11
2021-06-17 11:30:33,S,1061.0,1,5
2021-06-17 11:30:33,S,1061.1,1,3
2021-06-17 11:30:33,S,1061.15,1,7
2021-06-17 11:30:33,S,1061.2,1,7
2021-06-17 11:30:33,B,1059.45,1,1
2021-06-17 11:30:33,B,1059.4,2,5
2021-06-17 11:30:33,B,1059.35,2,5
2021-06-17 11:30:33,B,1059.3,2,5
2021-06-17 11:30:33,B,1059.25,2,7
2021-06-17 11:30:34,S,1060.0,1,26
2021-06-17 11:30:34,S,1060.75,1,3
2021-06-17 11:30:34,S,1061.0,1,5
2021-06-17 11:30:34,S,1061.05,2,17
2021-06-17 11:30:34,S,1061.1,1,3
2021-06-17 11:30:34,B,1059.4,1,4
2021-06-17 11:30:34,B,1059.35,1,4
2021-06-17 11:30:34,B,1059.3,2,5
2021-06-17 11:30:34,B,1059.25,1,4
2021-06-17 11:30:34,B,1059.2,2,10
2021-06-17 11:30:34,S,1060.0,1,26
2021-06-17 11:30:34,S,1060.75,1,3
2021-06-17 11:30:34,S,1061.0,1,5
2021-06-17 11:30:34,S,1061.05,2,17
2021-06-17 11:30:34,S,1061.1,1,3
2021-06-17 11:30:34,B,1059.4,1,4
2021-06-17 11:30:34,B,1059.35,1,4
2021-06-17 11:30:34,B,1059.3,2,5
2021-06-17 11:30:34,B,1059.25,1,4
2021-06-17 11:30:34,B,1059.2,2,10
2021-06-17 11:30:35,S,1060.0,2,43
2021-06-17 11:30:35,S,1060.7,2,17
2021-06-17 11:30:35,S,1060.75,2,18
2021-06-17 11:30:35,S,1061.0,2,8
2021-06-17 11:30:35,S,1061.05,1,12
2021-06-17 11:30:35,B,1059.05,1,1
2021-06-17 11:30:35,B,1059.0,1,9
2021-06-17 11:30:35,B,1058.5,1,50
2021-06-17 11:30:35,B,1058.3,1,10
2021-06-17 11:30:35,B,1058.1,1,5
2021-06-17 11:30:36,S,1060.0,2,43
2021-06-17 11:30:36,S,1060.7,2,17
2021-06-17 11:30:36,S,1060.75,2,18
2021-06-17 11:30:36,S,1061.0,2,8
2021-06-17 11:30:36,S,1061.05,1,12
2021-06-17 11:30:36,B,1059.05,1,1
2021-06-17 11:30:36,B,1059.0,1,9
2021-06-17 11:30:36,B,1058.5,1,50
2021-06-17 11:30:36,B,1058.3,1,10
2021-06-17 11:30:36,B,1058.1,1,5
2021-06-17 11:30:37,S,1059.0,1,16
2021-06-17 11:30:37,S,1059.9,1,4
2021-06-17 11:30:37,S,1059.95,1,4
2021-06-17 11:30:37,S,1060.0,4,71
2021-06-17 11:30:37,S,1060.35,1,11
2021-06-17 11:30:37,B,1058.55,1,1
2021-06-17 11:30:37,B,1058.5,1,50
2021-06-17 11:30:37,B,1058.0,2,6
2021-06-17 11:30:37,B,1057.7,1,5
2021-06-17 11:30:37,B,1057.45,3,24
2021-06-17 11:30:38,S,1059.0,1,16
2021-06-17 11:30:38,S,1059.45,1,10
2021-06-17 11:30:38,S,1059.55,1,3
2021-06-17 11:30:38,S,1059.85,1,6
2021-06-17 11:30:38,S,1059.9,1,4
2021-06-17 11:30:38,B,1058.55,1,1
2021-06-17 11:30:38,B,1058.5,1,50
2021-06-17 11:30:38,B,1058.0,2,6
2021-06-17 11:30:38,B,1057.45,3,24
2021-06-17 11:30:38,B,1057.25,1,5
2021-06-17 11:30:41,S,1059.0,1,16
2021-06-17 11:30:41,S,1059.45,1,10
2021-06-17 11:30:41,S,1059.55,1,3
2021-06-17 11:30:41,S,1059.85,1,6
2021-06-17 11:30:41,S,1059.9,1,4
2021-06-17 11:30:41,B,1058.55,1,1
2021-06-17 11:30:41,B,1058.5,1,50
2021-06-17 11:30:41,B,1058.0,2,6
2021-06-17 11:30:41,B,1057.45,3,24
2021-06-17 11:30:41,B,1057.25,1,5
2021-06-17 11:30:42,S,1058.0,1,19
2021-06-17 11:30:42,S,1058.45,1,1
2021-06-17 11:30:42,S,1058.5,1,9
2021-06-17 11:30:42,S,1058.95,1,12
2021-06-17 11:30:42,S,1059.0,1,5
2021-06-17 11:30:42,B,1057.2,2,6
2021-06-17 11:30:42,B,1057.1,2,3
2021-06-17 11:30:42,B,1057.0,4,30
2021-06-17 11:30:42,B,1056.65,1,5
2021-06-17 11:30:42,B,1056.6,2,19
2021-06-17 11:30:43,S,1058.0,1,19
2021-06-17 11:30:43,S,1058.3,1,1
2021-06-17 11:30:43,S,1058.35,1,3
2021-06-17 11:30:43,S,1058.5,1,9
2021-06-17 11:30:43,S,1058.65,1,10
2021-06-17 11:30:43,B,1057.2,2,6
2021-06-17 11:30:43,B,1057.1,2,3
2021-06-17 11:30:43,B,1057.0,4,30
2021-06-17 11:30:43,B,1056.65,1,5
2021-06-17 11:30:43,B,1056.6,1,9
2021-06-17 11:30:47,S,1058.0,1,19
2021-06-17 11:30:47,S,1058.3,1,1
2021-06-17 11:30:47,S,1058.35,1,3
2021-06-17 11:30:47,S,1058.5,1,9
2021-06-17 11:30:47,S,1058.65,1,10
2021-06-17 11:30:47,B,1057.2,2,6
2021-06-17 11:30:47,B,1057.1,2,3
2021-06-17 11:30:47,B,1057.0,4,30
2021-06-17 11:30:47,B,1056.65,1,5
2021-06-17 11:30:47,B,1056.6,1,9
2021-06-17 11:30:48,S,1057.5,1,1
2021-06-17 11:30:48,S,1057.55,1,9
2021-06-17 11:30:48,S,1057.7,2,8
2021-06-17 11:30:48,S,1057.9,1,3
2021-06-17 11:30:48,S,1057.95,1,7
2021-06-17 11:30:48,B,1055.75,1,1
2021-06-17 11:30:48,B,1055.7,2,2
2021-06-17 11:30:48,B,1055.65,2,2
2021-06-17 11:30:48,B,1055.55,2,11
2021-06-17 11:30:48,B,1055.5,2,20
2021-06-17 11:30:50,S,1057.5,1,1
2021-06-17 11:30:50,S,1057.55,1,9
2021-06-17 11:30:50,S,1057.7,2,8
2021-06-17 11:30:50,S,1057.9,1,3
2021-06-17 11:30:50,S,1057.95,1,7
2021-06-17 11:30:50,B,1055.85,1,1
2021-06-17 11:30:50,B,1055.8,2,11
2021-06-17 11:30:50,B,1055.75,1,1
2021-06-17 11:30:50,B,1055.7,2,2
2021-06-17 11:30:50,B,1055.65,2,2
2021-06-17 11:30:52,S,1058.5,1,13
2021-06-17 11:30:52,S,1058.55,1,7
2021-06-17 11:30:52,S,1058.6,2,12
2021-06-17 11:30:52,S,1058.65,1,12
2021-06-17 11:30:52,S,1058.8,2,5
2021-06-17 11:30:52,B,1056.1,1,1
2021-06-17 11:30:52,B,1056.05,2,3
2021-06-17 11:30:52,B,1055.7,2,2
2021-06-17 11:30:52,B,1055.65,2,2
2021-06-17 11:30:52,B,1055.6,1,4
2021-06-17 11:30:54,S,1057.85,1,1
2021-06-17 11:30:54,S,1057.9,2,6
2021-06-17 11:30:54,S,1058.0,2,19
2021-06-17 11:30:54,S,1058.05,1,3
2021-06-17 11:30:54,S,1058.1,2,6
2021-06-17 11:30:54,B,1055.6,1,1
2021-06-17 11:30:54,B,1055.55,3,12
2021-06-17 11:30:54,B,1055.5,2,20
2021-06-17 11:30:54,B,1055.1,1,1
2021-06-17 11:30:54,B,1055.05,3,15
2021-06-17 11:30:54,S,1057.85,1,1
2021-06-17 11:30:54,S,1057.9,2,6
2021-06-17 11:30:54,S,1058.0,2,19
2021-06-17 11:30:54,S,1058.05,1,3
2021-06-17 11:30:54,S,1058.1,2,6
2021-06-17 11:30:54,B,1055.6,1,1
2021-06-17 11:30:54,B,1055.55,3,12
2021-06-17 11:30:54,B,1055.5,2,20
2021-06-17 11:30:54,B,1055.1,1,1
2021-06-17 11:30:54,B,1055.05,3,15
2021-06-17 11:30:55,S,1058.45,1,5
2021-06-17 11:30:55,S,1058.55,1,11
2021-06-17 11:30:55,S,1058.6,1,7
2021-06-17 11:30:55,S,1058.65,1,5
2021-06-17 11:30:55,S,1058.75,2,10
2021-06-17 11:30:55,B,1056.1,1,1
2021-06-17 11:30:55,B,1056.05,2,13
2021-06-17 11:30:55,B,1055.75,1,10
2021-06-17 11:30:55,B,1055.7,1,2
2021-06-17 11:30:55,B,1055.65,2,4
2021-06-17 11:30:56,S,1058.45,1,5
2021-06-17 11:30:56,S,1058.55,1,11
2021-06-17 11:30:56,S,1058.6,1,7
2021-06-17 11:30:56,S,1058.65,1,5
2021-06-17 11:30:56,S,1058.75,2,10
2021-06-17 11:30:56,B,1056.1,1,1
2021-06-17 11:30:56,B,1056.05,2,13
2021-06-17 11:30:56,B,1055.75,1,10
2021-06-17 11:30:56,B,1055.7,1,2
2021-06-17 11:30:56,B,1055.65,2,4
2021-06-17 11:30:57,S,1057.85,1,1
2021-06-17 11:30:57,S,1057.9,1,7
2021-06-17 11:30:57,S,1058.0,1,5
2021-06-17 11:30:57,S,1058.1,1,7
2021-06-17 11:30:57,S,1058.15,1,7
2021-06-17 11:30:57,B,1055.7,1,1
2021-06-17 11:30:57,B,1055.65,2,11
2021-06-17 11:30:57,B,1055.55,2,11
2021-06-17 11:30:57,B,1055.5,2,20
2021-06-17 11:30:57,B,1055.45,1,11
2021-06-17 11:30:59,S,1057.7,1,1
2021-06-17 11:30:59,S,1057.75,1,5
2021-06-17 11:30:59,S,1057.9,1,7
2021-06-17 11:30:59,S,1057.95,1,5
2021-06-17 11:30:59,S,1058.1,1,7
2021-06-17 11:30:59,B,1055.7,2,11
2021-06-17 11:30:59,B,1055.65,2,6
2021-06-17 11:30:59,B,1055.6,1,7
2021-06-17 11:30:59,B,1055.55,2,11
2021-06-17 11:30:59,B,1055.5,2,20
2021-06-17 11:31:00,S,1057.7,1,1
2021-06-17 11:31:00,S,1057.75,1,5
2021-06-17 11:31:00,S,1057.9,1,7
2021-06-17 11:31:00,S,1057.95,1,5
2021-06-17 11:31:00,S,1058.1,1,7
2021-06-17 11:31:00,B,1055.7,2,11
2021-06-17 11:31:00,B,1055.65,2,6
2021-06-17 11:31:00,B,1055.6,1,7
2021-06-17 11:31:00,B,1055.55,2,11
2021-06-17 11:31:00,B,1055.5,2,20
2021-06-17 11:31:01,S,1056.65,3,12
2021-06-17 11:31:01,S,1057.05,2,4
2021-06-17 11:31:01,S,1057.1,2,8
2021-06-17 11:31:01,S,1057.3,1,5
2021-06-17 11:31:01,S,1057.35,1,7
2021-06-17 11:31:01,B,1055.1,1,1
2021-06-17 11:31:01,B,1055.05,3,15
2021-06-17 11:31:01,B,1055.0,21,569
2021-06-17 11:31:01,B,1054.7,1,5
2021-06-17 11:31:01,B,1054.55,2,74
2021-06-17 11:31:03,S,1056.65,3,12
2021-06-17 11:31:03,S,1057.05,2,4
2021-06-17 11:31:03,S,1057.1,2,8
2021-06-17 11:31:03,S,1057.3,1,5
2021-06-17 11:31:03,S,1057.35,1,7
2021-06-17 11:31:03,B,1055.15,1,10
2021-06-17 11:31:03,B,1055.1,1,1
2021-06-17 11:31:03,B,1055.05,3,15
2021-06-17 11:31:03,B,1055.0,22,574
2021-06-17 11:31:03,B,1054.85,1,2
2021-06-17 11:31:05,S,1056.65,3,12
2021-06-17 11:31:05,S,1057.05,2,4
2021-06-17 11:31:05,S,1057.1,2,8
2021-06-17 11:31:05,S,1057.3,1,5
2021-06-17 11:31:05,S,1057.35,1,7
2021-06-17 11:31:05,B,1055.15,1,10
2021-06-17 11:31:05,B,1055.1,1,1
2021-06-17 11:31:05,B,1055.05,3,15
2021-06-17 11:31:05,B,1055.0,22,574
2021-06-17 11:31:05,B,1054.85,1,2
2021-06-17 11:31:07,S,1056.65,3,12
2021-06-17 11:31:07,S,1057.05,2,4
2021-06-17 11:31:07,S,1057.1,2,8
2021-06-17 11:31:07,S,1057.3,1,5
2021-06-17 11:31:07,S,1057.35,1,7
2021-06-17 11:31:07,B,1055.15,1,10
2021-06-17 11:31:07,B,1055.1,1,1
2021-06-17 11:31:07,B,1055.05,3,15
2021-06-17 11:31:07,B,1055.0,22,574
2021-06-17 11:31:07,B,1054.85,1,2
2021-06-17 11:31:09,S,1056.95,3,9
2021-06-17 11:31:09,S,1057.0,1,7
2021-06-17 11:31:09,S,1057.05,2,4
2021-06-17 11:31:09,S,1057.1,2,8
2021-06-17 11:31:09,S,1057.15,1,9
2021-06-17 11:31:09,B,1055.55,1,1
2021-06-17 11:31:09,B,1055.5,1,9
2021-06-17 11:31:09,B,1055.3,1,2
2021-06-17 11:31:09,B,1055.1,1,1
2021-06-17 11:31:09,B,1055.05,3,15
2021-06-17 11:31:10,S,1056.95,3,9
2021-06-17 11:31:10,S,1057.0,1,7
2021-06-17 11:31:10,S,1057.05,2,4
2021-06-17 11:31:10,S,1057.1,2,8
2021-06-17 11:31:10,S,1057.15,1,9
2021-06-17 11:31:10,B,1055.55,1,1
2021-06-17 11:31:10,B,1055.5,1,9
2021-06-17 11:31:10,B,1055.3,1,2
2021-06-17 11:31:10,B,1055.1,1,1
2021-06-17 11:31:10,B,1055.05,3,15
2021-06-17 11:31:12,S,1056.85,2,2
2021-06-17 11:31:12,S,1056.9,1,10
2021-06-17 11:31:12,S,1056.95,2,8
2021-06-17 11:31:12,S,1057.0,1,7
2021-06-17 11:31:12,S,1057.05,2,4
2021-06-17 11:31:12,B,1055.55,1,1
2021-06-17 11:31:12,B,1055.5,1,9
2021-06-17 11:31:12,B,1055.3,1,2
2021-06-17 11:31:12,B,1055.1,1,1
2021-06-17 11:31:12,B,1055.05,3,15
2021-06-17 11:31:13,S,1056.85,2,2
2021-06-17 11:31:13,S,1056.9,1,10
2021-06-17 11:31:13,S,1056.95,2,8
2021-06-17 11:31:13,S,1057.0,1,7
2021-06-17 11:31:13,S,1057.05,2,4
2021-06-17 11:31:13,B,1055.55,1,1
2021-06-17 11:31:13,B,1055.5,1,9
2021-06-17 11:31:13,B,1055.3,1,2
2021-06-17 11:31:13,B,1055.1,1,1
2021-06-17 11:31:13,B,1055.05,3,15
2021-06-17 11:31:18,S,1056.85,1,7
2021-06-17 11:31:18,S,1056.9,1,4
2021-06-17 11:31:18,S,1056.95,2,8
2021-06-17 11:31:18,S,1057.0,1,7
2021-06-17 11:31:18,S,1057.05,2,4
2021-06-17 11:31:18,B,1055.55,1,1
2021-06-17 11:31:18,B,1055.5,1,9
2021-06-17 11:31:18,B,1055.1,1,1
2021-06-17 11:31:18,B,1055.05,3,15
2021-06-17 11:31:18,B,1055.0,22,574
2021-06-17 11:31:20,S,1056.85,1,7
2021-06-17 11:31:20,S,1056.9,1,4
2021-06-17 11:31:20,S,1056.95,2,8
2021-06-17 11:31:20,S,1057.0,1,7
2021-06-17 11:31:20,S,1057.05,2,4
2021-06-17 11:31:20,B,1055.55,1,1
2021-06-17 11:31:20,B,1055.5,1,9
2021-06-17 11:31:20,B,1055.1,1,1
2021-06-17 11:31:20,B,1055.05,3,15
2021-06-17 11:31:20,B,1055.0,22,574
2021-06-17 11:31:21,S,1057.2,1,1
2021-06-17 11:31:21,S,1057.3,1,5
2021-06-17 11:31:21,S,1057.35,1,7
2021-06-17 11:31:21,S,1057.4,1,7
2021-06-17 11:31:21,S,1057.6,1,3
2021-06-17 11:31:21,B,1055.9,1,1
2021-06-17 11:31:21,B,1055.85,1,10
2021-06-17 11:31:21,B,1055.75,1,9
2021-06-17 11:31:21,B,1055.6,1,5
2021-06-17 11:31:21,B,1055.55,1,1
2021-06-17 11:31:23,S,1057.4,2,8
2021-06-17 11:31:23,S,1057.85,1,10
2021-06-17 11:31:23,S,1058.0,1,12
2021-06-17 11:31:23,S,1058.05,2,14
2021-06-17 11:31:23,S,1058.1,1,7
2021-06-17 11:31:23,B,1055.9,1,1
2021-06-17 11:31:23,B,1055.85,1,10
2021-06-17 11:31:23,B,1055.75,1,9
2021-06-17 11:31:23,B,1055.6,1,5
2021-06-17 11:31:23,B,1055.55,1,1
2021-06-17 11:31:25,S,1057.7,2,10
2021-06-17 11:31:25,S,1057.9,1,3
2021-06-17 11:31:25,S,1057.95,2,8
2021-06-17 11:31:25,S,1058.0,2,24
2021-06-17 11:31:25,S,1058.05,2,14
2021-06-17 11:31:25,B,1055.95,2,8
2021-06-17 11:31:25,B,1055.9,1,7
2021-06-17 11:31:25,B,1055.8,1,9
2021-06-17 11:31:25,B,1055.6,1,5
2021-06-17 11:31:25,B,1055.55,1,1
2021-06-17 11:31:25,S,1057.7,2,10
2021-06-17 11:31:25,S,1057.9,1,3
2021-06-17 11:31:25,S,1057.95,2,8
2021-06-17 11:31:25,S,1058.0,2,24
2021-06-17 11:31:25,S,1058.05,2,14
2021-06-17 11:31:25,B,1055.95,2,8
2021-06-17 11:31:25,B,1055.9,1,7
2021-06-17 11:31:25,B,1055.8,1,9
2021-06-17 11:31:25,B,1055.6,1,5
2021-06-17 11:31:25,B,1055.55,1,1
2021-06-17 11:31:27,S,1057.9,1,3
2021-06-17 11:31:27,S,1057.95,2,8
2021-06-17 11:31:27,S,1058.0,1,12
2021-06-17 11:31:27,S,1058.05,2,14
2021-06-17 11:31:27,S,1058.1,1,7
2021-06-17 11:31:27,B,1056.05,1,1
2021-06-17 11:31:27,B,1056.0,1,9
2021-06-17 11:31:27,B,1055.9,1,7
2021-06-17 11:31:27,B,1055.8,1,2
2021-06-17 11:31:27,B,1055.6,1,5
2021-06-17 11:31:28,S,1059.05,2,9
2021-06-17 11:31:28,S,1059.1,1,5
2021-06-17 11:31:28,S,1059.35,1,4
2021-06-17 11:31:28,S,1059.4,1,1
2021-06-17 11:31:28,S,1059.45,1,7
2021-06-17 11:31:28,B,1057.0,1,1
2021-06-17 11:31:28,B,1056.95,1,1
2021-06-17 11:31:28,B,1056.8,1,2
2021-06-17 11:31:28,B,1056.4,1,2
2021-06-17 11:31:28,B,1056.25,2,5
2021-06-17 11:31:30,S,1059.0,2,2
2021-06-17 11:31:30,S,1059.05,2,9
2021-06-17 11:31:30,S,1059.35,1,4
2021-06-17 11:31:30,S,1059.4,2,4
2021-06-17 11:31:30,S,1059.45,1,7
2021-06-17 11:31:30,B,1057.0,1,1
2021-06-17 11:31:30,B,1056.95,1,1
2021-06-17 11:31:30,B,1056.8,2,3
2021-06-17 11:31:30,B,1056.7,1,1
2021-06-17 11:31:30,B,1056.5,1,1
2021-06-17 11:31:31,S,1058.75,1,10
2021-06-17 11:31:31,S,1058.8,1,1
2021-06-17 11:31:31,S,1058.85,1,5
2021-06-17 11:31:31,S,1059.05,2,9
2021-06-17 11:31:31,S,1059.25,1,12
2021-06-17 11:31:31,B,1057.0,1,1
2021-06-17 11:31:31,B,1056.95,1,1
2021-06-17 11:31:31,B,1056.8,1,2
2021-06-17 11:31:31,B,1056.7,1,1
2021-06-17 11:31:31,B,1056.5,1,1
2021-06-17 11:31:33,S,1058.75,1,10
2021-06-17 11:31:33,S,1058.8,1,1
2021-06-17 11:31:33,S,1059.05,2,9
2021-06-17 11:31:33,S,1059.25,1,12
2021-06-17 11:31:33,S,1059.3,1,5
2021-06-17 11:31:33,B,1057.0,2,11
2021-06-17 11:31:33,B,1056.95,1,1
2021-06-17 11:31:33,B,1056.8,2,3
2021-06-17 11:31:33,B,1056.7,1,1
2021-06-17 11:31:33,B,1056.5,1,1
2021-06-17 11:31:36,S,1058.5,1,10
2021-06-17 11:31:36,S,1058.85,1,7
2021-06-17 11:31:36,S,1058.9,1,2
2021-06-17 11:31:36,S,1058.95,1,3
2021-06-17 11:31:36,S,1059.05,2,9
2021-06-17 11:31:36,B,1057.0,2,11
2021-06-17 11:31:36,B,1056.95,1,1
2021-06-17 11:31:36,B,1056.8,1,2
2021-06-17 11:31:36,B,1056.7,1,1
2021-06-17 11:31:36,B,1056.5,1,1
2021-06-17 11:31:37,S,1058.2,1,1
2021-06-17 11:31:37,S,1058.25,1,9
2021-06-17 11:31:37,S,1058.55,1,1
2021-06-17 11:31:37,S,1058.65,1,5
2021-06-17 11:31:37,S,1058.75,1,7
2021-06-17 11:31:37,B,1056.85,1,1
2021-06-17 11:31:37,B,1056.8,1,2
2021-06-17 11:31:37,B,1056.7,1,1
2021-06-17 11:31:37,B,1056.5,1,1
2021-06-17 11:31:37,B,1056.45,1,7
2021-06-17 11:31:39,S,1058.5,1,1
2021-06-17 11:31:39,S,1058.55,1,1
2021-06-17 11:31:39,S,1058.6,2,5
2021-06-17 11:31:39,S,1058.65,2,16
2021-06-17 11:31:39,S,1058.7,2,8
2021-06-17 11:31:39,B,1056.75,2,8
2021-06-17 11:31:39,B,1056.7,2,2
2021-06-17 11:31:39,B,1056.65,1,7
2021-06-17 11:31:39,B,1056.6,2,11
2021-06-17 11:31:39,B,1056.55,2,14
2021-06-17 11:31:40,S,1058.1,1,1
2021-06-17 11:31:40,S,1058.15,1,9
2021-06-17 11:31:40,S,1058.25,1,1
2021-06-17 11:31:40,S,1058.35,1,3
2021-06-17 11:31:40,S,1058.55,2,3
2021-06-17 11:31:40,B,1056.75,1,1
2021-06-17 11:31:40,B,1056.7,2,2
2021-06-17 11:31:40,B,1056.65,1,7
2021-06-17 11:31:40,B,1056.6,2,11
2021-06-17 11:31:40,B,1056.55,2,14
2021-06-17 11:31:41,S,1058.1,1,1
2021-06-17 11:31:41,S,1058.15,1,9
2021-06-17 11:31:41,S,1058.25,1,1
2021-06-17 11:31:41,S,1058.35,1,3
2021-06-17 11:31:41,S,1058.55,2,3
2021-06-17 11:31:41,B,1056.75,1,1
2021-06-17 11:31:41,B,1056.7,2,2
2021-06-17 11:31:41,B,1056.65,1,7
2021-06-17 11:31:41,B,1056.6,2,11
2021-06-17 11:31:41,B,1056.55,2,14
2021-06-17 11:31:42,S,1058.5,1,1
2021-06-17 11:31:42,S,1058.7,2,8
2021-06-17 11:31:42,S,1058.75,1,7
2021-06-17 11:31:42,S,1058.8,2,8
2021-06-17 11:31:42,S,1059.05,2,9
2021-06-17 11:31:42,B,1057.35,1,1
2021-06-17 11:31:42,B,1057.3,1,1
2021-06-17 11:31:42,B,1057.25,1,11
2021-06-17 11:31:42,B,1057.0,1,1
2021-06-17 11:31:42,B,1056.95,3,12
2021-06-17 11:31:44,S,1059.3,1,10
2021-06-17 11:31:44,S,1059.35,1,3
2021-06-17 11:31:44,S,1059.4,1,7
2021-06-17 11:31:44,S,1059.45,2,14
2021-06-17 11:31:44,S,1059.5,2,11
2021-06-17 11:31:44,B,1057.55,1,1
2021-06-17 11:31:44,B,1057.5,1,9
2021-06-17 11:31:44,B,1057.3,1,1
2021-06-17 11:31:44,B,1057.05,1,2
2021-06-17 11:31:44,B,1057.0,2,3
2021-06-17 11:31:47,S,1059.3,2,13
2021-06-17 11:31:47,S,1059.35,1,3
2021-06-17 11:31:47,S,1059.4,1,7
2021-06-17 11:31:47,S,1059.45,2,14
2021-06-17 11:31:47,S,1059.5,2,11
2021-06-17 11:31:47,B,1057.55,1,1
2021-06-17 11:31:47,B,1057.5,1,9
2021-06-17 11:31:47,B,1057.3,1,1
2021-06-17 11:31:47,B,1057.1,1,6
2021-06-17 11:31:47,B,1057.05,1,7
2021-06-17 11:31:58,S,1059.3,2,13
2021-06-17 11:31:58,S,1059.35,1,3
2021-06-17 11:31:58,S,1059.4,1,7
2021-06-17 11:31:58,S,1059.45,2,14
2021-06-17 11:31:58,S,1059.5,2,11
2021-06-17 11:31:58,B,1057.55,1,1
2021-06-17 11:31:58,B,1057.5,1,9
2021-06-17 11:31:58,B,1057.3,1,1
2021-06-17 11:31:58,B,1057.1,1,6
2021-06-17 11:31:58,B,1057.05,1,7
2021-06-17 11:32:01,S,1059.3,2,13
2021-06-17 11:32:01,S,1059.35,1,3
2021-06-17 11:32:01,S,1059.4,1,7
2021-06-17 11:32:01,S,1059.45,2,14
2021-06-17 11:32:01,S,1059.5,2,11
2021-06-17 11:32:01,B,1057.55,1,1
2021-06-17 11:32:01,B,1057.5,1,9
2021-06-17 11:32:01,B,1057.3,1,1
2021-06-17 11:32:01,B,1057.1,1,6
2021-06-17 11:32:01,B,1057.05,1,7
2021-06-17 11:32:02,S,1059.5,1,4
2021-06-17 11:32:02,S,1059.75,1,3
2021-06-17 11:32:02,S,1059.85,1,9
2021-06-17 11:32:02,S,1059.9,1,10
2021-06-17 11:32:02,S,1060.15,1,9
2021-06-17 11:32:02,B,1058.0,1,1
2021-06-17 11:32:02,B,1057.95,1,10
2021-06-17 11:32:02,B,1057.85,1,3
2021-06-17 11:32:02,B,1057.65,2,9
2021-06-17 11:32:02,B,1057.6,1,7
2021-06-17 11:32:04,S,1059.65,1,2
2021-06-17 11:32:04,S,1059.7,1,7
2021-06-17 11:32:04,S,1059.85,1,3
2021-06-17 11:32:04,S,1059.9,1,10
2021-06-17 11:32:04,S,1059.95,1,9
2021-06-17 11:32:04,B,1058.35,1,1
2021-06-17 11:32:04,B,1058.3,1,10
2021-06-17 11:32:04,B,1058.0,1,1
2021-06-17 11:32:04,B,1057.85,1,3
2021-06-17 11:32:04,B,1057.7,1,1
2021-06-17 11:32:06,S,1059.65,1,2
2021-06-17 11:32:06,S,1059.7,1,7
2021-06-17 11:32:06,S,1059.85,1,3
2021-06-17 11:32:06,S,1059.9,1,10
2021-06-17 11:32:06,S,1059.95,1,9
2021-06-17 11:32:06,B,1058.35,1,1
2021-06-17 11:32:06,B,1058.3,1,10
2021-06-17 11:32:06,B,1058.0,1,1
2021-06-17 11:32:06,B,1057.85,1,3
2021-06-17 11:32:06,B,1057.7,1,1
2021-06-17 11:32:09,S,1059.65,1,2
2021-06-17 11:32:09,S,1059.7,1,7
2021-06-17 11:32:09,S,1059.85,1,3
2021-06-17 11:32:09,S,1059.9,1,10
2021-06-17 11:32:09,S,1059.95,1,9
2021-06-17 11:32:09,B,1058.35,1,1
2021-06-17 11:32:09,B,1058.3,1,10
2021-06-17 11:32:09,B,1058.0,1,1
2021-06-17 11:32:09,B,1057.85,1,3
2021-06-17 11:32:09,B,1057.7,1,1
2021-06-17 11:32:12,S,1059.65,1,2
2021-06-17 11:32:12,S,1059.7,1,7
2021-06-17 11:32:12,S,1059.85,1,3
2021-06-17 11:32:12,S,1059.95,1,9
2021-06-17 11:32:12,S,1060.15,1,9
2021-06-17 11:32:12,B,1058.35,1,1
2021-06-17 11:32:12,B,1058.3,1,10
2021-06-17 11:32:12,B,1058.0,1,1
2021-06-17 11:32:12,B,1057.85,1,3
2021-06-17 11:32:12,B,1057.7,1,1
2021-06-17 11:32:15,S,1060.7,1,4
2021-06-17 11:32:15,S,1061.0,1,5
2021-06-17 11:32:15,S,1061.05,1,4
2021-06-17 11:32:15,S,1061.35,2,14
2021-06-17 11:32:15,S,1061.5,1,4
2021-06-17 11:32:15,B,1059.45,1,1
2021-06-17 11:32:15,B,1059.4,1,10
2021-06-17 11:32:15,B,1059.3,1,23
2021-06-17 11:32:15,B,1058.15,1,12
2021-06-17 11:32:15,B,1058.1,1,2
2021-06-17 11:32:17,S,1060.7,1,4
2021-06-17 11:32:17,S,1060.8,1,2
2021-06-17 11:32:17,S,1061.0,1,5
2021-06-17 11:32:17,S,1061.05,2,13
2021-06-17 11:32:17,S,1061.35,2,14
2021-06-17 11:32:17,B,1059.45,1,1
2021-06-17 11:32:17,B,1059.4,1,10
2021-06-17 11:32:17,B,1059.3,1,23
2021-06-17 11:32:17,B,1058.9,1,3
2021-06-17 11:32:17,B,1058.45,1,3
2021-06-17 11:32:19,S,1060.7,1,4
2021-06-17 11:32:19,S,1060.8,1,1
2021-06-17 11:32:19,S,1061.0,1,5
2021-06-17 11:32:19,S,1061.05,2,13
2021-06-17 11:32:19,S,1061.35,2,14
2021-06-17 11:32:19,B,1059.45,1,1
2021-06-17 11:32:19,B,1059.4,1,10
2021-06-17 11:32:19,B,1059.3,1,23
2021-06-17 11:32:19,B,1058.9,1,3
2021-06-17 11:32:19,B,1058.45,1,3
2021-06-17 11:32:21,S,1060.7,1,4
2021-06-17 11:32:21,S,1060.8,1,1
2021-06-17 11:32:21,S,1061.0,1,5
2021-06-17 11:32:21,S,1061.05,2,13
2021-06-17 11:32:21,S,1061.35,2,14
2021-06-17 11:32:21,B,1059.45,1,1
2021-06-17 11:32:21,B,1059.4,1,10
2021-06-17 11:32:21,B,1059.3,1,23
2021-06-17 11:32:21,B,1058.9,1,3
2021-06-17 11:32:21,B,1058.45,1,3
2021-06-17 11:32:25,S,1060.95,1,3
2021-06-17 11:32:25,S,1061.0,1,5
2021-06-17 11:32:25,S,1061.05,2,13
2021-06-17 11:32:25,S,1061.35,1,12
2021-06-17 11:32:25,S,1061.5,1,4
2021-06-17 11:32:25,B,1059.45,1,1
2021-06-17 11:32:25,B,1059.4,1,10
2021-06-17 11:32:25,B,1059.3,1,23
2021-06-17 11:32:25,B,1058.9,1,3
2021-06-17 11:32:25,B,1058.45,1,3
2021-06-17 11:32:26,S,1061.0,1,5
2021-06-17 11:32:26,S,1061.05,1,4
2021-06-17 11:32:26,S,1061.15,1,10
2021-06-17 11:32:26,S,1061.3,1,5
2021-06-17 11:32:26,S,1061.5,1,4
2021-06-17 11:32:26,B,1059.75,1,1
2021-06-17 11:32:26,B,1059.7,1,9
2021-06-17 11:32:26,B,1059.45,1,15
2021-06-17 11:32:26,B,1059.3,1,23
2021-06-17 11:32:26,B,1058.95,1,3
2021-06-17 11:32:28,S,1061.0,1,5
2021-06-17 11:32:28,S,1061.05,1,4
2021-06-17 11:32:28,S,1061.15,1,10
2021-06-17 11:32:28,S,1061.3,1,5
2021-06-17 11:32:28,S,1061.5,1,4
2021-06-17 11:32:28,B,1059.75,1,1
2021-06-17 11:32:28,B,1059.7,1,9
2021-06-17 11:32:28,B,1059.45,1,15
2021-06-17 11:32:28,B,1059.3,1,23
2021-06-17 11:32:28,B,1058.95,1,3
2021-06-17 11:32:30,S,1061.0,1,5
2021-06-17 11:32:30,S,1061.05,1,4
2021-06-17 11:32:30,S,1061.3,1,5
2021-06-17 11:32:30,S,1061.35,1,9
2021-06-17 11:32:30,S,1061.5,1,4
2021-06-17 11:32:30,B,1059.75,1,1
2021-06-17 11:32:30,B,1059.7,1,9
2021-06-17 11:32:30,B,1059.45,1,15
2021-06-17 11:32:30,B,1059.35,1,3
2021-06-17 11:32:30,B,1059.3,1,23
2021-06-17 11:32:31,S,1061.0,1,5
2021-06-17 11:32:31,S,1061.05,1,4
2021-06-17 11:32:31,S,1061.3,1,5
2021-06-17 11:32:31,S,1061.35,1,9
2021-06-17 11:32:31,S,1061.5,1,4
2021-06-17 11:32:31,B,1059.75,1,1
2021-06-17 11:32:31,B,1059.7,1,9
2021-06-17 11:32:31,B,1059.45,1,15
2021-06-17 11:32:31,B,1059.35,1,3
2021-06-17 11:32:31,B,1059.3,1,23
2021-06-17 11:32:33,S,1061.0,1,5
2021-06-17 11:32:33,S,1061.05,1,4
2021-06-17 11:32:33,S,1061.3,1,5
2021-06-17 11:32:33,S,1061.35,1,9
2021-06-17 11:32:33,S,1061.5,1,4
2021-06-17 11:32:33,B,1059.75,1,1
2021-06-17 11:32:33,B,1059.7,1,9
2021-06-17 11:32:33,B,1059.45,1,15
2021-06-17 11:32:33,B,1059.35,1,3
2021-06-17 11:32:33,B,1059.3,1,23
2021-06-17 11:32:40,S,1061.0,1,5
2021-06-17 11:32:40,S,1061.05,1,4
2021-06-17 11:32:40,S,1061.3,1,5
2021-06-17 11:32:40,S,1061.35,1,9
2021-06-17 11:32:40,S,1061.5,1,4
2021-06-17 11:32:40,B,1059.75,1,1
2021-06-17 11:32:40,B,1059.7,1,9
2021-06-17 11:32:40,B,1059.45,1,15
2021-06-17 11:32:40,B,1059.35,1,3
2021-06-17 11:32:40,B,1059.3,1,23
2021-06-17 11:32:42,S,1061.0,2,6
2021-06-17 11:32:42,S,1061.05,1,4
2021-06-17 11:32:42,S,1061.3,1,5
2021-06-17 11:32:42,S,1061.35,1,9
2021-06-17 11:32:42,S,1061.5,1,4
2021-06-17 11:32:42,B,1059.75,1,1
2021-06-17 11:32:42,B,1059.7,1,9
2021-06-17 11:32:42,B,1059.45,1,15
2021-06-17 11:32:42,B,1059.35,1,3
2021-06-17 11:32:42,B,1059.3,1,23
2021-06-17 11:32:45,S,1061.0,2,6
2021-06-17 11:32:45,S,1061.05,1,4
2021-06-17 11:32:45,S,1061.3,1,5
2021-06-17 11:32:45,S,1061.35,1,9
2021-06-17 11:32:45,S,1061.5,1,4
2021-06-17 11:32:45,B,1059.75,1,1
2021-06-17 11:32:45,B,1059.7,1,9
2021-06-17 11:32:45,B,1059.45,1,15
2021-06-17 11:32:45,B,1059.35,1,3
2021-06-17 11:32:45,B,1059.3,1,23
2021-06-17 11:32:52,S,1061.0,2,6
2021-06-17 11:32:52,S,1061.05,1,4
2021-06-17 11:32:52,S,1061.3,1,5
2021-06-17 11:32:52,S,1061.35,1,9
2021-06-17 11:32:52,S,1061.5,1,4
2021-06-17 11:32:52,B,1059.75,1,1
2021-06-17 11:32:52,B,1059.7,1,9
2021-06-17 11:32:52,B,1059.45,1,15
2021-06-17 11:32:52,B,1059.35,1,3
2021-06-17 11:32:52,B,1059.3,1,23
2021-06-17 11:33:03,S,1059.7,1,1
2021-06-17 11:33:03,S,1059.75,1,149
2021-06-17 11:33:03,S,1060.3,1,11
2021-06-17 11:33:03,S,1060.35,1,9
2021-06-17 11:33:03,S,1060.75,1,9
2021-06-17 11:33:03,B,1058.7,1,1
2021-06-17 11:33:03,B,1058.65,1,7
2021-06-17 11:33:03,B,1058.6,1,7
2021-06-17 11:33:03,B,1058.55,1,7
2021-06-17 11:33:03,B,1058.5,1,7
2021-06-17 11:33:04,S,1059.7,1,1
2021-06-17 11:33:04,S,1059.75,1,149
2021-06-17 11:33:04,S,1060.3,1,11
2021-06-17 11:33:04,S,1060.35,1,9
2021-06-17 11:33:04,S,1060.75,1,9
2021-06-17 11:33:04,B,1058.7,1,1
2021-06-17 11:33:04,B,1058.65,1,7
2021-06-17 11:33:04,B,1058.6,1,7
2021-06-17 11:33:04,B,1058.55,1,7
2021-06-17 11:33:04,B,1058.5,1,7
2021-06-17 11:33:05,S,1059.7,2,11
2021-06-17 11:33:05,S,1059.75,1,149
2021-06-17 11:33:05,S,1060.1,2,14
2021-06-17 11:33:05,S,1060.15,1,10
2021-06-17 11:33:05,S,1060.45,1,10
2021-06-17 11:33:05,B,1058.55,1,7
2021-06-17 11:33:05,B,1058.5,1,7
2021-06-17 11:33:05,B,1058.45,1,7
2021-06-17 11:33:05,B,1058.0,3,110
2021-06-17 11:33:05,B,1057.9,1,5
2021-06-17 11:33:06,S,1059.7,3,12
2021-06-17 11:33:06,S,1059.75,1,149
2021-06-17 11:33:06,S,1060.1,2,14
2021-06-17 11:33:06,S,1060.15,1,10
2021-06-17 11:33:06,S,1060.45,1,10
2021-06-17 11:33:06,B,1058.55,1,7
2021-06-17 11:33:06,B,1058.5,1,7
2021-06-17 11:33:06,B,1058.45,1,7
2021-06-17 11:33:06,B,1058.0,3,110
2021-06-17 11:33:06,B,1057.9,1,5
2021-06-17 11:33:09,S,1059.7,3,12
2021-06-17 11:33:09,S,1059.75,1,149
2021-06-17 11:33:09,S,1060.1,2,14
2021-06-17 11:33:09,S,1060.15,1,10
2021-06-17 11:33:09,S,1060.45,1,10
2021-06-17 11:33:09,B,1058.55,1,7
2021-06-17 11:33:09,B,1058.5,1,7
2021-06-17 11:33:09,B,1058.45,1,7
2021-06-17 11:33:09,B,1058.0,2,101
2021-06-17 11:33:09,B,1057.9,2,14
2021-06-17 11:33:13,S,1059.65,1,1
2021-06-17 11:33:13,S,1059.7,2,2
2021-06-17 11:33:13,S,1059.85,1,9
2021-06-17 11:33:13,S,1059.95,2,4
2021-06-17 11:33:13,S,1060.0,2,9
2021-06-17 11:33:13,B,1058.6,1,4
2021-06-17 11:33:13,B,1058.55,1,7
2021-06-17 11:33:13,B,1058.5,1,7
2021-06-17 11:33:13,B,1058.45,1,7
2021-06-17 11:33:13,B,1058.2,1,9
2021-06-17 11:33:14,S,1059.65,1,1
2021-06-17 11:33:14,S,1059.7,2,2
2021-06-17 11:33:14,S,1059.85,1,9
2021-06-17 11:33:14,S,1059.95,2,4
2021-06-17 11:33:14,S,1060.0,2,9
2021-06-17 11:33:14,B,1058.6,1,4
2021-06-17 11:33:14,B,1058.55,1,7
2021-06-17 11:33:14,B,1058.5,1,7
2021-06-17 11:33:14,B,1058.45,1,7
2021-06-17 11:33:14,B,1058.2,1,9
2021-06-17 11:33:15,S,1060.95,1,1
2021-06-17 11:33:15,S,1061.0,3,8
2021-06-17 11:33:15,S,1061.05,1,4
2021-06-17 11:33:15,S,1061.3,1,9
2021-06-17 11:33:15,S,1061.5,1,4
2021-06-17 11:33:15,B,1059.7,1,1
2021-06-17 11:33:15,B,1059.65,1,9
2021-06-17 11:33:15,B,1059.35,1,3
2021-06-17 11:33:15,B,1059.05,2,6
2021-06-17 11:33:15,B,1059.0,1,3
2021-06-17 11:33:16,S,1060.95,1,1
2021-06-17 11:33:16,S,1061.0,3,8
2021-06-17 11:33:16,S,1061.05,1,4
2021-06-17 11:33:16,S,1061.3,1,9
2021-06-17 11:33:16,S,1061.5,1,4
2021-06-17 11:33:16,B,1059.7,1,1
2021-06-17 11:33:16,B,1059.65,1,9
2021-06-17 11:33:16,B,1059.35,1,3
2021-06-17 11:33:16,B,1059.05,2,6
2021-06-17 11:33:16,B,1059.0,1,3
2021-06-17 11:33:18,S,1060.4,2,10
2021-06-17 11:33:18,S,1060.45,1,1
2021-06-17 11:33:18,S,1060.8,2,8
2021-06-17 11:33:18,S,1060.85,1,4
2021-06-17 11:33:18,S,1060.9,2,8
2021-06-17 11:33:18,B,1058.8,2,11
2021-06-17 11:33:18,B,1058.65,1,3
2021-06-17 11:33:18,B,1058.4,2,2
2021-06-17 11:33:18,B,1058.2,3,8
2021-06-17 11:33:18,B,1058.1,1,7
2021-06-17 11:33:24,S,1060.4,2,10
2021-06-17 11:33:24,S,1060.8,2,8
2021-06-17 11:33:24,S,1060.85,1,4
2021-06-17 11:33:24,S,1060.9,2,8
2021-06-17 11:33:24,S,1061.0,2,6
2021-06-17 11:33:24,B,1058.8,2,11
2021-06-17 11:33:24,B,1058.65,2,15
2021-06-17 11:33:24,B,1058.6,2,16
2021-06-17 11:33:24,B,1058.4,2,2
2021-06-17 11:33:24,B,1058.2,3,8
2021-06-17 11:33:25,S,1060.4,2,10
2021-06-17 11:33:25,S,1060.8,2,8
2021-06-17 11:33:25,S,1060.85,1,4
2021-06-17 11:33:25,S,1060.9,2,8
2021-06-17 11:33:25,S,1061.0,2,6
2021-06-17 11:33:25,B,1058.8,2,11
2021-06-17 11:33:25,B,1058.65,2,15
2021-06-17 11:33:25,B,1058.6,2,16
2021-06-17 11:33:25,B,1058.4,2,2
2021-06-17 11:33:25,B,1058.2,3,8
2021-06-17 11:33:29,S,1060.4,2,10
2021-06-17 11:33:29,S,1060.8,2,8
2021-06-17 11:33:29,S,1060.85,1,4
2021-06-17 11:33:29,S,1060.9,2,8
2021-06-17 11:33:29,S,1061.0,2,6
2021-06-17 11:33:29,B,1058.8,2,11
2021-06-17 11:33:29,B,1058.65,2,15
2021-06-17 11:33:29,B,1058.6,2,16
2021-06-17 11:33:29,B,1058.4,2,2
2021-06-17 11:33:29,B,1058.2,3,8
2021-06-17 11:33:30,S,1060.7,1,1
2021-06-17 11:33:30,S,1060.75,2,6
2021-06-17 11:33:30,S,1060.8,2,8
2021-06-17 11:33:30,S,1060.85,1,4
2021-06-17 11:33:30,S,1060.9,2,8
2021-06-17 11:33:30,B,1059.3,1,9
2021-06-17 11:33:30,B,1059.25,1,3
2021-06-17 11:33:30,B,1059.05,1,7
2021-06-17 11:33:30,B,1059.0,1,7
2021-06-17 11:33:30,B,1058.95,1,7
2021-06-17 11:33:32,S,1060.7,1,1
2021-06-17 11:33:32,S,1060.75,2,6
2021-06-17 11:33:32,S,1060.8,3,11
2021-06-17 11:33:32,S,1060.85,1,4
2021-06-17 11:33:32,S,1060.9,2,8
2021-06-17 11:33:32,B,1059.35,1,1
2021-06-17 11:33:32,B,1059.3,1,9
2021-06-17 11:33:32,B,1059.25,1,3
2021-06-17 11:33:32,B,1059.05,1,7
2021-06-17 11:33:32,B,1059.0,1,7
2021-06-17 11:33:41,S,1060.25,1,1
2021-06-17 11:33:41,S,1060.3,1,3
2021-06-17 11:33:41,S,1060.65,1,8
2021-06-17 11:33:41,S,1060.75,2,6
2021-06-17 11:33:41,S,1060.8,3,11
2021-06-17 11:33:41,B,1059.1,1,1
2021-06-17 11:33:41,B,1059.05,1,7
2021-06-17 11:33:41,B,1059.0,1,7
2021-06-17 11:33:41,B,1058.95,2,16
2021-06-17 11:33:41,B,1058.9,1,7
2021-06-17 11:33:44,S,1060.25,1,1
2021-06-17 11:33:44,S,1060.3,1,3
2021-06-17 11:33:44,S,1060.65,1,8
2021-06-17 11:33:44,S,1060.75,2,6
2021-06-17 11:33:44,S,1060.8,3,11
2021-06-17 11:33:44,B,1059.1,1,1
2021-06-17 11:33:44,B,1059.05,1,7
2021-06-17 11:33:44,B,1059.0,1,7
2021-06-17 11:33:44,B,1058.95,2,16
2021-06-17 11:33:44,B,1058.9,1,7
2021-06-17 11:33:45,S,1060.3,1,3
2021-06-17 11:33:45,S,1060.65,1,8
2021-06-17 11:33:45,S,1060.75,2,6
2021-06-17 11:33:45,S,1060.8,3,11
2021-06-17 11:33:45,S,1060.85,1,4
2021-06-17 11:33:45,B,1060.0,1,3
2021-06-17 11:33:45,B,1059.3,1,1
2021-06-17 11:33:45,B,1059.25,2,4
2021-06-17 11:33:45,B,1059.2,2,8
2021-06-17 11:33:45,B,1059.15,1,3
2021-06-17 11:33:46,S,1060.3,1,3
2021-06-17 11:33:46,S,1060.75,1,5
2021-06-17 11:33:46,S,1060.8,2,10
2021-06-17 11:33:46,S,1060.85,1,4
2021-06-17 11:33:46,S,1060.9,2,8
2021-06-17 11:33:46,B,1060.0,1,3
2021-06-17 11:33:46,B,1059.55,1,1
2021-06-17 11:33:46,B,1059.5,1,9
2021-06-17 11:33:46,B,1059.3,2,8
2021-06-17 11:33:46,B,1059.25,2,4
2021-06-17 11:33:48,S,1060.3,1,3
2021-06-17 11:33:48,S,1060.75,1,5
2021-06-17 11:33:48,S,1060.8,1,7
2021-06-17 11:33:48,S,1060.85,1,4
2021-06-17 11:33:48,S,1060.9,2,8
2021-06-17 11:33:48,B,1060.0,1,3
2021-06-17 11:33:48,B,1059.55,1,1
2021-06-17 11:33:48,B,1059.5,1,9
2021-06-17 11:33:48,B,1059.3,2,8
2021-06-17 11:33:48,B,1059.25,2,4
2021-06-17 11:33:50,S,1060.3,1,3
2021-06-17 11:33:50,S,1060.75,1,5
2021-06-17 11:33:50,S,1060.8,1,7
2021-06-17 11:33:50,S,1060.85,1,4
2021-06-17 11:33:50,S,1060.9,2,8
2021-06-17 11:33:50,B,1060.0,1,3
2021-06-17 11:33:50,B,1059.55,1,1
2021-06-17 11:33:50,B,1059.5,1,9
2021-06-17 11:33:50,B,1059.3,2,8
2021-06-17 11:33:50,B,1059.25,2,4
2021-06-17 11:33:51,S,1061.85,1,6
2021-06-17 11:33:51,S,1061.9,3,50
2021-06-17 11:33:51,S,1062.0,1,30
2021-06-17 11:33:51,S,1062.4,1,1
2021-06-17 11:33:51,S,1062.45,2,19
2021-06-17 11:33:51,B,1060.45,1,1
2021-06-17 11:33:51,B,1060.4,1,10
2021-06-17 11:33:51,B,1060.25,1,23
2021-06-17 11:33:51,B,1060.0,1,3
2021-06-17 11:33:51,B,1059.35,1,10
2021-06-17 11:33:53,S,1061.8,2,7
2021-06-17 11:33:53,S,1061.85,2,4
2021-06-17 11:33:53,S,1061.9,3,50
2021-06-17 11:33:53,S,1062.0,1,30
2021-06-17 11:33:53,S,1062.35,1,1
2021-06-17 11:33:53,B,1060.3,1,1
2021-06-17 11:33:53,B,1060.25,1,23
2021-06-17 11:33:53,B,1060.1,1,9
2021-06-17 11:33:53,B,1060.0,2,6
2021-06-17 11:33:53,B,1059.35,1,10
2021-06-17 11:33:55,S,1061.7,1,9
2021-06-17 11:33:55,S,1061.8,2,7
2021-06-17 11:33:55,S,1061.85,2,4
2021-06-17 11:33:55,S,1061.9,3,50
2021-06-17 11:33:55,S,1061.95,1,12
2021-06-17 11:33:55,B,1060.3,1,1
2021-06-17 11:33:55,B,1060.25,1,23
2021-06-17 11:33:55,B,1060.1,1,9
2021-06-17 11:33:55,B,1060.0,1,3
2021-06-17 11:33:55,B,1059.6,1,3
2021-06-17 11:34:01,S,1061.85,2,4
2021-06-17 11:34:01,S,1061.9,3,50
2021-06-17 11:34:01,S,1061.95,1,6
2021-06-17 11:34:01,S,1062.0,1,30
2021-06-17 11:34:01,S,1062.45,2,19
2021-06-17 11:34:01,B,1061.0,1,32
2021-06-17 11:34:01,B,1060.7,1,1
2021-06-17 11:34:01,B,1060.65,1,9
2021-06-17 11:34:01,B,1060.25,2,24
2021-06-17 11:34:01,B,1060.1,1,3
2021-06-17 11:34:03,S,1061.85,2,4
2021-06-17 11:34:03,S,1061.9,3,50
2021-06-17 11:34:03,S,1061.95,1,6
2021-06-17 11:34:03,S,1062.0,1,30
2021-06-17 11:34:03,S,1062.25,1,10
2021-06-17 11:34:03,B,1061.0,1,32
2021-06-17 11:34:03,B,1060.7,1,1
2021-06-17 11:34:03,B,1060.65,1,9
2021-06-17 11:34:03,B,1060.25,2,24
2021-06-17 11:34:03,B,1060.1,1,3
2021-06-17 11:34:07,S,1061.85,2,4
2021-06-17 11:34:07,S,1061.9,3,50
2021-06-17 11:34:07,S,1061.95,1,6
2021-06-17 11:34:07,S,1062.0,1,30
2021-06-17 11:34:07,S,1062.25,1,10
2021-06-17 11:34:07,B,1061.0,1,32
2021-06-17 11:34:07,B,1060.7,1,1
2021-06-17 11:34:07,B,1060.65,1,9
2021-06-17 11:34:07,B,1060.25,2,24
2021-06-17 11:34:07,B,1060.1,1,3
2021-06-17 11:34:12,S,1061.9,2,49
2021-06-17 11:34:12,S,1061.95,2,7
2021-06-17 11:34:12,S,1062.0,1,30
2021-06-17 11:34:12,S,1062.1,1,3
2021-06-17 11:34:12,S,1062.3,1,10
2021-06-17 11:34:12,B,1061.0,1,32
2021-06-17 11:34:12,B,1060.7,1,1
2021-06-17 11:34:12,B,1060.65,1,9
2021-06-17 11:34:12,B,1060.25,2,24
2021-06-17 11:34:12,B,1060.1,1,3
2021-06-17 11:34:15,S,1061.9,2,49
2021-06-17 11:34:15,S,1061.95,2,7
2021-06-17 11:34:15,S,1062.0,1,30
2021-06-17 11:34:15,S,1062.1,1,3
2021-06-17 11:34:15,S,1062.3,1,10
2021-06-17 11:34:15,B,1061.0,1,32
2021-06-17 11:34:15,B,1060.7,1,1
2021-06-17 11:34:15,B,1060.65,1,9
2021-06-17 11:34:15,B,1060.25,2,24
2021-06-17 11:34:15,B,1060.1,1,3
2021-06-17 11:34:22,S,1061.9,2,49
2021-06-17 11:34:22,S,1061.95,2,7
2021-06-17 11:34:22,S,1062.0,1,30
2021-06-17 11:34:22,S,1062.1,1,3
2021-06-17 11:34:22,S,1062.3,1,10
2021-06-17 11:34:22,B,1061.0,1,32
2021-06-17 11:34:22,B,1060.7,1,1
2021-06-17 11:34:22,B,1060.65,1,9
2021-06-17 11:34:22,B,1060.25,2,24
2021-06-17 11:34:22,B,1060.1,1,3
2021-06-17 11:34:40,S,1061.9,2,49
2021-06-17 11:34:40,S,1061.95,2,7
2021-06-17 11:34:40,S,1062.0,2,31
2021-06-17 11:34:40,S,1062.1,1,3
2021-06-17 11:34:40,S,1062.3,1,10
2021-06-17 11:34:40,B,1061.0,1,32
2021-06-17 11:34:40,B,1060.5,1,1
2021-06-17 11:34:40,B,1060.45,1,10
2021-06-17 11:34:40,B,1060.25,1,23
2021-06-17 11:34:40,B,1060.1,1,3
2021-06-17 11:34:48,S,1061.9,2,39
2021-06-17 11:34:48,S,1061.95,2,7
2021-06-17 11:34:48,S,1062.0,2,31
2021-06-17 11:34:48,S,1062.1,1,3
2021-06-17 11:34:48,S,1062.2,1,5
2021-06-17 11:34:48,B,1061.0,1,32
2021-06-17 11:34:48,B,1060.5,1,1
2021-06-17 11:34:48,B,1060.45,1,10
2021-06-17 11:34:48,B,1060.25,1,23
2021-06-17 11:34:48,B,1060.1,1,3
2021-06-17 11:34:50,S,1061.85,1,1
2021-06-17 11:34:50,S,1061.9,3,40
2021-06-17 11:34:50,S,1061.95,2,7
2021-06-17 11:34:50,S,1062.0,3,34
2021-06-17 11:34:50,S,1062.25,1,10
2021-06-17 11:34:50,B,1061.0,1,32
2021-06-17 11:34:50,B,1060.5,1,1
2021-06-17 11:34:50,B,1060.45,1,10
2021-06-17 11:34:50,B,1060.25,1,23
2021-06-17 11:34:50,B,1060.1,1,3
2021-06-17 11:34:55,S,1061.85,1,1
2021-06-17 11:34:55,S,1061.9,4,70
2021-06-17 11:34:55,S,1061.95,2,7
2021-06-17 11:34:55,S,1062.0,2,4
2021-06-17 11:34:55,S,1062.25,1,10
2021-06-17 11:34:55,B,1061.0,1,32
2021-06-17 11:34:55,B,1060.5,1,1
2021-06-17 11:34:55,B,1060.45,1,10
2021-06-17 11:34:55,B,1060.25,1,23
2021-06-17 11:34:55,B,1060.1,1,3
2021-06-17 11:35:00,S,1061.85,1,1
2021-06-17 11:35:00,S,1061.9,4,70
2021-06-17 11:35:00,S,1061.95,2,7
2021-06-17 11:35:00,S,1062.0,2,4
2021-06-17 11:35:00,S,1062.25,1,10
2021-06-17 11:35:00,B,1061.0,1,32
2021-06-17 11:35:00,B,1060.5,1,1
2021-06-17 11:35:00,B,1060.45,1,10
2021-06-17 11:35:00,B,1060.25,1,23
2021-06-17 11:35:00,B,1060.1,1,3
2021-06-17 11:35:01,S,1061.85,1,1
2021-06-17 11:35:01,S,1061.9,4,70
2021-06-17 11:35:01,S,1061.95,2,7
2021-06-17 11:35:01,S,1062.0,2,4
2021-06-17 11:35:01,S,1062.25,1,10
2021-06-17 11:35:01,B,1061.0,1,32
2021-06-17 11:35:01,B,1060.5,1,1
2021-06-17 11:35:01,B,1060.45,1,10
2021-06-17 11:35:01,B,1060.25,1,23
2021-06-17 11:35:01,B,1060.1,1,3
2021-06-17 11:35:01,S,1061.85,1,1
2021-06-17 11:35:01,S,1061.9,4,70
2021-06-17 11:35:01,S,1061.95,3,19
2021-06-17 11:35:01,S,1062.15,1,3
2021-06-17 11:35:01,S,1062.25,1,10
2021-06-17 11:35:01,B,1061.0,1,32
2021-06-17 11:35:01,B,1060.5,1,1
2021-06-17 11:35:01,B,1060.45,1,10
2021-06-17 11:35:01,B,1060.25,1,23
2021-06-17 11:35:01,B,1060.1,1,3
2021-06-17 11:35:04,S,1061.85,1,1
2021-06-17 11:35:04,S,1061.9,4,70
2021-06-17 11:35:04,S,1061.95,3,19
2021-06-17 11:35:04,S,1062.15,1,3
2021-06-17 11:35:04,S,1062.25,1,10
2021-06-17 11:35:04,B,1061.0,1,32
2021-06-17 11:35:04,B,1060.5,1,1
2021-06-17 11:35:04,B,1060.45,1,10
2021-06-17 11:35:04,B,1060.25,1,23
2021-06-17 11:35:04,B,1060.1,1,3
2021-06-17 11:35:04,S,1061.85,1,1
2021-06-17 11:35:04,S,1061.9,4,70
2021-06-17 11:35:04,S,1061.95,3,19
2021-06-17 11:35:04,S,1062.15,1,3
2021-06-17 11:35:04,S,1062.25,1,10
2021-06-17 11:35:04,B,1061.0,1,32
2021-06-17 11:35:04,B,1060.5,1,1
2021-06-17 11:35:04,B,1060.45,1,10
2021-06-17 11:35:04,B,1060.25,1,23
2021-06-17 11:35:04,B,1060.1,1,3
2021-06-17 11:35:06,S,1061.55,1,32
2021-06-17 11:35:06,S,1061.6,2,13
2021-06-17 11:35:06,S,1061.65,2,13
2021-06-17 11:35:06,S,1061.7,2,4
2021-06-17 11:35:06,S,1061.75,2,6
2021-06-17 11:35:06,B,1060.05,1,1
2021-06-17 11:35:06,B,1060.0,2,4
2021-06-17 11:35:06,B,1059.65,1,4
2021-06-17 11:35:06,B,1059.6,1,3
2021-06-17 11:35:06,B,1059.3,1,7
2021-06-17 11:35:08,S,1061.35,2,11
2021-06-17 11:35:08,S,1061.55,2,33
2021-06-17 11:35:08,S,1061.65,2,13
2021-06-17 11:35:08,S,1061.7,2,4
2021-06-17 11:35:08,S,1061.75,1,4
2021-06-17 11:35:08,B,1060.05,1,1
2021-06-17 11:35:08,B,1060.0,3,14
2021-06-17 11:35:08,B,1059.65,1,5
2021-06-17 11:35:08,B,1059.6,1,3
2021-06-17 11:35:08,B,1059.3,1,7
2021-06-17 11:35:10,S,1061.35,2,11
2021-06-17 11:35:10,S,1061.55,2,33
2021-06-17 11:35:10,S,1061.65,2,13
2021-06-17 11:35:10,S,1061.7,2,4
2021-06-17 11:35:10,S,1061.75,1,4
2021-06-17 11:35:10,B,1060.05,1,1
2021-06-17 11:35:10,B,1060.0,3,14
2021-06-17 11:35:10,B,1059.65,2,14
2021-06-17 11:35:10,B,1059.6,1,3
2021-06-17 11:35:10,B,1059.3,1,7
2021-06-17 11:35:21,S,1061.3,1,10
2021-06-17 11:35:21,S,1061.35,2,11
2021-06-17 11:35:21,S,1061.55,2,33
2021-06-17 11:35:21,S,1061.65,2,13
2021-06-17 11:35:21,S,1061.7,2,4
2021-06-17 11:35:21,B,1060.05,1,1
2021-06-17 11:35:21,B,1060.0,3,14
2021-06-17 11:35:21,B,1059.65,2,14
2021-06-17 11:35:21,B,1059.6,1,3
2021-06-17 11:35:21,B,1059.3,1,7
2021-06-17 11:35:27,S,1061.6,1,2
2021-06-17 11:35:27,S,1061.65,2,33
2021-06-17 11:35:27,S,1061.7,2,4
2021-06-17 11:35:27,S,1061.9,2,8
2021-06-17 11:35:27,S,1061.95,3,22
2021-06-17 11:35:27,B,1060.3,2,11
2021-06-17 11:35:27,B,1060.25,1,40
2021-06-17 11:35:27,B,1060.05,1,3
2021-06-17 11:35:27,B,1060.0,3,14
2021-06-17 11:35:27,B,1059.65,1,5
2021-06-17 11:35:28,S,1061.65,2,42
2021-06-17 11:35:28,S,1061.7,2,4
2021-06-17 11:35:28,S,1061.85,2,7
2021-06-17 11:35:28,S,1061.9,2,8
2021-06-17 11:35:28,S,1061.95,3,22
2021-06-17 11:35:28,B,1060.3,2,11
2021-06-17 11:35:28,B,1060.25,1,40
2021-06-17 11:35:28,B,1060.05,1,3
2021-06-17 11:35:28,B,1060.0,3,14
2021-06-17 11:35:28,B,1059.65,1,5
2021-06-17 11:35:33,S,1061.65,2,42
2021-06-17 11:35:33,S,1061.7,2,4
2021-06-17 11:35:33,S,1061.85,2,7
2021-06-17 11:35:33,S,1061.9,2,8
2021-06-17 11:35:33,S,1061.95,3,22
2021-06-17 11:35:33,B,1060.3,2,11
2021-06-17 11:35:33,B,1060.25,1,40
2021-06-17 11:35:33,B,1060.05,1,3
2021-06-17 11:35:33,B,1060.0,3,14
2021-06-17 11:35:33,B,1059.65,1,5
2021-06-17 11:35:33,S,1061.65,2,42
2021-06-17 11:35:33,S,1061.7,2,4
2021-06-17 11:35:33,S,1061.85,2,7
2021-06-17 11:35:33,S,1061.9,2,8
2021-06-17 11:35:33,S,1061.95,3,22
2021-06-17 11:35:33,B,1060.3,2,11
2021-06-17 11:35:33,B,1060.25,1,40
2021-06-17 11:35:33,B,1060.05,1,3
2021-06-17 11:35:33,B,1060.0,3,14
2021-06-17 11:35:33,B,1059.65,1,5
2021-06-17 11:35:34,S,1061.65,2,35
2021-06-17 11:35:34,S,1061.7,2,4
2021-06-17 11:35:34,S,1061.85,2,7
2021-06-17 11:35:34,S,1061.9,2,8
2021-06-17 11:35:34,S,1061.95,3,22
2021-06-17 11:35:34,B,1060.3,2,11
2021-06-17 11:35:34,B,1060.25,1,40
2021-06-17 11:35:34,B,1060.05,1,3
2021-06-17 11:35:34,B,1060.0,3,14
2021-06-17 11:35:34,B,1059.65,1,5
2021-06-17 11:35:39,S,1061.65,2,35
2021-06-17 11:35:39,S,1061.7,2,4
2021-06-17 11:35:39,S,1061.85,2,7
2021-06-17 11:35:39,S,1061.9,2,8
2021-06-17 11:35:39,S,1061.95,3,22
2021-06-17 11:35:39,B,1060.3,2,11
2021-06-17 11:35:39,B,1060.25,1,40
2021-06-17 11:35:39,B,1060.05,1,3
2021-06-17 11:35:39,B,1060.0,3,14
2021-06-17 11:35:39,B,1059.65,1,5
2021-06-17 11:35:43,S,1061.65,2,35
2021-06-17 11:35:43,S,1062.25,2,7
2021-06-17 11:35:43,S,1062.3,2,4
2021-06-17 11:35:43,S,1062.45,1,10
2021-06-17 11:35:43,S,1062.5,1,3
2021-06-17 11:35:43,B,1061.35,1,22
2021-06-17 11:35:43,B,1060.9,1,1
2021-06-17 11:35:43,B,1060.85,1,9
2021-06-17 11:35:43,B,1060.7,1,3
2021-06-17 11:35:43,B,1060.25,1,40
2021-06-17 11:35:47,S,1061.65,2,35
2021-06-17 11:35:47,S,1062.25,2,7
2021-06-17 11:35:47,S,1062.3,2,4
2021-06-17 11:35:47,S,1062.45,1,10
2021-06-17 11:35:47,S,1062.5,1,3
2021-06-17 11:35:47,B,1061.35,1,22
2021-06-17 11:35:47,B,1060.9,1,1
2021-06-17 11:35:47,B,1060.85,1,9
2021-06-17 11:35:47,B,1060.7,1,3
2021-06-17 11:35:47,B,1060.25,1,40
2021-06-17 11:35:49,S,1061.6,2,4
2021-06-17 11:35:49,S,1061.65,3,36
2021-06-17 11:35:49,S,1061.9,2,7
2021-06-17 11:35:49,S,1061.95,2,12
2021-06-17 11:35:49,S,1062.2,2,27
2021-06-17 11:35:49,B,1060.35,1,1
2021-06-17 11:35:49,B,1060.3,2,14
2021-06-17 11:35:49,B,1060.25,1,35
2021-06-17 11:35:49,B,1060.05,2,4
2021-06-17 11:35:49,B,1060.0,3,14
2021-06-17 11:35:51,S,1061.5,1,1
2021-06-17 11:35:51,S,1061.55,1,25
2021-06-17 11:35:51,S,1061.6,2,13
2021-06-17 11:35:51,S,1061.9,2,7
2021-06-17 11:35:51,S,1061.95,2,12
2021-06-17 11:35:51,B,1060.35,2,11
2021-06-17 11:35:51,B,1060.3,2,14
2021-06-17 11:35:51,B,1060.25,1,35
2021-06-17 11:35:51,B,1060.05,2,4
2021-06-17 11:35:51,B,1060.0,3,14
2021-06-17 11:35:57,S,1061.5,1,1
2021-06-17 11:35:57,S,1061.55,1,25
2021-06-17 11:35:57,S,1061.6,2,13
2021-06-17 11:35:57,S,1061.95,2,12
2021-06-17 11:35:57,S,1062.1,1,6
2021-06-17 11:35:57,B,1060.35,1,1
2021-06-17 11:35:57,B,1060.3,2,14
2021-06-17 11:35:57,B,1060.25,1,35
2021-06-17 11:35:57,B,1060.15,1,10
2021-06-17 11:35:57,B,1060.05,2,4
2021-06-17 11:36:00,S,1061.5,1,1
2021-06-17 11:36:00,S,1061.55,1,25
2021-06-17 11:36:00,S,1061.6,2,13
2021-06-17 11:36:00,S,1061.95,2,12
2021-06-17 11:36:00,S,1062.1,1,6
2021-06-17 11:36:00,B,1060.35,2,11
2021-06-17 11:36:00,B,1060.3,3,15
2021-06-17 11:36:00,B,1060.25,2,36
2021-06-17 11:36:00,B,1060.05,2,4
2021-06-17 11:36:00,B,1060.0,3,14
2021-06-17 11:36:03,S,1061.5,1,1
2021-06-17 11:36:03,S,1061.55,1,25
2021-06-17 11:36:03,S,1061.6,2,13
2021-06-17 11:36:03,S,1061.95,2,12
2021-06-17 11:36:03,S,1062.1,1,6
2021-06-17 11:36:03,B,1060.35,2,11
2021-06-17 11:36:03,B,1060.3,2,14
2021-06-17 11:36:03,B,1060.25,2,36
2021-06-17 11:36:03,B,1060.05,2,4
2021-06-17 11:36:03,B,1060.0,3,14
2021-06-17 11:36:06,S,1061.5,1,1
2021-06-17 11:36:06,S,1061.55,1,25
2021-06-17 11:36:06,S,1061.6,2,13
2021-06-17 11:36:06,S,1061.95,2,12
2021-06-17 11:36:06,S,1062.1,1,6
2021-06-17 11:36:06,B,1060.35,2,11
2021-06-17 11:36:06,B,1060.3,2,14
2021-06-17 11:36:06,B,1060.25,2,36
2021-06-17 11:36:06,B,1060.05,2,4
2021-06-17 11:36:06,B,1060.0,3,14
2021-06-17 11:36:07,S,1061.55,1,1
2021-06-17 11:36:07,S,1061.6,2,13
2021-06-17 11:36:07,S,1061.95,2,12
2021-06-17 11:36:07,S,1062.1,1,6
2021-06-17 11:36:07,S,1062.2,3,30
2021-06-17 11:36:07,B,1060.35,1,10
2021-06-17 11:36:07,B,1060.3,3,15
2021-06-17 11:36:07,B,1060.25,2,36
2021-06-17 11:36:07,B,1060.1,1,7
2021-06-17 11:36:07,B,1060.05,2,4
2021-06-17 11:36:09,S,1061.55,1,1
2021-06-17 11:36:09,S,1061.6,2,13
2021-06-17 11:36:09,S,1061.7,1,1
2021-06-17 11:36:09,S,1061.95,2,12
2021-06-17 11:36:09,S,1062.1,1,6
2021-06-17 11:36:09,B,1060.35,1,10
2021-06-17 11:36:09,B,1060.3,3,15
2021-06-17 11:36:09,B,1060.25,2,36
2021-06-17 11:36:09,B,1060.1,1,7
2021-06-17 11:36:09,B,1060.05,2,4
2021-06-17 11:36:11,S,1061.55,2,11
2021-06-17 11:36:11,S,1061.6,1,3
2021-06-17 11:36:11,S,1061.95,3,13
2021-06-17 11:36:11,S,1062.1,1,6
2021-06-17 11:36:11,S,1062.15,1,2
2021-06-17 11:36:11,B,1060.35,1,10
2021-06-17 11:36:11,B,1060.3,2,14
2021-06-17 11:36:11,B,1060.25,2,36
2021-06-17 11:36:11,B,1060.05,2,4
2021-06-17 11:36:11,B,1060.0,3,14
2021-06-17 11:36:21,S,1061.35,1,1
2021-06-17 11:36:21,S,1061.4,1,9
2021-06-17 11:36:21,S,1061.55,2,11
2021-06-17 11:36:21,S,1061.6,2,4
2021-06-17 11:36:21,S,1061.65,1,11
2021-06-17 11:36:21,B,1060.3,2,14
2021-06-17 11:36:21,B,1060.25,1,35
2021-06-17 11:36:21,B,1060.05,1,3
2021-06-17 11:36:21,B,1060.0,3,14
2021-06-17 11:36:21,B,1059.65,1,6
2021-06-17 11:36:23,S,1061.35,1,1
2021-06-17 11:36:23,S,1061.4,1,9
2021-06-17 11:36:23,S,1061.55,2,11
2021-06-17 11:36:23,S,1061.6,2,4
2021-06-17 11:36:23,S,1061.65,1,11
2021-06-17 11:36:23,B,1060.3,2,14
2021-06-17 11:36:23,B,1060.25,1,35
2021-06-17 11:36:23,B,1060.05,1,3
2021-06-17 11:36:23,B,1060.0,3,14
2021-06-17 11:36:23,B,1059.9,1,9
2021-06-17 11:36:32,S,1061.3,1,1
2021-06-17 11:36:32,S,1061.35,1,10
2021-06-17 11:36:32,S,1061.5,1,1
2021-06-17 11:36:32,S,1061.55,1,1
2021-06-17 11:36:32,S,1061.6,2,4
2021-06-17 11:36:32,B,1060.3,2,13
2021-06-17 11:36:32,B,1060.25,1,35
2021-06-17 11:36:32,B,1060.0,3,14
2021-06-17 11:36:32,B,1059.9,1,9
2021-06-17 11:36:32,B,1059.65,1,5
2021-06-17 11:36:36,S,1061.3,2,10
2021-06-17 11:36:36,S,1061.35,1,10
2021-06-17 11:36:36,S,1061.6,2,4
2021-06-17 11:36:36,S,1061.65,1,12
2021-06-17 11:36:36,S,1061.95,3,15
2021-06-17 11:36:36,B,1060.3,2,13
2021-06-17 11:36:36,B,1060.25,1,35
2021-06-17 11:36:36,B,1060.0,3,14
2021-06-17 11:36:36,B,1059.8,1,10
2021-06-17 11:36:36,B,1059.65,1,5
2021-06-17 11:36:37,S,1061.35,1,7
2021-06-17 11:36:37,S,1061.55,1,1
2021-06-17 11:36:37,S,1061.6,1,3
2021-06-17 11:36:37,S,1061.95,3,15
2021-06-17 11:36:37,S,1062.1,1,6
2021-06-17 11:36:37,B,1060.35,2,11
2021-06-17 11:36:37,B,1060.3,1,6
2021-06-17 11:36:37,B,1060.25,1,35
2021-06-17 11:36:37,B,1060.05,2,7
2021-06-17 11:36:37,B,1060.0,3,14
2021-06-17 11:36:39,S,1061.35,1,7
2021-06-17 11:36:39,S,1061.55,1,1
2021-06-17 11:36:39,S,1061.6,2,4
2021-06-17 11:36:39,S,1061.75,1,9
2021-06-17 11:36:39,S,1061.95,3,15
2021-06-17 11:36:39,B,1060.35,2,11
2021-06-17 11:36:39,B,1060.3,1,6
2021-06-17 11:36:39,B,1060.25,1,35
2021-06-17 11:36:39,B,1060.05,2,7
2021-06-17 11:36:39,B,1060.0,3,14
2021-06-17 11:36:45,S,1061.35,1,7
2021-06-17 11:36:45,S,1061.55,1,1
2021-06-17 11:36:45,S,1061.6,2,4
2021-06-17 11:36:45,S,1061.75,1,9
2021-06-17 11:36:45,S,1061.95,3,15
2021-06-17 11:36:45,B,1060.35,2,11
2021-06-17 11:36:45,B,1060.3,1,6
2021-06-17 11:36:45,B,1060.25,1,35
2021-06-17 11:36:45,B,1060.05,2,7
2021-06-17 11:36:45,B,1060.0,3,14
2021-06-17 11:36:46,S,1061.3,1,1
2021-06-17 11:36:46,S,1061.35,1,10
2021-06-17 11:36:46,S,1061.6,2,4
2021-06-17 11:36:46,S,1061.75,1,9
2021-06-17 11:36:46,S,1061.95,3,15
2021-06-17 11:36:46,B,1060.35,1,1
2021-06-17 11:36:46,B,1060.3,1,6
2021-06-17 11:36:46,B,1060.25,1,35
2021-06-17 11:36:46,B,1060.1,1,10
2021-06-17 11:36:46,B,1060.0,3,14
2021-06-17 11:36:48,S,1061.3,2,2
2021-06-17 11:36:48,S,1061.35,1,10
2021-06-17 11:36:48,S,1061.6,2,4
2021-06-17 11:36:48,S,1061.75,1,9
2021-06-17 11:36:48,S,1061.95,3,15
2021-06-17 11:36:48,B,1060.35,1,1
2021-06-17 11:36:48,B,1060.3,1,6
2021-06-17 11:36:48,B,1060.25,1,35
2021-06-17 11:36:48,B,1060.1,1,10
2021-06-17 11:36:48,B,1060.0,3,14
2021-06-17 11:37:00,S,1061.3,2,2
2021-06-17 11:37:00,S,1061.35,1,10
2021-06-17 11:37:00,S,1061.6,1,3
2021-06-17 11:37:00,S,1061.75,1,9
2021-06-17 11:37:00,S,1061.95,3,15
2021-06-17 11:37:00,B,1060.35,2,11
2021-06-17 11:37:00,B,1060.3,1,6
2021-06-17 11:37:00,B,1060.25,1,35
2021-06-17 11:37:00,B,1060.1,1,10
2021-06-17 11:37:00,B,1060.05,1,2
2021-06-17 11:37:02,S,1061.3,2,2
2021-06-17 11:37:02,S,1061.35,1,10
2021-06-17 11:37:02,S,1061.6,1,3
2021-06-17 11:37:02,S,1061.75,1,9
2021-06-17 11:37:02,S,1061.95,3,15
2021-06-17 11:37:02,B,1060.35,2,11
2021-06-17 11:37:02,B,1060.3,1,6
2021-06-17 11:37:02,B,1060.25,1,35
2021-06-17 11:37:02,B,1060.1,1,10
2021-06-17 11:37:02,B,1060.05,1,2
2021-06-17 11:37:03,S,1061.3,2,10
2021-06-17 11:37:03,S,1061.55,1,1
2021-06-17 11:37:03,S,1061.6,2,4
2021-06-17 11:37:03,S,1061.75,1,9
2021-06-17 11:37:03,S,1061.95,3,15
2021-06-17 11:37:03,B,1060.35,2,11
2021-06-17 11:37:03,B,1060.3,1,6
2021-06-17 11:37:03,B,1060.25,1,35
2021-06-17 11:37:03,B,1060.1,1,10
2021-06-17 11:37:03,B,1060.05,1,2
2021-06-17 11:37:08,S,1061.3,1,9
2021-06-17 11:37:08,S,1061.55,1,1
2021-06-17 11:37:08,S,1061.6,2,4
2021-06-17 11:37:08,S,1061.75,1,9
2021-06-17 11:37:08,S,1061.95,3,15
2021-06-17 11:37:08,B,1060.35,2,11
2021-06-17 11:37:08,B,1060.3,1,6
2021-06-17 11:37:08,B,1060.25,1,35
2021-06-17 11:37:08,B,1060.1,1,10
2021-06-17 11:37:08,B,1060.05,1,2
2021-06-17 11:37:09,S,1061.3,1,9
2021-06-17 11:37:09,S,1061.55,1,1
2021-06-17 11:37:09,S,1061.6,2,4
2021-06-17 11:37:09,S,1061.75,1,9
2021-06-17 11:37:09,S,1061.95,3,15
2021-06-17 11:37:09,B,1060.35,2,11
2021-06-17 11:37:09,B,1060.3,1,6
2021-06-17 11:37:09,B,1060.25,1,35
2021-06-17 11:37:09,B,1060.1,1,10
2021-06-17 11:37:09,B,1060.05,1,2
2021-06-17 11:37:10,S,1061.3,1,9
2021-06-17 11:37:10,S,1061.55,1,1
2021-06-17 11:37:10,S,1061.6,2,4
2021-06-17 11:37:10,S,1061.75,1,9
2021-06-17 11:37:10,S,1061.95,3,15
2021-06-17 11:37:10,B,1060.35,1,1
2021-06-17 11:37:10,B,1060.3,1,6
2021-06-17 11:37:10,B,1060.25,1,35
2021-06-17 11:37:10,B,1060.1,1,10
2021-06-17 11:37:10,B,1060.05,1,2
2021-06-17 11:37:13,S,1061.25,1,1
2021-06-17 11:37:13,S,1061.3,2,10
2021-06-17 11:37:13,S,1061.6,3,13
2021-06-17 11:37:13,S,1061.75,1,9
2021-06-17 11:37:13,S,1061.95,3,15
2021-06-17 11:37:13,B,1060.35,1,1
2021-06-17 11:37:13,B,1060.3,1,6
2021-06-17 11:37:13,B,1060.25,1,35
2021-06-17 11:37:13,B,1060.05,1,2
2021-06-17 11:37:13,B,1060.0,4,23
2021-06-17 11:37:15,S,1061.25,1,1
2021-06-17 11:37:15,S,1061.3,2,10
2021-06-17 11:37:15,S,1061.6,3,13
2021-06-17 11:37:15,S,1061.75,1,9
2021-06-17 11:37:15,S,1061.95,3,15
2021-06-17 11:37:15,B,1060.35,1,1
2021-06-17 11:37:15,B,1060.3,1,6
2021-06-17 11:37:15,B,1060.25,1,35
2021-06-17 11:37:15,B,1060.05,1,2
2021-06-17 11:37:15,B,1060.0,4,23
2021-06-17 11:37:16,S,1061.25,1,1
2021-06-17 11:37:16,S,1061.3,2,10
2021-06-17 11:37:16,S,1061.6,3,13
2021-06-17 11:37:16,S,1061.75,1,9
2021-06-17 11:37:16,S,1061.95,3,15
2021-06-17 11:37:16,B,1060.4,1,1
2021-06-17 11:37:16,B,1060.35,1,1
2021-06-17 11:37:16,B,1060.3,1,6
2021-06-17 11:37:16,B,1060.25,1,35
2021-06-17 11:37:16,B,1060.05,1,2
2021-06-17 11:37:25,S,1061.25,2,2
2021-06-17 11:37:25,S,1061.3,1,9
2021-06-17 11:37:25,S,1061.6,3,13
2021-06-17 11:37:25,S,1061.75,1,9
2021-06-17 11:37:25,S,1061.95,3,15
2021-06-17 11:37:25,B,1060.4,1,1
2021-06-17 11:37:25,B,1060.35,1,1
2021-06-17 11:37:25,B,1060.3,1,6
2021-06-17 11:37:25,B,1060.25,1,35
2021-06-17 11:37:25,B,1060.05,1,2
2021-06-17 11:37:26,S,1061.25,2,8
2021-06-17 11:37:26,S,1061.55,1,1
2021-06-17 11:37:26,S,1061.6,3,13
2021-06-17 11:37:26,S,1061.75,1,9
2021-06-17 11:37:26,S,1061.95,3,15
2021-06-17 11:37:26,B,1060.4,1,1
2021-06-17 11:37:26,B,1060.35,1,1
2021-06-17 11:37:26,B,1060.3,1,6
2021-06-17 11:37:26,B,1060.25,1,35
2021-06-17 11:37:26,B,1060.05,1,2
2021-06-17 11:37:32,S,1061.25,2,8
2021-06-17 11:37:32,S,1061.55,1,1
2021-06-17 11:37:32,S,1061.6,3,13
2021-06-17 11:37:32,S,1061.75,1,9
2021-06-17 11:37:32,S,1061.95,3,15
2021-06-17 11:37:32,B,1060.4,1,1
2021-06-17 11:37:32,B,1060.35,1,1
2021-06-17 11:37:32,B,1060.3,1,6
2021-06-17 11:37:32,B,1060.25,1,35
2021-06-17 11:37:32,B,1060.05,1,2
2021-06-17 11:37:34,S,1061.25,2,5
2021-06-17 11:37:34,S,1061.55,1,1
2021-06-17 11:37:34,S,1061.6,1,3
2021-06-17 11:37:34,S,1061.9,1,10
2021-06-17 11:37:34,S,1061.95,3,15
2021-06-17 11:37:34,B,1060.4,1,1
2021-06-17 11:37:34,B,1060.35,1,1
2021-06-17 11:37:34,B,1060.3,1,6
2021-06-17 11:37:34,B,1060.25,1,35
2021-06-17 11:37:34,B,1060.05,2,4
2021-06-17 11:37:36,S,1061.25,1,4
2021-06-17 11:37:36,S,1061.55,1,1
2021-06-17 11:37:36,S,1061.6,1,3
2021-06-17 11:37:36,S,1061.9,1,10
2021-06-17 11:37:36,S,1061.95,3,15
2021-06-17 11:37:36,B,1060.4,1,1
2021-06-17 11:37:36,B,1060.35,1,1
2021-06-17 11:37:36,B,1060.3,1,6
2021-06-17 11:37:36,B,1060.25,1,35
2021-06-17 11:37:36,B,1060.05,2,4
2021-06-17 11:37:39,S,1061.2,1,1
2021-06-17 11:37:39,S,1061.25,1,4
2021-06-17 11:37:39,S,1061.3,1,20
2021-06-17 11:37:39,S,1061.6,1,3
2021-06-17 11:37:39,S,1061.9,1,10
2021-06-17 11:37:39,B,1060.4,1,1
2021-06-17 11:37:39,B,1060.35,1,1
2021-06-17 11:37:39,B,1060.3,1,6
2021-06-17 11:37:39,B,1060.25,1,35
2021-06-17 11:37:39,B,1060.05,1,2
2021-06-17 11:37:46,S,1061.2,1,1
2021-06-17 11:37:46,S,1061.25,1,4
2021-06-17 11:37:46,S,1061.3,1,20
2021-06-17 11:37:46,S,1061.6,1,3
2021-06-17 11:37:46,S,1061.9,1,10
2021-06-17 11:37:46,B,1060.4,1,1
2021-06-17 11:37:46,B,1060.35,1,1
2021-06-17 11:37:46,B,1060.3,1,6
2021-06-17 11:37:46,B,1060.25,1,35
2021-06-17 11:37:46,B,1060.05,1,2
2021-06-17 11:37:48,S,1061.2,1,5
2021-06-17 11:37:48,S,1061.25,1,1
2021-06-17 11:37:48,S,1061.3,1,20
2021-06-17 11:37:48,S,1061.6,3,13
2021-06-17 11:37:48,S,1061.9,1,10
2021-06-17 11:37:48,B,1060.4,1,1
2021-06-17 11:37:48,B,1060.35,1,1
2021-06-17 11:37:48,B,1060.3,1,6
2021-06-17 11:37:48,B,1060.25,1,35
2021-06-17 11:37:48,B,1060.0,4,22
2021-06-17 11:37:52,S,1061.2,1,5
2021-06-17 11:37:52,S,1061.25,1,1
2021-06-17 11:37:52,S,1061.3,1,20
2021-06-17 11:37:52,S,1061.6,3,13
2021-06-17 11:37:52,S,1061.9,1,10
2021-06-17 11:37:52,B,1060.4,1,1
2021-06-17 11:37:52,B,1060.35,1,1
2021-06-17 11:37:52,B,1060.3,1,6
2021-06-17 11:37:52,B,1060.25,1,35
2021-06-17 11:37:52,B,1060.0,4,22
2021-06-17 11:37:54,S,1061.2,1,5
2021-06-17 11:37:54,S,1061.25,1,1
2021-06-17 11:37:54,S,1061.3,1,20
2021-06-17 11:37:54,S,1061.6,3,13
2021-06-17 11:37:54,S,1061.9,2,11
2021-06-17 11:37:54,B,1060.4,1,1
2021-06-17 11:37:54,B,1060.35,1,1
2021-06-17 11:37:54,B,1060.3,1,6
2021-06-17 11:37:54,B,1060.25,1,35
2021-06-17 11:37:54,B,1060.1,1,2
2021-06-17 11:37:57,S,1061.2,1,5
2021-06-17 11:37:57,S,1061.25,1,1
2021-06-17 11:37:57,S,1061.3,1,20
2021-06-17 11:37:57,S,1061.6,3,13
2021-06-17 11:37:57,S,1061.9,2,11
2021-06-17 11:37:57,B,1060.4,1,1
2021-06-17 11:37:57,B,1060.35,1,1
2021-06-17 11:37:57,B,1060.3,1,6
2021-06-17 11:37:57,B,1060.25,1,35
2021-06-17 11:37:57,B,1060.1,1,2
2021-06-17 11:37:58,S,1058.85,2,10
2021-06-17 11:37:58,S,1058.9,1,11
2021-06-17 11:37:58,S,1058.95,1,7
2021-06-17 11:37:58,S,1059.25,1,3
2021-06-17 11:37:58,S,1059.55,1,9
2021-06-17 11:37:58,B,1058.0,1,100
2021-06-17 11:37:58,B,1057.55,2,4
2021-06-17 11:37:58,B,1057.2,2,3
2021-06-17 11:37:58,B,1057.0,1,170
2021-06-17 11:37:58,B,1056.8,1,3
2021-06-17 11:38:00,S,1058.85,2,10
2021-06-17 11:38:00,S,1058.9,1,11
2021-06-17 11:38:00,S,1058.95,1,7
2021-06-17 11:38:00,S,1059.25,2,15
2021-06-17 11:38:00,S,1059.55,1,9
2021-06-17 11:38:00,B,1058.0,1,100
2021-06-17 11:38:00,B,1057.55,2,4
2021-06-17 11:38:00,B,1057.2,2,3
2021-06-17 11:38:00,B,1057.0,1,170
2021-06-17 11:38:00,B,1056.8,1,3
2021-06-17 11:38:01,S,1058.85,2,10
2021-06-17 11:38:01,S,1058.9,1,11
2021-06-17 11:38:01,S,1058.95,1,7
2021-06-17 11:38:01,S,1059.25,2,15
2021-06-17 11:38:01,S,1059.55,1,9
2021-06-17 11:38:01,B,1058.0,1,100
2021-06-17 11:38:01,B,1057.55,2,4
2021-06-17 11:38:01,B,1057.2,2,3
2021-06-17 11:38:01,B,1057.0,1,170
2021-06-17 11:38:01,B,1056.8,1,3
2021-06-17 11:38:07,S,1059.2,1,1
2021-06-17 11:38:07,S,1059.25,1,3
2021-06-17 11:38:07,S,1059.5,1,10
2021-06-17 11:38:07,S,1059.6,1,3
2021-06-17 11:38:07,S,1059.85,2,12
2021-06-17 11:38:07,B,1058.0,1,100
2021-06-17 11:38:07,B,1057.55,2,4
2021-06-17 11:38:07,B,1057.25,2,4
2021-06-17 11:38:07,B,1057.2,2,3
2021-06-17 11:38:07,B,1057.0,1,170
2021-06-17 11:38:10,S,1059.1,1,1
2021-06-17 11:38:10,S,1059.15,1,10
2021-06-17 11:38:10,S,1059.2,2,10
2021-06-17 11:38:10,S,1059.25,1,3
2021-06-17 11:38:10,S,1059.55,1,10
2021-06-17 11:38:10,B,1058.0,1,100
2021-06-17 11:38:10,B,1057.55,2,4
2021-06-17 11:38:10,B,1057.5,2,11
2021-06-17 11:38:10,B,1057.25,1,1
2021-06-17 11:38:10,B,1057.2,2,3
2021-06-17 11:38:13,S,1059.05,1,1
2021-06-17 11:38:13,S,1059.1,1,6
2021-06-17 11:38:13,S,1059.2,2,10
2021-06-17 11:38:13,S,1059.55,1,11
2021-06-17 11:38:13,S,1059.6,1,3
2021-06-17 11:38:13,B,1058.0,1,100
2021-06-17 11:38:13,B,1057.55,2,4
2021-06-17 11:38:13,B,1057.45,2,11
2021-06-17 11:38:13,B,1057.2,2,3
2021-06-17 11:38:13,B,1057.1,1,3
2021-06-17 11:38:15,S,1059.05,1,6
2021-06-17 11:38:15,S,1059.1,1,6
2021-06-17 11:38:15,S,1059.2,2,10
2021-06-17 11:38:15,S,1059.55,1,1
2021-06-17 11:38:15,S,1059.6,2,12
2021-06-17 11:38:15,B,1058.6,1,98
2021-06-17 11:38:15,B,1058.05,1,10
2021-06-17 11:38:15,B,1058.0,3,103
2021-06-17 11:38:15,B,1057.55,2,4
2021-06-17 11:38:15,B,1057.2,2,3
2021-06-17 11:38:17,S,1059.05,1,6
2021-06-17 11:38:17,S,1059.1,1,6
2021-06-17 11:38:17,S,1059.2,2,10
2021-06-17 11:38:17,S,1059.55,1,1
2021-06-17 11:38:17,S,1059.6,2,12
2021-06-17 11:38:17,B,1058.6,1,98
2021-06-17 11:38:17,B,1058.05,1,10
2021-06-17 11:38:17,B,1058.0,3,103
2021-06-17 11:38:17,B,1057.55,2,4
2021-06-17 11:38:17,B,1057.2,2,3
2021-06-17 11:38:20,S,1059.05,1,6
2021-06-17 11:38:20,S,1059.1,1,6
2021-06-17 11:38:20,S,1059.2,2,10
2021-06-17 11:38:20,S,1059.55,1,1
2021-06-17 11:38:20,S,1059.6,1,3
2021-06-17 11:38:20,B,1058.6,2,148
2021-06-17 11:38:20,B,1058.05,1,10
2021-06-17 11:38:20,B,1058.0,3,103
2021-06-17 11:38:20,B,1057.55,2,4
2021-06-17 11:38:20,B,1057.2,2,3
2021-06-17 11:38:22,S,1059.05,1,6
2021-06-17 11:38:22,S,1059.1,1,6
2021-06-17 11:38:22,S,1059.2,2,10
2021-06-17 11:38:22,S,1059.55,1,1
2021-06-17 11:38:22,S,1059.6,1,3
2021-06-17 11:38:22,B,1058.6,2,148
2021-06-17 11:38:22,B,1058.05,1,10
2021-06-17 11:38:22,B,1058.0,3,103
2021-06-17 11:38:22,B,1057.55,2,4
2021-06-17 11:38:22,B,1057.2,2,3
2021-06-17 11:38:26,S,1059.05,1,6
2021-06-17 11:38:26,S,1059.1,1,6
2021-06-17 11:38:26,S,1059.2,2,10
2021-06-17 11:38:26,S,1059.55,1,1
2021-06-17 11:38:26,S,1059.6,1,3
2021-06-17 11:38:26,B,1058.6,2,148
2021-06-17 11:38:26,B,1058.05,1,10
2021-06-17 11:38:26,B,1058.0,3,103
2021-06-17 11:38:26,B,1057.55,2,4
2021-06-17 11:38:26,B,1057.2,2,3
2021-06-17 11:38:27,S,1059.05,1,5
2021-06-17 11:38:27,S,1059.1,1,6
2021-06-17 11:38:27,S,1059.2,2,10
2021-06-17 11:38:27,S,1059.55,1,1
2021-06-17 11:38:27,S,1059.6,1,3
2021-06-17 11:38:27,B,1058.6,2,148
2021-06-17 11:38:27,B,1058.05,2,22
2021-06-17 11:38:27,B,1058.0,3,103
2021-06-17 11:38:27,B,1057.55,2,4
2021-06-17 11:38:27,B,1057.2,2,3
2021-06-17 11:38:29,S,1059.05,1,5
2021-06-17 11:38:29,S,1059.1,1,6
2021-06-17 11:38:29,S,1059.2,2,10
2021-06-17 11:38:29,S,1059.55,1,1
2021-06-17 11:38:29,S,1059.6,1,3
2021-06-17 11:38:29,B,1058.6,2,148
2021-06-17 11:38:29,B,1058.05,2,22
2021-06-17 11:38:29,B,1058.0,3,103
2021-06-17 11:38:29,B,1057.55,2,4
2021-06-17 11:38:29,B,1057.2,2,3
2021-06-17 11:38:31,S,1059.05,3,10
2021-06-17 11:38:31,S,1059.1,1,6
2021-06-17 11:38:31,S,1059.2,1,6
2021-06-17 11:38:31,S,1059.55,1,1
2021-06-17 11:38:31,S,1059.6,1,3
2021-06-17 11:38:31,B,1058.6,2,148
2021-06-17 11:38:31,B,1058.05,2,22
2021-06-17 11:38:31,B,1058.0,3,103
2021-06-17 11:38:31,B,1057.55,2,4
2021-06-17 11:38:31,B,1057.2,2,3
2021-06-17 11:38:33,S,1059.05,3,10
2021-06-17 11:38:33,S,1059.1,1,6
2021-06-17 11:38:33,S,1059.2,1,6
2021-06-17 11:38:33,S,1059.55,1,1
2021-06-17 11:38:33,S,1059.6,1,3
2021-06-17 11:38:33,B,1058.6,2,148
2021-06-17 11:38:33,B,1058.05,1,10
2021-06-17 11:38:33,B,1058.0,4,108
2021-06-17 11:38:33,B,1057.55,2,4
2021-06-17 11:38:33,B,1057.2,2,3
2021-06-17 11:38:42,S,1059.05,3,7
2021-06-17 11:38:42,S,1059.1,1,6
2021-06-17 11:38:42,S,1059.2,1,6
2021-06-17 11:38:42,S,1059.55,1,1
2021-06-17 11:38:42,S,1059.6,1,3
2021-06-17 11:38:42,B,1058.6,2,148
2021-06-17 11:38:42,B,1058.05,2,22
2021-06-17 11:38:42,B,1058.0,4,108
2021-06-17 11:38:42,B,1057.55,2,4
2021-06-17 11:38:42,B,1057.2,2,3
2021-06-17 11:38:43,S,1059.05,3,7
2021-06-17 11:38:43,S,1059.1,1,6
2021-06-17 11:38:43,S,1059.2,1,6
2021-06-17 11:38:43,S,1059.55,1,1
2021-06-17 11:38:43,S,1059.6,1,3
2021-06-17 11:38:43,B,1058.65,1,50
2021-06-17 11:38:43,B,1058.6,1,98
2021-06-17 11:38:43,B,1058.05,2,11
2021-06-17 11:38:43,B,1058.0,4,108
2021-06-17 11:38:43,B,1057.55,2,4
2021-06-17 11:38:55,S,1059.05,3,7
2021-06-17 11:38:55,S,1059.1,1,6
2021-06-17 11:38:55,S,1059.2,1,6
2021-06-17 11:38:55,S,1059.55,1,1
2021-06-17 11:38:55,S,1059.6,1,3
2021-06-17 11:38:55,B,1058.65,1,50
2021-06-17 11:38:55,B,1058.6,1,98
2021-06-17 11:38:55,B,1058.05,2,11
2021-06-17 11:38:55,B,1058.0,4,108
2021-06-17 11:38:55,B,1057.55,2,4
2021-06-17 11:38:56,S,1058.85,1,4
2021-06-17 11:38:56,S,1059.05,2,3
2021-06-17 11:38:56,S,1059.1,1,6
2021-06-17 11:38:56,S,1059.2,1,6
2021-06-17 11:38:56,S,1059.55,2,10
2021-06-17 11:38:56,B,1058.65,1,45
2021-06-17 11:38:56,B,1058.6,1,98
2021-06-17 11:38:56,B,1058.05,2,11
2021-06-17 11:38:56,B,1058.0,4,108
2021-06-17 11:38:56,B,1057.55,2,4
2021-06-17 11:38:57,S,1058.85,1,4
2021-06-17 11:38:57,S,1059.05,2,3
2021-06-17 11:38:57,S,1059.1,1,6
2021-06-17 11:38:57,S,1059.2,1,6
2021-06-17 11:38:57,S,1059.55,2,10
2021-06-17 11:38:57,B,1058.65,1,45
2021-06-17 11:38:57,B,1058.6,1,98
2021-06-17 11:38:57,B,1058.05,2,11
2021-06-17 11:38:57,B,1058.0,4,108
2021-06-17 11:38:57,B,1057.55,2,4
2021-06-17 11:38:58,S,1058.85,2,5
2021-06-17 11:38:58,S,1059.05,1,2
2021-06-17 11:38:58,S,1059.1,1,6
2021-06-17 11:38:58,S,1059.55,1,1
2021-06-17 11:38:58,S,1059.6,1,3
2021-06-17 11:38:58,B,1058.65,1,45
2021-06-17 11:38:58,B,1058.6,1,98
2021-06-17 11:38:58,B,1058.05,3,23
2021-06-17 11:38:58,B,1058.0,4,113
2021-06-17 11:38:58,B,1057.55,2,4
2021-06-17 11:39:00,S,1058.85,2,5
2021-06-17 11:39:00,S,1059.05,1,2
2021-06-17 11:39:00,S,1059.1,1,6
2021-06-17 11:39:00,S,1059.55,1,1
2021-06-17 11:39:00,S,1059.6,1,3
2021-06-17 11:39:00,B,1058.65,1,45
2021-06-17 11:39:00,B,1058.6,1,98
2021-06-17 11:39:00,B,1058.05,3,23
2021-06-17 11:39:00,B,1058.0,4,113
2021-06-17 11:39:00,B,1057.55,2,4
2021-06-17 11:39:02,S,1058.85,2,5
2021-06-17 11:39:02,S,1059.05,1,2
2021-06-17 11:39:02,S,1059.1,1,6
2021-06-17 11:39:02,S,1059.55,1,1
2021-06-17 11:39:02,S,1059.6,1,3
2021-06-17 11:39:02,B,1058.65,1,45
2021-06-17 11:39:02,B,1058.6,1,98
2021-06-17 11:39:02,B,1058.05,3,23
2021-06-17 11:39:02,B,1058.0,4,113
2021-06-17 11:39:02,B,1057.55,2,4
2021-06-17 11:39:04,S,1060.15,1,1
2021-06-17 11:39:04,S,1060.2,1,4
2021-06-17 11:39:04,S,1060.45,1,16
2021-06-17 11:39:04,S,1060.5,1,5
2021-06-17 11:39:04,S,1060.7,1,4
2021-06-17 11:39:04,B,1059.1,1,10
2021-06-17 11:39:04,B,1059.0,1,156
2021-06-17 11:39:04,B,1058.7,1,12
2021-06-17 11:39:04,B,1058.65,1,45
2021-06-17 11:39:04,B,1058.6,2,100
2021-06-17 11:39:06,S,1060.15,2,2
2021-06-17 11:39:06,S,1060.2,1,4
2021-06-17 11:39:06,S,1060.45,1,16
2021-06-17 11:39:06,S,1060.5,1,5
2021-06-17 11:39:06,S,1060.7,1,4
2021-06-17 11:39:06,B,1059.1,1,10
2021-06-17 11:39:06,B,1059.0,1,156
2021-06-17 11:39:06,B,1058.7,1,12
2021-06-17 11:39:06,B,1058.65,1,45
2021-06-17 11:39:06,B,1058.6,2,100
2021-06-17 11:39:10,S,1060.15,1,1
2021-06-17 11:39:10,S,1060.2,1,4
2021-06-17 11:39:10,S,1060.45,1,16
2021-06-17 11:39:10,S,1060.5,1,5
2021-06-17 11:39:10,S,1060.7,1,4
2021-06-17 11:39:10,B,1059.1,1,10
2021-06-17 11:39:10,B,1059.0,1,156
2021-06-17 11:39:10,B,1058.7,1,12
2021-06-17 11:39:10,B,1058.65,1,45
2021-06-17 11:39:10,B,1058.6,2,100
2021-06-17 11:39:13,S,1060.15,1,1
2021-06-17 11:39:13,S,1060.2,1,4
2021-06-17 11:39:13,S,1060.45,1,16
2021-06-17 11:39:13,S,1060.5,1,5
2021-06-17 11:39:13,S,1060.7,1,4
2021-06-17 11:39:13,B,1059.1,1,10
2021-06-17 11:39:13,B,1059.0,1,156
2021-06-17 11:39:13,B,1058.7,1,12
2021-06-17 11:39:13,B,1058.65,1,20
2021-06-17 11:39:13,B,1058.6,2,100
2021-06-17 11:39:16,S,1060.15,1,1
2021-06-17 11:39:16,S,1060.2,1,4
2021-06-17 11:39:16,S,1060.45,1,16
2021-06-17 11:39:16,S,1060.5,1,5
2021-06-17 11:39:16,S,1060.7,1,4
2021-06-17 11:39:16,B,1059.1,1,10
2021-06-17 11:39:16,B,1059.0,1,156
2021-06-17 11:39:16,B,1058.7,1,12
2021-06-17 11:39:16,B,1058.65,1,20
2021-06-17 11:39:16,B,1058.6,2,100
2021-06-17 11:39:25,S,1060.15,1,1
2021-06-17 11:39:25,S,1060.2,1,4
2021-06-17 11:39:25,S,1060.45,1,16
2021-06-17 11:39:25,S,1060.5,1,5
2021-06-17 11:39:25,S,1060.7,1,4
2021-06-17 11:39:25,B,1059.1,1,10
2021-06-17 11:39:25,B,1059.0,1,156
2021-06-17 11:39:25,B,1058.7,1,12
2021-06-17 11:39:25,B,1058.65,1,20
2021-06-17 11:39:25,B,1058.6,2,100
2021-06-17 11:39:28,S,1060.15,1,1
2021-06-17 11:39:28,S,1060.2,1,4
2021-06-17 11:39:28,S,1060.45,2,17
2021-06-17 11:39:28,S,1060.5,1,5
2021-06-17 11:39:28,S,1060.7,1,4
2021-06-17 11:39:28,B,1059.1,1,5
2021-06-17 11:39:28,B,1059.0,1,156
2021-06-17 11:39:28,B,1058.7,1,12
2021-06-17 11:39:28,B,1058.65,1,20
2021-06-17 11:39:28,B,1058.6,2,100
2021-06-17 11:39:30,S,1060.15,1,1
2021-06-17 11:39:30,S,1060.2,1,4
2021-06-17 11:39:30,S,1060.45,2,17
2021-06-17 11:39:30,S,1060.5,1,5
2021-06-17 11:39:30,S,1060.7,1,4
2021-06-17 11:39:30,B,1059.1,1,5
2021-06-17 11:39:30,B,1059.0,1,156
2021-06-17 11:39:30,B,1058.7,1,12
2021-06-17 11:39:30,B,1058.65,1,20
2021-06-17 11:39:30,B,1058.6,2,100
2021-06-17 11:39:31,S,1060.15,1,1
2021-06-17 11:39:31,S,1060.2,1,4
2021-06-17 11:39:31,S,1060.45,2,17
2021-06-17 11:39:31,S,1060.5,1,5
2021-06-17 11:39:31,S,1060.7,1,4
2021-06-17 11:39:31,B,1059.1,1,1
2021-06-17 11:39:31,B,1059.05,1,7
2021-06-17 11:39:31,B,1059.0,1,156
2021-06-17 11:39:31,B,1058.7,1,12
2021-06-17 11:39:31,B,1058.65,1,20
2021-06-17 11:39:46,S,1060.15,1,1
2021-06-17 11:39:46,S,1060.2,1,4
2021-06-17 11:39:46,S,1060.45,2,17
2021-06-17 11:39:46,S,1060.5,1,5
2021-06-17 11:39:46,S,1060.7,1,4
2021-06-17 11:39:46,B,1059.1,2,30
2021-06-17 11:39:46,B,1059.05,1,7
2021-06-17 11:39:46,B,1059.0,1,156
2021-06-17 11:39:46,B,1058.7,1,12
2021-06-17 11:39:46,B,1058.65,1,20
2021-06-17 11:39:48,S,1060.15,1,1
2021-06-17 11:39:48,S,1060.2,1,4
2021-06-17 11:39:48,S,1060.45,2,17
2021-06-17 11:39:48,S,1060.5,1,5
2021-06-17 11:39:48,S,1060.7,1,4
2021-06-17 11:39:48,B,1059.1,2,30
2021-06-17 11:39:48,B,1059.05,1,7
2021-06-17 11:39:48,B,1059.0,1,156
2021-06-17 11:39:48,B,1058.7,1,12
2021-06-17 11:39:48,B,1058.65,1,20
2021-06-17 11:39:51,S,1060.4,1,1
2021-06-17 11:39:51,S,1060.45,1,16
2021-06-17 11:39:51,S,1060.5,1,5
2021-06-17 11:39:51,S,1061.0,1,5
2021-06-17 11:39:51,S,1061.25,1,20
2021-06-17 11:39:51,B,1059.4,1,1
2021-06-17 11:39:51,B,1059.35,1,9
2021-06-17 11:39:51,B,1059.2,1,16
2021-06-17 11:39:51,B,1059.15,1,6
2021-06-17 11:39:51,B,1059.1,1,29
2021-06-17 11:39:51,S,1060.4,1,1
2021-06-17 11:39:51,S,1060.45,1,16
2021-06-17 11:39:51,S,1060.5,1,5
2021-06-17 11:39:51,S,1061.0,1,5
2021-06-17 11:39:51,S,1061.25,1,20
2021-06-17 11:39:51,B,1059.4,1,1
2021-06-17 11:39:51,B,1059.35,1,9
2021-06-17 11:39:51,B,1059.2,1,16
2021-06-17 11:39:51,B,1059.15,1,6
2021-06-17 11:39:51,B,1059.1,1,29
2021-06-17 11:39:53,S,1060.4,1,1
2021-06-17 11:39:53,S,1060.45,1,16
2021-06-17 11:39:53,S,1060.5,1,5
2021-06-17 11:39:53,S,1061.0,1,5
2021-06-17 11:39:53,S,1061.1,1,10
2021-06-17 11:39:53,B,1059.4,1,1
2021-06-17 11:39:53,B,1059.35,1,9
2021-06-17 11:39:53,B,1059.2,1,16
2021-06-17 11:39:53,B,1059.15,1,6
2021-06-17 11:39:53,B,1059.1,1,29
2021-06-17 11:39:55,S,1060.4,1,1
2021-06-17 11:39:55,S,1060.45,1,16
2021-06-17 11:39:55,S,1060.5,1,5
2021-06-17 11:39:55,S,1061.0,1,5
2021-06-17 11:39:55,S,1061.1,1,10
2021-06-17 11:39:55,B,1059.4,1,1
2021-06-17 11:39:55,B,1059.35,1,9
2021-06-17 11:39:55,B,1059.2,1,16
2021-06-17 11:39:55,B,1059.15,1,6
2021-06-17 11:39:55,B,1059.1,1,29
2021-06-17 11:39:57,S,1060.4,1,1
2021-06-17 11:39:57,S,1060.45,1,16
2021-06-17 11:39:57,S,1060.5,1,5
2021-06-17 11:39:57,S,1061.0,1,5
2021-06-17 11:39:57,S,1061.1,1,10
2021-06-17 11:39:57,B,1059.4,1,1
2021-06-17 11:39:57,B,1059.35,1,9
2021-06-17 11:39:57,B,1059.2,1,16
2021-06-17 11:39:57,B,1059.15,1,6
2021-06-17 11:39:57,B,1059.1,1,29
2021-06-17 11:39:59,S,1060.65,1,1
2021-06-17 11:39:59,S,1060.7,1,6
2021-06-17 11:39:59,S,1060.95,2,10
2021-06-17 11:39:59,S,1061.0,2,6
2021-06-17 11:39:59,S,1061.2,2,24
2021-06-17 11:39:59,B,1059.55,3,15
2021-06-17 11:39:59,B,1059.5,1,29
2021-06-17 11:39:59,B,1059.45,1,10
2021-06-17 11:39:59,B,1059.15,1,6
2021-06-17 11:39:59,B,1059.05,2,9
2021-06-17 11:40:01,S,1060.65,1,1
2021-06-17 11:40:01,S,1060.7,1,6
2021-06-17 11:40:01,S,1060.95,2,10
2021-06-17 11:40:01,S,1061.0,2,6
2021-06-17 11:40:01,S,1061.2,2,24
2021-06-17 11:40:01,B,1059.55,3,15
2021-06-17 11:40:01,B,1059.5,1,29
2021-06-17 11:40:01,B,1059.3,1,10
2021-06-17 11:40:01,B,1059.15,1,6
2021-06-17 11:40:01,B,1059.05,2,9
2021-06-17 11:40:06,S,1060.65,1,1
2021-06-17 11:40:06,S,1060.7,1,6
2021-06-17 11:40:06,S,1060.95,2,10
2021-06-17 11:40:06,S,1061.0,2,6
2021-06-17 11:40:06,S,1061.2,2,24
2021-06-17 11:40:06,B,1059.55,3,15
2021-06-17 11:40:06,B,1059.5,1,29
2021-06-17 11:40:06,B,1059.3,1,10
2021-06-17 11:40:06,B,1059.2,1,5
2021-06-17 11:40:06,B,1059.15,1,6
2021-06-17 11:40:07,S,1060.7,1,2
2021-06-17 11:40:07,S,1060.95,2,10
2021-06-17 11:40:07,S,1061.0,2,6
2021-06-17 11:40:07,S,1061.2,2,24
2021-06-17 11:40:07,S,1061.25,1,20
2021-06-17 11:40:07,B,1059.55,3,15
2021-06-17 11:40:07,B,1059.5,1,29
2021-06-17 11:40:07,B,1059.3,1,10
2021-06-17 11:40:07,B,1059.2,1,5
2021-06-17 11:40:07,B,1059.15,1,6
2021-06-17 11:40:10,S,1060.7,1,2
2021-06-17 11:40:10,S,1060.95,2,10
2021-06-17 11:40:10,S,1061.0,2,6
2021-06-17 11:40:10,S,1061.2,2,24
2021-06-17 11:40:10,S,1061.25,1,20
2021-06-17 11:40:10,B,1059.55,3,15
2021-06-17 11:40:10,B,1059.5,1,29
2021-06-17 11:40:10,B,1059.3,1,10
2021-06-17 11:40:10,B,1059.2,1,5
2021-06-17 11:40:10,B,1059.15,1,6
2021-06-17 11:40:12,S,1060.85,1,9
2021-06-17 11:40:12,S,1060.95,1,6
2021-06-17 11:40:12,S,1061.0,2,6
2021-06-17 11:40:12,S,1061.2,3,25
2021-06-17 11:40:12,S,1061.25,2,21
2021-06-17 11:40:12,B,1059.55,3,15
2021-06-17 11:40:12,B,1059.3,1,10
2021-06-17 11:40:12,B,1059.2,1,5
2021-06-17 11:40:12,B,1059.15,1,6
2021-06-17 11:40:12,B,1059.05,2,9
2021-06-17 11:40:13,S,1060.85,1,9
2021-06-17 11:40:13,S,1060.95,1,6
2021-06-17 11:40:13,S,1061.0,2,6
2021-06-17 11:40:13,S,1061.2,3,25
2021-06-17 11:40:13,S,1061.25,2,21
2021-06-17 11:40:13,B,1059.55,3,15
2021-06-17 11:40:13,B,1059.3,1,10
2021-06-17 11:40:13,B,1059.2,1,5
2021-06-17 11:40:13,B,1059.15,1,6
2021-06-17 11:40:13,B,1059.05,2,9
2021-06-17 11:40:21,S,1060.85,1,9
2021-06-17 11:40:21,S,1060.95,2,18
2021-06-17 11:40:21,S,1061.0,3,26
2021-06-17 11:40:21,S,1061.3,1,6
2021-06-17 11:40:21,S,1061.55,1,12
2021-06-17 11:40:21,B,1059.55,3,15
2021-06-17 11:40:21,B,1059.3,1,10
2021-06-17 11:40:21,B,1059.2,1,5
2021-06-17 11:40:21,B,1059.15,1,6
2021-06-17 11:40:21,B,1059.05,2,9
2021-06-17 11:40:30,S,1060.95,2,18
2021-06-17 11:40:30,S,1061.0,3,26
2021-06-17 11:40:30,S,1061.1,2,11
2021-06-17 11:40:30,S,1061.3,2,7
2021-06-17 11:40:30,S,1061.55,1,12
2021-06-17 11:40:30,B,1059.55,3,15
2021-06-17 11:40:30,B,1059.3,1,10
2021-06-17 11:40:30,B,1059.2,1,5
2021-06-17 11:40:30,B,1059.15,1,6
2021-06-17 11:40:30,B,1059.05,2,9
2021-06-17 11:40:32,S,1060.95,2,18
2021-06-17 11:40:32,S,1061.0,3,26
2021-06-17 11:40:32,S,1061.1,2,11
2021-06-17 11:40:32,S,1061.3,2,7
2021-06-17 11:40:32,S,1061.55,1,12
2021-06-17 11:40:32,B,1059.55,3,15
2021-06-17 11:40:32,B,1059.3,1,10
2021-06-17 11:40:32,B,1059.2,1,5
2021-06-17 11:40:32,B,1059.15,1,6
2021-06-17 11:40:32,B,1059.05,2,9
2021-06-17 11:40:33,S,1060.95,2,18
2021-06-17 11:40:33,S,1061.0,3,26
2021-06-17 11:40:33,S,1061.1,2,11
2021-06-17 11:40:33,S,1061.3,2,7
2021-06-17 11:40:33,S,1061.55,1,12
2021-06-17 11:40:33,B,1059.55,3,15
2021-06-17 11:40:33,B,1059.3,1,10
2021-06-17 11:40:33,B,1059.2,1,5
2021-06-17 11:40:33,B,1059.15,1,6
2021-06-17 11:40:33,B,1059.05,2,9
2021-06-17 11:40:34,S,1060.95,2,15
2021-06-17 11:40:34,S,1061.0,2,21
2021-06-17 11:40:34,S,1061.3,2,10
2021-06-17 11:40:34,S,1061.55,1,12
2021-06-17 11:40:34,S,1061.6,4,14
2021-06-17 11:40:34,B,1059.65,1,1
2021-06-17 11:40:34,B,1059.6,1,9
2021-06-17 11:40:34,B,1059.55,2,14
2021-06-17 11:40:34,B,1059.2,1,5
2021-06-17 11:40:34,B,1059.15,1,6
2021-06-17 11:40:36,S,1060.95,2,15
2021-06-17 11:40:36,S,1061.0,2,21
2021-06-17 11:40:36,S,1061.3,2,10
2021-06-17 11:40:36,S,1061.55,1,12
2021-06-17 11:40:36,S,1061.6,4,14
2021-06-17 11:40:36,B,1059.65,1,1
2021-06-17 11:40:36,B,1059.6,1,9
2021-06-17 11:40:36,B,1059.55,2,14
2021-06-17 11:40:36,B,1059.2,1,5
2021-06-17 11:40:36,B,1059.15,1,6
2021-06-17 11:40:37,S,1060.9,1,4
2021-06-17 11:40:37,S,1061.0,2,21
2021-06-17 11:40:37,S,1061.4,1,9
2021-06-17 11:40:37,S,1061.55,3,25
2021-06-17 11:40:37,S,1061.6,3,13
2021-06-17 11:40:37,B,1059.65,1,1
2021-06-17 11:40:37,B,1059.6,1,9
2021-06-17 11:40:37,B,1059.55,2,14
2021-06-17 11:40:37,B,1059.5,1,3
2021-06-17 11:40:37,B,1059.2,1,5
2021-06-17 11:40:41,S,1060.9,1,3
2021-06-17 11:40:41,S,1061.0,2,21
2021-06-17 11:40:41,S,1061.2,2,5
2021-06-17 11:40:41,S,1061.25,2,4
2021-06-17 11:40:41,S,1061.55,3,25
2021-06-17 11:40:41,B,1059.65,1,1
2021-06-17 11:40:41,B,1059.6,1,9
2021-06-17 11:40:41,B,1059.55,2,14
2021-06-17 11:40:41,B,1059.5,1,3
2021-06-17 11:40:41,B,1059.2,1,5
2021-06-17 11:40:43,S,1060.8,1,1
2021-06-17 11:40:43,S,1060.85,1,9
2021-06-17 11:40:43,S,1060.9,3,13
2021-06-17 11:40:43,S,1060.95,3,11
2021-06-17 11:40:43,S,1061.0,2,21
2021-06-17 11:40:43,B,1059.3,1,1
2021-06-17 11:40:43,B,1059.25,2,14
2021-06-17 11:40:43,B,1059.2,3,16
2021-06-17 11:40:43,B,1059.15,1,6
2021-06-17 11:40:43,B,1059.05,2,9
2021-06-17 11:40:46,S,1060.75,1,1
2021-06-17 11:40:46,S,1060.8,2,4
2021-06-17 11:40:46,S,1060.9,3,13
2021-06-17 11:40:46,S,1060.95,2,8
2021-06-17 11:40:46,S,1061.0,2,21
2021-06-17 11:40:46,B,1059.55,1,1
2021-06-17 11:40:46,B,1059.5,1,10
2021-06-17 11:40:46,B,1059.3,1,12
2021-06-17 11:40:46,B,1059.25,2,14
2021-06-17 11:40:46,B,1059.2,3,16
2021-06-17 11:40:51,S,1060.75,1,1
2021-06-17 11:40:51,S,1060.8,2,4
2021-06-17 11:40:51,S,1060.9,3,13
2021-06-17 11:40:51,S,1060.95,2,8
2021-06-17 11:40:51,S,1061.0,2,21
2021-06-17 11:40:51,B,1059.55,1,1
2021-06-17 11:40:51,B,1059.5,1,10
2021-06-17 11:40:51,B,1059.3,1,12
2021-06-17 11:40:51,B,1059.25,2,14
2021-06-17 11:40:51,B,1059.2,3,16
2021-06-17 11:40:52,S,1060.75,1,1
2021-06-17 11:40:52,S,1060.8,2,4
2021-06-17 11:40:52,S,1060.9,2,6
2021-06-17 11:40:52,S,1060.95,2,8
2021-06-17 11:40:52,S,1061.0,2,21
2021-06-17 11:40:52,B,1059.65,1,1
2021-06-17 11:40:52,B,1059.6,1,9
2021-06-17 11:40:52,B,1059.3,1,12
2021-06-17 11:40:52,B,1059.25,2,14
2021-06-17 11:40:52,B,1059.2,3,16
2021-06-17 11:40:54,S,1060.75,1,1
2021-06-17 11:40:54,S,1060.8,2,4
2021-06-17 11:40:54,S,1060.9,2,6
2021-06-17 11:40:54,S,1060.95,2,8
2021-06-17 11:40:54,S,1061.0,2,21
2021-06-17 11:40:54,B,1059.65,1,1
2021-06-17 11:40:54,B,1059.6,1,9
2021-06-17 11:40:54,B,1059.3,1,12
2021-06-17 11:40:54,B,1059.25,2,14
2021-06-17 11:40:54,B,1059.2,4,18
2021-06-17 11:40:56,S,1060.75,1,1
2021-06-17 11:40:56,S,1060.8,1,3
2021-06-17 11:40:56,S,1060.9,2,6
2021-06-17 11:40:56,S,1060.95,2,8
2021-06-17 11:40:56,S,1061.0,2,21
2021-06-17 11:40:56,B,1059.65,1,1
2021-06-17 11:40:56,B,1059.6,1,9
2021-06-17 11:40:56,B,1059.3,1,12
2021-06-17 11:40:56,B,1059.25,2,14
2021-06-17 11:40:56,B,1059.2,4,18
2021-06-17 11:40:58,S,1060.75,1,1
2021-06-17 11:40:58,S,1060.8,1,3
2021-06-17 11:40:58,S,1060.9,2,6
2021-06-17 11:40:58,S,1060.95,2,8
2021-06-17 11:40:58,S,1061.0,2,21
2021-06-17 11:40:58,B,1059.65,1,1
2021-06-17 11:40:58,B,1059.6,1,9
2021-06-17 11:40:58,B,1059.3,2,13
2021-06-17 11:40:58,B,1059.25,2,14
2021-06-17 11:40:58,B,1059.2,4,18
2021-06-17 11:41:07,S,1060.75,1,1
2021-06-17 11:41:07,S,1060.8,1,3
2021-06-17 11:41:07,S,1060.9,2,6
2021-06-17 11:41:07,S,1060.95,2,8
2021-06-17 11:41:07,S,1061.0,2,21
2021-06-17 11:41:07,B,1059.65,1,1
2021-06-17 11:41:07,B,1059.6,1,9
2021-06-17 11:41:07,B,1059.3,2,13
2021-06-17 11:41:07,B,1059.25,2,14
2021-06-17 11:41:07,B,1059.2,4,18
2021-06-17 11:41:08,S,1060.95,1,5
2021-06-17 11:41:08,S,1061.0,1,20
2021-06-17 11:41:08,S,1061.15,2,5
2021-06-17 11:41:08,S,1061.2,2,24
2021-06-17 11:41:08,S,1061.25,3,14
2021-06-17 11:41:08,B,1059.65,1,1
2021-06-17 11:41:08,B,1059.6,1,9
2021-06-17 11:41:08,B,1059.25,3,15
2021-06-17 11:41:08,B,1059.2,4,18
2021-06-17 11:41:08,B,1059.15,1,6
2021-06-17 11:41:34,S,1060.95,1,5
2021-06-17 11:41:34,S,1061.0,2,21
2021-06-17 11:41:34,S,1061.15,2,5
2021-06-17 11:41:34,S,1061.2,2,24
2021-06-17 11:41:34,S,1061.25,3,14
2021-06-17 11:41:34,B,1059.65,1,1
2021-06-17 11:41:34,B,1059.6,1,9
2021-06-17 11:41:34,B,1059.25,2,14
2021-06-17 11:41:34,B,1059.2,4,18
2021-06-17 11:41:34,B,1059.15,1,6
2021-06-17 11:41:35,S,1061.9,1,923
2021-06-17 11:41:35,S,1062.55,2,10
2021-06-17 11:41:35,S,1062.8,1,1
2021-06-17 11:41:35,S,1062.85,2,12
2021-06-17 11:41:35,S,1063.15,2,14
2021-06-17 11:41:35,B,1060.45,1,1
2021-06-17 11:41:35,B,1060.4,1,27
2021-06-17 11:41:35,B,1060.25,1,9
2021-06-17 11:41:35,B,1060.1,2,8
2021-06-17 11:41:35,B,1060.05,1,7
2021-06-17 11:41:40,S,1061.9,1,923
2021-06-17 11:41:40,S,1062.4,2,4
2021-06-17 11:41:40,S,1062.55,2,10
2021-06-17 11:41:40,S,1062.8,1,1
2021-06-17 11:41:40,S,1062.85,2,12
2021-06-17 11:41:40,B,1060.45,1,1
2021-06-17 11:41:40,B,1060.4,1,27
2021-06-17 11:41:40,B,1060.25,1,9
2021-06-17 11:41:40,B,1060.1,2,8
2021-06-17 11:41:40,B,1060.05,1,7
2021-06-17 11:41:45,S,1061.9,2,924
2021-06-17 11:41:45,S,1062.4,2,4
2021-06-17 11:41:45,S,1062.55,2,10
2021-06-17 11:41:45,S,1062.8,1,1
2021-06-17 11:41:45,S,1062.85,2,12
2021-06-17 11:41:45,B,1060.45,1,1
2021-06-17 11:41:45,B,1060.4,1,27
2021-06-17 11:41:45,B,1060.2,1,3
2021-06-17 11:41:45,B,1060.1,2,8
2021-06-17 11:41:45,B,1060.05,1,7
2021-06-17 11:41:50,S,1061.9,2,924
2021-06-17 11:41:50,S,1062.4,2,4
2021-06-17 11:41:50,S,1062.55,2,10
2021-06-17 11:41:50,S,1062.8,1,1
2021-06-17 11:41:50,S,1062.85,2,12
2021-06-17 11:41:50,B,1060.45,1,1
2021-06-17 11:41:50,B,1060.4,1,27
2021-06-17 11:41:50,B,1060.2,1,3
2021-06-17 11:41:50,B,1060.1,2,8
2021-06-17 11:41:50,B,1060.05,1,7
2021-06-17 11:42:04,S,1061.9,2,4
2021-06-17 11:42:04,S,1061.95,1,7
2021-06-17 11:42:04,S,1062.0,2,14
2021-06-17 11:42:04,S,1062.05,1,109
2021-06-17 11:42:04,S,1062.25,1,10
2021-06-17 11:42:04,B,1060.6,1,1
2021-06-17 11:42:04,B,1060.55,1,9
2021-06-17 11:42:04,B,1060.25,2,4
2021-06-17 11:42:04,B,1060.2,2,4
2021-06-17 11:42:04,B,1060.1,1,7
2021-06-17 11:42:06,S,1061.9,2,4
2021-06-17 11:42:06,S,1061.95,1,7
2021-06-17 11:42:06,S,1062.0,2,14
2021-06-17 11:42:06,S,1062.05,1,109
2021-06-17 11:42:06,S,1062.25,1,10
2021-06-17 11:42:06,B,1060.6,1,1
2021-06-17 11:42:06,B,1060.55,1,9
2021-06-17 11:42:06,B,1060.25,2,4
2021-06-17 11:42:06,B,1060.2,2,4
2021-06-17 11:42:06,B,1060.1,1,7
2021-06-17 11:42:19,S,1061.9,2,4
2021-06-17 11:42:19,S,1061.95,1,7
2021-06-17 11:42:19,S,1062.0,2,14
2021-06-17 11:42:19,S,1062.05,1,109
2021-06-17 11:42:19,S,1062.25,1,10
2021-06-17 11:42:19,B,1060.6,1,1
2021-06-17 11:42:19,B,1060.55,1,9
2021-06-17 11:42:19,B,1060.25,2,4
2021-06-17 11:42:19,B,1060.2,2,4
2021-06-17 11:42:19,B,1060.1,1,7
2021-06-17 11:42:30,S,1061.9,2,4
2021-06-17 11:42:30,S,1061.95,1,7
2021-06-17 11:42:30,S,1062.0,2,14
2021-06-17 11:42:30,S,1062.25,1,10
2021-06-17 11:42:30,S,1062.4,1,3
2021-06-17 11:42:30,B,1060.6,2,10
2021-06-17 11:42:30,B,1060.25,2,4
2021-06-17 11:42:30,B,1060.2,2,4
2021-06-17 11:42:30,B,1060.1,1,7
2021-06-17 11:42:30,B,1060.05,1,7
2021-06-17 11:42:35,S,1061.9,2,4
2021-06-17 11:42:35,S,1061.95,1,7
2021-06-17 11:42:35,S,1062.0,2,14
2021-06-17 11:42:35,S,1062.25,1,10
2021-06-17 11:42:35,S,1062.4,1,3
2021-06-17 11:42:35,B,1060.6,2,10
2021-06-17 11:42:35,B,1060.25,2,4
2021-06-17 11:42:35,B,1060.2,2,4
2021-06-17 11:42:35,B,1060.1,1,7
2021-06-17 11:42:35,B,1060.05,1,7
2021-06-17 11:42:37,S,1061.9,2,4
2021-06-17 11:42:37,S,1061.95,1,7
2021-06-17 11:42:37,S,1062.0,2,14
2021-06-17 11:42:37,S,1062.25,1,10
2021-06-17 11:42:37,S,1062.4,1,3
2021-06-17 11:42:37,B,1060.6,2,10
2021-06-17 11:42:37,B,1060.25,2,4
2021-06-17 11:42:37,B,1060.2,2,4
2021-06-17 11:42:37,B,1060.1,1,7
2021-06-17 11:42:37,B,1060.05,1,7
2021-06-17 11:42:39,S,1061.85,1,1
2021-06-17 11:42:39,S,1061.9,2,4
2021-06-17 11:42:39,S,1061.95,1,7
2021-06-17 11:42:39,S,1062.0,2,14
2021-06-17 11:42:39,S,1062.25,2,20
2021-06-17 11:42:39,B,1060.65,1,1
2021-06-17 11:42:39,B,1060.6,1,7
2021-06-17 11:42:39,B,1060.25,2,4
2021-06-17 11:42:39,B,1060.2,2,4
2021-06-17 11:42:39,B,1060.1,1,7
2021-06-17 11:42:41,S,1061.85,2,2
2021-06-17 11:42:41,S,1061.9,1,3
2021-06-17 11:42:41,S,1061.95,1,7
2021-06-17 11:42:41,S,1062.0,2,14
2021-06-17 11:42:41,S,1062.25,2,20
2021-06-17 11:42:41,B,1060.65,1,1
2021-06-17 11:42:41,B,1060.6,1,7
2021-06-17 11:42:41,B,1060.25,2,4
2021-06-17 11:42:41,B,1060.2,2,4
2021-06-17 11:42:41,B,1060.1,1,7
2021-06-17 11:43:19,S,1061.85,2,2
2021-06-17 11:43:19,S,1061.9,1,3
2021-06-17 11:43:19,S,1061.95,1,7
2021-06-17 11:43:19,S,1062.0,2,14
2021-06-17 11:43:19,S,1062.25,2,20
2021-06-17 11:43:19,B,1060.65,1,1
2021-06-17 11:43:19,B,1060.6,1,7
2021-06-17 11:43:19,B,1060.25,2,4
2021-06-17 11:43:19,B,1060.2,2,4
2021-06-17 11:43:19,B,1060.1,1,7
2021-06-17 11:43:22,S,1061.85,2,2
2021-06-17 11:43:22,S,1061.9,1,3
2021-06-17 11:43:22,S,1061.95,1,7
2021-06-17 11:43:22,S,1062.0,2,14
2021-06-17 11:43:22,S,1062.25,2,20
2021-06-17 11:43:22,B,1060.65,1,1
2021-06-17 11:43:22,B,1060.6,1,7
2021-06-17 11:43:22,B,1060.25,2,4
2021-06-17 11:43:22,B,1060.2,2,4
2021-06-17 11:43:22,B,1060.1,1,7
2021-06-17 11:43:24,S,1061.85,2,2
2021-06-17 11:43:24,S,1061.9,1,3
2021-06-17 11:43:24,S,1061.95,1,7
2021-06-17 11:43:24,S,1062.0,2,14
2021-06-17 11:43:24,S,1062.25,2,20
2021-06-17 11:43:24,B,1060.8,1,1
2021-06-17 11:43:24,B,1060.75,1,10
2021-06-17 11:43:24,B,1060.65,1,12
2021-06-17 11:43:24,B,1060.6,1,15
2021-06-17 11:43:24,B,1060.25,2,4
2021-06-17 11:43:27,S,1059.95,1,1
2021-06-17 11:43:27,S,1060.0,2,92
2021-06-17 11:43:27,S,1060.7,1,10
2021-06-17 11:43:27,S,1060.85,1,3
2021-06-17 11:43:27,S,1061.25,1,3
2021-06-17 11:43:27,B,1059.3,1,3
2021-06-17 11:43:27,B,1059.2,3,11
2021-06-17 11:43:27,B,1059.05,1,2
2021-06-17 11:43:27,B,1059.0,3,171
2021-06-17 11:43:27,B,1058.65,1,12
2021-06-17 11:43:29,S,1059.95,2,2
2021-06-17 11:43:29,S,1060.0,1,91
2021-06-17 11:43:29,S,1060.65,1,9
2021-06-17 11:43:29,S,1060.85,1,3
2021-06-17 11:43:29,S,1061.25,1,3
2021-06-17 11:43:29,B,1059.3,1,3
2021-06-17 11:43:29,B,1059.2,3,11
2021-06-17 11:43:29,B,1059.15,1,9
2021-06-17 11:43:29,B,1059.0,3,171
2021-06-17 11:43:29,B,1058.65,1,12
2021-06-17 11:43:32,S,1059.95,2,2
2021-06-17 11:43:32,S,1060.0,1,91
2021-06-17 11:43:32,S,1060.65,1,9
2021-06-17 11:43:32,S,1060.85,1,3
2021-06-17 11:43:32,S,1061.25,1,3
2021-06-17 11:43:32,B,1059.3,1,3
2021-06-17 11:43:32,B,1059.2,3,11
2021-06-17 11:43:32,B,1059.15,1,9
2021-06-17 11:43:32,B,1059.0,3,171
2021-06-17 11:43:32,B,1058.65,1,12
2021-06-17 11:43:36,S,1059.95,1,1
2021-06-17 11:43:36,S,1060.8,1,1
2021-06-17 11:43:36,S,1060.85,1,3
2021-06-17 11:43:36,S,1061.0,1,7
2021-06-17 11:43:36,S,1061.05,1,10
2021-06-17 11:43:36,B,1059.4,1,10
2021-06-17 11:43:36,B,1059.3,1,3
2021-06-17 11:43:36,B,1059.2,3,11
2021-06-17 11:43:36,B,1059.05,2,22
2021-06-17 11:43:36,B,1059.0,3,171
2021-06-17 11:43:38,S,1059.95,1,1
2021-06-17 11:43:38,S,1060.8,1,1
2021-06-17 11:43:38,S,1060.85,1,3
2021-06-17 11:43:38,S,1061.0,1,7
2021-06-17 11:43:38,S,1061.05,1,10
2021-06-17 11:43:38,B,1059.4,1,10
2021-06-17 11:43:38,B,1059.3,1,3
2021-06-17 11:43:38,B,1059.2,3,11
2021-06-17 11:43:38,B,1059.05,2,22
2021-06-17 11:43:38,B,1059.0,3,171
2021-06-17 11:43:40,S,1059.95,1,1
2021-06-17 11:43:40,S,1060.8,1,1
2021-06-17 11:43:40,S,1060.85,1,3
2021-06-17 11:43:40,S,1061.0,1,7
2021-06-17 11:43:40,S,1061.2,1,10
2021-06-17 11:43:40,B,1059.4,1,10
2021-06-17 11:43:40,B,1059.3,1,3
2021-06-17 11:43:40,B,1059.2,3,11
2021-06-17 11:43:40,B,1059.05,1,12
2021-06-17 11:43:40,B,1059.0,3,171
2021-06-17 11:43:42,S,1059.95,1,1
2021-06-17 11:43:42,S,1060.8,1,1
2021-06-17 11:43:42,S,1060.85,1,3
2021-06-17 11:43:42,S,1061.0,1,7
2021-06-17 11:43:42,S,1061.2,1,10
2021-06-17 11:43:42,B,1059.4,1,10
2021-06-17 11:43:42,B,1059.3,1,3
2021-06-17 11:43:42,B,1059.2,3,11
2021-06-17 11:43:42,B,1059.05,1,12
2021-06-17 11:43:42,B,1059.0,3,171
2021-06-17 11:43:46,S,1060.8,1,1
2021-06-17 11:43:46,S,1060.85,1,3
2021-06-17 11:43:46,S,1061.0,1,7
2021-06-17 11:43:46,S,1061.2,1,10
2021-06-17 11:43:46,S,1061.25,1,3
2021-06-17 11:43:46,B,1059.4,1,10
2021-06-17 11:43:46,B,1059.3,1,3
2021-06-17 11:43:46,B,1059.2,3,11
2021-06-17 11:43:46,B,1059.05,1,12
2021-06-17 11:43:46,B,1059.0,3,171
2021-06-17 11:43:53,S,1060.8,1,1
2021-06-17 11:43:53,S,1060.85,1,3
2021-06-17 11:43:53,S,1061.0,1,7
2021-06-17 11:43:53,S,1061.2,1,10
2021-06-17 11:43:53,S,1061.25,1,3
2021-06-17 11:43:53,B,1059.4,1,10
2021-06-17 11:43:53,B,1059.3,1,3
2021-06-17 11:43:53,B,1059.2,3,11
2021-06-17 11:43:53,B,1059.05,1,12
2021-06-17 11:43:53,B,1059.0,3,171
2021-06-17 11:43:58,S,1060.8,1,1
2021-06-17 11:43:58,S,1060.85,1,3
2021-06-17 11:43:58,S,1061.0,1,7
2021-06-17 11:43:58,S,1061.2,1,10
2021-06-17 11:43:58,S,1061.25,1,3
2021-06-17 11:43:58,B,1059.4,1,10
2021-06-17 11:43:58,B,1059.3,1,3
2021-06-17 11:43:58,B,1059.2,3,11
2021-06-17 11:43:58,B,1059.05,1,12
2021-06-17 11:43:58,B,1059.0,3,171
2021-06-17 11:44:06,S,1060.8,1,1
2021-06-17 11:44:06,S,1060.85,1,3
2021-06-17 11:44:06,S,1061.0,1,7
2021-06-17 11:44:06,S,1061.2,1,10
2021-06-17 11:44:06,S,1061.25,1,3
2021-06-17 11:44:06,B,1059.4,1,10
2021-06-17 11:44:06,B,1059.3,1,3
2021-06-17 11:44:06,B,1059.2,3,11
2021-06-17 11:44:06,B,1059.05,1,12
2021-06-17 11:44:06,B,1059.0,3,171
2021-06-17 11:44:07,S,1060.8,1,1
2021-06-17 11:44:07,S,1060.85,1,3
2021-06-17 11:44:07,S,1061.0,1,7
2021-06-17 11:44:07,S,1061.2,1,10
2021-06-17 11:44:07,S,1061.25,1,3
2021-06-17 11:44:07,B,1060.0,1,2
2021-06-17 11:44:07,B,1059.95,1,10
2021-06-17 11:44:07,B,1059.45,1,3
2021-06-17 11:44:07,B,1059.4,1,10
2021-06-17 11:44:07,B,1059.2,3,11
2021-06-17 11:44:09,S,1060.95,1,1
2021-06-17 11:44:09,S,1061.0,1,7
2021-06-17 11:44:09,S,1061.25,1,3
2021-06-17 11:44:09,S,1061.4,1,9
2021-06-17 11:44:09,S,1061.45,1,7
2021-06-17 11:44:09,B,1060.0,1,2
2021-06-17 11:44:09,B,1059.95,2,19
2021-06-17 11:44:09,B,1059.45,1,3
2021-06-17 11:44:09,B,1059.2,3,11
2021-06-17 11:44:09,B,1059.05,2,21
2021-06-17 11:44:11,S,1060.8,1,1
2021-06-17 11:44:11,S,1060.95,1,1
2021-06-17 11:44:11,S,1061.0,1,7
2021-06-17 11:44:11,S,1061.25,1,3
2021-06-17 11:44:11,S,1061.4,1,9
2021-06-17 11:44:11,B,1060.0,1,2
2021-06-17 11:44:11,B,1059.95,1,10
2021-06-17 11:44:11,B,1059.8,1,10
2021-06-17 11:44:11,B,1059.45,1,3
2021-06-17 11:44:11,B,1059.2,3,11
2021-06-17 11:44:21,S,1060.8,1,1
2021-06-17 11:44:21,S,1060.95,1,1
2021-06-17 11:44:21,S,1061.0,1,7
2021-06-17 11:44:21,S,1061.25,1,3
2021-06-17 11:44:21,S,1061.4,1,9
2021-06-17 11:44:21,B,1060.0,1,2
2021-06-17 11:44:21,B,1059.95,1,10
2021-06-17 11:44:21,B,1059.8,1,10
2021-06-17 11:44:21,B,1059.45,1,3
2021-06-17 11:44:21,B,1059.2,3,11
2021-06-17 11:44:22,S,1061.15,1,1
2021-06-17 11:44:22,S,1061.2,2,10
2021-06-17 11:44:22,S,1061.25,2,9
2021-06-17 11:44:22,S,1061.3,1,7
2021-06-17 11:44:22,S,1061.35,1,7
2021-06-17 11:44:22,B,1060.05,1,1
2021-06-17 11:44:22,B,1060.0,1,2
2021-06-17 11:44:22,B,1059.95,1,10
2021-06-17 11:44:22,B,1059.6,1,10
2021-06-17 11:44:22,B,1059.45,1,3
2021-06-17 11:44:30,S,1061.15,3,12
2021-06-17 11:44:30,S,1061.25,2,9
2021-06-17 11:44:30,S,1061.3,1,7
2021-06-17 11:44:30,S,1061.35,1,7
2021-06-17 11:44:30,S,1061.45,1,7
2021-06-17 11:44:30,B,1060.05,1,1
2021-06-17 11:44:30,B,1060.0,1,2
2021-06-17 11:44:30,B,1059.95,1,10
2021-06-17 11:44:30,B,1059.6,1,10
2021-06-17 11:44:30,B,1059.45,1,3
2021-06-17 11:44:39,S,1060.95,1,1
2021-06-17 11:44:39,S,1061.0,1,1
2021-06-17 11:44:39,S,1061.15,2,11
2021-06-17 11:44:39,S,1061.25,2,9
2021-06-17 11:44:39,S,1061.3,1,7
2021-06-17 11:44:39,B,1060.05,1,1
2021-06-17 11:44:39,B,1060.0,1,2
2021-06-17 11:44:39,B,1059.95,1,10
2021-06-17 11:44:39,B,1059.6,1,10
2021-06-17 11:44:39,B,1059.45,1,3
2021-06-17 11:45:01,S,1060.95,1,1
2021-06-17 11:45:01,S,1061.0,1,1
2021-06-17 11:45:01,S,1061.15,2,11
2021-06-17 11:45:01,S,1061.25,2,9
2021-06-17 11:45:01,S,1061.3,1,7
2021-06-17 11:45:01,B,1060.05,1,1
2021-06-17 11:45:01,B,1060.0,1,2
2021-06-17 11:45:01,B,1059.95,1,10
2021-06-17 11:45:01,B,1059.6,1,10
2021-06-17 11:45:01,B,1059.45,1,3
2021-06-17 11:45:07,S,1059.6,1,9
2021-06-17 11:45:07,S,1059.8,1,1
2021-06-17 11:45:07,S,1059.85,2,3
2021-06-17 11:45:07,S,1060.25,2,8
2021-06-17 11:45:07,S,1060.45,1,10
2021-06-17 11:45:07,B,1058.6,1,41
2021-06-17 11:45:07,B,1058.0,6,236
2021-06-17 11:45:07,B,1057.65,1,1
2021-06-17 11:45:07,B,1057.55,2,2
2021-06-17 11:45:07,B,1057.45,2,19
2021-06-17 11:45:11,S,1059.55,1,1
2021-06-17 11:45:11,S,1059.6,1,9
2021-06-17 11:45:11,S,1059.85,2,13
2021-06-17 11:45:11,S,1060.15,1,12
2021-06-17 11:45:11,S,1060.2,1,3
2021-06-17 11:45:11,B,1058.6,1,41
2021-06-17 11:45:11,B,1058.15,1,2
2021-06-17 11:45:11,B,1058.05,1,10
2021-06-17 11:45:11,B,1058.0,6,236
2021-06-17 11:45:11,B,1057.6,1,1
2021-06-17 11:45:19,S,1059.55,1,1
2021-06-17 11:45:19,S,1059.6,1,9
2021-06-17 11:45:19,S,1059.85,2,13
2021-06-17 11:45:19,S,1060.15,1,12
2021-06-17 11:45:19,S,1060.2,1,3
2021-06-17 11:45:19,B,1058.6,1,41
2021-06-17 11:45:19,B,1058.15,1,2
2021-06-17 11:45:19,B,1058.05,1,10
2021-06-17 11:45:19,B,1058.0,6,236
2021-06-17 11:45:19,B,1057.6,1,1
2021-06-17 11:45:21,S,1060.15,1,1
2021-06-17 11:45:21,S,1060.2,1,3
2021-06-17 11:45:21,S,1060.25,1,7
2021-06-17 11:45:21,S,1060.5,1,12
2021-06-17 11:45:21,S,1060.55,2,17
2021-06-17 11:45:21,B,1059.05,1,1
2021-06-17 11:45:21,B,1059.0,1,9
2021-06-17 11:45:21,B,1058.7,2,3
2021-06-17 11:45:21,B,1058.6,1,41
2021-06-17 11:45:21,B,1058.3,1,2
2021-06-17 11:45:22,S,1060.15,1,1
2021-06-17 11:45:22,S,1060.2,1,3
2021-06-17 11:45:22,S,1060.25,1,7
2021-06-17 11:45:22,S,1060.5,1,12
2021-06-17 11:45:22,S,1060.55,2,17
2021-06-17 11:45:22,B,1059.05,1,1
2021-06-17 11:45:22,B,1059.0,1,9
2021-06-17 11:45:22,B,1058.7,2,3
2021-06-17 11:45:22,B,1058.6,1,41
2021-06-17 11:45:22,B,1058.3,1,2
2021-06-17 11:45:22,S,1060.2,1,3
2021-06-17 11:45:22,S,1060.25,1,7
2021-06-17 11:45:22,S,1060.5,1,12
2021-06-17 11:45:22,S,1060.55,2,17
2021-06-17 11:45:22,S,1060.6,1,3
2021-06-17 11:45:22,B,1059.05,1,1
2021-06-17 11:45:22,B,1059.0,1,9
2021-06-17 11:45:22,B,1058.7,1,2
2021-06-17 11:45:22,B,1058.6,1,41
2021-06-17 11:45:22,B,1058.3,1,2
2021-06-17 11:45:25,S,1060.7,1,10
2021-06-17 11:45:25,S,1060.75,1,7
2021-06-17 11:45:25,S,1060.8,1,7
2021-06-17 11:45:25,S,1060.85,1,7
2021-06-17 11:45:25,S,1060.9,3,21
2021-06-17 11:45:25,B,1059.1,2,10
2021-06-17 11:45:25,B,1059.05,1,7
2021-06-17 11:45:25,B,1058.8,2,2
2021-06-17 11:45:25,B,1058.75,1,7
2021-06-17 11:45:25,B,1058.7,3,10
2021-06-17 11:45:27,S,1060.6,1,10
2021-06-17 11:45:27,S,1060.7,1,3
2021-06-17 11:45:27,S,1060.75,1,7
2021-06-17 11:45:27,S,1060.8,1,7
2021-06-17 11:45:27,S,1060.85,1,7
2021-06-17 11:45:27,B,1059.1,2,10
2021-06-17 11:45:27,B,1059.05,1,7
2021-06-17 11:45:27,B,1058.8,2,2
2021-06-17 11:45:27,B,1058.75,1,7
2021-06-17 11:45:27,B,1058.7,3,10
2021-06-17 11:45:29,S,1060.6,1,10
2021-06-17 11:45:29,S,1060.7,1,3
2021-06-17 11:45:29,S,1060.75,1,7
2021-06-17 11:45:29,S,1060.8,1,7
2021-06-17 11:45:29,S,1060.85,1,7
2021-06-17 11:45:29,B,1059.1,2,10
2021-06-17 11:45:29,B,1059.05,1,7
2021-06-17 11:45:29,B,1058.8,2,2
2021-06-17 11:45:29,B,1058.75,1,7
2021-06-17 11:45:29,B,1058.7,3,10
2021-06-17 11:45:31,S,1060.6,1,10
2021-06-17 11:45:31,S,1060.7,1,3
2021-06-17 11:45:31,S,1060.75,1,7
2021-06-17 11:45:31,S,1060.8,1,7
2021-06-17 11:45:31,S,1060.85,1,7
2021-06-17 11:45:31,B,1059.1,2,10
2021-06-17 11:45:31,B,1059.05,1,7
2021-06-17 11:45:31,B,1058.8,2,2
2021-06-17 11:45:31,B,1058.75,1,7
2021-06-17 11:45:31,B,1058.7,3,10
2021-06-17 11:45:34,S,1060.6,1,10
2021-06-17 11:45:34,S,1060.7,1,3
2021-06-17 11:45:34,S,1060.75,1,7
2021-06-17 11:45:34,S,1060.8,1,7
2021-06-17 11:45:34,S,1060.85,1,7
2021-06-17 11:45:34,B,1059.1,2,10
2021-06-17 11:45:34,B,1059.05,1,7
2021-06-17 11:45:34,B,1058.8,1,1
2021-06-17 11:45:34,B,1058.75,1,7
2021-06-17 11:45:34,B,1058.7,3,10
2021-06-17 11:45:47,S,1060.6,1,10
2021-06-17 11:45:47,S,1060.7,1,3
2021-06-17 11:45:47,S,1060.75,1,7
2021-06-17 11:45:47,S,1060.8,1,7
2021-06-17 11:45:47,S,1060.85,1,7
2021-06-17 11:45:47,B,1059.1,2,10
2021-06-17 11:45:47,B,1059.05,1,7
2021-06-17 11:45:47,B,1058.8,1,1
2021-06-17 11:45:47,B,1058.75,1,7
2021-06-17 11:45:47,B,1058.7,3,10
2021-06-17 11:45:48,S,1060.7,1,3
2021-06-17 11:45:48,S,1060.9,2,9
2021-06-17 11:45:48,S,1061.0,2,2
2021-06-17 11:45:48,S,1061.05,1,11
2021-06-17 11:45:48,S,1061.2,1,3
2021-06-17 11:45:48,B,1059.25,1,1
2021-06-17 11:45:48,B,1059.2,1,9
2021-06-17 11:45:48,B,1059.15,1,2
2021-06-17 11:45:48,B,1059.05,1,7
2021-06-17 11:45:48,B,1058.8,1,1
2021-06-17 11:45:49,S,1060.9,2,9
2021-06-17 11:45:49,S,1061.0,2,2
2021-06-17 11:45:49,S,1061.15,1,10
2021-06-17 11:45:49,S,1061.2,1,3
2021-06-17 11:45:49,S,1061.25,1,3
2021-06-17 11:45:49,B,1059.25,1,1
2021-06-17 11:45:49,B,1059.2,1,9
2021-06-17 11:45:49,B,1059.15,1,2
2021-06-17 11:45:49,B,1059.05,1,7
2021-06-17 11:45:49,B,1058.8,1,1
2021-06-17 11:45:52,S,1060.9,2,9
2021-06-17 11:45:52,S,1061.0,2,2
2021-06-17 11:45:52,S,1061.15,1,10
2021-06-17 11:45:52,S,1061.2,1,3
2021-06-17 11:45:52,S,1061.25,1,3
2021-06-17 11:45:52,B,1059.25,1,1
2021-06-17 11:45:52,B,1059.2,1,9
2021-06-17 11:45:52,B,1059.15,1,2
2021-06-17 11:45:52,B,1059.05,1,7
2021-06-17 11:45:52,B,1058.8,1,1
2021-06-17 11:46:04,S,1061.0,1,1
2021-06-17 11:46:04,S,1061.25,1,3
2021-06-17 11:46:04,S,1061.45,1,3
2021-06-17 11:46:04,S,1061.5,1,3
2021-06-17 11:46:04,S,1061.6,1,8
2021-06-17 11:46:04,B,1060.25,1,1
2021-06-17 11:46:04,B,1060.2,1,24
2021-06-17 11:46:04,B,1059.9,1,10
2021-06-17 11:46:04,B,1059.65,1,2
2021-06-17 11:46:04,B,1059.15,1,2
2021-06-17 11:46:06,S,1061.0,1,1
2021-06-17 11:46:06,S,1061.4,1,7
2021-06-17 11:46:06,S,1061.45,1,3
2021-06-17 11:46:06,S,1061.55,1,7
2021-06-17 11:46:06,S,1061.75,1,7
2021-06-17 11:46:06,B,1060.35,1,1
2021-06-17 11:46:06,B,1060.3,1,9
2021-06-17 11:46:06,B,1060.2,2,74
2021-06-17 11:46:06,B,1059.65,1,2
2021-06-17 11:46:06,B,1059.15,1,2
2021-06-17 11:46:20,S,1061.0,1,1
2021-06-17 11:46:20,S,1061.4,1,7
2021-06-17 11:46:20,S,1061.45,1,3
2021-06-17 11:46:20,S,1061.55,1,7
2021-06-17 11:46:20,S,1061.75,1,7
2021-06-17 11:46:20,B,1060.35,1,1
2021-06-17 11:46:20,B,1060.3,1,9
2021-06-17 11:46:20,B,1060.2,2,74
2021-06-17 11:46:20,B,1059.65,1,2
2021-06-17 11:46:20,B,1059.15,1,2
2021-06-17 11:46:40,S,1061.65,1,10
2021-06-17 11:46:40,S,1061.75,1,7
2021-06-17 11:46:40,S,1061.9,1,3
2021-06-17 11:46:40,S,1062.2,1,1
2021-06-17 11:46:40,S,1062.25,1,10
2021-06-17 11:46:40,B,1060.25,1,1
2021-06-17 11:46:40,B,1060.2,1,50
2021-06-17 11:46:40,B,1060.15,1,9
2021-06-17 11:46:40,B,1059.65,2,3
2021-06-17 11:46:40,B,1059.15,1,2
2021-06-17 11:46:42,S,1061.65,1,10
2021-06-17 11:46:42,S,1061.75,1,7
2021-06-17 11:46:42,S,1061.9,1,3
2021-06-17 11:46:42,S,1062.2,1,1
2021-06-17 11:46:42,S,1062.25,1,10
2021-06-17 11:46:42,B,1060.25,1,1
2021-06-17 11:46:42,B,1060.2,1,50
2021-06-17 11:46:42,B,1060.15,1,9
2021-06-17 11:46:42,B,1059.65,2,3
2021-06-17 11:46:42,B,1059.15,1,2
2021-06-17 11:46:44,S,1061.65,1,10
2021-06-17 11:46:44,S,1061.75,1,7
2021-06-17 11:46:44,S,1061.9,1,3
2021-06-17 11:46:44,S,1062.2,1,1
2021-06-17 11:46:44,S,1062.25,1,10
2021-06-17 11:46:44,B,1060.25,2,10
2021-06-17 11:46:44,B,1060.2,1,50
2021-06-17 11:46:44,B,1059.65,2,3
2021-06-17 11:46:44,B,1059.15,1,2
2021-06-17 11:46:44,B,1059.1,1,1
2021-06-17 11:46:46,S,1061.65,1,10
2021-06-17 11:46:46,S,1061.75,1,7
2021-06-17 11:46:46,S,1061.9,1,3
2021-06-17 11:46:46,S,1062.2,1,1
2021-06-17 11:46:46,S,1062.25,1,10
2021-06-17 11:46:46,B,1060.25,2,10
2021-06-17 11:46:46,B,1060.2,1,50
2021-06-17 11:46:46,B,1059.65,2,3
2021-06-17 11:46:46,B,1059.15,1,2
2021-06-17 11:46:46,B,1059.1,1,1
2021-06-17 11:46:48,S,1061.65,1,10
2021-06-17 11:46:48,S,1061.75,1,7
2021-06-17 11:46:48,S,1061.9,1,3
2021-06-17 11:46:48,S,1062.2,1,1
2021-06-17 11:46:48,S,1062.25,1,10
2021-06-17 11:46:48,B,1060.25,2,10
2021-06-17 11:46:48,B,1060.2,1,50
2021-06-17 11:46:48,B,1059.65,2,3
2021-06-17 11:46:48,B,1059.15,1,2
2021-06-17 11:46:48,B,1059.1,1,1
2021-06-17 11:46:49,S,1061.65,1,10
2021-06-17 11:46:49,S,1061.75,1,7
2021-06-17 11:46:49,S,1061.9,1,3
2021-06-17 11:46:49,S,1062.2,1,1
2021-06-17 11:46:49,S,1062.25,1,10
2021-06-17 11:46:49,B,1060.25,2,10
2021-06-17 11:46:49,B,1060.2,1,50
2021-06-17 11:46:49,B,1059.65,2,3
2021-06-17 11:46:49,B,1059.15,1,2
2021-06-17 11:46:49,B,1059.1,1,1
2021-06-17 11:46:49,S,1061.35,1,3
2021-06-17 11:46:49,S,1061.5,1,7
2021-06-17 11:46:49,S,1061.55,3,26
2021-06-17 11:46:49,S,1061.6,3,23
2021-06-17 11:46:49,S,1061.65,1,10
2021-06-17 11:46:49,B,1060.25,1,1
2021-06-17 11:46:49,B,1060.2,1,50
2021-06-17 11:46:49,B,1059.65,1,2
2021-06-17 11:46:49,B,1059.15,1,2
2021-06-17 11:46:49,B,1059.05,1,7
2021-06-17 11:46:51,S,1061.4,1,9
2021-06-17 11:46:51,S,1061.5,1,7
2021-06-17 11:46:51,S,1061.55,3,26
2021-06-17 11:46:51,S,1061.6,3,23
2021-06-17 11:46:51,S,1061.65,1,12
2021-06-17 11:46:51,B,1060.25,1,1
2021-06-17 11:46:51,B,1060.2,1,50
2021-06-17 11:46:51,B,1059.85,1,9
2021-06-17 11:46:51,B,1059.65,1,2
2021-06-17 11:46:51,B,1059.15,1,2
2021-06-17 11:46:54,S,1062.3,1,7
2021-06-17 11:46:54,S,1062.35,1,7
2021-06-17 11:46:54,S,1062.4,2,19
2021-06-17 11:46:54,S,1062.45,3,84
2021-06-17 11:46:54,S,1062.5,1,10
2021-06-17 11:46:54,B,1060.75,1,1
2021-06-17 11:46:54,B,1060.7,1,9
2021-06-17 11:46:54,B,1060.5,1,400
2021-06-17 11:46:54,B,1060.2,2,51
2021-06-17 11:46:54,B,1060.1,1,3
2021-06-17 11:46:57,S,1062.25,1,9
2021-06-17 11:46:57,S,1062.3,1,7
2021-06-17 11:46:57,S,1062.35,1,7
2021-06-17 11:46:57,S,1062.4,2,19
2021-06-17 11:46:57,S,1062.45,3,84
2021-06-17 11:46:57,B,1060.75,1,1
2021-06-17 11:46:57,B,1060.7,1,9
2021-06-17 11:46:57,B,1060.5,1,400
2021-06-17 11:46:57,B,1060.2,2,51
2021-06-17 11:46:57,B,1060.1,1,3
2021-06-17 11:46:59,S,1062.25,1,9
2021-06-17 11:46:59,S,1062.3,1,7
2021-06-17 11:46:59,S,1062.35,1,7
2021-06-17 11:46:59,S,1062.4,2,19
2021-06-17 11:46:59,S,1062.45,3,84
2021-06-17 11:46:59,B,1060.75,1,1
2021-06-17 11:46:59,B,1060.7,1,9
2021-06-17 11:46:59,B,1060.5,1,400
2021-06-17 11:46:59,B,1060.2,2,51
2021-06-17 11:46:59,B,1060.1,1,3
2021-06-17 11:47:09,S,1062.25,1,9
2021-06-17 11:47:09,S,1062.3,1,7
2021-06-17 11:47:09,S,1062.35,1,7
2021-06-17 11:47:09,S,1062.4,2,19
2021-06-17 11:47:09,S,1062.45,3,84
2021-06-17 11:47:09,B,1060.75,1,1
2021-06-17 11:47:09,B,1060.7,1,9
2021-06-17 11:47:09,B,1060.5,1,400
2021-06-17 11:47:09,B,1060.2,2,51
2021-06-17 11:47:09,B,1060.1,1,3
2021-06-17 11:47:11,S,1062.25,1,9
2021-06-17 11:47:11,S,1062.3,1,7
2021-06-17 11:47:11,S,1062.35,1,7
2021-06-17 11:47:11,S,1062.4,2,19
2021-06-17 11:47:11,S,1062.45,3,84
2021-06-17 11:47:11,B,1060.75,1,1
2021-06-17 11:47:11,B,1060.7,1,9
2021-06-17 11:47:11,B,1060.5,1,400
2021-06-17 11:47:11,B,1060.2,2,51
2021-06-17 11:47:11,B,1060.1,1,3
2021-06-17 11:47:12,S,1062.25,1,9
2021-06-17 11:47:12,S,1062.3,1,7
2021-06-17 11:47:12,S,1062.35,1,7
2021-06-17 11:47:12,S,1062.4,2,19
2021-06-17 11:47:12,S,1062.45,3,84
2021-06-17 11:47:12,B,1060.75,1,1
2021-06-17 11:47:12,B,1060.7,1,9
2021-06-17 11:47:12,B,1060.5,1,400
2021-06-17 11:47:12,B,1060.2,2,51
2021-06-17 11:47:12,B,1060.1,1,3
2021-06-17 11:47:13,S,1059.95,1,1
2021-06-17 11:47:13,S,1060.0,1,64
2021-06-17 11:47:13,S,1060.65,1,9
2021-06-17 11:47:13,S,1060.75,1,11
2021-06-17 11:47:13,S,1061.05,1,11
2021-06-17 11:47:13,B,1058.85,1,1
2021-06-17 11:47:13,B,1058.8,1,1
2021-06-17 11:47:13,B,1058.75,1,7
2021-06-17 11:47:13,B,1058.7,1,7
2021-06-17 11:47:13,B,1058.65,1,5
2021-06-17 11:47:15,S,1059.95,1,1
2021-06-17 11:47:15,S,1060.0,1,64
2021-06-17 11:47:15,S,1060.1,1,10
2021-06-17 11:47:15,S,1060.15,1,9
2021-06-17 11:47:15,S,1060.45,1,11
2021-06-17 11:47:15,B,1058.85,1,1
2021-06-17 11:47:15,B,1058.8,1,1
2021-06-17 11:47:15,B,1058.75,1,7
2021-06-17 11:47:15,B,1058.7,1,7
2021-06-17 11:47:15,B,1058.65,1,5
2021-06-17 11:47:16,S,1059.85,1,1
2021-06-17 11:47:16,S,1059.9,1,10
2021-06-17 11:47:16,S,1059.95,2,18
2021-06-17 11:47:16,S,1060.0,1,64
2021-06-17 11:47:16,S,1060.15,1,9
2021-06-17 11:47:16,B,1058.85,1,1
2021-06-17 11:47:16,B,1058.8,1,1
2021-06-17 11:47:16,B,1058.75,1,7
2021-06-17 11:47:16,B,1058.7,1,7
2021-06-17 11:47:16,B,1058.65,1,5
2021-06-17 11:47:18,S,1059.85,2,7
2021-06-17 11:47:18,S,1059.9,1,10
2021-06-17 11:47:18,S,1059.95,2,18
2021-06-17 11:47:18,S,1060.0,1,64
2021-06-17 11:47:18,S,1060.15,1,9
2021-06-17 11:47:18,B,1058.85,1,1
2021-06-17 11:47:18,B,1058.8,1,1
2021-06-17 11:47:18,B,1058.75,1,7
2021-06-17 11:47:18,B,1058.7,1,7
2021-06-17 11:47:18,B,1058.65,1,5
2021-06-17 11:47:21,S,1059.85,2,7
2021-06-17 11:47:21,S,1059.9,1,10
2021-06-17 11:47:21,S,1059.95,2,18
2021-06-17 11:47:21,S,1060.0,1,64
2021-06-17 11:47:21,S,1060.15,1,9
2021-06-17 11:47:21,B,1058.85,1,1
2021-06-17 11:47:21,B,1058.8,1,1
2021-06-17 11:47:21,B,1058.75,1,7
2021-06-17 11:47:21,B,1058.7,1,7
2021-06-17 11:47:21,B,1058.65,1,5
2021-06-17 11:47:22,S,1059.75,1,1
2021-06-17 11:47:22,S,1059.8,1,10
2021-06-17 11:47:22,S,1059.85,2,7
2021-06-17 11:47:22,S,1059.95,3,19
2021-06-17 11:47:22,S,1060.0,1,64
2021-06-17 11:47:22,B,1058.85,1,1
2021-06-17 11:47:22,B,1058.8,1,1
2021-06-17 11:47:22,B,1058.75,1,7
2021-06-17 11:47:22,B,1058.7,1,7
2021-06-17 11:47:22,B,1058.65,1,5
2021-06-17 11:47:25,S,1059.75,2,8
2021-06-17 11:47:25,S,1059.8,1,10
2021-06-17 11:47:25,S,1059.85,2,7
2021-06-17 11:47:25,S,1059.95,3,19
2021-06-17 11:47:25,S,1060.0,1,64
2021-06-17 11:47:25,B,1058.85,1,1
2021-06-17 11:47:25,B,1058.8,1,1
2021-06-17 11:47:25,B,1058.75,1,7
2021-06-17 11:47:25,B,1058.7,1,7
2021-06-17 11:47:25,B,1058.65,1,5
2021-06-17 11:47:34,S,1059.75,3,9
2021-06-17 11:47:34,S,1059.8,1,10
2021-06-17 11:47:34,S,1059.85,2,7
2021-06-17 11:47:34,S,1059.95,3,19
2021-06-17 11:47:34,S,1060.0,1,64
2021-06-17 11:47:34,B,1058.85,1,1
2021-06-17 11:47:34,B,1058.8,1,1
2021-06-17 11:47:34,B,1058.75,1,7
2021-06-17 11:47:34,B,1058.7,1,7
2021-06-17 11:47:34,B,1058.65,1,5
2021-06-17 11:47:40,S,1059.6,1,1
2021-06-17 11:47:40,S,1059.65,1,9
2021-06-17 11:47:40,S,1059.75,2,8
2021-06-17 11:47:40,S,1059.85,2,7
2021-06-17 11:47:40,S,1059.95,3,19
2021-06-17 11:47:40,B,1058.8,1,1
2021-06-17 11:47:40,B,1058.75,1,7
2021-06-17 11:47:40,B,1058.7,1,7
2021-06-17 11:47:40,B,1058.65,1,5
2021-06-17 11:47:40,B,1058.6,1,41
2021-06-17 11:47:41,S,1059.6,1,1
2021-06-17 11:47:41,S,1059.65,1,9
2021-06-17 11:47:41,S,1059.75,2,8
2021-06-17 11:47:41,S,1059.85,2,7
2021-06-17 11:47:41,S,1059.95,3,19
2021-06-17 11:47:41,B,1058.8,1,1
2021-06-17 11:47:41,B,1058.75,1,7
2021-06-17 11:47:41,B,1058.7,1,7
2021-06-17 11:47:41,B,1058.65,1,5
2021-06-17 11:47:41,B,1058.6,1,41
2021-06-17 11:47:42,S,1059.65,1,6
2021-06-17 11:47:42,S,1059.75,2,8
2021-06-17 11:47:42,S,1059.8,1,12
2021-06-17 11:47:42,S,1059.85,3,18
2021-06-17 11:47:42,S,1059.95,2,4
2021-06-17 11:47:42,B,1058.75,1,1
2021-06-17 11:47:42,B,1058.7,1,7
2021-06-17 11:47:42,B,1058.65,1,5
2021-06-17 11:47:42,B,1058.6,1,41
2021-06-17 11:47:42,B,1058.15,1,9
2021-06-17 11:47:43,S,1059.65,1,6
2021-06-17 11:47:43,S,1059.75,2,8
2021-06-17 11:47:43,S,1059.8,1,12
2021-06-17 11:47:43,S,1059.85,3,18
2021-06-17 11:47:43,S,1059.95,2,4
2021-06-17 11:47:43,B,1058.75,1,1
2021-06-17 11:47:43,B,1058.7,1,7
2021-06-17 11:47:43,B,1058.65,1,5
2021-06-17 11:47:43,B,1058.6,1,41
2021-06-17 11:47:43,B,1058.15,1,9
2021-06-17 11:47:45,S,1059.65,2,7
2021-06-17 11:47:45,S,1059.75,1,7
2021-06-17 11:47:45,S,1059.8,1,12
2021-06-17 11:47:45,S,1059.85,3,18
2021-06-17 11:47:45,S,1059.95,2,4
2021-06-17 11:47:45,B,1058.75,1,1
2021-06-17 11:47:45,B,1058.7,1,7
2021-06-17 11:47:45,B,1058.65,1,5
2021-06-17 11:47:45,B,1058.6,1,41
2021-06-17 11:47:45,B,1058.15,1,9
2021-06-17 11:47:47,S,1059.65,2,7
2021-06-17 11:47:47,S,1059.75,1,7
2021-06-17 11:47:47,S,1059.8,1,12
2021-06-17 11:47:47,S,1059.85,2,17
2021-06-17 11:47:47,S,1059.95,2,4
2021-06-17 11:47:47,B,1058.75,1,1
2021-06-17 11:47:47,B,1058.7,1,7
2021-06-17 11:47:47,B,1058.65,1,5
2021-06-17 11:47:47,B,1058.6,1,41
2021-06-17 11:47:47,B,1058.15,1,9
2021-06-17 11:47:50,S,1059.65,2,7
2021-06-17 11:47:50,S,1059.75,1,7
2021-06-17 11:47:50,S,1059.8,1,12
2021-06-17 11:47:50,S,1059.85,2,17
2021-06-17 11:47:50,S,1059.95,2,4
2021-06-17 11:47:50,B,1058.75,1,1
2021-06-17 11:47:50,B,1058.7,1,7
2021-06-17 11:47:50,B,1058.65,1,5
2021-06-17 11:47:50,B,1058.6,1,41
2021-06-17 11:47:50,B,1058.15,1,9
2021-06-17 11:47:52,S,1059.65,2,7
2021-06-17 11:47:52,S,1059.75,1,7
2021-06-17 11:47:52,S,1059.8,1,12
2021-06-17 11:47:52,S,1059.85,2,17
2021-06-17 11:47:52,S,1059.95,2,4
2021-06-17 11:47:52,B,1058.75,1,1
2021-06-17 11:47:52,B,1058.7,1,7
2021-06-17 11:47:52,B,1058.65,1,5
2021-06-17 11:47:52,B,1058.6,1,41
2021-06-17 11:47:52,B,1058.15,1,9
2021-06-17 11:47:53,S,1059.65,1,1
2021-06-17 11:47:53,S,1059.75,1,7
2021-06-17 11:47:53,S,1059.85,1,6
2021-06-17 11:47:53,S,1059.95,1,3
2021-06-17 11:47:53,S,1060.0,2,21
2021-06-17 11:47:53,B,1058.75,1,1
2021-06-17 11:47:53,B,1058.7,1,7
2021-06-17 11:47:53,B,1058.65,1,5
2021-06-17 11:47:53,B,1058.6,1,41
2021-06-17 11:47:53,B,1058.4,1,3
2021-06-17 11:47:55,S,1059.75,1,7
2021-06-17 11:47:55,S,1059.85,1,6
2021-06-17 11:47:55,S,1059.95,1,3
2021-06-17 11:47:55,S,1060.0,2,21
2021-06-17 11:47:55,S,1060.05,1,22
2021-06-17 11:47:55,B,1058.75,1,1
2021-06-17 11:47:55,B,1058.7,1,7
2021-06-17 11:47:55,B,1058.65,1,5
2021-06-17 11:47:55,B,1058.6,1,41
2021-06-17 11:47:55,B,1058.4,1,3
2021-06-17 11:47:57,S,1059.7,2,11
2021-06-17 11:47:57,S,1059.75,1,7
2021-06-17 11:47:57,S,1059.85,2,15
2021-06-17 11:47:57,S,1059.95,1,3
2021-06-17 11:47:57,S,1060.05,1,22
2021-06-17 11:47:57,B,1058.65,1,1
2021-06-17 11:47:57,B,1058.6,1,25
2021-06-17 11:47:57,B,1058.15,2,10
2021-06-17 11:47:57,B,1058.0,9,232
2021-06-17 11:47:57,B,1057.9,1,3
2021-06-17 11:47:58,S,1059.7,2,11
2021-06-17 11:47:58,S,1059.75,1,7
2021-06-17 11:47:58,S,1059.85,2,15
2021-06-17 11:47:58,S,1059.95,1,3
2021-06-17 11:47:58,S,1060.05,1,22
2021-06-17 11:47:58,B,1058.65,1,1
2021-06-17 11:47:58,B,1058.6,1,25
2021-06-17 11:47:58,B,1058.15,2,10
2021-06-17 11:47:58,B,1058.0,9,232
2021-06-17 11:47:58,B,1057.9,1,3
2021-06-17 11:47:59,S,1059.7,1,1
2021-06-17 11:47:59,S,1059.75,1,7
2021-06-17 11:47:59,S,1059.85,1,6
2021-06-17 11:47:59,S,1059.95,1,3
2021-06-17 11:47:59,S,1060.05,1,22
2021-06-17 11:47:59,B,1058.65,1,1
2021-06-17 11:47:59,B,1058.6,2,26
2021-06-17 11:47:59,B,1058.45,1,1
2021-06-17 11:47:59,B,1058.15,2,10
2021-06-17 11:47:59,B,1058.0,9,232
2021-06-17 11:48:00,S,1059.7,2,7
2021-06-17 11:48:00,S,1059.75,1,7
2021-06-17 11:48:00,S,1059.85,1,6
2021-06-17 11:48:00,S,1059.95,1,3
2021-06-17 11:48:00,S,1060.0,1,12
2021-06-17 11:48:00,B,1058.65,1,1
2021-06-17 11:48:00,B,1058.6,1,25
2021-06-17 11:48:00,B,1058.15,2,10
2021-06-17 11:48:00,B,1058.0,9,232
2021-06-17 11:48:00,B,1057.9,1,3
2021-06-17 11:48:04,S,1059.7,2,7
2021-06-17 11:48:04,S,1059.75,1,7
2021-06-17 11:48:04,S,1059.85,1,6
2021-06-17 11:48:04,S,1059.95,1,3
2021-06-17 11:48:04,S,1060.0,1,12
2021-06-17 11:48:04,B,1058.65,1,1
2021-06-17 11:48:04,B,1058.6,1,25
2021-06-17 11:48:04,B,1058.15,2,10
2021-06-17 11:48:04,B,1058.0,9,232
2021-06-17 11:48:04,B,1057.9,1,3
2021-06-17 11:48:08,S,1059.7,2,7
2021-06-17 11:48:08,S,1059.75,1,7
2021-06-17 11:48:08,S,1059.85,1,6
2021-06-17 11:48:08,S,1059.95,1,3
2021-06-17 11:48:08,S,1060.0,1,12
2021-06-17 11:48:08,B,1058.65,1,1
2021-06-17 11:48:08,B,1058.6,1,25
2021-06-17 11:48:08,B,1058.15,2,10
2021-06-17 11:48:08,B,1058.0,9,232
2021-06-17 11:48:08,B,1057.9,1,3
2021-06-17 11:48:12,S,1059.7,2,7
2021-06-17 11:48:12,S,1059.75,1,7
2021-06-17 11:48:12,S,1059.85,1,6
2021-06-17 11:48:12,S,1059.95,1,3
2021-06-17 11:48:12,S,1060.0,1,12
2021-06-17 11:48:12,B,1058.65,1,1
2021-06-17 11:48:12,B,1058.6,1,25
2021-06-17 11:48:12,B,1058.15,2,10
2021-06-17 11:48:12,B,1058.0,9,232
2021-06-17 11:48:12,B,1057.9,1,3
2021-06-17 11:48:12,S,1058.8,1,1
2021-06-17 11:48:12,S,1058.85,1,9
2021-06-17 11:48:12,S,1058.95,1,11
2021-06-17 11:48:12,S,1059.0,1,3
2021-06-17 11:48:12,S,1059.05,1,10
2021-06-17 11:48:12,B,1058.0,3,86
2021-06-17 11:48:12,B,1057.55,1,1
2021-06-17 11:48:12,B,1057.2,2,4
2021-06-17 11:48:12,B,1057.0,2,172
2021-06-17 11:48:12,B,1056.8,1,3
2021-06-17 11:48:13,S,1058.65,1,9
2021-06-17 11:48:13,S,1058.8,2,7
2021-06-17 11:48:13,S,1058.95,1,11
2021-06-17 11:48:13,S,1059.0,1,3
2021-06-17 11:48:13,S,1059.05,1,10
2021-06-17 11:48:13,B,1058.0,3,86
2021-06-17 11:48:13,B,1057.55,1,1
2021-06-17 11:48:13,B,1057.05,2,10
2021-06-17 11:48:13,B,1057.0,3,173
2021-06-17 11:48:13,B,1056.8,1,3
2021-06-17 11:48:17,S,1058.65,2,16
2021-06-17 11:48:17,S,1058.8,2,7
2021-06-17 11:48:17,S,1058.95,1,11
2021-06-17 11:48:17,S,1059.0,1,3
2021-06-17 11:48:17,S,1059.05,1,10
2021-06-17 11:48:17,B,1058.0,3,86
2021-06-17 11:48:17,B,1057.55,1,1
2021-06-17 11:48:17,B,1057.05,2,10
2021-06-17 11:48:17,B,1057.0,3,173
2021-06-17 11:48:17,B,1056.8,1,3
2021-06-17 11:48:21,S,1058.65,2,16
2021-06-17 11:48:21,S,1058.8,2,7
2021-06-17 11:48:21,S,1058.95,1,11
2021-06-17 11:48:21,S,1059.0,1,3
2021-06-17 11:48:21,S,1059.05,1,10
2021-06-17 11:48:21,B,1058.0,3,86
2021-06-17 11:48:21,B,1057.55,1,1
2021-06-17 11:48:21,B,1057.05,2,10
2021-06-17 11:48:21,B,1057.0,3,173
2021-06-17 11:48:21,B,1056.8,1,3
2021-06-17 11:48:24,S,1058.65,2,16
2021-06-17 11:48:24,S,1058.8,2,7
2021-06-17 11:48:24,S,1058.95,1,11
2021-06-17 11:48:24,S,1059.0,1,3
2021-06-17 11:48:24,S,1059.05,1,10
2021-06-17 11:48:24,B,1058.0,3,82
2021-06-17 11:48:24,B,1057.55,1,1
2021-06-17 11:48:24,B,1057.05,2,10
2021-06-17 11:48:24,B,1057.0,3,173
2021-06-17 11:48:24,B,1056.8,1,3
2021-06-17 11:48:27,S,1058.65,2,16
2021-06-17 11:48:27,S,1058.8,2,7
2021-06-17 11:48:27,S,1058.95,1,11
2021-06-17 11:48:27,S,1059.0,1,3
2021-06-17 11:48:27,S,1059.05,1,10
2021-06-17 11:48:27,B,1058.0,3,82
2021-06-17 11:48:27,B,1057.55,1,1
2021-06-17 11:48:27,B,1057.05,2,10
2021-06-17 11:48:27,B,1057.0,3,173
2021-06-17 11:48:27,B,1056.8,1,3
2021-06-17 11:48:28,S,1058.65,2,16
2021-06-17 11:48:28,S,1058.8,2,7
2021-06-17 11:48:28,S,1058.95,1,11
2021-06-17 11:48:28,S,1059.0,1,3
2021-06-17 11:48:28,S,1059.05,1,10
2021-06-17 11:48:28,B,1058.0,3,82
2021-06-17 11:48:28,B,1057.55,1,1
2021-06-17 11:48:28,B,1057.05,2,10
2021-06-17 11:48:28,B,1057.0,3,173
2021-06-17 11:48:28,B,1056.8,1,3
2021-06-17 11:48:34,S,1058.65,1,7
2021-06-17 11:48:34,S,1058.8,2,7
2021-06-17 11:48:34,S,1058.95,1,11
2021-06-17 11:48:34,S,1059.0,1,3
2021-06-17 11:48:34,S,1059.05,1,10
2021-06-17 11:48:34,B,1058.0,3,82
2021-06-17 11:48:34,B,1057.55,1,1
2021-06-17 11:48:34,B,1057.05,2,10
2021-06-17 11:48:34,B,1057.0,3,173
2021-06-17 11:48:34,B,1056.8,1,3
2021-06-17 11:48:37,S,1058.65,1,2
2021-06-17 11:48:37,S,1058.8,1,6
2021-06-17 11:48:37,S,1058.95,1,1
2021-06-17 11:48:37,S,1059.0,1,3
2021-06-17 11:48:37,S,1059.1,1,10
2021-06-17 11:48:37,B,1058.0,3,82
2021-06-17 11:48:37,B,1057.6,1,9
2021-06-17 11:48:37,B,1057.55,1,1
2021-06-17 11:48:37,B,1057.25,2,4
2021-06-17 11:48:37,B,1057.0,3,173
2021-06-17 11:48:38,S,1058.65,1,2
2021-06-17 11:48:38,S,1058.8,1,6
2021-06-17 11:48:38,S,1058.95,1,1
2021-06-17 11:48:38,S,1059.0,1,3
2021-06-17 11:48:38,S,1059.1,1,10
2021-06-17 11:48:38,B,1058.0,3,82
2021-06-17 11:48:38,B,1057.6,1,9
2021-06-17 11:48:38,B,1057.55,1,1
2021-06-17 11:48:38,B,1057.25,2,4
2021-06-17 11:48:38,B,1057.0,3,173
2021-06-17 11:48:39,S,1058.65,1,2
2021-06-17 11:48:39,S,1058.8,1,6
2021-06-17 11:48:39,S,1058.95,1,1
2021-06-17 11:48:39,S,1059.0,1,3
2021-06-17 11:48:39,S,1059.1,1,10
2021-06-17 11:48:39,B,1058.0,1,32
2021-06-17 11:48:39,B,1057.55,1,1
2021-06-17 11:48:39,B,1057.25,2,11
2021-06-17 11:48:39,B,1057.0,3,173
2021-06-17 11:48:39,B,1056.75,1,3
2021-06-17 11:48:41,S,1058.65,1,2
2021-06-17 11:48:41,S,1058.75,1,1
2021-06-17 11:48:41,S,1058.8,1,6
2021-06-17 11:48:41,S,1058.95,1,10
2021-06-17 11:48:41,S,1059.0,1,3
2021-06-17 11:48:41,B,1058.0,1,32
2021-06-17 11:48:41,B,1057.55,1,1
2021-06-17 11:48:41,B,1057.4,2,4
2021-06-17 11:48:41,B,1057.25,1,10
2021-06-17 11:48:41,B,1057.0,3,173
2021-06-17 11:48:48,S,1058.65,1,2
2021-06-17 11:48:48,S,1058.75,1,1
2021-06-17 11:48:48,S,1058.8,1,6
2021-06-17 11:48:48,S,1058.95,1,10
2021-06-17 11:48:48,S,1059.0,1,3
2021-06-17 11:48:48,B,1058.0,1,32
2021-06-17 11:48:48,B,1057.55,1,1
2021-06-17 11:48:48,B,1057.4,1,3
2021-06-17 11:48:48,B,1057.25,1,10
2021-06-17 11:48:48,B,1057.0,3,173
2021-06-17 11:48:58,S,1058.65,1,2
2021-06-17 11:48:58,S,1058.75,1,1
2021-06-17 11:48:58,S,1058.8,1,6
2021-06-17 11:48:58,S,1058.95,1,10
2021-06-17 11:48:58,S,1059.0,1,3
2021-06-17 11:48:58,B,1058.0,1,32
2021-06-17 11:48:58,B,1057.55,1,1
2021-06-17 11:48:58,B,1057.4,1,3
2021-06-17 11:48:58,B,1057.25,1,10
2021-06-17 11:48:58,B,1057.0,3,173
2021-06-17 11:49:09,S,1058.65,1,2
2021-06-17 11:49:09,S,1058.75,1,1
2021-06-17 11:49:09,S,1058.8,1,6
2021-06-17 11:49:09,S,1058.95,1,10
2021-06-17 11:49:09,S,1059.0,1,3
2021-06-17 11:49:09,B,1058.0,1,32
2021-06-17 11:49:09,B,1057.55,1,1
2021-06-17 11:49:09,B,1057.4,1,3
2021-06-17 11:49:09,B,1057.25,1,10
2021-06-17 11:49:09,B,1057.0,3,173
2021-06-17 11:49:11,S,1058.65,2,4
2021-06-17 11:49:11,S,1058.75,1,1
2021-06-17 11:49:11,S,1058.8,1,6
2021-06-17 11:49:11,S,1058.95,1,10
2021-06-17 11:49:11,S,1059.0,1,3
2021-06-17 11:49:11,B,1058.0,1,32
2021-06-17 11:49:11,B,1057.55,1,1
2021-06-17 11:49:11,B,1057.4,1,3
2021-06-17 11:49:11,B,1057.25,1,10
2021-06-17 11:49:11,B,1057.0,3,173
2021-06-17 11:49:13,S,1058.65,2,4
2021-06-17 11:49:13,S,1058.75,1,1
2021-06-17 11:49:13,S,1058.8,1,6
2021-06-17 11:49:13,S,1058.95,1,10
2021-06-17 11:49:13,S,1059.0,1,3
2021-06-17 11:49:13,B,1058.0,1,32
2021-06-17 11:49:13,B,1057.55,1,1
2021-06-17 11:49:13,B,1057.4,2,4
2021-06-17 11:49:13,B,1057.25,1,10
2021-06-17 11:49:13,B,1057.0,4,223
2021-06-17 11:49:21,S,1058.65,2,3
2021-06-17 11:49:21,S,1058.75,1,1
2021-06-17 11:49:21,S,1058.8,1,6
2021-06-17 11:49:21,S,1058.95,1,10
2021-06-17 11:49:21,S,1059.0,1,3
2021-06-17 11:49:21,B,1058.0,1,32
2021-06-17 11:49:21,B,1057.55,1,1
2021-06-17 11:49:21,B,1057.4,1,3
2021-06-17 11:49:21,B,1057.25,1,10
2021-06-17 11:49:21,B,1057.0,4,223
2021-06-17 11:49:23,S,1058.65,2,3
2021-06-17 11:49:23,S,1058.75,1,1
2021-06-17 11:49:23,S,1058.8,1,6
2021-06-17 11:49:23,S,1058.95,1,10
2021-06-17 11:49:23,S,1059.0,1,3
2021-06-17 11:49:23,B,1058.0,1,32
2021-06-17 11:49:23,B,1057.55,1,1
2021-06-17 11:49:23,B,1057.4,2,4
2021-06-17 11:49:23,B,1057.25,1,10
2021-06-17 11:49:23,B,1057.0,4,223
2021-06-17 11:49:36,S,1058.65,2,3
2021-06-17 11:49:36,S,1058.75,1,1
2021-06-17 11:49:36,S,1058.8,1,6
2021-06-17 11:49:36,S,1058.95,1,10
2021-06-17 11:49:36,S,1059.0,1,3
2021-06-17 11:49:36,B,1058.0,1,32
2021-06-17 11:49:36,B,1057.55,1,1
2021-06-17 11:49:36,B,1057.4,2,4
2021-06-17 11:49:36,B,1057.25,1,10
2021-06-17 11:49:36,B,1057.0,4,223
2021-06-17 11:49:45,S,1058.65,2,3
2021-06-17 11:49:45,S,1058.75,1,1
2021-06-17 11:49:45,S,1058.8,1,6
2021-06-17 11:49:45,S,1058.95,1,10
2021-06-17 11:49:45,S,1059.0,1,3
2021-06-17 11:49:45,B,1058.0,1,32
2021-06-17 11:49:45,B,1057.55,1,1
2021-06-17 11:49:45,B,1057.4,1,3
2021-06-17 11:49:45,B,1057.25,1,10
2021-06-17 11:49:45,B,1057.0,4,223
2021-06-17 11:49:51,S,1058.65,2,3
2021-06-17 11:49:51,S,1058.75,1,1
2021-06-17 11:49:51,S,1058.8,1,6
2021-06-17 11:49:51,S,1058.95,1,10
2021-06-17 11:49:51,S,1059.0,1,3
2021-06-17 11:49:51,B,1058.0,1,32
2021-06-17 11:49:51,B,1057.55,1,1
2021-06-17 11:49:51,B,1057.4,1,3
2021-06-17 11:49:51,B,1057.25,1,10
2021-06-17 11:49:51,B,1057.0,4,223
2021-06-17 11:49:55,S,1058.65,2,3
2021-06-17 11:49:55,S,1058.75,1,1
2021-06-17 11:49:55,S,1058.8,1,6
2021-06-17 11:49:55,S,1058.95,1,10
2021-06-17 11:49:55,S,1059.0,1,3
2021-06-17 11:49:55,B,1058.0,2,33
2021-06-17 11:49:55,B,1057.55,1,1
2021-06-17 11:49:55,B,1057.4,1,3
2021-06-17 11:49:55,B,1057.25,1,10
2021-06-17 11:49:55,B,1057.0,4,223
2021-06-17 11:50:03,S,1058.65,2,3
2021-06-17 11:50:03,S,1058.75,1,1
2021-06-17 11:50:03,S,1058.8,1,6
2021-06-17 11:50:03,S,1058.95,1,10
2021-06-17 11:50:03,S,1059.0,1,3
2021-06-17 11:50:03,B,1058.0,2,33
2021-06-17 11:50:03,B,1057.55,1,1
2021-06-17 11:50:03,B,1057.4,1,3
2021-06-17 11:50:03,B,1057.25,1,10
2021-06-17 11:50:03,B,1057.0,4,223
2021-06-17 11:50:03,S,1058.1,1,1
2021-06-17 11:50:03,S,1058.15,1,9
2021-06-17 11:50:03,S,1058.35,1,11
2021-06-17 11:50:03,S,1058.4,1,5
2021-06-17 11:50:03,S,1058.45,2,8
2021-06-17 11:50:03,B,1057.0,3,104
2021-06-17 11:50:03,B,1056.75,1,3
2021-06-17 11:50:03,B,1056.35,1,3
2021-06-17 11:50:03,B,1056.15,1,4
2021-06-17 11:50:03,B,1056.1,1,1
2021-06-17 11:50:05,S,1057.8,1,1
2021-06-17 11:50:05,S,1057.85,1,9
2021-06-17 11:50:05,S,1057.95,1,1
2021-06-17 11:50:05,S,1058.05,1,11
2021-06-17 11:50:05,S,1058.1,2,9
2021-06-17 11:50:05,B,1057.0,3,104
2021-06-17 11:50:05,B,1056.65,1,2
2021-06-17 11:50:05,B,1056.4,1,10
2021-06-17 11:50:05,B,1056.1,1,2
2021-06-17 11:50:05,B,1056.05,2,4
2021-06-17 11:50:06,S,1057.8,1,1
2021-06-17 11:50:06,S,1057.85,1,9
2021-06-17 11:50:06,S,1057.95,1,1
2021-06-17 11:50:06,S,1058.05,1,11
2021-06-17 11:50:06,S,1058.1,2,9
2021-06-17 11:50:06,B,1057.0,3,104
2021-06-17 11:50:06,B,1056.65,1,2
2021-06-17 11:50:06,B,1056.4,1,10
2021-06-17 11:50:06,B,1056.1,1,2
2021-06-17 11:50:06,B,1056.05,2,4
2021-06-17 11:50:07,S,1057.3,1,1
2021-06-17 11:50:07,S,1057.35,1,9
2021-06-17 11:50:07,S,1057.6,1,7
2021-06-17 11:50:07,S,1057.75,1,10
2021-06-17 11:50:07,S,1057.8,2,7
2021-06-17 11:50:07,B,1056.15,1,7
2021-06-17 11:50:07,B,1056.1,2,14
2021-06-17 11:50:07,B,1056.05,2,4
2021-06-17 11:50:07,B,1056.0,2,142
2021-06-17 11:50:07,B,1055.65,1,4
2021-06-17 11:50:09,S,1057.05,1,1
2021-06-17 11:50:09,S,1057.1,1,10
2021-06-17 11:50:09,S,1057.3,2,7
2021-06-17 11:50:09,S,1057.45,1,9
2021-06-17 11:50:09,S,1057.6,1,7
2021-06-17 11:50:09,B,1056.15,1,7
2021-06-17 11:50:09,B,1056.1,2,14
2021-06-17 11:50:09,B,1056.05,2,4
2021-06-17 11:50:09,B,1056.0,2,142
2021-06-17 11:50:09,B,1055.65,1,4
2021-06-17 11:50:16,S,1057.05,3,8
2021-06-17 11:50:16,S,1057.1,1,10
2021-06-17 11:50:16,S,1057.3,1,6
2021-06-17 11:50:16,S,1057.45,1,9
2021-06-17 11:50:16,S,1057.6,1,7
2021-06-17 11:50:16,B,1056.15,1,7
2021-06-17 11:50:16,B,1056.1,2,14
2021-06-17 11:50:16,B,1056.05,1,1
2021-06-17 11:50:16,B,1056.0,3,192
2021-06-17 11:50:16,B,1055.8,1,10
2021-06-17 11:50:24,S,1057.05,3,8
2021-06-17 11:50:24,S,1057.1,1,10
2021-06-17 11:50:24,S,1057.3,1,6
2021-06-17 11:50:24,S,1057.45,1,9
2021-06-17 11:50:24,S,1057.6,1,7
2021-06-17 11:50:24,B,1056.15,1,7
2021-06-17 11:50:24,B,1056.1,2,14
2021-06-17 11:50:24,B,1056.05,1,1
2021-06-17 11:50:24,B,1056.0,3,192
2021-06-17 11:50:24,B,1055.8,1,10
2021-06-17 11:50:24,S,1058.0,2,6
2021-06-17 11:50:24,S,1058.4,1,3
2021-06-17 11:50:24,S,1058.45,1,1
2021-06-17 11:50:24,S,1058.55,1,5
2021-06-17 11:50:24,S,1058.65,1,9
2021-06-17 11:50:24,B,1056.9,1,1
2021-06-17 11:50:24,B,1056.85,1,9
2021-06-17 11:50:24,B,1056.75,1,2
2021-06-17 11:50:24,B,1056.6,1,8
2021-06-17 11:50:24,B,1056.45,1,2
2021-06-17 11:50:26,S,1058.0,2,6
2021-06-17 11:50:26,S,1058.4,1,3
2021-06-17 11:50:26,S,1058.45,1,1
2021-06-17 11:50:26,S,1058.55,2,14
2021-06-17 11:50:26,S,1058.65,1,9
2021-06-17 11:50:26,B,1056.9,1,1
2021-06-17 11:50:26,B,1056.85,1,9
2021-06-17 11:50:26,B,1056.75,1,2
2021-06-17 11:50:26,B,1056.6,1,8
2021-06-17 11:50:26,B,1056.45,1,2
2021-06-17 11:50:33,S,1059.7,1,7
2021-06-17 11:50:33,S,1059.75,1,7
2021-06-17 11:50:33,S,1059.9,1,9
2021-06-17 11:50:33,S,1059.95,1,3
2021-06-17 11:50:33,S,1060.1,1,3
2021-06-17 11:50:33,B,1058.15,2,11
2021-06-17 11:50:33,B,1058.1,1,94
2021-06-17 11:50:33,B,1057.0,1,4
2021-06-17 11:50:33,B,1056.95,1,11
2021-06-17 11:50:33,B,1056.75,1,2
2021-06-17 11:50:35,S,1059.7,1,7
2021-06-17 11:50:35,S,1059.75,1,7
2021-06-17 11:50:35,S,1059.9,2,21
2021-06-17 11:50:35,S,1059.95,2,13
2021-06-17 11:50:35,S,1060.1,1,3
2021-06-17 11:50:35,B,1058.15,2,11
2021-06-17 11:50:35,B,1058.1,1,94
2021-06-17 11:50:35,B,1057.95,1,2
2021-06-17 11:50:35,B,1057.65,1,2
2021-06-17 11:50:35,B,1057.0,1,4
2021-06-17 11:50:37,S,1059.7,1,7
2021-06-17 11:50:37,S,1059.75,1,7
2021-06-17 11:50:37,S,1059.9,2,21
2021-06-17 11:50:37,S,1059.95,2,13
2021-06-17 11:50:37,S,1060.1,1,3
2021-06-17 11:50:37,B,1058.15,2,11
2021-06-17 11:50:37,B,1058.1,1,94
2021-06-17 11:50:37,B,1057.95,1,2
2021-06-17 11:50:37,B,1057.65,1,2
2021-06-17 11:50:37,B,1057.0,1,4
2021-06-17 11:50:37,S,1059.7,1,7
2021-06-17 11:50:37,S,1059.75,1,7
2021-06-17 11:50:37,S,1059.9,2,21
2021-06-17 11:50:37,S,1059.95,2,13
2021-06-17 11:50:37,S,1060.1,1,3
2021-06-17 11:50:37,B,1058.15,2,11
2021-06-17 11:50:37,B,1058.1,1,94
2021-06-17 11:50:37,B,1057.95,1,2
2021-06-17 11:50:37,B,1057.65,1,2
2021-06-17 11:50:37,B,1057.0,1,4
2021-06-17 11:50:39,S,1059.6,1,1
2021-06-17 11:50:39,S,1059.65,1,7
2021-06-17 11:50:39,S,1059.75,1,7
2021-06-17 11:50:39,S,1059.9,2,21
2021-06-17 11:50:39,S,1059.95,2,13
2021-06-17 11:50:39,B,1058.55,1,1
2021-06-17 11:50:39,B,1058.5,1,94
2021-06-17 11:50:39,B,1058.15,1,6
2021-06-17 11:50:39,B,1057.95,1,2
2021-06-17 11:50:39,B,1057.65,1,2
2021-06-17 11:50:41,S,1059.6,1,1
2021-06-17 11:50:41,S,1059.65,1,7
2021-06-17 11:50:41,S,1059.75,1,7
2021-06-17 11:50:41,S,1059.95,1,3
2021-06-17 11:50:41,S,1060.1,2,12
2021-06-17 11:50:41,B,1058.65,1,1
2021-06-17 11:50:41,B,1058.6,1,9
2021-06-17 11:50:41,B,1058.5,1,94
2021-06-17 11:50:41,B,1057.95,1,2
2021-06-17 11:50:41,B,1057.65,1,2
2021-06-17 11:50:42,S,1059.6,1,1
2021-06-17 11:50:42,S,1059.65,1,7
2021-06-17 11:50:42,S,1059.75,1,7
2021-06-17 11:50:42,S,1059.95,1,3
2021-06-17 11:50:42,S,1060.1,2,12
2021-06-17 11:50:42,B,1058.65,1,1
2021-06-17 11:50:42,B,1058.6,1,9
2021-06-17 11:50:42,B,1058.5,1,94
2021-06-17 11:50:42,B,1057.95,1,2
2021-06-17 11:50:42,B,1057.65,1,2
2021-06-17 11:50:43,S,1061.05,1,7
2021-06-17 11:50:43,S,1061.25,1,4
2021-06-17 11:50:43,S,1061.45,1,9
2021-06-17 11:50:43,S,1061.55,3,19
2021-06-17 11:50:43,S,1061.6,2,19
2021-06-17 11:50:43,B,1059.75,1,1
2021-06-17 11:50:43,B,1059.7,1,86
2021-06-17 11:50:43,B,1059.4,1,2
2021-06-17 11:50:43,B,1058.85,2,3
2021-06-17 11:50:43,B,1058.55,1,3
2021-06-17 11:50:45,S,1061.05,1,7
2021-06-17 11:50:45,S,1061.25,1,4
2021-06-17 11:50:45,S,1061.45,1,9
2021-06-17 11:50:45,S,1061.55,3,19
2021-06-17 11:50:45,S,1061.6,2,19
2021-06-17 11:50:45,B,1059.9,1,1
2021-06-17 11:50:45,B,1059.85,1,10
2021-06-17 11:50:45,B,1059.7,1,86
2021-06-17 11:50:45,B,1059.4,1,2
2021-06-17 11:50:45,B,1058.85,2,3
2021-06-17 11:50:49,S,1061.05,1,7
2021-06-17 11:50:49,S,1061.25,1,4
2021-06-17 11:50:49,S,1061.45,1,9
2021-06-17 11:50:49,S,1061.55,3,19
2021-06-17 11:50:49,S,1061.6,2,19
2021-06-17 11:50:49,B,1059.9,1,1
2021-06-17 11:50:49,B,1059.85,1,10
2021-06-17 11:50:49,B,1059.7,1,86
2021-06-17 11:50:49,B,1059.4,1,2
2021-06-17 11:50:49,B,1058.85,2,3
2021-06-17 11:50:52,S,1061.05,1,7
2021-06-17 11:50:52,S,1061.25,1,4
2021-06-17 11:50:52,S,1061.45,1,9
2021-06-17 11:50:52,S,1061.55,3,19
2021-06-17 11:50:52,S,1061.6,2,19
2021-06-17 11:50:52,B,1059.9,1,1
2021-06-17 11:50:52,B,1059.85,1,10
2021-06-17 11:50:52,B,1059.7,1,86
2021-06-17 11:50:52,B,1059.4,1,2
2021-06-17 11:50:52,B,1058.85,2,3
2021-06-17 11:50:57,S,1061.05,1,7
2021-06-17 11:50:57,S,1061.25,1,4
2021-06-17 11:50:57,S,1061.45,1,9
2021-06-17 11:50:57,S,1061.55,3,19
2021-06-17 11:50:57,S,1061.6,2,19
2021-06-17 11:50:57,B,1059.9,1,1
2021-06-17 11:50:57,B,1059.85,1,10
2021-06-17 11:50:57,B,1059.7,1,86
2021-06-17 11:50:57,B,1059.4,1,2
2021-06-17 11:50:57,B,1058.85,2,3
2021-06-17 11:50:58,S,1061.05,1,7
2021-06-17 11:50:58,S,1061.25,1,4
2021-06-17 11:50:58,S,1061.45,1,9
2021-06-17 11:50:58,S,1061.55,3,19
2021-06-17 11:50:58,S,1061.6,2,19
2021-06-17 11:50:58,B,1059.9,1,1
2021-06-17 11:50:58,B,1059.85,1,10
2021-06-17 11:50:58,B,1059.7,1,86
2021-06-17 11:50:58,B,1059.4,1,2
2021-06-17 11:50:58,B,1058.85,2,3
2021-06-17 11:50:59,S,1060.2,1,9
2021-06-17 11:50:59,S,1060.55,1,3
2021-06-17 11:50:59,S,1060.6,1,4
2021-06-17 11:50:59,S,1060.7,1,4
2021-06-17 11:50:59,S,1060.75,1,10
2021-06-17 11:50:59,B,1058.55,1,1
2021-06-17 11:50:59,B,1058.5,1,3
2021-06-17 11:50:59,B,1058.3,3,12
2021-06-17 11:50:59,B,1058.25,1,7
2021-06-17 11:50:59,B,1058.15,1,15
2021-06-17 11:51:01,S,1060.2,1,9
2021-06-17 11:51:01,S,1060.55,1,3
2021-06-17 11:51:01,S,1060.7,3,11
2021-06-17 11:51:01,S,1060.75,1,10
2021-06-17 11:51:01,S,1060.9,1,4
2021-06-17 11:51:01,B,1058.65,3,11
2021-06-17 11:51:01,B,1058.6,1,1
2021-06-17 11:51:01,B,1058.5,1,3
2021-06-17 11:51:01,B,1058.3,4,13
2021-06-17 11:51:01,B,1058.25,1,7
2021-06-17 11:51:03,S,1060.2,1,9
2021-06-17 11:51:03,S,1060.7,2,7
2021-06-17 11:51:03,S,1060.75,1,10
2021-06-17 11:51:03,S,1060.85,2,8
2021-06-17 11:51:03,S,1060.9,1,4
2021-06-17 11:51:03,B,1058.65,3,11
2021-06-17 11:51:03,B,1058.3,4,13
2021-06-17 11:51:03,B,1058.25,1,7
2021-06-17 11:51:03,B,1058.15,2,26
2021-06-17 11:51:03,B,1057.95,1,2
2021-06-17 11:51:07,S,1060.2,1,9
2021-06-17 11:51:07,S,1060.65,1,8
2021-06-17 11:51:07,S,1060.7,2,7
2021-06-17 11:51:07,S,1060.75,1,10
2021-06-17 11:51:07,S,1060.85,2,8
2021-06-17 11:51:07,B,1058.65,3,11
2021-06-17 11:51:07,B,1058.3,4,13
2021-06-17 11:51:07,B,1058.25,2,8
2021-06-17 11:51:07,B,1058.15,1,15
2021-06-17 11:51:07,B,1057.95,1,2
2021-06-17 11:51:13,S,1060.2,1,9
2021-06-17 11:51:13,S,1060.65,1,8
2021-06-17 11:51:13,S,1060.7,2,7
2021-06-17 11:51:13,S,1060.75,1,10
2021-06-17 11:51:13,S,1060.85,2,8
2021-06-17 11:51:13,B,1058.65,3,11
2021-06-17 11:51:13,B,1058.3,4,13
2021-06-17 11:51:13,B,1058.25,2,8
2021-06-17 11:51:13,B,1058.15,1,15
2021-06-17 11:51:13,B,1057.95,1,2
2021-06-17 11:51:27,S,1060.2,1,9
2021-06-17 11:51:27,S,1060.65,1,8
2021-06-17 11:51:27,S,1060.7,2,7
2021-06-17 11:51:27,S,1060.75,1,10
2021-06-17 11:51:27,S,1060.85,2,8
2021-06-17 11:51:27,B,1058.65,3,11
2021-06-17 11:51:27,B,1058.3,4,13
2021-06-17 11:51:27,B,1058.25,2,8
2021-06-17 11:51:27,B,1058.15,1,15
2021-06-17 11:51:27,B,1057.95,1,2
2021-06-17 11:51:27,S,1060.2,1,9
2021-06-17 11:51:27,S,1060.65,1,8
2021-06-17 11:51:27,S,1060.7,2,7
2021-06-17 11:51:27,S,1060.75,1,10
2021-06-17 11:51:27,S,1060.85,2,8
2021-06-17 11:51:27,B,1058.65,3,11
2021-06-17 11:51:27,B,1058.3,4,13
2021-06-17 11:51:27,B,1058.25,2,8
2021-06-17 11:51:27,B,1058.15,1,15
2021-06-17 11:51:27,B,1057.95,1,2
2021-06-17 11:51:28,S,1059.55,1,1
2021-06-17 11:51:28,S,1059.6,1,9
2021-06-17 11:51:28,S,1059.8,2,15
2021-06-17 11:51:28,S,1059.85,3,20
2021-06-17 11:51:28,S,1059.9,1,9
2021-06-17 11:51:28,B,1058.4,1,1
2021-06-17 11:51:28,B,1058.35,1,7
2021-06-17 11:51:28,B,1058.3,1,7
2021-06-17 11:51:28,B,1058.25,1,7
2021-06-17 11:51:28,B,1058.15,1,15
2021-06-17 11:51:30,S,1059.55,1,1
2021-06-17 11:51:30,S,1059.6,1,9
2021-06-17 11:51:30,S,1059.8,2,15
2021-06-17 11:51:30,S,1059.85,3,20
2021-06-17 11:51:30,S,1059.9,1,9
2021-06-17 11:51:30,B,1058.4,1,1
2021-06-17 11:51:30,B,1058.35,1,7
2021-06-17 11:51:30,B,1058.3,1,7
2021-06-17 11:51:30,B,1058.25,1,7
2021-06-17 11:51:30,B,1058.15,1,15
2021-06-17 11:51:42,S,1059.55,1,1
2021-06-17 11:51:42,S,1059.6,1,9
2021-06-17 11:51:42,S,1059.8,2,15
2021-06-17 11:51:42,S,1059.85,3,20
2021-06-17 11:51:42,S,1059.9,1,9
2021-06-17 11:51:42,B,1058.4,1,1
2021-06-17 11:51:42,B,1058.35,1,7
2021-06-17 11:51:42,B,1058.3,1,7
2021-06-17 11:51:42,B,1058.25,1,7
2021-06-17 11:51:42,B,1058.15,1,15
2021-06-17 11:51:44,S,1059.55,1,1
2021-06-17 11:51:44,S,1059.6,1,9
2021-06-17 11:51:44,S,1059.8,2,15
2021-06-17 11:51:44,S,1059.85,3,20
2021-06-17 11:51:44,S,1059.9,1,9
2021-06-17 11:51:44,B,1058.4,1,1
2021-06-17 11:51:44,B,1058.35,1,7
2021-06-17 11:51:44,B,1058.3,1,7
2021-06-17 11:51:44,B,1058.25,1,7
2021-06-17 11:51:44,B,1058.15,1,15
2021-06-17 11:51:49,S,1059.55,1,1
2021-06-17 11:51:49,S,1059.6,1,9
2021-06-17 11:51:49,S,1059.8,2,15
2021-06-17 11:51:49,S,1059.85,3,20
2021-06-17 11:51:49,S,1059.9,1,9
2021-06-17 11:51:49,B,1058.4,1,1
2021-06-17 11:51:49,B,1058.35,1,7
2021-06-17 11:51:49,B,1058.3,1,7
2021-06-17 11:51:49,B,1058.25,1,7
2021-06-17 11:51:49,B,1058.15,1,15
2021-06-17 11:51:52,S,1059.55,1,1
2021-06-17 11:51:52,S,1059.6,1,9
2021-06-17 11:51:52,S,1059.8,2,15
2021-06-17 11:51:52,S,1059.85,3,20
2021-06-17 11:51:52,S,1059.9,1,9
2021-06-17 11:51:52,B,1058.4,1,1
2021-06-17 11:51:52,B,1058.35,1,7
2021-06-17 11:51:52,B,1058.3,1,7
2021-06-17 11:51:52,B,1058.25,1,7
2021-06-17 11:51:52,B,1058.15,1,15
2021-06-17 11:51:52,S,1059.0,1,1
2021-06-17 11:51:52,S,1059.05,1,9
2021-06-17 11:51:52,S,1059.2,1,5
2021-06-17 11:51:52,S,1059.35,1,3
2021-06-17 11:51:52,S,1059.55,1,12
2021-06-17 11:51:52,B,1058.15,1,15
2021-06-17 11:51:52,B,1057.75,1,4
2021-06-17 11:51:52,B,1057.55,2,11
2021-06-17 11:51:52,B,1057.1,1,4
2021-06-17 11:51:52,B,1057.05,1,15
2021-06-17 11:51:55,S,1059.0,1,1
2021-06-17 11:51:55,S,1059.05,1,9
2021-06-17 11:51:55,S,1059.2,1,5
2021-06-17 11:51:55,S,1059.35,1,3
2021-06-17 11:51:55,S,1059.55,1,12
2021-06-17 11:51:55,B,1058.15,1,15
2021-06-17 11:51:55,B,1057.75,1,4
2021-06-17 11:51:55,B,1057.55,2,11
2021-06-17 11:51:55,B,1057.1,1,4
2021-06-17 11:51:55,B,1057.05,1,15
2021-06-17 11:51:55,S,1059.0,1,1
2021-06-17 11:51:55,S,1059.05,1,9
2021-06-17 11:51:55,S,1059.25,2,11
2021-06-17 11:51:55,S,1059.35,1,3
2021-06-17 11:51:55,S,1059.5,1,12
2021-06-17 11:51:55,B,1058.2,1,1
2021-06-17 11:51:55,B,1058.15,1,15
2021-06-17 11:51:55,B,1057.75,1,4
2021-06-17 11:51:55,B,1057.55,3,13
2021-06-17 11:51:55,B,1057.1,1,4
2021-06-17 11:51:56,S,1059.0,1,1
2021-06-17 11:51:56,S,1059.05,1,9
2021-06-17 11:51:56,S,1059.25,2,11
2021-06-17 11:51:56,S,1059.35,1,3
2021-06-17 11:51:56,S,1059.5,1,12
2021-06-17 11:51:56,B,1058.2,1,1
2021-06-17 11:51:56,B,1058.15,1,15
2021-06-17 11:51:56,B,1057.75,1,4
2021-06-17 11:51:56,B,1057.55,3,13
2021-06-17 11:51:56,B,1057.1,1,4
2021-06-17 11:51:57,S,1059.05,1,7
2021-06-17 11:51:57,S,1059.25,1,10
2021-06-17 11:51:57,S,1059.35,1,3
2021-06-17 11:51:57,S,1059.5,1,12
2021-06-17 11:51:57,S,1059.55,2,13
2021-06-17 11:51:57,B,1058.2,1,1
2021-06-17 11:51:57,B,1058.15,1,15
2021-06-17 11:51:57,B,1057.75,2,5
2021-06-17 11:51:57,B,1057.55,3,13
2021-06-17 11:51:57,B,1057.1,1,4
2021-06-17 11:52:02,S,1059.05,1,7
2021-06-17 11:52:02,S,1059.25,1,10
2021-06-17 11:52:02,S,1059.35,1,3
2021-06-17 11:52:02,S,1059.5,1,12
2021-06-17 11:52:02,S,1059.55,2,13
2021-06-17 11:52:02,B,1058.2,1,1
2021-06-17 11:52:02,B,1058.15,1,15
2021-06-17 11:52:02,B,1057.75,2,5
2021-06-17 11:52:02,B,1057.55,3,13
2021-06-17 11:52:02,B,1057.1,1,4
2021-06-17 11:52:12,S,1059.05,1,7
2021-06-17 11:52:12,S,1059.25,1,10
2021-06-17 11:52:12,S,1059.35,1,3
2021-06-17 11:52:12,S,1059.5,1,12
2021-06-17 11:52:12,S,1059.55,2,13
2021-06-17 11:52:12,B,1058.2,1,1
2021-06-17 11:52:12,B,1058.15,1,15
2021-06-17 11:52:12,B,1057.75,2,5
2021-06-17 11:52:12,B,1057.55,3,13
2021-06-17 11:52:12,B,1057.1,1,4
2021-06-17 11:52:13,S,1059.4,1,9
2021-06-17 11:52:13,S,1059.5,1,12
2021-06-17 11:52:13,S,1059.55,2,13
2021-06-17 11:52:13,S,1059.75,1,7
2021-06-17 11:52:13,S,1059.8,2,4
2021-06-17 11:52:13,B,1058.65,1,2
2021-06-17 11:52:13,B,1058.2,1,1
2021-06-17 11:52:13,B,1058.15,1,15
2021-06-17 11:52:13,B,1058.1,1,2
2021-06-17 11:52:13,B,1057.75,2,5
2021-06-17 11:52:15,S,1059.6,1,10
2021-06-17 11:52:15,S,1059.75,1,7
2021-06-17 11:52:15,S,1059.8,3,16
2021-06-17 11:52:15,S,1059.85,3,20
2021-06-17 11:52:15,S,1059.9,2,12
2021-06-17 11:52:15,B,1058.65,1,2
2021-06-17 11:52:15,B,1058.2,1,1
2021-06-17 11:52:15,B,1058.15,1,15
2021-06-17 11:52:15,B,1058.1,1,2
2021-06-17 11:52:15,B,1058.05,1,15
2021-06-17 11:52:16,S,1059.6,1,10
2021-06-17 11:52:16,S,1059.75,1,7
2021-06-17 11:52:16,S,1059.8,3,16
2021-06-17 11:52:16,S,1059.85,3,20
2021-06-17 11:52:16,S,1059.9,2,12
2021-06-17 11:52:16,B,1058.65,1,2
2021-06-17 11:52:16,B,1058.2,1,1
2021-06-17 11:52:16,B,1058.15,1,15
2021-06-17 11:52:16,B,1058.1,1,2
2021-06-17 11:52:16,B,1058.05,1,15
2021-06-17 11:52:17,S,1059.75,1,7
2021-06-17 11:52:17,S,1059.8,1,3
2021-06-17 11:52:17,S,1059.85,2,9
2021-06-17 11:52:17,S,1059.9,2,12
2021-06-17 11:52:17,S,1060.05,1,2
2021-06-17 11:52:17,B,1058.7,1,1
2021-06-17 11:52:17,B,1058.65,1,2
2021-06-17 11:52:17,B,1058.25,2,4
2021-06-17 11:52:17,B,1058.2,2,11
2021-06-17 11:52:17,B,1058.15,1,15
2021-06-17 11:52:20,S,1059.75,1,7
2021-06-17 11:52:20,S,1059.8,1,3
2021-06-17 11:52:20,S,1059.85,2,9
2021-06-17 11:52:20,S,1059.9,2,12
2021-06-17 11:52:20,S,1060.05,1,2
2021-06-17 11:52:20,B,1058.7,1,1
2021-06-17 11:52:20,B,1058.65,1,2
2021-06-17 11:52:20,B,1058.3,1,2
2021-06-17 11:52:20,B,1058.25,1,3
2021-06-17 11:52:20,B,1058.2,1,10
2021-06-17 11:52:31,S,1059.75,2,8
2021-06-17 11:52:31,S,1059.8,1,3
2021-06-17 11:52:31,S,1059.85,2,9
2021-06-17 11:52:31,S,1059.9,2,12
2021-06-17 11:52:31,S,1060.05,1,2
2021-06-17 11:52:31,B,1058.7,1,1
2021-06-17 11:52:31,B,1058.65,1,2
2021-06-17 11:52:31,B,1058.3,1,2
2021-06-17 11:52:31,B,1058.25,1,3
2021-06-17 11:52:31,B,1058.2,1,10
2021-06-17 11:52:42,S,1059.75,2,8
2021-06-17 11:52:42,S,1059.8,1,3
2021-06-17 11:52:42,S,1059.85,2,9
2021-06-17 11:52:42,S,1059.9,2,12
2021-06-17 11:52:42,S,1060.05,1,2
2021-06-17 11:52:42,B,1058.7,1,1
2021-06-17 11:52:42,B,1058.65,1,2
2021-06-17 11:52:42,B,1058.3,1,2
2021-06-17 11:52:42,B,1058.25,1,3
2021-06-17 11:52:42,B,1058.2,1,10
2021-06-17 11:52:48,S,1059.75,2,8
2021-06-17 11:52:48,S,1059.8,1,3
2021-06-17 11:52:48,S,1059.85,2,9
2021-06-17 11:52:48,S,1059.9,2,12
2021-06-17 11:52:48,S,1060.05,1,2
2021-06-17 11:52:48,B,1058.65,1,2
2021-06-17 11:52:48,B,1058.35,1,1
2021-06-17 11:52:48,B,1058.3,1,2
2021-06-17 11:52:48,B,1058.25,1,3
2021-06-17 11:52:48,B,1058.2,1,10
2021-06-17 11:52:50,S,1059.75,2,8
2021-06-17 11:52:50,S,1059.8,1,3
2021-06-17 11:52:50,S,1059.85,2,9
2021-06-17 11:52:50,S,1059.9,2,12
2021-06-17 11:52:50,S,1060.05,1,2
2021-06-17 11:52:50,B,1058.65,1,2
2021-06-17 11:52:50,B,1058.35,1,1
2021-06-17 11:52:50,B,1058.3,1,2
2021-06-17 11:52:50,B,1058.25,1,3
2021-06-17 11:52:50,B,1058.2,1,10
2021-06-17 11:52:58,S,1059.75,2,8
2021-06-17 11:52:58,S,1059.8,1,3
2021-06-17 11:52:58,S,1059.85,2,9
2021-06-17 11:52:58,S,1059.9,2,12
2021-06-17 11:52:58,S,1060.05,1,2
2021-06-17 11:52:58,B,1058.65,1,2
2021-06-17 11:52:58,B,1058.35,1,1
2021-06-17 11:52:58,B,1058.3,1,2
2021-06-17 11:52:58,B,1058.25,1,3
2021-06-17 11:52:58,B,1058.2,1,10
2021-06-17 11:53:03,S,1059.75,2,8
2021-06-17 11:53:03,S,1059.8,1,3
2021-06-17 11:53:03,S,1059.85,2,9
2021-06-17 11:53:03,S,1059.9,2,12
2021-06-17 11:53:03,S,1060.05,1,2
2021-06-17 11:53:03,B,1058.65,1,2
2021-06-17 11:53:03,B,1058.35,1,1
2021-06-17 11:53:03,B,1058.3,1,2
2021-06-17 11:53:03,B,1058.25,1,3
2021-06-17 11:53:03,B,1058.2,1,10
2021-06-17 11:53:27,S,1059.75,2,8
2021-06-17 11:53:27,S,1059.8,1,3
2021-06-17 11:53:27,S,1059.85,2,9
2021-06-17 11:53:27,S,1059.9,2,12
2021-06-17 11:53:27,S,1060.05,1,2
2021-06-17 11:53:27,B,1058.65,1,2
2021-06-17 11:53:27,B,1058.35,1,1
2021-06-17 11:53:27,B,1058.3,1,2
2021-06-17 11:53:27,B,1058.25,1,3
2021-06-17 11:53:27,B,1058.2,1,10
2021-06-17 11:53:32,S,1059.75,2,8
2021-06-17 11:53:32,S,1059.8,1,3
2021-06-17 11:53:32,S,1059.85,2,9
2021-06-17 11:53:32,S,1059.9,2,12
2021-06-17 11:53:32,S,1060.05,1,2
2021-06-17 11:53:32,B,1058.65,1,2
2021-06-17 11:53:32,B,1058.35,1,1
2021-06-17 11:53:32,B,1058.3,1,2
2021-06-17 11:53:32,B,1058.25,1,3
2021-06-17 11:53:32,B,1058.2,1,10
2021-06-17 11:53:33,S,1059.95,1,9
2021-06-17 11:53:33,S,1060.05,2,9
2021-06-17 11:53:33,S,1060.1,1,7
2021-06-17 11:53:33,S,1060.15,2,5
2021-06-17 11:53:33,S,1060.2,2,8
2021-06-17 11:53:33,B,1058.7,1,1
2021-06-17 11:53:33,B,1058.65,1,2
2021-06-17 11:53:33,B,1058.4,2,12
2021-06-17 11:53:33,B,1058.3,1,2
2021-06-17 11:53:33,B,1058.25,1,3
2021-06-17 11:53:48,S,1059.95,1,9
2021-06-17 11:53:48,S,1060.05,2,9
2021-06-17 11:53:48,S,1060.1,1,7
2021-06-17 11:53:48,S,1060.15,2,5
2021-06-17 11:53:48,S,1060.2,2,8
2021-06-17 11:53:48,B,1058.7,1,1
2021-06-17 11:53:48,B,1058.65,1,2
2021-06-17 11:53:48,B,1058.45,1,7
2021-06-17 11:53:48,B,1058.4,2,12
2021-06-17 11:53:48,B,1058.3,1,2
2021-06-17 11:53:50,S,1060.35,1,3
2021-06-17 11:53:50,S,1060.45,1,7
2021-06-17 11:53:50,S,1060.5,1,7
2021-06-17 11:53:50,S,1060.55,1,7
2021-06-17 11:53:50,S,1060.6,1,7
2021-06-17 11:53:50,B,1058.9,1,1
2021-06-17 11:53:50,B,1058.85,1,9
2021-06-17 11:53:50,B,1058.65,1,2
2021-06-17 11:53:50,B,1058.5,1,4
2021-06-17 11:53:50,B,1058.45,1,7
2021-06-17 11:53:52,S,1060.35,1,3
2021-06-17 11:53:52,S,1060.4,1,7
2021-06-17 11:53:52,S,1060.45,2,10
2021-06-17 11:53:52,S,1060.5,1,7
2021-06-17 11:53:52,S,1060.55,1,7
2021-06-17 11:53:52,B,1058.7,2,10
2021-06-17 11:53:52,B,1058.65,1,2
2021-06-17 11:53:52,B,1058.5,1,4
2021-06-17 11:53:52,B,1058.45,1,7
2021-06-17 11:53:52,B,1058.3,1,2
2021-06-17 11:53:55,S,1060.35,2,10
2021-06-17 11:53:55,S,1060.4,1,7
2021-06-17 11:53:55,S,1060.45,2,10
2021-06-17 11:53:55,S,1060.5,1,7
2021-06-17 11:53:55,S,1060.55,1,7
2021-06-17 11:53:55,B,1058.7,2,10
2021-06-17 11:53:55,B,1058.65,1,2
2021-06-17 11:53:55,B,1058.5,1,4
2021-06-17 11:53:55,B,1058.45,1,7
2021-06-17 11:53:55,B,1058.3,1,2
2021-06-17 11:53:57,S,1060.35,3,11
2021-06-17 11:53:57,S,1060.4,1,7
2021-06-17 11:53:57,S,1060.45,2,10
2021-06-17 11:53:57,S,1060.5,1,7
2021-06-17 11:53:57,S,1060.55,1,7
2021-06-17 11:53:57,B,1058.7,2,10
2021-06-17 11:53:57,B,1058.65,1,2
2021-06-17 11:53:57,B,1058.5,1,4
2021-06-17 11:53:57,B,1058.45,1,7
2021-06-17 11:53:57,B,1058.3,1,2
2021-06-17 11:53:59,S,1061.0,1,25
2021-06-17 11:53:59,S,1061.15,1,3
2021-06-17 11:53:59,S,1061.45,1,3
2021-06-17 11:53:59,S,1061.85,1,6
2021-06-17 11:53:59,S,1061.9,1,3
2021-06-17 11:53:59,B,1060.0,2,11
2021-06-17 11:53:59,B,1059.95,1,100
2021-06-17 11:53:59,B,1059.65,1,10
2021-06-17 11:53:59,B,1059.6,1,3
2021-06-17 11:53:59,B,1059.05,1,3
2021-06-17 11:54:01,S,1061.0,2,26
2021-06-17 11:54:01,S,1061.15,1,3
2021-06-17 11:54:01,S,1061.45,1,3
2021-06-17 11:54:01,S,1061.85,1,6
2021-06-17 11:54:01,S,1061.9,1,3
2021-06-17 11:54:01,B,1060.0,2,11
2021-06-17 11:54:01,B,1059.95,1,100
2021-06-17 11:54:01,B,1059.65,1,10
2021-06-17 11:54:01,B,1059.6,1,3
2021-06-17 11:54:01,B,1059.05,1,3
2021-06-17 11:54:03,S,1061.0,2,23
2021-06-17 11:54:03,S,1061.15,1,3
2021-06-17 11:54:03,S,1061.45,1,3
2021-06-17 11:54:03,S,1061.85,1,6
2021-06-17 11:54:03,S,1061.9,1,3
2021-06-17 11:54:03,B,1060.0,2,11
2021-06-17 11:54:03,B,1059.95,1,100
2021-06-17 11:54:03,B,1059.65,1,10
2021-06-17 11:54:03,B,1059.6,1,3
2021-06-17 11:54:03,B,1059.05,1,3
2021-06-17 11:54:04,S,1061.0,2,23
2021-06-17 11:54:04,S,1061.15,1,3
2021-06-17 11:54:04,S,1061.45,1,3
2021-06-17 11:54:04,S,1061.85,1,6
2021-06-17 11:54:04,S,1061.9,1,3
2021-06-17 11:54:04,B,1060.0,3,111
2021-06-17 11:54:04,B,1059.65,1,10
2021-06-17 11:54:04,B,1059.6,1,3
2021-06-17 11:54:04,B,1059.05,1,3
2021-06-17 11:54:04,B,1058.65,2,5
2021-06-17 11:54:07,S,1061.0,2,23
2021-06-17 11:54:07,S,1061.15,1,3
2021-06-17 11:54:07,S,1061.45,1,3
2021-06-17 11:54:07,S,1061.85,1,6
2021-06-17 11:54:07,S,1061.9,1,3
2021-06-17 11:54:07,B,1060.0,3,111
2021-06-17 11:54:07,B,1059.65,1,10
2021-06-17 11:54:07,B,1059.6,1,3
2021-06-17 11:54:07,B,1059.05,1,3
2021-06-17 11:54:07,B,1058.65,2,5
2021-06-17 11:54:08,S,1060.7,2,2
2021-06-17 11:54:08,S,1060.85,1,1
2021-06-17 11:54:08,S,1060.9,1,1
2021-06-17 11:54:08,S,1060.95,1,3
2021-06-17 11:54:08,S,1061.1,1,2
2021-06-17 11:54:08,B,1058.95,1,1
2021-06-17 11:54:08,B,1058.9,1,1
2021-06-17 11:54:08,B,1058.85,1,3
2021-06-17 11:54:08,B,1058.8,1,3
2021-06-17 11:54:08,B,1058.7,1,2
2021-06-17 11:54:10,S,1060.7,2,2
2021-06-17 11:54:10,S,1060.85,1,1
2021-06-17 11:54:10,S,1060.9,1,1
2021-06-17 11:54:10,S,1060.95,1,3
2021-06-17 11:54:10,S,1061.0,1,7
2021-06-17 11:54:10,B,1058.95,1,1
2021-06-17 11:54:10,B,1058.9,1,1
2021-06-17 11:54:10,B,1058.85,2,12
2021-06-17 11:54:10,B,1058.8,1,3
2021-06-17 11:54:10,B,1058.75,1,1
2021-06-17 11:54:12,S,1060.3,1,1
2021-06-17 11:54:12,S,1060.35,1,3
2021-06-17 11:54:12,S,1060.65,1,1
2021-06-17 11:54:12,S,1060.9,1,1
2021-06-17 11:54:12,S,1060.95,1,3
2021-06-17 11:54:12,B,1058.95,2,10
2021-06-17 11:54:12,B,1058.9,1,1
2021-06-17 11:54:12,B,1058.85,1,3
2021-06-17 11:54:12,B,1058.8,1,3
2021-06-17 11:54:12,B,1058.7,1,2
2021-06-17 11:54:26,S,1060.3,1,1
2021-06-17 11:54:26,S,1060.35,1,3
2021-06-17 11:54:26,S,1060.65,1,1
2021-06-17 11:54:26,S,1060.9,1,1
2021-06-17 11:54:26,S,1060.95,1,3
2021-06-17 11:54:26,B,1058.95,2,10
2021-06-17 11:54:26,B,1058.9,1,1
2021-06-17 11:54:26,B,1058.85,1,3
2021-06-17 11:54:26,B,1058.8,1,3
2021-06-17 11:54:26,B,1058.7,1,2
2021-06-17 11:54:27,S,1060.35,1,3
2021-06-17 11:54:27,S,1060.65,1,1
2021-06-17 11:54:27,S,1060.85,1,7
2021-06-17 11:54:27,S,1060.9,1,1
2021-06-17 11:54:27,S,1060.95,1,3
2021-06-17 11:54:27,B,1058.95,2,10
2021-06-17 11:54:27,B,1058.9,1,1
2021-06-17 11:54:27,B,1058.85,1,3
2021-06-17 11:54:27,B,1058.8,1,3
2021-06-17 11:54:27,B,1058.7,1,2
2021-06-17 11:54:30,S,1060.35,1,3
2021-06-17 11:54:30,S,1060.65,2,6
2021-06-17 11:54:30,S,1060.7,2,9
2021-06-17 11:54:30,S,1060.75,1,7
2021-06-17 11:54:30,S,1060.8,1,7
2021-06-17 11:54:30,B,1058.95,2,10
2021-06-17 11:54:30,B,1058.9,1,1
2021-06-17 11:54:30,B,1058.85,1,3
2021-06-17 11:54:30,B,1058.8,1,3
2021-06-17 11:54:30,B,1058.7,1,2
2021-06-17 11:54:33,S,1060.35,1,10
2021-06-17 11:54:33,S,1060.65,2,6
2021-06-17 11:54:33,S,1060.7,3,21
2021-06-17 11:54:33,S,1060.75,2,17
2021-06-17 11:54:33,S,1060.8,1,7
2021-06-17 11:54:33,B,1058.95,1,1
2021-06-17 11:54:33,B,1058.9,1,1
2021-06-17 11:54:33,B,1058.85,1,3
2021-06-17 11:54:33,B,1058.8,1,3
2021-06-17 11:54:33,B,1058.7,1,2
2021-06-17 11:54:35,S,1060.3,1,1
2021-06-17 11:54:35,S,1060.35,1,3
2021-06-17 11:54:35,S,1060.4,1,7
2021-06-17 11:54:35,S,1060.45,1,7
2021-06-17 11:54:35,S,1060.5,1,7
2021-06-17 11:54:35,B,1058.95,1,1
2021-06-17 11:54:35,B,1058.9,1,1
2021-06-17 11:54:35,B,1058.85,1,3
2021-06-17 11:54:35,B,1058.8,1,3
2021-06-17 11:54:35,B,1058.7,1,2
2021-06-17 11:54:37,S,1060.3,1,1
2021-06-17 11:54:37,S,1060.35,1,3
2021-06-17 11:54:37,S,1060.4,1,7
2021-06-17 11:54:37,S,1060.45,1,7
2021-06-17 11:54:37,S,1060.5,1,7
2021-06-17 11:54:37,B,1058.95,1,1
2021-06-17 11:54:37,B,1058.9,1,1
2021-06-17 11:54:37,B,1058.85,1,3
2021-06-17 11:54:37,B,1058.8,1,3
2021-06-17 11:54:37,B,1058.7,1,2
2021-06-17 11:54:40,S,1060.3,1,1
2021-06-17 11:54:40,S,1060.35,1,3
2021-06-17 11:54:40,S,1060.4,1,7
2021-06-17 11:54:40,S,1060.45,1,7
2021-06-17 11:54:40,S,1060.5,1,7
2021-06-17 11:54:40,B,1058.95,1,1
2021-06-17 11:54:40,B,1058.9,1,1
2021-06-17 11:54:40,B,1058.85,1,3
2021-06-17 11:54:40,B,1058.8,1,3
2021-06-17 11:54:40,B,1058.7,1,2
2021-06-17 11:54:42,S,1060.1,1,10
2021-06-17 11:54:42,S,1060.3,1,1
2021-06-17 11:54:42,S,1060.35,2,10
2021-06-17 11:54:42,S,1060.4,3,21
2021-06-17 11:54:42,S,1060.45,2,17
2021-06-17 11:54:42,B,1058.95,1,1
2021-06-17 11:54:42,B,1058.9,1,1
2021-06-17 11:54:42,B,1058.85,1,3
2021-06-17 11:54:42,B,1058.8,1,3
2021-06-17 11:54:42,B,1058.7,1,2
2021-06-17 11:54:48,S,1060.3,2,2
2021-06-17 11:54:48,S,1060.35,2,10
2021-06-17 11:54:48,S,1060.4,3,21
2021-06-17 11:54:48,S,1060.45,2,17
2021-06-17 11:54:48,S,1060.5,1,7
2021-06-17 11:54:48,B,1058.95,1,1
2021-06-17 11:54:48,B,1058.9,1,1
2021-06-17 11:54:48,B,1058.85,1,3
2021-06-17 11:54:48,B,1058.8,1,3
2021-06-17 11:54:48,B,1058.7,1,2
2021-06-17 11:54:59,S,1060.3,2,2
2021-06-17 11:54:59,S,1060.35,2,10
2021-06-17 11:54:59,S,1060.4,3,21
2021-06-17 11:54:59,S,1060.45,2,17
2021-06-17 11:54:59,S,1060.5,1,7
2021-06-17 11:54:59,B,1058.95,1,1
2021-06-17 11:54:59,B,1058.9,1,1
2021-06-17 11:54:59,B,1058.85,1,3
2021-06-17 11:54:59,B,1058.8,1,3
2021-06-17 11:54:59,B,1058.7,1,2
2021-06-17 11:55:00,S,1061.55,1,7
2021-06-17 11:55:00,S,1061.6,1,7
2021-06-17 11:55:00,S,1061.9,1,3
2021-06-17 11:55:00,S,1061.95,2,18
2021-06-17 11:55:00,S,1062.0,1,25
2021-06-17 11:55:00,B,1060.15,1,1
2021-06-17 11:55:00,B,1060.1,1,9
2021-06-17 11:55:00,B,1060.0,1,100
2021-06-17 11:55:00,B,1058.95,1,10
2021-06-17 11:55:00,B,1058.9,1,1
2021-06-17 11:55:23,S,1061.55,1,7
2021-06-17 11:55:23,S,1061.6,1,7
2021-06-17 11:55:23,S,1061.9,2,15
2021-06-17 11:55:23,S,1061.95,2,18
2021-06-17 11:55:23,S,1062.0,1,25
2021-06-17 11:55:23,B,1060.15,1,1
2021-06-17 11:55:23,B,1060.1,1,9
2021-06-17 11:55:23,B,1060.0,1,100
2021-06-17 11:55:23,B,1059.6,1,10
2021-06-17 11:55:23,B,1059.55,1,3
2021-06-17 11:55:33,S,1061.55,1,7
2021-06-17 11:55:33,S,1061.6,1,7
2021-06-17 11:55:33,S,1061.9,2,15
2021-06-17 11:55:33,S,1061.95,2,18
2021-06-17 11:55:33,S,1062.0,1,25
2021-06-17 11:55:33,B,1060.15,1,1
2021-06-17 11:55:33,B,1060.1,1,9
2021-06-17 11:55:33,B,1060.0,1,100
2021-06-17 11:55:33,B,1059.6,1,10
2021-06-17 11:55:33,B,1059.55,1,3
2021-06-17 11:55:38,S,1061.55,1,7
2021-06-17 11:55:38,S,1061.6,1,7
2021-06-17 11:55:38,S,1061.9,2,15
2021-06-17 11:55:38,S,1061.95,2,18
2021-06-17 11:55:38,S,1062.0,1,25
2021-06-17 11:55:38,B,1060.15,1,1
2021-06-17 11:55:38,B,1060.1,1,9
2021-06-17 11:55:38,B,1060.0,1,100
2021-06-17 11:55:38,B,1059.6,1,10
2021-06-17 11:55:38,B,1059.55,1,3
2021-06-17 11:55:41,S,1061.55,1,7
2021-06-17 11:55:41,S,1061.6,1,7
2021-06-17 11:55:41,S,1061.75,1,9
2021-06-17 11:55:41,S,1061.9,1,3
2021-06-17 11:55:41,S,1061.95,2,24
2021-06-17 11:55:41,B,1060.15,1,1
2021-06-17 11:55:41,B,1060.1,1,9
2021-06-17 11:55:41,B,1060.0,1,100
2021-06-17 11:55:41,B,1059.6,1,10
2021-06-17 11:55:41,B,1059.55,1,3
2021-06-17 11:55:43,S,1061.55,1,7
2021-06-17 11:55:43,S,1061.6,1,7
2021-06-17 11:55:43,S,1061.75,1,9
2021-06-17 11:55:43,S,1061.9,1,3
2021-06-17 11:55:43,S,1061.95,2,24
2021-06-17 11:55:43,B,1060.15,1,1
2021-06-17 11:55:43,B,1060.1,1,9
2021-06-17 11:55:43,B,1060.0,1,100
2021-06-17 11:55:43,B,1059.6,1,10
2021-06-17 11:55:43,B,1059.55,1,3
2021-06-17 11:55:45,S,1061.55,1,7
2021-06-17 11:55:45,S,1061.6,1,7
2021-06-17 11:55:45,S,1061.75,1,9
2021-06-17 11:55:45,S,1061.9,1,3
2021-06-17 11:55:45,S,1061.95,2,24
2021-06-17 11:55:45,B,1060.15,1,1
2021-06-17 11:55:45,B,1060.1,1,9
2021-06-17 11:55:45,B,1060.0,1,100
2021-06-17 11:55:45,B,1059.6,1,10
2021-06-17 11:55:45,B,1059.55,1,3
2021-06-17 11:55:48,S,1061.55,1,7
2021-06-17 11:55:48,S,1061.6,1,7
2021-06-17 11:55:48,S,1061.75,1,9
2021-06-17 11:55:48,S,1061.9,1,3
2021-06-17 11:55:48,S,1061.95,2,24
2021-06-17 11:55:48,B,1060.15,1,1
2021-06-17 11:55:48,B,1060.1,1,9
2021-06-17 11:55:48,B,1060.0,1,100
2021-06-17 11:55:48,B,1059.6,1,10
2021-06-17 11:55:48,B,1059.55,1,3
2021-06-17 11:55:50,S,1061.55,1,7
2021-06-17 11:55:50,S,1061.6,1,7
2021-06-17 11:55:50,S,1061.75,1,9
2021-06-17 11:55:50,S,1061.9,1,3
2021-06-17 11:55:50,S,1061.95,2,24
2021-06-17 11:55:50,B,1060.15,1,1
2021-06-17 11:55:50,B,1060.1,1,9
2021-06-17 11:55:50,B,1060.0,1,100
2021-06-17 11:55:50,B,1059.6,1,10
2021-06-17 11:55:50,B,1059.55,1,3
2021-06-17 11:55:51,S,1061.55,1,6
2021-06-17 11:55:51,S,1061.6,1,7
2021-06-17 11:55:51,S,1061.75,1,9
2021-06-17 11:55:51,S,1061.9,1,3
2021-06-17 11:55:51,S,1061.95,2,24
2021-06-17 11:55:51,B,1060.15,1,1
2021-06-17 11:55:51,B,1060.1,1,9
2021-06-17 11:55:51,B,1060.0,1,100
2021-06-17 11:55:51,B,1059.6,1,10
2021-06-17 11:55:51,B,1059.55,1,3
2021-06-17 11:55:55,S,1061.55,1,6
2021-06-17 11:55:55,S,1061.6,1,7
2021-06-17 11:55:55,S,1061.75,1,9
2021-06-17 11:55:55,S,1061.9,1,3
2021-06-17 11:55:55,S,1061.95,2,24
2021-06-17 11:55:55,B,1060.15,1,1
2021-06-17 11:55:55,B,1060.1,1,9
2021-06-17 11:55:55,B,1060.0,2,105
2021-06-17 11:55:55,B,1059.6,1,10
2021-06-17 11:55:55,B,1059.55,1,3
2021-06-17 11:55:58,S,1061.6,1,7
2021-06-17 11:55:58,S,1061.75,1,7
2021-06-17 11:55:58,S,1061.8,1,7
2021-06-17 11:55:58,S,1061.85,2,19
2021-06-17 11:55:58,S,1061.9,2,13
2021-06-17 11:55:58,B,1060.15,1,1
2021-06-17 11:55:58,B,1060.1,1,9
2021-06-17 11:55:58,B,1060.0,2,105
2021-06-17 11:55:58,B,1059.6,1,10
2021-06-17 11:55:58,B,1059.15,1,3
2021-06-17 11:56:02,S,1061.55,1,7
2021-06-17 11:56:02,S,1061.6,1,7
2021-06-17 11:56:02,S,1061.75,1,7
2021-06-17 11:56:02,S,1061.8,1,7
2021-06-17 11:56:02,S,1061.85,1,7
2021-06-17 11:56:02,B,1060.15,1,1
2021-06-17 11:56:02,B,1060.1,1,9
2021-06-17 11:56:02,B,1060.0,2,105
2021-06-17 11:56:02,B,1059.6,1,10
2021-06-17 11:56:02,B,1059.15,1,3
2021-06-17 11:56:09,S,1061.55,1,7
2021-06-17 11:56:09,S,1061.6,1,7
2021-06-17 11:56:09,S,1061.75,1,7
2021-06-17 11:56:09,S,1061.8,1,7
2021-06-17 11:56:09,S,1061.85,1,7
2021-06-17 11:56:09,B,1060.15,1,1
2021-06-17 11:56:09,B,1060.1,1,9
2021-06-17 11:56:09,B,1060.0,2,105
2021-06-17 11:56:09,B,1059.6,1,10
2021-06-17 11:56:09,B,1059.15,1,3
2021-06-17 11:56:15,S,1061.6,1,7
2021-06-17 11:56:15,S,1061.7,1,9
2021-06-17 11:56:15,S,1061.75,1,7
2021-06-17 11:56:15,S,1061.8,1,7
2021-06-17 11:56:15,S,1061.85,1,7
2021-06-17 11:56:15,B,1060.15,1,1
2021-06-17 11:56:15,B,1060.1,1,9
2021-06-17 11:56:15,B,1060.05,1,10
2021-06-17 11:56:15,B,1060.0,3,110
2021-06-17 11:56:15,B,1059.15,1,3
2021-06-17 11:56:19,S,1061.75,1,7
2021-06-17 11:56:19,S,1061.8,2,19
2021-06-17 11:56:19,S,1061.85,2,17
2021-06-17 11:56:19,S,1061.9,1,3
2021-06-17 11:56:19,S,1061.95,1,12
2021-06-17 11:56:19,B,1060.15,1,1
2021-06-17 11:56:19,B,1060.1,1,9
2021-06-17 11:56:19,B,1060.05,1,10
2021-06-17 11:56:19,B,1060.0,3,110
2021-06-17 11:56:19,B,1059.2,1,1
2021-06-17 11:56:25,S,1061.7,1,9
2021-06-17 11:56:25,S,1061.75,1,7
2021-06-17 11:56:25,S,1061.8,2,8
2021-06-17 11:56:25,S,1061.85,1,7
2021-06-17 11:56:25,S,1061.9,1,3
2021-06-17 11:56:25,B,1060.15,1,1
2021-06-17 11:56:25,B,1060.1,1,9
2021-06-17 11:56:25,B,1060.05,1,10
2021-06-17 11:56:25,B,1060.0,3,110
2021-06-17 11:56:25,B,1059.15,1,3
2021-06-17 11:56:36,S,1061.7,1,9
2021-06-17 11:56:36,S,1061.75,1,7
2021-06-17 11:56:36,S,1061.8,2,8
2021-06-17 11:56:36,S,1061.85,1,7
2021-06-17 11:56:36,S,1061.9,1,3
2021-06-17 11:56:36,B,1060.15,1,1
2021-06-17 11:56:36,B,1060.1,1,9
2021-06-17 11:56:36,B,1060.05,1,10
2021-06-17 11:56:36,B,1060.0,3,110
2021-06-17 11:56:36,B,1059.15,1,3
2021-06-17 11:56:55,S,1061.7,1,9
2021-06-17 11:56:55,S,1061.75,1,7
2021-06-17 11:56:55,S,1061.8,2,8
2021-06-17 11:56:55,S,1061.85,1,7
2021-06-17 11:56:55,S,1061.9,1,3
2021-06-17 11:56:55,B,1060.15,1,1
2021-06-17 11:56:55,B,1060.1,1,9
2021-06-17 11:56:55,B,1060.05,1,10
2021-06-17 11:56:55,B,1060.0,3,110
2021-06-17 11:56:55,B,1059.15,1,3
2021-06-17 11:57:03,S,1061.7,1,9
2021-06-17 11:57:03,S,1061.75,1,7
2021-06-17 11:57:03,S,1061.8,2,8
2021-06-17 11:57:03,S,1061.85,1,7
2021-06-17 11:57:03,S,1061.9,1,3
2021-06-17 11:57:03,B,1060.15,1,1
2021-06-17 11:57:03,B,1060.1,1,9
2021-06-17 11:57:03,B,1060.05,1,10
2021-06-17 11:57:03,B,1060.0,3,110
2021-06-17 11:57:03,B,1059.15,1,3
2021-06-17 11:57:12,S,1061.7,1,9
2021-06-17 11:57:12,S,1061.75,1,7
2021-06-17 11:57:12,S,1061.8,2,8
2021-06-17 11:57:12,S,1061.85,1,7
2021-06-17 11:57:12,S,1061.9,1,3
2021-06-17 11:57:12,B,1060.15,1,1
2021-06-17 11:57:12,B,1060.1,1,9
2021-06-17 11:57:12,B,1060.05,1,10
2021-06-17 11:57:12,B,1060.0,3,110
2021-06-17 11:57:12,B,1059.15,1,3
2021-06-17 11:57:13,S,1061.1,1,1
2021-06-17 11:57:13,S,1061.15,1,9
2021-06-17 11:57:13,S,1061.3,1,7
2021-06-17 11:57:13,S,1061.35,1,10
2021-06-17 11:57:13,S,1061.5,1,7
2021-06-17 11:57:13,B,1060.05,1,1
2021-06-17 11:57:13,B,1060.0,3,110
2021-06-17 11:57:13,B,1059.2,1,10
2021-06-17 11:57:13,B,1058.9,1,1
2021-06-17 11:57:13,B,1058.85,1,3
2021-06-17 11:57:15,S,1061.1,2,4
2021-06-17 11:57:15,S,1061.15,1,9
2021-06-17 11:57:15,S,1061.3,1,7
2021-06-17 11:57:15,S,1061.35,1,10
2021-06-17 11:57:15,S,1061.5,1,7
2021-06-17 11:57:15,B,1060.05,1,1
2021-06-17 11:57:15,B,1060.0,3,110
2021-06-17 11:57:15,B,1059.8,1,10
2021-06-17 11:57:15,B,1059.75,1,9
2021-06-17 11:57:15,B,1058.9,1,1
2021-06-17 11:57:21,S,1061.1,2,4
2021-06-17 11:57:21,S,1061.15,1,9
2021-06-17 11:57:21,S,1061.3,1,7
2021-06-17 11:57:21,S,1061.35,1,10
2021-06-17 11:57:21,S,1061.5,1,7
2021-06-17 11:57:21,B,1060.05,1,1
2021-06-17 11:57:21,B,1060.0,3,110
2021-06-17 11:57:21,B,1059.8,1,10
2021-06-17 11:57:21,B,1059.75,1,9
2021-06-17 11:57:21,B,1058.9,1,1
2021-06-17 11:57:27,S,1061.1,2,4
2021-06-17 11:57:27,S,1061.15,1,9
2021-06-17 11:57:27,S,1061.3,1,7
2021-06-17 11:57:27,S,1061.35,1,10
2021-06-17 11:57:27,S,1061.5,1,7
2021-06-17 11:57:27,B,1060.05,1,1
2021-06-17 11:57:27,B,1060.0,3,110
2021-06-17 11:57:27,B,1059.8,1,10
2021-06-17 11:57:27,B,1059.75,1,9
2021-06-17 11:57:27,B,1058.9,1,1
2021-06-17 11:57:37,S,1061.1,2,4
2021-06-17 11:57:37,S,1061.15,1,9
2021-06-17 11:57:37,S,1061.3,1,7
2021-06-17 11:57:37,S,1061.35,1,10
2021-06-17 11:57:37,S,1061.5,1,7
2021-06-17 11:57:37,B,1060.05,1,1
2021-06-17 11:57:37,B,1060.0,3,110
2021-06-17 11:57:37,B,1059.8,1,10
2021-06-17 11:57:37,B,1059.75,1,9
2021-06-17 11:57:37,B,1058.9,1,1
2021-06-17 11:57:40,S,1061.1,3,8
2021-06-17 11:57:40,S,1061.15,1,9
2021-06-17 11:57:40,S,1061.3,1,7
2021-06-17 11:57:40,S,1061.35,1,10
2021-06-17 11:57:40,S,1061.5,1,7
2021-06-17 11:57:40,B,1060.05,1,1
2021-06-17 11:57:40,B,1060.0,3,110
2021-06-17 11:57:40,B,1059.8,1,10
2021-06-17 11:57:40,B,1059.75,1,9
2021-06-17 11:57:40,B,1058.9,1,1
2021-06-17 11:57:49,S,1061.0,2,10
2021-06-17 11:57:49,S,1061.05,1,10
2021-06-17 11:57:49,S,1061.1,2,7
2021-06-17 11:57:49,S,1061.3,1,7
2021-06-17 11:57:49,S,1061.35,1,10
2021-06-17 11:57:49,B,1060.05,1,1
2021-06-17 11:57:49,B,1060.0,4,118
2021-06-17 11:57:49,B,1059.6,1,10
2021-06-17 11:57:49,B,1059.55,1,10
2021-06-17 11:57:49,B,1058.9,2,4
2021-06-17 11:57:51,S,1061.0,3,11
2021-06-17 11:57:51,S,1061.05,1,10
2021-06-17 11:57:51,S,1061.1,2,7
2021-06-17 11:57:51,S,1061.15,1,1
2021-06-17 11:57:51,S,1061.3,1,7
2021-06-17 11:57:51,B,1060.05,1,1
2021-06-17 11:57:51,B,1060.0,4,118
2021-06-17 11:57:51,B,1059.6,1,10
2021-06-17 11:57:51,B,1059.55,1,10
2021-06-17 11:57:51,B,1058.9,2,4
2021-06-17 11:57:52,S,1061.0,4,15
2021-06-17 11:57:52,S,1061.05,1,10
2021-06-17 11:57:52,S,1061.1,2,7
2021-06-17 11:57:52,S,1061.15,1,1
2021-06-17 11:57:52,S,1061.3,1,7
2021-06-17 11:57:52,B,1060.05,1,1
2021-06-17 11:57:52,B,1060.0,4,118
2021-06-17 11:57:52,B,1059.6,1,10
2021-06-17 11:57:52,B,1059.55,1,10
2021-06-17 11:57:52,B,1058.9,2,4
2021-06-17 11:58:03,S,1061.0,4,15
2021-06-17 11:58:03,S,1061.05,1,10
2021-06-17 11:58:03,S,1061.1,2,7
2021-06-17 11:58:03,S,1061.15,1,1
2021-06-17 11:58:03,S,1061.3,1,7
2021-06-17 11:58:03,B,1060.05,1,1
2021-06-17 11:58:03,B,1060.0,4,118
2021-06-17 11:58:03,B,1059.6,1,10
2021-06-17 11:58:03,B,1059.45,1,10
2021-06-17 11:58:03,B,1058.9,2,4
2021-06-17 11:58:09,S,1061.0,4,15
2021-06-17 11:58:09,S,1061.05,1,10
2021-06-17 11:58:09,S,1061.1,2,7
2021-06-17 11:58:09,S,1061.15,1,1
2021-06-17 11:58:09,S,1061.3,1,7
2021-06-17 11:58:09,B,1060.05,1,1
2021-06-17 11:58:09,B,1060.0,4,118
2021-06-17 11:58:09,B,1059.6,1,10
2021-06-17 11:58:09,B,1059.45,1,10
2021-06-17 11:58:09,B,1058.9,2,4
2021-06-17 11:58:10,S,1061.0,3,14
2021-06-17 11:58:10,S,1061.05,1,1
2021-06-17 11:58:10,S,1061.1,2,7
2021-06-17 11:58:10,S,1061.15,1,1
2021-06-17 11:58:10,S,1061.3,1,7
2021-06-17 11:58:10,B,1060.1,1,2
2021-06-17 11:58:10,B,1060.0,4,118
2021-06-17 11:58:10,B,1059.6,1,10
2021-06-17 11:58:10,B,1059.45,1,10
2021-06-17 11:58:10,B,1058.9,2,4
2021-06-17 11:58:13,S,1061.0,3,6
2021-06-17 11:58:13,S,1061.05,1,1
2021-06-17 11:58:13,S,1061.1,2,7
2021-06-17 11:58:13,S,1061.15,1,1
2021-06-17 11:58:13,S,1061.25,1,12
2021-06-17 11:58:13,B,1060.2,1,5
2021-06-17 11:58:13,B,1060.1,1,2
2021-06-17 11:58:13,B,1060.05,1,5
2021-06-17 11:58:13,B,1060.0,4,118
2021-06-17 11:58:13,B,1059.6,1,10
2021-06-17 11:58:16,S,1061.0,3,6
2021-06-17 11:58:16,S,1061.05,1,1
2021-06-17 11:58:16,S,1061.1,2,7
2021-06-17 11:58:16,S,1061.15,1,1
2021-06-17 11:58:16,S,1061.25,1,12
2021-06-17 11:58:16,B,1060.2,1,5
2021-06-17 11:58:16,B,1060.1,1,2
2021-06-17 11:58:16,B,1060.05,2,10
2021-06-17 11:58:16,B,1060.0,4,118
2021-06-17 11:58:16,B,1059.6,1,10
2021-06-17 11:58:18,S,1061.0,3,6
2021-06-17 11:58:18,S,1061.05,1,1
2021-06-17 11:58:18,S,1061.1,2,7
2021-06-17 11:58:18,S,1061.15,1,1
2021-06-17 11:58:18,S,1061.25,1,12
2021-06-17 11:58:18,B,1060.2,1,5
2021-06-17 11:58:18,B,1060.1,1,2
2021-06-17 11:58:18,B,1060.05,2,10
2021-06-17 11:58:18,B,1060.0,4,118
2021-06-17 11:58:18,B,1059.6,1,10
2021-06-17 11:58:19,S,1061.0,2,5
2021-06-17 11:58:19,S,1061.05,1,1
2021-06-17 11:58:19,S,1061.1,2,7
2021-06-17 11:58:19,S,1061.15,1,1
2021-06-17 11:58:19,S,1061.3,1,7
2021-06-17 11:58:19,B,1060.2,1,5
2021-06-17 11:58:19,B,1060.1,3,58
2021-06-17 11:58:19,B,1060.05,2,10
2021-06-17 11:58:19,B,1060.0,5,127
2021-06-17 11:58:19,B,1059.35,1,3
2021-06-17 11:58:21,S,1061.0,2,5
2021-06-17 11:58:21,S,1061.05,1,1
2021-06-17 11:58:21,S,1061.1,2,7
2021-06-17 11:58:21,S,1061.15,1,1
2021-06-17 11:58:21,S,1061.3,1,7
2021-06-17 11:58:21,B,1060.2,1,5
2021-06-17 11:58:21,B,1060.1,3,58
2021-06-17 11:58:21,B,1060.05,2,10
2021-06-17 11:58:21,B,1060.0,5,127
2021-06-17 11:58:21,B,1059.35,1,3
2021-06-17 11:58:24,S,1061.0,1,2
2021-06-17 11:58:24,S,1061.1,1,4
2021-06-17 11:58:24,S,1061.15,1,1
2021-06-17 11:58:24,S,1061.25,1,1
2021-06-17 11:58:24,S,1061.3,1,7
2021-06-17 11:58:24,B,1060.25,1,10
2021-06-17 11:58:24,B,1060.2,1,5
2021-06-17 11:58:24,B,1060.1,3,58
2021-06-17 11:58:24,B,1060.05,2,10
2021-06-17 11:58:24,B,1060.0,4,118
2021-06-17 11:58:25,S,1061.0,1,2
2021-06-17 11:58:25,S,1061.1,1,4
2021-06-17 11:58:25,S,1061.15,1,1
2021-06-17 11:58:25,S,1061.25,1,1
2021-06-17 11:58:25,S,1061.3,2,10
2021-06-17 11:58:25,B,1060.25,1,10
2021-06-17 11:58:25,B,1060.2,1,5
2021-06-17 11:58:25,B,1060.1,3,58
2021-06-17 11:58:25,B,1060.05,2,10
2021-06-17 11:58:25,B,1060.0,4,118
2021-06-17 11:58:28,S,1061.0,1,2
2021-06-17 11:58:28,S,1061.1,1,4
2021-06-17 11:58:28,S,1061.15,1,1
2021-06-17 11:58:28,S,1061.25,1,1
2021-06-17 11:58:28,S,1061.3,2,10
2021-06-17 11:58:28,B,1060.25,1,10
2021-06-17 11:58:28,B,1060.2,1,5
2021-06-17 11:58:28,B,1060.1,3,58
2021-06-17 11:58:28,B,1060.05,2,10
2021-06-17 11:58:28,B,1060.0,4,118
2021-06-17 11:58:32,S,1061.1,2,5
2021-06-17 11:58:32,S,1061.25,1,1
2021-06-17 11:58:32,S,1061.3,2,10
2021-06-17 11:58:32,S,1061.5,1,7
2021-06-17 11:58:32,S,1061.6,1,12
2021-06-17 11:58:32,B,1060.25,1,10
2021-06-17 11:58:32,B,1060.2,1,5
2021-06-17 11:58:32,B,1060.1,3,58
2021-06-17 11:58:32,B,1060.05,2,10
2021-06-17 11:58:32,B,1060.0,4,118
2021-06-17 11:59:04,S,1061.1,2,5
2021-06-17 11:59:04,S,1061.25,1,1
2021-06-17 11:59:04,S,1061.3,1,7
2021-06-17 11:59:04,S,1061.5,1,7
2021-06-17 11:59:04,S,1061.65,1,7
2021-06-17 11:59:04,B,1060.25,1,10
2021-06-17 11:59:04,B,1060.2,2,104
2021-06-17 11:59:04,B,1060.1,3,58
2021-06-17 11:59:04,B,1060.05,2,10
2021-06-17 11:59:04,B,1060.0,4,118
2021-06-17 11:59:05,S,1061.1,2,5
2021-06-17 11:59:05,S,1061.25,1,1
2021-06-17 11:59:05,S,1061.3,1,7
2021-06-17 11:59:05,S,1061.5,1,7
2021-06-17 11:59:05,S,1061.65,1,7
2021-06-17 11:59:05,B,1060.25,1,10
2021-06-17 11:59:05,B,1060.2,2,104
2021-06-17 11:59:05,B,1060.15,1,5
2021-06-17 11:59:05,B,1060.1,3,58
2021-06-17 11:59:05,B,1060.05,1,5
2021-06-17 11:59:07,S,1061.1,2,5
2021-06-17 11:59:07,S,1061.25,1,1
2021-06-17 11:59:07,S,1061.3,1,7
2021-06-17 11:59:07,S,1061.5,1,7
2021-06-17 11:59:07,S,1061.65,1,7
2021-06-17 11:59:07,B,1060.25,1,10
2021-06-17 11:59:07,B,1060.2,2,104
2021-06-17 11:59:07,B,1060.15,1,5
2021-06-17 11:59:07,B,1060.1,3,58
2021-06-17 11:59:07,B,1060.05,1,5
2021-06-17 11:59:19,S,1061.05,1,15
2021-06-17 11:59:19,S,1061.1,2,5
2021-06-17 11:59:19,S,1061.25,1,1
2021-06-17 11:59:19,S,1061.3,2,10
2021-06-17 11:59:19,S,1061.5,1,7
2021-06-17 11:59:19,B,1060.25,1,5
2021-06-17 11:59:19,B,1060.2,2,104
2021-06-17 11:59:19,B,1060.1,3,58
2021-06-17 11:59:19,B,1060.05,1,5
2021-06-17 11:59:19,B,1060.0,4,118
2021-06-17 11:59:34,S,1061.05,1,15
2021-06-17 11:59:34,S,1061.1,2,5
2021-06-17 11:59:34,S,1061.25,1,1
2021-06-17 11:59:34,S,1061.3,2,10
2021-06-17 11:59:34,S,1061.5,1,7
2021-06-17 11:59:34,B,1060.25,1,5
2021-06-17 11:59:34,B,1060.2,2,104
2021-06-17 11:59:34,B,1060.1,3,58
2021-06-17 11:59:34,B,1060.05,1,5
2021-06-17 11:59:34,B,1060.0,4,118
2021-06-17 11:59:42,S,1061.05,1,15
2021-06-17 11:59:42,S,1061.1,2,5
2021-06-17 11:59:42,S,1061.25,1,1
2021-06-17 11:59:42,S,1061.3,2,10
2021-06-17 11:59:42,S,1061.5,1,7
2021-06-17 11:59:42,B,1060.25,1,5
2021-06-17 11:59:42,B,1060.2,2,104
2021-06-17 11:59:42,B,1060.1,3,58
2021-06-17 11:59:42,B,1060.05,1,5
2021-06-17 11:59:42,B,1060.0,4,118
2021-06-17 11:59:43,S,1061.05,1,15
2021-06-17 11:59:43,S,1061.1,2,5
2021-06-17 11:59:43,S,1061.6,1,1
2021-06-17 11:59:43,S,1061.65,2,16
2021-06-17 11:59:43,S,1061.75,1,7
2021-06-17 11:59:43,B,1060.35,1,2
2021-06-17 11:59:43,B,1060.3,2,10
2021-06-17 11:59:43,B,1060.25,1,5
2021-06-17 11:59:43,B,1060.2,2,104
2021-06-17 11:59:43,B,1060.1,2,52
2021-06-17 11:59:46,S,1061.05,1,15
2021-06-17 11:59:46,S,1061.1,2,5
2021-06-17 11:59:46,S,1061.6,1,1
2021-06-17 11:59:46,S,1061.65,1,7
2021-06-17 11:59:46,S,1061.75,1,7
2021-06-17 11:59:46,B,1060.45,1,9
2021-06-17 11:59:46,B,1060.35,1,2
2021-06-17 11:59:46,B,1060.3,2,10
2021-06-17 11:59:46,B,1060.25,1,5
2021-06-17 11:59:46,B,1060.2,2,104
2021-06-17 11:59:50,S,1061.05,1,15
2021-06-17 11:59:50,S,1061.1,2,5
2021-06-17 11:59:50,S,1061.6,1,1
2021-06-17 11:59:50,S,1061.65,1,7
2021-06-17 11:59:50,S,1061.75,1,7
2021-06-17 11:59:50,B,1060.45,1,9
2021-06-17 11:59:50,B,1060.35,1,2
2021-06-17 11:59:50,B,1060.3,2,10
2021-06-17 11:59:50,B,1060.25,1,5
2021-06-17 11:59:50,B,1060.2,2,104
2021-06-17 12:00:04,S,1061.1,3,6
2021-06-17 12:00:04,S,1061.4,1,1
2021-06-17 12:00:04,S,1061.45,1,3
2021-06-17 12:00:04,S,1061.6,1,12
2021-06-17 12:00:04,S,1061.65,2,17
2021-06-17 12:00:04,B,1060.35,1,2
2021-06-17 12:00:04,B,1060.3,2,10
2021-06-17 12:00:04,B,1060.25,1,5
2021-06-17 12:00:04,B,1060.2,2,104
2021-06-17 12:00:04,B,1060.15,1,10
2021-06-17 12:00:06,S,1061.1,3,6
2021-06-17 12:00:06,S,1061.4,1,1
2021-06-17 12:00:06,S,1061.45,1,3
2021-06-17 12:00:06,S,1061.6,1,12
2021-06-17 12:00:06,S,1061.65,2,17
2021-06-17 12:00:06,B,1060.35,1,2
2021-06-17 12:00:06,B,1060.3,2,10
2021-06-17 12:00:06,B,1060.25,1,5
2021-06-17 12:00:06,B,1060.2,2,104
2021-06-17 12:00:06,B,1060.1,2,52
2021-06-17 12:00:15,S,1061.1,3,6
2021-06-17 12:00:15,S,1061.4,1,1
2021-06-17 12:00:15,S,1061.45,1,3
2021-06-17 12:00:15,S,1061.6,1,12
2021-06-17 12:00:15,S,1061.65,2,17
2021-06-17 12:00:15,B,1060.35,1,2
2021-06-17 12:00:15,B,1060.3,2,10
2021-06-17 12:00:15,B,1060.25,1,5
2021-06-17 12:00:15,B,1060.2,2,104
2021-06-17 12:00:15,B,1060.1,2,52
2021-06-17 12:00:17,S,1060.95,1,15
2021-06-17 12:00:17,S,1061.0,1,9
2021-06-17 12:00:17,S,1061.05,2,12
2021-06-17 12:00:17,S,1061.1,3,6
2021-06-17 12:00:17,S,1061.35,1,12
2021-06-17 12:00:17,B,1060.3,1,1
2021-06-17 12:00:17,B,1060.25,1,5
2021-06-17 12:00:17,B,1060.2,2,104
2021-06-17 12:00:17,B,1060.1,2,52
2021-06-17 12:00:17,B,1060.05,1,5
2021-06-17 12:00:21,S,1060.95,1,15
2021-06-17 12:00:21,S,1061.0,1,9
2021-06-17 12:00:21,S,1061.05,2,12
2021-06-17 12:00:21,S,1061.1,3,6
2021-06-17 12:00:21,S,1061.35,1,12
2021-06-17 12:00:21,B,1060.3,1,1
2021-06-17 12:00:21,B,1060.25,1,5
2021-06-17 12:00:21,B,1060.2,2,104
2021-06-17 12:00:21,B,1060.1,2,52
2021-06-17 12:00:21,B,1060.05,1,5
2021-06-17 12:00:22,S,1060.95,1,15
2021-06-17 12:00:22,S,1061.0,1,9
2021-06-17 12:00:22,S,1061.05,2,12
2021-06-17 12:00:22,S,1061.1,3,6
2021-06-17 12:00:22,S,1061.35,1,12
2021-06-17 12:00:22,B,1060.3,1,1
2021-06-17 12:00:22,B,1060.25,1,5
2021-06-17 12:00:22,B,1060.2,2,104
2021-06-17 12:00:22,B,1060.1,2,52
2021-06-17 12:00:22,B,1060.05,1,5
2021-06-17 12:00:24,S,1061.05,1,7
2021-06-17 12:00:24,S,1061.1,2,5
2021-06-17 12:00:24,S,1061.6,1,10
2021-06-17 12:00:24,S,1061.65,1,7
2021-06-17 12:00:24,S,1061.7,1,1
2021-06-17 12:00:24,B,1061.0,1,156
2021-06-17 12:00:24,B,1060.35,1,8
2021-06-17 12:00:24,B,1060.3,1,1
2021-06-17 12:00:24,B,1060.25,1,5
2021-06-17 12:00:24,B,1060.2,3,107
2021-06-17 12:00:31,S,1061.1,2,5
2021-06-17 12:00:31,S,1061.65,1,7
2021-06-17 12:00:31,S,1061.75,1,7
2021-06-17 12:00:31,S,1061.95,1,1
2021-06-17 12:00:31,S,1062.0,1,25
2021-06-17 12:00:31,B,1061.0,2,206
2021-06-17 12:00:31,B,1060.35,1,8
2021-06-17 12:00:31,B,1060.3,1,1
2021-06-17 12:00:31,B,1060.25,1,5
2021-06-17 12:00:31,B,1060.2,3,107
2021-06-17 12:00:36,S,1061.1,2,5
2021-06-17 12:00:36,S,1061.65,1,7
2021-06-17 12:00:36,S,1061.75,1,7
2021-06-17 12:00:36,S,1061.95,1,1
2021-06-17 12:00:36,S,1062.0,1,25
2021-06-17 12:00:36,B,1061.0,2,206
2021-06-17 12:00:36,B,1060.35,1,8
2021-06-17 12:00:36,B,1060.3,1,1
2021-06-17 12:00:36,B,1060.25,1,5
2021-06-17 12:00:36,B,1060.2,3,107
2021-06-17 12:00:37,S,1062.0,1,25
2021-06-17 12:00:37,S,1062.45,1,1
2021-06-17 12:00:37,S,1062.5,1,4
2021-06-17 12:00:37,S,1062.8,1,12
2021-06-17 12:00:37,S,1062.85,2,14
2021-06-17 12:00:37,B,1061.2,1,10
2021-06-17 12:00:37,B,1061.1,1,8
2021-06-17 12:00:37,B,1061.05,1,5
2021-06-17 12:00:37,B,1061.0,2,206
2021-06-17 12:00:37,B,1060.7,1,3
2021-06-17 12:00:39,S,1062.0,1,25
2021-06-17 12:00:39,S,1062.45,1,1
2021-06-17 12:00:39,S,1062.5,1,4
2021-06-17 12:00:39,S,1062.8,1,12
2021-06-17 12:00:39,S,1062.85,2,14
2021-06-17 12:00:39,B,1061.2,1,10
2021-06-17 12:00:39,B,1061.1,1,8
2021-06-17 12:00:39,B,1061.05,1,5
2021-06-17 12:00:39,B,1061.0,2,206
2021-06-17 12:00:39,B,1060.7,1,3
2021-06-17 12:00:40,S,1062.0,1,25
2021-06-17 12:00:40,S,1062.45,1,1
2021-06-17 12:00:40,S,1062.5,1,4
2021-06-17 12:00:40,S,1062.8,1,12
2021-06-17 12:00:40,S,1062.85,2,14
2021-06-17 12:00:40,B,1061.2,1,5
2021-06-17 12:00:40,B,1061.1,1,8
2021-06-17 12:00:40,B,1061.05,1,5
2021-06-17 12:00:40,B,1061.0,2,206
2021-06-17 12:00:40,B,1060.7,1,3
2021-06-17 12:00:42,S,1062.0,1,25
2021-06-17 12:00:42,S,1062.45,1,1
2021-06-17 12:00:42,S,1062.5,1,4
2021-06-17 12:00:42,S,1062.8,1,12
2021-06-17 12:00:42,S,1062.85,2,14
2021-06-17 12:00:42,B,1061.2,1,5
2021-06-17 12:00:42,B,1061.1,1,8
2021-06-17 12:00:42,B,1061.05,1,5
2021-06-17 12:00:42,B,1061.0,2,206
2021-06-17 12:00:42,B,1060.7,1,3
2021-06-17 12:00:45,S,1062.0,1,25
2021-06-17 12:00:45,S,1062.45,1,1
2021-06-17 12:00:45,S,1062.5,1,4
2021-06-17 12:00:45,S,1062.8,1,12
2021-06-17 12:00:45,S,1062.85,2,14
2021-06-17 12:00:45,B,1061.2,1,5
2021-06-17 12:00:45,B,1061.1,1,8
2021-06-17 12:00:45,B,1061.05,1,5
2021-06-17 12:00:45,B,1061.0,2,206
2021-06-17 12:00:45,B,1060.7,1,3
2021-06-17 12:00:46,S,1062.0,1,25
2021-06-17 12:00:46,S,1062.45,1,1
2021-06-17 12:00:46,S,1062.5,1,4
2021-06-17 12:00:46,S,1062.8,1,12
2021-06-17 12:00:46,S,1062.85,2,14
2021-06-17 12:00:46,B,1061.2,1,5
2021-06-17 12:00:46,B,1061.1,1,8
2021-06-17 12:00:46,B,1061.05,1,5
2021-06-17 12:00:46,B,1061.0,2,206
2021-06-17 12:00:46,B,1060.7,1,3
2021-06-17 12:00:48,S,1062.7,2,2
2021-06-17 12:00:48,S,1062.75,2,13
2021-06-17 12:00:48,S,1062.85,1,5
2021-06-17 12:00:48,S,1062.95,1,12
2021-06-17 12:00:48,S,1063.0,2,35
2021-06-17 12:00:48,B,1061.5,1,1
2021-06-17 12:00:48,B,1061.45,1,10
2021-06-17 12:00:48,B,1061.3,1,7
2021-06-17 12:00:48,B,1061.15,1,3
2021-06-17 12:00:48,B,1061.05,1,5
2021-06-17 12:01:01,S,1062.7,2,2
2021-06-17 12:01:01,S,1062.75,2,13
2021-06-17 12:01:01,S,1062.85,1,5
2021-06-17 12:01:01,S,1062.95,1,12
2021-06-17 12:01:01,S,1063.0,2,35
2021-06-17 12:01:01,B,1061.5,1,1
2021-06-17 12:01:01,B,1061.45,1,10
2021-06-17 12:01:01,B,1061.3,1,7
2021-06-17 12:01:01,B,1061.15,1,3
2021-06-17 12:01:01,B,1061.05,1,5
2021-06-17 12:01:08,S,1062.7,3,3
2021-06-17 12:01:08,S,1062.75,2,13
2021-06-17 12:01:08,S,1062.85,1,5
2021-06-17 12:01:08,S,1062.95,1,12
2021-06-17 12:01:08,S,1063.0,2,35
2021-06-17 12:01:08,B,1061.5,2,6
2021-06-17 12:01:08,B,1061.45,1,10
2021-06-17 12:01:08,B,1061.3,1,7
2021-06-17 12:01:08,B,1061.15,1,3
2021-06-17 12:01:08,B,1061.0,1,156
2021-06-17 12:01:09,S,1062.25,2,11
2021-06-17 12:01:09,S,1062.3,1,10
2021-06-17 12:01:09,S,1062.45,1,12
2021-06-17 12:01:09,S,1062.5,1,200
2021-06-17 12:01:09,S,1062.65,1,1
2021-06-17 12:01:09,B,1061.5,1,5
2021-06-17 12:01:09,B,1061.2,1,1
2021-06-17 12:01:09,B,1061.15,1,3
2021-06-17 12:01:09,B,1061.1,1,3
2021-06-17 12:01:09,B,1061.05,1,7
2021-06-17 12:01:11,S,1062.25,2,11
2021-06-17 12:01:11,S,1062.3,1,10
2021-06-17 12:01:11,S,1062.45,1,12
2021-06-17 12:01:11,S,1062.5,2,201
2021-06-17 12:01:11,S,1062.65,1,1
2021-06-17 12:01:11,B,1061.5,1,5
2021-06-17 12:01:11,B,1061.2,1,1
2021-06-17 12:01:11,B,1061.15,1,3
2021-06-17 12:01:11,B,1061.1,1,3
2021-06-17 12:01:11,B,1061.05,1,7
2021-06-17 12:01:14,S,1062.25,3,12
2021-06-17 12:01:14,S,1062.3,1,10
2021-06-17 12:01:14,S,1062.45,1,12
2021-06-17 12:01:14,S,1062.5,2,201
2021-06-17 12:01:14,S,1062.55,1,12
2021-06-17 12:01:14,B,1061.5,1,5
2021-06-17 12:01:14,B,1061.2,1,1
2021-06-17 12:01:14,B,1061.15,1,3
2021-06-17 12:01:14,B,1061.1,1,3
2021-06-17 12:01:14,B,1061.05,1,7
2021-06-17 12:01:15,S,1062.25,3,12
2021-06-17 12:01:15,S,1062.3,1,10
2021-06-17 12:01:15,S,1062.45,1,12
2021-06-17 12:01:15,S,1062.5,2,201
2021-06-17 12:01:15,S,1062.55,1,12
2021-06-17 12:01:15,B,1061.5,1,5
2021-06-17 12:01:15,B,1061.2,1,1
2021-06-17 12:01:15,B,1061.15,1,3
2021-06-17 12:01:15,B,1061.1,1,3
2021-06-17 12:01:15,B,1061.05,1,7
2021-06-17 12:01:22,S,1062.15,3,12
2021-06-17 12:01:22,S,1062.2,1,9
2021-06-17 12:01:22,S,1062.25,2,2
2021-06-17 12:01:22,S,1062.5,1,200
2021-06-17 12:01:22,S,1062.7,1,1
2021-06-17 12:01:22,B,1061.3,1,1
2021-06-17 12:01:22,B,1061.25,1,5
2021-06-17 12:01:22,B,1061.1,1,3
2021-06-17 12:01:22,B,1061.05,1,7
2021-06-17 12:01:22,B,1061.0,1,156
2021-06-17 12:01:28,S,1062.15,3,12
2021-06-17 12:01:28,S,1062.35,1,1
2021-06-17 12:01:28,S,1062.4,1,3
2021-06-17 12:01:28,S,1062.45,2,22
2021-06-17 12:01:28,S,1062.5,1,200
2021-06-17 12:01:28,B,1061.3,1,1
2021-06-17 12:01:28,B,1061.25,1,5
2021-06-17 12:01:28,B,1061.1,1,3
2021-06-17 12:01:28,B,1061.05,1,7
2021-06-17 12:01:28,B,1061.0,1,156
2021-06-17 12:01:30,S,1062.15,3,12
2021-06-17 12:01:30,S,1062.35,1,1
2021-06-17 12:01:30,S,1062.4,1,3
2021-06-17 12:01:30,S,1062.45,2,22
2021-06-17 12:01:30,S,1062.5,1,200
2021-06-17 12:01:30,B,1061.3,1,1
2021-06-17 12:01:30,B,1061.25,1,5
2021-06-17 12:01:30,B,1061.1,1,3
2021-06-17 12:01:30,B,1061.05,1,7
2021-06-17 12:01:30,B,1061.0,1,156
2021-06-17 12:01:31,S,1062.15,3,12
2021-06-17 12:01:31,S,1062.35,1,1
2021-06-17 12:01:31,S,1062.4,1,3
2021-06-17 12:01:31,S,1062.45,2,22
2021-06-17 12:01:31,S,1062.5,1,200
2021-06-17 12:01:31,B,1061.3,1,1
2021-06-17 12:01:31,B,1061.25,1,5
2021-06-17 12:01:31,B,1061.1,1,3
2021-06-17 12:01:31,B,1061.05,1,7
2021-06-17 12:01:31,B,1061.0,1,156
2021-06-17 12:01:40,S,1062.45,2,3
2021-06-17 12:01:40,S,1062.5,1,99
2021-06-17 12:01:40,S,1062.65,1,3
2021-06-17 12:01:40,S,1062.7,1,10
2021-06-17 12:01:40,S,1062.95,2,11
2021-06-17 12:01:40,B,1061.25,1,5
2021-06-17 12:01:40,B,1061.05,1,1
2021-06-17 12:01:40,B,1061.0,1,10
2021-06-17 12:01:40,B,1060.7,1,3
2021-06-17 12:01:40,B,1060.6,1,8
2021-06-17 12:01:43,S,1062.45,2,3
2021-06-17 12:01:43,S,1062.5,1,99
2021-06-17 12:01:43,S,1062.65,1,3
2021-06-17 12:01:43,S,1062.7,1,10
2021-06-17 12:01:43,S,1062.95,2,11
2021-06-17 12:01:43,B,1061.25,1,5
2021-06-17 12:01:43,B,1061.05,1,1
2021-06-17 12:01:43,B,1061.0,1,10
2021-06-17 12:01:43,B,1060.7,1,3
2021-06-17 12:01:43,B,1060.6,1,8
2021-06-17 12:01:44,S,1062.45,2,8
2021-06-17 12:01:44,S,1062.5,2,100
2021-06-17 12:01:44,S,1062.65,1,3
2021-06-17 12:01:44,S,1062.7,1,10
2021-06-17 12:01:44,S,1062.8,1,8
2021-06-17 12:01:44,B,1061.25,1,5
2021-06-17 12:01:44,B,1061.05,1,1
2021-06-17 12:01:44,B,1061.0,1,10
2021-06-17 12:01:44,B,1060.7,1,3
2021-06-17 12:01:44,B,1060.55,1,9
2021-06-17 12:01:58,S,1062.5,1,67
2021-06-17 12:01:58,S,1062.8,2,9
2021-06-17 12:01:58,S,1062.95,1,12
2021-06-17 12:01:58,S,1063.0,2,35
2021-06-17 12:01:58,S,1063.15,1,11
2021-06-17 12:01:58,B,1061.25,1,5
2021-06-17 12:01:58,B,1061.05,1,1
2021-06-17 12:01:58,B,1061.0,1,9
2021-06-17 12:01:58,B,1060.85,1,7
2021-06-17 12:01:58,B,1060.8,1,10
2021-06-17 12:02:00,S,1062.5,1,67
2021-06-17 12:02:00,S,1062.8,2,4
2021-06-17 12:02:00,S,1063.0,3,36
2021-06-17 12:02:00,S,1063.1,1,8
2021-06-17 12:02:00,S,1063.15,1,11
2021-06-17 12:02:00,B,1061.3,1,10
2021-06-17 12:02:00,B,1061.25,1,5
2021-06-17 12:02:00,B,1061.05,1,1
2021-06-17 12:02:00,B,1061.0,1,9
2021-06-17 12:02:00,B,1060.9,1,8
2021-06-17 12:02:04,S,1062.5,1,67
2021-06-17 12:02:04,S,1062.8,2,4
2021-06-17 12:02:04,S,1063.0,3,36
2021-06-17 12:02:04,S,1063.1,1,8
2021-06-17 12:02:04,S,1063.15,1,11
2021-06-17 12:02:04,B,1061.3,1,10
2021-06-17 12:02:04,B,1061.2,1,1
2021-06-17 12:02:04,B,1061.15,1,5
2021-06-17 12:02:04,B,1061.0,1,9
2021-06-17 12:02:04,B,1060.9,1,8
2021-06-17 12:02:16,S,1062.5,1,66
2021-06-17 12:02:16,S,1062.8,2,4
2021-06-17 12:02:16,S,1062.85,3,19
2021-06-17 12:02:16,S,1062.95,1,12
2021-06-17 12:02:16,S,1063.0,3,36
2021-06-17 12:02:16,B,1061.3,1,9
2021-06-17 12:02:16,B,1061.2,1,1
2021-06-17 12:02:16,B,1061.15,1,5
2021-06-17 12:02:16,B,1060.85,2,16
2021-06-17 12:02:16,B,1060.75,1,7
2021-06-17 12:02:19,S,1062.5,2,67
2021-06-17 12:02:19,S,1062.65,2,10
2021-06-17 12:02:19,S,1062.8,3,16
2021-06-17 12:02:19,S,1062.85,3,19
2021-06-17 12:02:19,S,1062.9,1,8
2021-06-17 12:02:19,B,1061.35,1,5
2021-06-17 12:02:19,B,1060.9,1,1
2021-06-17 12:02:19,B,1060.85,2,16
2021-06-17 12:02:19,B,1060.75,1,7
2021-06-17 12:02:19,B,1060.7,1,3
2021-06-17 12:02:21,S,1062.45,2,10
2021-06-17 12:02:21,S,1062.5,3,68
2021-06-17 12:02:21,S,1062.55,1,11
2021-06-17 12:02:21,S,1062.65,2,10
2021-06-17 12:02:21,S,1062.8,2,4
2021-06-17 12:02:21,B,1061.35,1,5
2021-06-17 12:02:21,B,1060.9,2,11
2021-06-17 12:02:21,B,1060.85,2,16
2021-06-17 12:02:21,B,1060.75,1,7
2021-06-17 12:02:21,B,1060.7,1,3
2021-06-17 12:02:23,S,1062.45,2,10
2021-06-17 12:02:23,S,1062.5,3,68
2021-06-17 12:02:23,S,1062.55,2,12
2021-06-17 12:02:23,S,1062.65,2,10
2021-06-17 12:02:23,S,1062.8,2,4
2021-06-17 12:02:23,B,1061.35,1,5
2021-06-17 12:02:23,B,1060.9,1,1
2021-06-17 12:02:23,B,1060.85,2,16
2021-06-17 12:02:23,B,1060.75,1,7
2021-06-17 12:02:23,B,1060.7,2,12
2021-06-17 12:02:27,S,1062.45,2,10
2021-06-17 12:02:27,S,1062.5,3,68
2021-06-17 12:02:27,S,1062.55,2,12
2021-06-17 12:02:27,S,1062.65,2,10
2021-06-17 12:02:27,S,1062.8,2,4
2021-06-17 12:02:27,B,1061.35,1,5
2021-06-17 12:02:27,B,1060.9,1,1
2021-06-17 12:02:27,B,1060.85,2,16
2021-06-17 12:02:27,B,1060.75,1,7
2021-06-17 12:02:27,B,1060.7,2,12
2021-06-17 12:02:48,S,1062.45,2,10
2021-06-17 12:02:48,S,1062.5,3,68
2021-06-17 12:02:48,S,1062.55,2,12
2021-06-17 12:02:48,S,1062.65,2,10
2021-06-17 12:02:48,S,1062.8,2,4
2021-06-17 12:02:48,B,1061.05,1,1
2021-06-17 12:02:48,B,1061.0,1,5
2021-06-17 12:02:48,B,1060.85,1,7
2021-06-17 12:02:48,B,1060.75,1,7
2021-06-17 12:02:48,B,1060.7,2,12
2021-06-17 12:03:00,S,1062.5,2,67
2021-06-17 12:03:00,S,1062.65,1,9
2021-06-17 12:03:00,S,1062.8,2,4
2021-06-17 12:03:00,S,1063.0,3,36
2021-06-17 12:03:00,S,1063.15,1,11
2021-06-17 12:03:00,B,1062.0,1,100
2021-06-17 12:03:00,B,1061.4,1,1
2021-06-17 12:03:00,B,1061.35,1,10
2021-06-17 12:03:00,B,1061.25,1,3
2021-06-17 12:03:00,B,1061.05,1,8
2021-06-17 12:03:02,S,1062.5,2,67
2021-06-17 12:03:02,S,1062.65,1,9
2021-06-17 12:03:02,S,1062.8,1,3
2021-06-17 12:03:02,S,1063.0,3,36
2021-06-17 12:03:02,S,1063.25,1,3
2021-06-17 12:03:02,B,1062.1,1,10
2021-06-17 12:03:02,B,1062.05,1,6
2021-06-17 12:03:02,B,1062.0,1,100
2021-06-17 12:03:02,B,1061.3,2,9
2021-06-17 12:03:02,B,1061.25,1,3
2021-06-17 12:03:19,S,1062.5,2,67
2021-06-17 12:03:19,S,1062.65,1,9
2021-06-17 12:03:19,S,1062.8,1,3
2021-06-17 12:03:19,S,1063.0,2,35
2021-06-17 12:03:19,S,1063.25,1,3
2021-06-17 12:03:19,B,1062.1,1,10
2021-06-17 12:03:19,B,1062.05,1,6
2021-06-17 12:03:19,B,1062.0,1,100
2021-06-17 12:03:19,B,1061.3,2,9
2021-06-17 12:03:19,B,1061.25,1,3
2021-06-17 12:03:22,S,1062.5,2,67
2021-06-17 12:03:22,S,1062.65,1,9
2021-06-17 12:03:22,S,1062.8,1,3
2021-06-17 12:03:22,S,1063.0,2,35
2021-06-17 12:03:22,S,1063.25,1,3
2021-06-17 12:03:22,B,1062.1,1,10
2021-06-17 12:03:22,B,1062.05,1,6
2021-06-17 12:03:22,B,1062.0,2,105
2021-06-17 12:03:22,B,1061.3,2,9
2021-06-17 12:03:22,B,1061.25,1,3
2021-06-17 12:03:24,S,1062.5,2,67
2021-06-17 12:03:24,S,1062.65,1,9
2021-06-17 12:03:24,S,1062.8,1,3
2021-06-17 12:03:24,S,1063.0,2,35
2021-06-17 12:03:24,S,1063.25,1,3
2021-06-17 12:03:24,B,1062.1,1,10
2021-06-17 12:03:24,B,1062.05,1,6
2021-06-17 12:03:24,B,1062.0,2,105
2021-06-17 12:03:24,B,1061.3,2,9
2021-06-17 12:03:24,B,1061.25,1,3
2021-06-17 12:03:33,S,1062.5,2,67
2021-06-17 12:03:33,S,1062.65,1,9
2021-06-17 12:03:33,S,1062.8,1,3
2021-06-17 12:03:33,S,1063.0,2,35
2021-06-17 12:03:33,S,1063.25,1,3
2021-06-17 12:03:33,B,1062.1,1,10
2021-06-17 12:03:33,B,1062.05,1,6
2021-06-17 12:03:33,B,1062.0,2,105
2021-06-17 12:03:33,B,1061.3,2,9
2021-06-17 12:03:33,B,1061.25,1,3
2021-06-17 12:03:35,S,1062.5,2,62
2021-06-17 12:03:35,S,1062.65,1,9
2021-06-17 12:03:35,S,1063.0,2,35
2021-06-17 12:03:35,S,1063.25,1,3
2021-06-17 12:03:35,S,1063.7,1,5
2021-06-17 12:03:35,B,1062.05,1,6
2021-06-17 12:03:35,B,1062.0,1,100
2021-06-17 12:03:35,B,1061.95,1,9
2021-06-17 12:03:35,B,1061.3,3,10
2021-06-17 12:03:35,B,1061.25,1,3
2021-06-17 12:03:36,S,1062.5,2,62
2021-06-17 12:03:36,S,1062.65,1,9
2021-06-17 12:03:36,S,1063.0,2,35
2021-06-17 12:03:36,S,1063.25,1,3
2021-06-17 12:03:36,S,1063.7,1,5
2021-06-17 12:03:36,B,1062.05,1,6
2021-06-17 12:03:36,B,1062.0,1,100
2021-06-17 12:03:36,B,1061.95,1,9
2021-06-17 12:03:36,B,1061.3,3,10
2021-06-17 12:03:36,B,1061.25,1,3
2021-06-17 12:03:37,S,1062.5,2,52
2021-06-17 12:03:37,S,1062.65,1,9
2021-06-17 12:03:37,S,1063.0,2,35
2021-06-17 12:03:37,S,1063.25,1,3
2021-06-17 12:03:37,S,1063.7,1,5
2021-06-17 12:03:37,B,1062.05,1,6
2021-06-17 12:03:37,B,1062.0,1,100
2021-06-17 12:03:37,B,1061.95,1,9
2021-06-17 12:03:37,B,1061.3,3,10
2021-06-17 12:03:37,B,1061.25,1,3
2021-06-17 12:03:41,S,1062.5,2,52
2021-06-17 12:03:41,S,1062.65,1,9
2021-06-17 12:03:41,S,1063.0,2,35
2021-06-17 12:03:41,S,1063.25,1,3
2021-06-17 12:03:41,S,1063.6,1,10
2021-06-17 12:03:41,B,1062.1,1,9
2021-06-17 12:03:41,B,1062.05,1,6
2021-06-17 12:03:41,B,1062.0,1,100
2021-06-17 12:03:41,B,1061.3,3,10
2021-06-17 12:03:41,B,1061.25,1,3
2021-06-17 12:03:51,S,1062.5,2,52
2021-06-17 12:03:51,S,1062.65,1,9
2021-06-17 12:03:51,S,1063.0,2,35
2021-06-17 12:03:51,S,1063.25,1,3
2021-06-17 12:03:51,S,1063.6,1,10
2021-06-17 12:03:51,B,1062.1,1,9
2021-06-17 12:03:51,B,1062.05,1,6
2021-06-17 12:03:51,B,1062.0,1,100
2021-06-17 12:03:51,B,1061.3,3,10
2021-06-17 12:03:51,B,1061.25,1,3
2021-06-17 12:03:52,S,1062.5,1,1
2021-06-17 12:03:52,S,1062.65,1,9
2021-06-17 12:03:52,S,1063.0,2,35
2021-06-17 12:03:52,S,1063.75,1,10
2021-06-17 12:03:52,S,1063.8,1,4
2021-06-17 12:03:52,B,1062.1,2,10
2021-06-17 12:03:52,B,1062.05,1,6
2021-06-17 12:03:52,B,1062.0,2,101
2021-06-17 12:03:52,B,1061.3,2,9
2021-06-17 12:03:52,B,1061.25,1,3
2021-06-17 12:03:54,S,1062.5,1,1
2021-06-17 12:03:54,S,1062.65,1,9
2021-06-17 12:03:54,S,1063.0,2,35
2021-06-17 12:03:54,S,1063.75,1,10
2021-06-17 12:03:54,S,1063.8,1,4
2021-06-17 12:03:54,B,1062.1,2,10
2021-06-17 12:03:54,B,1062.05,1,6
2021-06-17 12:03:54,B,1062.0,2,101
2021-06-17 12:03:54,B,1061.3,2,9
2021-06-17 12:03:54,B,1061.25,1,3
2021-06-17 12:03:56,S,1062.5,1,1
2021-06-17 12:03:56,S,1062.65,1,9
2021-06-17 12:03:56,S,1063.0,2,35
2021-06-17 12:03:56,S,1063.05,1,3
2021-06-17 12:03:56,S,1063.35,1,3
2021-06-17 12:03:56,B,1062.1,1,8
2021-06-17 12:03:56,B,1062.05,2,7
2021-06-17 12:03:56,B,1062.0,1,100
2021-06-17 12:03:56,B,1061.3,2,9
2021-06-17 12:03:56,B,1061.25,1,3
2021-06-17 12:04:03,S,1062.5,1,1
2021-06-17 12:04:03,S,1062.65,1,9
2021-06-17 12:04:03,S,1063.0,2,35
2021-06-17 12:04:03,S,1063.05,1,3
2021-06-17 12:04:03,S,1063.35,1,3
2021-06-17 12:04:03,B,1062.1,1,8
2021-06-17 12:04:03,B,1062.05,2,7
2021-06-17 12:04:03,B,1062.0,1,100
2021-06-17 12:04:03,B,1061.3,2,9
2021-06-17 12:04:03,B,1061.25,1,3
2021-06-17 12:04:13,S,1062.5,1,1
2021-06-17 12:04:13,S,1062.65,1,9
2021-06-17 12:04:13,S,1063.0,2,35
2021-06-17 12:04:13,S,1063.05,1,3
2021-06-17 12:04:13,S,1063.35,1,3
2021-06-17 12:04:13,B,1062.1,1,8
2021-06-17 12:04:13,B,1062.05,2,7
2021-06-17 12:04:13,B,1062.0,1,100
2021-06-17 12:04:13,B,1061.3,2,9
2021-06-17 12:04:13,B,1061.25,1,3
2021-06-17 12:04:14,S,1062.5,1,1
2021-06-17 12:04:14,S,1062.65,1,9
2021-06-17 12:04:14,S,1063.0,2,35
2021-06-17 12:04:14,S,1063.05,1,3
2021-06-17 12:04:14,S,1063.35,1,3
2021-06-17 12:04:14,B,1062.05,1,1
2021-06-17 12:04:14,B,1062.0,1,100
2021-06-17 12:04:14,B,1061.95,1,9
2021-06-17 12:04:14,B,1061.3,2,9
2021-06-17 12:04:14,B,1061.25,1,3
2021-06-17 12:04:16,S,1062.5,1,1
2021-06-17 12:04:16,S,1062.65,1,9
2021-06-17 12:04:16,S,1063.0,2,35
2021-06-17 12:04:16,S,1063.05,1,3
2021-06-17 12:04:16,S,1063.35,1,3
2021-06-17 12:04:16,B,1062.05,1,1
2021-06-17 12:04:16,B,1062.0,1,100
2021-06-17 12:04:16,B,1061.95,1,9
2021-06-17 12:04:16,B,1061.3,2,9
2021-06-17 12:04:16,B,1061.25,1,3
2021-06-17 12:04:20,S,1062.5,1,1
2021-06-17 12:04:20,S,1062.65,1,9
2021-06-17 12:04:20,S,1063.0,2,35
2021-06-17 12:04:20,S,1063.05,1,3
2021-06-17 12:04:20,S,1063.35,1,3
2021-06-17 12:04:20,B,1062.05,2,10
2021-06-17 12:04:20,B,1062.0,1,100
2021-06-17 12:04:20,B,1061.3,2,9
2021-06-17 12:04:20,B,1061.25,1,3
2021-06-17 12:04:20,B,1060.85,2,18
2021-06-17 12:04:36,S,1062.5,1,1
2021-06-17 12:04:36,S,1062.65,1,9
2021-06-17 12:04:36,S,1063.0,2,35
2021-06-17 12:04:36,S,1063.05,1,3
2021-06-17 12:04:36,S,1063.35,1,3
2021-06-17 12:04:36,B,1062.05,2,10
2021-06-17 12:04:36,B,1062.0,1,100
2021-06-17 12:04:36,B,1061.3,2,9
2021-06-17 12:04:36,B,1061.25,1,3
2021-06-17 12:04:36,B,1060.85,2,18
2021-06-17 12:04:37,S,1062.5,1,1
2021-06-17 12:04:37,S,1062.65,1,9
2021-06-17 12:04:37,S,1063.0,2,35
2021-06-17 12:04:37,S,1063.05,1,3
2021-06-17 12:04:37,S,1063.35,1,3
2021-06-17 12:04:37,B,1062.05,3,11
2021-06-17 12:04:37,B,1062.0,2,101
2021-06-17 12:04:37,B,1061.85,2,4
2021-06-17 12:04:37,B,1061.65,1,8
2021-06-17 12:04:37,B,1061.6,1,3
2021-06-17 12:04:44,S,1062.5,1,1
2021-06-17 12:04:44,S,1062.65,1,9
2021-06-17 12:04:44,S,1063.0,2,35
2021-06-17 12:04:44,S,1063.05,1,3
2021-06-17 12:04:44,S,1063.35,1,3
2021-06-17 12:04:44,B,1062.05,2,10
2021-06-17 12:04:44,B,1062.0,2,101
2021-06-17 12:04:44,B,1061.85,2,4
2021-06-17 12:04:44,B,1061.65,1,8
2021-06-17 12:04:44,B,1061.6,1,3
2021-06-17 12:04:45,S,1062.5,1,1
2021-06-17 12:04:45,S,1062.65,1,9
2021-06-17 12:04:45,S,1063.0,2,35
2021-06-17 12:04:45,S,1063.05,1,3
2021-06-17 12:04:45,S,1063.35,1,3
2021-06-17 12:04:45,B,1062.05,2,10
2021-06-17 12:04:45,B,1062.0,2,101
2021-06-17 12:04:45,B,1061.85,2,4
2021-06-17 12:04:45,B,1061.65,1,8
2021-06-17 12:04:45,B,1061.6,1,3
2021-06-17 12:04:45,S,1062.65,1,9
2021-06-17 12:04:45,S,1063.0,2,35
2021-06-17 12:04:45,S,1063.4,1,3
2021-06-17 12:04:45,S,1063.45,1,12
2021-06-17 12:04:45,S,1063.75,1,10
2021-06-17 12:04:45,B,1062.5,1,99
2021-06-17 12:04:45,B,1062.0,2,2
2021-06-17 12:04:45,B,1061.95,2,11
2021-06-17 12:04:45,B,1061.85,2,4
2021-06-17 12:04:45,B,1061.65,1,8
2021-06-17 12:04:47,S,1062.65,1,9
2021-06-17 12:04:47,S,1063.0,2,35
2021-06-17 12:04:47,S,1063.4,1,3
2021-06-17 12:04:47,S,1063.45,1,12
2021-06-17 12:04:47,S,1063.75,1,10
2021-06-17 12:04:47,B,1062.5,1,99
2021-06-17 12:04:47,B,1062.0,2,2
2021-06-17 12:04:47,B,1061.95,2,11
2021-06-17 12:04:47,B,1061.85,2,4
2021-06-17 12:04:47,B,1061.65,1,8
2021-06-17 12:04:49,S,1062.65,1,9
2021-06-17 12:04:49,S,1063.0,2,35
2021-06-17 12:04:49,S,1063.4,2,4
2021-06-17 12:04:49,S,1063.75,1,10
2021-06-17 12:04:49,S,1063.8,1,4
2021-06-17 12:04:49,B,1062.5,1,99
2021-06-17 12:04:49,B,1062.0,2,2
2021-06-17 12:04:49,B,1061.95,2,11
2021-06-17 12:04:49,B,1061.85,2,4
2021-06-17 12:04:49,B,1061.65,1,8
2021-06-17 12:05:00,S,1062.65,1,9
2021-06-17 12:05:00,S,1063.0,2,35
2021-06-17 12:05:00,S,1063.4,2,4
2021-06-17 12:05:00,S,1063.65,1,10
2021-06-17 12:05:00,S,1063.75,1,10
2021-06-17 12:05:00,B,1062.5,1,99
2021-06-17 12:05:00,B,1062.0,2,2
2021-06-17 12:05:00,B,1061.95,2,11
2021-06-17 12:05:00,B,1061.85,2,4
2021-06-17 12:05:00,B,1061.65,1,8
2021-06-17 12:05:07,S,1062.65,1,9
2021-06-17 12:05:07,S,1063.0,2,35
2021-06-17 12:05:07,S,1063.4,2,4
2021-06-17 12:05:07,S,1063.45,1,9
2021-06-17 12:05:07,S,1063.65,1,10
2021-06-17 12:05:07,B,1062.5,1,99
2021-06-17 12:05:07,B,1062.0,1,1
2021-06-17 12:05:07,B,1061.95,2,11
2021-06-17 12:05:07,B,1061.85,2,4
2021-06-17 12:05:07,B,1061.65,1,8
2021-06-17 12:05:09,S,1062.65,1,9
2021-06-17 12:05:09,S,1063.0,2,35
2021-06-17 12:05:09,S,1063.4,2,4
2021-06-17 12:05:09,S,1063.45,1,9
2021-06-17 12:05:09,S,1063.65,1,10
2021-06-17 12:05:09,B,1062.5,1,99
2021-06-17 12:05:09,B,1062.0,1,1
2021-06-17 12:05:09,B,1061.95,2,11
2021-06-17 12:05:09,B,1061.85,2,4
2021-06-17 12:05:09,B,1061.65,1,8
2021-06-17 12:05:11,S,1062.65,1,4
2021-06-17 12:05:11,S,1063.0,2,35
2021-06-17 12:05:11,S,1063.4,2,4
2021-06-17 12:05:11,S,1063.45,1,9
2021-06-17 12:05:11,S,1063.65,1,10
2021-06-17 12:05:11,B,1062.5,1,99
2021-06-17 12:05:11,B,1062.0,1,1
2021-06-17 12:05:11,B,1061.95,2,11
2021-06-17 12:05:11,B,1061.85,2,4
2021-06-17 12:05:11,B,1061.65,1,8
2021-06-17 12:05:22,S,1062.65,1,4
2021-06-17 12:05:22,S,1063.0,2,35
2021-06-17 12:05:22,S,1063.4,2,4
2021-06-17 12:05:22,S,1063.45,1,9
2021-06-17 12:05:22,S,1063.65,1,10
2021-06-17 12:05:22,B,1062.5,2,104
2021-06-17 12:05:22,B,1062.0,2,2
2021-06-17 12:05:22,B,1061.95,2,11
2021-06-17 12:05:22,B,1061.85,2,4
2021-06-17 12:05:22,B,1061.65,1,8
2021-06-17 12:05:27,S,1062.65,1,4
2021-06-17 12:05:27,S,1063.0,2,35
2021-06-17 12:05:27,S,1063.4,2,4
2021-06-17 12:05:27,S,1063.75,1,10
2021-06-17 12:05:27,S,1063.8,1,4
2021-06-17 12:05:27,B,1062.5,2,104
2021-06-17 12:05:27,B,1062.0,2,2
2021-06-17 12:05:27,B,1061.95,2,11
2021-06-17 12:05:27,B,1061.85,2,4
2021-06-17 12:05:27,B,1061.65,1,8
2021-06-17 12:05:29,S,1062.65,1,4
2021-06-17 12:05:29,S,1063.0,2,35
2021-06-17 12:05:29,S,1063.4,2,4
2021-06-17 12:05:29,S,1063.75,1,10
2021-06-17 12:05:29,S,1063.8,1,4
2021-06-17 12:05:29,B,1062.5,2,104
2021-06-17 12:05:29,B,1062.0,2,2
2021-06-17 12:05:29,B,1061.95,2,11
2021-06-17 12:05:29,B,1061.85,2,4
2021-06-17 12:05:29,B,1061.65,1,8
2021-06-17 12:05:34,S,1062.65,1,4
2021-06-17 12:05:34,S,1063.0,2,35
2021-06-17 12:05:34,S,1063.4,1,3
2021-06-17 12:05:34,S,1063.75,1,10
2021-06-17 12:05:34,S,1063.8,1,4
2021-06-17 12:05:34,B,1062.5,2,104
2021-06-17 12:05:34,B,1062.0,2,2
2021-06-17 12:05:34,B,1061.95,2,11
2021-06-17 12:05:34,B,1061.85,2,4
2021-06-17 12:05:34,B,1061.75,1,9
2021-06-17 12:05:44,S,1062.65,1,4
2021-06-17 12:05:44,S,1063.0,2,35
2021-06-17 12:05:44,S,1063.4,2,4
2021-06-17 12:05:44,S,1063.65,1,9
2021-06-17 12:05:44,S,1063.75,1,10
2021-06-17 12:05:44,B,1062.5,2,104
2021-06-17 12:05:44,B,1062.0,2,2
2021-06-17 12:05:44,B,1061.95,2,11
2021-06-17 12:05:44,B,1061.85,2,4
2021-06-17 12:05:44,B,1061.75,1,9
2021-06-17 12:05:46,S,1063.0,2,35
2021-06-17 12:05:46,S,1063.4,1,3
2021-06-17 12:05:46,S,1063.75,2,11
2021-06-17 12:05:46,S,1063.8,1,4
2021-06-17 12:05:46,S,1063.95,1,8
2021-06-17 12:05:46,B,1062.5,2,104
2021-06-17 12:05:46,B,1062.0,2,2
2021-06-17 12:05:46,B,1061.95,2,11
2021-06-17 12:05:46,B,1061.85,2,4
2021-06-17 12:05:46,B,1061.8,1,8
2021-06-17 12:05:48,S,1063.0,2,35
2021-06-17 12:05:48,S,1063.4,1,3
2021-06-17 12:05:48,S,1063.8,2,5
2021-06-17 12:05:48,S,1063.95,1,8
2021-06-17 12:05:48,S,1064.0,1,25
2021-06-17 12:05:48,B,1062.55,1,1
2021-06-17 12:05:48,B,1062.5,2,104
2021-06-17 12:05:48,B,1061.95,2,11
2021-06-17 12:05:48,B,1061.85,2,4
2021-06-17 12:05:48,B,1061.8,1,8
2021-06-17 12:05:49,S,1063.0,2,35
2021-06-17 12:05:49,S,1063.4,1,3
2021-06-17 12:05:49,S,1063.8,2,5
2021-06-17 12:05:49,S,1063.95,1,8
2021-06-17 12:05:49,S,1064.0,1,25
2021-06-17 12:05:49,B,1062.55,1,1
2021-06-17 12:05:49,B,1062.5,2,104
2021-06-17 12:05:49,B,1061.95,2,11
2021-06-17 12:05:49,B,1061.85,2,4
2021-06-17 12:05:49,B,1061.8,1,8
2021-06-17 12:05:58,S,1063.0,2,35
2021-06-17 12:05:58,S,1063.4,1,3
2021-06-17 12:05:58,S,1063.75,1,12
2021-06-17 12:05:58,S,1063.8,2,5
2021-06-17 12:05:58,S,1063.85,1,10
2021-06-17 12:05:58,B,1062.55,1,1
2021-06-17 12:05:58,B,1062.5,2,104
2021-06-17 12:05:58,B,1061.95,2,11
2021-06-17 12:05:58,B,1061.85,2,4
2021-06-17 12:05:58,B,1061.8,1,8
2021-06-17 12:06:01,S,1063.0,2,35
2021-06-17 12:06:01,S,1063.4,1,3
2021-06-17 12:06:01,S,1063.75,1,12
2021-06-17 12:06:01,S,1063.8,2,5
2021-06-17 12:06:01,S,1063.95,1,8
2021-06-17 12:06:01,B,1062.55,1,1
2021-06-17 12:06:01,B,1062.5,2,104
2021-06-17 12:06:01,B,1061.95,2,11
2021-06-17 12:06:01,B,1061.85,2,4
2021-06-17 12:06:01,B,1061.8,1,8
2021-06-17 12:06:03,S,1063.0,2,35
2021-06-17 12:06:03,S,1063.4,2,4
2021-06-17 12:06:03,S,1063.75,2,22
2021-06-17 12:06:03,S,1063.8,2,5
2021-06-17 12:06:03,S,1063.95,1,8
2021-06-17 12:06:03,B,1062.55,1,1
2021-06-17 12:06:03,B,1062.5,2,104
2021-06-17 12:06:03,B,1061.95,2,11
2021-06-17 12:06:03,B,1061.85,2,4
2021-06-17 12:06:03,B,1061.8,1,8
2021-06-17 12:06:04,S,1063.0,2,35
2021-06-17 12:06:04,S,1063.4,2,4
2021-06-17 12:06:04,S,1063.75,2,22
2021-06-17 12:06:04,S,1063.8,2,5
2021-06-17 12:06:04,S,1064.0,1,25
2021-06-17 12:06:04,B,1062.55,1,1
2021-06-17 12:06:04,B,1062.5,2,104
2021-06-17 12:06:04,B,1062.05,2,7
2021-06-17 12:06:04,B,1062.0,3,49
2021-06-17 12:06:04,B,1061.95,2,11
2021-06-17 12:06:06,S,1063.0,2,35
2021-06-17 12:06:06,S,1063.4,2,4
2021-06-17 12:06:06,S,1063.75,1,12
2021-06-17 12:06:06,S,1063.8,2,5
2021-06-17 12:06:06,S,1064.0,1,25
2021-06-17 12:06:06,B,1062.55,1,1
2021-06-17 12:06:06,B,1062.5,2,104
2021-06-17 12:06:06,B,1062.05,2,7
2021-06-17 12:06:06,B,1062.0,3,49
2021-06-17 12:06:06,B,1061.95,2,11
2021-06-17 12:06:09,S,1063.0,2,35
2021-06-17 12:06:09,S,1063.4,2,4
2021-06-17 12:06:09,S,1063.75,1,12
2021-06-17 12:06:09,S,1063.8,2,5
2021-06-17 12:06:09,S,1064.0,1,25
2021-06-17 12:06:09,B,1062.55,1,1
2021-06-17 12:06:09,B,1062.5,2,104
2021-06-17 12:06:09,B,1062.05,2,7
2021-06-17 12:06:09,B,1062.0,3,49
2021-06-17 12:06:09,B,1061.95,2,11
2021-06-17 12:06:10,S,1063.0,2,35
2021-06-17 12:06:10,S,1063.35,2,2
2021-06-17 12:06:10,S,1063.4,2,4
2021-06-17 12:06:10,S,1063.45,1,10
2021-06-17 12:06:10,S,1063.75,2,21
2021-06-17 12:06:10,B,1062.5,2,104
2021-06-17 12:06:10,B,1062.1,1,1
2021-06-17 12:06:10,B,1062.05,1,6
2021-06-17 12:06:10,B,1062.0,2,48
2021-06-17 12:06:10,B,1061.95,1,10
2021-06-17 12:06:22,S,1063.0,2,35
2021-06-17 12:06:22,S,1063.35,2,2
2021-06-17 12:06:22,S,1063.4,2,4
2021-06-17 12:06:22,S,1063.45,1,10
2021-06-17 12:06:22,S,1063.75,2,21
2021-06-17 12:06:22,B,1062.5,2,104
2021-06-17 12:06:22,B,1062.1,1,1
2021-06-17 12:06:22,B,1062.05,1,6
2021-06-17 12:06:22,B,1062.0,2,48
2021-06-17 12:06:22,B,1061.95,1,10
2021-06-17 12:06:23,S,1063.0,2,33
2021-06-17 12:06:23,S,1063.35,2,2
2021-06-17 12:06:23,S,1063.4,2,4
2021-06-17 12:06:23,S,1063.75,2,21
2021-06-17 12:06:23,S,1063.8,2,5
2021-06-17 12:06:23,B,1062.5,2,104
2021-06-17 12:06:23,B,1062.1,1,1
2021-06-17 12:06:23,B,1062.05,1,6
2021-06-17 12:06:23,B,1062.0,2,48
2021-06-17 12:06:23,B,1061.95,1,10
2021-06-17 12:06:33,S,1063.0,2,33
2021-06-17 12:06:33,S,1063.35,2,2
2021-06-17 12:06:33,S,1063.4,2,4
2021-06-17 12:06:33,S,1063.75,2,21
2021-06-17 12:06:33,S,1063.8,2,5
2021-06-17 12:06:33,B,1062.5,2,104
2021-06-17 12:06:33,B,1062.1,1,1
2021-06-17 12:06:33,B,1062.05,1,6
2021-06-17 12:06:33,B,1062.0,2,48
2021-06-17 12:06:33,B,1061.95,1,10
2021-06-17 12:06:36,S,1063.4,1,3
2021-06-17 12:06:36,S,1063.8,2,5
2021-06-17 12:06:36,S,1063.95,1,1
2021-06-17 12:06:36,S,1064.0,1,25
2021-06-17 12:06:36,S,1064.1,1,4
2021-06-17 12:06:36,B,1063.05,1,1
2021-06-17 12:06:36,B,1063.0,1,66
2021-06-17 12:06:36,B,1062.5,3,15
2021-06-17 12:06:36,B,1062.45,1,3
2021-06-17 12:06:36,B,1062.25,1,3
2021-06-17 12:06:38,S,1063.8,1,4
2021-06-17 12:06:38,S,1063.95,1,1
2021-06-17 12:06:38,S,1064.0,1,25
2021-06-17 12:06:38,S,1064.1,1,4
2021-06-17 12:06:38,S,1064.15,1,10
2021-06-17 12:06:38,B,1063.05,2,11
2021-06-17 12:06:38,B,1063.0,1,66
2021-06-17 12:06:38,B,1062.5,2,6
2021-06-17 12:06:38,B,1062.45,1,3
2021-06-17 12:06:38,B,1062.25,1,3
2021-06-17 12:06:39,S,1063.95,1,1
2021-06-17 12:06:39,S,1064.0,1,25
2021-06-17 12:06:39,S,1064.1,1,4
2021-06-17 12:06:39,S,1064.15,1,10
2021-06-17 12:06:39,S,1064.2,1,4
2021-06-17 12:06:39,B,1063.05,2,11
2021-06-17 12:06:39,B,1063.0,1,66
2021-06-17 12:06:39,B,1062.5,2,6
2021-06-17 12:06:39,B,1062.45,1,3
2021-06-17 12:06:39,B,1062.25,1,3
2021-06-17 12:06:45,S,1063.95,1,1
2021-06-17 12:06:45,S,1064.0,1,25
2021-06-17 12:06:45,S,1064.1,1,4
2021-06-17 12:06:45,S,1064.15,1,10
2021-06-17 12:06:45,S,1064.2,1,4
2021-06-17 12:06:45,B,1063.05,2,11
2021-06-17 12:06:45,B,1063.0,1,66
2021-06-17 12:06:45,B,1062.5,2,6
2021-06-17 12:06:45,B,1062.45,1,3
2021-06-17 12:06:45,B,1062.25,1,3
2021-06-17 12:06:45,S,1063.95,1,1
2021-06-17 12:06:45,S,1064.0,1,25
2021-06-17 12:06:45,S,1064.1,1,4
2021-06-17 12:06:45,S,1064.15,1,10
2021-06-17 12:06:45,S,1064.2,1,4
2021-06-17 12:06:45,B,1063.05,2,11
2021-06-17 12:06:45,B,1063.0,1,66
2021-06-17 12:06:45,B,1062.5,2,6
2021-06-17 12:06:45,B,1062.45,1,3
2021-06-17 12:06:45,B,1062.25,1,3
2021-06-17 12:06:46,S,1064.45,2,8
2021-06-17 12:06:46,S,1064.5,2,8
2021-06-17 12:06:46,S,1064.9,1,8
2021-06-17 12:06:46,S,1064.95,1,10
2021-06-17 12:06:46,S,1065.0,4,63
2021-06-17 12:06:46,B,1063.05,3,17
2021-06-17 12:06:46,B,1063.0,1,66
2021-06-17 12:06:46,B,1062.65,1,10
2021-06-17 12:06:46,B,1062.55,1,8
2021-06-17 12:06:46,B,1062.5,1,5
2021-06-17 12:06:48,S,1064.45,3,11
2021-06-17 12:06:48,S,1064.5,2,8
2021-06-17 12:06:48,S,1064.65,1,3
2021-06-17 12:06:48,S,1064.9,1,8
2021-06-17 12:06:48,S,1064.95,1,10
2021-06-17 12:06:48,B,1063.05,3,17
2021-06-17 12:06:48,B,1063.0,1,66
2021-06-17 12:06:48,B,1062.65,1,10
2021-06-17 12:06:48,B,1062.55,1,8
2021-06-17 12:06:48,B,1062.5,1,5
2021-06-17 12:06:52,S,1064.45,3,11
2021-06-17 12:06:52,S,1064.5,2,8
2021-06-17 12:06:52,S,1064.65,1,3
2021-06-17 12:06:52,S,1064.9,1,8
2021-06-17 12:06:52,S,1064.95,1,10
2021-06-17 12:06:52,B,1063.05,3,17
2021-06-17 12:06:52,B,1063.0,1,66
2021-06-17 12:06:52,B,1062.65,1,10
2021-06-17 12:06:52,B,1062.55,1,8
2021-06-17 12:06:52,B,1062.5,1,5
2021-06-17 12:06:52,S,1064.4,3,9
2021-06-17 12:06:52,S,1064.5,2,8
2021-06-17 12:06:52,S,1064.55,1,4
2021-06-17 12:06:52,S,1064.65,2,21
2021-06-17 12:06:52,S,1064.85,1,3
2021-06-17 12:06:52,B,1063.1,1,1
2021-06-17 12:06:52,B,1063.05,2,16
2021-06-17 12:06:52,B,1063.0,1,66
2021-06-17 12:06:52,B,1062.65,1,10
2021-06-17 12:06:52,B,1062.55,1,8
2021-06-17 12:06:55,S,1064.4,3,9
2021-06-17 12:06:55,S,1064.5,2,8
2021-06-17 12:06:55,S,1064.55,1,4
2021-06-17 12:06:55,S,1064.65,2,21
2021-06-17 12:06:55,S,1064.85,1,3
2021-06-17 12:06:55,B,1063.1,1,1
2021-06-17 12:06:55,B,1063.05,2,16
2021-06-17 12:06:55,B,1063.0,1,66
2021-06-17 12:06:55,B,1062.65,1,10
2021-06-17 12:06:55,B,1062.55,1,8
2021-06-17 12:06:56,S,1064.3,3,11
2021-06-17 12:06:56,S,1064.35,2,12
2021-06-17 12:06:56,S,1064.4,3,11
2021-06-17 12:06:56,S,1064.5,2,8
2021-06-17 12:06:56,S,1064.55,1,4
2021-06-17 12:06:56,B,1063.05,1,6
2021-06-17 12:06:56,B,1063.0,1,66
2021-06-17 12:06:56,B,1062.7,1,9
2021-06-17 12:06:56,B,1062.65,1,10
2021-06-17 12:06:56,B,1062.55,1,8
2021-06-17 12:06:58,S,1064.3,3,11
2021-06-17 12:06:58,S,1064.35,2,12
2021-06-17 12:06:58,S,1064.4,3,11
2021-06-17 12:06:58,S,1064.5,2,8
2021-06-17 12:06:58,S,1064.55,1,4
2021-06-17 12:06:58,B,1063.05,1,6
2021-06-17 12:06:58,B,1063.0,2,108
2021-06-17 12:06:58,B,1062.7,1,9
2021-06-17 12:06:58,B,1062.65,1,10
2021-06-17 12:06:58,B,1062.55,1,8
2021-06-17 12:07:01,S,1064.35,3,9
2021-06-17 12:07:01,S,1064.4,3,11
2021-06-17 12:07:01,S,1064.5,2,8
2021-06-17 12:07:01,S,1064.55,1,4
2021-06-17 12:07:01,S,1064.6,1,3
2021-06-17 12:07:01,B,1063.1,2,11
2021-06-17 12:07:01,B,1063.05,1,6
2021-06-17 12:07:01,B,1063.0,2,108
2021-06-17 12:07:01,B,1062.9,1,3
2021-06-17 12:07:01,B,1062.7,1,3
2021-06-17 12:07:03,S,1064.35,3,9
2021-06-17 12:07:03,S,1064.4,3,11
2021-06-17 12:07:03,S,1064.5,3,17
2021-06-17 12:07:03,S,1064.55,1,4
2021-06-17 12:07:03,S,1064.6,1,3
2021-06-17 12:07:03,B,1063.1,2,11
2021-06-17 12:07:03,B,1063.05,1,6
2021-06-17 12:07:03,B,1063.0,2,108
2021-06-17 12:07:03,B,1062.65,1,10
2021-06-17 12:07:03,B,1062.55,1,8
2021-06-17 12:07:07,S,1064.35,3,9
2021-06-17 12:07:07,S,1064.4,3,11
2021-06-17 12:07:07,S,1064.5,3,17
2021-06-17 12:07:07,S,1064.55,1,4
2021-06-17 12:07:07,S,1064.6,1,3
2021-06-17 12:07:07,B,1063.1,2,11
2021-06-17 12:07:07,B,1063.05,1,6
2021-06-17 12:07:07,B,1063.0,2,108
2021-06-17 12:07:07,B,1062.65,1,10
2021-06-17 12:07:07,B,1062.55,1,8
2021-06-17 12:07:08,S,1064.7,1,7
2021-06-17 12:07:08,S,1064.75,2,8
2021-06-17 12:07:08,S,1064.8,2,13
2021-06-17 12:07:08,S,1064.95,1,3
2021-06-17 12:07:08,S,1065.0,3,54
2021-06-17 12:07:08,B,1063.55,2,11
2021-06-17 12:07:08,B,1063.2,1,3
2021-06-17 12:07:08,B,1063.05,1,6
2021-06-17 12:07:08,B,1063.0,2,108
2021-06-17 12:07:08,B,1062.7,1,3
2021-06-17 12:07:19,S,1064.7,1,7
2021-06-17 12:07:19,S,1064.75,2,8
2021-06-17 12:07:19,S,1064.8,2,13
2021-06-17 12:07:19,S,1064.95,1,3
2021-06-17 12:07:19,S,1065.0,3,54
2021-06-17 12:07:19,B,1063.55,2,11
2021-06-17 12:07:19,B,1063.2,1,3
2021-06-17 12:07:19,B,1063.05,1,6
2021-06-17 12:07:19,B,1063.0,2,108
2021-06-17 12:07:19,B,1062.7,1,3
2021-06-17 12:07:21,S,1064.7,1,7
2021-06-17 12:07:21,S,1064.75,2,8
2021-06-17 12:07:21,S,1064.8,2,13
2021-06-17 12:07:21,S,1064.95,1,3
2021-06-17 12:07:21,S,1065.0,3,54
2021-06-17 12:07:21,B,1063.55,2,11
2021-06-17 12:07:21,B,1063.2,1,3
2021-06-17 12:07:21,B,1063.05,1,6
2021-06-17 12:07:21,B,1063.0,2,108
2021-06-17 12:07:21,B,1062.7,1,3
2021-06-17 12:07:25,S,1064.5,2,43
2021-06-17 12:07:25,S,1064.7,2,8
2021-06-17 12:07:25,S,1064.75,2,8
2021-06-17 12:07:25,S,1064.8,2,13
2021-06-17 12:07:25,S,1064.9,1,6
2021-06-17 12:07:25,B,1063.25,1,1
2021-06-17 12:07:25,B,1063.2,1,3
2021-06-17 12:07:25,B,1063.15,1,6
2021-06-17 12:07:25,B,1063.1,2,17
2021-06-17 12:07:25,B,1063.0,2,108
2021-06-17 12:07:25,S,1064.5,2,43
2021-06-17 12:07:25,S,1064.7,2,8
2021-06-17 12:07:25,S,1064.75,2,8
2021-06-17 12:07:25,S,1064.8,2,13
2021-06-17 12:07:25,S,1064.9,1,6
2021-06-17 12:07:25,B,1063.25,1,1
2021-06-17 12:07:25,B,1063.2,1,3
2021-06-17 12:07:25,B,1063.15,1,6
2021-06-17 12:07:25,B,1063.1,2,17
2021-06-17 12:07:25,B,1063.0,2,108
2021-06-17 12:07:26,S,1064.1,1,1
2021-06-17 12:07:26,S,1064.15,2,10
2021-06-17 12:07:26,S,1064.3,1,1
2021-06-17 12:07:26,S,1064.35,2,12
2021-06-17 12:07:26,S,1064.45,2,7
2021-06-17 12:07:26,B,1063.15,1,1
2021-06-17 12:07:26,B,1063.1,1,7
2021-06-17 12:07:26,B,1063.05,1,7
2021-06-17 12:07:26,B,1063.0,2,108
2021-06-17 12:07:26,B,1062.75,1,10
2021-06-17 12:07:30,S,1064.1,1,1
2021-06-17 12:07:30,S,1064.15,2,10
2021-06-17 12:07:30,S,1064.3,1,1
2021-06-17 12:07:30,S,1064.35,2,12
2021-06-17 12:07:30,S,1064.45,2,7
2021-06-17 12:07:30,B,1063.15,1,1
2021-06-17 12:07:30,B,1063.1,1,7
2021-06-17 12:07:30,B,1063.05,1,7
2021-06-17 12:07:30,B,1063.0,2,108
2021-06-17 12:07:30,B,1062.75,1,10
2021-06-17 12:07:31,S,1064.25,1,1
2021-06-17 12:07:31,S,1064.3,2,8
2021-06-17 12:07:31,S,1064.4,1,7
2021-06-17 12:07:31,S,1064.45,2,7
2021-06-17 12:07:31,S,1064.5,4,53
2021-06-17 12:07:31,B,1063.15,1,1
2021-06-17 12:07:31,B,1063.1,1,7
2021-06-17 12:07:31,B,1063.05,2,10
2021-06-17 12:07:31,B,1063.0,2,108
2021-06-17 12:07:31,B,1062.8,1,4
2021-06-17 12:07:38,S,1064.25,1,9
2021-06-17 12:07:38,S,1064.35,2,12
2021-06-17 12:07:38,S,1064.4,2,8
2021-06-17 12:07:38,S,1064.45,2,7
2021-06-17 12:07:38,S,1064.5,3,44
2021-06-17 12:07:38,B,1063.15,2,5
2021-06-17 12:07:38,B,1063.1,1,7
2021-06-17 12:07:38,B,1063.05,2,10
2021-06-17 12:07:38,B,1063.0,2,108
2021-06-17 12:07:38,B,1062.8,1,4
2021-06-17 12:07:41,S,1064.4,2,8
2021-06-17 12:07:41,S,1064.45,2,7
2021-06-17 12:07:41,S,1064.5,3,44
2021-06-17 12:07:41,S,1064.6,1,9
2021-06-17 12:07:41,S,1064.65,1,10
2021-06-17 12:07:41,B,1063.15,2,5
2021-06-17 12:07:41,B,1063.1,1,7
2021-06-17 12:07:41,B,1063.05,2,10
2021-06-17 12:07:41,B,1063.0,2,108
2021-06-17 12:07:41,B,1062.8,1,4
2021-06-17 12:07:45,S,1064.4,2,8
2021-06-17 12:07:45,S,1064.45,2,7
2021-06-17 12:07:45,S,1064.5,3,44
2021-06-17 12:07:45,S,1064.6,1,9
2021-06-17 12:07:45,S,1064.65,1,10
2021-06-17 12:07:45,B,1063.15,2,5
2021-06-17 12:07:45,B,1063.1,1,7
2021-06-17 12:07:45,B,1063.05,2,10
2021-06-17 12:07:45,B,1063.0,2,108
2021-06-17 12:07:45,B,1062.8,1,4
2021-06-17 12:07:52,S,1064.4,1,1
2021-06-17 12:07:52,S,1064.45,2,7
2021-06-17 12:07:52,S,1064.5,3,44
2021-06-17 12:07:52,S,1064.7,2,8
2021-06-17 12:07:52,S,1064.75,3,14
2021-06-17 12:07:52,B,1063.35,1,1
2021-06-17 12:07:52,B,1063.3,1,9
2021-06-17 12:07:52,B,1063.25,1,4
2021-06-17 12:07:52,B,1063.15,1,4
2021-06-17 12:07:52,B,1063.1,1,7
2021-06-17 12:08:01,S,1064.4,1,1
2021-06-17 12:08:01,S,1064.45,2,7
2021-06-17 12:08:01,S,1064.5,3,44
2021-06-17 12:08:01,S,1064.7,2,8
2021-06-17 12:08:01,S,1064.75,3,14
2021-06-17 12:08:01,B,1063.35,1,1
2021-06-17 12:08:01,B,1063.3,1,9
2021-06-17 12:08:01,B,1063.25,1,4
2021-06-17 12:08:01,B,1063.15,1,4
2021-06-17 12:08:01,B,1063.1,1,7
2021-06-17 12:08:03,S,1064.4,1,1
2021-06-17 12:08:03,S,1064.45,2,7
2021-06-17 12:08:03,S,1064.5,3,44
2021-06-17 12:08:03,S,1064.55,1,9
2021-06-17 12:08:03,S,1064.7,2,8
2021-06-17 12:08:03,B,1063.35,1,1
2021-06-17 12:08:03,B,1063.3,1,9
2021-06-17 12:08:03,B,1063.25,1,4
2021-06-17 12:08:03,B,1063.15,1,4
2021-06-17 12:08:03,B,1063.1,1,7
2021-06-17 12:08:05,S,1064.45,1,6
2021-06-17 12:08:05,S,1064.5,3,44
2021-06-17 12:08:05,S,1064.55,2,10
2021-06-17 12:08:05,S,1064.7,2,8
2021-06-17 12:08:05,S,1064.75,3,14
2021-06-17 12:08:05,B,1063.35,1,1
2021-06-17 12:08:05,B,1063.3,1,9
2021-06-17 12:08:05,B,1063.25,1,4
2021-06-17 12:08:05,B,1063.15,1,4
2021-06-17 12:08:05,B,1063.1,1,7
2021-06-17 12:08:13,S,1064.45,1,6
2021-06-17 12:08:13,S,1064.5,3,44
2021-06-17 12:08:13,S,1064.7,2,8
2021-06-17 12:08:13,S,1064.75,3,14
2021-06-17 12:08:13,S,1064.8,3,22
2021-06-17 12:08:13,B,1063.35,1,1
2021-06-17 12:08:13,B,1063.3,1,9
2021-06-17 12:08:13,B,1063.25,1,4
2021-06-17 12:08:13,B,1063.15,1,4
2021-06-17 12:08:13,B,1063.1,1,7
2021-06-17 12:08:15,S,1064.45,2,7
2021-06-17 12:08:15,S,1064.5,3,44
2021-06-17 12:08:15,S,1064.7,2,8
2021-06-17 12:08:15,S,1064.75,3,14
2021-06-17 12:08:15,S,1064.8,3,22
2021-06-17 12:08:15,B,1063.35,1,1
2021-06-17 12:08:15,B,1063.3,1,9
2021-06-17 12:08:15,B,1063.25,1,4
2021-06-17 12:08:15,B,1063.15,1,4
2021-06-17 12:08:15,B,1063.1,1,7
2021-06-17 12:08:22,S,1064.45,2,7
2021-06-17 12:08:22,S,1064.5,1,3
2021-06-17 12:08:22,S,1064.7,2,8
2021-06-17 12:08:22,S,1064.75,3,14
2021-06-17 12:08:22,S,1064.8,2,13
2021-06-17 12:08:22,B,1063.35,1,1
2021-06-17 12:08:22,B,1063.3,1,9
2021-06-17 12:08:22,B,1063.25,1,4
2021-06-17 12:08:22,B,1063.15,1,4
2021-06-17 12:08:22,B,1063.1,1,7
2021-06-17 12:08:25,S,1064.45,2,7
2021-06-17 12:08:25,S,1064.5,3,14
2021-06-17 12:08:25,S,1064.7,2,8
2021-06-17 12:08:25,S,1064.75,3,14
2021-06-17 12:08:25,S,1064.8,2,13
2021-06-17 12:08:25,B,1063.35,1,1
2021-06-17 12:08:25,B,1063.3,1,9
2021-06-17 12:08:25,B,1063.25,1,4
2021-06-17 12:08:25,B,1063.15,1,4
2021-06-17 12:08:25,B,1063.1,1,7
2021-06-17 12:08:37,S,1064.45,2,7
2021-06-17 12:08:37,S,1064.5,3,14
2021-06-17 12:08:37,S,1064.7,2,8
2021-06-17 12:08:37,S,1064.75,3,14
2021-06-17 12:08:37,S,1064.8,2,13
2021-06-17 12:08:37,B,1063.35,1,1
2021-06-17 12:08:37,B,1063.3,1,9
2021-06-17 12:08:37,B,1063.25,1,4
2021-06-17 12:08:37,B,1063.15,1,4
2021-06-17 12:08:37,B,1063.1,1,7
2021-06-17 12:08:40,S,1064.45,2,7
2021-06-17 12:08:40,S,1064.5,3,14
2021-06-17 12:08:40,S,1064.7,2,8
2021-06-17 12:08:40,S,1064.75,3,14
2021-06-17 12:08:40,S,1064.8,2,13
2021-06-17 12:08:40,B,1063.35,1,1
2021-06-17 12:08:40,B,1063.3,1,9
2021-06-17 12:08:40,B,1063.25,1,4
2021-06-17 12:08:40,B,1063.15,1,4
2021-06-17 12:08:40,B,1063.1,1,7
2021-06-17 12:08:40,S,1064.4,1,1
2021-06-17 12:08:40,S,1064.45,3,8
2021-06-17 12:08:40,S,1064.5,3,14
2021-06-17 12:08:40,S,1064.65,1,10
2021-06-17 12:08:40,S,1064.7,2,8
2021-06-17 12:08:40,B,1063.35,1,1
2021-06-17 12:08:40,B,1063.3,1,9
2021-06-17 12:08:40,B,1063.25,1,4
2021-06-17 12:08:40,B,1063.15,1,4
2021-06-17 12:08:40,B,1063.1,1,7
2021-06-17 12:08:51,S,1064.4,1,1
2021-06-17 12:08:51,S,1064.45,2,7
2021-06-17 12:08:51,S,1064.5,3,14
2021-06-17 12:08:51,S,1064.65,1,10
2021-06-17 12:08:51,S,1064.7,2,8
2021-06-17 12:08:51,B,1063.35,1,1
2021-06-17 12:08:51,B,1063.3,1,9
2021-06-17 12:08:51,B,1063.25,1,4
2021-06-17 12:08:51,B,1063.15,1,4
2021-06-17 12:08:51,B,1063.1,1,7
2021-06-17 12:09:32,S,1064.4,2,4
2021-06-17 12:09:32,S,1064.45,2,7
2021-06-17 12:09:32,S,1064.5,3,14
2021-06-17 12:09:32,S,1064.65,1,10
2021-06-17 12:09:32,S,1064.7,2,8
2021-06-17 12:09:32,B,1063.35,1,1
2021-06-17 12:09:32,B,1063.3,1,9
2021-06-17 12:09:32,B,1063.25,1,4
2021-06-17 12:09:32,B,1063.15,1,4
2021-06-17 12:09:32,B,1063.1,1,7
2021-06-17 12:10:02,S,1064.4,2,4
2021-06-17 12:10:02,S,1064.45,2,7
2021-06-17 12:10:02,S,1064.5,2,13
2021-06-17 12:10:02,S,1064.7,2,8
2021-06-17 12:10:02,S,1064.75,3,14
2021-06-17 12:10:02,B,1063.3,1,1
2021-06-17 12:10:02,B,1063.25,1,4
2021-06-17 12:10:02,B,1063.15,1,4
2021-06-17 12:10:02,B,1063.1,1,7
2021-06-17 12:10:02,B,1063.05,3,19
2021-06-17 12:10:11,S,1064.4,2,4
2021-06-17 12:10:11,S,1064.45,2,7
2021-06-17 12:10:11,S,1064.5,2,13
2021-06-17 12:10:11,S,1064.7,2,8
2021-06-17 12:10:11,S,1064.75,3,14
2021-06-17 12:10:11,B,1063.3,2,10
2021-06-17 12:10:11,B,1063.25,1,4
2021-06-17 12:10:11,B,1063.15,1,4
2021-06-17 12:10:11,B,1063.1,1,7
2021-06-17 12:10:11,B,1063.05,2,10
2021-06-17 12:10:27,S,1064.4,2,4
2021-06-17 12:10:27,S,1064.45,2,7
2021-06-17 12:10:27,S,1064.5,2,13
2021-06-17 12:10:27,S,1064.7,2,8
2021-06-17 12:10:27,S,1064.75,3,14
2021-06-17 12:10:27,B,1063.3,2,10
2021-06-17 12:10:27,B,1063.25,1,4
2021-06-17 12:10:27,B,1063.15,1,4
2021-06-17 12:10:27,B,1063.1,1,7
2021-06-17 12:10:27,B,1063.05,2,10
2021-06-17 12:10:29,S,1064.4,2,4
2021-06-17 12:10:29,S,1064.45,2,7
2021-06-17 12:10:29,S,1064.5,2,13
2021-06-17 12:10:29,S,1064.7,2,8
2021-06-17 12:10:29,S,1064.75,3,14
2021-06-17 12:10:29,B,1063.3,2,10
2021-06-17 12:10:29,B,1063.25,1,4
2021-06-17 12:10:29,B,1063.15,1,4
2021-06-17 12:10:29,B,1063.1,1,7
2021-06-17 12:10:29,B,1063.05,2,10
2021-06-17 12:10:30,S,1064.4,1,3
2021-06-17 12:10:30,S,1064.45,2,7
2021-06-17 12:10:30,S,1064.5,1,10
2021-06-17 12:10:30,S,1064.7,1,7
2021-06-17 12:10:30,S,1064.75,2,13
2021-06-17 12:10:30,B,1063.3,2,10
2021-06-17 12:10:30,B,1063.25,2,16
2021-06-17 12:10:30,B,1063.15,1,4
2021-06-17 12:10:30,B,1063.1,1,7
2021-06-17 12:10:30,B,1063.05,2,10
2021-06-17 12:10:36,S,1064.4,1,3
2021-06-17 12:10:36,S,1064.45,3,10
2021-06-17 12:10:36,S,1064.5,1,10
2021-06-17 12:10:36,S,1064.7,1,7
2021-06-17 12:10:36,S,1064.75,2,13
2021-06-17 12:10:36,B,1063.3,2,10
2021-06-17 12:10:36,B,1063.25,2,16
2021-06-17 12:10:36,B,1063.15,1,4
2021-06-17 12:10:36,B,1063.1,1,7
2021-06-17 12:10:36,B,1063.05,2,10
2021-06-17 12:10:45,S,1064.4,1,3
2021-06-17 12:10:45,S,1064.45,3,10
2021-06-17 12:10:45,S,1064.5,1,10
2021-06-17 12:10:45,S,1064.7,1,7
2021-06-17 12:10:45,S,1064.75,2,13
2021-06-17 12:10:45,B,1063.3,1,1
2021-06-17 12:10:45,B,1063.25,1,4
2021-06-17 12:10:45,B,1063.15,1,4
2021-06-17 12:10:45,B,1063.1,1,7
2021-06-17 12:10:45,B,1063.05,2,10
2021-06-17 12:10:46,S,1064.4,1,3
2021-06-17 12:10:46,S,1064.45,2,7
2021-06-17 12:10:46,S,1064.5,1,10
2021-06-17 12:10:46,S,1064.7,1,7
2021-06-17 12:10:46,S,1064.75,2,13
2021-06-17 12:10:46,B,1063.3,1,1
2021-06-17 12:10:46,B,1063.25,1,4
2021-06-17 12:10:46,B,1063.15,1,4
2021-06-17 12:10:46,B,1063.1,2,16
2021-06-17 12:10:46,B,1063.05,2,10
2021-06-17 12:11:19,S,1064.4,1,3
2021-06-17 12:11:19,S,1064.45,2,7
2021-06-17 12:11:19,S,1064.5,1,10
2021-06-17 12:11:19,S,1064.7,1,7
2021-06-17 12:11:19,S,1064.75,2,13
2021-06-17 12:11:19,B,1063.3,1,1
2021-06-17 12:11:19,B,1063.25,1,4
2021-06-17 12:11:19,B,1063.15,1,4
2021-06-17 12:11:19,B,1063.1,2,16
2021-06-17 12:11:19,B,1063.05,2,10
2021-06-17 12:11:21,S,1064.4,1,3
2021-06-17 12:11:21,S,1064.45,2,7
2021-06-17 12:11:21,S,1064.5,1,10
2021-06-17 12:11:21,S,1064.7,1,7
2021-06-17 12:11:21,S,1064.75,2,13
2021-06-17 12:11:21,B,1063.3,1,1
2021-06-17 12:11:21,B,1063.25,1,4
2021-06-17 12:11:21,B,1063.15,1,4
2021-06-17 12:11:21,B,1063.1,2,16
2021-06-17 12:11:21,B,1063.05,2,10
2021-06-17 12:11:27,S,1064.45,1,3
2021-06-17 12:11:27,S,1065.0,2,45
2021-06-17 12:11:27,S,1065.25,3,14
2021-06-17 12:11:27,S,1065.5,1,2
2021-06-17 12:11:27,S,1065.55,3,23
2021-06-17 12:11:27,B,1063.85,1,10
2021-06-17 12:11:27,B,1063.8,1,1
2021-06-17 12:11:27,B,1063.75,1,5
2021-06-17 12:11:27,B,1063.35,1,6
2021-06-17 12:11:27,B,1063.3,1,4
2021-06-17 12:11:28,S,1065.0,2,45
2021-06-17 12:11:28,S,1065.55,2,10
2021-06-17 12:11:28,S,1065.6,1,10
2021-06-17 12:11:28,S,1065.75,1,2
2021-06-17 12:11:28,S,1065.85,3,31
2021-06-17 12:11:28,B,1063.9,1,1
2021-06-17 12:11:28,B,1063.85,1,9
2021-06-17 12:11:28,B,1063.6,1,7
2021-06-17 12:11:28,B,1063.5,1,3
2021-06-17 12:11:28,B,1063.35,1,6
2021-06-17 12:11:30,S,1065.0,2,45
2021-06-17 12:11:30,S,1065.3,1,3
2021-06-17 12:11:30,S,1065.55,2,10
2021-06-17 12:11:30,S,1065.6,2,4
2021-06-17 12:11:30,S,1065.65,1,10
2021-06-17 12:11:30,B,1063.9,1,1
2021-06-17 12:11:30,B,1063.85,1,9
2021-06-17 12:11:30,B,1063.6,1,7
2021-06-17 12:11:30,B,1063.55,1,6
2021-06-17 12:11:30,B,1063.5,1,3
2021-06-17 12:11:41,S,1065.0,3,46
2021-06-17 12:11:41,S,1065.3,1,3
2021-06-17 12:11:41,S,1065.55,2,10
2021-06-17 12:11:41,S,1065.6,2,4
2021-06-17 12:11:41,S,1065.65,1,10
2021-06-17 12:11:41,B,1063.9,1,1
2021-06-17 12:11:41,B,1063.85,1,9
2021-06-17 12:11:41,B,1063.6,1,7
2021-06-17 12:11:41,B,1063.55,1,6
2021-06-17 12:11:41,B,1063.5,1,3
2021-06-17 12:11:45,S,1065.0,3,46
2021-06-17 12:11:45,S,1065.3,1,3
2021-06-17 12:11:45,S,1065.55,2,10
2021-06-17 12:11:45,S,1065.6,2,4
2021-06-17 12:11:45,S,1065.65,1,10
2021-06-17 12:11:45,B,1063.9,1,1
2021-06-17 12:11:45,B,1063.85,1,9
2021-06-17 12:11:45,B,1063.6,1,7
2021-06-17 12:11:45,B,1063.55,1,6
2021-06-17 12:11:45,B,1063.5,1,3
2021-06-17 12:11:45,S,1065.0,2,2
2021-06-17 12:11:45,S,1065.4,1,6
2021-06-17 12:11:45,S,1065.45,3,11
2021-06-17 12:11:45,S,1065.5,3,15
2021-06-17 12:11:45,S,1065.55,2,10
2021-06-17 12:11:45,B,1063.9,1,1
2021-06-17 12:11:45,B,1063.85,1,9
2021-06-17 12:11:45,B,1063.6,1,7
2021-06-17 12:11:45,B,1063.55,1,6
2021-06-17 12:11:45,B,1063.5,1,3
2021-06-17 12:11:50,S,1065.0,2,2
2021-06-17 12:11:50,S,1065.1,1,3
2021-06-17 12:11:50,S,1065.4,2,7
2021-06-17 12:11:50,S,1065.45,3,11
2021-06-17 12:11:50,S,1065.5,3,15
2021-06-17 12:11:50,B,1063.9,1,1
2021-06-17 12:11:50,B,1063.85,1,9
2021-06-17 12:11:50,B,1063.6,1,7
2021-06-17 12:11:50,B,1063.55,1,6
2021-06-17 12:11:50,B,1063.5,1,3
2021-06-17 12:11:52,S,1065.0,2,2
2021-06-17 12:11:52,S,1065.1,1,3
2021-06-17 12:11:52,S,1065.4,2,7
2021-06-17 12:11:52,S,1065.45,3,11
2021-06-17 12:11:52,S,1065.5,3,15
2021-06-17 12:11:52,B,1063.9,1,1
2021-06-17 12:11:52,B,1063.85,1,9
2021-06-17 12:11:52,B,1063.6,1,7
2021-06-17 12:11:52,B,1063.55,1,6
2021-06-17 12:11:52,B,1063.5,1,3
2021-06-17 12:11:52,S,1065.25,1,9
2021-06-17 12:11:52,S,1065.3,1,4
2021-06-17 12:11:52,S,1065.4,2,7
2021-06-17 12:11:52,S,1065.45,3,11
2021-06-17 12:11:52,S,1065.5,3,12
2021-06-17 12:11:52,B,1063.8,1,1
2021-06-17 12:11:52,B,1063.75,1,9
2021-06-17 12:11:52,B,1063.6,1,7
2021-06-17 12:11:52,B,1063.55,1,6
2021-06-17 12:11:52,B,1063.5,1,3
2021-06-17 12:11:55,S,1065.0,1,40
2021-06-17 12:11:55,S,1065.2,1,3
2021-06-17 12:11:55,S,1065.25,1,9
2021-06-17 12:11:55,S,1065.3,1,4
2021-06-17 12:11:55,S,1065.4,2,7
2021-06-17 12:11:55,B,1063.65,2,10
2021-06-17 12:11:55,B,1063.6,1,7
2021-06-17 12:11:55,B,1063.5,1,3
2021-06-17 12:11:55,B,1063.35,1,5
2021-06-17 12:11:55,B,1063.3,1,4
2021-06-17 12:12:34,S,1065.0,1,40
2021-06-17 12:12:34,S,1065.15,1,1
2021-06-17 12:12:34,S,1065.2,1,3
2021-06-17 12:12:34,S,1065.25,1,9
2021-06-17 12:12:34,S,1065.4,1,6
2021-06-17 12:12:34,B,1063.65,2,10
2021-06-17 12:12:34,B,1063.6,1,7
2021-06-17 12:12:34,B,1063.5,1,3
2021-06-17 12:12:34,B,1063.35,1,5
2021-06-17 12:12:34,B,1063.3,1,4
2021-06-17 12:12:36,S,1065.0,2,41
2021-06-17 12:12:36,S,1065.15,1,1
2021-06-17 12:12:36,S,1065.2,1,3
2021-06-17 12:12:36,S,1065.25,1,9
2021-06-17 12:12:36,S,1065.4,1,6
2021-06-17 12:12:36,B,1063.65,2,10
2021-06-17 12:12:36,B,1063.6,1,7
2021-06-17 12:12:36,B,1063.55,1,5
2021-06-17 12:12:36,B,1063.5,1,3
2021-06-17 12:12:36,B,1063.3,1,4
2021-06-17 12:12:43,S,1065.0,2,41
2021-06-17 12:12:43,S,1065.15,1,1
2021-06-17 12:12:43,S,1065.2,1,3
2021-06-17 12:12:43,S,1065.25,1,9
2021-06-17 12:12:43,S,1065.4,1,6
2021-06-17 12:12:43,B,1063.65,2,10
2021-06-17 12:12:43,B,1063.6,1,7
2021-06-17 12:12:43,B,1063.55,1,5
2021-06-17 12:12:43,B,1063.5,1,3
2021-06-17 12:12:43,B,1063.3,1,4
2021-06-17 12:12:49,S,1065.0,2,41
2021-06-17 12:12:49,S,1065.15,1,1
2021-06-17 12:12:49,S,1065.2,1,3
2021-06-17 12:12:49,S,1065.25,1,9
2021-06-17 12:12:49,S,1065.4,1,6
2021-06-17 12:12:49,B,1063.65,2,10
2021-06-17 12:12:49,B,1063.6,1,7
2021-06-17 12:12:49,B,1063.55,1,5
2021-06-17 12:12:49,B,1063.5,1,3
2021-06-17 12:12:49,B,1063.3,1,4
2021-06-17 12:12:50,S,1064.9,1,2
2021-06-17 12:12:50,S,1064.95,1,9
2021-06-17 12:12:50,S,1065.0,2,41
2021-06-17 12:12:50,S,1065.15,1,1
2021-06-17 12:12:50,S,1065.25,1,9
2021-06-17 12:12:50,B,1063.6,2,12
2021-06-17 12:12:50,B,1063.55,1,4
2021-06-17 12:12:50,B,1063.5,1,3
2021-06-17 12:12:50,B,1063.35,1,6
2021-06-17 12:12:50,B,1063.3,1,4
2021-06-17 12:12:51,S,1064.7,1,2
2021-06-17 12:12:51,S,1064.75,1,9
2021-06-17 12:12:51,S,1065.0,3,45
2021-06-17 12:12:51,S,1065.1,1,3
2021-06-17 12:12:51,S,1065.15,1,1
2021-06-17 12:12:51,B,1063.4,1,5
2021-06-17 12:12:51,B,1063.35,1,6
2021-06-17 12:12:51,B,1063.3,1,4
2021-06-17 12:12:51,B,1063.25,1,4
2021-06-17 12:12:51,B,1063.15,1,4
2021-06-17 12:13:05,S,1064.7,1,2
2021-06-17 12:13:05,S,1064.75,1,9
2021-06-17 12:13:05,S,1065.0,3,45
2021-06-17 12:13:05,S,1065.1,1,3
2021-06-17 12:13:05,S,1065.15,1,1
2021-06-17 12:13:05,B,1063.4,1,5
2021-06-17 12:13:05,B,1063.35,1,6
2021-06-17 12:13:05,B,1063.3,2,10
2021-06-17 12:13:05,B,1063.25,2,13
2021-06-17 12:13:05,B,1063.15,1,4
2021-06-17 12:13:09,S,1064.7,1,2
2021-06-17 12:13:09,S,1064.75,1,9
2021-06-17 12:13:09,S,1065.0,3,45
2021-06-17 12:13:09,S,1065.1,1,3
2021-06-17 12:13:09,S,1065.15,1,1
2021-06-17 12:13:09,B,1063.4,1,5
2021-06-17 12:13:09,B,1063.35,1,6
2021-06-17 12:13:09,B,1063.3,2,10
2021-06-17 12:13:09,B,1063.25,2,13
2021-06-17 12:13:09,B,1063.15,1,4
2021-06-17 12:13:13,S,1064.7,1,2
2021-06-17 12:13:13,S,1064.75,1,9
2021-06-17 12:13:13,S,1065.0,3,45
2021-06-17 12:13:13,S,1065.1,1,3
2021-06-17 12:13:13,S,1065.15,1,1
2021-06-17 12:13:13,B,1063.4,1,5
2021-06-17 12:13:13,B,1063.35,1,6
2021-06-17 12:13:13,B,1063.3,2,10
2021-06-17 12:13:13,B,1063.25,2,13
2021-06-17 12:13:13,B,1063.15,1,4
2021-06-17 12:13:15,S,1063.95,1,9
2021-06-17 12:13:15,S,1064.05,2,12
2021-06-17 12:13:15,S,1064.1,1,5
2021-06-17 12:13:15,S,1064.35,2,13
2021-06-17 12:13:15,S,1064.6,2,6
2021-06-17 12:13:15,B,1063.0,2,60
2021-06-17 12:13:15,B,1062.35,1,10
2021-06-17 12:13:15,B,1062.05,1,9
2021-06-17 12:13:15,B,1062.0,1,40
2021-06-17 12:13:15,B,1061.75,1,9
2021-06-17 12:13:24,S,1063.95,1,9
2021-06-17 12:13:24,S,1064.05,3,15
2021-06-17 12:13:24,S,1064.1,2,6
2021-06-17 12:13:24,S,1064.15,1,9
2021-06-17 12:13:24,S,1064.3,1,6
2021-06-17 12:13:24,B,1063.0,2,60
2021-06-17 12:13:24,B,1062.35,2,13
2021-06-17 12:13:24,B,1062.05,1,9
2021-06-17 12:13:24,B,1062.0,2,43
2021-06-17 12:13:24,B,1061.75,1,9
2021-06-17 12:14:07,S,1063.95,1,9
2021-06-17 12:14:07,S,1064.05,3,15
2021-06-17 12:14:07,S,1064.1,1,5
2021-06-17 12:14:07,S,1064.15,1,9
2021-06-17 12:14:07,S,1064.35,2,13
2021-06-17 12:14:07,B,1063.0,2,60
2021-06-17 12:14:07,B,1062.4,2,10
2021-06-17 12:14:07,B,1062.35,3,14
2021-06-17 12:14:07,B,1062.05,1,9
2021-06-17 12:14:07,B,1062.0,2,43
2021-06-17 12:14:11,S,1064.05,3,15
2021-06-17 12:14:11,S,1064.1,1,5
2021-06-17 12:14:11,S,1064.15,3,19
2021-06-17 12:14:11,S,1064.35,2,13
2021-06-17 12:14:11,S,1064.4,1,3
2021-06-17 12:14:11,B,1063.0,2,60
2021-06-17 12:14:11,B,1062.4,2,10
2021-06-17 12:14:11,B,1062.35,3,14
2021-06-17 12:14:11,B,1062.05,1,9
2021-06-17 12:14:11,B,1062.0,2,43
2021-06-17 12:14:20,S,1064.05,3,15
2021-06-17 12:14:20,S,1064.1,1,5
2021-06-17 12:14:20,S,1064.15,2,18
2021-06-17 12:14:20,S,1064.3,1,6
2021-06-17 12:14:20,S,1064.35,2,13
2021-06-17 12:14:20,B,1063.0,2,60
2021-06-17 12:14:20,B,1062.4,2,10
2021-06-17 12:14:20,B,1062.35,3,14
2021-06-17 12:14:20,B,1062.05,1,9
2021-06-17 12:14:20,B,1062.0,2,43
2021-06-17 12:14:27,S,1064.05,3,15
2021-06-17 12:14:27,S,1064.1,1,5
2021-06-17 12:14:27,S,1064.15,2,18
2021-06-17 12:14:27,S,1064.3,1,6
2021-06-17 12:14:27,S,1064.35,2,13
2021-06-17 12:14:27,B,1063.0,3,70
2021-06-17 12:14:27,B,1062.4,2,10
2021-06-17 12:14:27,B,1062.35,3,14
2021-06-17 12:14:27,B,1062.05,1,9
2021-06-17 12:14:27,B,1062.0,2,43
2021-06-17 12:14:49,S,1064.05,3,15
2021-06-17 12:14:49,S,1064.1,1,5
2021-06-17 12:14:49,S,1064.15,3,19
2021-06-17 12:14:49,S,1064.3,1,6
2021-06-17 12:14:49,S,1064.35,2,13
2021-06-17 12:14:49,B,1063.0,3,70
2021-06-17 12:14:49,B,1062.4,2,10
2021-06-17 12:14:49,B,1062.35,3,14
2021-06-17 12:14:49,B,1062.05,1,9
2021-06-17 12:14:49,B,1062.0,2,43
2021-06-17 12:15:09,S,1063.95,1,2
2021-06-17 12:15:09,S,1064.0,1,10
2021-06-17 12:15:09,S,1064.05,2,13
2021-06-17 12:15:09,S,1064.1,2,6
2021-06-17 12:15:09,S,1064.15,2,10
2021-06-17 12:15:09,B,1063.0,3,70
2021-06-17 12:15:09,B,1062.4,2,10
2021-06-17 12:15:09,B,1062.35,3,14
2021-06-17 12:15:09,B,1062.05,1,9
2021-06-17 12:15:09,B,1062.0,2,43
2021-06-17 12:15:12,S,1063.95,1,2
2021-06-17 12:15:12,S,1064.0,1,10
2021-06-17 12:15:12,S,1064.05,2,13
2021-06-17 12:15:12,S,1064.1,2,6
2021-06-17 12:15:12,S,1064.15,2,10
2021-06-17 12:15:12,B,1063.0,3,70
2021-06-17 12:15:12,B,1062.4,2,10
2021-06-17 12:15:12,B,1062.35,3,14
2021-06-17 12:15:12,B,1062.05,1,9
2021-06-17 12:15:12,B,1062.0,2,43
2021-06-17 12:15:13,S,1064.1,3,6
2021-06-17 12:15:13,S,1064.15,2,10
2021-06-17 12:15:13,S,1064.35,2,13
2021-06-17 12:15:13,S,1064.4,1,3
2021-06-17 12:15:13,S,1064.5,1,9
2021-06-17 12:15:13,B,1063.05,1,2
2021-06-17 12:15:13,B,1063.0,3,70
2021-06-17 12:15:13,B,1062.95,1,9
2021-06-17 12:15:13,B,1062.35,3,14
2021-06-17 12:15:13,B,1062.05,1,9
2021-06-17 12:15:15,S,1064.35,1,2
2021-06-17 12:15:15,S,1064.4,2,4
2021-06-17 12:15:15,S,1064.55,2,8
2021-06-17 12:15:15,S,1064.6,3,13
2021-06-17 12:15:15,S,1064.65,2,21
2021-06-17 12:15:15,B,1063.15,1,2
2021-06-17 12:15:15,B,1063.1,1,9
2021-06-17 12:15:15,B,1063.0,3,70
2021-06-17 12:15:15,B,1062.65,1,11
2021-06-17 12:15:15,B,1062.35,3,14
2021-06-17 12:15:16,S,1064.35,1,2
2021-06-17 12:15:16,S,1064.4,2,4
2021-06-17 12:15:16,S,1064.55,3,14
2021-06-17 12:15:16,S,1064.6,3,13
2021-06-17 12:15:16,S,1064.65,2,21
2021-06-17 12:15:16,B,1063.05,1,2
2021-06-17 12:15:16,B,1063.0,3,70
2021-06-17 12:15:16,B,1062.85,1,10
2021-06-17 12:15:16,B,1062.65,1,11
2021-06-17 12:15:16,B,1062.35,3,14
2021-06-17 12:15:39,S,1064.75,1,9
2021-06-17 12:15:39,S,1064.8,1,7
2021-06-17 12:15:39,S,1064.85,2,8
2021-06-17 12:15:39,S,1064.9,2,6
2021-06-17 12:15:39,S,1065.0,5,55
2021-06-17 12:15:39,B,1063.3,1,2
2021-06-17 12:15:39,B,1063.25,1,10
2021-06-17 12:15:39,B,1063.15,1,6
2021-06-17 12:15:39,B,1063.1,1,6
2021-06-17 12:15:39,B,1063.05,1,6
2021-06-17 12:15:45,S,1064.75,1,9
2021-06-17 12:15:45,S,1064.8,1,7
2021-06-17 12:15:45,S,1064.85,2,8
2021-06-17 12:15:45,S,1064.9,2,6
2021-06-17 12:15:45,S,1064.95,1,6
2021-06-17 12:15:45,B,1063.4,1,2
2021-06-17 12:15:45,B,1063.35,1,9
2021-06-17 12:15:45,B,1063.15,2,7
2021-06-17 12:15:45,B,1063.1,1,6
2021-06-17 12:15:45,B,1063.05,1,6
2021-06-17 12:15:47,S,1064.75,1,9
2021-06-17 12:15:47,S,1064.8,1,7
2021-06-17 12:15:47,S,1064.85,2,8
2021-06-17 12:15:47,S,1064.9,2,6
2021-06-17 12:15:47,S,1064.95,1,6
2021-06-17 12:15:47,B,1063.4,1,2
2021-06-17 12:15:47,B,1063.35,1,9
2021-06-17 12:15:47,B,1063.15,1,6
2021-06-17 12:15:47,B,1063.1,1,6
2021-06-17 12:15:47,B,1063.05,1,6
2021-06-17 12:15:53,S,1064.75,1,9
2021-06-17 12:15:53,S,1064.8,1,7
2021-06-17 12:15:53,S,1064.85,2,8
2021-06-17 12:15:53,S,1064.9,2,6
2021-06-17 12:15:53,S,1064.95,1,6
2021-06-17 12:15:53,B,1063.4,1,2
2021-06-17 12:15:53,B,1063.35,1,9
2021-06-17 12:15:53,B,1063.15,1,6
2021-06-17 12:15:53,B,1063.1,1,6
2021-06-17 12:15:53,B,1063.05,1,6
2021-06-17 12:15:54,S,1064.9,1,5
2021-06-17 12:15:54,S,1065.0,3,45
2021-06-17 12:15:54,S,1065.15,1,1
2021-06-17 12:15:54,S,1065.25,1,9
2021-06-17 12:15:54,S,1065.55,1,9
2021-06-17 12:15:54,B,1063.8,1,2
2021-06-17 12:15:54,B,1063.75,1,9
2021-06-17 12:15:54,B,1063.4,2,7
2021-06-17 12:15:54,B,1063.3,1,6
2021-06-17 12:15:54,B,1063.15,1,6
2021-06-17 12:15:55,S,1064.9,1,5
2021-06-17 12:15:55,S,1064.95,1,6
2021-06-17 12:15:55,S,1065.0,3,45
2021-06-17 12:15:55,S,1065.15,2,2
2021-06-17 12:15:55,S,1065.25,1,9
2021-06-17 12:15:55,B,1063.8,1,2
2021-06-17 12:15:55,B,1063.75,1,9
2021-06-17 12:15:55,B,1063.4,2,7
2021-06-17 12:15:55,B,1063.3,1,6
2021-06-17 12:15:55,B,1063.15,1,6
2021-06-17 12:16:06,S,1064.9,1,5
2021-06-17 12:16:06,S,1064.95,1,6
2021-06-17 12:16:06,S,1065.0,3,45
2021-06-17 12:16:06,S,1065.15,2,2
2021-06-17 12:16:06,S,1065.25,1,9
2021-06-17 12:16:06,B,1063.8,1,2
2021-06-17 12:16:06,B,1063.75,1,9
2021-06-17 12:16:06,B,1063.4,2,7
2021-06-17 12:16:06,B,1063.3,1,6
2021-06-17 12:16:06,B,1063.15,1,6
2021-06-17 12:16:09,S,1064.9,2,7
2021-06-17 12:16:09,S,1064.95,1,6
2021-06-17 12:16:09,S,1065.0,3,45
2021-06-17 12:16:09,S,1065.15,2,2
2021-06-17 12:16:09,S,1065.25,2,12
2021-06-17 12:16:09,B,1063.8,1,2
2021-06-17 12:16:09,B,1063.75,1,9
2021-06-17 12:16:09,B,1063.4,2,7
2021-06-17 12:16:09,B,1063.3,1,6
2021-06-17 12:16:09,B,1063.15,1,6
2021-06-17 12:16:16,S,1064.7,2,42
2021-06-17 12:16:16,S,1064.9,1,5
2021-06-17 12:16:16,S,1065.0,3,6
2021-06-17 12:16:16,S,1065.15,2,2
2021-06-17 12:16:16,S,1065.25,1,3
2021-06-17 12:16:16,B,1063.75,1,9
2021-06-17 12:16:16,B,1063.45,1,2
2021-06-17 12:16:16,B,1063.4,1,6
2021-06-17 12:16:16,B,1063.3,1,6
2021-06-17 12:16:16,B,1063.15,1,6
2021-06-17 12:16:18,S,1064.7,2,42
2021-06-17 12:16:18,S,1064.9,1,5
2021-06-17 12:16:18,S,1065.0,3,6
2021-06-17 12:16:18,S,1065.15,2,2
2021-06-17 12:16:18,S,1065.25,1,3
2021-06-17 12:16:18,B,1063.45,2,11
2021-06-17 12:16:18,B,1063.4,1,6
2021-06-17 12:16:18,B,1063.3,1,6
2021-06-17 12:16:18,B,1063.15,1,6
2021-06-17 12:16:18,B,1063.1,1,6
2021-06-17 12:16:24,S,1064.7,2,42
2021-06-17 12:16:24,S,1064.75,1,5
2021-06-17 12:16:24,S,1064.8,1,10
2021-06-17 12:16:24,S,1064.9,2,6
2021-06-17 12:16:24,S,1065.0,3,6
2021-06-17 12:16:24,B,1063.45,1,2
2021-06-17 12:16:24,B,1063.4,1,6
2021-06-17 12:16:24,B,1063.3,1,6
2021-06-17 12:16:24,B,1063.25,1,9
2021-06-17 12:16:24,B,1063.15,1,6
2021-06-17 12:16:28,S,1064.7,2,42
2021-06-17 12:16:28,S,1064.75,1,5
2021-06-17 12:16:28,S,1064.8,1,10
2021-06-17 12:16:28,S,1064.9,1,5
2021-06-17 12:16:28,S,1065.0,3,6
2021-06-17 12:16:28,B,1063.45,1,2
2021-06-17 12:16:28,B,1063.4,1,6
2021-06-17 12:16:28,B,1063.3,1,6
2021-06-17 12:16:28,B,1063.2,1,9
2021-06-17 12:16:28,B,1063.15,1,6
2021-06-17 12:16:32,S,1064.7,2,41
2021-06-17 12:16:32,S,1064.75,1,5
2021-06-17 12:16:32,S,1064.8,1,10
2021-06-17 12:16:32,S,1064.9,1,5
2021-06-17 12:16:32,S,1065.0,3,6
2021-06-17 12:16:32,B,1063.45,1,2
2021-06-17 12:16:32,B,1063.4,1,6
2021-06-17 12:16:32,B,1063.3,1,6
2021-06-17 12:16:32,B,1063.2,1,9
2021-06-17 12:16:32,B,1063.15,1,6
2021-06-17 12:16:33,S,1064.7,2,41
2021-06-17 12:16:33,S,1064.75,1,5
2021-06-17 12:16:33,S,1064.8,1,10
2021-06-17 12:16:33,S,1064.9,1,5
2021-06-17 12:16:33,S,1065.0,3,6
2021-06-17 12:16:33,B,1063.45,1,2
2021-06-17 12:16:33,B,1063.4,1,6
2021-06-17 12:16:33,B,1063.3,1,6
2021-06-17 12:16:33,B,1063.2,1,9
2021-06-17 12:16:33,B,1063.15,1,6
2021-06-17 12:16:34,S,1064.7,2,40
2021-06-17 12:16:34,S,1064.75,1,5
2021-06-17 12:16:34,S,1064.8,1,10
2021-06-17 12:16:34,S,1064.9,1,5
2021-06-17 12:16:34,S,1065.0,3,6
2021-06-17 12:16:34,B,1063.45,1,2
2021-06-17 12:16:34,B,1063.4,1,6
2021-06-17 12:16:34,B,1063.3,1,6
2021-06-17 12:16:34,B,1063.2,1,9
2021-06-17 12:16:34,B,1063.15,1,6
2021-06-17 12:16:36,S,1064.7,2,35
2021-06-17 12:16:36,S,1064.75,1,5
2021-06-17 12:16:36,S,1064.9,1,5
2021-06-17 12:16:36,S,1065.0,2,5
2021-06-17 12:16:36,S,1065.15,2,2
2021-06-17 12:16:36,B,1063.45,1,2
2021-06-17 12:16:36,B,1063.4,1,6
2021-06-17 12:16:36,B,1063.3,1,6
2021-06-17 12:16:36,B,1063.2,1,9
2021-06-17 12:16:36,B,1063.15,1,6
2021-06-17 12:16:37,S,1064.7,2,35
2021-06-17 12:16:37,S,1064.75,1,5
2021-06-17 12:16:37,S,1064.9,1,5
2021-06-17 12:16:37,S,1064.95,1,9
2021-06-17 12:16:37,S,1065.0,2,5
2021-06-17 12:16:37,B,1063.45,1,2
2021-06-17 12:16:37,B,1063.4,1,6
2021-06-17 12:16:37,B,1063.3,1,6
2021-06-17 12:16:37,B,1063.2,1,9
2021-06-17 12:16:37,B,1063.15,1,6
2021-06-17 12:16:49,S,1064.7,2,35
2021-06-17 12:16:49,S,1064.75,1,5
2021-06-17 12:16:49,S,1064.9,1,5
2021-06-17 12:16:49,S,1064.95,1,9
2021-06-17 12:16:49,S,1065.0,2,5
2021-06-17 12:16:49,B,1063.45,1,2
2021-06-17 12:16:49,B,1063.4,1,6
2021-06-17 12:16:49,B,1063.3,1,6
2021-06-17 12:16:49,B,1063.2,1,9
2021-06-17 12:16:49,B,1063.15,1,6
2021-06-17 12:16:51,S,1064.05,1,9
2021-06-17 12:16:51,S,1064.15,1,2
2021-06-17 12:16:51,S,1064.2,1,1
2021-06-17 12:16:51,S,1064.3,2,4
2021-06-17 12:16:51,S,1064.35,2,13
2021-06-17 12:16:51,B,1063.2,1,2
2021-06-17 12:16:51,B,1063.15,1,6
2021-06-17 12:16:51,B,1063.1,1,6
2021-06-17 12:16:51,B,1063.05,2,7
2021-06-17 12:16:51,B,1063.0,3,70
2021-06-17 12:16:52,S,1064.05,2,10
2021-06-17 12:16:52,S,1064.25,1,2
2021-06-17 12:16:52,S,1064.3,2,4
2021-06-17 12:16:52,S,1064.5,2,6
2021-06-17 12:16:52,S,1064.65,3,16
2021-06-17 12:16:52,B,1063.2,1,2
2021-06-17 12:16:52,B,1063.15,1,6
2021-06-17 12:16:52,B,1063.1,1,6
2021-06-17 12:16:52,B,1063.05,2,7
2021-06-17 12:16:52,B,1063.0,3,70
2021-06-17 12:17:01,S,1064.0,1,10
2021-06-17 12:17:01,S,1064.05,2,10
2021-06-17 12:17:01,S,1064.25,2,3
2021-06-17 12:17:01,S,1064.3,2,4
2021-06-17 12:17:01,S,1064.65,3,16
2021-06-17 12:17:01,B,1063.2,1,2
2021-06-17 12:17:01,B,1063.15,1,6
2021-06-17 12:17:01,B,1063.1,1,6
2021-06-17 12:17:01,B,1063.05,2,7
2021-06-17 12:17:01,B,1063.0,3,70
2021-06-17 12:17:03,S,1064.0,2,11
2021-06-17 12:17:03,S,1064.05,1,9
2021-06-17 12:17:03,S,1064.25,2,3
2021-06-17 12:17:03,S,1064.3,2,4
2021-06-17 12:17:03,S,1064.65,3,16
2021-06-17 12:17:03,B,1063.2,1,2
2021-06-17 12:17:03,B,1063.15,1,6
2021-06-17 12:17:03,B,1063.1,1,6
2021-06-17 12:17:03,B,1063.05,2,7
2021-06-17 12:17:03,B,1063.0,3,70
2021-06-17 12:17:07,S,1063.95,1,10
2021-06-17 12:17:07,S,1064.0,2,11
2021-06-17 12:17:07,S,1064.25,2,3
2021-06-17 12:17:07,S,1064.3,2,4
2021-06-17 12:17:07,S,1064.35,1,11
2021-06-17 12:17:07,B,1063.2,1,2
2021-06-17 12:17:07,B,1063.15,1,6
2021-06-17 12:17:07,B,1063.1,1,6
2021-06-17 12:17:07,B,1063.05,2,7
2021-06-17 12:17:07,B,1063.0,3,70
2021-06-17 12:17:12,S,1063.95,4,14
2021-06-17 12:17:12,S,1064.0,1,10
2021-06-17 12:17:12,S,1064.05,2,13
2021-06-17 12:17:12,S,1064.15,1,9
2021-06-17 12:17:12,S,1064.3,2,4
2021-06-17 12:17:12,B,1063.15,2,8
2021-06-17 12:17:12,B,1063.1,1,6
2021-06-17 12:17:12,B,1063.05,2,7
2021-06-17 12:17:12,B,1063.0,3,70
2021-06-17 12:17:12,B,1062.65,1,11
2021-06-17 12:17:32,S,1063.95,4,14
2021-06-17 12:17:32,S,1064.0,1,10
2021-06-17 12:17:32,S,1064.05,2,13
2021-06-17 12:17:32,S,1064.1,1,4
2021-06-17 12:17:32,S,1064.15,1,9
2021-06-17 12:17:32,B,1063.15,2,8
2021-06-17 12:17:32,B,1063.1,1,6
2021-06-17 12:17:32,B,1063.05,2,7
2021-06-17 12:17:32,B,1063.0,3,70
2021-06-17 12:17:32,B,1062.65,1,11
2021-06-17 12:17:35,S,1063.95,4,14
2021-06-17 12:17:35,S,1064.0,1,10
2021-06-17 12:17:35,S,1064.05,2,13
2021-06-17 12:17:35,S,1064.15,1,9
2021-06-17 12:17:35,S,1064.25,1,4
2021-06-17 12:17:35,B,1063.15,2,8
2021-06-17 12:17:35,B,1063.1,1,6
2021-06-17 12:17:35,B,1063.05,2,7
2021-06-17 12:17:35,B,1063.0,3,70
2021-06-17 12:17:35,B,1062.65,1,11
2021-06-17 12:17:49,S,1063.95,4,14
2021-06-17 12:17:49,S,1064.0,1,10
2021-06-17 12:17:49,S,1064.05,2,13
2021-06-17 12:17:49,S,1064.15,1,9
2021-06-17 12:17:49,S,1064.25,1,4
2021-06-17 12:17:49,B,1063.15,2,8
2021-06-17 12:17:49,B,1063.1,1,6
2021-06-17 12:17:49,B,1063.05,2,7
2021-06-17 12:17:49,B,1063.0,3,70
2021-06-17 12:17:49,B,1062.65,1,11
2021-06-17 12:17:50,S,1063.95,4,14
2021-06-17 12:17:50,S,1064.0,1,10
2021-06-17 12:17:50,S,1064.05,2,13
2021-06-17 12:17:50,S,1064.15,1,9
2021-06-17 12:17:50,S,1064.25,1,4
2021-06-17 12:17:50,B,1063.15,1,2
2021-06-17 12:17:50,B,1063.1,1,6
2021-06-17 12:17:50,B,1063.05,2,7
2021-06-17 12:17:50,B,1063.0,3,70
2021-06-17 12:17:50,B,1062.65,1,11
2021-06-17 12:18:06,S,1063.95,4,14
2021-06-17 12:18:06,S,1064.0,1,10
2021-06-17 12:18:06,S,1064.05,2,13
2021-06-17 12:18:06,S,1064.15,1,9
2021-06-17 12:18:06,S,1064.25,1,4
2021-06-17 12:18:06,B,1063.15,1,2
2021-06-17 12:18:06,B,1063.1,1,6
2021-06-17 12:18:06,B,1063.05,2,7
2021-06-17 12:18:06,B,1063.0,3,70
2021-06-17 12:18:06,B,1062.65,1,11
2021-06-17 12:18:06,S,1063.2,3,4
2021-06-17 12:18:06,S,1063.25,2,4
2021-06-17 12:18:06,S,1063.3,2,10
2021-06-17 12:18:06,S,1063.4,1,3
2021-06-17 12:18:06,S,1063.45,2,13
2021-06-17 12:18:06,B,1062.0,1,40
2021-06-17 12:18:06,B,1061.7,1,10
2021-06-17 12:18:06,B,1061.4,1,3
2021-06-17 12:18:06,B,1061.15,1,11
2021-06-17 12:18:06,B,1061.0,1,5
2021-06-17 12:18:08,S,1063.2,3,4
2021-06-17 12:18:08,S,1063.25,2,4
2021-06-17 12:18:08,S,1063.3,2,10
2021-06-17 12:18:08,S,1063.4,1,3
2021-06-17 12:18:08,S,1063.45,2,13
2021-06-17 12:18:08,B,1062.0,1,40
2021-06-17 12:18:08,B,1061.7,1,10
2021-06-17 12:18:08,B,1061.4,1,3
2021-06-17 12:18:08,B,1061.15,1,11
2021-06-17 12:18:08,B,1061.0,1,5
2021-06-17 12:18:09,S,1063.15,1,2
2021-06-17 12:18:09,S,1063.2,1,1
2021-06-17 12:18:09,S,1063.3,2,10
2021-06-17 12:18:09,S,1063.5,2,11
2021-06-17 12:18:09,S,1063.75,1,9
2021-06-17 12:18:09,B,1062.0,1,40
2021-06-17 12:18:09,B,1061.7,1,10
2021-06-17 12:18:09,B,1061.4,1,3
2021-06-17 12:18:09,B,1061.15,1,11
2021-06-17 12:18:09,B,1061.0,1,5
2021-06-17 12:18:10,S,1063.15,4,7
2021-06-17 12:18:10,S,1063.3,2,10
2021-06-17 12:18:10,S,1063.4,2,10
2021-06-17 12:18:10,S,1063.45,1,3
2021-06-17 12:18:10,S,1063.5,2,11
2021-06-17 12:18:10,B,1062.0,1,40
2021-06-17 12:18:10,B,1061.7,1,10
2021-06-17 12:18:10,B,1061.4,1,3
2021-06-17 12:18:10,B,1061.15,1,11
2021-06-17 12:18:10,B,1061.0,1,5
2021-06-17 12:18:13,S,1063.05,2,3
2021-06-17 12:18:13,S,1063.1,1,10
2021-06-17 12:18:13,S,1063.15,2,4
2021-06-17 12:18:13,S,1063.3,2,10
2021-06-17 12:18:13,S,1063.45,1,3
2021-06-17 12:18:13,B,1062.0,1,40
2021-06-17 12:18:13,B,1061.55,1,9
2021-06-17 12:18:13,B,1061.4,1,3
2021-06-17 12:18:13,B,1061.15,1,11
2021-06-17 12:18:13,B,1061.0,1,5
2021-06-17 12:18:18,S,1063.05,1,1
2021-06-17 12:18:18,S,1063.1,1,2
2021-06-17 12:18:18,S,1063.15,2,4
2021-06-17 12:18:18,S,1063.3,2,10
2021-06-17 12:18:18,S,1063.4,1,10
2021-06-17 12:18:18,B,1062.0,1,40
2021-06-17 12:18:18,B,1061.55,1,9
2021-06-17 12:18:18,B,1061.45,1,12
2021-06-17 12:18:18,B,1061.4,1,3
2021-06-17 12:18:18,B,1061.15,1,11
2021-06-17 12:18:27,S,1063.0,3,8
2021-06-17 12:18:27,S,1063.05,1,1
2021-06-17 12:18:27,S,1063.1,1,1
2021-06-17 12:18:27,S,1063.15,2,4
2021-06-17 12:18:27,S,1063.3,2,10
2021-06-17 12:18:27,B,1062.0,1,40
2021-06-17 12:18:27,B,1061.55,1,9
2021-06-17 12:18:27,B,1061.45,1,12
2021-06-17 12:18:27,B,1061.4,1,3
2021-06-17 12:18:27,B,1061.15,1,11
2021-06-17 12:18:32,S,1063.0,2,7
2021-06-17 12:18:32,S,1063.05,1,1
2021-06-17 12:18:32,S,1063.15,2,4
2021-06-17 12:18:32,S,1063.3,2,10
2021-06-17 12:18:32,S,1063.4,1,10
2021-06-17 12:18:32,B,1062.0,1,40
2021-06-17 12:18:32,B,1061.55,1,9
2021-06-17 12:18:32,B,1061.45,1,12
2021-06-17 12:18:32,B,1061.4,1,3
2021-06-17 12:18:32,B,1061.15,1,11
2021-06-17 12:18:37,S,1063.0,3,8
2021-06-17 12:18:37,S,1063.05,1,1
2021-06-17 12:18:37,S,1063.15,2,4
2021-06-17 12:18:37,S,1063.3,1,1
2021-06-17 12:18:37,S,1063.4,1,10
2021-06-17 12:18:37,B,1062.0,1,40
2021-06-17 12:18:37,B,1061.55,1,9
2021-06-17 12:18:37,B,1061.45,1,12
2021-06-17 12:18:37,B,1061.4,1,3
2021-06-17 12:18:37,B,1061.15,1,11
2021-06-17 12:18:40,S,1063.0,1,5
2021-06-17 12:18:40,S,1063.05,1,1
2021-06-17 12:18:40,S,1063.1,1,2
2021-06-17 12:18:40,S,1063.15,1,3
2021-06-17 12:18:40,S,1063.45,1,3
2021-06-17 12:18:40,B,1062.0,1,40
2021-06-17 12:18:40,B,1061.55,1,9
2021-06-17 12:18:40,B,1061.45,1,12
2021-06-17 12:18:40,B,1061.4,1,3
2021-06-17 12:18:40,B,1061.15,1,11
2021-06-17 12:18:43,S,1063.0,1,5
2021-06-17 12:18:43,S,1063.05,1,1
2021-06-17 12:18:43,S,1063.1,1,2
2021-06-17 12:18:43,S,1063.15,1,3
2021-06-17 12:18:43,S,1063.45,1,3
2021-06-17 12:18:43,B,1062.15,1,10
2021-06-17 12:18:43,B,1062.0,1,40
2021-06-17 12:18:43,B,1061.75,1,11
2021-06-17 12:18:43,B,1061.45,1,12
2021-06-17 12:18:43,B,1061.4,1,3
2021-06-17 12:18:54,S,1063.0,1,5
2021-06-17 12:18:54,S,1063.05,1,1
2021-06-17 12:18:54,S,1063.1,1,2
2021-06-17 12:18:54,S,1063.15,1,3
2021-06-17 12:18:54,S,1063.45,1,3
2021-06-17 12:18:54,B,1062.0,1,40
2021-06-17 12:18:54,B,1061.8,2,10
2021-06-17 12:18:54,B,1061.45,1,12
2021-06-17 12:18:54,B,1061.4,1,3
2021-06-17 12:18:54,B,1061.15,1,11
2021-06-17 12:19:04,S,1063.0,1,5
2021-06-17 12:19:04,S,1063.05,1,1
2021-06-17 12:19:04,S,1063.45,1,2
2021-06-17 12:19:04,S,1063.5,2,11
2021-06-17 12:19:04,S,1063.55,1,3
2021-06-17 12:19:04,B,1062.0,1,40
2021-06-17 12:19:04,B,1061.65,2,11
2021-06-17 12:19:04,B,1061.45,1,12
2021-06-17 12:19:04,B,1061.4,1,3
2021-06-17 12:19:04,B,1061.15,1,11
2021-06-17 12:19:07,S,1063.0,1,5
2021-06-17 12:19:07,S,1063.05,1,1
2021-06-17 12:19:07,S,1063.45,1,2
2021-06-17 12:19:07,S,1063.5,2,11
2021-06-17 12:19:07,S,1063.55,1,3
2021-06-17 12:19:07,B,1062.0,1,40
2021-06-17 12:19:07,B,1061.65,2,11
2021-06-17 12:19:07,B,1061.45,1,12
2021-06-17 12:19:07,B,1061.4,1,3
2021-06-17 12:19:07,B,1061.15,1,11
2021-06-17 12:19:09,S,1063.05,1,1
2021-06-17 12:19:09,S,1063.15,1,2
2021-06-17 12:19:09,S,1063.2,1,9
2021-06-17 12:19:09,S,1063.3,1,2
2021-06-17 12:19:09,S,1063.35,2,3
2021-06-17 12:19:09,B,1062.0,1,40
2021-06-17 12:19:09,B,1061.65,2,11
2021-06-17 12:19:09,B,1061.45,2,13
2021-06-17 12:19:09,B,1061.4,1,3
2021-06-17 12:19:09,B,1061.2,1,2
2021-06-17 12:19:10,S,1062.95,2,3
2021-06-17 12:19:10,S,1063.0,1,10
2021-06-17 12:19:10,S,1063.15,1,11
2021-06-17 12:19:10,S,1063.2,2,12
2021-06-17 12:19:10,S,1063.3,1,2
2021-06-17 12:19:10,B,1062.0,1,40
2021-06-17 12:19:10,B,1061.45,4,25
2021-06-17 12:19:10,B,1061.4,1,3
2021-06-17 12:19:10,B,1061.15,1,11
2021-06-17 12:19:10,B,1061.0,1,5
2021-06-17 12:19:13,S,1062.95,2,3
2021-06-17 12:19:13,S,1063.0,1,10
2021-06-17 12:19:13,S,1063.15,1,11
2021-06-17 12:19:13,S,1063.2,2,12
2021-06-17 12:19:13,S,1063.3,1,2
2021-06-17 12:19:13,B,1062.0,1,40
2021-06-17 12:19:13,B,1061.45,2,13
2021-06-17 12:19:13,B,1061.4,1,3
2021-06-17 12:19:13,B,1061.2,1,2
2021-06-17 12:19:13,B,1061.15,1,11
2021-06-17 12:19:13,S,1062.95,2,3
2021-06-17 12:19:13,S,1063.0,1,10
2021-06-17 12:19:13,S,1063.15,1,11
2021-06-17 12:19:13,S,1063.2,2,12
2021-06-17 12:19:13,S,1063.3,1,2
2021-06-17 12:19:13,B,1062.0,1,40
2021-06-17 12:19:13,B,1061.45,2,13
2021-06-17 12:19:13,B,1061.4,1,3
2021-06-17 12:19:13,B,1061.2,1,2
2021-06-17 12:19:13,B,1061.15,1,11
2021-06-17 12:19:22,S,1062.95,2,3
2021-06-17 12:19:22,S,1063.0,1,10
2021-06-17 12:19:22,S,1063.2,2,12
2021-06-17 12:19:22,S,1063.3,1,2
2021-06-17 12:19:22,S,1063.35,2,3
2021-06-17 12:19:22,B,1062.05,1,1
2021-06-17 12:19:22,B,1062.0,1,40
2021-06-17 12:19:22,B,1061.45,3,15
2021-06-17 12:19:22,B,1061.4,2,13
2021-06-17 12:19:22,B,1061.15,1,11
2021-06-17 12:19:43,S,1062.95,2,3
2021-06-17 12:19:43,S,1063.0,1,10
2021-06-17 12:19:43,S,1063.2,1,3
2021-06-17 12:19:43,S,1063.3,1,2
2021-06-17 12:19:43,S,1063.35,2,3
2021-06-17 12:19:43,B,1062.05,1,1
2021-06-17 12:19:43,B,1062.0,1,40
2021-06-17 12:19:43,B,1061.45,3,15
2021-06-17 12:19:43,B,1061.4,2,13
2021-06-17 12:19:43,B,1061.15,1,11
2021-06-17 12:19:47,S,1062.95,3,7
2021-06-17 12:19:47,S,1063.0,1,10
2021-06-17 12:19:47,S,1063.2,1,3
2021-06-17 12:19:47,S,1063.3,1,2
2021-06-17 12:19:47,S,1063.35,2,3
2021-06-17 12:19:47,B,1062.05,1,1
2021-06-17 12:19:47,B,1062.0,1,40
2021-06-17 12:19:47,B,1061.45,3,15
2021-06-17 12:19:47,B,1061.4,2,13
2021-06-17 12:19:47,B,1061.15,1,11
2021-06-17 12:20:03,S,1062.95,3,7
2021-06-17 12:20:03,S,1063.0,1,10
2021-06-17 12:20:03,S,1063.2,1,3
2021-06-17 12:20:03,S,1063.3,1,2
2021-06-17 12:20:03,S,1063.35,2,3
2021-06-17 12:20:03,B,1062.05,1,1
2021-06-17 12:20:03,B,1062.0,1,40
2021-06-17 12:20:03,B,1061.45,2,14
2021-06-17 12:20:03,B,1061.4,2,13
2021-06-17 12:20:03,B,1061.15,1,11
2021-06-17 12:20:06,S,1062.9,2,10
2021-06-17 12:20:06,S,1062.95,2,6
2021-06-17 12:20:06,S,1063.0,1,10
2021-06-17 12:20:06,S,1063.2,1,3
2021-06-17 12:20:06,S,1063.3,2,11
2021-06-17 12:20:06,B,1062.05,1,1
2021-06-17 12:20:06,B,1062.0,1,40
2021-06-17 12:20:06,B,1061.45,2,14
2021-06-17 12:20:06,B,1061.4,2,13
2021-06-17 12:20:06,B,1061.15,1,11
2021-06-17 12:20:07,S,1062.9,2,5
2021-06-17 12:20:07,S,1062.95,1,4
2021-06-17 12:20:07,S,1063.0,1,10
2021-06-17 12:20:07,S,1063.15,1,2
2021-06-17 12:20:07,S,1063.2,1,3
2021-06-17 12:20:07,B,1062.15,1,1
2021-06-17 12:20:07,B,1062.1,1,75
2021-06-17 12:20:07,B,1062.0,1,40
2021-06-17 12:20:07,B,1061.45,2,14
2021-06-17 12:20:07,B,1061.4,2,13
2021-06-17 12:20:12,S,1062.9,2,5
2021-06-17 12:20:12,S,1062.95,2,6
2021-06-17 12:20:12,S,1063.0,1,10
2021-06-17 12:20:12,S,1063.2,1,3
2021-06-17 12:20:12,S,1063.3,1,2
2021-06-17 12:20:12,B,1062.15,1,1
2021-06-17 12:20:12,B,1062.1,1,75
2021-06-17 12:20:12,B,1062.0,1,40
2021-06-17 12:20:12,B,1061.45,2,14
2021-06-17 12:20:12,B,1061.4,2,13
2021-06-17 12:20:15,S,1062.9,2,5
2021-06-17 12:20:15,S,1062.95,2,6
2021-06-17 12:20:15,S,1063.0,1,10
2021-06-17 12:20:15,S,1063.2,1,3
2021-06-17 12:20:15,S,1063.3,1,2
2021-06-17 12:20:15,B,1062.15,1,1
2021-06-17 12:20:15,B,1062.1,1,75
2021-06-17 12:20:15,B,1062.05,1,9
2021-06-17 12:20:15,B,1062.0,1,40
2021-06-17 12:20:15,B,1061.45,2,14
2021-06-17 12:20:17,S,1062.9,2,5
2021-06-17 12:20:17,S,1062.95,2,6
2021-06-17 12:20:17,S,1063.0,1,10
2021-06-17 12:20:17,S,1063.2,1,3
2021-06-17 12:20:17,S,1063.3,1,2
2021-06-17 12:20:17,B,1062.15,1,1
2021-06-17 12:20:17,B,1062.1,1,75
2021-06-17 12:20:17,B,1062.0,1,40
2021-06-17 12:20:17,B,1061.85,1,9
2021-06-17 12:20:17,B,1061.45,2,14
2021-06-17 12:20:24,S,1062.9,2,5
2021-06-17 12:20:24,S,1062.95,2,6
2021-06-17 12:20:24,S,1063.0,1,10
2021-06-17 12:20:24,S,1063.2,1,3
2021-06-17 12:20:24,S,1063.3,1,2
2021-06-17 12:20:24,B,1062.15,1,1
2021-06-17 12:20:24,B,1062.1,1,75
2021-06-17 12:20:24,B,1062.0,1,40
2021-06-17 12:20:24,B,1061.85,1,9
2021-06-17 12:20:24,B,1061.45,2,14
2021-06-17 12:20:24,S,1063.85,1,5
2021-06-17 12:20:24,S,1064.1,1,1
2021-06-17 12:20:24,S,1064.15,1,9
2021-06-17 12:20:24,S,1064.35,1,11
2021-06-17 12:20:24,S,1064.45,2,16
2021-06-17 12:20:24,B,1063.05,1,2
2021-06-17 12:20:24,B,1063.0,1,47
2021-06-17 12:20:24,B,1062.45,2,11
2021-06-17 12:20:24,B,1062.1,2,4
2021-06-17 12:20:24,B,1062.0,2,41
2021-06-17 12:20:26,S,1063.85,1,5
2021-06-17 12:20:26,S,1064.1,1,1
2021-06-17 12:20:26,S,1064.15,1,9
2021-06-17 12:20:26,S,1064.3,1,9
2021-06-17 12:20:26,S,1064.35,1,11
2021-06-17 12:20:26,B,1063.05,1,2
2021-06-17 12:20:26,B,1063.0,1,47
2021-06-17 12:20:26,B,1062.45,1,10
2021-06-17 12:20:26,B,1062.1,3,6
2021-06-17 12:20:26,B,1062.0,2,41
2021-06-17 12:20:28,S,1063.85,2,7
2021-06-17 12:20:28,S,1064.0,1,2
2021-06-17 12:20:28,S,1064.25,2,3
2021-06-17 12:20:28,S,1064.3,1,9
2021-06-17 12:20:28,S,1064.35,1,11
2021-06-17 12:20:28,B,1063.05,1,2
2021-06-17 12:20:28,B,1063.0,1,47
2021-06-17 12:20:28,B,1062.45,2,11
2021-06-17 12:20:28,B,1062.1,3,6
2021-06-17 12:20:28,B,1062.0,2,41
2021-06-17 12:20:36,S,1063.85,2,6
2021-06-17 12:20:36,S,1064.0,1,2
2021-06-17 12:20:36,S,1064.25,2,3
2021-06-17 12:20:36,S,1064.3,1,9
2021-06-17 12:20:36,S,1064.35,1,11
2021-06-17 12:20:36,B,1063.05,1,2
2021-06-17 12:20:36,B,1063.0,1,47
2021-06-17 12:20:36,B,1062.45,2,11
2021-06-17 12:20:36,B,1062.1,3,6
2021-06-17 12:20:36,B,1062.0,2,41
2021-06-17 12:20:46,S,1063.85,2,6
2021-06-17 12:20:46,S,1064.0,1,2
2021-06-17 12:20:46,S,1064.25,2,3
2021-06-17 12:20:46,S,1064.3,1,9
2021-06-17 12:20:46,S,1064.35,1,11
2021-06-17 12:20:46,B,1063.05,1,2
2021-06-17 12:20:46,B,1063.0,1,47
2021-06-17 12:20:46,B,1062.45,2,11
2021-06-17 12:20:46,B,1062.1,3,6
2021-06-17 12:20:46,B,1062.0,2,41
2021-06-17 12:20:57,S,1063.85,2,6
2021-06-17 12:20:57,S,1064.0,1,2
2021-06-17 12:20:57,S,1064.25,2,3
2021-06-17 12:20:57,S,1064.3,1,9
2021-06-17 12:20:57,S,1064.35,1,11
2021-06-17 12:20:57,B,1063.0,1,47
2021-06-17 12:20:57,B,1062.5,1,2
2021-06-17 12:20:57,B,1062.45,1,10
2021-06-17 12:20:57,B,1062.1,2,3
2021-06-17 12:20:57,B,1062.0,2,41
2021-06-17 12:21:30,S,1063.85,2,6
2021-06-17 12:21:30,S,1064.0,1,2
2021-06-17 12:21:30,S,1064.25,2,3
2021-06-17 12:21:30,S,1064.3,1,9
2021-06-17 12:21:30,S,1064.4,1,6
2021-06-17 12:21:30,B,1063.0,1,47
2021-06-17 12:21:30,B,1062.5,2,3
2021-06-17 12:21:30,B,1062.45,2,11
2021-06-17 12:21:30,B,1062.1,2,3
2021-06-17 12:21:30,B,1062.0,2,41
2021-06-17 12:21:51,S,1063.85,2,6
2021-06-17 12:21:51,S,1064.0,1,2
2021-06-17 12:21:51,S,1064.25,1,2
2021-06-17 12:21:51,S,1064.35,1,1
2021-06-17 12:21:51,S,1064.4,1,6
2021-06-17 12:21:51,B,1063.0,1,47
2021-06-17 12:21:51,B,1062.5,2,3
2021-06-17 12:21:51,B,1062.45,2,11
2021-06-17 12:21:51,B,1062.1,2,3
2021-06-17 12:21:51,B,1062.0,2,41
2021-06-17 12:21:53,S,1063.85,2,6
2021-06-17 12:21:53,S,1064.0,1,2
2021-06-17 12:21:53,S,1064.25,1,2
2021-06-17 12:21:53,S,1064.35,1,1
2021-06-17 12:21:53,S,1064.4,1,10
2021-06-17 12:21:53,B,1063.0,1,47
2021-06-17 12:21:53,B,1062.6,2,3
2021-06-17 12:21:53,B,1062.45,2,11
2021-06-17 12:21:53,B,1062.1,2,3
2021-06-17 12:21:53,B,1062.0,2,41
2021-06-17 12:22:00,S,1064.1,1,10
2021-06-17 12:22:00,S,1064.3,2,9
2021-06-17 12:22:00,S,1064.35,2,9
2021-06-17 12:22:00,S,1064.4,1,7
2021-06-17 12:22:00,S,1064.45,2,18
2021-06-17 12:22:00,B,1062.7,1,10
2021-06-17 12:22:00,B,1062.15,2,3
2021-06-17 12:22:00,B,1062.1,2,3
2021-06-17 12:22:00,B,1062.05,1,11
2021-06-17 12:22:00,B,1062.0,2,41
2021-06-17 12:22:03,S,1064.1,1,1
2021-06-17 12:22:03,S,1064.15,1,2
2021-06-17 12:22:03,S,1064.2,1,2
2021-06-17 12:22:03,S,1064.25,1,2
2021-06-17 12:22:03,S,1064.3,2,9
2021-06-17 12:22:03,B,1062.9,1,2
2021-06-17 12:22:03,B,1062.85,2,11
2021-06-17 12:22:03,B,1062.75,1,1
2021-06-17 12:22:03,B,1062.7,1,1
2021-06-17 12:22:03,B,1062.65,1,1
2021-06-17 12:22:05,S,1064.1,1,1
2021-06-17 12:22:05,S,1064.15,1,2
2021-06-17 12:22:05,S,1064.2,1,2
2021-06-17 12:22:05,S,1064.25,1,2
2021-06-17 12:22:05,S,1064.3,2,9
2021-06-17 12:22:05,B,1062.9,1,2
2021-06-17 12:22:05,B,1062.85,2,11
2021-06-17 12:22:05,B,1062.65,2,2
2021-06-17 12:22:05,B,1062.6,2,3
2021-06-17 12:22:05,B,1062.1,2,3
2021-06-17 12:22:07,S,1064.15,2,4
2021-06-17 12:22:07,S,1064.2,1,2
2021-06-17 12:22:07,S,1064.25,2,11
2021-06-17 12:22:07,S,1064.3,2,9
2021-06-17 12:22:07,S,1064.35,2,9
2021-06-17 12:22:07,B,1062.85,1,10
2021-06-17 12:22:07,B,1062.7,2,3
2021-06-17 12:22:07,B,1062.6,2,3
2021-06-17 12:22:07,B,1062.25,1,7
2021-06-17 12:22:07,B,1062.2,2,9
2021-06-17 12:22:12,S,1064.15,2,4
2021-06-17 12:22:12,S,1064.2,1,2
2021-06-17 12:22:12,S,1064.25,2,11
2021-06-17 12:22:12,S,1064.3,2,9
2021-06-17 12:22:12,S,1064.35,2,9
2021-06-17 12:22:12,B,1062.85,1,10
2021-06-17 12:22:12,B,1062.7,2,3
2021-06-17 12:22:12,B,1062.6,2,3
2021-06-17 12:22:12,B,1062.25,1,7
2021-06-17 12:22:12,B,1062.2,2,9
2021-06-17 12:22:14,S,1064.15,2,4
2021-06-17 12:22:14,S,1064.2,1,2
2021-06-17 12:22:14,S,1064.25,2,11
2021-06-17 12:22:14,S,1064.3,2,9
2021-06-17 12:22:14,S,1064.35,2,9
2021-06-17 12:22:14,B,1062.85,1,10
2021-06-17 12:22:14,B,1062.7,2,3
2021-06-17 12:22:14,B,1062.6,2,3
2021-06-17 12:22:14,B,1062.25,1,7
2021-06-17 12:22:14,B,1062.2,2,9
2021-06-17 12:22:16,S,1064.15,2,4
2021-06-17 12:22:16,S,1064.2,1,2
2021-06-17 12:22:16,S,1064.25,2,11
2021-06-17 12:22:16,S,1064.3,2,9
2021-06-17 12:22:16,S,1064.35,2,9
2021-06-17 12:22:16,B,1062.85,1,10
2021-06-17 12:22:16,B,1062.7,2,3
2021-06-17 12:22:16,B,1062.6,2,3
2021-06-17 12:22:16,B,1062.25,1,7
2021-06-17 12:22:16,B,1062.2,2,9
2021-06-17 12:22:22,S,1064.15,2,4
2021-06-17 12:22:22,S,1064.2,1,2
2021-06-17 12:22:22,S,1064.25,2,11
2021-06-17 12:22:22,S,1064.3,2,9
2021-06-17 12:22:22,S,1064.35,2,9
2021-06-17 12:22:22,B,1062.85,1,10
2021-06-17 12:22:22,B,1062.7,2,3
2021-06-17 12:22:22,B,1062.6,2,3
2021-06-17 12:22:22,B,1062.25,1,7
2021-06-17 12:22:22,B,1062.2,2,9
2021-06-17 12:22:28,S,1064.2,1,2
2021-06-17 12:22:28,S,1064.25,2,3
2021-06-17 12:22:28,S,1064.3,2,9
2021-06-17 12:22:28,S,1064.35,2,9
2021-06-17 12:22:28,S,1064.4,3,9
2021-06-17 12:22:28,B,1062.85,1,10
2021-06-17 12:22:28,B,1062.7,2,3
2021-06-17 12:22:28,B,1062.6,2,3
2021-06-17 12:22:28,B,1062.25,1,7
2021-06-17 12:22:28,B,1062.2,2,9
2021-06-17 12:22:38,S,1063.9,1,9
2021-06-17 12:22:38,S,1063.95,1,6
2021-06-17 12:22:38,S,1064.0,1,100
2021-06-17 12:22:38,S,1064.25,1,1
2021-06-17 12:22:38,S,1064.3,2,9
2021-06-17 12:22:38,B,1062.3,2,3
2021-06-17 12:22:38,B,1062.25,1,7
2021-06-17 12:22:38,B,1062.2,1,7
2021-06-17 12:22:38,B,1062.15,1,7
2021-06-17 12:22:38,B,1062.1,2,3
2021-06-17 12:22:40,S,1063.9,1,9
2021-06-17 12:22:40,S,1063.95,1,6
2021-06-17 12:22:40,S,1064.0,1,100
2021-06-17 12:22:40,S,1064.25,1,1
2021-06-17 12:22:40,S,1064.3,2,9
2021-06-17 12:22:40,B,1062.5,2,3
2021-06-17 12:22:40,B,1062.45,1,10
2021-06-17 12:22:40,B,1062.3,1,1
2021-06-17 12:22:40,B,1062.25,1,7
2021-06-17 12:22:40,B,1062.2,1,7
2021-06-17 12:22:42,S,1063.9,1,9
2021-06-17 12:22:42,S,1063.95,1,6
2021-06-17 12:22:42,S,1064.0,1,100
2021-06-17 12:22:42,S,1064.25,1,1
2021-06-17 12:22:42,S,1064.3,2,9
2021-06-17 12:22:42,B,1062.45,1,2
2021-06-17 12:22:42,B,1062.4,1,9
2021-06-17 12:22:42,B,1062.25,1,7
2021-06-17 12:22:42,B,1062.2,1,7
2021-06-17 12:22:42,B,1062.15,1,7
2021-06-17 12:22:48,S,1063.9,2,10
2021-06-17 12:22:48,S,1063.95,1,6
2021-06-17 12:22:48,S,1064.0,1,100
2021-06-17 12:22:48,S,1064.25,1,1
2021-06-17 12:22:48,S,1064.3,2,9
2021-06-17 12:22:48,B,1062.45,2,3
2021-06-17 12:22:48,B,1062.4,1,9
2021-06-17 12:22:48,B,1062.25,1,7
2021-06-17 12:22:48,B,1062.2,1,7
2021-06-17 12:22:48,B,1062.15,1,7
2021-06-17 12:22:54,S,1063.9,2,10
2021-06-17 12:22:54,S,1063.95,1,6
2021-06-17 12:22:54,S,1064.0,2,101
2021-06-17 12:22:54,S,1064.25,1,1
2021-06-17 12:22:54,S,1064.3,2,9
2021-06-17 12:22:54,B,1062.45,2,3
2021-06-17 12:22:54,B,1062.4,1,9
2021-06-17 12:22:54,B,1062.25,1,7
2021-06-17 12:22:54,B,1062.2,1,7
2021-06-17 12:22:54,B,1062.15,1,7
2021-06-17 12:23:04,S,1063.9,2,10
2021-06-17 12:23:04,S,1063.95,1,6
2021-06-17 12:23:04,S,1064.0,2,101
2021-06-17 12:23:04,S,1064.25,1,1
2021-06-17 12:23:04,S,1064.3,2,9
2021-06-17 12:23:04,B,1062.45,2,3
2021-06-17 12:23:04,B,1062.4,1,9
2021-06-17 12:23:04,B,1062.25,1,7
2021-06-17 12:23:04,B,1062.2,1,7
2021-06-17 12:23:04,B,1062.15,1,7
2021-06-17 12:23:10,S,1063.9,2,10
2021-06-17 12:23:10,S,1063.95,1,6
2021-06-17 12:23:10,S,1064.0,2,101
2021-06-17 12:23:10,S,1064.15,1,9
2021-06-17 12:23:10,S,1064.25,1,1
2021-06-17 12:23:10,B,1062.45,2,3
2021-06-17 12:23:10,B,1062.4,1,9
2021-06-17 12:23:10,B,1062.25,1,7
2021-06-17 12:23:10,B,1062.2,1,7
2021-06-17 12:23:10,B,1062.15,1,7
2021-06-17 12:23:19,S,1063.9,2,10
2021-06-17 12:23:19,S,1063.95,1,6
2021-06-17 12:23:19,S,1064.0,2,101
2021-06-17 12:23:19,S,1064.15,1,9
2021-06-17 12:23:19,S,1064.25,1,1
2021-06-17 12:23:19,B,1062.45,2,3
2021-06-17 12:23:19,B,1062.4,1,9
2021-06-17 12:23:19,B,1062.25,1,7
2021-06-17 12:23:19,B,1062.2,1,7
2021-06-17 12:23:19,B,1062.15,1,7
2021-06-17 12:23:26,S,1063.9,2,10
2021-06-17 12:23:26,S,1063.95,1,6
2021-06-17 12:23:26,S,1064.0,2,101
2021-06-17 12:23:26,S,1064.15,1,9
2021-06-17 12:23:26,S,1064.25,1,1
2021-06-17 12:23:26,B,1062.45,2,3
2021-06-17 12:23:26,B,1062.4,1,9
2021-06-17 12:23:26,B,1062.25,1,7
2021-06-17 12:23:26,B,1062.2,1,7
2021-06-17 12:23:26,B,1062.15,1,7
2021-06-17 12:23:30,S,1063.9,2,10
2021-06-17 12:23:30,S,1063.95,1,6
2021-06-17 12:23:30,S,1064.0,2,101
2021-06-17 12:23:30,S,1064.15,1,9
2021-06-17 12:23:30,S,1064.25,1,1
2021-06-17 12:23:30,B,1062.45,2,3
2021-06-17 12:23:30,B,1062.4,1,9
2021-06-17 12:23:30,B,1062.25,1,7
2021-06-17 12:23:30,B,1062.2,1,7
2021-06-17 12:23:30,B,1062.15,1,7
2021-06-17 12:23:31,S,1063.55,1,10
2021-06-17 12:23:31,S,1063.8,1,2
2021-06-17 12:23:31,S,1063.85,1,6
2021-06-17 12:23:31,S,1063.9,2,3
2021-06-17 12:23:31,S,1063.95,1,6
2021-06-17 12:23:31,B,1062.3,1,2
2021-06-17 12:23:31,B,1062.25,1,7
2021-06-17 12:23:31,B,1062.2,1,7
2021-06-17 12:23:31,B,1062.15,1,7
2021-06-17 12:23:31,B,1062.1,2,3
2021-06-17 12:23:32,S,1063.45,1,9
2021-06-17 12:23:32,S,1063.5,1,2
2021-06-17 12:23:32,S,1063.55,1,1
2021-06-17 12:23:32,S,1063.7,2,7
2021-06-17 12:23:32,S,1063.75,3,13
2021-06-17 12:23:32,B,1062.3,1,2
2021-06-17 12:23:32,B,1062.25,1,7
2021-06-17 12:23:32,B,1062.2,1,7
2021-06-17 12:23:32,B,1062.15,1,7
2021-06-17 12:23:32,B,1062.1,1,2
2021-06-17 12:23:39,S,1063.45,2,10
2021-06-17 12:23:39,S,1063.65,1,2
2021-06-17 12:23:39,S,1063.7,2,7
2021-06-17 12:23:39,S,1063.75,3,13
2021-06-17 12:23:39,S,1063.85,1,6
2021-06-17 12:23:39,B,1062.3,1,2
2021-06-17 12:23:39,B,1062.25,1,7
2021-06-17 12:23:39,B,1062.2,1,7
2021-06-17 12:23:39,B,1062.15,1,7
2021-06-17 12:23:39,B,1062.1,1,2
2021-06-17 12:23:40,S,1063.45,2,10
2021-06-17 12:23:40,S,1063.65,1,2
2021-06-17 12:23:40,S,1063.7,2,7
2021-06-17 12:23:40,S,1063.75,3,13
2021-06-17 12:23:40,S,1063.85,1,6
2021-06-17 12:23:40,B,1062.3,1,2
2021-06-17 12:23:40,B,1062.25,1,7
2021-06-17 12:23:40,B,1062.2,1,7
2021-06-17 12:23:40,B,1062.15,1,7
2021-06-17 12:23:40,B,1062.1,1,2
2021-06-17 12:23:42,S,1063.45,2,10
2021-06-17 12:23:42,S,1063.65,1,2
2021-06-17 12:23:42,S,1063.7,2,7
2021-06-17 12:23:42,S,1063.75,3,13
2021-06-17 12:23:42,S,1063.85,1,6
2021-06-17 12:23:42,B,1062.3,1,1
2021-06-17 12:23:42,B,1062.25,1,7
2021-06-17 12:23:42,B,1062.2,1,7
2021-06-17 12:23:42,B,1062.15,1,7
2021-06-17 12:23:42,B,1062.0,1,40
2021-06-17 12:23:43,S,1063.45,2,10
2021-06-17 12:23:43,S,1063.65,1,2
2021-06-17 12:23:43,S,1063.7,2,7
2021-06-17 12:23:43,S,1063.75,3,13
2021-06-17 12:23:43,S,1063.85,1,6
2021-06-17 12:23:43,B,1062.3,1,1
2021-06-17 12:23:43,B,1062.25,1,7
2021-06-17 12:23:43,B,1062.2,2,9
2021-06-17 12:23:43,B,1062.15,1,7
2021-06-17 12:23:43,B,1062.0,1,40
2021-06-17 12:23:55,S,1063.25,1,10
2021-06-17 12:23:55,S,1063.3,2,10
2021-06-17 12:23:55,S,1063.4,3,9
2021-06-17 12:23:55,S,1063.45,3,13
2021-06-17 12:23:55,S,1063.75,3,13
2021-06-17 12:23:55,B,1062.3,1,10
2021-06-17 12:23:55,B,1062.05,2,3
2021-06-17 12:23:55,B,1062.0,1,40
2021-06-17 12:23:55,B,1061.7,1,3
2021-06-17 12:23:55,B,1061.45,1,12
2021-06-17 12:23:57,S,1063.25,2,11
2021-06-17 12:23:57,S,1063.3,1,9
2021-06-17 12:23:57,S,1063.4,3,9
2021-06-17 12:23:57,S,1063.45,3,13
2021-06-17 12:23:57,S,1063.75,3,13
2021-06-17 12:23:57,B,1062.3,1,10
2021-06-17 12:23:57,B,1062.05,2,3
2021-06-17 12:23:57,B,1062.0,1,40
2021-06-17 12:23:57,B,1061.7,2,13
2021-06-17 12:23:57,B,1061.45,1,12
2021-06-17 12:24:01,S,1063.25,2,11
2021-06-17 12:24:01,S,1063.3,1,9
2021-06-17 12:24:01,S,1063.4,3,9
2021-06-17 12:24:01,S,1063.45,3,13
2021-06-17 12:24:01,S,1063.75,3,13
2021-06-17 12:24:01,B,1062.3,1,10
2021-06-17 12:24:01,B,1062.05,2,3
2021-06-17 12:24:01,B,1062.0,1,40
2021-06-17 12:24:01,B,1061.7,2,13
2021-06-17 12:24:01,B,1061.45,1,12
2021-06-17 12:24:04,S,1063.25,2,11
2021-06-17 12:24:04,S,1063.3,1,9
2021-06-17 12:24:04,S,1063.4,3,9
2021-06-17 12:24:04,S,1063.45,3,13
2021-06-17 12:24:04,S,1063.75,3,13
2021-06-17 12:24:04,B,1062.3,1,10
2021-06-17 12:24:04,B,1062.05,2,3
2021-06-17 12:24:04,B,1062.0,1,40
2021-06-17 12:24:04,B,1061.7,1,3
2021-06-17 12:24:04,B,1061.45,1,12
2021-06-17 12:24:06,S,1063.25,2,11
2021-06-17 12:24:06,S,1063.3,1,9
2021-06-17 12:24:06,S,1063.4,3,9
2021-06-17 12:24:06,S,1063.45,3,13
2021-06-17 12:24:06,S,1063.75,3,13
2021-06-17 12:24:06,B,1062.3,1,10
2021-06-17 12:24:06,B,1062.05,2,3
2021-06-17 12:24:06,B,1062.0,1,40
2021-06-17 12:24:06,B,1061.7,1,3
2021-06-17 12:24:06,B,1061.45,1,12
2021-06-17 12:24:09,S,1063.25,2,11
2021-06-17 12:24:09,S,1063.3,1,9
2021-06-17 12:24:09,S,1063.4,3,9
2021-06-17 12:24:09,S,1063.45,3,13
2021-06-17 12:24:09,S,1063.75,3,13
2021-06-17 12:24:09,B,1062.3,1,10
2021-06-17 12:24:09,B,1062.05,2,3
2021-06-17 12:24:09,B,1062.0,1,40
2021-06-17 12:24:09,B,1061.7,1,3
2021-06-17 12:24:09,B,1061.45,1,12
2021-06-17 12:24:11,S,1063.25,2,11
2021-06-17 12:24:11,S,1063.3,1,9
2021-06-17 12:24:11,S,1063.4,3,9
2021-06-17 12:24:11,S,1063.45,3,13
2021-06-17 12:24:11,S,1063.75,3,13
2021-06-17 12:24:11,B,1062.3,1,10
2021-06-17 12:24:11,B,1062.05,2,3
2021-06-17 12:24:11,B,1062.0,1,40
2021-06-17 12:24:11,B,1061.7,1,3
2021-06-17 12:24:11,B,1061.45,1,12
2021-06-17 12:24:15,S,1063.25,2,11
2021-06-17 12:24:15,S,1063.3,1,9
2021-06-17 12:24:15,S,1063.4,3,9
2021-06-17 12:24:15,S,1063.45,3,13
2021-06-17 12:24:15,S,1063.75,3,13
2021-06-17 12:24:15,B,1062.3,1,10
2021-06-17 12:24:15,B,1062.05,2,3
2021-06-17 12:24:15,B,1062.0,1,40
2021-06-17 12:24:15,B,1061.7,1,3
2021-06-17 12:24:15,B,1061.45,1,12
2021-06-17 12:24:19,S,1063.25,2,11
2021-06-17 12:24:19,S,1063.3,1,9
2021-06-17 12:24:19,S,1063.4,3,9
2021-06-17 12:24:19,S,1063.45,3,13
2021-06-17 12:24:19,S,1063.75,3,13
2021-06-17 12:24:19,B,1062.3,1,10
2021-06-17 12:24:19,B,1062.05,2,3
2021-06-17 12:24:19,B,1062.0,1,40
2021-06-17 12:24:19,B,1061.7,1,3
2021-06-17 12:24:19,B,1061.45,1,12
2021-06-17 12:24:20,S,1063.25,2,11
2021-06-17 12:24:20,S,1063.3,1,9
2021-06-17 12:24:20,S,1063.4,3,9
2021-06-17 12:24:20,S,1063.45,3,13
2021-06-17 12:24:20,S,1063.75,2,12
2021-06-17 12:24:20,B,1062.3,1,9
2021-06-17 12:24:20,B,1062.05,2,3
2021-06-17 12:24:20,B,1062.0,1,40
2021-06-17 12:24:20,B,1061.7,1,3
2021-06-17 12:24:20,B,1061.45,1,12
2021-06-17 12:24:39,S,1063.25,2,11
2021-06-17 12:24:39,S,1063.3,1,9
2021-06-17 12:24:39,S,1063.4,3,9
2021-06-17 12:24:39,S,1063.45,3,13
2021-06-17 12:24:39,S,1063.75,2,12
2021-06-17 12:24:39,B,1062.3,1,9
2021-06-17 12:24:39,B,1062.05,2,3
2021-06-17 12:24:39,B,1062.0,1,40
2021-06-17 12:24:39,B,1061.7,1,3
2021-06-17 12:24:39,B,1061.45,1,12
2021-06-17 12:24:40,S,1063.25,2,9
2021-06-17 12:24:40,S,1063.3,1,9
2021-06-17 12:24:40,S,1063.4,2,8
2021-06-17 12:24:40,S,1063.45,3,13
2021-06-17 12:24:40,S,1063.75,2,12
2021-06-17 12:24:40,B,1062.3,1,9
2021-06-17 12:24:40,B,1062.05,2,3
2021-06-17 12:24:40,B,1062.0,1,40
2021-06-17 12:24:40,B,1061.7,1,3
2021-06-17 12:24:40,B,1061.45,1,12
2021-06-17 12:25:04,S,1063.25,2,9
2021-06-17 12:25:04,S,1063.3,1,9
2021-06-17 12:25:04,S,1063.4,3,9
2021-06-17 12:25:04,S,1063.45,3,13
2021-06-17 12:25:04,S,1063.75,2,12
2021-06-17 12:25:04,B,1062.3,1,9
2021-06-17 12:25:04,B,1062.05,1,1
2021-06-17 12:25:04,B,1062.0,1,40
2021-06-17 12:25:04,B,1061.75,1,2
2021-06-17 12:25:04,B,1061.7,1,3
2021-06-17 12:25:15,S,1063.25,1,1
2021-06-17 12:25:15,S,1063.45,2,3
2021-06-17 12:25:15,S,1063.5,2,3
2021-06-17 12:25:15,S,1063.55,2,3
2021-06-17 12:25:15,S,1063.6,1,2
2021-06-17 12:25:15,B,1062.3,1,9
2021-06-17 12:25:15,B,1062.25,1,1
2021-06-17 12:25:15,B,1062.2,1,10
2021-06-17 12:25:15,B,1062.05,1,2
2021-06-17 12:25:15,B,1062.0,1,40
2021-06-17 12:25:39,S,1063.25,1,1
2021-06-17 12:25:39,S,1063.45,1,2
2021-06-17 12:25:39,S,1063.5,2,3
2021-06-17 12:25:39,S,1063.55,2,3
2021-06-17 12:25:39,S,1063.6,1,2
2021-06-17 12:25:39,B,1062.3,1,9
2021-06-17 12:25:39,B,1062.1,1,1
2021-06-17 12:25:39,B,1062.05,1,2
2021-06-17 12:25:39,B,1062.0,2,49
2021-06-17 12:25:39,B,1061.75,1,11
2021-06-17 12:26:14,S,1063.25,1,1
2021-06-17 12:26:14,S,1063.45,1,2
2021-06-17 12:26:14,S,1063.5,2,3
2021-06-17 12:26:14,S,1063.55,2,3
2021-06-17 12:26:14,S,1063.6,1,2
2021-06-17 12:26:14,B,1062.3,1,8
2021-06-17 12:26:14,B,1062.1,1,1
2021-06-17 12:26:14,B,1062.05,1,2
2021-06-17 12:26:14,B,1062.0,2,49
2021-06-17 12:26:14,B,1061.75,1,11
2021-06-17 12:26:23,S,1063.25,1,1
2021-06-17 12:26:23,S,1063.45,1,2
2021-06-17 12:26:23,S,1063.5,2,3
2021-06-17 12:26:23,S,1063.55,2,3
2021-06-17 12:26:23,S,1063.6,1,2
2021-06-17 12:26:23,B,1062.3,1,8
2021-06-17 12:26:23,B,1062.1,1,1
2021-06-17 12:26:23,B,1062.05,1,2
2021-06-17 12:26:23,B,1062.0,2,49
2021-06-17 12:26:23,B,1061.75,1,11
2021-06-17 12:26:24,S,1064.0,1,100
2021-06-17 12:26:24,S,1064.15,1,9
2021-06-17 12:26:24,S,1064.2,1,2
2021-06-17 12:26:24,S,1064.25,1,1
2021-06-17 12:26:24,S,1064.4,2,2
2021-06-17 12:26:24,B,1063.35,1,85
2021-06-17 12:26:24,B,1062.9,1,1
2021-06-17 12:26:24,B,1062.85,1,9
2021-06-17 12:26:24,B,1062.65,1,2
2021-06-17 12:26:24,B,1062.4,1,2
2021-06-17 12:26:26,S,1064.0,1,100
2021-06-17 12:26:26,S,1064.25,1,1
2021-06-17 12:26:26,S,1064.35,1,2
2021-06-17 12:26:26,S,1064.4,2,2
2021-06-17 12:26:26,S,1064.65,2,16
2021-06-17 12:26:26,B,1063.35,1,85
2021-06-17 12:26:26,B,1062.9,1,1
2021-06-17 12:26:26,B,1062.85,1,9
2021-06-17 12:26:26,B,1062.65,1,2
2021-06-17 12:26:26,B,1062.4,1,2
2021-06-17 12:26:28,S,1064.0,1,100
2021-06-17 12:26:28,S,1064.25,1,1
2021-06-17 12:26:28,S,1064.35,1,2
2021-06-17 12:26:28,S,1064.4,2,2
2021-06-17 12:26:28,S,1064.65,1,6
2021-06-17 12:26:28,B,1063.35,1,85
2021-06-17 12:26:28,B,1062.9,1,1
2021-06-17 12:26:28,B,1062.85,1,9
2021-06-17 12:26:28,B,1062.65,1,2
2021-06-17 12:26:28,B,1062.35,1,2
2021-06-17 12:26:33,S,1064.0,2,101
2021-06-17 12:26:33,S,1064.25,1,1
2021-06-17 12:26:33,S,1064.35,2,4
2021-06-17 12:26:33,S,1064.4,2,2
2021-06-17 12:26:33,S,1064.65,1,6
2021-06-17 12:26:33,B,1063.35,1,85
2021-06-17 12:26:33,B,1062.9,1,1
2021-06-17 12:26:33,B,1062.85,1,9
2021-06-17 12:26:33,B,1062.65,1,2
2021-06-17 12:26:33,B,1062.35,1,2
2021-06-17 12:26:34,S,1063.95,2,8
2021-06-17 12:26:34,S,1064.0,2,101
2021-06-17 12:26:34,S,1064.05,1,10
2021-06-17 12:26:34,S,1064.2,1,9
2021-06-17 12:26:34,S,1064.25,1,1
2021-06-17 12:26:34,B,1063.35,1,10
2021-06-17 12:26:34,B,1062.5,1,1
2021-06-17 12:26:34,B,1062.45,1,7
2021-06-17 12:26:34,B,1062.4,1,7
2021-06-17 12:26:34,B,1062.35,1,7
2021-06-17 12:26:34,S,1063.95,2,8
2021-06-17 12:26:34,S,1064.0,2,101
2021-06-17 12:26:34,S,1064.05,1,10
2021-06-17 12:26:34,S,1064.2,1,9
2021-06-17 12:26:34,S,1064.25,1,1
2021-06-17 12:26:34,B,1063.35,1,10
2021-06-17 12:26:34,B,1062.5,1,1
2021-06-17 12:26:34,B,1062.45,1,7
2021-06-17 12:26:34,B,1062.4,1,7
2021-06-17 12:26:34,B,1062.35,1,7
2021-06-17 12:26:37,S,1063.95,2,7
2021-06-17 12:26:37,S,1064.0,2,102
2021-06-17 12:26:37,S,1064.05,1,10
2021-06-17 12:26:37,S,1064.2,1,9
2021-06-17 12:26:37,S,1064.25,1,1
2021-06-17 12:26:37,B,1063.35,1,10
2021-06-17 12:26:37,B,1062.65,2,3
2021-06-17 12:26:37,B,1062.6,1,10
2021-06-17 12:26:37,B,1062.45,1,7
2021-06-17 12:26:37,B,1062.4,1,7
2021-06-17 12:26:42,S,1063.95,2,7
2021-06-17 12:26:42,S,1064.0,2,102
2021-06-17 12:26:42,S,1064.05,1,10
2021-06-17 12:26:42,S,1064.2,1,9
2021-06-17 12:26:42,S,1064.25,1,1
2021-06-17 12:26:42,B,1063.35,1,10
2021-06-17 12:26:42,B,1062.65,2,3
2021-06-17 12:26:42,B,1062.6,1,10
2021-06-17 12:26:42,B,1062.45,1,7
2021-06-17 12:26:42,B,1062.4,1,7
2021-06-17 12:27:22,S,1063.95,2,7
2021-06-17 12:27:22,S,1064.0,2,102
2021-06-17 12:27:22,S,1064.05,1,10
2021-06-17 12:27:22,S,1064.2,1,9
2021-06-17 12:27:22,S,1064.25,1,1
2021-06-17 12:27:22,B,1063.35,1,10
2021-06-17 12:27:22,B,1062.65,2,3
2021-06-17 12:27:22,B,1062.6,1,10
2021-06-17 12:27:22,B,1062.45,1,7
2021-06-17 12:27:22,B,1062.4,1,7
2021-06-17 12:27:27,S,1063.9,2,3
2021-06-17 12:27:27,S,1063.95,1,6
2021-06-17 12:27:27,S,1064.0,1,100
2021-06-17 12:27:27,S,1064.05,1,10
2021-06-17 12:27:27,S,1064.2,1,9
2021-06-17 12:27:27,B,1063.35,1,10
2021-06-17 12:27:27,B,1062.65,2,3
2021-06-17 12:27:27,B,1062.6,1,10
2021-06-17 12:27:27,B,1062.45,1,7
2021-06-17 12:27:27,B,1062.4,1,7
2021-06-17 12:27:35,S,1063.9,2,3
2021-06-17 12:27:35,S,1063.95,1,6
2021-06-17 12:27:35,S,1064.0,1,100
2021-06-17 12:27:35,S,1064.05,1,10
2021-06-17 12:27:35,S,1064.2,1,9
2021-06-17 12:27:35,B,1063.35,1,10
2021-06-17 12:27:35,B,1062.65,2,3
2021-06-17 12:27:35,B,1062.6,1,10
2021-06-17 12:27:35,B,1062.45,1,7
2021-06-17 12:27:35,B,1062.4,1,7
2021-06-17 12:27:36,S,1063.9,1,1
2021-06-17 12:27:36,S,1063.95,1,6
2021-06-17 12:27:36,S,1064.0,1,100
2021-06-17 12:27:36,S,1064.25,1,1
2021-06-17 12:27:36,S,1064.3,1,9
2021-06-17 12:27:36,B,1063.35,1,10
2021-06-17 12:27:36,B,1062.7,1,2
2021-06-17 12:27:36,B,1062.65,1,2
2021-06-17 12:27:36,B,1062.6,1,10
2021-06-17 12:27:36,B,1062.45,1,7
2021-06-17 12:27:40,S,1063.9,1,1
2021-06-17 12:27:40,S,1063.95,1,6
2021-06-17 12:27:40,S,1064.0,1,100
2021-06-17 12:27:40,S,1064.25,1,1
2021-06-17 12:27:40,S,1064.35,1,2
2021-06-17 12:27:40,B,1063.35,1,10
2021-06-17 12:27:40,B,1062.7,1,2
2021-06-17 12:27:40,B,1062.65,1,2
2021-06-17 12:27:40,B,1062.6,1,10
2021-06-17 12:27:40,B,1062.45,1,7
2021-06-17 12:27:47,S,1063.9,1,1
2021-06-17 12:27:47,S,1063.95,1,6
2021-06-17 12:27:47,S,1064.0,1,100
2021-06-17 12:27:47,S,1064.25,1,1
2021-06-17 12:27:47,S,1064.35,1,2
2021-06-17 12:27:47,B,1063.35,1,10
2021-06-17 12:27:47,B,1063.1,1,10
2021-06-17 12:27:47,B,1062.7,1,2
2021-06-17 12:27:47,B,1062.65,1,2
2021-06-17 12:27:47,B,1062.6,1,10
2021-06-17 12:28:13,S,1063.9,1,1
2021-06-17 12:28:13,S,1063.95,1,6
2021-06-17 12:28:13,S,1064.0,1,100
2021-06-17 12:28:13,S,1064.25,1,1
2021-06-17 12:28:13,S,1064.35,1,2
2021-06-17 12:28:13,B,1063.35,1,10
2021-06-17 12:28:13,B,1063.2,1,10
2021-06-17 12:28:13,B,1063.1,1,10
2021-06-17 12:28:13,B,1062.7,1,2
2021-06-17 12:28:13,B,1062.65,2,12
2021-06-17 12:28:15,S,1063.9,1,1
2021-06-17 12:28:15,S,1063.95,1,6
2021-06-17 12:28:15,S,1064.0,1,100
2021-06-17 12:28:15,S,1064.25,1,1
2021-06-17 12:28:15,S,1064.35,1,2
2021-06-17 12:28:15,B,1063.35,1,10
2021-06-17 12:28:15,B,1063.1,1,10
2021-06-17 12:28:15,B,1063.05,1,9
2021-06-17 12:28:15,B,1062.7,1,2
2021-06-17 12:28:15,B,1062.65,2,12
2021-06-17 12:28:18,S,1063.9,1,1
2021-06-17 12:28:18,S,1063.95,1,6
2021-06-17 12:28:18,S,1064.0,1,100
2021-06-17 12:28:18,S,1064.25,1,1
2021-06-17 12:28:18,S,1064.35,1,2
2021-06-17 12:28:18,B,1063.35,1,10
2021-06-17 12:28:18,B,1063.1,1,10
2021-06-17 12:28:18,B,1063.05,1,9
2021-06-17 12:28:18,B,1062.7,1,2
2021-06-17 12:28:18,B,1062.65,2,12
2021-06-17 12:28:20,S,1063.9,1,1
2021-06-17 12:28:20,S,1063.95,1,6
2021-06-17 12:28:20,S,1064.0,1,100
2021-06-17 12:28:20,S,1064.25,1,1
2021-06-17 12:28:20,S,1064.35,1,2
2021-06-17 12:28:20,B,1063.35,1,10
2021-06-17 12:28:20,B,1063.1,1,10
2021-06-17 12:28:20,B,1063.05,1,9
2021-06-17 12:28:20,B,1062.7,1,2
2021-06-17 12:28:20,B,1062.65,2,12
2021-06-17 12:28:37,S,1063.9,1,1
2021-06-17 12:28:37,S,1063.95,1,6
2021-06-17 12:28:37,S,1064.0,1,100
2021-06-17 12:28:37,S,1064.25,1,1
2021-06-17 12:28:37,S,1064.35,1,2
2021-06-17 12:28:37,B,1063.35,1,10
2021-06-17 12:28:37,B,1063.1,1,10
2021-06-17 12:28:37,B,1063.05,1,9
2021-06-17 12:28:37,B,1062.7,1,2
2021-06-17 12:28:37,B,1062.65,2,12
2021-06-17 12:28:38,S,1064.0,1,67
2021-06-17 12:28:38,S,1064.25,1,1
2021-06-17 12:28:38,S,1064.4,1,1
2021-06-17 12:28:38,S,1064.65,1,12
2021-06-17 12:28:38,S,1064.7,1,34
2021-06-17 12:28:38,B,1063.4,1,9
2021-06-17 12:28:38,B,1063.35,1,10
2021-06-17 12:28:38,B,1063.25,1,10
2021-06-17 12:28:38,B,1063.15,1,2
2021-06-17 12:28:38,B,1063.1,1,10
2021-06-17 12:28:51,S,1064.0,2,72
2021-06-17 12:28:51,S,1064.25,1,1
2021-06-17 12:28:51,S,1064.4,1,1
2021-06-17 12:28:51,S,1064.75,1,5
2021-06-17 12:28:51,S,1064.8,1,3
2021-06-17 12:28:51,B,1063.4,1,9
2021-06-17 12:28:51,B,1063.35,1,10
2021-06-17 12:28:51,B,1063.15,1,2
2021-06-17 12:28:51,B,1063.1,1,10
2021-06-17 12:28:51,B,1062.95,1,10
2021-06-17 12:28:52,S,1064.0,2,72
2021-06-17 12:28:52,S,1064.25,1,1
2021-06-17 12:28:52,S,1064.4,1,1
2021-06-17 12:28:52,S,1064.75,1,5
2021-06-17 12:28:52,S,1064.8,1,3
2021-06-17 12:28:52,B,1063.55,1,9
2021-06-17 12:28:52,B,1063.5,1,40
2021-06-17 12:28:52,B,1063.35,1,10
2021-06-17 12:28:52,B,1063.3,1,2
2021-06-17 12:28:52,B,1063.25,1,10
2021-06-17 12:28:54,S,1064.0,2,72
2021-06-17 12:28:54,S,1064.25,1,1
2021-06-17 12:28:54,S,1064.4,1,1
2021-06-17 12:28:54,S,1064.75,1,5
2021-06-17 12:28:54,S,1064.8,1,3
2021-06-17 12:28:54,B,1063.55,1,9
2021-06-17 12:28:54,B,1063.5,1,40
2021-06-17 12:28:54,B,1063.35,1,10
2021-06-17 12:28:54,B,1063.3,1,2
2021-06-17 12:28:54,B,1063.25,1,10
2021-06-17 12:29:03,S,1064.0,2,72
2021-06-17 12:29:03,S,1064.25,1,1
2021-06-17 12:29:03,S,1064.4,1,1
2021-06-17 12:29:03,S,1064.75,1,5
2021-06-17 12:29:03,S,1064.8,1,3
2021-06-17 12:29:03,B,1063.55,1,9
2021-06-17 12:29:03,B,1063.5,1,40
2021-06-17 12:29:03,B,1063.35,1,10
2021-06-17 12:29:03,B,1063.3,1,2
2021-06-17 12:29:03,B,1063.25,1,10
2021-06-17 12:29:04,S,1063.75,2,10
2021-06-17 12:29:04,S,1063.8,2,401
2021-06-17 12:29:04,S,1064.0,3,73
2021-06-17 12:29:04,S,1064.25,2,2
2021-06-17 12:29:04,S,1064.35,1,11
2021-06-17 12:29:04,B,1063.1,1,10
2021-06-17 12:29:04,B,1062.4,1,2
2021-06-17 12:29:04,B,1062.35,1,12
2021-06-17 12:29:04,B,1062.3,1,8
2021-06-17 12:29:04,B,1062.15,1,2
2021-06-17 12:29:07,S,1063.75,2,10
2021-06-17 12:29:07,S,1063.8,2,401
2021-06-17 12:29:07,S,1063.95,2,3
2021-06-17 12:29:07,S,1064.0,3,73
2021-06-17 12:29:07,S,1064.2,1,2
2021-06-17 12:29:07,B,1063.1,1,10
2021-06-17 12:29:07,B,1062.4,1,2
2021-06-17 12:29:07,B,1062.35,1,12
2021-06-17 12:29:07,B,1062.3,1,8
2021-06-17 12:29:07,B,1062.15,2,12
2021-06-17 12:29:09,S,1063.75,2,10
2021-06-17 12:29:09,S,1063.8,2,401
2021-06-17 12:29:09,S,1063.95,2,3
2021-06-17 12:29:09,S,1064.0,3,73
2021-06-17 12:29:09,S,1064.2,1,2
2021-06-17 12:29:09,B,1063.1,1,10
2021-06-17 12:29:09,B,1062.4,1,2
2021-06-17 12:29:09,B,1062.35,1,12
2021-06-17 12:29:09,B,1062.3,1,8
2021-06-17 12:29:09,B,1062.15,2,12
2021-06-17 12:29:10,S,1063.75,2,10
2021-06-17 12:29:10,S,1063.8,2,401
2021-06-17 12:29:10,S,1063.95,2,3
2021-06-17 12:29:10,S,1064.0,3,73
2021-06-17 12:29:10,S,1064.2,1,2
2021-06-17 12:29:10,B,1063.1,1,10
2021-06-17 12:29:10,B,1062.4,1,2
2021-06-17 12:29:10,B,1062.35,1,12
2021-06-17 12:29:10,B,1062.3,1,8
2021-06-17 12:29:10,B,1062.15,2,12
2021-06-17 12:29:13,S,1063.75,2,10
2021-06-17 12:29:13,S,1063.8,2,401
2021-06-17 12:29:13,S,1063.95,2,3
2021-06-17 12:29:13,S,1064.0,3,73
2021-06-17 12:29:13,S,1064.15,1,9
2021-06-17 12:29:13,B,1063.1,1,10
2021-06-17 12:29:13,B,1062.4,1,2
2021-06-17 12:29:13,B,1062.35,1,12
2021-06-17 12:29:13,B,1062.3,1,8
2021-06-17 12:29:13,B,1062.15,2,12
2021-06-17 12:29:16,S,1063.75,2,10
2021-06-17 12:29:16,S,1063.8,2,401
2021-06-17 12:29:16,S,1063.95,2,3
2021-06-17 12:29:16,S,1064.0,3,73
2021-06-17 12:29:16,S,1064.15,1,9
2021-06-17 12:29:16,B,1063.1,1,10
2021-06-17 12:29:16,B,1062.4,1,2
2021-06-17 12:29:16,B,1062.35,1,12
2021-06-17 12:29:16,B,1062.3,1,8
2021-06-17 12:29:16,B,1062.15,2,12
2021-06-17 12:29:22,S,1063.75,3,11
2021-06-17 12:29:22,S,1063.8,2,401
2021-06-17 12:29:22,S,1063.95,3,15
2021-06-17 12:29:22,S,1064.0,3,73
2021-06-17 12:29:22,S,1064.05,1,12
2021-06-17 12:29:22,B,1063.1,1,10
2021-06-17 12:29:22,B,1062.4,1,2
2021-06-17 12:29:22,B,1062.35,1,12
2021-06-17 12:29:22,B,1062.3,1,8
2021-06-17 12:29:22,B,1062.15,1,2
2021-06-17 12:29:27,S,1063.75,3,11
2021-06-17 12:29:27,S,1063.8,2,401
2021-06-17 12:29:27,S,1063.95,3,15
2021-06-17 12:29:27,S,1064.0,3,73
2021-06-17 12:29:27,S,1064.05,1,12
2021-06-17 12:29:27,B,1063.1,1,10
2021-06-17 12:29:27,B,1062.4,1,2
2021-06-17 12:29:27,B,1062.35,1,12
2021-06-17 12:29:27,B,1062.3,1,8
2021-06-17 12:29:27,B,1062.15,1,2
2021-06-17 12:29:29,S,1063.75,3,11
2021-06-17 12:29:29,S,1063.8,2,401
2021-06-17 12:29:29,S,1063.95,3,15
2021-06-17 12:29:29,S,1064.0,3,73
2021-06-17 12:29:29,S,1064.05,1,12
2021-06-17 12:29:29,B,1063.1,1,10
2021-06-17 12:29:29,B,1062.4,1,2
2021-06-17 12:29:29,B,1062.35,1,12
2021-06-17 12:29:29,B,1062.3,1,8
2021-06-17 12:29:29,B,1062.15,1,2
2021-06-17 12:29:31,S,1063.75,3,11
2021-06-17 12:29:31,S,1063.8,2,401
2021-06-17 12:29:31,S,1063.95,3,15
2021-06-17 12:29:31,S,1064.0,3,73
2021-06-17 12:29:31,S,1064.05,1,12
2021-06-17 12:29:31,B,1063.1,1,10
2021-06-17 12:29:31,B,1062.4,1,2
2021-06-17 12:29:31,B,1062.35,1,12
2021-06-17 12:29:31,B,1062.3,1,8
2021-06-17 12:29:31,B,1062.15,1,2
2021-06-17 12:29:41,S,1063.75,3,11
2021-06-17 12:29:41,S,1063.8,2,401
2021-06-17 12:29:41,S,1063.95,3,15
2021-06-17 12:29:41,S,1064.0,3,73
2021-06-17 12:29:41,S,1064.05,1,12
2021-06-17 12:29:41,B,1063.1,1,10
2021-06-17 12:29:41,B,1062.4,1,2
2021-06-17 12:29:41,B,1062.35,1,12
2021-06-17 12:29:41,B,1062.3,1,8
2021-06-17 12:29:41,B,1062.15,1,2
2021-06-17 12:29:55,S,1063.75,2,10
2021-06-17 12:29:55,S,1063.8,1,400
2021-06-17 12:29:55,S,1063.95,2,3
2021-06-17 12:29:55,S,1064.0,3,73
2021-06-17 12:29:55,S,1064.05,1,12
2021-06-17 12:29:55,B,1063.1,1,10
2021-06-17 12:29:55,B,1062.4,1,2
2021-06-17 12:29:55,B,1062.35,2,13
2021-06-17 12:29:55,B,1062.3,1,8
2021-06-17 12:29:55,B,1062.15,1,2
2021-06-17 12:30:16,S,1063.7,1,10
2021-06-17 12:30:16,S,1063.75,2,2
2021-06-17 12:30:16,S,1063.8,2,401
2021-06-17 12:30:16,S,1063.95,2,3
2021-06-17 12:30:16,S,1064.0,3,73
2021-06-17 12:30:16,B,1063.1,1,10
2021-06-17 12:30:16,B,1062.4,1,2
2021-06-17 12:30:16,B,1062.35,1,12
2021-06-17 12:30:16,B,1062.3,1,8
2021-06-17 12:30:16,B,1062.15,1,2
2021-06-17 12:30:19,S,1063.7,3,12
2021-06-17 12:30:19,S,1063.75,1,1
2021-06-17 12:30:19,S,1063.8,2,401
2021-06-17 12:30:19,S,1063.95,2,3
2021-06-17 12:30:19,S,1064.0,3,73
2021-06-17 12:30:19,B,1063.1,1,10
2021-06-17 12:30:19,B,1062.4,1,2
2021-06-17 12:30:19,B,1062.35,1,12
2021-06-17 12:30:19,B,1062.3,1,8
2021-06-17 12:30:19,B,1062.15,1,2
2021-06-17 12:30:27,S,1063.7,3,12
2021-06-17 12:30:27,S,1063.8,2,401
2021-06-17 12:30:27,S,1063.95,2,3
2021-06-17 12:30:27,S,1064.0,3,73
2021-06-17 12:30:27,S,1064.05,2,22
2021-06-17 12:30:27,B,1063.1,1,10
2021-06-17 12:30:27,B,1062.4,1,2
2021-06-17 12:30:27,B,1062.35,2,21
2021-06-17 12:30:27,B,1062.3,1,8
2021-06-17 12:30:27,B,1062.15,1,2
2021-06-17 12:30:57,S,1063.7,1,1
2021-06-17 12:30:57,S,1063.95,1,2
2021-06-17 12:30:57,S,1064.0,2,72
2021-06-17 12:30:57,S,1064.2,1,2
2021-06-17 12:30:57,S,1064.25,1,1
2021-06-17 12:30:57,B,1063.15,1,10
2021-06-17 12:30:57,B,1063.1,1,10
2021-06-17 12:30:57,B,1062.7,2,3
2021-06-17 12:30:57,B,1062.65,1,2
2021-06-17 12:30:57,B,1062.4,3,9
2021-06-17 12:31:01,S,1063.7,1,1
2021-06-17 12:31:01,S,1063.95,1,2
2021-06-17 12:31:01,S,1064.0,2,72
2021-06-17 12:31:01,S,1064.2,1,2
2021-06-17 12:31:01,S,1064.25,1,1
2021-06-17 12:31:01,B,1063.15,1,10
2021-06-17 12:31:01,B,1063.1,1,10
2021-06-17 12:31:01,B,1062.7,2,3
2021-06-17 12:31:01,B,1062.65,1,2
2021-06-17 12:31:01,B,1062.4,3,9
2021-06-17 12:31:07,S,1063.7,1,1
2021-06-17 12:31:07,S,1063.95,1,2
2021-06-17 12:31:07,S,1064.0,2,72
2021-06-17 12:31:07,S,1064.2,1,2
2021-06-17 12:31:07,S,1064.25,1,1
2021-06-17 12:31:07,B,1063.15,1,10
2021-06-17 12:31:07,B,1063.1,1,10
2021-06-17 12:31:07,B,1062.7,2,3
2021-06-17 12:31:07,B,1062.65,1,2
2021-06-17 12:31:07,B,1062.4,3,9
2021-06-17 12:31:10,S,1063.7,1,1
2021-06-17 12:31:10,S,1063.95,1,2
2021-06-17 12:31:10,S,1064.0,2,72
2021-06-17 12:31:10,S,1064.2,1,2
2021-06-17 12:31:10,S,1064.25,1,1
2021-06-17 12:31:10,B,1063.15,1,10
2021-06-17 12:31:10,B,1063.1,1,10
2021-06-17 12:31:10,B,1062.7,2,3
2021-06-17 12:31:10,B,1062.65,1,2
2021-06-17 12:31:10,B,1062.4,3,9
2021-06-17 12:31:24,S,1063.7,1,1
2021-06-17 12:31:24,S,1063.95,1,2
2021-06-17 12:31:24,S,1064.0,2,72
2021-06-17 12:31:24,S,1064.2,1,2
2021-06-17 12:31:24,S,1064.25,1,1
2021-06-17 12:31:24,B,1063.1,1,10
2021-06-17 12:31:24,B,1062.9,1,2
2021-06-17 12:31:24,B,1062.85,1,9
2021-06-17 12:31:24,B,1062.65,1,2
2021-06-17 12:31:24,B,1062.4,3,9
2021-06-17 12:31:27,S,1063.7,1,1
2021-06-17 12:31:27,S,1063.95,1,2
2021-06-17 12:31:27,S,1064.0,2,72
2021-06-17 12:31:27,S,1064.2,1,2
2021-06-17 12:31:27,S,1064.25,1,1
2021-06-17 12:31:27,B,1063.1,1,10
2021-06-17 12:31:27,B,1062.9,1,2
2021-06-17 12:31:27,B,1062.85,1,9
2021-06-17 12:31:27,B,1062.65,1,2
2021-06-17 12:31:27,B,1062.4,3,9
2021-06-17 12:31:31,S,1063.7,1,1
2021-06-17 12:31:31,S,1063.95,1,2
2021-06-17 12:31:31,S,1064.0,2,72
2021-06-17 12:31:31,S,1064.2,1,2
2021-06-17 12:31:31,S,1064.25,1,1
2021-06-17 12:31:31,B,1063.1,1,10
2021-06-17 12:31:31,B,1062.9,1,2
2021-06-17 12:31:31,B,1062.85,1,9
2021-06-17 12:31:31,B,1062.65,1,2
2021-06-17 12:31:31,B,1062.4,3,9
2021-06-17 12:31:36,S,1063.7,1,1
2021-06-17 12:31:36,S,1063.95,1,2
2021-06-17 12:31:36,S,1064.0,2,72
2021-06-17 12:31:36,S,1064.2,1,2
2021-06-17 12:31:36,S,1064.25,1,1
2021-06-17 12:31:36,B,1063.1,1,10
2021-06-17 12:31:36,B,1062.85,1,9
2021-06-17 12:31:36,B,1062.7,1,2
2021-06-17 12:31:36,B,1062.65,1,2
2021-06-17 12:31:36,B,1062.4,3,9
2021-06-17 12:31:46,S,1063.95,1,2
2021-06-17 12:31:46,S,1064.0,2,72
2021-06-17 12:31:46,S,1064.2,2,3
2021-06-17 12:31:46,S,1064.25,1,1
2021-06-17 12:31:46,S,1064.35,1,9
2021-06-17 12:31:46,B,1063.1,1,10
2021-06-17 12:31:46,B,1062.85,1,9
2021-06-17 12:31:46,B,1062.7,1,2
2021-06-17 12:31:46,B,1062.65,1,2
2021-06-17 12:31:46,B,1062.4,2,3
2021-06-17 12:31:53,S,1064.0,2,72
2021-06-17 12:31:53,S,1064.2,2,3
2021-06-17 12:31:53,S,1064.25,3,4
2021-06-17 12:31:53,S,1064.35,1,9
2021-06-17 12:31:53,S,1064.4,2,10
2021-06-17 12:31:53,B,1063.1,1,10
2021-06-17 12:31:53,B,1062.7,2,11
2021-06-17 12:31:53,B,1062.65,1,2
2021-06-17 12:31:53,B,1062.4,2,3
2021-06-17 12:31:53,B,1062.35,2,13
2021-06-17 12:32:27,S,1064.0,2,72
2021-06-17 12:32:27,S,1064.2,2,3
2021-06-17 12:32:27,S,1064.25,3,4
2021-06-17 12:32:27,S,1064.35,1,9
2021-06-17 12:32:27,S,1064.4,2,10
2021-06-17 12:32:27,B,1063.1,1,10
2021-06-17 12:32:27,B,1062.7,2,11
2021-06-17 12:32:27,B,1062.65,1,2
2021-06-17 12:32:27,B,1062.4,2,3
2021-06-17 12:32:27,B,1062.35,2,13
2021-06-17 12:32:51,S,1064.0,2,72
2021-06-17 12:32:51,S,1064.2,2,3
2021-06-17 12:32:51,S,1064.25,3,4
2021-06-17 12:32:51,S,1064.35,1,9
2021-06-17 12:32:51,S,1064.4,2,10
2021-06-17 12:32:51,B,1063.1,1,10
2021-06-17 12:32:51,B,1062.7,2,11
2021-06-17 12:32:51,B,1062.65,1,2
2021-06-17 12:32:51,B,1062.4,2,3
2021-06-17 12:32:51,B,1062.35,2,13
2021-06-17 12:33:07,S,1064.0,2,72
2021-06-17 12:33:07,S,1064.2,1,2
2021-06-17 12:33:07,S,1064.25,2,3
2021-06-17 12:33:07,S,1064.4,1,1
2021-06-17 12:33:07,S,1064.5,1,2
2021-06-17 12:33:07,B,1063.1,1,10
2021-06-17 12:33:07,B,1062.7,3,12
2021-06-17 12:33:07,B,1062.65,2,11
2021-06-17 12:33:07,B,1062.4,3,9
2021-06-17 12:33:07,B,1062.35,2,13
2021-06-17 12:33:08,S,1064.0,2,72
2021-06-17 12:33:08,S,1064.2,1,2
2021-06-17 12:33:08,S,1064.25,2,3
2021-06-17 12:33:08,S,1064.4,1,1
2021-06-17 12:33:08,S,1064.5,1,2
2021-06-17 12:33:08,B,1063.1,1,10
2021-06-17 12:33:08,B,1062.7,3,12
2021-06-17 12:33:08,B,1062.65,2,11
2021-06-17 12:33:08,B,1062.4,3,9
2021-06-17 12:33:08,B,1062.35,2,13
2021-06-17 12:33:09,S,1064.0,2,72
2021-06-17 12:33:09,S,1064.2,1,2
2021-06-17 12:33:09,S,1064.25,3,4
2021-06-17 12:33:09,S,1064.4,1,1
2021-06-17 12:33:09,S,1064.5,1,2
2021-06-17 12:33:09,B,1063.1,1,8
2021-06-17 12:33:09,B,1062.7,3,12
2021-06-17 12:33:09,B,1062.65,2,11
2021-06-17 12:33:09,B,1062.4,3,9
2021-06-17 12:33:09,B,1062.35,2,13
2021-06-17 12:33:13,S,1064.0,2,72
2021-06-17 12:33:13,S,1064.2,1,2
2021-06-17 12:33:13,S,1064.25,1,2
2021-06-17 12:33:13,S,1064.35,1,12
2021-06-17 12:33:13,S,1064.4,1,1
2021-06-17 12:33:13,B,1063.1,1,8
2021-06-17 12:33:13,B,1062.7,3,12
2021-06-17 12:33:13,B,1062.65,2,11
2021-06-17 12:33:13,B,1062.4,3,9
2021-06-17 12:33:13,B,1062.35,2,13
2021-06-17 12:33:15,S,1064.0,4,74
2021-06-17 12:33:15,S,1064.15,1,1
2021-06-17 12:33:15,S,1064.2,1,2
2021-06-17 12:33:15,S,1064.25,1,2
2021-06-17 12:33:15,S,1064.5,1,2
2021-06-17 12:33:15,B,1063.1,1,8
2021-06-17 12:33:15,B,1062.7,3,12
2021-06-17 12:33:15,B,1062.65,2,11
2021-06-17 12:33:15,B,1062.4,3,9
2021-06-17 12:33:15,B,1062.35,2,13
2021-06-17 12:33:37,S,1064.0,4,74
2021-06-17 12:33:37,S,1064.15,1,1
2021-06-17 12:33:37,S,1064.2,1,2
2021-06-17 12:33:37,S,1064.25,1,2
2021-06-17 12:33:37,S,1064.5,1,2
2021-06-17 12:33:37,B,1063.1,1,8
2021-06-17 12:33:37,B,1062.7,3,12
2021-06-17 12:33:37,B,1062.65,2,11
2021-06-17 12:33:37,B,1062.4,3,9
2021-06-17 12:33:37,B,1062.35,2,13
2021-06-17 12:33:38,S,1064.0,4,74
2021-06-17 12:33:38,S,1064.15,1,1
2021-06-17 12:33:38,S,1064.2,1,2
2021-06-17 12:33:38,S,1064.25,1,2
2021-06-17 12:33:38,S,1064.5,1,2
2021-06-17 12:33:38,B,1063.1,1,8
2021-06-17 12:33:38,B,1062.7,3,12
2021-06-17 12:33:38,B,1062.65,2,11
2021-06-17 12:33:38,B,1062.4,3,9
2021-06-17 12:33:38,B,1062.35,2,13
2021-06-17 12:33:42,S,1064.0,4,74
2021-06-17 12:33:42,S,1064.15,1,1
2021-06-17 12:33:42,S,1064.2,1,2
2021-06-17 12:33:42,S,1064.25,1,2
2021-06-17 12:33:42,S,1064.5,1,2
2021-06-17 12:33:42,B,1063.1,1,8
2021-06-17 12:33:42,B,1062.7,3,12
2021-06-17 12:33:42,B,1062.65,2,11
2021-06-17 12:33:42,B,1062.4,3,9
2021-06-17 12:33:42,B,1062.35,2,13
2021-06-17 12:33:44,S,1064.0,4,74
2021-06-17 12:33:44,S,1064.15,1,1
2021-06-17 12:33:44,S,1064.2,1,2
2021-06-17 12:33:44,S,1064.25,1,2
2021-06-17 12:33:44,S,1064.5,1,2
2021-06-17 12:33:44,B,1063.1,1,8
2021-06-17 12:33:44,B,1062.7,3,12
2021-06-17 12:33:44,B,1062.65,2,11
2021-06-17 12:33:44,B,1062.4,3,9
2021-06-17 12:33:44,B,1062.35,2,13
2021-06-17 12:33:46,S,1064.0,4,74
2021-06-17 12:33:46,S,1064.15,1,1
2021-06-17 12:33:46,S,1064.2,1,2
2021-06-17 12:33:46,S,1064.25,1,2
2021-06-17 12:33:46,S,1064.5,1,2
2021-06-17 12:33:46,B,1063.1,1,8
2021-06-17 12:33:46,B,1062.7,3,12
2021-06-17 12:33:46,B,1062.65,2,11
2021-06-17 12:33:46,B,1062.4,3,9
2021-06-17 12:33:46,B,1062.35,2,13
2021-06-17 12:34:13,S,1064.0,4,74
2021-06-17 12:34:13,S,1064.15,1,1
2021-06-17 12:34:13,S,1064.2,1,2
2021-06-17 12:34:13,S,1064.25,1,2
2021-06-17 12:34:13,S,1064.35,1,12
2021-06-17 12:34:13,B,1063.1,1,8
2021-06-17 12:34:13,B,1062.7,3,12
2021-06-17 12:34:13,B,1062.65,2,11
2021-06-17 12:34:13,B,1062.4,3,9
2021-06-17 12:34:13,B,1062.35,2,13
2021-06-17 12:34:49,S,1064.0,4,74
2021-06-17 12:34:49,S,1064.15,1,1
2021-06-17 12:34:49,S,1064.2,1,2
2021-06-17 12:34:49,S,1064.25,1,2
2021-06-17 12:34:49,S,1064.35,1,12
2021-06-17 12:34:49,B,1063.1,1,8
2021-06-17 12:34:49,B,1063.05,1,2
2021-06-17 12:34:49,B,1063.0,1,2
2021-06-17 12:34:49,B,1062.7,1,9
2021-06-17 12:34:49,B,1062.65,2,11
2021-06-17 12:35:19,S,1064.0,4,74
2021-06-17 12:35:19,S,1064.15,1,1
2021-06-17 12:35:19,S,1064.2,1,2
2021-06-17 12:35:19,S,1064.25,1,2
2021-06-17 12:35:19,S,1064.35,1,12
2021-06-17 12:35:19,B,1063.1,1,8
2021-06-17 12:35:19,B,1063.05,1,2
2021-06-17 12:35:19,B,1063.0,1,2
2021-06-17 12:35:19,B,1062.7,1,9
2021-06-17 12:35:19,B,1062.65,2,11
2021-06-17 12:35:47,S,1064.0,4,74
2021-06-17 12:35:47,S,1064.15,1,1
2021-06-17 12:35:47,S,1064.2,1,2
2021-06-17 12:35:47,S,1064.25,1,2
2021-06-17 12:35:47,S,1064.35,1,12
2021-06-17 12:35:47,B,1063.1,1,8
2021-06-17 12:35:47,B,1063.05,1,2
2021-06-17 12:35:47,B,1063.0,1,2
2021-06-17 12:35:47,B,1062.65,2,11
2021-06-17 12:35:47,B,1062.55,1,9
2021-06-17 12:35:53,S,1064.0,4,74
2021-06-17 12:35:53,S,1064.15,1,1
2021-06-17 12:35:53,S,1064.2,1,2
2021-06-17 12:35:53,S,1064.25,1,2
2021-06-17 12:35:53,S,1064.35,1,12
2021-06-17 12:35:53,B,1063.1,1,8
2021-06-17 12:35:53,B,1063.05,1,2
2021-06-17 12:35:53,B,1063.0,1,2
2021-06-17 12:35:53,B,1062.65,2,11
2021-06-17 12:35:53,B,1062.55,1,9
2021-06-17 12:36:03,S,1064.0,4,74
2021-06-17 12:36:03,S,1064.15,1,1
2021-06-17 12:36:03,S,1064.2,1,2
2021-06-17 12:36:03,S,1064.25,1,2
2021-06-17 12:36:03,S,1064.35,1,12
2021-06-17 12:36:03,B,1063.15,2,4
2021-06-17 12:36:03,B,1063.1,1,8
2021-06-17 12:36:03,B,1063.0,1,2
2021-06-17 12:36:03,B,1062.65,2,11
2021-06-17 12:36:03,B,1062.55,1,9
2021-06-17 12:36:12,S,1064.0,4,74
2021-06-17 12:36:12,S,1064.15,1,1
2021-06-17 12:36:12,S,1064.2,1,2
2021-06-17 12:36:12,S,1064.25,1,2
2021-06-17 12:36:12,S,1064.35,1,12
2021-06-17 12:36:12,B,1063.15,2,4
2021-06-17 12:36:12,B,1063.1,1,8
2021-06-17 12:36:12,B,1063.0,1,2
2021-06-17 12:36:12,B,1062.65,2,11
2021-06-17 12:36:12,B,1062.55,1,9
2021-06-17 12:36:14,S,1064.0,4,34
2021-06-17 12:36:14,S,1064.15,1,1
2021-06-17 12:36:14,S,1064.65,1,11
2021-06-17 12:36:14,S,1064.75,1,5
2021-06-17 12:36:14,S,1064.8,1,3
2021-06-17 12:36:14,B,1063.2,1,2
2021-06-17 12:36:14,B,1063.15,1,2
2021-06-17 12:36:14,B,1063.1,2,18
2021-06-17 12:36:14,B,1063.0,1,2
2021-06-17 12:36:14,B,1062.65,2,11
2021-06-17 12:36:21,S,1064.0,4,34
2021-06-17 12:36:21,S,1064.15,1,1
2021-06-17 12:36:21,S,1064.25,1,1
2021-06-17 12:36:21,S,1064.5,1,1
2021-06-17 12:36:21,S,1064.65,1,11
2021-06-17 12:36:21,B,1063.25,1,10
2021-06-17 12:36:21,B,1063.2,1,2
2021-06-17 12:36:21,B,1063.15,1,2
2021-06-17 12:36:21,B,1063.1,1,8
2021-06-17 12:36:21,B,1063.0,1,2
2021-06-17 12:36:27,S,1064.0,4,34
2021-06-17 12:36:27,S,1064.15,1,1
2021-06-17 12:36:27,S,1064.25,1,1
2021-06-17 12:36:27,S,1064.5,1,1
2021-06-17 12:36:27,S,1064.65,1,11
2021-06-17 12:36:27,B,1063.25,1,10
2021-06-17 12:36:27,B,1063.2,1,2
2021-06-17 12:36:27,B,1063.15,1,2
2021-06-17 12:36:27,B,1063.1,1,8
2021-06-17 12:36:27,B,1063.0,1,2
2021-06-17 12:36:28,S,1064.0,4,9
2021-06-17 12:36:28,S,1064.15,1,1
2021-06-17 12:36:28,S,1064.65,1,11
2021-06-17 12:36:28,S,1064.75,2,14
2021-06-17 12:36:28,S,1064.95,2,10
2021-06-17 12:36:28,B,1063.3,1,2
2021-06-17 12:36:28,B,1063.25,1,10
2021-06-17 12:36:28,B,1063.15,1,2
2021-06-17 12:36:28,B,1063.1,1,8
2021-06-17 12:36:28,B,1063.0,1,2
2021-06-17 12:36:30,S,1064.0,4,9
2021-06-17 12:36:30,S,1064.15,1,1
2021-06-17 12:36:30,S,1064.25,1,1
2021-06-17 12:36:30,S,1064.5,1,1
2021-06-17 12:36:30,S,1064.65,1,11
2021-06-17 12:36:30,B,1063.4,1,2
2021-06-17 12:36:30,B,1063.35,1,10
2021-06-17 12:36:30,B,1063.15,1,2
2021-06-17 12:36:30,B,1063.1,1,8
2021-06-17 12:36:30,B,1063.0,1,2
2021-06-17 12:36:38,S,1064.0,3,4
2021-06-17 12:36:38,S,1064.15,1,1
2021-06-17 12:36:38,S,1064.65,1,11
2021-06-17 12:36:38,S,1064.75,1,5
2021-06-17 12:36:38,S,1064.85,1,10
2021-06-17 12:36:38,B,1063.4,1,2
2021-06-17 12:36:38,B,1063.35,1,10
2021-06-17 12:36:38,B,1063.15,1,2
2021-06-17 12:36:38,B,1063.1,1,8
2021-06-17 12:36:38,B,1063.0,1,2
2021-06-17 12:36:46,S,1064.0,3,4
2021-06-17 12:36:46,S,1064.15,1,1
2021-06-17 12:36:46,S,1064.65,1,11
2021-06-17 12:36:46,S,1064.75,1,5
2021-06-17 12:36:46,S,1064.85,1,10
2021-06-17 12:36:46,B,1063.4,1,2
2021-06-17 12:36:46,B,1063.35,1,10
2021-06-17 12:36:46,B,1063.15,1,2
2021-06-17 12:36:46,B,1063.1,1,8
2021-06-17 12:36:46,B,1063.0,1,2
2021-06-17 12:36:47,S,1064.0,2,2
2021-06-17 12:36:47,S,1064.15,1,1
2021-06-17 12:36:47,S,1064.55,1,2
2021-06-17 12:36:47,S,1064.6,1,2
2021-06-17 12:36:47,S,1064.65,1,11
2021-06-17 12:36:47,B,1063.4,2,4
2021-06-17 12:36:47,B,1063.35,2,11
2021-06-17 12:36:47,B,1063.15,1,2
2021-06-17 12:36:47,B,1063.1,2,9
2021-06-17 12:36:47,B,1063.0,1,2
2021-06-17 12:36:49,S,1064.0,2,2
2021-06-17 12:36:49,S,1064.15,1,1
2021-06-17 12:36:49,S,1064.2,1,1
2021-06-17 12:36:49,S,1064.45,1,1
2021-06-17 12:36:49,S,1064.55,1,2
2021-06-17 12:36:49,B,1063.4,1,2
2021-06-17 12:36:49,B,1063.35,1,1
2021-06-17 12:36:49,B,1063.15,1,2
2021-06-17 12:36:49,B,1063.1,2,9
2021-06-17 12:36:49,B,1063.0,2,11
2021-06-17 12:36:56,S,1064.0,2,2
2021-06-17 12:36:56,S,1064.15,1,1
2021-06-17 12:36:56,S,1064.2,1,1
2021-06-17 12:36:56,S,1064.45,1,1
2021-06-17 12:36:56,S,1064.55,1,2
2021-06-17 12:36:56,B,1063.4,1,2
2021-06-17 12:36:56,B,1063.35,1,1
2021-06-17 12:36:56,B,1063.15,1,2
2021-06-17 12:36:56,B,1063.1,2,9
2021-06-17 12:36:56,B,1063.0,2,11
2021-06-17 12:36:57,S,1063.25,1,2
2021-06-17 12:36:57,S,1063.3,1,9
2021-06-17 12:36:57,S,1063.35,1,1
2021-06-17 12:36:57,S,1063.6,1,1
2021-06-17 12:36:57,S,1063.75,1,12
2021-06-17 12:36:57,B,1062.45,1,2
2021-06-17 12:36:57,B,1062.4,1,10
2021-06-17 12:36:57,B,1062.3,1,8
2021-06-17 12:36:57,B,1062.0,1,5
2021-06-17 12:36:57,B,1061.9,1,2
2021-06-17 12:36:58,S,1063.25,1,2
2021-06-17 12:36:58,S,1063.3,1,9
2021-06-17 12:36:58,S,1063.35,1,1
2021-06-17 12:36:58,S,1063.6,1,1
2021-06-17 12:36:58,S,1063.75,1,12
2021-06-17 12:36:58,B,1062.45,1,2
2021-06-17 12:36:58,B,1062.4,1,10
2021-06-17 12:36:58,B,1062.3,1,8
2021-06-17 12:36:58,B,1062.0,1,5
2021-06-17 12:36:58,B,1061.9,1,2
2021-06-17 12:36:58,S,1063.3,2,2
2021-06-17 12:36:58,S,1063.35,1,1
2021-06-17 12:36:58,S,1063.6,1,1
2021-06-17 12:36:58,S,1063.7,1,2
2021-06-17 12:36:58,S,1063.75,1,12
2021-06-17 12:36:58,B,1062.45,1,2
2021-06-17 12:36:58,B,1062.4,1,10
2021-06-17 12:36:58,B,1062.3,1,8
2021-06-17 12:36:58,B,1062.0,1,5
2021-06-17 12:36:58,B,1061.9,2,11
2021-06-17 12:37:00,S,1064.0,1,1
2021-06-17 12:37:00,S,1064.1,2,4
2021-06-17 12:37:00,S,1064.15,2,6
2021-06-17 12:37:00,S,1064.2,1,7
2021-06-17 12:37:00,S,1064.25,1,2
2021-06-17 12:37:00,B,1062.85,1,2
2021-06-17 12:37:00,B,1062.8,1,9
2021-06-17 12:37:00,B,1062.45,1,3
2021-06-17 12:37:00,B,1062.3,2,11
2021-06-17 12:37:00,B,1062.05,1,11
2021-06-17 12:37:02,S,1064.0,1,1
2021-06-17 12:37:02,S,1064.1,2,4
2021-06-17 12:37:02,S,1064.15,2,6
2021-06-17 12:37:02,S,1064.2,1,7
2021-06-17 12:37:02,S,1064.25,1,2
2021-06-17 12:37:02,B,1062.85,1,2
2021-06-17 12:37:02,B,1062.8,1,9
2021-06-17 12:37:02,B,1062.55,1,1
2021-06-17 12:37:02,B,1062.3,3,12
2021-06-17 12:37:02,B,1062.05,1,11
2021-06-17 12:37:10,S,1064.0,1,1
2021-06-17 12:37:10,S,1064.1,2,4
2021-06-17 12:37:10,S,1064.15,2,6
2021-06-17 12:37:10,S,1064.2,1,7
2021-06-17 12:37:10,S,1064.25,1,2
2021-06-17 12:37:10,B,1062.85,1,2
2021-06-17 12:37:10,B,1062.8,1,9
2021-06-17 12:37:10,B,1062.55,1,1
2021-06-17 12:37:10,B,1062.3,3,12
2021-06-17 12:37:10,B,1062.05,1,11
2021-06-17 12:37:12,S,1064.1,2,3
2021-06-17 12:37:12,S,1064.25,1,2
2021-06-17 12:37:12,S,1064.4,1,7
2021-06-17 12:37:12,S,1064.45,1,7
2021-06-17 12:37:12,S,1064.5,2,2
2021-06-17 12:37:12,B,1063.15,1,2
2021-06-17 12:37:12,B,1063.1,1,9
2021-06-17 12:37:12,B,1062.55,1,1
2021-06-17 12:37:12,B,1062.4,1,7
2021-06-17 12:37:12,B,1062.35,1,7
2021-06-17 12:37:19,S,1064.1,1,2
2021-06-17 12:37:19,S,1064.25,1,2
2021-06-17 12:37:19,S,1064.4,1,7
2021-06-17 12:37:19,S,1064.45,1,7
2021-06-17 12:37:19,S,1064.5,2,2
2021-06-17 12:37:19,B,1063.15,1,2
2021-06-17 12:37:19,B,1063.1,1,9
2021-06-17 12:37:19,B,1062.55,1,1
2021-06-17 12:37:19,B,1062.4,1,7
2021-06-17 12:37:19,B,1062.35,1,7
2021-06-17 12:37:23,S,1064.1,1,2
2021-06-17 12:37:23,S,1064.25,1,2
2021-06-17 12:37:23,S,1064.4,1,7
2021-06-17 12:37:23,S,1064.45,1,7
2021-06-17 12:37:23,S,1064.5,2,2
2021-06-17 12:37:23,B,1063.15,1,2
2021-06-17 12:37:23,B,1063.1,1,9
2021-06-17 12:37:23,B,1063.0,1,8
2021-06-17 12:37:23,B,1062.55,1,1
2021-06-17 12:37:23,B,1062.4,1,7
2021-06-17 12:37:26,S,1064.75,1,5
2021-06-17 12:37:26,S,1065.0,1,4
2021-06-17 12:37:26,S,1065.2,1,2
2021-06-17 12:37:26,S,1065.35,1,2
2021-06-17 12:37:26,S,1065.5,1,6
2021-06-17 12:37:26,B,1064.05,1,2
2021-06-17 12:37:26,B,1064.0,1,10
2021-06-17 12:37:26,B,1063.7,1,1
2021-06-17 12:37:26,B,1063.55,1,12
2021-06-17 12:37:26,B,1063.45,1,1
2021-06-17 12:37:36,S,1064.75,1,5
2021-06-17 12:37:36,S,1065.0,1,4
2021-06-17 12:37:36,S,1065.2,1,2
2021-06-17 12:37:36,S,1065.35,1,2
2021-06-17 12:37:36,S,1065.5,1,6
2021-06-17 12:37:36,B,1064.05,1,2
2021-06-17 12:37:36,B,1064.0,1,10
2021-06-17 12:37:36,B,1063.7,1,1
2021-06-17 12:37:36,B,1063.55,1,12
2021-06-17 12:37:36,B,1063.45,1,1
2021-06-17 12:37:44,S,1064.75,1,5
2021-06-17 12:37:44,S,1065.0,1,4
2021-06-17 12:37:44,S,1065.2,1,2
2021-06-17 12:37:44,S,1065.35,1,2
2021-06-17 12:37:44,S,1065.5,1,6
2021-06-17 12:37:44,B,1064.05,1,2
2021-06-17 12:37:44,B,1064.0,1,10
2021-06-17 12:37:44,B,1063.7,1,1
2021-06-17 12:37:44,B,1063.55,1,12
2021-06-17 12:37:44,B,1063.45,1,1
2021-06-17 12:37:46,S,1064.75,1,5
2021-06-17 12:37:46,S,1065.0,1,4
2021-06-17 12:37:46,S,1065.2,1,2
2021-06-17 12:37:46,S,1065.35,1,2
2021-06-17 12:37:46,S,1065.5,1,6
2021-06-17 12:37:46,B,1064.05,1,2
2021-06-17 12:37:46,B,1064.0,1,10
2021-06-17 12:37:46,B,1063.7,1,1
2021-06-17 12:37:46,B,1063.55,1,12
2021-06-17 12:37:46,B,1063.45,1,1
2021-06-17 12:37:48,S,1064.75,1,5
2021-06-17 12:37:48,S,1065.0,1,4
2021-06-17 12:37:48,S,1065.2,1,2
2021-06-17 12:37:48,S,1065.35,1,2
2021-06-17 12:37:48,S,1065.5,1,6
2021-06-17 12:37:48,B,1064.15,1,2
2021-06-17 12:37:48,B,1064.1,1,9
2021-06-17 12:37:48,B,1063.7,1,1
2021-06-17 12:37:48,B,1063.55,1,12
2021-06-17 12:37:48,B,1063.45,1,1
2021-06-17 12:37:58,S,1064.75,1,5
2021-06-17 12:37:58,S,1065.0,1,4
2021-06-17 12:37:58,S,1065.2,1,2
2021-06-17 12:37:58,S,1065.3,1,9
2021-06-17 12:37:58,S,1065.35,1,2
2021-06-17 12:37:58,B,1063.85,1,2
2021-06-17 12:37:58,B,1063.8,1,10
2021-06-17 12:37:58,B,1063.7,1,1
2021-06-17 12:37:58,B,1063.6,1,7
2021-06-17 12:37:58,B,1063.45,1,1
2021-06-17 12:38:12,S,1064.75,1,5
2021-06-17 12:38:12,S,1065.0,1,4
2021-06-17 12:38:12,S,1065.2,1,2
2021-06-17 12:38:12,S,1065.3,1,9
2021-06-17 12:38:12,S,1065.35,1,2
2021-06-17 12:38:12,B,1063.85,1,2
2021-06-17 12:38:12,B,1063.8,1,10
2021-06-17 12:38:12,B,1063.7,1,1
2021-06-17 12:38:12,B,1063.6,1,7
2021-06-17 12:38:12,B,1063.55,1,9
2021-06-17 12:38:14,S,1064.75,1,5
2021-06-17 12:38:14,S,1065.0,1,4
2021-06-17 12:38:14,S,1065.2,1,2
2021-06-17 12:38:14,S,1065.3,1,9
2021-06-17 12:38:14,S,1065.35,1,2
2021-06-17 12:38:14,B,1063.85,1,2
2021-06-17 12:38:14,B,1063.8,1,10
2021-06-17 12:38:14,B,1063.7,1,1
2021-06-17 12:38:14,B,1063.6,1,7
2021-06-17 12:38:14,B,1063.55,1,9
2021-06-17 12:38:15,S,1064.75,1,2
2021-06-17 12:38:15,S,1065.0,1,4
2021-06-17 12:38:15,S,1065.2,1,2
2021-06-17 12:38:15,S,1065.25,1,7
2021-06-17 12:38:15,S,1065.35,2,12
2021-06-17 12:38:15,B,1063.85,1,2
2021-06-17 12:38:15,B,1063.8,1,10
2021-06-17 12:38:15,B,1063.7,1,1
2021-06-17 12:38:15,B,1063.6,1,7
2021-06-17 12:38:15,B,1063.55,1,9
2021-06-17 12:38:17,S,1064.75,1,2
2021-06-17 12:38:17,S,1065.0,1,4
2021-06-17 12:38:17,S,1065.2,1,2
2021-06-17 12:38:17,S,1065.25,1,7
2021-06-17 12:38:17,S,1065.35,2,12
2021-06-17 12:38:17,B,1063.85,1,2
2021-06-17 12:38:17,B,1063.8,1,10
2021-06-17 12:38:17,B,1063.7,1,1
2021-06-17 12:38:17,B,1063.6,1,7
2021-06-17 12:38:17,B,1063.55,1,9
2021-06-17 12:38:23,S,1064.75,1,2
2021-06-17 12:38:23,S,1065.0,1,4
2021-06-17 12:38:23,S,1065.2,1,2
2021-06-17 12:38:23,S,1065.25,1,7
2021-06-17 12:38:23,S,1065.35,2,12
2021-06-17 12:38:23,B,1063.85,1,2
2021-06-17 12:38:23,B,1063.8,1,10
2021-06-17 12:38:23,B,1063.7,1,1
2021-06-17 12:38:23,B,1063.6,1,7
2021-06-17 12:38:23,B,1063.55,1,9
2021-06-17 12:38:24,S,1064.7,1,2
2021-06-17 12:38:24,S,1064.75,2,4
2021-06-17 12:38:24,S,1064.8,2,10
2021-06-17 12:38:24,S,1064.95,1,12
2021-06-17 12:38:24,S,1065.0,2,14
2021-06-17 12:38:24,B,1063.5,1,2
2021-06-17 12:38:24,B,1063.45,1,1
2021-06-17 12:38:24,B,1063.35,1,7
2021-06-17 12:38:24,B,1063.3,1,7
2021-06-17 12:38:24,B,1063.1,1,48
2021-06-17 12:38:29,S,1064.7,1,2
2021-06-17 12:38:29,S,1064.75,2,4
2021-06-17 12:38:29,S,1064.8,2,10
2021-06-17 12:38:29,S,1064.95,1,12
2021-06-17 12:38:29,S,1065.0,2,14
2021-06-17 12:38:29,B,1063.5,1,2
2021-06-17 12:38:29,B,1063.45,1,1
2021-06-17 12:38:29,B,1063.35,1,7
2021-06-17 12:38:29,B,1063.3,1,7
2021-06-17 12:38:29,B,1063.1,1,48
2021-06-17 12:38:35,S,1064.6,1,2
2021-06-17 12:38:35,S,1064.65,1,9
2021-06-17 12:38:35,S,1064.75,1,2
2021-06-17 12:38:35,S,1064.8,1,1
2021-06-17 12:38:35,S,1064.9,1,2
2021-06-17 12:38:35,B,1063.5,1,2
2021-06-17 12:38:35,B,1063.45,1,1
2021-06-17 12:38:35,B,1063.35,1,7
2021-06-17 12:38:35,B,1063.3,1,7
2021-06-17 12:38:35,B,1063.15,1,10
2021-06-17 12:38:44,S,1064.6,1,2
2021-06-17 12:38:44,S,1064.65,1,9
2021-06-17 12:38:44,S,1064.75,1,2
2021-06-17 12:38:44,S,1064.8,1,1
2021-06-17 12:38:44,S,1064.9,1,2
2021-06-17 12:38:44,B,1063.5,1,2
2021-06-17 12:38:44,B,1063.45,1,1
2021-06-17 12:38:44,B,1063.35,1,7
2021-06-17 12:38:44,B,1063.3,1,7
2021-06-17 12:38:44,B,1063.15,1,10
2021-06-17 12:39:16,S,1063.55,1,25
2021-06-17 12:39:16,S,1064.05,1,2
2021-06-17 12:39:16,S,1064.1,1,10
2021-06-17 12:39:16,S,1064.35,1,12
2021-06-17 12:39:16,S,1064.6,1,2
2021-06-17 12:39:16,B,1063.15,1,2
2021-06-17 12:39:16,B,1063.1,1,48
2021-06-17 12:39:16,B,1063.0,1,8
2021-06-17 12:39:16,B,1062.35,1,9
2021-06-17 12:39:16,B,1062.3,1,8
2021-06-17 12:39:18,S,1063.55,1,25
2021-06-17 12:39:18,S,1063.9,1,2
2021-06-17 12:39:18,S,1063.95,1,1
2021-06-17 12:39:18,S,1064.1,1,10
2021-06-17 12:39:18,S,1064.2,1,1
2021-06-17 12:39:18,B,1063.15,1,2
2021-06-17 12:39:18,B,1063.1,1,48
2021-06-17 12:39:18,B,1063.0,1,8
2021-06-17 12:39:18,B,1062.6,1,10
2021-06-17 12:39:18,B,1062.35,1,9
2021-06-17 12:39:23,S,1063.55,1,25
2021-06-17 12:39:23,S,1063.9,1,2
2021-06-17 12:39:23,S,1063.95,1,1
2021-06-17 12:39:23,S,1064.05,1,10
2021-06-17 12:39:23,S,1064.1,1,10
2021-06-17 12:39:23,B,1063.15,1,2
2021-06-17 12:39:23,B,1063.1,1,48
2021-06-17 12:39:23,B,1063.0,1,8
2021-06-17 12:39:23,B,1062.4,1,9
2021-06-17 12:39:23,B,1062.35,1,9
2021-06-17 12:39:28,S,1063.55,1,25
2021-06-17 12:39:28,S,1063.9,1,2
2021-06-17 12:39:28,S,1063.95,1,1
2021-06-17 12:39:28,S,1064.05,1,10
2021-06-17 12:39:28,S,1064.1,1,10
2021-06-17 12:39:28,B,1063.15,1,2
2021-06-17 12:39:28,B,1063.1,1,48
2021-06-17 12:39:28,B,1063.0,1,8
2021-06-17 12:39:28,B,1062.4,1,9
2021-06-17 12:39:28,B,1062.35,1,9
2021-06-17 12:39:28,S,1063.55,1,25
2021-06-17 12:39:28,S,1063.9,1,2
2021-06-17 12:39:28,S,1063.95,1,1
2021-06-17 12:39:28,S,1064.05,1,10
2021-06-17 12:39:28,S,1064.1,1,10
2021-06-17 12:39:28,B,1063.15,1,2
2021-06-17 12:39:28,B,1063.1,1,48
2021-06-17 12:39:28,B,1063.0,1,8
2021-06-17 12:39:28,B,1062.3,2,18
2021-06-17 12:39:28,B,1062.25,1,3
2021-06-17 12:39:51,S,1063.55,1,25
2021-06-17 12:39:51,S,1063.9,1,2
2021-06-17 12:39:51,S,1063.95,1,1
2021-06-17 12:39:51,S,1064.2,1,1
2021-06-17 12:39:51,S,1064.25,1,9
2021-06-17 12:39:51,B,1063.25,1,2
2021-06-17 12:39:51,B,1063.2,1,8
2021-06-17 12:39:51,B,1063.1,1,48
2021-06-17 12:39:51,B,1062.7,1,1
2021-06-17 12:39:51,B,1062.35,1,12
2021-06-17 12:39:57,S,1063.55,1,25
2021-06-17 12:39:57,S,1063.9,1,2
2021-06-17 12:39:57,S,1063.95,1,1
2021-06-17 12:39:57,S,1064.2,1,1
2021-06-17 12:39:57,S,1064.25,1,9
2021-06-17 12:39:57,B,1063.25,1,2
2021-06-17 12:39:57,B,1063.2,1,8
2021-06-17 12:39:57,B,1063.1,1,48
2021-06-17 12:39:57,B,1062.7,1,1
2021-06-17 12:39:57,B,1062.35,1,12
2021-06-17 12:39:58,S,1063.95,1,1
2021-06-17 12:39:58,S,1064.15,1,2
2021-06-17 12:39:58,S,1064.2,1,1
2021-06-17 12:39:58,S,1064.25,1,9
2021-06-17 12:39:58,S,1064.55,2,14
2021-06-17 12:39:58,B,1063.1,1,48
2021-06-17 12:39:58,B,1062.75,2,11
2021-06-17 12:39:58,B,1062.3,2,9
2021-06-17 12:39:58,B,1062.25,1,3
2021-06-17 12:39:58,B,1062.05,1,11
2021-06-17 12:40:13,S,1063.95,1,2
2021-06-17 12:40:13,S,1064.0,1,10
2021-06-17 12:40:13,S,1064.2,1,1
2021-06-17 12:40:13,S,1064.25,1,2
2021-06-17 12:40:13,S,1064.3,1,7
2021-06-17 12:40:13,B,1063.1,1,48
2021-06-17 12:40:13,B,1063.0,1,5
2021-06-17 12:40:13,B,1062.45,3,11
2021-06-17 12:40:13,B,1062.3,2,9
2021-06-17 12:40:13,B,1062.25,1,3
2021-06-17 12:40:20,S,1064.15,2,3
2021-06-17 12:40:20,S,1064.2,1,1
2021-06-17 12:40:20,S,1064.25,1,10
2021-06-17 12:40:20,S,1064.3,1,7
2021-06-17 12:40:20,S,1064.35,2,8
2021-06-17 12:40:20,B,1063.1,1,48
2021-06-17 12:40:20,B,1063.0,1,5
2021-06-17 12:40:20,B,1062.65,1,10
2021-06-17 12:40:20,B,1062.45,2,2
2021-06-17 12:40:20,B,1062.3,2,9
2021-06-17 12:40:24,S,1064.05,1,2
2021-06-17 12:40:24,S,1064.1,1,9
2021-06-17 12:40:24,S,1064.2,1,1
2021-06-17 12:40:24,S,1064.3,1,7
2021-06-17 12:40:24,S,1064.35,3,18
2021-06-17 12:40:24,B,1063.1,1,48
2021-06-17 12:40:24,B,1063.0,1,5
2021-06-17 12:40:24,B,1062.65,1,10
2021-06-17 12:40:24,B,1062.45,2,2
2021-06-17 12:40:24,B,1062.3,2,9
2021-06-17 12:40:36,S,1064.05,1,2
2021-06-17 12:40:36,S,1064.1,1,9
2021-06-17 12:40:36,S,1064.2,1,1
2021-06-17 12:40:36,S,1064.3,1,7
2021-06-17 12:40:36,S,1064.35,3,18
2021-06-17 12:40:36,B,1063.1,1,48
2021-06-17 12:40:36,B,1063.0,1,5
2021-06-17 12:40:36,B,1062.65,1,10
2021-06-17 12:40:36,B,1062.45,2,2
2021-06-17 12:40:36,B,1062.3,2,9
2021-06-17 12:40:42,S,1064.05,1,2
2021-06-17 12:40:42,S,1064.1,1,1
2021-06-17 12:40:42,S,1064.2,1,1
2021-06-17 12:40:42,S,1064.25,1,7
2021-06-17 12:40:42,S,1064.3,1,7
2021-06-17 12:40:42,B,1063.15,1,2
2021-06-17 12:40:42,B,1063.1,1,48
2021-06-17 12:40:42,B,1063.0,1,5
2021-06-17 12:40:42,B,1062.65,1,10
2021-06-17 12:40:42,B,1062.45,2,2
2021-06-17 12:41:22,S,1064.55,1,7
2021-06-17 12:41:22,S,1064.6,1,2
2021-06-17 12:41:22,S,1064.75,1,2
2021-06-17 12:41:22,S,1064.8,1,1
2021-06-17 12:41:22,S,1064.9,2,8
2021-06-17 12:41:22,B,1063.4,1,2
2021-06-17 12:41:22,B,1063.35,1,9
2021-06-17 12:41:22,B,1063.1,1,48
2021-06-17 12:41:22,B,1063.0,1,5
2021-06-17 12:41:22,B,1062.45,2,2
2021-06-17 12:41:24,S,1064.75,1,2
2021-06-17 12:41:24,S,1064.8,1,1
2021-06-17 12:41:24,S,1064.85,1,1
2021-06-17 12:41:24,S,1064.9,1,2
2021-06-17 12:41:24,S,1064.95,1,3
2021-06-17 12:41:24,B,1063.7,1,2
2021-06-17 12:41:24,B,1063.65,1,9
2021-06-17 12:41:24,B,1063.2,1,1
2021-06-17 12:41:24,B,1063.1,1,48
2021-06-17 12:41:24,B,1063.0,1,5
2021-06-17 12:41:27,S,1064.75,1,2
2021-06-17 12:41:27,S,1064.8,1,1
2021-06-17 12:41:27,S,1064.85,1,1
2021-06-17 12:41:27,S,1064.9,1,2
2021-06-17 12:41:27,S,1064.95,1,3
2021-06-17 12:41:27,B,1063.7,1,2
2021-06-17 12:41:27,B,1063.65,1,9
2021-06-17 12:41:27,B,1063.2,1,1
2021-06-17 12:41:27,B,1063.1,1,48
2021-06-17 12:41:27,B,1063.0,1,5
2021-06-17 12:41:28,S,1064.75,1,2
2021-06-17 12:41:28,S,1064.8,1,7
2021-06-17 12:41:28,S,1064.85,2,8
2021-06-17 12:41:28,S,1064.9,1,2
2021-06-17 12:41:28,S,1064.95,1,6
2021-06-17 12:41:28,B,1063.55,1,2
2021-06-17 12:41:28,B,1063.5,1,10
2021-06-17 12:41:28,B,1063.25,1,7
2021-06-17 12:41:28,B,1063.2,2,8
2021-06-17 12:41:28,B,1063.15,1,7
2021-06-17 12:41:35,S,1064.75,1,1
2021-06-17 12:41:35,S,1064.8,1,7
2021-06-17 12:41:35,S,1064.85,2,8
2021-06-17 12:41:35,S,1064.9,1,2
2021-06-17 12:41:35,S,1064.95,1,6
2021-06-17 12:41:35,B,1063.55,1,2
2021-06-17 12:41:35,B,1063.5,1,10
2021-06-17 12:41:35,B,1063.25,2,17
2021-06-17 12:41:35,B,1063.2,2,8
2021-06-17 12:41:35,B,1063.15,1,7
2021-06-17 12:42:00,S,1064.75,1,1
2021-06-17 12:42:00,S,1064.8,1,7
2021-06-17 12:42:00,S,1064.85,1,7
2021-06-17 12:42:00,S,1064.9,1,2
2021-06-17 12:42:00,S,1064.95,1,6
2021-06-17 12:42:00,B,1063.55,1,2
2021-06-17 12:42:00,B,1063.5,1,10
2021-06-17 12:42:00,B,1063.25,3,18
2021-06-17 12:42:00,B,1063.2,2,8
2021-06-17 12:42:00,B,1063.15,1,7
2021-06-17 12:42:18,S,1064.75,2,2
2021-06-17 12:42:18,S,1064.8,1,7
2021-06-17 12:42:18,S,1064.85,1,7
2021-06-17 12:42:18,S,1064.9,1,2
2021-06-17 12:42:18,S,1064.95,1,6
2021-06-17 12:42:18,B,1063.55,1,2
2021-06-17 12:42:18,B,1063.5,1,10
2021-06-17 12:42:18,B,1063.25,3,18
2021-06-17 12:42:18,B,1063.2,2,8
2021-06-17 12:42:18,B,1063.15,1,7
2021-06-17 12:42:28,S,1064.75,1,1
2021-06-17 12:42:28,S,1064.8,1,7
2021-06-17 12:42:28,S,1064.85,1,7
2021-06-17 12:42:28,S,1064.9,1,2
2021-06-17 12:42:28,S,1064.95,1,6
2021-06-17 12:42:28,B,1063.8,1,2
2021-06-17 12:42:28,B,1063.75,1,1
2021-06-17 12:42:28,B,1063.55,1,1
2021-06-17 12:42:28,B,1063.5,2,11
2021-06-17 12:42:28,B,1063.25,3,18
2021-06-17 12:42:54,S,1064.75,1,1
2021-06-17 12:42:54,S,1064.8,1,7
2021-06-17 12:42:54,S,1064.85,1,7
2021-06-17 12:42:54,S,1064.9,1,2
2021-06-17 12:42:54,S,1064.95,1,6
2021-06-17 12:42:54,B,1063.8,1,2
2021-06-17 12:42:54,B,1063.75,1,1
2021-06-17 12:42:54,B,1063.5,2,11
2021-06-17 12:42:54,B,1063.25,3,18
2021-06-17 12:42:54,B,1063.2,2,8
2021-06-17 12:43:01,S,1064.75,1,1
2021-06-17 12:43:01,S,1064.8,1,7
2021-06-17 12:43:01,S,1064.85,1,7
2021-06-17 12:43:01,S,1064.9,1,2
2021-06-17 12:43:01,S,1064.95,1,6
2021-06-17 12:43:01,B,1063.8,1,2
2021-06-17 12:43:01,B,1063.75,1,1
2021-06-17 12:43:01,B,1063.5,2,11
2021-06-17 12:43:01,B,1063.25,3,18
2021-06-17 12:43:01,B,1063.2,2,8
2021-06-17 12:43:19,S,1064.75,1,1
2021-06-17 12:43:19,S,1064.8,1,7
2021-06-17 12:43:19,S,1064.85,1,7
2021-06-17 12:43:19,S,1064.9,1,2
2021-06-17 12:43:19,S,1065.0,2,29
2021-06-17 12:43:19,B,1063.9,1,2
2021-06-17 12:43:19,B,1063.85,1,10
2021-06-17 12:43:19,B,1063.75,1,1
2021-06-17 12:43:19,B,1063.25,3,18
2021-06-17 12:43:19,B,1063.2,2,8
2021-06-17 12:43:22,S,1064.75,1,1
2021-06-17 12:43:22,S,1064.8,1,7
2021-06-17 12:43:22,S,1064.85,1,7
2021-06-17 12:43:22,S,1064.9,1,2
2021-06-17 12:43:22,S,1065.0,2,29
2021-06-17 12:43:22,B,1063.9,1,2
2021-06-17 12:43:22,B,1063.85,1,10
2021-06-17 12:43:22,B,1063.75,1,1
2021-06-17 12:43:22,B,1063.25,3,18
2021-06-17 12:43:22,B,1063.2,2,8
2021-06-17 12:43:25,S,1064.75,1,1
2021-06-17 12:43:25,S,1064.8,1,7
2021-06-17 12:43:25,S,1064.85,1,7
2021-06-17 12:43:25,S,1064.9,1,2
2021-06-17 12:43:25,S,1065.0,2,29
2021-06-17 12:43:25,B,1063.95,1,9
2021-06-17 12:43:25,B,1063.8,1,2
2021-06-17 12:43:25,B,1063.75,1,1
2021-06-17 12:43:25,B,1063.25,3,18
2021-06-17 12:43:25,B,1063.2,2,8
2021-06-17 12:43:25,S,1064.75,1,1
2021-06-17 12:43:25,S,1064.8,1,7
2021-06-17 12:43:25,S,1064.85,1,7
2021-06-17 12:43:25,S,1064.9,1,2
2021-06-17 12:43:25,S,1065.0,2,29
2021-06-17 12:43:25,B,1063.95,1,9
2021-06-17 12:43:25,B,1063.8,1,2
2021-06-17 12:43:25,B,1063.75,1,1
2021-06-17 12:43:25,B,1063.25,3,18
2021-06-17 12:43:25,B,1063.2,2,8
2021-06-17 12:43:27,S,1064.75,1,1
2021-06-17 12:43:27,S,1064.8,1,7
2021-06-17 12:43:27,S,1064.85,1,7
2021-06-17 12:43:27,S,1064.9,1,2
2021-06-17 12:43:27,S,1065.0,2,29
2021-06-17 12:43:27,B,1063.95,1,9
2021-06-17 12:43:27,B,1063.8,1,2
2021-06-17 12:43:27,B,1063.75,1,1
2021-06-17 12:43:27,B,1063.25,3,18
2021-06-17 12:43:27,B,1063.2,2,8
2021-06-17 12:43:28,S,1064.75,1,1
2021-06-17 12:43:28,S,1064.8,1,7
2021-06-17 12:43:28,S,1064.85,1,7
2021-06-17 12:43:28,S,1065.0,2,29
2021-06-17 12:43:28,S,1065.2,1,2
2021-06-17 12:43:28,B,1063.8,1,2
2021-06-17 12:43:28,B,1063.75,1,1
2021-06-17 12:43:28,B,1063.7,1,10
2021-06-17 12:43:28,B,1063.3,1,7
2021-06-17 12:43:28,B,1063.25,3,18
2021-06-17 12:43:39,S,1064.75,1,1
2021-06-17 12:43:39,S,1064.8,1,7
2021-06-17 12:43:39,S,1064.85,1,7
2021-06-17 12:43:39,S,1065.0,2,29
2021-06-17 12:43:39,S,1065.2,1,2
2021-06-17 12:43:39,B,1063.8,1,2
2021-06-17 12:43:39,B,1063.75,1,1
2021-06-17 12:43:39,B,1063.7,1,10
2021-06-17 12:43:39,B,1063.3,1,7
2021-06-17 12:43:39,B,1063.25,3,18
2021-06-17 12:43:50,S,1064.75,1,1
2021-06-17 12:43:50,S,1064.8,1,7
2021-06-17 12:43:50,S,1064.85,1,7
2021-06-17 12:43:50,S,1065.0,2,29
2021-06-17 12:43:50,S,1065.2,1,2
2021-06-17 12:43:50,B,1063.95,1,9
2021-06-17 12:43:50,B,1063.8,1,2
2021-06-17 12:43:50,B,1063.75,1,1
2021-06-17 12:43:50,B,1063.55,1,12
2021-06-17 12:43:50,B,1063.3,1,7
2021-06-17 12:44:25,S,1064.75,1,1
2021-06-17 12:44:25,S,1064.8,1,7
2021-06-17 12:44:25,S,1064.85,1,7
2021-06-17 12:44:25,S,1065.0,2,29
2021-06-17 12:44:25,S,1065.2,1,2
2021-06-17 12:44:25,B,1063.95,1,9
2021-06-17 12:44:25,B,1063.8,1,2
2021-06-17 12:44:25,B,1063.75,1,1
2021-06-17 12:44:25,B,1063.55,1,12
2021-06-17 12:44:25,B,1063.3,1,7
2021-06-17 12:44:27,S,1063.9,1,2
2021-06-17 12:44:27,S,1063.95,1,9
2021-06-17 12:44:27,S,1064.05,1,9
2021-06-17 12:44:27,S,1064.25,1,2
2021-06-17 12:44:27,S,1064.3,1,2
2021-06-17 12:44:27,B,1063.15,1,2
2021-06-17 12:44:27,B,1063.1,1,24
2021-06-17 12:44:27,B,1063.0,1,5
2021-06-17 12:44:27,B,1062.95,1,1
2021-06-17 12:44:27,B,1062.65,1,12
2021-06-17 12:44:28,S,1063.8,2,10
2021-06-17 12:44:28,S,1063.95,1,2
2021-06-17 12:44:28,S,1064.0,1,1
2021-06-17 12:44:28,S,1064.05,1,9
2021-06-17 12:44:28,S,1064.3,2,3
2021-06-17 12:44:28,B,1063.15,1,2
2021-06-17 12:44:28,B,1063.1,1,24
2021-06-17 12:44:28,B,1063.0,1,5
2021-06-17 12:44:28,B,1062.35,1,11
2021-06-17 12:44:28,B,1062.3,3,10
2021-06-17 12:44:35,S,1063.75,1,2
2021-06-17 12:44:35,S,1063.8,2,10
2021-06-17 12:44:35,S,1064.0,1,1
2021-06-17 12:44:35,S,1064.05,1,9
2021-06-17 12:44:35,S,1064.1,1,2
2021-06-17 12:44:35,B,1063.15,1,2
2021-06-17 12:44:35,B,1063.1,1,24
2021-06-17 12:44:35,B,1063.0,1,5
2021-06-17 12:44:35,B,1062.35,1,11
2021-06-17 12:44:35,B,1062.3,3,10
2021-06-17 12:44:44,S,1063.75,2,3
2021-06-17 12:44:44,S,1063.8,1,9
2021-06-17 12:44:44,S,1064.0,1,1
2021-06-17 12:44:44,S,1064.05,1,9
2021-06-17 12:44:44,S,1064.1,1,2
2021-06-17 12:44:44,B,1063.15,1,2
2021-06-17 12:44:44,B,1063.1,1,24
2021-06-17 12:44:44,B,1063.0,1,5
2021-06-17 12:44:44,B,1062.35,1,11
2021-06-17 12:44:44,B,1062.3,3,10
2021-06-17 12:45:58,S,1063.75,1,1
2021-06-17 12:45:58,S,1064.0,1,1
2021-06-17 12:45:58,S,1064.05,2,18
2021-06-17 12:45:58,S,1064.1,1,2
2021-06-17 12:45:58,S,1064.15,1,9
2021-06-17 12:45:58,B,1063.1,1,24
2021-06-17 12:45:58,B,1063.05,1,2
2021-06-17 12:45:58,B,1063.0,1,5
2021-06-17 12:45:58,B,1062.35,1,11
2021-06-17 12:45:58,B,1062.3,3,10
2021-06-17 12:46:30,S,1063.75,1,1
2021-06-17 12:46:30,S,1064.0,1,1
2021-06-17 12:46:30,S,1064.05,1,9
2021-06-17 12:46:30,S,1064.1,1,2
2021-06-17 12:46:30,S,1064.15,1,9
2021-06-17 12:46:30,B,1063.1,2,34
2021-06-17 12:46:30,B,1063.05,1,2
2021-06-17 12:46:30,B,1063.0,1,5
2021-06-17 12:46:30,B,1062.35,1,11
2021-06-17 12:46:30,B,1062.3,3,10
2021-06-17 12:46:32,S,1063.75,1,1
2021-06-17 12:46:32,S,1064.0,1,1
2021-06-17 12:46:32,S,1064.05,1,9
2021-06-17 12:46:32,S,1064.1,1,2
2021-06-17 12:46:32,S,1064.15,1,9
2021-06-17 12:46:32,B,1063.1,2,34
2021-06-17 12:46:32,B,1063.05,1,2
2021-06-17 12:46:32,B,1063.0,1,5
2021-06-17 12:46:32,B,1062.8,1,10
2021-06-17 12:46:32,B,1062.35,1,11
2021-06-17 12:46:42,S,1063.75,1,1
2021-06-17 12:46:42,S,1064.0,1,1
2021-06-17 12:46:42,S,1064.2,1,2
2021-06-17 12:46:42,S,1064.25,1,2
2021-06-17 12:46:42,S,1064.3,1,1
2021-06-17 12:46:42,B,1063.15,1,2
2021-06-17 12:46:42,B,1063.1,2,34
2021-06-17 12:46:42,B,1063.0,1,5
2021-06-17 12:46:42,B,1062.8,1,10
2021-06-17 12:46:42,B,1062.75,1,1
2021-06-17 12:46:50,S,1063.75,1,1
2021-06-17 12:46:50,S,1064.0,1,1
2021-06-17 12:46:50,S,1064.2,1,2
2021-06-17 12:46:50,S,1064.25,1,2
2021-06-17 12:46:50,S,1064.3,1,1
2021-06-17 12:46:50,B,1063.15,1,2
2021-06-17 12:46:50,B,1063.1,2,34
2021-06-17 12:46:50,B,1063.0,1,5
2021-06-17 12:46:50,B,1062.8,1,10
2021-06-17 12:46:50,B,1062.75,1,1
2021-06-17 12:47:00,S,1063.75,1,1
2021-06-17 12:47:00,S,1064.0,1,1
2021-06-17 12:47:00,S,1064.2,1,2
2021-06-17 12:47:00,S,1064.25,1,2
2021-06-17 12:47:00,S,1064.3,1,1
2021-06-17 12:47:00,B,1063.15,1,2
2021-06-17 12:47:00,B,1063.1,2,34
2021-06-17 12:47:00,B,1063.0,1,5
2021-06-17 12:47:00,B,1062.8,1,10
2021-06-17 12:47:00,B,1062.75,1,1
2021-06-17 12:47:03,S,1063.75,1,1
2021-06-17 12:47:03,S,1064.0,1,1
2021-06-17 12:47:03,S,1064.2,1,2
2021-06-17 12:47:03,S,1064.25,1,2
2021-06-17 12:47:03,S,1064.3,1,1
2021-06-17 12:47:03,B,1063.15,1,2
2021-06-17 12:47:03,B,1063.1,2,34
2021-06-17 12:47:03,B,1063.0,1,5
2021-06-17 12:47:03,B,1062.8,1,10
2021-06-17 12:47:03,B,1062.75,1,1
2021-06-17 12:47:12,S,1063.75,1,1
2021-06-17 12:47:12,S,1064.0,1,1
2021-06-17 12:47:12,S,1064.2,1,2
2021-06-17 12:47:12,S,1064.25,1,2
2021-06-17 12:47:12,S,1064.3,1,1
2021-06-17 12:47:12,B,1063.15,1,2
2021-06-17 12:47:12,B,1063.1,2,34
2021-06-17 12:47:12,B,1063.0,1,5
2021-06-17 12:47:12,B,1062.8,1,10
2021-06-17 12:47:12,B,1062.75,1,1
2021-06-17 12:47:17,S,1063.75,1,1
2021-06-17 12:47:17,S,1064.0,1,1
2021-06-17 12:47:17,S,1064.2,1,2
2021-06-17 12:47:17,S,1064.25,1,2
2021-06-17 12:47:17,S,1064.3,1,1
2021-06-17 12:47:17,B,1063.15,1,2
2021-06-17 12:47:17,B,1063.1,2,34
2021-06-17 12:47:17,B,1063.0,1,5
2021-06-17 12:47:17,B,1062.8,1,10
2021-06-17 12:47:17,B,1062.75,1,1
2021-06-17 12:47:25,S,1063.75,1,1
2021-06-17 12:47:25,S,1064.0,1,1
2021-06-17 12:47:25,S,1064.2,1,2
2021-06-17 12:47:25,S,1064.25,1,2
2021-06-17 12:47:25,S,1064.3,1,1
2021-06-17 12:47:25,B,1063.15,1,2
2021-06-17 12:47:25,B,1063.1,2,34
2021-06-17 12:47:25,B,1063.0,1,5
2021-06-17 12:47:25,B,1062.8,1,10
2021-06-17 12:47:25,B,1062.75,1,1
2021-06-17 12:47:46,S,1063.75,1,1
2021-06-17 12:47:46,S,1064.0,1,1
2021-06-17 12:47:46,S,1064.15,2,9
2021-06-17 12:47:46,S,1064.2,1,7
2021-06-17 12:47:46,S,1064.25,1,7
2021-06-17 12:47:46,B,1063.15,1,2
2021-06-17 12:47:46,B,1063.1,3,44
2021-06-17 12:47:46,B,1063.0,1,5
2021-06-17 12:47:46,B,1062.8,1,10
2021-06-17 12:47:46,B,1062.75,1,1
2021-06-17 12:47:52,S,1063.75,1,1
2021-06-17 12:47:52,S,1064.0,1,1
2021-06-17 12:47:52,S,1064.15,2,9
2021-06-17 12:47:52,S,1064.2,1,7
2021-06-17 12:47:52,S,1064.25,1,7
2021-06-17 12:47:52,B,1063.15,1,2
2021-06-17 12:47:52,B,1063.1,3,44
2021-06-17 12:47:52,B,1063.0,1,5
2021-06-17 12:47:52,B,1062.8,1,10
2021-06-17 12:47:52,B,1062.75,1,1
2021-06-17 12:48:03,S,1063.75,1,1
2021-06-17 12:48:03,S,1064.0,1,1
2021-06-17 12:48:03,S,1064.15,2,9
2021-06-17 12:48:03,S,1064.2,1,7
2021-06-17 12:48:03,S,1064.25,1,7
2021-06-17 12:48:03,B,1063.15,1,2
2021-06-17 12:48:03,B,1063.1,3,44
2021-06-17 12:48:03,B,1063.0,1,5
2021-06-17 12:48:03,B,1062.8,1,10
2021-06-17 12:48:03,B,1062.75,1,1
2021-06-17 12:48:18,S,1063.75,1,1
2021-06-17 12:48:18,S,1064.0,1,1
2021-06-17 12:48:18,S,1064.15,2,9
2021-06-17 12:48:18,S,1064.2,1,7
2021-06-17 12:48:18,S,1064.25,1,7
2021-06-17 12:48:18,B,1063.15,1,2
2021-06-17 12:48:18,B,1063.1,3,44
2021-06-17 12:48:18,B,1063.0,1,5
2021-06-17 12:48:18,B,1062.8,1,10
2021-06-17 12:48:18,B,1062.75,1,1
2021-06-17 12:48:25,S,1063.75,1,1
2021-06-17 12:48:25,S,1064.0,1,1
2021-06-17 12:48:25,S,1064.15,2,9
2021-06-17 12:48:25,S,1064.2,1,7
2021-06-17 12:48:25,S,1064.25,1,7
2021-06-17 12:48:25,B,1063.15,1,2
2021-06-17 12:48:25,B,1063.1,2,34
2021-06-17 12:48:25,B,1063.0,1,5
2021-06-17 12:48:25,B,1062.8,1,10
2021-06-17 12:48:25,B,1062.75,1,1
2021-06-17 12:48:30,S,1063.75,1,1
2021-06-17 12:48:30,S,1064.0,1,1
2021-06-17 12:48:30,S,1064.05,1,12
2021-06-17 12:48:30,S,1064.15,2,9
2021-06-17 12:48:30,S,1064.2,1,7
2021-06-17 12:48:30,B,1063.15,1,10
2021-06-17 12:48:30,B,1063.1,2,34
2021-06-17 12:48:30,B,1063.05,1,2
2021-06-17 12:48:30,B,1063.0,2,10
2021-06-17 12:48:30,B,1062.8,1,10
2021-06-17 12:48:31,S,1063.75,1,1
2021-06-17 12:48:31,S,1064.0,1,1
2021-06-17 12:48:31,S,1064.05,1,12
2021-06-17 12:48:31,S,1064.15,2,9
2021-06-17 12:48:31,S,1064.2,1,7
2021-06-17 12:48:31,B,1063.15,1,10
2021-06-17 12:48:31,B,1063.1,2,34
2021-06-17 12:48:31,B,1063.05,1,2
2021-06-17 12:48:31,B,1063.0,2,10
2021-06-17 12:48:31,B,1062.8,1,10
2021-06-17 12:48:32,S,1067.0,1,6
2021-06-17 12:48:32,S,1067.15,1,7
2021-06-17 12:48:32,S,1067.2,1,6
2021-06-17 12:48:32,S,1067.3,1,6
2021-06-17 12:48:32,S,1067.5,1,6
2021-06-17 12:48:32,B,1065.6,1,2
2021-06-17 12:48:32,B,1065.55,1,9
2021-06-17 12:48:32,B,1065.15,3,3
2021-06-17 12:48:32,B,1064.8,1,7
2021-06-17 12:48:32,B,1064.75,1,7
2021-06-17 12:48:32,S,1067.0,1,6
2021-06-17 12:48:32,S,1067.15,1,7
2021-06-17 12:48:32,S,1067.2,1,6
2021-06-17 12:48:32,S,1067.3,1,6
2021-06-17 12:48:32,S,1067.5,1,6
2021-06-17 12:48:32,B,1065.6,1,2
2021-06-17 12:48:32,B,1065.55,1,9
2021-06-17 12:48:32,B,1065.15,3,3
2021-06-17 12:48:32,B,1064.8,1,7
2021-06-17 12:48:32,B,1064.75,1,7
2021-06-17 12:48:33,S,1066.65,1,2
2021-06-17 12:48:33,S,1066.7,1,10
2021-06-17 12:48:33,S,1066.75,1,9
2021-06-17 12:48:33,S,1066.95,1,3
2021-06-17 12:48:33,S,1067.0,1,2
2021-06-17 12:48:33,B,1065.3,1,2
2021-06-17 12:48:33,B,1065.25,1,7
2021-06-17 12:48:33,B,1065.05,1,1
2021-06-17 12:48:33,B,1064.9,2,9
2021-06-17 12:48:33,B,1064.85,1,7
2021-06-17 12:48:35,S,1066.4,1,2
2021-06-17 12:48:35,S,1066.45,1,9
2021-06-17 12:48:35,S,1066.7,2,11
2021-06-17 12:48:35,S,1066.75,1,9
2021-06-17 12:48:35,S,1066.95,2,4
2021-06-17 12:48:35,B,1065.3,1,2
2021-06-17 12:48:35,B,1065.25,1,7
2021-06-17 12:48:35,B,1064.9,2,9
2021-06-17 12:48:35,B,1064.85,1,7
2021-06-17 12:48:35,B,1064.8,2,13
2021-06-17 12:48:36,S,1066.3,1,2
2021-06-17 12:48:36,S,1066.35,1,10
2021-06-17 12:48:36,S,1066.7,2,11
2021-06-17 12:48:36,S,1066.75,1,9
2021-06-17 12:48:36,S,1066.95,1,1
2021-06-17 12:48:36,B,1064.95,1,2
2021-06-17 12:48:36,B,1064.9,3,15
2021-06-17 12:48:36,B,1064.85,2,17
2021-06-17 12:48:36,B,1064.8,1,7
2021-06-17 12:48:36,B,1064.75,2,17
2021-06-17 12:48:38,S,1066.3,2,3
2021-06-17 12:48:38,S,1066.35,1,10
2021-06-17 12:48:38,S,1066.45,1,9
2021-06-17 12:48:38,S,1066.7,2,11
2021-06-17 12:48:38,S,1066.75,1,9
2021-06-17 12:48:38,B,1064.95,1,2
2021-06-17 12:48:38,B,1064.9,3,15
2021-06-17 12:48:38,B,1064.85,2,17
2021-06-17 12:48:38,B,1064.8,1,7
2021-06-17 12:48:38,B,1064.75,2,17
2021-06-17 12:48:40,S,1065.25,1,2
2021-06-17 12:48:40,S,1065.3,1,10
2021-06-17 12:48:40,S,1065.55,1,11
2021-06-17 12:48:40,S,1065.75,1,1
2021-06-17 12:48:40,S,1065.85,2,22
2021-06-17 12:48:40,B,1064.0,1,2
2021-06-17 12:48:40,B,1063.95,1,1
2021-06-17 12:48:40,B,1063.9,1,2
2021-06-17 12:48:40,B,1063.65,1,2
2021-06-17 12:48:40,B,1063.6,1,2
2021-06-17 12:48:42,S,1065.25,1,2
2021-06-17 12:48:42,S,1065.3,1,10
2021-06-17 12:48:42,S,1065.55,1,11
2021-06-17 12:48:42,S,1065.75,1,1
2021-06-17 12:48:42,S,1065.85,2,22
2021-06-17 12:48:42,B,1064.0,1,2
2021-06-17 12:48:42,B,1063.95,1,1
2021-06-17 12:48:42,B,1063.9,1,2
2021-06-17 12:48:42,B,1063.8,1,9
2021-06-17 12:48:42,B,1063.65,1,2
2021-06-17 12:48:45,S,1065.25,1,2
2021-06-17 12:48:45,S,1065.3,1,10
2021-06-17 12:48:45,S,1065.55,1,11
2021-06-17 12:48:45,S,1065.75,1,1
2021-06-17 12:48:45,S,1065.85,2,22
2021-06-17 12:48:45,B,1064.0,2,14
2021-06-17 12:48:45,B,1063.95,1,1
2021-06-17 12:48:45,B,1063.9,2,3
2021-06-17 12:48:45,B,1063.8,1,9
2021-06-17 12:48:45,B,1063.65,1,2
2021-06-17 12:48:49,S,1065.25,1,2
2021-06-17 12:48:49,S,1065.3,1,10
2021-06-17 12:48:49,S,1065.55,1,11
2021-06-17 12:48:49,S,1065.75,1,1
2021-06-17 12:48:49,S,1065.85,2,22
2021-06-17 12:48:49,B,1064.0,2,14
2021-06-17 12:48:49,B,1063.95,1,1
2021-06-17 12:48:49,B,1063.9,2,3
2021-06-17 12:48:49,B,1063.8,1,9
2021-06-17 12:48:49,B,1063.65,1,2
2021-06-17 12:49:01,S,1065.5,1,2
2021-06-17 12:49:01,S,1065.55,2,20
2021-06-17 12:49:01,S,1065.75,1,1
2021-06-17 12:49:01,S,1065.85,2,22
2021-06-17 12:49:01,S,1066.0,1,1
2021-06-17 12:49:01,B,1064.1,1,2
2021-06-17 12:49:01,B,1064.05,1,9
2021-06-17 12:49:01,B,1064.0,1,12
2021-06-17 12:49:01,B,1063.95,1,1
2021-06-17 12:49:01,B,1063.9,1,2
2021-06-17 12:49:03,S,1065.35,1,2
2021-06-17 12:49:03,S,1065.4,1,10
2021-06-17 12:49:03,S,1065.55,1,11
2021-06-17 12:49:03,S,1065.75,1,1
2021-06-17 12:49:03,S,1065.85,2,22
2021-06-17 12:49:03,B,1064.1,1,2
2021-06-17 12:49:03,B,1064.05,1,9
2021-06-17 12:49:03,B,1064.0,1,12
2021-06-17 12:49:03,B,1063.95,1,1
2021-06-17 12:49:03,B,1063.9,2,3
2021-06-17 12:49:04,S,1065.35,1,2
2021-06-17 12:49:04,S,1065.4,1,10
2021-06-17 12:49:04,S,1065.55,1,11
2021-06-17 12:49:04,S,1065.75,1,1
2021-06-17 12:49:04,S,1065.85,2,22
2021-06-17 12:49:04,B,1064.1,1,2
2021-06-17 12:49:04,B,1064.05,1,9
2021-06-17 12:49:04,B,1064.0,1,12
2021-06-17 12:49:04,B,1063.95,1,1
2021-06-17 12:49:04,B,1063.9,2,3
2021-06-17 12:49:21,S,1065.35,1,2
2021-06-17 12:49:21,S,1065.4,1,10
2021-06-17 12:49:21,S,1065.55,1,11
2021-06-17 12:49:21,S,1065.75,1,1
2021-06-17 12:49:21,S,1065.85,2,22
2021-06-17 12:49:21,B,1064.1,1,2
2021-06-17 12:49:21,B,1064.05,1,9
2021-06-17 12:49:21,B,1064.0,1,12
2021-06-17 12:49:21,B,1063.95,1,1
2021-06-17 12:49:21,B,1063.9,2,3
2021-06-17 12:49:31,S,1065.35,1,2
2021-06-17 12:49:31,S,1065.4,1,10
2021-06-17 12:49:31,S,1065.55,1,11
2021-06-17 12:49:31,S,1065.75,1,1
2021-06-17 12:49:31,S,1065.85,2,22
2021-06-17 12:49:31,B,1064.1,1,2
2021-06-17 12:49:31,B,1064.05,1,9
2021-06-17 12:49:31,B,1064.0,1,12
2021-06-17 12:49:31,B,1063.95,1,1
2021-06-17 12:49:31,B,1063.9,2,3
2021-06-17 12:49:36,S,1064.95,1,2
2021-06-17 12:49:36,S,1065.0,1,10
2021-06-17 12:49:36,S,1065.05,1,10
2021-06-17 12:49:36,S,1065.25,1,9
2021-06-17 12:49:36,S,1065.3,1,1
2021-06-17 12:49:36,B,1064.0,1,12
2021-06-17 12:49:36,B,1063.95,1,2
2021-06-17 12:49:36,B,1063.9,1,1
2021-06-17 12:49:36,B,1063.75,1,2
2021-06-17 12:49:36,B,1063.65,1,2
2021-06-17 12:49:39,S,1064.95,1,2
2021-06-17 12:49:39,S,1065.0,1,10
2021-06-17 12:49:39,S,1065.05,1,10
2021-06-17 12:49:39,S,1065.25,1,9
2021-06-17 12:49:39,S,1065.3,1,1
2021-06-17 12:49:39,B,1064.0,1,12
2021-06-17 12:49:39,B,1063.8,1,2
2021-06-17 12:49:39,B,1063.75,1,2
2021-06-17 12:49:39,B,1063.65,1,2
2021-06-17 12:49:39,B,1063.6,1,2
2021-06-17 12:49:41,S,1064.95,1,2
2021-06-17 12:49:41,S,1065.0,1,10
2021-06-17 12:49:41,S,1065.05,1,10
2021-06-17 12:49:41,S,1065.25,1,9
2021-06-17 12:49:41,S,1065.3,1,1
2021-06-17 12:49:41,B,1064.0,1,12
2021-06-17 12:49:41,B,1063.8,1,2
2021-06-17 12:49:41,B,1063.75,1,2
2021-06-17 12:49:41,B,1063.65,1,2
2021-06-17 12:49:41,B,1063.6,1,2
2021-06-17 12:49:45,S,1064.95,1,2
2021-06-17 12:49:45,S,1065.0,1,10
2021-06-17 12:49:45,S,1065.05,1,10
2021-06-17 12:49:45,S,1065.25,1,9
2021-06-17 12:49:45,S,1065.3,1,1
2021-06-17 12:49:45,B,1064.0,1,12
2021-06-17 12:49:45,B,1063.8,1,2
2021-06-17 12:49:45,B,1063.75,1,2
2021-06-17 12:49:45,B,1063.65,1,2
2021-06-17 12:49:45,B,1063.6,1,2
2021-06-17 12:49:46,S,1065.95,1,5
2021-06-17 12:49:46,S,1066.3,1,1
2021-06-17 12:49:46,S,1066.45,1,9
2021-06-17 12:49:46,S,1066.7,3,21
2021-06-17 12:49:46,S,1066.75,2,14
2021-06-17 12:49:46,B,1065.05,1,2
2021-06-17 12:49:46,B,1065.0,1,9
2021-06-17 12:49:46,B,1064.75,1,10
2021-06-17 12:49:46,B,1064.5,1,2
2021-06-17 12:49:46,B,1064.45,1,10
2021-06-17 12:49:48,S,1065.95,1,5
2021-06-17 12:49:48,S,1066.3,1,1
2021-06-17 12:49:48,S,1066.45,1,9
2021-06-17 12:49:48,S,1066.7,3,21
2021-06-17 12:49:48,S,1066.75,2,14
2021-06-17 12:49:48,B,1065.05,1,2
2021-06-17 12:49:48,B,1065.0,1,9
2021-06-17 12:49:48,B,1064.85,1,1
2021-06-17 12:49:48,B,1064.75,1,10
2021-06-17 12:49:48,B,1064.55,1,1
2021-06-17 12:49:52,S,1065.95,1,5
2021-06-17 12:49:52,S,1066.3,1,1
2021-06-17 12:49:52,S,1066.45,1,9
2021-06-17 12:49:52,S,1066.7,3,21
2021-06-17 12:49:52,S,1066.75,2,14
2021-06-17 12:49:52,B,1065.05,1,2
2021-06-17 12:49:52,B,1065.0,1,9
2021-06-17 12:49:52,B,1064.85,1,1
2021-06-17 12:49:52,B,1064.75,1,10
2021-06-17 12:49:52,B,1064.55,1,1
2021-06-17 12:49:52,S,1065.95,2,6
2021-06-17 12:49:52,S,1066.45,1,12
2021-06-17 12:49:52,S,1066.7,2,11
2021-06-17 12:49:52,S,1066.75,2,14
2021-06-17 12:49:52,S,1066.95,1,1
2021-06-17 12:49:52,B,1064.6,1,1
2021-06-17 12:49:52,B,1064.55,1,1
2021-06-17 12:49:52,B,1064.5,1,2
2021-06-17 12:49:52,B,1064.35,1,2
2021-06-17 12:49:52,B,1064.3,1,1
2021-06-17 12:49:54,S,1065.95,2,6
2021-06-17 12:49:54,S,1066.15,1,1
2021-06-17 12:49:54,S,1066.25,1,7
2021-06-17 12:49:54,S,1066.3,1,7
2021-06-17 12:49:54,S,1066.35,1,7
2021-06-17 12:49:54,B,1064.6,1,1
2021-06-17 12:49:54,B,1064.55,1,1
2021-06-17 12:49:54,B,1064.5,1,2
2021-06-17 12:49:54,B,1064.35,1,2
2021-06-17 12:49:54,B,1064.3,1,1
2021-06-17 12:49:56,S,1065.85,2,11
2021-06-17 12:49:56,S,1065.95,1,5
2021-06-17 12:49:56,S,1066.15,1,1
2021-06-17 12:49:56,S,1066.25,1,7
2021-06-17 12:49:56,S,1066.3,1,7
2021-06-17 12:49:56,B,1064.55,1,1
2021-06-17 12:49:56,B,1064.5,1,2
2021-06-17 12:49:56,B,1064.45,1,2
2021-06-17 12:49:56,B,1064.4,1,2
2021-06-17 12:49:56,B,1064.35,1,2
2021-06-17 12:49:58,S,1065.85,2,11
2021-06-17 12:49:58,S,1065.95,1,5
2021-06-17 12:49:58,S,1066.15,2,12
2021-06-17 12:49:58,S,1066.25,1,7
2021-06-17 12:49:58,S,1066.3,1,7
2021-06-17 12:49:58,B,1064.55,1,1
2021-06-17 12:49:58,B,1064.5,1,2
2021-06-17 12:49:58,B,1064.45,1,2
2021-06-17 12:49:58,B,1064.4,1,2
2021-06-17 12:49:58,B,1064.35,1,2
2021-06-17 12:50:03,S,1065.85,2,11
2021-06-17 12:50:03,S,1065.95,1,5
2021-06-17 12:50:03,S,1066.15,2,12
2021-06-17 12:50:03,S,1066.25,1,7
2021-06-17 12:50:03,S,1066.3,1,7
2021-06-17 12:50:03,B,1064.55,1,1
2021-06-17 12:50:03,B,1064.5,1,2
2021-06-17 12:50:03,B,1064.45,1,2
2021-06-17 12:50:03,B,1064.4,1,2
2021-06-17 12:50:03,B,1064.35,1,2
2021-06-17 12:50:10,S,1065.85,2,11
2021-06-17 12:50:10,S,1065.95,1,5
2021-06-17 12:50:10,S,1066.15,2,12
2021-06-17 12:50:10,S,1066.25,1,7
2021-06-17 12:50:10,S,1066.3,1,7
2021-06-17 12:50:10,B,1064.55,1,1
2021-06-17 12:50:10,B,1064.5,1,2
2021-06-17 12:50:10,B,1064.45,1,2
2021-06-17 12:50:10,B,1064.4,1,2
2021-06-17 12:50:10,B,1064.35,1,2
2021-06-17 12:50:12,S,1065.85,2,11
2021-06-17 12:50:12,S,1065.95,1,5
2021-06-17 12:50:12,S,1066.15,2,12
2021-06-17 12:50:12,S,1066.25,1,7
2021-06-17 12:50:12,S,1066.3,1,7
2021-06-17 12:50:12,B,1064.55,1,1
2021-06-17 12:50:12,B,1064.5,1,2
2021-06-17 12:50:12,B,1064.45,1,2
2021-06-17 12:50:12,B,1064.4,1,2
2021-06-17 12:50:12,B,1064.35,1,2
2021-06-17 12:50:22,S,1065.85,2,11
2021-06-17 12:50:22,S,1065.95,1,5
2021-06-17 12:50:22,S,1066.15,2,12
2021-06-17 12:50:22,S,1066.25,1,7
2021-06-17 12:50:22,S,1066.3,1,7
2021-06-17 12:50:22,B,1064.55,1,1
2021-06-17 12:50:22,B,1064.5,1,2
2021-06-17 12:50:22,B,1064.45,1,2
2021-06-17 12:50:22,B,1064.4,1,2
2021-06-17 12:50:22,B,1064.35,1,2
2021-06-17 12:50:23,S,1065.75,1,9
2021-06-17 12:50:23,S,1065.8,2,3
2021-06-17 12:50:23,S,1065.95,2,6
2021-06-17 12:50:23,S,1066.15,3,13
2021-06-17 12:50:23,S,1066.25,1,7
2021-06-17 12:50:23,B,1064.55,1,1
2021-06-17 12:50:23,B,1064.5,1,2
2021-06-17 12:50:23,B,1064.45,1,2
2021-06-17 12:50:23,B,1064.4,2,4
2021-06-17 12:50:23,B,1064.35,1,2
2021-06-17 12:50:25,S,1065.75,1,1
2021-06-17 12:50:25,S,1065.9,2,3
2021-06-17 12:50:25,S,1065.95,2,6
2021-06-17 12:50:25,S,1066.1,2,6
2021-06-17 12:50:25,S,1066.15,3,13
2021-06-17 12:50:25,B,1064.55,1,1
2021-06-17 12:50:25,B,1064.5,1,2
2021-06-17 12:50:25,B,1064.45,1,2
2021-06-17 12:50:25,B,1064.4,1,2
2021-06-17 12:50:25,B,1064.35,1,2
2021-06-17 12:50:26,S,1065.7,1,1
2021-06-17 12:50:26,S,1065.9,2,3
2021-06-17 12:50:26,S,1065.95,2,6
2021-06-17 12:50:26,S,1066.1,2,6
2021-06-17 12:50:26,S,1066.15,3,13
2021-06-17 12:50:26,B,1064.55,1,1
2021-06-17 12:50:26,B,1064.5,1,2
2021-06-17 12:50:26,B,1064.45,1,2
2021-06-17 12:50:26,B,1064.4,1,2
2021-06-17 12:50:26,B,1064.35,1,2
2021-06-17 12:50:28,S,1065.7,1,1
2021-06-17 12:50:28,S,1065.9,2,3
2021-06-17 12:50:28,S,1065.95,2,6
2021-06-17 12:50:28,S,1066.1,2,6
2021-06-17 12:50:28,S,1066.15,3,13
2021-06-17 12:50:28,B,1064.55,1,1
2021-06-17 12:50:28,B,1064.5,1,2
2021-06-17 12:50:28,B,1064.45,1,2
2021-06-17 12:50:28,B,1064.4,1,2
2021-06-17 12:50:28,B,1064.35,1,2
2021-06-17 12:50:49,S,1065.7,1,1
2021-06-17 12:50:49,S,1065.9,2,3
2021-06-17 12:50:49,S,1065.95,2,6
2021-06-17 12:50:49,S,1066.1,2,6
2021-06-17 12:50:49,S,1066.15,3,13
2021-06-17 12:50:49,B,1064.55,1,1
2021-06-17 12:50:49,B,1064.5,1,2
2021-06-17 12:50:49,B,1064.45,1,2
2021-06-17 12:50:49,B,1064.4,1,2
2021-06-17 12:50:49,B,1064.35,1,2
2021-06-17 12:51:01,S,1065.7,1,1
2021-06-17 12:51:01,S,1065.9,2,3
2021-06-17 12:51:01,S,1065.95,2,6
2021-06-17 12:51:01,S,1066.1,2,6
2021-06-17 12:51:01,S,1066.15,2,2
2021-06-17 12:51:01,B,1065.0,1,2
2021-06-17 12:51:01,B,1064.55,1,1
2021-06-17 12:51:01,B,1064.5,1,2
2021-06-17 12:51:01,B,1064.45,1,2
2021-06-17 12:51:01,B,1064.4,1,2
2021-06-17 12:51:03,S,1065.7,1,1
2021-06-17 12:51:03,S,1065.95,2,6
2021-06-17 12:51:03,S,1066.1,2,6
2021-06-17 12:51:03,S,1066.15,2,2
2021-06-17 12:51:03,S,1066.25,1,7
2021-06-17 12:51:03,B,1065.0,1,2
2021-06-17 12:51:03,B,1064.55,1,1
2021-06-17 12:51:03,B,1064.5,1,2
2021-06-17 12:51:03,B,1064.45,1,2
2021-06-17 12:51:03,B,1064.4,1,2
2021-06-17 12:51:18,S,1065.7,1,1
2021-06-17 12:51:18,S,1065.95,2,6
2021-06-17 12:51:18,S,1066.1,2,6
2021-06-17 12:51:18,S,1066.15,2,2
2021-06-17 12:51:18,S,1066.2,1,9
2021-06-17 12:51:18,B,1065.0,1,2
2021-06-17 12:51:18,B,1064.55,1,1
2021-06-17 12:51:18,B,1064.5,1,2
2021-06-17 12:51:18,B,1064.45,1,2
2021-06-17 12:51:18,B,1064.4,1,2
2021-06-17 12:51:41,S,1065.7,1,1
2021-06-17 12:51:41,S,1065.95,2,6
2021-06-17 12:51:41,S,1066.1,2,6
2021-06-17 12:51:41,S,1066.15,2,2
2021-06-17 12:51:41,S,1066.2,1,9
2021-06-17 12:51:41,B,1065.0,1,2
2021-06-17 12:51:41,B,1064.8,1,1
2021-06-17 12:51:41,B,1064.75,1,9
2021-06-17 12:51:41,B,1064.5,1,2
2021-06-17 12:51:41,B,1064.45,1,2
2021-06-17 12:51:52,S,1065.7,1,1
2021-06-17 12:51:52,S,1065.95,2,6
2021-06-17 12:51:52,S,1066.1,2,6
2021-06-17 12:51:52,S,1066.15,2,2
2021-06-17 12:51:52,S,1066.2,1,9
2021-06-17 12:51:52,B,1065.0,1,2
2021-06-17 12:51:52,B,1064.55,2,11
2021-06-17 12:51:52,B,1064.5,1,2
2021-06-17 12:51:52,B,1064.45,1,2
2021-06-17 12:51:52,B,1064.4,1,2
2021-06-17 12:51:58,S,1065.7,1,1
2021-06-17 12:51:58,S,1065.95,2,6
2021-06-17 12:51:58,S,1066.1,2,6
2021-06-17 12:51:58,S,1066.15,2,2
2021-06-17 12:51:58,S,1066.2,1,9
2021-06-17 12:51:58,B,1065.0,2,7
2021-06-17 12:51:58,B,1064.55,2,11
2021-06-17 12:51:58,B,1064.5,1,2
2021-06-17 12:51:58,B,1064.45,1,2
2021-06-17 12:51:58,B,1064.4,1,2
2021-06-17 12:52:06,S,1065.7,1,1
2021-06-17 12:52:06,S,1065.95,1,5
2021-06-17 12:52:06,S,1066.1,1,5
2021-06-17 12:52:06,S,1066.15,1,1
2021-06-17 12:52:06,S,1066.25,1,7
2021-06-17 12:52:06,B,1065.05,3,16
2021-06-17 12:52:06,B,1065.0,3,69
2021-06-17 12:52:06,B,1064.6,2,4
2021-06-17 12:52:06,B,1064.5,1,2
2021-06-17 12:52:06,B,1064.45,2,14
2021-06-17 12:52:07,S,1064.95,1,1
2021-06-17 12:52:07,S,1065.0,1,10
2021-06-17 12:52:07,S,1065.2,1,2
2021-06-17 12:52:07,S,1065.25,1,10
2021-06-17 12:52:07,S,1065.3,1,2
2021-06-17 12:52:07,B,1063.65,1,1
2021-06-17 12:52:07,B,1063.6,1,7
2021-06-17 12:52:07,B,1063.3,1,5
2021-06-17 12:52:07,B,1063.25,2,13
2021-06-17 12:52:07,B,1063.1,2,34
2021-06-17 12:52:09,S,1064.7,1,1
2021-06-17 12:52:09,S,1064.75,1,10
2021-06-17 12:52:09,S,1064.95,1,1
2021-06-17 12:52:09,S,1065.1,1,2
2021-06-17 12:52:09,S,1065.15,1,2
2021-06-17 12:52:09,B,1063.65,1,1
2021-06-17 12:52:09,B,1063.6,1,7
2021-06-17 12:52:09,B,1063.35,1,7
2021-06-17 12:52:09,B,1063.3,1,5
2021-06-17 12:52:09,B,1063.25,2,13
2021-06-17 12:52:10,S,1064.65,1,1
2021-06-17 12:52:10,S,1064.7,1,1
2021-06-17 12:52:10,S,1064.9,1,10
2021-06-17 12:52:10,S,1064.95,1,10
2021-06-17 12:52:10,S,1065.1,1,2
2021-06-17 12:52:10,B,1063.65,1,1
2021-06-17 12:52:10,B,1063.6,1,7
2021-06-17 12:52:10,B,1063.45,1,1
2021-06-17 12:52:10,B,1063.35,1,7
2021-06-17 12:52:10,B,1063.3,1,5
2021-06-17 12:52:12,S,1064.65,1,1
2021-06-17 12:52:12,S,1064.85,1,1
2021-06-17 12:52:12,S,1064.9,1,10
2021-06-17 12:52:12,S,1064.95,1,10
2021-06-17 12:52:12,S,1065.1,1,2
2021-06-17 12:52:12,B,1063.65,1,1
2021-06-17 12:52:12,B,1063.6,1,7
2021-06-17 12:52:12,B,1063.45,1,1
2021-06-17 12:52:12,B,1063.35,1,7
2021-06-17 12:52:12,B,1063.3,2,14
2021-06-17 12:52:24,S,1064.65,1,1
2021-06-17 12:52:24,S,1064.85,1,1
2021-06-17 12:52:24,S,1064.9,1,10
2021-06-17 12:52:24,S,1064.95,1,10
2021-06-17 12:52:24,S,1065.1,1,2
2021-06-17 12:52:24,B,1063.65,1,1
2021-06-17 12:52:24,B,1063.6,1,7
2021-06-17 12:52:24,B,1063.45,1,1
2021-06-17 12:52:24,B,1063.35,1,7
2021-06-17 12:52:24,B,1063.3,2,14
2021-06-17 12:52:30,S,1064.65,1,1
2021-06-17 12:52:30,S,1064.85,1,1
2021-06-17 12:52:30,S,1064.9,1,10
2021-06-17 12:52:30,S,1064.95,1,10
2021-06-17 12:52:30,S,1065.1,1,2
2021-06-17 12:52:30,B,1063.65,1,1
2021-06-17 12:52:30,B,1063.6,1,7
2021-06-17 12:52:30,B,1063.45,1,1
2021-06-17 12:52:30,B,1063.35,1,7
2021-06-17 12:52:30,B,1063.3,2,14
2021-06-17 12:52:36,S,1064.65,1,1
2021-06-17 12:52:36,S,1064.85,1,1
2021-06-17 12:52:36,S,1064.9,1,10
2021-06-17 12:52:36,S,1064.95,1,10
2021-06-17 12:52:36,S,1065.1,1,2
2021-06-17 12:52:36,B,1063.65,1,1
2021-06-17 12:52:36,B,1063.6,1,7
2021-06-17 12:52:36,B,1063.45,1,1
2021-06-17 12:52:36,B,1063.35,1,7
2021-06-17 12:52:36,B,1063.3,2,14
2021-06-17 12:52:37,S,1064.2,1,10
2021-06-17 12:52:37,S,1064.4,2,2
2021-06-17 12:52:37,S,1064.6,1,4
2021-06-17 12:52:37,S,1064.65,1,11
2021-06-17 12:52:37,S,1064.7,1,2
2021-06-17 12:52:37,B,1063.1,2,34
2021-06-17 12:52:37,B,1063.0,2,10
2021-06-17 12:52:37,B,1062.9,1,2
2021-06-17 12:52:37,B,1062.75,1,10
2021-06-17 12:52:37,B,1062.7,1,3
2021-06-17 12:52:39,S,1063.85,2,10
2021-06-17 12:52:39,S,1063.9,1,5
2021-06-17 12:52:39,S,1064.15,1,1
2021-06-17 12:52:39,S,1064.2,1,2
2021-06-17 12:52:39,S,1064.35,1,12
2021-06-17 12:52:39,B,1063.1,2,34
2021-06-17 12:52:39,B,1063.0,2,10
2021-06-17 12:52:39,B,1062.35,1,11
2021-06-17 12:52:39,B,1062.3,2,9
2021-06-17 12:52:39,B,1062.2,1,10
2021-06-17 12:52:44,S,1063.85,2,10
2021-06-17 12:52:44,S,1063.9,1,5
2021-06-17 12:52:44,S,1064.15,1,1
2021-06-17 12:52:44,S,1064.2,1,2
2021-06-17 12:52:44,S,1064.35,1,12
2021-06-17 12:52:44,B,1063.1,2,34
2021-06-17 12:52:44,B,1063.0,2,10
2021-06-17 12:52:44,B,1062.35,1,11
2021-06-17 12:52:44,B,1062.3,2,9
2021-06-17 12:52:44,B,1062.2,1,10
2021-06-17 12:53:08,S,1063.85,2,10
2021-06-17 12:53:08,S,1063.9,1,5
2021-06-17 12:53:08,S,1064.15,1,1
2021-06-17 12:53:08,S,1064.2,1,2
2021-06-17 12:53:08,S,1064.35,1,12
2021-06-17 12:53:08,B,1063.1,2,34
2021-06-17 12:53:08,B,1063.0,2,10
2021-06-17 12:53:08,B,1062.35,1,11
2021-06-17 12:53:08,B,1062.3,2,9
2021-06-17 12:53:08,B,1062.2,1,10
2021-06-17 12:53:34,S,1063.85,1,1
2021-06-17 12:53:34,S,1064.2,2,11
2021-06-17 12:53:34,S,1064.3,2,4
2021-06-17 12:53:34,S,1064.35,1,12
2021-06-17 12:53:34,S,1064.6,2,9
2021-06-17 12:53:34,B,1063.1,2,34
2021-06-17 12:53:34,B,1063.0,2,10
2021-06-17 12:53:34,B,1062.75,1,10
2021-06-17 12:53:34,B,1062.7,1,2
2021-06-17 12:53:34,B,1062.4,2,5
2021-06-17 12:53:36,S,1063.85,1,1
2021-06-17 12:53:36,S,1064.2,2,3
2021-06-17 12:53:36,S,1064.25,1,3
2021-06-17 12:53:36,S,1064.3,1,3
2021-06-17 12:53:36,S,1064.35,2,22
2021-06-17 12:53:36,B,1063.1,2,34
2021-06-17 12:53:36,B,1063.0,2,10
2021-06-17 12:53:36,B,1062.75,1,10
2021-06-17 12:53:36,B,1062.7,1,2
2021-06-17 12:53:36,B,1062.4,2,5
2021-06-17 12:53:42,S,1063.85,1,1
2021-06-17 12:53:42,S,1064.2,2,3
2021-06-17 12:53:42,S,1064.25,1,3
2021-06-17 12:53:42,S,1064.3,1,3
2021-06-17 12:53:42,S,1064.35,2,22
2021-06-17 12:53:42,B,1063.1,2,34
2021-06-17 12:53:42,B,1063.0,2,10
2021-06-17 12:53:42,B,1062.75,1,10
2021-06-17 12:53:42,B,1062.7,1,2
2021-06-17 12:53:42,B,1062.4,2,5
2021-06-17 12:53:42,S,1062.8,2,7
2021-06-17 12:53:42,S,1062.85,2,13
2021-06-17 12:53:42,S,1062.95,1,6
2021-06-17 12:53:42,S,1063.0,1,5
2021-06-17 12:53:42,S,1063.05,1,7
2021-06-17 12:53:42,B,1060.55,3,3
2021-06-17 12:53:42,B,1060.5,2,22
2021-06-17 12:53:42,B,1060.45,4,19
2021-06-17 12:53:42,B,1060.4,1,7
2021-06-17 12:53:42,B,1060.35,2,9
2021-06-17 12:53:43,S,1062.25,2,2
2021-06-17 12:53:43,S,1062.55,1,7
2021-06-17 12:53:43,S,1062.6,1,7
2021-06-17 12:53:43,S,1062.65,1,3
2021-06-17 12:53:43,S,1062.7,1,7
2021-06-17 12:53:43,B,1060.95,2,11
2021-06-17 12:53:43,B,1060.8,1,2
2021-06-17 12:53:43,B,1060.6,1,7
2021-06-17 12:53:43,B,1060.55,3,19
2021-06-17 12:53:43,B,1060.45,3,15
2021-06-17 12:53:45,S,1062.25,3,11
2021-06-17 12:53:45,S,1062.55,1,7
2021-06-17 12:53:45,S,1062.6,1,7
2021-06-17 12:53:45,S,1062.65,1,3
2021-06-17 12:53:45,S,1062.7,1,7
2021-06-17 12:53:45,B,1060.95,2,11
2021-06-17 12:53:45,B,1060.8,1,2
2021-06-17 12:53:45,B,1060.75,1,10
2021-06-17 12:53:45,B,1060.6,1,7
2021-06-17 12:53:45,B,1060.55,3,19
2021-06-17 12:53:56,S,1062.25,2,2
2021-06-17 12:53:56,S,1062.4,1,9
2021-06-17 12:53:56,S,1062.55,1,7
2021-06-17 12:53:56,S,1062.6,1,7
2021-06-17 12:53:56,S,1062.65,1,3
2021-06-17 12:53:56,B,1060.95,2,11
2021-06-17 12:53:56,B,1060.8,1,2
2021-06-17 12:53:56,B,1060.75,1,10
2021-06-17 12:53:56,B,1060.6,1,7
2021-06-17 12:53:56,B,1060.55,3,19
2021-06-17 12:54:01,S,1062.25,2,2
2021-06-17 12:54:01,S,1062.4,1,9
2021-06-17 12:54:01,S,1062.55,1,7
2021-06-17 12:54:01,S,1062.6,1,7
2021-06-17 12:54:01,S,1062.65,1,3
2021-06-17 12:54:01,B,1060.95,2,11
2021-06-17 12:54:01,B,1060.8,1,2
2021-06-17 12:54:01,B,1060.75,1,10
2021-06-17 12:54:01,B,1060.6,1,7
2021-06-17 12:54:01,B,1060.55,3,19
2021-06-17 12:55:16,S,1062.25,1,1
2021-06-17 12:55:16,S,1062.3,1,6
2021-06-17 12:55:16,S,1062.35,1,5
2021-06-17 12:55:16,S,1062.4,1,9
2021-06-17 12:55:16,S,1062.55,1,7
2021-06-17 12:55:16,B,1060.95,2,11
2021-06-17 12:55:16,B,1060.8,1,2
2021-06-17 12:55:16,B,1060.75,1,10
2021-06-17 12:55:16,B,1060.6,1,7
2021-06-17 12:55:16,B,1060.55,3,19
2021-06-17 12:55:22,S,1062.25,1,1
2021-06-17 12:55:22,S,1062.3,1,6
2021-06-17 12:55:22,S,1062.35,1,5
2021-06-17 12:55:22,S,1062.4,2,11
2021-06-17 12:55:22,S,1062.55,1,7
2021-06-17 12:55:22,B,1060.95,2,11
2021-06-17 12:55:22,B,1060.8,1,2
2021-06-17 12:55:22,B,1060.75,1,10
2021-06-17 12:55:22,B,1060.6,1,7
2021-06-17 12:55:22,B,1060.55,3,19
2021-06-17 12:55:28,S,1062.25,2,11
2021-06-17 12:55:28,S,1062.3,1,6
2021-06-17 12:55:28,S,1062.35,1,5
2021-06-17 12:55:28,S,1062.4,1,2
2021-06-17 12:55:28,S,1062.55,1,7
2021-06-17 12:55:28,B,1060.95,2,11
2021-06-17 12:55:28,B,1060.8,1,2
2021-06-17 12:55:28,B,1060.75,1,10
2021-06-17 12:55:28,B,1060.6,1,7
2021-06-17 12:55:28,B,1060.55,3,19
2021-06-17 12:55:39,S,1062.25,2,11
2021-06-17 12:55:39,S,1062.3,1,6
2021-06-17 12:55:39,S,1062.35,1,5
2021-06-17 12:55:39,S,1062.4,1,2
2021-06-17 12:55:39,S,1062.55,1,7
2021-06-17 12:55:39,B,1060.95,2,11
2021-06-17 12:55:39,B,1060.8,1,2
2021-06-17 12:55:39,B,1060.75,1,10
2021-06-17 12:55:39,B,1060.6,1,7
2021-06-17 12:55:39,B,1060.55,3,19
2021-06-17 12:55:40,S,1063.25,1,7
2021-06-17 12:55:40,S,1063.3,1,10
2021-06-17 12:55:40,S,1063.45,1,9
2021-06-17 12:55:40,S,1063.75,2,16
2021-06-17 12:55:40,S,1064.0,1,1
2021-06-17 12:55:40,B,1061.55,2,2
2021-06-17 12:55:40,B,1061.5,1,9
2021-06-17 12:55:40,B,1061.45,1,1
2021-06-17 12:55:40,B,1061.15,1,10
2021-06-17 12:55:40,B,1060.95,1,7
2021-06-17 12:55:41,S,1063.9,2,9
2021-06-17 12:55:41,S,1063.95,2,12
2021-06-17 12:55:41,S,1064.0,2,11
2021-06-17 12:55:41,S,1064.05,1,12
2021-06-17 12:55:41,S,1064.15,1,9
2021-06-17 12:55:41,B,1061.7,1,1
2021-06-17 12:55:41,B,1061.65,2,6
2021-06-17 12:55:41,B,1061.6,2,8
2021-06-17 12:55:41,B,1061.55,2,13
2021-06-17 12:55:41,B,1061.5,2,8
2021-06-17 12:55:42,S,1063.85,1,8
2021-06-17 12:55:42,S,1063.9,2,2
2021-06-17 12:55:42,S,1063.95,2,12
2021-06-17 12:55:42,S,1064.0,1,7
2021-06-17 12:55:42,S,1064.05,1,12
2021-06-17 12:55:42,B,1062.1,1,1
2021-06-17 12:55:42,B,1062.05,1,10
2021-06-17 12:55:42,B,1061.85,1,2
2021-06-17 12:55:42,B,1061.8,3,9
2021-06-17 12:55:42,B,1061.75,1,11
2021-06-17 12:56:31,S,1063.8,2,11
2021-06-17 12:56:31,S,1063.95,2,12
2021-06-17 12:56:31,S,1064.0,2,8
2021-06-17 12:56:31,S,1064.1,1,1
2021-06-17 12:56:31,S,1064.15,1,9
2021-06-17 12:56:31,B,1062.1,1,1
2021-06-17 12:56:31,B,1062.05,1,10
2021-06-17 12:56:31,B,1061.85,1,2
2021-06-17 12:56:31,B,1061.8,3,9
2021-06-17 12:56:31,B,1061.75,1,11
2021-06-17 12:56:44,S,1063.8,1,1
2021-06-17 12:56:44,S,1063.85,1,7
2021-06-17 12:56:44,S,1063.9,1,7
2021-06-17 12:56:44,S,1063.95,3,21
2021-06-17 12:56:44,S,1064.0,2,8
2021-06-17 12:56:44,B,1062.1,1,1
2021-06-17 12:56:44,B,1062.05,1,10
2021-06-17 12:56:44,B,1061.85,1,2
2021-06-17 12:56:44,B,1061.8,3,9
2021-06-17 12:56:44,B,1061.75,1,11
2021-06-17 12:56:51,S,1063.8,1,1
2021-06-17 12:56:51,S,1063.85,1,7
2021-06-17 12:56:51,S,1063.9,1,7
2021-06-17 12:56:51,S,1063.95,3,21
2021-06-17 12:56:51,S,1064.0,2,8
2021-06-17 12:56:51,B,1062.1,1,1
2021-06-17 12:56:51,B,1062.05,1,10
2021-06-17 12:56:51,B,1061.85,1,2
2021-06-17 12:56:51,B,1061.8,3,9
2021-06-17 12:56:51,B,1061.75,1,11
2021-06-17 12:56:53,S,1063.8,2,10
2021-06-17 12:56:53,S,1063.85,1,7
2021-06-17 12:56:53,S,1063.9,1,7
2021-06-17 12:56:53,S,1063.95,2,12
2021-06-17 12:56:53,S,1064.0,2,8
2021-06-17 12:56:53,B,1062.1,1,1
2021-06-17 12:56:53,B,1062.05,1,10
2021-06-17 12:56:53,B,1061.85,1,2
2021-06-17 12:56:53,B,1061.8,3,9
2021-06-17 12:56:53,B,1061.75,1,11
2021-06-17 12:57:13,S,1063.8,2,6
2021-06-17 12:57:13,S,1063.85,1,7
2021-06-17 12:57:13,S,1063.9,1,7
2021-06-17 12:57:13,S,1063.95,2,12
2021-06-17 12:57:13,S,1064.0,2,8
2021-06-17 12:57:13,B,1062.1,1,1
2021-06-17 12:57:13,B,1062.05,1,10
2021-06-17 12:57:13,B,1061.85,1,2
2021-06-17 12:57:13,B,1061.8,3,9
2021-06-17 12:57:13,B,1061.75,1,11
2021-06-17 12:57:34,S,1063.8,2,6
2021-06-17 12:57:34,S,1063.85,1,7
2021-06-17 12:57:34,S,1063.9,1,7
2021-06-17 12:57:34,S,1063.95,2,12
2021-06-17 12:57:34,S,1064.0,2,8
2021-06-17 12:57:34,B,1062.1,1,1
2021-06-17 12:57:34,B,1062.05,1,10
2021-06-17 12:57:34,B,1061.85,1,2
2021-06-17 12:57:34,B,1061.8,3,9
2021-06-17 12:57:34,B,1061.75,1,11
2021-06-17 12:57:49,S,1063.8,2,2
2021-06-17 12:57:49,S,1063.85,1,7
2021-06-17 12:57:49,S,1063.9,1,7
2021-06-17 12:57:49,S,1063.95,2,12
2021-06-17 12:57:49,S,1064.0,2,8
2021-06-17 12:57:49,B,1062.1,1,1
2021-06-17 12:57:49,B,1062.05,1,10
2021-06-17 12:57:49,B,1061.85,1,2
2021-06-17 12:57:49,B,1061.8,3,9
2021-06-17 12:57:49,B,1061.75,1,11
2021-06-17 12:57:51,S,1063.8,2,2
2021-06-17 12:57:51,S,1063.85,1,7
2021-06-17 12:57:51,S,1063.9,1,7
2021-06-17 12:57:51,S,1063.95,2,12
2021-06-17 12:57:51,S,1064.0,2,8
2021-06-17 12:57:51,B,1062.1,1,1
2021-06-17 12:57:51,B,1062.05,1,10
2021-06-17 12:57:51,B,1061.85,1,2
2021-06-17 12:57:51,B,1061.8,3,9
2021-06-17 12:57:51,B,1061.75,1,11
2021-06-17 12:58:15,S,1064.0,1,7
2021-06-17 12:58:15,S,1064.2,1,7
2021-06-17 12:58:15,S,1064.25,2,8
2021-06-17 12:58:15,S,1064.3,1,7
2021-06-17 12:58:15,S,1064.35,1,12
2021-06-17 12:58:15,B,1062.15,2,6
2021-06-17 12:58:15,B,1062.1,1,7
2021-06-17 12:58:15,B,1062.05,1,11
2021-06-17 12:58:15,B,1062.0,1,1
2021-06-17 12:58:15,B,1061.9,1,7
2021-06-17 12:58:17,S,1064.0,2,8
2021-06-17 12:58:17,S,1064.1,1,3
2021-06-17 12:58:17,S,1064.15,1,10
2021-06-17 12:58:17,S,1064.2,1,7
2021-06-17 12:58:17,S,1064.25,2,8
2021-06-17 12:58:17,B,1062.35,1,1
2021-06-17 12:58:17,B,1062.3,1,2
2021-06-17 12:58:17,B,1062.2,1,7
2021-06-17 12:58:17,B,1062.15,1,5
2021-06-17 12:58:17,B,1062.1,1,7
2021-06-17 12:58:18,S,1064.0,2,8
2021-06-17 12:58:18,S,1064.1,1,3
2021-06-17 12:58:18,S,1064.15,1,10
2021-06-17 12:58:18,S,1064.2,1,7
2021-06-17 12:58:18,S,1064.25,2,8
2021-06-17 12:58:18,B,1062.55,1,1
2021-06-17 12:58:18,B,1062.5,1,9
2021-06-17 12:58:18,B,1062.3,1,2
2021-06-17 12:58:18,B,1062.2,1,7
2021-06-17 12:58:18,B,1062.15,1,5
2021-06-17 12:58:34,S,1064.0,2,8
2021-06-17 12:58:34,S,1064.1,1,3
2021-06-17 12:58:34,S,1064.15,1,10
2021-06-17 12:58:34,S,1064.2,1,7
2021-06-17 12:58:34,S,1064.25,2,8
2021-06-17 12:58:34,B,1062.55,1,1
2021-06-17 12:58:34,B,1062.5,1,9
2021-06-17 12:58:34,B,1062.3,1,2
2021-06-17 12:58:34,B,1062.2,1,7
2021-06-17 12:58:34,B,1062.15,1,5
2021-06-17 12:58:51,S,1064.0,2,8
2021-06-17 12:58:51,S,1064.1,1,3
2021-06-17 12:58:51,S,1064.15,1,10
2021-06-17 12:58:51,S,1064.2,1,7
2021-06-17 12:58:51,S,1064.25,2,8
2021-06-17 12:58:51,B,1062.55,1,1
2021-06-17 12:58:51,B,1062.5,1,9
2021-06-17 12:58:51,B,1062.3,1,2
2021-06-17 12:58:51,B,1062.2,1,7
2021-06-17 12:58:51,B,1062.15,1,5
2021-06-17 12:58:54,S,1064.0,2,8
2021-06-17 12:58:54,S,1064.1,1,3
2021-06-17 12:58:54,S,1064.15,1,10
2021-06-17 12:58:54,S,1064.2,1,7
2021-06-17 12:58:54,S,1064.25,2,8
2021-06-17 12:58:54,B,1062.55,1,1
2021-06-17 12:58:54,B,1062.5,1,9
2021-06-17 12:58:54,B,1062.3,1,2
2021-06-17 12:58:54,B,1062.2,1,7
2021-06-17 12:58:54,B,1062.15,1,5
2021-06-17 12:58:57,S,1064.0,2,8
2021-06-17 12:58:57,S,1064.1,1,3
2021-06-17 12:58:57,S,1064.15,1,10
2021-06-17 12:58:57,S,1064.2,1,7
2021-06-17 12:58:57,S,1064.25,2,8
2021-06-17 12:58:57,B,1062.55,1,1
2021-06-17 12:58:57,B,1062.5,1,9
2021-06-17 12:58:57,B,1062.3,1,2
2021-06-17 12:58:57,B,1062.2,1,7
2021-06-17 12:58:57,B,1062.15,1,5
2021-06-17 12:58:58,S,1063.9,1,1
2021-06-17 12:58:58,S,1063.95,1,10
2021-06-17 12:58:58,S,1064.0,2,8
2021-06-17 12:58:58,S,1064.1,1,3
2021-06-17 12:58:58,S,1064.15,1,10
2021-06-17 12:58:58,B,1062.35,1,1
2021-06-17 12:58:58,B,1062.3,1,2
2021-06-17 12:58:58,B,1062.25,1,7
2021-06-17 12:58:58,B,1062.2,1,7
2021-06-17 12:58:58,B,1062.1,1,7
2021-06-17 12:58:59,S,1063.9,2,2
2021-06-17 12:58:59,S,1063.95,1,10
2021-06-17 12:58:59,S,1064.0,1,7
2021-06-17 12:58:59,S,1064.1,1,3
2021-06-17 12:58:59,S,1064.15,1,10
2021-06-17 12:58:59,B,1062.5,1,1
2021-06-17 12:58:59,B,1062.45,1,9
2021-06-17 12:58:59,B,1062.3,1,2
2021-06-17 12:58:59,B,1062.25,1,7
2021-06-17 12:58:59,B,1062.2,1,7
2021-06-17 12:59:03,S,1063.8,1,1
2021-06-17 12:59:03,S,1063.85,2,10
2021-06-17 12:59:03,S,1064.0,1,7
2021-06-17 12:59:03,S,1064.1,1,3
2021-06-17 12:59:03,S,1064.15,1,10
2021-06-17 12:59:03,B,1062.35,2,11
2021-06-17 12:59:03,B,1062.3,1,2
2021-06-17 12:59:03,B,1062.25,1,7
2021-06-17 12:59:03,B,1062.2,1,7
2021-06-17 12:59:03,B,1062.1,1,7
2021-06-17 12:59:24,S,1063.8,1,1
2021-06-17 12:59:24,S,1063.85,1,9
2021-06-17 12:59:24,S,1064.0,1,7
2021-06-17 12:59:24,S,1064.1,1,3
2021-06-17 12:59:24,S,1064.15,1,10
2021-06-17 12:59:24,B,1062.35,2,11
2021-06-17 12:59:24,B,1062.3,1,2
2021-06-17 12:59:24,B,1062.25,1,7
2021-06-17 12:59:24,B,1062.2,1,7
2021-06-17 12:59:24,B,1062.1,1,7
2021-06-17 12:59:28,S,1063.8,1,1
2021-06-17 12:59:28,S,1063.85,1,9
2021-06-17 12:59:28,S,1064.0,1,7
2021-06-17 12:59:28,S,1064.1,1,3
2021-06-17 12:59:28,S,1064.15,1,10
2021-06-17 12:59:28,B,1062.35,2,11
2021-06-17 12:59:28,B,1062.3,1,2
2021-06-17 12:59:28,B,1062.25,1,7
2021-06-17 12:59:28,B,1062.2,1,7
2021-06-17 12:59:28,B,1062.1,1,7
2021-06-17 12:59:50,S,1063.8,1,1
2021-06-17 12:59:50,S,1063.9,1,7
2021-06-17 12:59:50,S,1063.95,1,7
2021-06-17 12:59:50,S,1064.0,2,16
2021-06-17 12:59:50,S,1064.1,1,3
2021-06-17 12:59:50,B,1062.35,2,11
2021-06-17 12:59:50,B,1062.3,1,2
2021-06-17 12:59:50,B,1062.25,1,7
2021-06-17 12:59:50,B,1062.2,1,7
2021-06-17 12:59:50,B,1062.1,1,7
2021-06-17 12:59:52,S,1063.8,1,1
2021-06-17 12:59:52,S,1063.9,1,7
2021-06-17 12:59:52,S,1063.95,1,7
2021-06-17 12:59:52,S,1064.0,2,16
2021-06-17 12:59:52,S,1064.1,1,3
2021-06-17 12:59:52,B,1062.7,1,15
2021-06-17 12:59:52,B,1062.35,2,11
2021-06-17 12:59:52,B,1062.3,1,2
2021-06-17 12:59:52,B,1062.25,1,7
2021-06-17 12:59:52,B,1062.2,1,7
2021-06-17 12:59:52,S,1063.8,1,1
2021-06-17 12:59:52,S,1063.9,1,7
2021-06-17 12:59:52,S,1063.95,1,7
2021-06-17 12:59:52,S,1064.0,2,16
2021-06-17 12:59:52,S,1064.1,1,3
2021-06-17 12:59:52,B,1062.7,1,15
2021-06-17 12:59:52,B,1062.35,2,11
2021-06-17 12:59:52,B,1062.3,1,2
2021-06-17 12:59:52,B,1062.25,1,7
2021-06-17 12:59:52,B,1062.2,1,7
2021-06-17 12:59:54,S,1063.8,1,1
2021-06-17 12:59:54,S,1063.9,1,7
2021-06-17 12:59:54,S,1063.95,1,7
2021-06-17 12:59:54,S,1064.0,2,16
2021-06-17 12:59:54,S,1064.05,1,10
2021-06-17 12:59:54,B,1062.7,1,10
2021-06-17 12:59:54,B,1062.35,2,11
2021-06-17 12:59:54,B,1062.3,1,2
2021-06-17 12:59:54,B,1062.25,1,7
2021-06-17 12:59:54,B,1062.2,1,7
2021-06-17 12:59:57,S,1063.8,1,1
2021-06-17 12:59:57,S,1063.85,1,9
2021-06-17 12:59:57,S,1063.9,1,7
2021-06-17 12:59:57,S,1063.95,1,7
2021-06-17 12:59:57,S,1064.0,1,7
2021-06-17 12:59:57,B,1062.7,1,10
2021-06-17 12:59:57,B,1062.35,2,11
2021-06-17 12:59:57,B,1062.3,1,2
2021-06-17 12:59:57,B,1062.25,1,7
2021-06-17 12:59:57,B,1062.2,1,7
2021-06-17 13:00:01,S,1063.8,1,1
2021-06-17 13:00:01,S,1063.85,1,9
2021-06-17 13:00:01,S,1063.9,1,7
2021-06-17 13:00:01,S,1063.95,1,7
2021-06-17 13:00:01,S,1064.0,1,7
2021-06-17 13:00:01,B,1062.7,1,10
2021-06-17 13:00:01,B,1062.35,2,11
2021-06-17 13:00:01,B,1062.3,1,2
2021-06-17 13:00:01,B,1062.25,1,7
2021-06-17 13:00:01,B,1062.2,1,7
2021-06-17 13:00:16,S,1063.55,1,10
2021-06-17 13:00:16,S,1063.75,1,6
2021-06-17 13:00:16,S,1063.8,1,1
2021-06-17 13:00:16,S,1063.9,1,7
2021-06-17 13:00:16,S,1063.95,1,7
2021-06-17 13:00:16,B,1062.7,1,10
2021-06-17 13:00:16,B,1062.35,1,1
2021-06-17 13:00:16,B,1062.3,1,2
2021-06-17 13:00:16,B,1062.25,1,7
2021-06-17 13:00:16,B,1062.2,1,7
2021-06-17 13:00:19,S,1063.55,1,10
2021-06-17 13:00:19,S,1063.75,2,7
2021-06-17 13:00:19,S,1063.9,1,7
2021-06-17 13:00:19,S,1063.95,1,7
2021-06-17 13:00:19,S,1064.0,1,7
2021-06-17 13:00:19,B,1062.7,1,10
2021-06-17 13:00:19,B,1062.35,1,1
2021-06-17 13:00:19,B,1062.3,1,2
2021-06-17 13:00:19,B,1062.25,1,7
2021-06-17 13:00:19,B,1062.2,1,7
2021-06-17 13:00:22,S,1063.75,2,7
2021-06-17 13:00:22,S,1063.8,1,10
2021-06-17 13:00:22,S,1063.9,1,7
2021-06-17 13:00:22,S,1063.95,1,7
2021-06-17 13:00:22,S,1064.0,1,7
2021-06-17 13:00:22,B,1062.7,1,10
2021-06-17 13:00:22,B,1062.35,1,1
2021-06-17 13:00:22,B,1062.3,1,2
2021-06-17 13:00:22,B,1062.25,1,7
2021-06-17 13:00:22,B,1062.2,1,7
2021-06-17 13:00:30,S,1063.75,2,7
2021-06-17 13:00:30,S,1063.9,1,7
2021-06-17 13:00:30,S,1063.95,1,7
2021-06-17 13:00:30,S,1064.0,2,17
2021-06-17 13:00:30,S,1064.05,1,10
2021-06-17 13:00:30,B,1062.7,1,10
2021-06-17 13:00:30,B,1062.35,1,1
2021-06-17 13:00:30,B,1062.3,1,2
2021-06-17 13:00:30,B,1062.25,1,7
2021-06-17 13:00:30,B,1062.2,1,7
2021-06-17 13:00:40,S,1063.75,2,7
2021-06-17 13:00:40,S,1063.9,1,7
2021-06-17 13:00:40,S,1063.95,1,7
2021-06-17 13:00:40,S,1064.0,2,17
2021-06-17 13:00:40,S,1064.05,1,10
2021-06-17 13:00:40,B,1062.7,1,10
2021-06-17 13:00:40,B,1062.35,1,1
2021-06-17 13:00:40,B,1062.3,1,2
2021-06-17 13:00:40,B,1062.25,1,7
2021-06-17 13:00:40,B,1062.2,1,7
2021-06-17 13:00:42,S,1064.7,1,7
2021-06-17 13:00:42,S,1064.75,1,2
2021-06-17 13:00:42,S,1064.85,1,2
2021-06-17 13:00:42,S,1064.9,2,2
2021-06-17 13:00:42,S,1064.95,1,10
2021-06-17 13:00:42,B,1063.0,1,1
2021-06-17 13:00:42,B,1062.95,1,10
2021-06-17 13:00:42,B,1062.7,1,10
2021-06-17 13:00:42,B,1062.65,1,9
2021-06-17 13:00:42,B,1062.45,1,1
2021-06-17 13:00:43,S,1064.7,1,7
2021-06-17 13:00:43,S,1064.85,1,2
2021-06-17 13:00:43,S,1064.9,3,12
2021-06-17 13:00:43,S,1064.95,1,10
2021-06-17 13:00:43,S,1065.0,1,9
2021-06-17 13:00:43,B,1063.3,1,1
2021-06-17 13:00:43,B,1063.25,1,9
2021-06-17 13:00:43,B,1062.95,1,9
2021-06-17 13:00:43,B,1062.8,1,7
2021-06-17 13:00:43,B,1062.75,2,3
2021-06-17 13:00:45,S,1064.7,2,8
2021-06-17 13:00:45,S,1064.85,1,2
2021-06-17 13:00:45,S,1064.9,3,12
2021-06-17 13:00:45,S,1064.95,1,10
2021-06-17 13:00:45,S,1065.0,1,9
2021-06-17 13:00:45,B,1063.3,1,1
2021-06-17 13:00:45,B,1063.25,1,9
2021-06-17 13:00:45,B,1062.95,1,9
2021-06-17 13:00:45,B,1062.8,1,7
2021-06-17 13:00:45,B,1062.75,1,2
2021-06-17 13:00:57,S,1064.7,2,8
2021-06-17 13:00:57,S,1064.85,1,2
2021-06-17 13:00:57,S,1064.9,3,12
2021-06-17 13:00:57,S,1065.0,1,9
2021-06-17 13:00:57,S,1065.25,1,10
2021-06-17 13:00:57,B,1063.3,1,1
2021-06-17 13:00:57,B,1063.25,1,9
2021-06-17 13:00:57,B,1062.95,1,9
2021-06-17 13:00:57,B,1062.8,1,7
2021-06-17 13:00:57,B,1062.75,1,2
2021-06-17 13:00:59,S,1064.7,2,8
2021-06-17 13:00:59,S,1064.85,1,2
2021-06-17 13:00:59,S,1064.9,3,12
2021-06-17 13:00:59,S,1065.0,1,9
2021-06-17 13:00:59,S,1065.25,1,10
2021-06-17 13:00:59,B,1063.3,1,1
2021-06-17 13:00:59,B,1063.25,1,9
2021-06-17 13:00:59,B,1062.95,1,9
2021-06-17 13:00:59,B,1062.8,1,7
2021-06-17 13:00:59,B,1062.75,1,2
2021-06-17 13:01:25,S,1064.7,2,8
2021-06-17 13:01:25,S,1064.85,1,2
2021-06-17 13:01:25,S,1064.9,3,12
2021-06-17 13:01:25,S,1065.0,1,9
2021-06-17 13:01:25,S,1065.25,1,10
2021-06-17 13:01:25,B,1063.3,1,1
2021-06-17 13:01:25,B,1063.25,1,9
2021-06-17 13:01:25,B,1062.95,1,9
2021-06-17 13:01:25,B,1062.8,1,7
2021-06-17 13:01:25,B,1062.75,1,2
2021-06-17 13:01:26,S,1065.95,1,5
2021-06-17 13:01:26,S,1066.4,1,7
2021-06-17 13:01:26,S,1066.45,2,13
2021-06-17 13:01:26,S,1066.7,2,18
2021-06-17 13:01:26,S,1066.75,3,17
2021-06-17 13:01:26,B,1064.95,1,9
2021-06-17 13:01:26,B,1064.8,1,1
2021-06-17 13:01:26,B,1064.75,1,12
2021-06-17 13:01:26,B,1064.5,2,8
2021-06-17 13:01:26,B,1064.45,2,18
2021-06-17 13:01:28,S,1065.95,1,5
2021-06-17 13:01:28,S,1066.4,1,7
2021-06-17 13:01:28,S,1066.45,2,13
2021-06-17 13:01:28,S,1066.7,2,18
2021-06-17 13:01:28,S,1066.75,3,17
2021-06-17 13:01:28,B,1064.95,1,9
2021-06-17 13:01:28,B,1064.8,1,1
2021-06-17 13:01:28,B,1064.75,1,12
2021-06-17 13:01:28,B,1064.5,2,8
2021-06-17 13:01:28,B,1064.45,2,18
2021-06-17 13:01:29,S,1065.95,2,6
2021-06-17 13:01:29,S,1066.4,1,7
2021-06-17 13:01:29,S,1066.45,2,13
2021-06-17 13:01:29,S,1066.7,2,18
2021-06-17 13:01:29,S,1066.75,3,17
2021-06-17 13:01:29,B,1064.95,1,9
2021-06-17 13:01:29,B,1064.8,1,1
2021-06-17 13:01:29,B,1064.75,1,12
2021-06-17 13:01:29,B,1064.5,2,8
2021-06-17 13:01:29,B,1064.45,2,18
2021-06-17 13:01:46,S,1065.95,2,6
2021-06-17 13:01:46,S,1066.4,1,7
2021-06-17 13:01:46,S,1066.45,2,13
2021-06-17 13:01:46,S,1066.7,2,18
2021-06-17 13:01:46,S,1066.75,3,17
2021-06-17 13:01:46,B,1064.95,1,9
2021-06-17 13:01:46,B,1064.8,1,1
2021-06-17 13:01:46,B,1064.75,1,12
2021-06-17 13:01:46,B,1064.5,2,8
2021-06-17 13:01:46,B,1064.45,2,18
2021-06-17 13:02:00,S,1065.95,2,6
2021-06-17 13:02:00,S,1066.4,2,16
2021-06-17 13:02:00,S,1066.45,2,13
2021-06-17 13:02:00,S,1066.7,2,18
2021-06-17 13:02:00,S,1066.75,3,17
2021-06-17 13:02:00,B,1064.95,1,9
2021-06-17 13:02:00,B,1064.8,1,1
2021-06-17 13:02:00,B,1064.75,1,12
2021-06-17 13:02:00,B,1064.5,2,8
2021-06-17 13:02:00,B,1064.45,2,18
2021-06-17 13:02:02,S,1065.95,2,6
2021-06-17 13:02:02,S,1066.4,2,16
2021-06-17 13:02:02,S,1066.45,2,13
2021-06-17 13:02:02,S,1066.7,2,18
2021-06-17 13:02:02,S,1066.75,3,17
2021-06-17 13:02:02,B,1064.95,1,9
2021-06-17 13:02:02,B,1064.8,1,1
2021-06-17 13:02:02,B,1064.75,1,12
2021-06-17 13:02:02,B,1064.5,2,8
2021-06-17 13:02:02,B,1064.45,2,18
2021-06-17 13:02:05,S,1065.95,2,6
2021-06-17 13:02:05,S,1066.4,2,16
2021-06-17 13:02:05,S,1066.45,2,13
2021-06-17 13:02:05,S,1066.7,2,18
2021-06-17 13:02:05,S,1066.75,3,17
2021-06-17 13:02:05,B,1064.95,1,9
2021-06-17 13:02:05,B,1064.8,1,1
2021-06-17 13:02:05,B,1064.75,1,12
2021-06-17 13:02:05,B,1064.5,2,8
2021-06-17 13:02:05,B,1064.45,2,18
2021-06-17 13:02:07,S,1064.9,1,10
2021-06-17 13:02:07,S,1064.95,1,2
2021-06-17 13:02:07,S,1065.0,2,2
2021-06-17 13:02:07,S,1065.35,1,2
2021-06-17 13:02:07,S,1065.55,1,10
2021-06-17 13:02:07,B,1063.7,1,1
2021-06-17 13:02:07,B,1063.45,1,1
2021-06-17 13:02:07,B,1063.4,1,2
2021-06-17 13:02:07,B,1063.25,1,12
2021-06-17 13:02:07,B,1062.95,1,9
2021-06-17 13:02:08,S,1065.0,1,1
2021-06-17 13:02:08,S,1065.1,2,12
2021-06-17 13:02:08,S,1065.15,3,10
2021-06-17 13:02:08,S,1065.2,2,8
2021-06-17 13:02:08,S,1065.25,2,17
2021-06-17 13:02:08,B,1063.75,1,1
2021-06-17 13:02:08,B,1063.7,1,1
2021-06-17 13:02:08,B,1063.65,1,7
2021-06-17 13:02:08,B,1063.6,1,7
2021-06-17 13:02:08,B,1063.55,1,7
2021-06-17 13:02:09,S,1064.9,1,1
2021-06-17 13:02:09,S,1065.0,1,10
2021-06-17 13:02:09,S,1065.05,1,1
2021-06-17 13:02:09,S,1065.1,2,3
2021-06-17 13:02:09,S,1065.15,3,10
2021-06-17 13:02:09,B,1063.7,2,2
2021-06-17 13:02:09,B,1063.65,1,7
2021-06-17 13:02:09,B,1063.6,1,7
2021-06-17 13:02:09,B,1063.55,1,7
2021-06-17 13:02:09,B,1063.5,1,7
2021-06-17 13:02:22,S,1064.8,1,9
2021-06-17 13:02:22,S,1064.9,1,1
2021-06-17 13:02:22,S,1064.95,1,12
2021-06-17 13:02:22,S,1065.0,1,8
2021-06-17 13:02:22,S,1065.05,1,1
2021-06-17 13:02:22,B,1063.7,1,1
2021-06-17 13:02:22,B,1063.65,1,7
2021-06-17 13:02:22,B,1063.6,2,8
2021-06-17 13:02:22,B,1063.55,1,7
2021-06-17 13:02:22,B,1063.5,1,7
2021-06-17 13:02:29,S,1064.8,2,10
2021-06-17 13:02:29,S,1064.95,1,12
2021-06-17 13:02:29,S,1065.0,1,8
2021-06-17 13:02:29,S,1065.05,1,1
2021-06-17 13:02:29,S,1065.1,2,3
2021-06-17 13:02:29,B,1063.7,1,1
2021-06-17 13:02:29,B,1063.65,1,7
2021-06-17 13:02:29,B,1063.6,2,8
2021-06-17 13:02:29,B,1063.55,1,7
2021-06-17 13:02:29,B,1063.5,1,7
2021-06-17 13:02:46,S,1064.8,2,10
2021-06-17 13:02:46,S,1064.95,1,12
2021-06-17 13:02:46,S,1065.0,1,8
2021-06-17 13:02:46,S,1065.05,1,1
2021-06-17 13:02:46,S,1065.1,2,3
2021-06-17 13:02:46,B,1063.7,1,1
2021-06-17 13:02:46,B,1063.65,1,7
2021-06-17 13:02:46,B,1063.6,2,8
2021-06-17 13:02:46,B,1063.55,1,7
2021-06-17 13:02:46,B,1063.5,1,7
2021-06-17 13:02:47,S,1064.8,1,1
2021-06-17 13:02:47,S,1064.95,1,12
2021-06-17 13:02:47,S,1065.0,1,8
2021-06-17 13:02:47,S,1065.05,1,1
2021-06-17 13:02:47,S,1065.1,2,3
2021-06-17 13:02:47,B,1063.7,1,1
2021-06-17 13:02:47,B,1063.65,2,8
2021-06-17 13:02:47,B,1063.6,1,7
2021-06-17 13:02:47,B,1063.55,1,7
2021-06-17 13:02:47,B,1063.5,1,7
2021-06-17 13:02:48,S,1064.8,1,1
2021-06-17 13:02:48,S,1064.95,3,21
2021-06-17 13:02:48,S,1065.0,2,17
2021-06-17 13:02:48,S,1065.05,1,1
2021-06-17 13:02:48,S,1065.1,2,3
2021-06-17 13:02:48,B,1063.7,1,1
2021-06-17 13:02:48,B,1063.65,2,8
2021-06-17 13:02:48,B,1063.6,1,7
2021-06-17 13:02:48,B,1063.55,1,7
2021-06-17 13:02:48,B,1063.5,1,7
2021-06-17 13:02:51,S,1064.8,1,1
2021-06-17 13:02:51,S,1064.95,4,22
2021-06-17 13:02:51,S,1065.0,2,17
2021-06-17 13:02:51,S,1065.05,1,1
2021-06-17 13:02:51,S,1065.1,2,3
2021-06-17 13:02:51,B,1063.7,1,1
2021-06-17 13:02:51,B,1063.65,2,8
2021-06-17 13:02:51,B,1063.6,1,7
2021-06-17 13:02:51,B,1063.55,1,7
2021-06-17 13:02:51,B,1063.5,1,7
2021-06-17 13:02:53,S,1064.8,1,1
2021-06-17 13:02:53,S,1064.9,1,10
2021-06-17 13:02:53,S,1064.95,4,22
2021-06-17 13:02:53,S,1065.0,1,8
2021-06-17 13:02:53,S,1065.05,1,1
2021-06-17 13:02:53,B,1063.7,1,1
2021-06-17 13:02:53,B,1063.65,2,8
2021-06-17 13:02:53,B,1063.6,1,7
2021-06-17 13:02:53,B,1063.55,1,7
2021-06-17 13:02:53,B,1063.5,1,7
2021-06-17 13:03:12,S,1064.8,1,1
2021-06-17 13:03:12,S,1064.95,1,3
2021-06-17 13:03:12,S,1065.05,1,1
2021-06-17 13:03:12,S,1065.1,1,2
2021-06-17 13:03:12,S,1065.15,2,8
2021-06-17 13:03:12,B,1063.75,1,1
2021-06-17 13:03:12,B,1063.7,1,1
2021-06-17 13:03:12,B,1063.65,1,7
2021-06-17 13:03:12,B,1063.6,1,7
2021-06-17 13:03:12,B,1063.55,1,7
2021-06-17 13:03:14,S,1064.8,1,1
2021-06-17 13:03:14,S,1065.05,1,1
2021-06-17 13:03:14,S,1065.1,1,2
2021-06-17 13:03:14,S,1065.15,2,8
2021-06-17 13:03:14,S,1065.2,2,13
2021-06-17 13:03:14,B,1063.85,1,10
2021-06-17 13:03:14,B,1063.75,1,1
2021-06-17 13:03:14,B,1063.7,1,1
2021-06-17 13:03:14,B,1063.65,1,7
2021-06-17 13:03:14,B,1063.6,1,7
2021-06-17 13:03:16,S,1064.8,1,1
2021-06-17 13:03:16,S,1065.05,1,1
2021-06-17 13:03:16,S,1065.1,1,2
2021-06-17 13:03:16,S,1065.15,2,8
2021-06-17 13:03:16,S,1065.2,2,13
2021-06-17 13:03:16,B,1063.85,1,10
2021-06-17 13:03:16,B,1063.75,1,1
2021-06-17 13:03:16,B,1063.7,1,1
2021-06-17 13:03:16,B,1063.65,1,7
2021-06-17 13:03:16,B,1063.6,1,7
2021-06-17 13:03:22,S,1065.95,1,5
2021-06-17 13:03:22,S,1066.4,2,3
2021-06-17 13:03:22,S,1066.45,2,13
2021-06-17 13:03:22,S,1066.7,1,9
2021-06-17 13:03:22,S,1066.75,3,17
2021-06-17 13:03:22,B,1064.85,1,1
2021-06-17 13:03:22,B,1064.8,1,9
2021-06-17 13:03:22,B,1064.55,1,3
2021-06-17 13:03:22,B,1064.45,1,12
2021-06-17 13:03:22,B,1064.3,1,7
2021-06-17 13:03:24,S,1065.95,1,5
2021-06-17 13:03:24,S,1066.45,2,13
2021-06-17 13:03:24,S,1066.65,1,4
2021-06-17 13:03:24,S,1066.7,1,9
2021-06-17 13:03:24,S,1066.75,3,17
2021-06-17 13:03:24,B,1065.05,1,1
2021-06-17 13:03:24,B,1065.0,1,9
2021-06-17 13:03:24,B,1064.85,1,6
2021-06-17 13:03:24,B,1064.8,1,20
2021-06-17 13:03:24,B,1064.6,1,2
2021-06-17 13:03:25,S,1065.95,2,6
2021-06-17 13:03:25,S,1066.1,1,1
2021-06-17 13:03:25,S,1066.45,2,13
2021-06-17 13:03:25,S,1066.65,2,5
2021-06-17 13:03:25,S,1066.7,1,9
2021-06-17 13:03:25,B,1065.05,1,1
2021-06-17 13:03:25,B,1065.0,1,9
2021-06-17 13:03:25,B,1064.85,1,6
2021-06-17 13:03:25,B,1064.8,1,20
2021-06-17 13:03:25,B,1064.6,1,2
2021-06-17 13:03:37,S,1065.95,2,6
2021-06-17 13:03:37,S,1066.1,1,1
2021-06-17 13:03:37,S,1066.45,2,13
2021-06-17 13:03:37,S,1066.65,2,5
2021-06-17 13:03:37,S,1066.7,1,9
2021-06-17 13:03:37,B,1065.05,1,1
2021-06-17 13:03:37,B,1065.0,1,9
2021-06-17 13:03:37,B,1064.85,1,6
2021-06-17 13:03:37,B,1064.8,1,20
2021-06-17 13:03:37,B,1064.6,1,2
2021-06-17 13:03:57,S,1065.95,2,6
2021-06-17 13:03:57,S,1066.1,1,1
2021-06-17 13:03:57,S,1066.45,2,13
2021-06-17 13:03:57,S,1066.65,2,5
2021-06-17 13:03:57,S,1066.7,1,9
2021-06-17 13:03:57,B,1065.05,1,1
2021-06-17 13:03:57,B,1065.0,1,9
2021-06-17 13:03:57,B,1064.85,1,6
2021-06-17 13:03:57,B,1064.8,1,20
2021-06-17 13:03:57,B,1064.6,1,2
2021-06-17 13:04:15,S,1065.95,2,6
2021-06-17 13:04:15,S,1066.1,1,1
2021-06-17 13:04:15,S,1066.45,2,13
2021-06-17 13:04:15,S,1066.65,2,5
2021-06-17 13:04:15,S,1066.7,1,9
2021-06-17 13:04:15,B,1065.05,1,1
2021-06-17 13:04:15,B,1065.0,1,9
2021-06-17 13:04:15,B,1064.85,1,6
2021-06-17 13:04:15,B,1064.8,1,20
2021-06-17 13:04:15,B,1064.6,1,2
2021-06-17 13:04:16,S,1065.8,1,1
2021-06-17 13:04:16,S,1065.85,1,10
2021-06-17 13:04:16,S,1065.95,3,7
2021-06-17 13:04:16,S,1066.05,1,2
2021-06-17 13:04:16,S,1066.1,2,2
2021-06-17 13:04:16,B,1064.6,1,2
2021-06-17 13:04:16,B,1064.55,1,3
2021-06-17 13:04:16,B,1064.3,1,1
2021-06-17 13:04:16,B,1064.25,3,12
2021-06-17 13:04:16,B,1064.15,1,11
2021-06-17 13:04:18,S,1065.75,1,9
2021-06-17 13:04:18,S,1065.8,1,1
2021-06-17 13:04:18,S,1065.85,1,12
2021-06-17 13:04:18,S,1065.95,2,6
2021-06-17 13:04:18,S,1066.05,1,2
2021-06-17 13:04:18,B,1064.55,1,3
2021-06-17 13:04:18,B,1064.5,1,1
2021-06-17 13:04:18,B,1064.45,1,7
2021-06-17 13:04:18,B,1064.4,1,7
2021-06-17 13:04:18,B,1064.35,1,7
2021-06-17 13:04:33,S,1065.7,1,1
2021-06-17 13:04:33,S,1065.75,1,9
2021-06-17 13:04:33,S,1065.8,1,6
2021-06-17 13:04:33,S,1065.85,2,21
2021-06-17 13:04:33,S,1065.95,2,6
2021-06-17 13:04:33,B,1064.6,1,1
2021-06-17 13:04:33,B,1064.55,1,3
2021-06-17 13:04:33,B,1064.45,1,7
2021-06-17 13:04:33,B,1064.4,1,7
2021-06-17 13:04:33,B,1064.35,1,7
2021-06-17 13:04:45,S,1065.7,2,3
2021-06-17 13:04:45,S,1065.75,1,9
2021-06-17 13:04:45,S,1065.8,1,6
2021-06-17 13:04:45,S,1065.85,2,21
2021-06-17 13:04:45,S,1065.95,2,6
2021-06-17 13:04:45,B,1064.6,1,1
2021-06-17 13:04:45,B,1064.55,1,3
2021-06-17 13:04:45,B,1064.45,1,7
2021-06-17 13:04:45,B,1064.4,1,7
2021-06-17 13:04:45,B,1064.35,1,7
2021-06-17 13:04:54,S,1065.7,2,3
2021-06-17 13:04:54,S,1065.75,1,9
2021-06-17 13:04:54,S,1065.8,1,6
2021-06-17 13:04:54,S,1065.85,2,21
2021-06-17 13:04:54,S,1065.95,2,6
2021-06-17 13:04:54,B,1064.6,1,1
2021-06-17 13:04:54,B,1064.55,1,3
2021-06-17 13:04:54,B,1064.45,1,7
2021-06-17 13:04:54,B,1064.4,1,7
2021-06-17 13:04:54,B,1064.35,1,7
2021-06-17 13:04:56,S,1065.7,2,2
2021-06-17 13:04:56,S,1065.75,1,9
2021-06-17 13:04:56,S,1065.8,1,6
2021-06-17 13:04:56,S,1065.85,2,21
2021-06-17 13:04:56,S,1065.95,2,6
2021-06-17 13:04:56,B,1064.6,1,1
2021-06-17 13:04:56,B,1064.55,1,3
2021-06-17 13:04:56,B,1064.45,1,7
2021-06-17 13:04:56,B,1064.4,1,7
2021-06-17 13:04:56,B,1064.35,1,7
2021-06-17 13:04:58,S,1065.7,1,1
2021-06-17 13:04:58,S,1065.9,1,1
2021-06-17 13:04:58,S,1065.95,2,6
2021-06-17 13:04:58,S,1066.1,2,7
2021-06-17 13:04:58,S,1066.15,2,14
2021-06-17 13:04:58,B,1064.6,1,1
2021-06-17 13:04:58,B,1064.55,1,3
2021-06-17 13:04:58,B,1064.45,1,7
2021-06-17 13:04:58,B,1064.4,1,7
2021-06-17 13:04:58,B,1064.35,1,7
2021-06-17 13:05:01,S,1065.7,1,1
2021-06-17 13:05:01,S,1065.9,1,1
2021-06-17 13:05:01,S,1065.95,2,6
2021-06-17 13:05:01,S,1066.1,2,7
2021-06-17 13:05:01,S,1066.15,2,14
2021-06-17 13:05:01,B,1064.6,2,10
2021-06-17 13:05:01,B,1064.55,1,3
2021-06-17 13:05:01,B,1064.45,1,7
2021-06-17 13:05:01,B,1064.4,1,7
2021-06-17 13:05:01,B,1064.35,1,7
2021-06-17 13:05:03,S,1065.7,1,1
2021-06-17 13:05:03,S,1065.9,1,1
2021-06-17 13:05:03,S,1065.95,2,6
2021-06-17 13:05:03,S,1066.1,2,7
2021-06-17 13:05:03,S,1066.15,2,14
2021-06-17 13:05:03,B,1064.6,2,10
2021-06-17 13:05:03,B,1064.55,1,3
2021-06-17 13:05:03,B,1064.45,1,7
2021-06-17 13:05:03,B,1064.4,1,7
2021-06-17 13:05:03,B,1064.35,1,7
2021-06-17 13:05:04,S,1065.95,2,6
2021-06-17 13:05:04,S,1066.1,1,1
2021-06-17 13:05:04,S,1066.65,1,1
2021-06-17 13:05:04,S,1066.7,2,15
2021-06-17 13:05:04,S,1066.75,3,17
2021-06-17 13:05:04,B,1065.7,1,7
2021-06-17 13:05:04,B,1065.2,1,1
2021-06-17 13:05:04,B,1065.15,1,9
2021-06-17 13:05:04,B,1064.75,1,10
2021-06-17 13:05:04,B,1064.65,2,8
2021-06-17 13:05:06,S,1065.95,3,7
2021-06-17 13:05:06,S,1066.1,1,1
2021-06-17 13:05:06,S,1066.65,1,1
2021-06-17 13:05:06,S,1066.7,1,6
2021-06-17 13:05:06,S,1066.75,3,17
2021-06-17 13:05:06,B,1065.7,1,7
2021-06-17 13:05:06,B,1065.2,1,1
2021-06-17 13:05:06,B,1065.15,1,9
2021-06-17 13:05:06,B,1065.0,1,1
2021-06-17 13:05:06,B,1064.75,1,10
2021-06-17 13:05:09,S,1065.95,3,7
2021-06-17 13:05:09,S,1066.1,1,1
2021-06-17 13:05:09,S,1066.65,1,1
2021-06-17 13:05:09,S,1066.7,1,6
2021-06-17 13:05:09,S,1066.75,3,17
2021-06-17 13:05:09,B,1065.7,1,7
2021-06-17 13:05:09,B,1065.2,1,1
2021-06-17 13:05:09,B,1065.15,1,9
2021-06-17 13:05:09,B,1065.0,1,1
2021-06-17 13:05:09,B,1064.75,1,10
2021-06-17 13:05:10,S,1065.95,1,1
2021-06-17 13:05:10,S,1066.1,1,1
2021-06-17 13:05:10,S,1066.7,1,1
2021-06-17 13:05:10,S,1066.75,2,8
2021-06-17 13:05:10,S,1066.9,1,2
2021-06-17 13:05:10,B,1065.7,1,7
2021-06-17 13:05:10,B,1065.2,1,1
2021-06-17 13:05:10,B,1065.15,1,9
2021-06-17 13:05:10,B,1065.05,1,12
2021-06-17 13:05:10,B,1065.0,1,1
2021-06-17 13:05:14,S,1065.95,1,1
2021-06-17 13:05:14,S,1066.1,1,1
2021-06-17 13:05:14,S,1066.7,1,1
2021-06-17 13:05:14,S,1066.75,2,8
2021-06-17 13:05:14,S,1066.9,1,2
2021-06-17 13:05:14,B,1065.7,1,7
2021-06-17 13:05:14,B,1065.2,1,1
2021-06-17 13:05:14,B,1065.15,1,9
2021-06-17 13:05:14,B,1065.05,1,12
2021-06-17 13:05:14,B,1065.0,1,1
2021-06-17 13:05:15,S,1066.1,1,1
2021-06-17 13:05:15,S,1066.75,2,8
2021-06-17 13:05:15,S,1066.9,1,1
2021-06-17 13:05:15,S,1066.95,1,1
2021-06-17 13:05:15,S,1067.05,1,12
2021-06-17 13:05:15,B,1065.8,1,1
2021-06-17 13:05:15,B,1065.75,1,9
2021-06-17 13:05:15,B,1065.7,1,7
2021-06-17 13:05:15,B,1065.65,1,11
2021-06-17 13:05:15,B,1065.35,1,11
2021-06-17 13:05:17,S,1066.1,1,1
2021-06-17 13:05:17,S,1066.7,1,1
2021-06-17 13:05:17,S,1066.75,2,8
2021-06-17 13:05:17,S,1066.95,1,1
2021-06-17 13:05:17,S,1067.0,1,3
2021-06-17 13:05:17,B,1065.75,1,9
2021-06-17 13:05:17,B,1065.7,1,7
2021-06-17 13:05:17,B,1065.1,1,1
2021-06-17 13:05:17,B,1065.05,1,12
2021-06-17 13:05:17,B,1065.0,1,1
2021-06-17 13:05:25,S,1066.1,1,1
2021-06-17 13:05:25,S,1066.7,1,1
2021-06-17 13:05:25,S,1066.75,3,20
2021-06-17 13:05:25,S,1066.95,2,11
2021-06-17 13:05:25,S,1067.0,1,3
2021-06-17 13:05:25,B,1065.7,1,7
2021-06-17 13:05:25,B,1065.45,1,1
2021-06-17 13:05:25,B,1065.4,1,10
2021-06-17 13:05:25,B,1065.05,1,12
2021-06-17 13:05:25,B,1065.0,1,1
2021-06-17 13:05:27,S,1066.1,1,1
2021-06-17 13:05:27,S,1066.7,1,1
2021-06-17 13:05:27,S,1066.75,3,20
2021-06-17 13:05:27,S,1066.95,2,11
2021-06-17 13:05:27,S,1067.0,1,3
2021-06-17 13:05:27,B,1065.7,1,7
2021-06-17 13:05:27,B,1065.45,1,1
2021-06-17 13:05:27,B,1065.4,1,10
2021-06-17 13:05:27,B,1065.05,1,12
2021-06-17 13:05:27,B,1065.0,1,1
2021-06-17 13:05:28,S,1066.1,1,1
2021-06-17 13:05:28,S,1066.6,1,1
2021-06-17 13:05:28,S,1066.65,2,13
2021-06-17 13:05:28,S,1066.7,1,6
2021-06-17 13:05:28,S,1066.75,3,20
2021-06-17 13:05:28,B,1065.7,1,7
2021-06-17 13:05:28,B,1065.2,1,1
2021-06-17 13:05:28,B,1065.15,1,9
2021-06-17 13:05:28,B,1065.0,1,1
2021-06-17 13:05:28,B,1064.85,1,7
2021-06-17 13:05:34,S,1066.1,1,1
2021-06-17 13:05:34,S,1066.5,1,1
2021-06-17 13:05:34,S,1066.55,1,9
2021-06-17 13:05:34,S,1066.7,2,15
2021-06-17 13:05:34,S,1066.75,3,20
2021-06-17 13:05:34,B,1065.7,1,7
2021-06-17 13:05:34,B,1065.05,1,1
2021-06-17 13:05:34,B,1065.0,2,10
2021-06-17 13:05:34,B,1064.95,1,7
2021-06-17 13:05:34,B,1064.9,1,7
2021-06-17 13:05:51,S,1066.1,1,1
2021-06-17 13:05:51,S,1066.5,1,1
2021-06-17 13:05:51,S,1066.55,1,9
2021-06-17 13:05:51,S,1066.7,2,15
2021-06-17 13:05:51,S,1066.75,3,20
2021-06-17 13:05:51,B,1065.7,1,7
2021-06-17 13:05:51,B,1065.05,1,1
2021-06-17 13:05:51,B,1065.0,1,1
2021-06-17 13:05:51,B,1064.95,1,7
2021-06-17 13:05:51,B,1064.9,1,7
2021-06-17 13:05:54,S,1066.1,1,1
2021-06-17 13:05:54,S,1066.5,1,1
2021-06-17 13:05:54,S,1066.55,1,9
2021-06-17 13:05:54,S,1066.7,2,15
2021-06-17 13:05:54,S,1066.75,3,20
2021-06-17 13:05:54,B,1065.7,1,7
2021-06-17 13:05:54,B,1065.05,2,11
2021-06-17 13:05:54,B,1065.0,1,1
2021-06-17 13:05:54,B,1064.95,1,7
2021-06-17 13:05:54,B,1064.9,1,7
2021-06-17 13:06:16,S,1066.1,1,1
2021-06-17 13:06:16,S,1066.7,1,1
2021-06-17 13:06:16,S,1066.75,2,8
2021-06-17 13:06:16,S,1066.95,1,1
2021-06-17 13:06:16,S,1067.0,1,9
2021-06-17 13:06:16,B,1065.7,1,7
2021-06-17 13:06:16,B,1065.05,3,20
2021-06-17 13:06:16,B,1065.0,1,1
2021-06-17 13:06:16,B,1064.95,1,7
2021-06-17 13:06:16,B,1064.9,1,7
2021-06-17 13:06:21,S,1066.1,1,1
2021-06-17 13:06:21,S,1066.7,1,1
2021-06-17 13:06:21,S,1066.75,2,8
2021-06-17 13:06:21,S,1066.95,1,1
2021-06-17 13:06:21,S,1067.0,1,9
2021-06-17 13:06:21,B,1065.7,1,7
2021-06-17 13:06:21,B,1065.05,3,20
2021-06-17 13:06:21,B,1065.0,1,1
2021-06-17 13:06:21,B,1064.95,1,7
2021-06-17 13:06:21,B,1064.9,1,7
2021-06-17 13:06:22,S,1066.4,1,1
2021-06-17 13:06:22,S,1066.75,1,5
2021-06-17 13:06:22,S,1067.25,1,1
2021-06-17 13:06:22,S,1067.3,1,3
2021-06-17 13:06:22,S,1067.35,2,22
2021-06-17 13:06:22,B,1065.8,1,1
2021-06-17 13:06:22,B,1065.75,1,9
2021-06-17 13:06:22,B,1065.7,1,7
2021-06-17 13:06:22,B,1065.35,1,9
2021-06-17 13:06:22,B,1065.1,2,8
2021-06-17 13:06:24,S,1066.4,1,1
2021-06-17 13:06:24,S,1066.75,1,5
2021-06-17 13:06:24,S,1067.25,1,1
2021-06-17 13:06:24,S,1067.3,1,3
2021-06-17 13:06:24,S,1067.35,2,22
2021-06-17 13:06:24,B,1065.8,1,1
2021-06-17 13:06:24,B,1065.75,1,9
2021-06-17 13:06:24,B,1065.7,1,7
2021-06-17 13:06:24,B,1065.35,1,9
2021-06-17 13:06:24,B,1065.1,2,8
2021-06-17 13:06:25,S,1066.4,1,1
2021-06-17 13:06:25,S,1066.7,1,1
2021-06-17 13:06:25,S,1066.75,2,6
2021-06-17 13:06:25,S,1066.95,1,10
2021-06-17 13:06:25,S,1067.0,1,2
2021-06-17 13:06:25,B,1065.7,1,7
2021-06-17 13:06:25,B,1065.1,2,8
2021-06-17 13:06:25,B,1065.0,1,1
2021-06-17 13:06:25,B,1064.95,1,7
2021-06-17 13:06:25,B,1064.9,1,7
2021-06-17 13:06:27,S,1066.4,1,1
2021-06-17 13:06:27,S,1066.7,1,1
2021-06-17 13:06:27,S,1066.75,2,6
2021-06-17 13:06:27,S,1066.95,1,10
2021-06-17 13:06:27,S,1067.0,1,2
2021-06-17 13:06:27,B,1065.7,1,7
2021-06-17 13:06:27,B,1065.3,1,10
2021-06-17 13:06:27,B,1065.1,2,8
2021-06-17 13:06:27,B,1065.0,1,1
2021-06-17 13:06:27,B,1064.95,1,7
2021-06-17 13:06:28,S,1066.4,1,1
2021-06-17 13:06:28,S,1066.55,1,1
2021-06-17 13:06:28,S,1066.6,1,10
2021-06-17 13:06:28,S,1066.75,3,17
2021-06-17 13:06:28,S,1067.0,1,2
2021-06-17 13:06:28,B,1065.7,1,7
2021-06-17 13:06:28,B,1065.15,1,9
2021-06-17 13:06:28,B,1065.1,2,8
2021-06-17 13:06:28,B,1065.0,1,1
2021-06-17 13:06:28,B,1064.95,1,7
2021-06-17 13:06:33,S,1066.25,1,1
2021-06-17 13:06:33,S,1066.3,1,10
2021-06-17 13:06:33,S,1066.4,1,1
2021-06-17 13:06:33,S,1066.55,1,4
2021-06-17 13:06:33,S,1066.65,1,2
2021-06-17 13:06:33,B,1065.1,1,1
2021-06-17 13:06:33,B,1065.05,1,7
2021-06-17 13:06:33,B,1065.0,2,8
2021-06-17 13:06:33,B,1064.95,1,7
2021-06-17 13:06:33,B,1064.9,1,7
2021-06-17 13:06:34,S,1066.25,1,1
2021-06-17 13:06:34,S,1066.3,1,10
2021-06-17 13:06:34,S,1066.4,1,1
2021-06-17 13:06:34,S,1066.55,1,4
2021-06-17 13:06:34,S,1066.7,2,16
2021-06-17 13:06:34,B,1065.1,1,1
2021-06-17 13:06:34,B,1065.05,1,7
2021-06-17 13:06:34,B,1065.0,2,8
2021-06-17 13:06:34,B,1064.95,1,7
2021-06-17 13:06:34,B,1064.9,2,17
2021-06-17 13:06:35,S,1065.65,1,1
2021-06-17 13:06:35,S,1065.7,1,1
2021-06-17 13:06:35,S,1065.85,1,11
2021-06-17 13:06:35,S,1066.05,1,2
2021-06-17 13:06:35,S,1066.15,1,12
2021-06-17 13:06:35,B,1063.7,3,9
2021-06-17 13:06:35,B,1063.65,2,8
2021-06-17 13:06:35,B,1063.6,2,9
2021-06-17 13:06:35,B,1063.55,3,12
2021-06-17 13:06:35,B,1063.5,2,8
2021-06-17 13:06:37,S,1065.65,1,1
2021-06-17 13:06:37,S,1065.7,1,1
2021-06-17 13:06:37,S,1065.8,1,6
2021-06-17 13:06:37,S,1065.85,2,19
2021-06-17 13:06:37,S,1066.05,1,2
2021-06-17 13:06:37,B,1064.05,1,9
2021-06-17 13:06:37,B,1063.9,1,1
2021-06-17 13:06:37,B,1063.75,3,10
2021-06-17 13:06:37,B,1063.7,3,9
2021-06-17 13:06:37,B,1063.65,2,8
2021-06-17 13:06:40,S,1065.75,1,1
2021-06-17 13:06:40,S,1065.8,1,6
2021-06-17 13:06:40,S,1065.85,2,19
2021-06-17 13:06:40,S,1066.05,1,2
2021-06-17 13:06:40,S,1066.15,1,12
2021-06-17 13:06:40,B,1064.05,1,9
2021-06-17 13:06:40,B,1063.9,1,1
2021-06-17 13:06:40,B,1063.8,1,7
2021-06-17 13:06:40,B,1063.75,3,10
2021-06-17 13:06:40,B,1063.7,3,9
2021-06-17 13:06:49,S,1065.75,1,1
2021-06-17 13:06:49,S,1065.8,1,6
2021-06-17 13:06:49,S,1065.85,3,20
2021-06-17 13:06:49,S,1065.9,1,9
2021-06-17 13:06:49,S,1066.05,1,2
2021-06-17 13:06:49,B,1064.05,1,9
2021-06-17 13:06:49,B,1063.9,1,1
2021-06-17 13:06:49,B,1063.8,1,7
2021-06-17 13:06:49,B,1063.75,3,10
2021-06-17 13:06:49,B,1063.7,3,9
2021-06-17 13:06:52,S,1065.75,1,1
2021-06-17 13:06:52,S,1065.8,1,6
2021-06-17 13:06:52,S,1065.85,3,20
2021-06-17 13:06:52,S,1066.05,1,2
2021-06-17 13:06:52,S,1066.15,1,12
2021-06-17 13:06:52,B,1064.05,1,9
2021-06-17 13:06:52,B,1063.9,1,1
2021-06-17 13:06:52,B,1063.8,1,7
2021-06-17 13:06:52,B,1063.75,3,10
2021-06-17 13:06:52,B,1063.7,3,9
2021-06-17 13:06:54,S,1065.75,1,1
2021-06-17 13:06:54,S,1065.8,1,6
2021-06-17 13:06:54,S,1065.85,4,30
2021-06-17 13:06:54,S,1066.05,1,2
2021-06-17 13:06:54,S,1066.15,1,12
2021-06-17 13:06:54,B,1064.05,1,9
2021-06-17 13:06:54,B,1063.9,1,1
2021-06-17 13:06:54,B,1063.8,1,7
2021-06-17 13:06:54,B,1063.75,3,10
2021-06-17 13:06:54,B,1063.7,3,9
2021-06-17 13:07:00,S,1065.75,1,1
2021-06-17 13:07:00,S,1065.8,1,6
2021-06-17 13:07:00,S,1065.85,3,20
2021-06-17 13:07:00,S,1066.05,1,2
2021-06-17 13:07:00,S,1066.15,1,12
2021-06-17 13:07:00,B,1064.05,1,9
2021-06-17 13:07:00,B,1063.9,1,1
2021-06-17 13:07:00,B,1063.8,1,7
2021-06-17 13:07:00,B,1063.75,3,10
2021-06-17 13:07:00,B,1063.7,3,9
2021-06-17 13:07:01,S,1065.75,1,1
2021-06-17 13:07:01,S,1065.8,1,6
2021-06-17 13:07:01,S,1065.85,3,20
2021-06-17 13:07:01,S,1066.05,1,2
2021-06-17 13:07:01,S,1066.15,1,12
2021-06-17 13:07:01,B,1064.05,1,9
2021-06-17 13:07:01,B,1063.9,1,1
2021-06-17 13:07:01,B,1063.8,1,7
2021-06-17 13:07:01,B,1063.75,3,10
2021-06-17 13:07:01,B,1063.7,3,9
2021-06-17 13:07:02,S,1066.35,1,1
2021-06-17 13:07:02,S,1066.4,1,1
2021-06-17 13:07:02,S,1066.55,2,5
2021-06-17 13:07:02,S,1066.6,1,4
2021-06-17 13:07:02,S,1066.7,1,10
2021-06-17 13:07:02,B,1065.15,1,9
2021-06-17 13:07:02,B,1064.85,2,8
2021-06-17 13:07:02,B,1064.75,1,10
2021-06-17 13:07:02,B,1064.55,1,2
2021-06-17 13:07:02,B,1064.5,1,7
2021-06-17 13:07:03,S,1066.4,1,1
2021-06-17 13:07:03,S,1066.5,1,1
2021-06-17 13:07:03,S,1066.55,2,5
2021-06-17 13:07:03,S,1066.6,1,4
2021-06-17 13:07:03,S,1066.7,1,10
2021-06-17 13:07:03,B,1065.15,1,9
2021-06-17 13:07:03,B,1064.85,2,8
2021-06-17 13:07:03,B,1064.75,1,10
2021-06-17 13:07:03,B,1064.7,1,1
2021-06-17 13:07:03,B,1064.55,1,2
2021-06-17 13:07:23,S,1066.4,1,1
2021-06-17 13:07:23,S,1066.5,1,1
2021-06-17 13:07:23,S,1066.55,2,5
2021-06-17 13:07:23,S,1066.6,1,4
2021-06-17 13:07:23,S,1066.7,1,10
2021-06-17 13:07:23,B,1065.15,1,9
2021-06-17 13:07:23,B,1064.85,2,8
2021-06-17 13:07:23,B,1064.75,1,10
2021-06-17 13:07:23,B,1064.7,1,1
2021-06-17 13:07:23,B,1064.55,1,2
2021-06-17 13:07:36,S,1066.35,1,1
2021-06-17 13:07:36,S,1066.4,1,1
2021-06-17 13:07:36,S,1066.5,1,10
2021-06-17 13:07:36,S,1066.55,2,5
2021-06-17 13:07:36,S,1066.6,1,4
2021-06-17 13:07:36,B,1065.2,1,1
2021-06-17 13:07:36,B,1065.15,1,9
2021-06-17 13:07:36,B,1064.85,1,7
2021-06-17 13:07:36,B,1064.75,1,10
2021-06-17 13:07:36,B,1064.7,1,1
2021-06-17 13:07:51,S,1066.5,1,10
2021-06-17 13:07:51,S,1066.55,2,5
2021-06-17 13:07:51,S,1066.6,1,4
2021-06-17 13:07:51,S,1066.65,1,3
2021-06-17 13:07:51,S,1066.7,1,10
2021-06-17 13:07:51,B,1065.2,1,1
2021-06-17 13:07:51,B,1065.15,1,9
2021-06-17 13:07:51,B,1064.85,1,7
2021-06-17 13:07:51,B,1064.75,1,10
2021-06-17 13:07:51,B,1064.7,1,1
2021-06-17 13:07:58,S,1066.5,2,11
2021-06-17 13:07:58,S,1066.55,2,5
2021-06-17 13:07:58,S,1066.6,1,4
2021-06-17 13:07:58,S,1066.65,1,3
2021-06-17 13:07:58,S,1066.7,1,10
2021-06-17 13:07:58,B,1065.2,1,1
2021-06-17 13:07:58,B,1065.15,1,9
2021-06-17 13:07:58,B,1064.85,1,7
2021-06-17 13:07:58,B,1064.75,1,10
2021-06-17 13:07:58,B,1064.7,1,1
2021-06-17 13:08:00,S,1066.45,1,9
2021-06-17 13:08:00,S,1066.5,2,11
2021-06-17 13:08:00,S,1066.55,1,4
2021-06-17 13:08:00,S,1066.6,2,8
2021-06-17 13:08:00,S,1066.65,1,9
2021-06-17 13:08:00,B,1065.1,1,1
2021-06-17 13:08:00,B,1065.05,1,9
2021-06-17 13:08:00,B,1065.0,1,7
2021-06-17 13:08:00,B,1064.85,1,7
2021-06-17 13:08:00,B,1064.75,1,10
2021-06-17 13:08:04,S,1066.5,2,11
2021-06-17 13:08:04,S,1066.65,1,9
2021-06-17 13:08:04,S,1066.75,1,5
2021-06-17 13:08:04,S,1067.05,1,10
2021-06-17 13:08:04,S,1067.35,1,12
2021-06-17 13:08:04,B,1065.6,2,4
2021-06-17 13:08:04,B,1065.55,1,9
2021-06-17 13:08:04,B,1065.35,3,16
2021-06-17 13:08:04,B,1065.3,1,200
2021-06-17 13:08:04,B,1064.75,1,10
2021-06-17 13:08:06,S,1066.5,2,11
2021-06-17 13:08:06,S,1066.65,1,9
2021-06-17 13:08:06,S,1066.75,1,5
2021-06-17 13:08:06,S,1067.25,1,10
2021-06-17 13:08:06,S,1067.4,1,1
2021-06-17 13:08:06,B,1065.7,1,9
2021-06-17 13:08:06,B,1065.65,1,1
2021-06-17 13:08:06,B,1065.6,1,3
2021-06-17 13:08:06,B,1065.35,3,16
2021-06-17 13:08:06,B,1065.3,1,200
2021-06-17 13:08:07,S,1066.5,2,11
2021-06-17 13:08:07,S,1066.65,1,9
2021-06-17 13:08:07,S,1066.75,1,5
2021-06-17 13:08:07,S,1067.4,1,1
2021-06-17 13:08:07,S,1067.45,1,10
2021-06-17 13:08:07,B,1065.7,1,9
2021-06-17 13:08:07,B,1065.65,1,1
2021-06-17 13:08:07,B,1065.6,1,3
2021-06-17 13:08:07,B,1065.35,4,28
2021-06-17 13:08:07,B,1065.3,1,200
2021-06-17 13:08:08,S,1066.5,2,11
2021-06-17 13:08:08,S,1066.65,1,9
2021-06-17 13:08:08,S,1066.75,1,5
2021-06-17 13:08:08,S,1067.4,1,1
2021-06-17 13:08:08,S,1067.45,1,10
2021-06-17 13:08:08,B,1065.7,1,9
2021-06-17 13:08:08,B,1065.65,1,1
2021-06-17 13:08:08,B,1065.6,1,3
2021-06-17 13:08:08,B,1065.35,4,28
2021-06-17 13:08:08,B,1065.3,1,200
2021-06-17 13:08:10,S,1066.5,2,11
2021-06-17 13:08:10,S,1066.65,1,9
2021-06-17 13:08:10,S,1066.75,1,5
2021-06-17 13:08:10,S,1067.4,1,1
2021-06-17 13:08:10,S,1067.45,1,10
2021-06-17 13:08:10,B,1065.7,1,9
2021-06-17 13:08:10,B,1065.65,1,1
2021-06-17 13:08:10,B,1065.6,1,3
2021-06-17 13:08:10,B,1065.35,4,28
2021-06-17 13:08:10,B,1065.3,1,200
2021-06-17 13:08:23,S,1066.5,2,11
2021-06-17 13:08:23,S,1066.65,1,9
2021-06-17 13:08:23,S,1066.75,1,5
2021-06-17 13:08:23,S,1067.4,1,1
2021-06-17 13:08:23,S,1067.45,1,10
2021-06-17 13:08:23,B,1065.7,1,9
2021-06-17 13:08:23,B,1065.65,1,1
2021-06-17 13:08:23,B,1065.6,1,3
2021-06-17 13:08:23,B,1065.35,4,28
2021-06-17 13:08:23,B,1065.3,1,200
2021-06-17 13:08:33,S,1066.5,2,11
2021-06-17 13:08:33,S,1066.65,1,9
2021-06-17 13:08:33,S,1066.75,1,5
2021-06-17 13:08:33,S,1067.4,1,1
2021-06-17 13:08:33,S,1067.45,1,10
2021-06-17 13:08:33,B,1065.7,1,9
2021-06-17 13:08:33,B,1065.65,1,1
2021-06-17 13:08:33,B,1065.6,1,3
2021-06-17 13:08:33,B,1065.35,4,28
2021-06-17 13:08:33,B,1065.3,1,200
2021-06-17 13:08:37,S,1066.5,2,11
2021-06-17 13:08:37,S,1066.65,1,9
2021-06-17 13:08:37,S,1066.75,1,5
2021-06-17 13:08:37,S,1067.4,1,1
2021-06-17 13:08:37,S,1067.45,1,10
2021-06-17 13:08:37,B,1065.7,1,9
2021-06-17 13:08:37,B,1065.65,1,1
2021-06-17 13:08:37,B,1065.6,1,3
2021-06-17 13:08:37,B,1065.35,4,28
2021-06-17 13:08:37,B,1065.3,1,200
2021-06-17 13:08:43,S,1066.5,2,11
2021-06-17 13:08:43,S,1066.65,1,9
2021-06-17 13:08:43,S,1066.75,1,5
2021-06-17 13:08:43,S,1067.4,1,1
2021-06-17 13:08:43,S,1067.45,1,10
2021-06-17 13:08:43,B,1065.7,1,9
2021-06-17 13:08:43,B,1065.65,1,1
2021-06-17 13:08:43,B,1065.6,1,3
2021-06-17 13:08:43,B,1065.35,4,28
2021-06-17 13:08:43,B,1065.3,1,200
2021-06-17 13:08:44,S,1066.5,2,11
2021-06-17 13:08:44,S,1066.65,1,9
2021-06-17 13:08:44,S,1066.75,1,5
2021-06-17 13:08:44,S,1066.9,1,1
2021-06-17 13:08:44,S,1067.35,1,11
2021-06-17 13:08:44,B,1065.65,1,1
2021-06-17 13:08:44,B,1065.6,1,3
2021-06-17 13:08:44,B,1065.4,2,10
2021-06-17 13:08:44,B,1065.35,4,28
2021-06-17 13:08:44,B,1065.3,1,200
2021-06-17 13:08:45,S,1066.5,1,1
2021-06-17 13:08:45,S,1066.65,1,9
2021-06-17 13:08:45,S,1066.75,1,5
2021-06-17 13:08:45,S,1067.35,1,11
2021-06-17 13:08:45,S,1067.45,1,1
2021-06-17 13:08:45,B,1065.95,1,10
2021-06-17 13:08:45,B,1065.9,1,1
2021-06-17 13:08:45,B,1065.85,1,2
2021-06-17 13:08:45,B,1065.65,1,10
2021-06-17 13:08:45,B,1065.4,2,10
2021-06-17 13:08:46,S,1066.5,1,1
2021-06-17 13:08:46,S,1066.65,1,9
2021-06-17 13:08:46,S,1066.75,1,5
2021-06-17 13:08:46,S,1067.35,1,11
2021-06-17 13:08:46,S,1067.4,1,10
2021-06-17 13:08:46,B,1065.95,1,10
2021-06-17 13:08:46,B,1065.9,1,1
2021-06-17 13:08:46,B,1065.85,1,2
2021-06-17 13:08:46,B,1065.65,1,10
2021-06-17 13:08:46,B,1065.4,2,10
2021-06-17 13:08:48,S,1066.5,1,1
2021-06-17 13:08:48,S,1066.65,1,9
2021-06-17 13:08:48,S,1066.75,1,5
2021-06-17 13:08:48,S,1067.35,1,11
2021-06-17 13:08:48,S,1067.4,1,10
2021-06-17 13:08:48,B,1065.95,1,10
2021-06-17 13:08:48,B,1065.9,1,1
2021-06-17 13:08:48,B,1065.85,1,2
2021-06-17 13:08:48,B,1065.65,1,10
2021-06-17 13:08:48,B,1065.4,2,10
2021-06-17 13:08:48,S,1066.65,1,9
2021-06-17 13:08:48,S,1066.75,1,5
2021-06-17 13:08:48,S,1067.35,1,11
2021-06-17 13:08:48,S,1067.4,1,10
2021-06-17 13:08:48,S,1067.45,1,1
2021-06-17 13:08:48,B,1066.5,1,2
2021-06-17 13:08:48,B,1065.95,1,10
2021-06-17 13:08:48,B,1065.9,1,1
2021-06-17 13:08:48,B,1065.85,1,2
2021-06-17 13:08:48,B,1065.8,1,1
2021-06-17 13:08:51,S,1066.65,1,9
2021-06-17 13:08:51,S,1066.75,1,5
2021-06-17 13:08:51,S,1067.35,1,11
2021-06-17 13:08:51,S,1067.4,1,10
2021-06-17 13:08:51,S,1067.45,1,1
2021-06-17 13:08:51,B,1066.5,1,2
2021-06-17 13:08:51,B,1065.95,1,10
2021-06-17 13:08:51,B,1065.9,1,1
2021-06-17 13:08:51,B,1065.85,1,2
2021-06-17 13:08:51,B,1065.8,1,1
2021-06-17 13:08:54,S,1066.65,1,9
2021-06-17 13:08:54,S,1066.75,1,5
2021-06-17 13:08:54,S,1067.35,1,11
2021-06-17 13:08:54,S,1067.45,1,1
2021-06-17 13:08:54,S,1067.55,3,24
2021-06-17 13:08:54,B,1066.5,1,2
2021-06-17 13:08:54,B,1065.95,1,10
2021-06-17 13:08:54,B,1065.9,1,1
2021-06-17 13:08:54,B,1065.85,1,2
2021-06-17 13:08:54,B,1065.8,1,1
2021-06-17 13:09:07,S,1066.65,1,9
2021-06-17 13:09:07,S,1066.75,1,5
2021-06-17 13:09:07,S,1067.35,1,11
2021-06-17 13:09:07,S,1067.45,1,1
2021-06-17 13:09:07,S,1067.55,3,24
2021-06-17 13:09:07,B,1066.5,1,2
2021-06-17 13:09:07,B,1065.95,1,10
2021-06-17 13:09:07,B,1065.9,1,1
2021-06-17 13:09:07,B,1065.85,1,2
2021-06-17 13:09:07,B,1065.8,1,1
2021-06-17 13:09:52,S,1066.65,1,9
2021-06-17 13:09:52,S,1066.75,1,5
2021-06-17 13:09:52,S,1067.45,1,1
2021-06-17 13:09:52,S,1067.55,3,24
2021-06-17 13:09:52,S,1067.65,1,10
2021-06-17 13:09:52,B,1066.5,1,2
2021-06-17 13:09:52,B,1066.0,1,1
2021-06-17 13:09:52,B,1065.95,1,10
2021-06-17 13:09:52,B,1065.85,1,2
2021-06-17 13:09:52,B,1065.8,1,1
2021-06-17 13:09:59,S,1066.65,1,9
2021-06-17 13:09:59,S,1066.75,1,5
2021-06-17 13:09:59,S,1067.45,1,1
2021-06-17 13:09:59,S,1067.55,3,24
2021-06-17 13:09:59,S,1067.65,1,10
2021-06-17 13:09:59,B,1066.5,1,2
2021-06-17 13:09:59,B,1066.0,1,1
2021-06-17 13:09:59,B,1065.95,1,10
2021-06-17 13:09:59,B,1065.85,1,2
2021-06-17 13:09:59,B,1065.8,1,1
2021-06-17 13:10:00,S,1066.65,1,9
2021-06-17 13:10:00,S,1066.7,1,1
2021-06-17 13:10:00,S,1066.75,1,5
2021-06-17 13:10:00,S,1067.35,1,12
2021-06-17 13:10:00,S,1067.45,1,1
2021-06-17 13:10:00,B,1066.0,1,1
2021-06-17 13:10:00,B,1065.95,1,9
2021-06-17 13:10:00,B,1065.85,1,2
2021-06-17 13:10:00,B,1065.8,1,1
2021-06-17 13:10:00,B,1065.45,1,7
2021-06-17 13:10:02,S,1066.6,1,1
2021-06-17 13:10:02,S,1066.65,1,9
2021-06-17 13:10:02,S,1066.75,1,5
2021-06-17 13:10:02,S,1067.05,1,11
2021-06-17 13:10:02,S,1067.35,1,12
2021-06-17 13:10:02,B,1065.85,2,3
2021-06-17 13:10:02,B,1065.8,1,1
2021-06-17 13:10:02,B,1065.55,1,7
2021-06-17 13:10:02,B,1065.5,2,10
2021-06-17 13:10:02,B,1065.45,1,7
2021-06-17 13:10:04,S,1066.6,1,1
2021-06-17 13:10:04,S,1066.65,1,9
2021-06-17 13:10:04,S,1066.75,1,5
2021-06-17 13:10:04,S,1067.05,1,11
2021-06-17 13:10:04,S,1067.35,1,12
2021-06-17 13:10:04,B,1065.9,1,1
2021-06-17 13:10:04,B,1065.85,1,2
2021-06-17 13:10:04,B,1065.8,1,1
2021-06-17 13:10:04,B,1065.65,1,10
2021-06-17 13:10:04,B,1065.55,1,7
2021-06-17 13:10:05,S,1066.5,1,1
2021-06-17 13:10:05,S,1066.6,1,1
2021-06-17 13:10:05,S,1066.65,1,9
2021-06-17 13:10:05,S,1066.75,1,5
2021-06-17 13:10:05,S,1067.05,1,11
2021-06-17 13:10:05,B,1065.9,1,1
2021-06-17 13:10:05,B,1065.85,1,2
2021-06-17 13:10:05,B,1065.8,1,1
2021-06-17 13:10:05,B,1065.65,1,10
2021-06-17 13:10:05,B,1065.55,1,7
2021-06-17 13:10:10,S,1066.6,1,1
2021-06-17 13:10:10,S,1066.65,1,9
2021-06-17 13:10:10,S,1066.75,1,5
2021-06-17 13:10:10,S,1067.05,1,11
2021-06-17 13:10:10,S,1067.35,1,12
2021-06-17 13:10:10,B,1065.9,1,1
2021-06-17 13:10:10,B,1065.85,1,2
2021-06-17 13:10:10,B,1065.8,1,1
2021-06-17 13:10:10,B,1065.65,1,10
2021-06-17 13:10:10,B,1065.55,1,7
2021-06-17 13:10:22,S,1066.45,1,1
2021-06-17 13:10:22,S,1066.5,1,50
2021-06-17 13:10:22,S,1066.65,1,9
2021-06-17 13:10:22,S,1066.75,2,14
2021-06-17 13:10:22,S,1066.95,1,9
2021-06-17 13:10:22,B,1065.6,1,1
2021-06-17 13:10:22,B,1065.55,2,12
2021-06-17 13:10:22,B,1065.5,2,10
2021-06-17 13:10:22,B,1065.45,1,7
2021-06-17 13:10:22,B,1065.4,2,10
2021-06-17 13:10:24,S,1066.45,3,19
2021-06-17 13:10:24,S,1066.5,2,450
2021-06-17 13:10:24,S,1066.65,2,10
2021-06-17 13:10:24,S,1066.75,2,14
2021-06-17 13:10:24,S,1066.9,1,1
2021-06-17 13:10:24,B,1065.5,3,11
2021-06-17 13:10:24,B,1065.45,1,7
2021-06-17 13:10:24,B,1065.4,2,10
2021-06-17 13:10:24,B,1065.35,2,10
2021-06-17 13:10:24,B,1065.3,1,200
2021-06-17 13:10:26,S,1066.45,3,19
2021-06-17 13:10:26,S,1066.5,2,450
2021-06-17 13:10:26,S,1066.65,2,10
2021-06-17 13:10:26,S,1066.75,2,14
2021-06-17 13:10:26,S,1066.9,1,1
2021-06-17 13:10:26,B,1065.5,3,11
2021-06-17 13:10:26,B,1065.45,1,7
2021-06-17 13:10:26,B,1065.4,2,10
2021-06-17 13:10:26,B,1065.35,2,10
2021-06-17 13:10:26,B,1065.3,1,200
2021-06-17 13:10:27,S,1066.45,3,19
2021-06-17 13:10:27,S,1066.5,2,450
2021-06-17 13:10:27,S,1066.65,2,10
2021-06-17 13:10:27,S,1066.7,1,10
2021-06-17 13:10:27,S,1066.75,2,14
2021-06-17 13:10:27,B,1065.5,3,11
2021-06-17 13:10:27,B,1065.45,1,7
2021-06-17 13:10:27,B,1065.4,2,10
2021-06-17 13:10:27,B,1065.35,2,10
2021-06-17 13:10:27,B,1065.3,1,200
2021-06-17 13:10:28,S,1066.45,3,19
2021-06-17 13:10:28,S,1066.5,2,450
2021-06-17 13:10:28,S,1066.65,2,10
2021-06-17 13:10:28,S,1066.7,1,10
2021-06-17 13:10:28,S,1066.75,2,14
2021-06-17 13:10:28,B,1065.5,3,11
2021-06-17 13:10:28,B,1065.45,1,7
2021-06-17 13:10:28,B,1065.4,2,10
2021-06-17 13:10:28,B,1065.35,2,10
2021-06-17 13:10:28,B,1065.3,1,200
2021-06-17 13:10:28,S,1063.65,1,1
2021-06-17 13:10:28,S,1063.7,1,9
2021-06-17 13:10:28,S,1063.75,1,10
2021-06-17 13:10:28,S,1063.9,2,13
2021-06-17 13:10:28,S,1064.05,1,9
2021-06-17 13:10:28,B,1062.7,1,10
2021-06-17 13:10:28,B,1062.05,1,11
2021-06-17 13:10:28,B,1062.0,1,1
2021-06-17 13:10:28,B,1061.8,1,3
2021-06-17 13:10:28,B,1061.75,2,12
2021-06-17 13:10:30,S,1063.65,1,1
2021-06-17 13:10:30,S,1063.7,1,9
2021-06-17 13:10:30,S,1063.75,1,10
2021-06-17 13:10:30,S,1063.85,1,1
2021-06-17 13:10:30,S,1063.9,2,13
2021-06-17 13:10:30,B,1062.7,1,10
2021-06-17 13:10:30,B,1062.05,1,11
2021-06-17 13:10:30,B,1062.0,1,1
2021-06-17 13:10:30,B,1061.85,1,9
2021-06-17 13:10:30,B,1061.8,1,3
2021-06-17 13:10:31,S,1063.65,1,1
2021-06-17 13:10:31,S,1063.7,1,9
2021-06-17 13:10:31,S,1063.75,1,10
2021-06-17 13:10:31,S,1063.85,1,1
2021-06-17 13:10:31,S,1063.9,1,10
2021-06-17 13:10:31,B,1062.7,1,10
2021-06-17 13:10:31,B,1062.0,1,1
2021-06-17 13:10:31,B,1061.9,1,3
2021-06-17 13:10:31,B,1061.85,1,9
2021-06-17 13:10:31,B,1061.75,1,1
2021-06-17 13:10:40,S,1063.65,1,1
2021-06-17 13:10:40,S,1063.7,1,9
2021-06-17 13:10:40,S,1063.85,1,1
2021-06-17 13:10:40,S,1063.9,1,10
2021-06-17 13:10:40,S,1064.05,1,9
2021-06-17 13:10:40,B,1062.7,1,10
2021-06-17 13:10:40,B,1062.0,1,1
2021-06-17 13:10:40,B,1061.9,1,3
2021-06-17 13:10:40,B,1061.85,1,9
2021-06-17 13:10:40,B,1061.75,1,1
2021-06-17 13:10:46,S,1063.65,1,1
2021-06-17 13:10:46,S,1063.7,1,9
2021-06-17 13:10:46,S,1063.85,1,1
2021-06-17 13:10:46,S,1063.9,1,10
2021-06-17 13:10:46,S,1064.05,1,9
2021-06-17 13:10:46,B,1062.7,1,10
2021-06-17 13:10:46,B,1062.0,1,1
2021-06-17 13:10:46,B,1061.9,1,3
2021-06-17 13:10:46,B,1061.85,1,9
2021-06-17 13:10:46,B,1061.75,1,1
2021-06-17 13:10:57,S,1063.65,1,1
2021-06-17 13:10:57,S,1063.7,1,9
2021-06-17 13:10:57,S,1063.85,1,1
2021-06-17 13:10:57,S,1063.9,1,10
2021-06-17 13:10:57,S,1064.05,1,9
2021-06-17 13:10:57,B,1062.7,1,10
2021-06-17 13:10:57,B,1062.0,1,1
2021-06-17 13:10:57,B,1061.9,1,3
2021-06-17 13:10:57,B,1061.85,1,9
2021-06-17 13:10:57,B,1061.75,1,1
2021-06-17 13:10:58,S,1063.65,1,1
2021-06-17 13:10:58,S,1063.7,1,9
2021-06-17 13:10:58,S,1063.85,1,1
2021-06-17 13:10:58,S,1063.9,1,10
2021-06-17 13:10:58,S,1064.05,1,9
2021-06-17 13:10:58,B,1062.7,1,10
2021-06-17 13:10:58,B,1062.0,1,1
2021-06-17 13:10:58,B,1061.9,1,3
2021-06-17 13:10:58,B,1061.85,1,9
2021-06-17 13:10:58,B,1061.75,1,1
2021-06-17 13:11:00,S,1063.65,1,1
2021-06-17 13:11:00,S,1063.7,1,9
2021-06-17 13:11:00,S,1063.85,1,1
2021-06-17 13:11:00,S,1063.9,1,10
2021-06-17 13:11:00,S,1064.0,1,1
2021-06-17 13:11:00,B,1062.7,1,10
2021-06-17 13:11:00,B,1062.05,1,1
2021-06-17 13:11:00,B,1062.0,1,1
2021-06-17 13:11:00,B,1061.85,1,9
2021-06-17 13:11:00,B,1061.8,1,6
2021-06-17 13:11:01,S,1063.75,1,1
2021-06-17 13:11:01,S,1063.8,1,1
2021-06-17 13:11:01,S,1063.85,1,7
2021-06-17 13:11:01,S,1063.9,2,9
2021-06-17 13:11:01,S,1063.95,1,7
2021-06-17 13:11:01,B,1062.7,1,10
2021-06-17 13:11:01,B,1062.5,1,1
2021-06-17 13:11:01,B,1062.45,1,1
2021-06-17 13:11:01,B,1062.35,1,11
2021-06-17 13:11:01,B,1062.05,1,12
2021-06-17 13:11:03,S,1063.8,2,10
2021-06-17 13:11:03,S,1063.85,1,7
2021-06-17 13:11:03,S,1063.9,2,9
2021-06-17 13:11:03,S,1063.95,1,7
2021-06-17 13:11:03,S,1064.0,1,7
2021-06-17 13:11:03,B,1062.7,1,10
2021-06-17 13:11:03,B,1062.4,1,1
2021-06-17 13:11:03,B,1062.35,1,11
2021-06-17 13:11:03,B,1062.25,1,10
2021-06-17 13:11:03,B,1062.05,1,12
2021-06-17 13:11:08,S,1063.8,2,10
2021-06-17 13:11:08,S,1063.85,1,7
2021-06-17 13:11:08,S,1063.9,2,9
2021-06-17 13:11:08,S,1063.95,1,7
2021-06-17 13:11:08,S,1064.0,1,7
2021-06-17 13:11:08,B,1062.7,1,10
2021-06-17 13:11:08,B,1062.4,1,1
2021-06-17 13:11:08,B,1062.35,1,11
2021-06-17 13:11:08,B,1062.15,1,9
2021-06-17 13:11:08,B,1062.05,1,12
2021-06-17 13:11:09,S,1063.8,2,10
2021-06-17 13:11:09,S,1063.85,1,7
2021-06-17 13:11:09,S,1063.9,2,9
2021-06-17 13:11:09,S,1063.95,1,7
2021-06-17 13:11:09,S,1064.0,1,7
2021-06-17 13:11:09,B,1062.7,1,10
2021-06-17 13:11:09,B,1062.4,1,1
2021-06-17 13:11:09,B,1062.35,1,11
2021-06-17 13:11:09,B,1062.05,1,12
2021-06-17 13:11:09,B,1061.8,2,9
2021-06-17 13:11:11,S,1063.8,2,10
2021-06-17 13:11:11,S,1063.85,1,7
2021-06-17 13:11:11,S,1063.9,2,9
2021-06-17 13:11:11,S,1063.95,1,7
2021-06-17 13:11:11,S,1064.0,1,7
2021-06-17 13:11:11,B,1062.7,1,10
2021-06-17 13:11:11,B,1062.4,1,1
2021-06-17 13:11:11,B,1062.35,1,11
2021-06-17 13:11:11,B,1062.25,1,10
2021-06-17 13:11:11,B,1062.2,1,1
2021-06-17 13:11:16,S,1063.8,2,10
2021-06-17 13:11:16,S,1063.85,1,7
2021-06-17 13:11:16,S,1063.9,2,9
2021-06-17 13:11:16,S,1063.95,2,11
2021-06-17 13:11:16,S,1064.0,1,7
2021-06-17 13:11:16,B,1062.7,1,10
2021-06-17 13:11:16,B,1062.4,1,1
2021-06-17 13:11:16,B,1062.35,1,11
2021-06-17 13:11:16,B,1062.2,2,11
2021-06-17 13:11:16,B,1062.05,1,12
2021-06-17 13:12:03,S,1063.8,1,1
2021-06-17 13:12:03,S,1063.85,1,7
2021-06-17 13:12:03,S,1063.9,2,9
2021-06-17 13:12:03,S,1063.95,1,7
2021-06-17 13:12:03,S,1064.0,1,7
2021-06-17 13:12:03,B,1062.75,2,11
2021-06-17 13:12:03,B,1062.7,1,10
2021-06-17 13:12:03,B,1062.35,1,11
2021-06-17 13:12:03,B,1062.2,2,11
2021-06-17 13:12:03,B,1062.1,1,4
2021-06-17 13:12:06,S,1063.8,1,1
2021-06-17 13:12:06,S,1063.85,1,7
2021-06-17 13:12:06,S,1063.9,2,9
2021-06-17 13:12:06,S,1063.95,1,7
2021-06-17 13:12:06,S,1064.0,1,7
2021-06-17 13:12:06,B,1062.75,2,11
2021-06-17 13:12:06,B,1062.7,1,10
2021-06-17 13:12:06,B,1062.35,1,11
2021-06-17 13:12:06,B,1062.2,2,11
2021-06-17 13:12:06,B,1062.1,1,4
2021-06-17 13:12:24,S,1063.8,1,1
2021-06-17 13:12:24,S,1063.85,1,7
2021-06-17 13:12:24,S,1063.9,2,9
2021-06-17 13:12:24,S,1063.95,1,7
2021-06-17 13:12:24,S,1064.0,1,7
2021-06-17 13:12:24,B,1062.75,2,11
2021-06-17 13:12:24,B,1062.7,1,10
2021-06-17 13:12:24,B,1062.35,1,11
2021-06-17 13:12:24,B,1062.2,2,11
2021-06-17 13:12:24,B,1062.1,1,4
2021-06-17 13:12:25,S,1063.7,1,1
2021-06-17 13:12:25,S,1063.75,1,9
2021-06-17 13:12:25,S,1063.85,1,7
2021-06-17 13:12:25,S,1063.9,2,9
2021-06-17 13:12:25,S,1063.95,1,7
2021-06-17 13:12:25,B,1062.75,2,11
2021-06-17 13:12:25,B,1062.7,1,10
2021-06-17 13:12:25,B,1062.2,2,11
2021-06-17 13:12:25,B,1062.05,1,12
2021-06-17 13:12:25,B,1061.85,1,4
2021-06-17 13:12:28,S,1063.7,1,1
2021-06-17 13:12:28,S,1063.75,1,9
2021-06-17 13:12:28,S,1063.85,1,7
2021-06-17 13:12:28,S,1063.9,2,9
2021-06-17 13:12:28,S,1063.95,1,7
2021-06-17 13:12:28,B,1062.75,2,11
2021-06-17 13:12:28,B,1062.7,1,10
2021-06-17 13:12:28,B,1062.2,2,11
2021-06-17 13:12:28,B,1062.05,1,12
2021-06-17 13:12:28,B,1061.85,1,4
2021-06-17 13:12:32,S,1063.7,1,1
2021-06-17 13:12:32,S,1063.75,1,9
2021-06-17 13:12:32,S,1063.85,1,7
2021-06-17 13:12:32,S,1063.9,2,9
2021-06-17 13:12:32,S,1063.95,1,7
2021-06-17 13:12:32,B,1063.0,1,2
2021-06-17 13:12:32,B,1062.75,2,11
2021-06-17 13:12:32,B,1062.7,1,10
2021-06-17 13:12:32,B,1062.2,2,11
2021-06-17 13:12:32,B,1062.05,1,12
2021-06-17 13:12:34,S,1063.7,2,2
2021-06-17 13:12:34,S,1063.75,1,9
2021-06-17 13:12:34,S,1063.85,1,7
2021-06-17 13:12:34,S,1063.9,2,9
2021-06-17 13:12:34,S,1063.95,1,7
2021-06-17 13:12:34,B,1063.0,1,2
2021-06-17 13:12:34,B,1062.75,2,11
2021-06-17 13:12:34,B,1062.7,1,10
2021-06-17 13:12:34,B,1062.2,2,11
2021-06-17 13:12:34,B,1062.05,1,12
2021-06-17 13:12:49,S,1063.6,1,10
2021-06-17 13:12:49,S,1063.65,1,1
2021-06-17 13:12:49,S,1063.7,1,1
2021-06-17 13:12:49,S,1063.85,2,9
2021-06-17 13:12:49,S,1063.9,2,9
2021-06-17 13:12:49,B,1063.0,1,2
2021-06-17 13:12:49,B,1062.7,1,10
2021-06-17 13:12:49,B,1062.25,1,1
2021-06-17 13:12:49,B,1062.2,1,1
2021-06-17 13:12:49,B,1062.05,2,22
2021-06-17 13:12:51,S,1063.6,1,10
2021-06-17 13:12:51,S,1063.65,1,1
2021-06-17 13:12:51,S,1063.7,1,1
2021-06-17 13:12:51,S,1063.85,2,9
2021-06-17 13:12:51,S,1063.9,2,9
2021-06-17 13:12:51,B,1063.0,1,2
2021-06-17 13:12:51,B,1062.7,1,10
2021-06-17 13:12:51,B,1062.25,1,1
2021-06-17 13:12:51,B,1062.2,1,1
2021-06-17 13:12:51,B,1062.05,2,22
2021-06-17 13:12:55,S,1063.6,1,10
2021-06-17 13:12:55,S,1063.65,1,1
2021-06-17 13:12:55,S,1063.7,1,1
2021-06-17 13:12:55,S,1063.85,2,9
2021-06-17 13:12:55,S,1063.9,2,9
2021-06-17 13:12:55,B,1063.0,1,2
2021-06-17 13:12:55,B,1062.7,1,10
2021-06-17 13:12:55,B,1062.25,1,1
2021-06-17 13:12:55,B,1062.2,1,1
2021-06-17 13:12:55,B,1062.05,2,22
2021-06-17 13:12:56,S,1063.55,1,2
2021-06-17 13:12:56,S,1063.6,1,10
2021-06-17 13:12:56,S,1063.65,2,2
2021-06-17 13:12:56,S,1063.7,1,1
2021-06-17 13:12:56,S,1063.85,2,9
2021-06-17 13:12:56,B,1062.7,1,10
2021-06-17 13:12:56,B,1062.25,1,1
2021-06-17 13:12:56,B,1062.2,1,1
2021-06-17 13:12:56,B,1062.1,1,6
2021-06-17 13:12:56,B,1062.05,2,22
2021-06-17 13:12:59,S,1063.55,1,2
2021-06-17 13:12:59,S,1063.6,1,10
2021-06-17 13:12:59,S,1063.65,2,2
2021-06-17 13:12:59,S,1063.7,1,1
2021-06-17 13:12:59,S,1063.85,2,9
2021-06-17 13:12:59,B,1062.7,1,10
2021-06-17 13:12:59,B,1062.25,1,1
2021-06-17 13:12:59,B,1062.2,1,1
2021-06-17 13:12:59,B,1062.1,1,6
2021-06-17 13:12:59,B,1062.05,2,22
2021-06-17 13:13:01,S,1063.55,2,3
2021-06-17 13:13:01,S,1063.6,1,10
2021-06-17 13:13:01,S,1063.65,2,2
2021-06-17 13:13:01,S,1063.75,1,11
2021-06-17 13:13:01,S,1063.85,2,9
2021-06-17 13:13:01,B,1062.7,1,10
2021-06-17 13:13:01,B,1062.25,1,1
2021-06-17 13:13:01,B,1062.2,1,1
2021-06-17 13:13:01,B,1062.1,1,6
2021-06-17 13:13:01,B,1062.05,2,22
2021-06-17 13:13:09,S,1063.5,1,10
2021-06-17 13:13:09,S,1063.55,1,1
2021-06-17 13:13:09,S,1063.6,1,1
2021-06-17 13:13:09,S,1063.65,2,2
2021-06-17 13:13:09,S,1063.75,1,11
2021-06-17 13:13:09,B,1062.7,1,10
2021-06-17 13:13:09,B,1062.25,1,1
2021-06-17 13:13:09,B,1062.2,1,1
2021-06-17 13:13:09,B,1062.05,1,12
2021-06-17 13:13:09,B,1061.85,1,9
2021-06-17 13:13:13,S,1063.5,3,15
2021-06-17 13:13:13,S,1063.55,1,1
2021-06-17 13:13:13,S,1063.6,1,1
2021-06-17 13:13:13,S,1063.65,1,1
2021-06-17 13:13:13,S,1063.75,1,11
2021-06-17 13:13:13,B,1062.7,1,10
2021-06-17 13:13:13,B,1062.25,1,1
2021-06-17 13:13:13,B,1062.2,1,1
2021-06-17 13:13:13,B,1062.05,1,12
2021-06-17 13:13:13,B,1061.85,1,9
2021-06-17 13:13:16,S,1063.5,3,15
2021-06-17 13:13:16,S,1063.55,1,1
2021-06-17 13:13:16,S,1063.6,1,1
2021-06-17 13:13:16,S,1063.65,1,1
2021-06-17 13:13:16,S,1063.75,1,11
2021-06-17 13:13:16,B,1062.7,1,10
2021-06-17 13:13:16,B,1062.25,1,1
2021-06-17 13:13:16,B,1062.2,1,1
2021-06-17 13:13:16,B,1062.05,1,12
2021-06-17 13:13:16,B,1061.85,1,9
2021-06-17 13:13:17,S,1064.0,2,10
2021-06-17 13:13:17,S,1064.05,1,9
2021-06-17 13:13:17,S,1064.35,2,14
2021-06-17 13:13:17,S,1064.4,1,1
2021-06-17 13:13:17,S,1064.45,1,1
2021-06-17 13:13:17,B,1062.7,1,10
2021-06-17 13:13:17,B,1062.5,1,1
2021-06-17 13:13:17,B,1062.45,1,10
2021-06-17 13:13:17,B,1062.2,1,1
2021-06-17 13:13:17,B,1062.1,1,2
2021-06-17 13:13:19,S,1064.0,2,10
2021-06-17 13:13:19,S,1064.05,1,9
2021-06-17 13:13:19,S,1064.35,2,14
2021-06-17 13:13:19,S,1064.4,1,1
2021-06-17 13:13:19,S,1064.45,1,1
2021-06-17 13:13:19,B,1062.7,1,10
2021-06-17 13:13:19,B,1062.5,1,1
2021-06-17 13:13:19,B,1062.45,1,10
2021-06-17 13:13:19,B,1062.2,1,1
2021-06-17 13:13:19,B,1062.1,1,2
2021-06-17 13:13:21,S,1063.55,2,26
2021-06-17 13:13:21,S,1063.6,1,1
2021-06-17 13:13:21,S,1063.85,1,1
2021-06-17 13:13:21,S,1064.0,1,9
2021-06-17 13:13:21,S,1064.05,2,18
2021-06-17 13:13:21,B,1062.7,1,10
2021-06-17 13:13:21,B,1062.3,1,1
2021-06-17 13:13:21,B,1062.25,1,10
2021-06-17 13:13:21,B,1062.05,1,12
2021-06-17 13:13:21,B,1061.85,1,4
2021-06-17 13:13:25,S,1063.55,2,26
2021-06-17 13:13:25,S,1063.6,1,1
2021-06-17 13:13:25,S,1063.85,1,1
2021-06-17 13:13:25,S,1064.0,1,9
2021-06-17 13:13:25,S,1064.05,2,18
2021-06-17 13:13:25,B,1062.7,1,10
2021-06-17 13:13:25,B,1062.1,2,11
2021-06-17 13:13:25,B,1062.05,1,12
2021-06-17 13:13:25,B,1061.85,1,4
2021-06-17 13:13:25,B,1061.8,1,6
2021-06-17 13:13:35,S,1063.55,2,26
2021-06-17 13:13:35,S,1063.6,1,1
2021-06-17 13:13:35,S,1063.85,1,1
2021-06-17 13:13:35,S,1064.05,2,18
2021-06-17 13:13:35,S,1064.15,1,8
2021-06-17 13:13:35,B,1062.7,1,10
2021-06-17 13:13:35,B,1062.1,2,11
2021-06-17 13:13:35,B,1062.05,1,12
2021-06-17 13:13:35,B,1061.85,1,4
2021-06-17 13:13:35,B,1061.8,1,6
2021-06-17 13:14:12,S,1063.55,2,26
2021-06-17 13:14:12,S,1063.6,1,1
2021-06-17 13:14:12,S,1063.85,1,1
2021-06-17 13:14:12,S,1064.05,2,18
2021-06-17 13:14:12,S,1064.15,1,8
2021-06-17 13:14:12,B,1062.7,1,10
2021-06-17 13:14:12,B,1062.1,2,11
2021-06-17 13:14:12,B,1062.05,1,12
2021-06-17 13:14:12,B,1061.85,1,4
2021-06-17 13:14:12,B,1061.8,1,6
2021-06-17 13:14:13,S,1063.15,1,1
2021-06-17 13:14:13,S,1063.2,1,10
2021-06-17 13:14:13,S,1063.45,1,10
2021-06-17 13:14:13,S,1063.55,1,25
2021-06-17 13:14:13,S,1063.6,1,1
2021-06-17 13:14:13,B,1062.1,1,4
2021-06-17 13:14:13,B,1061.8,1,1
2021-06-17 13:14:13,B,1061.75,1,12
2021-06-17 13:14:13,B,1061.55,1,9
2021-06-17 13:14:13,B,1061.45,1,12
2021-06-17 13:14:15,S,1063.15,1,1
2021-06-17 13:14:15,S,1063.2,1,10
2021-06-17 13:14:15,S,1063.45,1,10
2021-06-17 13:14:15,S,1063.55,1,25
2021-06-17 13:14:15,S,1063.6,1,1
2021-06-17 13:14:15,B,1062.1,1,4
2021-06-17 13:14:15,B,1061.8,1,1
2021-06-17 13:14:15,B,1061.75,1,12
2021-06-17 13:14:15,B,1061.55,1,9
2021-06-17 13:14:15,B,1061.45,1,12
2021-06-17 13:14:38,S,1063.15,1,1
2021-06-17 13:14:38,S,1063.2,1,10
2021-06-17 13:14:38,S,1063.45,1,10
2021-06-17 13:14:38,S,1063.55,1,25
2021-06-17 13:14:38,S,1063.6,1,1
2021-06-17 13:14:38,B,1062.1,1,4
2021-06-17 13:14:38,B,1061.8,1,1
2021-06-17 13:14:38,B,1061.75,2,13
2021-06-17 13:14:38,B,1061.55,1,9
2021-06-17 13:14:38,B,1061.45,1,12
2021-06-17 13:14:48,S,1063.35,3,11
2021-06-17 13:14:48,S,1063.4,2,9
2021-06-17 13:14:48,S,1063.45,1,10
2021-06-17 13:14:48,S,1063.55,1,25
2021-06-17 13:14:48,S,1063.6,1,1
2021-06-17 13:14:48,B,1061.9,2,11
2021-06-17 13:14:48,B,1061.85,1,2
2021-06-17 13:14:48,B,1061.7,1,7
2021-06-17 13:14:48,B,1061.65,1,7
2021-06-17 13:14:48,B,1061.6,1,7
2021-06-17 13:14:49,S,1063.35,2,2
2021-06-17 13:14:49,S,1063.4,3,19
2021-06-17 13:14:49,S,1063.45,1,10
2021-06-17 13:14:49,S,1063.55,1,25
2021-06-17 13:14:49,S,1063.6,1,1
2021-06-17 13:14:49,B,1061.9,2,11
2021-06-17 13:14:49,B,1061.85,1,2
2021-06-17 13:14:49,B,1061.8,1,7
2021-06-17 13:14:49,B,1061.75,2,11
2021-06-17 13:14:49,B,1061.7,1,7
2021-06-17 13:14:58,S,1063.35,2,2
2021-06-17 13:14:58,S,1063.4,3,19
2021-06-17 13:14:58,S,1063.45,1,10
2021-06-17 13:14:58,S,1063.55,1,25
2021-06-17 13:14:58,S,1063.6,1,1
2021-06-17 13:14:58,B,1061.9,2,11
2021-06-17 13:14:58,B,1061.85,1,2
2021-06-17 13:14:58,B,1061.8,1,7
2021-06-17 13:14:58,B,1061.75,2,11
2021-06-17 13:14:58,B,1061.7,1,7
2021-06-17 13:15:03,S,1063.35,2,2
2021-06-17 13:15:03,S,1063.4,3,19
2021-06-17 13:15:03,S,1063.45,1,10
2021-06-17 13:15:03,S,1063.55,1,25
2021-06-17 13:15:03,S,1063.6,1,1
2021-06-17 13:15:03,B,1061.9,2,11
2021-06-17 13:15:03,B,1061.85,1,2
2021-06-17 13:15:03,B,1061.8,1,7
2021-06-17 13:15:03,B,1061.75,2,11
2021-06-17 13:15:03,B,1061.7,1,7
2021-06-17 13:15:12,S,1063.35,2,2
2021-06-17 13:15:12,S,1063.4,3,19
2021-06-17 13:15:12,S,1063.45,1,10
2021-06-17 13:15:12,S,1063.55,1,25
2021-06-17 13:15:12,S,1063.6,1,1
2021-06-17 13:15:12,B,1061.9,2,11
2021-06-17 13:15:12,B,1061.85,1,2
2021-06-17 13:15:12,B,1061.8,1,7
2021-06-17 13:15:12,B,1061.75,2,11
2021-06-17 13:15:12,B,1061.7,1,7
2021-06-17 13:15:22,S,1063.35,2,2
2021-06-17 13:15:22,S,1063.4,3,19
2021-06-17 13:15:22,S,1063.45,1,10
2021-06-17 13:15:22,S,1063.55,1,25
2021-06-17 13:15:22,S,1063.6,1,1
2021-06-17 13:15:22,B,1061.9,2,11
2021-06-17 13:15:22,B,1061.85,1,2
2021-06-17 13:15:22,B,1061.8,1,7
2021-06-17 13:15:22,B,1061.75,2,11
2021-06-17 13:15:22,B,1061.7,1,7
2021-06-17 13:15:24,S,1063.25,2,10
2021-06-17 13:15:24,S,1063.4,2,9
2021-06-17 13:15:24,S,1063.45,1,10
2021-06-17 13:15:24,S,1063.55,1,25
2021-06-17 13:15:24,S,1063.6,1,1
2021-06-17 13:15:24,B,1061.9,2,11
2021-06-17 13:15:24,B,1061.85,1,2
2021-06-17 13:15:24,B,1061.8,1,7
2021-06-17 13:15:24,B,1061.75,2,11
2021-06-17 13:15:24,B,1061.7,1,7
2021-06-17 13:15:29,S,1063.25,2,10
2021-06-17 13:15:29,S,1063.4,3,10
2021-06-17 13:15:29,S,1063.45,1,10
2021-06-17 13:15:29,S,1063.55,1,25
2021-06-17 13:15:29,S,1063.6,1,1
2021-06-17 13:15:29,B,1061.9,1,1
2021-06-17 13:15:29,B,1061.85,1,2
2021-06-17 13:15:29,B,1061.8,1,7
2021-06-17 13:15:29,B,1061.75,2,11
2021-06-17 13:15:29,B,1061.7,1,7
2021-06-17 13:15:54,S,1063.25,2,10
2021-06-17 13:15:54,S,1063.4,3,10
2021-06-17 13:15:54,S,1063.45,1,10
2021-06-17 13:15:54,S,1063.55,1,25
2021-06-17 13:15:54,S,1063.6,1,1
2021-06-17 13:15:54,B,1061.9,2,10
2021-06-17 13:15:54,B,1061.85,1,2
2021-06-17 13:15:54,B,1061.8,1,7
2021-06-17 13:15:54,B,1061.75,2,11
2021-06-17 13:15:54,B,1061.7,1,7
2021-06-17 13:16:00,S,1063.25,3,11
2021-06-17 13:16:00,S,1063.4,3,10
2021-06-17 13:16:00,S,1063.45,1,10
2021-06-17 13:16:00,S,1063.55,1,25
2021-06-17 13:16:00,S,1063.6,1,1
2021-06-17 13:16:00,B,1061.9,2,10
2021-06-17 13:16:00,B,1061.85,1,2
2021-06-17 13:16:00,B,1061.8,1,7
2021-06-17 13:16:00,B,1061.75,2,11
2021-06-17 13:16:00,B,1061.7,1,7
2021-06-17 13:16:01,S,1063.25,3,11
2021-06-17 13:16:01,S,1063.4,3,10
2021-06-17 13:16:01,S,1063.45,1,10
2021-06-17 13:16:01,S,1063.55,1,25
2021-06-17 13:16:01,S,1063.6,1,1
2021-06-17 13:16:01,B,1061.9,2,10
2021-06-17 13:16:01,B,1061.85,1,2
2021-06-17 13:16:01,B,1061.8,1,7
2021-06-17 13:16:01,B,1061.75,2,11
2021-06-17 13:16:01,B,1061.7,1,7
2021-06-17 13:16:26,S,1063.25,3,11
2021-06-17 13:16:26,S,1063.4,3,10
2021-06-17 13:16:26,S,1063.45,1,10
2021-06-17 13:16:26,S,1063.55,1,25
2021-06-17 13:16:26,S,1063.6,1,1
2021-06-17 13:16:26,B,1061.9,2,10
2021-06-17 13:16:26,B,1061.85,1,2
2021-06-17 13:16:26,B,1061.8,1,7
2021-06-17 13:16:26,B,1061.75,2,11
2021-06-17 13:16:26,B,1061.7,1,7
2021-06-17 13:16:28,S,1063.05,1,10
2021-06-17 13:16:28,S,1063.2,2,2
2021-06-17 13:16:28,S,1063.25,3,9
2021-06-17 13:16:28,S,1063.3,2,8
2021-06-17 13:16:28,S,1063.35,2,8
2021-06-17 13:16:28,B,1061.85,2,3
2021-06-17 13:16:28,B,1061.8,1,7
2021-06-17 13:16:28,B,1061.75,1,7
2021-06-17 13:16:28,B,1061.7,1,7
2021-06-17 13:16:28,B,1061.65,1,7
2021-06-17 13:16:29,S,1063.05,1,10
2021-06-17 13:16:29,S,1063.2,2,2
2021-06-17 13:16:29,S,1063.25,3,9
2021-06-17 13:16:29,S,1063.3,2,8
2021-06-17 13:16:29,S,1063.35,2,8
2021-06-17 13:16:29,B,1061.85,2,3
2021-06-17 13:16:29,B,1061.8,1,7
2021-06-17 13:16:29,B,1061.75,1,7
2021-06-17 13:16:29,B,1061.7,1,7
2021-06-17 13:16:29,B,1061.65,1,7
2021-06-17 13:16:30,S,1063.05,1,1
2021-06-17 13:16:30,S,1063.1,2,2
2021-06-17 13:16:30,S,1063.15,3,10
2021-06-17 13:16:30,S,1063.2,1,1
2021-06-17 13:16:30,S,1063.25,2,8
2021-06-17 13:16:30,B,1061.85,2,3
2021-06-17 13:16:30,B,1061.8,1,7
2021-06-17 13:16:30,B,1061.75,1,7
2021-06-17 13:16:30,B,1061.7,1,7
2021-06-17 13:16:30,B,1061.65,1,7
2021-06-17 13:16:31,S,1062.9,1,1
2021-06-17 13:16:31,S,1063.1,2,2
2021-06-17 13:16:31,S,1063.15,3,10
2021-06-17 13:16:31,S,1063.25,2,8
2021-06-17 13:16:31,S,1063.3,2,8
2021-06-17 13:16:31,B,1061.85,2,3
2021-06-17 13:16:31,B,1061.8,1,7
2021-06-17 13:16:31,B,1061.75,1,7
2021-06-17 13:16:31,B,1061.7,1,7
2021-06-17 13:16:31,B,1061.65,1,7
2021-06-17 13:16:32,S,1062.1,2,26
2021-06-17 13:16:32,S,1062.45,1,1
2021-06-17 13:16:32,S,1062.5,1,9
2021-06-17 13:16:32,S,1062.6,1,2
2021-06-17 13:16:32,S,1063.15,3,10
2021-06-17 13:16:32,B,1061.7,1,3
2021-06-17 13:16:32,B,1061.05,1,15
2021-06-17 13:16:32,B,1060.9,1,1
2021-06-17 13:16:32,B,1060.85,1,10
2021-06-17 13:16:32,B,1060.65,1,2
2021-06-17 13:16:34,S,1062.1,2,26
2021-06-17 13:16:34,S,1062.45,1,1
2021-06-17 13:16:34,S,1062.5,1,9
2021-06-17 13:16:34,S,1062.6,1,2
2021-06-17 13:16:34,S,1063.15,3,10
2021-06-17 13:16:34,B,1061.7,1,3
2021-06-17 13:16:34,B,1061.05,1,15
2021-06-17 13:16:34,B,1060.9,1,1
2021-06-17 13:16:34,B,1060.85,1,10
2021-06-17 13:16:34,B,1060.65,1,2
2021-06-17 13:16:43,S,1062.1,2,26
2021-06-17 13:16:43,S,1062.45,1,1
2021-06-17 13:16:43,S,1062.5,1,9
2021-06-17 13:16:43,S,1062.6,1,2
2021-06-17 13:16:43,S,1063.15,3,10
2021-06-17 13:16:43,B,1061.1,1,4
2021-06-17 13:16:43,B,1061.05,1,15
2021-06-17 13:16:43,B,1060.95,1,1
2021-06-17 13:16:43,B,1060.9,1,9
2021-06-17 13:16:43,B,1060.65,1,2
2021-06-17 13:16:45,S,1062.1,2,26
2021-06-17 13:16:45,S,1062.45,1,1
2021-06-17 13:16:45,S,1062.5,1,9
2021-06-17 13:16:45,S,1062.6,1,2
2021-06-17 13:16:45,S,1062.85,1,9
2021-06-17 13:16:45,B,1061.1,1,4
2021-06-17 13:16:45,B,1061.05,1,15
2021-06-17 13:16:45,B,1060.7,1,1
2021-06-17 13:16:45,B,1060.65,1,2
2021-06-17 13:16:45,B,1060.6,1,10
2021-06-17 13:16:47,S,1062.1,2,26
2021-06-17 13:16:47,S,1062.45,1,1
2021-06-17 13:16:47,S,1062.5,1,9
2021-06-17 13:16:47,S,1062.6,1,2
2021-06-17 13:16:47,S,1062.85,1,9
2021-06-17 13:16:47,B,1061.1,1,4
2021-06-17 13:16:47,B,1061.05,1,15
2021-06-17 13:16:47,B,1060.7,1,1
2021-06-17 13:16:47,B,1060.65,2,8
2021-06-17 13:16:47,B,1060.6,2,19
2021-06-17 13:16:53,S,1062.1,1,1
2021-06-17 13:16:53,S,1062.75,1,1
2021-06-17 13:16:53,S,1062.8,1,7
2021-06-17 13:16:53,S,1062.85,1,9
2021-06-17 13:16:53,S,1063.1,1,3
2021-06-17 13:16:53,B,1061.15,1,1
2021-06-17 13:16:53,B,1061.1,2,10
2021-06-17 13:16:53,B,1061.05,1,15
2021-06-17 13:16:53,B,1060.9,1,9
2021-06-17 13:16:53,B,1060.65,1,2
2021-06-17 13:16:55,S,1061.95,1,1
2021-06-17 13:16:55,S,1062.75,1,1
2021-06-17 13:16:55,S,1062.8,1,7
2021-06-17 13:16:55,S,1062.85,1,9
2021-06-17 13:16:55,S,1063.1,1,3
2021-06-17 13:16:55,B,1061.15,1,1
2021-06-17 13:16:55,B,1061.1,2,10
2021-06-17 13:16:55,B,1061.05,1,15
2021-06-17 13:16:55,B,1060.9,1,9
2021-06-17 13:16:55,B,1060.65,1,2
2021-06-17 13:17:09,S,1061.95,1,1
2021-06-17 13:17:09,S,1062.75,1,1
2021-06-17 13:17:09,S,1062.8,1,7
2021-06-17 13:17:09,S,1062.85,1,9
2021-06-17 13:17:09,S,1063.1,1,3
2021-06-17 13:17:09,B,1061.15,1,1
2021-06-17 13:17:09,B,1061.1,2,10
2021-06-17 13:17:09,B,1061.05,1,15
2021-06-17 13:17:09,B,1060.9,1,9
2021-06-17 13:17:09,B,1060.65,1,2
2021-06-17 13:17:17,S,1061.95,1,1
2021-06-17 13:17:17,S,1062.75,1,1
2021-06-17 13:17:17,S,1062.8,1,7
2021-06-17 13:17:17,S,1062.85,1,9
2021-06-17 13:17:17,S,1063.1,1,3
2021-06-17 13:17:17,B,1061.15,1,1
2021-06-17 13:17:17,B,1061.1,2,10
2021-06-17 13:17:17,B,1061.05,1,15
2021-06-17 13:17:17,B,1060.9,1,9
2021-06-17 13:17:17,B,1060.65,1,2
2021-06-17 13:17:18,S,1061.95,1,1
2021-06-17 13:17:18,S,1062.55,1,2
2021-06-17 13:17:18,S,1062.75,1,1
2021-06-17 13:17:18,S,1062.8,1,7
2021-06-17 13:17:18,S,1062.85,1,9
2021-06-17 13:17:18,B,1061.15,1,1
2021-06-17 13:17:18,B,1061.1,2,10
2021-06-17 13:17:18,B,1061.05,1,15
2021-06-17 13:17:18,B,1060.9,1,9
2021-06-17 13:17:18,B,1060.65,1,2
2021-06-17 13:17:20,S,1061.95,1,1
2021-06-17 13:17:20,S,1062.75,1,1
2021-06-17 13:17:20,S,1062.8,1,7
2021-06-17 13:17:20,S,1062.85,1,9
2021-06-17 13:17:20,S,1063.1,1,3
2021-06-17 13:17:20,B,1061.15,1,1
2021-06-17 13:17:20,B,1061.1,2,10
2021-06-17 13:17:20,B,1061.05,1,15
2021-06-17 13:17:20,B,1060.9,1,9
2021-06-17 13:17:20,B,1060.65,1,2
2021-06-17 13:17:22,S,1061.95,1,1
2021-06-17 13:17:22,S,1062.55,1,2
2021-06-17 13:17:22,S,1062.75,1,1
2021-06-17 13:17:22,S,1062.8,1,7
2021-06-17 13:17:22,S,1062.85,1,9
2021-06-17 13:17:22,B,1061.15,1,1
2021-06-17 13:17:22,B,1061.1,2,10
2021-06-17 13:17:22,B,1061.05,1,15
2021-06-17 13:17:22,B,1060.9,1,9
2021-06-17 13:17:22,B,1060.65,1,2
2021-06-17 13:17:30,S,1061.95,1,1
2021-06-17 13:17:30,S,1062.55,1,2
2021-06-17 13:17:30,S,1062.75,1,1
2021-06-17 13:17:30,S,1062.8,1,7
2021-06-17 13:17:30,S,1062.85,1,9
2021-06-17 13:17:30,B,1061.15,1,1
2021-06-17 13:17:30,B,1061.1,2,10
2021-06-17 13:17:30,B,1061.05,1,15
2021-06-17 13:17:30,B,1060.9,1,9
2021-06-17 13:17:30,B,1060.65,1,2
2021-06-17 13:17:31,S,1063.05,1,1
2021-06-17 13:17:31,S,1063.1,1,3
2021-06-17 13:17:31,S,1063.15,2,8
2021-06-17 13:17:31,S,1063.25,2,8
2021-06-17 13:17:31,S,1063.3,3,17
2021-06-17 13:17:31,B,1062.0,1,2
2021-06-17 13:17:31,B,1061.95,1,9
2021-06-17 13:17:31,B,1061.35,1,1
2021-06-17 13:17:31,B,1061.3,1,7
2021-06-17 13:17:31,B,1061.2,1,7
2021-06-17 13:17:31,S,1063.05,1,1
2021-06-17 13:17:31,S,1063.1,1,3
2021-06-17 13:17:31,S,1063.15,2,8
2021-06-17 13:17:31,S,1063.25,2,8
2021-06-17 13:17:31,S,1063.3,3,17
2021-06-17 13:17:31,B,1062.0,1,2
2021-06-17 13:17:31,B,1061.95,1,9
2021-06-17 13:17:31,B,1061.35,1,1
2021-06-17 13:17:31,B,1061.3,1,7
2021-06-17 13:17:31,B,1061.2,1,7
2021-06-17 13:17:32,S,1063.05,1,1
2021-06-17 13:17:32,S,1063.1,1,3
2021-06-17 13:17:32,S,1063.15,1,7
2021-06-17 13:17:32,S,1063.25,1,7
2021-06-17 13:17:32,S,1063.3,2,16
2021-06-17 13:17:32,B,1061.95,1,9
2021-06-17 13:17:32,B,1061.8,1,1
2021-06-17 13:17:32,B,1061.75,1,1
2021-06-17 13:17:32,B,1061.7,1,2
2021-06-17 13:17:32,B,1061.45,1,12
2021-06-17 13:17:33,S,1063.1,2,4
2021-06-17 13:17:33,S,1063.15,1,7
2021-06-17 13:17:33,S,1063.25,1,7
2021-06-17 13:17:33,S,1063.3,2,16
2021-06-17 13:17:33,S,1063.45,1,11
2021-06-17 13:17:33,B,1062.0,1,10
2021-06-17 13:17:33,B,1061.95,1,9
2021-06-17 13:17:33,B,1061.85,1,1
2021-06-17 13:17:33,B,1061.8,1,1
2021-06-17 13:17:33,B,1061.7,1,2
2021-06-17 13:17:37,S,1063.1,2,4
2021-06-17 13:17:37,S,1063.15,1,7
2021-06-17 13:17:37,S,1063.25,1,7
2021-06-17 13:17:37,S,1063.3,2,16
2021-06-17 13:17:37,S,1063.45,1,11
2021-06-17 13:17:37,B,1062.0,1,10
2021-06-17 13:17:37,B,1061.95,1,9
2021-06-17 13:17:37,B,1061.85,1,1
2021-06-17 13:17:37,B,1061.8,1,1
2021-06-17 13:17:37,B,1061.7,1,2
2021-06-17 13:17:54,S,1063.1,2,4
2021-06-17 13:17:54,S,1063.15,1,7
2021-06-17 13:17:54,S,1063.25,1,7
2021-06-17 13:17:54,S,1063.3,2,16
2021-06-17 13:17:54,S,1063.45,1,11
2021-06-17 13:17:54,B,1062.0,1,10
2021-06-17 13:17:54,B,1061.95,1,9
2021-06-17 13:17:54,B,1061.85,1,1
2021-06-17 13:17:54,B,1061.8,1,1
2021-06-17 13:17:54,B,1061.7,1,2
2021-06-17 13:17:55,S,1063.1,2,4
2021-06-17 13:17:55,S,1063.15,1,7
2021-06-17 13:17:55,S,1063.25,1,7
2021-06-17 13:17:55,S,1063.3,2,16
2021-06-17 13:17:55,S,1063.45,1,11
2021-06-17 13:17:55,B,1062.0,1,10
2021-06-17 13:17:55,B,1061.95,1,9
2021-06-17 13:17:55,B,1061.85,1,1
2021-06-17 13:17:55,B,1061.8,1,1
2021-06-17 13:17:55,B,1061.7,1,2
2021-06-17 13:18:15,S,1063.1,2,4
2021-06-17 13:18:15,S,1063.15,1,7
2021-06-17 13:18:15,S,1063.25,1,7
2021-06-17 13:18:15,S,1063.3,2,16
2021-06-17 13:18:15,S,1063.45,1,11
2021-06-17 13:18:15,B,1062.0,1,10
2021-06-17 13:18:15,B,1061.95,1,9
2021-06-17 13:18:15,B,1061.85,1,1
2021-06-17 13:18:15,B,1061.8,1,1
2021-06-17 13:18:15,B,1061.7,1,2
2021-06-17 13:18:18,S,1063.1,2,4
2021-06-17 13:18:18,S,1063.15,1,7
2021-06-17 13:18:18,S,1063.25,1,7
2021-06-17 13:18:18,S,1063.3,2,16
2021-06-17 13:18:18,S,1063.45,1,11
2021-06-17 13:18:18,B,1061.95,1,9
2021-06-17 13:18:18,B,1061.9,1,1
2021-06-17 13:18:18,B,1061.85,1,9
2021-06-17 13:18:18,B,1061.8,1,1
2021-06-17 13:18:18,B,1061.7,1,2
2021-06-17 13:18:28,S,1063.1,2,4
2021-06-17 13:18:28,S,1063.15,1,7
2021-06-17 13:18:28,S,1063.25,1,7
2021-06-17 13:18:28,S,1063.3,2,16
2021-06-17 13:18:28,S,1063.45,1,11
2021-06-17 13:18:28,B,1061.95,1,9
2021-06-17 13:18:28,B,1061.9,1,1
2021-06-17 13:18:28,B,1061.85,1,9
2021-06-17 13:18:28,B,1061.8,1,1
2021-06-17 13:18:28,B,1061.7,1,2
2021-06-17 13:18:29,S,1062.1,1,10
2021-06-17 13:18:29,S,1062.2,1,1
2021-06-17 13:18:29,S,1062.25,1,10
2021-06-17 13:18:29,S,1062.4,1,7
2021-06-17 13:18:29,S,1062.45,2,11
2021-06-17 13:18:29,B,1060.9,1,3
2021-06-17 13:18:29,B,1060.75,1,7
2021-06-17 13:18:29,B,1060.7,2,8
2021-06-17 13:18:29,B,1060.65,2,14
2021-06-17 13:18:29,B,1060.55,1,12
2021-06-17 13:18:30,S,1062.1,1,10
2021-06-17 13:18:30,S,1062.2,1,1
2021-06-17 13:18:30,S,1062.25,1,10
2021-06-17 13:18:30,S,1062.4,1,7
2021-06-17 13:18:30,S,1062.45,2,11
2021-06-17 13:18:30,B,1060.9,1,3
2021-06-17 13:18:30,B,1060.75,1,7
2021-06-17 13:18:30,B,1060.7,2,8
2021-06-17 13:18:30,B,1060.65,2,14
2021-06-17 13:18:30,B,1060.55,1,12
2021-06-17 13:18:31,S,1062.4,1,1
2021-06-17 13:18:31,S,1062.45,1,2
2021-06-17 13:18:31,S,1062.5,1,7
2021-06-17 13:18:31,S,1062.75,1,7
2021-06-17 13:18:31,S,1062.8,2,9
2021-06-17 13:18:31,B,1061.0,1,1
2021-06-17 13:18:31,B,1060.95,1,9
2021-06-17 13:18:31,B,1060.9,1,3
2021-06-17 13:18:31,B,1060.8,2,10
2021-06-17 13:18:31,B,1060.75,1,7
2021-06-17 13:18:33,S,1062.4,2,11
2021-06-17 13:18:33,S,1062.45,1,2
2021-06-17 13:18:33,S,1062.5,1,7
2021-06-17 13:18:33,S,1062.75,1,7
2021-06-17 13:18:33,S,1062.8,2,9
2021-06-17 13:18:33,B,1061.0,1,1
2021-06-17 13:18:33,B,1060.95,1,9
2021-06-17 13:18:33,B,1060.9,1,3
2021-06-17 13:18:33,B,1060.8,1,7
2021-06-17 13:18:33,B,1060.75,1,7
2021-06-17 13:19:05,S,1062.4,2,11
2021-06-17 13:19:05,S,1062.45,1,2
2021-06-17 13:19:05,S,1062.5,1,7
2021-06-17 13:19:05,S,1062.75,1,7
2021-06-17 13:19:05,S,1062.8,2,9
2021-06-17 13:19:05,B,1061.0,1,1
2021-06-17 13:19:05,B,1060.95,1,9
2021-06-17 13:19:05,B,1060.9,1,3
2021-06-17 13:19:05,B,1060.8,1,7
2021-06-17 13:19:05,B,1060.75,1,7
2021-06-17 13:19:06,S,1062.5,1,7
2021-06-17 13:19:06,S,1062.75,1,7
2021-06-17 13:19:06,S,1062.8,1,7
2021-06-17 13:19:06,S,1062.85,2,13
2021-06-17 13:19:06,S,1062.95,2,8
2021-06-17 13:19:06,B,1061.0,1,1
2021-06-17 13:19:06,B,1060.95,1,9
2021-06-17 13:19:06,B,1060.9,1,3
2021-06-17 13:19:06,B,1060.8,1,7
2021-06-17 13:19:06,B,1060.75,1,7
2021-06-17 13:19:11,S,1062.5,1,7
2021-06-17 13:19:11,S,1062.75,1,7
2021-06-17 13:19:11,S,1062.8,1,7
2021-06-17 13:19:11,S,1062.85,2,13
2021-06-17 13:19:11,S,1062.95,2,8
2021-06-17 13:19:11,B,1061.0,1,1
2021-06-17 13:19:11,B,1060.95,1,9
2021-06-17 13:19:11,B,1060.9,1,3
2021-06-17 13:19:11,B,1060.85,1,10
2021-06-17 13:19:11,B,1060.8,1,7
2021-06-17 13:19:25,S,1062.5,1,7
2021-06-17 13:19:25,S,1062.75,1,7
2021-06-17 13:19:25,S,1062.8,1,7
2021-06-17 13:19:25,S,1062.85,2,13
2021-06-17 13:19:25,S,1062.95,2,8
2021-06-17 13:19:25,B,1061.0,1,1
2021-06-17 13:19:25,B,1060.95,1,9
2021-06-17 13:19:25,B,1060.9,1,3
2021-06-17 13:19:25,B,1060.85,1,10
2021-06-17 13:19:25,B,1060.8,1,7
2021-06-17 13:19:25,S,1062.75,1,7
2021-06-17 13:19:25,S,1062.8,1,7
2021-06-17 13:19:25,S,1062.85,1,11
2021-06-17 13:19:25,S,1062.95,2,8
2021-06-17 13:19:25,S,1063.0,2,13
2021-06-17 13:19:25,B,1061.0,1,1
2021-06-17 13:19:25,B,1060.95,1,9
2021-06-17 13:19:25,B,1060.9,1,3
2021-06-17 13:19:25,B,1060.85,1,10
2021-06-17 13:19:25,B,1060.8,2,9
2021-06-17 13:19:29,S,1062.75,1,7
2021-06-17 13:19:29,S,1062.8,1,7
2021-06-17 13:19:29,S,1062.85,1,11
2021-06-17 13:19:29,S,1062.95,2,8
2021-06-17 13:19:29,S,1063.0,2,13
2021-06-17 13:19:29,B,1061.0,1,1
2021-06-17 13:19:29,B,1060.95,1,9
2021-06-17 13:19:29,B,1060.9,1,3
2021-06-17 13:19:29,B,1060.85,1,10
2021-06-17 13:19:29,B,1060.8,1,7
2021-06-17 13:19:30,S,1062.75,1,7
2021-06-17 13:19:30,S,1062.8,1,7
2021-06-17 13:19:30,S,1062.85,1,11
2021-06-17 13:19:30,S,1062.95,3,10
2021-06-17 13:19:30,S,1063.0,2,13
2021-06-17 13:19:30,B,1061.0,1,1
2021-06-17 13:19:30,B,1060.95,1,9
2021-06-17 13:19:30,B,1060.9,1,3
2021-06-17 13:19:30,B,1060.85,1,10
2021-06-17 13:19:30,B,1060.8,1,7
2021-06-17 13:19:33,S,1063.85,2,5
2021-06-17 13:19:33,S,1063.9,1,1
2021-06-17 13:19:33,S,1063.95,1,7
2021-06-17 13:19:33,S,1064.0,1,7
2021-06-17 13:19:33,S,1064.15,2,17
2021-06-17 13:19:33,B,1062.4,1,10
2021-06-17 13:19:33,B,1062.1,1,1
2021-06-17 13:19:33,B,1062.05,1,9
2021-06-17 13:19:33,B,1061.85,1,7
2021-06-17 13:19:33,B,1061.75,1,12
2021-06-17 13:19:36,S,1063.85,2,5
2021-06-17 13:19:36,S,1063.9,2,3
2021-06-17 13:19:36,S,1063.95,1,7
2021-06-17 13:19:36,S,1064.0,1,7
2021-06-17 13:19:36,S,1064.05,1,9
2021-06-17 13:19:36,B,1062.4,1,10
2021-06-17 13:19:36,B,1062.1,1,1
2021-06-17 13:19:36,B,1062.05,1,9
2021-06-17 13:19:36,B,1061.85,1,7
2021-06-17 13:19:36,B,1061.75,1,12
2021-06-17 13:19:42,S,1063.85,1,1
2021-06-17 13:19:42,S,1064.3,1,3
2021-06-17 13:19:42,S,1064.4,1,50
2021-06-17 13:19:42,S,1064.8,1,9
2021-06-17 13:19:42,S,1064.85,1,4
2021-06-17 13:19:42,B,1063.35,1,9
2021-06-17 13:19:42,B,1063.3,2,23
2021-06-17 13:19:42,B,1063.25,1,10
2021-06-17 13:19:42,B,1062.95,1,10
2021-06-17 13:19:42,B,1062.65,2,12
2021-06-17 13:19:43,S,1063.85,1,1
2021-06-17 13:19:43,S,1064.3,1,3
2021-06-17 13:19:43,S,1064.4,1,50
2021-06-17 13:19:43,S,1064.8,1,9
2021-06-17 13:19:43,S,1064.85,1,4
2021-06-17 13:19:43,B,1063.35,1,9
2021-06-17 13:19:43,B,1063.3,2,23
2021-06-17 13:19:43,B,1063.25,1,10
2021-06-17 13:19:43,B,1062.95,1,10
2021-06-17 13:19:43,B,1062.65,2,12
2021-06-17 13:19:54,S,1063.85,1,1
2021-06-17 13:19:54,S,1064.3,1,3
2021-06-17 13:19:54,S,1064.4,1,50
2021-06-17 13:19:54,S,1064.8,1,9
2021-06-17 13:19:54,S,1064.85,1,4
2021-06-17 13:19:54,B,1063.35,1,9
2021-06-17 13:19:54,B,1063.3,2,23
2021-06-17 13:19:54,B,1063.25,1,10
2021-06-17 13:19:54,B,1062.95,1,10
2021-06-17 13:19:54,B,1062.65,2,12
2021-06-17 13:19:55,S,1063.85,1,1
2021-06-17 13:19:55,S,1064.3,1,3
2021-06-17 13:19:55,S,1064.35,1,4
2021-06-17 13:19:55,S,1064.4,1,50
2021-06-17 13:19:55,S,1064.45,2,12
2021-06-17 13:19:55,B,1063.3,1,22
2021-06-17 13:19:55,B,1062.95,1,1
2021-06-17 13:19:55,B,1062.9,1,9
2021-06-17 13:19:55,B,1062.65,2,12
2021-06-17 13:19:55,B,1062.35,1,10
2021-06-17 13:19:58,S,1064.3,1,3
2021-06-17 13:19:58,S,1064.35,1,4
2021-06-17 13:19:58,S,1064.4,2,51
2021-06-17 13:19:58,S,1064.6,1,9
2021-06-17 13:19:58,S,1064.9,2,5
2021-06-17 13:19:58,B,1063.85,1,2
2021-06-17 13:19:58,B,1063.3,1,22
2021-06-17 13:19:58,B,1062.95,1,1
2021-06-17 13:19:58,B,1062.9,1,9
2021-06-17 13:19:58,B,1062.65,2,12
2021-06-17 13:20:00,S,1064.3,1,3
2021-06-17 13:20:00,S,1064.35,1,4
2021-06-17 13:20:00,S,1064.4,2,51
2021-06-17 13:20:00,S,1064.75,1,9
2021-06-17 13:20:00,S,1064.9,2,5
2021-06-17 13:20:00,B,1063.85,1,2
2021-06-17 13:20:00,B,1063.3,1,22
2021-06-17 13:20:00,B,1062.95,1,1
2021-06-17 13:20:00,B,1062.9,1,9
2021-06-17 13:20:00,B,1062.65,2,12
2021-06-17 13:20:37,S,1064.3,1,3
2021-06-17 13:20:37,S,1064.35,1,4
2021-06-17 13:20:37,S,1064.4,1,50
2021-06-17 13:20:37,S,1064.75,1,9
2021-06-17 13:20:37,S,1064.9,2,5
2021-06-17 13:20:37,B,1063.85,1,2
2021-06-17 13:20:37,B,1063.3,1,22
2021-06-17 13:20:37,B,1062.95,1,1
2021-06-17 13:20:37,B,1062.9,1,9
2021-06-17 13:20:37,B,1062.65,2,12
2021-06-17 13:20:41,S,1063.85,1,26
2021-06-17 13:20:41,S,1064.1,1,4
2021-06-17 13:20:41,S,1064.15,1,2
2021-06-17 13:20:41,S,1064.3,2,4
2021-06-17 13:20:41,S,1064.4,2,60
2021-06-17 13:20:41,B,1063.3,1,22
2021-06-17 13:20:41,B,1062.9,1,1
2021-06-17 13:20:41,B,1062.85,1,9
2021-06-17 13:20:41,B,1062.65,2,12
2021-06-17 13:20:41,B,1062.35,1,10
2021-06-17 13:20:45,S,1063.85,1,26
2021-06-17 13:20:45,S,1064.1,1,4
2021-06-17 13:20:45,S,1064.15,1,2
2021-06-17 13:20:45,S,1064.3,2,4
2021-06-17 13:20:45,S,1064.4,2,60
2021-06-17 13:20:45,B,1063.3,1,22
2021-06-17 13:20:45,B,1062.7,3,12
2021-06-17 13:20:45,B,1062.65,2,12
2021-06-17 13:20:45,B,1062.35,1,10
2021-06-17 13:20:45,B,1062.3,1,2
2021-06-17 13:20:47,S,1063.85,1,26
2021-06-17 13:20:47,S,1064.1,1,4
2021-06-17 13:20:47,S,1064.15,1,2
2021-06-17 13:20:47,S,1064.3,2,4
2021-06-17 13:20:47,S,1064.4,2,60
2021-06-17 13:20:47,B,1063.3,1,22
2021-06-17 13:20:47,B,1062.7,3,12
2021-06-17 13:20:47,B,1062.65,2,12
2021-06-17 13:20:47,B,1062.35,1,10
2021-06-17 13:20:47,B,1062.3,1,2
2021-06-17 13:21:06,S,1063.85,1,26
2021-06-17 13:21:06,S,1064.1,1,4
2021-06-17 13:21:06,S,1064.15,1,2
2021-06-17 13:21:06,S,1064.3,2,4
2021-06-17 13:21:06,S,1064.4,2,60
2021-06-17 13:21:06,B,1063.3,1,22
2021-06-17 13:21:06,B,1062.7,3,12
2021-06-17 13:21:06,B,1062.65,2,12
2021-06-17 13:21:06,B,1062.35,1,10
2021-06-17 13:21:06,B,1062.3,1,2
2021-06-17 13:21:12,S,1063.85,1,26
2021-06-17 13:21:12,S,1064.1,1,4
2021-06-17 13:21:12,S,1064.15,1,2
2021-06-17 13:21:12,S,1064.3,2,4
2021-06-17 13:21:12,S,1064.4,2,60
2021-06-17 13:21:12,B,1063.3,1,22
2021-06-17 13:21:12,B,1062.7,3,12
2021-06-17 13:21:12,B,1062.65,2,12
2021-06-17 13:21:12,B,1062.35,1,10
2021-06-17 13:21:12,B,1062.3,1,2
2021-06-17 13:21:17,S,1063.85,1,26
2021-06-17 13:21:17,S,1064.1,1,4
2021-06-17 13:21:17,S,1064.15,1,2
2021-06-17 13:21:17,S,1064.3,2,4
2021-06-17 13:21:17,S,1064.4,2,60
2021-06-17 13:21:17,B,1063.3,1,22
2021-06-17 13:21:17,B,1062.7,3,12
2021-06-17 13:21:17,B,1062.65,2,12
2021-06-17 13:21:17,B,1062.35,1,10
2021-06-17 13:21:17,B,1062.3,1,2
2021-06-17 13:21:33,S,1063.85,1,26
2021-06-17 13:21:33,S,1064.1,1,4
2021-06-17 13:21:33,S,1064.15,1,2
2021-06-17 13:21:33,S,1064.3,2,4
2021-06-17 13:21:33,S,1064.4,2,60
2021-06-17 13:21:33,B,1063.3,1,22
2021-06-17 13:21:33,B,1062.7,2,2
2021-06-17 13:21:33,B,1062.65,2,12
2021-06-17 13:21:33,B,1062.35,1,10
2021-06-17 13:21:33,B,1062.3,1,2
2021-06-17 13:21:39,S,1063.65,1,10
2021-06-17 13:21:39,S,1063.75,1,3
2021-06-17 13:21:39,S,1063.8,2,5
2021-06-17 13:21:39,S,1063.85,2,5
2021-06-17 13:21:39,S,1064.05,1,11
2021-06-17 13:21:39,B,1062.35,1,1
2021-06-17 13:21:39,B,1062.3,1,2
2021-06-17 13:21:39,B,1062.2,1,7
2021-06-17 13:21:39,B,1062.15,1,7
2021-06-17 13:21:39,B,1062.1,1,7
2021-06-17 13:21:42,S,1063.65,1,10
2021-06-17 13:21:42,S,1063.75,1,3
2021-06-17 13:21:42,S,1063.85,2,5
2021-06-17 13:21:42,S,1064.0,1,2
2021-06-17 13:21:42,S,1064.05,1,11
2021-06-17 13:21:42,B,1062.35,1,1
2021-06-17 13:21:42,B,1062.3,1,2
2021-06-17 13:21:42,B,1062.25,1,7
2021-06-17 13:21:42,B,1062.2,1,7
2021-06-17 13:21:42,B,1062.15,1,7
2021-06-17 13:21:45,S,1063.65,1,10
2021-06-17 13:21:45,S,1063.75,1,3
2021-06-17 13:21:45,S,1063.85,2,5
2021-06-17 13:21:45,S,1064.0,1,2
2021-06-17 13:21:45,S,1064.05,1,11
2021-06-17 13:21:45,B,1062.35,1,1
2021-06-17 13:21:45,B,1062.3,1,2
2021-06-17 13:21:45,B,1062.25,1,7
2021-06-17 13:21:45,B,1062.2,1,7
2021-06-17 13:21:45,B,1062.15,1,7
2021-06-17 13:21:46,S,1061.5,1,1
2021-06-17 13:21:46,S,1061.55,1,9
2021-06-17 13:21:46,S,1061.65,1,11
2021-06-17 13:21:46,S,1061.95,2,13
2021-06-17 13:21:46,S,1062.05,1,1
2021-06-17 13:21:46,B,1060.55,2,2
2021-06-17 13:21:46,B,1060.5,1,1
2021-06-17 13:21:46,B,1060.45,1,2
2021-06-17 13:21:46,B,1060.4,1,1
2021-06-17 13:21:46,B,1060.35,2,7
2021-06-17 13:21:50,S,1061.5,1,1
2021-06-17 13:21:50,S,1061.55,1,9
2021-06-17 13:21:50,S,1061.65,1,11
2021-06-17 13:21:50,S,1061.95,2,13
2021-06-17 13:21:50,S,1062.05,1,1
2021-06-17 13:21:50,B,1060.55,2,2
2021-06-17 13:21:50,B,1060.5,1,1
2021-06-17 13:21:50,B,1060.45,1,2
2021-06-17 13:21:50,B,1060.4,1,1
2021-06-17 13:21:50,B,1060.35,2,7
2021-06-17 13:21:51,S,1062.1,1,7
2021-06-17 13:21:51,S,1062.2,1,1
2021-06-17 13:21:51,S,1062.25,2,12
2021-06-17 13:21:51,S,1062.45,3,17
2021-06-17 13:21:51,S,1062.55,2,10
2021-06-17 13:21:51,B,1060.6,1,1
2021-06-17 13:21:51,B,1060.55,1,1
2021-06-17 13:21:51,B,1060.45,1,2
2021-06-17 13:21:51,B,1060.4,2,2
2021-06-17 13:21:51,B,1060.35,2,7
2021-06-17 13:21:52,S,1061.95,1,10
2021-06-17 13:21:52,S,1062.1,1,7
2021-06-17 13:21:52,S,1062.2,2,2
2021-06-17 13:21:52,S,1062.25,2,12
2021-06-17 13:21:52,S,1062.45,3,17
2021-06-17 13:21:52,B,1060.6,1,1
2021-06-17 13:21:52,B,1060.55,1,1
2021-06-17 13:21:52,B,1060.5,1,1
2021-06-17 13:21:52,B,1060.45,1,2
2021-06-17 13:21:52,B,1060.4,1,1
2021-06-17 13:21:54,S,1062.1,2,17
2021-06-17 13:21:54,S,1062.2,1,1
2021-06-17 13:21:54,S,1062.25,2,12
2021-06-17 13:21:54,S,1062.45,3,17
2021-06-17 13:21:54,S,1062.55,2,10
2021-06-17 13:21:54,B,1060.6,2,10
2021-06-17 13:21:54,B,1060.55,1,1
2021-06-17 13:21:54,B,1060.5,1,1
2021-06-17 13:21:54,B,1060.45,1,2
2021-06-17 13:21:54,B,1060.4,1,1
2021-06-17 13:22:00,S,1062.2,2,8
2021-06-17 13:22:00,S,1062.25,1,11
2021-06-17 13:22:00,S,1062.35,1,9
2021-06-17 13:22:00,S,1062.4,2,2
2021-06-17 13:22:00,S,1062.45,3,17
2021-06-17 13:22:00,B,1060.6,2,10
2021-06-17 13:22:00,B,1060.55,1,1
2021-06-17 13:22:00,B,1060.5,1,1
2021-06-17 13:22:00,B,1060.45,1,2
2021-06-17 13:22:00,B,1060.4,1,1
2021-06-17 13:22:02,S,1062.15,1,10
2021-06-17 13:22:02,S,1062.2,2,8
2021-06-17 13:22:02,S,1062.25,1,11
2021-06-17 13:22:02,S,1062.4,2,2
2021-06-17 13:22:02,S,1062.45,3,17
2021-06-17 13:22:02,B,1060.6,2,10
2021-06-17 13:22:02,B,1060.55,1,1
2021-06-17 13:22:02,B,1060.5,1,1
2021-06-17 13:22:02,B,1060.45,1,2
2021-06-17 13:22:02,B,1060.4,1,1
2021-06-17 13:22:19,S,1062.15,1,10
2021-06-17 13:22:19,S,1062.2,2,8
2021-06-17 13:22:19,S,1062.25,1,11
2021-06-17 13:22:19,S,1062.4,2,2
2021-06-17 13:22:19,S,1062.45,3,17
2021-06-17 13:22:19,B,1060.6,2,10
2021-06-17 13:22:19,B,1060.55,1,1
2021-06-17 13:22:19,B,1060.5,1,1
2021-06-17 13:22:19,B,1060.45,1,2
2021-06-17 13:22:19,B,1060.4,1,1
2021-06-17 13:22:21,S,1062.15,1,9
2021-06-17 13:22:21,S,1062.2,1,7
2021-06-17 13:22:21,S,1062.25,2,12
2021-06-17 13:22:21,S,1062.4,2,2
2021-06-17 13:22:21,S,1062.45,3,17
2021-06-17 13:22:21,B,1060.6,3,16
2021-06-17 13:22:21,B,1060.55,3,14
2021-06-17 13:22:21,B,1060.5,1,1
2021-06-17 13:22:21,B,1060.45,1,2
2021-06-17 13:22:21,B,1060.4,1,1
2021-06-17 13:22:29,S,1062.15,1,9
2021-06-17 13:22:29,S,1062.2,1,7
2021-06-17 13:22:29,S,1062.25,2,13
2021-06-17 13:22:29,S,1062.4,2,2
2021-06-17 13:22:29,S,1062.45,3,17
2021-06-17 13:22:29,B,1060.6,2,10
2021-06-17 13:22:29,B,1060.55,2,12
2021-06-17 13:22:29,B,1060.5,1,1
2021-06-17 13:22:29,B,1060.45,1,2
2021-06-17 13:22:29,B,1060.4,1,1
2021-06-17 13:22:31,S,1062.15,1,9
2021-06-17 13:22:31,S,1062.2,1,7
2021-06-17 13:22:31,S,1062.25,2,13
2021-06-17 13:22:31,S,1062.4,2,2
2021-06-17 13:22:31,S,1062.45,3,17
2021-06-17 13:22:31,B,1060.6,2,10
2021-06-17 13:22:31,B,1060.55,2,12
2021-06-17 13:22:31,B,1060.5,1,1
2021-06-17 13:22:31,B,1060.45,1,2
2021-06-17 13:22:31,B,1060.4,1,1
2021-06-17 13:22:34,S,1062.15,1,9
2021-06-17 13:22:34,S,1062.2,1,7
2021-06-17 13:22:34,S,1062.25,2,13
2021-06-17 13:22:34,S,1062.4,2,2
2021-06-17 13:22:34,S,1062.45,3,17
2021-06-17 13:22:34,B,1060.6,2,10
2021-06-17 13:22:34,B,1060.55,2,3
2021-06-17 13:22:34,B,1060.5,1,1
2021-06-17 13:22:34,B,1060.45,1,2
2021-06-17 13:22:34,B,1060.4,1,1
2021-06-17 13:22:40,S,1062.15,1,9
2021-06-17 13:22:40,S,1062.2,1,7
2021-06-17 13:22:40,S,1062.25,3,14
2021-06-17 13:22:40,S,1062.4,2,2
2021-06-17 13:22:40,S,1062.45,3,17
2021-06-17 13:22:40,B,1060.6,2,10
2021-06-17 13:22:40,B,1060.55,2,3
2021-06-17 13:22:40,B,1060.5,1,1
2021-06-17 13:22:40,B,1060.45,1,2
2021-06-17 13:22:40,B,1060.4,1,1
2021-06-17 13:22:41,S,1062.15,1,9
2021-06-17 13:22:41,S,1062.2,1,7
2021-06-17 13:22:41,S,1062.25,3,14
2021-06-17 13:22:41,S,1062.4,2,2
2021-06-17 13:22:41,S,1062.45,3,17
2021-06-17 13:22:41,B,1060.6,2,10
2021-06-17 13:22:41,B,1060.55,2,3
2021-06-17 13:22:41,B,1060.5,1,1
2021-06-17 13:22:41,B,1060.45,1,2
2021-06-17 13:22:41,B,1060.4,1,1
2021-06-17 13:22:42,S,1062.05,3,9
2021-06-17 13:22:42,S,1062.1,2,8
2021-06-17 13:22:42,S,1062.15,2,8
2021-06-17 13:22:42,S,1062.2,2,8
2021-06-17 13:22:42,S,1062.25,3,14
2021-06-17 13:22:42,B,1060.6,1,1
2021-06-17 13:22:42,B,1060.55,2,3
2021-06-17 13:22:42,B,1060.5,1,1
2021-06-17 13:22:42,B,1060.45,1,2
2021-06-17 13:22:42,B,1060.4,1,1
2021-06-17 13:22:45,S,1061.7,1,1
2021-06-17 13:22:45,S,1061.75,2,2
2021-06-17 13:22:45,S,1061.85,3,11
2021-06-17 13:22:45,S,1061.9,4,16
2021-06-17 13:22:45,S,1061.95,2,13
2021-06-17 13:22:45,B,1060.6,1,1
2021-06-17 13:22:45,B,1060.55,2,2
2021-06-17 13:22:45,B,1060.5,1,1
2021-06-17 13:22:45,B,1060.4,1,1
2021-06-17 13:22:45,B,1060.35,2,7
2021-06-17 13:22:47,S,1061.7,1,1
2021-06-17 13:22:47,S,1061.75,3,11
2021-06-17 13:22:47,S,1061.85,3,11
2021-06-17 13:22:47,S,1061.9,4,16
2021-06-17 13:22:47,S,1061.95,2,13
2021-06-17 13:22:47,B,1060.6,1,1
2021-06-17 13:22:47,B,1060.55,2,2
2021-06-17 13:22:47,B,1060.5,1,1
2021-06-17 13:22:47,B,1060.4,1,1
2021-06-17 13:22:47,B,1060.35,2,7
2021-06-17 13:22:49,S,1061.7,1,1
2021-06-17 13:22:49,S,1061.75,2,2
2021-06-17 13:22:49,S,1061.85,3,11
2021-06-17 13:22:49,S,1061.9,4,16
2021-06-17 13:22:49,S,1061.95,2,13
2021-06-17 13:22:49,B,1060.6,1,1
2021-06-17 13:22:49,B,1060.55,2,2
2021-06-17 13:22:49,B,1060.5,1,1
2021-06-17 13:22:49,B,1060.4,1,1
2021-06-17 13:22:49,B,1060.35,2,7
2021-06-17 13:22:52,S,1061.7,1,1
2021-06-17 13:22:52,S,1061.75,2,2
2021-06-17 13:22:52,S,1061.85,3,11
2021-06-17 13:22:52,S,1061.9,4,16
2021-06-17 13:22:52,S,1061.95,2,10
2021-06-17 13:22:52,B,1060.6,1,1
2021-06-17 13:22:52,B,1060.55,2,2
2021-06-17 13:22:52,B,1060.5,1,1
2021-06-17 13:22:52,B,1060.4,1,1
2021-06-17 13:22:52,B,1060.35,2,7
2021-06-17 13:22:57,S,1061.7,1,1
2021-06-17 13:22:57,S,1061.75,1,1
2021-06-17 13:22:57,S,1061.8,2,8
2021-06-17 13:22:57,S,1061.85,3,11
2021-06-17 13:22:57,S,1061.9,4,16
2021-06-17 13:22:57,B,1060.6,1,1
2021-06-17 13:22:57,B,1060.55,2,2
2021-06-17 13:22:57,B,1060.5,1,1
2021-06-17 13:22:57,B,1060.4,1,1
2021-06-17 13:22:57,B,1060.35,2,7
2021-06-17 13:23:03,S,1061.7,2,2
2021-06-17 13:23:03,S,1061.75,1,1
2021-06-17 13:23:03,S,1061.8,2,8
2021-06-17 13:23:03,S,1061.85,3,11
2021-06-17 13:23:03,S,1061.9,4,16
2021-06-17 13:23:03,B,1060.6,1,1
2021-06-17 13:23:03,B,1060.55,2,2
2021-06-17 13:23:03,B,1060.5,1,1
2021-06-17 13:23:03,B,1060.4,1,1
2021-06-17 13:23:03,B,1060.35,2,7
2021-06-17 13:23:08,S,1061.6,1,1
2021-06-17 13:23:08,S,1061.65,1,10
2021-06-17 13:23:08,S,1061.7,2,2
2021-06-17 13:23:08,S,1061.75,2,2
2021-06-17 13:23:08,S,1061.8,3,9
2021-06-17 13:23:08,B,1060.55,3,3
2021-06-17 13:23:08,B,1060.5,1,1
2021-06-17 13:23:08,B,1060.4,1,1
2021-06-17 13:23:08,B,1060.35,2,7
2021-06-17 13:23:08,B,1060.3,3,11
2021-06-17 13:23:10,S,1061.55,1,1
2021-06-17 13:23:10,S,1061.6,1,1
2021-06-17 13:23:10,S,1061.65,2,12
2021-06-17 13:23:10,S,1061.75,2,2
2021-06-17 13:23:10,S,1061.8,5,20
2021-06-17 13:23:10,B,1060.55,3,3
2021-06-17 13:23:10,B,1060.5,1,1
2021-06-17 13:23:10,B,1060.4,1,1
2021-06-17 13:23:10,B,1060.35,2,7
2021-06-17 13:23:10,B,1060.3,3,11
2021-06-17 13:23:31,S,1061.55,2,10
2021-06-17 13:23:31,S,1061.6,1,1
2021-06-17 13:23:31,S,1061.65,2,12
2021-06-17 13:23:31,S,1061.75,2,2
2021-06-17 13:23:31,S,1061.8,4,11
2021-06-17 13:23:31,B,1060.55,2,2
2021-06-17 13:23:31,B,1060.5,1,1
2021-06-17 13:23:31,B,1060.45,1,1
2021-06-17 13:23:31,B,1060.4,1,1
2021-06-17 13:23:31,B,1060.35,2,7
2021-06-17 13:23:34,S,1061.55,2,10
2021-06-17 13:23:34,S,1061.6,1,1
2021-06-17 13:23:34,S,1061.65,2,12
2021-06-17 13:23:34,S,1061.75,2,2
2021-06-17 13:23:34,S,1061.8,4,11
2021-06-17 13:23:34,B,1060.55,2,2
2021-06-17 13:23:34,B,1060.5,1,1
2021-06-17 13:23:34,B,1060.45,1,1
2021-06-17 13:23:34,B,1060.4,1,1
2021-06-17 13:23:34,B,1060.35,2,7
2021-06-17 13:23:43,S,1061.55,1,1
2021-06-17 13:23:43,S,1061.6,1,1
2021-06-17 13:23:43,S,1061.65,2,12
2021-06-17 13:23:43,S,1061.75,2,2
2021-06-17 13:23:43,S,1061.8,5,21
2021-06-17 13:23:43,B,1060.55,3,3
2021-06-17 13:23:43,B,1060.5,1,1
2021-06-17 13:23:43,B,1060.4,2,21
2021-06-17 13:23:43,B,1060.35,2,7
2021-06-17 13:23:43,B,1060.3,2,8
2021-06-17 13:23:45,S,1061.55,1,1
2021-06-17 13:23:45,S,1061.6,1,1
2021-06-17 13:23:45,S,1061.65,2,12
2021-06-17 13:23:45,S,1061.75,2,2
2021-06-17 13:23:45,S,1061.8,5,21
2021-06-17 13:23:45,B,1060.55,3,3
2021-06-17 13:23:45,B,1060.5,1,1
2021-06-17 13:23:45,B,1060.4,2,21
2021-06-17 13:23:45,B,1060.35,2,7
2021-06-17 13:23:45,B,1060.3,2,8
2021-06-17 13:23:48,S,1061.6,1,1
2021-06-17 13:23:48,S,1061.7,1,1
2021-06-17 13:23:48,S,1061.75,2,2
2021-06-17 13:23:48,S,1061.8,3,10
2021-06-17 13:23:48,S,1061.85,4,12
2021-06-17 13:23:48,B,1060.6,1,1
2021-06-17 13:23:48,B,1060.55,2,2
2021-06-17 13:23:48,B,1060.5,1,1
2021-06-17 13:23:48,B,1060.4,2,21
2021-06-17 13:23:48,B,1060.35,2,7
2021-06-17 13:23:56,S,1061.6,1,1
2021-06-17 13:23:56,S,1061.7,1,1
2021-06-17 13:23:56,S,1061.75,2,2
2021-06-17 13:23:56,S,1061.8,3,10
2021-06-17 13:23:56,S,1061.85,3,11
2021-06-17 13:23:56,B,1060.6,1,1
2021-06-17 13:23:56,B,1060.55,2,2
2021-06-17 13:23:56,B,1060.5,1,1
2021-06-17 13:23:56,B,1060.4,2,21
2021-06-17 13:23:56,B,1060.35,2,7
2021-06-17 13:24:15,S,1061.6,1,1
2021-06-17 13:24:15,S,1061.7,1,1
2021-06-17 13:24:15,S,1061.75,1,1
2021-06-17 13:24:15,S,1061.8,3,10
2021-06-17 13:24:15,S,1061.85,3,11
2021-06-17 13:24:15,B,1060.6,1,1
2021-06-17 13:24:15,B,1060.55,2,2
2021-06-17 13:24:15,B,1060.5,1,1
2021-06-17 13:24:15,B,1060.4,2,21
2021-06-17 13:24:15,B,1060.35,2,7
2021-06-17 13:24:39,S,1061.6,1,1
2021-06-17 13:24:39,S,1061.7,1,1
2021-06-17 13:24:39,S,1061.75,1,1
2021-06-17 13:24:39,S,1061.8,3,10
2021-06-17 13:24:39,S,1061.85,3,11
2021-06-17 13:24:39,B,1060.6,1,1
2021-06-17 13:24:39,B,1060.55,2,2
2021-06-17 13:24:39,B,1060.5,1,1
2021-06-17 13:24:39,B,1060.4,2,21
2021-06-17 13:24:39,B,1060.35,2,7
2021-06-17 13:24:41,S,1061.6,1,1
2021-06-17 13:24:41,S,1061.7,1,1
2021-06-17 13:24:41,S,1061.75,1,1
2021-06-17 13:24:41,S,1061.8,3,10
2021-06-17 13:24:41,S,1061.85,3,11
2021-06-17 13:24:41,B,1060.6,1,1
2021-06-17 13:24:41,B,1060.55,2,2
2021-06-17 13:24:41,B,1060.5,1,1
2021-06-17 13:24:41,B,1060.4,2,21
2021-06-17 13:24:41,B,1060.35,2,7
2021-06-17 13:24:43,S,1061.6,1,1
2021-06-17 13:24:43,S,1061.7,1,1
2021-06-17 13:24:43,S,1061.75,1,1
2021-06-17 13:24:43,S,1061.8,3,10
2021-06-17 13:24:43,S,1061.85,3,11
2021-06-17 13:24:43,B,1060.6,1,1
2021-06-17 13:24:43,B,1060.55,3,12
2021-06-17 13:24:43,B,1060.5,1,1
2021-06-17 13:24:43,B,1060.4,2,21
2021-06-17 13:24:43,B,1060.35,2,7
2021-06-17 13:24:44,S,1061.6,1,1
2021-06-17 13:24:44,S,1061.7,1,1
2021-06-17 13:24:44,S,1061.75,1,1
2021-06-17 13:24:44,S,1061.8,3,10
2021-06-17 13:24:44,S,1061.85,3,11
2021-06-17 13:24:44,B,1060.6,2,11
2021-06-17 13:24:44,B,1060.55,1,1
2021-06-17 13:24:44,B,1060.5,2,21
2021-06-17 13:24:44,B,1060.4,1,1
2021-06-17 13:24:44,B,1060.35,2,7
2021-06-17 13:24:54,S,1061.6,1,1
2021-06-17 13:24:54,S,1061.7,1,1
2021-06-17 13:24:54,S,1061.75,1,1
2021-06-17 13:24:54,S,1061.8,3,10
2021-06-17 13:24:54,S,1061.85,3,11
2021-06-17 13:24:54,B,1060.6,1,1
2021-06-17 13:24:54,B,1060.55,1,1
2021-06-17 13:24:54,B,1060.5,2,21
2021-06-17 13:24:54,B,1060.4,1,1
2021-06-17 13:24:54,B,1060.35,3,17
2021-06-17 13:25:16,S,1061.6,1,1
2021-06-17 13:25:16,S,1061.7,1,1
2021-06-17 13:25:16,S,1061.75,1,1
2021-06-17 13:25:16,S,1061.8,3,10
2021-06-17 13:25:16,S,1061.85,3,11
2021-06-17 13:25:16,B,1060.6,1,1
2021-06-17 13:25:16,B,1060.55,1,1
2021-06-17 13:25:16,B,1060.5,2,21
2021-06-17 13:25:16,B,1060.4,1,1
2021-06-17 13:25:16,B,1060.35,3,17
2021-06-17 13:25:25,S,1061.6,1,1
2021-06-17 13:25:25,S,1061.7,1,1
2021-06-17 13:25:25,S,1061.75,1,1
2021-06-17 13:25:25,S,1061.8,3,10
2021-06-17 13:25:25,S,1061.85,3,11
2021-06-17 13:25:25,B,1060.6,1,1
2021-06-17 13:25:25,B,1060.55,1,1
2021-06-17 13:25:25,B,1060.5,2,21
2021-06-17 13:25:25,B,1060.4,2,7
2021-06-17 13:25:25,B,1060.35,3,17
2021-06-17 13:25:28,S,1061.6,1,1
2021-06-17 13:25:28,S,1061.7,1,1
2021-06-17 13:25:28,S,1061.75,1,1
2021-06-17 13:25:28,S,1061.8,3,10
2021-06-17 13:25:28,S,1061.85,3,11
2021-06-17 13:25:28,B,1060.6,1,1
2021-06-17 13:25:28,B,1060.55,1,1
2021-06-17 13:25:28,B,1060.5,2,21
2021-06-17 13:25:28,B,1060.4,2,7
2021-06-17 13:25:28,B,1060.35,3,17
2021-06-17 13:25:33,S,1061.6,1,1
2021-06-17 13:25:33,S,1061.7,1,1
2021-06-17 13:25:33,S,1061.75,1,1
2021-06-17 13:25:33,S,1061.8,2,9
2021-06-17 13:25:33,S,1061.85,2,10
2021-06-17 13:25:33,B,1060.6,3,16
2021-06-17 13:25:33,B,1060.55,3,14
2021-06-17 13:25:33,B,1060.5,2,21
2021-06-17 13:25:33,B,1060.4,1,1
2021-06-17 13:25:33,B,1060.35,2,7
2021-06-17 13:25:33,S,1061.6,1,1
2021-06-17 13:25:33,S,1061.7,1,1
2021-06-17 13:25:33,S,1061.75,1,1
2021-06-17 13:25:33,S,1061.8,2,9
2021-06-17 13:25:33,S,1061.85,2,10
2021-06-17 13:25:33,B,1060.6,3,16
2021-06-17 13:25:33,B,1060.55,3,14
2021-06-17 13:25:33,B,1060.5,2,21
2021-06-17 13:25:33,B,1060.4,1,1
2021-06-17 13:25:33,B,1060.35,2,7
2021-06-17 13:25:34,S,1061.6,1,1
2021-06-17 13:25:34,S,1061.7,1,1
2021-06-17 13:25:34,S,1061.75,1,1
2021-06-17 13:25:34,S,1061.8,2,9
2021-06-17 13:25:34,S,1061.85,3,11
2021-06-17 13:25:34,B,1060.55,1,1
2021-06-17 13:25:34,B,1060.5,2,21
2021-06-17 13:25:34,B,1060.4,1,1
2021-06-17 13:25:34,B,1060.35,2,7
2021-06-17 13:25:34,B,1060.3,2,8
2021-06-17 13:25:37,S,1061.6,1,1
2021-06-17 13:25:37,S,1061.7,1,1
2021-06-17 13:25:37,S,1061.75,1,1
2021-06-17 13:25:37,S,1061.8,2,9
2021-06-17 13:25:37,S,1061.85,4,17
2021-06-17 13:25:37,B,1060.55,1,1
2021-06-17 13:25:37,B,1060.5,2,21
2021-06-17 13:25:37,B,1060.4,1,1
2021-06-17 13:25:37,B,1060.35,2,7
2021-06-17 13:25:37,B,1060.3,3,9
2021-06-17 13:25:47,S,1061.6,1,1
2021-06-17 13:25:47,S,1061.7,1,1
2021-06-17 13:25:47,S,1061.75,1,1
2021-06-17 13:25:47,S,1061.8,2,9
2021-06-17 13:25:47,S,1061.85,4,17
2021-06-17 13:25:47,B,1060.55,1,1
2021-06-17 13:25:47,B,1060.5,2,21
2021-06-17 13:25:47,B,1060.4,1,1
2021-06-17 13:25:47,B,1060.35,2,7
2021-06-17 13:25:47,B,1060.3,4,19
2021-06-17 13:25:57,S,1061.5,1,25
2021-06-17 13:25:57,S,1061.6,1,1
2021-06-17 13:25:57,S,1061.65,1,10
2021-06-17 13:25:57,S,1061.75,2,7
2021-06-17 13:25:57,S,1061.8,3,19
2021-06-17 13:25:57,B,1060.55,1,1
2021-06-17 13:25:57,B,1060.5,2,21
2021-06-17 13:25:57,B,1060.4,1,1
2021-06-17 13:25:57,B,1060.35,2,7
2021-06-17 13:25:57,B,1060.3,3,9
2021-06-17 13:25:58,S,1061.5,2,26
2021-06-17 13:25:58,S,1061.6,1,1
2021-06-17 13:25:58,S,1061.65,1,10
2021-06-17 13:25:58,S,1061.75,2,7
2021-06-17 13:25:58,S,1061.8,3,19
2021-06-17 13:25:58,B,1060.55,1,1
2021-06-17 13:25:58,B,1060.5,2,21
2021-06-17 13:25:58,B,1060.4,1,1
2021-06-17 13:25:58,B,1060.35,2,7
2021-06-17 13:25:58,B,1060.3,3,9
2021-06-17 13:26:06,S,1061.45,3,11
2021-06-17 13:26:06,S,1061.5,1,25
2021-06-17 13:26:06,S,1061.65,1,10
2021-06-17 13:26:06,S,1061.75,1,1
2021-06-17 13:26:06,S,1061.8,2,9
2021-06-17 13:26:06,B,1060.55,1,1
2021-06-17 13:26:06,B,1060.5,2,21
2021-06-17 13:26:06,B,1060.4,1,1
2021-06-17 13:26:06,B,1060.35,2,7
2021-06-17 13:26:06,B,1060.3,3,9
2021-06-17 13:26:11,S,1061.45,3,11
2021-06-17 13:26:11,S,1061.5,1,25
2021-06-17 13:26:11,S,1061.65,1,10
2021-06-17 13:26:11,S,1061.75,1,1
2021-06-17 13:26:11,S,1061.8,2,9
2021-06-17 13:26:11,B,1060.55,1,1
2021-06-17 13:26:11,B,1060.5,2,21
2021-06-17 13:26:11,B,1060.4,1,1
2021-06-17 13:26:11,B,1060.35,2,7
2021-06-17 13:26:11,B,1060.3,3,9
2021-06-17 13:26:13,S,1061.45,3,11
2021-06-17 13:26:13,S,1061.5,1,25
2021-06-17 13:26:13,S,1061.65,1,10
2021-06-17 13:26:13,S,1061.75,1,1
2021-06-17 13:26:13,S,1061.8,2,9
2021-06-17 13:26:13,B,1060.55,1,1
2021-06-17 13:26:13,B,1060.5,2,21
2021-06-17 13:26:13,B,1060.4,1,1
2021-06-17 13:26:13,B,1060.35,2,7
2021-06-17 13:26:13,B,1060.3,3,9
2021-06-17 13:26:15,S,1061.45,3,11
2021-06-17 13:26:15,S,1061.5,1,25
2021-06-17 13:26:15,S,1061.65,1,10
2021-06-17 13:26:15,S,1061.75,1,1
2021-06-17 13:26:15,S,1061.8,2,9
2021-06-17 13:26:15,B,1060.55,1,1
2021-06-17 13:26:15,B,1060.5,2,21
2021-06-17 13:26:15,B,1060.4,1,1
2021-06-17 13:26:15,B,1060.35,2,7
2021-06-17 13:26:15,B,1060.3,3,9
2021-06-17 13:26:16,S,1062.75,1,1
2021-06-17 13:26:16,S,1062.8,1,7
2021-06-17 13:26:16,S,1063.0,1,2
2021-06-17 13:26:16,S,1063.15,1,2
2021-06-17 13:26:16,S,1063.25,1,2
2021-06-17 13:26:16,B,1061.3,1,1
2021-06-17 13:26:16,B,1061.25,1,10
2021-06-17 13:26:16,B,1061.15,1,1
2021-06-17 13:26:16,B,1061.0,1,2
2021-06-17 13:26:16,B,1060.95,2,3
2021-06-17 13:26:16,S,1062.75,1,1
2021-06-17 13:26:16,S,1062.8,1,7
2021-06-17 13:26:16,S,1063.0,1,2
2021-06-17 13:26:16,S,1063.15,1,2
2021-06-17 13:26:16,S,1063.25,1,2
2021-06-17 13:26:16,B,1061.3,1,1
2021-06-17 13:26:16,B,1061.25,1,10
2021-06-17 13:26:16,B,1061.15,2,10
2021-06-17 13:26:16,B,1061.0,1,2
2021-06-17 13:26:16,B,1060.95,2,3
2021-06-17 13:26:27,S,1062.75,1,1
2021-06-17 13:26:27,S,1062.8,1,7
2021-06-17 13:26:27,S,1063.0,1,2
2021-06-17 13:26:27,S,1063.15,1,2
2021-06-17 13:26:27,S,1063.25,1,2
2021-06-17 13:26:27,B,1061.3,1,1
2021-06-17 13:26:27,B,1061.25,1,10
2021-06-17 13:26:27,B,1061.15,2,10
2021-06-17 13:26:27,B,1061.0,1,2
2021-06-17 13:26:27,B,1060.95,2,3
2021-06-17 13:26:31,S,1062.75,1,1
2021-06-17 13:26:31,S,1062.8,1,7
2021-06-17 13:26:31,S,1063.0,1,2
2021-06-17 13:26:31,S,1063.15,1,2
2021-06-17 13:26:31,S,1063.25,1,2
2021-06-17 13:26:31,B,1061.3,1,1
2021-06-17 13:26:31,B,1061.25,1,10
2021-06-17 13:26:31,B,1061.15,2,10
2021-06-17 13:26:31,B,1061.0,1,2
2021-06-17 13:26:31,B,1060.95,2,3
2021-06-17 13:26:41,S,1062.75,1,1
2021-06-17 13:26:41,S,1062.8,1,7
2021-06-17 13:26:41,S,1063.0,1,2
2021-06-17 13:26:41,S,1063.15,1,2
2021-06-17 13:26:41,S,1063.25,1,2
2021-06-17 13:26:41,B,1061.3,1,1
2021-06-17 13:26:41,B,1061.25,1,10
2021-06-17 13:26:41,B,1061.15,2,10
2021-06-17 13:26:41,B,1061.0,1,2
2021-06-17 13:26:41,B,1060.95,2,3
2021-06-17 13:27:00,S,1061.8,2,11
2021-06-17 13:27:00,S,1061.85,1,278
2021-06-17 13:27:00,S,1061.95,2,14
2021-06-17 13:27:00,S,1062.0,1,2
2021-06-17 13:27:00,S,1062.2,1,5
2021-06-17 13:27:00,B,1060.7,1,7
2021-06-17 13:27:00,B,1060.65,2,10
2021-06-17 13:27:00,B,1060.6,3,11
2021-06-17 13:27:00,B,1060.55,1,1
2021-06-17 13:27:00,B,1060.5,2,21
2021-06-17 13:27:01,S,1061.8,2,11
2021-06-17 13:27:01,S,1061.85,1,278
2021-06-17 13:27:01,S,1061.9,1,5
2021-06-17 13:27:01,S,1061.95,2,14
2021-06-17 13:27:01,S,1062.0,1,2
2021-06-17 13:27:01,B,1060.7,1,7
2021-06-17 13:27:01,B,1060.65,2,10
2021-06-17 13:27:01,B,1060.6,3,11
2021-06-17 13:27:01,B,1060.55,1,1
2021-06-17 13:27:01,B,1060.5,2,21
2021-06-17 13:27:16,S,1061.8,1,10
2021-06-17 13:27:16,S,1061.85,2,279
2021-06-17 13:27:16,S,1061.9,2,6
2021-06-17 13:27:16,S,1061.95,2,14
2021-06-17 13:27:16,S,1062.0,1,2
2021-06-17 13:27:16,B,1061.0,1,20
2021-06-17 13:27:16,B,1060.7,2,8
2021-06-17 13:27:16,B,1060.65,2,10
2021-06-17 13:27:16,B,1060.6,3,11
2021-06-17 13:27:16,B,1060.5,1,1
2021-06-17 13:27:27,S,1061.85,1,278
2021-06-17 13:27:27,S,1061.9,2,6
2021-06-17 13:27:27,S,1061.95,1,3
2021-06-17 13:27:27,S,1062.0,1,2
2021-06-17 13:27:27,S,1062.15,1,10
2021-06-17 13:27:27,B,1061.0,1,20
2021-06-17 13:27:27,B,1060.75,1,9
2021-06-17 13:27:27,B,1060.7,2,8
2021-06-17 13:27:27,B,1060.65,2,10
2021-06-17 13:27:27,B,1060.6,3,11
2021-06-17 13:27:28,S,1061.85,1,278
2021-06-17 13:27:28,S,1061.9,2,6
2021-06-17 13:27:28,S,1061.95,1,3
2021-06-17 13:27:28,S,1062.0,1,2
2021-06-17 13:27:28,S,1062.15,1,10
2021-06-17 13:27:28,B,1061.0,1,20
2021-06-17 13:27:28,B,1060.7,2,8
2021-06-17 13:27:28,B,1060.65,2,10
2021-06-17 13:27:28,B,1060.6,3,11
2021-06-17 13:27:28,B,1060.55,1,10
2021-06-17 13:27:30,S,1061.85,1,278
2021-06-17 13:27:30,S,1061.9,2,6
2021-06-17 13:27:30,S,1061.95,1,3
2021-06-17 13:27:30,S,1062.0,1,2
2021-06-17 13:27:30,S,1062.15,1,10
2021-06-17 13:27:30,B,1061.0,1,20
2021-06-17 13:27:30,B,1060.7,2,8
2021-06-17 13:27:30,B,1060.65,2,10
2021-06-17 13:27:30,B,1060.6,3,11
2021-06-17 13:27:30,B,1060.55,1,10
2021-06-17 13:27:31,S,1063.15,3,10
2021-06-17 13:27:31,S,1063.2,2,8
2021-06-17 13:27:31,S,1063.25,2,8
2021-06-17 13:27:31,S,1063.3,2,8
2021-06-17 13:27:31,S,1063.35,1,7
2021-06-17 13:27:31,B,1061.65,2,11
2021-06-17 13:27:31,B,1061.6,1,4
2021-06-17 13:27:31,B,1061.15,2,15
2021-06-17 13:27:31,B,1061.05,1,6
2021-06-17 13:27:31,B,1061.0,2,21
2021-06-17 13:27:32,S,1063.1,1,9
2021-06-17 13:27:32,S,1063.15,3,10
2021-06-17 13:27:32,S,1063.2,1,7
2021-06-17 13:27:32,S,1063.25,2,8
2021-06-17 13:27:32,S,1063.3,2,8
2021-06-17 13:27:32,B,1061.65,2,11
2021-06-17 13:27:32,B,1061.6,1,4
2021-06-17 13:27:32,B,1061.2,3,8
2021-06-17 13:27:32,B,1061.15,3,16
2021-06-17 13:27:32,B,1061.0,2,21
2021-06-17 13:27:33,S,1063.5,2,8
2021-06-17 13:27:33,S,1063.55,3,10
2021-06-17 13:27:33,S,1063.6,3,14
2021-06-17 13:27:33,S,1063.65,3,15
2021-06-17 13:27:33,S,1063.7,3,15
2021-06-17 13:27:33,B,1061.75,2,3
2021-06-17 13:27:33,B,1061.7,2,8
2021-06-17 13:27:33,B,1061.65,1,7
2021-06-17 13:27:33,B,1061.6,2,9
2021-06-17 13:27:33,B,1061.55,2,8
2021-06-17 13:27:35,S,1063.5,1,9
2021-06-17 13:27:35,S,1063.55,3,10
2021-06-17 13:27:35,S,1063.6,3,14
2021-06-17 13:27:35,S,1063.65,3,15
2021-06-17 13:27:35,S,1063.7,3,15
2021-06-17 13:27:35,B,1061.8,1,1
2021-06-17 13:27:35,B,1061.75,1,2
2021-06-17 13:27:35,B,1061.7,2,8
2021-06-17 13:27:35,B,1061.65,1,7
2021-06-17 13:27:35,B,1061.6,2,9
2021-06-17 13:27:36,S,1063.5,1,9
2021-06-17 13:27:36,S,1063.55,3,10
2021-06-17 13:27:36,S,1063.6,3,14
2021-06-17 13:27:36,S,1063.65,3,15
2021-06-17 13:27:36,S,1063.7,3,15
2021-06-17 13:27:36,B,1061.8,2,10
2021-06-17 13:27:36,B,1061.75,1,2
2021-06-17 13:27:36,B,1061.7,2,8
2021-06-17 13:27:36,B,1061.65,1,7
2021-06-17 13:27:36,B,1061.6,2,9
2021-06-17 13:27:54,S,1063.45,1,9
2021-06-17 13:27:54,S,1063.6,3,9
2021-06-17 13:27:54,S,1063.65,1,7
2021-06-17 13:27:54,S,1063.7,2,8
2021-06-17 13:27:54,S,1063.85,1,4
2021-06-17 13:27:54,B,1061.95,1,1
2021-06-17 13:27:54,B,1061.9,1,10
2021-06-17 13:27:54,B,1061.75,1,2
2021-06-17 13:27:54,B,1061.7,1,1
2021-06-17 13:27:54,B,1061.6,1,2
2021-06-17 13:27:57,S,1063.45,1,9
2021-06-17 13:27:57,S,1063.6,3,9
2021-06-17 13:27:57,S,1063.65,1,7
2021-06-17 13:27:57,S,1063.7,2,8
2021-06-17 13:27:57,S,1063.85,1,4
2021-06-17 13:27:57,B,1062.2,1,2
2021-06-17 13:27:57,B,1061.95,1,1
2021-06-17 13:27:57,B,1061.9,1,10
2021-06-17 13:27:57,B,1061.75,1,2
2021-06-17 13:27:57,B,1061.7,1,1
2021-06-17 13:28:13,S,1063.45,1,9
2021-06-17 13:28:13,S,1063.6,3,9
2021-06-17 13:28:13,S,1063.65,1,7
2021-06-17 13:28:13,S,1063.7,2,8
2021-06-17 13:28:13,S,1063.85,1,4
2021-06-17 13:28:13,B,1062.1,1,2
2021-06-17 13:28:13,B,1061.95,1,1
2021-06-17 13:28:13,B,1061.9,1,10
2021-06-17 13:28:13,B,1061.75,1,2
2021-06-17 13:28:13,B,1061.7,1,1
2021-06-17 13:28:26,S,1063.45,2,10
2021-06-17 13:28:26,S,1063.6,3,9
2021-06-17 13:28:26,S,1063.65,1,7
2021-06-17 13:28:26,S,1063.7,2,8
2021-06-17 13:28:26,S,1063.85,1,4
2021-06-17 13:28:26,B,1062.15,1,1
2021-06-17 13:28:26,B,1062.1,1,2
2021-06-17 13:28:26,B,1061.9,1,10
2021-06-17 13:28:26,B,1061.75,1,2
2021-06-17 13:28:26,B,1061.7,1,1
2021-06-17 13:28:28,S,1063.45,2,10
2021-06-17 13:28:28,S,1063.6,3,9
2021-06-17 13:28:28,S,1063.65,1,7
2021-06-17 13:28:28,S,1063.7,2,8
2021-06-17 13:28:28,S,1063.85,1,4
2021-06-17 13:28:28,B,1062.15,1,1
2021-06-17 13:28:28,B,1062.1,1,2
2021-06-17 13:28:28,B,1061.9,1,10
2021-06-17 13:28:28,B,1061.75,1,2
2021-06-17 13:28:28,B,1061.7,1,1
2021-06-17 13:28:36,S,1063.45,1,1
2021-06-17 13:28:36,S,1063.6,3,9
2021-06-17 13:28:36,S,1063.65,1,7
2021-06-17 13:28:36,S,1063.7,2,8
2021-06-17 13:28:36,S,1063.85,1,4
2021-06-17 13:28:36,B,1062.15,1,1
2021-06-17 13:28:36,B,1062.1,1,2
2021-06-17 13:28:36,B,1061.9,1,10
2021-06-17 13:28:36,B,1061.75,1,2
2021-06-17 13:28:36,B,1061.7,1,1
2021-06-17 13:28:37,S,1063.45,1,1
2021-06-17 13:28:37,S,1063.6,3,9
2021-06-17 13:28:37,S,1063.65,2,17
2021-06-17 13:28:37,S,1063.7,2,8
2021-06-17 13:28:37,S,1063.85,1,4
2021-06-17 13:28:37,B,1062.15,1,1
2021-06-17 13:28:37,B,1062.1,1,2
2021-06-17 13:28:37,B,1061.9,1,10
2021-06-17 13:28:37,B,1061.75,1,2
2021-06-17 13:28:37,B,1061.7,1,1
2021-06-17 13:28:39,S,1063.45,1,1
2021-06-17 13:28:39,S,1063.5,2,11
2021-06-17 13:28:39,S,1063.6,3,9
2021-06-17 13:28:39,S,1063.65,1,7
2021-06-17 13:28:39,S,1063.7,2,8
2021-06-17 13:28:39,B,1062.15,1,1
2021-06-17 13:28:39,B,1062.1,1,2
2021-06-17 13:28:39,B,1061.9,1,10
2021-06-17 13:28:39,B,1061.75,1,2
2021-06-17 13:28:39,B,1061.7,1,1
2021-06-17 13:28:41,S,1063.45,1,1
2021-06-17 13:28:41,S,1063.5,1,10
2021-06-17 13:28:41,S,1063.6,3,9
2021-06-17 13:28:41,S,1063.65,1,7
2021-06-17 13:28:41,S,1063.7,2,8
2021-06-17 13:28:41,B,1062.15,2,10
2021-06-17 13:28:41,B,1062.1,1,2
2021-06-17 13:28:41,B,1061.8,1,3
2021-06-17 13:28:41,B,1061.75,2,11
2021-06-17 13:28:41,B,1061.7,1,1
2021-06-17 13:29:08,S,1063.45,1,1
2021-06-17 13:29:08,S,1063.5,2,11
2021-06-17 13:29:08,S,1063.6,3,9
2021-06-17 13:29:08,S,1063.65,1,7
2021-06-17 13:29:08,S,1063.7,2,8
2021-06-17 13:29:08,B,1062.15,1,1
2021-06-17 13:29:08,B,1062.1,1,2
2021-06-17 13:29:08,B,1061.75,1,2
2021-06-17 13:29:08,B,1061.7,1,1
2021-06-17 13:29:08,B,1061.6,1,2
2021-06-17 13:29:10,S,1063.35,1,9
2021-06-17 13:29:10,S,1063.45,2,2
2021-06-17 13:29:10,S,1063.6,3,9
2021-06-17 13:29:10,S,1063.65,1,7
2021-06-17 13:29:10,S,1063.7,2,8
2021-06-17 13:29:10,B,1062.15,1,1
2021-06-17 13:29:10,B,1062.1,1,2
2021-06-17 13:29:10,B,1061.8,1,10
2021-06-17 13:29:10,B,1061.75,1,2
2021-06-17 13:29:10,B,1061.7,1,1
2021-06-17 13:29:19,S,1063.35,2,10
2021-06-17 13:29:19,S,1063.6,3,9
2021-06-17 13:29:19,S,1063.65,1,7
2021-06-17 13:29:19,S,1063.7,2,8
2021-06-17 13:29:19,S,1063.85,1,4
2021-06-17 13:29:19,B,1062.15,1,1
2021-06-17 13:29:19,B,1062.1,1,2
2021-06-17 13:29:19,B,1061.8,1,10
2021-06-17 13:29:19,B,1061.75,1,2
2021-06-17 13:29:19,B,1061.7,1,1
2021-06-17 13:29:20,S,1063.35,2,10
2021-06-17 13:29:20,S,1063.6,3,9
2021-06-17 13:29:20,S,1063.65,1,7
2021-06-17 13:29:20,S,1063.7,2,8
2021-06-17 13:29:20,S,1063.85,1,4
2021-06-17 13:29:20,B,1062.15,1,1
2021-06-17 13:29:20,B,1062.1,1,2
2021-06-17 13:29:20,B,1061.8,1,10
2021-06-17 13:29:20,B,1061.75,1,2
2021-06-17 13:29:20,B,1061.7,1,1
2021-06-17 13:29:34,S,1063.35,2,10
2021-06-17 13:29:34,S,1063.6,3,9
2021-06-17 13:29:34,S,1063.65,1,7
2021-06-17 13:29:34,S,1063.7,2,8
2021-06-17 13:29:34,S,1063.85,1,4
2021-06-17 13:29:34,B,1062.15,1,1
2021-06-17 13:29:34,B,1062.1,1,2
2021-06-17 13:29:34,B,1061.8,1,10
2021-06-17 13:29:34,B,1061.75,1,2
2021-06-17 13:29:34,B,1061.7,1,1
2021-06-17 13:29:35,S,1063.25,2,2
2021-06-17 13:29:35,S,1063.3,2,11
2021-06-17 13:29:35,S,1063.35,1,1
2021-06-17 13:29:35,S,1063.45,2,15
2021-06-17 13:29:35,S,1063.6,3,9
2021-06-17 13:29:35,B,1061.6,1,1
2021-06-17 13:29:35,B,1061.55,1,3
2021-06-17 13:29:35,B,1061.2,1,1
2021-06-17 13:29:35,B,1061.15,1,3
2021-06-17 13:29:35,B,1061.05,1,6
2021-06-17 13:29:37,S,1062.9,1,1
2021-06-17 13:29:37,S,1062.95,2,2
2021-06-17 13:29:37,S,1063.0,1,2
2021-06-17 13:29:37,S,1063.15,1,12
2021-06-17 13:29:37,S,1063.3,1,10
2021-06-17 13:29:37,B,1061.6,1,1
2021-06-17 13:29:37,B,1061.55,1,3
2021-06-17 13:29:37,B,1061.15,1,3
2021-06-17 13:29:37,B,1061.05,2,7
2021-06-17 13:29:37,B,1061.0,1,20
2021-06-17 13:29:40,S,1062.8,3,11
2021-06-17 13:29:40,S,1063.0,1,2
2021-06-17 13:29:40,S,1063.15,1,12
2021-06-17 13:29:40,S,1063.3,1,10
2021-06-17 13:29:40,S,1063.45,2,15
2021-06-17 13:29:40,B,1061.6,1,1
2021-06-17 13:29:40,B,1061.55,1,3
2021-06-17 13:29:40,B,1061.3,1,10
2021-06-17 13:29:40,B,1061.15,1,3
2021-06-17 13:29:40,B,1061.05,2,7
2021-06-17 13:29:54,S,1062.8,2,2
2021-06-17 13:29:54,S,1063.0,3,13
2021-06-17 13:29:54,S,1063.15,1,12
2021-06-17 13:29:54,S,1063.3,1,10
2021-06-17 13:29:54,S,1063.45,2,15
2021-06-17 13:29:54,B,1061.6,1,1
2021-06-17 13:29:54,B,1061.55,1,3
2021-06-17 13:29:54,B,1061.3,1,10
2021-06-17 13:29:54,B,1061.2,1,6
2021-06-17 13:29:54,B,1061.15,2,13
2021-06-17 13:30:00,S,1062.8,2,2
2021-06-17 13:30:00,S,1063.0,2,3
2021-06-17 13:30:00,S,1063.15,1,12
2021-06-17 13:30:00,S,1063.3,1,10
2021-06-17 13:30:00,S,1063.45,2,15
2021-06-17 13:30:00,B,1061.6,2,10
2021-06-17 13:30:00,B,1061.55,1,3
2021-06-17 13:30:00,B,1061.2,1,6
2021-06-17 13:30:00,B,1061.15,2,13
2021-06-17 13:30:00,B,1061.05,1,1
2021-06-17 13:30:02,S,1062.8,2,2
2021-06-17 13:30:02,S,1063.0,2,3
2021-06-17 13:30:02,S,1063.1,1,10
2021-06-17 13:30:02,S,1063.15,1,12
2021-06-17 13:30:02,S,1063.3,1,10
2021-06-17 13:30:02,B,1061.6,2,10
2021-06-17 13:30:02,B,1061.55,1,3
2021-06-17 13:30:02,B,1061.2,1,6
2021-06-17 13:30:02,B,1061.15,2,13
2021-06-17 13:30:02,B,1061.05,1,1
2021-06-17 13:30:13,S,1062.8,1,1
2021-06-17 13:30:13,S,1062.95,1,1
2021-06-17 13:30:13,S,1063.0,2,3
2021-06-17 13:30:13,S,1063.1,1,10
2021-06-17 13:30:13,S,1063.15,1,12
2021-06-17 13:30:13,B,1061.6,2,10
2021-06-17 13:30:13,B,1061.55,1,3
2021-06-17 13:30:13,B,1061.45,1,6
2021-06-17 13:30:13,B,1061.4,1,20
2021-06-17 13:30:13,B,1061.15,2,13
2021-06-17 13:30:36,S,1062.8,1,1
2021-06-17 13:30:36,S,1062.95,1,1
2021-06-17 13:30:36,S,1063.0,2,3
2021-06-17 13:30:36,S,1063.1,1,10
2021-06-17 13:30:36,S,1063.15,1,12
2021-06-17 13:30:36,B,1061.6,2,10
2021-06-17 13:30:36,B,1061.55,1,3
2021-06-17 13:30:36,B,1061.45,1,6
2021-06-17 13:30:36,B,1061.4,1,20
2021-06-17 13:30:36,B,1061.15,2,13
2021-06-17 13:30:58,S,1062.8,1,1
2021-06-17 13:30:58,S,1062.95,1,1
2021-06-17 13:30:58,S,1063.0,2,3
2021-06-17 13:30:58,S,1063.1,1,10
2021-06-17 13:30:58,S,1063.15,1,12
2021-06-17 13:30:58,B,1061.6,2,10
2021-06-17 13:30:58,B,1061.55,2,9
2021-06-17 13:30:58,B,1061.5,1,20
2021-06-17 13:30:58,B,1061.15,2,13
2021-06-17 13:30:58,B,1061.05,1,1
2021-06-17 13:31:09,S,1062.8,1,1
2021-06-17 13:31:09,S,1062.95,1,1
2021-06-17 13:31:09,S,1063.0,2,3
2021-06-17 13:31:09,S,1063.1,1,10
2021-06-17 13:31:09,S,1063.15,1,12
2021-06-17 13:31:09,B,1061.6,2,10
2021-06-17 13:31:09,B,1061.55,2,9
2021-06-17 13:31:09,B,1061.5,1,20
2021-06-17 13:31:09,B,1061.15,2,13
2021-06-17 13:31:09,B,1061.05,1,1
2021-06-17 13:31:13,S,1062.8,1,1
2021-06-17 13:31:13,S,1062.95,1,1
2021-06-17 13:31:13,S,1063.0,2,3
2021-06-17 13:31:13,S,1063.1,1,10
2021-06-17 13:31:13,S,1063.15,1,12
2021-06-17 13:31:13,B,1061.6,2,10
2021-06-17 13:31:13,B,1061.55,2,9
2021-06-17 13:31:13,B,1061.5,1,20
2021-06-17 13:31:13,B,1061.15,2,13
2021-06-17 13:31:13,B,1061.05,1,1
2021-06-17 13:31:13,S,1062.95,1,1
2021-06-17 13:31:13,S,1063.0,1,2
2021-06-17 13:31:13,S,1063.15,1,12
2021-06-17 13:31:13,S,1063.3,1,10
2021-06-17 13:31:13,S,1063.35,1,9
2021-06-17 13:31:13,B,1061.6,2,10
2021-06-17 13:31:13,B,1061.55,2,9
2021-06-17 13:31:13,B,1061.5,1,20
2021-06-17 13:31:13,B,1061.15,2,13
2021-06-17 13:31:13,B,1061.05,1,1
2021-06-17 13:31:16,S,1062.8,1,1
2021-06-17 13:31:16,S,1062.95,1,1
2021-06-17 13:31:16,S,1063.0,1,2
2021-06-17 13:31:16,S,1063.15,1,12
2021-06-17 13:31:16,S,1063.3,1,10
2021-06-17 13:31:16,B,1061.6,2,10
2021-06-17 13:31:16,B,1061.55,2,9
2021-06-17 13:31:16,B,1061.5,1,20
2021-06-17 13:31:16,B,1061.15,2,13
2021-06-17 13:31:16,B,1061.05,1,1
2021-06-17 13:31:20,S,1062.95,1,1
2021-06-17 13:31:20,S,1063.0,1,2
2021-06-17 13:31:20,S,1063.15,1,12
2021-06-17 13:31:20,S,1063.3,1,10
2021-06-17 13:31:20,S,1063.35,1,9
2021-06-17 13:31:20,B,1061.6,2,10
2021-06-17 13:31:20,B,1061.55,3,14
2021-06-17 13:31:20,B,1061.5,1,20
2021-06-17 13:31:20,B,1061.15,2,13
2021-06-17 13:31:20,B,1061.05,1,1
2021-06-17 13:31:22,S,1062.95,1,1
2021-06-17 13:31:22,S,1063.0,1,2
2021-06-17 13:31:22,S,1063.15,1,12
2021-06-17 13:31:22,S,1063.3,1,10
2021-06-17 13:31:22,S,1063.35,1,9
2021-06-17 13:31:22,B,1061.6,2,10
2021-06-17 13:31:22,B,1061.55,3,14
2021-06-17 13:31:22,B,1061.5,1,20
2021-06-17 13:31:22,B,1061.15,2,13
2021-06-17 13:31:22,B,1061.05,1,1
2021-06-17 13:31:35,S,1062.95,1,1
2021-06-17 13:31:35,S,1063.0,1,2
2021-06-17 13:31:35,S,1063.15,1,12
2021-06-17 13:31:35,S,1063.3,1,10
2021-06-17 13:31:35,S,1063.35,1,9
2021-06-17 13:31:35,B,1061.6,2,10
2021-06-17 13:31:35,B,1061.55,3,14
2021-06-17 13:31:35,B,1061.5,1,20
2021-06-17 13:31:35,B,1061.15,2,13
2021-06-17 13:31:35,B,1061.05,1,1
2021-06-17 13:31:36,S,1063.3,1,10
2021-06-17 13:31:36,S,1063.4,1,10
2021-06-17 13:31:36,S,1063.6,2,8
2021-06-17 13:31:36,S,1063.65,1,7
2021-06-17 13:31:36,S,1063.7,1,7
2021-06-17 13:31:36,B,1061.6,2,10
2021-06-17 13:31:36,B,1061.55,3,14
2021-06-17 13:31:36,B,1061.5,1,20
2021-06-17 13:31:36,B,1061.15,2,13
2021-06-17 13:31:36,B,1061.05,1,1
2021-06-17 13:31:41,S,1063.3,1,10
2021-06-17 13:31:41,S,1063.45,1,9
2021-06-17 13:31:41,S,1063.6,2,8
2021-06-17 13:31:41,S,1063.65,1,7
2021-06-17 13:31:41,S,1063.7,1,7
2021-06-17 13:31:41,B,1061.6,2,10
2021-06-17 13:31:41,B,1061.55,3,14
2021-06-17 13:31:41,B,1061.5,1,20
2021-06-17 13:31:41,B,1061.15,2,13
2021-06-17 13:31:41,B,1061.05,1,1
2021-06-17 13:31:46,S,1063.3,2,11
2021-06-17 13:31:46,S,1063.45,1,9
2021-06-17 13:31:46,S,1063.6,2,8
2021-06-17 13:31:46,S,1063.65,1,7
2021-06-17 13:31:46,S,1063.7,1,7
2021-06-17 13:31:46,B,1061.6,2,10
2021-06-17 13:31:46,B,1061.55,3,14
2021-06-17 13:31:46,B,1061.5,1,20
2021-06-17 13:31:46,B,1061.15,2,13
2021-06-17 13:31:46,B,1061.05,1,1
2021-06-17 13:31:54,S,1063.3,1,1
2021-06-17 13:31:54,S,1063.45,1,9
2021-06-17 13:31:54,S,1063.6,2,8
2021-06-17 13:31:54,S,1063.65,1,7
2021-06-17 13:31:54,S,1063.7,1,7
2021-06-17 13:31:54,B,1061.6,2,10
2021-06-17 13:31:54,B,1061.55,3,14
2021-06-17 13:31:54,B,1061.5,1,20
2021-06-17 13:31:54,B,1061.15,2,13
2021-06-17 13:31:54,B,1061.05,1,1
2021-06-17 13:31:58,S,1063.3,1,1
2021-06-17 13:31:58,S,1063.45,1,9
2021-06-17 13:31:58,S,1063.6,2,8
2021-06-17 13:31:58,S,1063.65,1,7
2021-06-17 13:31:58,S,1063.7,1,7
2021-06-17 13:31:58,B,1061.6,2,10
2021-06-17 13:31:58,B,1061.55,3,14
2021-06-17 13:31:58,B,1061.5,1,20
2021-06-17 13:31:58,B,1061.15,2,13
2021-06-17 13:31:58,B,1061.05,1,1
2021-06-17 13:32:00,S,1063.3,1,1
2021-06-17 13:32:00,S,1063.45,1,9
2021-06-17 13:32:00,S,1063.6,2,8
2021-06-17 13:32:00,S,1063.65,1,7
2021-06-17 13:32:00,S,1063.7,1,7
2021-06-17 13:32:00,B,1061.6,2,10
2021-06-17 13:32:00,B,1061.55,3,14
2021-06-17 13:32:00,B,1061.5,1,20
2021-06-17 13:32:00,B,1061.15,2,13
2021-06-17 13:32:00,B,1061.05,1,1
2021-06-17 13:32:03,S,1063.3,1,1
2021-06-17 13:32:03,S,1063.45,1,9
2021-06-17 13:32:03,S,1063.6,2,8
2021-06-17 13:32:03,S,1063.65,1,7
2021-06-17 13:32:03,S,1063.7,1,7
2021-06-17 13:32:03,B,1061.6,2,10
2021-06-17 13:32:03,B,1061.55,3,14
2021-06-17 13:32:03,B,1061.5,1,20
2021-06-17 13:32:03,B,1061.15,2,13
2021-06-17 13:32:03,B,1061.05,1,1
2021-06-17 13:32:04,S,1063.3,1,1
2021-06-17 13:32:04,S,1063.55,1,10
2021-06-17 13:32:04,S,1063.6,2,8
2021-06-17 13:32:04,S,1063.65,1,7
2021-06-17 13:32:04,S,1063.7,1,7
2021-06-17 13:32:04,B,1061.6,2,10
2021-06-17 13:32:04,B,1061.55,3,14
2021-06-17 13:32:04,B,1061.5,1,20
2021-06-17 13:32:04,B,1061.15,2,13
2021-06-17 13:32:04,B,1061.05,1,1
2021-06-17 13:32:06,S,1063.3,1,1
2021-06-17 13:32:06,S,1063.6,2,8
2021-06-17 13:32:06,S,1063.65,1,7
2021-06-17 13:32:06,S,1063.7,1,7
2021-06-17 13:32:06,S,1063.85,2,13
2021-06-17 13:32:06,B,1062.2,2,10
2021-06-17 13:32:06,B,1062.15,1,3
2021-06-17 13:32:06,B,1061.8,1,20
2021-06-17 13:32:06,B,1061.55,1,5
2021-06-17 13:32:06,B,1061.5,1,2
2021-06-17 13:32:09,S,1063.3,1,1
2021-06-17 13:32:09,S,1063.55,1,9
2021-06-17 13:32:09,S,1063.6,2,8
2021-06-17 13:32:09,S,1063.65,1,7
2021-06-17 13:32:09,S,1063.7,1,7
2021-06-17 13:32:09,B,1062.2,2,10
2021-06-17 13:32:09,B,1062.15,1,3
2021-06-17 13:32:09,B,1061.8,1,20
2021-06-17 13:32:09,B,1061.55,1,5
2021-06-17 13:32:09,B,1061.5,1,2
2021-06-17 13:32:18,S,1063.3,1,1
2021-06-17 13:32:18,S,1063.55,1,9
2021-06-17 13:32:18,S,1063.6,2,8
2021-06-17 13:32:18,S,1063.65,1,7
2021-06-17 13:32:18,S,1063.7,1,7
2021-06-17 13:32:18,B,1062.2,2,10
2021-06-17 13:32:18,B,1062.15,1,3
2021-06-17 13:32:18,B,1061.8,1,20
2021-06-17 13:32:18,B,1061.55,1,5
2021-06-17 13:32:18,B,1061.5,1,2
2021-06-17 13:32:18,S,1063.3,1,1
2021-06-17 13:32:18,S,1063.55,1,9
2021-06-17 13:32:18,S,1063.6,2,8
2021-06-17 13:32:18,S,1063.65,1,7
2021-06-17 13:32:18,S,1063.7,1,7
2021-06-17 13:32:18,B,1062.2,2,10
2021-06-17 13:32:18,B,1062.15,1,3
2021-06-17 13:32:18,B,1061.85,1,6
2021-06-17 13:32:18,B,1061.8,1,20
2021-06-17 13:32:18,B,1061.55,1,5
2021-06-17 13:32:22,S,1063.3,1,1
2021-06-17 13:32:22,S,1063.6,2,8
2021-06-17 13:32:22,S,1063.65,1,7
2021-06-17 13:32:22,S,1063.7,1,7
2021-06-17 13:32:22,S,1063.8,1,9
2021-06-17 13:32:22,B,1062.2,2,10
2021-06-17 13:32:22,B,1062.15,1,3
2021-06-17 13:32:22,B,1061.85,1,6
2021-06-17 13:32:22,B,1061.8,1,20
2021-06-17 13:32:22,B,1061.55,1,5
2021-06-17 13:32:28,S,1063.3,1,1
2021-06-17 13:32:28,S,1063.6,2,8
2021-06-17 13:32:28,S,1063.65,1,7
2021-06-17 13:32:28,S,1063.7,1,7
2021-06-17 13:32:28,S,1063.8,1,9
2021-06-17 13:32:28,B,1062.2,2,10
2021-06-17 13:32:28,B,1062.15,1,3
2021-06-17 13:32:28,B,1062.0,1,20
2021-06-17 13:32:28,B,1061.75,1,11
2021-06-17 13:32:28,B,1061.55,1,5
2021-06-17 13:32:46,S,1063.3,1,1
2021-06-17 13:32:46,S,1063.6,2,8
2021-06-17 13:32:46,S,1063.65,1,7
2021-06-17 13:32:46,S,1063.7,1,7
2021-06-17 13:32:46,S,1063.8,1,9
2021-06-17 13:32:46,B,1062.2,2,10
2021-06-17 13:32:46,B,1062.15,2,9
2021-06-17 13:32:46,B,1062.1,1,20
2021-06-17 13:32:46,B,1061.75,1,11
2021-06-17 13:32:46,B,1061.55,1,5
2021-06-17 13:32:58,S,1063.3,1,1
2021-06-17 13:32:58,S,1063.6,2,8
2021-06-17 13:32:58,S,1063.65,1,7
2021-06-17 13:32:58,S,1063.7,1,7
2021-06-17 13:32:58,S,1063.8,1,9
2021-06-17 13:32:58,B,1062.2,2,10
2021-06-17 13:32:58,B,1062.15,2,9
2021-06-17 13:32:58,B,1062.1,1,20
2021-06-17 13:32:58,B,1061.75,1,11
2021-06-17 13:32:58,B,1061.55,1,5
2021-06-17 13:32:59,S,1063.3,1,1
2021-06-17 13:32:59,S,1063.6,2,8
2021-06-17 13:32:59,S,1063.65,1,7
2021-06-17 13:32:59,S,1063.7,1,7
2021-06-17 13:32:59,S,1063.8,1,9
2021-06-17 13:32:59,B,1062.2,2,10
2021-06-17 13:32:59,B,1062.15,2,9
2021-06-17 13:32:59,B,1062.1,1,20
2021-06-17 13:32:59,B,1061.75,1,11
2021-06-17 13:32:59,B,1061.55,1,5
2021-06-17 13:33:01,S,1063.3,2,31
2021-06-17 13:33:01,S,1063.6,2,8
2021-06-17 13:33:01,S,1063.65,1,7
2021-06-17 13:33:01,S,1063.7,1,7
2021-06-17 13:33:01,S,1063.8,1,9
2021-06-17 13:33:01,B,1062.2,1,20
2021-06-17 13:33:01,B,1061.85,1,1
2021-06-17 13:33:01,B,1061.8,1,8
2021-06-17 13:33:01,B,1061.55,1,5
2021-06-17 13:33:01,B,1061.5,1,2
2021-06-17 13:33:03,S,1063.3,2,31
2021-06-17 13:33:03,S,1063.6,2,8
2021-06-17 13:33:03,S,1063.65,1,7
2021-06-17 13:33:03,S,1063.7,1,7
2021-06-17 13:33:03,S,1063.8,1,9
2021-06-17 13:33:03,B,1062.2,1,20
2021-06-17 13:33:03,B,1062.1,1,1
2021-06-17 13:33:03,B,1062.05,1,6
2021-06-17 13:33:03,B,1061.95,1,10
2021-06-17 13:33:03,B,1061.55,1,5
2021-06-17 13:33:07,S,1063.3,2,31
2021-06-17 13:33:07,S,1063.6,2,8
2021-06-17 13:33:07,S,1063.65,1,7
2021-06-17 13:33:07,S,1063.7,1,7
2021-06-17 13:33:07,S,1063.8,1,9
2021-06-17 13:33:07,B,1062.2,1,20
2021-06-17 13:33:07,B,1062.1,1,1
2021-06-17 13:33:07,B,1062.05,1,6
2021-06-17 13:33:07,B,1061.95,1,10
2021-06-17 13:33:07,B,1061.55,1,5
2021-06-17 13:33:13,S,1063.3,2,31
2021-06-17 13:33:13,S,1063.6,2,8
2021-06-17 13:33:13,S,1063.65,1,7
2021-06-17 13:33:13,S,1063.7,1,7
2021-06-17 13:33:13,S,1063.8,1,9
2021-06-17 13:33:13,B,1062.2,1,20
2021-06-17 13:33:13,B,1062.1,1,1
2021-06-17 13:33:13,B,1062.05,1,6
2021-06-17 13:33:13,B,1061.95,1,10
2021-06-17 13:33:13,B,1061.55,1,5
2021-06-17 13:33:24,S,1063.3,1,1
2021-06-17 13:33:24,S,1063.55,1,10
2021-06-17 13:33:24,S,1063.6,2,8
2021-06-17 13:33:24,S,1063.65,1,7
2021-06-17 13:33:24,S,1063.7,1,7
2021-06-17 13:33:24,B,1062.25,1,1
2021-06-17 13:33:24,B,1062.2,1,20
2021-06-17 13:33:24,B,1062.05,1,6
2021-06-17 13:33:24,B,1061.95,1,10
2021-06-17 13:33:24,B,1061.55,1,5
2021-06-17 13:33:39,S,1063.3,1,1
2021-06-17 13:33:39,S,1063.6,2,8
2021-06-17 13:33:39,S,1063.65,1,7
2021-06-17 13:33:39,S,1063.7,1,7
2021-06-17 13:33:39,S,1063.85,1,4
2021-06-17 13:33:39,B,1062.35,1,1
2021-06-17 13:33:39,B,1062.3,1,9
2021-06-17 13:33:39,B,1062.25,1,3
2021-06-17 13:33:39,B,1062.2,1,20
2021-06-17 13:33:39,B,1061.75,1,12
2021-06-17 13:33:42,S,1063.3,2,5
2021-06-17 13:33:42,S,1063.6,2,8
2021-06-17 13:33:42,S,1063.65,1,7
2021-06-17 13:33:42,S,1063.7,1,7
2021-06-17 13:33:42,S,1063.95,1,9
2021-06-17 13:33:42,B,1062.35,1,1
2021-06-17 13:33:42,B,1062.3,1,9
2021-06-17 13:33:42,B,1062.25,1,3
2021-06-17 13:33:42,B,1062.2,1,20
2021-06-17 13:33:42,B,1061.75,1,12
2021-06-17 13:33:42,S,1063.3,2,5
2021-06-17 13:33:42,S,1063.6,2,8
2021-06-17 13:33:42,S,1063.65,1,7
2021-06-17 13:33:42,S,1063.7,1,7
2021-06-17 13:33:42,S,1063.95,1,9
2021-06-17 13:33:42,B,1062.35,1,1
2021-06-17 13:33:42,B,1062.3,1,9
2021-06-17 13:33:42,B,1062.25,1,3
2021-06-17 13:33:42,B,1062.2,1,20
2021-06-17 13:33:42,B,1061.75,1,12
2021-06-17 13:33:43,S,1064.4,1,50
2021-06-17 13:33:43,S,1064.9,1,2
2021-06-17 13:33:43,S,1064.95,1,9
2021-06-17 13:33:43,S,1065.0,1,10
2021-06-17 13:33:43,S,1065.25,2,11
2021-06-17 13:33:43,B,1063.05,1,1
2021-06-17 13:33:43,B,1063.0,1,27
2021-06-17 13:33:43,B,1062.95,1,10
2021-06-17 13:33:43,B,1062.75,3,13
2021-06-17 13:33:43,B,1062.7,2,3
2021-06-17 13:33:46,S,1064.4,1,50
2021-06-17 13:33:46,S,1064.9,1,2
2021-06-17 13:33:46,S,1065.0,1,10
2021-06-17 13:33:46,S,1065.1,1,10
2021-06-17 13:33:46,S,1065.25,2,11
2021-06-17 13:33:46,B,1063.3,1,9
2021-06-17 13:33:46,B,1063.0,1,1
2021-06-17 13:33:46,B,1062.95,1,10
2021-06-17 13:33:46,B,1062.85,1,2
2021-06-17 13:33:46,B,1062.8,1,6
2021-06-17 13:33:49,S,1064.4,2,51
2021-06-17 13:33:49,S,1064.55,1,1
2021-06-17 13:33:49,S,1064.9,1,2
2021-06-17 13:33:49,S,1065.0,1,10
2021-06-17 13:33:49,S,1065.1,1,10
2021-06-17 13:33:49,B,1063.3,1,9
2021-06-17 13:33:49,B,1063.0,1,1
2021-06-17 13:33:49,B,1062.95,1,10
2021-06-17 13:33:49,B,1062.85,1,2
2021-06-17 13:33:49,B,1062.8,1,6
2021-06-17 13:34:08,S,1064.4,2,51
2021-06-17 13:34:08,S,1064.55,1,1
2021-06-17 13:34:08,S,1064.9,1,2
2021-06-17 13:34:08,S,1064.95,1,12
2021-06-17 13:34:08,S,1065.0,2,19
2021-06-17 13:34:08,B,1062.9,1,1
2021-06-17 13:34:08,B,1062.85,1,2
2021-06-17 13:34:08,B,1062.75,2,6
2021-06-17 13:34:08,B,1062.7,1,2
2021-06-17 13:34:08,B,1062.65,1,10
2021-06-17 13:34:10,S,1064.4,2,51
2021-06-17 13:34:10,S,1064.55,1,1
2021-06-17 13:34:10,S,1065.0,2,19
2021-06-17 13:34:10,S,1065.05,1,10
2021-06-17 13:34:10,S,1065.15,1,2
2021-06-17 13:34:10,B,1063.7,1,12
2021-06-17 13:34:10,B,1063.1,1,1
2021-06-17 13:34:10,B,1063.05,1,10
2021-06-17 13:34:10,B,1062.85,2,3
2021-06-17 13:34:10,B,1062.75,2,6
2021-06-17 13:34:13,S,1064.4,2,51
2021-06-17 13:34:13,S,1064.55,1,1
2021-06-17 13:34:13,S,1065.0,1,9
2021-06-17 13:34:13,S,1065.05,1,10
2021-06-17 13:34:13,S,1065.15,1,2
2021-06-17 13:34:13,B,1063.7,1,12
2021-06-17 13:34:13,B,1063.1,1,1
2021-06-17 13:34:13,B,1063.05,1,10
2021-06-17 13:34:13,B,1062.85,2,3
2021-06-17 13:34:13,B,1062.75,2,6
2021-06-17 13:34:18,S,1064.4,2,51
2021-06-17 13:34:18,S,1064.55,1,1
2021-06-17 13:34:18,S,1065.0,1,9
2021-06-17 13:34:18,S,1065.15,1,2
2021-06-17 13:34:18,S,1065.25,1,9
2021-06-17 13:34:18,B,1063.75,1,9
2021-06-17 13:34:18,B,1063.7,1,12
2021-06-17 13:34:18,B,1063.6,1,1
2021-06-17 13:34:18,B,1063.55,1,10
2021-06-17 13:34:18,B,1063.25,1,9
2021-06-17 13:34:25,S,1064.4,2,51
2021-06-17 13:34:25,S,1064.55,1,1
2021-06-17 13:34:25,S,1064.65,1,9
2021-06-17 13:34:25,S,1065.0,2,18
2021-06-17 13:34:25,S,1065.15,1,2
2021-06-17 13:34:25,B,1063.7,1,12
2021-06-17 13:34:25,B,1063.15,1,1
2021-06-17 13:34:25,B,1063.1,1,10
2021-06-17 13:34:25,B,1062.95,1,9
2021-06-17 13:34:25,B,1062.9,1,7
2021-06-17 13:34:28,S,1064.4,2,51
2021-06-17 13:34:28,S,1064.55,1,1
2021-06-17 13:34:28,S,1064.8,1,10
2021-06-17 13:34:28,S,1065.0,2,18
2021-06-17 13:34:28,S,1065.15,1,2
2021-06-17 13:34:28,B,1063.7,1,12
2021-06-17 13:34:28,B,1063.35,1,1
2021-06-17 13:34:28,B,1063.3,1,25
2021-06-17 13:34:28,B,1063.1,1,10
2021-06-17 13:34:28,B,1062.95,1,9
2021-06-17 13:34:35,S,1064.4,2,51
2021-06-17 13:34:35,S,1064.55,1,1
2021-06-17 13:34:35,S,1064.8,1,10
2021-06-17 13:34:35,S,1065.0,2,18
2021-06-17 13:34:35,S,1065.15,1,2
2021-06-17 13:34:35,B,1063.7,1,12
2021-06-17 13:34:35,B,1063.35,1,1
2021-06-17 13:34:35,B,1063.3,1,25
2021-06-17 13:34:35,B,1063.1,1,10
2021-06-17 13:34:35,B,1062.95,1,9
2021-06-17 13:34:36,S,1064.4,2,45
2021-06-17 13:34:36,S,1064.55,1,1
2021-06-17 13:34:36,S,1064.95,1,10
2021-06-17 13:34:36,S,1065.0,2,18
2021-06-17 13:34:36,S,1065.15,1,2
2021-06-17 13:34:36,B,1063.7,1,12
2021-06-17 13:34:36,B,1063.35,1,1
2021-06-17 13:34:36,B,1063.3,1,25
2021-06-17 13:34:36,B,1063.1,1,10
2021-06-17 13:34:36,B,1062.95,1,9
2021-06-17 13:34:38,S,1064.4,2,45
2021-06-17 13:34:38,S,1064.55,1,1
2021-06-17 13:34:38,S,1064.95,1,10
2021-06-17 13:34:38,S,1065.0,2,18
2021-06-17 13:34:38,S,1065.15,1,2
2021-06-17 13:34:38,B,1063.7,1,12
2021-06-17 13:34:38,B,1063.35,1,1
2021-06-17 13:34:38,B,1063.3,1,25
2021-06-17 13:34:38,B,1063.1,1,10
2021-06-17 13:34:38,B,1062.95,1,9
2021-06-17 13:34:39,S,1064.4,2,45
2021-06-17 13:34:39,S,1064.55,1,1
2021-06-17 13:34:39,S,1064.95,1,10
2021-06-17 13:34:39,S,1065.0,2,18
2021-06-17 13:34:39,S,1065.15,1,2
2021-06-17 13:34:39,B,1063.7,2,22
2021-06-17 13:34:39,B,1063.35,1,1
2021-06-17 13:34:39,B,1063.3,1,25
2021-06-17 13:34:39,B,1063.1,1,10
2021-06-17 13:34:39,B,1062.95,1,9
2021-06-17 13:34:41,S,1064.4,2,45
2021-06-17 13:34:41,S,1064.55,1,1
2021-06-17 13:34:41,S,1065.0,2,18
2021-06-17 13:34:41,S,1065.15,1,2
2021-06-17 13:34:41,S,1065.25,1,9
2021-06-17 13:34:41,B,1063.75,1,1
2021-06-17 13:34:41,B,1063.7,2,22
2021-06-17 13:34:41,B,1063.35,1,6
2021-06-17 13:34:41,B,1063.3,3,28
2021-06-17 13:34:41,B,1063.25,1,10
2021-06-17 13:34:43,S,1064.4,2,45
2021-06-17 13:34:43,S,1064.55,1,1
2021-06-17 13:34:43,S,1065.0,2,18
2021-06-17 13:34:43,S,1065.15,1,2
2021-06-17 13:34:43,S,1065.25,1,9
2021-06-17 13:34:43,B,1063.75,1,1
2021-06-17 13:34:43,B,1063.7,3,31
2021-06-17 13:34:43,B,1063.35,2,7
2021-06-17 13:34:43,B,1063.3,3,28
2021-06-17 13:34:43,B,1063.25,1,10
2021-06-17 13:34:45,S,1064.4,2,45
2021-06-17 13:34:45,S,1064.55,1,1
2021-06-17 13:34:45,S,1065.0,2,18
2021-06-17 13:34:45,S,1065.15,1,2
2021-06-17 13:34:45,S,1065.25,1,9
2021-06-17 13:34:45,B,1063.75,1,1
2021-06-17 13:34:45,B,1063.7,3,31
2021-06-17 13:34:45,B,1063.35,2,7
2021-06-17 13:34:45,B,1063.3,3,28
2021-06-17 13:34:45,B,1063.25,1,10
2021-06-17 13:34:57,S,1064.4,2,45
2021-06-17 13:34:57,S,1064.55,1,1
2021-06-17 13:34:57,S,1065.0,3,19
2021-06-17 13:34:57,S,1065.1,1,10
2021-06-17 13:34:57,S,1065.15,1,2
2021-06-17 13:34:57,B,1063.75,1,1
2021-06-17 13:34:57,B,1063.7,2,22
2021-06-17 13:34:57,B,1063.4,1,9
2021-06-17 13:34:57,B,1063.3,2,27
2021-06-17 13:34:57,B,1063.25,1,10
2021-06-17 13:35:04,S,1064.4,2,45
2021-06-17 13:35:04,S,1064.55,1,1
2021-06-17 13:35:04,S,1065.0,2,10
2021-06-17 13:35:04,S,1065.1,1,10
2021-06-17 13:35:04,S,1065.15,1,2
2021-06-17 13:35:04,B,1063.75,1,1
2021-06-17 13:35:04,B,1063.7,2,22
2021-06-17 13:35:04,B,1063.4,1,9
2021-06-17 13:35:04,B,1063.35,1,6
2021-06-17 13:35:04,B,1063.3,2,27
2021-06-17 13:35:18,S,1064.4,2,45
2021-06-17 13:35:18,S,1064.55,1,1
2021-06-17 13:35:18,S,1065.0,2,10
2021-06-17 13:35:18,S,1065.1,1,10
2021-06-17 13:35:18,S,1065.15,1,2
2021-06-17 13:35:18,B,1063.75,1,1
2021-06-17 13:35:18,B,1063.7,2,22
2021-06-17 13:35:18,B,1063.4,1,9
2021-06-17 13:35:18,B,1063.35,1,6
2021-06-17 13:35:18,B,1063.3,2,27
2021-06-17 13:35:18,S,1064.4,2,44
2021-06-17 13:35:18,S,1064.55,1,1
2021-06-17 13:35:18,S,1064.95,2,10
2021-06-17 13:35:18,S,1065.0,2,10
2021-06-17 13:35:18,S,1065.1,1,10
2021-06-17 13:35:18,B,1063.75,1,1
2021-06-17 13:35:18,B,1063.7,2,22
2021-06-17 13:35:18,B,1063.4,1,9
2021-06-17 13:35:18,B,1063.35,1,6
2021-06-17 13:35:18,B,1063.3,2,27
2021-06-17 13:35:30,S,1064.4,2,44
2021-06-17 13:35:30,S,1064.55,1,1
2021-06-17 13:35:30,S,1064.95,2,10
2021-06-17 13:35:30,S,1065.0,2,10
2021-06-17 13:35:30,S,1065.1,1,10
2021-06-17 13:35:30,B,1063.75,1,1
2021-06-17 13:35:30,B,1063.7,2,22
2021-06-17 13:35:30,B,1063.4,1,9
2021-06-17 13:35:30,B,1063.35,1,6
2021-06-17 13:35:30,B,1063.3,2,27
2021-06-17 13:35:53,S,1064.4,3,45
2021-06-17 13:35:53,S,1064.55,1,1
2021-06-17 13:35:53,S,1064.95,2,10
2021-06-17 13:35:53,S,1065.0,2,10
2021-06-17 13:35:53,S,1065.1,1,10
2021-06-17 13:35:53,B,1063.75,1,1
2021-06-17 13:35:53,B,1063.7,2,22
2021-06-17 13:35:53,B,1063.4,1,9
2021-06-17 13:35:53,B,1063.35,1,6
2021-06-17 13:35:53,B,1063.3,2,27
2021-06-17 13:35:56,S,1064.4,3,45
2021-06-17 13:35:56,S,1064.55,1,1
2021-06-17 13:35:56,S,1064.95,2,10
2021-06-17 13:35:56,S,1065.0,2,10
2021-06-17 13:35:56,S,1065.1,1,10
2021-06-17 13:35:56,B,1063.75,1,1
2021-06-17 13:35:56,B,1063.7,2,22
2021-06-17 13:35:56,B,1063.3,3,28
2021-06-17 13:35:56,B,1063.2,1,9
2021-06-17 13:35:56,B,1063.0,1,7
2021-06-17 13:35:58,S,1064.4,3,45
2021-06-17 13:35:58,S,1064.55,1,1
2021-06-17 13:35:58,S,1064.65,2,2
2021-06-17 13:35:58,S,1064.75,2,11
2021-06-17 13:35:58,S,1064.95,2,10
2021-06-17 13:35:58,B,1063.7,2,22
2021-06-17 13:35:58,B,1063.35,1,1
2021-06-17 13:35:58,B,1063.3,2,27
2021-06-17 13:35:58,B,1063.05,1,9
2021-06-17 13:35:58,B,1063.0,1,7
2021-06-17 13:36:09,S,1064.4,3,45
2021-06-17 13:36:09,S,1064.55,1,1
2021-06-17 13:36:09,S,1064.65,1,1
2021-06-17 13:36:09,S,1064.75,2,11
2021-06-17 13:36:09,S,1064.95,2,10
2021-06-17 13:36:09,B,1063.7,2,22
2021-06-17 13:36:09,B,1063.35,1,1
2021-06-17 13:36:09,B,1063.3,3,28
2021-06-17 13:36:09,B,1063.05,1,9
2021-06-17 13:36:09,B,1063.0,1,7
2021-06-17 13:36:13,S,1064.4,4,75
2021-06-17 13:36:13,S,1064.55,1,1
2021-06-17 13:36:13,S,1064.65,1,1
2021-06-17 13:36:13,S,1064.75,2,11
2021-06-17 13:36:13,S,1064.95,2,10
2021-06-17 13:36:13,B,1063.7,2,22
2021-06-17 13:36:13,B,1063.35,1,1
2021-06-17 13:36:13,B,1063.3,2,27
2021-06-17 13:36:13,B,1063.05,1,9
2021-06-17 13:36:13,B,1063.0,1,7
2021-06-17 13:36:22,S,1064.4,4,75
2021-06-17 13:36:22,S,1064.55,1,1
2021-06-17 13:36:22,S,1064.65,1,1
2021-06-17 13:36:22,S,1064.75,2,11
2021-06-17 13:36:22,S,1064.95,2,10
2021-06-17 13:36:22,B,1063.7,2,22
2021-06-17 13:36:22,B,1063.35,1,1
2021-06-17 13:36:22,B,1063.3,2,27
2021-06-17 13:36:22,B,1063.05,1,9
2021-06-17 13:36:22,B,1063.0,1,7
2021-06-17 13:36:24,S,1064.4,4,75
2021-06-17 13:36:24,S,1064.55,1,1
2021-06-17 13:36:24,S,1064.65,1,1
2021-06-17 13:36:24,S,1064.75,2,11
2021-06-17 13:36:24,S,1064.95,2,10
2021-06-17 13:36:24,B,1063.7,2,22
2021-06-17 13:36:24,B,1063.35,1,1
2021-06-17 13:36:24,B,1063.3,2,27
2021-06-17 13:36:24,B,1063.05,1,9
2021-06-17 13:36:24,B,1063.0,1,7
2021-06-17 13:36:32,S,1064.4,4,75
2021-06-17 13:36:32,S,1064.55,1,1
2021-06-17 13:36:32,S,1064.65,1,1
2021-06-17 13:36:32,S,1064.75,2,11
2021-06-17 13:36:32,S,1064.95,2,10
2021-06-17 13:36:32,B,1063.7,2,22
2021-06-17 13:36:32,B,1063.35,1,1
2021-06-17 13:36:32,B,1063.3,2,27
2021-06-17 13:36:32,B,1063.05,1,9
2021-06-17 13:36:32,B,1063.0,1,7
2021-06-17 13:36:37,S,1064.4,4,75
2021-06-17 13:36:37,S,1064.55,1,1
2021-06-17 13:36:37,S,1064.65,1,1
2021-06-17 13:36:37,S,1064.75,2,11
2021-06-17 13:36:37,S,1064.95,2,10
2021-06-17 13:36:37,B,1063.7,2,22
2021-06-17 13:36:37,B,1063.3,2,27
2021-06-17 13:36:37,B,1063.1,1,1
2021-06-17 13:36:37,B,1063.05,1,9
2021-06-17 13:36:37,B,1063.0,1,7
2021-06-17 13:36:46,S,1064.4,4,75
2021-06-17 13:36:46,S,1064.55,1,1
2021-06-17 13:36:46,S,1064.65,1,1
2021-06-17 13:36:46,S,1064.75,2,11
2021-06-17 13:36:46,S,1064.95,2,10
2021-06-17 13:36:46,B,1063.7,2,22
2021-06-17 13:36:46,B,1063.3,2,27
2021-06-17 13:36:46,B,1063.1,2,2
2021-06-17 13:36:46,B,1063.05,1,9
2021-06-17 13:36:46,B,1063.0,1,7
2021-06-17 13:36:49,S,1064.4,3,45
2021-06-17 13:36:49,S,1064.55,1,1
2021-06-17 13:36:49,S,1064.65,1,1
2021-06-17 13:36:49,S,1064.95,2,10
2021-06-17 13:36:49,S,1065.0,3,19
2021-06-17 13:36:49,B,1063.7,2,22
2021-06-17 13:36:49,B,1063.35,1,1
2021-06-17 13:36:49,B,1063.3,2,27
2021-06-17 13:36:49,B,1063.05,1,9
2021-06-17 13:36:49,B,1063.0,1,7
2021-06-17 13:36:58,S,1064.4,3,45
2021-06-17 13:36:58,S,1064.55,1,1
2021-06-17 13:36:58,S,1064.65,1,1
2021-06-17 13:36:58,S,1064.95,2,10
2021-06-17 13:36:58,S,1065.0,3,19
2021-06-17 13:36:58,B,1064.0,1,1
2021-06-17 13:36:58,B,1063.7,2,22
2021-06-17 13:36:58,B,1063.35,2,2
2021-06-17 13:36:58,B,1063.3,2,27
2021-06-17 13:36:58,B,1063.05,1,9
2021-06-17 13:37:09,S,1064.4,3,45
2021-06-17 13:37:09,S,1064.55,1,1
2021-06-17 13:37:09,S,1064.65,1,1
2021-06-17 13:37:09,S,1064.95,2,10
2021-06-17 13:37:09,S,1065.0,2,10
2021-06-17 13:37:09,B,1064.0,1,1
2021-06-17 13:37:09,B,1063.7,2,22
2021-06-17 13:37:09,B,1063.5,2,11
2021-06-17 13:37:09,B,1063.35,2,2
2021-06-17 13:37:09,B,1063.3,2,27
2021-06-17 13:37:12,S,1064.4,3,45
2021-06-17 13:37:12,S,1064.55,1,1
2021-06-17 13:37:12,S,1064.65,1,1
2021-06-17 13:37:12,S,1064.95,2,10
2021-06-17 13:37:12,S,1065.0,2,10
2021-06-17 13:37:12,B,1064.0,1,1
2021-06-17 13:37:12,B,1063.7,2,22
2021-06-17 13:37:12,B,1063.5,1,10
2021-06-17 13:37:12,B,1063.35,3,8
2021-06-17 13:37:12,B,1063.3,2,27
2021-06-17 13:37:42,S,1064.4,3,45
2021-06-17 13:37:42,S,1064.55,1,1
2021-06-17 13:37:42,S,1064.65,1,1
2021-06-17 13:37:42,S,1064.95,2,10
2021-06-17 13:37:42,S,1065.0,3,410
2021-06-17 13:37:42,B,1064.0,1,1
2021-06-17 13:37:42,B,1063.7,2,22
2021-06-17 13:37:42,B,1063.5,1,10
2021-06-17 13:37:42,B,1063.35,3,8
2021-06-17 13:37:42,B,1063.3,2,27
2021-06-17 13:37:54,S,1064.4,3,45
2021-06-17 13:37:54,S,1064.55,1,1
2021-06-17 13:37:54,S,1064.65,1,1
2021-06-17 13:37:54,S,1064.95,2,10
2021-06-17 13:37:54,S,1065.0,3,410
2021-06-17 13:37:54,B,1064.0,1,1
2021-06-17 13:37:54,B,1063.7,2,22
2021-06-17 13:37:54,B,1063.35,2,2
2021-06-17 13:37:54,B,1063.3,3,36
2021-06-17 13:37:54,B,1063.25,1,12
2021-06-17 13:38:00,S,1064.4,3,45
2021-06-17 13:38:00,S,1064.55,1,1
2021-06-17 13:38:00,S,1064.65,1,1
2021-06-17 13:38:00,S,1064.95,2,10
2021-06-17 13:38:00,S,1065.0,3,410
2021-06-17 13:38:00,B,1064.0,1,1
2021-06-17 13:38:00,B,1063.7,2,22
2021-06-17 13:38:00,B,1063.35,2,2
2021-06-17 13:38:00,B,1063.3,3,36
2021-06-17 13:38:00,B,1063.25,1,12
2021-06-17 13:38:10,S,1064.4,3,45
2021-06-17 13:38:10,S,1064.55,1,1
2021-06-17 13:38:10,S,1064.65,1,1
2021-06-17 13:38:10,S,1064.95,2,10
2021-06-17 13:38:10,S,1065.0,3,410
2021-06-17 13:38:10,B,1064.0,1,1
2021-06-17 13:38:10,B,1063.7,2,22
2021-06-17 13:38:10,B,1063.35,2,2
2021-06-17 13:38:10,B,1063.3,3,36
2021-06-17 13:38:10,B,1063.25,1,12
2021-06-17 13:38:12,S,1064.4,3,45
2021-06-17 13:38:12,S,1064.55,1,1
2021-06-17 13:38:12,S,1064.65,1,1
2021-06-17 13:38:12,S,1064.95,2,10
2021-06-17 13:38:12,S,1065.0,3,410
2021-06-17 13:38:12,B,1064.0,1,1
2021-06-17 13:38:12,B,1063.7,2,22
2021-06-17 13:38:12,B,1063.35,2,2
2021-06-17 13:38:12,B,1063.3,3,36
2021-06-17 13:38:12,B,1063.25,1,12
2021-06-17 13:38:28,S,1064.4,3,45
2021-06-17 13:38:28,S,1064.55,1,1
2021-06-17 13:38:28,S,1064.65,1,1
2021-06-17 13:38:28,S,1064.95,2,10
2021-06-17 13:38:28,S,1065.0,3,410
2021-06-17 13:38:28,B,1064.0,1,1
2021-06-17 13:38:28,B,1063.7,2,22
2021-06-17 13:38:28,B,1063.35,2,2
2021-06-17 13:38:28,B,1063.3,3,36
2021-06-17 13:38:28,B,1063.25,1,12
2021-06-17 13:38:30,S,1064.4,3,45
2021-06-17 13:38:30,S,1064.55,1,1
2021-06-17 13:38:30,S,1064.65,1,1
2021-06-17 13:38:30,S,1064.95,2,10
2021-06-17 13:38:30,S,1065.0,3,410
2021-06-17 13:38:30,B,1064.0,1,1
2021-06-17 13:38:30,B,1063.7,2,22
2021-06-17 13:38:30,B,1063.35,2,2
2021-06-17 13:38:30,B,1063.3,3,36
2021-06-17 13:38:30,B,1063.25,1,12
2021-06-17 13:38:31,S,1064.4,3,25
2021-06-17 13:38:31,S,1064.55,1,1
2021-06-17 13:38:31,S,1064.65,1,1
2021-06-17 13:38:31,S,1064.95,2,10
2021-06-17 13:38:31,S,1065.0,3,410
2021-06-17 13:38:31,B,1064.0,1,1
2021-06-17 13:38:31,B,1063.7,2,22
2021-06-17 13:38:31,B,1063.35,2,2
2021-06-17 13:38:31,B,1063.3,3,36
2021-06-17 13:38:31,B,1063.25,1,12
2021-06-17 13:38:38,S,1064.4,3,25
2021-06-17 13:38:38,S,1064.55,1,1
2021-06-17 13:38:38,S,1064.65,1,1
2021-06-17 13:38:38,S,1064.95,2,10
2021-06-17 13:38:38,S,1065.0,4,419
2021-06-17 13:38:38,B,1064.0,1,1
2021-06-17 13:38:38,B,1063.7,2,22
2021-06-17 13:38:38,B,1063.35,2,2
2021-06-17 13:38:38,B,1063.3,3,36
2021-06-17 13:38:38,B,1063.25,1,12
2021-06-17 13:38:58,S,1064.4,3,25
2021-06-17 13:38:58,S,1064.55,1,1
2021-06-17 13:38:58,S,1064.65,1,1
2021-06-17 13:38:58,S,1064.95,2,10
2021-06-17 13:38:58,S,1065.0,4,419
2021-06-17 13:38:58,B,1064.0,1,1
2021-06-17 13:38:58,B,1063.7,2,22
2021-06-17 13:38:58,B,1063.35,2,2
2021-06-17 13:38:58,B,1063.3,3,36
2021-06-17 13:38:58,B,1063.25,1,12
2021-06-17 13:39:03,S,1064.4,3,25
2021-06-17 13:39:03,S,1064.55,1,1
2021-06-17 13:39:03,S,1064.65,1,1
2021-06-17 13:39:03,S,1064.95,2,10
2021-06-17 13:39:03,S,1065.0,4,419
2021-06-17 13:39:03,B,1064.0,1,1
2021-06-17 13:39:03,B,1063.7,2,22
2021-06-17 13:39:03,B,1063.35,2,2
2021-06-17 13:39:03,B,1063.3,3,36
2021-06-17 13:39:03,B,1063.25,1,12
2021-06-17 13:39:24,S,1064.4,3,23
2021-06-17 13:39:24,S,1064.55,1,1
2021-06-17 13:39:24,S,1064.65,1,1
2021-06-17 13:39:24,S,1064.95,2,10
2021-06-17 13:39:24,S,1065.0,4,419
2021-06-17 13:39:24,B,1064.0,1,1
2021-06-17 13:39:24,B,1063.7,2,22
2021-06-17 13:39:24,B,1063.35,3,7
2021-06-17 13:39:24,B,1063.3,3,36
2021-06-17 13:39:24,B,1063.25,1,12
2021-06-17 13:39:42,S,1064.4,3,23
2021-06-17 13:39:42,S,1064.55,1,1
2021-06-17 13:39:42,S,1064.65,1,1
2021-06-17 13:39:42,S,1064.95,2,10
2021-06-17 13:39:42,S,1065.0,4,419
2021-06-17 13:39:42,B,1064.0,1,1
2021-06-17 13:39:42,B,1063.7,2,22
2021-06-17 13:39:42,B,1063.35,3,7
2021-06-17 13:39:42,B,1063.3,3,36
2021-06-17 13:39:42,B,1063.25,1,12
2021-06-17 13:39:52,S,1064.4,3,23
2021-06-17 13:39:52,S,1064.55,1,1
2021-06-17 13:39:52,S,1064.65,1,1
2021-06-17 13:39:52,S,1064.95,2,10
2021-06-17 13:39:52,S,1065.0,3,410
2021-06-17 13:39:52,B,1064.0,1,1
2021-06-17 13:39:52,B,1063.7,2,22
2021-06-17 13:39:52,B,1063.35,3,7
2021-06-17 13:39:52,B,1063.3,3,36
2021-06-17 13:39:52,B,1063.25,1,12
2021-06-17 13:40:25,S,1064.4,3,23
2021-06-17 13:40:25,S,1064.55,1,1
2021-06-17 13:40:25,S,1064.65,1,1
2021-06-17 13:40:25,S,1064.95,2,10
2021-06-17 13:40:25,S,1065.0,3,410
2021-06-17 13:40:25,B,1064.0,1,1
2021-06-17 13:40:25,B,1063.7,2,22
2021-06-17 13:40:25,B,1063.35,3,7
2021-06-17 13:40:25,B,1063.3,3,36
2021-06-17 13:40:25,B,1063.25,1,12
2021-06-17 13:40:57,S,1064.4,3,23
2021-06-17 13:40:57,S,1064.55,1,1
2021-06-17 13:40:57,S,1064.65,1,1
2021-06-17 13:40:57,S,1064.95,2,10
2021-06-17 13:40:57,S,1065.0,3,410
2021-06-17 13:40:57,B,1064.0,1,1
2021-06-17 13:40:57,B,1063.7,2,22
2021-06-17 13:40:57,B,1063.35,3,7
2021-06-17 13:40:57,B,1063.3,3,36
2021-06-17 13:40:57,B,1063.25,1,12
2021-06-17 13:41:00,S,1064.4,3,23
2021-06-17 13:41:00,S,1064.55,1,1
2021-06-17 13:41:00,S,1064.65,1,1
2021-06-17 13:41:00,S,1064.95,2,10
2021-06-17 13:41:00,S,1065.0,3,410
2021-06-17 13:41:00,B,1064.0,1,1
2021-06-17 13:41:00,B,1063.7,2,22
2021-06-17 13:41:00,B,1063.35,3,7
2021-06-17 13:41:00,B,1063.3,3,36
2021-06-17 13:41:00,B,1063.25,1,12
2021-06-17 13:41:01,S,1064.4,3,18
2021-06-17 13:41:01,S,1064.55,1,1
2021-06-17 13:41:01,S,1064.95,2,10
2021-06-17 13:41:01,S,1065.0,3,410
2021-06-17 13:41:01,S,1065.15,2,12
2021-06-17 13:41:01,B,1064.0,1,1
2021-06-17 13:41:01,B,1063.7,2,22
2021-06-17 13:41:01,B,1063.35,2,2
2021-06-17 13:41:01,B,1063.3,3,36
2021-06-17 13:41:01,B,1063.25,1,12
2021-06-17 13:41:33,S,1064.4,3,18
2021-06-17 13:41:33,S,1064.55,1,1
2021-06-17 13:41:33,S,1064.6,1,1
2021-06-17 13:41:33,S,1064.8,1,1
2021-06-17 13:41:33,S,1064.95,2,10
2021-06-17 13:41:33,B,1064.0,1,1
2021-06-17 13:41:33,B,1063.7,2,22
2021-06-17 13:41:33,B,1063.35,2,2
2021-06-17 13:41:33,B,1063.3,3,36
2021-06-17 13:41:33,B,1063.25,1,12
2021-06-17 13:41:45,S,1064.4,3,18
2021-06-17 13:41:45,S,1064.55,1,1
2021-06-17 13:41:45,S,1064.6,1,1
2021-06-17 13:41:45,S,1064.8,1,1
2021-06-17 13:41:45,S,1064.95,2,10
2021-06-17 13:41:45,B,1064.0,1,1
2021-06-17 13:41:45,B,1063.7,2,22
2021-06-17 13:41:45,B,1063.35,2,2
2021-06-17 13:41:45,B,1063.3,3,36
2021-06-17 13:41:45,B,1063.25,1,12
2021-06-17 13:41:46,S,1064.4,3,12
2021-06-17 13:41:46,S,1064.55,1,1
2021-06-17 13:41:46,S,1064.95,2,10
2021-06-17 13:41:46,S,1065.0,2,10
2021-06-17 13:41:46,S,1065.15,2,12
2021-06-17 13:41:46,B,1064.0,1,1
2021-06-17 13:41:46,B,1063.7,2,22
2021-06-17 13:41:46,B,1063.35,2,2
2021-06-17 13:41:46,B,1063.3,3,36
2021-06-17 13:41:46,B,1063.25,1,12
2021-06-17 13:41:49,S,1064.4,4,21
2021-06-17 13:41:49,S,1064.55,2,2
2021-06-17 13:41:49,S,1064.75,1,1
2021-06-17 13:41:49,S,1064.95,2,10
2021-06-17 13:41:49,S,1065.0,2,10
2021-06-17 13:41:49,B,1064.0,1,1
2021-06-17 13:41:49,B,1063.7,2,22
2021-06-17 13:41:49,B,1063.35,2,2
2021-06-17 13:41:49,B,1063.3,3,36
2021-06-17 13:41:49,B,1063.25,1,12
2021-06-17 13:42:16,S,1064.4,4,21
2021-06-17 13:42:16,S,1064.55,2,2
2021-06-17 13:42:16,S,1064.75,1,1
2021-06-17 13:42:16,S,1064.95,2,10
2021-06-17 13:42:16,S,1065.0,2,10
2021-06-17 13:42:16,B,1064.0,1,1
2021-06-17 13:42:16,B,1063.7,2,22
2021-06-17 13:42:16,B,1063.35,2,2
2021-06-17 13:42:16,B,1063.3,3,36
2021-06-17 13:42:16,B,1063.25,1,12
2021-06-17 13:42:16,S,1064.4,4,21
2021-06-17 13:42:16,S,1064.55,2,2
2021-06-17 13:42:16,S,1064.75,1,1
2021-06-17 13:42:16,S,1064.95,2,10
2021-06-17 13:42:16,S,1065.0,2,10
2021-06-17 13:42:16,B,1063.7,2,13
2021-06-17 13:42:16,B,1063.35,2,2
2021-06-17 13:42:16,B,1063.3,2,27
2021-06-17 13:42:16,B,1063.1,1,10
2021-06-17 13:42:16,B,1062.95,1,9
2021-06-17 13:42:29,S,1064.4,4,21
2021-06-17 13:42:29,S,1064.55,2,2
2021-06-17 13:42:29,S,1064.75,1,1
2021-06-17 13:42:29,S,1064.95,2,10
2021-06-17 13:42:29,S,1065.0,2,10
2021-06-17 13:42:29,B,1063.7,2,13
2021-06-17 13:42:29,B,1063.35,2,2
2021-06-17 13:42:29,B,1063.3,2,27
2021-06-17 13:42:29,B,1063.1,1,10
2021-06-17 13:42:29,B,1062.95,1,9
2021-06-17 13:42:30,S,1063.7,2,18
2021-06-17 13:42:30,S,1063.95,1,1
2021-06-17 13:42:30,S,1064.15,1,1
2021-06-17 13:42:30,S,1064.4,4,30
2021-06-17 13:42:30,S,1064.55,2,2
2021-06-17 13:42:30,B,1063.3,1,25
2021-06-17 13:42:30,B,1062.8,2,2
2021-06-17 13:42:30,B,1062.75,1,10
2021-06-17 13:42:30,B,1062.65,1,1
2021-06-17 13:42:30,B,1062.45,3,5
2021-06-17 13:42:31,S,1063.7,2,18
2021-06-17 13:42:31,S,1063.95,1,1
2021-06-17 13:42:31,S,1064.15,1,1
2021-06-17 13:42:31,S,1064.4,4,30
2021-06-17 13:42:31,S,1064.55,2,2
2021-06-17 13:42:31,B,1063.3,1,25
2021-06-17 13:42:31,B,1062.8,2,2
2021-06-17 13:42:31,B,1062.65,1,1
2021-06-17 13:42:31,B,1062.45,3,5
2021-06-17 13:42:31,B,1062.35,1,12
2021-06-17 13:42:33,S,1063.7,2,18
2021-06-17 13:42:33,S,1063.95,1,1
2021-06-17 13:42:33,S,1064.15,1,1
2021-06-17 13:42:33,S,1064.35,1,10
2021-06-17 13:42:33,S,1064.4,3,21
2021-06-17 13:42:33,B,1063.3,1,3
2021-06-17 13:42:33,B,1062.55,2,2
2021-06-17 13:42:33,B,1062.5,1,1
2021-06-17 13:42:33,B,1062.45,2,3
2021-06-17 13:42:33,B,1062.4,2,16
2021-06-17 13:42:45,S,1063.7,2,18
2021-06-17 13:42:45,S,1063.95,1,1
2021-06-17 13:42:45,S,1064.15,1,1
2021-06-17 13:42:45,S,1064.35,1,10
2021-06-17 13:42:45,S,1064.4,3,21
2021-06-17 13:42:45,B,1063.3,1,3
2021-06-17 13:42:45,B,1062.8,1,1
2021-06-17 13:42:45,B,1062.6,1,1
2021-06-17 13:42:45,B,1062.5,1,1
2021-06-17 13:42:45,B,1062.45,2,3
2021-06-17 13:42:46,S,1063.7,2,18
2021-06-17 13:42:46,S,1063.8,1,10
2021-06-17 13:42:46,S,1063.95,1,1
2021-06-17 13:42:46,S,1064.15,1,1
2021-06-17 13:42:46,S,1064.25,1,12
2021-06-17 13:42:46,B,1063.3,1,3
2021-06-17 13:42:46,B,1062.8,1,1
2021-06-17 13:42:46,B,1062.6,1,1
2021-06-17 13:42:46,B,1062.5,1,1
2021-06-17 13:42:46,B,1062.45,2,3
2021-06-17 13:42:50,S,1063.7,2,18
2021-06-17 13:42:50,S,1063.8,1,10
2021-06-17 13:42:50,S,1063.95,1,1
2021-06-17 13:42:50,S,1064.15,1,1
2021-06-17 13:42:50,S,1064.25,1,12
2021-06-17 13:42:50,B,1063.3,1,3
2021-06-17 13:42:50,B,1062.8,1,1
2021-06-17 13:42:50,B,1062.6,1,1
2021-06-17 13:42:50,B,1062.5,1,1
2021-06-17 13:42:50,B,1062.45,2,3
2021-06-17 13:42:52,S,1063.25,2,7
2021-06-17 13:42:52,S,1063.3,2,38
2021-06-17 13:42:52,S,1063.45,1,11
2021-06-17 13:42:52,S,1063.5,1,1
2021-06-17 13:42:52,S,1063.7,1,17
2021-06-17 13:42:52,B,1062.2,1,20
2021-06-17 13:42:52,B,1062.0,2,2
2021-06-17 13:42:52,B,1061.95,1,2
2021-06-17 13:42:52,B,1061.75,1,1
2021-06-17 13:42:52,B,1061.55,1,5
2021-06-17 13:43:19,S,1063.25,2,7
2021-06-17 13:43:19,S,1063.3,2,38
2021-06-17 13:43:19,S,1063.45,1,11
2021-06-17 13:43:19,S,1063.5,1,1
2021-06-17 13:43:19,S,1063.65,1,12
2021-06-17 13:43:19,B,1062.2,1,20
2021-06-17 13:43:19,B,1062.0,1,1
2021-06-17 13:43:19,B,1061.95,1,2
2021-06-17 13:43:19,B,1061.75,1,1
2021-06-17 13:43:19,B,1061.55,1,5
2021-06-17 13:43:22,S,1063.25,2,7
2021-06-17 13:43:22,S,1063.3,2,38
2021-06-17 13:43:22,S,1063.45,1,11
2021-06-17 13:43:22,S,1063.5,1,1
2021-06-17 13:43:22,S,1063.65,1,12
2021-06-17 13:43:22,B,1062.2,1,20
2021-06-17 13:43:22,B,1062.0,1,1
2021-06-17 13:43:22,B,1061.95,1,2
2021-06-17 13:43:22,B,1061.75,1,1
2021-06-17 13:43:22,B,1061.55,1,5
2021-06-17 13:43:28,S,1063.25,2,7
2021-06-17 13:43:28,S,1063.3,2,38
2021-06-17 13:43:28,S,1063.45,1,11
2021-06-17 13:43:28,S,1063.5,1,1
2021-06-17 13:43:28,S,1063.65,1,12
2021-06-17 13:43:28,B,1062.2,1,20
2021-06-17 13:43:28,B,1062.0,1,1
2021-06-17 13:43:28,B,1061.95,1,2
2021-06-17 13:43:28,B,1061.75,1,1
2021-06-17 13:43:28,B,1061.55,1,5
2021-06-17 13:43:41,S,1063.25,2,7
2021-06-17 13:43:41,S,1063.3,2,38
2021-06-17 13:43:41,S,1063.45,1,11
2021-06-17 13:43:41,S,1063.5,1,1
2021-06-17 13:43:41,S,1063.65,1,12
2021-06-17 13:43:41,B,1062.2,1,20
2021-06-17 13:43:41,B,1062.0,1,1
2021-06-17 13:43:41,B,1061.95,1,2
2021-06-17 13:43:41,B,1061.75,1,1
2021-06-17 13:43:41,B,1061.55,1,5
2021-06-17 13:43:43,S,1063.25,2,7
2021-06-17 13:43:43,S,1063.3,2,38
2021-06-17 13:43:43,S,1063.45,1,11
2021-06-17 13:43:43,S,1063.5,1,1
2021-06-17 13:43:43,S,1063.65,1,12
2021-06-17 13:43:43,B,1062.2,1,20
2021-06-17 13:43:43,B,1062.0,1,1
2021-06-17 13:43:43,B,1061.95,1,2
2021-06-17 13:43:43,B,1061.75,1,1
2021-06-17 13:43:43,B,1061.55,1,5
2021-06-17 13:43:56,S,1063.25,2,7
2021-06-17 13:43:56,S,1063.3,2,38
2021-06-17 13:43:56,S,1063.45,1,11
2021-06-17 13:43:56,S,1063.5,1,1
2021-06-17 13:43:56,S,1063.65,1,12
2021-06-17 13:43:56,B,1062.2,1,20
2021-06-17 13:43:56,B,1062.0,1,1
2021-06-17 13:43:56,B,1061.95,1,2
2021-06-17 13:43:56,B,1061.75,1,1
2021-06-17 13:43:56,B,1061.55,1,5
2021-06-17 13:44:00,S,1063.25,2,6
2021-06-17 13:44:00,S,1063.3,2,38
2021-06-17 13:44:00,S,1063.45,1,11
2021-06-17 13:44:00,S,1063.5,1,1
2021-06-17 13:44:00,S,1063.7,1,17
2021-06-17 13:44:00,B,1062.2,1,20
2021-06-17 13:44:00,B,1062.0,1,1
2021-06-17 13:44:00,B,1061.95,1,2
2021-06-17 13:44:00,B,1061.75,1,1
2021-06-17 13:44:00,B,1061.55,1,5
2021-06-17 13:44:06,S,1063.25,2,4
2021-06-17 13:44:06,S,1063.3,2,38
2021-06-17 13:44:06,S,1063.45,1,11
2021-06-17 13:44:06,S,1063.5,1,1
2021-06-17 13:44:06,S,1063.65,1,12
2021-06-17 13:44:06,B,1062.2,1,20
2021-06-17 13:44:06,B,1062.0,1,1
2021-06-17 13:44:06,B,1061.95,1,2
2021-06-17 13:44:06,B,1061.75,1,1
2021-06-17 13:44:06,B,1061.55,1,5
2021-06-17 13:44:20,S,1063.25,2,4
2021-06-17 13:44:20,S,1063.3,2,38
2021-06-17 13:44:20,S,1063.45,1,11
2021-06-17 13:44:20,S,1063.5,1,1
2021-06-17 13:44:20,S,1063.7,1,17
2021-06-17 13:44:20,B,1062.2,1,20
2021-06-17 13:44:20,B,1062.0,1,1
2021-06-17 13:44:20,B,1061.95,1,2
2021-06-17 13:44:20,B,1061.9,1,9
2021-06-17 13:44:20,B,1061.75,1,1
2021-06-17 13:44:21,S,1063.25,2,4
2021-06-17 13:44:21,S,1063.3,2,38
2021-06-17 13:44:21,S,1063.45,1,11
2021-06-17 13:44:21,S,1063.5,1,1
2021-06-17 13:44:21,S,1063.7,1,17
2021-06-17 13:44:21,B,1062.2,1,20
2021-06-17 13:44:21,B,1062.0,1,1
2021-06-17 13:44:21,B,1061.95,1,2
2021-06-17 13:44:21,B,1061.9,1,9
2021-06-17 13:44:21,B,1061.75,1,1
2021-06-17 13:44:36,S,1063.25,1,1
2021-06-17 13:44:36,S,1063.3,1,37
2021-06-17 13:44:36,S,1063.7,2,18
2021-06-17 13:44:36,S,1063.75,1,9
2021-06-17 13:44:36,S,1063.95,1,1
2021-06-17 13:44:36,B,1063.0,1,15
2021-06-17 13:44:36,B,1062.25,1,1
2021-06-17 13:44:36,B,1062.2,1,20
2021-06-17 13:44:36,B,1061.95,1,2
2021-06-17 13:44:36,B,1061.9,1,9
2021-06-17 13:44:42,S,1063.25,1,1
2021-06-17 13:44:42,S,1063.3,1,37
2021-06-17 13:44:42,S,1063.7,1,17
2021-06-17 13:44:42,S,1063.95,1,1
2021-06-17 13:44:42,S,1064.0,1,10
2021-06-17 13:44:42,B,1063.0,1,15
2021-06-17 13:44:42,B,1062.5,1,1
2021-06-17 13:44:42,B,1062.45,1,9
2021-06-17 13:44:42,B,1062.2,1,20
2021-06-17 13:44:42,B,1062.05,1,9
2021-06-17 13:44:44,S,1063.25,1,1
2021-06-17 13:44:44,S,1063.3,1,37
2021-06-17 13:44:44,S,1063.7,1,17
2021-06-17 13:44:44,S,1063.95,1,1
2021-06-17 13:44:44,S,1064.0,1,10
2021-06-17 13:44:44,B,1063.0,1,15
2021-06-17 13:44:44,B,1062.5,1,1
2021-06-17 13:44:44,B,1062.45,1,9
2021-06-17 13:44:44,B,1062.2,1,20
2021-06-17 13:44:44,B,1062.05,1,9
2021-06-17 13:44:51,S,1063.25,1,1
2021-06-17 13:44:51,S,1063.3,1,37
2021-06-17 13:44:51,S,1063.7,1,17
2021-06-17 13:44:51,S,1063.95,1,1
2021-06-17 13:44:51,S,1064.0,1,10
2021-06-17 13:44:51,B,1063.0,1,15
2021-06-17 13:44:51,B,1062.5,1,1
2021-06-17 13:44:51,B,1062.45,1,9
2021-06-17 13:44:51,B,1062.2,1,20
2021-06-17 13:44:51,B,1062.05,1,9
2021-06-17 13:44:52,S,1063.7,1,17
2021-06-17 13:44:52,S,1063.95,1,1
2021-06-17 13:44:52,S,1064.15,1,1
2021-06-17 13:44:52,S,1064.3,2,401
2021-06-17 13:44:52,S,1064.4,2,11
2021-06-17 13:44:52,B,1063.3,1,1
2021-06-17 13:44:52,B,1063.25,1,92
2021-06-17 13:44:52,B,1063.0,2,24
2021-06-17 13:44:52,B,1062.6,1,1
2021-06-17 13:44:52,B,1062.4,1,1
2021-06-17 13:44:54,S,1063.3,1,1
2021-06-17 13:44:54,S,1063.7,1,17
2021-06-17 13:44:54,S,1064.25,1,1
2021-06-17 13:44:54,S,1064.3,2,401
2021-06-17 13:44:54,S,1064.35,1,1
2021-06-17 13:44:54,B,1063.25,1,92
2021-06-17 13:44:54,B,1063.0,2,24
2021-06-17 13:44:54,B,1062.6,1,1
2021-06-17 13:44:54,B,1062.4,1,1
2021-06-17 13:44:54,B,1062.35,1,10
2021-06-17 13:44:54,S,1063.3,1,1
2021-06-17 13:44:54,S,1063.7,1,17
2021-06-17 13:44:54,S,1064.25,1,1
2021-06-17 13:44:54,S,1064.3,2,401
2021-06-17 13:44:54,S,1064.35,1,1
2021-06-17 13:44:54,B,1063.25,1,92
2021-06-17 13:44:54,B,1063.0,2,24
2021-06-17 13:44:54,B,1062.6,1,1
2021-06-17 13:44:54,B,1062.4,1,1
2021-06-17 13:44:54,B,1062.35,1,10
2021-06-17 13:44:55,S,1063.3,1,1
2021-06-17 13:44:55,S,1063.7,1,17
2021-06-17 13:44:55,S,1063.8,1,1
2021-06-17 13:44:55,S,1064.0,1,1
2021-06-17 13:44:55,S,1064.25,1,1
2021-06-17 13:44:55,B,1063.25,1,92
2021-06-17 13:44:55,B,1063.0,2,24
2021-06-17 13:44:55,B,1062.6,1,1
2021-06-17 13:44:55,B,1062.4,1,1
2021-06-17 13:44:55,B,1062.35,1,10
2021-06-17 13:44:58,S,1063.3,1,1
2021-06-17 13:44:58,S,1063.7,1,17
2021-06-17 13:44:58,S,1063.8,1,1
2021-06-17 13:44:58,S,1064.0,1,1
2021-06-17 13:44:58,S,1064.25,1,1
2021-06-17 13:44:58,B,1063.25,1,92
2021-06-17 13:44:58,B,1063.0,1,15
2021-06-17 13:44:58,B,1062.85,1,10
2021-06-17 13:44:58,B,1062.6,1,1
2021-06-17 13:44:58,B,1062.4,1,1
2021-06-17 13:45:00,S,1063.3,1,1
2021-06-17 13:45:00,S,1063.7,1,17
2021-06-17 13:45:00,S,1063.8,1,1
2021-06-17 13:45:00,S,1064.0,1,1
2021-06-17 13:45:00,S,1064.25,1,1
2021-06-17 13:45:00,B,1063.25,1,92
2021-06-17 13:45:00,B,1063.0,1,15
2021-06-17 13:45:00,B,1062.85,1,10
2021-06-17 13:45:00,B,1062.6,1,1
2021-06-17 13:45:00,B,1062.4,1,1
2021-06-17 13:45:01,S,1063.3,1,1
2021-06-17 13:45:01,S,1063.7,1,17
2021-06-17 13:45:01,S,1063.8,1,1
2021-06-17 13:45:01,S,1064.0,1,1
2021-06-17 13:45:01,S,1064.25,1,1
2021-06-17 13:45:01,B,1063.25,1,92
2021-06-17 13:45:01,B,1063.0,1,15
2021-06-17 13:45:01,B,1062.85,1,10
2021-06-17 13:45:01,B,1062.6,1,1
2021-06-17 13:45:01,B,1062.4,1,1
2021-06-17 13:45:10,S,1063.3,1,1
2021-06-17 13:45:10,S,1063.7,1,17
2021-06-17 13:45:10,S,1063.8,1,1
2021-06-17 13:45:10,S,1064.0,1,1
2021-06-17 13:45:10,S,1064.25,1,1
2021-06-17 13:45:10,B,1063.25,1,92
2021-06-17 13:45:10,B,1063.0,1,15
2021-06-17 13:45:10,B,1062.85,1,10
2021-06-17 13:45:10,B,1062.6,1,1
2021-06-17 13:45:10,B,1062.4,1,1
2021-06-17 13:45:11,S,1063.3,1,1
2021-06-17 13:45:11,S,1063.7,1,17
2021-06-17 13:45:11,S,1063.8,1,1
2021-06-17 13:45:11,S,1064.0,1,1
2021-06-17 13:45:11,S,1064.25,1,1
2021-06-17 13:45:11,B,1063.25,1,92
2021-06-17 13:45:11,B,1063.0,1,15
2021-06-17 13:45:11,B,1062.85,1,10
2021-06-17 13:45:11,B,1062.6,1,1
2021-06-17 13:45:11,B,1062.4,1,1
2021-06-17 13:45:13,S,1063.3,1,1
2021-06-17 13:45:13,S,1063.7,1,17
2021-06-17 13:45:13,S,1063.8,1,1
2021-06-17 13:45:13,S,1064.0,1,1
2021-06-17 13:45:13,S,1064.25,1,1
2021-06-17 13:45:13,B,1063.25,1,92
2021-06-17 13:45:13,B,1063.0,1,15
2021-06-17 13:45:13,B,1062.85,1,10
2021-06-17 13:45:13,B,1062.6,1,1
2021-06-17 13:45:13,B,1062.4,1,1
2021-06-17 13:45:14,S,1063.3,1,1
2021-06-17 13:45:14,S,1063.7,1,17
2021-06-17 13:45:14,S,1063.8,1,1
2021-06-17 13:45:14,S,1064.0,1,1
2021-06-17 13:45:14,S,1064.25,1,1
2021-06-17 13:45:14,B,1063.25,1,92
2021-06-17 13:45:14,B,1063.0,1,15
2021-06-17 13:45:14,B,1062.85,1,10
2021-06-17 13:45:14,B,1062.6,1,1
2021-06-17 13:45:14,B,1062.4,1,1
2021-06-17 13:45:16,S,1063.3,1,1
2021-06-17 13:45:16,S,1063.7,1,17
2021-06-17 13:45:16,S,1063.8,1,1
2021-06-17 13:45:16,S,1064.0,1,1
2021-06-17 13:45:16,S,1064.25,1,1
2021-06-17 13:45:16,B,1063.25,1,92
2021-06-17 13:45:16,B,1063.0,1,15
2021-06-17 13:45:16,B,1062.85,1,10
2021-06-17 13:45:16,B,1062.6,1,1
2021-06-17 13:45:16,B,1062.4,1,1
2021-06-17 13:45:21,S,1063.3,1,1
2021-06-17 13:45:21,S,1063.7,1,17
2021-06-17 13:45:21,S,1063.8,1,1
2021-06-17 13:45:21,S,1064.0,1,1
2021-06-17 13:45:21,S,1064.25,1,1
2021-06-17 13:45:21,B,1063.25,1,92
2021-06-17 13:45:21,B,1063.0,1,15
2021-06-17 13:45:21,B,1062.85,1,10
2021-06-17 13:45:21,B,1062.6,1,1
2021-06-17 13:45:21,B,1062.4,1,1
2021-06-17 13:45:28,S,1063.3,1,1
2021-06-17 13:45:28,S,1063.7,1,17
2021-06-17 13:45:28,S,1063.8,1,1
2021-06-17 13:45:28,S,1064.0,1,1
2021-06-17 13:45:28,S,1064.25,1,1
2021-06-17 13:45:28,B,1063.25,1,92
2021-06-17 13:45:28,B,1063.0,1,15
2021-06-17 13:45:28,B,1062.85,1,10
2021-06-17 13:45:28,B,1062.6,1,1
2021-06-17 13:45:28,B,1062.4,1,1
2021-06-17 13:45:29,S,1063.3,1,1
2021-06-17 13:45:29,S,1063.7,1,17
2021-06-17 13:45:29,S,1063.8,1,1
2021-06-17 13:45:29,S,1064.0,1,1
2021-06-17 13:45:29,S,1064.25,1,1
2021-06-17 13:45:29,B,1063.25,1,92
2021-06-17 13:45:29,B,1063.0,1,15
2021-06-17 13:45:29,B,1062.85,1,10
2021-06-17 13:45:29,B,1062.6,1,1
2021-06-17 13:45:29,B,1062.4,1,1
2021-06-17 13:45:42,S,1063.3,1,1
2021-06-17 13:45:42,S,1063.7,1,17
2021-06-17 13:45:42,S,1063.8,1,1
2021-06-17 13:45:42,S,1064.0,1,1
2021-06-17 13:45:42,S,1064.25,1,1
2021-06-17 13:45:42,B,1063.25,1,92
2021-06-17 13:45:42,B,1063.0,1,15
2021-06-17 13:45:42,B,1062.85,1,10
2021-06-17 13:45:42,B,1062.6,1,1
2021-06-17 13:45:42,B,1062.4,1,1
2021-06-17 13:45:43,S,1063.3,1,1
2021-06-17 13:45:43,S,1063.7,1,17
2021-06-17 13:45:43,S,1063.8,1,1
2021-06-17 13:45:43,S,1064.0,1,1
2021-06-17 13:45:43,S,1064.25,1,1
2021-06-17 13:45:43,B,1063.25,1,92
2021-06-17 13:45:43,B,1063.0,1,15
2021-06-17 13:45:43,B,1062.85,1,10
2021-06-17 13:45:43,B,1062.6,1,1
2021-06-17 13:45:43,B,1062.4,1,1
2021-06-17 13:45:45,S,1063.3,1,1
2021-06-17 13:45:45,S,1063.7,1,17
2021-06-17 13:45:45,S,1063.8,1,1
2021-06-17 13:45:45,S,1064.0,1,1
2021-06-17 13:45:45,S,1064.25,1,1
2021-06-17 13:45:45,B,1063.25,1,92
2021-06-17 13:45:45,B,1063.0,1,15
2021-06-17 13:45:45,B,1062.6,2,10
2021-06-17 13:45:45,B,1062.4,1,1
2021-06-17 13:45:45,B,1062.35,1,10
2021-06-17 13:45:56,S,1063.3,1,1
2021-06-17 13:45:56,S,1063.7,1,17
2021-06-17 13:45:56,S,1063.8,1,1
2021-06-17 13:45:56,S,1063.95,1,1
2021-06-17 13:45:56,S,1064.0,1,1
2021-06-17 13:45:56,B,1063.25,1,92
2021-06-17 13:45:56,B,1063.0,1,15
2021-06-17 13:45:56,B,1062.6,1,1
2021-06-17 13:45:56,B,1062.45,1,9
2021-06-17 13:45:56,B,1062.4,1,1
2021-06-17 13:46:03,S,1063.3,1,1
2021-06-17 13:46:03,S,1063.7,1,17
2021-06-17 13:46:03,S,1063.75,1,10
2021-06-17 13:46:03,S,1063.8,1,1
2021-06-17 13:46:03,S,1063.95,1,1
2021-06-17 13:46:03,B,1063.25,1,92
2021-06-17 13:46:03,B,1063.0,1,15
2021-06-17 13:46:03,B,1062.6,1,1
2021-06-17 13:46:03,B,1062.4,1,1
2021-06-17 13:46:03,B,1062.35,1,10
2021-06-17 13:46:06,S,1063.3,1,1
2021-06-17 13:46:06,S,1063.7,1,17
2021-06-17 13:46:06,S,1063.8,1,1
2021-06-17 13:46:06,S,1063.85,1,1
2021-06-17 13:46:06,S,1063.9,1,9
2021-06-17 13:46:06,B,1063.25,1,92
2021-06-17 13:46:06,B,1063.0,1,15
2021-06-17 13:46:06,B,1062.6,1,1
2021-06-17 13:46:06,B,1062.4,2,7
2021-06-17 13:46:06,B,1062.35,2,19
2021-06-17 13:46:09,S,1063.3,1,1
2021-06-17 13:46:09,S,1063.7,1,17
2021-06-17 13:46:09,S,1063.8,1,1
2021-06-17 13:46:09,S,1063.95,1,1
2021-06-17 13:46:09,S,1064.0,1,1
2021-06-17 13:46:09,B,1063.25,1,92
2021-06-17 13:46:09,B,1063.0,1,15
2021-06-17 13:46:09,B,1062.6,1,1
2021-06-17 13:46:09,B,1062.4,2,7
2021-06-17 13:46:09,B,1062.35,2,19
2021-06-17 13:46:13,S,1063.3,1,1
2021-06-17 13:46:13,S,1063.7,1,17
2021-06-17 13:46:13,S,1063.8,1,1
2021-06-17 13:46:13,S,1063.95,1,1
2021-06-17 13:46:13,S,1064.0,1,1
2021-06-17 13:46:13,B,1063.25,1,92
2021-06-17 13:46:13,B,1063.0,1,15
2021-06-17 13:46:13,B,1062.6,1,1
2021-06-17 13:46:13,B,1062.4,2,7
2021-06-17 13:46:13,B,1062.35,2,19
2021-06-17 13:46:20,S,1063.7,1,17
2021-06-17 13:46:20,S,1063.8,1,1
2021-06-17 13:46:20,S,1063.95,1,1
2021-06-17 13:46:20,S,1064.0,1,1
2021-06-17 13:46:20,S,1064.05,1,9
2021-06-17 13:46:20,B,1063.3,1,90
2021-06-17 13:46:20,B,1063.0,1,15
2021-06-17 13:46:20,B,1062.6,1,1
2021-06-17 13:46:20,B,1062.4,1,1
2021-06-17 13:46:20,B,1062.35,2,19
2021-06-17 13:46:22,S,1063.7,2,18
2021-06-17 13:46:22,S,1063.8,1,1
2021-06-17 13:46:22,S,1063.95,1,1
2021-06-17 13:46:22,S,1064.0,1,1
2021-06-17 13:46:22,S,1064.15,1,9
2021-06-17 13:46:22,B,1063.3,1,90
2021-06-17 13:46:22,B,1063.0,1,15
2021-06-17 13:46:22,B,1062.6,1,1
2021-06-17 13:46:22,B,1062.4,2,7
2021-06-17 13:46:22,B,1062.35,2,19
2021-06-17 13:46:25,S,1063.7,2,18
2021-06-17 13:46:25,S,1063.8,1,1
2021-06-17 13:46:25,S,1063.95,1,1
2021-06-17 13:46:25,S,1064.0,1,1
2021-06-17 13:46:25,S,1064.15,1,9
2021-06-17 13:46:25,B,1063.3,1,90
2021-06-17 13:46:25,B,1063.0,1,15
2021-06-17 13:46:25,B,1062.6,1,1
2021-06-17 13:46:25,B,1062.4,2,7
2021-06-17 13:46:25,B,1062.35,2,19
2021-06-17 13:46:32,S,1063.7,2,18
2021-06-17 13:46:32,S,1063.8,1,1
2021-06-17 13:46:32,S,1063.95,1,1
2021-06-17 13:46:32,S,1064.0,1,1
2021-06-17 13:46:32,S,1064.15,1,9
2021-06-17 13:46:32,B,1063.3,2,100
2021-06-17 13:46:32,B,1063.0,1,15
2021-06-17 13:46:32,B,1062.6,1,1
2021-06-17 13:46:32,B,1062.4,2,7
2021-06-17 13:46:32,B,1062.35,2,19
2021-06-17 13:46:39,S,1063.7,2,18
2021-06-17 13:46:39,S,1063.8,1,1
2021-06-17 13:46:39,S,1063.95,1,1
2021-06-17 13:46:39,S,1064.0,1,1
2021-06-17 13:46:39,S,1064.15,1,9
2021-06-17 13:46:39,B,1063.3,2,100
2021-06-17 13:46:39,B,1063.0,1,15
2021-06-17 13:46:39,B,1062.6,1,1
2021-06-17 13:46:39,B,1062.4,2,7
2021-06-17 13:46:39,B,1062.35,2,19
2021-06-17 13:46:49,S,1063.85,1,1
2021-06-17 13:46:49,S,1063.9,2,11
2021-06-17 13:46:49,S,1063.95,2,11
2021-06-17 13:46:49,S,1064.1,1,1
2021-06-17 13:46:49,S,1064.15,2,10
2021-06-17 13:46:49,B,1063.3,1,10
2021-06-17 13:46:49,B,1063.0,1,15
2021-06-17 13:46:49,B,1062.6,1,1
2021-06-17 13:46:49,B,1062.4,1,1
2021-06-17 13:46:49,B,1062.35,1,10
2021-06-17 13:46:51,S,1063.85,2,2
2021-06-17 13:46:51,S,1063.9,2,11
2021-06-17 13:46:51,S,1063.95,2,11
2021-06-17 13:46:51,S,1064.0,1,1
2021-06-17 13:46:51,S,1064.15,2,10
2021-06-17 13:46:51,B,1063.3,1,10
2021-06-17 13:46:51,B,1063.0,1,15
2021-06-17 13:46:51,B,1062.6,1,1
2021-06-17 13:46:51,B,1062.4,2,10
2021-06-17 13:46:51,B,1062.35,1,10
2021-06-17 13:46:56,S,1063.85,2,2
2021-06-17 13:46:56,S,1063.9,2,11
2021-06-17 13:46:56,S,1063.95,3,12
2021-06-17 13:46:56,S,1064.0,1,1
2021-06-17 13:46:56,S,1064.15,2,10
2021-06-17 13:46:56,B,1063.3,1,10
2021-06-17 13:46:56,B,1063.0,1,15
2021-06-17 13:46:56,B,1062.6,1,1
2021-06-17 13:46:56,B,1062.4,2,10
2021-06-17 13:46:56,B,1062.35,1,10
2021-06-17 13:46:58,S,1063.85,3,3
2021-06-17 13:46:58,S,1063.9,2,11
2021-06-17 13:46:58,S,1063.95,2,11
2021-06-17 13:46:58,S,1064.0,1,1
2021-06-17 13:46:58,S,1064.15,2,10
2021-06-17 13:46:58,B,1063.3,1,10
2021-06-17 13:46:58,B,1063.0,1,15
2021-06-17 13:46:58,B,1062.6,1,1
2021-06-17 13:46:58,B,1062.4,2,10
2021-06-17 13:46:58,B,1062.35,1,10
2021-06-17 13:47:49,S,1063.85,3,3
2021-06-17 13:47:49,S,1063.9,2,11
2021-06-17 13:47:49,S,1063.95,2,11
2021-06-17 13:47:49,S,1064.0,1,1
2021-06-17 13:47:49,S,1064.15,2,10
2021-06-17 13:47:49,B,1063.3,1,10
2021-06-17 13:47:49,B,1063.0,1,15
2021-06-17 13:47:49,B,1062.6,1,1
2021-06-17 13:47:49,B,1062.4,2,10
2021-06-17 13:47:49,B,1062.35,1,10
2021-06-17 13:47:51,S,1064.05,1,1
2021-06-17 13:47:51,S,1064.1,1,10
2021-06-17 13:47:51,S,1064.2,1,1
2021-06-17 13:47:51,S,1064.3,1,400
2021-06-17 13:47:51,S,1064.35,1,1
2021-06-17 13:47:51,B,1063.45,1,10
2021-06-17 13:47:51,B,1063.4,1,1
2021-06-17 13:47:51,B,1063.35,1,7
2021-06-17 13:47:51,B,1063.3,1,10
2021-06-17 13:47:51,B,1063.0,1,15
2021-06-17 13:47:53,S,1064.0,1,1
2021-06-17 13:47:53,S,1064.05,1,1
2021-06-17 13:47:53,S,1064.1,1,10
2021-06-17 13:47:53,S,1064.15,1,9
2021-06-17 13:47:53,S,1064.2,1,1
2021-06-17 13:47:53,B,1063.3,1,10
2021-06-17 13:47:53,B,1063.1,1,1
2021-06-17 13:47:53,B,1063.05,1,10
2021-06-17 13:47:53,B,1063.0,1,15
2021-06-17 13:47:53,B,1062.95,2,10
2021-06-17 13:47:55,S,1064.0,1,1
2021-06-17 13:47:55,S,1064.05,1,1
2021-06-17 13:47:55,S,1064.1,1,10
2021-06-17 13:47:55,S,1064.15,1,9
2021-06-17 13:47:55,S,1064.2,1,1
2021-06-17 13:47:55,B,1063.3,1,10
2021-06-17 13:47:55,B,1063.1,1,1
2021-06-17 13:47:55,B,1063.05,1,10
2021-06-17 13:47:55,B,1063.0,1,15
2021-06-17 13:47:55,B,1062.95,1,1
2021-06-17 13:48:10,S,1064.0,1,1
2021-06-17 13:48:10,S,1064.05,1,1
2021-06-17 13:48:10,S,1064.1,1,10
2021-06-17 13:48:10,S,1064.15,1,9
2021-06-17 13:48:10,S,1064.2,1,1
2021-06-17 13:48:10,B,1063.3,1,10
2021-06-17 13:48:10,B,1063.1,1,1
2021-06-17 13:48:10,B,1063.05,1,10
2021-06-17 13:48:10,B,1063.0,1,15
2021-06-17 13:48:10,B,1062.95,1,1
2021-06-17 13:48:22,S,1064.0,1,1
2021-06-17 13:48:22,S,1064.05,1,1
2021-06-17 13:48:22,S,1064.1,1,10
2021-06-17 13:48:22,S,1064.15,1,9
2021-06-17 13:48:22,S,1064.2,1,1
2021-06-17 13:48:22,B,1063.3,1,10
2021-06-17 13:48:22,B,1063.1,1,1
2021-06-17 13:48:22,B,1063.05,1,10
2021-06-17 13:48:22,B,1063.0,1,15
2021-06-17 13:48:22,B,1062.95,1,1
2021-06-17 13:48:24,S,1063.95,1,1
2021-06-17 13:48:24,S,1064.0,1,1
2021-06-17 13:48:24,S,1064.1,1,10
2021-06-17 13:48:24,S,1064.15,1,9
2021-06-17 13:48:24,S,1064.2,1,1
2021-06-17 13:48:24,B,1063.3,1,10
2021-06-17 13:48:24,B,1063.05,1,1
2021-06-17 13:48:24,B,1063.0,1,15
2021-06-17 13:48:24,B,1062.95,1,1
2021-06-17 13:48:24,B,1062.9,1,9
2021-06-17 13:48:36,S,1063.95,1,1
2021-06-17 13:48:36,S,1064.0,1,1
2021-06-17 13:48:36,S,1064.1,1,10
2021-06-17 13:48:36,S,1064.15,1,9
2021-06-17 13:48:36,S,1064.2,1,1
2021-06-17 13:48:36,B,1063.3,1,10
2021-06-17 13:48:36,B,1063.05,1,1
2021-06-17 13:48:36,B,1063.0,1,15
2021-06-17 13:48:36,B,1062.95,1,1
2021-06-17 13:48:36,B,1062.9,1,9
2021-06-17 13:48:39,S,1063.95,1,1
2021-06-17 13:48:39,S,1064.0,1,1
2021-06-17 13:48:39,S,1064.1,1,10
2021-06-17 13:48:39,S,1064.15,1,9
2021-06-17 13:48:39,S,1064.2,1,1
2021-06-17 13:48:39,B,1063.3,1,10
2021-06-17 13:48:39,B,1063.05,1,1
2021-06-17 13:48:39,B,1063.0,1,15
2021-06-17 13:48:39,B,1062.95,1,1
2021-06-17 13:48:39,B,1062.9,1,9
2021-06-17 13:48:41,S,1064.0,2,2
2021-06-17 13:48:41,S,1064.05,1,1
2021-06-17 13:48:41,S,1064.1,1,10
2021-06-17 13:48:41,S,1064.15,1,1
2021-06-17 13:48:41,S,1064.2,1,1
2021-06-17 13:48:41,B,1063.3,1,10
2021-06-17 13:48:41,B,1063.05,1,1
2021-06-17 13:48:41,B,1063.0,1,15
2021-06-17 13:48:41,B,1062.95,1,1
2021-06-17 13:48:41,B,1062.9,1,9
2021-06-17 13:48:46,S,1064.0,2,2
2021-06-17 13:48:46,S,1064.05,1,1
2021-06-17 13:48:46,S,1064.1,1,10
2021-06-17 13:48:46,S,1064.15,1,1
2021-06-17 13:48:46,S,1064.2,1,1
2021-06-17 13:48:46,B,1063.3,1,10
2021-06-17 13:48:46,B,1063.05,1,1
2021-06-17 13:48:46,B,1063.0,1,15
2021-06-17 13:48:46,B,1062.95,1,1
2021-06-17 13:48:46,B,1062.9,1,9
2021-06-17 13:48:54,S,1063.95,1,1
2021-06-17 13:48:54,S,1064.0,2,2
2021-06-17 13:48:54,S,1064.1,1,10
2021-06-17 13:48:54,S,1064.15,2,101
2021-06-17 13:48:54,S,1064.2,1,1
2021-06-17 13:48:54,B,1063.3,1,10
2021-06-17 13:48:54,B,1063.05,1,1
2021-06-17 13:48:54,B,1063.0,1,15
2021-06-17 13:48:54,B,1062.95,1,1
2021-06-17 13:48:54,B,1062.9,1,9
2021-06-17 13:48:55,S,1063.95,1,1
2021-06-17 13:48:55,S,1064.0,2,2
2021-06-17 13:48:55,S,1064.1,1,10
2021-06-17 13:48:55,S,1064.15,2,101
2021-06-17 13:48:55,S,1064.2,1,1
2021-06-17 13:48:55,B,1063.3,1,10
2021-06-17 13:48:55,B,1063.05,1,1
2021-06-17 13:48:55,B,1063.0,1,15
2021-06-17 13:48:55,B,1062.95,1,1
2021-06-17 13:48:55,B,1062.8,1,1
2021-06-17 13:49:06,S,1063.95,1,1
2021-06-17 13:49:06,S,1064.0,2,2
2021-06-17 13:49:06,S,1064.1,1,10
2021-06-17 13:49:06,S,1064.15,2,101
2021-06-17 13:49:06,S,1064.2,1,1
2021-06-17 13:49:06,B,1063.3,1,10
2021-06-17 13:49:06,B,1063.05,1,1
2021-06-17 13:49:06,B,1063.0,1,15
2021-06-17 13:49:06,B,1062.95,1,1
2021-06-17 13:49:06,B,1062.8,1,1
2021-06-17 13:49:14,S,1063.95,2,3
2021-06-17 13:49:14,S,1064.0,2,2
2021-06-17 13:49:14,S,1064.1,1,10
2021-06-17 13:49:14,S,1064.15,2,101
2021-06-17 13:49:14,S,1064.2,1,1
2021-06-17 13:49:14,B,1063.3,1,10
2021-06-17 13:49:14,B,1063.05,1,1
2021-06-17 13:49:14,B,1063.0,1,15
2021-06-17 13:49:14,B,1062.95,1,1
2021-06-17 13:49:14,B,1062.8,1,1
2021-06-17 13:49:19,S,1063.95,2,3
2021-06-17 13:49:19,S,1064.0,2,2
2021-06-17 13:49:19,S,1064.1,1,10
2021-06-17 13:49:19,S,1064.15,2,101
2021-06-17 13:49:19,S,1064.2,1,1
2021-06-17 13:49:19,B,1063.3,1,10
2021-06-17 13:49:19,B,1063.05,1,1
2021-06-17 13:49:19,B,1063.0,1,15
2021-06-17 13:49:19,B,1062.95,1,1
2021-06-17 13:49:19,B,1062.8,1,1
2021-06-17 13:49:33,S,1063.95,2,3
2021-06-17 13:49:33,S,1064.0,2,2
2021-06-17 13:49:33,S,1064.1,1,10
2021-06-17 13:49:33,S,1064.15,2,101
2021-06-17 13:49:33,S,1064.2,1,1
2021-06-17 13:49:33,B,1063.3,1,10
2021-06-17 13:49:33,B,1063.05,1,1
2021-06-17 13:49:33,B,1063.0,1,15
2021-06-17 13:49:33,B,1062.95,1,1
2021-06-17 13:49:33,B,1062.8,1,1
2021-06-17 13:49:34,S,1063.95,2,2
2021-06-17 13:49:34,S,1064.0,2,2
2021-06-17 13:49:34,S,1064.15,2,101
2021-06-17 13:49:34,S,1064.2,1,1
2021-06-17 13:49:34,S,1064.35,1,1
2021-06-17 13:49:34,B,1063.3,1,10
2021-06-17 13:49:34,B,1063.05,1,1
2021-06-17 13:49:34,B,1063.0,1,15
2021-06-17 13:49:34,B,1062.95,1,1
2021-06-17 13:49:34,B,1062.8,1,1
2021-06-17 13:49:36,S,1063.95,2,2
2021-06-17 13:49:36,S,1064.0,2,2
2021-06-17 13:49:36,S,1064.1,1,100
2021-06-17 13:49:36,S,1064.15,1,1
2021-06-17 13:49:36,S,1064.2,1,1
2021-06-17 13:49:36,B,1063.3,1,10
2021-06-17 13:49:36,B,1063.05,1,1
2021-06-17 13:49:36,B,1063.0,1,15
2021-06-17 13:49:36,B,1062.95,1,1
2021-06-17 13:49:36,B,1062.8,1,1
2021-06-17 13:49:40,S,1063.95,2,2
2021-06-17 13:49:40,S,1064.0,2,2
2021-06-17 13:49:40,S,1064.1,1,100
2021-06-17 13:49:40,S,1064.15,1,1
2021-06-17 13:49:40,S,1064.2,1,1
2021-06-17 13:49:40,B,1063.3,1,10
2021-06-17 13:49:40,B,1063.05,1,1
2021-06-17 13:49:40,B,1063.0,1,15
2021-06-17 13:49:40,B,1062.95,1,1
2021-06-17 13:49:40,B,1062.8,1,1
2021-06-17 13:49:43,S,1063.95,2,2
2021-06-17 13:49:43,S,1064.0,2,2
2021-06-17 13:49:43,S,1064.1,1,100
2021-06-17 13:49:43,S,1064.15,1,1
2021-06-17 13:49:43,S,1064.2,1,1
2021-06-17 13:49:43,B,1063.3,1,10
2021-06-17 13:49:43,B,1063.05,1,1
2021-06-17 13:49:43,B,1063.0,1,15
2021-06-17 13:49:43,B,1062.95,1,1
2021-06-17 13:49:43,B,1062.8,1,1
2021-06-17 13:49:51,S,1063.95,1,1
2021-06-17 13:49:51,S,1064.0,2,2
2021-06-17 13:49:51,S,1064.1,1,100
2021-06-17 13:49:51,S,1064.15,1,1
2021-06-17 13:49:51,S,1064.2,1,1
2021-06-17 13:49:51,B,1063.3,1,10
2021-06-17 13:49:51,B,1063.05,1,1
2021-06-17 13:49:51,B,1063.0,1,15
2021-06-17 13:49:51,B,1062.95,1,1
2021-06-17 13:49:51,B,1062.8,1,1
2021-06-17 13:49:55,S,1063.95,1,1
2021-06-17 13:49:55,S,1064.0,3,102
2021-06-17 13:49:55,S,1064.15,1,1
2021-06-17 13:49:55,S,1064.2,1,1
2021-06-17 13:49:55,S,1064.35,2,12
2021-06-17 13:49:55,B,1063.3,1,10
2021-06-17 13:49:55,B,1063.05,1,1
2021-06-17 13:49:55,B,1063.0,1,15
2021-06-17 13:49:55,B,1062.95,1,1
2021-06-17 13:49:55,B,1062.8,1,1
2021-06-17 13:49:58,S,1063.95,1,1
2021-06-17 13:49:58,S,1064.0,3,102
2021-06-17 13:49:58,S,1064.15,1,1
2021-06-17 13:49:58,S,1064.2,1,1
2021-06-17 13:49:58,S,1064.35,2,12
2021-06-17 13:49:58,B,1063.3,1,10
2021-06-17 13:49:58,B,1063.05,1,1
2021-06-17 13:49:58,B,1063.0,1,15
2021-06-17 13:49:58,B,1062.95,1,1
2021-06-17 13:49:58,B,1062.8,1,1
2021-06-17 13:50:03,S,1063.95,1,1
2021-06-17 13:50:03,S,1064.0,3,102
2021-06-17 13:50:03,S,1064.15,1,1
2021-06-17 13:50:03,S,1064.2,1,1
2021-06-17 13:50:03,S,1064.35,2,12
2021-06-17 13:50:03,B,1063.3,1,10
2021-06-17 13:50:03,B,1063.05,1,1
2021-06-17 13:50:03,B,1063.0,1,15
2021-06-17 13:50:03,B,1062.95,1,1
2021-06-17 13:50:03,B,1062.8,1,1
2021-06-17 13:50:08,S,1063.95,1,1
2021-06-17 13:50:08,S,1064.0,3,102
2021-06-17 13:50:08,S,1064.15,1,1
2021-06-17 13:50:08,S,1064.2,1,1
2021-06-17 13:50:08,S,1064.35,1,1
2021-06-17 13:50:08,B,1063.3,1,10
2021-06-17 13:50:08,B,1063.05,1,1
2021-06-17 13:50:08,B,1063.0,1,15
2021-06-17 13:50:08,B,1062.95,1,1
2021-06-17 13:50:08,B,1062.8,1,1
2021-06-17 13:50:15,S,1063.95,1,1
2021-06-17 13:50:15,S,1064.0,3,102
2021-06-17 13:50:15,S,1064.15,1,1
2021-06-17 13:50:15,S,1064.2,1,1
2021-06-17 13:50:15,S,1064.35,1,1
2021-06-17 13:50:15,B,1063.3,1,10
2021-06-17 13:50:15,B,1063.05,1,1
2021-06-17 13:50:15,B,1063.0,1,15
2021-06-17 13:50:15,B,1062.95,1,1
2021-06-17 13:50:15,B,1062.8,1,1
2021-06-17 13:50:19,S,1063.95,1,1
2021-06-17 13:50:19,S,1064.0,4,112
2021-06-17 13:50:19,S,1064.15,1,1
2021-06-17 13:50:19,S,1064.2,1,1
2021-06-17 13:50:19,S,1064.35,2,13
2021-06-17 13:50:19,B,1063.3,1,10
2021-06-17 13:50:19,B,1063.05,1,1
2021-06-17 13:50:19,B,1063.0,1,15
2021-06-17 13:50:19,B,1062.95,1,1
2021-06-17 13:50:19,B,1062.8,1,1
2021-06-17 13:50:33,S,1063.95,1,1
2021-06-17 13:50:33,S,1064.0,4,112
2021-06-17 13:50:33,S,1064.15,2,11
2021-06-17 13:50:33,S,1064.2,1,1
2021-06-17 13:50:33,S,1064.35,2,13
2021-06-17 13:50:33,B,1063.3,1,10
2021-06-17 13:50:33,B,1063.05,1,1
2021-06-17 13:50:33,B,1063.0,1,15
2021-06-17 13:50:33,B,1062.95,1,1
2021-06-17 13:50:33,B,1062.8,1,1
2021-06-17 13:50:41,S,1063.95,1,1
2021-06-17 13:50:41,S,1064.0,4,112
2021-06-17 13:50:41,S,1064.15,3,12
2021-06-17 13:50:41,S,1064.2,1,1
2021-06-17 13:50:41,S,1064.35,2,13
2021-06-17 13:50:41,B,1063.3,1,10
2021-06-17 13:50:41,B,1063.05,1,1
2021-06-17 13:50:41,B,1063.0,1,15
2021-06-17 13:50:41,B,1062.95,1,1
2021-06-17 13:50:41,B,1062.8,1,1
2021-06-17 13:51:06,S,1063.95,1,1
2021-06-17 13:51:06,S,1064.0,4,112
2021-06-17 13:51:06,S,1064.15,3,12
2021-06-17 13:51:06,S,1064.2,1,1
2021-06-17 13:51:06,S,1064.35,2,13
2021-06-17 13:51:06,B,1063.3,1,10
2021-06-17 13:51:06,B,1063.05,1,1
2021-06-17 13:51:06,B,1063.0,1,15
2021-06-17 13:51:06,B,1062.95,1,1
2021-06-17 13:51:06,B,1062.8,1,1
2021-06-17 13:51:07,S,1063.95,1,1
2021-06-17 13:51:07,S,1064.0,4,112
2021-06-17 13:51:07,S,1064.15,3,12
2021-06-17 13:51:07,S,1064.2,1,1
2021-06-17 13:51:07,S,1064.35,2,13
2021-06-17 13:51:07,B,1063.3,1,10
2021-06-17 13:51:07,B,1063.05,1,1
2021-06-17 13:51:07,B,1063.0,1,15
2021-06-17 13:51:07,B,1062.95,1,1
2021-06-17 13:51:07,B,1062.8,1,1
2021-06-17 13:51:08,S,1063.95,1,1
2021-06-17 13:51:08,S,1064.0,4,112
2021-06-17 13:51:08,S,1064.15,3,12
2021-06-17 13:51:08,S,1064.2,1,1
2021-06-17 13:51:08,S,1064.35,2,13
2021-06-17 13:51:08,B,1063.3,1,10
2021-06-17 13:51:08,B,1063.05,1,1
2021-06-17 13:51:08,B,1063.0,1,15
2021-06-17 13:51:08,B,1062.95,1,1
2021-06-17 13:51:08,B,1062.8,1,1
2021-06-17 13:51:12,S,1063.95,1,1
2021-06-17 13:51:12,S,1064.0,4,112
2021-06-17 13:51:12,S,1064.15,3,12
2021-06-17 13:51:12,S,1064.2,1,1
2021-06-17 13:51:12,S,1064.35,2,13
2021-06-17 13:51:12,B,1063.3,1,10
2021-06-17 13:51:12,B,1063.05,1,1
2021-06-17 13:51:12,B,1063.0,1,15
2021-06-17 13:51:12,B,1062.95,1,1
2021-06-17 13:51:12,B,1062.8,1,1
2021-06-17 13:51:13,S,1063.95,1,1
2021-06-17 13:51:13,S,1064.0,4,112
2021-06-17 13:51:13,S,1064.15,3,12
2021-06-17 13:51:13,S,1064.2,1,1
2021-06-17 13:51:13,S,1064.35,2,13
2021-06-17 13:51:13,B,1063.3,1,10
2021-06-17 13:51:13,B,1063.05,1,1
2021-06-17 13:51:13,B,1063.0,1,15
2021-06-17 13:51:13,B,1062.95,1,1
2021-06-17 13:51:13,B,1062.8,1,1
2021-06-17 13:51:16,S,1063.95,2,11
2021-06-17 13:51:16,S,1064.0,5,113
2021-06-17 13:51:16,S,1064.15,2,2
2021-06-17 13:51:16,S,1064.2,1,1
2021-06-17 13:51:16,S,1064.35,2,13
2021-06-17 13:51:16,B,1063.3,1,10
2021-06-17 13:51:16,B,1063.05,1,1
2021-06-17 13:51:16,B,1063.0,1,15
2021-06-17 13:51:16,B,1062.95,1,1
2021-06-17 13:51:16,B,1062.8,1,1
2021-06-17 13:51:21,S,1063.95,1,1
2021-06-17 13:51:21,S,1064.0,5,113
2021-06-17 13:51:21,S,1064.15,2,2
2021-06-17 13:51:21,S,1064.2,2,10
2021-06-17 13:51:21,S,1064.35,2,13
2021-06-17 13:51:21,B,1063.3,1,10
2021-06-17 13:51:21,B,1063.05,1,1
2021-06-17 13:51:21,B,1063.0,1,15
2021-06-17 13:51:21,B,1062.95,1,1
2021-06-17 13:51:21,B,1062.8,1,1
2021-06-17 13:51:27,S,1063.95,1,1
2021-06-17 13:51:27,S,1064.0,5,113
2021-06-17 13:51:27,S,1064.15,2,2
2021-06-17 13:51:27,S,1064.2,2,10
2021-06-17 13:51:27,S,1064.35,2,13
2021-06-17 13:51:27,B,1063.3,1,10
2021-06-17 13:51:27,B,1063.05,1,1
2021-06-17 13:51:27,B,1063.0,1,15
2021-06-17 13:51:27,B,1062.95,1,1
2021-06-17 13:51:27,B,1062.8,1,1
2021-06-17 13:51:28,S,1063.95,1,1
2021-06-17 13:51:28,S,1064.0,5,113
2021-06-17 13:51:28,S,1064.15,2,2
2021-06-17 13:51:28,S,1064.2,2,10
2021-06-17 13:51:28,S,1064.35,2,13
2021-06-17 13:51:28,B,1063.3,1,10
2021-06-17 13:51:28,B,1063.05,1,1
2021-06-17 13:51:28,B,1063.0,1,15
2021-06-17 13:51:28,B,1062.95,1,1
2021-06-17 13:51:28,B,1062.8,1,1
2021-06-17 13:51:31,S,1063.95,1,1
2021-06-17 13:51:31,S,1064.0,5,113
2021-06-17 13:51:31,S,1064.15,2,2
2021-06-17 13:51:31,S,1064.2,1,1
2021-06-17 13:51:31,S,1064.35,1,1
2021-06-17 13:51:31,B,1063.3,1,10
2021-06-17 13:51:31,B,1063.05,1,1
2021-06-17 13:51:31,B,1063.0,1,15
2021-06-17 13:51:31,B,1062.95,1,1
2021-06-17 13:51:31,B,1062.9,1,10
2021-06-17 13:51:33,S,1063.95,1,1
2021-06-17 13:51:33,S,1064.0,5,113
2021-06-17 13:51:33,S,1064.15,2,2
2021-06-17 13:51:33,S,1064.2,1,1
2021-06-17 13:51:33,S,1064.3,1,400
2021-06-17 13:51:33,B,1063.3,1,10
2021-06-17 13:51:33,B,1063.05,1,1
2021-06-17 13:51:33,B,1063.0,1,15
2021-06-17 13:51:33,B,1062.95,1,1
2021-06-17 13:51:33,B,1062.8,1,1
2021-06-17 13:51:46,S,1063.95,1,1
2021-06-17 13:51:46,S,1064.0,5,113
2021-06-17 13:51:46,S,1064.15,2,2
2021-06-17 13:51:46,S,1064.2,1,1
2021-06-17 13:51:46,S,1064.3,1,400
2021-06-17 13:51:46,B,1063.3,1,10
2021-06-17 13:51:46,B,1063.05,1,1
2021-06-17 13:51:46,B,1063.0,1,15
2021-06-17 13:51:46,B,1062.95,1,1
2021-06-17 13:51:46,B,1062.8,1,1
2021-06-17 13:51:46,S,1061.25,1,3
2021-06-17 13:51:46,S,1061.3,1,1
2021-06-17 13:51:46,S,1061.55,1,1
2021-06-17 13:51:46,S,1063.05,1,1
2021-06-17 13:51:46,S,1063.1,3,6
2021-06-17 13:51:46,B,1060.05,3,8
2021-06-17 13:51:46,B,1060.0,6,48
2021-06-17 13:51:46,B,1059.0,2,5
2021-06-17 13:51:46,B,1058.3,1,4
2021-06-17 13:51:46,B,1058.15,1,15
2021-06-17 13:51:47,S,1061.25,1,3
2021-06-17 13:51:47,S,1061.3,1,1
2021-06-17 13:51:47,S,1061.55,1,1
2021-06-17 13:51:47,S,1063.05,1,1
2021-06-17 13:51:47,S,1063.1,3,6
2021-06-17 13:51:47,B,1060.05,3,8
2021-06-17 13:51:47,B,1060.0,6,48
2021-06-17 13:51:47,B,1059.0,2,5
2021-06-17 13:51:47,B,1058.85,1,1
2021-06-17 13:51:47,B,1058.6,1,1
2021-06-17 13:51:51,S,1061.25,3,5
2021-06-17 13:51:51,S,1061.3,1,1
2021-06-17 13:51:51,S,1061.55,1,1
2021-06-17 13:51:51,S,1061.7,1,10
2021-06-17 13:51:51,S,1063.05,3,6
2021-06-17 13:51:51,B,1060.05,2,7
2021-06-17 13:51:51,B,1060.0,7,57
2021-06-17 13:51:51,B,1059.0,2,5
2021-06-17 13:51:51,B,1058.85,1,1
2021-06-17 13:51:51,B,1058.6,1,1
2021-06-17 13:51:52,S,1061.25,3,5
2021-06-17 13:51:52,S,1061.3,1,1
2021-06-17 13:51:52,S,1061.55,1,1
2021-06-17 13:51:52,S,1061.7,1,10
2021-06-17 13:51:52,S,1063.05,3,6
2021-06-17 13:51:52,B,1060.1,1,9
2021-06-17 13:51:52,B,1060.05,2,7
2021-06-17 13:51:52,B,1060.0,6,48
2021-06-17 13:51:52,B,1059.0,2,5
2021-06-17 13:51:52,B,1058.85,1,1
2021-06-17 13:51:57,S,1061.25,3,5
2021-06-17 13:51:57,S,1061.3,1,1
2021-06-17 13:51:57,S,1061.55,1,1
2021-06-17 13:51:57,S,1061.7,1,10
2021-06-17 13:51:57,S,1063.05,3,6
2021-06-17 13:51:57,B,1060.1,1,9
2021-06-17 13:51:57,B,1060.05,2,7
2021-06-17 13:51:57,B,1060.0,6,48
2021-06-17 13:51:57,B,1059.0,2,5
2021-06-17 13:51:57,B,1058.85,1,1
2021-06-17 13:52:45,S,1061.2,3,11
2021-06-17 13:52:45,S,1061.3,2,2
2021-06-17 13:52:45,S,1061.5,2,7
2021-06-17 13:52:45,S,1061.55,1,1
2021-06-17 13:52:45,S,1061.6,1,9
2021-06-17 13:52:45,B,1060.05,2,7
2021-06-17 13:52:45,B,1060.0,6,48
2021-06-17 13:52:45,B,1059.65,1,9
2021-06-17 13:52:45,B,1059.05,2,5
2021-06-17 13:52:45,B,1059.0,2,5
2021-06-17 13:52:48,S,1061.2,3,11
2021-06-17 13:52:48,S,1061.3,2,2
2021-06-17 13:52:48,S,1061.5,2,7
2021-06-17 13:52:48,S,1061.55,1,1
2021-06-17 13:52:48,S,1061.6,1,9
2021-06-17 13:52:48,B,1060.05,1,6
2021-06-17 13:52:48,B,1060.0,6,48
2021-06-17 13:52:48,B,1059.65,1,9
2021-06-17 13:52:48,B,1059.05,2,5
2021-06-17 13:52:48,B,1059.0,2,5
2021-06-17 13:52:49,S,1061.2,3,11
2021-06-17 13:52:49,S,1061.3,2,2
2021-06-17 13:52:49,S,1061.5,2,7
2021-06-17 13:52:49,S,1061.55,1,1
2021-06-17 13:52:49,S,1061.6,1,9
2021-06-17 13:52:49,B,1060.05,1,6
2021-06-17 13:52:49,B,1060.0,6,48
2021-06-17 13:52:49,B,1059.65,1,9
2021-06-17 13:52:49,B,1059.05,2,5
2021-06-17 13:52:49,B,1059.0,2,5
2021-06-17 13:53:12,S,1061.2,3,11
2021-06-17 13:53:12,S,1061.3,2,2
2021-06-17 13:53:12,S,1061.5,2,7
2021-06-17 13:53:12,S,1061.55,1,1
2021-06-17 13:53:12,S,1061.6,1,9
2021-06-17 13:53:12,B,1060.05,1,6
2021-06-17 13:53:12,B,1060.0,6,48
2021-06-17 13:53:12,B,1059.65,1,9
2021-06-17 13:53:12,B,1059.05,2,5
2021-06-17 13:53:12,B,1059.0,2,5
2021-06-17 13:53:12,S,1058.9,1,1
2021-06-17 13:53:12,S,1058.95,1,9
2021-06-17 13:53:12,S,1059.25,1,1
2021-06-17 13:53:12,S,1059.35,1,6
2021-06-17 13:53:12,S,1059.4,1,13
2021-06-17 13:53:12,B,1058.15,1,15
2021-06-17 13:53:12,B,1057.45,2,2
2021-06-17 13:53:12,B,1057.25,2,3
2021-06-17 13:53:12,B,1057.2,2,4
2021-06-17 13:53:12,B,1057.1,1,1
2021-06-17 13:53:13,S,1058.9,1,1
2021-06-17 13:53:13,S,1058.95,1,9
2021-06-17 13:53:13,S,1059.25,1,1
2021-06-17 13:53:13,S,1059.35,1,6
2021-06-17 13:53:13,S,1059.4,1,13
2021-06-17 13:53:13,B,1058.15,1,15
2021-06-17 13:53:13,B,1057.45,2,2
2021-06-17 13:53:13,B,1057.25,2,3
2021-06-17 13:53:13,B,1057.2,2,4
2021-06-17 13:53:13,B,1057.1,1,1
2021-06-17 13:53:13,S,1058.9,2,2
2021-06-17 13:53:13,S,1058.95,1,9
2021-06-17 13:53:13,S,1059.2,1,3
2021-06-17 13:53:13,S,1059.25,1,1
2021-06-17 13:53:13,S,1059.5,2,3
2021-06-17 13:53:13,B,1058.2,1,1
2021-06-17 13:53:13,B,1058.15,1,15
2021-06-17 13:53:13,B,1057.45,3,12
2021-06-17 13:53:13,B,1057.2,2,4
2021-06-17 13:53:13,B,1057.1,1,1
2021-06-17 13:53:15,S,1058.9,2,2
2021-06-17 13:53:15,S,1058.95,1,9
2021-06-17 13:53:15,S,1059.2,1,3
2021-06-17 13:53:15,S,1059.25,1,1
2021-06-17 13:53:15,S,1059.5,2,3
2021-06-17 13:53:15,B,1058.2,1,1
2021-06-17 13:53:15,B,1058.15,1,15
2021-06-17 13:53:15,B,1057.45,3,12
2021-06-17 13:53:15,B,1057.2,2,4
2021-06-17 13:53:15,B,1057.1,1,1
2021-06-17 13:53:25,S,1058.9,2,2
2021-06-17 13:53:25,S,1058.95,1,9
2021-06-17 13:53:25,S,1059.2,1,3
2021-06-17 13:53:25,S,1059.25,1,1
2021-06-17 13:53:25,S,1059.5,2,3
2021-06-17 13:53:25,B,1058.2,1,1
2021-06-17 13:53:25,B,1058.15,1,15
2021-06-17 13:53:25,B,1057.45,3,12
2021-06-17 13:53:25,B,1057.2,2,4
2021-06-17 13:53:25,B,1057.1,1,1
2021-06-17 13:53:30,S,1058.9,1,1
2021-06-17 13:53:30,S,1059.25,1,1
2021-06-17 13:53:30,S,1059.45,1,1
2021-06-17 13:53:30,S,1059.5,1,1
2021-06-17 13:53:30,S,1059.85,1,11
2021-06-17 13:53:30,B,1058.65,1,1
2021-06-17 13:53:30,B,1058.6,2,11
2021-06-17 13:53:30,B,1058.55,2,11
2021-06-17 13:53:30,B,1058.45,1,9
2021-06-17 13:53:30,B,1058.15,4,29
2021-06-17 13:53:31,S,1058.9,1,1
2021-06-17 13:53:31,S,1059.25,1,1
2021-06-17 13:53:31,S,1059.45,1,1
2021-06-17 13:53:31,S,1059.5,1,1
2021-06-17 13:53:31,S,1059.85,1,11
2021-06-17 13:53:31,B,1058.65,1,1
2021-06-17 13:53:31,B,1058.6,2,11
2021-06-17 13:53:31,B,1058.55,2,11
2021-06-17 13:53:31,B,1058.45,1,9
2021-06-17 13:53:31,B,1058.15,4,29
2021-06-17 13:53:31,S,1058.9,1,1
2021-06-17 13:53:31,S,1059.55,1,1
2021-06-17 13:53:31,S,1059.6,1,1
2021-06-17 13:53:31,S,1059.85,2,12
2021-06-17 13:53:31,S,1059.9,1,2
2021-06-17 13:53:31,B,1058.6,1,1
2021-06-17 13:53:31,B,1058.55,1,10
2021-06-17 13:53:31,B,1058.45,1,9
2021-06-17 13:53:31,B,1058.15,4,29
2021-06-17 13:53:31,B,1058.1,1,150
2021-06-17 13:53:33,S,1058.9,1,1
2021-06-17 13:53:33,S,1059.05,1,1
2021-06-17 13:53:33,S,1059.25,1,1
2021-06-17 13:53:33,S,1059.3,1,1
2021-06-17 13:53:33,S,1059.6,1,1
2021-06-17 13:53:33,B,1058.2,1,1
2021-06-17 13:53:33,B,1058.15,2,16
2021-06-17 13:53:33,B,1058.1,2,151
2021-06-17 13:53:33,B,1057.9,1,1
2021-06-17 13:53:33,B,1057.55,1,10
2021-06-17 13:53:34,S,1058.9,1,1
2021-06-17 13:53:34,S,1059.05,1,1
2021-06-17 13:53:34,S,1059.25,1,1
2021-06-17 13:53:34,S,1059.3,1,1
2021-06-17 13:53:34,S,1059.6,1,1
2021-06-17 13:53:34,B,1058.2,1,1
2021-06-17 13:53:34,B,1058.15,2,16
2021-06-17 13:53:34,B,1058.1,2,151
2021-06-17 13:53:34,B,1057.9,1,1
2021-06-17 13:53:34,B,1057.55,1,10
2021-06-17 13:53:35,S,1058.75,2,3
2021-06-17 13:53:35,S,1058.8,1,10
2021-06-17 13:53:35,S,1058.9,1,1
2021-06-17 13:53:35,S,1059.05,1,1
2021-06-17 13:53:35,S,1059.3,1,1
2021-06-17 13:53:35,B,1058.1,1,135
2021-06-17 13:53:35,B,1057.5,2,5
2021-06-17 13:53:35,B,1057.45,2,2
2021-06-17 13:53:35,B,1057.1,1,1
2021-06-17 13:53:35,B,1057.05,1,15
2021-06-17 13:53:40,S,1058.75,2,3
2021-06-17 13:53:40,S,1058.8,1,10
2021-06-17 13:53:40,S,1059.0,1,1
2021-06-17 13:53:40,S,1059.05,1,1
2021-06-17 13:53:40,S,1059.3,1,1
2021-06-17 13:53:40,B,1058.1,1,135
2021-06-17 13:53:40,B,1057.5,2,5
2021-06-17 13:53:40,B,1057.45,3,12
2021-06-17 13:53:40,B,1057.1,1,1
2021-06-17 13:53:40,B,1057.05,1,15
2021-06-17 13:53:43,S,1058.75,2,3
2021-06-17 13:53:43,S,1058.8,1,10
2021-06-17 13:53:43,S,1059.0,1,1
2021-06-17 13:53:43,S,1059.05,1,1
2021-06-17 13:53:43,S,1059.3,1,1
2021-06-17 13:53:43,B,1058.1,1,135
2021-06-17 13:53:43,B,1057.5,2,5
2021-06-17 13:53:43,B,1057.45,3,11
2021-06-17 13:53:43,B,1057.1,1,1
2021-06-17 13:53:43,B,1057.05,1,15
2021-06-17 13:53:46,S,1058.75,2,3
2021-06-17 13:53:46,S,1059.55,1,1
2021-06-17 13:53:46,S,1059.6,1,1
2021-06-17 13:53:46,S,1059.8,2,4
2021-06-17 13:53:46,S,1059.85,2,12
2021-06-17 13:53:46,B,1058.1,1,135
2021-06-17 13:53:46,B,1057.5,3,15
2021-06-17 13:53:46,B,1057.45,2,2
2021-06-17 13:53:46,B,1057.1,1,1
2021-06-17 13:53:46,B,1057.05,1,15
2021-06-17 13:53:52,S,1058.75,3,4
2021-06-17 13:53:52,S,1058.95,1,1
2021-06-17 13:53:52,S,1059.0,1,1
2021-06-17 13:53:52,S,1059.15,1,9
2021-06-17 13:53:52,S,1059.6,1,1
2021-06-17 13:53:52,B,1058.1,1,135
2021-06-17 13:53:52,B,1057.5,3,15
2021-06-17 13:53:52,B,1057.45,2,2
2021-06-17 13:53:52,B,1057.1,1,1
2021-06-17 13:53:52,B,1057.05,1,15
2021-06-17 13:53:54,S,1058.75,3,4
2021-06-17 13:53:54,S,1058.95,1,1
2021-06-17 13:53:54,S,1059.0,1,1
2021-06-17 13:53:54,S,1059.15,1,9
2021-06-17 13:53:54,S,1059.6,1,1
2021-06-17 13:53:54,B,1058.1,1,135
2021-06-17 13:53:54,B,1057.5,3,15
2021-06-17 13:53:54,B,1057.45,2,2
2021-06-17 13:53:54,B,1057.1,1,1
2021-06-17 13:53:54,B,1057.05,1,15
2021-06-17 13:53:55,S,1058.75,3,4
2021-06-17 13:53:55,S,1058.95,1,1
2021-06-17 13:53:55,S,1059.0,1,1
2021-06-17 13:53:55,S,1059.15,1,9
2021-06-17 13:53:55,S,1059.6,1,1
2021-06-17 13:53:55,B,1058.1,1,135
2021-06-17 13:53:55,B,1057.5,3,15
2021-06-17 13:53:55,B,1057.45,2,2
2021-06-17 13:53:55,B,1057.1,1,1
2021-06-17 13:53:55,B,1057.05,1,15
2021-06-17 13:53:57,S,1058.65,3,28
2021-06-17 13:53:57,S,1058.7,1,1
2021-06-17 13:53:57,S,1058.75,1,1
2021-06-17 13:53:57,S,1059.0,1,1
2021-06-17 13:53:57,S,1059.15,1,9
2021-06-17 13:53:57,B,1058.1,1,135
2021-06-17 13:53:57,B,1057.5,2,11
2021-06-17 13:53:57,B,1057.45,2,2
2021-06-17 13:53:57,B,1057.15,1,4
2021-06-17 13:53:57,B,1057.1,1,1
2021-06-17 13:53:58,S,1058.65,3,28
2021-06-17 13:53:58,S,1058.7,1,1
2021-06-17 13:53:58,S,1058.75,1,1
2021-06-17 13:53:58,S,1059.0,1,1
2021-06-17 13:53:58,S,1059.15,1,9
2021-06-17 13:53:58,B,1058.1,1,135
2021-06-17 13:53:58,B,1057.45,2,2
2021-06-17 13:53:58,B,1057.3,1,9
2021-06-17 13:53:58,B,1057.15,1,4
2021-06-17 13:53:58,B,1057.1,1,1
2021-06-17 13:53:59,S,1058.65,3,28
2021-06-17 13:53:59,S,1058.7,1,1
2021-06-17 13:53:59,S,1058.75,1,1
2021-06-17 13:53:59,S,1059.0,1,1
2021-06-17 13:53:59,S,1059.15,1,9
2021-06-17 13:53:59,B,1058.1,1,135
2021-06-17 13:53:59,B,1057.45,2,2
2021-06-17 13:53:59,B,1057.15,2,5
2021-06-17 13:53:59,B,1057.1,1,1
2021-06-17 13:53:59,B,1057.05,1,15
2021-06-17 13:54:01,S,1058.65,3,28
2021-06-17 13:54:01,S,1058.7,1,1
2021-06-17 13:54:01,S,1058.75,1,1
2021-06-17 13:54:01,S,1059.0,1,1
2021-06-17 13:54:01,S,1059.15,1,9
2021-06-17 13:54:01,B,1058.1,1,135
2021-06-17 13:54:01,B,1057.45,2,2
2021-06-17 13:54:01,B,1057.4,2,10
2021-06-17 13:54:01,B,1057.15,2,5
2021-06-17 13:54:01,B,1057.1,1,1
2021-06-17 13:54:06,S,1058.65,3,28
2021-06-17 13:54:06,S,1058.7,1,1
2021-06-17 13:54:06,S,1058.75,1,1
2021-06-17 13:54:06,S,1059.0,1,1
2021-06-17 13:54:06,S,1059.15,1,9
2021-06-17 13:54:06,B,1058.1,1,135
2021-06-17 13:54:06,B,1057.45,2,2
2021-06-17 13:54:06,B,1057.4,2,10
2021-06-17 13:54:06,B,1057.15,2,5
2021-06-17 13:54:06,B,1057.1,1,1
2021-06-17 13:54:19,S,1058.65,3,28
2021-06-17 13:54:19,S,1058.7,1,1
2021-06-17 13:54:19,S,1058.75,1,1
2021-06-17 13:54:19,S,1059.0,1,1
2021-06-17 13:54:19,S,1059.15,1,9
2021-06-17 13:54:19,B,1058.1,1,135
2021-06-17 13:54:19,B,1057.45,2,2
2021-06-17 13:54:19,B,1057.4,2,10
2021-06-17 13:54:19,B,1057.15,2,5
2021-06-17 13:54:19,B,1057.1,1,1
2021-06-17 13:54:21,S,1058.65,3,28
2021-06-17 13:54:21,S,1058.7,1,1
2021-06-17 13:54:21,S,1058.75,1,1
2021-06-17 13:54:21,S,1059.0,1,1
2021-06-17 13:54:21,S,1059.15,1,9
2021-06-17 13:54:21,B,1058.1,1,135
2021-06-17 13:54:21,B,1057.45,2,2
2021-06-17 13:54:21,B,1057.4,2,10
2021-06-17 13:54:21,B,1057.15,2,5
2021-06-17 13:54:21,B,1057.1,1,1
2021-06-17 13:54:22,S,1058.65,3,23
2021-06-17 13:54:22,S,1058.7,1,1
2021-06-17 13:54:22,S,1058.75,1,1
2021-06-17 13:54:22,S,1059.0,1,1
2021-06-17 13:54:22,S,1059.15,1,9
2021-06-17 13:54:22,B,1058.1,1,135
2021-06-17 13:54:22,B,1057.45,2,2
2021-06-17 13:54:22,B,1057.4,2,10
2021-06-17 13:54:22,B,1057.15,2,5
2021-06-17 13:54:22,B,1057.1,1,1
2021-06-17 13:54:42,S,1058.65,3,23
2021-06-17 13:54:42,S,1058.7,1,1
2021-06-17 13:54:42,S,1058.75,1,1
2021-06-17 13:54:42,S,1059.0,1,1
2021-06-17 13:54:42,S,1059.15,1,9
2021-06-17 13:54:42,B,1058.1,1,135
2021-06-17 13:54:42,B,1057.65,1,1
2021-06-17 13:54:42,B,1057.5,2,5
2021-06-17 13:54:42,B,1057.45,2,2
2021-06-17 13:54:42,B,1057.4,2,10
2021-06-17 13:54:53,S,1058.65,3,23
2021-06-17 13:54:53,S,1058.75,1,1
2021-06-17 13:54:53,S,1058.95,1,1
2021-06-17 13:54:53,S,1059.0,1,1
2021-06-17 13:54:53,S,1059.3,1,9
2021-06-17 13:54:53,B,1058.1,1,135
2021-06-17 13:54:53,B,1058.0,1,2
2021-06-17 13:54:53,B,1057.65,2,2
2021-06-17 13:54:53,B,1057.5,2,5
2021-06-17 13:54:53,B,1057.45,2,2
2021-06-17 13:54:54,S,1058.65,3,23
2021-06-17 13:54:54,S,1058.75,1,1
2021-06-17 13:54:54,S,1058.95,1,1
2021-06-17 13:54:54,S,1059.0,1,1
2021-06-17 13:54:54,S,1059.3,1,9
2021-06-17 13:54:54,B,1058.1,1,135
2021-06-17 13:54:54,B,1058.0,1,2
2021-06-17 13:54:54,B,1057.65,2,2
2021-06-17 13:54:54,B,1057.5,2,5
2021-06-17 13:54:54,B,1057.45,2,2
2021-06-17 13:54:55,S,1058.65,3,22
2021-06-17 13:54:55,S,1058.75,1,1
2021-06-17 13:54:55,S,1058.95,1,1
2021-06-17 13:54:55,S,1059.0,1,1
2021-06-17 13:54:55,S,1059.3,1,9
2021-06-17 13:54:55,B,1058.1,1,135
2021-06-17 13:54:55,B,1058.0,1,2
2021-06-17 13:54:55,B,1057.65,2,2
2021-06-17 13:54:55,B,1057.55,1,11
2021-06-17 13:54:55,B,1057.5,2,5
2021-06-17 13:54:57,S,1058.65,3,18
2021-06-17 13:54:57,S,1058.75,1,1
2021-06-17 13:54:57,S,1058.95,1,1
2021-06-17 13:54:57,S,1059.0,1,1
2021-06-17 13:54:57,S,1059.3,1,9
2021-06-17 13:54:57,B,1058.1,1,135
2021-06-17 13:54:57,B,1058.0,1,2
2021-06-17 13:54:57,B,1057.65,1,1
2021-06-17 13:54:57,B,1057.5,2,5
2021-06-17 13:54:57,B,1057.45,2,2
2021-06-17 13:55:00,S,1058.65,4,19
2021-06-17 13:55:00,S,1058.75,1,1
2021-06-17 13:55:00,S,1058.95,1,1
2021-06-17 13:55:00,S,1059.0,1,1
2021-06-17 13:55:00,S,1059.3,1,9
2021-06-17 13:55:00,B,1058.1,1,135
2021-06-17 13:55:00,B,1058.0,1,2
2021-06-17 13:55:00,B,1057.65,2,2
2021-06-17 13:55:00,B,1057.5,2,5
2021-06-17 13:55:00,B,1057.45,2,2
2021-06-17 13:55:02,S,1058.65,4,19
2021-06-17 13:55:02,S,1058.75,1,1
2021-06-17 13:55:02,S,1058.95,1,1
2021-06-17 13:55:02,S,1059.0,1,1
2021-06-17 13:55:02,S,1059.3,1,9
2021-06-17 13:55:02,B,1058.1,1,135
2021-06-17 13:55:02,B,1058.0,1,2
2021-06-17 13:55:02,B,1057.65,2,2
2021-06-17 13:55:02,B,1057.5,2,5
2021-06-17 13:55:02,B,1057.45,2,2
2021-06-17 13:55:06,S,1058.65,4,19
2021-06-17 13:55:06,S,1058.75,1,1
2021-06-17 13:55:06,S,1058.95,1,1
2021-06-17 13:55:06,S,1059.0,1,1
2021-06-17 13:55:06,S,1059.3,1,9
2021-06-17 13:55:06,B,1058.1,1,135
2021-06-17 13:55:06,B,1058.0,1,2
2021-06-17 13:55:06,B,1057.65,2,2
2021-06-17 13:55:06,B,1057.5,2,5
2021-06-17 13:55:06,B,1057.45,2,2
2021-06-17 13:55:09,S,1058.65,4,19
2021-06-17 13:55:09,S,1058.75,1,1
2021-06-17 13:55:09,S,1058.95,1,1
2021-06-17 13:55:09,S,1059.0,1,1
2021-06-17 13:55:09,S,1059.3,1,9
2021-06-17 13:55:09,B,1058.1,1,135
2021-06-17 13:55:09,B,1058.0,1,2
2021-06-17 13:55:09,B,1057.65,2,2
2021-06-17 13:55:09,B,1057.5,2,5
2021-06-17 13:55:09,B,1057.45,2,2
2021-06-17 13:55:10,S,1058.95,1,2
2021-06-17 13:55:10,S,1059.0,1,1
2021-06-17 13:55:10,S,1059.1,1,2
2021-06-17 13:55:10,S,1059.55,1,1
2021-06-17 13:55:10,S,1059.6,1,1
2021-06-17 13:55:10,B,1058.7,1,28
2021-06-17 13:55:10,B,1058.65,1,7
2021-06-17 13:55:10,B,1058.15,1,10
2021-06-17 13:55:10,B,1058.1,1,135
2021-06-17 13:55:10,B,1058.0,1,2
2021-06-17 13:55:15,S,1058.95,1,2
2021-06-17 13:55:15,S,1059.55,1,1
2021-06-17 13:55:15,S,1059.6,1,1
2021-06-17 13:55:15,S,1059.65,1,2
2021-06-17 13:55:15,S,1059.8,2,4
2021-06-17 13:55:15,B,1058.65,1,7
2021-06-17 13:55:15,B,1058.15,2,21
2021-06-17 13:55:15,B,1058.1,1,135
2021-06-17 13:55:15,B,1058.0,2,3
2021-06-17 13:55:15,B,1057.9,1,4
2021-06-17 13:55:21,S,1058.95,1,2
2021-06-17 13:55:21,S,1059.55,1,1
2021-06-17 13:55:21,S,1059.6,1,1
2021-06-17 13:55:21,S,1059.65,1,2
2021-06-17 13:55:21,S,1059.85,4,16
2021-06-17 13:55:21,B,1058.65,1,7
2021-06-17 13:55:21,B,1058.3,1,1
2021-06-17 13:55:21,B,1058.15,1,10
2021-06-17 13:55:21,B,1058.1,2,136
2021-06-17 13:55:21,B,1058.0,2,3
2021-06-17 13:55:22,S,1058.95,1,2
2021-06-17 13:55:22,S,1059.55,1,1
2021-06-17 13:55:22,S,1059.6,1,1
2021-06-17 13:55:22,S,1059.65,1,2
2021-06-17 13:55:22,S,1059.85,4,16
2021-06-17 13:55:22,B,1058.65,1,7
2021-06-17 13:55:22,B,1058.3,1,1
2021-06-17 13:55:22,B,1058.15,1,10
2021-06-17 13:55:22,B,1058.1,2,136
2021-06-17 13:55:22,B,1058.0,2,3
2021-06-17 13:55:22,S,1058.95,1,2
2021-06-17 13:55:22,S,1059.55,1,1
2021-06-17 13:55:22,S,1059.6,1,1
2021-06-17 13:55:22,S,1059.65,1,2
2021-06-17 13:55:22,S,1059.85,2,12
2021-06-17 13:55:22,B,1058.65,1,7
2021-06-17 13:55:22,B,1058.3,1,1
2021-06-17 13:55:22,B,1058.15,1,10
2021-06-17 13:55:22,B,1058.1,2,136
2021-06-17 13:55:22,B,1058.0,2,3
2021-06-17 13:55:27,S,1058.95,1,2
2021-06-17 13:55:27,S,1059.55,1,1
2021-06-17 13:55:27,S,1059.6,1,1
2021-06-17 13:55:27,S,1059.65,1,2
2021-06-17 13:55:27,S,1059.85,2,12
2021-06-17 13:55:27,B,1058.65,1,7
2021-06-17 13:55:27,B,1058.3,1,1
2021-06-17 13:55:27,B,1058.15,1,10
2021-06-17 13:55:27,B,1058.1,2,136
2021-06-17 13:55:27,B,1058.0,2,3
2021-06-17 13:55:31,S,1058.95,1,2
2021-06-17 13:55:31,S,1059.55,1,1
2021-06-17 13:55:31,S,1059.6,1,1
2021-06-17 13:55:31,S,1059.65,1,2
2021-06-17 13:55:31,S,1059.85,2,12
2021-06-17 13:55:31,B,1058.65,1,7
2021-06-17 13:55:31,B,1058.3,1,1
2021-06-17 13:55:31,B,1058.15,1,10
2021-06-17 13:55:31,B,1058.1,2,136
2021-06-17 13:55:31,B,1058.0,2,3
2021-06-17 13:55:36,S,1058.95,1,2
2021-06-17 13:55:36,S,1059.55,1,1
2021-06-17 13:55:36,S,1059.6,1,1
2021-06-17 13:55:36,S,1059.65,1,2
2021-06-17 13:55:36,S,1059.85,2,12
2021-06-17 13:55:36,B,1058.65,1,7
2021-06-17 13:55:36,B,1058.3,1,1
2021-06-17 13:55:36,B,1058.15,1,10
2021-06-17 13:55:36,B,1058.1,2,136
2021-06-17 13:55:36,B,1058.0,2,3
2021-06-17 13:55:36,S,1059.5,1,1
2021-06-17 13:55:36,S,1059.85,1,1
2021-06-17 13:55:36,S,1059.9,1,9
2021-06-17 13:55:36,S,1060.0,2,4
2021-06-17 13:55:36,S,1060.05,1,63
2021-06-17 13:55:36,B,1058.95,1,3
2021-06-17 13:55:36,B,1058.7,1,9
2021-06-17 13:55:36,B,1058.65,1,7
2021-06-17 13:55:36,B,1058.3,1,1
2021-06-17 13:55:36,B,1058.2,1,7
2021-06-17 13:55:37,S,1059.5,1,1
2021-06-17 13:55:37,S,1059.85,1,1
2021-06-17 13:55:37,S,1059.9,1,9
2021-06-17 13:55:37,S,1060.0,2,4
2021-06-17 13:55:37,S,1060.05,1,63
2021-06-17 13:55:37,B,1058.95,1,3
2021-06-17 13:55:37,B,1058.7,1,9
2021-06-17 13:55:37,B,1058.65,1,7
2021-06-17 13:55:37,B,1058.3,1,1
2021-06-17 13:55:37,B,1058.2,1,7
2021-06-17 13:55:38,S,1059.5,1,1
2021-06-17 13:55:38,S,1059.85,1,1
2021-06-17 13:55:38,S,1059.9,1,9
2021-06-17 13:55:38,S,1060.0,2,4
2021-06-17 13:55:38,S,1060.05,1,63
2021-06-17 13:55:38,B,1058.95,1,3
2021-06-17 13:55:38,B,1058.7,1,9
2021-06-17 13:55:38,B,1058.65,1,7
2021-06-17 13:55:38,B,1058.3,1,1
2021-06-17 13:55:38,B,1058.2,1,7
2021-06-17 13:55:44,S,1059.5,1,1
2021-06-17 13:55:44,S,1059.85,1,1
2021-06-17 13:55:44,S,1059.9,1,9
2021-06-17 13:55:44,S,1060.0,2,4
2021-06-17 13:55:44,S,1060.05,1,63
2021-06-17 13:55:44,B,1058.95,1,3
2021-06-17 13:55:44,B,1058.7,1,9
2021-06-17 13:55:44,B,1058.65,1,7
2021-06-17 13:55:44,B,1058.3,1,1
2021-06-17 13:55:44,B,1058.2,1,7
2021-06-17 13:55:56,S,1059.5,1,1
2021-06-17 13:55:56,S,1059.85,1,1
2021-06-17 13:55:56,S,1059.9,1,9
2021-06-17 13:55:56,S,1060.0,2,4
2021-06-17 13:55:56,S,1060.05,1,63
2021-06-17 13:55:56,B,1058.95,1,3
2021-06-17 13:55:56,B,1058.7,1,9
2021-06-17 13:55:56,B,1058.65,1,7
2021-06-17 13:55:56,B,1058.3,1,1
2021-06-17 13:55:56,B,1058.2,1,7
2021-06-17 13:56:01,S,1059.35,3,12
2021-06-17 13:56:01,S,1059.45,1,2
2021-06-17 13:56:01,S,1059.65,1,4
2021-06-17 13:56:01,S,1059.7,1,2
2021-06-17 13:56:01,S,1059.85,2,17
2021-06-17 13:56:01,B,1058.15,1,7
2021-06-17 13:56:01,B,1058.1,1,131
2021-06-17 13:56:01,B,1058.0,2,3
2021-06-17 13:56:01,B,1057.65,2,2
2021-06-17 13:56:01,B,1057.5,1,4
2021-06-17 13:56:06,S,1059.35,3,12
2021-06-17 13:56:06,S,1059.45,1,2
2021-06-17 13:56:06,S,1059.65,1,4
2021-06-17 13:56:06,S,1059.7,1,2
2021-06-17 13:56:06,S,1059.85,1,11
2021-06-17 13:56:06,B,1058.15,1,7
2021-06-17 13:56:06,B,1058.1,2,156
2021-06-17 13:56:06,B,1058.0,3,4
2021-06-17 13:56:06,B,1057.75,1,1
2021-06-17 13:56:06,B,1057.65,2,2
2021-06-17 13:56:15,S,1059.35,3,12
2021-06-17 13:56:15,S,1059.45,1,2
2021-06-17 13:56:15,S,1059.65,1,4
2021-06-17 13:56:15,S,1059.7,1,2
2021-06-17 13:56:15,S,1059.85,1,11
2021-06-17 13:56:15,B,1058.15,1,7
2021-06-17 13:56:15,B,1058.1,3,160
2021-06-17 13:56:15,B,1058.0,3,4
2021-06-17 13:56:15,B,1057.8,1,4
2021-06-17 13:56:15,B,1057.75,1,1
2021-06-17 13:56:17,S,1059.35,2,2
2021-06-17 13:56:17,S,1059.45,1,2
2021-06-17 13:56:17,S,1059.55,1,10
2021-06-17 13:56:17,S,1059.65,1,4
2021-06-17 13:56:17,S,1059.7,1,2
2021-06-17 13:56:17,B,1058.15,1,7
2021-06-17 13:56:17,B,1058.1,3,160
2021-06-17 13:56:17,B,1058.05,1,10
2021-06-17 13:56:17,B,1058.0,3,4
2021-06-17 13:56:17,B,1057.8,1,4
2021-06-17 13:56:25,S,1059.35,2,2
2021-06-17 13:56:25,S,1059.45,1,2
2021-06-17 13:56:25,S,1059.55,1,10
2021-06-17 13:56:25,S,1059.65,1,4
2021-06-17 13:56:25,S,1059.7,1,2
2021-06-17 13:56:25,B,1058.15,1,7
2021-06-17 13:56:25,B,1058.1,4,163
2021-06-17 13:56:25,B,1058.05,1,10
2021-06-17 13:56:25,B,1058.0,3,4
2021-06-17 13:56:25,B,1057.8,1,4
2021-06-17 13:56:26,S,1059.35,2,2
2021-06-17 13:56:26,S,1059.45,1,2
2021-06-17 13:56:26,S,1059.6,1,1
2021-06-17 13:56:26,S,1059.65,1,4
2021-06-17 13:56:26,S,1059.7,2,11
2021-06-17 13:56:26,B,1058.2,1,9
2021-06-17 13:56:26,B,1058.15,1,7
2021-06-17 13:56:26,B,1058.1,4,162
2021-06-17 13:56:26,B,1058.0,3,4
2021-06-17 13:56:26,B,1057.8,1,4
2021-06-17 13:56:28,S,1059.35,2,2
2021-06-17 13:56:28,S,1059.45,1,2
2021-06-17 13:56:28,S,1059.6,1,1
2021-06-17 13:56:28,S,1059.65,1,4
2021-06-17 13:56:28,S,1059.7,2,11
2021-06-17 13:56:28,B,1058.2,1,9
2021-06-17 13:56:28,B,1058.15,1,7
2021-06-17 13:56:28,B,1058.1,4,162
2021-06-17 13:56:28,B,1058.0,3,4
2021-06-17 13:56:28,B,1057.8,1,4
2021-06-17 13:56:28,S,1059.3,2,2
2021-06-17 13:56:28,S,1059.6,1,1
2021-06-17 13:56:28,S,1059.65,1,7
2021-06-17 13:56:28,S,1059.8,1,1
2021-06-17 13:56:28,S,1059.85,2,16
2021-06-17 13:56:28,B,1058.2,1,9
2021-06-17 13:56:28,B,1058.15,2,16
2021-06-17 13:56:28,B,1058.1,4,162
2021-06-17 13:56:28,B,1058.05,1,4
2021-06-17 13:56:28,B,1058.0,3,4
2021-06-17 13:56:31,S,1059.3,2,2
2021-06-17 13:56:31,S,1059.55,1,2
2021-06-17 13:56:31,S,1059.6,1,1
2021-06-17 13:56:31,S,1059.65,1,7
2021-06-17 13:56:31,S,1059.8,2,3
2021-06-17 13:56:31,B,1058.2,1,9
2021-06-17 13:56:31,B,1058.15,2,16
2021-06-17 13:56:31,B,1058.1,4,162
2021-06-17 13:56:31,B,1058.05,1,4
2021-06-17 13:56:31,B,1058.0,3,4
2021-06-17 13:56:33,S,1059.3,3,3
2021-06-17 13:56:33,S,1059.55,1,2
2021-06-17 13:56:33,S,1059.6,1,1
2021-06-17 13:56:33,S,1059.65,1,7
2021-06-17 13:56:33,S,1059.8,2,3
2021-06-17 13:56:33,B,1058.2,1,9
2021-06-17 13:56:33,B,1058.15,2,16
2021-06-17 13:56:33,B,1058.1,4,162
2021-06-17 13:56:33,B,1058.05,1,4
2021-06-17 13:56:33,B,1058.0,3,4
2021-06-17 13:56:35,S,1059.3,3,3
2021-06-17 13:56:35,S,1059.55,1,2
2021-06-17 13:56:35,S,1059.6,1,1
2021-06-17 13:56:35,S,1059.65,1,7
2021-06-17 13:56:35,S,1059.8,2,3
2021-06-17 13:56:35,B,1058.2,1,9
2021-06-17 13:56:35,B,1058.15,2,16
2021-06-17 13:56:35,B,1058.1,4,162
2021-06-17 13:56:35,B,1058.05,1,4
2021-06-17 13:56:35,B,1058.0,3,4
2021-06-17 13:56:36,S,1059.25,2,2
2021-06-17 13:56:36,S,1059.3,1,1
2021-06-17 13:56:36,S,1059.55,1,2
2021-06-17 13:56:36,S,1059.6,1,1
2021-06-17 13:56:36,S,1059.65,1,7
2021-06-17 13:56:36,B,1058.25,1,1
2021-06-17 13:56:36,B,1058.2,1,9
2021-06-17 13:56:36,B,1058.15,1,7
2021-06-17 13:56:36,B,1058.1,4,162
2021-06-17 13:56:36,B,1058.0,3,4
2021-06-17 13:56:43,S,1059.25,3,3
2021-06-17 13:56:43,S,1059.55,1,2
2021-06-17 13:56:43,S,1059.6,1,1
2021-06-17 13:56:43,S,1059.65,1,7
2021-06-17 13:56:43,S,1059.8,2,3
2021-06-17 13:56:43,B,1058.25,1,1
2021-06-17 13:56:43,B,1058.2,1,9
2021-06-17 13:56:43,B,1058.15,1,7
2021-06-17 13:56:43,B,1058.1,4,162
2021-06-17 13:56:43,B,1058.0,3,4
2021-06-17 13:56:51,S,1059.25,3,3
2021-06-17 13:56:51,S,1059.55,1,2
2021-06-17 13:56:51,S,1059.6,1,1
2021-06-17 13:56:51,S,1059.65,1,7
2021-06-17 13:56:51,S,1059.8,2,3
2021-06-17 13:56:51,B,1058.25,1,1
2021-06-17 13:56:51,B,1058.2,1,9
2021-06-17 13:56:51,B,1058.15,1,7
2021-06-17 13:56:51,B,1058.1,4,162
2021-06-17 13:56:51,B,1058.0,3,4
2021-06-17 13:56:52,S,1059.25,2,2
2021-06-17 13:56:52,S,1059.55,1,2
2021-06-17 13:56:52,S,1059.6,1,1
2021-06-17 13:56:52,S,1059.65,1,7
2021-06-17 13:56:52,S,1059.8,2,3
2021-06-17 13:56:52,B,1058.25,1,1
2021-06-17 13:56:52,B,1058.2,1,9
2021-06-17 13:56:52,B,1058.15,1,7
2021-06-17 13:56:52,B,1058.1,4,162
2021-06-17 13:56:52,B,1058.0,3,4
2021-06-17 13:56:56,S,1059.25,2,2
2021-06-17 13:56:56,S,1059.65,1,7
2021-06-17 13:56:56,S,1059.8,1,1
2021-06-17 13:56:56,S,1059.85,1,7
2021-06-17 13:56:56,S,1059.9,1,9
2021-06-17 13:56:56,B,1059.05,1,1
2021-06-17 13:56:56,B,1059.0,1,25
2021-06-17 13:56:56,B,1058.75,1,12
2021-06-17 13:56:56,B,1058.45,1,9
2021-06-17 13:56:56,B,1058.2,1,9
2021-06-17 13:56:57,S,1059.25,1,1
2021-06-17 13:56:57,S,1059.65,1,7
2021-06-17 13:56:57,S,1059.8,1,1
2021-06-17 13:56:57,S,1059.85,1,7
2021-06-17 13:56:57,S,1059.9,1,9
2021-06-17 13:56:57,B,1059.05,1,1
2021-06-17 13:56:57,B,1059.0,1,25
2021-06-17 13:56:57,B,1058.75,2,21
2021-06-17 13:56:57,B,1058.55,1,1
2021-06-17 13:56:57,B,1058.45,1,9
2021-06-17 13:57:00,S,1059.25,2,2
2021-06-17 13:57:00,S,1059.8,1,1
2021-06-17 13:57:00,S,1059.85,1,7
2021-06-17 13:57:00,S,1059.9,1,9
2021-06-17 13:57:00,S,1060.05,1,63
2021-06-17 13:57:00,B,1059.05,1,1
2021-06-17 13:57:00,B,1059.0,1,25
2021-06-17 13:57:00,B,1058.75,2,21
2021-06-17 13:57:00,B,1058.55,1,1
2021-06-17 13:57:00,B,1058.45,1,9
2021-06-17 13:57:04,S,1059.25,2,2
2021-06-17 13:57:04,S,1059.8,1,1
2021-06-17 13:57:04,S,1059.85,1,7
2021-06-17 13:57:04,S,1059.9,1,9
2021-06-17 13:57:04,S,1060.05,3,67
2021-06-17 13:57:04,B,1059.05,1,1
2021-06-17 13:57:04,B,1059.0,1,25
2021-06-17 13:57:04,B,1058.55,2,2
2021-06-17 13:57:04,B,1058.5,1,10
2021-06-17 13:57:04,B,1058.3,2,5
2021-06-17 13:57:07,S,1059.25,1,1
2021-06-17 13:57:07,S,1059.8,1,1
2021-06-17 13:57:07,S,1059.85,1,7
2021-06-17 13:57:07,S,1059.9,1,9
2021-06-17 13:57:07,S,1060.05,1,63
2021-06-17 13:57:07,B,1059.05,1,1
2021-06-17 13:57:07,B,1059.0,1,25
2021-06-17 13:57:07,B,1058.55,2,2
2021-06-17 13:57:07,B,1058.5,1,10
2021-06-17 13:57:07,B,1058.3,2,5
2021-06-17 13:57:24,S,1059.25,2,2
2021-06-17 13:57:24,S,1059.8,1,1
2021-06-17 13:57:24,S,1059.85,1,7
2021-06-17 13:57:24,S,1059.9,1,9
2021-06-17 13:57:24,S,1060.05,1,63
2021-06-17 13:57:24,B,1059.05,1,1
2021-06-17 13:57:24,B,1059.0,1,25
2021-06-17 13:57:24,B,1058.55,1,1
2021-06-17 13:57:24,B,1058.5,1,10
2021-06-17 13:57:24,B,1058.3,2,5
2021-06-17 13:57:26,S,1059.25,2,2
2021-06-17 13:57:26,S,1059.8,1,1
2021-06-17 13:57:26,S,1059.85,2,19
2021-06-17 13:57:26,S,1059.9,1,9
2021-06-17 13:57:26,S,1060.05,3,67
2021-06-17 13:57:26,B,1059.0,1,25
2021-06-17 13:57:26,B,1058.6,1,1
2021-06-17 13:57:26,B,1058.55,1,1
2021-06-17 13:57:26,B,1058.3,3,15
2021-06-17 13:57:26,B,1058.15,2,10
2021-06-17 13:57:32,S,1059.25,2,2
2021-06-17 13:57:32,S,1059.8,1,1
2021-06-17 13:57:32,S,1059.85,1,7
2021-06-17 13:57:32,S,1059.9,1,9
2021-06-17 13:57:32,S,1060.05,3,67
2021-06-17 13:57:32,B,1059.0,1,25
2021-06-17 13:57:32,B,1058.6,1,1
2021-06-17 13:57:32,B,1058.55,1,1
2021-06-17 13:57:32,B,1058.3,3,15
2021-06-17 13:57:32,B,1058.15,2,10
2021-06-17 13:57:41,S,1059.25,2,2
2021-06-17 13:57:41,S,1059.8,1,1
2021-06-17 13:57:41,S,1059.85,1,7
2021-06-17 13:57:41,S,1059.9,1,9
2021-06-17 13:57:41,S,1060.05,3,67
2021-06-17 13:57:41,B,1059.0,1,25
2021-06-17 13:57:41,B,1058.6,1,1
2021-06-17 13:57:41,B,1058.55,1,1
2021-06-17 13:57:41,B,1058.3,3,15
2021-06-17 13:57:41,B,1058.15,2,10
2021-06-17 13:57:42,S,1059.25,2,2
2021-06-17 13:57:42,S,1059.8,1,1
2021-06-17 13:57:42,S,1059.85,1,7
2021-06-17 13:57:42,S,1059.9,1,9
2021-06-17 13:57:42,S,1060.05,3,67
2021-06-17 13:57:42,B,1059.0,1,24
2021-06-17 13:57:42,B,1058.6,1,1
2021-06-17 13:57:42,B,1058.55,1,1
2021-06-17 13:57:42,B,1058.3,3,15
2021-06-17 13:57:42,B,1058.15,2,10
2021-06-17 13:58:04,S,1059.25,2,2
2021-06-17 13:58:04,S,1059.8,1,1
2021-06-17 13:58:04,S,1059.85,1,7
2021-06-17 13:58:04,S,1059.9,1,9
2021-06-17 13:58:04,S,1060.05,3,67
2021-06-17 13:58:04,B,1059.0,1,24
2021-06-17 13:58:04,B,1058.6,1,1
2021-06-17 13:58:04,B,1058.55,1,1
2021-06-17 13:58:04,B,1058.3,3,15
2021-06-17 13:58:04,B,1058.15,2,10
2021-06-17 13:58:16,S,1059.25,2,2
2021-06-17 13:58:16,S,1059.8,1,1
2021-06-17 13:58:16,S,1059.85,1,7
2021-06-17 13:58:16,S,1059.9,1,9
2021-06-17 13:58:16,S,1060.05,3,67
2021-06-17 13:58:16,B,1059.0,1,24
2021-06-17 13:58:16,B,1058.6,1,1
2021-06-17 13:58:16,B,1058.55,1,1
2021-06-17 13:58:16,B,1058.3,3,15
2021-06-17 13:58:16,B,1058.15,2,10
2021-06-17 13:58:22,S,1059.25,2,2
2021-06-17 13:58:22,S,1059.8,1,1
2021-06-17 13:58:22,S,1059.85,1,7
2021-06-17 13:58:22,S,1059.9,1,9
2021-06-17 13:58:22,S,1060.05,3,67
2021-06-17 13:58:22,B,1059.0,1,24
2021-06-17 13:58:22,B,1058.6,1,1
2021-06-17 13:58:22,B,1058.55,1,1
2021-06-17 13:58:22,B,1058.3,3,15
2021-06-17 13:58:22,B,1058.15,2,10
2021-06-17 13:58:23,S,1059.25,2,2
2021-06-17 13:58:23,S,1059.8,1,1
2021-06-17 13:58:23,S,1059.85,1,7
2021-06-17 13:58:23,S,1059.9,1,9
2021-06-17 13:58:23,S,1060.05,3,67
2021-06-17 13:58:23,B,1059.0,1,3
2021-06-17 13:58:23,B,1058.6,1,1
2021-06-17 13:58:23,B,1058.55,1,1
2021-06-17 13:58:23,B,1058.3,3,15
2021-06-17 13:58:23,B,1058.15,2,10
2021-06-17 13:58:35,S,1059.25,2,2
2021-06-17 13:58:35,S,1059.8,1,1
2021-06-17 13:58:35,S,1059.85,1,7
2021-06-17 13:58:35,S,1059.9,1,9
2021-06-17 13:58:35,S,1060.05,3,67
2021-06-17 13:58:35,B,1059.0,1,3
2021-06-17 13:58:35,B,1058.6,1,1
2021-06-17 13:58:35,B,1058.55,1,1
2021-06-17 13:58:35,B,1058.3,3,15
2021-06-17 13:58:35,B,1058.15,2,10
2021-06-17 13:58:36,S,1059.25,1,1
2021-06-17 13:58:36,S,1059.5,1,2
2021-06-17 13:58:36,S,1059.75,1,2
2021-06-17 13:58:36,S,1059.8,1,1
2021-06-17 13:58:36,S,1059.85,1,7
2021-06-17 13:58:36,B,1059.0,1,3
2021-06-17 13:58:36,B,1058.6,1,1
2021-06-17 13:58:36,B,1058.55,1,1
2021-06-17 13:58:36,B,1058.3,3,15
2021-06-17 13:58:36,B,1058.15,2,10
2021-06-17 13:58:37,S,1059.25,1,1
2021-06-17 13:58:37,S,1059.5,1,2
2021-06-17 13:58:37,S,1059.75,1,2
2021-06-17 13:58:37,S,1059.8,1,1
2021-06-17 13:58:37,S,1059.85,1,7
2021-06-17 13:58:37,B,1059.0,1,3
2021-06-17 13:58:37,B,1058.85,1,1
2021-06-17 13:58:37,B,1058.8,1,4
2021-06-17 13:58:37,B,1058.55,1,1
2021-06-17 13:58:37,B,1058.3,2,11
2021-06-17 13:58:42,S,1059.8,2,3
2021-06-17 13:58:42,S,1059.85,1,7
2021-06-17 13:58:42,S,1059.9,1,9
2021-06-17 13:58:42,S,1060.05,3,67
2021-06-17 13:58:42,S,1060.1,1,2
2021-06-17 13:58:42,B,1059.0,1,3
2021-06-17 13:58:42,B,1058.85,1,1
2021-06-17 13:58:42,B,1058.8,1,4
2021-06-17 13:58:42,B,1058.55,1,1
2021-06-17 13:58:42,B,1058.35,1,7
2021-06-17 13:58:44,S,1059.8,2,3
2021-06-17 13:58:44,S,1059.85,1,7
2021-06-17 13:58:44,S,1059.9,1,9
2021-06-17 13:58:44,S,1060.05,3,67
2021-06-17 13:58:44,S,1060.1,1,2
2021-06-17 13:58:44,B,1059.0,1,3
2021-06-17 13:58:44,B,1058.85,1,1
2021-06-17 13:58:44,B,1058.8,1,4
2021-06-17 13:58:44,B,1058.55,1,1
2021-06-17 13:58:44,B,1058.35,1,7
2021-06-17 13:58:45,S,1059.8,1,2
2021-06-17 13:58:45,S,1059.85,1,7
2021-06-17 13:58:45,S,1059.9,1,9
2021-06-17 13:58:45,S,1060.05,3,67
2021-06-17 13:58:45,S,1060.1,1,2
2021-06-17 13:58:45,B,1059.0,1,3
2021-06-17 13:58:45,B,1058.85,1,1
2021-06-17 13:58:45,B,1058.8,1,4
2021-06-17 13:58:45,B,1058.55,1,1
2021-06-17 13:58:45,B,1058.35,1,7
2021-06-17 13:58:49,S,1059.8,2,3
2021-06-17 13:58:49,S,1059.85,1,7
2021-06-17 13:58:49,S,1059.9,1,9
2021-06-17 13:58:49,S,1060.05,3,67
2021-06-17 13:58:49,S,1060.1,1,2
2021-06-17 13:58:49,B,1059.0,1,3
2021-06-17 13:58:49,B,1058.85,1,1
2021-06-17 13:58:49,B,1058.8,1,4
2021-06-17 13:58:49,B,1058.55,1,1
2021-06-17 13:58:49,B,1058.35,1,7
2021-06-17 13:58:55,S,1059.8,2,3
2021-06-17 13:58:55,S,1059.85,1,7
2021-06-17 13:58:55,S,1059.9,1,9
2021-06-17 13:58:55,S,1059.95,1,9
2021-06-17 13:58:55,S,1060.05,3,67
2021-06-17 13:58:55,B,1059.0,1,3
2021-06-17 13:58:55,B,1058.85,1,1
2021-06-17 13:58:55,B,1058.8,1,4
2021-06-17 13:58:55,B,1058.55,1,1
2021-06-17 13:58:55,B,1058.35,1,7
2021-06-17 13:59:02,S,1059.8,2,3
2021-06-17 13:59:02,S,1059.85,1,7
2021-06-17 13:59:02,S,1059.9,1,9
2021-06-17 13:59:02,S,1059.95,1,9
2021-06-17 13:59:02,S,1060.05,3,67
2021-06-17 13:59:02,B,1059.0,1,3
2021-06-17 13:59:02,B,1058.85,1,1
2021-06-17 13:59:02,B,1058.8,1,4
2021-06-17 13:59:02,B,1058.55,1,1
2021-06-17 13:59:02,B,1058.35,1,7
2021-06-17 13:59:04,S,1059.8,3,4
2021-06-17 13:59:04,S,1059.85,1,7
2021-06-17 13:59:04,S,1059.9,1,9
2021-06-17 13:59:04,S,1059.95,1,9
2021-06-17 13:59:04,S,1060.05,3,67
2021-06-17 13:59:04,B,1059.0,1,3
2021-06-17 13:59:04,B,1058.85,1,1
2021-06-17 13:59:04,B,1058.8,1,4
2021-06-17 13:59:04,B,1058.55,1,1
2021-06-17 13:59:04,B,1058.35,1,7
2021-06-17 13:59:12,S,1059.8,4,7
2021-06-17 13:59:12,S,1059.85,1,7
2021-06-17 13:59:12,S,1059.95,1,9
2021-06-17 13:59:12,S,1060.05,3,67
2021-06-17 13:59:12,S,1060.1,1,2
2021-06-17 13:59:12,B,1059.0,1,3
2021-06-17 13:59:12,B,1058.85,1,1
2021-06-17 13:59:12,B,1058.8,1,4
2021-06-17 13:59:12,B,1058.55,1,1
2021-06-17 13:59:12,B,1058.35,1,7
2021-06-17 13:59:13,S,1059.8,4,7
2021-06-17 13:59:13,S,1059.85,1,7
2021-06-17 13:59:13,S,1059.95,1,9
2021-06-17 13:59:13,S,1060.05,3,67
2021-06-17 13:59:13,S,1060.1,1,2
2021-06-17 13:59:13,B,1059.0,1,3
2021-06-17 13:59:13,B,1058.85,1,1
2021-06-17 13:59:13,B,1058.8,1,4
2021-06-17 13:59:13,B,1058.55,1,1
2021-06-17 13:59:13,B,1058.35,1,7
2021-06-17 13:59:14,S,1059.45,1,1
2021-06-17 13:59:14,S,1059.5,1,10
2021-06-17 13:59:14,S,1059.75,2,4
2021-06-17 13:59:14,S,1059.8,5,11
2021-06-17 13:59:14,S,1059.85,2,19
2021-06-17 13:59:14,B,1058.2,1,1
2021-06-17 13:59:14,B,1058.15,2,10
2021-06-17 13:59:14,B,1058.1,3,159
2021-06-17 13:59:14,B,1058.0,2,3
2021-06-17 13:59:14,B,1057.8,1,4
2021-06-17 13:59:16,S,1059.2,1,1
2021-06-17 13:59:16,S,1059.25,1,9
2021-06-17 13:59:16,S,1059.3,2,3
2021-06-17 13:59:16,S,1059.45,1,3
2021-06-17 13:59:16,S,1059.55,2,12
2021-06-17 13:59:16,B,1058.2,1,1
2021-06-17 13:59:16,B,1058.15,2,10
2021-06-17 13:59:16,B,1058.1,3,159
2021-06-17 13:59:16,B,1058.0,2,3
2021-06-17 13:59:16,B,1057.8,1,4
2021-06-17 13:59:17,S,1059.2,2,4
2021-06-17 13:59:17,S,1059.25,1,9
2021-06-17 13:59:17,S,1059.3,2,3
2021-06-17 13:59:17,S,1059.45,1,3
2021-06-17 13:59:17,S,1059.55,2,12
2021-06-17 13:59:17,B,1058.2,1,1
2021-06-17 13:59:17,B,1058.15,2,10
2021-06-17 13:59:17,B,1058.1,3,159
2021-06-17 13:59:17,B,1058.0,2,3
2021-06-17 13:59:17,B,1057.8,1,4
2021-06-17 13:59:18,S,1059.2,2,4
2021-06-17 13:59:18,S,1059.25,1,9
2021-06-17 13:59:18,S,1059.3,2,3
2021-06-17 13:59:18,S,1059.45,1,3
2021-06-17 13:59:18,S,1059.55,2,12
2021-06-17 13:59:18,B,1058.2,1,1
2021-06-17 13:59:18,B,1058.15,2,10
2021-06-17 13:59:18,B,1058.1,3,159
2021-06-17 13:59:18,B,1058.0,2,3
2021-06-17 13:59:18,B,1057.8,1,4
2021-06-17 13:59:20,S,1059.2,3,5
2021-06-17 13:59:20,S,1059.25,1,9
2021-06-17 13:59:20,S,1059.3,1,2
2021-06-17 13:59:20,S,1059.45,1,3
2021-06-17 13:59:20,S,1059.5,2,4
2021-06-17 13:59:20,B,1058.15,2,10
2021-06-17 13:59:20,B,1058.1,3,159
2021-06-17 13:59:20,B,1058.0,2,3
2021-06-17 13:59:20,B,1057.8,1,4
2021-06-17 13:59:20,B,1057.75,1,1
2021-06-17 13:59:22,S,1059.2,3,5
2021-06-17 13:59:22,S,1059.25,1,9
2021-06-17 13:59:22,S,1059.3,1,2
2021-06-17 13:59:22,S,1059.45,1,3
2021-06-17 13:59:22,S,1059.5,2,4
2021-06-17 13:59:22,B,1058.15,2,10
2021-06-17 13:59:22,B,1058.1,3,159
2021-06-17 13:59:22,B,1058.0,2,3
2021-06-17 13:59:22,B,1057.8,1,4
2021-06-17 13:59:22,B,1057.75,1,1
2021-06-17 13:59:24,S,1059.2,3,5
2021-06-17 13:59:24,S,1059.25,1,9
2021-06-17 13:59:24,S,1059.3,1,2
2021-06-17 13:59:24,S,1059.45,1,3
2021-06-17 13:59:24,S,1059.5,2,4
2021-06-17 13:59:24,B,1058.15,2,10
2021-06-17 13:59:24,B,1058.1,3,159
2021-06-17 13:59:24,B,1058.0,2,3
2021-06-17 13:59:24,B,1057.8,1,4
2021-06-17 13:59:24,B,1057.75,2,10
2021-06-17 13:59:26,S,1059.2,3,5
2021-06-17 13:59:26,S,1059.25,1,9
2021-06-17 13:59:26,S,1059.3,1,2
2021-06-17 13:59:26,S,1059.45,1,3
2021-06-17 13:59:26,S,1059.5,2,4
2021-06-17 13:59:26,B,1058.15,2,10
2021-06-17 13:59:26,B,1058.1,3,159
2021-06-17 13:59:26,B,1058.0,2,3
2021-06-17 13:59:26,B,1057.8,1,4
2021-06-17 13:59:26,B,1057.75,2,11
2021-06-17 13:59:27,S,1059.2,3,5
2021-06-17 13:59:27,S,1059.3,1,2
2021-06-17 13:59:27,S,1059.45,1,3
2021-06-17 13:59:27,S,1059.5,1,10
2021-06-17 13:59:27,S,1059.55,1,2
2021-06-17 13:59:27,B,1058.15,2,10
2021-06-17 13:59:27,B,1058.1,3,159
2021-06-17 13:59:27,B,1058.0,2,3
2021-06-17 13:59:27,B,1057.8,1,4
2021-06-17 13:59:27,B,1057.75,2,11
2021-06-17 13:59:46,S,1059.4,1,1
2021-06-17 13:59:46,S,1059.45,1,3
2021-06-17 13:59:46,S,1059.55,1,2
2021-06-17 13:59:46,S,1059.65,1,10
2021-06-17 13:59:46,S,1059.7,3,11
2021-06-17 13:59:46,B,1058.25,2,2
2021-06-17 13:59:46,B,1058.2,1,7
2021-06-17 13:59:46,B,1058.15,2,10
2021-06-17 13:59:46,B,1058.1,3,159
2021-06-17 13:59:46,B,1058.0,2,3
2021-06-17 13:59:48,S,1059.15,1,1
2021-06-17 13:59:48,S,1059.2,1,1
2021-06-17 13:59:48,S,1059.45,1,3
2021-06-17 13:59:48,S,1059.55,1,2
2021-06-17 13:59:48,S,1059.7,1,7
2021-06-17 13:59:48,B,1058.25,2,2
2021-06-17 13:59:48,B,1058.15,2,10
2021-06-17 13:59:48,B,1058.1,3,159
2021-06-17 13:59:48,B,1058.0,2,3
2021-06-17 13:59:48,B,1057.8,1,4
2021-06-17 13:59:50,S,1059.15,1,1
2021-06-17 13:59:50,S,1059.5,1,1
2021-06-17 13:59:50,S,1059.55,1,2
2021-06-17 13:59:50,S,1059.7,1,7
2021-06-17 13:59:50,S,1059.75,3,13
2021-06-17 13:59:50,B,1058.25,2,2
2021-06-17 13:59:50,B,1058.15,2,10
2021-06-17 13:59:50,B,1058.1,3,159
2021-06-17 13:59:50,B,1058.0,2,3
2021-06-17 13:59:50,B,1057.85,1,11
2021-06-17 13:59:54,S,1059.5,1,1
2021-06-17 13:59:54,S,1059.55,1,2
2021-06-17 13:59:54,S,1059.7,1,7
2021-06-17 13:59:54,S,1059.75,3,13
2021-06-17 13:59:54,S,1059.8,2,3
2021-06-17 13:59:54,B,1058.25,2,2
2021-06-17 13:59:54,B,1058.2,1,1
2021-06-17 13:59:54,B,1058.15,2,10
2021-06-17 13:59:54,B,1058.1,3,159
2021-06-17 13:59:54,B,1058.0,2,3
2021-06-17 13:59:58,S,1059.5,1,1
2021-06-17 13:59:58,S,1059.55,1,2
2021-06-17 13:59:58,S,1059.7,1,7
2021-06-17 13:59:58,S,1059.75,1,3
2021-06-17 13:59:58,S,1059.8,2,3
2021-06-17 13:59:58,B,1058.35,1,1
2021-06-17 13:59:58,B,1058.3,1,9
2021-06-17 13:59:58,B,1058.25,2,2
2021-06-17 13:59:58,B,1058.2,1,1
2021-06-17 13:59:58,B,1058.15,2,10
2021-06-17 14:00:13,S,1059.5,1,1
2021-06-17 14:00:13,S,1059.55,1,2
2021-06-17 14:00:13,S,1059.7,1,7
2021-06-17 14:00:13,S,1059.75,1,3
2021-06-17 14:00:13,S,1059.8,2,3
2021-06-17 14:00:13,B,1058.35,2,2
2021-06-17 14:00:13,B,1058.3,1,9
2021-06-17 14:00:13,B,1058.25,2,2
2021-06-17 14:00:13,B,1058.2,1,1
2021-06-17 14:00:13,B,1058.15,2,10
2021-06-17 14:00:51,S,1059.5,2,11
2021-06-17 14:00:51,S,1059.55,2,14
2021-06-17 14:00:51,S,1059.7,1,7
2021-06-17 14:00:51,S,1059.75,3,7
2021-06-17 14:00:51,S,1059.8,2,3
2021-06-17 14:00:51,B,1058.25,1,1
2021-06-17 14:00:51,B,1058.2,1,1
2021-06-17 14:00:51,B,1058.15,2,10
2021-06-17 14:00:51,B,1058.1,3,159
2021-06-17 14:00:51,B,1058.0,3,6
2021-06-17 14:00:52,S,1059.5,2,11
2021-06-17 14:00:52,S,1059.55,2,14
2021-06-17 14:00:52,S,1059.7,1,7
2021-06-17 14:00:52,S,1059.75,3,7
2021-06-17 14:00:52,S,1059.8,2,3
2021-06-17 14:00:52,B,1058.25,1,1
2021-06-17 14:00:52,B,1058.2,1,1
2021-06-17 14:00:52,B,1058.15,2,10
2021-06-17 14:00:52,B,1058.1,3,159
2021-06-17 14:00:52,B,1058.0,3,6
2021-06-17 14:01:10,S,1059.5,2,11
2021-06-17 14:01:10,S,1059.55,2,14
2021-06-17 14:01:10,S,1059.7,1,7
2021-06-17 14:01:10,S,1059.75,3,7
2021-06-17 14:01:10,S,1059.8,3,9
2021-06-17 14:01:10,B,1058.3,1,1
2021-06-17 14:01:10,B,1058.25,1,1
2021-06-17 14:01:10,B,1058.2,1,1
2021-06-17 14:01:10,B,1058.15,2,10
2021-06-17 14:01:10,B,1058.1,3,159
2021-06-17 14:01:12,S,1059.5,2,11
2021-06-17 14:01:12,S,1059.55,2,14
2021-06-17 14:01:12,S,1059.7,1,7
2021-06-17 14:01:12,S,1059.75,3,7
2021-06-17 14:01:12,S,1059.8,3,9
2021-06-17 14:01:12,B,1058.3,1,1
2021-06-17 14:01:12,B,1058.25,1,1
2021-06-17 14:01:12,B,1058.2,1,1
2021-06-17 14:01:12,B,1058.15,2,10
2021-06-17 14:01:12,B,1058.1,3,159
2021-06-17 14:01:13,S,1059.45,1,1
2021-06-17 14:01:13,S,1059.5,1,8
2021-06-17 14:01:13,S,1059.55,2,14
2021-06-17 14:01:13,S,1059.7,1,7
2021-06-17 14:01:13,S,1059.75,3,7
2021-06-17 14:01:13,B,1058.35,1,1
2021-06-17 14:01:13,B,1058.3,1,1
2021-06-17 14:01:13,B,1058.25,1,1
2021-06-17 14:01:13,B,1058.2,1,1
2021-06-17 14:01:13,B,1058.15,2,10
2021-06-17 14:01:18,S,1059.45,1,1
2021-06-17 14:01:18,S,1059.5,1,8
2021-06-17 14:01:18,S,1059.55,2,14
2021-06-17 14:01:18,S,1059.7,1,7
2021-06-17 14:01:18,S,1059.75,3,7
2021-06-17 14:01:18,B,1058.35,2,3
2021-06-17 14:01:18,B,1058.3,1,1
2021-06-17 14:01:18,B,1058.25,1,1
2021-06-17 14:01:18,B,1058.2,1,1
2021-06-17 14:01:18,B,1058.15,1,7
2021-06-17 14:01:28,S,1059.5,1,1
2021-06-17 14:01:28,S,1059.55,1,2
2021-06-17 14:01:28,S,1059.7,1,7
2021-06-17 14:01:28,S,1059.75,1,3
2021-06-17 14:01:28,S,1059.8,4,7
2021-06-17 14:01:28,B,1058.45,1,1
2021-06-17 14:01:28,B,1058.4,1,10
2021-06-17 14:01:28,B,1058.35,1,2
2021-06-17 14:01:28,B,1058.3,1,1
2021-06-17 14:01:28,B,1058.25,1,1
2021-06-17 14:01:31,S,1059.5,1,1
2021-06-17 14:01:31,S,1059.55,1,2
2021-06-17 14:01:31,S,1059.7,1,7
2021-06-17 14:01:31,S,1059.75,1,3
2021-06-17 14:01:31,S,1059.8,4,7
2021-06-17 14:01:31,B,1058.45,1,1
2021-06-17 14:01:31,B,1058.4,1,10
2021-06-17 14:01:31,B,1058.35,1,2
2021-06-17 14:01:31,B,1058.3,1,1
2021-06-17 14:01:31,B,1058.25,1,1
2021-06-17 14:01:33,S,1059.5,1,1
2021-06-17 14:01:33,S,1059.55,1,2
2021-06-17 14:01:33,S,1059.7,1,7
2021-06-17 14:01:33,S,1059.75,1,3
2021-06-17 14:01:33,S,1059.8,2,3
2021-06-17 14:01:33,B,1058.45,1,1
2021-06-17 14:01:33,B,1058.4,1,10
2021-06-17 14:01:33,B,1058.35,1,2
2021-06-17 14:01:33,B,1058.25,1,1
2021-06-17 14:01:33,B,1058.2,2,2
2021-06-17 14:01:36,S,1059.5,1,1
2021-06-17 14:01:36,S,1059.55,1,2
2021-06-17 14:01:36,S,1059.7,1,7
2021-06-17 14:01:36,S,1059.75,1,3
2021-06-17 14:01:36,S,1059.8,2,3
2021-06-17 14:01:36,B,1058.45,1,1
2021-06-17 14:01:36,B,1058.4,1,10
2021-06-17 14:01:36,B,1058.35,1,2
2021-06-17 14:01:36,B,1058.25,1,1
2021-06-17 14:01:36,B,1058.2,2,2
2021-06-17 14:01:42,S,1059.5,1,1
2021-06-17 14:01:42,S,1059.55,1,2
2021-06-17 14:01:42,S,1059.7,1,7
2021-06-17 14:01:42,S,1059.75,1,3
2021-06-17 14:01:42,S,1059.8,2,3
2021-06-17 14:01:42,B,1058.45,1,1
2021-06-17 14:01:42,B,1058.4,1,10
2021-06-17 14:01:42,B,1058.35,1,2
2021-06-17 14:01:42,B,1058.25,1,1
2021-06-17 14:01:42,B,1058.2,2,2
2021-06-17 14:01:45,S,1059.5,1,1
2021-06-17 14:01:45,S,1059.55,1,2
2021-06-17 14:01:45,S,1059.7,1,7
2021-06-17 14:01:45,S,1059.75,1,3
2021-06-17 14:01:45,S,1059.8,2,3
2021-06-17 14:01:45,B,1058.45,1,1
2021-06-17 14:01:45,B,1058.4,1,10
2021-06-17 14:01:45,B,1058.35,1,3
2021-06-17 14:01:45,B,1058.25,1,1
2021-06-17 14:01:45,B,1058.2,2,2
2021-06-17 14:01:49,S,1059.5,1,1
2021-06-17 14:01:49,S,1059.55,1,2
2021-06-17 14:01:49,S,1059.7,1,7
2021-06-17 14:01:49,S,1059.75,1,3
2021-06-17 14:01:49,S,1059.8,2,3
2021-06-17 14:01:49,B,1058.45,1,1
2021-06-17 14:01:49,B,1058.4,1,10
2021-06-17 14:01:49,B,1058.35,1,3
2021-06-17 14:01:49,B,1058.25,1,1
2021-06-17 14:01:49,B,1058.2,2,2
2021-06-17 14:01:51,S,1059.5,1,1
2021-06-17 14:01:51,S,1059.55,1,2
2021-06-17 14:01:51,S,1059.7,1,7
2021-06-17 14:01:51,S,1059.75,1,3
2021-06-17 14:01:51,S,1059.8,2,3
2021-06-17 14:01:51,B,1058.45,1,1
2021-06-17 14:01:51,B,1058.4,1,10
2021-06-17 14:01:51,B,1058.35,1,3
2021-06-17 14:01:51,B,1058.25,1,1
2021-06-17 14:01:51,B,1058.2,2,2
2021-06-17 14:02:22,S,1059.5,2,2
2021-06-17 14:02:22,S,1059.55,1,2
2021-06-17 14:02:22,S,1059.7,2,17
2021-06-17 14:02:22,S,1059.75,1,3
2021-06-17 14:02:22,S,1059.8,4,7
2021-06-17 14:02:22,B,1058.4,1,1
2021-06-17 14:02:22,B,1058.35,1,3
2021-06-17 14:02:22,B,1058.25,1,1
2021-06-17 14:02:22,B,1058.2,2,2
2021-06-17 14:02:22,B,1058.15,1,7
2021-06-17 14:02:36,S,1059.4,1,1
2021-06-17 14:02:36,S,1059.45,1,10
2021-06-17 14:02:36,S,1059.5,2,2
2021-06-17 14:02:36,S,1059.55,3,15
2021-06-17 14:02:36,S,1059.7,2,8
2021-06-17 14:02:36,B,1058.4,1,1
2021-06-17 14:02:36,B,1058.35,1,3
2021-06-17 14:02:36,B,1058.25,1,1
2021-06-17 14:02:36,B,1058.2,2,2
2021-06-17 14:02:36,B,1058.15,1,7
2021-06-17 14:02:38,S,1059.4,1,1
2021-06-17 14:02:38,S,1059.45,1,10
2021-06-17 14:02:38,S,1059.5,2,2
2021-06-17 14:02:38,S,1059.55,3,15
2021-06-17 14:02:38,S,1059.7,2,8
2021-06-17 14:02:38,B,1058.4,1,1
2021-06-17 14:02:38,B,1058.35,1,3
2021-06-17 14:02:38,B,1058.25,1,1
2021-06-17 14:02:38,B,1058.2,2,2
2021-06-17 14:02:38,B,1058.15,1,7
2021-06-17 14:02:39,S,1059.4,1,1
2021-06-17 14:02:39,S,1059.45,1,1
2021-06-17 14:02:39,S,1059.55,2,3
2021-06-17 14:02:39,S,1059.7,2,8
2021-06-17 14:02:39,S,1059.75,1,3
2021-06-17 14:02:39,B,1058.4,1,1
2021-06-17 14:02:39,B,1058.35,1,2
2021-06-17 14:02:39,B,1058.25,1,1
2021-06-17 14:02:39,B,1058.2,2,2
2021-06-17 14:02:39,B,1058.15,2,18
2021-06-17 14:02:42,S,1059.4,2,2
2021-06-17 14:02:42,S,1059.55,2,3
2021-06-17 14:02:42,S,1059.7,2,8
2021-06-17 14:02:42,S,1059.75,1,3
2021-06-17 14:02:42,S,1059.8,2,3
2021-06-17 14:02:42,B,1058.4,1,1
2021-06-17 14:02:42,B,1058.35,1,2
2021-06-17 14:02:42,B,1058.3,1,10
2021-06-17 14:02:42,B,1058.25,1,1
2021-06-17 14:02:42,B,1058.2,2,2
2021-06-17 14:02:45,S,1059.4,2,2
2021-06-17 14:02:45,S,1059.55,3,12
2021-06-17 14:02:45,S,1059.7,2,8
2021-06-17 14:02:45,S,1059.75,1,3
2021-06-17 14:02:45,S,1059.8,3,4
2021-06-17 14:02:45,B,1058.4,1,1
2021-06-17 14:02:45,B,1058.35,1,2
2021-06-17 14:02:45,B,1058.25,1,1
2021-06-17 14:02:45,B,1058.2,2,2
2021-06-17 14:02:45,B,1058.15,2,17
2021-06-17 14:02:56,S,1059.4,2,2
2021-06-17 14:02:56,S,1059.55,3,12
2021-06-17 14:02:56,S,1059.7,2,8
2021-06-17 14:02:56,S,1059.75,1,3
2021-06-17 14:02:56,S,1059.8,3,4
2021-06-17 14:02:56,B,1058.4,1,1
2021-06-17 14:02:56,B,1058.35,1,2
2021-06-17 14:02:56,B,1058.25,1,1
2021-06-17 14:02:56,B,1058.2,2,2
2021-06-17 14:02:56,B,1058.15,1,7
2021-06-17 14:03:02,S,1059.4,2,2
2021-06-17 14:03:02,S,1059.55,3,12
2021-06-17 14:03:02,S,1059.7,2,8
2021-06-17 14:03:02,S,1059.75,1,3
2021-06-17 14:03:02,S,1059.8,4,10
2021-06-17 14:03:02,B,1058.4,2,2
2021-06-17 14:03:02,B,1058.25,1,1
2021-06-17 14:03:02,B,1058.2,2,2
2021-06-17 14:03:02,B,1058.15,1,7
2021-06-17 14:03:02,B,1058.1,3,159
2021-06-17 14:03:07,S,1059.4,2,2
2021-06-17 14:03:07,S,1059.55,3,12
2021-06-17 14:03:07,S,1059.7,2,8
2021-06-17 14:03:07,S,1059.75,1,3
2021-06-17 14:03:07,S,1059.8,4,10
2021-06-17 14:03:07,B,1058.4,2,2
2021-06-17 14:03:07,B,1058.25,1,1
2021-06-17 14:03:07,B,1058.2,2,2
2021-06-17 14:03:07,B,1058.15,1,7
2021-06-17 14:03:07,B,1058.1,3,159
2021-06-17 14:03:09,S,1059.4,1,1
2021-06-17 14:03:09,S,1059.55,2,3
2021-06-17 14:03:09,S,1059.7,2,8
2021-06-17 14:03:09,S,1059.75,1,3
2021-06-17 14:03:09,S,1059.8,4,10
2021-06-17 14:03:09,B,1058.4,2,2
2021-06-17 14:03:09,B,1058.25,1,1
2021-06-17 14:03:09,B,1058.2,2,2
2021-06-17 14:03:09,B,1058.15,1,7
2021-06-17 14:03:09,B,1058.1,3,159
2021-06-17 14:03:26,S,1059.4,1,1
2021-06-17 14:03:26,S,1059.55,2,3
2021-06-17 14:03:26,S,1059.7,2,8
2021-06-17 14:03:26,S,1059.75,1,3
2021-06-17 14:03:26,S,1059.8,4,10
2021-06-17 14:03:26,B,1058.4,2,2
2021-06-17 14:03:26,B,1058.25,1,1
2021-06-17 14:03:26,B,1058.2,2,2
2021-06-17 14:03:26,B,1058.15,1,7
2021-06-17 14:03:26,B,1058.1,3,159
2021-06-17 14:03:29,S,1059.4,1,1
2021-06-17 14:03:29,S,1059.55,2,3
2021-06-17 14:03:29,S,1059.7,2,8
2021-06-17 14:03:29,S,1059.75,1,3
2021-06-17 14:03:29,S,1059.8,4,10
2021-06-17 14:03:29,B,1058.4,2,2
2021-06-17 14:03:29,B,1058.25,1,1
2021-06-17 14:03:29,B,1058.2,2,2
2021-06-17 14:03:29,B,1058.15,1,7
2021-06-17 14:03:29,B,1058.1,3,159
2021-06-17 14:03:30,S,1059.35,1,1
2021-06-17 14:03:30,S,1059.4,1,1
2021-06-17 14:03:30,S,1059.55,2,3
2021-06-17 14:03:30,S,1059.7,2,8
2021-06-17 14:03:30,S,1059.75,1,3
2021-06-17 14:03:30,B,1058.35,1,1
2021-06-17 14:03:30,B,1058.3,1,9
2021-06-17 14:03:30,B,1058.2,1,1
2021-06-17 14:03:30,B,1058.15,1,7
2021-06-17 14:03:30,B,1058.1,3,159
2021-06-17 14:03:35,S,1059.35,1,1
2021-06-17 14:03:35,S,1059.5,1,1
2021-06-17 14:03:35,S,1059.55,2,3
2021-06-17 14:03:35,S,1059.7,2,8
2021-06-17 14:03:35,S,1059.75,1,3
2021-06-17 14:03:35,B,1058.35,1,1
2021-06-17 14:03:35,B,1058.3,1,9
2021-06-17 14:03:35,B,1058.2,1,1
2021-06-17 14:03:35,B,1058.15,1,7
2021-06-17 14:03:35,B,1058.1,3,159
2021-06-17 14:03:40,S,1059.3,2,10
2021-06-17 14:03:40,S,1059.35,1,1
2021-06-17 14:03:40,S,1059.4,1,50
2021-06-17 14:03:40,S,1059.55,3,12
2021-06-17 14:03:40,S,1059.65,2,4
2021-06-17 14:03:40,B,1058.25,1,1
2021-06-17 14:03:40,B,1058.2,1,1
2021-06-17 14:03:40,B,1058.15,1,7
2021-06-17 14:03:40,B,1058.1,3,159
2021-06-17 14:03:40,B,1058.05,1,1
2021-06-17 14:03:43,S,1059.3,3,11
2021-06-17 14:03:43,S,1059.4,2,51
2021-06-17 14:03:43,S,1059.55,3,12
2021-06-17 14:03:43,S,1059.65,2,4
2021-06-17 14:03:43,S,1059.7,2,8
2021-06-17 14:03:43,B,1058.25,1,1
2021-06-17 14:03:43,B,1058.2,1,1
2021-06-17 14:03:43,B,1058.15,1,7
2021-06-17 14:03:43,B,1058.1,3,159
2021-06-17 14:03:43,B,1058.05,1,1
2021-06-17 14:03:45,S,1059.05,1,9
2021-06-17 14:03:45,S,1059.3,3,11
2021-06-17 14:03:45,S,1059.4,2,51
2021-06-17 14:03:45,S,1059.55,3,12
2021-06-17 14:03:45,S,1059.65,2,4
2021-06-17 14:03:45,B,1058.25,1,1
2021-06-17 14:03:45,B,1058.2,1,1
2021-06-17 14:03:45,B,1058.15,1,7
2021-06-17 14:03:45,B,1058.1,3,159
2021-06-17 14:03:45,B,1058.05,1,1
2021-06-17 14:03:48,S,1059.4,1,50
2021-06-17 14:03:48,S,1059.55,2,3
2021-06-17 14:03:48,S,1059.7,4,12
2021-06-17 14:03:48,S,1059.75,1,3
2021-06-17 14:03:48,S,1059.8,4,9
2021-06-17 14:03:48,B,1058.25,1,1
2021-06-17 14:03:48,B,1058.2,2,10
2021-06-17 14:03:48,B,1058.15,2,16
2021-06-17 14:03:48,B,1058.1,3,159
2021-06-17 14:03:48,B,1058.05,1,1
2021-06-17 14:03:52,S,1059.4,1,50
2021-06-17 14:03:52,S,1059.55,2,3
2021-06-17 14:03:52,S,1059.7,4,12
2021-06-17 14:03:52,S,1059.75,1,3
2021-06-17 14:03:52,S,1059.8,4,9
2021-06-17 14:03:52,B,1058.25,1,1
2021-06-17 14:03:52,B,1058.2,2,10
2021-06-17 14:03:52,B,1058.15,2,16
2021-06-17 14:03:52,B,1058.1,3,159
2021-06-17 14:03:52,B,1058.05,1,1
2021-06-17 14:03:56,S,1059.4,1,49
2021-06-17 14:03:56,S,1059.55,2,3
2021-06-17 14:03:56,S,1059.7,4,12
2021-06-17 14:03:56,S,1059.75,1,3
2021-06-17 14:03:56,S,1059.8,4,9
2021-06-17 14:03:56,B,1058.25,2,11
2021-06-17 14:03:56,B,1058.2,1,1
2021-06-17 14:03:56,B,1058.15,2,16
2021-06-17 14:03:56,B,1058.1,3,159
2021-06-17 14:03:56,B,1058.05,1,1
2021-06-17 14:04:06,S,1059.4,1,49
2021-06-17 14:04:06,S,1059.55,2,3
2021-06-17 14:04:06,S,1059.7,4,12
2021-06-17 14:04:06,S,1059.75,1,3
2021-06-17 14:04:06,S,1059.8,4,9
2021-06-17 14:04:06,B,1058.25,2,11
2021-06-17 14:04:06,B,1058.2,1,1
2021-06-17 14:04:06,B,1058.15,2,16
2021-06-17 14:04:06,B,1058.1,3,159
2021-06-17 14:04:06,B,1058.05,1,1
2021-06-17 14:04:07,S,1059.4,1,49
2021-06-17 14:04:07,S,1059.55,2,3
2021-06-17 14:04:07,S,1059.7,4,12
2021-06-17 14:04:07,S,1059.75,1,3
2021-06-17 14:04:07,S,1059.8,4,9
2021-06-17 14:04:07,B,1058.25,2,11
2021-06-17 14:04:07,B,1058.2,1,1
2021-06-17 14:04:07,B,1058.15,2,16
2021-06-17 14:04:07,B,1058.1,3,159
2021-06-17 14:04:07,B,1058.05,1,1
2021-06-17 14:04:27,S,1059.4,1,29
2021-06-17 14:04:27,S,1059.55,2,3
2021-06-17 14:04:27,S,1059.7,4,12
2021-06-17 14:04:27,S,1059.75,1,3
2021-06-17 14:04:27,S,1059.8,4,9
2021-06-17 14:04:27,B,1058.25,2,11
2021-06-17 14:04:27,B,1058.2,1,1
2021-06-17 14:04:27,B,1058.15,2,16
2021-06-17 14:04:27,B,1058.1,3,159
2021-06-17 14:04:27,B,1058.05,1,1
2021-06-17 14:04:28,S,1059.4,1,29
2021-06-17 14:04:28,S,1059.55,2,3
2021-06-17 14:04:28,S,1059.7,4,12
2021-06-17 14:04:28,S,1059.75,1,3
2021-06-17 14:04:28,S,1059.8,4,9
2021-06-17 14:04:28,B,1058.25,2,11
2021-06-17 14:04:28,B,1058.2,1,1
2021-06-17 14:04:28,B,1058.15,2,16
2021-06-17 14:04:28,B,1058.1,3,159
2021-06-17 14:04:28,B,1058.05,1,1
2021-06-17 14:04:28,S,1059.4,1,28
2021-06-17 14:04:28,S,1059.55,2,3
2021-06-17 14:04:28,S,1059.7,4,12
2021-06-17 14:04:28,S,1059.75,1,3
2021-06-17 14:04:28,S,1059.8,4,10
2021-06-17 14:04:28,B,1058.25,2,11
2021-06-17 14:04:28,B,1058.2,1,1
2021-06-17 14:04:28,B,1058.15,1,7
2021-06-17 14:04:28,B,1058.1,3,159
2021-06-17 14:04:28,B,1058.05,1,1
2021-06-17 14:04:37,S,1059.4,1,28
2021-06-17 14:04:37,S,1059.55,1,2
2021-06-17 14:04:37,S,1059.7,2,8
2021-06-17 14:04:37,S,1059.75,1,3
2021-06-17 14:04:37,S,1059.8,3,4
2021-06-17 14:04:37,B,1058.55,1,1
2021-06-17 14:04:37,B,1058.5,1,131
2021-06-17 14:04:37,B,1058.25,1,10
2021-06-17 14:04:37,B,1058.2,1,1
2021-06-17 14:04:37,B,1058.15,2,16
2021-06-17 14:04:49,S,1059.4,1,28
2021-06-17 14:04:49,S,1059.55,1,2
2021-06-17 14:04:49,S,1059.7,2,8
2021-06-17 14:04:49,S,1059.75,1,3
2021-06-17 14:04:49,S,1059.8,3,4
2021-06-17 14:04:49,B,1058.55,2,11
2021-06-17 14:04:49,B,1058.5,1,131
2021-06-17 14:04:49,B,1058.2,1,1
2021-06-17 14:04:49,B,1058.15,2,16
2021-06-17 14:04:49,B,1058.1,2,28
2021-06-17 14:05:07,S,1059.4,1,28
2021-06-17 14:05:07,S,1059.55,1,2
2021-06-17 14:05:07,S,1059.7,2,8
2021-06-17 14:05:07,S,1059.75,1,3
2021-06-17 14:05:07,S,1059.8,3,4
2021-06-17 14:05:07,B,1058.55,2,11
2021-06-17 14:05:07,B,1058.5,1,131
2021-06-17 14:05:07,B,1058.2,1,1
2021-06-17 14:05:07,B,1058.15,2,16
2021-06-17 14:05:07,B,1058.1,2,28
2021-06-17 14:05:08,S,1059.4,1,23
2021-06-17 14:05:08,S,1059.7,2,8
2021-06-17 14:05:08,S,1059.75,2,4
2021-06-17 14:05:08,S,1059.8,2,2
2021-06-17 14:05:08,S,1059.85,2,18
2021-06-17 14:05:08,B,1058.55,1,1
2021-06-17 14:05:08,B,1058.5,1,131
2021-06-17 14:05:08,B,1058.25,1,10
2021-06-17 14:05:08,B,1058.2,1,1
2021-06-17 14:05:08,B,1058.15,1,7
2021-06-17 14:05:10,S,1059.4,1,23
2021-06-17 14:05:10,S,1059.7,2,8
2021-06-17 14:05:10,S,1059.75,2,4
2021-06-17 14:05:10,S,1059.8,2,2
2021-06-17 14:05:10,S,1059.85,2,18
2021-06-17 14:05:10,B,1058.55,1,1
2021-06-17 14:05:10,B,1058.5,1,131
2021-06-17 14:05:10,B,1058.25,1,10
2021-06-17 14:05:10,B,1058.2,1,1
2021-06-17 14:05:10,B,1058.15,1,7
2021-06-17 14:05:42,S,1059.4,1,23
2021-06-17 14:05:42,S,1059.7,2,8
2021-06-17 14:05:42,S,1059.75,2,4
2021-06-17 14:05:42,S,1059.8,2,2
2021-06-17 14:05:42,S,1059.85,2,18
2021-06-17 14:05:42,B,1058.55,1,1
2021-06-17 14:05:42,B,1058.5,1,131
2021-06-17 14:05:42,B,1058.25,1,10
2021-06-17 14:05:42,B,1058.2,1,1
2021-06-17 14:05:42,B,1058.15,1,7
2021-06-17 14:05:44,S,1059.4,1,23
2021-06-17 14:05:44,S,1059.7,2,8
2021-06-17 14:05:44,S,1059.75,2,4
2021-06-17 14:05:44,S,1059.8,2,2
2021-06-17 14:05:44,S,1059.85,2,18
2021-06-17 14:05:44,B,1058.55,1,1
2021-06-17 14:05:44,B,1058.5,1,131
2021-06-17 14:05:44,B,1058.25,1,10
2021-06-17 14:05:44,B,1058.2,1,1
2021-06-17 14:05:44,B,1058.15,1,7
2021-06-17 14:05:45,S,1059.4,2,14
2021-06-17 14:05:45,S,1059.65,1,1
2021-06-17 14:05:45,S,1059.7,3,9
2021-06-17 14:05:45,S,1059.75,2,4
2021-06-17 14:05:45,S,1059.8,2,2
2021-06-17 14:05:45,B,1058.55,1,1
2021-06-17 14:05:45,B,1058.5,1,91
2021-06-17 14:05:45,B,1058.2,1,1
2021-06-17 14:05:45,B,1058.15,1,7
2021-06-17 14:05:45,B,1058.1,2,28
2021-06-17 14:05:47,S,1059.4,3,15
2021-06-17 14:05:47,S,1059.65,1,1
2021-06-17 14:05:47,S,1059.7,3,9
2021-06-17 14:05:47,S,1059.75,2,4
2021-06-17 14:05:47,S,1059.8,1,1
2021-06-17 14:05:47,B,1058.55,1,1
2021-06-17 14:05:47,B,1058.5,1,91
2021-06-17 14:05:47,B,1058.25,1,10
2021-06-17 14:05:47,B,1058.2,1,1
2021-06-17 14:05:47,B,1058.15,1,7
2021-06-17 14:05:49,S,1059.4,3,15
2021-06-17 14:05:49,S,1059.65,1,1
2021-06-17 14:05:49,S,1059.7,3,9
2021-06-17 14:05:49,S,1059.75,2,4
2021-06-17 14:05:49,S,1059.8,1,1
2021-06-17 14:05:49,B,1058.55,1,1
2021-06-17 14:05:49,B,1058.5,1,91
2021-06-17 14:05:49,B,1058.25,1,10
2021-06-17 14:05:49,B,1058.2,1,1
2021-06-17 14:05:49,B,1058.15,1,7
2021-06-17 14:05:51,S,1059.4,3,15
2021-06-17 14:05:51,S,1059.5,1,1
2021-06-17 14:05:51,S,1059.55,2,19
2021-06-17 14:05:51,S,1059.7,3,9
2021-06-17 14:05:51,S,1059.75,2,4
2021-06-17 14:05:51,B,1058.55,1,1
2021-06-17 14:05:51,B,1058.5,1,91
2021-06-17 14:05:51,B,1058.2,1,1
2021-06-17 14:05:51,B,1058.15,1,7
2021-06-17 14:05:51,B,1058.1,3,37
2021-06-17 14:05:56,S,1059.4,4,24
2021-06-17 14:05:56,S,1059.5,1,1
2021-06-17 14:05:56,S,1059.55,2,19
2021-06-17 14:05:56,S,1059.7,3,9
2021-06-17 14:05:56,S,1059.75,2,4
2021-06-17 14:05:56,B,1058.55,1,1
2021-06-17 14:05:56,B,1058.5,1,91
2021-06-17 14:05:56,B,1058.1,2,28
2021-06-17 14:05:56,B,1058.05,1,1
2021-06-17 14:05:56,B,1058.0,4,7
2021-06-17 14:05:58,S,1059.4,3,15
2021-06-17 14:05:58,S,1059.5,1,1
2021-06-17 14:05:58,S,1059.55,1,8
2021-06-17 14:05:58,S,1059.6,1,9
2021-06-17 14:05:58,S,1059.7,3,9
2021-06-17 14:05:58,B,1058.55,1,1
2021-06-17 14:05:58,B,1058.5,1,91
2021-06-17 14:05:58,B,1058.1,2,28
2021-06-17 14:05:58,B,1058.05,1,1
2021-06-17 14:05:58,B,1058.0,4,7
2021-06-17 14:06:00,S,1059.3,2,10
2021-06-17 14:06:00,S,1059.4,3,15
2021-06-17 14:06:00,S,1059.5,1,1
2021-06-17 14:06:00,S,1059.55,2,19
2021-06-17 14:06:00,S,1059.7,3,9
2021-06-17 14:06:00,B,1058.55,1,1
2021-06-17 14:06:00,B,1058.5,1,91
2021-06-17 14:06:00,B,1058.1,2,28
2021-06-17 14:06:00,B,1058.05,1,1
2021-06-17 14:06:00,B,1058.0,4,7
2021-06-17 14:06:01,S,1059.3,2,10
2021-06-17 14:06:01,S,1059.4,3,15
2021-06-17 14:06:01,S,1059.5,1,1
2021-06-17 14:06:01,S,1059.55,2,19
2021-06-17 14:06:01,S,1059.7,3,9
2021-06-17 14:06:01,B,1058.55,1,1
2021-06-17 14:06:01,B,1058.5,1,91
2021-06-17 14:06:01,B,1058.1,2,28
2021-06-17 14:06:01,B,1058.05,1,1
2021-06-17 14:06:01,B,1058.0,4,7
2021-06-17 14:06:03,S,1058.3,1,1
2021-06-17 14:06:03,S,1058.35,2,10
2021-06-17 14:06:03,S,1058.65,1,10
2021-06-17 14:06:03,S,1058.95,1,10
2021-06-17 14:06:03,S,1059.0,2,4
2021-06-17 14:06:03,B,1057.1,1,4
2021-06-17 14:06:03,B,1057.05,1,15
2021-06-17 14:06:03,B,1057.0,4,28
2021-06-17 14:06:03,B,1056.65,1,1
2021-06-17 14:06:03,B,1056.1,1,1
2021-06-17 14:06:07,S,1058.2,1,1
2021-06-17 14:06:07,S,1058.25,3,5
2021-06-17 14:06:07,S,1058.3,1,2
2021-06-17 14:06:07,S,1058.35,2,10
2021-06-17 14:06:07,S,1058.4,1,1
2021-06-17 14:06:07,B,1057.05,1,15
2021-06-17 14:06:07,B,1057.0,4,28
2021-06-17 14:06:07,B,1056.7,1,4
2021-06-17 14:06:07,B,1056.65,1,1
2021-06-17 14:06:07,B,1056.1,1,1
2021-06-17 14:06:12,S,1058.2,3,3
2021-06-17 14:06:12,S,1058.25,3,5
2021-06-17 14:06:12,S,1058.35,2,10
2021-06-17 14:06:12,S,1058.4,1,1
2021-06-17 14:06:12,S,1058.65,1,10
2021-06-17 14:06:12,B,1057.05,1,15
2021-06-17 14:06:12,B,1057.0,4,28
2021-06-17 14:06:12,B,1056.7,1,4
2021-06-17 14:06:12,B,1056.65,1,1
2021-06-17 14:06:12,B,1056.1,1,1
2021-06-17 14:06:34,S,1058.2,3,3
2021-06-17 14:06:34,S,1058.25,3,5
2021-06-17 14:06:34,S,1058.35,2,10
2021-06-17 14:06:34,S,1058.4,1,1
2021-06-17 14:06:34,S,1058.65,1,10
2021-06-17 14:06:34,B,1057.05,1,15
2021-06-17 14:06:34,B,1057.0,4,28
2021-06-17 14:06:34,B,1056.7,1,4
2021-06-17 14:06:34,B,1056.65,1,1
2021-06-17 14:06:34,B,1056.1,1,1
2021-06-17 14:06:35,S,1058.15,1,1
2021-06-17 14:06:35,S,1058.2,1,1
2021-06-17 14:06:35,S,1058.3,2,4
2021-06-17 14:06:35,S,1058.35,1,9
2021-06-17 14:06:35,S,1058.4,1,1
2021-06-17 14:06:35,B,1057.1,1,1
2021-06-17 14:06:35,B,1057.05,1,15
2021-06-17 14:06:35,B,1057.0,4,28
2021-06-17 14:06:35,B,1056.7,1,4
2021-06-17 14:06:35,B,1056.65,1,1
2021-06-17 14:06:36,S,1058.15,1,1
2021-06-17 14:06:36,S,1058.2,1,1
2021-06-17 14:06:36,S,1058.3,2,4
2021-06-17 14:06:36,S,1058.35,1,9
2021-06-17 14:06:36,S,1058.4,1,1
2021-06-17 14:06:36,B,1057.1,1,1
2021-06-17 14:06:36,B,1057.05,1,15
2021-06-17 14:06:36,B,1057.0,4,28
2021-06-17 14:06:36,B,1056.7,1,4
2021-06-17 14:06:36,B,1056.65,1,1
2021-06-17 14:06:37,S,1058.65,1,1
2021-06-17 14:06:37,S,1058.7,2,4
2021-06-17 14:06:37,S,1058.8,1,1
2021-06-17 14:06:37,S,1058.9,1,7
2021-06-17 14:06:37,S,1058.95,1,10
2021-06-17 14:06:37,B,1057.1,3,17
2021-06-17 14:06:37,B,1057.05,2,17
2021-06-17 14:06:37,B,1057.0,4,28
2021-06-17 14:06:37,B,1056.95,1,10
2021-06-17 14:06:37,B,1056.65,2,11
2021-06-17 14:06:38,S,1058.65,1,1
2021-06-17 14:06:38,S,1058.7,2,4
2021-06-17 14:06:38,S,1058.8,1,1
2021-06-17 14:06:38,S,1058.9,1,7
2021-06-17 14:06:38,S,1058.95,1,10
2021-06-17 14:06:38,B,1057.1,2,8
2021-06-17 14:06:38,B,1057.05,2,17
2021-06-17 14:06:38,B,1057.0,4,28
2021-06-17 14:06:38,B,1056.95,1,10
2021-06-17 14:06:38,B,1056.9,1,10
2021-06-17 14:06:41,S,1058.65,1,1
2021-06-17 14:06:41,S,1058.7,2,4
2021-06-17 14:06:41,S,1058.8,1,1
2021-06-17 14:06:41,S,1058.9,1,7
2021-06-17 14:06:41,S,1059.0,1,2
2021-06-17 14:06:41,B,1057.1,2,8
2021-06-17 14:06:41,B,1057.05,2,17
2021-06-17 14:06:41,B,1057.0,4,28
2021-06-17 14:06:41,B,1056.9,1,10
2021-06-17 14:06:41,B,1056.65,2,11
2021-06-17 14:06:44,S,1058.55,1,1
2021-06-17 14:06:44,S,1058.6,1,6
2021-06-17 14:06:44,S,1058.65,1,4
2021-06-17 14:06:44,S,1058.7,2,4
2021-06-17 14:06:44,S,1058.8,1,1
2021-06-17 14:06:44,B,1057.1,2,8
2021-06-17 14:06:44,B,1057.05,1,15
2021-06-17 14:06:44,B,1057.0,4,28
2021-06-17 14:06:44,B,1056.7,1,4
2021-06-17 14:06:44,B,1056.65,2,11
2021-06-17 14:06:49,S,1058.55,1,1
2021-06-17 14:06:49,S,1058.6,1,6
2021-06-17 14:06:49,S,1058.65,1,4
2021-06-17 14:06:49,S,1058.7,2,4
2021-06-17 14:06:49,S,1058.8,1,1
2021-06-17 14:06:49,B,1057.1,2,8
2021-06-17 14:06:49,B,1057.05,1,15
2021-06-17 14:06:49,B,1057.0,4,28
2021-06-17 14:06:49,B,1056.7,1,4
2021-06-17 14:06:49,B,1056.65,2,11
2021-06-17 14:06:49,S,1058.05,1,1
2021-06-17 14:06:49,S,1058.1,1,5
2021-06-17 14:06:49,S,1058.2,1,10
2021-06-17 14:06:49,S,1058.35,1,10
2021-06-17 14:06:49,S,1058.5,2,4
2021-06-17 14:06:49,B,1057.05,1,6
2021-06-17 14:06:49,B,1057.0,4,28
2021-06-17 14:06:49,B,1056.55,1,4
2021-06-17 14:06:49,B,1056.35,1,12
2021-06-17 14:06:49,B,1056.1,1,1
2021-06-17 14:06:55,S,1058.1,1,5
2021-06-17 14:06:55,S,1058.15,1,1
2021-06-17 14:06:55,S,1058.2,2,11
2021-06-17 14:06:55,S,1058.5,3,5
2021-06-17 14:06:55,S,1058.65,1,9
2021-06-17 14:06:55,B,1057.05,1,6
2021-06-17 14:06:55,B,1057.0,4,28
2021-06-17 14:06:55,B,1056.65,1,10
2021-06-17 14:06:55,B,1056.55,1,4
2021-06-17 14:06:55,B,1056.35,1,12
2021-06-17 14:06:58,S,1058.05,1,1
2021-06-17 14:06:58,S,1058.1,1,5
2021-06-17 14:06:58,S,1058.2,2,11
2021-06-17 14:06:58,S,1058.35,1,9
2021-06-17 14:06:58,S,1058.5,3,5
2021-06-17 14:06:58,B,1057.05,1,6
2021-06-17 14:06:58,B,1057.0,4,28
2021-06-17 14:06:58,B,1056.8,1,1
2021-06-17 14:06:58,B,1056.55,1,9
2021-06-17 14:06:58,B,1056.5,1,1
2021-06-17 14:07:00,S,1058.05,1,1
2021-06-17 14:07:00,S,1058.1,1,5
2021-06-17 14:07:00,S,1058.2,2,11
2021-06-17 14:07:00,S,1058.35,1,9
2021-06-17 14:07:00,S,1058.5,3,5
2021-06-17 14:07:00,B,1057.05,1,6
2021-06-17 14:07:00,B,1057.0,4,28
2021-06-17 14:07:00,B,1056.8,1,1
2021-06-17 14:07:00,B,1056.5,1,1
2021-06-17 14:07:00,B,1056.45,1,9
2021-06-17 14:07:04,S,1058.05,1,1
2021-06-17 14:07:04,S,1058.1,1,5
2021-06-17 14:07:04,S,1058.2,2,11
2021-06-17 14:07:04,S,1058.35,1,9
2021-06-17 14:07:04,S,1058.5,3,5
2021-06-17 14:07:04,B,1057.05,1,6
2021-06-17 14:07:04,B,1057.0,4,28
2021-06-17 14:07:04,B,1056.8,1,1
2021-06-17 14:07:04,B,1056.5,1,1
2021-06-17 14:07:04,B,1056.4,1,4
2021-06-17 14:07:09,S,1058.05,1,1
2021-06-17 14:07:09,S,1058.1,1,5
2021-06-17 14:07:09,S,1058.2,2,11
2021-06-17 14:07:09,S,1058.35,1,9
2021-06-17 14:07:09,S,1058.5,3,5
2021-06-17 14:07:09,B,1057.05,1,6
2021-06-17 14:07:09,B,1057.0,4,28
2021-06-17 14:07:09,B,1056.8,1,1
2021-06-17 14:07:09,B,1056.5,1,1
2021-06-17 14:07:09,B,1056.4,1,4
2021-06-17 14:07:10,S,1058.15,1,1
2021-06-17 14:07:10,S,1058.2,1,6
2021-06-17 14:07:10,S,1058.3,1,4
2021-06-17 14:07:10,S,1058.35,1,9
2021-06-17 14:07:10,S,1058.5,2,4
2021-06-17 14:07:10,B,1057.1,1,1
2021-06-17 14:07:10,B,1057.05,1,6
2021-06-17 14:07:10,B,1057.0,4,28
2021-06-17 14:07:10,B,1056.8,1,1
2021-06-17 14:07:10,B,1056.7,1,10
2021-06-17 14:07:14,S,1058.15,1,1
2021-06-17 14:07:14,S,1058.2,1,6
2021-06-17 14:07:14,S,1058.3,1,4
2021-06-17 14:07:14,S,1058.35,2,10
2021-06-17 14:07:14,S,1058.5,2,4
2021-06-17 14:07:14,B,1057.1,1,1
2021-06-17 14:07:14,B,1057.05,1,6
2021-06-17 14:07:14,B,1057.0,4,28
2021-06-17 14:07:14,B,1056.8,1,1
2021-06-17 14:07:14,B,1056.7,1,10
2021-06-17 14:07:16,S,1058.3,1,1
2021-06-17 14:07:16,S,1058.35,1,1
2021-06-17 14:07:16,S,1058.45,1,3
2021-06-17 14:07:16,S,1058.65,1,9
2021-06-17 14:07:16,S,1058.7,2,4
2021-06-17 14:07:16,B,1057.1,1,1
2021-06-17 14:07:16,B,1057.05,1,6
2021-06-17 14:07:16,B,1057.0,4,28
2021-06-17 14:07:16,B,1056.8,1,1
2021-06-17 14:07:16,B,1056.7,1,10
2021-06-17 14:07:19,S,1058.3,1,1
2021-06-17 14:07:19,S,1058.35,1,1
2021-06-17 14:07:19,S,1058.45,1,3
2021-06-17 14:07:19,S,1058.65,1,9
2021-06-17 14:07:19,S,1058.75,2,4
2021-06-17 14:07:19,B,1057.2,1,1
2021-06-17 14:07:19,B,1057.15,1,10
2021-06-17 14:07:19,B,1057.05,1,6
2021-06-17 14:07:19,B,1057.0,4,28
2021-06-17 14:07:19,B,1056.8,1,1
2021-06-17 14:07:21,S,1058.3,1,1
2021-06-17 14:07:21,S,1058.35,1,1
2021-06-17 14:07:21,S,1058.65,1,9
2021-06-17 14:07:21,S,1058.7,1,1
2021-06-17 14:07:21,S,1058.75,2,4
2021-06-17 14:07:21,B,1057.2,1,1
2021-06-17 14:07:21,B,1057.15,1,10
2021-06-17 14:07:21,B,1057.05,1,6
2021-06-17 14:07:21,B,1057.0,5,33
2021-06-17 14:07:21,B,1056.95,1,10
2021-06-17 14:07:24,S,1058.3,2,2
2021-06-17 14:07:24,S,1058.35,1,1
2021-06-17 14:07:24,S,1058.65,1,9
2021-06-17 14:07:24,S,1058.7,1,1
2021-06-17 14:07:24,S,1058.75,2,4
2021-06-17 14:07:24,B,1057.2,1,1
2021-06-17 14:07:24,B,1057.15,1,10
2021-06-17 14:07:24,B,1057.05,1,6
2021-06-17 14:07:24,B,1057.0,5,33
2021-06-17 14:07:24,B,1056.8,1,1
2021-06-17 14:07:30,S,1058.25,1,1
2021-06-17 14:07:30,S,1058.3,1,1
2021-06-17 14:07:30,S,1058.35,1,1
2021-06-17 14:07:30,S,1058.65,1,9
2021-06-17 14:07:30,S,1058.7,1,1
2021-06-17 14:07:30,B,1057.1,1,1
2021-06-17 14:07:30,B,1057.05,1,6
2021-06-17 14:07:30,B,1057.0,5,33
2021-06-17 14:07:30,B,1056.9,1,10
2021-06-17 14:07:30,B,1056.8,1,1
2021-06-17 14:07:32,S,1058.25,2,2
2021-06-17 14:07:32,S,1058.35,1,1
2021-06-17 14:07:32,S,1058.65,1,9
2021-06-17 14:07:32,S,1058.7,1,1
2021-06-17 14:07:32,S,1058.75,2,4
2021-06-17 14:07:32,B,1057.1,1,1
2021-06-17 14:07:32,B,1057.05,1,6
2021-06-17 14:07:32,B,1057.0,5,33
2021-06-17 14:07:32,B,1056.9,1,10
2021-06-17 14:07:32,B,1056.8,1,1
2021-06-17 14:07:38,S,1058.25,2,2
2021-06-17 14:07:38,S,1058.35,1,1
2021-06-17 14:07:38,S,1058.65,1,9
2021-06-17 14:07:38,S,1058.7,1,1
2021-06-17 14:07:38,S,1058.75,2,4
2021-06-17 14:07:38,B,1057.1,1,1
2021-06-17 14:07:38,B,1057.05,1,6
2021-06-17 14:07:38,B,1057.0,5,33
2021-06-17 14:07:38,B,1056.8,1,1
2021-06-17 14:07:38,B,1056.75,1,10
2021-06-17 14:07:45,S,1058.25,2,2
2021-06-17 14:07:45,S,1058.35,1,1
2021-06-17 14:07:45,S,1058.65,1,9
2021-06-17 14:07:45,S,1058.7,1,1
2021-06-17 14:07:45,S,1058.75,2,4
2021-06-17 14:07:45,B,1057.1,1,1
2021-06-17 14:07:45,B,1057.05,1,6
2021-06-17 14:07:45,B,1057.0,5,33
2021-06-17 14:07:45,B,1056.8,1,1
2021-06-17 14:07:45,B,1056.65,1,11
2021-06-17 14:07:48,S,1058.1,2,10
2021-06-17 14:07:48,S,1058.3,1,1
2021-06-17 14:07:48,S,1058.35,2,13
2021-06-17 14:07:48,S,1058.6,1,5
2021-06-17 14:07:48,S,1058.65,1,9
2021-06-17 14:07:48,B,1057.1,1,1
2021-06-17 14:07:48,B,1057.05,1,6
2021-06-17 14:07:48,B,1057.0,5,33
2021-06-17 14:07:48,B,1056.8,1,1
2021-06-17 14:07:48,B,1056.65,1,11
2021-06-17 14:07:51,S,1058.1,1,1
2021-06-17 14:07:51,S,1058.3,1,1
2021-06-17 14:07:51,S,1058.35,2,13
2021-06-17 14:07:51,S,1058.6,1,5
2021-06-17 14:07:51,S,1058.65,1,9
2021-06-17 14:07:51,B,1057.1,1,1
2021-06-17 14:07:51,B,1057.05,1,6
2021-06-17 14:07:51,B,1057.0,5,33
2021-06-17 14:07:51,B,1056.8,1,1
2021-06-17 14:07:51,B,1056.65,1,11
2021-06-17 14:07:59,S,1058.1,1,1
2021-06-17 14:07:59,S,1058.3,1,1
2021-06-17 14:07:59,S,1058.35,2,13
2021-06-17 14:07:59,S,1058.6,1,5
2021-06-17 14:07:59,S,1058.65,1,9
2021-06-17 14:07:59,B,1057.3,1,1
2021-06-17 14:07:59,B,1057.25,1,15
2021-06-17 14:07:59,B,1057.05,1,6
2021-06-17 14:07:59,B,1057.0,5,33
2021-06-17 14:07:59,B,1056.8,1,1
2021-06-17 14:08:10,S,1058.1,1,1
2021-06-17 14:08:10,S,1058.3,1,1
2021-06-17 14:08:10,S,1058.35,2,13
2021-06-17 14:08:10,S,1058.6,1,5
2021-06-17 14:08:10,S,1058.65,1,9
2021-06-17 14:08:10,B,1057.3,1,1
2021-06-17 14:08:10,B,1057.25,1,15
2021-06-17 14:08:10,B,1057.05,1,6
2021-06-17 14:08:10,B,1057.0,5,33
2021-06-17 14:08:10,B,1056.8,1,1
2021-06-17 14:08:12,S,1058.1,1,1
2021-06-17 14:08:12,S,1058.3,1,1
2021-06-17 14:08:12,S,1058.35,2,13
2021-06-17 14:08:12,S,1058.6,1,5
2021-06-17 14:08:12,S,1058.65,1,9
2021-06-17 14:08:12,B,1057.3,1,1
2021-06-17 14:08:12,B,1057.25,1,15
2021-06-17 14:08:12,B,1057.05,1,6
2021-06-17 14:08:12,B,1057.0,5,33
2021-06-17 14:08:12,B,1056.8,1,1
2021-06-17 14:08:13,S,1058.1,1,1
2021-06-17 14:08:13,S,1058.3,1,1
2021-06-17 14:08:13,S,1058.35,1,1
2021-06-17 14:08:13,S,1058.6,1,5
2021-06-17 14:08:13,S,1058.65,1,9
2021-06-17 14:08:13,B,1057.3,1,1
2021-06-17 14:08:13,B,1057.25,1,15
2021-06-17 14:08:13,B,1057.05,1,6
2021-06-17 14:08:13,B,1057.0,5,33
2021-06-17 14:08:13,B,1056.8,1,1
2021-06-17 14:08:28,S,1058.1,1,1
2021-06-17 14:08:28,S,1058.35,1,1
2021-06-17 14:08:28,S,1058.6,1,1
2021-06-17 14:08:28,S,1058.65,1,9
2021-06-17 14:08:28,S,1058.75,1,2
2021-06-17 14:08:28,B,1057.3,2,11
2021-06-17 14:08:28,B,1057.25,1,15
2021-06-17 14:08:28,B,1057.05,1,6
2021-06-17 14:08:28,B,1057.0,5,33
2021-06-17 14:08:28,B,1056.95,1,9
2021-06-17 14:08:38,S,1058.1,1,1
2021-06-17 14:08:38,S,1058.35,1,1
2021-06-17 14:08:38,S,1058.6,1,1
2021-06-17 14:08:38,S,1058.65,1,9
2021-06-17 14:08:38,S,1058.75,1,2
2021-06-17 14:08:38,B,1057.3,1,1
2021-06-17 14:08:38,B,1057.25,1,15
2021-06-17 14:08:38,B,1057.05,1,6
2021-06-17 14:08:38,B,1057.0,5,33
2021-06-17 14:08:38,B,1056.85,1,9
2021-06-17 14:08:48,S,1058.1,1,1
2021-06-17 14:08:48,S,1058.35,1,1
2021-06-17 14:08:48,S,1058.6,1,1
2021-06-17 14:08:48,S,1058.65,1,9
2021-06-17 14:08:48,S,1058.75,1,2
2021-06-17 14:08:48,B,1057.3,1,1
2021-06-17 14:08:48,B,1057.25,1,15
2021-06-17 14:08:48,B,1057.05,1,6
2021-06-17 14:08:48,B,1057.0,5,33
2021-06-17 14:08:48,B,1056.85,1,9
2021-06-17 14:08:48,S,1058.1,1,1
2021-06-17 14:08:48,S,1058.35,1,1
2021-06-17 14:08:48,S,1058.6,1,1
2021-06-17 14:08:48,S,1058.65,1,9
2021-06-17 14:08:48,S,1058.75,1,2
2021-06-17 14:08:48,B,1057.3,1,1
2021-06-17 14:08:48,B,1057.25,1,15
2021-06-17 14:08:48,B,1057.05,1,6
2021-06-17 14:08:48,B,1057.0,5,33
2021-06-17 14:08:48,B,1056.85,1,9
2021-06-17 14:08:51,S,1058.55,1,1
2021-06-17 14:08:51,S,1058.6,1,10
2021-06-17 14:08:51,S,1058.75,1,2
2021-06-17 14:08:51,S,1058.8,1,1
2021-06-17 14:08:51,S,1058.85,2,4
2021-06-17 14:08:51,B,1057.3,1,1
2021-06-17 14:08:51,B,1057.25,1,15
2021-06-17 14:08:51,B,1057.05,1,6
2021-06-17 14:08:51,B,1057.0,5,33
2021-06-17 14:08:51,B,1056.85,1,9
2021-06-17 14:08:52,S,1058.55,1,1
2021-06-17 14:08:52,S,1058.6,1,10
2021-06-17 14:08:52,S,1058.75,1,2
2021-06-17 14:08:52,S,1058.8,1,1
2021-06-17 14:08:52,S,1058.85,2,4
2021-06-17 14:08:52,B,1057.3,1,1
2021-06-17 14:08:52,B,1057.25,1,15
2021-06-17 14:08:52,B,1057.05,1,6
2021-06-17 14:08:52,B,1057.0,5,33
2021-06-17 14:08:52,B,1056.85,1,9
2021-06-17 14:08:57,S,1058.55,1,1
2021-06-17 14:08:57,S,1058.6,1,10
2021-06-17 14:08:57,S,1058.75,1,2
2021-06-17 14:08:57,S,1058.8,1,1
2021-06-17 14:08:57,S,1058.85,2,4
2021-06-17 14:08:57,B,1057.3,1,1
2021-06-17 14:08:57,B,1057.25,1,15
2021-06-17 14:08:57,B,1057.05,1,6
2021-06-17 14:08:57,B,1057.0,5,33
2021-06-17 14:08:57,B,1056.85,1,9
2021-06-17 14:09:00,S,1058.45,1,1
2021-06-17 14:09:00,S,1058.5,1,9
2021-06-17 14:09:00,S,1058.55,1,2
2021-06-17 14:09:00,S,1058.75,1,2
2021-06-17 14:09:00,S,1058.8,1,1
2021-06-17 14:09:00,B,1057.3,1,1
2021-06-17 14:09:00,B,1057.25,1,15
2021-06-17 14:09:00,B,1057.05,1,6
2021-06-17 14:09:00,B,1057.0,5,33
2021-06-17 14:09:00,B,1056.85,1,9
2021-06-17 14:09:02,S,1058.45,2,3
2021-06-17 14:09:02,S,1058.5,1,9
2021-06-17 14:09:02,S,1058.75,1,2
2021-06-17 14:09:02,S,1058.8,1,1
2021-06-17 14:09:02,S,1058.85,2,4
2021-06-17 14:09:02,B,1057.3,1,1
2021-06-17 14:09:02,B,1057.25,1,15
2021-06-17 14:09:02,B,1057.05,1,6
2021-06-17 14:09:02,B,1057.0,5,33
2021-06-17 14:09:02,B,1056.85,1,9
2021-06-17 14:09:04,S,1058.45,2,3
2021-06-17 14:09:04,S,1058.5,1,9
2021-06-17 14:09:04,S,1058.75,1,2
2021-06-17 14:09:04,S,1058.8,1,1
2021-06-17 14:09:04,S,1058.85,2,4
2021-06-17 14:09:04,B,1057.3,1,1
2021-06-17 14:09:04,B,1057.25,1,15
2021-06-17 14:09:04,B,1057.05,1,6
2021-06-17 14:09:04,B,1057.0,5,33
2021-06-17 14:09:04,B,1056.85,1,9
2021-06-17 14:09:10,S,1058.75,2,6
2021-06-17 14:09:10,S,1058.8,1,1
2021-06-17 14:09:10,S,1058.85,1,10
2021-06-17 14:09:10,S,1058.9,1,7
2021-06-17 14:09:10,S,1058.95,2,4
2021-06-17 14:09:10,B,1057.3,2,10
2021-06-17 14:09:10,B,1057.25,1,15
2021-06-17 14:09:10,B,1057.05,1,6
2021-06-17 14:09:10,B,1057.0,5,33
2021-06-17 14:09:10,B,1056.95,1,11
2021-06-17 14:09:12,S,1058.7,1,4
2021-06-17 14:09:12,S,1058.75,1,2
2021-06-17 14:09:12,S,1058.8,1,1
2021-06-17 14:09:12,S,1058.85,1,10
2021-06-17 14:09:12,S,1058.9,1,7
2021-06-17 14:09:12,B,1057.3,2,10
2021-06-17 14:09:12,B,1057.25,1,15
2021-06-17 14:09:12,B,1057.05,1,6
2021-06-17 14:09:12,B,1057.0,5,33
2021-06-17 14:09:12,B,1056.95,1,11
2021-06-17 14:09:14,S,1058.9,2,9
2021-06-17 14:09:14,S,1058.95,1,2
2021-06-17 14:09:14,S,1059.0,1,2
2021-06-17 14:09:14,S,1059.05,2,10
2021-06-17 14:09:14,S,1059.1,2,10
2021-06-17 14:09:14,B,1058.1,1,1
2021-06-17 14:09:14,B,1057.75,1,1
2021-06-17 14:09:14,B,1057.7,1,1
2021-06-17 14:09:14,B,1057.6,1,9
2021-06-17 14:09:14,B,1057.45,1,7
2021-06-17 14:09:16,S,1058.9,1,2
2021-06-17 14:09:16,S,1058.95,1,2
2021-06-17 14:09:16,S,1059.0,1,2
2021-06-17 14:09:16,S,1059.05,2,10
2021-06-17 14:09:16,S,1059.1,1,1
2021-06-17 14:09:16,B,1058.1,1,1
2021-06-17 14:09:16,B,1057.75,1,1
2021-06-17 14:09:16,B,1057.7,1,1
2021-06-17 14:09:16,B,1057.6,1,9
2021-06-17 14:09:16,B,1057.45,1,7
2021-06-17 14:09:22,S,1058.9,1,2
2021-06-17 14:09:22,S,1058.95,1,2
2021-06-17 14:09:22,S,1059.0,1,2
2021-06-17 14:09:22,S,1059.05,2,10
2021-06-17 14:09:22,S,1059.1,1,1
2021-06-17 14:09:22,B,1058.1,1,1
2021-06-17 14:09:22,B,1057.75,1,1
2021-06-17 14:09:22,B,1057.7,1,1
2021-06-17 14:09:22,B,1057.6,1,9
2021-06-17 14:09:22,B,1057.45,1,7
2021-06-17 14:09:24,S,1058.9,1,2
2021-06-17 14:09:24,S,1058.95,1,2
2021-06-17 14:09:24,S,1059.1,1,1
2021-06-17 14:09:24,S,1059.4,4,24
2021-06-17 14:09:24,S,1059.5,2,4
2021-06-17 14:09:24,B,1058.1,1,1
2021-06-17 14:09:24,B,1058.0,1,1
2021-06-17 14:09:24,B,1057.95,1,10
2021-06-17 14:09:24,B,1057.7,1,1
2021-06-17 14:09:24,B,1057.45,1,7
2021-06-17 14:09:33,S,1058.9,1,2
2021-06-17 14:09:33,S,1058.95,1,2
2021-06-17 14:09:33,S,1059.1,1,1
2021-06-17 14:09:33,S,1059.35,1,6
2021-06-17 14:09:33,S,1059.4,3,15
2021-06-17 14:09:33,B,1058.1,1,1
2021-06-17 14:09:33,B,1058.0,1,1
2021-06-17 14:09:33,B,1057.95,1,10
2021-06-17 14:09:33,B,1057.7,1,1
2021-06-17 14:09:33,B,1057.45,1,7
2021-06-17 14:09:40,S,1058.9,1,1
2021-06-17 14:09:40,S,1058.95,1,2
2021-06-17 14:09:40,S,1059.1,1,1
2021-06-17 14:09:40,S,1059.35,1,6
2021-06-17 14:09:40,S,1059.4,3,15
2021-06-17 14:09:40,B,1058.1,1,1
2021-06-17 14:09:40,B,1058.0,1,1
2021-06-17 14:09:40,B,1057.95,1,10
2021-06-17 14:09:40,B,1057.7,1,1
2021-06-17 14:09:40,B,1057.45,1,7
2021-06-17 14:09:42,S,1058.9,1,1
2021-06-17 14:09:42,S,1058.95,1,2
2021-06-17 14:09:42,S,1059.1,1,1
2021-06-17 14:09:42,S,1059.35,1,6
2021-06-17 14:09:42,S,1059.4,3,15
2021-06-17 14:09:42,B,1058.1,1,1
2021-06-17 14:09:42,B,1058.0,1,1
2021-06-17 14:09:42,B,1057.95,1,10
2021-06-17 14:09:42,B,1057.7,1,1
2021-06-17 14:09:42,B,1057.45,1,7
2021-06-17 14:09:43,S,1058.9,1,1
2021-06-17 14:09:43,S,1058.95,1,2
2021-06-17 14:09:43,S,1059.1,1,1
2021-06-17 14:09:43,S,1059.3,2,4
2021-06-17 14:09:43,S,1059.35,1,6
2021-06-17 14:09:43,B,1058.0,1,1
2021-06-17 14:09:43,B,1057.95,1,10
2021-06-17 14:09:43,B,1057.7,1,1
2021-06-17 14:09:43,B,1057.45,1,7
2021-06-17 14:09:43,B,1057.35,1,6
2021-06-17 14:09:50,S,1058.9,1,1
2021-06-17 14:09:50,S,1058.95,1,2
2021-06-17 14:09:50,S,1059.1,1,1
2021-06-17 14:09:50,S,1059.3,2,4
2021-06-17 14:09:50,S,1059.35,1,6
2021-06-17 14:09:50,B,1058.0,1,1
2021-06-17 14:09:50,B,1057.95,1,10
2021-06-17 14:09:50,B,1057.7,1,1
2021-06-17 14:09:50,B,1057.45,1,7
2021-06-17 14:09:50,B,1057.35,1,6
2021-06-17 14:09:52,S,1058.9,1,1
2021-06-17 14:09:52,S,1058.95,1,2
2021-06-17 14:09:52,S,1059.1,1,1
2021-06-17 14:09:52,S,1059.3,2,4
2021-06-17 14:09:52,S,1059.35,1,6
2021-06-17 14:09:52,B,1058.0,1,1
2021-06-17 14:09:52,B,1057.95,1,10
2021-06-17 14:09:52,B,1057.7,1,1
2021-06-17 14:09:52,B,1057.45,1,7
2021-06-17 14:09:52,B,1057.35,1,6
2021-06-17 14:10:00,S,1058.9,1,1
2021-06-17 14:10:00,S,1058.95,1,2
2021-06-17 14:10:00,S,1059.1,1,1
2021-06-17 14:10:00,S,1059.3,2,4
2021-06-17 14:10:00,S,1059.35,1,6
2021-06-17 14:10:00,B,1057.85,1,1
2021-06-17 14:10:00,B,1057.8,1,9
2021-06-17 14:10:00,B,1057.7,1,1
2021-06-17 14:10:00,B,1057.45,1,7
2021-06-17 14:10:00,B,1057.35,1,6
2021-06-17 14:10:07,S,1058.9,1,1
2021-06-17 14:10:07,S,1058.95,1,2
2021-06-17 14:10:07,S,1059.1,1,1
2021-06-17 14:10:07,S,1059.3,2,4
2021-06-17 14:10:07,S,1059.35,1,6
2021-06-17 14:10:07,B,1057.75,1,1
2021-06-17 14:10:07,B,1057.7,1,1
2021-06-17 14:10:07,B,1057.65,1,10
2021-06-17 14:10:07,B,1057.45,1,7
2021-06-17 14:10:07,B,1057.35,1,6
2021-06-17 14:10:10,S,1058.9,1,1
2021-06-17 14:10:10,S,1058.95,1,2
2021-06-17 14:10:10,S,1059.1,1,1
2021-06-17 14:10:10,S,1059.3,2,4
2021-06-17 14:10:10,S,1059.35,1,6
2021-06-17 14:10:10,B,1057.75,1,1
2021-06-17 14:10:10,B,1057.7,1,1
2021-06-17 14:10:10,B,1057.45,1,7
2021-06-17 14:10:10,B,1057.35,1,6
2021-06-17 14:10:10,B,1057.25,3,26
2021-06-17 14:10:13,S,1058.9,1,1
2021-06-17 14:10:13,S,1058.95,1,2
2021-06-17 14:10:13,S,1059.1,1,1
2021-06-17 14:10:13,S,1059.3,2,4
2021-06-17 14:10:13,S,1059.35,1,6
2021-06-17 14:10:13,B,1057.75,1,1
2021-06-17 14:10:13,B,1057.7,1,1
2021-06-17 14:10:13,B,1057.55,1,9
2021-06-17 14:10:13,B,1057.45,1,7
2021-06-17 14:10:13,B,1057.35,1,6
2021-06-17 14:10:27,S,1058.95,1,2
2021-06-17 14:10:27,S,1059.1,1,1
2021-06-17 14:10:27,S,1059.3,1,6
2021-06-17 14:10:27,S,1059.35,3,10
2021-06-17 14:10:27,S,1059.4,3,15
2021-06-17 14:10:27,B,1057.75,2,10
2021-06-17 14:10:27,B,1057.7,1,1
2021-06-17 14:10:27,B,1057.45,1,7
2021-06-17 14:10:27,B,1057.35,1,6
2021-06-17 14:10:27,B,1057.25,3,26
2021-06-17 14:10:30,S,1058.95,1,2
2021-06-17 14:10:30,S,1059.1,1,1
2021-06-17 14:10:30,S,1059.25,1,1
2021-06-17 14:10:30,S,1059.3,1,6
2021-06-17 14:10:30,S,1059.35,1,6
2021-06-17 14:10:30,B,1058.1,1,1
2021-06-17 14:10:30,B,1057.9,1,1
2021-06-17 14:10:30,B,1057.85,1,9
2021-06-17 14:10:30,B,1057.7,1,1
2021-06-17 14:10:30,B,1057.45,1,7
2021-06-17 14:10:41,S,1058.95,1,2
2021-06-17 14:10:41,S,1059.1,1,1
2021-06-17 14:10:41,S,1059.25,1,1
2021-06-17 14:10:41,S,1059.3,1,6
2021-06-17 14:10:41,S,1059.35,1,6
2021-06-17 14:10:41,B,1058.15,1,1
2021-06-17 14:10:41,B,1058.1,1,1
2021-06-17 14:10:41,B,1057.95,1,10
2021-06-17 14:10:41,B,1057.7,1,1
2021-06-17 14:10:41,B,1057.45,1,7
2021-06-17 14:10:46,S,1058.95,1,2
2021-06-17 14:10:46,S,1059.1,1,1
2021-06-17 14:10:46,S,1059.25,1,1
2021-06-17 14:10:46,S,1059.3,1,6
2021-06-17 14:10:46,S,1059.35,1,6
2021-06-17 14:10:46,B,1058.15,1,1
2021-06-17 14:10:46,B,1058.1,1,1
2021-06-17 14:10:46,B,1057.95,1,10
2021-06-17 14:10:46,B,1057.7,1,1
2021-06-17 14:10:46,B,1057.45,1,7
2021-06-17 14:10:57,S,1058.95,1,2
2021-06-17 14:10:57,S,1059.1,1,1
2021-06-17 14:10:57,S,1059.25,1,1
2021-06-17 14:10:57,S,1059.3,1,6
2021-06-17 14:10:57,S,1059.35,1,6
2021-06-17 14:10:57,B,1058.15,1,1
2021-06-17 14:10:57,B,1058.1,1,1
2021-06-17 14:10:57,B,1057.95,1,10
2021-06-17 14:10:57,B,1057.7,1,1
2021-06-17 14:10:57,B,1057.45,1,7
2021-06-17 14:10:57,S,1058.95,1,1
2021-06-17 14:10:57,S,1059.05,1,1
2021-06-17 14:10:57,S,1059.1,1,1
2021-06-17 14:10:57,S,1059.15,1,9
2021-06-17 14:10:57,S,1059.25,1,11
2021-06-17 14:10:57,B,1058.1,1,1
2021-06-17 14:10:57,B,1057.75,1,1
2021-06-17 14:10:57,B,1057.7,1,1
2021-06-17 14:10:57,B,1057.6,1,10
2021-06-17 14:10:57,B,1057.45,1,7
2021-06-17 14:11:05,S,1058.95,2,2
2021-06-17 14:11:05,S,1059.05,1,1
2021-06-17 14:11:05,S,1059.1,1,1
2021-06-17 14:11:05,S,1059.15,1,9
2021-06-17 14:11:05,S,1059.25,1,11
2021-06-17 14:11:05,B,1058.1,1,1
2021-06-17 14:11:05,B,1057.75,1,1
2021-06-17 14:11:05,B,1057.7,1,1
2021-06-17 14:11:05,B,1057.6,1,10
2021-06-17 14:11:05,B,1057.45,1,7
2021-06-17 14:11:21,S,1058.95,2,2
2021-06-17 14:11:21,S,1059.05,1,1
2021-06-17 14:11:21,S,1059.1,1,1
2021-06-17 14:11:21,S,1059.25,1,11
2021-06-17 14:11:21,S,1059.3,1,6
2021-06-17 14:11:21,B,1058.1,1,1
2021-06-17 14:11:21,B,1057.85,1,1
2021-06-17 14:11:21,B,1057.8,1,9
2021-06-17 14:11:21,B,1057.7,1,1
2021-06-17 14:11:21,B,1057.45,1,7
2021-06-17 14:11:35,S,1058.95,2,2
2021-06-17 14:11:35,S,1059.05,1,1
2021-06-17 14:11:35,S,1059.1,1,1
2021-06-17 14:11:35,S,1059.3,1,6
2021-06-17 14:11:35,S,1059.35,2,15
2021-06-17 14:11:35,B,1058.1,1,1
2021-06-17 14:11:35,B,1057.85,1,1
2021-06-17 14:11:35,B,1057.8,1,9
2021-06-17 14:11:35,B,1057.7,1,1
2021-06-17 14:11:35,B,1057.45,1,7
2021-06-17 14:11:40,S,1058.95,2,2
2021-06-17 14:11:40,S,1059.05,1,1
2021-06-17 14:11:40,S,1059.1,1,1
2021-06-17 14:11:40,S,1059.3,1,6
2021-06-17 14:11:40,S,1059.35,2,15
2021-06-17 14:11:40,B,1058.1,1,1
2021-06-17 14:11:40,B,1057.85,1,1
2021-06-17 14:11:40,B,1057.8,1,9
2021-06-17 14:11:40,B,1057.7,1,1
2021-06-17 14:11:40,B,1057.45,1,7
2021-06-17 14:11:42,S,1059.25,2,3
2021-06-17 14:11:42,S,1059.3,1,6
2021-06-17 14:11:42,S,1059.35,2,16
2021-06-17 14:11:42,S,1059.4,1,13
2021-06-17 14:11:42,S,1059.5,2,4
2021-06-17 14:11:42,B,1058.1,1,1
2021-06-17 14:11:42,B,1057.85,1,1
2021-06-17 14:11:42,B,1057.8,1,9
2021-06-17 14:11:42,B,1057.7,1,1
2021-06-17 14:11:42,B,1057.45,1,7
2021-06-17 14:11:43,S,1059.0,1,1
2021-06-17 14:11:43,S,1059.05,2,2
2021-06-17 14:11:43,S,1059.25,1,1
2021-06-17 14:11:43,S,1059.3,1,6
2021-06-17 14:11:43,S,1059.35,2,16
2021-06-17 14:11:43,B,1058.1,1,1
2021-06-17 14:11:43,B,1057.85,1,1
2021-06-17 14:11:43,B,1057.8,1,9
2021-06-17 14:11:43,B,1057.7,1,1
2021-06-17 14:11:43,B,1057.45,1,7
2021-06-17 14:11:45,S,1059.0,1,1
2021-06-17 14:11:45,S,1059.05,2,2
2021-06-17 14:11:45,S,1059.15,1,1
2021-06-17 14:11:45,S,1059.2,1,9
2021-06-17 14:11:45,S,1059.3,1,6
2021-06-17 14:11:45,B,1058.1,1,1
2021-06-17 14:11:45,B,1057.85,1,1
2021-06-17 14:11:45,B,1057.8,1,9
2021-06-17 14:11:45,B,1057.7,1,1
2021-06-17 14:11:45,B,1057.45,1,7
2021-06-17 14:11:49,S,1059.0,2,2
2021-06-17 14:11:49,S,1059.05,2,2
2021-06-17 14:11:49,S,1059.2,1,9
2021-06-17 14:11:49,S,1059.3,1,6
2021-06-17 14:11:49,S,1059.35,2,16
2021-06-17 14:11:49,B,1058.1,1,1
2021-06-17 14:11:49,B,1057.75,1,1
2021-06-17 14:11:49,B,1057.7,1,1
2021-06-17 14:11:49,B,1057.45,1,7
2021-06-17 14:11:49,B,1057.35,1,6
2021-06-17 14:11:52,S,1059.0,2,2
2021-06-17 14:11:52,S,1059.05,2,2
2021-06-17 14:11:52,S,1059.2,1,9
2021-06-17 14:11:52,S,1059.3,1,6
2021-06-17 14:11:52,S,1059.35,2,16
2021-06-17 14:11:52,B,1058.1,1,1
2021-06-17 14:11:52,B,1057.75,1,1
2021-06-17 14:11:52,B,1057.7,1,1
2021-06-17 14:11:52,B,1057.55,1,9
2021-06-17 14:11:52,B,1057.45,1,7
2021-06-17 14:11:54,S,1058.95,2,10
2021-06-17 14:11:54,S,1059.0,1,1
2021-06-17 14:11:54,S,1059.05,2,2
2021-06-17 14:11:54,S,1059.2,1,9
2021-06-17 14:11:54,S,1059.3,1,6
2021-06-17 14:11:54,B,1058.1,1,1
2021-06-17 14:11:54,B,1057.75,1,1
2021-06-17 14:11:54,B,1057.7,1,1
2021-06-17 14:11:54,B,1057.45,1,7
2021-06-17 14:11:54,B,1057.35,1,6
2021-06-17 14:12:00,S,1058.95,2,10
2021-06-17 14:12:00,S,1059.0,1,1
2021-06-17 14:12:00,S,1059.05,2,2
2021-06-17 14:12:00,S,1059.2,1,9
2021-06-17 14:12:00,S,1059.3,1,6
2021-06-17 14:12:00,B,1058.1,1,1
2021-06-17 14:12:00,B,1057.75,1,1
2021-06-17 14:12:00,B,1057.7,1,1
2021-06-17 14:12:00,B,1057.45,1,7
2021-06-17 14:12:00,B,1057.35,1,6
2021-06-17 14:12:00,S,1058.95,1,9
2021-06-17 14:12:00,S,1059.0,1,1
2021-06-17 14:12:00,S,1059.05,2,2
2021-06-17 14:12:00,S,1059.1,1,1
2021-06-17 14:12:00,S,1059.15,2,4
2021-06-17 14:12:00,B,1057.5,1,1
2021-06-17 14:12:00,B,1057.45,1,7
2021-06-17 14:12:00,B,1057.35,1,6
2021-06-17 14:12:00,B,1057.3,1,1
2021-06-17 14:12:00,B,1057.25,1,15
2021-06-17 14:12:03,S,1058.95,1,9
2021-06-17 14:12:03,S,1059.0,1,1
2021-06-17 14:12:03,S,1059.05,2,2
2021-06-17 14:12:03,S,1059.1,1,1
2021-06-17 14:12:03,S,1059.15,2,4
2021-06-17 14:12:03,B,1057.5,1,1
2021-06-17 14:12:03,B,1057.45,1,7
2021-06-17 14:12:03,B,1057.35,1,6
2021-06-17 14:12:03,B,1057.3,2,11
2021-06-17 14:12:03,B,1057.25,1,15
2021-06-17 14:12:10,S,1058.95,1,9
2021-06-17 14:12:10,S,1059.0,1,1
2021-06-17 14:12:10,S,1059.05,2,2
2021-06-17 14:12:10,S,1059.1,1,1
2021-06-17 14:12:10,S,1059.15,2,4
2021-06-17 14:12:10,B,1057.5,1,1
2021-06-17 14:12:10,B,1057.45,1,7
2021-06-17 14:12:10,B,1057.35,1,6
2021-06-17 14:12:10,B,1057.3,2,11
2021-06-17 14:12:10,B,1057.25,1,15
2021-06-17 14:12:21,S,1058.95,1,9
2021-06-17 14:12:21,S,1059.0,1,1
2021-06-17 14:12:21,S,1059.05,2,2
2021-06-17 14:12:21,S,1059.1,1,1
2021-06-17 14:12:21,S,1059.15,2,4
2021-06-17 14:12:21,B,1057.5,1,1
2021-06-17 14:12:21,B,1057.45,1,7
2021-06-17 14:12:21,B,1057.35,1,6
2021-06-17 14:12:21,B,1057.3,2,11
2021-06-17 14:12:21,B,1057.25,1,15
2021-06-17 14:12:27,S,1058.95,1,9
2021-06-17 14:12:27,S,1059.0,1,1
2021-06-17 14:12:27,S,1059.05,2,2
2021-06-17 14:12:27,S,1059.1,1,1
2021-06-17 14:12:27,S,1059.15,2,4
2021-06-17 14:12:27,B,1057.6,1,1
2021-06-17 14:12:27,B,1057.55,1,10
2021-06-17 14:12:27,B,1057.45,1,7
2021-06-17 14:12:27,B,1057.35,1,6
2021-06-17 14:12:27,B,1057.3,1,1
2021-06-17 14:12:28,S,1058.95,1,9
2021-06-17 14:12:28,S,1059.0,1,1
2021-06-17 14:12:28,S,1059.05,2,2
2021-06-17 14:12:28,S,1059.1,1,1
2021-06-17 14:12:28,S,1059.15,2,4
2021-06-17 14:12:28,B,1057.6,1,1
2021-06-17 14:12:28,B,1057.55,1,10
2021-06-17 14:12:28,B,1057.45,1,7
2021-06-17 14:12:28,B,1057.35,1,6
2021-06-17 14:12:28,B,1057.3,1,1
2021-06-17 14:12:37,S,1058.95,1,9
2021-06-17 14:12:37,S,1059.0,1,1
2021-06-17 14:12:37,S,1059.05,2,2
2021-06-17 14:12:37,S,1059.1,1,1
2021-06-17 14:12:37,S,1059.15,2,4
2021-06-17 14:12:37,B,1057.6,1,1
2021-06-17 14:12:37,B,1057.55,1,10
2021-06-17 14:12:37,B,1057.45,1,7
2021-06-17 14:12:37,B,1057.35,1,6
2021-06-17 14:12:37,B,1057.3,1,1
2021-06-17 14:12:45,S,1058.95,1,9
2021-06-17 14:12:45,S,1059.0,1,1
2021-06-17 14:12:45,S,1059.05,2,2
2021-06-17 14:12:45,S,1059.1,1,1
2021-06-17 14:12:45,S,1059.15,2,4
2021-06-17 14:12:45,B,1057.6,1,1
2021-06-17 14:12:45,B,1057.55,1,10
2021-06-17 14:12:45,B,1057.45,1,7
2021-06-17 14:12:45,B,1057.35,1,6
2021-06-17 14:12:45,B,1057.3,1,1
2021-06-17 14:12:46,S,1058.95,1,9
2021-06-17 14:12:46,S,1059.0,1,1
2021-06-17 14:12:46,S,1059.05,2,2
2021-06-17 14:12:46,S,1059.1,1,1
2021-06-17 14:12:46,S,1059.15,2,4
2021-06-17 14:12:46,B,1057.6,1,1
2021-06-17 14:12:46,B,1057.55,1,10
2021-06-17 14:12:46,B,1057.45,1,7
2021-06-17 14:12:46,B,1057.35,1,6
2021-06-17 14:12:46,B,1057.3,1,1
2021-06-17 14:12:48,S,1058.95,1,9
2021-06-17 14:12:48,S,1059.0,1,1
2021-06-17 14:12:48,S,1059.05,2,2
2021-06-17 14:12:48,S,1059.1,1,1
2021-06-17 14:12:48,S,1059.15,2,4
2021-06-17 14:12:48,B,1057.6,1,1
2021-06-17 14:12:48,B,1057.55,1,10
2021-06-17 14:12:48,B,1057.45,1,7
2021-06-17 14:12:48,B,1057.35,1,6
2021-06-17 14:12:48,B,1057.3,1,1
2021-06-17 14:12:49,S,1058.9,1,1
2021-06-17 14:12:49,S,1058.95,1,9
2021-06-17 14:12:49,S,1059.0,1,1
2021-06-17 14:12:49,S,1059.05,2,2
2021-06-17 14:12:49,S,1059.1,1,1
2021-06-17 14:12:49,B,1057.5,1,1
2021-06-17 14:12:49,B,1057.45,1,3
2021-06-17 14:12:49,B,1057.35,1,6
2021-06-17 14:12:49,B,1057.3,2,10
2021-06-17 14:12:49,B,1057.25,1,15
2021-06-17 14:12:54,S,1058.9,3,12
2021-06-17 14:12:54,S,1058.95,1,10
2021-06-17 14:12:54,S,1059.0,1,1
2021-06-17 14:12:54,S,1059.05,2,2
2021-06-17 14:12:54,S,1059.1,1,1
2021-06-17 14:12:54,B,1057.5,2,10
2021-06-17 14:12:54,B,1057.45,1,3
2021-06-17 14:12:54,B,1057.35,1,6
2021-06-17 14:12:54,B,1057.3,1,1
2021-06-17 14:12:54,B,1057.25,1,15
2021-06-17 14:13:00,S,1058.9,3,12
2021-06-17 14:13:00,S,1058.95,1,10
2021-06-17 14:13:00,S,1059.0,1,1
2021-06-17 14:13:00,S,1059.05,2,2
2021-06-17 14:13:00,S,1059.1,1,1
2021-06-17 14:13:00,B,1057.5,1,1
2021-06-17 14:13:00,B,1057.45,1,3
2021-06-17 14:13:00,B,1057.35,1,6
2021-06-17 14:13:00,B,1057.3,1,1
2021-06-17 14:13:00,B,1057.25,2,25
2021-06-17 14:13:08,S,1058.9,2,10
2021-06-17 14:13:08,S,1059.0,1,1
2021-06-17 14:13:08,S,1059.05,2,2
2021-06-17 14:13:08,S,1059.1,1,1
2021-06-17 14:13:08,S,1059.15,2,4
2021-06-17 14:13:08,B,1057.5,2,7
2021-06-17 14:13:08,B,1057.45,1,3
2021-06-17 14:13:08,B,1057.35,1,6
2021-06-17 14:13:08,B,1057.3,1,1
2021-06-17 14:13:08,B,1057.25,2,25
2021-06-17 14:13:10,S,1058.9,2,10
2021-06-17 14:13:10,S,1059.0,1,1
2021-06-17 14:13:10,S,1059.05,2,2
2021-06-17 14:13:10,S,1059.1,1,1
2021-06-17 14:13:10,S,1059.15,2,4
2021-06-17 14:13:10,B,1057.6,1,1
2021-06-17 14:13:10,B,1057.55,1,10
2021-06-17 14:13:10,B,1057.5,1,6
2021-06-17 14:13:10,B,1057.45,1,3
2021-06-17 14:13:10,B,1057.35,1,6
2021-06-17 14:13:13,S,1059.05,2,2
2021-06-17 14:13:13,S,1059.15,2,3
2021-06-17 14:13:13,S,1059.2,3,5
2021-06-17 14:13:13,S,1059.25,2,22
2021-06-17 14:13:13,S,1059.3,1,6
2021-06-17 14:13:13,B,1057.6,1,1
2021-06-17 14:13:13,B,1057.55,1,10
2021-06-17 14:13:13,B,1057.5,1,6
2021-06-17 14:13:13,B,1057.45,1,3
2021-06-17 14:13:13,B,1057.35,1,6
2021-06-17 14:13:15,S,1060.05,1,63
2021-06-17 14:13:15,S,1060.4,2,2
2021-06-17 14:13:15,S,1060.55,1,2
2021-06-17 14:13:15,S,1060.75,2,17
2021-06-17 14:13:15,S,1060.9,2,6
2021-06-17 14:13:15,B,1058.1,1,1
2021-06-17 14:13:15,B,1058.05,1,5
2021-06-17 14:13:15,B,1058.0,1,2
2021-06-17 14:13:15,B,1057.85,1,2
2021-06-17 14:13:15,B,1057.6,1,3
2021-06-17 14:13:15,S,1060.05,1,63
2021-06-17 14:13:15,S,1060.4,2,2
2021-06-17 14:13:15,S,1060.55,1,2
2021-06-17 14:13:15,S,1060.75,2,17
2021-06-17 14:13:15,S,1060.9,2,6
2021-06-17 14:13:15,B,1058.1,1,1
2021-06-17 14:13:15,B,1058.05,1,5
2021-06-17 14:13:15,B,1058.0,1,2
2021-06-17 14:13:15,B,1057.85,1,2
2021-06-17 14:13:15,B,1057.6,1,3
2021-06-17 14:13:18,S,1059.95,2,2
2021-06-17 14:13:18,S,1060.0,1,7
2021-06-17 14:13:18,S,1060.05,1,63
2021-06-17 14:13:18,S,1060.2,1,1
2021-06-17 14:13:18,S,1060.55,1,1
2021-06-17 14:13:18,B,1058.4,1,1
2021-06-17 14:13:18,B,1058.35,1,10
2021-06-17 14:13:18,B,1058.0,1,2
2021-06-17 14:13:18,B,1057.85,2,3
2021-06-17 14:13:18,B,1057.6,1,3
2021-06-17 14:13:25,S,1059.85,1,10
2021-06-17 14:13:25,S,1059.95,2,2
2021-06-17 14:13:25,S,1060.0,2,8
2021-06-17 14:13:25,S,1060.05,2,64
2021-06-17 14:13:25,S,1060.2,1,1
2021-06-17 14:13:25,B,1058.4,1,1
2021-06-17 14:13:25,B,1058.35,1,10
2021-06-17 14:13:25,B,1058.0,1,2
2021-06-17 14:13:25,B,1057.85,2,3
2021-06-17 14:13:25,B,1057.6,1,3
2021-06-17 14:13:27,S,1059.85,1,10
2021-06-17 14:13:27,S,1059.95,2,2
2021-06-17 14:13:27,S,1060.0,2,8
2021-06-17 14:13:27,S,1060.05,2,64
2021-06-17 14:13:27,S,1060.2,1,1
2021-06-17 14:13:27,B,1058.4,1,1
2021-06-17 14:13:27,B,1058.35,1,10
2021-06-17 14:13:27,B,1058.0,1,2
2021-06-17 14:13:27,B,1057.85,2,3
2021-06-17 14:13:27,B,1057.6,1,3
2021-06-17 14:13:29,S,1059.85,1,10
2021-06-17 14:13:29,S,1059.95,2,2
2021-06-17 14:13:29,S,1060.0,2,8
2021-06-17 14:13:29,S,1060.05,2,64
2021-06-17 14:13:29,S,1060.2,1,1
2021-06-17 14:13:29,B,1058.4,1,1
2021-06-17 14:13:29,B,1058.35,1,10
2021-06-17 14:13:29,B,1058.0,1,2
2021-06-17 14:13:29,B,1057.85,2,3
2021-06-17 14:13:29,B,1057.6,1,3
2021-06-17 14:13:31,S,1059.3,1,1
2021-06-17 14:13:31,S,1059.35,1,9
2021-06-17 14:13:31,S,1059.55,2,13
2021-06-17 14:13:31,S,1059.8,3,3
2021-06-17 14:13:31,S,1059.85,2,12
2021-06-17 14:13:31,B,1057.7,1,1
2021-06-17 14:13:31,B,1057.65,1,2
2021-06-17 14:13:31,B,1057.6,1,3
2021-06-17 14:13:31,B,1057.55,1,9
2021-06-17 14:13:31,B,1057.5,1,6
2021-06-17 14:13:33,S,1059.1,1,1
2021-06-17 14:13:33,S,1059.15,1,9
2021-06-17 14:13:33,S,1059.25,2,13
2021-06-17 14:13:33,S,1059.3,2,2
2021-06-17 14:13:33,S,1059.55,2,13
2021-06-17 14:13:33,B,1057.7,1,1
2021-06-17 14:13:33,B,1057.65,1,2
2021-06-17 14:13:33,B,1057.6,1,3
2021-06-17 14:13:33,B,1057.55,1,9
2021-06-17 14:13:33,B,1057.5,1,6
2021-06-17 14:13:36,S,1059.5,1,7
2021-06-17 14:13:36,S,1059.55,2,13
2021-06-17 14:13:36,S,1059.65,2,2
2021-06-17 14:13:36,S,1059.8,3,3
2021-06-17 14:13:36,S,1059.85,2,12
2021-06-17 14:13:36,B,1057.8,1,1
2021-06-17 14:13:36,B,1057.75,1,4
2021-06-17 14:13:36,B,1057.65,1,2
2021-06-17 14:13:36,B,1057.6,1,3
2021-06-17 14:13:36,B,1057.55,1,9
2021-06-17 14:13:36,S,1059.5,1,7
2021-06-17 14:13:36,S,1059.55,2,13
2021-06-17 14:13:36,S,1059.65,2,2
2021-06-17 14:13:36,S,1059.8,3,3
2021-06-17 14:13:36,S,1059.85,2,12
2021-06-17 14:13:36,B,1057.8,1,1
2021-06-17 14:13:36,B,1057.75,1,4
2021-06-17 14:13:36,B,1057.65,1,2
2021-06-17 14:13:36,B,1057.6,1,3
2021-06-17 14:13:36,B,1057.55,1,9
2021-06-17 14:13:39,S,1059.25,1,9
2021-06-17 14:13:39,S,1059.5,1,7
2021-06-17 14:13:39,S,1059.55,2,13
2021-06-17 14:13:39,S,1059.65,2,2
2021-06-17 14:13:39,S,1059.8,3,3
2021-06-17 14:13:39,B,1057.8,1,1
2021-06-17 14:13:39,B,1057.75,1,4
2021-06-17 14:13:39,B,1057.65,1,2
2021-06-17 14:13:39,B,1057.6,1,3
2021-06-17 14:13:39,B,1057.55,1,9
2021-06-17 14:13:46,S,1058.8,1,10
2021-06-17 14:13:46,S,1059.0,1,11
2021-06-17 14:13:46,S,1059.15,2,2
2021-06-17 14:13:46,S,1059.5,2,8
2021-06-17 14:13:46,S,1059.6,2,2
2021-06-17 14:13:46,B,1057.7,1,1
2021-06-17 14:13:46,B,1057.65,1,2
2021-06-17 14:13:46,B,1057.6,1,3
2021-06-17 14:13:46,B,1057.5,1,6
2021-06-17 14:13:46,B,1057.45,2,43
2021-06-17 14:13:49,S,1058.8,1,10
2021-06-17 14:13:49,S,1059.0,1,11
2021-06-17 14:13:49,S,1059.15,2,2
2021-06-17 14:13:49,S,1059.5,2,8
2021-06-17 14:13:49,S,1059.6,2,2
2021-06-17 14:13:49,B,1057.7,1,1
2021-06-17 14:13:49,B,1057.65,1,2
2021-06-17 14:13:49,B,1057.6,1,3
2021-06-17 14:13:49,B,1057.5,1,6
2021-06-17 14:13:49,B,1057.45,2,43
2021-06-17 14:13:54,S,1058.8,1,10
2021-06-17 14:13:54,S,1058.85,1,11
2021-06-17 14:13:54,S,1059.15,2,2
2021-06-17 14:13:54,S,1059.5,2,8
2021-06-17 14:13:54,S,1059.6,2,2
2021-06-17 14:13:54,B,1057.7,1,1
2021-06-17 14:13:54,B,1057.65,1,2
2021-06-17 14:13:54,B,1057.6,1,3
2021-06-17 14:13:54,B,1057.5,1,6
2021-06-17 14:13:54,B,1057.45,2,43
2021-06-17 14:13:56,S,1058.85,1,11
2021-06-17 14:13:56,S,1059.05,1,10
2021-06-17 14:13:56,S,1059.15,2,2
2021-06-17 14:13:56,S,1059.5,2,8
2021-06-17 14:13:56,S,1059.6,2,2
2021-06-17 14:13:56,B,1057.7,1,1
2021-06-17 14:13:56,B,1057.65,1,2
2021-06-17 14:13:56,B,1057.6,1,3
2021-06-17 14:13:56,B,1057.5,1,6
2021-06-17 14:13:56,B,1057.45,2,43
2021-06-17 14:13:58,S,1058.85,1,11
2021-06-17 14:13:58,S,1059.05,1,10
2021-06-17 14:13:58,S,1059.15,2,2
2021-06-17 14:13:58,S,1059.5,2,8
2021-06-17 14:13:58,S,1059.6,2,2
2021-06-17 14:13:58,B,1057.7,1,1
2021-06-17 14:13:58,B,1057.65,1,2
2021-06-17 14:13:58,B,1057.6,1,3
2021-06-17 14:13:58,B,1057.5,1,6
2021-06-17 14:13:58,B,1057.45,2,43
2021-06-17 14:14:00,S,1058.8,1,9
2021-06-17 14:14:00,S,1058.85,1,11
2021-06-17 14:14:00,S,1059.15,2,2
2021-06-17 14:14:00,S,1059.5,2,8
2021-06-17 14:14:00,S,1059.6,2,2
2021-06-17 14:14:00,B,1057.7,1,1
2021-06-17 14:14:00,B,1057.65,1,2
2021-06-17 14:14:00,B,1057.6,1,3
2021-06-17 14:14:00,B,1057.5,1,6
2021-06-17 14:14:00,B,1057.45,2,43
2021-06-17 14:14:06,S,1058.8,1,9
2021-06-17 14:14:06,S,1058.85,1,11
2021-06-17 14:14:06,S,1059.15,2,2
2021-06-17 14:14:06,S,1059.5,2,8
2021-06-17 14:14:06,S,1059.6,2,2
2021-06-17 14:14:06,B,1058.05,1,10
2021-06-17 14:14:06,B,1057.7,1,1
2021-06-17 14:14:06,B,1057.65,1,2
2021-06-17 14:14:06,B,1057.6,1,3
2021-06-17 14:14:06,B,1057.5,1,6
2021-06-17 14:14:16,S,1058.85,1,11
2021-06-17 14:14:16,S,1059.0,1,10
2021-06-17 14:14:16,S,1059.15,2,2
2021-06-17 14:14:16,S,1059.5,2,8
2021-06-17 14:14:16,S,1059.6,2,2
2021-06-17 14:14:16,B,1058.05,1,10
2021-06-17 14:14:16,B,1057.7,1,1
2021-06-17 14:14:16,B,1057.65,1,2
2021-06-17 14:14:16,B,1057.6,1,3
2021-06-17 14:14:16,B,1057.5,1,6
2021-06-17 14:14:28,S,1058.6,1,1
2021-06-17 14:14:28,S,1058.85,1,11
2021-06-17 14:14:28,S,1059.0,1,10
2021-06-17 14:14:28,S,1059.15,2,2
2021-06-17 14:14:28,S,1059.5,2,8
2021-06-17 14:14:28,B,1058.05,1,10
2021-06-17 14:14:28,B,1057.7,1,1
2021-06-17 14:14:28,B,1057.65,1,2
2021-06-17 14:14:28,B,1057.6,1,3
2021-06-17 14:14:28,B,1057.5,1,6
2021-06-17 14:14:52,S,1058.6,1,1
2021-06-17 14:14:52,S,1058.8,1,9
2021-06-17 14:14:52,S,1058.85,1,11
2021-06-17 14:14:52,S,1059.15,2,2
2021-06-17 14:14:52,S,1059.5,2,8
2021-06-17 14:14:52,B,1058.05,1,10
2021-06-17 14:14:52,B,1057.7,1,1
2021-06-17 14:14:52,B,1057.65,1,2
2021-06-17 14:14:52,B,1057.6,1,3
2021-06-17 14:14:52,B,1057.5,1,6
2021-06-17 14:15:11,S,1058.6,1,1
2021-06-17 14:15:11,S,1058.8,1,9
2021-06-17 14:15:11,S,1058.85,1,11
2021-06-17 14:15:11,S,1059.15,2,2
2021-06-17 14:15:11,S,1059.5,2,8
2021-06-17 14:15:11,B,1058.05,1,10
2021-06-17 14:15:11,B,1057.7,1,1
2021-06-17 14:15:11,B,1057.65,1,2
2021-06-17 14:15:11,B,1057.6,1,3
2021-06-17 14:15:11,B,1057.5,1,6
2021-06-17 14:15:12,S,1057.75,1,2
2021-06-17 14:15:12,S,1057.8,1,2
2021-06-17 14:15:12,S,1058.0,1,10
2021-06-17 14:15:12,S,1058.25,1,4
2021-06-17 14:15:12,S,1058.45,1,4
2021-06-17 14:15:12,B,1055.15,2,7
2021-06-17 14:15:12,B,1055.1,2,7
2021-06-17 14:15:12,B,1055.05,3,15
2021-06-17 14:15:12,B,1055.0,30,789
2021-06-17 14:15:12,B,1054.85,1,11
2021-06-17 14:15:13,S,1057.75,1,2
2021-06-17 14:15:13,S,1057.8,1,2
2021-06-17 14:15:13,S,1058.0,1,10
2021-06-17 14:15:13,S,1058.25,1,4
2021-06-17 14:15:13,S,1058.45,1,4
2021-06-17 14:15:13,B,1055.15,2,7
2021-06-17 14:15:13,B,1055.1,2,7
2021-06-17 14:15:13,B,1055.05,3,15
2021-06-17 14:15:13,B,1055.0,30,789
2021-06-17 14:15:13,B,1054.85,1,11
2021-06-17 14:15:15,S,1056.25,1,9
2021-06-17 14:15:15,S,1056.5,1,2
2021-06-17 14:15:15,S,1056.55,1,12
2021-06-17 14:15:15,S,1056.85,1,10
2021-06-17 14:15:15,S,1057.15,1,10
2021-06-17 14:15:15,B,1055.05,2,3
2021-06-17 14:15:15,B,1055.0,30,789
2021-06-17 14:15:15,B,1054.7,1,5
2021-06-17 14:15:15,B,1054.55,1,20
2021-06-17 14:15:15,B,1054.45,1,10
2021-06-17 14:15:18,S,1056.25,1,9
2021-06-17 14:15:18,S,1056.5,1,2
2021-06-17 14:15:18,S,1056.55,1,12
2021-06-17 14:15:18,S,1056.85,1,10
2021-06-17 14:15:18,S,1057.15,1,10
2021-06-17 14:15:18,B,1055.05,2,3
2021-06-17 14:15:18,B,1055.0,30,789
2021-06-17 14:15:18,B,1054.7,1,5
2021-06-17 14:15:18,B,1054.55,1,20
2021-06-17 14:15:18,B,1054.45,1,10
2021-06-17 14:15:19,S,1056.25,1,9
2021-06-17 14:15:19,S,1056.5,1,2
2021-06-17 14:15:19,S,1056.55,1,12
2021-06-17 14:15:19,S,1056.85,1,10
2021-06-17 14:15:19,S,1057.15,1,10
2021-06-17 14:15:19,B,1055.05,2,3
2021-06-17 14:15:19,B,1055.0,30,789
2021-06-17 14:15:19,B,1054.7,1,5
2021-06-17 14:15:19,B,1054.55,1,20
2021-06-17 14:15:19,B,1054.45,1,10
2021-06-17 14:15:21,S,1056.8,1,2
2021-06-17 14:15:21,S,1056.85,1,10
2021-06-17 14:15:21,S,1057.15,1,10
2021-06-17 14:15:21,S,1057.25,1,2
2021-06-17 14:15:21,S,1057.45,1,10
2021-06-17 14:15:21,B,1055.1,1,9
2021-06-17 14:15:21,B,1055.05,2,2
2021-06-17 14:15:21,B,1055.0,30,789
2021-06-17 14:15:21,B,1054.75,1,1
2021-06-17 14:15:21,B,1054.7,1,5
2021-06-17 14:15:30,S,1056.8,1,2
2021-06-17 14:15:30,S,1056.85,1,10
2021-06-17 14:15:30,S,1057.05,1,1
2021-06-17 14:15:30,S,1057.15,1,10
2021-06-17 14:15:30,S,1057.25,1,2
2021-06-17 14:15:30,B,1055.1,1,9
2021-06-17 14:15:30,B,1055.05,2,2
2021-06-17 14:15:30,B,1055.0,30,789
2021-06-17 14:15:30,B,1054.75,1,1
2021-06-17 14:15:30,B,1054.7,1,5
2021-06-17 14:15:34,S,1056.8,1,2
2021-06-17 14:15:34,S,1056.85,1,10
2021-06-17 14:15:34,S,1057.05,1,1
2021-06-17 14:15:34,S,1057.15,1,10
2021-06-17 14:15:34,S,1057.25,1,2
2021-06-17 14:15:34,B,1055.1,1,9
2021-06-17 14:15:34,B,1055.05,2,2
2021-06-17 14:15:34,B,1055.0,30,789
2021-06-17 14:15:34,B,1054.75,1,1
2021-06-17 14:15:34,B,1054.7,1,5
2021-06-17 14:15:37,S,1056.8,1,2
2021-06-17 14:15:37,S,1056.85,1,10
2021-06-17 14:15:37,S,1057.0,2,2
2021-06-17 14:15:37,S,1057.05,1,1
2021-06-17 14:15:37,S,1057.15,1,10
2021-06-17 14:15:37,B,1055.05,2,2
2021-06-17 14:15:37,B,1055.0,30,789
2021-06-17 14:15:37,B,1054.9,1,9
2021-06-17 14:15:37,B,1054.75,1,1
2021-06-17 14:15:37,B,1054.7,1,5
2021-06-17 14:15:43,S,1056.8,1,2
2021-06-17 14:15:43,S,1056.85,1,10
2021-06-17 14:15:43,S,1057.0,2,2
2021-06-17 14:15:43,S,1057.05,1,1
2021-06-17 14:15:43,S,1057.15,1,10
2021-06-17 14:15:43,B,1055.05,2,2
2021-06-17 14:15:43,B,1055.0,30,789
2021-06-17 14:15:43,B,1054.9,1,9
2021-06-17 14:15:43,B,1054.75,1,1
2021-06-17 14:15:43,B,1054.7,1,5
2021-06-17 14:15:48,S,1056.8,1,2
2021-06-17 14:15:48,S,1056.85,1,10
2021-06-17 14:15:48,S,1057.0,2,2
2021-06-17 14:15:48,S,1057.05,1,1
2021-06-17 14:15:48,S,1057.15,1,10
2021-06-17 14:15:48,B,1055.05,2,2
2021-06-17 14:15:48,B,1055.0,30,789
2021-06-17 14:15:48,B,1054.9,1,9
2021-06-17 14:15:48,B,1054.75,1,1
2021-06-17 14:15:48,B,1054.7,1,5
2021-06-17 14:15:49,S,1058.5,1,2
2021-06-17 14:15:49,S,1058.55,2,3
2021-06-17 14:15:49,S,1058.6,1,1
2021-06-17 14:15:49,S,1058.8,1,3
2021-06-17 14:15:49,S,1058.85,1,11
2021-06-17 14:15:49,B,1057.4,1,2
2021-06-17 14:15:49,B,1057.35,1,10
2021-06-17 14:15:49,B,1056.35,2,10
2021-06-17 14:15:49,B,1056.05,1,12
2021-06-17 14:15:49,B,1056.0,1,1
2021-06-17 14:15:52,S,1058.5,1,2
2021-06-17 14:15:52,S,1058.55,2,3
2021-06-17 14:15:52,S,1058.6,1,1
2021-06-17 14:15:52,S,1058.8,1,3
2021-06-17 14:15:52,S,1058.85,1,11
2021-06-17 14:15:52,B,1057.4,1,2
2021-06-17 14:15:52,B,1057.35,1,10
2021-06-17 14:15:52,B,1056.35,2,10
2021-06-17 14:15:52,B,1056.05,1,12
2021-06-17 14:15:52,B,1056.0,1,1
2021-06-17 14:15:55,S,1058.55,1,2
2021-06-17 14:15:55,S,1058.6,1,1
2021-06-17 14:15:55,S,1058.8,1,3
2021-06-17 14:15:55,S,1058.85,1,11
2021-06-17 14:15:55,S,1059.25,1,12
2021-06-17 14:15:55,B,1057.4,1,2
2021-06-17 14:15:55,B,1057.35,1,9
2021-06-17 14:15:55,B,1057.0,1,1
2021-06-17 14:15:55,B,1056.7,1,1
2021-06-17 14:15:55,B,1056.35,2,10
2021-06-17 14:15:58,S,1058.55,1,2
2021-06-17 14:15:58,S,1058.6,1,1
2021-06-17 14:15:58,S,1058.8,1,3
2021-06-17 14:15:58,S,1058.85,1,11
2021-06-17 14:15:58,S,1059.25,1,12
2021-06-17 14:15:58,B,1057.4,1,2
2021-06-17 14:15:58,B,1057.35,1,9
2021-06-17 14:15:58,B,1057.0,1,1
2021-06-17 14:15:58,B,1056.7,1,1
2021-06-17 14:15:58,B,1056.35,2,10
2021-06-17 14:16:12,S,1058.6,1,1
2021-06-17 14:16:12,S,1058.8,1,3
2021-06-17 14:16:12,S,1058.85,1,11
2021-06-17 14:16:12,S,1059.3,1,1
2021-06-17 14:16:12,S,1059.5,1,1
2021-06-17 14:16:12,B,1057.3,1,2
2021-06-17 14:16:12,B,1057.25,1,10
2021-06-17 14:16:12,B,1057.0,1,1
2021-06-17 14:16:12,B,1056.7,1,1
2021-06-17 14:16:12,B,1056.4,1,6
2021-06-17 14:16:14,S,1058.6,1,1
2021-06-17 14:16:14,S,1058.8,1,3
2021-06-17 14:16:14,S,1058.85,1,11
2021-06-17 14:16:14,S,1059.3,1,1
2021-06-17 14:16:14,S,1059.5,1,1
2021-06-17 14:16:14,B,1057.3,1,2
2021-06-17 14:16:14,B,1057.25,1,10
2021-06-17 14:16:14,B,1057.0,1,1
2021-06-17 14:16:14,B,1056.7,1,1
2021-06-17 14:16:14,B,1056.4,1,6
2021-06-17 14:16:15,S,1058.8,1,2
2021-06-17 14:16:15,S,1058.85,2,15
2021-06-17 14:16:15,S,1058.95,1,10
2021-06-17 14:16:15,S,1059.25,1,10
2021-06-17 14:16:15,S,1059.3,2,5
2021-06-17 14:16:15,B,1056.2,1,1
2021-06-17 14:16:15,B,1056.15,2,4
2021-06-17 14:16:15,B,1056.1,2,2
2021-06-17 14:16:15,B,1056.05,2,3
2021-06-17 14:16:15,B,1055.85,2,3
2021-06-17 14:16:18,S,1058.3,1,9
2021-06-17 14:16:18,S,1058.75,1,3
2021-06-17 14:16:18,S,1058.8,3,20
2021-06-17 14:16:18,S,1058.85,2,15
2021-06-17 14:16:18,S,1058.95,1,10
2021-06-17 14:16:18,B,1056.2,1,1
2021-06-17 14:16:18,B,1056.15,1,3
2021-06-17 14:16:18,B,1056.05,1,2
2021-06-17 14:16:18,B,1055.85,2,3
2021-06-17 14:16:18,B,1055.8,1,2
2021-06-17 14:16:21,S,1058.3,2,10
2021-06-17 14:16:21,S,1058.35,1,12
2021-06-17 14:16:21,S,1058.45,1,8
2021-06-17 14:16:21,S,1058.65,1,11
2021-06-17 14:16:21,S,1058.8,2,8
2021-06-17 14:16:21,B,1056.05,1,1
2021-06-17 14:16:21,B,1056.0,2,6
2021-06-17 14:16:21,B,1055.8,2,3
2021-06-17 14:16:21,B,1055.55,2,3
2021-06-17 14:16:21,B,1055.5,1,3
2021-06-17 14:16:23,S,1058.3,2,10
2021-06-17 14:16:23,S,1058.35,1,12
2021-06-17 14:16:23,S,1058.45,1,8
2021-06-17 14:16:23,S,1058.65,1,11
2021-06-17 14:16:23,S,1058.8,3,20
2021-06-17 14:16:23,B,1056.15,1,1
2021-06-17 14:16:23,B,1056.1,2,5
2021-06-17 14:16:23,B,1056.0,2,3
2021-06-17 14:16:23,B,1055.8,3,4
2021-06-17 14:16:23,B,1055.55,2,3
2021-06-17 14:16:28,S,1058.3,2,10
2021-06-17 14:16:28,S,1058.45,1,8
2021-06-17 14:16:28,S,1058.8,1,2
2021-06-17 14:16:28,S,1058.85,1,11
2021-06-17 14:16:28,S,1058.95,1,11
2021-06-17 14:16:28,B,1056.5,1,1
2021-06-17 14:16:28,B,1056.45,1,9
2021-06-17 14:16:28,B,1056.4,1,1
2021-06-17 14:16:28,B,1056.05,2,18
2021-06-17 14:16:28,B,1056.0,2,3
2021-06-17 14:16:31,S,1058.3,1,1
2021-06-17 14:16:31,S,1058.45,1,8
2021-06-17 14:16:31,S,1058.8,2,3
2021-06-17 14:16:31,S,1058.85,1,11
2021-06-17 14:16:31,S,1058.95,1,11
2021-06-17 14:16:31,B,1056.5,1,1
2021-06-17 14:16:31,B,1056.45,1,9
2021-06-17 14:16:31,B,1056.4,1,1
2021-06-17 14:16:31,B,1056.05,2,18
2021-06-17 14:16:31,B,1056.0,2,3
2021-06-17 14:16:37,S,1058.4,1,8
2021-06-17 14:16:37,S,1058.5,1,10
2021-06-17 14:16:37,S,1058.55,1,1
2021-06-17 14:16:37,S,1058.65,1,11
2021-06-17 14:16:37,S,1058.8,2,3
2021-06-17 14:16:37,B,1056.95,1,1
2021-06-17 14:16:37,B,1056.9,1,9
2021-06-17 14:16:37,B,1056.5,1,3
2021-06-17 14:16:37,B,1056.4,1,1
2021-06-17 14:16:37,B,1056.05,1,12
2021-06-17 14:16:40,S,1058.4,1,8
2021-06-17 14:16:40,S,1058.55,1,1
2021-06-17 14:16:40,S,1058.65,1,11
2021-06-17 14:16:40,S,1058.7,1,10
2021-06-17 14:16:40,S,1058.8,2,3
2021-06-17 14:16:40,B,1056.95,1,1
2021-06-17 14:16:40,B,1056.9,1,9
2021-06-17 14:16:40,B,1056.5,1,3
2021-06-17 14:16:40,B,1056.4,1,1
2021-06-17 14:16:40,B,1056.05,1,12
2021-06-17 14:16:43,S,1058.35,2,10
2021-06-17 14:16:43,S,1058.4,1,8
2021-06-17 14:16:43,S,1058.55,1,1
2021-06-17 14:16:43,S,1058.65,1,11
2021-06-17 14:16:43,S,1058.75,2,18
2021-06-17 14:16:43,B,1056.95,1,1
2021-06-17 14:16:43,B,1056.9,1,9
2021-06-17 14:16:43,B,1056.5,1,3
2021-06-17 14:16:43,B,1056.4,1,1
2021-06-17 14:16:43,B,1056.05,1,12
2021-06-17 14:16:45,S,1058.35,2,10
2021-06-17 14:16:45,S,1058.4,1,8
2021-06-17 14:16:45,S,1058.55,1,1
2021-06-17 14:16:45,S,1058.65,1,11
2021-06-17 14:16:45,S,1058.75,2,18
2021-06-17 14:16:45,B,1056.95,1,1
2021-06-17 14:16:45,B,1056.9,1,9
2021-06-17 14:16:45,B,1056.5,1,3
2021-06-17 14:16:45,B,1056.4,1,1
2021-06-17 14:16:45,B,1056.05,1,12
2021-06-17 14:16:53,S,1058.4,1,8
2021-06-17 14:16:53,S,1058.55,1,1
2021-06-17 14:16:53,S,1058.75,2,18
2021-06-17 14:16:53,S,1058.8,3,105
2021-06-17 14:16:53,S,1058.85,1,11
2021-06-17 14:16:53,B,1056.4,1,1
2021-06-17 14:16:53,B,1056.35,1,5
2021-06-17 14:16:53,B,1056.1,1,7
2021-06-17 14:16:53,B,1056.05,2,13
2021-06-17 14:16:53,B,1056.0,2,8
2021-06-17 14:16:56,S,1058.4,1,8
2021-06-17 14:16:56,S,1058.55,1,1
2021-06-17 14:16:56,S,1058.65,1,10
2021-06-17 14:16:56,S,1058.7,1,2
2021-06-17 14:16:56,S,1058.75,2,18
2021-06-17 14:16:56,B,1056.4,1,1
2021-06-17 14:16:56,B,1056.35,2,7
2021-06-17 14:16:56,B,1056.1,2,8
2021-06-17 14:16:56,B,1056.05,2,13
2021-06-17 14:16:56,B,1056.0,2,8
2021-06-17 14:16:58,S,1058.0,1,10
2021-06-17 14:16:58,S,1058.35,1,1
2021-06-17 14:16:58,S,1058.4,1,8
2021-06-17 14:16:58,S,1058.55,1,1
2021-06-17 14:16:58,S,1058.65,3,28
2021-06-17 14:16:58,B,1056.4,1,1
2021-06-17 14:16:58,B,1056.35,2,7
2021-06-17 14:16:58,B,1056.1,1,7
2021-06-17 14:16:58,B,1056.05,2,13
2021-06-17 14:16:58,B,1056.0,2,8
2021-06-17 14:17:01,S,1058.0,1,10
2021-06-17 14:17:01,S,1058.35,1,1
2021-06-17 14:17:01,S,1058.4,1,8
2021-06-17 14:17:01,S,1058.55,1,1
2021-06-17 14:17:01,S,1058.65,3,28
2021-06-17 14:17:01,B,1056.4,1,1
2021-06-17 14:17:01,B,1056.35,1,1
2021-06-17 14:17:01,B,1056.1,1,7
2021-06-17 14:17:01,B,1056.05,2,13
2021-06-17 14:17:01,B,1056.0,2,8
2021-06-17 14:17:12,S,1058.0,1,10
2021-06-17 14:17:12,S,1058.35,1,1
2021-06-17 14:17:12,S,1058.4,1,8
2021-06-17 14:17:12,S,1058.55,1,1
2021-06-17 14:17:12,S,1058.65,3,28
2021-06-17 14:17:12,B,1056.4,1,1
2021-06-17 14:17:12,B,1056.35,1,1
2021-06-17 14:17:12,B,1056.3,1,9
2021-06-17 14:17:12,B,1056.1,1,7
2021-06-17 14:17:12,B,1056.05,2,13
2021-06-17 14:17:15,S,1058.4,3,10
2021-06-17 14:17:15,S,1058.55,1,1
2021-06-17 14:17:15,S,1058.65,2,18
2021-06-17 14:17:15,S,1058.7,2,104
2021-06-17 14:17:15,S,1058.8,3,13
2021-06-17 14:17:15,B,1056.5,1,1
2021-06-17 14:17:15,B,1056.45,1,10
2021-06-17 14:17:15,B,1056.35,2,2
2021-06-17 14:17:15,B,1056.1,1,7
2021-06-17 14:17:15,B,1056.05,2,13
2021-06-17 14:17:18,S,1058.15,1,9
2021-06-17 14:17:18,S,1058.4,3,10
2021-06-17 14:17:18,S,1058.55,1,1
2021-06-17 14:17:18,S,1058.65,2,18
2021-06-17 14:17:18,S,1058.7,2,104
2021-06-17 14:17:18,B,1056.5,1,1
2021-06-17 14:17:18,B,1056.45,1,10
2021-06-17 14:17:18,B,1056.35,1,1
2021-06-17 14:17:18,B,1056.1,1,7
2021-06-17 14:17:18,B,1056.05,2,13
2021-06-17 14:17:21,S,1058.15,1,9
2021-06-17 14:17:21,S,1058.4,3,10
2021-06-17 14:17:21,S,1058.55,1,1
2021-06-17 14:17:21,S,1058.65,2,18
2021-06-17 14:17:21,S,1058.7,2,104
2021-06-17 14:17:21,B,1056.5,1,1
2021-06-17 14:17:21,B,1056.45,1,10
2021-06-17 14:17:21,B,1056.35,1,1
2021-06-17 14:17:21,B,1056.1,1,7
2021-06-17 14:17:21,B,1056.05,2,13
2021-06-17 14:17:22,S,1058.15,1,9
2021-06-17 14:17:22,S,1058.4,3,10
2021-06-17 14:17:22,S,1058.55,1,1
2021-06-17 14:17:22,S,1058.65,2,18
2021-06-17 14:17:22,S,1058.7,2,104
2021-06-17 14:17:22,B,1056.5,1,1
2021-06-17 14:17:22,B,1056.45,1,10
2021-06-17 14:17:22,B,1056.35,1,1
2021-06-17 14:17:22,B,1056.1,1,7
2021-06-17 14:17:22,B,1056.05,2,13
2021-06-17 14:17:23,S,1057.25,1,1
2021-06-17 14:17:23,S,1057.3,1,1
2021-06-17 14:17:23,S,1057.65,1,1
2021-06-17 14:17:23,S,1058.0,2,8
2021-06-17 14:17:23,S,1058.3,1,3
2021-06-17 14:17:23,B,1055.8,1,1
2021-06-17 14:17:23,B,1055.75,1,7
2021-06-17 14:17:23,B,1055.5,2,4
2021-06-17 14:17:23,B,1055.1,1,1
2021-06-17 14:17:23,B,1055.05,2,13
2021-06-17 14:17:25,S,1057.25,1,1
2021-06-17 14:17:25,S,1057.3,1,1
2021-06-17 14:17:25,S,1057.65,1,1
2021-06-17 14:17:25,S,1058.0,2,8
2021-06-17 14:17:25,S,1058.3,1,3
2021-06-17 14:17:25,B,1055.8,1,1
2021-06-17 14:17:25,B,1055.75,1,7
2021-06-17 14:17:25,B,1055.5,2,4
2021-06-17 14:17:25,B,1055.1,1,1
2021-06-17 14:17:25,B,1055.05,2,13
2021-06-17 14:17:26,S,1057.25,1,1
2021-06-17 14:17:26,S,1057.9,1,1
2021-06-17 14:17:26,S,1058.0,1,7
2021-06-17 14:17:26,S,1058.2,1,5
2021-06-17 14:17:26,S,1058.25,1,9
2021-06-17 14:17:26,B,1056.35,1,1
2021-06-17 14:17:26,B,1056.3,1,10
2021-06-17 14:17:26,B,1056.1,1,8
2021-06-17 14:17:26,B,1055.5,2,4
2021-06-17 14:17:26,B,1055.45,1,10
2021-06-17 14:17:33,S,1057.25,1,1
2021-06-17 14:17:33,S,1057.9,1,1
2021-06-17 14:17:33,S,1058.0,1,7
2021-06-17 14:17:33,S,1058.2,1,5
2021-06-17 14:17:33,S,1058.25,1,9
2021-06-17 14:17:33,B,1056.35,1,1
2021-06-17 14:17:33,B,1056.3,1,10
2021-06-17 14:17:33,B,1056.1,1,8
2021-06-17 14:17:33,B,1055.5,2,4
2021-06-17 14:17:33,B,1055.45,1,10
2021-06-17 14:17:34,S,1057.2,1,1
2021-06-17 14:17:34,S,1057.25,2,2
2021-06-17 14:17:34,S,1057.35,1,4
2021-06-17 14:17:34,S,1057.8,1,4
2021-06-17 14:17:34,S,1057.9,1,1
2021-06-17 14:17:34,B,1055.6,1,1
2021-06-17 14:17:34,B,1055.55,1,6
2021-06-17 14:17:34,B,1055.5,2,3
2021-06-17 14:17:34,B,1055.1,1,1
2021-06-17 14:17:34,B,1055.05,1,1
2021-06-17 14:17:41,S,1057.2,2,2
2021-06-17 14:17:41,S,1057.25,1,1
2021-06-17 14:17:41,S,1057.3,1,9
2021-06-17 14:17:41,S,1057.35,1,4
2021-06-17 14:17:41,S,1057.8,1,4
2021-06-17 14:17:41,B,1055.6,1,1
2021-06-17 14:17:41,B,1055.55,1,6
2021-06-17 14:17:41,B,1055.5,2,3
2021-06-17 14:17:41,B,1055.1,1,1
2021-06-17 14:17:41,B,1055.05,2,13
2021-06-17 14:17:43,S,1057.2,2,2
2021-06-17 14:17:43,S,1057.25,1,1
2021-06-17 14:17:43,S,1057.3,1,9
2021-06-17 14:17:43,S,1057.35,1,4
2021-06-17 14:17:43,S,1057.8,1,4
2021-06-17 14:17:43,B,1055.6,1,1
2021-06-17 14:17:43,B,1055.55,1,6
2021-06-17 14:17:43,B,1055.5,2,3
2021-06-17 14:17:43,B,1055.1,1,1
2021-06-17 14:17:43,B,1055.05,2,13
2021-06-17 14:17:48,S,1057.2,2,2
2021-06-17 14:17:48,S,1057.25,1,1
2021-06-17 14:17:48,S,1057.3,1,9
2021-06-17 14:17:48,S,1057.35,1,4
2021-06-17 14:17:48,S,1057.8,1,4
2021-06-17 14:17:48,B,1055.6,1,1
2021-06-17 14:17:48,B,1055.55,1,6
2021-06-17 14:17:48,B,1055.5,2,3
2021-06-17 14:17:48,B,1055.1,1,1
2021-06-17 14:17:48,B,1055.05,2,13
2021-06-17 14:17:50,S,1058.0,1,7
2021-06-17 14:17:50,S,1058.1,1,4
2021-06-17 14:17:50,S,1058.2,1,5
2021-06-17 14:17:50,S,1058.25,1,3
2021-06-17 14:17:50,S,1058.3,3,13
2021-06-17 14:17:50,B,1056.05,1,1
2021-06-17 14:17:50,B,1056.0,1,2
2021-06-17 14:17:50,B,1055.75,1,12
2021-06-17 14:17:50,B,1055.5,2,3
2021-06-17 14:17:50,B,1055.45,1,9
2021-06-17 14:17:52,S,1057.9,2,14
2021-06-17 14:17:52,S,1058.0,1,7
2021-06-17 14:17:52,S,1058.1,1,4
2021-06-17 14:17:52,S,1058.2,1,5
2021-06-17 14:17:52,S,1058.25,1,3
2021-06-17 14:17:52,B,1055.7,1,1
2021-06-17 14:17:52,B,1055.65,1,3
2021-06-17 14:17:52,B,1055.5,2,3
2021-06-17 14:17:52,B,1055.45,1,9
2021-06-17 14:17:52,B,1055.15,1,11
2021-06-17 14:17:55,S,1057.9,1,4
2021-06-17 14:17:55,S,1057.95,1,1
2021-06-17 14:17:55,S,1058.0,1,7
2021-06-17 14:17:55,S,1058.1,1,4
2021-06-17 14:17:55,S,1058.2,1,5
2021-06-17 14:17:55,B,1055.7,1,1
2021-06-17 14:17:55,B,1055.65,1,3
2021-06-17 14:17:55,B,1055.5,2,3
2021-06-17 14:17:55,B,1055.45,1,9
2021-06-17 14:17:55,B,1055.15,1,11
2021-06-17 14:17:58,S,1057.9,1,4
2021-06-17 14:17:58,S,1057.95,1,1
2021-06-17 14:17:58,S,1058.0,2,17
2021-06-17 14:17:58,S,1058.1,1,4
2021-06-17 14:17:58,S,1058.2,1,5
2021-06-17 14:17:58,B,1056.05,1,1
2021-06-17 14:17:58,B,1056.0,1,40
2021-06-17 14:17:58,B,1055.75,1,11
2021-06-17 14:17:58,B,1055.5,2,3
2021-06-17 14:17:58,B,1055.45,1,9
2021-06-17 14:18:00,S,1057.9,1,4
2021-06-17 14:18:00,S,1057.95,2,7
2021-06-17 14:18:00,S,1058.0,2,17
2021-06-17 14:18:00,S,1058.1,1,4
2021-06-17 14:18:00,S,1058.2,1,5
2021-06-17 14:18:00,B,1056.05,1,1
2021-06-17 14:18:00,B,1056.0,1,40
2021-06-17 14:18:00,B,1055.75,1,11
2021-06-17 14:18:00,B,1055.5,3,5
2021-06-17 14:18:00,B,1055.45,1,9
2021-06-17 14:18:02,S,1057.9,1,4
2021-06-17 14:18:02,S,1057.95,2,7
2021-06-17 14:18:02,S,1058.0,2,17
2021-06-17 14:18:02,S,1058.1,1,4
2021-06-17 14:18:02,S,1058.2,1,5
2021-06-17 14:18:02,B,1056.05,1,1
2021-06-17 14:18:02,B,1056.0,1,40
2021-06-17 14:18:02,B,1055.75,1,11
2021-06-17 14:18:02,B,1055.5,3,5
2021-06-17 14:18:02,B,1055.45,1,9
2021-06-17 14:18:03,S,1057.85,1,8
2021-06-17 14:18:03,S,1057.9,1,4
2021-06-17 14:18:03,S,1057.95,1,1
2021-06-17 14:18:03,S,1058.0,1,7
2021-06-17 14:18:03,S,1058.05,1,11
2021-06-17 14:18:03,B,1056.3,1,1
2021-06-17 14:18:03,B,1056.25,1,10
2021-06-17 14:18:03,B,1056.05,1,1
2021-06-17 14:18:03,B,1056.0,1,40
2021-06-17 14:18:03,B,1055.75,1,11
2021-06-17 14:18:10,S,1057.9,1,2
2021-06-17 14:18:10,S,1057.95,1,4
2021-06-17 14:18:10,S,1058.0,2,8
2021-06-17 14:18:10,S,1058.05,1,1
2021-06-17 14:18:10,S,1058.1,1,4
2021-06-17 14:18:10,B,1056.1,1,2
2021-06-17 14:18:10,B,1056.05,1,9
2021-06-17 14:18:10,B,1056.0,1,39
2021-06-17 14:18:10,B,1055.75,1,11
2021-06-17 14:18:10,B,1055.5,3,5
2021-06-17 14:18:13,S,1057.8,1,2
2021-06-17 14:18:13,S,1057.85,1,5
2021-06-17 14:18:13,S,1058.0,2,8
2021-06-17 14:18:13,S,1058.05,1,1
2021-06-17 14:18:13,S,1058.1,2,13
2021-06-17 14:18:13,B,1056.2,1,2
2021-06-17 14:18:13,B,1056.15,1,1
2021-06-17 14:18:13,B,1056.05,1,9
2021-06-17 14:18:13,B,1056.0,1,39
2021-06-17 14:18:13,B,1055.75,1,11
2021-06-17 14:18:16,S,1057.8,1,2
2021-06-17 14:18:16,S,1057.85,1,5
2021-06-17 14:18:16,S,1057.95,1,6
2021-06-17 14:18:16,S,1058.0,3,18
2021-06-17 14:18:16,S,1058.05,2,10
2021-06-17 14:18:16,B,1056.2,1,2
2021-06-17 14:18:16,B,1056.15,1,1
2021-06-17 14:18:16,B,1056.05,1,9
2021-06-17 14:18:16,B,1056.0,1,39
2021-06-17 14:18:16,B,1055.75,1,11
2021-06-17 14:18:18,S,1057.9,1,2
2021-06-17 14:18:18,S,1057.95,1,6
2021-06-17 14:18:18,S,1058.0,3,18
2021-06-17 14:18:18,S,1058.05,1,1
2021-06-17 14:18:18,S,1058.2,1,5
2021-06-17 14:18:18,B,1056.65,1,9
2021-06-17 14:18:18,B,1056.2,1,2
2021-06-17 14:18:18,B,1056.15,1,1
2021-06-17 14:18:18,B,1056.0,1,39
2021-06-17 14:18:18,B,1055.75,1,11
2021-06-17 14:18:27,S,1057.9,1,2
2021-06-17 14:18:27,S,1057.95,1,6
2021-06-17 14:18:27,S,1058.0,4,19
2021-06-17 14:18:27,S,1058.05,1,1
2021-06-17 14:18:27,S,1058.2,1,5
2021-06-17 14:18:27,B,1056.65,1,9
2021-06-17 14:18:27,B,1056.2,1,2
2021-06-17 14:18:27,B,1056.15,1,1
2021-06-17 14:18:27,B,1056.0,3,46
2021-06-17 14:18:27,B,1055.75,1,11
2021-06-17 14:18:29,S,1057.0,1,10
2021-06-17 14:18:29,S,1057.45,2,3
2021-06-17 14:18:29,S,1057.5,2,11
2021-06-17 14:18:29,S,1057.95,1,1
2021-06-17 14:18:29,S,1058.0,3,9
2021-06-17 14:18:29,B,1056.05,1,2
2021-06-17 14:18:29,B,1056.0,3,46
2021-06-17 14:18:29,B,1055.95,1,9
2021-06-17 14:18:29,B,1055.5,3,5
2021-06-17 14:18:29,B,1055.45,1,9
2021-06-17 14:18:32,S,1057.0,1,10
2021-06-17 14:18:32,S,1057.45,2,3
2021-06-17 14:18:32,S,1057.5,2,11
2021-06-17 14:18:32,S,1058.0,3,9
2021-06-17 14:18:32,S,1058.05,1,1
2021-06-17 14:18:32,B,1056.05,1,2
2021-06-17 14:18:32,B,1056.0,3,46
2021-06-17 14:18:32,B,1055.95,1,9
2021-06-17 14:18:32,B,1055.5,3,5
2021-06-17 14:18:32,B,1055.45,1,9
2021-06-17 14:18:34,S,1056.95,1,2
2021-06-17 14:18:34,S,1057.0,2,20
2021-06-17 14:18:34,S,1057.45,2,2
2021-06-17 14:18:34,S,1058.0,3,9
2021-06-17 14:18:34,S,1058.05,1,1
2021-06-17 14:18:34,B,1055.5,3,13
2021-06-17 14:18:34,B,1055.2,1,6
2021-06-17 14:18:34,B,1055.05,1,1
2021-06-17 14:18:34,B,1055.0,28,726
2021-06-17 14:18:34,B,1054.85,1,1
2021-06-17 14:18:40,S,1056.85,1,2
2021-06-17 14:18:40,S,1056.9,1,9
2021-06-17 14:18:40,S,1057.0,3,12
2021-06-17 14:18:40,S,1057.15,2,12
2021-06-17 14:18:40,S,1057.2,1,1
2021-06-17 14:18:40,B,1055.5,2,4
2021-06-17 14:18:40,B,1055.3,1,1
2021-06-17 14:18:40,B,1055.2,1,6
2021-06-17 14:18:40,B,1055.05,1,1
2021-06-17 14:18:40,B,1055.0,28,726
2021-06-17 14:18:43,S,1056.7,1,2
2021-06-17 14:18:43,S,1056.75,1,9
2021-06-17 14:18:43,S,1056.85,2,11
2021-06-17 14:18:43,S,1057.0,3,12
2021-06-17 14:18:43,S,1057.15,2,12
2021-06-17 14:18:43,B,1055.5,2,4
2021-06-17 14:18:43,B,1055.3,1,1
2021-06-17 14:18:43,B,1055.25,1,10
2021-06-17 14:18:43,B,1055.2,1,6
2021-06-17 14:18:43,B,1055.05,1,1
2021-06-17 14:18:54,S,1056.6,1,2
2021-06-17 14:18:54,S,1056.65,1,10
2021-06-17 14:18:54,S,1056.85,2,11
2021-06-17 14:18:54,S,1057.0,3,12
2021-06-17 14:18:54,S,1057.15,2,12
2021-06-17 14:18:54,B,1055.5,2,4
2021-06-17 14:18:54,B,1055.3,1,1
2021-06-17 14:18:54,B,1055.2,1,6
2021-06-17 14:18:54,B,1055.1,1,10
2021-06-17 14:18:54,B,1055.05,1,1
2021-06-17 14:18:58,S,1056.6,1,2
2021-06-17 14:18:58,S,1056.65,1,10
2021-06-17 14:18:58,S,1056.85,2,11
2021-06-17 14:18:58,S,1057.0,3,12
2021-06-17 14:18:58,S,1057.15,2,12
2021-06-17 14:18:58,B,1055.5,2,4
2021-06-17 14:18:58,B,1055.3,1,1
2021-06-17 14:18:58,B,1055.2,1,6
2021-06-17 14:18:58,B,1055.1,1,10
2021-06-17 14:18:58,B,1055.05,1,1
2021-06-17 14:19:06,S,1056.8,1,2
2021-06-17 14:19:06,S,1056.85,2,11
2021-06-17 14:19:06,S,1056.9,2,10
2021-06-17 14:19:06,S,1057.0,3,12
2021-06-17 14:19:06,S,1057.15,2,12
2021-06-17 14:19:06,B,1055.5,2,4
2021-06-17 14:19:06,B,1055.3,1,1
2021-06-17 14:19:06,B,1055.2,1,6
2021-06-17 14:19:06,B,1055.1,1,10
2021-06-17 14:19:06,B,1055.05,1,1
2021-06-17 14:19:11,S,1056.0,1,10
2021-06-17 14:19:11,S,1056.2,1,2
2021-06-17 14:19:11,S,1056.25,1,9
2021-06-17 14:19:11,S,1056.5,1,9
2021-06-17 14:19:11,S,1056.55,2,11
2021-06-17 14:19:11,B,1055.5,2,4
2021-06-17 14:19:11,B,1055.05,1,1
2021-06-17 14:19:11,B,1055.0,28,726
2021-06-17 14:19:11,B,1054.8,1,10
2021-06-17 14:19:11,B,1054.75,1,1
2021-06-17 14:19:14,S,1056.0,1,10
2021-06-17 14:19:14,S,1056.2,1,2
2021-06-17 14:19:14,S,1056.25,2,10
2021-06-17 14:19:14,S,1056.3,1,1
2021-06-17 14:19:14,S,1056.5,1,9
2021-06-17 14:19:14,B,1055.5,2,4
2021-06-17 14:19:14,B,1055.05,1,1
2021-06-17 14:19:14,B,1055.0,28,726
2021-06-17 14:19:14,B,1054.8,1,10
2021-06-17 14:19:14,B,1054.75,1,1
2021-06-17 14:19:18,S,1056.0,1,10
2021-06-17 14:19:18,S,1056.2,1,2
2021-06-17 14:19:18,S,1056.25,2,10
2021-06-17 14:19:18,S,1056.3,1,1
2021-06-17 14:19:18,S,1056.5,1,9
2021-06-17 14:19:18,B,1055.5,2,4
2021-06-17 14:19:18,B,1055.05,1,1
2021-06-17 14:19:18,B,1055.0,28,726
2021-06-17 14:19:18,B,1054.75,1,1
2021-06-17 14:19:18,B,1054.7,1,5
2021-06-17 14:19:24,S,1056.0,1,10
2021-06-17 14:19:24,S,1056.2,1,2
2021-06-17 14:19:24,S,1056.25,2,10
2021-06-17 14:19:24,S,1056.3,1,1
2021-06-17 14:19:24,S,1056.5,1,9
2021-06-17 14:19:24,B,1055.5,2,4
2021-06-17 14:19:24,B,1055.05,1,1
2021-06-17 14:19:24,B,1055.0,28,726
2021-06-17 14:19:24,B,1054.75,1,1
2021-06-17 14:19:24,B,1054.7,1,5
2021-06-17 14:19:26,S,1056.0,1,10
2021-06-17 14:19:26,S,1056.2,1,2
2021-06-17 14:19:26,S,1056.25,2,10
2021-06-17 14:19:26,S,1056.3,1,1
2021-06-17 14:19:26,S,1056.5,1,9
2021-06-17 14:19:26,B,1055.5,2,4
2021-06-17 14:19:26,B,1055.05,1,1
2021-06-17 14:19:26,B,1055.0,28,726
2021-06-17 14:19:26,B,1054.75,1,1
2021-06-17 14:19:26,B,1054.7,1,5
2021-06-17 14:19:30,S,1056.0,1,10
2021-06-17 14:19:30,S,1056.2,1,2
2021-06-17 14:19:30,S,1056.25,2,10
2021-06-17 14:19:30,S,1056.3,1,1
2021-06-17 14:19:30,S,1056.5,1,9
2021-06-17 14:19:30,B,1055.5,2,4
2021-06-17 14:19:30,B,1055.05,1,1
2021-06-17 14:19:30,B,1055.0,28,726
2021-06-17 14:19:30,B,1054.75,1,1
2021-06-17 14:19:30,B,1054.7,1,5
2021-06-17 14:19:31,S,1056.95,1,2
2021-06-17 14:19:31,S,1057.0,2,2
2021-06-17 14:19:31,S,1057.45,3,13
2021-06-17 14:19:31,S,1057.75,1,12
2021-06-17 14:19:31,S,1058.0,4,34
2021-06-17 14:19:31,B,1056.05,1,2
2021-06-17 14:19:31,B,1056.0,1,10
2021-06-17 14:19:31,B,1055.5,2,4
2021-06-17 14:19:31,B,1055.1,1,8
2021-06-17 14:19:31,B,1055.05,1,1
2021-06-17 14:19:34,S,1057.45,1,2
2021-06-17 14:19:34,S,1057.5,1,1
2021-06-17 14:19:34,S,1057.95,1,6
2021-06-17 14:19:34,S,1058.0,4,34
2021-06-17 14:19:34,S,1058.05,2,13
2021-06-17 14:19:34,B,1056.35,1,2
2021-06-17 14:19:34,B,1056.3,1,10
2021-06-17 14:19:34,B,1055.75,2,11
2021-06-17 14:19:34,B,1055.6,2,2
2021-06-17 14:19:34,B,1055.5,2,4
2021-06-17 14:19:36,S,1057.45,1,2
2021-06-17 14:19:36,S,1057.5,1,1
2021-06-17 14:19:36,S,1057.9,1,10
2021-06-17 14:19:36,S,1057.95,1,6
2021-06-17 14:19:36,S,1058.0,4,34
2021-06-17 14:19:36,B,1056.35,1,2
2021-06-17 14:19:36,B,1056.3,1,10
2021-06-17 14:19:36,B,1055.75,1,10
2021-06-17 14:19:36,B,1055.6,2,2
2021-06-17 14:19:36,B,1055.5,2,4
2021-06-17 14:19:39,S,1057.45,1,2
2021-06-17 14:19:39,S,1057.5,1,1
2021-06-17 14:19:39,S,1057.9,1,10
2021-06-17 14:19:39,S,1057.95,1,6
2021-06-17 14:19:39,S,1058.0,4,34
2021-06-17 14:19:39,B,1056.35,1,2
2021-06-17 14:19:39,B,1056.3,1,10
2021-06-17 14:19:39,B,1055.75,1,10
2021-06-17 14:19:39,B,1055.6,2,2
2021-06-17 14:19:39,B,1055.5,2,4
2021-06-17 14:19:41,S,1057.45,1,2
2021-06-17 14:19:41,S,1057.5,1,1
2021-06-17 14:19:41,S,1057.9,1,10
2021-06-17 14:19:41,S,1057.95,1,6
2021-06-17 14:19:41,S,1058.0,4,34
2021-06-17 14:19:41,B,1056.35,1,2
2021-06-17 14:19:41,B,1056.3,1,10
2021-06-17 14:19:41,B,1055.75,1,10
2021-06-17 14:19:41,B,1055.6,2,2
2021-06-17 14:19:41,B,1055.5,2,4
2021-06-17 14:19:43,S,1057.45,1,2
2021-06-17 14:19:43,S,1057.5,1,1
2021-06-17 14:19:43,S,1057.9,1,10
2021-06-17 14:19:43,S,1057.95,1,6
2021-06-17 14:19:43,S,1058.0,4,34
2021-06-17 14:19:43,B,1056.35,1,2
2021-06-17 14:19:43,B,1056.3,2,12
2021-06-17 14:19:43,B,1055.75,1,10
2021-06-17 14:19:43,B,1055.6,2,2
2021-06-17 14:19:43,B,1055.5,2,4
2021-06-17 14:19:46,S,1057.45,1,2
2021-06-17 14:19:46,S,1057.5,1,1
2021-06-17 14:19:46,S,1057.9,1,10
2021-06-17 14:19:46,S,1057.95,1,6
2021-06-17 14:19:46,S,1058.0,4,34
2021-06-17 14:19:46,B,1056.35,1,2
2021-06-17 14:19:46,B,1056.3,1,2
2021-06-17 14:19:46,B,1055.75,1,10
2021-06-17 14:19:46,B,1055.6,1,1
2021-06-17 14:19:46,B,1055.5,2,4
2021-06-17 14:19:49,S,1057.45,1,2
2021-06-17 14:19:49,S,1057.5,1,9
2021-06-17 14:19:49,S,1057.95,1,6
2021-06-17 14:19:49,S,1058.0,4,34
2021-06-17 14:19:49,S,1058.05,1,1
2021-06-17 14:19:49,B,1056.3,1,2
2021-06-17 14:19:49,B,1056.1,1,2
2021-06-17 14:19:49,B,1056.05,1,1
2021-06-17 14:19:49,B,1055.75,1,10
2021-06-17 14:19:49,B,1055.6,1,1
2021-06-17 14:19:52,S,1057.45,1,2
2021-06-17 14:19:52,S,1057.5,1,9
2021-06-17 14:19:52,S,1057.95,1,6
2021-06-17 14:19:52,S,1058.0,4,34
2021-06-17 14:19:52,S,1058.05,1,1
2021-06-17 14:19:52,B,1056.35,1,2
2021-06-17 14:19:52,B,1056.3,1,2
2021-06-17 14:19:52,B,1056.05,1,1
2021-06-17 14:19:52,B,1056.0,1,10
2021-06-17 14:19:52,B,1055.75,1,10
2021-06-17 14:20:13,S,1057.5,1,2
2021-06-17 14:20:13,S,1057.55,1,10
2021-06-17 14:20:13,S,1057.95,1,6
2021-06-17 14:20:13,S,1058.0,4,34
2021-06-17 14:20:13,S,1058.05,2,11
2021-06-17 14:20:13,B,1056.35,1,2
2021-06-17 14:20:13,B,1056.3,1,2
2021-06-17 14:20:13,B,1056.05,1,1
2021-06-17 14:20:13,B,1056.0,1,10
2021-06-17 14:20:13,B,1055.75,1,10
2021-06-17 14:20:16,S,1057.55,1,2
2021-06-17 14:20:16,S,1057.6,1,9
2021-06-17 14:20:16,S,1057.95,1,6
2021-06-17 14:20:16,S,1058.0,4,34
2021-06-17 14:20:16,S,1058.05,2,12
2021-06-17 14:20:16,B,1056.35,1,2
2021-06-17 14:20:16,B,1056.3,1,2
2021-06-17 14:20:16,B,1056.05,1,1
2021-06-17 14:20:16,B,1056.0,1,10
2021-06-17 14:20:16,B,1055.75,1,10
2021-06-17 14:20:22,S,1057.35,1,2
2021-06-17 14:20:22,S,1057.4,1,10
2021-06-17 14:20:22,S,1057.95,1,6
2021-06-17 14:20:22,S,1058.0,4,34
2021-06-17 14:20:22,S,1058.05,2,12
2021-06-17 14:20:22,B,1056.3,1,2
2021-06-17 14:20:22,B,1055.9,1,2
2021-06-17 14:20:22,B,1055.85,1,9
2021-06-17 14:20:22,B,1055.75,1,10
2021-06-17 14:20:22,B,1055.6,1,1
2021-06-17 14:20:24,S,1057.5,1,2
2021-06-17 14:20:24,S,1057.55,1,9
2021-06-17 14:20:24,S,1057.95,1,6
2021-06-17 14:20:24,S,1058.0,4,34
2021-06-17 14:20:24,S,1058.05,2,12
2021-06-17 14:20:24,B,1056.35,1,2
2021-06-17 14:20:24,B,1056.3,1,2
2021-06-17 14:20:24,B,1056.1,1,1
2021-06-17 14:20:24,B,1056.0,1,10
2021-06-17 14:20:24,B,1055.75,1,10
2021-06-17 14:20:29,S,1057.7,1,2
2021-06-17 14:20:29,S,1057.75,1,10
2021-06-17 14:20:29,S,1057.95,1,6
2021-06-17 14:20:29,S,1058.0,4,34
2021-06-17 14:20:29,S,1058.05,1,1
2021-06-17 14:20:29,B,1056.35,1,2
2021-06-17 14:20:29,B,1056.3,1,2
2021-06-17 14:20:29,B,1056.1,1,1
2021-06-17 14:20:29,B,1056.0,1,10
2021-06-17 14:20:29,B,1055.75,1,10
2021-06-17 14:20:32,S,1057.6,1,2
2021-06-17 14:20:32,S,1057.65,1,10
2021-06-17 14:20:32,S,1057.95,1,6
2021-06-17 14:20:32,S,1058.0,4,34
2021-06-17 14:20:32,S,1058.05,1,1
2021-06-17 14:20:32,B,1056.35,1,2
2021-06-17 14:20:32,B,1056.3,1,2
2021-06-17 14:20:32,B,1056.0,1,10
2021-06-17 14:20:32,B,1055.75,1,10
2021-06-17 14:20:32,B,1055.6,1,1
2021-06-17 14:20:39,S,1057.6,1,2
2021-06-17 14:20:39,S,1057.65,1,10
2021-06-17 14:20:39,S,1057.95,1,6
2021-06-17 14:20:39,S,1058.0,4,34
2021-06-17 14:20:39,S,1058.05,1,1
2021-06-17 14:20:39,B,1056.35,1,2
2021-06-17 14:20:39,B,1056.3,1,2
2021-06-17 14:20:39,B,1056.0,1,10
2021-06-17 14:20:39,B,1055.75,1,10
2021-06-17 14:20:39,B,1055.6,1,1
2021-06-17 14:20:42,S,1057.95,2,7
2021-06-17 14:20:42,S,1058.0,4,34
2021-06-17 14:20:42,S,1058.05,1,1
2021-06-17 14:20:42,S,1058.2,2,13
2021-06-17 14:20:42,S,1058.25,1,3
2021-06-17 14:20:42,B,1056.45,1,10
2021-06-17 14:20:42,B,1056.35,1,2
2021-06-17 14:20:42,B,1056.3,1,2
2021-06-17 14:20:42,B,1055.75,1,10
2021-06-17 14:20:42,B,1055.6,1,1
2021-06-17 14:20:44,S,1057.95,2,7
2021-06-17 14:20:44,S,1058.0,4,34
2021-06-17 14:20:44,S,1058.05,2,11
2021-06-17 14:20:44,S,1058.2,2,13
2021-06-17 14:20:44,S,1058.25,1,3
2021-06-17 14:20:44,B,1056.45,1,10
2021-06-17 14:20:44,B,1056.35,1,2
2021-06-17 14:20:44,B,1056.3,1,2
2021-06-17 14:20:44,B,1055.75,1,10
2021-06-17 14:20:44,B,1055.6,1,1
2021-06-17 14:20:46,S,1057.95,2,7
2021-06-17 14:20:46,S,1058.0,4,34
2021-06-17 14:20:46,S,1058.05,2,11
2021-06-17 14:20:46,S,1058.2,2,13
2021-06-17 14:20:46,S,1058.25,1,3
2021-06-17 14:20:46,B,1056.6,1,10
2021-06-17 14:20:46,B,1056.35,1,2
2021-06-17 14:20:46,B,1056.3,2,7
2021-06-17 14:20:46,B,1056.05,2,13
2021-06-17 14:20:46,B,1055.75,1,10
2021-06-17 14:20:54,S,1057.95,2,7
2021-06-17 14:20:54,S,1058.0,4,34
2021-06-17 14:20:54,S,1058.05,2,11
2021-06-17 14:20:54,S,1058.2,2,13
2021-06-17 14:20:54,S,1058.25,1,3
2021-06-17 14:20:54,B,1056.6,1,10
2021-06-17 14:20:54,B,1056.35,1,2
2021-06-17 14:20:54,B,1056.3,2,7
2021-06-17 14:20:54,B,1056.05,2,13
2021-06-17 14:20:54,B,1055.75,1,10
2021-06-17 14:20:58,S,1057.95,2,7
2021-06-17 14:20:58,S,1058.0,4,34
2021-06-17 14:20:58,S,1058.05,2,11
2021-06-17 14:20:58,S,1058.2,2,13
2021-06-17 14:20:58,S,1058.25,1,3
2021-06-17 14:20:58,B,1056.6,1,10
2021-06-17 14:20:58,B,1056.35,1,2
2021-06-17 14:20:58,B,1056.3,2,7
2021-06-17 14:20:58,B,1056.05,2,13
2021-06-17 14:20:58,B,1055.75,1,10
2021-06-17 14:21:01,S,1057.9,1,10
2021-06-17 14:21:01,S,1057.95,3,8
2021-06-17 14:21:01,S,1058.0,4,34
2021-06-17 14:21:01,S,1058.05,1,1
2021-06-17 14:21:01,S,1058.2,2,13
2021-06-17 14:21:01,B,1056.6,1,10
2021-06-17 14:21:01,B,1056.35,1,2
2021-06-17 14:21:01,B,1056.3,2,7
2021-06-17 14:21:01,B,1056.05,2,13
2021-06-17 14:21:01,B,1055.75,1,10
2021-06-17 14:21:06,S,1057.9,2,11
2021-06-17 14:21:06,S,1057.95,2,7
2021-06-17 14:21:06,S,1058.0,4,34
2021-06-17 14:21:06,S,1058.05,1,1
2021-06-17 14:21:06,S,1058.2,2,13
2021-06-17 14:21:06,B,1056.6,1,10
2021-06-17 14:21:06,B,1056.35,1,2
2021-06-17 14:21:06,B,1056.3,2,7
2021-06-17 14:21:06,B,1056.05,2,13
2021-06-17 14:21:06,B,1055.75,1,10
2021-06-17 14:21:18,S,1057.9,2,11
2021-06-17 14:21:18,S,1057.95,2,7
2021-06-17 14:21:18,S,1058.0,4,34
2021-06-17 14:21:18,S,1058.05,1,1
2021-06-17 14:21:18,S,1058.2,2,13
2021-06-17 14:21:18,B,1056.6,1,10
2021-06-17 14:21:18,B,1056.35,1,2
2021-06-17 14:21:18,B,1056.3,2,7
2021-06-17 14:21:18,B,1056.05,2,13
2021-06-17 14:21:18,B,1055.75,1,10
2021-06-17 14:21:27,S,1057.9,2,6
2021-06-17 14:21:27,S,1057.95,2,7
2021-06-17 14:21:27,S,1058.0,4,34
2021-06-17 14:21:27,S,1058.05,1,1
2021-06-17 14:21:27,S,1058.2,2,13
2021-06-17 14:21:27,B,1056.6,1,10
2021-06-17 14:21:27,B,1056.35,1,2
2021-06-17 14:21:27,B,1056.3,2,7
2021-06-17 14:21:27,B,1056.05,2,13
2021-06-17 14:21:27,B,1055.75,1,10
2021-06-17 14:21:30,S,1057.9,2,6
2021-06-17 14:21:30,S,1057.95,2,7
2021-06-17 14:21:30,S,1058.0,4,34
2021-06-17 14:21:30,S,1058.05,1,1
2021-06-17 14:21:30,S,1058.2,2,13
2021-06-17 14:21:30,B,1056.35,1,2
2021-06-17 14:21:30,B,1056.3,3,17
2021-06-17 14:21:30,B,1056.05,2,13
2021-06-17 14:21:30,B,1055.75,1,10
2021-06-17 14:21:30,B,1055.6,1,1
2021-06-17 14:21:32,S,1057.9,2,6
2021-06-17 14:21:32,S,1057.95,2,7
2021-06-17 14:21:32,S,1058.0,4,34
2021-06-17 14:21:32,S,1058.05,1,1
2021-06-17 14:21:32,S,1058.2,2,13
2021-06-17 14:21:32,B,1056.5,1,2
2021-06-17 14:21:32,B,1056.45,1,10
2021-06-17 14:21:32,B,1056.3,2,7
2021-06-17 14:21:32,B,1056.05,2,13
2021-06-17 14:21:32,B,1055.75,1,10
2021-06-17 14:21:39,S,1057.7,1,10
2021-06-17 14:21:39,S,1057.85,2,7
2021-06-17 14:21:39,S,1057.9,3,65
2021-06-17 14:21:39,S,1058.0,4,34
2021-06-17 14:21:39,S,1058.05,2,10
2021-06-17 14:21:39,B,1056.35,1,2
2021-06-17 14:21:39,B,1056.3,2,7
2021-06-17 14:21:39,B,1056.05,2,13
2021-06-17 14:21:39,B,1055.95,1,10
2021-06-17 14:21:39,B,1055.75,1,10
2021-06-17 14:21:45,S,1057.7,2,11
2021-06-17 14:21:45,S,1057.85,2,7
2021-06-17 14:21:45,S,1057.9,2,64
2021-06-17 14:21:45,S,1058.0,4,34
2021-06-17 14:21:45,S,1058.05,2,10
2021-06-17 14:21:45,B,1056.35,1,2
2021-06-17 14:21:45,B,1056.3,2,7
2021-06-17 14:21:45,B,1056.05,2,13
2021-06-17 14:21:45,B,1055.95,1,10
2021-06-17 14:21:45,B,1055.75,1,10
2021-06-17 14:21:47,S,1057.7,2,11
2021-06-17 14:21:47,S,1057.85,2,7
2021-06-17 14:21:47,S,1057.9,2,64
2021-06-17 14:21:47,S,1058.0,4,34
2021-06-17 14:21:47,S,1058.05,2,10
2021-06-17 14:21:47,B,1056.35,1,2
2021-06-17 14:21:47,B,1056.3,2,7
2021-06-17 14:21:47,B,1056.05,2,13
2021-06-17 14:21:47,B,1055.95,1,10
2021-06-17 14:21:47,B,1055.75,1,10
2021-06-17 14:21:52,S,1057.7,2,11
2021-06-17 14:21:52,S,1057.85,2,7
2021-06-17 14:21:52,S,1057.9,2,64
2021-06-17 14:21:52,S,1058.0,4,34
2021-06-17 14:21:52,S,1058.05,2,10
2021-06-17 14:21:52,B,1056.35,1,2
2021-06-17 14:21:52,B,1056.3,2,7
2021-06-17 14:21:52,B,1056.05,2,13
2021-06-17 14:21:52,B,1055.95,1,10
2021-06-17 14:21:52,B,1055.75,1,10
2021-06-17 14:21:54,S,1057.7,2,11
2021-06-17 14:21:54,S,1057.85,2,7
2021-06-17 14:21:54,S,1057.9,2,64
2021-06-17 14:21:54,S,1058.0,4,34
2021-06-17 14:21:54,S,1058.05,1,9
2021-06-17 14:21:54,B,1056.35,1,2
2021-06-17 14:21:54,B,1056.3,2,7
2021-06-17 14:21:54,B,1056.05,2,13
2021-06-17 14:21:54,B,1055.8,1,9
2021-06-17 14:21:54,B,1055.75,1,10
2021-06-17 14:22:04,S,1056.95,1,6
2021-06-17 14:22:04,S,1057.0,2,101
2021-06-17 14:22:04,S,1057.15,2,11
2021-06-17 14:22:04,S,1057.25,1,2
2021-06-17 14:22:04,S,1057.75,1,12
2021-06-17 14:22:04,B,1056.3,2,7
2021-06-17 14:22:04,B,1055.8,1,2
2021-06-17 14:22:04,B,1055.75,1,10
2021-06-17 14:22:04,B,1055.5,3,18
2021-06-17 14:22:04,B,1055.45,1,12
2021-06-17 14:22:09,S,1056.9,2,10
2021-06-17 14:22:09,S,1056.95,1,6
2021-06-17 14:22:09,S,1057.0,2,101
2021-06-17 14:22:09,S,1057.25,1,2
2021-06-17 14:22:09,S,1057.45,1,11
2021-06-17 14:22:09,B,1056.3,2,7
2021-06-17 14:22:09,B,1055.8,1,2
2021-06-17 14:22:09,B,1055.75,1,10
2021-06-17 14:22:09,B,1055.5,3,18
2021-06-17 14:22:09,B,1055.45,1,12
2021-06-17 14:22:15,S,1056.9,2,10
2021-06-17 14:22:15,S,1056.95,1,6
2021-06-17 14:22:15,S,1057.0,2,101
2021-06-17 14:22:15,S,1057.25,1,2
2021-06-17 14:22:15,S,1057.45,1,11
2021-06-17 14:22:15,B,1056.3,2,7
2021-06-17 14:22:15,B,1055.8,1,2
2021-06-17 14:22:15,B,1055.75,1,10
2021-06-17 14:22:15,B,1055.5,3,18
2021-06-17 14:22:15,B,1055.45,1,12
2021-06-17 14:22:18,S,1056.9,2,9
2021-06-17 14:22:18,S,1056.95,1,6
2021-06-17 14:22:18,S,1057.0,2,101
2021-06-17 14:22:18,S,1057.15,1,11
2021-06-17 14:22:18,S,1057.25,1,2
2021-06-17 14:22:18,B,1056.3,2,7
2021-06-17 14:22:18,B,1055.8,1,2
2021-06-17 14:22:18,B,1055.75,1,10
2021-06-17 14:22:18,B,1055.5,3,18
2021-06-17 14:22:18,B,1055.45,1,12
2021-06-17 14:22:22,S,1056.9,2,9
2021-06-17 14:22:22,S,1056.95,1,6
2021-06-17 14:22:22,S,1057.0,2,101
2021-06-17 14:22:22,S,1057.15,1,11
2021-06-17 14:22:22,S,1057.25,1,2
2021-06-17 14:22:22,B,1056.3,2,7
2021-06-17 14:22:22,B,1055.8,1,2
2021-06-17 14:22:22,B,1055.75,1,10
2021-06-17 14:22:22,B,1055.5,3,18
2021-06-17 14:22:22,B,1055.45,1,12
2021-06-17 14:22:23,S,1057.0,1,24
2021-06-17 14:22:23,S,1057.7,1,6
2021-06-17 14:22:23,S,1057.75,2,13
2021-06-17 14:22:23,S,1057.9,2,64
2021-06-17 14:22:23,S,1058.0,4,34
2021-06-17 14:22:23,B,1056.3,2,7
2021-06-17 14:22:23,B,1056.1,1,2
2021-06-17 14:22:23,B,1056.05,1,12
2021-06-17 14:22:23,B,1055.9,1,10
2021-06-17 14:22:23,B,1055.75,2,11
2021-06-17 14:22:28,S,1057.0,1,24
2021-06-17 14:22:28,S,1057.7,1,6
2021-06-17 14:22:28,S,1057.75,2,13
2021-06-17 14:22:28,S,1057.9,2,64
2021-06-17 14:22:28,S,1058.0,4,34
2021-06-17 14:22:28,B,1056.3,2,7
2021-06-17 14:22:28,B,1056.1,1,2
2021-06-17 14:22:28,B,1056.05,1,12
2021-06-17 14:22:28,B,1055.9,1,10
2021-06-17 14:22:28,B,1055.75,2,11
2021-06-17 14:22:36,S,1057.0,1,24
2021-06-17 14:22:36,S,1057.7,1,6
2021-06-17 14:22:36,S,1057.75,2,13
2021-06-17 14:22:36,S,1057.9,2,64
2021-06-17 14:22:36,S,1058.0,4,34
2021-06-17 14:22:36,B,1056.3,2,7
2021-06-17 14:22:36,B,1056.1,1,2
2021-06-17 14:22:36,B,1056.05,1,12
2021-06-17 14:22:36,B,1055.9,1,10
2021-06-17 14:22:36,B,1055.75,2,11
2021-06-17 14:22:37,S,1057.0,1,100
2021-06-17 14:22:37,S,1057.55,1,2
2021-06-17 14:22:37,S,1057.75,2,13
2021-06-17 14:22:37,S,1057.9,2,64
2021-06-17 14:22:37,S,1058.0,3,27
2021-06-17 14:22:37,B,1056.3,2,7
2021-06-17 14:22:37,B,1056.05,1,2
2021-06-17 14:22:37,B,1056.0,1,198
2021-06-17 14:22:37,B,1055.9,1,10
2021-06-17 14:22:37,B,1055.75,2,11
2021-06-17 14:22:42,S,1057.0,1,100
2021-06-17 14:22:42,S,1057.55,1,2
2021-06-17 14:22:42,S,1057.75,2,13
2021-06-17 14:22:42,S,1057.9,2,64
2021-06-17 14:22:42,S,1058.0,3,27
2021-06-17 14:22:42,B,1056.3,2,7
2021-06-17 14:22:42,B,1056.05,1,2
2021-06-17 14:22:42,B,1056.0,1,198
2021-06-17 14:22:42,B,1055.9,1,10
2021-06-17 14:22:42,B,1055.75,2,11
2021-06-17 14:22:42,S,1056.6,2,3
2021-06-17 14:22:42,S,1056.65,1,10
2021-06-17 14:22:42,S,1056.7,1,10
2021-06-17 14:22:42,S,1057.0,2,101
2021-06-17 14:22:42,S,1057.35,1,8
2021-06-17 14:22:42,B,1055.55,1,1
2021-06-17 14:22:42,B,1055.5,3,18
2021-06-17 14:22:42,B,1055.2,1,10
2021-06-17 14:22:42,B,1055.15,1,12
2021-06-17 14:22:42,B,1055.05,2,201
2021-06-17 14:22:43,S,1056.6,2,3
2021-06-17 14:22:43,S,1056.65,1,10
2021-06-17 14:22:43,S,1056.7,1,10
2021-06-17 14:22:43,S,1057.0,2,101
2021-06-17 14:22:43,S,1057.35,1,8
2021-06-17 14:22:43,B,1055.55,1,1
2021-06-17 14:22:43,B,1055.5,3,18
2021-06-17 14:22:43,B,1055.2,1,10
2021-06-17 14:22:43,B,1055.15,1,12
2021-06-17 14:22:43,B,1055.05,2,201
2021-06-17 14:22:45,S,1056.2,1,9
2021-06-17 14:22:45,S,1056.3,2,3
2021-06-17 14:22:45,S,1056.75,2,3
2021-06-17 14:22:45,S,1056.8,3,10
2021-06-17 14:22:45,S,1056.85,1,11
2021-06-17 14:22:45,B,1055.05,2,201
2021-06-17 14:22:45,B,1055.0,24,426
2021-06-17 14:22:45,B,1054.7,2,15
2021-06-17 14:22:45,B,1054.55,2,31
2021-06-17 14:22:45,B,1054.25,2,10
2021-06-17 14:22:47,S,1056.2,1,9
2021-06-17 14:22:47,S,1056.3,2,3
2021-06-17 14:22:47,S,1056.75,2,3
2021-06-17 14:22:47,S,1056.8,3,10
2021-06-17 14:22:47,S,1056.85,1,11
2021-06-17 14:22:47,B,1055.05,2,201
2021-06-17 14:22:47,B,1055.0,24,426
2021-06-17 14:22:47,B,1054.7,1,5
2021-06-17 14:22:47,B,1054.55,3,40
2021-06-17 14:22:47,B,1054.25,2,10
2021-06-17 14:22:54,S,1056.2,1,9
2021-06-17 14:22:54,S,1056.3,2,3
2021-06-17 14:22:54,S,1056.75,2,3
2021-06-17 14:22:54,S,1056.8,3,10
2021-06-17 14:22:54,S,1056.85,1,11
2021-06-17 14:22:54,B,1055.05,2,201
2021-06-17 14:22:54,B,1055.0,24,426
2021-06-17 14:22:54,B,1054.7,1,5
2021-06-17 14:22:54,B,1054.55,3,40
2021-06-17 14:22:54,B,1054.25,2,10
2021-06-17 14:22:54,S,1056.7,1,5
2021-06-17 14:22:54,S,1056.75,2,8
2021-06-17 14:22:54,S,1056.8,1,7
2021-06-17 14:22:54,S,1056.85,2,11
2021-06-17 14:22:54,S,1056.95,1,6
2021-06-17 14:22:54,B,1055.15,1,2
2021-06-17 14:22:54,B,1055.1,1,28
2021-06-17 14:22:54,B,1055.05,3,211
2021-06-17 14:22:54,B,1055.0,23,386
2021-06-17 14:22:54,B,1054.75,1,1
2021-06-17 14:22:57,S,1056.7,3,8
2021-06-17 14:22:57,S,1056.75,2,8
2021-06-17 14:22:57,S,1056.8,2,8
2021-06-17 14:22:57,S,1056.9,1,2
2021-06-17 14:22:57,S,1056.95,1,6
2021-06-17 14:22:57,B,1055.55,1,2
2021-06-17 14:22:57,B,1055.5,1,1
2021-06-17 14:22:57,B,1055.35,1,9
2021-06-17 14:22:57,B,1055.1,1,28
2021-06-17 14:22:57,B,1055.05,2,201
2021-06-17 14:23:00,S,1056.7,3,8
2021-06-17 14:23:00,S,1056.75,2,8
2021-06-17 14:23:00,S,1056.8,2,8
2021-06-17 14:23:00,S,1056.9,1,2
2021-06-17 14:23:00,S,1056.95,1,6
2021-06-17 14:23:00,B,1055.5,1,1
2021-06-17 14:23:00,B,1055.25,1,2
2021-06-17 14:23:00,B,1055.2,1,1
2021-06-17 14:23:00,B,1055.05,2,201
2021-06-17 14:23:00,B,1055.0,23,386
2021-06-17 14:23:02,S,1056.7,3,8
2021-06-17 14:23:02,S,1056.75,2,8
2021-06-17 14:23:02,S,1056.8,2,8
2021-06-17 14:23:02,S,1056.9,1,2
2021-06-17 14:23:02,S,1056.95,1,6
2021-06-17 14:23:02,B,1055.5,1,1
2021-06-17 14:23:02,B,1055.25,1,2
2021-06-17 14:23:02,B,1055.2,1,1
2021-06-17 14:23:02,B,1055.1,1,9
2021-06-17 14:23:02,B,1055.05,2,201
2021-06-17 14:23:04,S,1056.7,3,8
2021-06-17 14:23:04,S,1056.75,2,8
2021-06-17 14:23:04,S,1056.8,2,8
2021-06-17 14:23:04,S,1056.9,1,2
2021-06-17 14:23:04,S,1056.95,1,6
2021-06-17 14:23:04,B,1055.5,1,1
2021-06-17 14:23:04,B,1055.25,1,2
2021-06-17 14:23:04,B,1055.2,1,1
2021-06-17 14:23:04,B,1055.15,1,1
2021-06-17 14:23:04,B,1055.1,1,9
2021-06-17 14:23:09,S,1056.7,3,8
2021-06-17 14:23:09,S,1056.75,2,8
2021-06-17 14:23:09,S,1056.8,2,8
2021-06-17 14:23:09,S,1056.9,1,2
2021-06-17 14:23:09,S,1056.95,1,6
2021-06-17 14:23:09,B,1055.5,1,1
2021-06-17 14:23:09,B,1055.25,1,2
2021-06-17 14:23:09,B,1055.2,1,1
2021-06-17 14:23:09,B,1055.15,1,1
2021-06-17 14:23:09,B,1055.1,1,9
2021-06-17 14:23:10,S,1054.15,2,11
2021-06-17 14:23:10,S,1054.95,1,2
2021-06-17 14:23:10,S,1055.0,2,45
2021-06-17 14:23:10,S,1056.5,1,8
2021-06-17 14:23:10,S,1056.55,1,8
2021-06-17 14:23:10,B,1052.5,1,10
2021-06-17 14:23:10,B,1052.05,2,29
2021-06-17 14:23:10,B,1052.0,9,62
2021-06-17 14:23:10,B,1051.75,2,11
2021-06-17 14:23:10,B,1051.2,2,11
2021-06-17 14:23:10,S,1054.15,2,11
2021-06-17 14:23:10,S,1054.95,1,2
2021-06-17 14:23:10,S,1055.0,2,45
2021-06-17 14:23:10,S,1056.5,1,8
2021-06-17 14:23:10,S,1056.55,1,8
2021-06-17 14:23:10,B,1052.5,1,10
2021-06-17 14:23:10,B,1052.05,2,29
2021-06-17 14:23:10,B,1052.0,9,62
2021-06-17 14:23:10,B,1051.75,2,11
2021-06-17 14:23:10,B,1051.2,2,11
2021-06-17 14:23:12,S,1054.15,2,11
2021-06-17 14:23:12,S,1054.95,1,2
2021-06-17 14:23:12,S,1055.0,2,45
2021-06-17 14:23:12,S,1056.5,1,8
2021-06-17 14:23:12,S,1056.55,1,8
2021-06-17 14:23:12,B,1052.5,1,10
2021-06-17 14:23:12,B,1052.05,2,29
2021-06-17 14:23:12,B,1052.0,9,62
2021-06-17 14:23:12,B,1051.75,2,11
2021-06-17 14:23:12,B,1051.2,2,11
2021-06-17 14:23:12,S,1054.7,2,2
2021-06-17 14:23:12,S,1054.9,1,28
2021-06-17 14:23:12,S,1054.95,2,4
2021-06-17 14:23:12,S,1055.0,2,98
2021-06-17 14:23:12,S,1055.05,2,15
2021-06-17 14:23:12,B,1053.05,1,2
2021-06-17 14:23:12,B,1053.0,1,45
2021-06-17 14:23:12,B,1052.5,2,11
2021-06-17 14:23:12,B,1052.35,1,1
2021-06-17 14:23:12,B,1052.15,2,2
2021-06-17 14:23:15,S,1054.75,2,2
2021-06-17 14:23:15,S,1054.8,1,28
2021-06-17 14:23:15,S,1054.85,2,4
2021-06-17 14:23:15,S,1055.0,3,128
2021-06-17 14:23:15,S,1055.05,1,4
2021-06-17 14:23:15,B,1053.05,1,2
2021-06-17 14:23:15,B,1053.0,1,45
2021-06-17 14:23:15,B,1052.85,2,2
2021-06-17 14:23:15,B,1052.5,2,11
2021-06-17 14:23:15,B,1052.35,1,1
2021-06-17 14:23:18,S,1054.75,1,1
2021-06-17 14:23:18,S,1054.8,1,28
2021-06-17 14:23:18,S,1054.85,2,4
2021-06-17 14:23:18,S,1054.95,1,2
2021-06-17 14:23:18,S,1055.0,3,128
2021-06-17 14:23:18,B,1053.05,1,2
2021-06-17 14:23:18,B,1053.0,1,45
2021-06-17 14:23:18,B,1052.85,2,2
2021-06-17 14:23:18,B,1052.5,2,11
2021-06-17 14:23:18,B,1052.35,1,1
2021-06-17 14:23:23,S,1054.75,1,1
2021-06-17 14:23:23,S,1054.8,2,29
2021-06-17 14:23:23,S,1054.85,2,4
2021-06-17 14:23:23,S,1054.95,1,2
2021-06-17 14:23:23,S,1055.0,3,128
2021-06-17 14:23:23,B,1053.05,1,2
2021-06-17 14:23:23,B,1053.0,1,45
2021-06-17 14:23:23,B,1052.85,2,2
2021-06-17 14:23:23,B,1052.5,2,11
2021-06-17 14:23:23,B,1052.35,1,1
2021-06-17 14:23:26,S,1054.65,1,1
2021-06-17 14:23:26,S,1054.7,1,9
2021-06-17 14:23:26,S,1054.8,1,1
2021-06-17 14:23:26,S,1054.85,2,4
2021-06-17 14:23:26,S,1054.95,1,2
2021-06-17 14:23:26,B,1053.15,1,2
2021-06-17 14:23:26,B,1053.1,1,5
2021-06-17 14:23:26,B,1053.0,1,45
2021-06-17 14:23:26,B,1052.85,2,2
2021-06-17 14:23:26,B,1052.5,2,11
2021-06-17 14:23:29,S,1054.55,1,1
2021-06-17 14:23:29,S,1054.6,1,30
2021-06-17 14:23:29,S,1054.7,2,10
2021-06-17 14:23:29,S,1054.85,2,4
2021-06-17 14:23:29,S,1054.95,1,2
2021-06-17 14:23:29,B,1053.15,1,2
2021-06-17 14:23:29,B,1053.1,1,5
2021-06-17 14:23:29,B,1053.0,1,45
2021-06-17 14:23:29,B,1052.85,2,2
2021-06-17 14:23:29,B,1052.5,2,11
2021-06-17 14:23:45,S,1054.55,1,1
2021-06-17 14:23:45,S,1054.6,1,30
2021-06-17 14:23:45,S,1054.7,1,9
2021-06-17 14:23:45,S,1054.85,2,4
2021-06-17 14:23:45,S,1054.95,1,2
2021-06-17 14:23:45,B,1053.15,1,2
2021-06-17 14:23:45,B,1053.1,1,5
2021-06-17 14:23:45,B,1053.0,2,46
2021-06-17 14:23:45,B,1052.9,1,9
2021-06-17 14:23:45,B,1052.85,2,2
2021-06-17 14:23:48,S,1054.55,2,4
2021-06-17 14:23:48,S,1054.6,2,31
2021-06-17 14:23:48,S,1054.7,1,9
2021-06-17 14:23:48,S,1054.85,2,4
2021-06-17 14:23:48,S,1054.95,1,2
2021-06-17 14:23:48,B,1053.15,1,2
2021-06-17 14:23:48,B,1053.1,2,6
2021-06-17 14:23:48,B,1053.0,2,46
2021-06-17 14:23:48,B,1052.85,2,11
2021-06-17 14:23:48,B,1052.5,2,11
2021-06-17 14:23:49,S,1054.55,2,4
2021-06-17 14:23:49,S,1054.6,2,31
2021-06-17 14:23:49,S,1054.7,1,9
2021-06-17 14:23:49,S,1054.85,2,4
2021-06-17 14:23:49,S,1054.95,1,2
2021-06-17 14:23:49,B,1053.15,1,2
2021-06-17 14:23:49,B,1053.1,2,6
2021-06-17 14:23:49,B,1053.0,2,46
2021-06-17 14:23:49,B,1052.85,2,11
2021-06-17 14:23:49,B,1052.5,2,11
2021-06-17 14:23:51,S,1054.45,1,2
2021-06-17 14:23:51,S,1054.5,2,8
2021-06-17 14:23:51,S,1054.55,1,3
2021-06-17 14:23:51,S,1054.6,2,31
2021-06-17 14:23:51,S,1054.75,1,3
2021-06-17 14:23:51,B,1053.05,1,1
2021-06-17 14:23:51,B,1053.0,2,34
2021-06-17 14:23:51,B,1052.85,1,1
2021-06-17 14:23:51,B,1052.5,2,11
2021-06-17 14:23:51,B,1052.35,1,1
2021-06-17 14:23:53,S,1054.45,2,5
2021-06-17 14:23:53,S,1054.5,2,3
2021-06-17 14:23:53,S,1054.55,3,7
2021-06-17 14:23:53,S,1054.6,2,31
2021-06-17 14:23:53,S,1054.75,1,12
2021-06-17 14:23:53,B,1053.15,1,1
2021-06-17 14:23:53,B,1053.1,1,2
2021-06-17 14:23:53,B,1053.0,1,33
2021-06-17 14:23:53,B,1052.85,1,1
2021-06-17 14:23:53,B,1052.5,2,11
2021-06-17 14:23:58,S,1054.35,1,2
2021-06-17 14:23:58,S,1054.4,2,2
2021-06-17 14:23:58,S,1054.45,3,13
2021-06-17 14:23:58,S,1054.5,2,3
2021-06-17 14:23:58,S,1054.55,3,7
2021-06-17 14:23:58,B,1053.15,1,1
2021-06-17 14:23:58,B,1053.1,1,2
2021-06-17 14:23:58,B,1053.0,1,33
2021-06-17 14:23:58,B,1052.85,1,1
2021-06-17 14:23:58,B,1052.5,1,10
2021-06-17 14:23:59,S,1054.35,1,2
2021-06-17 14:23:59,S,1054.4,2,2
2021-06-17 14:23:59,S,1054.45,3,13
2021-06-17 14:23:59,S,1054.5,2,3
2021-06-17 14:23:59,S,1054.55,3,7
2021-06-17 14:23:59,B,1053.15,1,1
2021-06-17 14:23:59,B,1053.1,1,2
2021-06-17 14:23:59,B,1053.0,1,33
2021-06-17 14:23:59,B,1052.85,1,1
2021-06-17 14:23:59,B,1052.5,1,10
2021-06-17 14:24:00,S,1054.25,1,2
2021-06-17 14:24:00,S,1054.3,3,9
2021-06-17 14:24:00,S,1054.35,2,4
2021-06-17 14:24:00,S,1054.4,2,2
2021-06-17 14:24:00,S,1054.45,3,13
2021-06-17 14:24:00,B,1053.0,1,18
2021-06-17 14:24:00,B,1052.5,1,10
2021-06-17 14:24:00,B,1052.15,2,2
2021-06-17 14:24:00,B,1052.1,1,7
2021-06-17 14:24:00,B,1052.05,1,6
2021-06-17 14:24:03,S,1054.25,2,5
2021-06-17 14:24:03,S,1054.3,3,9
2021-06-17 14:24:03,S,1054.35,2,4
2021-06-17 14:24:03,S,1054.4,2,2
2021-06-17 14:24:03,S,1054.45,2,4
2021-06-17 14:24:03,B,1053.0,1,18
2021-06-17 14:24:03,B,1052.6,1,1
2021-06-17 14:24:03,B,1052.5,1,10
2021-06-17 14:24:03,B,1052.15,2,2
2021-06-17 14:24:03,B,1052.1,1,7
2021-06-17 14:24:04,S,1054.25,2,5
2021-06-17 14:24:04,S,1054.3,3,9
2021-06-17 14:24:04,S,1054.35,2,4
2021-06-17 14:24:04,S,1054.4,2,2
2021-06-17 14:24:04,S,1054.45,2,4
2021-06-17 14:24:04,B,1053.0,1,18
2021-06-17 14:24:04,B,1052.6,1,1
2021-06-17 14:24:04,B,1052.5,1,10
2021-06-17 14:24:04,B,1052.15,2,2
2021-06-17 14:24:04,B,1052.1,1,7
2021-06-17 14:24:06,S,1054.2,1,2
2021-06-17 14:24:06,S,1054.25,2,4
2021-06-17 14:24:06,S,1054.3,2,4
2021-06-17 14:24:06,S,1054.35,2,4
2021-06-17 14:24:06,S,1054.4,2,2
2021-06-17 14:24:06,B,1053.05,2,8
2021-06-17 14:24:06,B,1053.0,1,18
2021-06-17 14:24:06,B,1052.85,1,9
2021-06-17 14:24:06,B,1052.8,1,1
2021-06-17 14:24:06,B,1052.5,1,10
2021-06-17 14:24:10,S,1054.2,2,5
2021-06-17 14:24:10,S,1054.25,2,4
2021-06-17 14:24:10,S,1054.3,2,4
2021-06-17 14:24:10,S,1054.35,2,4
2021-06-17 14:24:10,S,1054.4,2,2
2021-06-17 14:24:10,B,1053.05,1,2
2021-06-17 14:24:10,B,1053.0,1,18
2021-06-17 14:24:10,B,1052.8,1,1
2021-06-17 14:24:10,B,1052.5,1,10
2021-06-17 14:24:10,B,1052.45,1,1
2021-06-17 14:24:13,S,1054.2,2,5
2021-06-17 14:24:13,S,1054.25,2,4
2021-06-17 14:24:13,S,1054.3,2,4
2021-06-17 14:24:13,S,1054.35,2,4
2021-06-17 14:24:13,S,1054.4,2,2
2021-06-17 14:24:13,B,1053.05,1,2
2021-06-17 14:24:13,B,1053.0,1,18
2021-06-17 14:24:13,B,1052.8,1,1
2021-06-17 14:24:13,B,1052.7,1,10
2021-06-17 14:24:13,B,1052.5,1,10
2021-06-17 14:24:16,S,1054.2,2,5
2021-06-17 14:24:16,S,1054.25,1,3
2021-06-17 14:24:16,S,1054.3,1,3
2021-06-17 14:24:16,S,1054.35,1,3
2021-06-17 14:24:16,S,1054.4,1,1
2021-06-17 14:24:16,B,1053.15,1,2
2021-06-17 14:24:16,B,1053.1,1,5
2021-06-17 14:24:16,B,1053.0,1,18
2021-06-17 14:24:16,B,1052.8,1,1
2021-06-17 14:24:16,B,1052.7,1,10
2021-06-17 14:24:22,S,1054.2,1,3
2021-06-17 14:24:22,S,1054.25,1,3
2021-06-17 14:24:22,S,1054.3,1,2
2021-06-17 14:24:22,S,1054.35,1,3
2021-06-17 14:24:22,S,1054.4,1,1
2021-06-17 14:24:22,B,1053.35,1,10
2021-06-17 14:24:22,B,1053.15,1,2
2021-06-17 14:24:22,B,1053.1,1,5
2021-06-17 14:24:22,B,1053.05,2,16
2021-06-17 14:24:22,B,1053.0,1,18
2021-06-17 14:24:25,S,1054.2,1,3
2021-06-17 14:24:25,S,1054.25,1,3
2021-06-17 14:24:25,S,1054.35,2,5
2021-06-17 14:24:25,S,1054.4,1,1
2021-06-17 14:24:25,S,1054.45,1,3
2021-06-17 14:24:25,B,1053.55,1,9
2021-06-17 14:24:25,B,1053.4,1,2
2021-06-17 14:24:25,B,1053.35,1,10
2021-06-17 14:24:25,B,1053.2,1,5
2021-06-17 14:24:25,B,1053.1,1,5
2021-06-17 14:24:29,S,1054.2,1,3
2021-06-17 14:24:29,S,1054.25,1,3
2021-06-17 14:24:29,S,1054.35,2,5
2021-06-17 14:24:29,S,1054.4,1,1
2021-06-17 14:24:29,S,1054.45,1,3
2021-06-17 14:24:29,B,1053.5,1,6
2021-06-17 14:24:29,B,1053.45,1,10
2021-06-17 14:24:29,B,1053.4,2,3
2021-06-17 14:24:29,B,1053.35,1,1
2021-06-17 14:24:29,B,1053.3,1,1
2021-06-17 14:24:30,S,1054.2,1,3
2021-06-17 14:24:30,S,1054.25,1,3
2021-06-17 14:24:30,S,1054.35,2,5
2021-06-17 14:24:30,S,1054.4,1,1
2021-06-17 14:24:30,S,1054.45,1,3
2021-06-17 14:24:30,B,1053.5,1,6
2021-06-17 14:24:30,B,1053.45,1,10
2021-06-17 14:24:30,B,1053.4,2,3
2021-06-17 14:24:30,B,1053.35,1,1
2021-06-17 14:24:30,B,1053.3,1,1
2021-06-17 14:24:32,S,1054.2,1,2
2021-06-17 14:24:32,S,1054.25,1,3
2021-06-17 14:24:32,S,1054.35,1,3
2021-06-17 14:24:32,S,1054.4,1,1
2021-06-17 14:24:32,S,1054.45,1,3
2021-06-17 14:24:32,B,1053.15,2,3
2021-06-17 14:24:32,B,1053.1,2,6
2021-06-17 14:24:32,B,1053.0,2,19
2021-06-17 14:24:32,B,1052.8,1,1
2021-06-17 14:24:32,B,1052.5,1,10
2021-06-17 14:24:34,S,1054.25,1,3
2021-06-17 14:24:34,S,1054.3,1,2
2021-06-17 14:24:34,S,1054.35,1,3
2021-06-17 14:24:34,S,1054.4,1,1
2021-06-17 14:24:34,S,1054.45,1,3
2021-06-17 14:24:34,B,1053.3,1,2
2021-06-17 14:24:34,B,1053.25,2,11
2021-06-17 14:24:34,B,1053.1,2,6
2021-06-17 14:24:34,B,1053.05,2,7
2021-06-17 14:24:34,B,1053.0,2,19
2021-06-17 14:24:38,S,1054.2,1,2
2021-06-17 14:24:38,S,1054.25,1,3
2021-06-17 14:24:38,S,1054.35,1,3
2021-06-17 14:24:38,S,1054.4,1,1
2021-06-17 14:24:38,S,1054.45,1,3
2021-06-17 14:24:38,B,1053.15,1,2
2021-06-17 14:24:38,B,1053.1,2,6
2021-06-17 14:24:38,B,1053.0,3,28
2021-06-17 14:24:38,B,1052.8,1,1
2021-06-17 14:24:38,B,1052.5,1,10
2021-06-17 14:24:39,S,1054.2,1,2
2021-06-17 14:24:39,S,1054.25,1,3
2021-06-17 14:24:39,S,1054.35,1,3
2021-06-17 14:24:39,S,1054.4,1,1
2021-06-17 14:24:39,S,1054.45,1,3
2021-06-17 14:24:39,B,1053.15,1,2
2021-06-17 14:24:39,B,1053.1,2,6
2021-06-17 14:24:39,B,1053.0,3,28
2021-06-17 14:24:39,B,1052.8,1,1
2021-06-17 14:24:39,B,1052.5,1,10
2021-06-17 14:24:40,S,1054.35,1,3
2021-06-17 14:24:40,S,1054.45,1,3
2021-06-17 14:24:40,S,1054.55,1,3
2021-06-17 14:24:40,S,1054.6,1,30
2021-06-17 14:24:40,S,1055.0,1,97
2021-06-17 14:24:40,B,1053.15,1,2
2021-06-17 14:24:40,B,1053.1,2,6
2021-06-17 14:24:40,B,1053.0,2,19
2021-06-17 14:24:40,B,1052.8,1,1
2021-06-17 14:24:40,B,1052.5,1,10
2021-06-17 14:24:42,S,1054.35,1,3
2021-06-17 14:24:42,S,1054.45,1,3
2021-06-17 14:24:42,S,1054.55,1,3
2021-06-17 14:24:42,S,1054.6,1,30
2021-06-17 14:24:42,S,1055.0,1,97
2021-06-17 14:24:42,B,1053.15,1,2
2021-06-17 14:24:42,B,1053.1,2,6
2021-06-17 14:24:42,B,1053.0,2,19
2021-06-17 14:24:42,B,1052.8,1,1
2021-06-17 14:24:42,B,1052.5,1,10
2021-06-17 14:24:43,S,1054.25,2,4
2021-06-17 14:24:43,S,1054.3,1,7
2021-06-17 14:24:43,S,1054.35,1,3
2021-06-17 14:24:43,S,1054.4,1,3
2021-06-17 14:24:43,S,1054.45,2,12
2021-06-17 14:24:43,B,1053.05,1,2
2021-06-17 14:24:43,B,1053.0,1,18
2021-06-17 14:24:43,B,1052.5,2,11
2021-06-17 14:24:43,B,1052.15,2,2
2021-06-17 14:24:43,B,1052.1,1,7
2021-06-17 14:24:56,S,1054.25,2,4
2021-06-17 14:24:56,S,1054.3,1,7
2021-06-17 14:24:56,S,1054.35,1,3
2021-06-17 14:24:56,S,1054.4,1,3
2021-06-17 14:24:56,S,1054.45,2,12
2021-06-17 14:24:56,B,1053.05,1,2
2021-06-17 14:24:56,B,1053.0,1,18
2021-06-17 14:24:56,B,1052.5,2,11
2021-06-17 14:24:56,B,1052.15,2,2
2021-06-17 14:24:56,B,1052.1,1,7
2021-06-17 14:24:57,S,1054.25,2,3
2021-06-17 14:24:57,S,1054.3,1,7
2021-06-17 14:24:57,S,1054.35,1,3
2021-06-17 14:24:57,S,1054.4,1,3
2021-06-17 14:24:57,S,1054.45,2,12
2021-06-17 14:24:57,B,1053.05,1,2
2021-06-17 14:24:57,B,1053.0,1,18
2021-06-17 14:24:57,B,1052.5,2,11
2021-06-17 14:24:57,B,1052.15,2,2
2021-06-17 14:24:57,B,1052.1,1,7
2021-06-17 14:25:03,S,1054.25,2,3
2021-06-17 14:25:03,S,1054.3,1,7
2021-06-17 14:25:03,S,1054.35,1,3
2021-06-17 14:25:03,S,1054.4,1,3
2021-06-17 14:25:03,S,1054.45,1,3
2021-06-17 14:25:03,B,1053.05,1,2
2021-06-17 14:25:03,B,1053.0,1,18
2021-06-17 14:25:03,B,1052.75,2,2
2021-06-17 14:25:03,B,1052.55,2,10
2021-06-17 14:25:03,B,1052.5,2,11
2021-06-17 14:25:05,S,1054.25,3,5
2021-06-17 14:25:05,S,1054.3,1,7
2021-06-17 14:25:05,S,1054.35,1,3
2021-06-17 14:25:05,S,1054.4,1,3
2021-06-17 14:25:05,S,1054.45,1,3
2021-06-17 14:25:05,B,1053.05,1,2
2021-06-17 14:25:05,B,1053.0,1,18
2021-06-17 14:25:05,B,1052.75,2,2
2021-06-17 14:25:05,B,1052.55,2,10
2021-06-17 14:25:05,B,1052.5,2,11
2021-06-17 14:25:11,S,1053.6,1,2
2021-06-17 14:25:11,S,1053.65,1,10
2021-06-17 14:25:11,S,1054.15,1,9
2021-06-17 14:25:11,S,1054.2,1,2
2021-06-17 14:25:11,S,1054.25,2,4
2021-06-17 14:25:11,B,1052.55,1,1
2021-06-17 14:25:11,B,1052.5,1,6
2021-06-17 14:25:11,B,1052.15,1,1
2021-06-17 14:25:11,B,1052.1,1,7
2021-06-17 14:25:11,B,1052.05,1,6
2021-06-17 14:25:13,S,1053.6,1,2
2021-06-17 14:25:13,S,1053.9,1,1
2021-06-17 14:25:13,S,1053.95,1,9
2021-06-17 14:25:13,S,1054.15,1,9
2021-06-17 14:25:13,S,1054.2,1,2
2021-06-17 14:25:13,B,1052.55,1,2
2021-06-17 14:25:13,B,1052.5,1,6
2021-06-17 14:25:13,B,1052.2,1,9
2021-06-17 14:25:13,B,1052.15,1,1
2021-06-17 14:25:13,B,1052.1,1,7
2021-06-17 14:25:14,S,1053.6,1,2
2021-06-17 14:25:14,S,1053.9,1,1
2021-06-17 14:25:14,S,1053.95,1,9
2021-06-17 14:25:14,S,1054.15,1,9
2021-06-17 14:25:14,S,1054.2,1,2
2021-06-17 14:25:14,B,1052.55,1,2
2021-06-17 14:25:14,B,1052.5,1,6
2021-06-17 14:25:14,B,1052.2,1,9
2021-06-17 14:25:14,B,1052.15,1,1
2021-06-17 14:25:14,B,1052.1,1,7
2021-06-17 14:25:16,S,1053.6,1,2
2021-06-17 14:25:16,S,1053.9,1,1
2021-06-17 14:25:16,S,1053.95,1,9
2021-06-17 14:25:16,S,1054.15,1,9
2021-06-17 14:25:16,S,1054.2,1,2
2021-06-17 14:25:16,B,1052.55,1,2
2021-06-17 14:25:16,B,1052.5,1,6
2021-06-17 14:25:16,B,1052.2,1,9
2021-06-17 14:25:16,B,1052.15,1,1
2021-06-17 14:25:16,B,1052.1,1,7
2021-06-17 14:25:19,S,1053.9,1,1
2021-06-17 14:25:19,S,1053.95,1,9
2021-06-17 14:25:19,S,1054.15,1,9
2021-06-17 14:25:19,S,1054.2,1,2
2021-06-17 14:25:19,S,1054.25,1,2
2021-06-17 14:25:19,B,1052.55,1,2
2021-06-17 14:25:19,B,1052.5,1,6
2021-06-17 14:25:19,B,1052.2,1,9
2021-06-17 14:25:19,B,1052.15,1,1
2021-06-17 14:25:19,B,1052.1,1,7
2021-06-17 14:25:24,S,1053.9,1,1
2021-06-17 14:25:24,S,1053.95,1,9
2021-06-17 14:25:24,S,1054.15,1,9
2021-06-17 14:25:24,S,1054.2,1,2
2021-06-17 14:25:24,S,1054.25,1,2
2021-06-17 14:25:24,B,1052.55,1,2
2021-06-17 14:25:24,B,1052.5,1,6
2021-06-17 14:25:24,B,1052.2,1,9
2021-06-17 14:25:24,B,1052.15,1,1
2021-06-17 14:25:24,B,1052.1,1,7
2021-06-17 14:25:25,S,1053.9,1,1
2021-06-17 14:25:25,S,1053.95,1,10
2021-06-17 14:25:25,S,1054.2,1,2
2021-06-17 14:25:25,S,1054.25,1,2
2021-06-17 14:25:25,S,1054.3,1,7
2021-06-17 14:25:25,B,1052.55,1,2
2021-06-17 14:25:25,B,1052.5,1,6
2021-06-17 14:25:25,B,1052.3,1,3
2021-06-17 14:25:25,B,1052.15,1,1
2021-06-17 14:25:25,B,1052.1,1,7
2021-06-17 14:25:27,S,1054.05,1,1
2021-06-17 14:25:27,S,1054.1,1,10
2021-06-17 14:25:27,S,1054.2,1,2
2021-06-17 14:25:27,S,1054.25,1,2
2021-06-17 14:25:27,S,1054.3,1,7
2021-06-17 14:25:27,B,1052.55,1,2
2021-06-17 14:25:27,B,1052.5,1,6
2021-06-17 14:25:27,B,1052.45,1,9
2021-06-17 14:25:27,B,1052.3,1,3
2021-06-17 14:25:27,B,1052.15,1,1
2021-06-17 14:25:30,S,1054.15,1,1
2021-06-17 14:25:30,S,1054.2,1,2
2021-06-17 14:25:30,S,1054.25,1,2
2021-06-17 14:25:30,S,1054.3,1,7
2021-06-17 14:25:30,S,1054.35,1,7
2021-06-17 14:25:30,B,1053.05,1,2
2021-06-17 14:25:30,B,1053.0,1,10
2021-06-17 14:25:30,B,1052.75,1,10
2021-06-17 14:25:30,B,1052.5,1,6
2021-06-17 14:25:30,B,1052.45,1,10
2021-06-17 14:25:34,S,1054.15,1,1
2021-06-17 14:25:34,S,1054.2,1,2
2021-06-17 14:25:34,S,1054.25,1,2
2021-06-17 14:25:34,S,1054.3,1,7
2021-06-17 14:25:34,S,1054.35,1,7
2021-06-17 14:25:34,B,1053.05,1,2
2021-06-17 14:25:34,B,1053.0,1,10
2021-06-17 14:25:34,B,1052.75,1,10
2021-06-17 14:25:34,B,1052.5,1,6
2021-06-17 14:25:34,B,1052.45,1,10
2021-06-17 14:25:36,S,1054.05,1,1
2021-06-17 14:25:36,S,1054.1,1,9
2021-06-17 14:25:36,S,1054.2,1,2
2021-06-17 14:25:36,S,1054.25,1,2
2021-06-17 14:25:36,S,1054.3,1,7
2021-06-17 14:25:36,B,1052.55,2,12
2021-06-17 14:25:36,B,1052.5,1,6
2021-06-17 14:25:36,B,1052.3,2,4
2021-06-17 14:25:36,B,1052.15,1,1
2021-06-17 14:25:36,B,1052.1,1,7
2021-06-17 14:25:42,S,1054.15,1,1
2021-06-17 14:25:42,S,1054.2,1,2
2021-06-17 14:25:42,S,1054.25,1,2
2021-06-17 14:25:42,S,1054.3,1,7
2021-06-17 14:25:42,S,1054.35,1,7
2021-06-17 14:25:42,B,1052.55,2,12
2021-06-17 14:25:42,B,1052.5,1,6
2021-06-17 14:25:42,B,1052.3,1,3
2021-06-17 14:25:42,B,1052.15,2,12
2021-06-17 14:25:42,B,1052.1,1,7
2021-06-17 14:25:45,S,1054.15,1,1
2021-06-17 14:25:45,S,1054.2,1,2
2021-06-17 14:25:45,S,1054.25,1,2
2021-06-17 14:25:45,S,1054.3,1,7
2021-06-17 14:25:45,S,1054.35,1,7
2021-06-17 14:25:45,B,1052.55,2,12
2021-06-17 14:25:45,B,1052.5,1,6
2021-06-17 14:25:45,B,1052.3,1,3
2021-06-17 14:25:45,B,1052.15,2,12
2021-06-17 14:25:45,B,1052.1,1,7
2021-06-17 14:25:48,S,1054.15,1,1
2021-06-17 14:25:48,S,1054.2,1,2
2021-06-17 14:25:48,S,1054.25,1,2
2021-06-17 14:25:48,S,1054.3,1,7
2021-06-17 14:25:48,S,1054.35,1,7
2021-06-17 14:25:48,B,1052.55,2,12
2021-06-17 14:25:48,B,1052.5,1,6
2021-06-17 14:25:48,B,1052.3,1,3
2021-06-17 14:25:48,B,1052.15,2,12
2021-06-17 14:25:48,B,1052.1,1,7
2021-06-17 14:25:48,S,1054.15,1,1
2021-06-17 14:25:48,S,1054.2,1,2
2021-06-17 14:25:48,S,1054.25,1,2
2021-06-17 14:25:48,S,1054.3,1,7
2021-06-17 14:25:48,S,1054.35,1,7
2021-06-17 14:25:48,B,1052.55,2,12
2021-06-17 14:25:48,B,1052.5,1,6
2021-06-17 14:25:48,B,1052.3,1,3
2021-06-17 14:25:48,B,1052.15,2,12
2021-06-17 14:25:48,B,1052.1,1,7
2021-06-17 14:25:51,S,1053.7,1,2
2021-06-17 14:25:51,S,1053.75,1,10
2021-06-17 14:25:51,S,1054.15,1,3
2021-06-17 14:25:51,S,1054.2,1,2
2021-06-17 14:25:51,S,1054.25,1,2
2021-06-17 14:25:51,B,1052.2,1,1
2021-06-17 14:25:51,B,1052.15,1,6
2021-06-17 14:25:51,B,1052.1,1,4
2021-06-17 14:25:51,B,1052.05,1,6
2021-06-17 14:25:51,B,1052.0,8,61
2021-06-17 14:25:58,S,1053.7,1,2
2021-06-17 14:25:58,S,1053.75,1,10
2021-06-17 14:25:58,S,1054.15,1,3
2021-06-17 14:25:58,S,1054.2,1,2
2021-06-17 14:25:58,S,1054.25,1,2
2021-06-17 14:25:58,B,1052.2,1,1
2021-06-17 14:25:58,B,1052.15,1,6
2021-06-17 14:25:58,B,1052.1,1,4
2021-06-17 14:25:58,B,1052.05,1,6
2021-06-17 14:25:58,B,1052.0,8,61
2021-06-17 14:25:59,S,1054.1,1,2
2021-06-17 14:25:59,S,1054.15,1,3
2021-06-17 14:25:59,S,1054.25,1,2
2021-06-17 14:25:59,S,1054.3,1,7
2021-06-17 14:25:59,S,1054.35,1,7
2021-06-17 14:25:59,B,1052.05,1,2
2021-06-17 14:25:59,B,1052.0,8,61
2021-06-17 14:25:59,B,1051.9,1,3
2021-06-17 14:25:59,B,1051.4,1,40
2021-06-17 14:25:59,B,1051.2,3,23
2021-06-17 14:26:00,S,1054.1,1,2
2021-06-17 14:26:00,S,1054.15,1,3
2021-06-17 14:26:00,S,1054.25,1,2
2021-06-17 14:26:00,S,1054.3,1,7
2021-06-17 14:26:00,S,1054.35,1,7
2021-06-17 14:26:00,B,1052.05,1,2
2021-06-17 14:26:00,B,1052.0,8,61
2021-06-17 14:26:00,B,1051.9,1,3
2021-06-17 14:26:00,B,1051.4,1,40
2021-06-17 14:26:00,B,1051.2,3,23
2021-06-17 14:26:02,S,1054.2,1,1
2021-06-17 14:26:02,S,1054.25,1,2
2021-06-17 14:26:02,S,1054.3,1,7
2021-06-17 14:26:02,S,1054.35,2,9
2021-06-17 14:26:02,S,1054.4,1,1
2021-06-17 14:26:02,B,1052.25,1,4
2021-06-17 14:26:02,B,1052.2,1,8
2021-06-17 14:26:02,B,1052.05,2,4
2021-06-17 14:26:02,B,1052.0,8,61
2021-06-17 14:26:02,B,1051.65,1,3
2021-06-17 14:26:04,S,1054.05,1,1
2021-06-17 14:26:04,S,1054.1,1,9
2021-06-17 14:26:04,S,1054.2,1,2
2021-06-17 14:26:04,S,1054.25,2,6
2021-06-17 14:26:04,S,1054.3,1,7
2021-06-17 14:26:04,B,1052.15,1,4
2021-06-17 14:26:04,B,1052.1,1,8
2021-06-17 14:26:04,B,1052.05,1,3
2021-06-17 14:26:04,B,1052.0,8,61
2021-06-17 14:26:04,B,1051.6,1,3
2021-06-17 14:26:14,S,1054.05,1,1
2021-06-17 14:26:14,S,1054.1,1,9
2021-06-17 14:26:14,S,1054.2,1,2
2021-06-17 14:26:14,S,1054.25,2,6
2021-06-17 14:26:14,S,1054.3,1,7
2021-06-17 14:26:14,B,1052.15,1,4
2021-06-17 14:26:14,B,1052.1,1,8
2021-06-17 14:26:14,B,1052.05,1,3
2021-06-17 14:26:14,B,1052.0,8,61
2021-06-17 14:26:14,B,1051.6,1,3
2021-06-17 14:26:16,S,1054.2,1,2
2021-06-17 14:26:16,S,1054.25,2,12
2021-06-17 14:26:16,S,1054.3,1,7
2021-06-17 14:26:16,S,1054.35,1,7
2021-06-17 14:26:16,S,1054.4,1,1
2021-06-17 14:26:16,B,1052.8,1,4
2021-06-17 14:26:16,B,1052.75,1,9
2021-06-17 14:26:16,B,1052.3,1,5
2021-06-17 14:26:16,B,1052.05,1,3
2021-06-17 14:26:16,B,1052.0,8,61
2021-06-17 14:26:22,S,1054.2,2,11
2021-06-17 14:26:22,S,1054.25,1,2
2021-06-17 14:26:22,S,1054.3,1,7
2021-06-17 14:26:22,S,1054.35,1,7
2021-06-17 14:26:22,S,1054.4,2,11
2021-06-17 14:26:22,B,1052.8,1,4
2021-06-17 14:26:22,B,1052.75,1,9
2021-06-17 14:26:22,B,1052.3,1,5
2021-06-17 14:26:22,B,1052.05,1,3
2021-06-17 14:26:22,B,1052.0,8,61
2021-06-17 14:26:22,S,1054.2,2,11
2021-06-17 14:26:22,S,1054.25,1,2
2021-06-17 14:26:22,S,1054.3,1,7
2021-06-17 14:26:22,S,1054.35,1,7
2021-06-17 14:26:22,S,1054.4,2,11
2021-06-17 14:26:22,B,1052.8,1,4
2021-06-17 14:26:22,B,1052.75,1,9
2021-06-17 14:26:22,B,1052.3,1,5
2021-06-17 14:26:22,B,1052.05,1,3
2021-06-17 14:26:22,B,1052.0,8,61
2021-06-17 14:26:24,S,1054.2,1,9
2021-06-17 14:26:24,S,1054.25,1,2
2021-06-17 14:26:24,S,1054.3,1,7
2021-06-17 14:26:24,S,1054.35,1,7
2021-06-17 14:26:24,S,1054.4,2,11
2021-06-17 14:26:24,B,1052.85,1,10
2021-06-17 14:26:24,B,1052.45,1,4
2021-06-17 14:26:24,B,1052.4,1,5
2021-06-17 14:26:24,B,1052.1,1,1
2021-06-17 14:26:24,B,1052.05,1,3
2021-06-17 14:26:27,S,1054.2,1,9
2021-06-17 14:26:27,S,1054.3,1,7
2021-06-17 14:26:27,S,1054.35,1,7
2021-06-17 14:26:27,S,1054.4,1,1
2021-06-17 14:26:27,S,1054.45,1,1
2021-06-17 14:26:27,B,1053.0,1,1
2021-06-17 14:26:27,B,1052.9,1,4
2021-06-17 14:26:27,B,1052.85,1,9
2021-06-17 14:26:27,B,1052.6,1,5
2021-06-17 14:26:27,B,1052.1,1,1
2021-06-17 14:26:30,S,1054.2,1,9
2021-06-17 14:26:30,S,1054.3,1,7
2021-06-17 14:26:30,S,1054.35,1,7
2021-06-17 14:26:30,S,1054.4,1,1
2021-06-17 14:26:30,S,1054.45,1,1
2021-06-17 14:26:30,B,1053.05,1,4
2021-06-17 14:26:30,B,1053.0,2,10
2021-06-17 14:26:30,B,1052.6,1,5
2021-06-17 14:26:30,B,1052.5,1,3
2021-06-17 14:26:30,B,1052.1,1,1
2021-06-17 14:26:37,S,1054.2,1,9
2021-06-17 14:26:37,S,1054.3,1,7
2021-06-17 14:26:37,S,1054.35,1,7
2021-06-17 14:26:37,S,1054.4,1,1
2021-06-17 14:26:37,S,1054.45,1,1
2021-06-17 14:26:37,B,1053.05,1,4
2021-06-17 14:26:37,B,1053.0,2,10
2021-06-17 14:26:37,B,1052.6,1,5
2021-06-17 14:26:37,B,1052.5,1,3
2021-06-17 14:26:37,B,1052.1,1,1
2021-06-17 14:26:40,S,1054.2,1,9
2021-06-17 14:26:40,S,1054.3,1,7
2021-06-17 14:26:40,S,1054.35,1,7
2021-06-17 14:26:40,S,1054.4,1,1
2021-06-17 14:26:40,S,1054.45,2,12
2021-06-17 14:26:40,B,1053.0,1,1
2021-06-17 14:26:40,B,1052.8,1,4
2021-06-17 14:26:40,B,1052.75,1,10
2021-06-17 14:26:40,B,1052.6,1,5
2021-06-17 14:26:40,B,1052.5,1,3
2021-06-17 14:26:43,S,1054.0,1,4
2021-06-17 14:26:43,S,1054.05,1,10
2021-06-17 14:26:43,S,1054.2,1,9
2021-06-17 14:26:43,S,1054.3,1,7
2021-06-17 14:26:43,S,1054.35,1,7
2021-06-17 14:26:43,B,1052.7,1,4
2021-06-17 14:26:43,B,1052.65,1,9
2021-06-17 14:26:43,B,1052.15,1,7
2021-06-17 14:26:43,B,1052.1,1,1
2021-06-17 14:26:43,B,1052.05,1,3
2021-06-17 14:26:46,S,1054.0,1,4
2021-06-17 14:26:46,S,1054.05,1,10
2021-06-17 14:26:46,S,1054.2,1,9
2021-06-17 14:26:46,S,1054.3,1,7
2021-06-17 14:26:46,S,1054.35,1,7
2021-06-17 14:26:46,B,1052.65,1,4
2021-06-17 14:26:46,B,1052.6,1,10
2021-06-17 14:26:46,B,1052.25,1,7
2021-06-17 14:26:46,B,1052.1,1,1
2021-06-17 14:26:46,B,1052.05,1,3
2021-06-17 14:26:51,S,1054.0,1,4
2021-06-17 14:26:51,S,1054.05,1,10
2021-06-17 14:26:51,S,1054.2,1,9
2021-06-17 14:26:51,S,1054.3,1,7
2021-06-17 14:26:51,S,1054.35,1,7
2021-06-17 14:26:51,B,1052.65,1,4
2021-06-17 14:26:51,B,1052.6,1,10
2021-06-17 14:26:51,B,1052.25,1,7
2021-06-17 14:26:51,B,1052.1,1,1
2021-06-17 14:26:51,B,1052.05,1,3
2021-06-17 14:26:59,S,1054.0,1,4
2021-06-17 14:26:59,S,1054.05,1,10
2021-06-17 14:26:59,S,1054.2,1,9
2021-06-17 14:26:59,S,1054.3,1,7
2021-06-17 14:26:59,S,1054.35,1,7
2021-06-17 14:26:59,B,1052.75,1,4
2021-06-17 14:26:59,B,1052.7,1,10
2021-06-17 14:26:59,B,1052.25,1,7
2021-06-17 14:26:59,B,1052.1,1,1
2021-06-17 14:26:59,B,1052.05,1,3
2021-06-17 14:27:01,S,1053.85,1,4
2021-06-17 14:27:01,S,1053.9,1,9
2021-06-17 14:27:01,S,1054.1,1,3
2021-06-17 14:27:01,S,1054.15,1,10
2021-06-17 14:27:01,S,1054.2,1,9
2021-06-17 14:27:01,B,1052.15,1,7
2021-06-17 14:27:01,B,1052.1,1,1
2021-06-17 14:27:01,B,1052.05,1,3
2021-06-17 14:27:01,B,1052.0,8,61
2021-06-17 14:27:01,B,1051.6,1,3
2021-06-17 14:27:04,S,1053.85,1,4
2021-06-17 14:27:04,S,1053.9,1,9
2021-06-17 14:27:04,S,1054.1,1,3
2021-06-17 14:27:04,S,1054.15,1,10
2021-06-17 14:27:04,S,1054.2,1,9
2021-06-17 14:27:04,B,1052.5,1,7
2021-06-17 14:27:04,B,1052.45,1,9
2021-06-17 14:27:04,B,1052.1,1,1
2021-06-17 14:27:04,B,1052.05,1,3
2021-06-17 14:27:04,B,1052.0,8,61
2021-06-17 14:27:10,S,1054.05,1,4
2021-06-17 14:27:10,S,1054.1,1,3
2021-06-17 14:27:10,S,1054.2,1,9
2021-06-17 14:27:10,S,1054.3,1,7
2021-06-17 14:27:10,S,1054.35,1,7
2021-06-17 14:27:10,B,1052.65,1,10
2021-06-17 14:27:10,B,1052.15,1,7
2021-06-17 14:27:10,B,1052.1,1,1
2021-06-17 14:27:10,B,1052.05,1,3
2021-06-17 14:27:10,B,1052.0,8,61
2021-06-17 14:27:10,S,1054.05,1,4
2021-06-17 14:27:10,S,1054.1,1,3
2021-06-17 14:27:10,S,1054.2,1,9
2021-06-17 14:27:10,S,1054.3,1,7
2021-06-17 14:27:10,S,1054.35,1,7
2021-06-17 14:27:10,B,1052.65,1,10
2021-06-17 14:27:10,B,1052.15,1,7
2021-06-17 14:27:10,B,1052.1,1,1
2021-06-17 14:27:10,B,1052.05,1,3
2021-06-17 14:27:10,B,1052.0,8,61
2021-06-17 14:27:13,S,1054.15,1,4
2021-06-17 14:27:13,S,1054.2,1,9
2021-06-17 14:27:13,S,1054.3,1,7
2021-06-17 14:27:13,S,1054.35,1,7
2021-06-17 14:27:13,S,1054.4,1,1
2021-06-17 14:27:13,B,1053.05,1,10
2021-06-17 14:27:13,B,1052.8,1,4
2021-06-17 14:27:13,B,1052.75,1,9
2021-06-17 14:27:13,B,1052.6,1,1
2021-06-17 14:27:13,B,1052.5,2,8
2021-06-17 14:27:28,S,1054.15,1,4
2021-06-17 14:27:28,S,1054.2,1,9
2021-06-17 14:27:28,S,1054.3,1,7
2021-06-17 14:27:28,S,1054.35,1,7
2021-06-17 14:27:28,S,1054.4,1,1
2021-06-17 14:27:28,B,1053.05,1,10
2021-06-17 14:27:28,B,1052.8,1,4
2021-06-17 14:27:28,B,1052.75,1,9
2021-06-17 14:27:28,B,1052.6,1,1
2021-06-17 14:27:28,B,1052.5,2,8
2021-06-17 14:27:29,S,1054.15,1,4
2021-06-17 14:27:29,S,1054.2,1,9
2021-06-17 14:27:29,S,1054.3,1,7
2021-06-17 14:27:29,S,1054.35,1,7
2021-06-17 14:27:29,S,1054.4,1,1
2021-06-17 14:27:29,B,1053.05,1,10
2021-06-17 14:27:29,B,1052.8,1,4
2021-06-17 14:27:29,B,1052.75,1,9
2021-06-17 14:27:29,B,1052.6,1,1
2021-06-17 14:27:29,B,1052.5,2,8
2021-06-17 14:27:30,S,1054.15,1,4
2021-06-17 14:27:30,S,1054.2,1,9
2021-06-17 14:27:30,S,1054.3,2,16
2021-06-17 14:27:30,S,1054.35,1,7
2021-06-17 14:27:30,S,1054.4,1,1
2021-06-17 14:27:30,B,1052.75,1,4
2021-06-17 14:27:30,B,1052.7,1,10
2021-06-17 14:27:30,B,1052.6,1,1
2021-06-17 14:27:30,B,1052.5,1,7
2021-06-17 14:27:30,B,1052.2,1,1
2021-06-17 14:27:34,S,1054.15,1,4
2021-06-17 14:27:34,S,1054.2,1,9
2021-06-17 14:27:34,S,1054.3,1,7
2021-06-17 14:27:34,S,1054.35,1,7
2021-06-17 14:27:34,S,1054.4,1,1
2021-06-17 14:27:34,B,1052.95,1,4
2021-06-17 14:27:34,B,1052.9,1,10
2021-06-17 14:27:34,B,1052.6,1,1
2021-06-17 14:27:34,B,1052.5,1,7
2021-06-17 14:27:34,B,1052.2,1,1
2021-06-17 14:27:37,S,1054.15,1,4
2021-06-17 14:27:37,S,1054.2,1,9
2021-06-17 14:27:37,S,1054.3,1,7
2021-06-17 14:27:37,S,1054.35,1,7
2021-06-17 14:27:37,S,1054.4,2,11
2021-06-17 14:27:37,B,1052.95,1,4
2021-06-17 14:27:37,B,1052.9,1,10
2021-06-17 14:27:37,B,1052.6,1,1
2021-06-17 14:27:37,B,1052.5,1,7
2021-06-17 14:27:37,B,1052.2,1,1
2021-06-17 14:27:42,S,1054.15,1,4
2021-06-17 14:27:42,S,1054.2,1,9
2021-06-17 14:27:42,S,1054.3,1,7
2021-06-17 14:27:42,S,1054.35,1,7
2021-06-17 14:27:42,S,1054.4,1,1
2021-06-17 14:27:42,B,1053.0,1,10
2021-06-17 14:27:42,B,1052.65,1,4
2021-06-17 14:27:42,B,1052.6,1,1
2021-06-17 14:27:42,B,1052.5,1,7
2021-06-17 14:27:42,B,1052.2,1,1
2021-06-17 14:27:45,S,1054.15,1,4
2021-06-17 14:27:45,S,1054.2,1,9
2021-06-17 14:27:45,S,1054.3,1,7
2021-06-17 14:27:45,S,1054.35,1,7
2021-06-17 14:27:45,S,1054.4,1,1
2021-06-17 14:27:45,B,1052.75,1,4
2021-06-17 14:27:45,B,1052.7,1,9
2021-06-17 14:27:45,B,1052.6,1,1
2021-06-17 14:27:45,B,1052.5,1,7
2021-06-17 14:27:45,B,1052.2,1,1
2021-06-17 14:27:48,S,1054.15,1,4
2021-06-17 14:27:48,S,1054.2,1,9
2021-06-17 14:27:48,S,1054.3,1,7
2021-06-17 14:27:48,S,1054.35,1,7
2021-06-17 14:27:48,S,1054.4,1,1
2021-06-17 14:27:48,B,1053.0,1,10
2021-06-17 14:27:48,B,1052.65,1,4
2021-06-17 14:27:48,B,1052.6,1,1
2021-06-17 14:27:48,B,1052.5,1,7
2021-06-17 14:27:48,B,1052.2,1,1
2021-06-17 14:27:51,S,1053.95,1,4
2021-06-17 14:27:51,S,1054.0,1,9
2021-06-17 14:27:51,S,1054.3,1,7
2021-06-17 14:27:51,S,1054.35,1,7
2021-06-17 14:27:51,S,1054.4,1,1
2021-06-17 14:27:51,B,1052.75,1,4
2021-06-17 14:27:51,B,1052.7,1,9
2021-06-17 14:27:51,B,1052.6,1,1
2021-06-17 14:27:51,B,1052.5,1,7
2021-06-17 14:27:51,B,1052.2,1,1
2021-06-17 14:27:53,S,1053.95,1,4
2021-06-17 14:27:53,S,1054.0,1,9
2021-06-17 14:27:53,S,1054.3,1,7
2021-06-17 14:27:53,S,1054.35,1,7
2021-06-17 14:27:53,S,1054.4,1,1
2021-06-17 14:27:53,B,1052.85,1,4
2021-06-17 14:27:53,B,1052.8,1,9
2021-06-17 14:27:53,B,1052.6,1,1
2021-06-17 14:27:53,B,1052.5,1,7
2021-06-17 14:27:53,B,1052.2,1,1
2021-06-17 14:27:57,S,1053.95,1,4
2021-06-17 14:27:57,S,1054.0,1,9
2021-06-17 14:27:57,S,1054.3,1,7
2021-06-17 14:27:57,S,1054.35,1,7
2021-06-17 14:27:57,S,1054.4,1,1
2021-06-17 14:27:57,B,1052.85,1,4
2021-06-17 14:27:57,B,1052.8,1,9
2021-06-17 14:27:57,B,1052.6,1,1
2021-06-17 14:27:57,B,1052.5,1,7
2021-06-17 14:27:57,B,1052.2,1,1
2021-06-17 14:27:59,S,1053.0,1,37
2021-06-17 14:27:59,S,1053.55,1,4
2021-06-17 14:27:59,S,1053.6,1,10
2021-06-17 14:27:59,S,1054.0,1,9
2021-06-17 14:27:59,S,1054.15,1,10
2021-06-17 14:27:59,B,1052.6,1,1
2021-06-17 14:27:59,B,1052.25,1,4
2021-06-17 14:27:59,B,1052.2,1,1
2021-06-17 14:27:59,B,1052.1,1,10
2021-06-17 14:27:59,B,1052.0,8,61
2021-06-17 14:28:01,S,1053.0,1,37
2021-06-17 14:28:01,S,1053.7,1,4
2021-06-17 14:28:01,S,1053.75,1,9
2021-06-17 14:28:01,S,1054.0,1,9
2021-06-17 14:28:01,S,1054.05,1,3
2021-06-17 14:28:01,B,1052.6,1,1
2021-06-17 14:28:01,B,1052.25,1,4
2021-06-17 14:28:01,B,1052.2,1,1
2021-06-17 14:28:01,B,1052.1,1,10
2021-06-17 14:28:01,B,1052.0,8,61
2021-06-17 14:28:04,S,1053.0,1,37
2021-06-17 14:28:04,S,1053.95,1,4
2021-06-17 14:28:04,S,1054.0,1,9
2021-06-17 14:28:04,S,1054.05,1,3
2021-06-17 14:28:04,S,1054.15,1,10
2021-06-17 14:28:04,B,1052.6,1,1
2021-06-17 14:28:04,B,1052.5,1,10
2021-06-17 14:28:04,B,1052.25,1,4
2021-06-17 14:28:04,B,1052.2,1,1
2021-06-17 14:28:04,B,1052.1,1,10
2021-06-17 14:28:06,S,1053.0,1,37
2021-06-17 14:28:06,S,1053.95,1,4
2021-06-17 14:28:06,S,1054.0,1,9
2021-06-17 14:28:06,S,1054.05,1,3
2021-06-17 14:28:06,S,1054.15,1,10
2021-06-17 14:28:06,B,1052.6,1,1
2021-06-17 14:28:06,B,1052.5,1,10
2021-06-17 14:28:06,B,1052.25,1,4
2021-06-17 14:28:06,B,1052.2,1,1
2021-06-17 14:28:06,B,1052.1,1,10
2021-06-17 14:28:07,S,1053.0,1,63
2021-06-17 14:28:07,S,1053.55,1,4
2021-06-17 14:28:07,S,1053.6,1,10
2021-06-17 14:28:07,S,1053.8,1,3
2021-06-17 14:28:07,S,1054.0,1,9
2021-06-17 14:28:07,B,1052.05,1,10
2021-06-17 14:28:07,B,1052.0,8,61
2021-06-17 14:28:07,B,1051.85,1,10
2021-06-17 14:28:07,B,1051.6,1,3
2021-06-17 14:28:07,B,1051.4,1,40
2021-06-17 14:28:13,S,1053.0,1,63
2021-06-17 14:28:13,S,1053.75,1,4
2021-06-17 14:28:13,S,1053.8,1,3
2021-06-17 14:28:13,S,1054.0,1,9
2021-06-17 14:28:13,S,1054.15,1,10
2021-06-17 14:28:13,B,1052.3,2,38
2021-06-17 14:28:13,B,1052.25,2,23
2021-06-17 14:28:13,B,1052.2,1,1
2021-06-17 14:28:13,B,1052.15,2,10
2021-06-17 14:28:13,B,1052.1,2,10
2021-06-17 14:28:16,S,1053.0,1,63
2021-06-17 14:28:16,S,1053.75,1,4
2021-06-17 14:28:16,S,1053.8,1,3
2021-06-17 14:28:16,S,1053.95,1,9
2021-06-17 14:28:16,S,1054.0,1,9
2021-06-17 14:28:16,B,1052.5,1,10
2021-06-17 14:28:16,B,1052.45,1,28
2021-06-17 14:28:16,B,1052.4,1,9
2021-06-17 14:28:16,B,1052.25,2,23
2021-06-17 14:28:16,B,1052.0,9,62
2021-06-17 14:28:17,S,1053.0,1,63
2021-06-17 14:28:17,S,1053.75,1,4
2021-06-17 14:28:17,S,1053.8,1,3
2021-06-17 14:28:17,S,1053.95,1,9
2021-06-17 14:28:17,S,1054.0,1,9
2021-06-17 14:28:17,B,1052.5,1,10
2021-06-17 14:28:17,B,1052.45,1,28
2021-06-17 14:28:17,B,1052.4,1,9
2021-06-17 14:28:17,B,1052.25,2,23
2021-06-17 14:28:17,B,1052.0,9,62
2021-06-17 14:28:19,S,1053.0,1,63
2021-06-17 14:28:19,S,1053.75,1,4
2021-06-17 14:28:19,S,1053.8,1,3
2021-06-17 14:28:19,S,1053.95,1,9
2021-06-17 14:28:19,S,1054.0,1,9
2021-06-17 14:28:19,B,1052.45,1,10
2021-06-17 14:28:19,B,1052.4,1,28
2021-06-17 14:28:19,B,1052.35,1,1
2021-06-17 14:28:19,B,1052.3,1,1
2021-06-17 14:28:19,B,1052.25,2,23
2021-06-17 14:28:22,S,1053.0,1,63
2021-06-17 14:28:22,S,1053.75,1,4
2021-06-17 14:28:22,S,1053.8,1,3
2021-06-17 14:28:22,S,1053.95,1,9
2021-06-17 14:28:22,S,1054.0,1,9
2021-06-17 14:28:22,B,1052.55,1,10
2021-06-17 14:28:22,B,1052.5,2,29
2021-06-17 14:28:22,B,1052.25,2,23
2021-06-17 14:28:22,B,1052.15,1,10
2021-06-17 14:28:22,B,1052.0,9,62
2021-06-17 14:28:25,S,1053.0,1,63
2021-06-17 14:28:25,S,1053.75,1,4
2021-06-17 14:28:25,S,1053.8,2,13
2021-06-17 14:28:25,S,1053.95,1,9
2021-06-17 14:28:25,S,1054.0,1,9
2021-06-17 14:28:25,B,1052.55,1,10
2021-06-17 14:28:25,B,1052.5,2,29
2021-06-17 14:28:25,B,1052.25,2,23
2021-06-17 14:28:25,B,1052.15,1,10
2021-06-17 14:28:25,B,1052.0,9,62
2021-06-17 14:28:28,S,1053.0,1,63
2021-06-17 14:28:28,S,1053.3,1,4
2021-06-17 14:28:28,S,1053.35,1,3
2021-06-17 14:28:28,S,1053.55,1,9
2021-06-17 14:28:28,S,1053.8,1,3
2021-06-17 14:28:28,B,1052.3,1,10
2021-06-17 14:28:28,B,1052.25,1,22
2021-06-17 14:28:28,B,1052.0,9,62
2021-06-17 14:28:28,B,1051.75,1,9
2021-06-17 14:28:28,B,1051.6,1,3
2021-06-17 14:28:30,S,1053.0,1,63
2021-06-17 14:28:30,S,1053.3,1,4
2021-06-17 14:28:30,S,1053.35,1,3
2021-06-17 14:28:30,S,1053.55,1,9
2021-06-17 14:28:30,S,1053.8,1,3
2021-06-17 14:28:30,B,1052.3,1,10
2021-06-17 14:28:30,B,1052.25,1,22
2021-06-17 14:28:30,B,1052.0,9,62
2021-06-17 14:28:30,B,1051.75,1,9
2021-06-17 14:28:30,B,1051.6,1,3
2021-06-17 14:28:33,S,1053.0,1,63
2021-06-17 14:28:33,S,1053.3,1,4
2021-06-17 14:28:33,S,1053.35,1,3
2021-06-17 14:28:33,S,1053.55,1,9
2021-06-17 14:28:33,S,1053.8,1,3
2021-06-17 14:28:33,B,1052.3,1,10
2021-06-17 14:28:33,B,1052.25,1,22
2021-06-17 14:28:33,B,1052.0,10,72
2021-06-17 14:28:33,B,1051.75,1,9
2021-06-17 14:28:33,B,1051.6,1,3
2021-06-17 14:28:34,S,1053.0,1,63
2021-06-17 14:28:34,S,1053.3,1,4
2021-06-17 14:28:34,S,1053.35,1,3
2021-06-17 14:28:34,S,1053.55,1,9
2021-06-17 14:28:34,S,1053.8,1,3
2021-06-17 14:28:34,B,1052.3,1,10
2021-06-17 14:28:34,B,1052.25,1,22
2021-06-17 14:28:34,B,1052.0,10,72
2021-06-17 14:28:34,B,1051.75,1,9
2021-06-17 14:28:34,B,1051.6,1,3
2021-06-17 14:28:36,S,1053.0,1,43
2021-06-17 14:28:36,S,1053.3,1,4
2021-06-17 14:28:36,S,1053.35,1,3
2021-06-17 14:28:36,S,1053.7,1,9
2021-06-17 14:28:36,S,1053.8,1,3
2021-06-17 14:28:36,B,1052.3,1,10
2021-06-17 14:28:36,B,1052.25,1,22
2021-06-17 14:28:36,B,1052.0,10,72
2021-06-17 14:28:36,B,1051.75,1,9
2021-06-17 14:28:36,B,1051.6,1,3
2021-06-17 14:28:41,S,1053.0,1,38
2021-06-17 14:28:41,S,1053.3,1,4
2021-06-17 14:28:41,S,1053.35,1,3
2021-06-17 14:28:41,S,1053.7,1,9
2021-06-17 14:28:41,S,1053.8,1,3
2021-06-17 14:28:41,B,1052.3,1,10
2021-06-17 14:28:41,B,1052.25,1,22
2021-06-17 14:28:41,B,1052.0,10,72
2021-06-17 14:28:41,B,1051.75,1,9
2021-06-17 14:28:41,B,1051.6,1,3
2021-06-17 14:28:43,S,1053.0,1,38
2021-06-17 14:28:43,S,1053.3,1,4
2021-06-17 14:28:43,S,1053.35,1,3
2021-06-17 14:28:43,S,1053.7,1,9
2021-06-17 14:28:43,S,1053.8,1,3
2021-06-17 14:28:43,B,1052.3,1,10
2021-06-17 14:28:43,B,1052.25,1,22
2021-06-17 14:28:43,B,1052.0,10,72
2021-06-17 14:28:43,B,1051.75,1,9
2021-06-17 14:28:43,B,1051.6,1,3
2021-06-17 14:28:49,S,1053.0,1,38
2021-06-17 14:28:49,S,1053.3,1,4
2021-06-17 14:28:49,S,1053.35,1,3
2021-06-17 14:28:49,S,1053.55,1,12
2021-06-17 14:28:49,S,1053.7,1,9
2021-06-17 14:28:49,B,1052.3,1,10
2021-06-17 14:28:49,B,1052.25,1,22
2021-06-17 14:28:49,B,1052.0,9,71
2021-06-17 14:28:49,B,1051.75,1,9
2021-06-17 14:28:49,B,1051.6,1,3
2021-06-17 14:28:52,S,1053.0,1,38
2021-06-17 14:28:52,S,1053.3,1,4
2021-06-17 14:28:52,S,1053.35,1,3
2021-06-17 14:28:52,S,1053.55,1,12
2021-06-17 14:28:52,S,1053.7,1,9
2021-06-17 14:28:52,B,1052.3,1,10
2021-06-17 14:28:52,B,1052.25,1,22
2021-06-17 14:28:52,B,1052.0,9,71
2021-06-17 14:28:52,B,1051.75,1,9
2021-06-17 14:28:52,B,1051.6,1,3
2021-06-17 14:28:54,S,1053.0,1,38
2021-06-17 14:28:54,S,1053.3,1,4
2021-06-17 14:28:54,S,1053.35,1,3
2021-06-17 14:28:54,S,1053.55,1,12
2021-06-17 14:28:54,S,1053.7,1,9
2021-06-17 14:28:54,B,1052.3,1,10
2021-06-17 14:28:54,B,1052.25,1,22
2021-06-17 14:28:54,B,1052.0,9,71
2021-06-17 14:28:54,B,1051.75,2,10
2021-06-17 14:28:54,B,1051.6,1,3
2021-06-17 14:28:57,S,1053.0,1,38
2021-06-17 14:28:57,S,1053.1,1,9
2021-06-17 14:28:57,S,1053.2,1,4
2021-06-17 14:28:57,S,1053.25,1,11
2021-06-17 14:28:57,S,1053.35,1,3
2021-06-17 14:28:57,B,1052.3,1,10
2021-06-17 14:28:57,B,1052.25,1,22
2021-06-17 14:28:57,B,1052.0,9,71
2021-06-17 14:28:57,B,1051.75,1,9
2021-06-17 14:28:57,B,1051.6,1,3
2021-06-17 14:28:58,S,1053.0,1,38
2021-06-17 14:28:58,S,1053.1,1,9
2021-06-17 14:28:58,S,1053.2,1,4
2021-06-17 14:28:58,S,1053.25,1,11
2021-06-17 14:28:58,S,1053.35,1,3
2021-06-17 14:28:58,B,1052.3,1,10
2021-06-17 14:28:58,B,1052.25,1,22
2021-06-17 14:28:58,B,1052.0,9,71
2021-06-17 14:28:58,B,1051.75,1,9
2021-06-17 14:28:58,B,1051.6,1,3
2021-06-17 14:29:00,S,1053.0,1,37
2021-06-17 14:29:00,S,1053.3,1,4
2021-06-17 14:29:00,S,1053.35,1,3
2021-06-17 14:29:00,S,1053.55,1,12
2021-06-17 14:29:00,S,1053.7,1,9
2021-06-17 14:29:00,B,1052.3,1,10
2021-06-17 14:29:00,B,1052.25,1,22
2021-06-17 14:29:00,B,1052.0,9,71
2021-06-17 14:29:00,B,1051.75,1,9
2021-06-17 14:29:00,B,1051.6,1,3
2021-06-17 14:29:19,S,1053.0,1,37
2021-06-17 14:29:19,S,1053.3,1,4
2021-06-17 14:29:19,S,1053.35,1,3
2021-06-17 14:29:19,S,1053.55,1,12
2021-06-17 14:29:19,S,1053.7,1,9
2021-06-17 14:29:19,B,1052.3,1,10
2021-06-17 14:29:19,B,1052.25,1,22
2021-06-17 14:29:19,B,1052.0,9,71
2021-06-17 14:29:19,B,1051.75,1,9
2021-06-17 14:29:19,B,1051.6,1,3
2021-06-17 14:29:21,S,1053.0,1,37
2021-06-17 14:29:21,S,1053.3,1,4
2021-06-17 14:29:21,S,1053.35,1,3
2021-06-17 14:29:21,S,1053.55,1,12
2021-06-17 14:29:21,S,1053.7,1,9
2021-06-17 14:29:21,B,1052.4,1,5
2021-06-17 14:29:21,B,1052.3,1,10
2021-06-17 14:29:21,B,1052.25,1,22
2021-06-17 14:29:21,B,1052.0,9,71
2021-06-17 14:29:21,B,1051.75,1,9
2021-06-17 14:29:22,S,1053.0,1,37
2021-06-17 14:29:22,S,1053.3,1,4
2021-06-17 14:29:22,S,1053.35,1,3
2021-06-17 14:29:22,S,1053.55,1,12
2021-06-17 14:29:22,S,1053.7,1,9
2021-06-17 14:29:22,B,1052.4,1,5
2021-06-17 14:29:22,B,1052.3,1,10
2021-06-17 14:29:22,B,1052.25,1,22
2021-06-17 14:29:22,B,1052.0,9,71
2021-06-17 14:29:22,B,1051.75,1,9
2021-06-17 14:29:24,S,1053.0,1,37
2021-06-17 14:29:24,S,1053.3,1,4
2021-06-17 14:29:24,S,1053.35,1,3
2021-06-17 14:29:24,S,1053.55,1,12
2021-06-17 14:29:24,S,1053.7,1,9
2021-06-17 14:29:24,B,1052.4,1,5
2021-06-17 14:29:24,B,1052.3,1,10
2021-06-17 14:29:24,B,1052.25,1,22
2021-06-17 14:29:24,B,1052.0,9,71
2021-06-17 14:29:24,B,1051.75,1,9
2021-06-17 14:29:24,S,1053.0,1,38
2021-06-17 14:29:24,S,1053.8,1,4
2021-06-17 14:29:24,S,1053.85,1,9
2021-06-17 14:29:24,S,1054.0,1,9
2021-06-17 14:29:24,S,1054.05,1,9
2021-06-17 14:29:24,B,1052.7,1,10
2021-06-17 14:29:24,B,1052.65,1,9
2021-06-17 14:29:24,B,1052.4,2,6
2021-06-17 14:29:24,B,1052.25,2,23
2021-06-17 14:29:24,B,1052.1,1,3
2021-06-17 14:29:29,S,1053.0,2,47
2021-06-17 14:29:29,S,1053.45,1,4
2021-06-17 14:29:29,S,1053.5,1,3
2021-06-17 14:29:29,S,1053.55,1,11
2021-06-17 14:29:29,S,1053.8,1,3
2021-06-17 14:29:29,B,1052.45,1,10
2021-06-17 14:29:29,B,1052.4,1,5
2021-06-17 14:29:29,B,1052.25,1,22
2021-06-17 14:29:29,B,1052.05,1,10
2021-06-17 14:29:29,B,1052.0,9,71
2021-06-17 14:29:34,S,1053.0,2,47
2021-06-17 14:29:34,S,1053.45,1,4
2021-06-17 14:29:34,S,1053.5,2,12
2021-06-17 14:29:34,S,1053.55,1,11
2021-06-17 14:29:34,S,1053.8,1,3
2021-06-17 14:29:34,B,1052.45,1,10
2021-06-17 14:29:34,B,1052.4,1,5
2021-06-17 14:29:34,B,1052.25,1,22
2021-06-17 14:29:34,B,1052.05,1,10
2021-06-17 14:29:34,B,1052.0,9,71
2021-06-17 14:29:36,S,1053.0,2,47
2021-06-17 14:29:36,S,1053.45,1,4
2021-06-17 14:29:36,S,1053.5,2,12
2021-06-17 14:29:36,S,1053.55,1,11
2021-06-17 14:29:36,S,1053.8,1,3
2021-06-17 14:29:36,B,1052.45,1,10
2021-06-17 14:29:36,B,1052.4,1,5
2021-06-17 14:29:36,B,1052.25,1,22
2021-06-17 14:29:36,B,1052.0,9,71
2021-06-17 14:29:36,B,1051.9,1,9
2021-06-17 14:29:39,S,1053.0,2,47
2021-06-17 14:29:39,S,1053.45,1,4
2021-06-17 14:29:39,S,1053.5,2,12
2021-06-17 14:29:39,S,1053.55,1,11
2021-06-17 14:29:39,S,1053.8,1,3
2021-06-17 14:29:39,B,1052.45,1,10
2021-06-17 14:29:39,B,1052.4,1,5
2021-06-17 14:29:39,B,1052.25,1,22
2021-06-17 14:29:39,B,1052.0,9,71
2021-06-17 14:29:39,B,1051.9,1,9
2021-06-17 14:29:41,S,1053.0,2,47
2021-06-17 14:29:41,S,1053.45,1,4
2021-06-17 14:29:41,S,1053.5,2,12
2021-06-17 14:29:41,S,1053.55,1,11
2021-06-17 14:29:41,S,1053.8,1,3
2021-06-17 14:29:41,B,1052.45,1,10
2021-06-17 14:29:41,B,1052.4,1,5
2021-06-17 14:29:41,B,1052.25,1,22
2021-06-17 14:29:41,B,1052.0,9,71
2021-06-17 14:29:41,B,1051.9,1,9
2021-06-17 14:29:43,S,1053.0,2,46
2021-06-17 14:29:43,S,1053.45,1,4
2021-06-17 14:29:43,S,1053.5,2,12
2021-06-17 14:29:43,S,1053.55,1,11
2021-06-17 14:29:43,S,1053.8,1,3
2021-06-17 14:29:43,B,1052.45,1,10
2021-06-17 14:29:43,B,1052.4,1,5
2021-06-17 14:29:43,B,1052.25,1,22
2021-06-17 14:29:43,B,1052.0,9,71
2021-06-17 14:29:43,B,1051.9,1,9
2021-06-17 14:29:51,S,1053.0,2,46
2021-06-17 14:29:51,S,1053.45,1,4
2021-06-17 14:29:51,S,1053.5,2,12
2021-06-17 14:29:51,S,1053.55,1,11
2021-06-17 14:29:51,S,1053.8,1,3
2021-06-17 14:29:51,B,1052.45,1,10
2021-06-17 14:29:51,B,1052.4,1,5
2021-06-17 14:29:51,B,1052.25,1,22
2021-06-17 14:29:51,B,1052.0,9,71
2021-06-17 14:29:51,B,1051.9,1,9
2021-06-17 14:29:53,S,1053.0,2,46
2021-06-17 14:29:53,S,1053.45,1,4
2021-06-17 14:29:53,S,1053.5,2,12
2021-06-17 14:29:53,S,1053.55,1,11
2021-06-17 14:29:53,S,1053.8,1,3
2021-06-17 14:29:53,B,1052.45,1,4
2021-06-17 14:29:53,B,1052.4,1,5
2021-06-17 14:29:53,B,1052.25,1,22
2021-06-17 14:29:53,B,1052.0,9,71
2021-06-17 14:29:53,B,1051.9,1,9
2021-06-17 14:29:57,S,1053.0,2,46
2021-06-17 14:29:57,S,1053.45,1,4
2021-06-17 14:29:57,S,1053.5,2,12
2021-06-17 14:29:57,S,1053.55,1,11
2021-06-17 14:29:57,S,1053.8,1,3
2021-06-17 14:29:57,B,1052.45,1,4
2021-06-17 14:29:57,B,1052.4,1,5
2021-06-17 14:29:57,B,1052.25,1,22
2021-06-17 14:29:57,B,1052.0,9,71
2021-06-17 14:29:57,B,1051.9,1,9
2021-06-17 14:29:58,S,1051.95,1,4
2021-06-17 14:29:58,S,1052.0,1,100
2021-06-17 14:29:58,S,1052.15,1,3
2021-06-17 14:29:58,S,1052.45,1,3
2021-06-17 14:29:58,S,1052.65,1,12
2021-06-17 14:29:58,B,1050.8,1,10
2021-06-17 14:29:58,B,1050.75,1,5
2021-06-17 14:29:58,B,1050.55,2,2
2021-06-17 14:29:58,B,1050.5,2,58
2021-06-17 14:29:58,B,1050.15,2,4
2021-06-17 14:30:00,S,1051.95,1,4
2021-06-17 14:30:00,S,1052.0,1,100
2021-06-17 14:30:00,S,1052.4,1,6
2021-06-17 14:30:00,S,1052.45,1,30
2021-06-17 14:30:00,S,1052.55,1,3
2021-06-17 14:30:00,B,1051.05,1,5
2021-06-17 14:30:00,B,1051.0,1,10
2021-06-17 14:30:00,B,1050.55,2,2
2021-06-17 14:30:00,B,1050.5,2,58
2021-06-17 14:30:00,B,1050.45,1,3
2021-06-17 14:30:03,S,1051.95,1,4
2021-06-17 14:30:03,S,1052.0,1,100
2021-06-17 14:30:03,S,1052.4,1,6
2021-06-17 14:30:03,S,1052.45,1,30
2021-06-17 14:30:03,S,1052.55,1,3
2021-06-17 14:30:03,B,1051.05,1,5
2021-06-17 14:30:03,B,1051.0,1,10
2021-06-17 14:30:03,B,1050.55,2,2
2021-06-17 14:30:03,B,1050.5,2,58
2021-06-17 14:30:03,B,1050.45,1,3
2021-06-17 14:30:04,S,1051.95,1,4
2021-06-17 14:30:04,S,1052.0,1,100
2021-06-17 14:30:04,S,1052.4,1,6
2021-06-17 14:30:04,S,1052.45,1,30
2021-06-17 14:30:04,S,1052.55,1,3
2021-06-17 14:30:04,B,1051.05,1,5
2021-06-17 14:30:04,B,1051.0,1,10
2021-06-17 14:30:04,B,1050.55,2,2
2021-06-17 14:30:04,B,1050.5,2,58
2021-06-17 14:30:04,B,1050.45,1,3
2021-06-17 14:30:05,S,1051.0,1,80
2021-06-17 14:30:05,S,1052.0,2,5
2021-06-17 14:30:05,S,1052.05,1,10
2021-06-17 14:30:05,S,1052.35,1,9
2021-06-17 14:30:05,S,1052.45,1,30
2021-06-17 14:30:05,B,1050.7,2,22
2021-06-17 14:30:05,B,1050.55,1,1
2021-06-17 14:30:05,B,1050.5,2,58
2021-06-17 14:30:05,B,1050.15,1,3
2021-06-17 14:30:05,B,1050.1,2,7
2021-06-17 14:30:06,S,1051.0,1,80
2021-06-17 14:30:06,S,1052.0,2,5
2021-06-17 14:30:06,S,1052.05,1,10
2021-06-17 14:30:06,S,1052.35,1,9
2021-06-17 14:30:06,S,1052.45,1,30
2021-06-17 14:30:06,B,1050.7,2,22
2021-06-17 14:30:06,B,1050.55,1,1
2021-06-17 14:30:06,B,1050.5,2,58
2021-06-17 14:30:06,B,1050.15,1,3
2021-06-17 14:30:06,B,1050.1,2,7
2021-06-17 14:30:07,S,1051.0,1,80
2021-06-17 14:30:07,S,1052.0,2,5
2021-06-17 14:30:07,S,1052.05,1,10
2021-06-17 14:30:07,S,1052.35,1,9
2021-06-17 14:30:07,S,1052.45,1,30
2021-06-17 14:30:07,B,1050.7,2,22
2021-06-17 14:30:07,B,1050.55,1,1
2021-06-17 14:30:07,B,1050.5,2,58
2021-06-17 14:30:07,B,1050.15,1,3
2021-06-17 14:30:07,B,1050.1,2,7
2021-06-17 14:30:07,S,1051.0,2,70
2021-06-17 14:30:07,S,1052.0,2,5
2021-06-17 14:30:07,S,1052.05,1,10
2021-06-17 14:30:07,S,1052.35,1,9
2021-06-17 14:30:07,S,1052.4,2,12
2021-06-17 14:30:07,B,1050.75,1,9
2021-06-17 14:30:07,B,1050.7,2,22
2021-06-17 14:30:07,B,1050.55,1,1
2021-06-17 14:30:07,B,1050.5,3,68
2021-06-17 14:30:07,B,1050.15,1,3
2021-06-17 14:30:10,S,1051.0,2,70
2021-06-17 14:30:10,S,1051.55,2,5
2021-06-17 14:30:10,S,1051.6,2,4
2021-06-17 14:30:10,S,1051.9,1,3
2021-06-17 14:30:10,S,1052.05,1,10
2021-06-17 14:30:10,B,1050.55,1,1
2021-06-17 14:30:10,B,1050.5,3,68
2021-06-17 14:30:10,B,1050.2,1,12
2021-06-17 14:30:10,B,1050.15,1,3
2021-06-17 14:30:10,B,1050.1,2,7
2021-06-17 14:30:12,S,1051.0,2,70
2021-06-17 14:30:12,S,1051.55,2,5
2021-06-17 14:30:12,S,1051.6,2,4
2021-06-17 14:30:12,S,1051.9,1,3
2021-06-17 14:30:12,S,1052.05,1,10
2021-06-17 14:30:12,B,1050.55,1,1
2021-06-17 14:30:12,B,1050.5,3,68
2021-06-17 14:30:12,B,1050.35,1,10
2021-06-17 14:30:12,B,1050.2,1,12
2021-06-17 14:30:12,B,1050.15,1,3
2021-06-17 14:30:16,S,1051.0,2,70
2021-06-17 14:30:16,S,1051.55,2,5
2021-06-17 14:30:16,S,1051.6,2,4
2021-06-17 14:30:16,S,1051.9,1,3
2021-06-17 14:30:16,S,1052.05,1,10
2021-06-17 14:30:16,B,1050.55,1,1
2021-06-17 14:30:16,B,1050.5,3,68
2021-06-17 14:30:16,B,1050.35,1,10
2021-06-17 14:30:16,B,1050.2,1,12
2021-06-17 14:30:16,B,1050.15,1,3
2021-06-17 14:30:18,S,1052.2,2,11
2021-06-17 14:30:18,S,1052.25,1,3
2021-06-17 14:30:18,S,1052.3,1,7
2021-06-17 14:30:18,S,1052.35,1,3
2021-06-17 14:30:18,S,1052.4,1,6
2021-06-17 14:30:18,B,1050.25,1,4
2021-06-17 14:30:18,B,1050.2,2,29
2021-06-17 14:30:18,B,1050.05,3,30
2021-06-17 14:30:18,B,1050.0,62,848
2021-06-17 14:30:18,B,1049.7,2,4
2021-06-17 14:30:19,S,1052.2,2,4
2021-06-17 14:30:19,S,1052.3,1,7
2021-06-17 14:30:19,S,1052.35,1,3
2021-06-17 14:30:19,S,1052.4,1,3
2021-06-17 14:30:19,S,1052.45,1,30
2021-06-17 14:30:19,B,1051.05,1,10
2021-06-17 14:30:19,B,1050.75,2,5
2021-06-17 14:30:19,B,1050.7,2,25
2021-06-17 14:30:19,B,1050.45,1,3
2021-06-17 14:30:19,B,1050.35,1,4
2021-06-17 14:30:22,S,1052.2,2,4
2021-06-17 14:30:22,S,1052.3,2,8
2021-06-17 14:30:22,S,1052.35,1,3
2021-06-17 14:30:22,S,1052.4,1,3
2021-06-17 14:30:22,S,1052.45,1,30
2021-06-17 14:30:22,B,1050.75,1,4
2021-06-17 14:30:22,B,1050.7,2,25
2021-06-17 14:30:22,B,1050.45,1,3
2021-06-17 14:30:22,B,1050.35,1,4
2021-06-17 14:30:22,B,1050.15,2,8
2021-06-17 14:30:24,S,1052.2,2,4
2021-06-17 14:30:24,S,1052.3,1,7
2021-06-17 14:30:24,S,1052.35,1,3
2021-06-17 14:30:24,S,1052.4,2,9
2021-06-17 14:30:24,S,1052.45,1,30
2021-06-17 14:30:24,B,1050.85,1,4
2021-06-17 14:30:24,B,1050.8,1,10
2021-06-17 14:30:24,B,1050.7,1,24
2021-06-17 14:30:24,B,1050.45,1,3
2021-06-17 14:30:24,B,1050.35,1,4
2021-06-17 14:30:25,S,1052.2,2,4
2021-06-17 14:30:25,S,1052.3,1,7
2021-06-17 14:30:25,S,1052.35,1,3
2021-06-17 14:30:25,S,1052.4,2,9
2021-06-17 14:30:25,S,1052.45,1,30
2021-06-17 14:30:25,B,1050.85,1,4
2021-06-17 14:30:25,B,1050.8,1,10
2021-06-17 14:30:25,B,1050.7,1,24
2021-06-17 14:30:25,B,1050.45,1,3
2021-06-17 14:30:25,B,1050.35,1,4
2021-06-17 14:30:27,S,1052.15,2,2
2021-06-17 14:30:27,S,1052.2,2,4
2021-06-17 14:30:27,S,1052.25,1,9
2021-06-17 14:30:27,S,1052.3,1,7
2021-06-17 14:30:27,S,1052.35,1,3
2021-06-17 14:30:27,B,1051.0,1,4
2021-06-17 14:30:27,B,1050.95,1,9
2021-06-17 14:30:27,B,1050.55,2,4
2021-06-17 14:30:27,B,1050.4,2,14
2021-06-17 14:30:27,B,1050.35,1,4
2021-06-17 14:30:30,S,1052.15,3,5
2021-06-17 14:30:30,S,1052.2,2,4
2021-06-17 14:30:30,S,1052.3,2,13
2021-06-17 14:30:30,S,1052.35,3,24
2021-06-17 14:30:30,S,1052.4,1,3
2021-06-17 14:30:30,B,1051.0,2,14
2021-06-17 14:30:30,B,1050.8,1,10
2021-06-17 14:30:30,B,1050.55,2,4
2021-06-17 14:30:30,B,1050.4,2,14
2021-06-17 14:30:30,B,1050.35,1,4
2021-06-17 14:30:33,S,1052.15,3,5
2021-06-17 14:30:33,S,1052.2,2,4
2021-06-17 14:30:33,S,1052.3,2,13
2021-06-17 14:30:33,S,1052.35,3,24
2021-06-17 14:30:33,S,1052.4,1,3
2021-06-17 14:30:33,B,1051.0,2,14
2021-06-17 14:30:33,B,1050.8,1,10
2021-06-17 14:30:33,B,1050.55,2,4
2021-06-17 14:30:33,B,1050.4,2,14
2021-06-17 14:30:33,B,1050.35,1,4
2021-06-17 14:30:35,S,1052.15,3,5
2021-06-17 14:30:35,S,1052.2,2,4
2021-06-17 14:30:35,S,1052.3,1,7
2021-06-17 14:30:35,S,1052.35,1,3
2021-06-17 14:30:35,S,1052.4,2,9
2021-06-17 14:30:35,B,1051.1,1,4
2021-06-17 14:30:35,B,1051.05,1,10
2021-06-17 14:30:35,B,1051.0,1,10
2021-06-17 14:30:35,B,1050.55,2,4
2021-06-17 14:30:35,B,1050.4,2,14
2021-06-17 14:30:37,S,1052.15,3,5
2021-06-17 14:30:37,S,1052.2,2,4
2021-06-17 14:30:37,S,1052.3,1,7
2021-06-17 14:30:37,S,1052.35,1,3
2021-06-17 14:30:37,S,1052.4,2,9
2021-06-17 14:30:37,B,1051.1,1,4
2021-06-17 14:30:37,B,1051.05,1,10
2021-06-17 14:30:37,B,1051.0,1,10
2021-06-17 14:30:37,B,1050.55,2,4
2021-06-17 14:30:37,B,1050.4,2,14
2021-06-17 14:30:40,S,1052.15,3,5
2021-06-17 14:30:40,S,1052.2,2,4
2021-06-17 14:30:40,S,1052.3,1,7
2021-06-17 14:30:40,S,1052.35,1,3
2021-06-17 14:30:40,S,1052.4,2,9
2021-06-17 14:30:40,B,1051.1,1,4
2021-06-17 14:30:40,B,1051.05,1,10
2021-06-17 14:30:40,B,1051.0,1,10
2021-06-17 14:30:40,B,1050.55,2,4
2021-06-17 14:30:40,B,1050.4,2,14
2021-06-17 14:30:47,S,1052.15,3,5
2021-06-17 14:30:47,S,1052.2,2,4
2021-06-17 14:30:47,S,1052.3,1,7
2021-06-17 14:30:47,S,1052.35,1,3
2021-06-17 14:30:47,S,1052.4,2,9
2021-06-17 14:30:47,B,1051.1,1,4
2021-06-17 14:30:47,B,1051.05,1,10
2021-06-17 14:30:47,B,1051.0,1,10
2021-06-17 14:30:47,B,1050.55,2,4
2021-06-17 14:30:47,B,1050.4,2,14
2021-06-17 14:30:50,S,1052.15,3,5
2021-06-17 14:30:50,S,1052.2,2,4
2021-06-17 14:30:50,S,1052.3,1,7
2021-06-17 14:30:50,S,1052.35,1,3
2021-06-17 14:30:50,S,1052.4,2,9
2021-06-17 14:30:50,B,1051.1,1,4
2021-06-17 14:30:50,B,1051.05,1,10
2021-06-17 14:30:50,B,1051.0,1,10
2021-06-17 14:30:50,B,1050.55,2,4
2021-06-17 14:30:50,B,1050.4,2,14
2021-06-17 14:30:54,S,1052.15,3,5
2021-06-17 14:30:54,S,1052.2,2,4
2021-06-17 14:30:54,S,1052.3,1,7
2021-06-17 14:30:54,S,1052.35,1,3
2021-06-17 14:30:54,S,1052.4,2,9
2021-06-17 14:30:54,B,1051.1,1,4
2021-06-17 14:30:54,B,1051.05,1,10
2021-06-17 14:30:54,B,1051.0,1,10
2021-06-17 14:30:54,B,1050.55,2,4
2021-06-17 14:30:54,B,1050.4,2,14
2021-06-17 14:30:55,S,1052.35,1,3
2021-06-17 14:30:55,S,1052.4,2,12
2021-06-17 14:30:55,S,1052.45,1,30
2021-06-17 14:30:55,S,1052.8,1,9
2021-06-17 14:30:55,S,1052.9,1,4
2021-06-17 14:30:55,B,1051.3,1,4
2021-06-17 14:30:55,B,1051.25,1,9
2021-06-17 14:30:55,B,1051.05,1,1
2021-06-17 14:30:55,B,1051.0,1,10
2021-06-17 14:30:55,B,1050.9,1,1
2021-06-17 14:31:04,S,1052.35,1,3
2021-06-17 14:31:04,S,1052.4,2,12
2021-06-17 14:31:04,S,1052.45,1,30
2021-06-17 14:31:04,S,1052.8,1,9
2021-06-17 14:31:04,S,1052.9,1,4
2021-06-17 14:31:04,B,1051.3,1,4
2021-06-17 14:31:04,B,1051.25,1,9
2021-06-17 14:31:04,B,1051.05,1,1
2021-06-17 14:31:04,B,1051.0,1,10
2021-06-17 14:31:04,B,1050.9,1,1
2021-06-17 14:31:04,S,1052.4,1,6
2021-06-17 14:31:04,S,1052.45,1,28
2021-06-17 14:31:04,S,1052.9,2,5
2021-06-17 14:31:04,S,1052.95,2,7
2021-06-17 14:31:04,S,1053.0,2,46
2021-06-17 14:31:04,B,1051.55,1,4
2021-06-17 14:31:04,B,1051.5,1,10
2021-06-17 14:31:04,B,1051.4,2,6
2021-06-17 14:31:04,B,1051.3,1,1
2021-06-17 14:31:04,B,1051.05,1,1
2021-06-17 14:31:07,S,1052.25,1,6
2021-06-17 14:31:07,S,1052.3,1,28
2021-06-17 14:31:07,S,1052.45,1,3
2021-06-17 14:31:07,S,1052.9,2,5
2021-06-17 14:31:07,S,1052.95,1,11
2021-06-17 14:31:07,B,1051.4,1,4
2021-06-17 14:31:07,B,1051.35,1,9
2021-06-17 14:31:07,B,1051.2,1,1
2021-06-17 14:31:07,B,1051.15,1,5
2021-06-17 14:31:07,B,1051.1,1,1
2021-06-17 14:31:10,S,1052.3,1,28
2021-06-17 14:31:10,S,1052.9,1,4
2021-06-17 14:31:10,S,1052.95,1,6
2021-06-17 14:31:10,S,1053.0,2,46
2021-06-17 14:31:10,S,1053.15,1,6
2021-06-17 14:31:10,B,1051.7,1,6
2021-06-17 14:31:10,B,1051.65,2,11
2021-06-17 14:31:10,B,1051.55,2,5
2021-06-17 14:31:10,B,1051.5,1,1
2021-06-17 14:31:10,B,1051.25,1,12
2021-06-17 14:31:13,S,1052.25,1,6
2021-06-17 14:31:13,S,1052.3,1,28
2021-06-17 14:31:13,S,1052.9,1,4
2021-06-17 14:31:13,S,1053.0,2,46
2021-06-17 14:31:13,S,1053.15,1,6
2021-06-17 14:31:13,B,1051.9,1,7
2021-06-17 14:31:13,B,1051.85,2,20
2021-06-17 14:31:13,B,1051.6,2,5
2021-06-17 14:31:13,B,1051.55,1,12
2021-06-17 14:31:13,B,1051.25,2,13
2021-06-17 14:31:16,S,1052.25,1,6
2021-06-17 14:31:16,S,1052.3,1,28
2021-06-17 14:31:16,S,1052.9,1,4
2021-06-17 14:31:16,S,1053.0,2,46
2021-06-17 14:31:16,S,1053.15,1,6
2021-06-17 14:31:16,B,1052.0,1,5
2021-06-17 14:31:16,B,1051.9,1,7
2021-06-17 14:31:16,B,1051.85,2,20
2021-06-17 14:31:16,B,1051.6,2,5
2021-06-17 14:31:16,B,1051.55,1,12
2021-06-17 14:31:21,S,1052.3,1,28
2021-06-17 14:31:21,S,1052.9,1,4
2021-06-17 14:31:21,S,1052.95,1,6
2021-06-17 14:31:21,S,1053.0,2,46
2021-06-17 14:31:21,S,1053.15,1,6
2021-06-17 14:31:21,B,1052.0,1,5
2021-06-17 14:31:21,B,1051.65,2,7
2021-06-17 14:31:21,B,1051.6,2,5
2021-06-17 14:31:21,B,1051.05,1,3
2021-06-17 14:31:21,B,1051.0,4,114
2021-06-17 14:31:24,S,1052.3,1,28
2021-06-17 14:31:24,S,1052.9,1,4
2021-06-17 14:31:24,S,1052.95,1,6
2021-06-17 14:31:24,S,1053.0,2,46
2021-06-17 14:31:24,S,1053.15,1,6
2021-06-17 14:31:24,B,1052.0,1,5
2021-06-17 14:31:24,B,1051.65,2,7
2021-06-17 14:31:24,B,1051.6,2,5
2021-06-17 14:31:24,B,1051.55,1,10
2021-06-17 14:31:24,B,1051.05,1,3
2021-06-17 14:31:27,S,1052.3,1,28
2021-06-17 14:31:27,S,1052.9,1,4
2021-06-17 14:31:27,S,1052.95,1,6
2021-06-17 14:31:27,S,1053.0,2,46
2021-06-17 14:31:27,S,1053.15,1,6
2021-06-17 14:31:27,B,1052.0,1,5
2021-06-17 14:31:27,B,1051.65,2,7
2021-06-17 14:31:27,B,1051.55,1,10
2021-06-17 14:31:27,B,1051.1,1,4
2021-06-17 14:31:27,B,1051.05,1,3
2021-06-17 14:31:30,S,1052.3,1,28
2021-06-17 14:31:30,S,1052.9,1,4
2021-06-17 14:31:30,S,1052.95,1,6
2021-06-17 14:31:30,S,1053.0,2,46
2021-06-17 14:31:30,S,1053.15,2,16
2021-06-17 14:31:30,B,1052.0,1,5
2021-06-17 14:31:30,B,1051.65,2,7
2021-06-17 14:31:30,B,1051.55,2,11
2021-06-17 14:31:30,B,1051.1,1,4
2021-06-17 14:31:30,B,1051.05,1,3
2021-06-17 14:31:33,S,1052.3,1,28
2021-06-17 14:31:33,S,1052.9,1,4
2021-06-17 14:31:33,S,1052.95,1,6
2021-06-17 14:31:33,S,1053.0,2,46
2021-06-17 14:31:33,S,1053.15,2,16
2021-06-17 14:31:33,B,1052.0,1,5
2021-06-17 14:31:33,B,1051.65,2,7
2021-06-17 14:31:33,B,1051.55,2,11
2021-06-17 14:31:33,B,1051.1,1,4
2021-06-17 14:31:33,B,1051.05,1,3
2021-06-17 14:31:35,S,1052.3,1,28
2021-06-17 14:31:35,S,1052.9,1,4
2021-06-17 14:31:35,S,1052.95,1,6
2021-06-17 14:31:35,S,1053.0,2,46
2021-06-17 14:31:35,S,1053.15,2,16
2021-06-17 14:31:35,B,1052.0,1,5
2021-06-17 14:31:35,B,1051.65,2,7
2021-06-17 14:31:35,B,1051.45,1,4
2021-06-17 14:31:35,B,1051.4,2,10
2021-06-17 14:31:35,B,1051.05,1,3
2021-06-17 14:31:40,S,1052.3,2,29
2021-06-17 14:31:40,S,1052.9,1,4
2021-06-17 14:31:40,S,1052.95,1,6
2021-06-17 14:31:40,S,1053.0,2,46
2021-06-17 14:31:40,S,1053.15,2,16
2021-06-17 14:31:40,B,1052.0,1,5
2021-06-17 14:31:40,B,1051.65,2,7
2021-06-17 14:31:40,B,1051.45,2,5
2021-06-17 14:31:40,B,1051.4,2,10
2021-06-17 14:31:40,B,1051.05,1,3
2021-06-17 14:31:41,S,1052.3,2,29
2021-06-17 14:31:41,S,1052.9,1,4
2021-06-17 14:31:41,S,1052.95,1,6
2021-06-17 14:31:41,S,1053.0,2,46
2021-06-17 14:31:41,S,1053.15,2,16
2021-06-17 14:31:41,B,1052.0,1,5
2021-06-17 14:31:41,B,1051.65,2,7
2021-06-17 14:31:41,B,1051.45,2,5
2021-06-17 14:31:41,B,1051.4,2,10
2021-06-17 14:31:41,B,1051.05,1,3
2021-06-17 14:31:43,S,1052.85,1,4
2021-06-17 14:31:43,S,1052.9,1,4
2021-06-17 14:31:43,S,1052.95,1,6
2021-06-17 14:31:43,S,1053.0,2,46
2021-06-17 14:31:43,S,1053.1,1,9
2021-06-17 14:31:43,B,1051.6,2,13
2021-06-17 14:31:43,B,1051.55,2,10
2021-06-17 14:31:43,B,1051.45,1,25
2021-06-17 14:31:43,B,1051.25,2,13
2021-06-17 14:31:43,B,1051.0,2,101
2021-06-17 14:31:45,S,1052.9,1,4
2021-06-17 14:31:45,S,1052.95,1,6
2021-06-17 14:31:45,S,1053.0,2,46
2021-06-17 14:31:45,S,1053.25,1,11
2021-06-17 14:31:45,S,1053.45,1,4
2021-06-17 14:31:45,B,1051.6,2,13
2021-06-17 14:31:45,B,1051.55,2,10
2021-06-17 14:31:45,B,1051.45,1,25
2021-06-17 14:31:45,B,1051.25,2,13
2021-06-17 14:31:45,B,1051.0,2,101
2021-06-17 14:31:48,S,1052.8,1,4
2021-06-17 14:31:48,S,1052.85,1,1
2021-06-17 14:31:48,S,1052.95,1,6
2021-06-17 14:31:48,S,1053.0,2,46
2021-06-17 14:31:48,S,1053.4,1,10
2021-06-17 14:31:48,B,1051.75,2,10
2021-06-17 14:31:48,B,1051.55,1,4
2021-06-17 14:31:48,B,1051.5,1,19
2021-06-17 14:31:48,B,1051.35,1,7
2021-06-17 14:31:48,B,1051.25,1,3
2021-06-17 14:31:51,S,1052.8,1,4
2021-06-17 14:31:51,S,1052.85,1,1
2021-06-17 14:31:51,S,1052.95,1,6
2021-06-17 14:31:51,S,1053.0,3,47
2021-06-17 14:31:51,S,1053.4,1,10
2021-06-17 14:31:51,B,1051.75,2,10
2021-06-17 14:31:51,B,1051.55,1,4
2021-06-17 14:31:51,B,1051.5,1,19
2021-06-17 14:31:51,B,1051.35,1,7
2021-06-17 14:31:51,B,1051.25,1,3
2021-06-17 14:31:54,S,1052.5,1,25
2021-06-17 14:31:54,S,1052.75,1,4
2021-06-17 14:31:54,S,1052.8,1,3
2021-06-17 14:31:54,S,1052.85,1,1
2021-06-17 14:31:54,S,1053.0,3,47
2021-06-17 14:31:54,B,1051.65,1,13
2021-06-17 14:31:54,B,1051.6,1,4
2021-06-17 14:31:54,B,1051.55,1,9
2021-06-17 14:31:54,B,1051.35,2,8
2021-06-17 14:31:54,B,1051.25,2,12
2021-06-17 14:31:57,S,1052.45,2,10
2021-06-17 14:31:57,S,1052.5,1,25
2021-06-17 14:31:57,S,1052.8,1,3
2021-06-17 14:31:57,S,1052.85,1,1
2021-06-17 14:31:57,S,1052.95,1,9
2021-06-17 14:31:57,B,1051.55,1,13
2021-06-17 14:31:57,B,1051.4,1,4
2021-06-17 14:31:57,B,1051.35,2,8
2021-06-17 14:31:57,B,1051.25,3,25
2021-06-17 14:31:57,B,1051.0,2,101
2021-06-17 14:32:02,S,1052.45,2,10
2021-06-17 14:32:02,S,1052.5,1,25
2021-06-17 14:32:02,S,1052.8,1,3
2021-06-17 14:32:02,S,1052.85,1,1
2021-06-17 14:32:02,S,1052.95,1,9
2021-06-17 14:32:02,B,1051.55,1,13
2021-06-17 14:32:02,B,1051.4,1,4
2021-06-17 14:32:02,B,1051.35,2,8
2021-06-17 14:32:02,B,1051.25,3,25
2021-06-17 14:32:02,B,1051.0,2,101
2021-06-17 14:32:04,S,1052.45,2,8
2021-06-17 14:32:04,S,1052.5,1,25
2021-06-17 14:32:04,S,1052.8,1,3
2021-06-17 14:32:04,S,1052.85,1,1
2021-06-17 14:32:04,S,1052.95,1,9
2021-06-17 14:32:04,B,1051.45,1,4
2021-06-17 14:32:04,B,1051.4,1,9
2021-06-17 14:32:04,B,1051.35,2,8
2021-06-17 14:32:04,B,1051.25,4,26
2021-06-17 14:32:04,B,1051.0,2,101
2021-06-17 14:32:06,S,1052.45,1,4
2021-06-17 14:32:06,S,1052.5,1,25
2021-06-17 14:32:06,S,1052.8,1,3
2021-06-17 14:32:06,S,1052.85,1,1
2021-06-17 14:32:06,S,1052.95,1,9
2021-06-17 14:32:06,B,1051.4,1,2
2021-06-17 14:32:06,B,1051.35,2,6
2021-06-17 14:32:06,B,1051.25,1,1
2021-06-17 14:32:06,B,1051.05,1,5
2021-06-17 14:32:06,B,1051.0,3,111
2021-06-17 14:32:07,S,1052.45,1,4
2021-06-17 14:32:07,S,1052.5,1,25
2021-06-17 14:32:07,S,1052.8,1,3
2021-06-17 14:32:07,S,1052.85,1,1
2021-06-17 14:32:07,S,1052.95,1,9
2021-06-17 14:32:07,B,1051.4,1,2
2021-06-17 14:32:07,B,1051.35,2,6
2021-06-17 14:32:07,B,1051.25,1,1
2021-06-17 14:32:07,B,1051.05,1,5
2021-06-17 14:32:07,B,1051.0,3,111
2021-06-17 14:32:09,S,1052.4,1,4
2021-06-17 14:32:09,S,1052.45,1,6
2021-06-17 14:32:09,S,1052.5,1,25
2021-06-17 14:32:09,S,1052.8,1,3
2021-06-17 14:32:09,S,1052.85,1,1
2021-06-17 14:32:09,B,1051.45,1,8
2021-06-17 14:32:09,B,1051.4,1,3
2021-06-17 14:32:09,B,1051.35,2,6
2021-06-17 14:32:09,B,1051.05,2,8
2021-06-17 14:32:09,B,1051.0,3,111
2021-06-17 14:32:22,S,1052.0,1,37
2021-06-17 14:32:22,S,1052.25,1,4
2021-06-17 14:32:22,S,1052.3,1,9
2021-06-17 14:32:22,S,1052.45,1,6
2021-06-17 14:32:22,S,1052.5,1,25
2021-06-17 14:32:22,B,1051.1,1,3
2021-06-17 14:32:22,B,1051.05,2,8
2021-06-17 14:32:22,B,1051.0,2,101
2021-06-17 14:32:22,B,1050.85,1,250
2021-06-17 14:32:22,B,1050.55,2,13
2021-06-17 14:32:28,S,1052.0,1,37
2021-06-17 14:32:28,S,1052.4,1,4
2021-06-17 14:32:28,S,1052.45,1,6
2021-06-17 14:32:28,S,1052.5,1,25
2021-06-17 14:32:28,S,1052.8,1,3
2021-06-17 14:32:28,B,1051.1,1,3
2021-06-17 14:32:28,B,1051.05,2,8
2021-06-17 14:32:28,B,1051.0,2,101
2021-06-17 14:32:28,B,1050.85,1,250
2021-06-17 14:32:28,B,1050.55,2,13
2021-06-17 14:32:31,S,1051.95,2,6
2021-06-17 14:32:31,S,1052.0,1,37
2021-06-17 14:32:31,S,1052.15,1,3
2021-06-17 14:32:31,S,1052.4,2,11
2021-06-17 14:32:31,S,1052.45,3,10
2021-06-17 14:32:31,B,1051.1,1,3
2021-06-17 14:32:31,B,1051.05,1,5
2021-06-17 14:32:31,B,1051.0,1,100
2021-06-17 14:32:31,B,1050.85,1,250
2021-06-17 14:32:31,B,1050.55,2,13
2021-06-17 14:32:39,S,1051.95,2,5
2021-06-17 14:32:39,S,1052.0,1,37
2021-06-17 14:32:39,S,1052.15,1,3
2021-06-17 14:32:39,S,1052.4,2,11
2021-06-17 14:32:39,S,1052.45,3,10
2021-06-17 14:32:39,B,1051.1,1,3
2021-06-17 14:32:39,B,1051.05,1,5
2021-06-17 14:32:39,B,1051.0,1,100
2021-06-17 14:32:39,B,1050.85,1,250
2021-06-17 14:32:39,B,1050.55,2,13
2021-06-17 14:32:40,S,1051.95,2,5
2021-06-17 14:32:40,S,1052.0,1,37
2021-06-17 14:32:40,S,1052.15,1,3
2021-06-17 14:32:40,S,1052.4,2,11
2021-06-17 14:32:40,S,1052.45,3,10
2021-06-17 14:32:40,B,1051.1,1,3
2021-06-17 14:32:40,B,1051.05,1,5
2021-06-17 14:32:40,B,1051.0,1,100
2021-06-17 14:32:40,B,1050.85,1,250
2021-06-17 14:32:40,B,1050.55,2,13
2021-06-17 14:32:42,S,1051.9,1,4
2021-06-17 14:32:42,S,1051.95,1,1
2021-06-17 14:32:42,S,1052.0,1,37
2021-06-17 14:32:42,S,1052.15,1,3
2021-06-17 14:32:42,S,1052.4,2,11
2021-06-17 14:32:42,B,1051.1,1,4
2021-06-17 14:32:42,B,1051.05,1,5
2021-06-17 14:32:42,B,1051.0,1,100
2021-06-17 14:32:42,B,1050.85,1,250
2021-06-17 14:32:42,B,1050.55,2,13
2021-06-17 14:32:44,S,1051.9,2,5
2021-06-17 14:32:44,S,1052.0,1,37
2021-06-17 14:32:44,S,1052.15,1,3
2021-06-17 14:32:44,S,1052.4,2,11
2021-06-17 14:32:44,S,1052.45,3,10
2021-06-17 14:32:44,B,1051.1,1,4
2021-06-17 14:32:44,B,1051.05,1,5
2021-06-17 14:32:44,B,1051.0,2,350
2021-06-17 14:32:44,B,1050.55,2,13
2021-06-17 14:32:44,B,1050.4,1,3
2021-06-17 14:32:49,S,1051.9,2,5
2021-06-17 14:32:49,S,1052.0,1,37
2021-06-17 14:32:49,S,1052.15,1,3
2021-06-17 14:32:49,S,1052.4,2,11
2021-06-17 14:32:49,S,1052.45,3,10
2021-06-17 14:32:49,B,1051.1,1,4
2021-06-17 14:32:49,B,1051.05,1,5
2021-06-17 14:32:49,B,1051.0,2,350
2021-06-17 14:32:49,B,1050.55,2,13
2021-06-17 14:32:49,B,1050.4,1,3
2021-06-17 14:32:52,S,1051.9,2,5
2021-06-17 14:32:52,S,1052.0,1,37
2021-06-17 14:32:52,S,1052.15,1,3
2021-06-17 14:32:52,S,1052.4,2,11
2021-06-17 14:32:52,S,1052.45,3,10
2021-06-17 14:32:52,B,1051.1,1,4
2021-06-17 14:32:52,B,1051.05,1,5
2021-06-17 14:32:52,B,1051.0,2,350
2021-06-17 14:32:52,B,1050.55,2,13
2021-06-17 14:32:52,B,1050.4,1,3
2021-06-17 14:32:57,S,1051.9,2,5
2021-06-17 14:32:57,S,1052.0,1,37
2021-06-17 14:32:57,S,1052.15,1,3
2021-06-17 14:32:57,S,1052.4,2,11
2021-06-17 14:32:57,S,1052.45,3,10
2021-06-17 14:32:57,B,1051.1,1,4
2021-06-17 14:32:57,B,1051.05,1,5
2021-06-17 14:32:57,B,1051.0,2,400
2021-06-17 14:32:57,B,1050.55,2,13
2021-06-17 14:32:57,B,1050.4,1,3
2021-06-17 14:33:01,S,1051.9,2,5
2021-06-17 14:33:01,S,1052.0,1,37
2021-06-17 14:33:01,S,1052.15,1,3
2021-06-17 14:33:01,S,1052.4,2,11
2021-06-17 14:33:01,S,1052.45,3,10
2021-06-17 14:33:01,B,1051.1,1,4
2021-06-17 14:33:01,B,1051.05,1,5
2021-06-17 14:33:01,B,1051.0,2,400
2021-06-17 14:33:01,B,1050.55,2,13
2021-06-17 14:33:01,B,1050.4,1,3
2021-06-17 14:33:02,S,1051.75,1,9
2021-06-17 14:33:02,S,1051.9,3,6
2021-06-17 14:33:02,S,1052.0,1,37
2021-06-17 14:33:02,S,1052.15,2,4
2021-06-17 14:33:02,S,1052.25,1,10
2021-06-17 14:33:02,B,1051.1,1,3
2021-06-17 14:33:02,B,1051.05,1,5
2021-06-17 14:33:02,B,1051.0,2,400
2021-06-17 14:33:02,B,1050.55,1,3
2021-06-17 14:33:02,B,1050.4,1,3
2021-06-17 14:33:03,S,1051.75,1,9
2021-06-17 14:33:03,S,1051.9,3,6
2021-06-17 14:33:03,S,1052.0,1,37
2021-06-17 14:33:03,S,1052.15,2,4
2021-06-17 14:33:03,S,1052.25,1,10
2021-06-17 14:33:03,B,1051.1,1,3
2021-06-17 14:33:03,B,1051.05,1,5
2021-06-17 14:33:03,B,1051.0,2,400
2021-06-17 14:33:03,B,1050.55,1,3
2021-06-17 14:33:03,B,1050.4,1,3
2021-06-17 14:33:05,S,1050.75,1,9
2021-06-17 14:33:05,S,1050.8,1,4
2021-06-17 14:33:05,S,1050.85,1,10
2021-06-17 14:33:05,S,1051.15,1,10
2021-06-17 14:33:05,S,1051.35,2,4
2021-06-17 14:33:05,B,1050.05,2,29
2021-06-17 14:33:05,B,1050.0,62,808
2021-06-17 14:33:05,B,1049.55,1,17
2021-06-17 14:33:05,B,1049.0,2,20
2021-06-17 14:33:05,B,1048.5,1,40
2021-06-17 14:33:09,S,1050.75,3,11
2021-06-17 14:33:09,S,1050.85,3,14
2021-06-17 14:33:09,S,1050.9,2,4
2021-06-17 14:33:09,S,1051.15,2,13
2021-06-17 14:33:09,S,1051.35,2,4
2021-06-17 14:33:09,B,1050.05,2,29
2021-06-17 14:33:09,B,1050.0,62,808
2021-06-17 14:33:09,B,1049.55,1,17
2021-06-17 14:33:09,B,1049.35,1,3
2021-06-17 14:33:09,B,1049.25,1,10
2021-06-17 14:33:11,S,1050.75,2,2
2021-06-17 14:33:11,S,1050.85,2,5
2021-06-17 14:33:11,S,1050.9,2,4
2021-06-17 14:33:11,S,1051.1,1,10
2021-06-17 14:33:11,S,1051.35,2,4
2021-06-17 14:33:11,B,1050.05,2,29
2021-06-17 14:33:11,B,1050.0,62,808
2021-06-17 14:33:11,B,1049.55,1,17
2021-06-17 14:33:11,B,1049.35,1,3
2021-06-17 14:33:11,B,1049.25,1,10
2021-06-17 14:33:14,S,1050.75,1,1
2021-06-17 14:33:14,S,1050.9,2,4
2021-06-17 14:33:14,S,1051.2,1,4
2021-06-17 14:33:14,S,1051.25,1,10
2021-06-17 14:33:14,S,1051.35,2,4
2021-06-17 14:33:14,B,1050.05,2,29
2021-06-17 14:33:14,B,1050.0,62,808
2021-06-17 14:33:14,B,1049.55,1,17
2021-06-17 14:33:14,B,1049.35,1,3
2021-06-17 14:33:14,B,1049.25,1,10
2021-06-17 14:33:17,S,1050.75,1,1
2021-06-17 14:33:17,S,1050.9,1,3
2021-06-17 14:33:17,S,1051.3,1,4
2021-06-17 14:33:17,S,1051.35,2,4
2021-06-17 14:33:17,S,1051.45,2,11
2021-06-17 14:33:17,B,1050.05,2,29
2021-06-17 14:33:17,B,1050.0,62,808
2021-06-17 14:33:17,B,1049.95,1,10
2021-06-17 14:33:17,B,1049.55,1,17
2021-06-17 14:33:17,B,1049.35,1,3
2021-06-17 14:33:23,S,1050.75,1,1
2021-06-17 14:33:23,S,1050.9,1,3
2021-06-17 14:33:23,S,1051.3,1,4
2021-06-17 14:33:23,S,1051.35,2,4
2021-06-17 14:33:23,S,1051.45,2,11
2021-06-17 14:33:23,B,1050.1,1,9
2021-06-17 14:33:23,B,1050.05,2,29
2021-06-17 14:33:23,B,1050.0,62,808
2021-06-17 14:33:23,B,1049.55,1,17
2021-06-17 14:33:23,B,1049.35,1,3
2021-06-17 14:33:26,S,1050.75,1,1
2021-06-17 14:33:26,S,1050.9,1,3
2021-06-17 14:33:26,S,1051.3,1,4
2021-06-17 14:33:26,S,1051.35,2,4
2021-06-17 14:33:26,S,1051.45,2,11
2021-06-17 14:33:26,B,1050.1,1,9
2021-06-17 14:33:26,B,1050.05,2,29
2021-06-17 14:33:26,B,1050.0,61,807
2021-06-17 14:33:26,B,1049.55,1,17
2021-06-17 14:33:26,B,1049.35,1,3
2021-06-17 14:33:39,S,1050.75,1,1
2021-06-17 14:33:39,S,1050.9,1,3
2021-06-17 14:33:39,S,1051.3,1,4
2021-06-17 14:33:39,S,1051.35,3,14
2021-06-17 14:33:39,S,1051.45,2,11
2021-06-17 14:33:39,B,1050.05,2,29
2021-06-17 14:33:39,B,1050.0,61,807
2021-06-17 14:33:39,B,1049.55,2,18
2021-06-17 14:33:39,B,1049.35,1,3
2021-06-17 14:33:39,B,1049.05,1,3
2021-06-17 14:33:42,S,1050.75,1,1
2021-06-17 14:33:42,S,1050.9,1,3
2021-06-17 14:33:42,S,1051.3,1,4
2021-06-17 14:33:42,S,1051.35,3,14
2021-06-17 14:33:42,S,1051.45,2,11
2021-06-17 14:33:42,B,1050.05,2,29
2021-06-17 14:33:42,B,1050.0,61,807
2021-06-17 14:33:42,B,1049.75,2,10
2021-06-17 14:33:42,B,1049.55,2,18
2021-06-17 14:33:42,B,1049.35,1,3
2021-06-17 14:33:43,S,1050.75,1,1
2021-06-17 14:33:43,S,1050.9,1,3
2021-06-17 14:33:43,S,1051.3,1,4
2021-06-17 14:33:43,S,1051.35,3,14
2021-06-17 14:33:43,S,1051.45,2,11
2021-06-17 14:33:43,B,1050.05,2,29
2021-06-17 14:33:43,B,1050.0,61,807
2021-06-17 14:33:43,B,1049.75,2,10
2021-06-17 14:33:43,B,1049.55,2,18
2021-06-17 14:33:43,B,1049.35,1,3
2021-06-17 14:33:45,S,1051.6,1,4
2021-06-17 14:33:45,S,1051.65,1,3
2021-06-17 14:33:45,S,1051.7,1,7
2021-06-17 14:33:45,S,1051.75,1,9
2021-06-17 14:33:45,S,1051.8,1,1
2021-06-17 14:33:45,B,1050.1,1,10
2021-06-17 14:33:45,B,1050.05,4,41
2021-06-17 14:33:45,B,1050.0,60,806
2021-06-17 14:33:45,B,1049.75,2,13
2021-06-17 14:33:45,B,1049.55,2,18
2021-06-17 14:33:48,S,1051.6,1,4
2021-06-17 14:33:48,S,1051.65,1,3
2021-06-17 14:33:48,S,1051.7,1,7
2021-06-17 14:33:48,S,1051.8,1,1
2021-06-17 14:33:48,S,1051.9,1,1
2021-06-17 14:33:48,B,1050.4,1,9
2021-06-17 14:33:48,B,1050.1,1,14
2021-06-17 14:33:48,B,1050.05,4,41
2021-06-17 14:33:48,B,1050.0,60,806
2021-06-17 14:33:48,B,1049.8,1,3
2021-06-17 14:33:50,S,1051.6,1,4
2021-06-17 14:33:50,S,1051.65,1,3
2021-06-17 14:33:50,S,1051.7,1,7
2021-06-17 14:33:50,S,1051.8,1,1
2021-06-17 14:33:50,S,1051.9,1,1
2021-06-17 14:33:50,B,1050.4,1,9
2021-06-17 14:33:50,B,1050.1,2,15
2021-06-17 14:33:50,B,1050.05,4,41
2021-06-17 14:33:50,B,1050.0,60,806
2021-06-17 14:33:50,B,1049.8,1,3
2021-06-17 14:33:51,S,1051.6,1,4
2021-06-17 14:33:51,S,1051.65,1,3
2021-06-17 14:33:51,S,1051.7,1,7
2021-06-17 14:33:51,S,1051.8,1,1
2021-06-17 14:33:51,S,1051.9,1,1
2021-06-17 14:33:51,B,1050.4,1,9
2021-06-17 14:33:51,B,1050.1,2,15
2021-06-17 14:33:51,B,1050.05,4,41
2021-06-17 14:33:51,B,1050.0,60,806
2021-06-17 14:33:51,B,1049.8,1,3
2021-06-17 14:33:52,S,1052.0,1,17
2021-06-17 14:33:52,S,1052.45,1,4
2021-06-17 14:33:52,S,1052.5,1,25
2021-06-17 14:33:52,S,1052.65,1,12
2021-06-17 14:33:52,S,1052.8,1,3
2021-06-17 14:33:52,B,1051.1,1,10
2021-06-17 14:33:52,B,1050.9,1,4
2021-06-17 14:33:52,B,1050.85,1,11
2021-06-17 14:33:52,B,1050.8,2,4
2021-06-17 14:33:52,B,1050.5,1,3
2021-06-17 14:33:55,S,1052.0,1,17
2021-06-17 14:33:55,S,1052.45,1,4
2021-06-17 14:33:55,S,1052.5,1,25
2021-06-17 14:33:55,S,1052.65,1,12
2021-06-17 14:33:55,S,1052.8,1,3
2021-06-17 14:33:55,B,1051.1,1,10
2021-06-17 14:33:55,B,1051.0,1,4
2021-06-17 14:33:55,B,1050.95,1,11
2021-06-17 14:33:55,B,1050.8,2,4
2021-06-17 14:33:55,B,1050.65,1,11
2021-06-17 14:33:58,S,1052.0,1,17
2021-06-17 14:33:58,S,1052.45,1,4
2021-06-17 14:33:58,S,1052.5,1,25
2021-06-17 14:33:58,S,1052.65,1,12
2021-06-17 14:33:58,S,1052.8,1,3
2021-06-17 14:33:58,B,1051.1,1,10
2021-06-17 14:33:58,B,1051.0,1,4
2021-06-17 14:33:58,B,1050.95,1,11
2021-06-17 14:33:58,B,1050.8,2,4
2021-06-17 14:33:58,B,1050.65,1,11
2021-06-17 14:34:00,S,1051.95,1,4
2021-06-17 14:34:00,S,1052.0,1,17
2021-06-17 14:34:00,S,1052.35,1,3
2021-06-17 14:34:00,S,1052.5,1,25
2021-06-17 14:34:00,S,1052.65,1,12
2021-06-17 14:34:00,B,1051.0,1,9
2021-06-17 14:34:00,B,1050.95,1,4
2021-06-17 14:34:00,B,1050.9,1,11
2021-06-17 14:34:00,B,1050.8,1,3
2021-06-17 14:34:00,B,1050.5,1,3
2021-06-17 14:34:03,S,1051.95,1,4
2021-06-17 14:34:03,S,1052.0,1,17
2021-06-17 14:34:03,S,1052.25,1,9
2021-06-17 14:34:03,S,1052.35,2,12
2021-06-17 14:34:03,S,1052.5,1,25
2021-06-17 14:34:03,B,1050.9,2,15
2021-06-17 14:34:03,B,1050.85,1,10
2021-06-17 14:34:03,B,1050.8,1,3
2021-06-17 14:34:03,B,1050.5,1,3
2021-06-17 14:34:03,B,1050.15,1,7
2021-06-17 14:34:05,S,1051.95,1,4
2021-06-17 14:34:05,S,1052.0,2,26
2021-06-17 14:34:05,S,1052.25,1,9
2021-06-17 14:34:05,S,1052.35,2,15
2021-06-17 14:34:05,S,1052.45,1,10
2021-06-17 14:34:05,B,1050.55,1,4
2021-06-17 14:34:05,B,1050.5,1,8
2021-06-17 14:34:05,B,1050.45,1,3
2021-06-17 14:34:05,B,1050.15,2,10
2021-06-17 14:34:05,B,1050.1,2,13
2021-06-17 14:34:08,S,1052.0,1,5
2021-06-17 14:34:08,S,1052.5,3,36
2021-06-17 14:34:08,S,1052.65,1,12
2021-06-17 14:34:08,S,1052.85,1,1
2021-06-17 14:34:08,S,1052.95,1,12
2021-06-17 14:34:08,B,1051.05,1,4
2021-06-17 14:34:08,B,1051.0,1,9
2021-06-17 14:34:08,B,1050.95,1,10
2021-06-17 14:34:08,B,1050.45,2,4
2021-06-17 14:34:08,B,1050.15,2,10
2021-06-17 14:34:11,S,1052.0,1,5
2021-06-17 14:34:11,S,1052.5,3,29
2021-06-17 14:34:11,S,1052.65,2,22
2021-06-17 14:34:11,S,1052.8,1,3
2021-06-17 14:34:11,S,1052.85,1,1
2021-06-17 14:34:11,B,1051.05,1,4
2021-06-17 14:34:11,B,1051.0,1,9
2021-06-17 14:34:11,B,1050.95,1,10
2021-06-17 14:34:11,B,1050.45,2,4
2021-06-17 14:34:11,B,1050.35,1,12
2021-06-17 14:34:13,S,1052.0,1,5
2021-06-17 14:34:13,S,1052.5,3,29
2021-06-17 14:34:13,S,1052.65,2,22
2021-06-17 14:34:13,S,1052.8,1,3
2021-06-17 14:34:13,S,1052.85,1,1
2021-06-17 14:34:13,B,1051.05,1,4
2021-06-17 14:34:13,B,1051.0,1,9
2021-06-17 14:34:13,B,1050.95,1,10
2021-06-17 14:34:13,B,1050.45,2,4
2021-06-17 14:34:13,B,1050.15,2,10
2021-06-17 14:34:18,S,1054.4,2,3
2021-06-17 14:34:18,S,1054.7,1,7
2021-06-17 14:34:18,S,1054.75,1,3
2021-06-17 14:34:18,S,1054.8,1,10
2021-06-17 14:34:18,S,1054.95,1,3
2021-06-17 14:34:18,B,1053.2,1,4
2021-06-17 14:34:18,B,1053.15,1,10
2021-06-17 14:34:18,B,1052.4,2,3
2021-06-17 14:34:18,B,1052.35,2,4
2021-06-17 14:34:18,B,1052.15,1,10
2021-06-17 14:34:20,S,1054.45,2,12
2021-06-17 14:34:20,S,1054.7,2,8
2021-06-17 14:34:20,S,1054.75,2,4
2021-06-17 14:34:20,S,1054.8,1,10
2021-06-17 14:34:20,S,1054.95,1,3
2021-06-17 14:34:20,B,1053.25,1,2
2021-06-17 14:34:20,B,1052.85,1,4
2021-06-17 14:34:20,B,1052.8,1,10
2021-06-17 14:34:20,B,1052.35,1,3
2021-06-17 14:34:20,B,1052.05,1,3
2021-06-17 14:34:21,S,1054.45,2,12
2021-06-17 14:34:21,S,1054.7,2,8
2021-06-17 14:34:21,S,1054.75,2,4
2021-06-17 14:34:21,S,1054.8,1,10
2021-06-17 14:34:21,S,1054.95,1,3
2021-06-17 14:34:21,B,1053.25,1,2
2021-06-17 14:34:21,B,1052.85,1,4
2021-06-17 14:34:21,B,1052.8,1,10
2021-06-17 14:34:21,B,1052.35,1,3
2021-06-17 14:34:21,B,1052.05,1,3
2021-06-17 14:34:22,S,1053.8,2,5
2021-06-17 14:34:22,S,1053.85,2,2
2021-06-17 14:34:22,S,1053.95,1,10
2021-06-17 14:34:22,S,1054.0,1,4
2021-06-17 14:34:22,S,1054.15,2,10
2021-06-17 14:34:22,B,1051.0,1,4
2021-06-17 14:34:22,B,1050.95,2,9
2021-06-17 14:34:22,B,1050.9,1,2
2021-06-17 14:34:22,B,1050.55,2,3
2021-06-17 14:34:22,B,1050.2,1,6
2021-06-17 14:34:24,S,1053.8,1,1
2021-06-17 14:34:24,S,1053.85,2,2
2021-06-17 14:34:24,S,1053.9,1,1
2021-06-17 14:34:24,S,1054.15,2,10
2021-06-17 14:34:24,S,1054.35,1,1
2021-06-17 14:34:24,B,1052.15,1,4
2021-06-17 14:34:24,B,1052.1,1,7
2021-06-17 14:34:24,B,1052.0,2,301
2021-06-17 14:34:24,B,1050.95,1,2
2021-06-17 14:34:24,B,1050.9,1,2
2021-06-17 14:34:25,S,1053.8,1,1
2021-06-17 14:34:25,S,1053.85,2,2
2021-06-17 14:34:25,S,1053.9,1,1
2021-06-17 14:34:25,S,1054.15,2,10
2021-06-17 14:34:25,S,1054.35,1,1
2021-06-17 14:34:25,B,1052.15,1,4
2021-06-17 14:34:25,B,1052.1,1,7
2021-06-17 14:34:25,B,1052.0,2,301
2021-06-17 14:34:25,B,1050.95,1,2
2021-06-17 14:34:25,B,1050.9,1,2
2021-06-17 14:34:27,S,1054.7,2,8
2021-06-17 14:34:27,S,1054.85,1,5
2021-06-17 14:34:27,S,1054.9,1,10
2021-06-17 14:34:27,S,1055.0,1,2
2021-06-17 14:34:27,S,1055.05,1,10
2021-06-17 14:34:27,B,1053.4,1,4
2021-06-17 14:34:27,B,1053.35,1,10
2021-06-17 14:34:27,B,1053.0,1,7
2021-06-17 14:34:27,B,1052.25,1,3
2021-06-17 14:34:27,B,1052.0,3,303
2021-06-17 14:34:29,S,1054.7,2,8
2021-06-17 14:34:29,S,1054.85,1,5
2021-06-17 14:34:29,S,1054.9,1,10
2021-06-17 14:34:29,S,1055.0,1,2
2021-06-17 14:34:29,S,1055.05,1,10
2021-06-17 14:34:29,B,1053.4,1,4
2021-06-17 14:34:29,B,1053.35,1,10
2021-06-17 14:34:29,B,1053.0,1,7
2021-06-17 14:34:29,B,1052.75,1,3
2021-06-17 14:34:29,B,1052.25,1,3
2021-06-17 14:34:34,S,1054.2,1,9
2021-06-17 14:34:34,S,1054.25,1,4
2021-06-17 14:34:34,S,1054.65,1,7
2021-06-17 14:34:34,S,1054.7,4,14
2021-06-17 14:34:34,S,1054.75,4,21
2021-06-17 14:34:34,B,1052.1,1,4
2021-06-17 14:34:34,B,1052.05,1,7
2021-06-17 14:34:34,B,1052.0,1,300
2021-06-17 14:34:34,B,1051.8,1,3
2021-06-17 14:34:34,B,1051.45,1,3
2021-06-17 14:34:36,S,1054.2,1,9
2021-06-17 14:34:36,S,1054.3,2,4
2021-06-17 14:34:36,S,1054.45,1,11
2021-06-17 14:34:36,S,1054.65,3,16
2021-06-17 14:34:36,S,1054.7,4,14
2021-06-17 14:34:36,B,1052.15,1,4
2021-06-17 14:34:36,B,1052.1,1,7
2021-06-17 14:34:36,B,1052.05,1,10
2021-06-17 14:34:36,B,1052.0,1,300
2021-06-17 14:34:36,B,1051.8,1,3
2021-06-17 14:34:38,S,1054.2,1,9
2021-06-17 14:34:38,S,1054.3,2,4
2021-06-17 14:34:38,S,1054.45,1,11
2021-06-17 14:34:38,S,1054.65,3,16
2021-06-17 14:34:38,S,1054.7,4,14
2021-06-17 14:34:38,B,1052.45,1,4
2021-06-17 14:34:38,B,1052.4,1,7
2021-06-17 14:34:38,B,1052.2,1,9
2021-06-17 14:34:38,B,1052.0,1,300
2021-06-17 14:34:38,B,1051.8,1,3
2021-06-17 14:34:49,S,1054.2,1,9
2021-06-17 14:34:49,S,1054.3,2,4
2021-06-17 14:34:49,S,1054.45,1,11
2021-06-17 14:34:49,S,1054.65,3,16
2021-06-17 14:34:49,S,1054.7,4,14
2021-06-17 14:34:49,B,1052.45,1,4
2021-06-17 14:34:49,B,1052.4,1,7
2021-06-17 14:34:49,B,1052.2,1,9
2021-06-17 14:34:49,B,1052.0,1,300
2021-06-17 14:34:49,B,1051.8,1,3
2021-06-17 14:34:54,S,1054.2,1,9
2021-06-17 14:34:54,S,1054.3,2,4
2021-06-17 14:34:54,S,1054.45,1,11
2021-06-17 14:34:54,S,1054.65,3,16
2021-06-17 14:34:54,S,1054.7,4,14
2021-06-17 14:34:54,B,1052.45,1,4
2021-06-17 14:34:54,B,1052.4,1,7
2021-06-17 14:34:54,B,1052.2,1,9
2021-06-17 14:34:54,B,1052.0,1,300
2021-06-17 14:34:54,B,1051.8,1,3
2021-06-17 14:35:01,S,1053.3,1,9
2021-06-17 14:35:01,S,1053.5,1,4
2021-06-17 14:35:01,S,1053.55,1,11
2021-06-17 14:35:01,S,1053.85,1,12
2021-06-17 14:35:01,S,1053.95,2,12
2021-06-17 14:35:01,B,1052.05,1,4
2021-06-17 14:35:01,B,1052.0,1,220
2021-06-17 14:35:01,B,1051.45,1,3
2021-06-17 14:35:01,B,1051.1,1,6
2021-06-17 14:35:01,B,1050.75,1,7
2021-06-17 14:35:03,S,1053.1,1,10
2021-06-17 14:35:03,S,1053.2,1,4
2021-06-17 14:35:03,S,1053.25,1,9
2021-06-17 14:35:03,S,1053.35,1,3
2021-06-17 14:35:03,S,1053.55,1,11
2021-06-17 14:35:03,B,1052.05,1,4
2021-06-17 14:35:03,B,1052.0,1,220
2021-06-17 14:35:03,B,1051.45,1,3
2021-06-17 14:35:03,B,1051.3,1,9
2021-06-17 14:35:03,B,1051.1,1,6
2021-06-17 14:35:11,S,1053.1,1,10
2021-06-17 14:35:11,S,1053.2,1,4
2021-06-17 14:35:11,S,1053.25,1,9
2021-06-17 14:35:11,S,1053.35,1,3
2021-06-17 14:35:11,S,1053.55,1,11
2021-06-17 14:35:11,B,1052.05,1,4
2021-06-17 14:35:11,B,1052.0,1,220
2021-06-17 14:35:11,B,1051.45,1,3
2021-06-17 14:35:11,B,1051.3,1,9
2021-06-17 14:35:11,B,1051.1,1,6
2021-06-17 14:35:13,S,1053.1,1,10
2021-06-17 14:35:13,S,1053.2,1,4
2021-06-17 14:35:13,S,1053.25,1,9
2021-06-17 14:35:13,S,1053.35,1,3
2021-06-17 14:35:13,S,1053.55,1,11
2021-06-17 14:35:13,B,1052.05,1,4
2021-06-17 14:35:13,B,1052.0,2,221
2021-06-17 14:35:13,B,1051.45,1,3
2021-06-17 14:35:13,B,1051.3,1,9
2021-06-17 14:35:13,B,1051.1,1,6
2021-06-17 14:35:18,S,1053.05,1,4
2021-06-17 14:35:18,S,1053.1,1,10
2021-06-17 14:35:18,S,1053.25,1,9
2021-06-17 14:35:18,S,1053.35,1,3
2021-06-17 14:35:18,S,1053.55,1,11
2021-06-17 14:35:18,B,1052.0,1,1
2021-06-17 14:35:18,B,1051.6,2,11
2021-06-17 14:35:18,B,1051.55,2,17
2021-06-17 14:35:18,B,1051.45,1,3
2021-06-17 14:35:18,B,1051.1,1,6
2021-06-17 14:35:19,S,1053.05,1,4
2021-06-17 14:35:19,S,1053.1,1,10
2021-06-17 14:35:19,S,1053.25,1,9
2021-06-17 14:35:19,S,1053.35,1,3
2021-06-17 14:35:19,S,1053.55,1,11
2021-06-17 14:35:19,B,1052.0,1,1
2021-06-17 14:35:19,B,1051.7,1,4
2021-06-17 14:35:19,B,1051.65,1,9
2021-06-17 14:35:19,B,1051.6,1,7
2021-06-17 14:35:19,B,1051.55,1,7
2021-06-17 14:35:27,S,1053.05,1,4
2021-06-17 14:35:27,S,1053.1,1,10
2021-06-17 14:35:27,S,1053.25,1,9
2021-06-17 14:35:27,S,1053.35,1,3
2021-06-17 14:35:27,S,1053.55,1,11
2021-06-17 14:35:27,B,1052.0,1,1
2021-06-17 14:35:27,B,1051.65,1,4
2021-06-17 14:35:27,B,1051.6,1,7
2021-06-17 14:35:27,B,1051.55,1,7
2021-06-17 14:35:27,B,1051.45,2,12
2021-06-17 14:35:30,S,1053.05,1,4
2021-06-17 14:35:30,S,1053.1,1,9
2021-06-17 14:35:30,S,1053.25,2,18
2021-06-17 14:35:30,S,1053.35,1,3
2021-06-17 14:35:30,S,1053.55,1,11
2021-06-17 14:35:30,B,1052.0,1,1
2021-06-17 14:35:30,B,1051.65,1,4
2021-06-17 14:35:30,B,1051.6,1,7
2021-06-17 14:35:30,B,1051.55,1,7
2021-06-17 14:35:30,B,1051.45,2,12
2021-06-17 14:35:33,S,1053.1,1,9
2021-06-17 14:35:33,S,1053.2,1,4
2021-06-17 14:35:33,S,1053.25,1,9
2021-06-17 14:35:33,S,1053.35,1,3
2021-06-17 14:35:33,S,1053.4,1,9
2021-06-17 14:35:33,B,1052.1,1,4
2021-06-17 14:35:33,B,1052.05,1,19
2021-06-17 14:35:33,B,1052.0,2,21
2021-06-17 14:35:33,B,1051.6,1,7
2021-06-17 14:35:33,B,1051.55,1,7
2021-06-17 14:35:38,S,1053.1,1,9
2021-06-17 14:35:38,S,1053.2,1,4
2021-06-17 14:35:38,S,1053.25,1,9
2021-06-17 14:35:38,S,1053.35,1,3
2021-06-17 14:35:38,S,1053.4,1,9
2021-06-17 14:35:38,B,1052.1,1,4
2021-06-17 14:35:38,B,1052.05,1,19
2021-06-17 14:35:38,B,1052.0,2,21
2021-06-17 14:35:38,B,1051.6,1,7
2021-06-17 14:35:38,B,1051.55,1,7
2021-06-17 14:35:39,S,1053.75,1,4
2021-06-17 14:35:39,S,1053.8,1,3
2021-06-17 14:35:39,S,1053.85,1,12
2021-06-17 14:35:39,S,1053.95,1,8
2021-06-17 14:35:39,S,1054.1,1,6
2021-06-17 14:35:39,B,1052.1,1,4
2021-06-17 14:35:39,B,1052.05,1,19
2021-06-17 14:35:39,B,1052.0,2,21
2021-06-17 14:35:39,B,1051.7,1,10
2021-06-17 14:35:39,B,1051.6,1,7
2021-06-17 14:35:42,S,1053.75,1,4
2021-06-17 14:35:42,S,1053.8,1,3
2021-06-17 14:35:42,S,1053.85,1,12
2021-06-17 14:35:42,S,1053.95,1,8
2021-06-17 14:35:42,S,1054.1,1,6
2021-06-17 14:35:42,B,1052.1,1,4
2021-06-17 14:35:42,B,1052.05,1,19
2021-06-17 14:35:42,B,1052.0,2,21
2021-06-17 14:35:42,B,1051.95,1,1
2021-06-17 14:35:42,B,1051.7,1,10
2021-06-17 14:35:46,S,1053.75,1,4
2021-06-17 14:35:46,S,1053.8,1,3
2021-06-17 14:35:46,S,1053.85,1,12
2021-06-17 14:35:46,S,1053.95,1,8
2021-06-17 14:35:46,S,1054.1,1,6
2021-06-17 14:35:46,B,1052.1,1,4
2021-06-17 14:35:46,B,1052.05,1,19
2021-06-17 14:35:46,B,1052.0,2,21
2021-06-17 14:35:46,B,1051.95,1,1
2021-06-17 14:35:46,B,1051.7,1,10
2021-06-17 14:35:48,S,1053.75,1,4
2021-06-17 14:35:48,S,1053.8,1,3
2021-06-17 14:35:48,S,1053.85,1,12
2021-06-17 14:35:48,S,1053.95,1,8
2021-06-17 14:35:48,S,1054.1,1,6
2021-06-17 14:35:48,B,1052.2,1,4
2021-06-17 14:35:48,B,1052.15,1,9
2021-06-17 14:35:48,B,1052.05,1,19
2021-06-17 14:35:48,B,1052.0,2,21
2021-06-17 14:35:48,B,1051.95,1,1
2021-06-17 14:35:51,S,1053.75,1,4
2021-06-17 14:35:51,S,1053.8,1,3
2021-06-17 14:35:51,S,1054.3,2,4
2021-06-17 14:35:51,S,1054.4,1,2
2021-06-17 14:35:51,S,1054.45,1,11
2021-06-17 14:35:51,B,1052.7,1,4
2021-06-17 14:35:51,B,1052.65,1,10
2021-06-17 14:35:51,B,1052.05,2,20
2021-06-17 14:35:51,B,1052.0,2,21
2021-06-17 14:35:51,B,1051.95,2,4
2021-06-17 14:35:52,S,1053.75,1,4
2021-06-17 14:35:52,S,1053.8,1,3
2021-06-17 14:35:52,S,1054.3,2,4
2021-06-17 14:35:52,S,1054.4,1,2
2021-06-17 14:35:52,S,1054.45,1,11
2021-06-17 14:35:52,B,1052.7,1,4
2021-06-17 14:35:52,B,1052.65,1,10
2021-06-17 14:35:52,B,1052.05,2,20
2021-06-17 14:35:52,B,1052.0,2,21
2021-06-17 14:35:52,B,1051.95,2,4
2021-06-17 14:35:53,S,1053.8,1,2
2021-06-17 14:35:53,S,1054.2,1,2
2021-06-17 14:35:53,S,1054.25,1,7
2021-06-17 14:35:53,S,1054.3,2,4
2021-06-17 14:35:53,S,1054.4,1,7
2021-06-17 14:35:53,B,1052.7,1,4
2021-06-17 14:35:53,B,1052.65,1,10
2021-06-17 14:35:53,B,1052.05,2,20
2021-06-17 14:35:53,B,1052.0,3,22
2021-06-17 14:35:53,B,1051.95,2,4
2021-06-17 14:35:58,S,1054.2,1,4
2021-06-17 14:35:58,S,1054.25,1,7
2021-06-17 14:35:58,S,1054.35,1,2
2021-06-17 14:35:58,S,1054.4,1,7
2021-06-17 14:35:58,S,1054.55,1,7
2021-06-17 14:35:58,B,1052.15,1,4
2021-06-17 14:35:58,B,1052.1,2,8
2021-06-17 14:35:58,B,1052.05,2,20
2021-06-17 14:35:58,B,1052.0,4,24
2021-06-17 14:35:58,B,1051.95,2,4
2021-06-17 14:36:01,S,1054.2,1,6
2021-06-17 14:36:01,S,1054.25,3,14
2021-06-17 14:36:01,S,1054.35,1,2
2021-06-17 14:36:01,S,1054.4,1,7
2021-06-17 14:36:01,S,1054.45,1,11
2021-06-17 14:36:01,B,1052.15,1,4
2021-06-17 14:36:01,B,1052.1,1,7
2021-06-17 14:36:01,B,1052.05,1,19
2021-06-17 14:36:01,B,1052.0,2,21
2021-06-17 14:36:01,B,1051.95,2,4
2021-06-17 14:36:03,S,1053.8,2,5
2021-06-17 14:36:03,S,1054.15,1,2
2021-06-17 14:36:03,S,1054.2,1,6
2021-06-17 14:36:03,S,1054.25,3,14
2021-06-17 14:36:03,S,1054.4,1,7
2021-06-17 14:36:03,B,1052.3,1,4
2021-06-17 14:36:03,B,1052.25,1,10
2021-06-17 14:36:03,B,1052.1,2,8
2021-06-17 14:36:03,B,1052.05,1,19
2021-06-17 14:36:03,B,1052.0,2,21
2021-06-17 14:36:05,S,1053.8,2,5
2021-06-17 14:36:05,S,1054.15,1,2
2021-06-17 14:36:05,S,1054.2,1,6
2021-06-17 14:36:05,S,1054.25,3,14
2021-06-17 14:36:05,S,1054.4,1,7
2021-06-17 14:36:05,B,1052.3,1,4
2021-06-17 14:36:05,B,1052.25,1,10
2021-06-17 14:36:05,B,1052.1,2,8
2021-06-17 14:36:05,B,1052.05,1,19
2021-06-17 14:36:05,B,1052.0,2,21
2021-06-17 14:36:06,S,1053.65,1,4
2021-06-17 14:36:06,S,1053.7,1,10
2021-06-17 14:36:06,S,1053.8,2,5
2021-06-17 14:36:06,S,1053.9,1,4
2021-06-17 14:36:06,S,1054.15,1,10
2021-06-17 14:36:06,B,1052.15,1,4
2021-06-17 14:36:06,B,1052.1,1,7
2021-06-17 14:36:06,B,1052.05,1,19
2021-06-17 14:36:06,B,1052.0,2,21
2021-06-17 14:36:06,B,1051.95,1,1
2021-06-17 14:36:15,S,1053.65,1,4
2021-06-17 14:36:15,S,1053.7,1,10
2021-06-17 14:36:15,S,1053.8,1,2
2021-06-17 14:36:15,S,1053.95,1,9
2021-06-17 14:36:15,S,1054.15,1,10
2021-06-17 14:36:15,B,1052.25,1,4
2021-06-17 14:36:15,B,1052.2,1,9
2021-06-17 14:36:15,B,1052.15,1,20
2021-06-17 14:36:15,B,1052.1,1,7
2021-06-17 14:36:15,B,1052.05,1,19
2021-06-17 14:36:19,S,1053.65,1,4
2021-06-17 14:36:19,S,1053.7,2,12
2021-06-17 14:36:19,S,1053.95,1,9
2021-06-17 14:36:19,S,1054.15,1,10
2021-06-17 14:36:19,S,1054.25,2,10
2021-06-17 14:36:19,B,1052.25,1,4
2021-06-17 14:36:19,B,1052.2,1,9
2021-06-17 14:36:19,B,1052.15,1,20
2021-06-17 14:36:19,B,1052.1,1,7
2021-06-17 14:36:19,B,1052.05,1,19
2021-06-17 14:36:23,S,1053.65,1,4
2021-06-17 14:36:23,S,1053.7,2,12
2021-06-17 14:36:23,S,1053.95,1,9
2021-06-17 14:36:23,S,1054.15,1,10
2021-06-17 14:36:23,S,1054.25,2,10
2021-06-17 14:36:23,B,1052.25,1,4
2021-06-17 14:36:23,B,1052.2,1,9
2021-06-17 14:36:23,B,1052.15,1,20
2021-06-17 14:36:23,B,1052.1,1,7
2021-06-17 14:36:23,B,1052.05,1,19
2021-06-17 14:36:24,S,1053.7,1,2
2021-06-17 14:36:24,S,1053.95,1,9
2021-06-17 14:36:24,S,1054.25,2,10
2021-06-17 14:36:24,S,1054.4,1,7
2021-06-17 14:36:24,S,1054.45,1,11
2021-06-17 14:36:24,B,1052.45,1,4
2021-06-17 14:36:24,B,1052.4,1,10
2021-06-17 14:36:24,B,1052.15,2,21
2021-06-17 14:36:24,B,1052.1,1,7
2021-06-17 14:36:24,B,1052.05,1,19
2021-06-17 14:36:29,S,1053.7,1,2
2021-06-17 14:36:29,S,1053.95,1,9
2021-06-17 14:36:29,S,1054.15,1,10
2021-06-17 14:36:29,S,1054.25,2,10
2021-06-17 14:36:29,S,1054.4,1,7
2021-06-17 14:36:29,B,1052.2,1,4
2021-06-17 14:36:29,B,1052.15,1,20
2021-06-17 14:36:29,B,1052.1,1,7
2021-06-17 14:36:29,B,1052.05,1,19
2021-06-17 14:36:29,B,1052.0,2,21
2021-06-17 14:36:31,S,1053.7,1,2
2021-06-17 14:36:31,S,1053.95,1,9
2021-06-17 14:36:31,S,1054.15,1,10
2021-06-17 14:36:31,S,1054.25,2,10
2021-06-17 14:36:31,S,1054.4,1,7
2021-06-17 14:36:31,B,1052.2,1,4
2021-06-17 14:36:31,B,1052.15,1,20
2021-06-17 14:36:31,B,1052.1,1,7
2021-06-17 14:36:31,B,1052.05,1,19
2021-06-17 14:36:31,B,1052.0,2,21
2021-06-17 14:36:32,S,1053.8,1,3
2021-06-17 14:36:32,S,1053.85,1,9
2021-06-17 14:36:32,S,1053.95,1,9
2021-06-17 14:36:32,S,1054.15,1,10
2021-06-17 14:36:32,S,1054.25,2,10
2021-06-17 14:36:32,B,1052.3,1,4
2021-06-17 14:36:32,B,1052.25,1,9
2021-06-17 14:36:32,B,1052.15,1,20
2021-06-17 14:36:32,B,1052.1,1,7
2021-06-17 14:36:32,B,1052.05,1,19
2021-06-17 14:36:37,S,1053.9,1,6
2021-06-17 14:36:37,S,1053.95,2,19
2021-06-17 14:36:37,S,1054.1,1,4
2021-06-17 14:36:37,S,1054.15,1,10
2021-06-17 14:36:37,S,1054.25,2,10
2021-06-17 14:36:37,B,1052.2,1,4
2021-06-17 14:36:37,B,1052.15,1,20
2021-06-17 14:36:37,B,1052.1,1,7
2021-06-17 14:36:37,B,1052.05,1,19
2021-06-17 14:36:37,B,1052.0,2,21
2021-06-17 14:36:40,S,1053.65,1,10
2021-06-17 14:36:40,S,1053.9,1,4
2021-06-17 14:36:40,S,1053.95,1,9
2021-06-17 14:36:40,S,1054.15,1,10
2021-06-17 14:36:40,S,1054.25,2,10
2021-06-17 14:36:40,B,1052.2,1,4
2021-06-17 14:36:40,B,1052.15,1,20
2021-06-17 14:36:40,B,1052.1,1,7
2021-06-17 14:36:40,B,1052.05,2,28
2021-06-17 14:36:40,B,1052.0,2,21
2021-06-17 14:36:43,S,1053.65,1,10
2021-06-17 14:36:43,S,1053.9,1,4
2021-06-17 14:36:43,S,1053.95,1,9
2021-06-17 14:36:43,S,1054.15,1,10
2021-06-17 14:36:43,S,1054.25,2,10
2021-06-17 14:36:43,B,1052.2,1,4
2021-06-17 14:36:43,B,1052.15,1,20
2021-06-17 14:36:43,B,1052.1,1,7
2021-06-17 14:36:43,B,1052.05,2,28
2021-06-17 14:36:43,B,1052.0,2,21
2021-06-17 14:36:46,S,1054.2,1,9
2021-06-17 14:36:46,S,1054.25,2,10
2021-06-17 14:36:46,S,1054.4,1,7
2021-06-17 14:36:46,S,1054.45,1,11
2021-06-17 14:36:46,S,1054.55,1,7
2021-06-17 14:36:46,B,1052.6,1,4
2021-06-17 14:36:46,B,1052.55,1,10
2021-06-17 14:36:46,B,1052.15,1,20
2021-06-17 14:36:46,B,1052.1,1,7
2021-06-17 14:36:46,B,1052.05,1,19
2021-06-17 14:36:47,S,1054.2,1,9
2021-06-17 14:36:47,S,1054.25,2,10
2021-06-17 14:36:47,S,1054.4,1,7
2021-06-17 14:36:47,S,1054.45,1,11
2021-06-17 14:36:47,S,1054.55,1,7
2021-06-17 14:36:47,B,1052.6,1,4
2021-06-17 14:36:47,B,1052.55,1,10
2021-06-17 14:36:47,B,1052.15,1,20
2021-06-17 14:36:47,B,1052.1,1,7
2021-06-17 14:36:47,B,1052.05,1,19
2021-06-17 14:36:48,S,1054.25,1,3
2021-06-17 14:36:48,S,1054.35,1,2
2021-06-17 14:36:48,S,1054.4,1,7
2021-06-17 14:36:48,S,1054.45,1,11
2021-06-17 14:36:48,S,1054.55,1,7
2021-06-17 14:36:48,B,1052.75,1,4
2021-06-17 14:36:48,B,1052.7,1,9
2021-06-17 14:36:48,B,1052.15,1,20
2021-06-17 14:36:48,B,1052.1,1,7
2021-06-17 14:36:48,B,1052.05,1,19
2021-06-17 14:36:51,S,1054.2,1,10
2021-06-17 14:36:51,S,1054.25,1,3
2021-06-17 14:36:51,S,1054.4,1,7
2021-06-17 14:36:51,S,1054.45,1,11
2021-06-17 14:36:51,S,1054.55,1,7
2021-06-17 14:36:51,B,1052.75,1,4
2021-06-17 14:36:51,B,1052.7,1,9
2021-06-17 14:36:51,B,1052.15,1,20
2021-06-17 14:36:51,B,1052.1,1,7
2021-06-17 14:36:51,B,1052.05,1,19
2021-06-17 14:36:53,S,1054.35,1,2
2021-06-17 14:36:53,S,1054.4,1,7
2021-06-17 14:36:53,S,1054.45,1,11
2021-06-17 14:36:53,S,1054.55,1,7
2021-06-17 14:36:53,S,1054.6,1,7
2021-06-17 14:36:53,B,1052.85,1,4
2021-06-17 14:36:53,B,1052.8,1,9
2021-06-17 14:36:53,B,1052.15,1,20
2021-06-17 14:36:53,B,1052.1,1,7
2021-06-17 14:36:53,B,1052.05,1,19
2021-06-17 14:36:55,S,1054.35,1,2
2021-06-17 14:36:55,S,1054.4,1,7
2021-06-17 14:36:55,S,1054.55,1,7
2021-06-17 14:36:55,S,1054.6,1,7
2021-06-17 14:36:55,S,1054.65,2,10
2021-06-17 14:36:55,B,1052.85,1,4
2021-06-17 14:36:55,B,1052.8,1,9
2021-06-17 14:36:55,B,1052.15,1,20
2021-06-17 14:36:55,B,1052.1,1,7
2021-06-17 14:36:55,B,1052.05,1,19
2021-06-17 14:37:03,S,1054.3,1,10
2021-06-17 14:37:03,S,1054.35,1,2
2021-06-17 14:37:03,S,1054.4,1,7
2021-06-17 14:37:03,S,1054.55,1,7
2021-06-17 14:37:03,S,1054.6,1,7
2021-06-17 14:37:03,B,1052.85,1,4
2021-06-17 14:37:03,B,1052.8,1,9
2021-06-17 14:37:03,B,1052.15,1,20
2021-06-17 14:37:03,B,1052.1,1,7
2021-06-17 14:37:03,B,1052.05,1,19
2021-06-17 14:37:06,S,1054.3,1,10
2021-06-17 14:37:06,S,1054.35,1,2
2021-06-17 14:37:06,S,1054.4,1,7
2021-06-17 14:37:06,S,1054.55,1,7
2021-06-17 14:37:06,S,1054.6,1,7
2021-06-17 14:37:06,B,1052.85,1,4
2021-06-17 14:37:06,B,1052.8,1,9
2021-06-17 14:37:06,B,1052.15,1,20
2021-06-17 14:37:06,B,1052.1,1,7
2021-06-17 14:37:06,B,1052.05,1,19
2021-06-17 14:37:07,S,1054.95,2,53
2021-06-17 14:37:07,S,1055.0,2,3
2021-06-17 14:37:07,S,1055.3,1,15
2021-06-17 14:37:07,S,1055.4,1,6
2021-06-17 14:37:07,S,1055.6,2,12
2021-06-17 14:37:07,B,1054.0,1,20
2021-06-17 14:37:07,B,1052.55,1,4
2021-06-17 14:37:07,B,1052.5,2,5
2021-06-17 14:37:07,B,1052.45,1,11
2021-06-17 14:37:07,B,1052.4,1,3
2021-06-17 14:37:09,S,1054.9,3,21
2021-06-17 14:37:09,S,1054.95,2,53
2021-06-17 14:37:09,S,1055.0,2,3
2021-06-17 14:37:09,S,1055.3,1,15
2021-06-17 14:37:09,S,1055.4,1,6
2021-06-17 14:37:09,B,1054.0,1,20
2021-06-17 14:37:09,B,1052.55,2,5
2021-06-17 14:37:09,B,1052.5,2,5
2021-06-17 14:37:09,B,1052.4,1,3
2021-06-17 14:37:09,B,1052.15,1,12
2021-06-17 14:37:24,S,1054.9,3,21
2021-06-17 14:37:24,S,1054.95,3,54
2021-06-17 14:37:24,S,1055.0,2,3
2021-06-17 14:37:24,S,1055.3,1,15
2021-06-17 14:37:24,S,1055.4,1,6
2021-06-17 14:37:24,B,1054.0,1,20
2021-06-17 14:37:24,B,1052.55,2,5
2021-06-17 14:37:24,B,1052.5,2,5
2021-06-17 14:37:24,B,1052.4,1,3
2021-06-17 14:37:24,B,1052.1,1,7
2021-06-17 14:37:26,S,1054.9,2,7
2021-06-17 14:37:26,S,1054.95,3,54
2021-06-17 14:37:26,S,1055.0,2,3
2021-06-17 14:37:26,S,1055.3,1,15
2021-06-17 14:37:26,S,1055.4,1,6
2021-06-17 14:37:26,B,1054.0,1,20
2021-06-17 14:37:26,B,1052.55,2,5
2021-06-17 14:37:26,B,1052.5,2,5
2021-06-17 14:37:26,B,1052.4,1,3
2021-06-17 14:37:26,B,1052.1,1,7
2021-06-17 14:37:43,S,1054.9,2,7
2021-06-17 14:37:43,S,1054.95,3,54
2021-06-17 14:37:43,S,1055.0,2,3
2021-06-17 14:37:43,S,1055.3,1,15
2021-06-17 14:37:43,S,1055.4,1,6
2021-06-17 14:37:43,B,1054.0,1,20
2021-06-17 14:37:43,B,1053.35,1,4
2021-06-17 14:37:43,B,1053.3,1,9
2021-06-17 14:37:43,B,1052.85,1,3
2021-06-17 14:37:43,B,1052.5,2,5
2021-06-17 14:37:47,S,1054.9,2,7
2021-06-17 14:37:47,S,1054.95,3,54
2021-06-17 14:37:47,S,1055.0,2,3
2021-06-17 14:37:47,S,1055.3,1,15
2021-06-17 14:37:47,S,1055.4,1,6
2021-06-17 14:37:47,B,1054.0,1,20
2021-06-17 14:37:47,B,1053.35,1,4
2021-06-17 14:37:47,B,1053.3,1,9
2021-06-17 14:37:47,B,1052.85,1,3
2021-06-17 14:37:47,B,1052.5,2,5
2021-06-17 14:37:49,S,1054.9,2,7
2021-06-17 14:37:49,S,1054.95,3,54
2021-06-17 14:37:49,S,1055.0,2,3
2021-06-17 14:37:49,S,1055.3,1,15
2021-06-17 14:37:49,S,1055.4,1,6
2021-06-17 14:37:49,B,1054.0,1,20
2021-06-17 14:37:49,B,1053.35,1,4
2021-06-17 14:37:49,B,1053.3,1,9
2021-06-17 14:37:49,B,1052.85,1,3
2021-06-17 14:37:49,B,1052.5,2,5
2021-06-17 14:37:50,S,1054.95,2,53
2021-06-17 14:37:50,S,1055.0,2,3
2021-06-17 14:37:50,S,1055.3,1,15
2021-06-17 14:37:50,S,1055.6,1,6
2021-06-17 14:37:50,S,1055.65,2,22
2021-06-17 14:37:50,B,1052.9,1,4
2021-06-17 14:37:50,B,1052.85,1,3
2021-06-17 14:37:50,B,1052.75,2,4
2021-06-17 14:37:50,B,1052.5,2,5
2021-06-17 14:37:50,B,1052.4,1,3
2021-06-17 14:37:53,S,1054.95,2,53
2021-06-17 14:37:53,S,1055.0,2,3
2021-06-17 14:37:53,S,1055.3,1,15
2021-06-17 14:37:53,S,1055.6,2,12
2021-06-17 14:37:53,S,1055.65,2,22
2021-06-17 14:37:53,B,1053.3,1,4
2021-06-17 14:37:53,B,1053.25,1,10
2021-06-17 14:37:53,B,1052.75,2,4
2021-06-17 14:37:53,B,1052.4,1,3
2021-06-17 14:37:53,B,1052.35,1,5
2021-06-17 14:37:55,S,1054.95,2,53
2021-06-17 14:37:55,S,1055.0,1,2
2021-06-17 14:37:55,S,1055.3,1,15
2021-06-17 14:37:55,S,1055.6,1,6
2021-06-17 14:37:55,S,1055.65,2,22
2021-06-17 14:37:55,B,1053.5,1,4
2021-06-17 14:37:55,B,1053.45,1,9
2021-06-17 14:37:55,B,1053.0,1,3
2021-06-17 14:37:55,B,1052.75,2,4
2021-06-17 14:37:55,B,1052.4,1,3
2021-06-17 14:37:57,S,1054.95,2,53
2021-06-17 14:37:57,S,1055.0,2,3
2021-06-17 14:37:57,S,1055.15,1,3
2021-06-17 14:37:57,S,1055.3,1,15
2021-06-17 14:37:57,S,1055.55,1,3
2021-06-17 14:37:57,B,1053.5,1,4
2021-06-17 14:37:57,B,1053.45,1,9
2021-06-17 14:37:57,B,1053.0,1,3
2021-06-17 14:37:57,B,1052.75,2,4
2021-06-17 14:37:57,B,1052.4,1,3
2021-06-17 14:38:00,S,1054.95,2,53
2021-06-17 14:38:00,S,1055.0,2,3
2021-06-17 14:38:00,S,1055.15,1,3
2021-06-17 14:38:00,S,1055.3,1,15
2021-06-17 14:38:00,S,1055.55,1,3
2021-06-17 14:38:00,B,1053.5,1,4
2021-06-17 14:38:00,B,1053.45,1,9
2021-06-17 14:38:00,B,1053.0,1,3
2021-06-17 14:38:00,B,1052.75,2,4
2021-06-17 14:38:00,B,1052.4,1,3
2021-06-17 14:38:02,S,1053.45,1,4
2021-06-17 14:38:02,S,1053.5,2,10
2021-06-17 14:38:02,S,1053.6,2,7
2021-06-17 14:38:02,S,1053.65,2,51
2021-06-17 14:38:02,S,1053.7,2,201
2021-06-17 14:38:02,B,1052.2,1,4
2021-06-17 14:38:02,B,1052.15,1,5
2021-06-17 14:38:02,B,1052.1,1,7
2021-06-17 14:38:02,B,1052.05,1,19
2021-06-17 14:38:02,B,1052.0,2,2
2021-06-17 14:38:04,S,1053.35,2,5
2021-06-17 14:38:04,S,1053.4,1,9
2021-06-17 14:38:04,S,1053.55,1,1
2021-06-17 14:38:04,S,1053.6,2,7
2021-06-17 14:38:04,S,1053.65,2,7
2021-06-17 14:38:04,B,1052.2,1,4
2021-06-17 14:38:04,B,1052.15,1,5
2021-06-17 14:38:04,B,1052.05,1,19
2021-06-17 14:38:04,B,1052.0,2,2
2021-06-17 14:38:04,B,1051.6,1,7
2021-06-17 14:38:06,S,1053.25,1,4
2021-06-17 14:38:06,S,1053.3,2,11
2021-06-17 14:38:06,S,1053.35,1,1
2021-06-17 14:38:06,S,1053.6,2,7
2021-06-17 14:38:06,S,1053.65,2,7
2021-06-17 14:38:06,B,1052.2,1,4
2021-06-17 14:38:06,B,1052.15,1,5
2021-06-17 14:38:06,B,1052.05,1,19
2021-06-17 14:38:06,B,1052.0,2,2
2021-06-17 14:38:06,B,1051.65,1,10
2021-06-17 14:38:14,S,1053.4,1,4
2021-06-17 14:38:14,S,1053.45,2,11
2021-06-17 14:38:14,S,1053.55,1,1
2021-06-17 14:38:14,S,1053.6,2,7
2021-06-17 14:38:14,S,1053.65,2,7
2021-06-17 14:38:14,B,1052.2,1,4
2021-06-17 14:38:14,B,1052.15,1,5
2021-06-17 14:38:14,B,1052.1,1,6
2021-06-17 14:38:14,B,1052.05,1,19
2021-06-17 14:38:14,B,1052.0,2,2
2021-06-17 14:38:15,S,1053.45,1,4
2021-06-17 14:38:15,S,1053.5,2,51
2021-06-17 14:38:15,S,1053.6,2,7
2021-06-17 14:38:15,S,1053.65,2,7
2021-06-17 14:38:15,S,1053.7,3,211
2021-06-17 14:38:15,B,1053.0,1,1
2021-06-17 14:38:15,B,1052.3,1,4
2021-06-17 14:38:15,B,1052.25,1,1
2021-06-17 14:38:15,B,1052.15,1,5
2021-06-17 14:38:15,B,1052.05,1,19
2021-06-17 14:38:18,S,1053.45,1,4
2021-06-17 14:38:18,S,1053.5,2,51
2021-06-17 14:38:18,S,1053.6,2,7
2021-06-17 14:38:18,S,1053.65,2,7
2021-06-17 14:38:18,S,1053.7,3,211
2021-06-17 14:38:18,B,1053.0,1,1
2021-06-17 14:38:18,B,1052.3,1,4
2021-06-17 14:38:18,B,1052.25,1,1
2021-06-17 14:38:18,B,1052.15,1,5
2021-06-17 14:38:18,B,1052.05,1,19
2021-06-17 14:38:18,S,1053.5,1,9
2021-06-17 14:38:18,S,1053.55,2,51
2021-06-17 14:38:18,S,1053.6,2,7
2021-06-17 14:38:18,S,1053.65,2,7
2021-06-17 14:38:18,S,1053.7,2,201
2021-06-17 14:38:18,B,1052.3,1,4
2021-06-17 14:38:18,B,1052.25,1,1
2021-06-17 14:38:18,B,1052.15,1,5
2021-06-17 14:38:18,B,1052.05,1,19
2021-06-17 14:38:18,B,1052.0,2,2
2021-06-17 14:38:21,S,1053.5,1,9
2021-06-17 14:38:21,S,1053.55,2,51
2021-06-17 14:38:21,S,1053.6,2,7
2021-06-17 14:38:21,S,1053.65,2,7
2021-06-17 14:38:21,S,1053.7,2,201
2021-06-17 14:38:21,B,1052.3,1,4
2021-06-17 14:38:21,B,1052.25,1,1
2021-06-17 14:38:21,B,1052.15,1,5
2021-06-17 14:38:21,B,1052.05,1,19
2021-06-17 14:38:21,B,1052.0,2,2
2021-06-17 14:38:28,S,1052.95,2,59
2021-06-17 14:38:28,S,1053.0,2,201
2021-06-17 14:38:28,S,1053.55,2,4
2021-06-17 14:38:28,S,1053.6,2,7
2021-06-17 14:38:28,S,1053.65,2,7
2021-06-17 14:38:28,B,1052.1,1,4
2021-06-17 14:38:28,B,1052.05,2,24
2021-06-17 14:38:28,B,1052.0,2,2
2021-06-17 14:38:28,B,1051.6,1,7
2021-06-17 14:38:28,B,1051.45,1,3
2021-06-17 14:38:34,S,1052.95,2,59
2021-06-17 14:38:34,S,1053.0,2,201
2021-06-17 14:38:34,S,1053.55,2,4
2021-06-17 14:38:34,S,1053.6,2,7
2021-06-17 14:38:34,S,1053.65,2,7
2021-06-17 14:38:34,B,1052.1,1,4
2021-06-17 14:38:34,B,1052.05,2,24
2021-06-17 14:38:34,B,1052.0,2,2
2021-06-17 14:38:34,B,1051.6,1,7
2021-06-17 14:38:34,B,1051.45,1,3
2021-06-17 14:38:39,S,1052.95,2,59
2021-06-17 14:38:39,S,1053.0,2,201
2021-06-17 14:38:39,S,1053.55,2,4
2021-06-17 14:38:39,S,1053.6,2,7
2021-06-17 14:38:39,S,1053.65,2,7
2021-06-17 14:38:39,B,1052.1,1,4
2021-06-17 14:38:39,B,1052.05,2,24
2021-06-17 14:38:39,B,1052.0,2,2
2021-06-17 14:38:39,B,1051.6,1,7
2021-06-17 14:38:39,B,1051.45,1,3
2021-06-17 14:38:40,S,1054.05,2,7
2021-06-17 14:38:40,S,1054.1,2,7
2021-06-17 14:38:40,S,1054.2,1,3
2021-06-17 14:38:40,S,1054.4,1,6
2021-06-17 14:38:40,S,1054.5,1,6
2021-06-17 14:38:40,B,1052.65,1,4
2021-06-17 14:38:40,B,1052.6,1,10
2021-06-17 14:38:40,B,1051.75,1,1
2021-06-17 14:38:40,B,1051.7,1,2
2021-06-17 14:38:40,B,1051.65,1,28
2021-06-17 14:38:43,S,1054.05,2,7
2021-06-17 14:38:43,S,1054.1,2,7
2021-06-17 14:38:43,S,1054.2,1,3
2021-06-17 14:38:43,S,1054.35,1,2
2021-06-17 14:38:43,S,1054.4,1,6
2021-06-17 14:38:43,B,1052.05,1,4
2021-06-17 14:38:43,B,1052.0,1,1
2021-06-17 14:38:43,B,1051.95,1,3
2021-06-17 14:38:43,B,1051.85,1,4
2021-06-17 14:38:43,B,1051.65,1,28
2021-06-17 14:38:45,S,1054.0,1,9
2021-06-17 14:38:45,S,1054.05,2,7
2021-06-17 14:38:45,S,1054.1,2,7
2021-06-17 14:38:45,S,1054.2,1,3
2021-06-17 14:38:45,S,1054.35,1,2
2021-06-17 14:38:45,B,1052.5,1,4
2021-06-17 14:38:45,B,1052.45,1,9
2021-06-17 14:38:45,B,1052.2,2,5
2021-06-17 14:38:45,B,1051.85,1,4
2021-06-17 14:38:45,B,1051.4,1,3
2021-06-17 14:38:51,S,1054.0,1,9
2021-06-17 14:38:51,S,1054.05,2,7
2021-06-17 14:38:51,S,1054.1,2,7
2021-06-17 14:38:51,S,1054.2,1,3
2021-06-17 14:38:51,S,1054.35,1,2
2021-06-17 14:38:51,B,1052.5,1,4
2021-06-17 14:38:51,B,1052.45,1,9
2021-06-17 14:38:51,B,1052.2,2,5
2021-06-17 14:38:51,B,1051.85,1,4
2021-06-17 14:38:51,B,1051.4,1,3
2021-06-17 14:38:53,S,1054.05,2,7
2021-06-17 14:38:53,S,1054.1,2,7
2021-06-17 14:38:53,S,1054.2,1,3
2021-06-17 14:38:53,S,1054.25,1,9
2021-06-17 14:38:53,S,1054.4,1,6
2021-06-17 14:38:53,B,1052.5,1,4
2021-06-17 14:38:53,B,1052.45,1,9
2021-06-17 14:38:53,B,1052.2,2,5
2021-06-17 14:38:53,B,1051.85,1,4
2021-06-17 14:38:53,B,1051.4,1,3
2021-06-17 14:39:02,S,1054.05,2,7
2021-06-17 14:39:02,S,1054.1,2,7
2021-06-17 14:39:02,S,1054.2,1,3
2021-06-17 14:39:02,S,1054.25,1,9
2021-06-17 14:39:02,S,1054.4,1,6
2021-06-17 14:39:02,B,1052.5,1,4
2021-06-17 14:39:02,B,1052.45,1,9
2021-06-17 14:39:02,B,1052.2,2,5
2021-06-17 14:39:02,B,1051.85,1,4
2021-06-17 14:39:02,B,1051.4,1,3
2021-06-17 14:39:04,S,1054.05,2,7
2021-06-17 14:39:04,S,1054.1,2,7
2021-06-17 14:39:04,S,1054.2,1,3
2021-06-17 14:39:04,S,1054.25,1,9
2021-06-17 14:39:04,S,1054.4,1,6
2021-06-17 14:39:04,B,1052.6,1,4
2021-06-17 14:39:04,B,1052.55,1,9
2021-06-17 14:39:04,B,1052.2,2,5
2021-06-17 14:39:04,B,1052.0,2,12
2021-06-17 14:39:04,B,1051.95,1,50
2021-06-17 14:39:07,S,1054.05,2,7
2021-06-17 14:39:07,S,1054.1,2,7
2021-06-17 14:39:07,S,1054.2,1,3
2021-06-17 14:39:07,S,1054.25,1,9
2021-06-17 14:39:07,S,1054.4,1,6
2021-06-17 14:39:07,B,1052.6,1,4
2021-06-17 14:39:07,B,1052.55,1,9
2021-06-17 14:39:07,B,1052.2,2,5
2021-06-17 14:39:07,B,1052.0,2,12
2021-06-17 14:39:07,B,1051.95,1,50
2021-06-17 14:39:12,S,1054.05,2,7
2021-06-17 14:39:12,S,1054.1,2,7
2021-06-17 14:39:12,S,1054.2,1,3
2021-06-17 14:39:12,S,1054.25,1,9
2021-06-17 14:39:12,S,1054.4,1,6
2021-06-17 14:39:12,B,1052.6,1,4
2021-06-17 14:39:12,B,1052.55,1,9
2021-06-17 14:39:12,B,1052.2,2,5
2021-06-17 14:39:12,B,1052.0,2,12
2021-06-17 14:39:12,B,1051.95,1,50
2021-06-17 14:39:15,S,1054.05,2,7
2021-06-17 14:39:15,S,1054.1,2,7
2021-06-17 14:39:15,S,1054.2,1,3
2021-06-17 14:39:15,S,1054.4,1,6
2021-06-17 14:39:15,S,1054.45,1,11
2021-06-17 14:39:15,B,1052.6,1,4
2021-06-17 14:39:15,B,1052.55,1,9
2021-06-17 14:39:15,B,1052.2,2,5
2021-06-17 14:39:15,B,1052.0,2,12
2021-06-17 14:39:15,B,1051.95,1,50
2021-06-17 14:39:17,S,1054.05,2,7
2021-06-17 14:39:17,S,1054.1,2,7
2021-06-17 14:39:17,S,1054.2,1,3
2021-06-17 14:39:17,S,1054.25,1,10
2021-06-17 14:39:17,S,1054.4,1,6
2021-06-17 14:39:17,B,1052.6,1,4
2021-06-17 14:39:17,B,1052.55,1,9
2021-06-17 14:39:17,B,1052.2,2,5
2021-06-17 14:39:17,B,1052.0,2,12
2021-06-17 14:39:17,B,1051.95,1,50
2021-06-17 14:39:19,S,1054.05,2,7
2021-06-17 14:39:19,S,1054.1,2,7
2021-06-17 14:39:19,S,1054.2,1,3
2021-06-17 14:39:19,S,1054.25,1,10
2021-06-17 14:39:19,S,1054.4,1,6
2021-06-17 14:39:19,B,1052.6,1,4
2021-06-17 14:39:19,B,1052.55,1,9
2021-06-17 14:39:19,B,1052.2,2,5
2021-06-17 14:39:19,B,1052.0,2,12
2021-06-17 14:39:19,B,1051.95,1,50
2021-06-17 14:39:19,S,1054.0,1,3
2021-06-17 14:39:19,S,1054.05,2,7
2021-06-17 14:39:19,S,1054.1,2,7
2021-06-17 14:39:19,S,1054.2,1,3
2021-06-17 14:39:19,S,1054.25,1,10
2021-06-17 14:39:19,B,1052.6,1,4
2021-06-17 14:39:19,B,1052.55,1,9
2021-06-17 14:39:19,B,1052.2,2,5
2021-06-17 14:39:19,B,1052.0,2,12
2021-06-17 14:39:19,B,1051.95,1,50
2021-06-17 14:39:20,S,1054.0,1,3
2021-06-17 14:39:20,S,1054.05,2,7
2021-06-17 14:39:20,S,1054.1,2,7
2021-06-17 14:39:20,S,1054.2,1,3
2021-06-17 14:39:20,S,1054.25,1,10
2021-06-17 14:39:20,B,1052.6,1,4
2021-06-17 14:39:20,B,1052.55,1,9
2021-06-17 14:39:20,B,1052.2,2,5
2021-06-17 14:39:20,B,1052.0,2,12
2021-06-17 14:39:20,B,1051.95,1,50
2021-06-17 14:39:21,S,1054.05,2,5
2021-06-17 14:39:21,S,1054.1,2,7
2021-06-17 14:39:21,S,1054.2,1,3
2021-06-17 14:39:21,S,1054.25,1,10
2021-06-17 14:39:21,S,1054.4,1,6
2021-06-17 14:39:21,B,1052.6,1,4
2021-06-17 14:39:21,B,1052.55,1,9
2021-06-17 14:39:21,B,1052.2,2,5
2021-06-17 14:39:21,B,1052.0,2,12
2021-06-17 14:39:21,B,1051.95,1,50
2021-06-17 14:39:24,S,1054.05,2,5
2021-06-17 14:39:24,S,1054.1,2,7
2021-06-17 14:39:24,S,1054.2,1,3
2021-06-17 14:39:24,S,1054.25,1,10
2021-06-17 14:39:24,S,1054.4,1,6
2021-06-17 14:39:24,B,1052.6,1,4
2021-06-17 14:39:24,B,1052.55,1,9
2021-06-17 14:39:24,B,1052.2,2,5
2021-06-17 14:39:24,B,1052.0,2,12
2021-06-17 14:39:24,B,1051.95,1,50
2021-06-17 14:39:29,S,1053.95,2,10
2021-06-17 14:39:29,S,1054.0,2,51
2021-06-17 14:39:29,S,1054.05,2,5
2021-06-17 14:39:29,S,1054.1,2,7
2021-06-17 14:39:29,S,1054.2,1,3
2021-06-17 14:39:29,B,1052.25,1,4
2021-06-17 14:39:29,B,1052.2,1,1
2021-06-17 14:39:29,B,1052.0,2,10
2021-06-17 14:39:29,B,1051.95,2,59
2021-06-17 14:39:29,B,1051.85,1,4
2021-06-17 14:39:39,S,1053.95,2,10
2021-06-17 14:39:39,S,1054.0,2,51
2021-06-17 14:39:39,S,1054.05,2,5
2021-06-17 14:39:39,S,1054.1,2,7
2021-06-17 14:39:39,S,1054.2,1,3
2021-06-17 14:39:39,B,1053.0,1,1
2021-06-17 14:39:39,B,1052.45,1,4
2021-06-17 14:39:39,B,1052.4,1,10
2021-06-17 14:39:39,B,1052.0,1,4
2021-06-17 14:39:39,B,1051.95,1,50
2021-06-17 14:39:40,S,1053.95,2,10
2021-06-17 14:39:40,S,1054.0,2,51
2021-06-17 14:39:40,S,1054.05,2,5
2021-06-17 14:39:40,S,1054.1,2,7
2021-06-17 14:39:40,S,1054.2,1,3
2021-06-17 14:39:40,B,1053.0,1,1
2021-06-17 14:39:40,B,1052.45,1,4
2021-06-17 14:39:40,B,1052.4,1,10
2021-06-17 14:39:40,B,1052.0,1,4
2021-06-17 14:39:40,B,1051.95,1,50
2021-06-17 14:39:42,S,1054.0,1,50
2021-06-17 14:39:42,S,1054.05,2,5
2021-06-17 14:39:42,S,1054.1,2,7
2021-06-17 14:39:42,S,1054.2,1,3
2021-06-17 14:39:42,S,1054.3,1,6
2021-06-17 14:39:42,B,1053.0,1,1
2021-06-17 14:39:42,B,1052.65,1,4
2021-06-17 14:39:42,B,1052.6,1,10
2021-06-17 14:39:42,B,1052.3,1,4
2021-06-17 14:39:42,B,1052.05,1,6
2021-06-17 14:39:46,S,1054.0,1,50
2021-06-17 14:39:46,S,1054.05,2,5
2021-06-17 14:39:46,S,1054.1,2,7
2021-06-17 14:39:46,S,1054.2,1,3
2021-06-17 14:39:46,S,1054.3,1,6
2021-06-17 14:39:46,B,1053.0,1,1
2021-06-17 14:39:46,B,1052.65,1,4
2021-06-17 14:39:46,B,1052.6,1,10
2021-06-17 14:39:46,B,1052.3,1,4
2021-06-17 14:39:46,B,1052.05,1,6
2021-06-17 14:39:49,S,1054.0,1,50
2021-06-17 14:39:49,S,1054.05,2,5
2021-06-17 14:39:49,S,1054.1,2,7
2021-06-17 14:39:49,S,1054.2,1,3
2021-06-17 14:39:49,S,1054.3,1,6
2021-06-17 14:39:49,B,1053.0,1,1
2021-06-17 14:39:49,B,1052.65,1,4
2021-06-17 14:39:49,B,1052.6,1,10
2021-06-17 14:39:49,B,1052.3,1,4
2021-06-17 14:39:49,B,1052.05,1,6
2021-06-17 14:39:51,S,1053.7,1,4
2021-06-17 14:39:51,S,1053.75,2,10
2021-06-17 14:39:51,S,1053.8,1,1
2021-06-17 14:39:51,S,1053.85,2,11
2021-06-17 14:39:51,S,1053.95,1,1
2021-06-17 14:39:51,B,1052.35,1,4
2021-06-17 14:39:51,B,1052.3,1,4
2021-06-17 14:39:51,B,1052.05,1,6
2021-06-17 14:39:51,B,1052.0,1,4
2021-06-17 14:39:51,B,1051.95,1,50
2021-06-17 14:39:58,S,1054.0,1,4
2021-06-17 14:39:58,S,1054.05,2,5
2021-06-17 14:39:58,S,1054.1,2,7
2021-06-17 14:39:58,S,1054.15,1,10
2021-06-17 14:39:58,S,1054.2,1,3
2021-06-17 14:39:58,B,1052.25,2,10
2021-06-17 14:39:58,B,1052.2,1,3
2021-06-17 14:39:58,B,1051.95,1,50
2021-06-17 14:39:58,B,1051.8,1,4
2021-06-17 14:39:58,B,1051.4,1,3
2021-06-17 14:40:00,S,1054.0,1,4
2021-06-17 14:40:00,S,1054.05,1,4
2021-06-17 14:40:00,S,1054.1,1,6
2021-06-17 14:40:00,S,1054.2,1,3
2021-06-17 14:40:00,S,1054.4,1,6
2021-06-17 14:40:00,B,1052.85,1,4
2021-06-17 14:40:00,B,1052.8,1,10
2021-06-17 14:40:00,B,1052.4,1,6
2021-06-17 14:40:00,B,1052.05,1,2
2021-06-17 14:40:00,B,1052.0,2,12
2021-06-17 14:40:03,S,1054.0,2,5
2021-06-17 14:40:03,S,1054.05,1,4
2021-06-17 14:40:03,S,1054.1,1,6
2021-06-17 14:40:03,S,1054.2,1,3
2021-06-17 14:40:03,S,1054.4,1,6
2021-06-17 14:40:03,B,1052.85,1,4
2021-06-17 14:40:03,B,1052.8,1,10
2021-06-17 14:40:03,B,1052.4,1,6
2021-06-17 14:40:03,B,1052.05,1,2
2021-06-17 14:40:03,B,1052.0,2,12
2021-06-17 14:40:07,S,1054.0,2,5
2021-06-17 14:40:07,S,1054.05,1,4
2021-06-17 14:40:07,S,1054.1,1,6
2021-06-17 14:40:07,S,1054.2,1,3
2021-06-17 14:40:07,S,1054.4,1,6
2021-06-17 14:40:07,B,1052.85,1,4
2021-06-17 14:40:07,B,1052.8,1,10
2021-06-17 14:40:07,B,1052.4,1,6
2021-06-17 14:40:07,B,1052.05,1,2
2021-06-17 14:40:07,B,1052.0,2,12
2021-06-17 14:40:07,S,1054.0,3,7
2021-06-17 14:40:07,S,1054.05,1,4
2021-06-17 14:40:07,S,1054.1,1,6
2021-06-17 14:40:07,S,1054.2,1,3
2021-06-17 14:40:07,S,1054.4,1,6
2021-06-17 14:40:07,B,1052.3,1,3
2021-06-17 14:40:07,B,1052.25,1,6
2021-06-17 14:40:07,B,1052.2,1,3
2021-06-17 14:40:07,B,1052.15,1,7
2021-06-17 14:40:07,B,1052.1,1,7
2021-06-17 14:40:10,S,1054.0,3,7
2021-06-17 14:40:10,S,1054.05,1,4
2021-06-17 14:40:10,S,1054.1,1,6
2021-06-17 14:40:10,S,1054.15,1,10
2021-06-17 14:40:10,S,1054.35,1,3
2021-06-17 14:40:10,B,1052.3,1,2
2021-06-17 14:40:10,B,1052.25,1,6
2021-06-17 14:40:10,B,1052.2,1,3
2021-06-17 14:40:10,B,1052.15,1,7
2021-06-17 14:40:10,B,1052.1,1,7
2021-06-17 14:40:12,S,1053.9,1,4
2021-06-17 14:40:12,S,1053.95,1,2
2021-06-17 14:40:12,S,1054.0,2,3
2021-06-17 14:40:12,S,1054.05,1,4
2021-06-17 14:40:12,S,1054.1,1,6
2021-06-17 14:40:12,B,1052.6,1,9
2021-06-17 14:40:12,B,1052.25,1,6
2021-06-17 14:40:12,B,1052.2,1,3
2021-06-17 14:40:12,B,1052.15,1,7
2021-06-17 14:40:12,B,1052.1,1,7
2021-06-17 14:40:15,S,1053.9,3,7
2021-06-17 14:40:15,S,1054.0,1,2
2021-06-17 14:40:15,S,1054.05,1,4
2021-06-17 14:40:15,S,1054.1,1,6
2021-06-17 14:40:15,S,1054.35,1,2
2021-06-17 14:40:15,B,1052.6,1,9
2021-06-17 14:40:15,B,1052.25,1,6
2021-06-17 14:40:15,B,1052.2,1,3
2021-06-17 14:40:15,B,1052.15,1,7
2021-06-17 14:40:15,B,1052.1,1,7
2021-06-17 14:40:18,S,1053.9,3,7
2021-06-17 14:40:18,S,1054.0,1,2
2021-06-17 14:40:18,S,1054.05,1,4
2021-06-17 14:40:18,S,1054.1,2,15
2021-06-17 14:40:18,S,1054.35,1,2
2021-06-17 14:40:18,B,1052.25,2,8
2021-06-17 14:40:18,B,1052.2,1,3
2021-06-17 14:40:18,B,1052.15,1,7
2021-06-17 14:40:18,B,1052.1,1,7
2021-06-17 14:40:18,B,1052.05,1,7
2021-06-17 14:40:21,S,1053.9,3,7
2021-06-17 14:40:21,S,1054.0,1,2
2021-06-17 14:40:21,S,1054.05,1,4
2021-06-17 14:40:21,S,1054.1,1,6
2021-06-17 14:40:21,S,1054.35,1,2
2021-06-17 14:40:21,B,1052.5,1,9
2021-06-17 14:40:21,B,1052.25,1,6
2021-06-17 14:40:21,B,1052.2,1,3
2021-06-17 14:40:21,B,1052.15,1,7
2021-06-17 14:40:21,B,1052.1,1,7
2021-06-17 14:40:22,S,1053.9,3,7
2021-06-17 14:40:22,S,1054.0,1,2
2021-06-17 14:40:22,S,1054.05,1,4
2021-06-17 14:40:22,S,1054.1,1,6
2021-06-17 14:40:22,S,1054.35,1,2
2021-06-17 14:40:22,B,1052.5,1,9
2021-06-17 14:40:22,B,1052.25,1,6
2021-06-17 14:40:22,B,1052.2,1,3
2021-06-17 14:40:22,B,1052.15,1,7
2021-06-17 14:40:22,B,1052.1,1,7
2021-06-17 14:40:22,S,1053.9,3,7
2021-06-17 14:40:22,S,1054.0,1,2
2021-06-17 14:40:22,S,1054.05,1,4
2021-06-17 14:40:22,S,1054.1,1,6
2021-06-17 14:40:22,S,1054.35,1,2
2021-06-17 14:40:22,B,1052.5,1,9
2021-06-17 14:40:22,B,1052.25,1,6
2021-06-17 14:40:22,B,1052.2,1,3
2021-06-17 14:40:22,B,1052.15,1,7
2021-06-17 14:40:22,B,1052.1,1,7
2021-06-17 14:40:23,S,1053.9,3,10
2021-06-17 14:40:23,S,1054.0,1,2
2021-06-17 14:40:23,S,1054.05,2,5
2021-06-17 14:40:23,S,1054.1,1,6
2021-06-17 14:40:23,S,1054.2,1,10
2021-06-17 14:40:23,B,1052.4,1,7
2021-06-17 14:40:23,B,1052.35,1,3
2021-06-17 14:40:23,B,1052.3,1,2
2021-06-17 14:40:23,B,1052.1,1,7
2021-06-17 14:40:23,B,1052.05,1,7
2021-06-17 14:40:24,S,1053.9,3,10
2021-06-17 14:40:24,S,1054.0,1,2
2021-06-17 14:40:24,S,1054.05,2,5
2021-06-17 14:40:24,S,1054.1,1,6
2021-06-17 14:40:24,S,1054.2,1,10
2021-06-17 14:40:24,B,1052.4,1,7
2021-06-17 14:40:24,B,1052.35,1,3
2021-06-17 14:40:24,B,1052.3,1,2
2021-06-17 14:40:24,B,1052.1,1,7
2021-06-17 14:40:24,B,1052.05,1,7
2021-06-17 14:40:25,S,1053.9,3,7
2021-06-17 14:40:25,S,1054.0,2,3
2021-06-17 14:40:25,S,1054.05,3,9
2021-06-17 14:40:25,S,1054.1,1,6
2021-06-17 14:40:25,S,1054.2,1,9
2021-06-17 14:40:25,B,1052.4,1,7
2021-06-17 14:40:25,B,1052.35,1,3
2021-06-17 14:40:25,B,1052.15,1,3
2021-06-17 14:40:25,B,1052.1,1,7
2021-06-17 14:40:25,B,1052.05,1,7
2021-06-17 14:40:28,S,1053.9,2,3
2021-06-17 14:40:28,S,1053.95,1,4
2021-06-17 14:40:28,S,1054.0,1,2
2021-06-17 14:40:28,S,1054.05,2,5
2021-06-17 14:40:28,S,1054.1,1,6
2021-06-17 14:40:28,B,1053.0,1,50
2021-06-17 14:40:28,B,1052.4,2,11
2021-06-17 14:40:28,B,1052.35,1,3
2021-06-17 14:40:28,B,1052.1,1,7
2021-06-17 14:40:28,B,1052.05,1,7
2021-06-17 14:40:34,S,1053.9,2,3
2021-06-17 14:40:34,S,1053.95,1,4
2021-06-17 14:40:34,S,1054.0,1,2
2021-06-17 14:40:34,S,1054.05,2,5
2021-06-17 14:40:34,S,1054.1,1,6
2021-06-17 14:40:34,B,1053.0,1,50
2021-06-17 14:40:34,B,1052.4,2,11
2021-06-17 14:40:34,B,1052.35,1,3
2021-06-17 14:40:34,B,1052.1,1,7
2021-06-17 14:40:34,B,1052.05,1,7
2021-06-17 14:40:36,S,1054.35,1,8
2021-06-17 14:40:36,S,1054.4,1,6
2021-06-17 14:40:36,S,1054.5,1,6
2021-06-17 14:40:36,S,1054.55,1,2
2021-06-17 14:40:36,S,1054.65,1,4
2021-06-17 14:40:36,B,1053.05,1,8
2021-06-17 14:40:36,B,1053.0,1,50
2021-06-17 14:40:36,B,1052.85,1,10
2021-06-17 14:40:36,B,1052.45,1,3
2021-06-17 14:40:36,B,1052.4,1,4
2021-06-17 14:40:38,S,1054.35,1,8
2021-06-17 14:40:38,S,1054.4,1,6
2021-06-17 14:40:38,S,1054.5,1,6
2021-06-17 14:40:38,S,1054.55,1,2
2021-06-17 14:40:38,S,1054.65,1,4
2021-06-17 14:40:38,B,1053.05,1,8
2021-06-17 14:40:38,B,1053.0,1,50
2021-06-17 14:40:38,B,1052.85,1,10
2021-06-17 14:40:38,B,1052.45,1,3
2021-06-17 14:40:38,B,1052.4,1,4
2021-06-17 14:40:54,S,1054.25,1,8
2021-06-17 14:40:54,S,1054.3,1,1
2021-06-17 14:40:54,S,1054.4,1,6
2021-06-17 14:40:54,S,1054.5,1,6
2021-06-17 14:40:54,S,1054.55,1,2
2021-06-17 14:40:54,B,1053.05,1,8
2021-06-17 14:40:54,B,1053.0,1,50
2021-06-17 14:40:54,B,1052.85,1,10
2021-06-17 14:40:54,B,1052.45,1,3
2021-06-17 14:40:54,B,1052.4,1,4
2021-06-17 14:40:57,S,1054.25,1,8
2021-06-17 14:40:57,S,1054.3,1,1
2021-06-17 14:40:57,S,1054.4,1,6
2021-06-17 14:40:57,S,1054.5,1,6
2021-06-17 14:40:57,S,1054.55,1,2
2021-06-17 14:40:57,B,1053.05,1,8
2021-06-17 14:40:57,B,1053.0,1,50
2021-06-17 14:40:57,B,1052.85,1,10
2021-06-17 14:40:57,B,1052.45,1,3
2021-06-17 14:40:57,B,1052.4,1,4
2021-06-17 14:40:59,S,1054.25,1,8
2021-06-17 14:40:59,S,1054.3,1,1
2021-06-17 14:40:59,S,1054.4,1,6
2021-06-17 14:40:59,S,1054.5,1,6
2021-06-17 14:40:59,S,1054.55,1,2
2021-06-17 14:40:59,B,1053.15,1,8
2021-06-17 14:40:59,B,1053.1,1,10
2021-06-17 14:40:59,B,1053.0,1,50
2021-06-17 14:40:59,B,1052.45,1,3
2021-06-17 14:40:59,B,1052.4,2,8
2021-06-17 14:41:02,S,1054.25,1,8
2021-06-17 14:41:02,S,1054.3,1,1
2021-06-17 14:41:02,S,1054.35,1,6
2021-06-17 14:41:02,S,1054.4,1,6
2021-06-17 14:41:02,S,1054.5,1,6
2021-06-17 14:41:02,B,1053.05,1,8
2021-06-17 14:41:02,B,1053.0,1,50
2021-06-17 14:41:02,B,1052.45,2,4
2021-06-17 14:41:02,B,1052.4,1,4
2021-06-17 14:41:02,B,1052.15,1,4
2021-06-17 14:41:04,S,1054.25,1,8
2021-06-17 14:41:04,S,1054.3,1,1
2021-06-17 14:41:04,S,1054.35,1,6
2021-06-17 14:41:04,S,1054.4,1,6
2021-06-17 14:41:04,S,1054.5,1,6
2021-06-17 14:41:04,B,1053.05,1,8
2021-06-17 14:41:04,B,1053.0,1,50
2021-06-17 14:41:04,B,1052.8,1,10
2021-06-17 14:41:04,B,1052.45,2,4
2021-06-17 14:41:04,B,1052.4,1,4
2021-06-17 14:41:25,S,1054.25,1,8
2021-06-17 14:41:25,S,1054.3,1,1
2021-06-17 14:41:25,S,1054.35,1,6
2021-06-17 14:41:25,S,1054.4,1,6
2021-06-17 14:41:25,S,1054.5,1,6
2021-06-17 14:41:25,B,1053.05,1,8
2021-06-17 14:41:25,B,1053.0,1,50
2021-06-17 14:41:25,B,1052.8,1,10
2021-06-17 14:41:25,B,1052.45,2,4
2021-06-17 14:41:25,B,1052.4,1,4
2021-06-17 14:41:27,S,1054.25,1,6
2021-06-17 14:41:27,S,1054.3,1,1
2021-06-17 14:41:27,S,1054.35,1,6
2021-06-17 14:41:27,S,1054.4,1,6
2021-06-17 14:41:27,S,1054.5,1,6
2021-06-17 14:41:27,B,1053.05,1,8
2021-06-17 14:41:27,B,1053.0,1,50
2021-06-17 14:41:27,B,1052.65,2,10
2021-06-17 14:41:27,B,1052.45,2,4
2021-06-17 14:41:27,B,1052.4,1,4
2021-06-17 14:41:43,S,1054.25,1,6
2021-06-17 14:41:43,S,1054.3,1,1
2021-06-17 14:41:43,S,1054.35,1,6
2021-06-17 14:41:43,S,1054.4,1,6
2021-06-17 14:41:43,S,1054.5,1,6
2021-06-17 14:41:43,B,1053.05,1,8
2021-06-17 14:41:43,B,1053.0,1,50
2021-06-17 14:41:43,B,1052.65,2,10
2021-06-17 14:41:43,B,1052.45,2,4
2021-06-17 14:41:43,B,1052.4,1,4
2021-06-17 14:41:43,S,1054.45,1,10
2021-06-17 14:41:43,S,1054.7,1,7
2021-06-17 14:41:43,S,1054.75,3,23
2021-06-17 14:41:43,S,1054.8,2,18
2021-06-17 14:41:43,S,1054.9,1,165
2021-06-17 14:41:43,B,1053.05,1,8
2021-06-17 14:41:43,B,1053.0,1,50
2021-06-17 14:41:43,B,1052.65,2,10
2021-06-17 14:41:43,B,1052.5,1,8
2021-06-17 14:41:43,B,1052.45,2,4
2021-06-17 14:41:48,S,1054.45,1,10
2021-06-17 14:41:48,S,1054.7,1,7
2021-06-17 14:41:48,S,1054.75,3,23
2021-06-17 14:41:48,S,1054.8,2,18
2021-06-17 14:41:48,S,1054.9,1,165
2021-06-17 14:41:48,B,1053.05,1,8
2021-06-17 14:41:48,B,1053.0,1,50
2021-06-17 14:41:48,B,1052.65,2,10
2021-06-17 14:41:48,B,1052.5,1,8
2021-06-17 14:41:48,B,1052.45,2,4
2021-06-17 14:41:51,S,1054.45,2,13
2021-06-17 14:41:51,S,1054.7,1,7
2021-06-17 14:41:51,S,1054.75,4,33
2021-06-17 14:41:51,S,1054.8,1,9
2021-06-17 14:41:51,S,1054.9,1,165
2021-06-17 14:41:51,B,1053.15,1,8
2021-06-17 14:41:51,B,1053.1,1,9
2021-06-17 14:41:51,B,1053.0,1,50
2021-06-17 14:41:51,B,1052.5,1,8
2021-06-17 14:41:51,B,1052.4,1,4
2021-06-17 14:41:53,S,1054.45,2,5
2021-06-17 14:41:53,S,1054.7,3,17
2021-06-17 14:41:53,S,1054.8,1,9
2021-06-17 14:41:53,S,1054.85,1,6
2021-06-17 14:41:53,S,1054.9,1,165
2021-06-17 14:41:53,B,1053.1,1,8
2021-06-17 14:41:53,B,1053.05,1,9
2021-06-17 14:41:53,B,1053.0,1,3
2021-06-17 14:41:53,B,1052.4,2,5
2021-06-17 14:41:53,B,1052.1,1,7
2021-06-17 14:41:55,S,1054.45,2,5
2021-06-17 14:41:55,S,1054.7,2,8
2021-06-17 14:41:55,S,1054.8,1,9
2021-06-17 14:41:55,S,1054.85,1,6
2021-06-17 14:41:55,S,1054.9,2,175
2021-06-17 14:41:55,B,1053.2,1,8
2021-06-17 14:41:55,B,1053.15,1,10
2021-06-17 14:41:55,B,1052.45,2,4
2021-06-17 14:41:55,B,1052.4,2,5
2021-06-17 14:41:55,B,1052.1,1,7
2021-06-17 14:42:00,S,1054.4,1,9
2021-06-17 14:42:00,S,1054.5,2,26
2021-06-17 14:42:00,S,1054.55,2,5
2021-06-17 14:42:00,S,1054.7,2,8
2021-06-17 14:42:00,S,1054.75,1,9
2021-06-17 14:42:00,B,1052.75,1,8
2021-06-17 14:42:00,B,1052.7,1,4
2021-06-17 14:42:00,B,1052.65,1,10
2021-06-17 14:42:00,B,1052.4,1,4
2021-06-17 14:42:00,B,1052.1,1,7
2021-06-17 14:42:04,S,1054.4,1,9
2021-06-17 14:42:04,S,1054.45,1,11
2021-06-17 14:42:04,S,1054.5,2,26
2021-06-17 14:42:04,S,1054.55,2,5
2021-06-17 14:42:04,S,1054.7,2,8
2021-06-17 14:42:04,B,1052.75,1,8
2021-06-17 14:42:04,B,1052.7,1,4
2021-06-17 14:42:04,B,1052.5,1,9
2021-06-17 14:42:04,B,1052.4,1,4
2021-06-17 14:42:04,B,1052.15,1,3
2021-06-17 14:42:16,S,1054.05,1,10
2021-06-17 14:42:16,S,1054.35,1,6
2021-06-17 14:42:16,S,1054.4,2,301
2021-06-17 14:42:16,S,1054.45,2,12
2021-06-17 14:42:16,S,1054.5,2,26
2021-06-17 14:42:16,B,1052.45,1,8
2021-06-17 14:42:16,B,1052.4,1,4
2021-06-17 14:42:16,B,1052.3,2,11
2021-06-17 14:42:16,B,1052.25,1,9
2021-06-17 14:42:16,B,1052.1,1,7
2021-06-17 14:42:19,S,1054.05,1,10
2021-06-17 14:42:19,S,1054.35,1,6
2021-06-17 14:42:19,S,1054.4,2,301
2021-06-17 14:42:19,S,1054.45,2,12
2021-06-17 14:42:19,S,1054.5,2,26
2021-06-17 14:42:19,B,1052.45,1,8
2021-06-17 14:42:19,B,1052.4,1,4
2021-06-17 14:42:19,B,1052.3,2,11
2021-06-17 14:42:19,B,1052.25,1,9
2021-06-17 14:42:19,B,1052.1,1,7
2021-06-17 14:42:20,S,1054.6,1,7
2021-06-17 14:42:20,S,1054.8,1,6
2021-06-17 14:42:20,S,1054.85,1,3
2021-06-17 14:42:20,S,1054.9,1,165
2021-06-17 14:42:20,S,1055.0,1,2
2021-06-17 14:42:20,B,1053.5,1,8
2021-06-17 14:42:20,B,1053.45,1,10
2021-06-17 14:42:20,B,1053.35,1,10
2021-06-17 14:42:20,B,1053.05,1,10
2021-06-17 14:42:20,B,1052.9,1,4
2021-06-17 14:42:34,S,1054.6,1,7
2021-06-17 14:42:34,S,1054.8,1,6
2021-06-17 14:42:34,S,1054.85,1,3
2021-06-17 14:42:34,S,1054.9,1,165
2021-06-17 14:42:34,S,1055.0,1,2
2021-06-17 14:42:34,B,1053.5,1,8
2021-06-17 14:42:34,B,1053.45,1,10
2021-06-17 14:42:34,B,1053.35,1,10
2021-06-17 14:42:34,B,1053.05,1,10
2021-06-17 14:42:34,B,1052.9,1,4
2021-06-17 14:42:35,S,1054.8,1,3
2021-06-17 14:42:35,S,1054.85,1,3
2021-06-17 14:42:35,S,1054.9,1,165
2021-06-17 14:42:35,S,1055.0,1,2
2021-06-17 14:42:35,S,1055.35,1,12
2021-06-17 14:42:35,B,1052.95,1,8
2021-06-17 14:42:35,B,1052.9,2,5
2021-06-17 14:42:35,B,1052.75,2,13
2021-06-17 14:42:35,B,1052.55,1,6
2021-06-17 14:42:35,B,1052.5,1,13
2021-06-17 14:42:37,S,1054.8,1,3
2021-06-17 14:42:37,S,1054.85,1,3
2021-06-17 14:42:37,S,1054.9,1,165
2021-06-17 14:42:37,S,1055.0,2,6
2021-06-17 14:42:37,S,1055.05,1,9
2021-06-17 14:42:37,B,1052.95,1,8
2021-06-17 14:42:37,B,1052.9,2,5
2021-06-17 14:42:37,B,1052.8,2,7
2021-06-17 14:42:37,B,1052.75,2,13
2021-06-17 14:42:37,B,1052.5,1,13
2021-06-17 14:42:40,S,1054.8,1,3
2021-06-17 14:42:40,S,1054.85,1,3
2021-06-17 14:42:40,S,1054.9,1,165
2021-06-17 14:42:40,S,1055.0,2,6
2021-06-17 14:42:40,S,1055.05,1,9
2021-06-17 14:42:40,B,1053.35,1,8
2021-06-17 14:42:40,B,1053.3,1,10
2021-06-17 14:42:40,B,1052.95,1,1
2021-06-17 14:42:40,B,1052.9,2,5
2021-06-17 14:42:40,B,1052.8,2,7
2021-06-17 14:42:46,S,1054.8,1,3
2021-06-17 14:42:46,S,1054.85,1,3
2021-06-17 14:42:46,S,1054.9,1,165
2021-06-17 14:42:46,S,1055.0,3,31
2021-06-17 14:42:46,S,1055.05,1,9
2021-06-17 14:42:46,B,1053.35,1,8
2021-06-17 14:42:46,B,1053.3,2,11
2021-06-17 14:42:46,B,1052.95,1,1
2021-06-17 14:42:46,B,1052.9,2,5
2021-06-17 14:42:46,B,1052.8,2,7
2021-06-17 14:42:48,S,1054.8,1,3
2021-06-17 14:42:48,S,1054.85,1,3
2021-06-17 14:42:48,S,1054.9,1,165
2021-06-17 14:42:48,S,1054.95,1,9
2021-06-17 14:42:48,S,1055.0,2,27
2021-06-17 14:42:48,B,1053.15,1,8
2021-06-17 14:42:48,B,1053.1,2,10
2021-06-17 14:42:48,B,1053.0,1,1
2021-06-17 14:42:48,B,1052.9,2,5
2021-06-17 14:42:48,B,1052.8,2,7
2021-06-17 14:42:50,S,1054.8,1,3
2021-06-17 14:42:50,S,1054.85,1,3
2021-06-17 14:42:50,S,1054.9,1,165
2021-06-17 14:42:50,S,1054.95,1,9
2021-06-17 14:42:50,S,1055.0,2,27
2021-06-17 14:42:50,B,1053.15,1,8
2021-06-17 14:42:50,B,1053.1,2,10
2021-06-17 14:42:50,B,1053.0,1,1
2021-06-17 14:42:50,B,1052.9,2,5
2021-06-17 14:42:50,B,1052.8,2,7
2021-06-17 14:42:56,S,1054.75,2,11
2021-06-17 14:42:56,S,1054.8,2,12
2021-06-17 14:42:56,S,1054.85,1,3
2021-06-17 14:42:56,S,1054.9,1,165
2021-06-17 14:42:56,S,1055.0,2,27
2021-06-17 14:42:56,B,1053.25,1,8
2021-06-17 14:42:56,B,1053.2,2,10
2021-06-17 14:42:56,B,1052.9,2,5
2021-06-17 14:42:56,B,1052.8,2,7
2021-06-17 14:42:56,B,1052.75,2,13
2021-06-17 14:42:58,S,1054.75,2,11
2021-06-17 14:42:58,S,1054.8,2,12
2021-06-17 14:42:58,S,1054.85,1,3
2021-06-17 14:42:58,S,1054.9,1,165
2021-06-17 14:42:58,S,1055.0,2,27
2021-06-17 14:42:58,B,1052.95,1,8
2021-06-17 14:42:58,B,1052.9,2,5
2021-06-17 14:42:58,B,1052.85,2,11
2021-06-17 14:42:58,B,1052.8,2,7
2021-06-17 14:42:58,B,1052.75,2,13
2021-06-17 14:43:04,S,1053.85,1,8
2021-06-17 14:43:04,S,1053.9,1,10
2021-06-17 14:43:04,S,1054.15,1,12
2021-06-17 14:43:04,S,1054.45,2,12
2021-06-17 14:43:04,S,1054.65,1,9
2021-06-17 14:43:04,B,1052.6,1,6
2021-06-17 14:43:04,B,1052.55,1,4
2021-06-17 14:43:04,B,1052.15,2,11
2021-06-17 14:43:04,B,1052.1,1,7
2021-06-17 14:43:04,B,1052.0,1,3
2021-06-17 14:43:06,S,1053.85,1,8
2021-06-17 14:43:06,S,1053.9,1,10
2021-06-17 14:43:06,S,1054.15,1,12
2021-06-17 14:43:06,S,1054.35,1,4
2021-06-17 14:43:06,S,1054.45,2,12
2021-06-17 14:43:06,B,1052.6,1,6
2021-06-17 14:43:06,B,1052.55,1,4
2021-06-17 14:43:06,B,1052.2,2,10
2021-06-17 14:43:06,B,1052.15,2,11
2021-06-17 14:43:06,B,1052.1,1,7
2021-06-17 14:43:13,S,1053.85,1,8
2021-06-17 14:43:13,S,1053.9,1,10
2021-06-17 14:43:13,S,1054.15,1,12
2021-06-17 14:43:13,S,1054.35,1,4
2021-06-17 14:43:13,S,1054.45,2,12
2021-06-17 14:43:13,B,1052.6,1,6
2021-06-17 14:43:13,B,1052.55,2,5
2021-06-17 14:43:13,B,1052.2,2,10
2021-06-17 14:43:13,B,1052.15,2,11
2021-06-17 14:43:13,B,1052.1,1,7
2021-06-17 14:43:18,S,1054.2,1,8
2021-06-17 14:43:18,S,1054.25,1,10
2021-06-17 14:43:18,S,1054.35,1,4
2021-06-17 14:43:18,S,1054.45,1,11
2021-06-17 14:43:18,S,1054.75,2,13
2021-06-17 14:43:18,B,1052.6,1,6
2021-06-17 14:43:18,B,1052.55,2,5
2021-06-17 14:43:18,B,1052.2,2,10
2021-06-17 14:43:18,B,1052.15,2,11
2021-06-17 14:43:18,B,1052.1,1,7
2021-06-17 14:43:25,S,1054.0,1,8
2021-06-17 14:43:25,S,1054.05,1,9
2021-06-17 14:43:25,S,1054.35,2,5
2021-06-17 14:43:25,S,1054.45,1,11
2021-06-17 14:43:25,S,1054.75,2,13
2021-06-17 14:43:25,B,1052.6,1,6
2021-06-17 14:43:25,B,1052.55,1,4
2021-06-17 14:43:25,B,1052.2,2,10
2021-06-17 14:43:25,B,1052.15,2,11
2021-06-17 14:43:25,B,1052.1,1,7
2021-06-17 14:43:27,S,1054.3,1,8
2021-06-17 14:43:27,S,1054.35,1,4
2021-06-17 14:43:27,S,1054.45,2,12
2021-06-17 14:43:27,S,1054.75,2,13
2021-06-17 14:43:27,S,1054.8,1,9
2021-06-17 14:43:27,B,1052.6,1,6
2021-06-17 14:43:27,B,1052.55,1,4
2021-06-17 14:43:27,B,1052.2,2,10
2021-06-17 14:43:27,B,1052.15,2,11
2021-06-17 14:43:27,B,1052.1,1,7
2021-06-17 14:43:30,S,1054.3,1,8
2021-06-17 14:43:30,S,1054.35,1,4
2021-06-17 14:43:30,S,1054.4,1,9
2021-06-17 14:43:30,S,1054.45,1,11
2021-06-17 14:43:30,S,1054.75,2,13
2021-06-17 14:43:30,B,1052.65,1,6
2021-06-17 14:43:30,B,1052.6,1,9
2021-06-17 14:43:30,B,1052.55,2,5
2021-06-17 14:43:30,B,1052.2,2,10
2021-06-17 14:43:30,B,1052.15,2,11
2021-06-17 14:43:33,S,1054.3,1,8
2021-06-17 14:43:33,S,1054.35,1,4
2021-06-17 14:43:33,S,1054.75,3,23
2021-06-17 14:43:33,S,1054.8,1,9
2021-06-17 14:43:33,S,1054.85,1,3
2021-06-17 14:43:33,B,1053.15,1,6
2021-06-17 14:43:33,B,1053.1,1,9
2021-06-17 14:43:33,B,1052.6,2,10
2021-06-17 14:43:33,B,1052.55,2,5
2021-06-17 14:43:33,B,1052.15,2,11
2021-06-17 14:43:36,S,1054.5,1,8
2021-06-17 14:43:36,S,1054.55,1,10
2021-06-17 14:43:36,S,1054.75,2,13
2021-06-17 14:43:36,S,1054.8,1,9
2021-06-17 14:43:36,S,1054.85,1,3
2021-06-17 14:43:36,B,1052.9,1,6
2021-06-17 14:43:36,B,1052.85,1,9
2021-06-17 14:43:36,B,1052.6,2,10
2021-06-17 14:43:36,B,1052.55,2,5
2021-06-17 14:43:36,B,1052.15,2,11
2021-06-17 14:43:39,S,1054.5,1,8
2021-06-17 14:43:39,S,1054.55,1,10
2021-06-17 14:43:39,S,1054.75,1,3
2021-06-17 14:43:39,S,1054.8,1,9
2021-06-17 14:43:39,S,1054.85,1,3
2021-06-17 14:43:39,B,1052.85,1,6
2021-06-17 14:43:39,B,1052.8,1,10
2021-06-17 14:43:39,B,1052.6,2,10
2021-06-17 14:43:39,B,1052.55,2,5
2021-06-17 14:43:39,B,1052.5,1,4
2021-06-17 14:43:42,S,1054.5,1,8
2021-06-17 14:43:42,S,1054.55,1,10
2021-06-17 14:43:42,S,1054.75,1,3
2021-06-17 14:43:42,S,1054.8,1,9
2021-06-17 14:43:42,S,1054.85,1,3
2021-06-17 14:43:42,B,1052.85,1,6
2021-06-17 14:43:42,B,1052.8,1,10
2021-06-17 14:43:42,B,1052.6,2,10
2021-06-17 14:43:42,B,1052.55,2,5
2021-06-17 14:43:42,B,1052.5,1,4
2021-06-17 14:43:49,S,1054.5,1,8
2021-06-17 14:43:49,S,1054.55,1,10
2021-06-17 14:43:49,S,1054.75,1,3
2021-06-17 14:43:49,S,1054.8,1,9
2021-06-17 14:43:49,S,1054.85,1,3
2021-06-17 14:43:49,B,1052.85,1,6
2021-06-17 14:43:49,B,1052.8,1,10
2021-06-17 14:43:49,B,1052.6,2,10
2021-06-17 14:43:49,B,1052.55,2,5
2021-06-17 14:43:49,B,1052.5,1,4
2021-06-17 14:43:51,S,1054.1,1,8
2021-06-17 14:43:51,S,1054.15,1,10
2021-06-17 14:43:51,S,1054.65,2,5
2021-06-17 14:43:51,S,1054.75,3,16
2021-06-17 14:43:51,S,1054.8,1,9
2021-06-17 14:43:51,B,1052.6,1,6
2021-06-17 14:43:51,B,1052.55,2,5
2021-06-17 14:43:51,B,1052.5,2,5
2021-06-17 14:43:51,B,1052.4,1,9
2021-06-17 14:43:51,B,1052.15,2,11
2021-06-17 14:43:56,S,1054.1,1,8
2021-06-17 14:43:56,S,1054.15,1,10
2021-06-17 14:43:56,S,1054.65,2,5
2021-06-17 14:43:56,S,1054.75,3,16
2021-06-17 14:43:56,S,1054.8,1,9
2021-06-17 14:43:56,B,1052.6,1,6
2021-06-17 14:43:56,B,1052.55,2,5
2021-06-17 14:43:56,B,1052.5,2,5
2021-06-17 14:43:56,B,1052.4,1,9
2021-06-17 14:43:56,B,1052.15,2,11
2021-06-17 14:44:01,S,1054.1,1,8
2021-06-17 14:44:01,S,1054.15,1,10
2021-06-17 14:44:01,S,1054.65,2,5
2021-06-17 14:44:01,S,1054.75,3,16
2021-06-17 14:44:01,S,1054.8,1,9
2021-06-17 14:44:01,B,1052.6,1,6
2021-06-17 14:44:01,B,1052.55,1,4
2021-06-17 14:44:01,B,1052.5,2,5
2021-06-17 14:44:01,B,1052.4,1,9
2021-06-17 14:44:01,B,1052.15,2,11
2021-06-17 14:44:03,S,1053.8,1,8
2021-06-17 14:44:03,S,1053.85,1,10
2021-06-17 14:44:03,S,1054.15,2,12
2021-06-17 14:44:03,S,1054.4,2,5
2021-06-17 14:44:03,S,1054.45,2,11
2021-06-17 14:44:03,B,1052.25,2,9
2021-06-17 14:44:03,B,1052.2,1,4
2021-06-17 14:44:03,B,1052.15,1,6
2021-06-17 14:44:03,B,1052.1,2,16
2021-06-17 14:44:03,B,1051.95,1,50
2021-06-17 14:44:11,S,1053.8,1,8
2021-06-17 14:44:11,S,1053.85,1,10
2021-06-17 14:44:11,S,1054.05,2,5
2021-06-17 14:44:11,S,1054.15,2,12
2021-06-17 14:44:11,S,1054.4,2,5
2021-06-17 14:44:11,B,1052.25,2,9
2021-06-17 14:44:11,B,1052.2,1,4
2021-06-17 14:44:11,B,1052.15,2,12
2021-06-17 14:44:11,B,1052.1,2,16
2021-06-17 14:44:11,B,1051.95,1,50
2021-06-17 14:44:13,S,1054.0,1,8
2021-06-17 14:44:13,S,1054.05,2,5
2021-06-17 14:44:13,S,1054.15,3,21
2021-06-17 14:44:13,S,1054.4,2,5
2021-06-17 14:44:13,S,1054.45,2,11
2021-06-17 14:44:13,B,1053.0,2,6
2021-06-17 14:44:13,B,1052.45,2,8
2021-06-17 14:44:13,B,1052.4,1,2
2021-06-17 14:44:13,B,1052.3,2,11
2021-06-17 14:44:13,B,1052.15,1,6
2021-06-17 14:44:19,S,1054.0,1,8
2021-06-17 14:44:19,S,1054.05,2,5
2021-06-17 14:44:19,S,1054.15,3,21
2021-06-17 14:44:19,S,1054.4,2,5
2021-06-17 14:44:19,S,1054.45,2,11
2021-06-17 14:44:19,B,1053.0,2,6
2021-06-17 14:44:19,B,1052.45,2,8
2021-06-17 14:44:19,B,1052.4,1,2
2021-06-17 14:44:19,B,1052.3,2,11
2021-06-17 14:44:19,B,1052.15,1,6
2021-06-17 14:44:20,S,1054.0,1,8
2021-06-17 14:44:20,S,1054.05,2,5
2021-06-17 14:44:20,S,1054.2,2,11
2021-06-17 14:44:20,S,1054.45,2,11
2021-06-17 14:44:20,S,1054.65,2,5
2021-06-17 14:44:20,B,1053.0,1,1
2021-06-17 14:44:20,B,1052.45,2,8
2021-06-17 14:44:20,B,1052.4,1,2
2021-06-17 14:44:20,B,1052.3,1,7
2021-06-17 14:44:20,B,1052.15,1,6
2021-06-17 14:44:25,S,1054.0,1,8
2021-06-17 14:44:25,S,1054.05,2,5
2021-06-17 14:44:25,S,1054.2,2,11
2021-06-17 14:44:25,S,1054.45,2,11
2021-06-17 14:44:25,S,1054.65,2,5
2021-06-17 14:44:25,B,1053.0,1,1
2021-06-17 14:44:25,B,1052.45,2,8
2021-06-17 14:44:25,B,1052.4,1,2
2021-06-17 14:44:25,B,1052.3,1,7
2021-06-17 14:44:25,B,1052.15,1,6
2021-06-17 14:44:30,S,1054.0,2,9
2021-06-17 14:44:30,S,1054.05,2,5
2021-06-17 14:44:30,S,1054.15,2,2
2021-06-17 14:44:30,S,1054.2,2,11
2021-06-17 14:44:30,S,1054.45,2,11
2021-06-17 14:44:30,B,1053.0,1,1
2021-06-17 14:44:30,B,1052.45,2,8
2021-06-17 14:44:30,B,1052.4,1,2
2021-06-17 14:44:30,B,1052.3,1,7
2021-06-17 14:44:30,B,1052.15,1,6
2021-06-17 14:44:33,S,1054.0,2,9
2021-06-17 14:44:33,S,1054.05,2,5
2021-06-17 14:44:33,S,1054.15,2,2
2021-06-17 14:44:33,S,1054.2,2,11
2021-06-17 14:44:33,S,1054.45,2,11
2021-06-17 14:44:33,B,1053.0,1,1
2021-06-17 14:44:33,B,1052.45,2,8
2021-06-17 14:44:33,B,1052.4,1,2
2021-06-17 14:44:33,B,1052.3,1,7
2021-06-17 14:44:33,B,1052.15,1,6
2021-06-17 14:44:37,S,1054.0,2,9
2021-06-17 14:44:37,S,1054.05,2,5
2021-06-17 14:44:37,S,1054.15,2,2
2021-06-17 14:44:37,S,1054.2,2,11
2021-06-17 14:44:37,S,1054.45,2,11
2021-06-17 14:44:37,B,1053.0,1,1
2021-06-17 14:44:37,B,1052.45,2,8
2021-06-17 14:44:37,B,1052.4,1,2
2021-06-17 14:44:37,B,1052.3,1,7
2021-06-17 14:44:37,B,1052.15,1,6
2021-06-17 14:44:40,S,1053.75,1,8
2021-06-17 14:44:40,S,1053.8,1,10
2021-06-17 14:44:40,S,1054.0,1,1
2021-06-17 14:44:40,S,1054.05,2,5
2021-06-17 14:44:40,S,1054.15,2,2
2021-06-17 14:44:40,B,1053.0,1,1
2021-06-17 14:44:40,B,1052.45,2,8
2021-06-17 14:44:40,B,1052.4,1,2
2021-06-17 14:44:40,B,1052.3,1,7
2021-06-17 14:44:40,B,1052.1,1,7
2021-06-17 14:45:07,S,1053.95,1,8
2021-06-17 14:45:07,S,1054.0,1,1
2021-06-17 14:45:07,S,1054.05,2,5
2021-06-17 14:45:07,S,1054.15,3,11
2021-06-17 14:45:07,S,1054.45,2,11
2021-06-17 14:45:07,B,1053.0,1,1
2021-06-17 14:45:07,B,1052.45,2,8
2021-06-17 14:45:07,B,1052.4,1,2
2021-06-17 14:45:07,B,1052.35,1,9
2021-06-17 14:45:07,B,1052.3,1,7
2021-06-17 14:45:10,S,1053.95,1,8
2021-06-17 14:45:10,S,1054.0,1,1
2021-06-17 14:45:10,S,1054.05,2,5
2021-06-17 14:45:10,S,1054.15,2,2
2021-06-17 14:45:10,S,1054.3,1,10
2021-06-17 14:45:10,B,1053.0,1,1
2021-06-17 14:45:10,B,1052.6,1,6
2021-06-17 14:45:10,B,1052.55,1,10
2021-06-17 14:45:10,B,1052.45,1,2
2021-06-17 14:45:10,B,1052.4,1,2
2021-06-17 14:45:13,S,1053.95,1,8
2021-06-17 14:45:13,S,1054.0,1,1
2021-06-17 14:45:13,S,1054.05,2,5
2021-06-17 14:45:13,S,1054.15,2,2
2021-06-17 14:45:13,S,1054.3,1,10
2021-06-17 14:45:13,B,1053.0,1,1
2021-06-17 14:45:13,B,1052.7,1,6
2021-06-17 14:45:13,B,1052.65,1,9
2021-06-17 14:45:13,B,1052.45,1,2
2021-06-17 14:45:13,B,1052.4,1,2
2021-06-17 14:45:15,S,1054.0,1,1
2021-06-17 14:45:15,S,1054.1,1,8
2021-06-17 14:45:15,S,1054.15,1,1
2021-06-17 14:45:15,S,1054.45,2,11
2021-06-17 14:45:15,S,1054.65,2,5
2021-06-17 14:45:15,B,1053.05,1,6
2021-06-17 14:45:15,B,1053.0,3,13
2021-06-17 14:45:15,B,1052.65,1,9
2021-06-17 14:45:15,B,1052.45,1,2
2021-06-17 14:45:15,B,1052.4,1,2
2021-06-17 14:45:18,S,1054.0,1,1
2021-06-17 14:45:18,S,1054.1,1,8
2021-06-17 14:45:18,S,1054.15,1,1
2021-06-17 14:45:18,S,1054.45,2,11
2021-06-17 14:45:18,S,1054.6,1,10
2021-06-17 14:45:18,B,1053.05,1,6
2021-06-17 14:45:18,B,1053.0,3,13
2021-06-17 14:45:18,B,1052.65,1,9
2021-06-17 14:45:18,B,1052.45,1,2
2021-06-17 14:45:18,B,1052.4,1,2
2021-06-17 14:45:40,S,1054.0,1,1
2021-06-17 14:45:40,S,1054.1,1,8
2021-06-17 14:45:40,S,1054.15,1,1
2021-06-17 14:45:40,S,1054.45,2,11
2021-06-17 14:45:40,S,1054.6,1,10
2021-06-17 14:45:40,B,1053.05,1,6
2021-06-17 14:45:40,B,1053.0,3,13
2021-06-17 14:45:40,B,1052.65,1,9
2021-06-17 14:45:40,B,1052.45,1,2
2021-06-17 14:45:40,B,1052.4,1,2
2021-06-17 14:45:42,S,1054.0,1,1
2021-06-17 14:45:42,S,1054.1,1,8
2021-06-17 14:45:42,S,1054.15,1,1
2021-06-17 14:45:42,S,1054.45,2,11
2021-06-17 14:45:42,S,1054.6,1,10
2021-06-17 14:45:42,B,1053.05,1,6
2021-06-17 14:45:42,B,1053.0,4,23
2021-06-17 14:45:42,B,1052.65,1,9
2021-06-17 14:45:42,B,1052.45,1,2
2021-06-17 14:45:42,B,1052.4,1,2
2021-06-17 14:45:49,S,1054.0,1,1
2021-06-17 14:45:49,S,1054.1,1,8
2021-06-17 14:45:49,S,1054.15,1,1
2021-06-17 14:45:49,S,1054.45,2,11
2021-06-17 14:45:49,S,1054.6,1,10
2021-06-17 14:45:49,B,1053.05,1,6
2021-06-17 14:45:49,B,1053.0,4,23
2021-06-17 14:45:49,B,1052.65,1,9
2021-06-17 14:45:49,B,1052.45,1,2
2021-06-17 14:45:49,B,1052.4,1,2
2021-06-17 14:45:55,S,1054.0,1,1
2021-06-17 14:45:55,S,1054.1,1,8
2021-06-17 14:45:55,S,1054.15,1,1
2021-06-17 14:45:55,S,1054.45,1,10
2021-06-17 14:45:55,S,1054.65,2,5
2021-06-17 14:45:55,B,1053.05,1,6
2021-06-17 14:45:55,B,1053.0,5,24
2021-06-17 14:45:55,B,1052.7,1,4
2021-06-17 14:45:55,B,1052.65,1,9
2021-06-17 14:45:55,B,1052.4,1,2
2021-06-17 14:46:00,S,1054.0,1,1
2021-06-17 14:46:00,S,1054.1,1,8
2021-06-17 14:46:00,S,1054.15,1,1
2021-06-17 14:46:00,S,1054.45,1,10
2021-06-17 14:46:00,S,1054.65,2,5
2021-06-17 14:46:00,B,1053.05,1,6
2021-06-17 14:46:00,B,1053.0,5,24
2021-06-17 14:46:00,B,1052.7,1,4
2021-06-17 14:46:00,B,1052.65,1,9
2021-06-17 14:46:00,B,1052.4,1,2
2021-06-17 14:46:06,S,1054.0,1,1
2021-06-17 14:46:06,S,1054.15,1,1
2021-06-17 14:46:06,S,1054.6,1,8
2021-06-17 14:46:06,S,1054.65,2,5
2021-06-17 14:46:06,S,1054.75,4,26
2021-06-17 14:46:06,B,1053.15,1,6
2021-06-17 14:46:06,B,1053.1,1,9
2021-06-17 14:46:06,B,1053.05,1,1
2021-06-17 14:46:06,B,1053.0,5,24
2021-06-17 14:46:06,B,1052.45,2,13
2021-06-17 14:46:08,S,1054.0,1,1
2021-06-17 14:46:08,S,1054.15,1,1
2021-06-17 14:46:08,S,1054.6,1,8
2021-06-17 14:46:08,S,1054.65,2,5
2021-06-17 14:46:08,S,1054.75,4,26
2021-06-17 14:46:08,B,1053.15,1,6
2021-06-17 14:46:08,B,1053.1,1,9
2021-06-17 14:46:08,B,1053.05,1,1
2021-06-17 14:46:08,B,1053.0,5,24
2021-06-17 14:46:08,B,1052.45,2,13
2021-06-17 14:46:09,S,1054.8,1,2
2021-06-17 14:46:09,S,1054.85,1,3
2021-06-17 14:46:09,S,1054.9,1,165
2021-06-17 14:46:09,S,1055.0,3,32
2021-06-17 14:46:09,S,1055.1,1,4
2021-06-17 14:46:09,B,1053.75,1,10
2021-06-17 14:46:09,B,1053.35,2,9
2021-06-17 14:46:09,B,1053.05,1,6
2021-06-17 14:46:09,B,1053.0,6,27
2021-06-17 14:46:09,B,1052.8,1,16
2021-06-17 14:46:13,S,1054.8,1,2
2021-06-17 14:46:13,S,1054.85,1,3
2021-06-17 14:46:13,S,1054.9,1,165
2021-06-17 14:46:13,S,1055.0,3,32
2021-06-17 14:46:13,S,1055.1,1,4
2021-06-17 14:46:13,B,1053.75,1,10
2021-06-17 14:46:13,B,1053.35,2,9
2021-06-17 14:46:13,B,1053.05,4,35
2021-06-17 14:46:13,B,1053.0,6,27
2021-06-17 14:46:13,B,1052.75,1,11
2021-06-17 14:46:16,S,1054.8,1,2
2021-06-17 14:46:16,S,1054.85,1,3
2021-06-17 14:46:16,S,1054.9,1,165
2021-06-17 14:46:16,S,1055.0,3,32
2021-06-17 14:46:16,S,1055.1,1,4
2021-06-17 14:46:16,B,1053.75,1,10
2021-06-17 14:46:16,B,1053.35,2,9
2021-06-17 14:46:16,B,1053.05,4,35
2021-06-17 14:46:16,B,1053.0,6,27
2021-06-17 14:46:16,B,1052.75,1,11
2021-06-17 14:46:19,S,1054.8,1,2
2021-06-17 14:46:19,S,1054.85,1,3
2021-06-17 14:46:19,S,1054.9,1,165
2021-06-17 14:46:19,S,1055.0,3,32
2021-06-17 14:46:19,S,1055.6,1,4
2021-06-17 14:46:19,B,1054.0,1,20
2021-06-17 14:46:19,B,1053.75,1,10
2021-06-17 14:46:19,B,1053.35,2,9
2021-06-17 14:46:19,B,1053.05,4,35
2021-06-17 14:46:19,B,1053.0,6,27
2021-06-17 14:46:21,S,1054.8,1,2
2021-06-17 14:46:21,S,1054.85,1,3
2021-06-17 14:46:21,S,1054.9,1,165
2021-06-17 14:46:21,S,1055.0,3,32
2021-06-17 14:46:21,S,1055.6,1,4
2021-06-17 14:46:21,B,1054.0,1,20
2021-06-17 14:46:21,B,1053.75,1,10
2021-06-17 14:46:21,B,1053.35,2,9
2021-06-17 14:46:21,B,1053.05,4,35
2021-06-17 14:46:21,B,1053.0,7,67
2021-06-17 14:46:25,S,1054.8,1,2
2021-06-17 14:46:25,S,1054.85,1,3
2021-06-17 14:46:25,S,1054.9,1,165
2021-06-17 14:46:25,S,1055.0,3,32
2021-06-17 14:46:25,S,1055.6,1,4
2021-06-17 14:46:25,B,1053.75,1,10
2021-06-17 14:46:25,B,1053.35,2,9
2021-06-17 14:46:25,B,1053.1,2,7
2021-06-17 14:46:25,B,1053.05,4,35
2021-06-17 14:46:25,B,1053.0,7,67
2021-06-17 14:46:26,S,1054.8,1,2
2021-06-17 14:46:26,S,1054.85,1,3
2021-06-17 14:46:26,S,1054.9,1,165
2021-06-17 14:46:26,S,1055.0,3,32
2021-06-17 14:46:26,S,1055.6,1,4
2021-06-17 14:46:26,B,1053.75,1,10
2021-06-17 14:46:26,B,1053.35,2,9
2021-06-17 14:46:26,B,1053.1,2,7
2021-06-17 14:46:26,B,1053.05,4,35
2021-06-17 14:46:26,B,1053.0,7,67
2021-06-17 14:46:27,S,1054.9,1,165
2021-06-17 14:46:27,S,1055.0,3,32
2021-06-17 14:46:27,S,1055.5,2,11
2021-06-17 14:46:27,S,1055.65,3,23
2021-06-17 14:46:27,S,1055.7,1,3
2021-06-17 14:46:27,B,1053.75,1,9
2021-06-17 14:46:27,B,1053.4,2,9
2021-06-17 14:46:27,B,1053.35,1,1
2021-06-17 14:46:27,B,1053.1,3,13
2021-06-17 14:46:27,B,1053.05,3,29
2021-06-17 14:46:34,S,1054.9,1,165
2021-06-17 14:46:34,S,1055.0,3,32
2021-06-17 14:46:34,S,1055.4,2,11
2021-06-17 14:46:34,S,1055.65,3,23
2021-06-17 14:46:34,S,1055.7,1,3
2021-06-17 14:46:34,B,1053.8,1,8
2021-06-17 14:46:34,B,1053.75,1,10
2021-06-17 14:46:34,B,1053.6,1,6
2021-06-17 14:46:34,B,1053.55,1,16
2021-06-17 14:46:34,B,1053.35,1,12
2021-06-17 14:46:40,S,1054.9,1,165
2021-06-17 14:46:40,S,1055.0,3,32
2021-06-17 14:46:40,S,1055.4,2,11
2021-06-17 14:46:40,S,1055.65,3,23
2021-06-17 14:46:40,S,1055.7,1,3
2021-06-17 14:46:40,B,1053.8,1,8
2021-06-17 14:46:40,B,1053.75,1,10
2021-06-17 14:46:40,B,1053.6,1,6
2021-06-17 14:46:40,B,1053.55,1,16
2021-06-17 14:46:40,B,1053.35,1,12
2021-06-17 14:46:41,S,1054.75,1,8
2021-06-17 14:46:41,S,1054.8,1,10
2021-06-17 14:46:41,S,1054.9,1,165
2021-06-17 14:46:41,S,1054.95,1,3
2021-06-17 14:46:41,S,1055.0,4,33
2021-06-17 14:46:41,B,1053.25,2,14
2021-06-17 14:46:41,B,1053.2,1,16
2021-06-17 14:46:41,B,1053.1,2,7
2021-06-17 14:46:41,B,1053.0,6,64
2021-06-17 14:46:41,B,1052.75,1,11
2021-06-17 14:46:51,S,1054.4,1,8
2021-06-17 14:46:51,S,1054.45,1,10
2021-06-17 14:46:51,S,1054.75,2,11
2021-06-17 14:46:51,S,1054.9,2,166
2021-06-17 14:46:51,S,1054.95,1,3
2021-06-17 14:46:51,B,1053.25,2,14
2021-06-17 14:46:51,B,1053.2,1,16
2021-06-17 14:46:51,B,1053.1,1,6
2021-06-17 14:46:51,B,1053.0,6,64
2021-06-17 14:46:51,B,1052.85,1,10
2021-06-17 14:46:54,S,1054.55,1,8
2021-06-17 14:46:54,S,1054.6,1,10
2021-06-17 14:46:54,S,1054.7,1,1
2021-06-17 14:46:54,S,1054.75,2,11
2021-06-17 14:46:54,S,1054.8,1,1
2021-06-17 14:46:54,B,1053.25,2,14
2021-06-17 14:46:54,B,1053.2,1,16
2021-06-17 14:46:54,B,1053.1,1,6
2021-06-17 14:46:54,B,1053.0,6,64
2021-06-17 14:46:54,B,1052.85,1,10
2021-06-17 14:46:57,S,1054.15,1,8
2021-06-17 14:46:57,S,1054.2,2,10
2021-06-17 14:46:57,S,1054.4,1,1
2021-06-17 14:46:57,S,1054.45,2,13
2021-06-17 14:46:57,S,1054.5,3,5
2021-06-17 14:46:57,B,1053.1,1,8
2021-06-17 14:46:57,B,1053.05,2,15
2021-06-17 14:46:57,B,1053.0,6,64
2021-06-17 14:46:57,B,1052.55,1,3
2021-06-17 14:46:57,B,1052.5,1,10
2021-06-17 14:47:01,S,1054.45,1,8
2021-06-17 14:47:01,S,1054.5,2,4
2021-06-17 14:47:01,S,1054.75,2,11
2021-06-17 14:47:01,S,1054.9,2,166
2021-06-17 14:47:01,S,1054.95,1,3
2021-06-17 14:47:01,B,1053.1,1,8
2021-06-17 14:47:01,B,1053.05,3,24
2021-06-17 14:47:01,B,1053.0,6,64
2021-06-17 14:47:01,B,1052.55,1,3
2021-06-17 14:47:01,B,1052.45,1,9
2021-06-17 14:47:04,S,1054.45,1,8
2021-06-17 14:47:04,S,1054.5,1,1
2021-06-17 14:47:04,S,1054.9,2,166
2021-06-17 14:47:04,S,1054.95,2,13
2021-06-17 14:47:04,S,1055.0,4,33
2021-06-17 14:47:04,B,1053.35,1,8
2021-06-17 14:47:04,B,1053.3,1,10
2021-06-17 14:47:04,B,1053.05,3,16
2021-06-17 14:47:04,B,1053.0,6,64
2021-06-17 14:47:04,B,1052.75,1,3
2021-06-17 14:47:06,S,1054.45,1,8
2021-06-17 14:47:06,S,1054.5,1,1
2021-06-17 14:47:06,S,1054.9,2,166
2021-06-17 14:47:06,S,1054.95,2,13
2021-06-17 14:47:06,S,1055.0,4,33
2021-06-17 14:47:06,B,1053.35,1,8
2021-06-17 14:47:06,B,1053.3,1,10
2021-06-17 14:47:06,B,1053.05,3,16
2021-06-17 14:47:06,B,1053.0,6,64
2021-06-17 14:47:06,B,1052.75,1,3
2021-06-17 14:47:07,S,1054.45,1,4
2021-06-17 14:47:07,S,1054.5,1,1
2021-06-17 14:47:07,S,1054.9,1,165
2021-06-17 14:47:07,S,1055.0,3,32
2021-06-17 14:47:07,S,1055.05,1,9
2021-06-17 14:47:07,B,1053.65,1,8
2021-06-17 14:47:07,B,1053.6,2,11
2021-06-17 14:47:07,B,1053.55,1,1
2021-06-17 14:47:07,B,1053.15,3,29
2021-06-17 14:47:07,B,1053.1,2,8
2021-06-17 14:47:08,S,1054.45,1,4
2021-06-17 14:47:08,S,1054.5,1,1
2021-06-17 14:47:08,S,1054.9,1,165
2021-06-17 14:47:08,S,1055.0,3,32
2021-06-17 14:47:08,S,1055.05,1,9
2021-06-17 14:47:08,B,1053.65,1,8
2021-06-17 14:47:08,B,1053.6,2,11
2021-06-17 14:47:08,B,1053.55,1,1
2021-06-17 14:47:08,B,1053.15,3,29
2021-06-17 14:47:08,B,1053.1,2,8
2021-06-17 14:47:09,S,1054.45,1,4
2021-06-17 14:47:09,S,1054.5,1,1
2021-06-17 14:47:09,S,1054.9,1,165
2021-06-17 14:47:09,S,1055.0,3,32
2021-06-17 14:47:09,S,1055.05,1,9
2021-06-17 14:47:09,B,1053.65,1,8
2021-06-17 14:47:09,B,1053.6,2,11
2021-06-17 14:47:09,B,1053.55,1,1
2021-06-17 14:47:09,B,1053.15,3,29
2021-06-17 14:47:09,B,1053.1,2,8
2021-06-17 14:47:10,S,1054.5,1,1
2021-06-17 14:47:10,S,1054.85,1,6
2021-06-17 14:47:10,S,1054.9,1,165
2021-06-17 14:47:10,S,1055.0,3,32
2021-06-17 14:47:10,S,1055.15,1,3
2021-06-17 14:47:10,B,1053.65,1,8
2021-06-17 14:47:10,B,1053.6,2,10
2021-06-17 14:47:10,B,1053.35,2,7
2021-06-17 14:47:10,B,1053.3,1,16
2021-06-17 14:47:10,B,1053.25,1,6
2021-06-17 14:47:12,S,1054.5,1,1
2021-06-17 14:47:12,S,1054.85,1,6
2021-06-17 14:47:12,S,1054.9,1,165
2021-06-17 14:47:12,S,1055.0,3,32
2021-06-17 14:47:12,S,1055.15,1,3
2021-06-17 14:47:12,B,1053.65,1,8
2021-06-17 14:47:12,B,1053.6,2,10
2021-06-17 14:47:12,B,1053.35,2,7
2021-06-17 14:47:12,B,1053.3,1,16
2021-06-17 14:47:12,B,1053.25,1,6
2021-06-17 14:47:19,S,1054.5,1,1
2021-06-17 14:47:19,S,1054.85,1,6
2021-06-17 14:47:19,S,1054.9,1,165
2021-06-17 14:47:19,S,1055.0,3,32
2021-06-17 14:47:19,S,1055.15,1,3
2021-06-17 14:47:19,B,1053.65,1,8
2021-06-17 14:47:19,B,1053.6,2,10
2021-06-17 14:47:19,B,1053.35,2,7
2021-06-17 14:47:19,B,1053.3,1,16
2021-06-17 14:47:19,B,1053.25,1,6
2021-06-17 14:47:21,S,1053.9,1,9
2021-06-17 14:47:21,S,1053.95,1,6
2021-06-17 14:47:21,S,1054.45,1,8
2021-06-17 14:47:21,S,1054.5,2,2
2021-06-17 14:47:21,S,1054.75,1,12
2021-06-17 14:47:21,B,1053.05,1,2
2021-06-17 14:47:21,B,1053.0,2,40
2021-06-17 14:47:21,B,1052.45,2,10
2021-06-17 14:47:21,B,1052.2,1,3
2021-06-17 14:47:21,B,1052.15,1,9
2021-06-17 14:47:24,S,1054.1,1,9
2021-06-17 14:47:24,S,1054.45,1,8
2021-06-17 14:47:24,S,1054.5,2,2
2021-06-17 14:47:24,S,1054.75,2,13
2021-06-17 14:47:24,S,1054.85,1,6
2021-06-17 14:47:24,B,1053.05,1,2
2021-06-17 14:47:24,B,1053.0,2,40
2021-06-17 14:47:24,B,1052.45,2,10
2021-06-17 14:47:24,B,1052.35,1,3
2021-06-17 14:47:24,B,1052.2,1,3
2021-06-17 14:47:31,S,1054.1,1,9
2021-06-17 14:47:31,S,1054.3,1,8
2021-06-17 14:47:31,S,1054.35,2,4
2021-06-17 14:47:31,S,1054.5,2,2
2021-06-17 14:47:31,S,1054.75,3,16
2021-06-17 14:47:31,B,1053.05,1,2
2021-06-17 14:47:31,B,1053.0,2,40
2021-06-17 14:47:31,B,1052.45,2,10
2021-06-17 14:47:31,B,1052.35,1,3
2021-06-17 14:47:31,B,1052.2,1,3
2021-06-17 14:47:53,S,1054.1,2,10
2021-06-17 14:47:53,S,1054.3,1,8
2021-06-17 14:47:53,S,1054.35,2,4
2021-06-17 14:47:53,S,1054.5,2,2
2021-06-17 14:47:53,S,1054.75,3,16
2021-06-17 14:47:53,B,1053.05,1,2
2021-06-17 14:47:53,B,1053.0,2,40
2021-06-17 14:47:53,B,1052.45,2,10
2021-06-17 14:47:53,B,1052.35,1,3
2021-06-17 14:47:53,B,1052.2,1,3
2021-06-17 14:48:06,S,1054.1,2,10
2021-06-17 14:48:06,S,1054.3,1,8
2021-06-17 14:48:06,S,1054.35,2,4
2021-06-17 14:48:06,S,1054.45,1,12
2021-06-17 14:48:06,S,1054.5,2,2
2021-06-17 14:48:06,B,1053.05,1,2
2021-06-17 14:48:06,B,1053.0,2,40
2021-06-17 14:48:06,B,1052.45,2,10
2021-06-17 14:48:06,B,1052.35,1,3
2021-06-17 14:48:06,B,1052.3,1,10
2021-06-17 14:48:09,S,1054.1,2,10
2021-06-17 14:48:09,S,1054.3,1,8
2021-06-17 14:48:09,S,1054.35,2,4
2021-06-17 14:48:09,S,1054.45,1,12
2021-06-17 14:48:09,S,1054.5,2,2
2021-06-17 14:48:09,B,1053.05,1,2
2021-06-17 14:48:09,B,1053.0,2,40
2021-06-17 14:48:09,B,1052.45,2,10
2021-06-17 14:48:09,B,1052.35,1,3
2021-06-17 14:48:09,B,1052.3,1,10
2021-06-17 14:48:30,S,1054.0,1,10
2021-06-17 14:48:30,S,1054.3,2,9
2021-06-17 14:48:30,S,1054.35,2,4
2021-06-17 14:48:30,S,1054.45,2,18
2021-06-17 14:48:30,S,1054.5,2,2
2021-06-17 14:48:30,B,1053.05,1,2
2021-06-17 14:48:30,B,1053.0,2,40
2021-06-17 14:48:30,B,1052.45,1,9
2021-06-17 14:48:30,B,1052.3,1,10
2021-06-17 14:48:30,B,1052.2,1,3
2021-06-17 14:48:34,S,1054.0,1,10
2021-06-17 14:48:34,S,1054.3,2,9
2021-06-17 14:48:34,S,1054.35,2,4
2021-06-17 14:48:34,S,1054.45,2,18
2021-06-17 14:48:34,S,1054.5,2,2
2021-06-17 14:48:34,B,1053.05,1,2
2021-06-17 14:48:34,B,1053.0,2,40
2021-06-17 14:48:34,B,1052.45,1,9
2021-06-17 14:48:34,B,1052.3,1,10
2021-06-17 14:48:34,B,1052.2,1,3
2021-06-17 14:48:35,S,1054.1,2,9
2021-06-17 14:48:35,S,1054.15,1,10
2021-06-17 14:48:35,S,1054.2,2,10
2021-06-17 14:48:35,S,1054.35,2,4
2021-06-17 14:48:35,S,1054.45,1,12
2021-06-17 14:48:35,B,1053.05,1,1
2021-06-17 14:48:35,B,1053.0,2,40
2021-06-17 14:48:35,B,1052.45,2,18
2021-06-17 14:48:35,B,1052.2,1,3
2021-06-17 14:48:35,B,1052.15,1,9
2021-06-17 14:48:40,S,1054.15,1,8
2021-06-17 14:48:40,S,1054.2,2,10
2021-06-17 14:48:40,S,1054.35,2,4
2021-06-17 14:48:40,S,1054.45,1,12
2021-06-17 14:48:40,S,1054.7,1,6
2021-06-17 14:48:40,B,1053.05,1,1
2021-06-17 14:48:40,B,1053.0,2,40
2021-06-17 14:48:40,B,1052.45,1,9
2021-06-17 14:48:40,B,1052.35,2,13
2021-06-17 14:48:40,B,1052.2,1,3
2021-06-17 14:48:45,S,1054.65,1,7
2021-06-17 14:48:45,S,1054.7,2,8
2021-06-17 14:48:45,S,1054.75,2,4
2021-06-17 14:48:45,S,1054.8,1,9
2021-06-17 14:48:45,S,1054.9,2,166
2021-06-17 14:48:45,B,1053.4,1,8
2021-06-17 14:48:45,B,1053.35,1,9
2021-06-17 14:48:45,B,1053.1,1,6
2021-06-17 14:48:45,B,1053.05,1,7
2021-06-17 14:48:45,B,1053.0,2,40
2021-06-17 14:48:47,S,1054.65,2,8
2021-06-17 14:48:47,S,1054.7,3,11
2021-06-17 14:48:47,S,1054.85,2,7
2021-06-17 14:48:47,S,1054.9,2,166
2021-06-17 14:48:47,S,1055.0,3,32
2021-06-17 14:48:47,B,1053.15,1,8
2021-06-17 14:48:47,B,1053.1,1,3
2021-06-17 14:48:47,B,1053.05,1,7
2021-06-17 14:48:47,B,1053.0,3,49
2021-06-17 14:48:47,B,1052.75,1,3
2021-06-17 14:48:55,S,1054.65,2,8
2021-06-17 14:48:55,S,1054.7,3,11
2021-06-17 14:48:55,S,1054.85,2,7
2021-06-17 14:48:55,S,1054.9,2,166
2021-06-17 14:48:55,S,1055.0,3,32
2021-06-17 14:48:55,B,1053.15,1,8
2021-06-17 14:48:55,B,1053.1,1,3
2021-06-17 14:48:55,B,1053.05,1,7
2021-06-17 14:48:55,B,1053.0,3,49
2021-06-17 14:48:55,B,1052.75,1,3
2021-06-17 14:48:57,S,1054.6,1,8
2021-06-17 14:48:57,S,1054.65,1,1
2021-06-17 14:48:57,S,1054.7,3,9
2021-06-17 14:48:57,S,1054.75,2,10
2021-06-17 14:48:57,S,1054.85,1,1
2021-06-17 14:48:57,B,1053.2,1,1
2021-06-17 14:48:57,B,1053.15,1,10
2021-06-17 14:48:57,B,1053.05,1,7
2021-06-17 14:48:57,B,1053.0,2,40
2021-06-17 14:48:57,B,1052.75,1,3
2021-06-17 14:48:59,S,1054.4,1,8
2021-06-17 14:48:59,S,1054.45,1,10
2021-06-17 14:48:59,S,1054.6,3,5
2021-06-17 14:48:59,S,1054.7,3,9
2021-06-17 14:48:59,S,1054.75,2,10
2021-06-17 14:48:59,B,1053.1,1,1
2021-06-17 14:48:59,B,1053.05,1,7
2021-06-17 14:48:59,B,1053.0,2,40
2021-06-17 14:48:59,B,1052.75,1,3
2021-06-17 14:48:59,B,1052.65,1,9
2021-06-17 14:49:02,S,1054.4,2,9
2021-06-17 14:49:02,S,1054.45,2,21
2021-06-17 14:49:02,S,1054.6,2,4
2021-06-17 14:49:02,S,1054.7,3,9
2021-06-17 14:49:02,S,1054.75,2,10
2021-06-17 14:49:02,B,1053.1,1,1
2021-06-17 14:49:02,B,1053.05,1,7
2021-06-17 14:49:02,B,1053.0,2,40
2021-06-17 14:49:02,B,1052.75,1,3
2021-06-17 14:49:02,B,1052.65,1,9
2021-06-17 14:49:07,S,1054.5,1,7
2021-06-17 14:49:07,S,1054.55,2,8
2021-06-17 14:49:07,S,1054.6,2,4
2021-06-17 14:49:07,S,1054.7,3,9
2021-06-17 14:49:07,S,1054.75,2,10
2021-06-17 14:49:07,B,1053.1,1,8
2021-06-17 14:49:07,B,1053.05,1,7
2021-06-17 14:49:07,B,1053.0,2,40
2021-06-17 14:49:07,B,1052.65,1,9
2021-06-17 14:49:07,B,1052.5,1,5
2021-06-17 14:49:10,S,1054.4,1,7
2021-06-17 14:49:10,S,1054.45,2,11
2021-06-17 14:49:10,S,1054.5,3,8
2021-06-17 14:49:10,S,1054.55,2,8
2021-06-17 14:49:10,S,1054.6,2,4
2021-06-17 14:49:10,B,1053.1,1,8
2021-06-17 14:49:10,B,1053.05,1,7
2021-06-17 14:49:10,B,1053.0,2,40
2021-06-17 14:49:10,B,1052.5,1,5
2021-06-17 14:49:10,B,1052.45,2,10
2021-06-17 14:49:12,S,1054.2,1,7
2021-06-17 14:49:12,S,1054.25,2,11
2021-06-17 14:49:12,S,1054.4,1,1
2021-06-17 14:49:12,S,1054.45,1,1
2021-06-17 14:49:12,S,1054.5,3,8
2021-06-17 14:49:12,B,1053.1,1,8
2021-06-17 14:49:12,B,1053.05,1,7
2021-06-17 14:49:12,B,1053.0,2,40
2021-06-17 14:49:12,B,1052.55,1,6
2021-06-17 14:49:12,B,1052.5,2,14
2021-06-17 14:49:15,S,1054.2,1,7
2021-06-17 14:49:15,S,1054.25,2,11
2021-06-17 14:49:15,S,1054.5,3,8
2021-06-17 14:49:15,S,1054.55,2,8
2021-06-17 14:49:15,S,1054.6,2,4
2021-06-17 14:49:15,B,1053.1,1,8
2021-06-17 14:49:15,B,1053.05,1,7
2021-06-17 14:49:15,B,1053.0,2,40
2021-06-17 14:49:15,B,1052.55,1,6
2021-06-17 14:49:15,B,1052.5,2,14
2021-06-17 14:49:18,S,1054.1,1,7
2021-06-17 14:49:18,S,1054.15,1,9
2021-06-17 14:49:18,S,1054.2,1,1
2021-06-17 14:49:18,S,1054.25,1,1
2021-06-17 14:49:18,S,1054.5,3,8
2021-06-17 14:49:18,B,1053.1,2,13
2021-06-17 14:49:18,B,1053.05,1,7
2021-06-17 14:49:18,B,1053.0,2,40
2021-06-17 14:49:18,B,1052.5,2,14
2021-06-17 14:49:18,B,1052.45,1,9
2021-06-17 14:49:22,S,1054.1,1,7
2021-06-17 14:49:22,S,1054.15,1,9
2021-06-17 14:49:22,S,1054.2,1,1
2021-06-17 14:49:22,S,1054.25,1,1
2021-06-17 14:49:22,S,1054.5,3,8
2021-06-17 14:49:22,B,1053.1,2,13
2021-06-17 14:49:22,B,1053.05,1,7
2021-06-17 14:49:22,B,1053.0,2,40
2021-06-17 14:49:22,B,1052.5,2,14
2021-06-17 14:49:22,B,1052.45,1,9
2021-06-17 14:49:24,S,1054.45,1,7
2021-06-17 14:49:24,S,1054.55,3,9
2021-06-17 14:49:24,S,1054.6,2,9
2021-06-17 14:49:24,S,1054.7,3,9
2021-06-17 14:49:24,S,1054.8,1,10
2021-06-17 14:49:24,B,1053.15,1,8
2021-06-17 14:49:24,B,1053.1,1,5
2021-06-17 14:49:24,B,1053.05,1,7
2021-06-17 14:49:24,B,1053.0,3,43
2021-06-17 14:49:24,B,1052.95,1,10
2021-06-17 14:49:27,S,1054.45,1,7
2021-06-17 14:49:27,S,1054.55,3,9
2021-06-17 14:49:27,S,1054.6,2,9
2021-06-17 14:49:27,S,1054.7,3,9
2021-06-17 14:49:27,S,1054.8,1,10
2021-06-17 14:49:27,B,1053.15,2,9
2021-06-17 14:49:27,B,1053.1,1,5
2021-06-17 14:49:27,B,1053.05,1,7
2021-06-17 14:49:27,B,1053.0,3,43
2021-06-17 14:49:27,B,1052.95,1,10
2021-06-17 14:49:36,S,1054.45,1,7
2021-06-17 14:49:36,S,1054.55,2,8
2021-06-17 14:49:36,S,1054.6,2,9
2021-06-17 14:49:36,S,1054.7,2,8
2021-06-17 14:49:36,S,1054.85,1,6
2021-06-17 14:49:36,B,1053.25,1,8
2021-06-17 14:49:36,B,1053.2,1,10
2021-06-17 14:49:36,B,1053.15,1,1
2021-06-17 14:49:36,B,1053.1,1,5
2021-06-17 14:49:36,B,1053.05,2,19
2021-06-17 14:49:39,S,1054.45,1,7
2021-06-17 14:49:39,S,1054.55,2,8
2021-06-17 14:49:39,S,1054.6,2,9
2021-06-17 14:49:39,S,1054.7,2,8
2021-06-17 14:49:39,S,1054.85,1,6
2021-06-17 14:49:39,B,1053.4,1,8
2021-06-17 14:49:39,B,1053.35,1,10
2021-06-17 14:49:39,B,1053.15,2,2
2021-06-17 14:49:39,B,1053.1,1,5
2021-06-17 14:49:39,B,1053.05,2,19
2021-06-17 14:49:49,S,1054.45,1,7
2021-06-17 14:49:49,S,1054.55,2,8
2021-06-17 14:49:49,S,1054.6,2,9
2021-06-17 14:49:49,S,1054.7,2,8
2021-06-17 14:49:49,S,1054.85,1,6
2021-06-17 14:49:49,B,1053.4,1,8
2021-06-17 14:49:49,B,1053.35,1,10
2021-06-17 14:49:49,B,1053.15,2,2
2021-06-17 14:49:49,B,1053.1,1,5
2021-06-17 14:49:49,B,1053.05,2,19
2021-06-17 14:49:49,S,1054.45,1,6
2021-06-17 14:49:49,S,1054.55,2,8
2021-06-17 14:49:49,S,1054.6,2,9
2021-06-17 14:49:49,S,1054.7,2,8
2021-06-17 14:49:49,S,1054.85,1,6
2021-06-17 14:49:49,B,1053.4,1,8
2021-06-17 14:49:49,B,1053.35,1,10
2021-06-17 14:49:49,B,1053.15,2,2
2021-06-17 14:49:49,B,1053.1,1,5
2021-06-17 14:49:49,B,1053.05,2,19
2021-06-17 14:50:00,S,1054.45,1,6
2021-06-17 14:50:00,S,1054.55,2,8
2021-06-17 14:50:00,S,1054.6,2,9
2021-06-17 14:50:00,S,1054.7,2,8
2021-06-17 14:50:00,S,1054.8,1,9
2021-06-17 14:50:00,B,1053.2,1,8
2021-06-17 14:50:00,B,1053.15,1,1
2021-06-17 14:50:00,B,1053.1,1,5
2021-06-17 14:50:00,B,1053.05,2,17
2021-06-17 14:50:00,B,1053.0,2,40
2021-06-17 14:50:02,S,1054.45,1,6
2021-06-17 14:50:02,S,1054.55,2,8
2021-06-17 14:50:02,S,1054.6,2,9
2021-06-17 14:50:02,S,1054.7,2,8
2021-06-17 14:50:02,S,1054.75,1,11
2021-06-17 14:50:02,B,1053.2,1,8
2021-06-17 14:50:02,B,1053.15,1,1
2021-06-17 14:50:02,B,1053.1,1,5
2021-06-17 14:50:02,B,1053.05,1,7
2021-06-17 14:50:02,B,1053.0,2,40
2021-06-17 14:50:07,S,1054.45,1,6
2021-06-17 14:50:07,S,1054.55,2,8
2021-06-17 14:50:07,S,1054.6,2,9
2021-06-17 14:50:07,S,1054.7,2,8
2021-06-17 14:50:07,S,1054.75,1,11
2021-06-17 14:50:07,B,1053.2,1,8
2021-06-17 14:50:07,B,1053.15,1,1
2021-06-17 14:50:07,B,1053.1,1,5
2021-06-17 14:50:07,B,1053.05,1,7
2021-06-17 14:50:07,B,1053.0,2,40
2021-06-17 14:50:14,S,1054.45,1,6
2021-06-17 14:50:14,S,1054.55,2,8
2021-06-17 14:50:14,S,1054.6,2,9
2021-06-17 14:50:14,S,1054.7,2,8
2021-06-17 14:50:14,S,1054.75,1,11
2021-06-17 14:50:14,B,1053.2,1,8
2021-06-17 14:50:14,B,1053.15,1,1
2021-06-17 14:50:14,B,1053.1,1,5
2021-06-17 14:50:14,B,1053.05,1,7
2021-06-17 14:50:14,B,1053.0,2,40
2021-06-17 14:50:19,S,1054.45,1,6
2021-06-17 14:50:19,S,1054.55,2,8
2021-06-17 14:50:19,S,1054.6,2,9
2021-06-17 14:50:19,S,1054.7,2,8
2021-06-17 14:50:19,S,1054.75,1,11
2021-06-17 14:50:19,B,1053.2,1,8
2021-06-17 14:50:19,B,1053.15,1,1
2021-06-17 14:50:19,B,1053.1,1,5
2021-06-17 14:50:19,B,1053.05,1,7
2021-06-17 14:50:19,B,1053.0,2,40
2021-06-17 14:50:21,S,1054.55,2,8
2021-06-17 14:50:21,S,1054.6,1,6
2021-06-17 14:50:21,S,1054.7,2,8
2021-06-17 14:50:21,S,1054.9,1,165
2021-06-17 14:50:21,S,1055.0,3,32
2021-06-17 14:50:21,B,1053.55,1,3
2021-06-17 14:50:21,B,1053.5,1,8
2021-06-17 14:50:21,B,1053.45,2,10
2021-06-17 14:50:21,B,1053.25,2,8
2021-06-17 14:50:21,B,1053.15,2,2
2021-06-17 14:50:27,S,1054.55,2,6
2021-06-17 14:50:27,S,1054.6,1,6
2021-06-17 14:50:27,S,1054.7,2,8
2021-06-17 14:50:27,S,1054.9,1,165
2021-06-17 14:50:27,S,1055.0,3,32
2021-06-17 14:50:27,B,1053.55,1,3
2021-06-17 14:50:27,B,1053.5,1,8
2021-06-17 14:50:27,B,1053.45,2,10
2021-06-17 14:50:27,B,1053.25,2,8
2021-06-17 14:50:27,B,1053.15,2,2
2021-06-17 14:50:28,S,1054.55,2,6
2021-06-17 14:50:28,S,1054.6,1,6
2021-06-17 14:50:28,S,1054.7,2,8
2021-06-17 14:50:28,S,1054.9,1,165
2021-06-17 14:50:28,S,1055.0,3,32
2021-06-17 14:50:28,B,1053.55,1,3
2021-06-17 14:50:28,B,1053.5,1,8
2021-06-17 14:50:28,B,1053.45,2,10
2021-06-17 14:50:28,B,1053.25,2,8
2021-06-17 14:50:28,B,1053.15,2,2
2021-06-17 14:50:29,S,1054.5,1,3
2021-06-17 14:50:29,S,1054.55,2,6
2021-06-17 14:50:29,S,1054.6,1,6
2021-06-17 14:50:29,S,1054.7,2,8
2021-06-17 14:50:29,S,1054.75,1,11
2021-06-17 14:50:29,B,1053.3,1,8
2021-06-17 14:50:29,B,1053.25,2,8
2021-06-17 14:50:29,B,1053.15,2,2
2021-06-17 14:50:29,B,1053.1,1,5
2021-06-17 14:50:29,B,1053.05,2,17
2021-06-17 14:50:34,S,1054.5,1,3
2021-06-17 14:50:34,S,1054.55,2,6
2021-06-17 14:50:34,S,1054.6,1,6
2021-06-17 14:50:34,S,1054.7,2,8
2021-06-17 14:50:34,S,1054.75,1,11
2021-06-17 14:50:34,B,1053.3,1,8
2021-06-17 14:50:34,B,1053.25,2,8
2021-06-17 14:50:34,B,1053.15,2,2
2021-06-17 14:50:34,B,1053.1,1,5
2021-06-17 14:50:34,B,1053.05,2,17
2021-06-17 14:50:37,S,1054.5,1,3
2021-06-17 14:50:37,S,1054.55,2,6
2021-06-17 14:50:37,S,1054.6,1,6
2021-06-17 14:50:37,S,1054.7,2,8
2021-06-17 14:50:37,S,1054.8,2,12
2021-06-17 14:50:37,B,1053.3,1,8
2021-06-17 14:50:37,B,1053.25,2,8
2021-06-17 14:50:37,B,1053.15,2,2
2021-06-17 14:50:37,B,1053.1,1,5
2021-06-17 14:50:37,B,1053.05,2,17
2021-06-17 14:50:46,S,1054.5,1,3
2021-06-17 14:50:46,S,1054.55,2,6
2021-06-17 14:50:46,S,1054.6,1,6
2021-06-17 14:50:46,S,1054.7,2,8
2021-06-17 14:50:46,S,1054.75,2,22
2021-06-17 14:50:46,B,1053.3,1,8
2021-06-17 14:50:46,B,1053.25,2,8
2021-06-17 14:50:46,B,1053.15,2,2
2021-06-17 14:50:46,B,1053.1,1,5
2021-06-17 14:50:46,B,1053.05,2,17
2021-06-17 14:50:58,S,1054.5,1,3
2021-06-17 14:50:58,S,1054.55,2,6
2021-06-17 14:50:58,S,1054.6,1,6
2021-06-17 14:50:58,S,1054.7,2,8
2021-06-17 14:50:58,S,1054.75,2,22
2021-06-17 14:50:58,B,1053.3,1,8
2021-06-17 14:50:58,B,1053.25,2,8
2021-06-17 14:50:58,B,1053.15,2,2
2021-06-17 14:50:58,B,1053.1,1,5
2021-06-17 14:50:58,B,1053.05,2,17
2021-06-17 14:51:00,S,1054.55,2,6
2021-06-17 14:51:00,S,1054.6,1,6
2021-06-17 14:51:00,S,1054.7,3,18
2021-06-17 14:51:00,S,1054.75,2,18
2021-06-17 14:51:00,S,1054.8,1,10
2021-06-17 14:51:00,B,1053.4,1,8
2021-06-17 14:51:00,B,1053.35,1,1
2021-06-17 14:51:00,B,1053.25,1,7
2021-06-17 14:51:00,B,1053.15,2,2
2021-06-17 14:51:00,B,1053.1,1,5
2021-06-17 14:51:07,S,1054.55,2,6
2021-06-17 14:51:07,S,1054.6,1,6
2021-06-17 14:51:07,S,1054.7,3,18
2021-06-17 14:51:07,S,1054.75,2,18
2021-06-17 14:51:07,S,1054.8,1,10
2021-06-17 14:51:07,B,1053.4,1,8
2021-06-17 14:51:07,B,1053.35,1,1
2021-06-17 14:51:07,B,1053.25,1,7
2021-06-17 14:51:07,B,1053.15,2,2
2021-06-17 14:51:07,B,1053.1,1,5
2021-06-17 14:51:24,S,1054.55,2,6
2021-06-17 14:51:24,S,1054.6,1,6
2021-06-17 14:51:24,S,1054.7,3,18
2021-06-17 14:51:24,S,1054.75,1,9
2021-06-17 14:51:24,S,1054.8,1,10
2021-06-17 14:51:24,B,1054.0,1,10
2021-06-17 14:51:24,B,1053.4,1,8
2021-06-17 14:51:24,B,1053.35,1,1
2021-06-17 14:51:24,B,1053.25,2,9
2021-06-17 14:51:24,B,1053.15,2,2
2021-06-17 14:51:30,S,1054.55,2,6
2021-06-17 14:51:30,S,1054.6,1,6
2021-06-17 14:51:30,S,1054.7,3,18
2021-06-17 14:51:30,S,1054.9,1,165
2021-06-17 14:51:30,S,1055.0,3,32
2021-06-17 14:51:30,B,1054.0,1,10
2021-06-17 14:51:30,B,1053.4,2,17
2021-06-17 14:51:30,B,1053.35,1,1
2021-06-17 14:51:30,B,1053.25,2,9
2021-06-17 14:51:30,B,1053.15,2,2
2021-06-17 14:51:39,S,1054.55,1,1
2021-06-17 14:51:39,S,1054.6,1,6
2021-06-17 14:51:39,S,1054.7,3,18
2021-06-17 14:51:39,S,1054.9,1,165
2021-06-17 14:51:39,S,1055.0,3,32
2021-06-17 14:51:39,B,1054.0,1,10
2021-06-17 14:51:39,B,1053.4,1,8
2021-06-17 14:51:39,B,1053.35,1,1
2021-06-17 14:51:39,B,1053.25,2,9
2021-06-17 14:51:39,B,1053.2,1,10
2021-06-17 14:51:42,S,1054.55,2,3
2021-06-17 14:51:42,S,1054.6,1,6
2021-06-17 14:51:42,S,1054.7,3,18
2021-06-17 14:51:42,S,1054.9,1,165
2021-06-17 14:51:42,S,1054.95,1,6
2021-06-17 14:51:42,B,1054.0,1,10
2021-06-17 14:51:42,B,1053.4,1,8
2021-06-17 14:51:42,B,1053.35,1,1
2021-06-17 14:51:42,B,1053.25,2,9
2021-06-17 14:51:42,B,1053.2,1,10
2021-06-17 14:51:42,S,1054.55,2,3
2021-06-17 14:51:42,S,1054.6,1,6
2021-06-17 14:51:42,S,1054.7,3,18
2021-06-17 14:51:42,S,1054.9,1,165
2021-06-17 14:51:42,S,1054.95,1,6
2021-06-17 14:51:42,B,1054.0,1,10
2021-06-17 14:51:42,B,1053.4,1,8
2021-06-17 14:51:42,B,1053.35,1,1
2021-06-17 14:51:42,B,1053.25,2,9
2021-06-17 14:51:42,B,1053.2,1,10
2021-06-17 14:51:44,S,1054.55,2,3
2021-06-17 14:51:44,S,1054.6,1,6
2021-06-17 14:51:44,S,1054.7,3,18
2021-06-17 14:51:44,S,1054.9,1,165
2021-06-17 14:51:44,S,1054.95,1,6
2021-06-17 14:51:44,B,1054.0,1,9
2021-06-17 14:51:44,B,1053.4,1,8
2021-06-17 14:51:44,B,1053.35,1,1
2021-06-17 14:51:44,B,1053.25,2,9
2021-06-17 14:51:44,B,1053.2,1,10
2021-06-17 14:52:06,S,1054.5,1,11
2021-06-17 14:52:06,S,1054.55,2,3
2021-06-17 14:52:06,S,1054.7,4,19
2021-06-17 14:52:06,S,1054.75,1,9
2021-06-17 14:52:06,S,1054.9,1,165
2021-06-17 14:52:06,B,1054.0,1,9
2021-06-17 14:52:06,B,1053.4,1,8
2021-06-17 14:52:06,B,1053.35,1,1
2021-06-17 14:52:06,B,1053.25,2,9
2021-06-17 14:52:06,B,1053.15,2,2
2021-06-17 14:52:07,S,1054.5,1,11
2021-06-17 14:52:07,S,1054.55,2,3
2021-06-17 14:52:07,S,1054.7,4,19
2021-06-17 14:52:07,S,1054.75,1,9
2021-06-17 14:52:07,S,1054.9,1,165
2021-06-17 14:52:07,B,1054.0,1,9
2021-06-17 14:52:07,B,1053.4,1,8
2021-06-17 14:52:07,B,1053.35,1,1
2021-06-17 14:52:07,B,1053.25,2,9
2021-06-17 14:52:07,B,1053.15,2,2
2021-06-17 14:52:09,S,1054.4,2,21
2021-06-17 14:52:09,S,1054.45,2,59
2021-06-17 14:52:09,S,1054.5,2,3
2021-06-17 14:52:09,S,1054.55,3,4
2021-06-17 14:52:09,S,1054.65,1,6
2021-06-17 14:52:09,B,1053.35,1,1
2021-06-17 14:52:09,B,1053.3,1,8
2021-06-17 14:52:09,B,1053.25,1,7
2021-06-17 14:52:09,B,1053.15,1,1
2021-06-17 14:52:09,B,1053.1,1,5
2021-06-17 14:52:12,S,1054.0,1,10
2021-06-17 14:52:12,S,1054.15,1,12
2021-06-17 14:52:12,S,1054.3,2,3
2021-06-17 14:52:12,S,1054.35,2,12
2021-06-17 14:52:12,S,1054.4,2,3
2021-06-17 14:52:12,B,1053.15,2,9
2021-06-17 14:52:12,B,1053.1,1,5
2021-06-17 14:52:12,B,1053.0,3,42
2021-06-17 14:52:12,B,1052.45,1,9
2021-06-17 14:52:12,B,1052.15,1,9
2021-06-17 14:52:15,S,1054.0,1,2
2021-06-17 14:52:15,S,1054.3,2,3
2021-06-17 14:52:15,S,1054.35,2,12
2021-06-17 14:52:15,S,1054.45,2,51
2021-06-17 14:52:15,S,1054.55,2,2
2021-06-17 14:52:15,B,1053.15,2,9
2021-06-17 14:52:15,B,1053.1,1,5
2021-06-17 14:52:15,B,1053.0,3,42
2021-06-17 14:52:15,B,1052.45,1,9
2021-06-17 14:52:15,B,1052.15,1,9
2021-06-17 14:52:18,S,1054.0,1,2
2021-06-17 14:52:18,S,1054.3,1,2
2021-06-17 14:52:18,S,1054.35,1,11
2021-06-17 14:52:18,S,1054.55,2,2
2021-06-17 14:52:18,S,1054.65,1,9
2021-06-17 14:52:18,B,1053.2,1,8
2021-06-17 14:52:18,B,1053.15,1,1
2021-06-17 14:52:18,B,1053.1,1,5
2021-06-17 14:52:18,B,1053.0,3,42
2021-06-17 14:52:18,B,1052.6,1,10
2021-06-17 14:52:21,S,1054.0,1,2
2021-06-17 14:52:21,S,1054.3,1,2
2021-06-17 14:52:21,S,1054.35,2,12
2021-06-17 14:52:21,S,1054.45,1,12
2021-06-17 14:52:21,S,1054.55,2,2
2021-06-17 14:52:21,B,1053.2,1,8
2021-06-17 14:52:21,B,1053.15,1,1
2021-06-17 14:52:21,B,1053.1,1,5
2021-06-17 14:52:21,B,1053.0,3,42
2021-06-17 14:52:21,B,1052.6,1,10
2021-06-17 14:52:23,S,1054.0,1,2
2021-06-17 14:52:23,S,1054.3,1,2
2021-06-17 14:52:23,S,1054.35,2,12
2021-06-17 14:52:23,S,1054.45,1,12
2021-06-17 14:52:23,S,1054.55,2,2
2021-06-17 14:52:23,B,1053.2,1,8
2021-06-17 14:52:23,B,1053.15,1,1
2021-06-17 14:52:23,B,1053.1,1,5
2021-06-17 14:52:23,B,1053.0,3,42
2021-06-17 14:52:23,B,1052.6,1,10
2021-06-17 14:52:27,S,1054.0,1,2
2021-06-17 14:52:27,S,1054.3,1,2
2021-06-17 14:52:27,S,1054.35,2,12
2021-06-17 14:52:27,S,1054.45,1,12
2021-06-17 14:52:27,S,1054.55,2,2
2021-06-17 14:52:27,B,1053.2,1,8
2021-06-17 14:52:27,B,1053.15,1,1
2021-06-17 14:52:27,B,1053.1,1,5
2021-06-17 14:52:27,B,1053.0,3,42
2021-06-17 14:52:27,B,1052.6,1,10
2021-06-17 14:52:28,S,1054.35,1,11
2021-06-17 14:52:28,S,1054.55,2,2
2021-06-17 14:52:28,S,1054.7,4,19
2021-06-17 14:52:28,S,1054.85,1,6
2021-06-17 14:52:28,S,1054.9,2,167
2021-06-17 14:52:28,B,1054.0,1,8
2021-06-17 14:52:28,B,1053.2,2,10
2021-06-17 14:52:28,B,1053.15,2,10
2021-06-17 14:52:28,B,1053.1,1,5
2021-06-17 14:52:28,B,1053.0,3,42
2021-06-17 14:52:30,S,1054.55,1,1
2021-06-17 14:52:30,S,1054.7,3,18
2021-06-17 14:52:30,S,1054.9,2,166
2021-06-17 14:52:30,S,1055.0,3,32
2021-06-17 14:52:30,S,1055.25,1,2
2021-06-17 14:52:30,B,1054.0,2,28
2021-06-17 14:52:30,B,1053.2,2,10
2021-06-17 14:52:30,B,1053.15,2,10
2021-06-17 14:52:30,B,1053.1,1,5
2021-06-17 14:52:30,B,1053.05,1,11
2021-06-17 14:52:32,S,1054.55,1,1
2021-06-17 14:52:32,S,1054.65,1,8
2021-06-17 14:52:32,S,1054.7,4,19
2021-06-17 14:52:32,S,1054.9,2,166
2021-06-17 14:52:32,S,1055.0,3,32
2021-06-17 14:52:32,B,1054.0,2,28
2021-06-17 14:52:32,B,1053.2,2,10
2021-06-17 14:52:32,B,1053.15,2,10
2021-06-17 14:52:32,B,1053.1,1,5
2021-06-17 14:52:32,B,1053.05,1,11
2021-06-17 14:52:33,S,1054.55,1,1
2021-06-17 14:52:33,S,1054.65,1,8
2021-06-17 14:52:33,S,1054.7,4,19
2021-06-17 14:52:33,S,1054.9,2,166
2021-06-17 14:52:33,S,1055.0,3,32
2021-06-17 14:52:33,B,1054.0,2,28
2021-06-17 14:52:33,B,1053.2,2,10
2021-06-17 14:52:33,B,1053.15,2,10
2021-06-17 14:52:33,B,1053.1,1,5
2021-06-17 14:52:33,B,1053.05,1,11
2021-06-17 14:52:34,S,1054.45,1,50
2021-06-17 14:52:34,S,1054.5,1,10
2021-06-17 14:52:34,S,1054.55,2,2
2021-06-17 14:52:34,S,1054.7,4,19
2021-06-17 14:52:34,S,1054.75,2,19
2021-06-17 14:52:34,B,1054.0,1,18
2021-06-17 14:52:34,B,1053.2,1,8
2021-06-17 14:52:34,B,1053.15,1,1
2021-06-17 14:52:34,B,1053.1,1,5
2021-06-17 14:52:34,B,1053.05,1,11
2021-06-17 14:52:36,S,1054.45,1,50
2021-06-17 14:52:36,S,1054.5,1,10
2021-06-17 14:52:36,S,1054.55,2,2
2021-06-17 14:52:36,S,1054.7,4,19
2021-06-17 14:52:36,S,1054.75,2,19
2021-06-17 14:52:36,B,1054.0,1,18
2021-06-17 14:52:36,B,1053.2,1,8
2021-06-17 14:52:36,B,1053.15,1,1
2021-06-17 14:52:36,B,1053.1,1,5
2021-06-17 14:52:36,B,1053.05,3,22
2021-06-17 14:52:37,S,1054.45,1,50
2021-06-17 14:52:37,S,1054.5,1,10
2021-06-17 14:52:37,S,1054.55,2,2
2021-06-17 14:52:37,S,1054.7,4,19
2021-06-17 14:52:37,S,1054.75,2,19
2021-06-17 14:52:37,B,1054.0,1,18
2021-06-17 14:52:37,B,1053.2,1,8
2021-06-17 14:52:37,B,1053.15,1,1
2021-06-17 14:52:37,B,1053.1,1,5
2021-06-17 14:52:37,B,1053.05,2,13
2021-06-17 14:52:40,S,1054.5,1,50
2021-06-17 14:52:40,S,1054.55,2,2
2021-06-17 14:52:40,S,1054.7,4,19
2021-06-17 14:52:40,S,1054.85,2,16
2021-06-17 14:52:40,S,1054.9,2,166
2021-06-17 14:52:40,B,1054.0,1,18
2021-06-17 14:52:40,B,1053.2,1,8
2021-06-17 14:52:40,B,1053.15,1,1
2021-06-17 14:52:40,B,1053.1,2,14
2021-06-17 14:52:40,B,1053.05,2,13
2021-06-17 14:52:42,S,1054.5,1,45
2021-06-17 14:52:42,S,1054.55,2,2
2021-06-17 14:52:42,S,1054.7,4,19
2021-06-17 14:52:42,S,1054.85,1,6
2021-06-17 14:52:42,S,1054.9,2,166
2021-06-17 14:52:42,B,1054.0,1,18
2021-06-17 14:52:42,B,1053.2,1,8
2021-06-17 14:52:42,B,1053.15,1,1
2021-06-17 14:52:42,B,1053.1,2,14
2021-06-17 14:52:42,B,1053.05,2,13
2021-06-17 14:52:58,S,1054.5,1,45
2021-06-17 14:52:58,S,1054.55,2,2
2021-06-17 14:52:58,S,1054.7,4,19
2021-06-17 14:52:58,S,1054.85,1,6
2021-06-17 14:52:58,S,1054.9,2,166
2021-06-17 14:52:58,B,1054.0,1,18
2021-06-17 14:52:58,B,1053.2,1,8
2021-06-17 14:52:58,B,1053.15,1,1
2021-06-17 14:52:58,B,1053.1,2,14
2021-06-17 14:52:58,B,1053.05,2,13
2021-06-17 14:53:00,S,1054.55,1,1
2021-06-17 14:53:00,S,1054.7,3,18
2021-06-17 14:53:00,S,1054.9,2,166
2021-06-17 14:53:00,S,1055.0,3,32
2021-06-17 14:53:00,S,1055.05,1,11
2021-06-17 14:53:00,B,1054.0,1,18
2021-06-17 14:53:00,B,1053.6,1,8
2021-06-17 14:53:00,B,1053.55,1,2
2021-06-17 14:53:00,B,1053.15,1,1
2021-06-17 14:53:00,B,1053.1,2,14
2021-06-17 14:53:00,S,1054.55,1,1
2021-06-17 14:53:00,S,1054.7,3,18
2021-06-17 14:53:00,S,1054.9,2,166
2021-06-17 14:53:00,S,1055.0,3,32
2021-06-17 14:53:00,S,1055.05,1,11
2021-06-17 14:53:00,B,1054.0,1,18
2021-06-17 14:53:00,B,1053.6,1,8
2021-06-17 14:53:00,B,1053.55,1,2
2021-06-17 14:53:00,B,1053.15,1,1
2021-06-17 14:53:00,B,1053.1,2,14
2021-06-17 14:53:02,S,1054.7,3,17
2021-06-17 14:53:02,S,1054.9,1,165
2021-06-17 14:53:02,S,1055.0,4,33
2021-06-17 14:53:02,S,1055.05,1,11
2021-06-17 14:53:02,S,1055.25,1,2
2021-06-17 14:53:02,B,1054.0,1,18
2021-06-17 14:53:02,B,1053.6,1,8
2021-06-17 14:53:02,B,1053.55,1,2
2021-06-17 14:53:02,B,1053.15,1,1
2021-06-17 14:53:02,B,1053.1,2,14
2021-06-17 14:53:03,S,1054.7,3,17
2021-06-17 14:53:03,S,1054.9,1,165
2021-06-17 14:53:03,S,1055.0,4,33
2021-06-17 14:53:03,S,1055.05,1,11
2021-06-17 14:53:03,S,1055.25,1,2
2021-06-17 14:53:03,B,1054.0,1,18
2021-06-17 14:53:03,B,1053.6,1,8
2021-06-17 14:53:03,B,1053.55,1,2
2021-06-17 14:53:03,B,1053.15,1,1
2021-06-17 14:53:03,B,1053.1,2,14
2021-06-17 14:53:04,S,1054.0,1,45
2021-06-17 14:53:04,S,1054.1,1,9
2021-06-17 14:53:04,S,1054.3,1,2
2021-06-17 14:53:04,S,1054.5,2,2
2021-06-17 14:53:04,S,1054.6,1,2
2021-06-17 14:53:04,B,1053.15,1,1
2021-06-17 14:53:04,B,1053.1,1,5
2021-06-17 14:53:04,B,1053.05,1,8
2021-06-17 14:53:04,B,1053.0,3,42
2021-06-17 14:53:04,B,1052.55,1,2
2021-06-17 14:53:09,S,1054.0,1,45
2021-06-17 14:53:09,S,1054.1,1,9
2021-06-17 14:53:09,S,1054.3,1,2
2021-06-17 14:53:09,S,1054.5,2,2
2021-06-17 14:53:09,S,1054.6,1,2
2021-06-17 14:53:09,B,1053.15,1,1
2021-06-17 14:53:09,B,1053.1,1,5
2021-06-17 14:53:09,B,1053.05,1,8
2021-06-17 14:53:09,B,1053.0,3,42
2021-06-17 14:53:09,B,1052.55,1,2
2021-06-17 14:53:11,S,1053.7,1,9
2021-06-17 14:53:11,S,1053.8,1,4
2021-06-17 14:53:11,S,1053.85,1,10
2021-06-17 14:53:11,S,1054.0,1,45
2021-06-17 14:53:11,S,1054.15,1,9
2021-06-17 14:53:11,B,1053.0,3,42
2021-06-17 14:53:11,B,1052.6,1,8
2021-06-17 14:53:11,B,1052.55,1,2
2021-06-17 14:53:11,B,1052.15,1,9
2021-06-17 14:53:11,B,1052.1,1,3
2021-06-17 14:53:16,S,1053.95,1,4
2021-06-17 14:53:16,S,1054.0,1,45
2021-06-17 14:53:16,S,1054.15,2,19
2021-06-17 14:53:16,S,1054.3,1,2
2021-06-17 14:53:16,S,1054.45,1,9
2021-06-17 14:53:16,B,1053.0,3,42
2021-06-17 14:53:16,B,1052.6,1,8
2021-06-17 14:53:16,B,1052.55,1,2
2021-06-17 14:53:16,B,1052.35,1,9
2021-06-17 14:53:16,B,1052.15,1,9
2021-06-17 14:53:18,S,1053.95,1,4
2021-06-17 14:53:18,S,1054.0,1,45
2021-06-17 14:53:18,S,1054.15,2,19
2021-06-17 14:53:18,S,1054.3,1,2
2021-06-17 14:53:18,S,1054.45,1,9
2021-06-17 14:53:18,B,1053.0,3,42
2021-06-17 14:53:18,B,1052.6,1,8
2021-06-17 14:53:18,B,1052.55,1,2
2021-06-17 14:53:18,B,1052.15,1,9
2021-06-17 14:53:18,B,1052.1,1,3
2021-06-17 14:53:21,S,1053.95,1,4
2021-06-17 14:53:21,S,1054.0,1,45
2021-06-17 14:53:21,S,1054.15,2,19
2021-06-17 14:53:21,S,1054.3,1,2
2021-06-17 14:53:21,S,1054.45,1,9
2021-06-17 14:53:21,B,1053.0,3,42
2021-06-17 14:53:21,B,1052.6,1,8
2021-06-17 14:53:21,B,1052.55,1,2
2021-06-17 14:53:21,B,1052.4,1,9
2021-06-17 14:53:21,B,1052.15,1,9
2021-06-17 14:53:24,S,1053.95,1,4
2021-06-17 14:53:24,S,1054.0,1,45
2021-06-17 14:53:24,S,1054.15,2,19
2021-06-17 14:53:24,S,1054.3,1,2
2021-06-17 14:53:24,S,1054.45,1,9
2021-06-17 14:53:24,B,1053.0,3,42
2021-06-17 14:53:24,B,1052.6,1,8
2021-06-17 14:53:24,B,1052.55,1,2
2021-06-17 14:53:24,B,1052.15,1,9
2021-06-17 14:53:24,B,1052.1,1,3
2021-06-17 14:53:26,S,1053.95,1,4
2021-06-17 14:53:26,S,1054.0,1,45
2021-06-17 14:53:26,S,1054.15,2,19
2021-06-17 14:53:26,S,1054.3,1,2
2021-06-17 14:53:26,S,1054.45,1,9
2021-06-17 14:53:26,B,1053.0,3,42
2021-06-17 14:53:26,B,1052.6,1,8
2021-06-17 14:53:26,B,1052.55,1,2
2021-06-17 14:53:26,B,1052.45,1,10
2021-06-17 14:53:26,B,1052.15,1,9
2021-06-17 14:53:31,S,1053.95,2,5
2021-06-17 14:53:31,S,1054.0,1,45
2021-06-17 14:53:31,S,1054.15,2,19
2021-06-17 14:53:31,S,1054.3,1,2
2021-06-17 14:53:31,S,1054.45,1,9
2021-06-17 14:53:31,B,1053.0,3,42
2021-06-17 14:53:31,B,1052.6,1,8
2021-06-17 14:53:31,B,1052.55,1,2
2021-06-17 14:53:31,B,1052.45,1,10
2021-06-17 14:53:31,B,1052.15,1,9
2021-06-17 14:53:48,S,1053.95,2,5
2021-06-17 14:53:48,S,1054.0,1,45
2021-06-17 14:53:48,S,1054.15,2,19
2021-06-17 14:53:48,S,1054.3,1,2
2021-06-17 14:53:48,S,1054.45,1,9
2021-06-17 14:53:48,B,1053.0,3,42
2021-06-17 14:53:48,B,1052.6,1,8
2021-06-17 14:53:48,B,1052.55,1,2
2021-06-17 14:53:48,B,1052.45,1,10
2021-06-17 14:53:48,B,1052.15,1,9
2021-06-17 14:53:55,S,1053.95,1,1
2021-06-17 14:53:55,S,1054.0,1,45
2021-06-17 14:53:55,S,1054.25,1,4
2021-06-17 14:53:55,S,1054.3,1,2
2021-06-17 14:53:55,S,1054.45,1,9
2021-06-17 14:53:55,B,1053.5,1,5
2021-06-17 14:53:55,B,1053.1,1,8
2021-06-17 14:53:55,B,1053.05,1,37
2021-06-17 14:53:55,B,1053.0,2,5
2021-06-17 14:53:55,B,1052.55,1,2
2021-06-17 14:54:00,S,1053.95,1,1
2021-06-17 14:54:00,S,1054.0,1,45
2021-06-17 14:54:00,S,1054.25,1,4
2021-06-17 14:54:00,S,1054.3,1,2
2021-06-17 14:54:00,S,1054.45,1,9
2021-06-17 14:54:00,B,1053.5,1,5
2021-06-17 14:54:00,B,1053.1,1,8
2021-06-17 14:54:00,B,1053.05,1,37
2021-06-17 14:54:00,B,1053.0,2,5
2021-06-17 14:54:00,B,1052.55,1,2
2021-06-17 14:54:01,S,1054.0,1,45
2021-06-17 14:54:01,S,1054.25,1,4
2021-06-17 14:54:01,S,1054.3,1,2
2021-06-17 14:54:01,S,1054.45,1,9
2021-06-17 14:54:01,S,1054.5,1,1
2021-06-17 14:54:01,B,1053.5,1,5
2021-06-17 14:54:01,B,1053.1,1,8
2021-06-17 14:54:01,B,1053.05,1,37
2021-06-17 14:54:01,B,1053.0,2,5
2021-06-17 14:54:01,B,1052.75,1,9
2021-06-17 14:54:08,S,1054.0,1,45
2021-06-17 14:54:08,S,1054.25,1,4
2021-06-17 14:54:08,S,1054.3,1,2
2021-06-17 14:54:08,S,1054.5,1,1
2021-06-17 14:54:08,S,1054.6,1,2
2021-06-17 14:54:08,B,1053.5,1,5
2021-06-17 14:54:08,B,1053.1,1,8
2021-06-17 14:54:08,B,1053.05,2,46
2021-06-17 14:54:08,B,1053.0,2,5
2021-06-17 14:54:08,B,1052.75,1,9
2021-06-17 14:54:10,S,1054.0,1,45
2021-06-17 14:54:10,S,1054.25,1,4
2021-06-17 14:54:10,S,1054.3,1,2
2021-06-17 14:54:10,S,1054.5,1,1
2021-06-17 14:54:10,S,1054.6,1,2
2021-06-17 14:54:10,B,1053.5,1,5
2021-06-17 14:54:10,B,1053.1,1,8
2021-06-17 14:54:10,B,1053.05,2,46
2021-06-17 14:54:10,B,1053.0,2,5
2021-06-17 14:54:10,B,1052.75,1,9
2021-06-17 14:54:10,S,1054.5,1,1
2021-06-17 14:54:10,S,1054.65,1,4
2021-06-17 14:54:10,S,1054.7,4,18
2021-06-17 14:54:10,S,1054.85,1,1
2021-06-17 14:54:10,S,1054.9,1,165
2021-06-17 14:54:10,B,1054.0,1,55
2021-06-17 14:54:10,B,1053.65,1,8
2021-06-17 14:54:10,B,1053.6,1,9
2021-06-17 14:54:10,B,1053.5,1,5
2021-06-17 14:54:10,B,1053.05,1,37
2021-06-17 14:54:18,S,1054.5,1,1
2021-06-17 14:54:18,S,1054.65,1,4
2021-06-17 14:54:18,S,1054.7,4,18
2021-06-17 14:54:18,S,1054.85,2,3
2021-06-17 14:54:18,S,1054.9,1,165
2021-06-17 14:54:18,B,1054.0,1,55
2021-06-17 14:54:18,B,1053.55,1,8
2021-06-17 14:54:18,B,1053.5,1,5
2021-06-17 14:54:18,B,1053.35,2,12
2021-06-17 14:54:18,B,1053.1,1,2
2021-06-17 14:54:21,S,1054.45,1,4
2021-06-17 14:54:21,S,1054.5,1,1
2021-06-17 14:54:21,S,1054.7,4,18
2021-06-17 14:54:21,S,1054.85,2,3
2021-06-17 14:54:21,S,1054.9,1,165
2021-06-17 14:54:21,B,1053.55,1,8
2021-06-17 14:54:21,B,1053.5,1,5
2021-06-17 14:54:21,B,1053.1,1,9
2021-06-17 14:54:21,B,1053.05,1,37
2021-06-17 14:54:21,B,1053.0,2,5
2021-06-17 14:54:24,S,1054.45,1,4
2021-06-17 14:54:24,S,1054.5,1,1
2021-06-17 14:54:24,S,1054.65,1,10
2021-06-17 14:54:24,S,1054.7,4,18
2021-06-17 14:54:24,S,1054.85,2,3
2021-06-17 14:54:24,B,1053.55,1,8
2021-06-17 14:54:24,B,1053.5,1,5
2021-06-17 14:54:24,B,1053.05,1,37
2021-06-17 14:54:24,B,1053.0,2,5
2021-06-17 14:54:24,B,1052.95,1,2
2021-06-17 14:54:25,S,1054.45,1,4
2021-06-17 14:54:25,S,1054.5,1,1
2021-06-17 14:54:25,S,1054.65,1,10
2021-06-17 14:54:25,S,1054.7,4,18
2021-06-17 14:54:25,S,1054.85,2,3
2021-06-17 14:54:25,B,1053.55,1,8
2021-06-17 14:54:25,B,1053.5,1,5
2021-06-17 14:54:25,B,1053.05,1,37
2021-06-17 14:54:25,B,1053.0,2,5
2021-06-17 14:54:25,B,1052.95,1,2
2021-06-17 14:54:27,S,1054.45,1,5
2021-06-17 14:54:27,S,1054.5,1,1
2021-06-17 14:54:27,S,1054.65,1,10
2021-06-17 14:54:27,S,1054.7,4,18
2021-06-17 14:54:27,S,1054.85,2,3
2021-06-17 14:54:27,B,1053.55,1,8
2021-06-17 14:54:27,B,1053.5,1,5
2021-06-17 14:54:27,B,1053.05,1,37
2021-06-17 14:54:27,B,1053.0,2,5
2021-06-17 14:54:27,B,1052.95,1,2
2021-06-17 14:54:29,S,1054.35,1,5
2021-06-17 14:54:29,S,1054.4,3,12
2021-06-17 14:54:29,S,1054.45,1,12
2021-06-17 14:54:29,S,1054.5,1,1
2021-06-17 14:54:29,S,1054.7,4,18
2021-06-17 14:54:29,B,1053.5,1,5
2021-06-17 14:54:29,B,1053.1,1,8
2021-06-17 14:54:29,B,1053.05,1,37
2021-06-17 14:54:29,B,1053.0,2,5
2021-06-17 14:54:29,B,1052.95,1,2
2021-06-17 14:54:31,S,1054.15,2,6
2021-06-17 14:54:31,S,1054.2,1,30
2021-06-17 14:54:31,S,1054.35,1,1
2021-06-17 14:54:31,S,1054.4,2,3
2021-06-17 14:54:31,S,1054.45,2,11
2021-06-17 14:54:31,B,1053.5,1,5
2021-06-17 14:54:31,B,1053.1,1,8
2021-06-17 14:54:31,B,1053.05,1,37
2021-06-17 14:54:31,B,1053.0,2,5
2021-06-17 14:54:31,B,1052.75,1,9
2021-06-17 14:54:38,S,1054.15,2,6
2021-06-17 14:54:38,S,1054.2,2,31
2021-06-17 14:54:38,S,1054.35,1,1
2021-06-17 14:54:38,S,1054.4,2,3
2021-06-17 14:54:38,S,1054.45,3,23
2021-06-17 14:54:38,B,1053.5,1,5
2021-06-17 14:54:38,B,1053.1,1,8
2021-06-17 14:54:38,B,1053.05,1,37
2021-06-17 14:54:38,B,1053.0,2,5
2021-06-17 14:54:38,B,1052.75,1,9
2021-06-17 14:54:48,S,1054.15,1,5
2021-06-17 14:54:48,S,1054.2,1,30
2021-06-17 14:54:48,S,1054.4,2,3
2021-06-17 14:54:48,S,1054.45,3,23
2021-06-17 14:54:48,S,1054.5,1,1
2021-06-17 14:54:48,B,1053.5,1,5
2021-06-17 14:54:48,B,1053.1,1,8
2021-06-17 14:54:48,B,1053.05,1,37
2021-06-17 14:54:48,B,1053.0,2,5
2021-06-17 14:54:48,B,1052.75,1,9
2021-06-17 14:54:48,S,1054.15,1,5
2021-06-17 14:54:48,S,1054.2,1,30
2021-06-17 14:54:48,S,1054.4,2,3
2021-06-17 14:54:48,S,1054.45,3,23
2021-06-17 14:54:48,S,1054.5,1,1
2021-06-17 14:54:48,B,1053.5,1,5
2021-06-17 14:54:48,B,1053.1,1,8
2021-06-17 14:54:48,B,1053.05,1,37
2021-06-17 14:54:48,B,1053.0,2,5
2021-06-17 14:54:48,B,1052.75,1,9
2021-06-17 14:54:50,S,1054.15,1,4
2021-06-17 14:54:50,S,1054.2,1,30
2021-06-17 14:54:50,S,1054.4,2,3
2021-06-17 14:54:50,S,1054.45,3,23
2021-06-17 14:54:50,S,1054.5,1,1
2021-06-17 14:54:50,B,1053.5,1,5
2021-06-17 14:54:50,B,1053.1,1,8
2021-06-17 14:54:50,B,1053.05,1,37
2021-06-17 14:54:50,B,1053.0,2,5
2021-06-17 14:54:50,B,1052.75,1,9
2021-06-17 14:54:53,S,1054.15,1,4
2021-06-17 14:54:53,S,1054.2,1,30
2021-06-17 14:54:53,S,1054.4,2,3
2021-06-17 14:54:53,S,1054.45,3,23
2021-06-17 14:54:53,S,1054.5,1,1
2021-06-17 14:54:53,B,1053.5,1,5
2021-06-17 14:54:53,B,1053.1,1,8
2021-06-17 14:54:53,B,1053.05,1,37
2021-06-17 14:54:53,B,1053.0,2,5
2021-06-17 14:54:53,B,1052.75,1,9
2021-06-17 14:54:55,S,1054.15,1,4
2021-06-17 14:54:55,S,1054.2,1,30
2021-06-17 14:54:55,S,1054.4,2,3
2021-06-17 14:54:55,S,1054.45,3,23
2021-06-17 14:54:55,S,1054.5,1,1
2021-06-17 14:54:55,B,1053.5,1,5
2021-06-17 14:54:55,B,1053.1,1,8
2021-06-17 14:54:55,B,1053.05,1,37
2021-06-17 14:54:55,B,1053.0,2,5
2021-06-17 14:54:55,B,1052.75,1,9
2021-06-17 14:55:03,S,1054.15,1,4
2021-06-17 14:55:03,S,1054.2,1,30
2021-06-17 14:55:03,S,1054.4,2,3
2021-06-17 14:55:03,S,1054.45,3,23
2021-06-17 14:55:03,S,1054.5,1,1
2021-06-17 14:55:03,B,1053.5,1,5
2021-06-17 14:55:03,B,1053.1,1,8
2021-06-17 14:55:03,B,1053.05,1,37
2021-06-17 14:55:03,B,1053.0,2,5
2021-06-17 14:55:03,B,1052.75,1,9
2021-06-17 14:55:04,S,1054.2,1,29
2021-06-17 14:55:04,S,1054.4,1,2
2021-06-17 14:55:04,S,1054.5,1,1
2021-06-17 14:55:04,S,1054.65,1,6
2021-06-17 14:55:04,S,1054.7,4,18
2021-06-17 14:55:04,B,1053.5,1,5
2021-06-17 14:55:04,B,1053.1,1,8
2021-06-17 14:55:04,B,1053.05,2,38
2021-06-17 14:55:04,B,1053.0,2,5
2021-06-17 14:55:04,B,1052.85,1,2
2021-06-17 14:55:11,S,1054.2,1,29
2021-06-17 14:55:11,S,1054.4,1,2
2021-06-17 14:55:11,S,1054.5,1,1
2021-06-17 14:55:11,S,1054.65,1,6
2021-06-17 14:55:11,S,1054.7,4,18
2021-06-17 14:55:11,B,1053.5,1,5
2021-06-17 14:55:11,B,1053.1,1,8
2021-06-17 14:55:11,B,1053.05,2,38
2021-06-17 14:55:11,B,1053.0,2,5
2021-06-17 14:55:11,B,1052.85,1,2
2021-06-17 14:55:13,S,1054.5,1,1
2021-06-17 14:55:13,S,1054.7,4,18
2021-06-17 14:55:13,S,1054.85,2,3
2021-06-17 14:55:13,S,1054.9,1,165
2021-06-17 14:55:13,S,1055.0,3,32
2021-06-17 14:55:13,B,1053.55,1,8
2021-06-17 14:55:13,B,1053.5,1,5
2021-06-17 14:55:13,B,1053.25,2,10
2021-06-17 14:55:13,B,1053.05,2,38
2021-06-17 14:55:13,B,1053.0,2,5
2021-06-17 14:55:15,S,1054.5,1,1
2021-06-17 14:55:15,S,1054.7,5,19
2021-06-17 14:55:15,S,1054.85,3,9
2021-06-17 14:55:15,S,1054.9,1,165
2021-06-17 14:55:15,S,1055.0,3,32
2021-06-17 14:55:15,B,1054.2,1,1
2021-06-17 14:55:15,B,1053.55,1,8
2021-06-17 14:55:15,B,1053.5,1,5
2021-06-17 14:55:15,B,1053.25,1,9
2021-06-17 14:55:15,B,1053.05,2,38
2021-06-17 14:55:16,S,1054.5,1,1
2021-06-17 14:55:16,S,1054.7,5,19
2021-06-17 14:55:16,S,1054.85,3,9
2021-06-17 14:55:16,S,1054.9,1,165
2021-06-17 14:55:16,S,1055.0,3,32
2021-06-17 14:55:16,B,1054.2,1,1
2021-06-17 14:55:16,B,1053.55,1,8
2021-06-17 14:55:16,B,1053.5,1,5
2021-06-17 14:55:16,B,1053.25,1,9
2021-06-17 14:55:16,B,1053.05,2,38
2021-06-17 14:55:18,S,1054.7,2,9
2021-06-17 14:55:18,S,1054.85,2,3
2021-06-17 14:55:18,S,1054.9,1,165
2021-06-17 14:55:18,S,1055.0,3,32
2021-06-17 14:55:18,S,1055.3,1,2
2021-06-17 14:55:18,B,1054.2,1,1
2021-06-17 14:55:18,B,1053.85,1,8
2021-06-17 14:55:18,B,1053.8,1,10
2021-06-17 14:55:18,B,1053.7,1,1
2021-06-17 14:55:18,B,1053.65,2,6
2021-06-17 14:55:20,S,1054.7,2,9
2021-06-17 14:55:20,S,1054.85,2,3
2021-06-17 14:55:20,S,1054.9,1,165
2021-06-17 14:55:20,S,1055.0,3,32
2021-06-17 14:55:20,S,1055.3,2,8
2021-06-17 14:55:20,B,1054.2,1,1
2021-06-17 14:55:20,B,1053.95,1,10
2021-06-17 14:55:20,B,1053.75,1,8
2021-06-17 14:55:20,B,1053.7,1,1
2021-06-17 14:55:20,B,1053.65,2,6
2021-06-17 14:55:24,S,1054.7,2,9
2021-06-17 14:55:24,S,1054.85,2,3
2021-06-17 14:55:24,S,1054.9,1,165
2021-06-17 14:55:24,S,1055.0,3,32
2021-06-17 14:55:24,S,1055.3,2,8
2021-06-17 14:55:24,B,1054.2,1,1
2021-06-17 14:55:24,B,1053.95,1,10
2021-06-17 14:55:24,B,1053.75,1,8
2021-06-17 14:55:24,B,1053.7,1,1
2021-06-17 14:55:24,B,1053.65,2,6
2021-06-17 14:55:25,S,1054.7,2,8
2021-06-17 14:55:25,S,1054.85,1,1
2021-06-17 14:55:25,S,1054.9,1,165
2021-06-17 14:55:25,S,1055.0,3,32
2021-06-17 14:55:25,S,1055.3,2,8
2021-06-17 14:55:25,B,1054.2,1,1
2021-06-17 14:55:25,B,1053.95,1,10
2021-06-17 14:55:25,B,1053.75,1,8
2021-06-17 14:55:25,B,1053.7,1,1
2021-06-17 14:55:25,B,1053.65,2,6
2021-06-17 14:55:30,S,1054.7,2,8
2021-06-17 14:55:30,S,1054.85,1,1
2021-06-17 14:55:30,S,1054.9,1,165
2021-06-17 14:55:30,S,1055.0,3,32
2021-06-17 14:55:30,S,1055.3,1,2
2021-06-17 14:55:30,B,1054.2,1,1
2021-06-17 14:55:30,B,1054.05,1,9
2021-06-17 14:55:30,B,1054.0,1,50
2021-06-17 14:55:30,B,1053.75,1,8
2021-06-17 14:55:30,B,1053.7,1,1
2021-06-17 14:55:30,S,1054.7,2,8
2021-06-17 14:55:30,S,1054.85,1,1
2021-06-17 14:55:30,S,1054.9,1,165
2021-06-17 14:55:30,S,1055.0,3,32
2021-06-17 14:55:30,S,1055.3,1,2
2021-06-17 14:55:30,B,1054.2,1,1
2021-06-17 14:55:30,B,1054.05,1,9
2021-06-17 14:55:30,B,1054.0,1,50
2021-06-17 14:55:30,B,1053.75,1,8
2021-06-17 14:55:30,B,1053.7,1,1
2021-06-17 14:55:32,S,1054.7,2,8
2021-06-17 14:55:32,S,1054.85,1,1
2021-06-17 14:55:32,S,1054.9,1,165
2021-06-17 14:55:32,S,1055.0,3,32
2021-06-17 14:55:32,S,1055.3,1,2
2021-06-17 14:55:32,B,1054.0,1,1
2021-06-17 14:55:32,B,1053.85,1,10
2021-06-17 14:55:32,B,1053.75,2,9
2021-06-17 14:55:32,B,1053.7,2,2
2021-06-17 14:55:32,B,1053.65,2,6
2021-06-17 14:55:39,S,1054.7,2,8
2021-06-17 14:55:39,S,1054.85,1,1
2021-06-17 14:55:39,S,1054.9,1,165
2021-06-17 14:55:39,S,1055.0,3,32
2021-06-17 14:55:39,S,1055.05,1,10
2021-06-17 14:55:39,B,1054.0,1,1
2021-06-17 14:55:39,B,1053.75,2,9
2021-06-17 14:55:39,B,1053.7,2,2
2021-06-17 14:55:39,B,1053.65,2,6
2021-06-17 14:55:39,B,1053.6,3,17
2021-06-17 14:55:42,S,1054.7,2,8
2021-06-17 14:55:42,S,1054.85,1,1
2021-06-17 14:55:42,S,1054.9,1,165
2021-06-17 14:55:42,S,1055.0,3,32
2021-06-17 14:55:42,S,1055.05,1,10
2021-06-17 14:55:42,B,1054.0,1,1
2021-06-17 14:55:42,B,1053.75,2,9
2021-06-17 14:55:42,B,1053.7,3,12
2021-06-17 14:55:42,B,1053.65,2,6
2021-06-17 14:55:42,B,1053.6,3,17
2021-06-17 14:55:45,S,1054.7,2,8
2021-06-17 14:55:45,S,1054.85,1,1
2021-06-17 14:55:45,S,1054.9,1,165
2021-06-17 14:55:45,S,1055.0,3,32
2021-06-17 14:55:45,S,1055.05,1,10
2021-06-17 14:55:45,B,1054.0,1,1
2021-06-17 14:55:45,B,1053.75,2,9
2021-06-17 14:55:45,B,1053.7,3,12
2021-06-17 14:55:45,B,1053.65,2,6
2021-06-17 14:55:45,B,1053.6,3,17
2021-06-17 14:55:46,S,1054.9,1,130
2021-06-17 14:55:46,S,1055.0,3,32
2021-06-17 14:55:46,S,1055.3,1,2
2021-06-17 14:55:46,S,1055.35,1,12
2021-06-17 14:55:46,S,1055.6,1,6
2021-06-17 14:55:46,B,1054.0,2,11
2021-06-17 14:55:46,B,1053.9,1,8
2021-06-17 14:55:46,B,1053.85,2,3
2021-06-17 14:55:46,B,1053.75,1,1
2021-06-17 14:55:46,B,1053.7,2,11
2021-06-17 14:55:48,S,1054.9,2,132
2021-06-17 14:55:48,S,1055.0,3,32
2021-06-17 14:55:48,S,1055.3,1,2
2021-06-17 14:55:48,S,1055.35,1,12
2021-06-17 14:55:48,S,1055.6,1,6
2021-06-17 14:55:48,B,1054.0,2,11
2021-06-17 14:55:48,B,1053.95,1,10
2021-06-17 14:55:48,B,1053.9,2,9
2021-06-17 14:55:48,B,1053.85,2,3
2021-06-17 14:55:48,B,1053.7,2,11
2021-06-17 14:55:57,S,1054.9,2,132
2021-06-17 14:55:57,S,1055.0,3,32
2021-06-17 14:55:57,S,1055.3,1,2
2021-06-17 14:55:57,S,1055.35,1,12
2021-06-17 14:55:57,S,1055.6,1,6
2021-06-17 14:55:57,B,1054.0,2,11
2021-06-17 14:55:57,B,1053.95,1,10
2021-06-17 14:55:57,B,1053.9,2,9
2021-06-17 14:55:57,B,1053.85,2,3
2021-06-17 14:55:57,B,1053.7,2,11
2021-06-17 14:55:57,S,1054.9,2,132
2021-06-17 14:55:57,S,1055.0,3,32
2021-06-17 14:55:57,S,1055.3,3,9
2021-06-17 14:55:57,S,1055.35,2,21
2021-06-17 14:55:57,S,1055.65,3,23
2021-06-17 14:55:57,B,1053.75,1,8
2021-06-17 14:55:57,B,1053.7,2,11
2021-06-17 14:55:57,B,1053.65,1,5
2021-06-17 14:55:57,B,1053.6,1,7
2021-06-17 14:55:57,B,1053.5,1,5
2021-06-17 14:56:00,S,1054.9,2,132
2021-06-17 14:56:00,S,1055.0,3,32
2021-06-17 14:56:00,S,1055.3,3,9
2021-06-17 14:56:00,S,1055.35,2,21
2021-06-17 14:56:00,S,1055.65,3,23
2021-06-17 14:56:00,B,1054.0,1,10
2021-06-17 14:56:00,B,1053.75,1,8
2021-06-17 14:56:00,B,1053.7,4,14
2021-06-17 14:56:00,B,1053.65,1,5
2021-06-17 14:56:00,B,1053.6,1,7
2021-06-17 14:56:01,S,1054.9,2,132
2021-06-17 14:56:01,S,1055.0,3,32
2021-06-17 14:56:01,S,1055.3,3,9
2021-06-17 14:56:01,S,1055.35,2,21
2021-06-17 14:56:01,S,1055.65,3,23
2021-06-17 14:56:01,B,1054.0,1,10
2021-06-17 14:56:01,B,1053.75,1,8
2021-06-17 14:56:01,B,1053.7,4,14
2021-06-17 14:56:01,B,1053.65,1,5
2021-06-17 14:56:01,B,1053.6,1,7
2021-06-17 14:56:03,S,1054.0,1,10
2021-06-17 14:56:03,S,1054.8,1,9
2021-06-17 14:56:03,S,1054.9,2,132
2021-06-17 14:56:03,S,1055.0,3,32
2021-06-17 14:56:03,S,1055.05,1,11
2021-06-17 14:56:03,B,1053.7,1,10
2021-06-17 14:56:03,B,1053.5,1,5
2021-06-17 14:56:03,B,1053.2,2,9
2021-06-17 14:56:03,B,1053.15,1,2
2021-06-17 14:56:03,B,1053.05,2,38
2021-06-17 14:56:04,S,1054.0,1,10
2021-06-17 14:56:04,S,1054.8,1,9
2021-06-17 14:56:04,S,1054.9,2,132
2021-06-17 14:56:04,S,1055.0,3,32
2021-06-17 14:56:04,S,1055.05,1,11
2021-06-17 14:56:04,B,1053.7,1,10
2021-06-17 14:56:04,B,1053.5,1,5
2021-06-17 14:56:04,B,1053.2,2,9
2021-06-17 14:56:04,B,1053.15,1,2
2021-06-17 14:56:04,B,1053.05,2,38
2021-06-17 14:56:05,S,1054.0,1,5
2021-06-17 14:56:05,S,1054.5,1,2
2021-06-17 14:56:05,S,1054.75,2,11
2021-06-17 14:56:05,S,1054.8,1,9
2021-06-17 14:56:05,S,1054.85,1,6
2021-06-17 14:56:05,B,1053.7,1,10
2021-06-17 14:56:05,B,1053.2,2,9
2021-06-17 14:56:05,B,1053.15,2,3
2021-06-17 14:56:05,B,1053.05,2,38
2021-06-17 14:56:05,B,1053.0,2,5
2021-06-17 14:56:10,S,1054.0,1,5
2021-06-17 14:56:10,S,1054.5,1,2
2021-06-17 14:56:10,S,1054.75,2,11
2021-06-17 14:56:10,S,1054.8,1,9
2021-06-17 14:56:10,S,1054.85,1,6
2021-06-17 14:56:10,B,1053.7,1,10
2021-06-17 14:56:10,B,1053.2,2,9
2021-06-17 14:56:10,B,1053.15,2,3
2021-06-17 14:56:10,B,1053.05,2,38
2021-06-17 14:56:10,B,1053.0,2,5
2021-06-17 14:56:12,S,1054.0,1,4
2021-06-17 14:56:12,S,1054.5,1,2
2021-06-17 14:56:12,S,1054.75,2,11
2021-06-17 14:56:12,S,1054.8,1,9
2021-06-17 14:56:12,S,1054.85,1,6
2021-06-17 14:56:12,B,1053.7,1,10
2021-06-17 14:56:12,B,1053.2,2,9
2021-06-17 14:56:12,B,1053.15,2,3
2021-06-17 14:56:12,B,1053.05,2,38
2021-06-17 14:56:12,B,1053.0,2,5
2021-06-17 14:56:15,S,1054.0,1,4
2021-06-17 14:56:15,S,1054.5,1,2
2021-06-17 14:56:15,S,1054.75,2,11
2021-06-17 14:56:15,S,1054.8,1,9
2021-06-17 14:56:15,S,1054.85,1,6
2021-06-17 14:56:15,B,1053.7,1,10
2021-06-17 14:56:15,B,1053.2,2,9
2021-06-17 14:56:15,B,1053.15,2,3
2021-06-17 14:56:15,B,1053.05,2,38
2021-06-17 14:56:15,B,1053.0,2,5
2021-06-17 14:56:16,S,1054.0,1,4
2021-06-17 14:56:16,S,1054.5,1,2
2021-06-17 14:56:16,S,1054.75,2,11
2021-06-17 14:56:16,S,1054.8,1,9
2021-06-17 14:56:16,S,1054.85,1,6
2021-06-17 14:56:16,B,1053.7,1,10
2021-06-17 14:56:16,B,1053.2,2,9
2021-06-17 14:56:16,B,1053.15,2,3
2021-06-17 14:56:16,B,1053.05,2,38
2021-06-17 14:56:16,B,1053.0,2,5
2021-06-17 14:56:17,S,1054.0,1,2
2021-06-17 14:56:17,S,1054.25,1,9
2021-06-17 14:56:17,S,1054.45,1,12
2021-06-17 14:56:17,S,1054.5,1,2
2021-06-17 14:56:17,S,1054.75,2,11
2021-06-17 14:56:17,B,1053.7,1,10
2021-06-17 14:56:17,B,1053.1,1,8
2021-06-17 14:56:17,B,1053.05,2,38
2021-06-17 14:56:17,B,1053.0,2,5
2021-06-17 14:56:17,B,1052.75,1,9
2021-06-17 14:56:22,S,1054.0,1,2
2021-06-17 14:56:22,S,1054.5,2,11
2021-06-17 14:56:22,S,1054.75,3,12
2021-06-17 14:56:22,S,1054.8,1,10
2021-06-17 14:56:22,S,1054.85,1,6
2021-06-17 14:56:22,B,1053.7,1,10
2021-06-17 14:56:22,B,1053.1,1,8
2021-06-17 14:56:22,B,1053.05,2,38
2021-06-17 14:56:22,B,1053.0,2,5
2021-06-17 14:56:22,B,1052.75,1,9
2021-06-17 14:56:27,S,1054.0,1,2
2021-06-17 14:56:27,S,1054.5,1,2
2021-06-17 14:56:27,S,1054.6,1,9
2021-06-17 14:56:27,S,1054.75,3,12
2021-06-17 14:56:27,S,1054.8,1,10
2021-06-17 14:56:27,B,1053.7,1,10
2021-06-17 14:56:27,B,1053.1,1,8
2021-06-17 14:56:27,B,1053.05,2,38
2021-06-17 14:56:27,B,1053.0,2,5
2021-06-17 14:56:27,B,1052.75,1,9
2021-06-17 14:56:30,S,1054.0,1,2
2021-06-17 14:56:30,S,1054.5,1,2
2021-06-17 14:56:30,S,1054.6,1,9
2021-06-17 14:56:30,S,1054.75,3,12
2021-06-17 14:56:30,S,1054.8,1,10
2021-06-17 14:56:30,B,1053.7,1,10
2021-06-17 14:56:30,B,1053.1,1,8
2021-06-17 14:56:30,B,1053.05,2,38
2021-06-17 14:56:30,B,1053.0,2,5
2021-06-17 14:56:30,B,1052.75,1,9
2021-06-17 14:56:32,S,1054.8,1,2
2021-06-17 14:56:32,S,1054.85,1,6
2021-06-17 14:56:32,S,1054.9,1,130
2021-06-17 14:56:32,S,1055.0,3,32
2021-06-17 14:56:32,S,1055.05,1,2
2021-06-17 14:56:32,B,1053.7,1,10
2021-06-17 14:56:32,B,1053.1,1,8
2021-06-17 14:56:32,B,1053.05,2,38
2021-06-17 14:56:32,B,1053.0,2,5
2021-06-17 14:56:32,B,1052.75,1,9
2021-06-17 14:56:39,S,1054.85,1,6
2021-06-17 14:56:39,S,1054.9,1,130
2021-06-17 14:56:39,S,1055.0,3,32
2021-06-17 14:56:39,S,1055.05,1,2
2021-06-17 14:56:39,S,1055.2,1,10
2021-06-17 14:56:39,B,1053.7,1,10
2021-06-17 14:56:39,B,1053.1,1,8
2021-06-17 14:56:39,B,1053.05,2,38
2021-06-17 14:56:39,B,1053.0,2,5
2021-06-17 14:56:39,B,1052.75,1,9
2021-06-17 14:56:46,S,1054.9,1,130
2021-06-17 14:56:46,S,1055.0,4,33
2021-06-17 14:56:46,S,1055.05,2,3
2021-06-17 14:56:46,S,1055.3,3,12
2021-06-17 14:56:46,S,1055.35,1,12
2021-06-17 14:56:46,B,1054.0,1,1
2021-06-17 14:56:46,B,1053.7,1,10
2021-06-17 14:56:46,B,1053.2,2,9
2021-06-17 14:56:46,B,1053.15,1,2
2021-06-17 14:56:46,B,1053.05,2,38
2021-06-17 14:56:52,S,1054.9,2,132
2021-06-17 14:56:52,S,1055.0,3,32
2021-06-17 14:56:52,S,1055.05,1,2
2021-06-17 14:56:52,S,1055.3,2,3
2021-06-17 14:56:52,S,1055.35,1,12
2021-06-17 14:56:52,B,1054.0,1,1
2021-06-17 14:56:52,B,1053.75,1,8
2021-06-17 14:56:52,B,1053.7,2,11
2021-06-17 14:56:52,B,1053.6,1,2
2021-06-17 14:56:52,B,1053.45,2,11
2021-06-17 14:56:55,S,1054.9,2,132
2021-06-17 14:56:55,S,1055.0,3,32
2021-06-17 14:56:55,S,1055.45,2,3
2021-06-17 14:56:55,S,1055.6,1,6
2021-06-17 14:56:55,S,1055.65,3,23
2021-06-17 14:56:55,B,1054.5,1,9
2021-06-17 14:56:55,B,1054.1,1,8
2021-06-17 14:56:55,B,1054.05,1,9
2021-06-17 14:56:55,B,1054.0,1,1
2021-06-17 14:56:55,B,1053.75,1,1
2021-06-17 14:56:56,S,1054.9,2,132
2021-06-17 14:56:56,S,1055.0,3,32
2021-06-17 14:56:56,S,1055.45,2,3
2021-06-17 14:56:56,S,1055.6,1,6
2021-06-17 14:56:56,S,1055.65,3,23
2021-06-17 14:56:56,B,1054.5,1,9
2021-06-17 14:56:56,B,1054.1,1,8
2021-06-17 14:56:56,B,1054.05,1,9
2021-06-17 14:56:56,B,1054.0,1,1
2021-06-17 14:56:56,B,1053.75,1,1
2021-06-17 14:56:57,S,1054.9,2,127
2021-06-17 14:56:57,S,1055.0,3,32
2021-06-17 14:56:57,S,1055.45,2,3
2021-06-17 14:56:57,S,1055.6,1,6
2021-06-17 14:56:57,S,1055.65,3,23
2021-06-17 14:56:57,B,1054.5,1,9
2021-06-17 14:56:57,B,1054.0,1,1
2021-06-17 14:56:57,B,1053.9,1,8
2021-06-17 14:56:57,B,1053.85,1,9
2021-06-17 14:56:57,B,1053.7,2,11
2021-06-17 14:56:59,S,1054.9,2,127
2021-06-17 14:56:59,S,1055.0,3,32
2021-06-17 14:56:59,S,1055.45,2,3
2021-06-17 14:56:59,S,1055.6,1,6
2021-06-17 14:56:59,S,1055.65,3,23
2021-06-17 14:56:59,B,1054.5,1,9
2021-06-17 14:56:59,B,1054.0,1,1
2021-06-17 14:56:59,B,1053.9,1,8
2021-06-17 14:56:59,B,1053.85,1,9
2021-06-17 14:56:59,B,1053.7,2,11
2021-06-17 14:57:01,S,1054.9,2,127
2021-06-17 14:57:01,S,1055.0,3,32
2021-06-17 14:57:01,S,1055.45,2,3
2021-06-17 14:57:01,S,1055.6,1,6
2021-06-17 14:57:01,S,1055.65,2,13
2021-06-17 14:57:01,B,1054.5,1,9
2021-06-17 14:57:01,B,1054.0,1,1
2021-06-17 14:57:01,B,1053.9,1,8
2021-06-17 14:57:01,B,1053.85,1,9
2021-06-17 14:57:01,B,1053.7,2,11
2021-06-17 14:57:04,S,1054.9,2,127
2021-06-17 14:57:04,S,1055.0,3,32
2021-06-17 14:57:04,S,1055.45,1,2
2021-06-17 14:57:04,S,1055.6,1,6
2021-06-17 14:57:04,S,1055.65,2,13
2021-06-17 14:57:04,B,1054.5,1,9
2021-06-17 14:57:04,B,1054.0,1,1
2021-06-17 14:57:04,B,1053.9,2,9
2021-06-17 14:57:04,B,1053.85,1,9
2021-06-17 14:57:04,B,1053.7,2,11
2021-06-17 14:57:07,S,1054.9,2,127
2021-06-17 14:57:07,S,1055.0,3,32
2021-06-17 14:57:07,S,1055.45,2,3
2021-06-17 14:57:07,S,1055.6,1,6
2021-06-17 14:57:07,S,1055.65,2,13
2021-06-17 14:57:07,B,1054.5,1,9
2021-06-17 14:57:07,B,1054.0,1,1
2021-06-17 14:57:07,B,1053.9,1,8
2021-06-17 14:57:07,B,1053.85,1,9
2021-06-17 14:57:07,B,1053.7,2,11
2021-06-17 14:57:11,S,1054.9,2,127
2021-06-17 14:57:11,S,1055.0,3,32
2021-06-17 14:57:11,S,1055.45,2,3
2021-06-17 14:57:11,S,1055.6,1,6
2021-06-17 14:57:11,S,1055.65,2,13
2021-06-17 14:57:11,B,1054.5,1,9
2021-06-17 14:57:11,B,1054.0,3,12
2021-06-17 14:57:11,B,1053.9,1,8
2021-06-17 14:57:11,B,1053.85,2,10
2021-06-17 14:57:11,B,1053.65,1,10
2021-06-17 14:57:13,S,1054.9,2,127
2021-06-17 14:57:13,S,1055.0,3,32
2021-06-17 14:57:13,S,1055.35,2,11
2021-06-17 14:57:13,S,1055.45,2,3
2021-06-17 14:57:13,S,1055.6,1,6
2021-06-17 14:57:13,B,1054.5,1,9
2021-06-17 14:57:13,B,1054.0,2,11
2021-06-17 14:57:13,B,1053.9,1,8
2021-06-17 14:57:13,B,1053.85,1,9
2021-06-17 14:57:13,B,1053.65,1,10
2021-06-17 14:57:16,S,1054.9,2,127
2021-06-17 14:57:16,S,1055.0,3,32
2021-06-17 14:57:16,S,1055.35,2,11
2021-06-17 14:57:16,S,1055.45,2,3
2021-06-17 14:57:16,S,1055.6,1,6
2021-06-17 14:57:16,B,1054.5,1,9
2021-06-17 14:57:16,B,1054.0,2,11
2021-06-17 14:57:16,B,1053.7,1,8
2021-06-17 14:57:16,B,1053.65,1,10
2021-06-17 14:57:16,B,1053.6,1,2
2021-06-17 14:57:28,S,1054.9,2,127
2021-06-17 14:57:28,S,1055.0,4,33
2021-06-17 14:57:28,S,1055.35,2,11
2021-06-17 14:57:28,S,1055.45,2,3
2021-06-17 14:57:28,S,1055.6,1,6
2021-06-17 14:57:28,B,1054.5,1,9
2021-06-17 14:57:28,B,1054.0,2,11
2021-06-17 14:57:28,B,1053.7,1,8
2021-06-17 14:57:28,B,1053.65,1,10
2021-06-17 14:57:28,B,1053.6,1,2
2021-06-17 14:57:30,S,1054.9,2,127
2021-06-17 14:57:30,S,1055.0,3,32
2021-06-17 14:57:30,S,1055.35,2,11
2021-06-17 14:57:30,S,1055.45,2,3
2021-06-17 14:57:30,S,1055.6,1,6
2021-06-17 14:57:30,B,1054.5,1,9
2021-06-17 14:57:30,B,1054.0,2,11
2021-06-17 14:57:30,B,1053.7,2,9
2021-06-17 14:57:30,B,1053.65,1,10
2021-06-17 14:57:30,B,1053.6,1,2
2021-06-17 14:57:32,S,1054.9,2,127
2021-06-17 14:57:32,S,1055.0,3,32
2021-06-17 14:57:32,S,1055.35,2,11
2021-06-17 14:57:32,S,1055.45,2,3
2021-06-17 14:57:32,S,1055.6,1,6
2021-06-17 14:57:32,B,1054.5,1,9
2021-06-17 14:57:32,B,1054.0,2,11
2021-06-17 14:57:32,B,1053.7,2,9
2021-06-17 14:57:32,B,1053.65,1,10
2021-06-17 14:57:32,B,1053.6,1,2
2021-06-17 14:57:34,S,1054.9,2,127
2021-06-17 14:57:34,S,1055.0,3,32
2021-06-17 14:57:34,S,1055.35,2,11
2021-06-17 14:57:34,S,1055.45,2,3
2021-06-17 14:57:34,S,1055.6,1,6
2021-06-17 14:57:34,B,1054.5,1,9
2021-06-17 14:57:34,B,1054.0,2,11
2021-06-17 14:57:34,B,1053.7,1,8
2021-06-17 14:57:34,B,1053.65,1,10
2021-06-17 14:57:34,B,1053.6,1,2
2021-06-17 14:57:37,S,1054.9,2,127
2021-06-17 14:57:37,S,1055.0,3,32
2021-06-17 14:57:37,S,1055.35,2,11
2021-06-17 14:57:37,S,1055.45,2,3
2021-06-17 14:57:37,S,1055.6,1,6
2021-06-17 14:57:37,B,1054.5,1,9
2021-06-17 14:57:37,B,1054.0,2,11
2021-06-17 14:57:37,B,1053.7,1,8
2021-06-17 14:57:37,B,1053.65,1,10
2021-06-17 14:57:37,B,1053.6,1,2
2021-06-17 14:57:49,S,1054.9,2,127
2021-06-17 14:57:49,S,1055.0,3,32
2021-06-17 14:57:49,S,1055.35,2,11
2021-06-17 14:57:49,S,1055.45,2,3
2021-06-17 14:57:49,S,1055.6,1,6
2021-06-17 14:57:49,B,1054.5,1,9
2021-06-17 14:57:49,B,1054.0,2,11
2021-06-17 14:57:49,B,1053.7,2,9
2021-06-17 14:57:49,B,1053.65,1,10
2021-06-17 14:57:49,B,1053.6,1,2
2021-06-17 14:57:54,S,1054.9,2,127
2021-06-17 14:57:54,S,1055.0,3,32
2021-06-17 14:57:54,S,1055.35,2,11
2021-06-17 14:57:54,S,1055.45,2,3
2021-06-17 14:57:54,S,1055.6,1,6
2021-06-17 14:57:54,B,1054.5,1,9
2021-06-17 14:57:54,B,1054.0,2,11
2021-06-17 14:57:54,B,1053.7,2,9
2021-06-17 14:57:54,B,1053.65,1,10
2021-06-17 14:57:54,B,1053.6,1,2
2021-06-17 14:57:54,S,1054.9,2,126
2021-06-17 14:57:54,S,1055.0,4,34
2021-06-17 14:57:54,S,1055.2,1,9
2021-06-17 14:57:54,S,1055.35,2,11
2021-06-17 14:57:54,S,1055.45,2,3
2021-06-17 14:57:54,B,1054.0,1,5
2021-06-17 14:57:54,B,1053.65,1,8
2021-06-17 14:57:54,B,1053.6,2,3
2021-06-17 14:57:54,B,1053.45,1,7
2021-06-17 14:57:54,B,1053.35,2,19
2021-06-17 14:58:01,S,1054.9,2,126
2021-06-17 14:58:01,S,1055.0,4,34
2021-06-17 14:58:01,S,1055.2,1,9
2021-06-17 14:58:01,S,1055.35,2,11
2021-06-17 14:58:01,S,1055.45,2,3
2021-06-17 14:58:01,B,1054.0,1,5
2021-06-17 14:58:01,B,1053.65,1,8
2021-06-17 14:58:01,B,1053.6,2,3
2021-06-17 14:58:01,B,1053.45,1,7
2021-06-17 14:58:01,B,1053.35,2,19
2021-06-17 14:58:04,S,1054.9,2,126
2021-06-17 14:58:04,S,1055.0,4,34
2021-06-17 14:58:04,S,1055.2,1,9
2021-06-17 14:58:04,S,1055.35,2,11
2021-06-17 14:58:04,S,1055.45,2,3
2021-06-17 14:58:04,B,1054.0,1,5
2021-06-17 14:58:04,B,1053.65,1,8
2021-06-17 14:58:04,B,1053.6,2,3
2021-06-17 14:58:04,B,1053.45,1,7
2021-06-17 14:58:04,B,1053.35,2,19
2021-06-17 14:58:13,S,1054.9,2,126
2021-06-17 14:58:13,S,1055.0,4,34
2021-06-17 14:58:13,S,1055.35,2,11
2021-06-17 14:58:13,S,1055.4,1,9
2021-06-17 14:58:13,S,1055.45,2,3
2021-06-17 14:58:13,B,1054.0,1,5
2021-06-17 14:58:13,B,1053.65,1,8
2021-06-17 14:58:13,B,1053.6,2,3
2021-06-17 14:58:13,B,1053.45,1,7
2021-06-17 14:58:13,B,1053.35,2,19
2021-06-17 14:58:18,S,1054.9,2,126
2021-06-17 14:58:18,S,1055.0,4,34
2021-06-17 14:58:18,S,1055.35,2,11
2021-06-17 14:58:18,S,1055.4,1,9
2021-06-17 14:58:18,S,1055.45,2,3
2021-06-17 14:58:18,B,1054.0,1,5
2021-06-17 14:58:18,B,1053.65,1,8
2021-06-17 14:58:18,B,1053.6,2,3
2021-06-17 14:58:18,B,1053.45,1,7
2021-06-17 14:58:18,B,1053.35,2,19
2021-06-17 14:58:24,S,1054.85,1,10
2021-06-17 14:58:24,S,1054.9,3,176
2021-06-17 14:58:24,S,1055.0,5,35
2021-06-17 14:58:24,S,1055.35,2,11
2021-06-17 14:58:24,S,1055.45,2,3
2021-06-17 14:58:24,B,1053.5,1,8
2021-06-17 14:58:24,B,1053.45,1,7
2021-06-17 14:58:24,B,1053.1,1,7
2021-06-17 14:58:24,B,1053.05,4,59
2021-06-17 14:58:24,B,1053.0,3,55
2021-06-17 14:58:32,S,1054.85,1,10
2021-06-17 14:58:32,S,1054.9,3,176
2021-06-17 14:58:32,S,1055.0,5,35
2021-06-17 14:58:32,S,1055.05,1,12
2021-06-17 14:58:32,S,1055.35,2,11
2021-06-17 14:58:32,B,1053.5,1,8
2021-06-17 14:58:32,B,1053.45,1,7
2021-06-17 14:58:32,B,1053.1,1,7
2021-06-17 14:58:32,B,1053.05,4,59
2021-06-17 14:58:32,B,1053.0,3,55
2021-06-17 14:58:37,S,1054.85,1,10
2021-06-17 14:58:37,S,1054.9,3,176
2021-06-17 14:58:37,S,1055.0,5,35
2021-06-17 14:58:37,S,1055.05,1,12
2021-06-17 14:58:37,S,1055.35,2,11
2021-06-17 14:58:37,B,1053.5,1,8
2021-06-17 14:58:37,B,1053.45,1,7
2021-06-17 14:58:37,B,1053.1,1,7
2021-06-17 14:58:37,B,1053.05,3,50
2021-06-17 14:58:37,B,1053.0,3,55
2021-06-17 14:58:47,S,1054.85,1,10
2021-06-17 14:58:47,S,1054.9,3,176
2021-06-17 14:58:47,S,1055.0,5,35
2021-06-17 14:58:47,S,1055.05,1,12
2021-06-17 14:58:47,S,1055.35,2,11
2021-06-17 14:58:47,B,1053.5,1,8
2021-06-17 14:58:47,B,1053.45,1,7
2021-06-17 14:58:47,B,1053.1,1,7
2021-06-17 14:58:47,B,1053.05,3,50
2021-06-17 14:58:47,B,1053.0,3,55
2021-06-17 14:58:57,S,1054.85,1,10
2021-06-17 14:58:57,S,1054.9,4,177
2021-06-17 14:58:57,S,1055.0,5,35
2021-06-17 14:58:57,S,1055.05,1,12
2021-06-17 14:58:57,S,1055.35,2,11
2021-06-17 14:58:57,B,1053.5,1,8
2021-06-17 14:58:57,B,1053.45,1,7
2021-06-17 14:58:57,B,1053.1,1,7
2021-06-17 14:58:57,B,1053.05,3,50
2021-06-17 14:58:57,B,1053.0,3,55
2021-06-17 14:58:59,S,1054.85,1,10
2021-06-17 14:58:59,S,1054.9,3,176
2021-06-17 14:58:59,S,1055.0,5,35
2021-06-17 14:58:59,S,1055.05,1,12
2021-06-17 14:58:59,S,1055.35,2,11
2021-06-17 14:58:59,B,1054.05,1,8
2021-06-17 14:58:59,B,1054.0,1,37
2021-06-17 14:58:59,B,1053.5,1,2
2021-06-17 14:58:59,B,1053.45,1,7
2021-06-17 14:58:59,B,1053.25,1,2
2021-06-17 14:59:02,S,1054.9,4,177
2021-06-17 14:59:02,S,1055.0,5,35
2021-06-17 14:59:02,S,1055.05,2,13
2021-06-17 14:59:02,S,1055.1,1,10
2021-06-17 14:59:02,S,1055.35,2,11
2021-06-17 14:59:02,B,1054.05,1,8
2021-06-17 14:59:02,B,1054.0,1,37
2021-06-17 14:59:02,B,1053.5,1,2
2021-06-17 14:59:02,B,1053.45,1,7
2021-06-17 14:59:02,B,1053.25,1,2
2021-06-17 14:59:04,S,1054.7,1,8
2021-06-17 14:59:04,S,1054.75,1,10
2021-06-17 14:59:04,S,1054.8,1,9
2021-06-17 14:59:04,S,1054.85,1,6
2021-06-17 14:59:04,S,1054.9,3,176
2021-06-17 14:59:04,B,1054.0,1,6
2021-06-17 14:59:04,B,1053.25,1,8
2021-06-17 14:59:04,B,1053.2,2,8
2021-06-17 14:59:04,B,1053.15,1,1
2021-06-17 14:59:04,B,1053.1,2,8
2021-06-17 14:59:07,S,1054.7,2,10
2021-06-17 14:59:07,S,1054.75,2,19
2021-06-17 14:59:07,S,1054.8,1,9
2021-06-17 14:59:07,S,1054.85,1,6
2021-06-17 14:59:07,S,1054.9,3,176
2021-06-17 14:59:07,B,1054.0,1,6
2021-06-17 14:59:07,B,1053.25,2,9
2021-06-17 14:59:07,B,1053.2,2,8
2021-06-17 14:59:07,B,1053.15,1,1
2021-06-17 14:59:07,B,1053.1,2,8
2021-06-17 14:59:10,S,1054.7,2,10
2021-06-17 14:59:10,S,1054.75,2,19
2021-06-17 14:59:10,S,1054.8,2,10
2021-06-17 14:59:10,S,1054.85,1,6
2021-06-17 14:59:10,S,1054.9,3,176
2021-06-17 14:59:10,B,1054.0,1,6
2021-06-17 14:59:10,B,1053.25,2,9
2021-06-17 14:59:10,B,1053.2,2,8
2021-06-17 14:59:10,B,1053.1,3,10
2021-06-17 14:59:10,B,1053.0,3,55
2021-06-17 14:59:12,S,1054.7,2,10
2021-06-17 14:59:12,S,1054.9,3,176
2021-06-17 14:59:12,S,1054.95,1,6
2021-06-17 14:59:12,S,1055.0,3,32
2021-06-17 14:59:12,S,1055.05,1,12
2021-06-17 14:59:12,B,1054.0,1,6
2021-06-17 14:59:12,B,1053.6,1,8
2021-06-17 14:59:12,B,1053.55,1,2
2021-06-17 14:59:12,B,1053.3,2,3
2021-06-17 14:59:12,B,1053.2,2,8
2021-06-17 14:59:15,S,1054.7,2,10
2021-06-17 14:59:15,S,1054.9,4,177
2021-06-17 14:59:15,S,1054.95,2,7
2021-06-17 14:59:15,S,1055.0,3,32
2021-06-17 14:59:15,S,1055.2,1,9
2021-06-17 14:59:15,B,1054.0,1,6
2021-06-17 14:59:15,B,1053.6,1,8
2021-06-17 14:59:15,B,1053.55,1,2
2021-06-17 14:59:15,B,1053.3,2,3
2021-06-17 14:59:15,B,1053.2,2,8
2021-06-17 14:59:16,S,1054.7,2,10
2021-06-17 14:59:16,S,1054.9,4,177
2021-06-17 14:59:16,S,1054.95,2,7
2021-06-17 14:59:16,S,1055.0,3,32
2021-06-17 14:59:16,S,1055.2,1,9
2021-06-17 14:59:16,B,1054.0,1,6
2021-06-17 14:59:16,B,1053.6,1,8
2021-06-17 14:59:16,B,1053.55,1,2
2021-06-17 14:59:16,B,1053.3,2,3
2021-06-17 14:59:16,B,1053.2,2,8
2021-06-17 14:59:18,S,1054.7,3,11
2021-06-17 14:59:18,S,1054.9,4,177
2021-06-17 14:59:18,S,1054.95,2,7
2021-06-17 14:59:18,S,1055.0,3,32
2021-06-17 14:59:18,S,1055.2,1,9
2021-06-17 14:59:18,B,1054.0,1,4
2021-06-17 14:59:18,B,1053.6,1,8
2021-06-17 14:59:18,B,1053.55,1,2
2021-06-17 14:59:18,B,1053.3,1,2
2021-06-17 14:59:18,B,1053.2,1,7
2021-06-17 14:59:22,S,1054.7,3,11
2021-06-17 14:59:22,S,1054.9,4,177
2021-06-17 14:59:22,S,1054.95,2,7
2021-06-17 14:59:22,S,1055.0,3,32
2021-06-17 14:59:22,S,1055.2,1,9
2021-06-17 14:59:22,B,1054.0,1,4
2021-06-17 14:59:22,B,1053.6,1,8
2021-06-17 14:59:22,B,1053.55,1,2
2021-06-17 14:59:22,B,1053.3,1,2
2021-06-17 14:59:22,B,1053.2,1,7
2021-06-17 14:59:28,S,1054.7,3,10
2021-06-17 14:59:28,S,1054.9,4,177
2021-06-17 14:59:28,S,1054.95,2,7
2021-06-17 14:59:28,S,1055.0,3,32
2021-06-17 14:59:28,S,1055.2,1,9
2021-06-17 14:59:28,B,1054.0,1,4
2021-06-17 14:59:28,B,1053.6,1,8
2021-06-17 14:59:28,B,1053.55,1,2
2021-06-17 14:59:28,B,1053.3,1,2
2021-06-17 14:59:28,B,1053.2,1,7
2021-06-17 14:59:31,S,1054.7,2,9
2021-06-17 14:59:31,S,1054.9,4,177
2021-06-17 14:59:31,S,1054.95,2,7
2021-06-17 14:59:31,S,1055.0,3,32
2021-06-17 14:59:31,S,1055.2,1,9
2021-06-17 14:59:31,B,1054.0,1,4
2021-06-17 14:59:31,B,1053.6,1,8
2021-06-17 14:59:31,B,1053.55,1,2
2021-06-17 14:59:31,B,1053.3,1,2
2021-06-17 14:59:31,B,1053.2,1,7
2021-06-17 14:59:34,S,1054.7,2,9
2021-06-17 14:59:34,S,1054.9,3,176
2021-06-17 14:59:34,S,1055.0,4,33
2021-06-17 14:59:34,S,1055.4,1,9
2021-06-17 14:59:34,S,1055.45,2,3
2021-06-17 14:59:34,B,1054.0,1,4
2021-06-17 14:59:34,B,1053.6,1,8
2021-06-17 14:59:34,B,1053.55,1,2
2021-06-17 14:59:34,B,1053.35,1,9
2021-06-17 14:59:34,B,1053.3,1,2
2021-06-17 14:59:46,S,1054.7,3,10
2021-06-17 14:59:46,S,1054.85,2,10
2021-06-17 14:59:46,S,1054.9,4,177
2021-06-17 14:59:46,S,1054.95,1,6
2021-06-17 14:59:46,S,1055.0,4,33
2021-06-17 14:59:46,B,1054.0,1,4
2021-06-17 14:59:46,B,1053.6,1,8
2021-06-17 14:59:46,B,1053.55,1,2
2021-06-17 14:59:46,B,1053.35,1,9
2021-06-17 14:59:46,B,1053.3,1,2
2021-06-17 14:59:48,S,1054.7,3,10
2021-06-17 14:59:48,S,1054.85,2,10
2021-06-17 14:59:48,S,1054.9,4,177
2021-06-17 14:59:48,S,1054.95,1,6
2021-06-17 14:59:48,S,1055.0,4,33
2021-06-17 14:59:48,B,1054.0,1,4
2021-06-17 14:59:48,B,1053.6,1,8
2021-06-17 14:59:48,B,1053.55,1,2
2021-06-17 14:59:48,B,1053.35,1,9
2021-06-17 14:59:48,B,1053.3,1,2
2021-06-17 14:59:49,S,1054.7,3,10
2021-06-17 14:59:49,S,1054.85,2,10
2021-06-17 14:59:49,S,1054.9,4,177
2021-06-17 14:59:49,S,1054.95,1,6
2021-06-17 14:59:49,S,1055.0,4,33
2021-06-17 14:59:49,B,1054.0,1,4
2021-06-17 14:59:49,B,1053.6,1,8
2021-06-17 14:59:49,B,1053.55,1,2
2021-06-17 14:59:49,B,1053.35,1,9
2021-06-17 14:59:49,B,1053.3,1,2
2021-06-17 14:59:49,S,1054.0,1,41
2021-06-17 14:59:49,S,1054.15,1,7
2021-06-17 14:59:49,S,1054.2,1,2
2021-06-17 14:59:49,S,1054.45,1,2
2021-06-17 14:59:49,S,1054.6,2,11
2021-06-17 14:59:49,B,1053.05,1,8
2021-06-17 14:59:49,B,1053.0,3,55
2021-06-17 14:59:49,B,1052.65,1,2
2021-06-17 14:59:49,B,1052.5,1,9
2021-06-17 14:59:49,B,1052.45,1,12
2021-06-17 14:59:52,S,1054.0,2,43
2021-06-17 14:59:52,S,1054.15,1,7
2021-06-17 14:59:52,S,1054.2,1,2
2021-06-17 14:59:52,S,1054.45,1,2
2021-06-17 14:59:52,S,1054.6,2,11
2021-06-17 14:59:52,B,1053.05,1,8
2021-06-17 14:59:52,B,1053.0,3,55
2021-06-17 14:59:52,B,1052.65,1,2
2021-06-17 14:59:52,B,1052.5,1,9
2021-06-17 14:59:52,B,1052.45,1,12
2021-06-17 14:59:54,S,1054.0,2,43
2021-06-17 14:59:54,S,1054.15,1,7
2021-06-17 14:59:54,S,1054.2,1,2
2021-06-17 14:59:54,S,1054.45,1,2
2021-06-17 14:59:54,S,1054.6,2,11
2021-06-17 14:59:54,B,1053.05,1,8
2021-06-17 14:59:54,B,1053.0,3,55
2021-06-17 14:59:54,B,1052.65,1,2
2021-06-17 14:59:54,B,1052.5,1,9
2021-06-17 14:59:54,B,1052.45,1,12
2021-06-17 14:59:55,S,1054.0,2,41
2021-06-17 14:59:55,S,1054.15,1,7
2021-06-17 14:59:55,S,1054.2,1,2
2021-06-17 14:59:55,S,1054.45,1,2
2021-06-17 14:59:55,S,1054.6,2,11
2021-06-17 14:59:55,B,1053.05,1,8
2021-06-17 14:59:55,B,1053.0,2,53
2021-06-17 14:59:55,B,1052.65,1,2
2021-06-17 14:59:55,B,1052.45,1,12
2021-06-17 14:59:55,B,1052.4,1,2
2021-06-17 14:59:57,S,1054.0,2,41
2021-06-17 14:59:57,S,1054.15,1,7
2021-06-17 14:59:57,S,1054.2,1,2
2021-06-17 14:59:57,S,1054.45,1,2
2021-06-17 14:59:57,S,1054.6,2,11
2021-06-17 14:59:57,B,1053.05,1,8
2021-06-17 14:59:57,B,1053.0,2,53
2021-06-17 14:59:57,B,1052.65,1,2
2021-06-17 14:59:57,B,1052.45,1,12
2021-06-17 14:59:57,B,1052.4,1,2
2021-06-17 15:00:00,S,1054.0,2,41
2021-06-17 15:00:00,S,1054.15,1,7
2021-06-17 15:00:00,S,1054.2,1,2
2021-06-17 15:00:00,S,1054.45,1,2
2021-06-17 15:00:00,S,1054.6,2,11
2021-06-17 15:00:00,B,1053.05,1,8
2021-06-17 15:00:00,B,1053.0,2,53
2021-06-17 15:00:00,B,1052.65,1,2
2021-06-17 15:00:00,B,1052.45,1,12
2021-06-17 15:00:00,B,1052.4,1,2
2021-06-17 15:00:04,S,1054.0,2,41
2021-06-17 15:00:04,S,1054.15,1,7
2021-06-17 15:00:04,S,1054.2,1,2
2021-06-17 15:00:04,S,1054.45,1,2
2021-06-17 15:00:04,S,1054.6,2,11
2021-06-17 15:00:04,B,1053.05,1,8
2021-06-17 15:00:04,B,1053.0,2,53
2021-06-17 15:00:04,B,1052.65,1,2
2021-06-17 15:00:04,B,1052.45,1,12
2021-06-17 15:00:04,B,1052.4,1,2
2021-06-17 15:00:06,S,1054.0,2,17
2021-06-17 15:00:06,S,1054.6,1,7
2021-06-17 15:00:06,S,1054.65,1,1
2021-06-17 15:00:06,S,1054.75,1,12
2021-06-17 15:00:06,S,1054.85,2,7
2021-06-17 15:00:06,B,1053.05,1,8
2021-06-17 15:00:06,B,1053.0,3,54
2021-06-17 15:00:06,B,1052.9,1,9
2021-06-17 15:00:06,B,1052.65,1,2
2021-06-17 15:00:06,B,1052.45,1,12
2021-06-17 15:00:09,S,1054.0,2,17
2021-06-17 15:00:09,S,1054.6,1,7
2021-06-17 15:00:09,S,1054.65,1,1
2021-06-17 15:00:09,S,1054.9,2,174
2021-06-17 15:00:09,S,1055.0,4,34
2021-06-17 15:00:09,B,1053.45,2,7
2021-06-17 15:00:09,B,1053.4,2,9
2021-06-17 15:00:09,B,1053.35,2,13
2021-06-17 15:00:09,B,1053.15,2,11
2021-06-17 15:00:09,B,1053.1,1,1
2021-06-17 15:00:12,S,1054.0,2,17
2021-06-17 15:00:12,S,1054.6,1,7
2021-06-17 15:00:12,S,1054.65,1,1
2021-06-17 15:00:12,S,1054.9,2,174
2021-06-17 15:00:12,S,1055.0,4,34
2021-06-17 15:00:12,B,1053.45,2,7
2021-06-17 15:00:12,B,1053.4,2,9
2021-06-17 15:00:12,B,1053.35,2,13
2021-06-17 15:00:12,B,1053.15,2,11
2021-06-17 15:00:12,B,1053.1,1,1
2021-06-17 15:00:16,S,1054.0,2,17
2021-06-17 15:00:16,S,1054.6,1,7
2021-06-17 15:00:16,S,1054.65,1,1
2021-06-17 15:00:16,S,1054.9,2,174
2021-06-17 15:00:16,S,1055.0,4,34
2021-06-17 15:00:16,B,1053.45,2,7
2021-06-17 15:00:16,B,1053.4,2,9
2021-06-17 15:00:16,B,1053.35,2,13
2021-06-17 15:00:16,B,1053.15,2,11
2021-06-17 15:00:16,B,1053.1,1,1
2021-06-17 15:00:16,S,1054.9,2,154
2021-06-17 15:00:16,S,1055.0,3,32
2021-06-17 15:00:16,S,1055.95,2,12
2021-06-17 15:00:16,S,1056.0,1,1
2021-06-17 15:00:16,S,1056.25,2,12
2021-06-17 15:00:16,B,1054.5,1,6
2021-06-17 15:00:16,B,1054.45,1,9
2021-06-17 15:00:16,B,1054.25,1,11
2021-06-17 15:00:16,B,1054.0,1,8
2021-06-17 15:00:16,B,1053.95,1,10
2021-06-17 15:00:17,S,1054.9,2,154
2021-06-17 15:00:17,S,1055.0,3,32
2021-06-17 15:00:17,S,1055.95,2,12
2021-06-17 15:00:17,S,1056.0,1,1
2021-06-17 15:00:17,S,1056.25,2,12
2021-06-17 15:00:17,B,1054.5,1,6
2021-06-17 15:00:17,B,1054.45,1,9
2021-06-17 15:00:17,B,1054.25,1,11
2021-06-17 15:00:17,B,1054.0,1,8
2021-06-17 15:00:17,B,1053.95,1,10
2021-06-17 15:00:19,S,1054.9,4,158
2021-06-17 15:00:19,S,1055.0,3,32
2021-06-17 15:00:19,S,1055.2,2,2
2021-06-17 15:00:19,S,1055.45,2,11
2021-06-17 15:00:19,S,1055.65,2,21
2021-06-17 15:00:19,B,1053.85,1,3
2021-06-17 15:00:19,B,1053.8,1,1
2021-06-17 15:00:19,B,1053.6,1,8
2021-06-17 15:00:19,B,1053.55,2,11
2021-06-17 15:00:19,B,1053.15,1,7
2021-06-17 15:00:23,S,1054.9,4,158
2021-06-17 15:00:23,S,1055.0,3,32
2021-06-17 15:00:23,S,1055.2,1,1
2021-06-17 15:00:23,S,1055.45,1,1
2021-06-17 15:00:23,S,1055.55,1,10
2021-06-17 15:00:23,B,1054.05,1,3
2021-06-17 15:00:23,B,1054.0,1,15
2021-06-17 15:00:23,B,1053.85,2,9
2021-06-17 15:00:23,B,1053.8,1,1
2021-06-17 15:00:23,B,1053.55,2,11
2021-06-17 15:00:25,S,1054.0,1,32
2021-06-17 15:00:25,S,1054.7,1,1
2021-06-17 15:00:25,S,1054.85,1,6
2021-06-17 15:00:25,S,1054.9,3,108
2021-06-17 15:00:25,S,1054.95,1,1
2021-06-17 15:00:25,B,1053.2,1,8
2021-06-17 15:00:25,B,1053.15,2,8
2021-06-17 15:00:25,B,1053.1,2,8
2021-06-17 15:00:25,B,1053.05,1,1
2021-06-17 15:00:25,B,1053.0,3,54
2021-06-17 15:00:28,S,1054.0,1,32
2021-06-17 15:00:28,S,1054.7,1,1
2021-06-17 15:00:28,S,1054.85,1,6
2021-06-17 15:00:28,S,1054.9,2,105
2021-06-17 15:00:28,S,1054.95,1,1
2021-06-17 15:00:28,B,1053.2,1,8
2021-06-17 15:00:28,B,1053.15,2,8
2021-06-17 15:00:28,B,1053.1,2,8
2021-06-17 15:00:28,B,1053.05,1,1
2021-06-17 15:00:28,B,1053.0,3,54
2021-06-17 15:00:30,S,1054.0,1,32
2021-06-17 15:00:30,S,1054.65,1,10
2021-06-17 15:00:30,S,1054.7,1,1
2021-06-17 15:00:30,S,1054.85,2,7
2021-06-17 15:00:30,S,1054.9,2,105
2021-06-17 15:00:30,B,1053.05,1,8
2021-06-17 15:00:30,B,1053.0,3,54
2021-06-17 15:00:30,B,1052.7,1,3
2021-06-17 15:00:30,B,1052.65,1,2
2021-06-17 15:00:30,B,1052.4,1,2
2021-06-17 15:00:33,S,1054.0,1,7
2021-06-17 15:00:33,S,1054.6,1,5
2021-06-17 15:00:33,S,1054.7,1,1
2021-06-17 15:00:33,S,1054.8,1,2
2021-06-17 15:00:33,S,1054.85,1,2
2021-06-17 15:00:33,B,1053.15,2,11
2021-06-17 15:00:33,B,1053.1,2,29
2021-06-17 15:00:33,B,1053.05,1,1
2021-06-17 15:00:33,B,1053.0,3,54
2021-06-17 15:00:33,B,1052.65,1,2
2021-06-17 15:00:35,S,1054.0,1,7
2021-06-17 15:00:35,S,1054.6,1,5
2021-06-17 15:00:35,S,1054.65,1,10
2021-06-17 15:00:35,S,1054.7,1,1
2021-06-17 15:00:35,S,1054.8,1,2
2021-06-17 15:00:35,B,1053.1,1,8
2021-06-17 15:00:35,B,1053.05,2,4
2021-06-17 15:00:35,B,1053.0,3,54
2021-06-17 15:00:35,B,1052.65,1,2
2021-06-17 15:00:35,B,1052.6,1,9
2021-06-17 15:00:48,S,1054.0,1,7
2021-06-17 15:00:48,S,1054.6,2,14
2021-06-17 15:00:48,S,1054.7,2,2
2021-06-17 15:00:48,S,1054.8,1,2
2021-06-17 15:00:48,S,1054.85,2,8
2021-06-17 15:00:48,B,1053.1,1,8
2021-06-17 15:00:48,B,1053.05,2,4
2021-06-17 15:00:48,B,1053.0,3,54
2021-06-17 15:00:48,B,1052.65,1,2
2021-06-17 15:00:48,B,1052.6,1,9
2021-06-17 15:00:51,S,1054.0,1,7
2021-06-17 15:00:51,S,1054.6,1,5
2021-06-17 15:00:51,S,1054.7,1,1
2021-06-17 15:00:51,S,1054.8,1,2
2021-06-17 15:00:51,S,1054.85,2,8
2021-06-17 15:00:51,B,1053.1,1,8
2021-06-17 15:00:51,B,1053.05,2,4
2021-06-17 15:00:51,B,1053.0,3,54
2021-06-17 15:00:51,B,1052.65,1,2
2021-06-17 15:00:51,B,1052.6,1,9
2021-06-17 15:00:54,S,1054.0,1,7
2021-06-17 15:00:54,S,1054.6,2,15
2021-06-17 15:00:54,S,1054.7,1,1
2021-06-17 15:00:54,S,1054.8,1,2
2021-06-17 15:00:54,S,1054.85,2,8
2021-06-17 15:00:54,B,1053.1,1,8
2021-06-17 15:00:54,B,1053.05,2,4
2021-06-17 15:00:54,B,1053.0,3,54
2021-06-17 15:00:54,B,1052.65,1,2
2021-06-17 15:00:54,B,1052.6,1,9
2021-06-17 15:00:58,S,1054.0,1,7
2021-06-17 15:00:58,S,1054.55,2,3
2021-06-17 15:00:58,S,1054.6,3,16
2021-06-17 15:00:58,S,1054.7,1,1
2021-06-17 15:00:58,S,1054.8,1,2
2021-06-17 15:00:58,B,1053.1,1,8
2021-06-17 15:00:58,B,1053.05,2,4
2021-06-17 15:00:58,B,1053.0,3,54
2021-06-17 15:00:58,B,1052.6,1,9
2021-06-17 15:00:58,B,1052.1,1,1
2021-06-17 15:01:00,S,1054.0,1,7
2021-06-17 15:01:00,S,1054.55,2,3
2021-06-17 15:01:00,S,1054.6,3,16
2021-06-17 15:01:00,S,1054.7,1,1
2021-06-17 15:01:00,S,1054.8,1,2
2021-06-17 15:01:00,B,1053.1,1,8
2021-06-17 15:01:00,B,1053.05,2,4
2021-06-17 15:01:00,B,1053.0,3,54
2021-06-17 15:01:00,B,1052.6,1,9
2021-06-17 15:01:00,B,1052.1,1,1
2021-06-17 15:01:01,S,1054.0,1,6
2021-06-17 15:01:01,S,1054.55,1,2
2021-06-17 15:01:01,S,1054.6,3,16
2021-06-17 15:01:01,S,1054.7,1,1
2021-06-17 15:01:01,S,1054.8,1,2
2021-06-17 15:01:01,B,1053.1,1,8
2021-06-17 15:01:01,B,1053.05,2,4
2021-06-17 15:01:01,B,1053.0,3,54
2021-06-17 15:01:01,B,1052.6,2,10
2021-06-17 15:01:01,B,1052.35,1,1
2021-06-17 15:01:06,S,1054.0,1,6
2021-06-17 15:01:06,S,1054.55,2,3
2021-06-17 15:01:06,S,1054.6,2,15
2021-06-17 15:01:06,S,1054.7,1,1
2021-06-17 15:01:06,S,1054.8,2,12
2021-06-17 15:01:06,B,1053.1,1,8
2021-06-17 15:01:06,B,1053.05,1,3
2021-06-17 15:01:06,B,1053.0,3,54
2021-06-17 15:01:06,B,1052.6,2,10
2021-06-17 15:01:06,B,1052.35,1,1
2021-06-17 15:01:07,S,1054.0,1,6
2021-06-17 15:01:07,S,1054.55,2,3
2021-06-17 15:01:07,S,1054.6,2,15
2021-06-17 15:01:07,S,1054.7,1,1
2021-06-17 15:01:07,S,1054.8,2,12
2021-06-17 15:01:07,B,1053.1,1,8
2021-06-17 15:01:07,B,1053.05,1,3
2021-06-17 15:01:07,B,1053.0,3,54
2021-06-17 15:01:07,B,1052.6,2,10
2021-06-17 15:01:07,B,1052.35,1,1
2021-06-17 15:01:08,S,1054.0,1,6
2021-06-17 15:01:08,S,1054.4,1,16
2021-06-17 15:01:08,S,1054.45,1,7
2021-06-17 15:01:08,S,1054.55,1,2
2021-06-17 15:01:08,S,1054.6,2,15
2021-06-17 15:01:08,B,1053.05,1,16
2021-06-17 15:01:08,B,1053.0,2,45
2021-06-17 15:01:08,B,1052.6,2,2
2021-06-17 15:01:08,B,1052.45,1,9
2021-06-17 15:01:08,B,1052.35,2,2
2021-06-17 15:01:17,S,1054.0,1,6
2021-06-17 15:01:17,S,1054.2,1,16
2021-06-17 15:01:17,S,1054.25,1,1
2021-06-17 15:01:17,S,1054.55,1,2
2021-06-17 15:01:17,S,1054.6,2,15
2021-06-17 15:01:17,B,1053.05,1,16
2021-06-17 15:01:17,B,1053.0,2,45
2021-06-17 15:01:17,B,1052.6,2,2
2021-06-17 15:01:17,B,1052.45,1,9
2021-06-17 15:01:17,B,1052.35,2,2
2021-06-17 15:01:23,S,1054.0,1,6
2021-06-17 15:01:23,S,1054.2,1,16
2021-06-17 15:01:23,S,1054.25,1,1
2021-06-17 15:01:23,S,1054.55,1,2
2021-06-17 15:01:23,S,1054.6,2,15
2021-06-17 15:01:23,B,1053.05,1,16
2021-06-17 15:01:23,B,1053.0,2,45
2021-06-17 15:01:23,B,1052.6,2,2
2021-06-17 15:01:23,B,1052.45,1,9
2021-06-17 15:01:23,B,1052.35,2,2
2021-06-17 15:01:24,S,1054.35,1,12
2021-06-17 15:01:24,S,1054.4,1,10
2021-06-17 15:01:24,S,1054.55,1,2
2021-06-17 15:01:24,S,1054.6,1,5
2021-06-17 15:01:24,S,1054.7,1,1
2021-06-17 15:01:24,B,1053.05,1,16
2021-06-17 15:01:24,B,1053.0,2,45
2021-06-17 15:01:24,B,1052.6,2,2
2021-06-17 15:01:24,B,1052.45,1,9
2021-06-17 15:01:24,B,1052.35,2,2
2021-06-17 15:01:32,S,1054.5,1,12
2021-06-17 15:01:32,S,1054.55,1,2
2021-06-17 15:01:32,S,1054.6,1,5
2021-06-17 15:01:32,S,1054.7,1,1
2021-06-17 15:01:32,S,1054.75,1,6
2021-06-17 15:01:32,B,1053.05,1,16
2021-06-17 15:01:32,B,1053.0,2,45
2021-06-17 15:01:32,B,1052.6,2,2
2021-06-17 15:01:32,B,1052.45,1,9
2021-06-17 15:01:32,B,1052.35,2,2
2021-06-17 15:01:47,S,1054.5,1,2
2021-06-17 15:01:47,S,1054.55,1,2
2021-06-17 15:01:47,S,1054.6,1,5
2021-06-17 15:01:47,S,1054.75,1,6
2021-06-17 15:01:47,S,1054.8,3,21
2021-06-17 15:01:47,B,1053.05,1,16
2021-06-17 15:01:47,B,1053.0,3,54
2021-06-17 15:01:47,B,1052.6,2,2
2021-06-17 15:01:47,B,1052.35,2,2
2021-06-17 15:01:47,B,1052.1,1,1
2021-06-17 15:01:49,S,1054.5,1,2
2021-06-17 15:01:49,S,1054.55,1,2
2021-06-17 15:01:49,S,1054.6,2,6
2021-06-17 15:01:49,S,1054.75,1,6
2021-06-17 15:01:49,S,1054.8,3,21
2021-06-17 15:01:49,B,1053.05,1,16
2021-06-17 15:01:49,B,1053.0,2,45
2021-06-17 15:01:49,B,1052.8,2,10
2021-06-17 15:01:49,B,1052.6,2,2
2021-06-17 15:01:49,B,1052.35,2,2
2021-06-17 15:01:52,S,1054.5,1,2
2021-06-17 15:01:52,S,1054.55,1,2
2021-06-17 15:01:52,S,1054.6,2,6
2021-06-17 15:01:52,S,1054.8,2,12
2021-06-17 15:01:52,S,1054.85,2,8
2021-06-17 15:01:52,B,1053.45,1,16
2021-06-17 15:01:52,B,1053.4,2,10
2021-06-17 15:01:52,B,1053.35,1,1
2021-06-17 15:01:52,B,1053.3,1,1
2021-06-17 15:01:52,B,1053.2,1,1
2021-06-17 15:01:55,S,1054.5,1,2
2021-06-17 15:01:55,S,1054.55,1,2
2021-06-17 15:01:55,S,1054.6,2,6
2021-06-17 15:01:55,S,1054.8,1,2
2021-06-17 15:01:55,S,1054.85,2,8
2021-06-17 15:01:55,B,1053.1,1,16
2021-06-17 15:01:55,B,1053.05,2,2
2021-06-17 15:01:55,B,1053.0,2,45
2021-06-17 15:01:55,B,1052.6,2,2
2021-06-17 15:01:55,B,1052.35,2,2
2021-06-17 15:01:55,S,1054.5,1,2
2021-06-17 15:01:55,S,1054.55,1,2
2021-06-17 15:01:55,S,1054.6,2,6
2021-06-17 15:01:55,S,1054.8,1,2
2021-06-17 15:01:55,S,1054.85,2,8
2021-06-17 15:01:55,B,1053.1,1,16
2021-06-17 15:01:55,B,1053.05,2,2
2021-06-17 15:01:55,B,1053.0,2,45
2021-06-17 15:01:55,B,1052.6,2,2
2021-06-17 15:01:55,B,1052.35,2,2
2021-06-17 15:01:57,S,1057.35,2,9
2021-06-17 15:01:57,S,1057.5,1,1
2021-06-17 15:01:57,S,1057.8,1,2
2021-06-17 15:01:57,S,1058.0,4,140
2021-06-17 15:01:57,S,1058.15,1,11
2021-06-17 15:01:57,B,1055.1,2,25
2021-06-17 15:01:57,B,1055.05,1,11
2021-06-17 15:01:57,B,1055.0,1,60
2021-06-17 15:01:57,B,1053.1,2,4
2021-06-17 15:01:57,B,1053.05,3,8
2021-06-17 15:02:04,S,1057.35,2,3
2021-06-17 15:02:04,S,1057.5,3,11
2021-06-17 15:02:04,S,1057.8,1,2
2021-06-17 15:02:04,S,1058.0,4,140
2021-06-17 15:02:04,S,1058.2,2,16
2021-06-17 15:02:04,B,1055.9,1,16
2021-06-17 15:02:04,B,1055.85,1,6
2021-06-17 15:02:04,B,1055.55,1,9
2021-06-17 15:02:04,B,1055.15,1,1
2021-06-17 15:02:04,B,1055.0,1,60
2021-06-17 15:02:15,S,1057.35,2,3
2021-06-17 15:02:15,S,1057.5,3,11
2021-06-17 15:02:15,S,1057.8,1,2
2021-06-17 15:02:15,S,1058.0,4,140
2021-06-17 15:02:15,S,1058.2,2,16
2021-06-17 15:02:15,B,1055.9,1,16
2021-06-17 15:02:15,B,1055.85,1,6
2021-06-17 15:02:15,B,1055.55,1,9
2021-06-17 15:02:15,B,1055.15,1,1
2021-06-17 15:02:15,B,1055.0,1,60
2021-06-17 15:02:18,S,1057.3,2,10
2021-06-17 15:02:18,S,1057.35,3,7
2021-06-17 15:02:18,S,1057.5,2,2
2021-06-17 15:02:18,S,1057.75,1,4
2021-06-17 15:02:18,S,1057.8,2,6
2021-06-17 15:02:18,B,1055.3,1,16
2021-06-17 15:02:18,B,1055.25,1,6
2021-06-17 15:02:18,B,1055.1,1,3
2021-06-17 15:02:18,B,1055.0,1,60
2021-06-17 15:02:18,B,1054.65,2,4
2021-06-17 15:02:21,S,1057.3,4,16
2021-06-17 15:02:21,S,1057.35,3,12
2021-06-17 15:02:21,S,1057.5,2,2
2021-06-17 15:02:21,S,1057.75,2,8
2021-06-17 15:02:21,S,1057.8,2,6
2021-06-17 15:02:21,B,1055.5,1,16
2021-06-17 15:02:21,B,1055.45,1,6
2021-06-17 15:02:21,B,1055.15,1,9
2021-06-17 15:02:21,B,1055.1,1,3
2021-06-17 15:02:21,B,1055.0,1,60
2021-06-17 15:02:26,S,1057.3,4,16
2021-06-17 15:02:26,S,1057.35,3,12
2021-06-17 15:02:26,S,1057.5,2,2
2021-06-17 15:02:26,S,1057.75,2,8
2021-06-17 15:02:26,S,1057.8,2,6
2021-06-17 15:02:26,B,1055.5,1,16
2021-06-17 15:02:26,B,1055.45,1,6
2021-06-17 15:02:26,B,1055.15,1,9
2021-06-17 15:02:26,B,1055.1,1,3
2021-06-17 15:02:26,B,1055.0,1,60
2021-06-17 15:02:27,S,1057.25,1,2
2021-06-17 15:02:27,S,1057.3,3,9
2021-06-17 15:02:27,S,1057.35,4,16
2021-06-17 15:02:27,S,1057.5,2,2
2021-06-17 15:02:27,S,1057.75,1,4
2021-06-17 15:02:27,B,1055.1,1,16
2021-06-17 15:02:27,B,1055.05,2,8
2021-06-17 15:02:27,B,1055.0,2,38
2021-06-17 15:02:27,B,1054.55,1,2
2021-06-17 15:02:27,B,1054.25,1,6
2021-06-17 15:02:33,S,1057.9,1,2
2021-06-17 15:02:33,S,1057.95,2,7
2021-06-17 15:02:33,S,1058.0,5,141
2021-06-17 15:02:33,S,1058.2,1,8
2021-06-17 15:02:33,S,1058.3,1,1
2021-06-17 15:02:33,B,1056.2,1,16
2021-06-17 15:02:33,B,1056.15,1,9
2021-06-17 15:02:33,B,1056.05,1,24
2021-06-17 15:02:33,B,1055.7,1,1
2021-06-17 15:02:33,B,1055.15,1,1
2021-06-17 15:02:36,S,1057.9,3,12
2021-06-17 15:02:36,S,1057.95,2,7
2021-06-17 15:02:36,S,1058.0,5,141
2021-06-17 15:02:36,S,1058.2,1,8
2021-06-17 15:02:36,S,1058.3,1,1
2021-06-17 15:02:36,B,1056.2,1,16
2021-06-17 15:02:36,B,1056.15,1,9
2021-06-17 15:02:36,B,1056.05,1,24
2021-06-17 15:02:36,B,1055.7,1,1
2021-06-17 15:02:36,B,1055.15,1,1
2021-06-17 15:02:39,S,1057.9,3,12
2021-06-17 15:02:39,S,1057.95,2,7
2021-06-17 15:02:39,S,1058.0,5,141
2021-06-17 15:02:39,S,1058.2,1,8
2021-06-17 15:02:39,S,1058.3,1,1
2021-06-17 15:02:39,B,1056.1,1,16
2021-06-17 15:02:39,B,1056.05,1,24
2021-06-17 15:02:39,B,1055.9,2,10
2021-06-17 15:02:39,B,1055.7,2,2
2021-06-17 15:02:39,B,1055.15,1,1
2021-06-17 15:02:54,S,1057.75,1,9
2021-06-17 15:02:54,S,1057.8,2,7
2021-06-17 15:02:54,S,1057.85,3,52
2021-06-17 15:02:54,S,1057.9,2,3
2021-06-17 15:02:54,S,1058.0,4,91
2021-06-17 15:02:54,B,1056.1,1,16
2021-06-17 15:02:54,B,1056.05,1,24
2021-06-17 15:02:54,B,1055.8,2,11
2021-06-17 15:02:54,B,1055.7,2,2
2021-06-17 15:02:54,B,1055.15,1,1
2021-06-17 15:02:56,S,1057.75,1,9
2021-06-17 15:02:56,S,1057.8,1,6
2021-06-17 15:02:56,S,1057.85,2,51
2021-06-17 15:02:56,S,1057.9,2,3
2021-06-17 15:02:56,S,1058.0,4,91
2021-06-17 15:02:56,B,1056.1,1,16
2021-06-17 15:02:56,B,1056.05,2,25
2021-06-17 15:02:56,B,1055.8,2,11
2021-06-17 15:02:56,B,1055.7,2,2
2021-06-17 15:02:56,B,1055.15,1,1
2021-06-17 15:02:58,S,1057.8,1,6
2021-06-17 15:02:58,S,1057.85,2,51
2021-06-17 15:02:58,S,1057.9,1,2
2021-06-17 15:02:58,S,1057.95,1,10
2021-06-17 15:02:58,S,1058.0,3,90
2021-06-17 15:02:58,B,1056.2,1,16
2021-06-17 15:02:58,B,1056.15,2,10
2021-06-17 15:02:58,B,1056.05,2,25
2021-06-17 15:02:58,B,1055.7,2,2
2021-06-17 15:02:58,B,1055.15,1,1
2021-06-17 15:03:05,S,1057.8,1,6
2021-06-17 15:03:05,S,1057.85,2,51
2021-06-17 15:03:05,S,1057.9,1,2
2021-06-17 15:03:05,S,1057.95,1,10
2021-06-17 15:03:05,S,1058.0,3,90
2021-06-17 15:03:05,B,1056.2,1,16
2021-06-17 15:03:05,B,1056.15,2,10
2021-06-17 15:03:05,B,1056.05,2,25
2021-06-17 15:03:05,B,1055.7,2,2
2021-06-17 15:03:05,B,1055.15,1,1
2021-06-17 15:03:06,S,1057.8,1,6
2021-06-17 15:03:06,S,1057.85,2,51
2021-06-17 15:03:06,S,1057.9,1,2
2021-06-17 15:03:06,S,1057.95,1,10
2021-06-17 15:03:06,S,1058.0,3,90
2021-06-17 15:03:06,B,1056.2,1,16
2021-06-17 15:03:06,B,1056.15,2,10
2021-06-17 15:03:06,B,1056.05,2,25
2021-06-17 15:03:06,B,1055.7,2,2
2021-06-17 15:03:06,B,1055.15,1,1
2021-06-17 15:03:07,S,1057.8,1,6
2021-06-17 15:03:07,S,1057.85,2,51
2021-06-17 15:03:07,S,1057.9,1,2
2021-06-17 15:03:07,S,1057.95,1,10
2021-06-17 15:03:07,S,1058.0,3,90
2021-06-17 15:03:07,B,1056.2,1,16
2021-06-17 15:03:07,B,1056.15,2,10
2021-06-17 15:03:07,B,1056.05,2,25
2021-06-17 15:03:07,B,1055.7,2,2
2021-06-17 15:03:07,B,1055.15,1,1
2021-06-17 15:03:08,S,1059.55,1,2
2021-06-17 15:03:08,S,1059.6,1,5
2021-06-17 15:03:08,S,1060.0,6,163
2021-06-17 15:03:08,S,1060.75,2,17
2021-06-17 15:03:08,S,1060.85,1,1
2021-06-17 15:03:08,B,1058.15,1,16
2021-06-17 15:03:08,B,1058.1,2,10
2021-06-17 15:03:08,B,1057.75,1,160
2021-06-17 15:03:08,B,1057.7,1,1
2021-06-17 15:03:08,B,1056.95,2,33
2021-06-17 15:03:10,S,1059.6,1,5
2021-06-17 15:03:10,S,1060.0,5,162
2021-06-17 15:03:10,S,1060.2,2,11
2021-06-17 15:03:10,S,1060.75,2,17
2021-06-17 15:03:10,S,1060.85,1,1
2021-06-17 15:03:10,B,1058.5,1,6
2021-06-17 15:03:10,B,1058.45,1,16
2021-06-17 15:03:10,B,1058.4,2,11
2021-06-17 15:03:10,B,1058.05,2,2
2021-06-17 15:03:10,B,1057.75,2,161
2021-06-17 15:03:13,S,1059.6,1,5
2021-06-17 15:03:13,S,1060.0,5,162
2021-06-17 15:03:13,S,1060.2,1,1
2021-06-17 15:03:13,S,1060.75,2,17
2021-06-17 15:03:13,S,1060.85,1,1
2021-06-17 15:03:13,B,1058.6,1,16
2021-06-17 15:03:13,B,1058.55,2,161
2021-06-17 15:03:13,B,1058.4,2,10
2021-06-17 15:03:13,B,1057.0,1,6
2021-06-17 15:03:13,B,1056.95,2,33
2021-06-17 15:03:14,S,1059.6,1,5
2021-06-17 15:03:14,S,1060.0,5,162
2021-06-17 15:03:14,S,1060.2,1,1
2021-06-17 15:03:14,S,1060.75,2,17
2021-06-17 15:03:14,S,1060.85,1,1
2021-06-17 15:03:14,B,1058.6,1,16
2021-06-17 15:03:14,B,1058.55,2,161
2021-06-17 15:03:14,B,1058.4,2,10
2021-06-17 15:03:14,B,1057.0,1,6
2021-06-17 15:03:14,B,1056.95,2,33
2021-06-17 15:03:16,S,1059.95,1,8
2021-06-17 15:03:16,S,1060.0,4,143
2021-06-17 15:03:16,S,1060.2,2,2
2021-06-17 15:03:16,S,1060.55,1,4
2021-06-17 15:03:16,S,1060.75,2,9
2021-06-17 15:03:16,B,1058.6,1,8
2021-06-17 15:03:16,B,1058.55,1,160
2021-06-17 15:03:16,B,1058.2,2,11
2021-06-17 15:03:16,B,1058.0,2,2
2021-06-17 15:03:16,B,1057.65,1,1
2021-06-17 15:03:18,S,1059.5,1,8
2021-06-17 15:03:18,S,1059.55,1,9
2021-06-17 15:03:18,S,1059.9,3,63
2021-06-17 15:03:18,S,1060.0,5,144
2021-06-17 15:03:18,S,1060.2,2,2
2021-06-17 15:03:18,B,1058.6,1,80
2021-06-17 15:03:18,B,1057.45,2,9
2021-06-17 15:03:18,B,1057.4,1,1
2021-06-17 15:03:18,B,1057.35,2,6
2021-06-17 15:03:18,B,1056.95,2,33
2021-06-17 15:03:21,S,1059.85,1,8
2021-06-17 15:03:21,S,1059.9,2,10
2021-06-17 15:03:21,S,1059.95,2,2
2021-06-17 15:03:21,S,1060.0,5,144
2021-06-17 15:03:21,S,1060.1,1,1
2021-06-17 15:03:21,B,1058.65,1,8
2021-06-17 15:03:21,B,1058.6,1,80
2021-06-17 15:03:21,B,1058.15,2,11
2021-06-17 15:03:21,B,1057.55,1,1
2021-06-17 15:03:21,B,1057.35,2,6
2021-06-17 15:03:24,S,1059.3,2,9
2021-06-17 15:03:24,S,1059.35,1,9
2021-06-17 15:03:24,S,1059.6,2,2
2021-06-17 15:03:24,S,1059.75,1,6
2021-06-17 15:03:24,S,1059.8,2,16
2021-06-17 15:03:24,B,1057.65,2,9
2021-06-17 15:03:24,B,1057.6,2,91
2021-06-17 15:03:24,B,1057.55,2,10
2021-06-17 15:03:24,B,1057.35,3,7
2021-06-17 15:03:24,B,1057.0,2,7
2021-06-17 15:03:28,S,1059.3,2,9
2021-06-17 15:03:28,S,1059.35,1,9
2021-06-17 15:03:28,S,1059.6,2,2
2021-06-17 15:03:28,S,1059.75,1,6
2021-06-17 15:03:28,S,1059.8,2,16
2021-06-17 15:03:28,B,1057.65,2,9
2021-06-17 15:03:28,B,1057.6,2,91
2021-06-17 15:03:28,B,1057.55,2,10
2021-06-17 15:03:28,B,1057.35,3,7
2021-06-17 15:03:28,B,1057.0,2,7
2021-06-17 15:03:29,S,1060.0,4,76
2021-06-17 15:03:29,S,1060.65,2,11
2021-06-17 15:03:29,S,1060.85,2,2
2021-06-17 15:03:29,S,1061.2,2,5
2021-06-17 15:03:29,S,1061.55,2,8
2021-06-17 15:03:29,B,1058.9,1,9
2021-06-17 15:03:29,B,1058.7,1,8
2021-06-17 15:03:29,B,1058.65,2,51
2021-06-17 15:03:29,B,1058.3,3,16
2021-06-17 15:03:29,B,1057.95,1,1
2021-06-17 15:03:31,S,1060.0,4,76
2021-06-17 15:03:31,S,1060.25,1,1
2021-06-17 15:03:31,S,1060.65,2,11
2021-06-17 15:03:31,S,1060.85,2,2
2021-06-17 15:03:31,S,1061.2,2,5
2021-06-17 15:03:31,B,1058.9,1,9
2021-06-17 15:03:31,B,1058.7,2,9
2021-06-17 15:03:31,B,1058.65,2,51
2021-06-17 15:03:31,B,1058.3,3,16
2021-06-17 15:03:31,B,1057.95,1,1
2021-06-17 15:03:32,S,1060.0,4,76
2021-06-17 15:03:32,S,1060.25,1,1
2021-06-17 15:03:32,S,1060.65,2,11
2021-06-17 15:03:32,S,1060.85,2,2
2021-06-17 15:03:32,S,1061.2,2,5
2021-06-17 15:03:32,B,1058.9,1,9
2021-06-17 15:03:32,B,1058.7,2,9
2021-06-17 15:03:32,B,1058.65,2,51
2021-06-17 15:03:32,B,1058.3,3,16
2021-06-17 15:03:32,B,1057.95,1,1
2021-06-17 15:03:34,S,1059.95,1,4
2021-06-17 15:03:34,S,1060.0,4,76
2021-06-17 15:03:34,S,1060.25,2,2
2021-06-17 15:03:34,S,1060.35,1,9
2021-06-17 15:03:34,S,1060.75,1,8
2021-06-17 15:03:34,B,1058.9,1,8
2021-06-17 15:03:34,B,1058.7,1,4
2021-06-17 15:03:34,B,1058.65,1,50
2021-06-17 15:03:34,B,1057.4,1,1
2021-06-17 15:03:34,B,1057.35,2,6
2021-06-17 15:03:39,S,1059.95,1,4
2021-06-17 15:03:39,S,1060.0,4,76
2021-06-17 15:03:39,S,1060.25,2,2
2021-06-17 15:03:39,S,1060.35,1,9
2021-06-17 15:03:39,S,1060.75,1,8
2021-06-17 15:03:39,B,1058.75,1,4
2021-06-17 15:03:39,B,1058.7,1,40
2021-06-17 15:03:39,B,1058.65,1,50
2021-06-17 15:03:39,B,1058.05,2,2
2021-06-17 15:03:39,B,1057.7,1,1
2021-06-17 15:03:42,S,1059.95,1,4
2021-06-17 15:03:42,S,1060.0,4,76
2021-06-17 15:03:42,S,1060.25,2,2
2021-06-17 15:03:42,S,1060.75,1,8
2021-06-17 15:03:42,S,1060.85,2,2
2021-06-17 15:03:42,B,1058.8,1,4
2021-06-17 15:03:42,B,1058.75,1,40
2021-06-17 15:03:42,B,1058.65,1,50
2021-06-17 15:03:42,B,1057.55,1,1
2021-06-17 15:03:42,B,1057.35,2,6
2021-06-17 15:03:45,S,1059.95,1,4
2021-06-17 15:03:45,S,1060.0,4,76
2021-06-17 15:03:45,S,1060.25,1,1
2021-06-17 15:03:45,S,1060.75,1,8
2021-06-17 15:03:45,S,1060.85,2,2
2021-06-17 15:03:45,B,1058.8,1,4
2021-06-17 15:03:45,B,1058.75,2,100
2021-06-17 15:03:45,B,1058.65,1,50
2021-06-17 15:03:45,B,1057.55,1,1
2021-06-17 15:03:45,B,1057.35,2,6
2021-06-17 15:03:48,S,1059.95,1,4
2021-06-17 15:03:48,S,1060.0,4,76
2021-06-17 15:03:48,S,1060.15,2,2
2021-06-17 15:03:48,S,1060.5,1,1
2021-06-17 15:03:48,S,1060.75,2,9
2021-06-17 15:03:48,B,1058.8,2,44
2021-06-17 15:03:48,B,1058.75,1,60
2021-06-17 15:03:48,B,1058.65,1,50
2021-06-17 15:03:48,B,1057.35,2,6
2021-06-17 15:03:48,B,1057.2,1,1
2021-06-17 15:03:50,S,1059.95,1,4
2021-06-17 15:03:50,S,1060.0,5,77
2021-06-17 15:03:50,S,1060.15,2,2
2021-06-17 15:03:50,S,1060.5,1,1
2021-06-17 15:03:50,S,1060.75,2,9
2021-06-17 15:03:50,B,1058.8,2,44
2021-06-17 15:03:50,B,1058.75,1,60
2021-06-17 15:03:50,B,1058.65,1,50
2021-06-17 15:03:50,B,1058.05,1,1
2021-06-17 15:03:50,B,1057.7,1,1
2021-06-17 15:03:51,S,1059.95,1,4
2021-06-17 15:03:51,S,1060.0,5,77
2021-06-17 15:03:51,S,1060.15,2,2
2021-06-17 15:03:51,S,1060.5,1,1
2021-06-17 15:03:51,S,1060.75,2,9
2021-06-17 15:03:51,B,1058.8,2,44
2021-06-17 15:03:51,B,1058.75,1,60
2021-06-17 15:03:51,B,1058.65,1,50
2021-06-17 15:03:51,B,1058.05,1,1
2021-06-17 15:03:51,B,1057.7,1,1
2021-06-17 15:03:52,S,1059.95,1,3
2021-06-17 15:03:52,S,1060.0,4,76
2021-06-17 15:03:52,S,1060.15,2,2
2021-06-17 15:03:52,S,1060.5,1,1
2021-06-17 15:03:52,S,1060.75,2,9
2021-06-17 15:03:52,B,1058.8,2,44
2021-06-17 15:03:52,B,1058.75,1,60
2021-06-17 15:03:52,B,1058.65,1,50
2021-06-17 15:03:52,B,1057.7,1,1
2021-06-17 15:03:52,B,1057.35,2,6
2021-06-17 15:03:55,S,1059.95,1,3
2021-06-17 15:03:55,S,1060.0,4,76
2021-06-17 15:03:55,S,1060.15,2,2
2021-06-17 15:03:55,S,1060.5,1,1
2021-06-17 15:03:55,S,1060.85,2,2
2021-06-17 15:03:55,B,1058.8,2,44
2021-06-17 15:03:55,B,1058.75,1,60
2021-06-17 15:03:55,B,1058.65,1,50
2021-06-17 15:03:55,B,1057.7,1,1
2021-06-17 15:03:55,B,1057.35,2,6
2021-06-17 15:03:58,S,1059.6,1,1
2021-06-17 15:03:58,S,1059.95,1,3
2021-06-17 15:03:58,S,1060.0,4,76
2021-06-17 15:03:58,S,1060.15,2,2
2021-06-17 15:03:58,S,1060.5,1,1
2021-06-17 15:03:58,B,1058.8,2,44
2021-06-17 15:03:58,B,1058.75,1,60
2021-06-17 15:03:58,B,1058.65,1,50
2021-06-17 15:03:58,B,1057.7,1,1
2021-06-17 15:03:58,B,1057.35,2,6
2021-06-17 15:04:02,S,1059.6,1,1
2021-06-17 15:04:02,S,1059.95,1,3
2021-06-17 15:04:02,S,1060.0,4,76
2021-06-17 15:04:02,S,1060.15,2,2
2021-06-17 15:04:02,S,1060.5,1,1
2021-06-17 15:04:02,B,1058.8,2,44
2021-06-17 15:04:02,B,1058.75,1,60
2021-06-17 15:04:02,B,1058.65,1,50
2021-06-17 15:04:02,B,1057.7,1,1
2021-06-17 15:04:02,B,1057.35,2,6
2021-06-17 15:04:03,S,1059.95,1,3
2021-06-17 15:04:03,S,1060.0,4,76
2021-06-17 15:04:03,S,1060.15,2,2
2021-06-17 15:04:03,S,1060.5,1,1
2021-06-17 15:04:03,S,1060.75,1,9
2021-06-17 15:04:03,B,1058.8,2,44
2021-06-17 15:04:03,B,1058.75,1,60
2021-06-17 15:04:03,B,1058.65,1,50
2021-06-17 15:04:03,B,1057.7,1,1
2021-06-17 15:04:03,B,1057.35,2,6
2021-06-17 15:04:06,S,1059.95,2,4
2021-06-17 15:04:06,S,1060.0,4,76
2021-06-17 15:04:06,S,1060.1,2,10
2021-06-17 15:04:06,S,1060.15,2,2
2021-06-17 15:04:06,S,1060.45,1,10
2021-06-17 15:04:06,B,1058.8,2,44
2021-06-17 15:04:06,B,1058.75,1,60
2021-06-17 15:04:06,B,1058.65,1,50
2021-06-17 15:04:06,B,1057.7,1,1
2021-06-17 15:04:06,B,1057.35,2,6
2021-06-17 15:04:07,S,1059.95,2,4
2021-06-17 15:04:07,S,1060.0,4,76
2021-06-17 15:04:07,S,1060.1,2,10
2021-06-17 15:04:07,S,1060.15,2,2
2021-06-17 15:04:07,S,1060.45,1,10
2021-06-17 15:04:07,B,1058.8,2,44
2021-06-17 15:04:07,B,1058.75,1,60
2021-06-17 15:04:07,B,1058.65,1,50
2021-06-17 15:04:07,B,1057.7,1,1
2021-06-17 15:04:07,B,1057.35,2,6
2021-06-17 15:04:08,S,1059.9,1,4
2021-06-17 15:04:08,S,1059.95,1,1
2021-06-17 15:04:08,S,1060.0,4,76
2021-06-17 15:04:08,S,1060.1,2,10
2021-06-17 15:04:08,S,1060.75,1,9
2021-06-17 15:04:08,B,1058.85,1,4
2021-06-17 15:04:08,B,1058.8,1,40
2021-06-17 15:04:08,B,1058.75,1,60
2021-06-17 15:04:08,B,1058.65,1,50
2021-06-17 15:04:08,B,1057.7,1,1
2021-06-17 15:04:09,S,1059.9,1,4
2021-06-17 15:04:09,S,1059.95,1,1
2021-06-17 15:04:09,S,1060.0,4,76
2021-06-17 15:04:09,S,1060.1,2,10
2021-06-17 15:04:09,S,1060.75,1,9
2021-06-17 15:04:09,B,1058.85,1,4
2021-06-17 15:04:09,B,1058.8,1,40
2021-06-17 15:04:09,B,1058.75,1,60
2021-06-17 15:04:09,B,1058.65,1,50
2021-06-17 15:04:09,B,1057.7,1,1
2021-06-17 15:04:11,S,1059.9,1,3
2021-06-17 15:04:11,S,1059.95,1,1
2021-06-17 15:04:11,S,1060.0,4,76
2021-06-17 15:04:11,S,1060.1,2,10
2021-06-17 15:04:11,S,1060.15,1,1
2021-06-17 15:04:11,B,1058.85,1,4
2021-06-17 15:04:11,B,1058.8,1,40
2021-06-17 15:04:11,B,1058.75,1,60
2021-06-17 15:04:11,B,1058.65,1,50
2021-06-17 15:04:11,B,1058.25,1,1
2021-06-17 15:04:14,S,1059.9,1,3
2021-06-17 15:04:14,S,1059.95,1,1
2021-06-17 15:04:14,S,1060.0,4,76
2021-06-17 15:04:14,S,1060.1,1,9
2021-06-17 15:04:14,S,1060.15,1,1
2021-06-17 15:04:14,B,1058.8,2,44
2021-06-17 15:04:14,B,1058.75,1,60
2021-06-17 15:04:14,B,1058.65,2,51
2021-06-17 15:04:14,B,1057.35,2,6
2021-06-17 15:04:14,B,1057.2,1,1
2021-06-17 15:04:15,S,1059.9,1,3
2021-06-17 15:04:15,S,1059.95,1,1
2021-06-17 15:04:15,S,1060.0,4,76
2021-06-17 15:04:15,S,1060.1,1,9
2021-06-17 15:04:15,S,1060.15,1,1
2021-06-17 15:04:15,B,1058.8,2,44
2021-06-17 15:04:15,B,1058.75,1,60
2021-06-17 15:04:15,B,1058.65,2,51
2021-06-17 15:04:15,B,1057.35,2,6
2021-06-17 15:04:15,B,1057.2,1,1
2021-06-17 15:04:17,S,1059.9,1,10
2021-06-17 15:04:17,S,1060.0,5,74
2021-06-17 15:04:17,S,1060.15,1,1
2021-06-17 15:04:17,S,1060.5,1,1
2021-06-17 15:04:17,S,1060.85,2,2
2021-06-17 15:04:17,B,1058.8,2,44
2021-06-17 15:04:17,B,1058.75,1,60
2021-06-17 15:04:17,B,1058.65,2,51
2021-06-17 15:04:17,B,1057.65,1,1
2021-06-17 15:04:17,B,1057.35,2,6
2021-06-17 15:04:25,S,1059.9,1,10
2021-06-17 15:04:25,S,1060.0,5,74
2021-06-17 15:04:25,S,1060.15,2,2
2021-06-17 15:04:25,S,1060.5,1,1
2021-06-17 15:04:25,S,1060.75,1,9
2021-06-17 15:04:25,B,1058.8,2,44
2021-06-17 15:04:25,B,1058.75,1,60
2021-06-17 15:04:25,B,1058.65,1,50
2021-06-17 15:04:25,B,1057.65,1,1
2021-06-17 15:04:25,B,1057.35,2,6
2021-06-17 15:04:33,S,1059.9,2,11
2021-06-17 15:04:33,S,1060.0,7,125
2021-06-17 15:04:33,S,1060.15,2,2
2021-06-17 15:04:33,S,1060.3,1,9
2021-06-17 15:04:33,S,1060.5,1,1
2021-06-17 15:04:33,B,1058.8,2,44
2021-06-17 15:04:33,B,1058.65,1,50
2021-06-17 15:04:33,B,1058.05,3,27
2021-06-17 15:04:33,B,1058.0,2,61
2021-06-17 15:04:33,B,1057.65,1,1
2021-06-17 15:04:36,S,1059.9,1,5
2021-06-17 15:04:36,S,1060.0,7,125
2021-06-17 15:04:36,S,1060.15,2,2
2021-06-17 15:04:36,S,1060.3,1,9
2021-06-17 15:04:36,S,1060.5,1,1
2021-06-17 15:04:36,B,1058.8,2,44
2021-06-17 15:04:36,B,1058.65,1,50
2021-06-17 15:04:36,B,1058.05,3,27
2021-06-17 15:04:36,B,1058.0,2,61
2021-06-17 15:04:36,B,1057.65,1,1
2021-06-17 15:04:41,S,1059.9,1,5
2021-06-17 15:04:41,S,1060.0,7,125
2021-06-17 15:04:41,S,1060.15,2,2
2021-06-17 15:04:41,S,1060.3,1,9
2021-06-17 15:04:41,S,1060.5,1,1
2021-06-17 15:04:41,B,1058.8,2,44
2021-06-17 15:04:41,B,1058.65,1,50
2021-06-17 15:04:41,B,1058.05,3,27
2021-06-17 15:04:41,B,1058.0,2,61
2021-06-17 15:04:41,B,1057.65,1,1
2021-06-17 15:04:43,S,1058.4,2,26
2021-06-17 15:04:43,S,1058.45,2,2
2021-06-17 15:04:43,S,1058.95,1,1
2021-06-17 15:04:43,S,1059.0,3,27
2021-06-17 15:04:43,S,1059.05,2,5
2021-06-17 15:04:43,B,1056.45,1,4
2021-06-17 15:04:43,B,1056.4,1,2
2021-06-17 15:04:43,B,1055.75,2,2
2021-06-17 15:04:43,B,1055.05,1,1
2021-06-17 15:04:43,B,1054.95,1,1
2021-06-17 15:04:46,S,1058.05,1,9
2021-06-17 15:04:46,S,1058.4,4,30
2021-06-17 15:04:46,S,1058.45,2,2
2021-06-17 15:04:46,S,1059.0,3,27
2021-06-17 15:04:46,S,1059.05,2,5
2021-06-17 15:04:46,B,1056.45,1,4
2021-06-17 15:04:46,B,1056.4,1,2
2021-06-17 15:04:46,B,1055.75,2,2
2021-06-17 15:04:46,B,1055.55,1,1
2021-06-17 15:04:46,B,1055.2,1,1
2021-06-17 15:04:49,S,1058.05,2,12
2021-06-17 15:04:49,S,1058.4,3,27
2021-06-17 15:04:49,S,1058.45,2,2
2021-06-17 15:04:49,S,1059.0,3,27
2021-06-17 15:04:49,S,1059.05,2,10
2021-06-17 15:04:49,B,1056.45,2,29
2021-06-17 15:04:49,B,1055.6,2,18
2021-06-17 15:04:49,B,1055.55,2,2
2021-06-17 15:04:49,B,1055.25,1,1
2021-06-17 15:04:49,B,1055.2,1,1
2021-06-17 15:04:51,S,1058.05,1,3
2021-06-17 15:04:51,S,1058.2,2,11
2021-06-17 15:04:51,S,1058.4,3,27
2021-06-17 15:04:51,S,1058.45,2,2
2021-06-17 15:04:51,S,1059.0,3,27
2021-06-17 15:04:51,B,1056.45,2,29
2021-06-17 15:04:51,B,1055.6,2,18
2021-06-17 15:04:51,B,1055.25,1,1
2021-06-17 15:04:51,B,1055.2,1,1
2021-06-17 15:04:51,B,1055.05,1,1
2021-06-17 15:04:54,S,1058.05,1,3
2021-06-17 15:04:54,S,1058.2,1,10
2021-06-17 15:04:54,S,1058.4,3,27
2021-06-17 15:04:54,S,1058.45,2,2
2021-06-17 15:04:54,S,1059.0,3,27
2021-06-17 15:04:54,B,1056.45,2,29
2021-06-17 15:04:54,B,1055.6,2,18
2021-06-17 15:04:54,B,1055.25,2,2
2021-06-17 15:04:54,B,1055.2,1,1
2021-06-17 15:04:54,B,1055.05,1,1
2021-06-17 15:04:57,S,1058.05,1,3
2021-06-17 15:04:57,S,1058.4,3,27
2021-06-17 15:04:57,S,1058.45,2,2
2021-06-17 15:04:57,S,1059.0,3,27
2021-06-17 15:04:57,S,1059.05,2,10
2021-06-17 15:04:57,B,1056.45,2,29
2021-06-17 15:04:57,B,1055.6,2,18
2021-06-17 15:04:57,B,1055.25,2,2
2021-06-17 15:04:57,B,1055.2,1,1
2021-06-17 15:04:57,B,1055.05,1,1
2021-06-17 15:05:02,S,1058.05,1,3
2021-06-17 15:05:02,S,1058.4,3,27
2021-06-17 15:05:02,S,1058.45,2,2
2021-06-17 15:05:02,S,1059.0,3,27
2021-06-17 15:05:02,S,1059.05,2,10
2021-06-17 15:05:02,B,1056.45,2,29
2021-06-17 15:05:02,B,1055.6,2,18
2021-06-17 15:05:02,B,1055.25,2,2
2021-06-17 15:05:02,B,1055.2,1,1
2021-06-17 15:05:02,B,1055.05,1,1
2021-06-17 15:05:05,S,1058.05,1,3
2021-06-17 15:05:05,S,1058.4,3,27
2021-06-17 15:05:05,S,1058.45,2,2
2021-06-17 15:05:05,S,1059.0,3,27
2021-06-17 15:05:05,S,1059.05,2,10
2021-06-17 15:05:05,B,1056.45,2,29
2021-06-17 15:05:05,B,1055.6,2,18
2021-06-17 15:05:05,B,1055.25,2,2
2021-06-17 15:05:05,B,1055.2,1,1
2021-06-17 15:05:05,B,1054.85,1,1
2021-06-17 15:05:08,S,1058.05,1,3
2021-06-17 15:05:08,S,1058.25,2,10
2021-06-17 15:05:08,S,1058.4,3,27
2021-06-17 15:05:08,S,1058.45,2,2
2021-06-17 15:05:08,S,1059.0,3,27
2021-06-17 15:05:08,B,1056.45,2,29
2021-06-17 15:05:08,B,1055.6,2,18
2021-06-17 15:05:08,B,1055.25,2,2
2021-06-17 15:05:08,B,1054.7,1,1
2021-06-17 15:05:08,B,1054.5,1,2
2021-06-17 15:05:10,S,1058.05,1,3
2021-06-17 15:05:10,S,1058.25,2,10
2021-06-17 15:05:10,S,1058.4,3,27
2021-06-17 15:05:10,S,1058.45,2,2
2021-06-17 15:05:10,S,1059.0,3,27
2021-06-17 15:05:10,B,1056.45,2,29
2021-06-17 15:05:10,B,1055.6,2,18
2021-06-17 15:05:10,B,1055.25,2,2
2021-06-17 15:05:10,B,1054.7,1,1
2021-06-17 15:05:10,B,1054.5,1,2
2021-06-17 15:05:15,S,1058.05,1,3
2021-06-17 15:05:15,S,1058.4,3,27
2021-06-17 15:05:15,S,1058.45,2,2
2021-06-17 15:05:15,S,1059.0,3,27
2021-06-17 15:05:15,S,1059.05,2,10
2021-06-17 15:05:15,B,1056.45,2,29
2021-06-17 15:05:15,B,1055.6,2,18
2021-06-17 15:05:15,B,1055.25,2,2
2021-06-17 15:05:15,B,1054.95,1,1
2021-06-17 15:05:15,B,1054.7,1,1
2021-06-17 15:05:18,S,1058.05,1,3
2021-06-17 15:05:18,S,1058.15,2,11
2021-06-17 15:05:18,S,1058.4,3,27
2021-06-17 15:05:18,S,1058.45,2,2
2021-06-17 15:05:18,S,1059.0,3,27
2021-06-17 15:05:18,B,1056.45,2,29
2021-06-17 15:05:18,B,1055.6,2,18
2021-06-17 15:05:18,B,1055.25,2,2
2021-06-17 15:05:18,B,1054.95,1,1
2021-06-17 15:05:18,B,1054.7,1,1
2021-06-17 15:05:19,S,1058.05,1,3
2021-06-17 15:05:19,S,1058.15,2,11
2021-06-17 15:05:19,S,1058.4,3,27
2021-06-17 15:05:19,S,1058.45,2,2
2021-06-17 15:05:19,S,1059.0,3,27
2021-06-17 15:05:19,B,1056.45,2,29
2021-06-17 15:05:19,B,1055.6,2,18
2021-06-17 15:05:19,B,1055.25,2,2
2021-06-17 15:05:19,B,1054.95,1,1
2021-06-17 15:05:19,B,1054.7,1,1
2021-06-17 15:05:21,S,1059.1,1,18
2021-06-17 15:05:21,S,1059.15,1,4
2021-06-17 15:05:21,S,1059.2,2,26
2021-06-17 15:05:21,S,1059.25,1,1
2021-06-17 15:05:21,S,1059.35,2,5
2021-06-17 15:05:21,B,1056.5,1,4
2021-06-17 15:05:21,B,1056.45,1,25
2021-06-17 15:05:21,B,1055.25,2,2
2021-06-17 15:05:21,B,1054.95,1,1
2021-06-17 15:05:21,B,1054.55,2,2
2021-06-17 15:05:24,S,1058.25,1,10
2021-06-17 15:05:24,S,1058.5,2,2
2021-06-17 15:05:24,S,1058.95,2,2
2021-06-17 15:05:24,S,1059.05,2,10
2021-06-17 15:05:24,S,1059.1,2,3
2021-06-17 15:05:24,B,1056.75,1,4
2021-06-17 15:05:24,B,1056.7,1,13
2021-06-17 15:05:24,B,1056.65,1,25
2021-06-17 15:05:24,B,1055.95,2,3
2021-06-17 15:05:24,B,1055.45,1,1
2021-06-17 15:05:27,S,1058.25,1,2
2021-06-17 15:05:27,S,1058.95,2,2
2021-06-17 15:05:27,S,1059.05,2,10
2021-06-17 15:05:27,S,1059.35,1,1
2021-06-17 15:05:27,S,1059.75,2,10
2021-06-17 15:05:27,B,1057.0,1,4
2021-06-17 15:05:27,B,1056.95,1,25
2021-06-17 15:05:27,B,1056.75,1,1
2021-06-17 15:05:27,B,1056.1,1,1
2021-06-17 15:05:27,B,1056.05,2,2
2021-06-17 15:05:30,S,1058.25,2,12
2021-06-17 15:05:30,S,1058.95,2,2
2021-06-17 15:05:30,S,1059.05,2,10
2021-06-17 15:05:30,S,1059.35,1,1
2021-06-17 15:05:30,S,1059.75,2,10
2021-06-17 15:05:30,B,1057.0,1,4
2021-06-17 15:05:30,B,1056.95,1,25
2021-06-17 15:05:30,B,1056.45,1,10
2021-06-17 15:05:30,B,1056.15,1,3
2021-06-17 15:05:30,B,1056.1,1,1
2021-06-17 15:05:32,S,1058.25,1,2
2021-06-17 15:05:32,S,1058.4,1,9
2021-06-17 15:05:32,S,1058.95,2,2
2021-06-17 15:05:32,S,1059.05,2,10
2021-06-17 15:05:32,S,1059.35,1,1
2021-06-17 15:05:32,B,1057.05,1,4
2021-06-17 15:05:32,B,1057.0,1,25
2021-06-17 15:05:32,B,1056.55,2,11
2021-06-17 15:05:32,B,1056.2,1,2
2021-06-17 15:05:32,B,1055.55,1,1
2021-06-17 15:05:35,S,1058.2,1,10
2021-06-17 15:05:35,S,1058.25,1,2
2021-06-17 15:05:35,S,1058.95,2,2
2021-06-17 15:05:35,S,1059.05,2,10
2021-06-17 15:05:35,S,1059.35,1,1
2021-06-17 15:05:35,B,1057.05,1,4
2021-06-17 15:05:35,B,1057.0,1,25
2021-06-17 15:05:35,B,1056.4,2,10
2021-06-17 15:05:35,B,1056.2,1,3
2021-06-17 15:05:35,B,1055.55,1,1
2021-06-17 15:05:37,S,1058.2,1,2
2021-06-17 15:05:37,S,1058.4,1,1
2021-06-17 15:05:37,S,1058.8,2,2
2021-06-17 15:05:37,S,1059.05,2,10
2021-06-17 15:05:37,S,1059.3,2,2
2021-06-17 15:05:37,B,1057.1,1,4
2021-06-17 15:05:37,B,1057.05,1,25
2021-06-17 15:05:37,B,1056.55,2,10
2021-06-17 15:05:37,B,1056.35,3,3
2021-06-17 15:05:37,B,1056.3,2,9
2021-06-17 15:05:43,S,1058.2,1,2
2021-06-17 15:05:43,S,1058.4,2,2
2021-06-17 15:05:43,S,1058.8,2,2
2021-06-17 15:05:43,S,1059.05,2,10
2021-06-17 15:05:43,S,1059.25,2,10
2021-06-17 15:05:43,B,1056.6,2,29
2021-06-17 15:05:43,B,1056.4,2,11
2021-06-17 15:05:43,B,1056.3,2,9
2021-06-17 15:05:43,B,1055.9,1,1
2021-06-17 15:05:43,B,1055.85,1,2
2021-06-17 15:05:46,S,1057.9,1,9
2021-06-17 15:05:46,S,1058.2,2,3
2021-06-17 15:05:46,S,1058.4,2,2
2021-06-17 15:05:46,S,1058.8,2,2
2021-06-17 15:05:46,S,1059.05,2,10
2021-06-17 15:05:46,B,1056.65,1,4
2021-06-17 15:05:46,B,1056.6,1,25
2021-06-17 15:05:46,B,1055.95,1,2
2021-06-17 15:05:46,B,1055.5,2,2
2021-06-17 15:05:46,B,1055.0,1,1
2021-06-17 15:05:48,S,1057.8,1,10
2021-06-17 15:05:48,S,1057.9,1,2
2021-06-17 15:05:48,S,1058.4,2,2
2021-06-17 15:05:48,S,1058.7,1,4
2021-06-17 15:05:48,S,1058.8,2,2
2021-06-17 15:05:48,B,1056.7,1,4
2021-06-17 15:05:48,B,1056.65,1,25
2021-06-17 15:05:48,B,1056.05,2,7
2021-06-17 15:05:48,B,1056.0,1,1
2021-06-17 15:05:48,B,1055.95,1,10
2021-06-17 15:05:51,S,1057.8,2,12
2021-06-17 15:05:51,S,1057.9,2,3
2021-06-17 15:05:51,S,1058.4,2,2
2021-06-17 15:05:51,S,1058.7,1,4
2021-06-17 15:05:51,S,1058.8,2,2
2021-06-17 15:05:51,B,1056.7,1,4
2021-06-17 15:05:51,B,1056.65,1,25
2021-06-17 15:05:51,B,1056.05,1,6
2021-06-17 15:05:51,B,1055.95,1,10
2021-06-17 15:05:51,B,1055.55,1,1
2021-06-17 15:05:54,S,1057.8,1,2
2021-06-17 15:05:54,S,1057.9,1,2
2021-06-17 15:05:54,S,1058.2,1,1
2021-06-17 15:05:54,S,1058.4,2,2
2021-06-17 15:05:54,S,1058.8,2,2
2021-06-17 15:05:54,B,1056.85,1,4
2021-06-17 15:05:54,B,1056.8,1,13
2021-06-17 15:05:54,B,1056.75,1,13
2021-06-17 15:05:54,B,1056.7,1,25
2021-06-17 15:05:54,B,1056.4,1,10
2021-06-17 15:05:57,S,1058.85,3,6
2021-06-17 15:05:57,S,1059.05,2,10
2021-06-17 15:05:57,S,1059.25,2,5
2021-06-17 15:05:57,S,1059.3,3,6
2021-06-17 15:05:57,S,1059.55,2,2
2021-06-17 15:05:57,B,1056.9,1,4
2021-06-17 15:05:57,B,1056.85,1,6
2021-06-17 15:05:57,B,1056.7,1,25
2021-06-17 15:05:57,B,1055.75,1,2
2021-06-17 15:05:57,B,1055.7,2,2
2021-06-17 15:05:59,S,1058.65,2,14
2021-06-17 15:05:59,S,1059.0,2,5
2021-06-17 15:05:59,S,1059.05,2,10
2021-06-17 15:05:59,S,1059.1,1,4
2021-06-17 15:05:59,S,1059.25,2,5
2021-06-17 15:05:59,B,1056.95,1,4
2021-06-17 15:05:59,B,1056.9,1,25
2021-06-17 15:05:59,B,1055.85,3,3
2021-06-17 15:05:59,B,1055.8,1,1
2021-06-17 15:05:59,B,1055.75,1,6
2021-06-17 15:06:01,S,1058.75,2,2
2021-06-17 15:06:01,S,1059.1,1,4
2021-06-17 15:06:01,S,1059.25,2,5
2021-06-17 15:06:01,S,1059.3,2,2
2021-06-17 15:06:01,S,1059.55,1,4
2021-06-17 15:06:01,B,1057.0,1,4
2021-06-17 15:06:01,B,1056.95,1,25
2021-06-17 15:06:01,B,1055.95,5,29
2021-06-17 15:06:01,B,1055.9,2,9
2021-06-17 15:06:01,B,1055.55,1,2
2021-06-17 15:06:04,S,1059.2,1,7
2021-06-17 15:06:04,S,1059.25,3,9
2021-06-17 15:06:04,S,1059.3,2,2
2021-06-17 15:06:04,S,1059.55,2,5
2021-06-17 15:06:04,S,1059.7,2,2
2021-06-17 15:06:04,B,1057.0,1,4
2021-06-17 15:06:04,B,1056.95,1,25
2021-06-17 15:06:04,B,1056.05,3,3
2021-06-17 15:06:04,B,1055.9,2,9
2021-06-17 15:06:04,B,1055.55,1,2
2021-06-17 15:06:07,S,1059.05,3,14
2021-06-17 15:06:07,S,1059.1,1,1
2021-06-17 15:06:07,S,1059.15,1,13
2021-06-17 15:06:07,S,1059.2,1,1
2021-06-17 15:06:07,S,1059.25,4,13
2021-06-17 15:06:07,B,1057.0,2,11
2021-06-17 15:06:07,B,1056.95,1,25
2021-06-17 15:06:07,B,1055.95,2,2
2021-06-17 15:06:07,B,1055.9,1,1
2021-06-17 15:06:07,B,1055.55,1,2
2021-06-17 15:06:09,S,1059.05,3,14
2021-06-17 15:06:09,S,1059.25,2,5
2021-06-17 15:06:09,S,1059.3,2,2
2021-06-17 15:06:09,S,1059.5,1,4
2021-06-17 15:06:09,S,1059.65,1,4
2021-06-17 15:06:09,B,1057.05,1,4
2021-06-17 15:06:09,B,1057.0,1,25
2021-06-17 15:06:09,B,1056.1,2,8
2021-06-17 15:06:09,B,1055.6,3,4
2021-06-17 15:06:09,B,1055.5,1,1
2021-06-17 15:06:12,S,1058.75,2,2
2021-06-17 15:06:12,S,1058.8,2,5
2021-06-17 15:06:12,S,1059.0,3,64
2021-06-17 15:06:12,S,1059.05,3,14
2021-06-17 15:06:12,S,1059.25,3,9
2021-06-17 15:06:12,B,1057.05,1,4
2021-06-17 15:06:12,B,1057.0,1,25
2021-06-17 15:06:12,B,1056.1,2,8
2021-06-17 15:06:12,B,1055.65,2,2
2021-06-17 15:06:12,B,1055.6,1,2
2021-06-17 15:06:15,S,1058.2,1,9
2021-06-17 15:06:15,S,1058.45,1,9
2021-06-17 15:06:15,S,1058.75,2,2
2021-06-17 15:06:15,S,1058.8,2,5
2021-06-17 15:06:15,S,1058.9,1,13
2021-06-17 15:06:15,B,1057.1,1,4
2021-06-17 15:06:15,B,1057.05,1,25
2021-06-17 15:06:15,B,1055.9,1,7
2021-06-17 15:06:15,B,1055.65,1,1
2021-06-17 15:06:15,B,1055.1,1,2
2021-06-17 15:06:17,S,1058.15,1,9
2021-06-17 15:06:17,S,1058.2,2,10
2021-06-17 15:06:17,S,1058.4,2,8
2021-06-17 15:06:17,S,1058.45,1,1
2021-06-17 15:06:17,S,1058.7,1,13
2021-06-17 15:06:17,B,1057.0,1,10
2021-06-17 15:06:17,B,1056.25,1,4
2021-06-17 15:06:17,B,1056.2,1,15
2021-06-17 15:06:17,B,1056.1,1,1
2021-06-17 15:06:17,B,1055.9,1,10
2021-06-17 15:06:22,S,1058.15,1,9
2021-06-17 15:06:22,S,1058.2,1,9
2021-06-17 15:06:22,S,1058.4,2,8
2021-06-17 15:06:22,S,1058.6,1,13
2021-06-17 15:06:22,S,1058.65,1,13
2021-06-17 15:06:22,B,1056.25,3,15
2021-06-17 15:06:22,B,1055.75,2,10
2021-06-17 15:06:22,B,1055.45,2,16
2021-06-17 15:06:22,B,1055.4,1,1
2021-06-17 15:06:22,B,1055.0,1,2
2021-06-17 15:06:30,S,1058.15,1,9
2021-06-17 15:06:30,S,1058.2,1,9
2021-06-17 15:06:30,S,1058.4,2,8
2021-06-17 15:06:30,S,1058.6,1,13
2021-06-17 15:06:30,S,1058.65,1,13
2021-06-17 15:06:30,B,1056.25,3,15
2021-06-17 15:06:30,B,1055.75,2,10
2021-06-17 15:06:30,B,1055.45,2,16
2021-06-17 15:06:30,B,1055.4,1,1
2021-06-17 15:06:30,B,1055.0,1,2
2021-06-17 15:06:40,S,1058.15,1,9
2021-06-17 15:06:40,S,1058.2,2,10
2021-06-17 15:06:40,S,1058.4,2,8
2021-06-17 15:06:40,S,1058.5,1,13
2021-06-17 15:06:40,S,1058.55,1,13
2021-06-17 15:06:40,B,1057.0,1,1
2021-06-17 15:06:40,B,1056.25,2,14
2021-06-17 15:06:40,B,1055.75,2,10
2021-06-17 15:06:40,B,1055.5,1,13
2021-06-17 15:06:40,B,1055.45,2,16
2021-06-17 15:06:43,S,1058.15,1,9
2021-06-17 15:06:43,S,1058.2,2,10
2021-06-17 15:06:43,S,1058.4,3,21
2021-06-17 15:06:43,S,1058.45,1,13
2021-06-17 15:06:43,S,1058.75,2,2
2021-06-17 15:06:43,B,1057.0,2,11
2021-06-17 15:06:43,B,1056.05,1,4
2021-06-17 15:06:43,B,1056.0,1,9
2021-06-17 15:06:43,B,1055.9,1,1
2021-06-17 15:06:43,B,1055.85,2,2
2021-06-17 15:06:46,S,1058.15,1,9
2021-06-17 15:06:46,S,1058.2,2,10
2021-06-17 15:06:46,S,1058.4,3,21
2021-06-17 15:06:46,S,1058.45,1,13
2021-06-17 15:06:46,S,1058.75,2,2
2021-06-17 15:06:46,B,1057.0,2,11
2021-06-17 15:06:46,B,1056.05,1,4
2021-06-17 15:06:46,B,1056.0,1,9
2021-06-17 15:06:46,B,1055.9,1,1
2021-06-17 15:06:46,B,1055.85,2,2
2021-06-17 15:06:48,S,1058.7,1,7
2021-06-17 15:06:48,S,1058.75,2,2
2021-06-17 15:06:48,S,1058.9,2,14
2021-06-17 15:06:48,S,1058.95,1,19
2021-06-17 15:06:48,S,1059.0,2,51
2021-06-17 15:06:48,B,1057.0,2,11
2021-06-17 15:06:48,B,1056.6,1,4
2021-06-17 15:06:48,B,1056.55,1,9
2021-06-17 15:06:48,B,1056.05,2,2
2021-06-17 15:06:48,B,1055.85,2,2
2021-06-17 15:07:01,S,1056.95,3,41
2021-06-17 15:07:01,S,1057.0,1,139
2021-06-17 15:07:01,S,1057.4,1,1
2021-06-17 15:07:01,S,1057.8,1,1
2021-06-17 15:07:01,S,1058.6,1,4
2021-06-17 15:07:01,B,1055.85,1,10
2021-06-17 15:07:01,B,1055.5,2,5
2021-06-17 15:07:01,B,1055.05,1,5
2021-06-17 15:07:01,B,1054.95,1,1
2021-06-17 15:07:01,B,1054.55,2,2
2021-06-17 15:07:06,S,1056.95,3,41
2021-06-17 15:07:06,S,1057.0,1,139
2021-06-17 15:07:06,S,1057.4,1,1
2021-06-17 15:07:06,S,1057.8,1,1
2021-06-17 15:07:06,S,1058.0,1,50
2021-06-17 15:07:06,B,1055.85,1,10
2021-06-17 15:07:06,B,1055.1,2,5
2021-06-17 15:07:06,B,1055.05,1,5
2021-06-17 15:07:06,B,1054.95,1,1
2021-06-17 15:07:06,B,1054.5,1,2
2021-06-17 15:07:07,S,1056.95,3,41
2021-06-17 15:07:07,S,1057.0,1,139
2021-06-17 15:07:07,S,1057.4,1,1
2021-06-17 15:07:07,S,1057.8,1,1
2021-06-17 15:07:07,S,1058.0,1,50
2021-06-17 15:07:07,B,1055.85,1,10
2021-06-17 15:07:07,B,1055.1,2,5
2021-06-17 15:07:07,B,1055.05,1,5
2021-06-17 15:07:07,B,1054.95,1,1
2021-06-17 15:07:07,B,1054.5,1,2
2021-06-17 15:07:09,S,1056.65,1,10
2021-06-17 15:07:09,S,1056.95,2,32
2021-06-17 15:07:09,S,1057.0,2,148
2021-06-17 15:07:09,S,1057.35,1,9
2021-06-17 15:07:09,S,1057.4,1,1
2021-06-17 15:07:09,B,1055.15,1,4
2021-06-17 15:07:09,B,1055.1,2,10
2021-06-17 15:07:09,B,1054.65,2,2
2021-06-17 15:07:09,B,1054.55,2,16
2021-06-17 15:07:09,B,1054.5,2,3
2021-06-17 15:07:09,S,1056.65,1,10
2021-06-17 15:07:09,S,1056.95,2,32
2021-06-17 15:07:09,S,1057.0,2,148
2021-06-17 15:07:09,S,1057.35,1,9
2021-06-17 15:07:09,S,1057.4,1,1
2021-06-17 15:07:09,B,1055.15,1,4
2021-06-17 15:07:09,B,1055.1,2,10
2021-06-17 15:07:09,B,1054.65,2,2
2021-06-17 15:07:09,B,1054.55,2,16
2021-06-17 15:07:09,B,1054.5,2,3
2021-06-17 15:07:11,S,1056.95,3,33
2021-06-17 15:07:11,S,1057.0,2,148
2021-06-17 15:07:11,S,1057.35,1,9
2021-06-17 15:07:11,S,1057.4,1,1
2021-06-17 15:07:11,S,1057.75,2,2
2021-06-17 15:07:11,B,1055.15,1,4
2021-06-17 15:07:11,B,1055.1,2,10
2021-06-17 15:07:11,B,1054.55,2,16
2021-06-17 15:07:11,B,1054.5,2,3
2021-06-17 15:07:11,B,1054.35,2,2
2021-06-17 15:07:13,S,1056.95,3,33
2021-06-17 15:07:13,S,1057.0,2,148
2021-06-17 15:07:13,S,1057.35,1,9
2021-06-17 15:07:13,S,1057.4,1,1
2021-06-17 15:07:13,S,1057.45,1,4
2021-06-17 15:07:13,B,1055.2,1,4
2021-06-17 15:07:13,B,1055.15,2,10
2021-06-17 15:07:13,B,1054.95,2,2
2021-06-17 15:07:13,B,1054.6,2,2
2021-06-17 15:07:13,B,1054.55,2,16
2021-06-17 15:07:16,S,1056.95,3,33
2021-06-17 15:07:16,S,1057.0,2,148
2021-06-17 15:07:16,S,1057.35,1,9
2021-06-17 15:07:16,S,1057.4,1,1
2021-06-17 15:07:16,S,1057.45,1,4
2021-06-17 15:07:16,B,1055.2,1,4
2021-06-17 15:07:16,B,1055.15,2,10
2021-06-17 15:07:16,B,1054.95,2,2
2021-06-17 15:07:16,B,1054.85,1,10
2021-06-17 15:07:16,B,1054.6,2,2
2021-06-17 15:07:18,S,1056.95,2,32
2021-06-17 15:07:18,S,1057.0,2,148
2021-06-17 15:07:18,S,1057.35,1,9
2021-06-17 15:07:18,S,1057.4,1,1
2021-06-17 15:07:18,S,1057.8,3,3
2021-06-17 15:07:18,B,1055.25,1,4
2021-06-17 15:07:18,B,1055.2,2,10
2021-06-17 15:07:18,B,1054.95,3,11
2021-06-17 15:07:18,B,1054.55,2,16
2021-06-17 15:07:18,B,1054.5,2,3
2021-06-17 15:07:19,S,1056.95,2,32
2021-06-17 15:07:19,S,1057.0,2,148
2021-06-17 15:07:19,S,1057.35,1,9
2021-06-17 15:07:19,S,1057.4,1,1
2021-06-17 15:07:19,S,1057.8,3,3
2021-06-17 15:07:19,B,1055.25,1,4
2021-06-17 15:07:19,B,1055.2,2,10
2021-06-17 15:07:19,B,1054.95,3,11
2021-06-17 15:07:19,B,1054.55,2,16
2021-06-17 15:07:19,B,1054.5,2,3
2021-06-17 15:07:21,S,1055.5,1,8
2021-06-17 15:07:21,S,1055.55,1,9
2021-06-17 15:07:21,S,1055.95,1,18
2021-06-17 15:07:21,S,1056.5,1,9
2021-06-17 15:07:21,S,1056.85,1,13
2021-06-17 15:07:21,B,1054.5,1,5
2021-06-17 15:07:21,B,1054.05,1,8
2021-06-17 15:07:21,B,1054.0,1,10
2021-06-17 15:07:21,B,1053.65,1,2
2021-06-17 15:07:21,B,1053.5,2,2
2021-06-17 15:07:23,S,1056.25,1,8
2021-06-17 15:07:23,S,1056.3,1,9
2021-06-17 15:07:23,S,1056.75,2,20
2021-06-17 15:07:23,S,1056.8,1,13
2021-06-17 15:07:23,S,1056.85,2,2
2021-06-17 15:07:23,B,1055.15,2,6
2021-06-17 15:07:23,B,1054.55,2,9
2021-06-17 15:07:23,B,1054.25,2,2
2021-06-17 15:07:23,B,1054.0,1,10
2021-06-17 15:07:23,B,1053.85,1,1
2021-06-17 15:07:26,S,1056.25,1,8
2021-06-17 15:07:26,S,1056.3,1,9
2021-06-17 15:07:26,S,1056.5,2,10
2021-06-17 15:07:26,S,1056.65,1,19
2021-06-17 15:07:26,S,1056.7,1,13
2021-06-17 15:07:26,B,1055.15,2,6
2021-06-17 15:07:26,B,1054.55,2,9
2021-06-17 15:07:26,B,1054.25,2,2
2021-06-17 15:07:26,B,1054.0,1,10
2021-06-17 15:07:26,B,1053.85,1,1
2021-06-17 15:07:31,S,1056.25,1,7
2021-06-17 15:07:31,S,1056.3,1,9
2021-06-17 15:07:31,S,1056.45,1,19
2021-06-17 15:07:31,S,1056.5,1,13
2021-06-17 15:07:31,S,1056.85,2,2
2021-06-17 15:07:31,B,1055.15,2,6
2021-06-17 15:07:31,B,1054.55,2,9
2021-06-17 15:07:31,B,1054.25,2,2
2021-06-17 15:07:31,B,1054.0,1,10
2021-06-17 15:07:31,B,1053.85,1,1
2021-06-17 15:07:31,S,1056.25,1,7
2021-06-17 15:07:31,S,1056.3,1,9
2021-06-17 15:07:31,S,1056.45,1,19
2021-06-17 15:07:31,S,1056.5,1,13
2021-06-17 15:07:31,S,1056.85,2,2
2021-06-17 15:07:31,B,1055.15,2,6
2021-06-17 15:07:31,B,1054.55,2,9
2021-06-17 15:07:31,B,1054.25,2,2
2021-06-17 15:07:31,B,1054.0,1,10
2021-06-17 15:07:31,B,1053.85,1,1
2021-06-17 15:07:39,S,1056.8,2,20
2021-06-17 15:07:39,S,1056.85,2,20
2021-06-17 15:07:39,S,1057.0,3,149
2021-06-17 15:07:39,S,1057.05,1,9
2021-06-17 15:07:39,S,1057.35,1,9
2021-06-17 15:07:39,B,1055.2,1,8
2021-06-17 15:07:39,B,1055.15,3,7
2021-06-17 15:07:39,B,1054.7,2,2
2021-06-17 15:07:39,B,1054.25,2,2
2021-06-17 15:07:39,B,1054.0,1,10
2021-06-17 15:07:44,S,1056.65,1,7
2021-06-17 15:07:44,S,1056.7,1,13
2021-06-17 15:07:44,S,1056.75,1,19
2021-06-17 15:07:44,S,1056.85,1,1
2021-06-17 15:07:44,S,1057.0,2,148
2021-06-17 15:07:44,B,1055.15,3,7
2021-06-17 15:07:44,B,1054.75,1,8
2021-06-17 15:07:44,B,1054.7,2,2
2021-06-17 15:07:44,B,1054.25,2,2
2021-06-17 15:07:44,B,1054.0,1,10
2021-06-17 15:07:51,S,1056.65,1,7
2021-06-17 15:07:51,S,1056.7,1,13
2021-06-17 15:07:51,S,1056.75,1,19
2021-06-17 15:07:51,S,1056.85,1,1
2021-06-17 15:07:51,S,1057.0,2,148
2021-06-17 15:07:51,B,1055.15,3,7
2021-06-17 15:07:51,B,1054.75,1,8
2021-06-17 15:07:51,B,1054.7,2,2
2021-06-17 15:07:51,B,1054.25,2,2
2021-06-17 15:07:51,B,1054.0,1,10
2021-06-17 15:07:53,S,1056.65,1,7
2021-06-17 15:07:53,S,1056.7,1,13
2021-06-17 15:07:53,S,1056.75,1,19
2021-06-17 15:07:53,S,1056.85,1,1
2021-06-17 15:07:53,S,1057.0,2,148
2021-06-17 15:07:53,B,1055.15,3,7
2021-06-17 15:07:53,B,1054.75,1,8
2021-06-17 15:07:53,B,1054.7,2,2
2021-06-17 15:07:53,B,1054.25,2,2
2021-06-17 15:07:53,B,1054.0,1,10
2021-06-17 15:07:54,S,1056.65,1,7
2021-06-17 15:07:54,S,1056.7,1,13
2021-06-17 15:07:54,S,1056.75,1,19
2021-06-17 15:07:54,S,1056.85,1,1
2021-06-17 15:07:54,S,1057.0,2,148
2021-06-17 15:07:54,B,1055.15,3,7
2021-06-17 15:07:54,B,1054.75,1,8
2021-06-17 15:07:54,B,1054.7,2,2
2021-06-17 15:07:54,B,1054.25,2,2
2021-06-17 15:07:54,B,1054.0,1,10
2021-06-17 15:07:54,S,1055.75,2,12
2021-06-17 15:07:54,S,1055.85,2,4
2021-06-17 15:07:54,S,1055.95,1,4
2021-06-17 15:07:54,S,1056.2,1,4
2021-06-17 15:07:54,S,1056.4,1,4
2021-06-17 15:07:54,B,1051.35,1,8
2021-06-17 15:07:54,B,1051.3,1,8
2021-06-17 15:07:54,B,1050.7,2,2
2021-06-17 15:07:54,B,1050.5,1,13
2021-06-17 15:07:54,B,1050.45,1,19
2021-06-17 15:08:00,S,1055.95,2,9
2021-06-17 15:08:00,S,1056.0,3,5
2021-06-17 15:08:00,S,1056.05,2,5
2021-06-17 15:08:00,S,1056.2,1,7
2021-06-17 15:08:00,S,1056.35,1,1
2021-06-17 15:08:00,B,1052.45,1,8
2021-06-17 15:08:00,B,1052.4,1,9
2021-06-17 15:08:00,B,1051.9,2,4
2021-06-17 15:08:00,B,1051.6,1,1
2021-06-17 15:08:00,B,1051.2,1,1
2021-06-17 15:08:00,S,1055.95,2,9
2021-06-17 15:08:00,S,1056.0,3,5
2021-06-17 15:08:00,S,1056.05,2,5
2021-06-17 15:08:00,S,1056.2,1,7
2021-06-17 15:08:00,S,1056.35,1,1
2021-06-17 15:08:00,B,1052.45,1,8
2021-06-17 15:08:00,B,1052.4,1,9
2021-06-17 15:08:00,B,1051.9,2,4
2021-06-17 15:08:00,B,1051.6,1,1
2021-06-17 15:08:00,B,1051.2,1,1
2021-06-17 15:08:02,S,1055.95,2,9
2021-06-17 15:08:02,S,1056.0,3,5
2021-06-17 15:08:02,S,1056.05,2,5
2021-06-17 15:08:02,S,1056.2,1,7
2021-06-17 15:08:02,S,1056.35,1,1
2021-06-17 15:08:02,B,1052.45,1,8
2021-06-17 15:08:02,B,1052.4,1,9
2021-06-17 15:08:02,B,1051.9,2,4
2021-06-17 15:08:02,B,1051.6,1,1
2021-06-17 15:08:02,B,1051.2,1,1
2021-06-17 15:08:03,S,1055.05,1,8
2021-06-17 15:08:03,S,1055.1,2,4
2021-06-17 15:08:03,S,1056.35,2,5
2021-06-17 15:08:03,S,1056.45,1,2
2021-06-17 15:08:03,S,1056.55,1,1
2021-06-17 15:08:03,B,1050.3,1,8
2021-06-17 15:08:03,B,1050.25,3,4
2021-06-17 15:08:03,B,1050.05,4,34
2021-06-17 15:08:03,B,1050.0,64,944
2021-06-17 15:08:03,B,1049.55,1,17
2021-06-17 15:08:09,S,1055.05,1,8
2021-06-17 15:08:09,S,1055.1,2,4
2021-06-17 15:08:09,S,1056.35,2,5
2021-06-17 15:08:09,S,1056.45,1,2
2021-06-17 15:08:09,S,1056.55,1,1
2021-06-17 15:08:09,B,1050.3,1,8
2021-06-17 15:08:09,B,1050.25,3,4
2021-06-17 15:08:09,B,1050.05,4,34
2021-06-17 15:08:09,B,1050.0,64,944
2021-06-17 15:08:09,B,1049.55,1,17
2021-06-17 15:08:11,S,1055.1,1,8
2021-06-17 15:08:11,S,1055.15,1,1
2021-06-17 15:08:11,S,1055.55,2,4
2021-06-17 15:08:11,S,1055.6,1,1
2021-06-17 15:08:11,S,1056.05,1,1
2021-06-17 15:08:11,B,1053.6,1,8
2021-06-17 15:08:11,B,1053.55,2,7
2021-06-17 15:08:11,B,1052.4,2,2
2021-06-17 15:08:11,B,1052.0,2,2
2021-06-17 15:08:11,B,1051.95,1,1
2021-06-17 15:08:12,S,1055.1,1,8
2021-06-17 15:08:12,S,1055.15,1,1
2021-06-17 15:08:12,S,1055.55,2,4
2021-06-17 15:08:12,S,1055.6,1,1
2021-06-17 15:08:12,S,1056.05,1,1
2021-06-17 15:08:12,B,1053.6,1,8
2021-06-17 15:08:12,B,1053.55,2,7
2021-06-17 15:08:12,B,1052.4,2,2
2021-06-17 15:08:12,B,1052.0,2,2
2021-06-17 15:08:12,B,1051.95,1,1
2021-06-17 15:08:13,S,1055.0,2,4
2021-06-17 15:08:13,S,1055.1,1,5
2021-06-17 15:08:13,S,1055.15,1,1
2021-06-17 15:08:13,S,1055.6,1,1
2021-06-17 15:08:13,S,1056.05,1,1
2021-06-17 15:08:13,B,1053.5,1,8
2021-06-17 15:08:13,B,1053.45,2,8
2021-06-17 15:08:13,B,1053.4,1,1
2021-06-17 15:08:13,B,1053.35,1,1
2021-06-17 15:08:13,B,1053.15,2,2
2021-06-17 15:08:14,S,1055.0,2,4
2021-06-17 15:08:14,S,1055.1,1,5
2021-06-17 15:08:14,S,1055.15,1,1
2021-06-17 15:08:14,S,1055.6,1,1
2021-06-17 15:08:14,S,1056.05,1,1
2021-06-17 15:08:14,B,1053.5,1,8
2021-06-17 15:08:14,B,1053.45,2,8
2021-06-17 15:08:14,B,1053.4,1,1
2021-06-17 15:08:14,B,1053.35,1,1
2021-06-17 15:08:14,B,1053.15,2,2
2021-06-17 15:08:16,S,1054.65,1,8
2021-06-17 15:08:16,S,1054.7,1,1
2021-06-17 15:08:16,S,1055.05,3,5
2021-06-17 15:08:16,S,1055.15,2,2
2021-06-17 15:08:16,S,1055.3,1,4
2021-06-17 15:08:16,B,1052.8,2,4
2021-06-17 15:08:16,B,1052.75,2,7
2021-06-17 15:08:16,B,1052.65,1,1
2021-06-17 15:08:16,B,1052.6,1,1
2021-06-17 15:08:16,B,1052.5,1,1
2021-06-17 15:08:18,S,1054.65,1,8
2021-06-17 15:08:18,S,1054.7,1,1
2021-06-17 15:08:18,S,1055.05,3,5
2021-06-17 15:08:18,S,1055.15,2,2
2021-06-17 15:08:18,S,1055.3,1,4
2021-06-17 15:08:18,B,1052.8,2,4
2021-06-17 15:08:18,B,1052.75,2,7
2021-06-17 15:08:18,B,1052.65,1,1
2021-06-17 15:08:18,B,1052.6,1,1
2021-06-17 15:08:18,B,1052.5,1,1
2021-06-17 15:08:19,S,1054.65,1,8
2021-06-17 15:08:19,S,1054.7,1,1
2021-06-17 15:08:19,S,1054.95,3,5
2021-06-17 15:08:19,S,1055.15,2,2
2021-06-17 15:08:19,S,1055.3,1,4
2021-06-17 15:08:19,B,1053.05,1,1
2021-06-17 15:08:19,B,1053.0,1,6
2021-06-17 15:08:19,B,1052.9,1,1
2021-06-17 15:08:19,B,1052.85,1,1
2021-06-17 15:08:19,B,1052.75,1,1
2021-06-17 15:08:19,S,1054.65,1,8
2021-06-17 15:08:19,S,1054.7,1,1
2021-06-17 15:08:19,S,1054.95,3,5
2021-06-17 15:08:19,S,1055.15,2,2
2021-06-17 15:08:19,S,1055.3,1,4
2021-06-17 15:08:19,B,1053.05,1,1
2021-06-17 15:08:19,B,1053.0,1,6
2021-06-17 15:08:19,B,1052.9,1,1
2021-06-17 15:08:19,B,1052.85,1,1
2021-06-17 15:08:19,B,1052.75,1,1
2021-06-17 15:08:22,S,1054.95,1,8
2021-06-17 15:08:22,S,1055.0,3,5
2021-06-17 15:08:22,S,1055.15,2,2
2021-06-17 15:08:22,S,1055.6,1,1
2021-06-17 15:08:22,S,1055.75,1,4
2021-06-17 15:08:22,B,1053.4,2,7
2021-06-17 15:08:22,B,1053.35,1,1
2021-06-17 15:08:22,B,1053.0,1,1
2021-06-17 15:08:22,B,1052.55,1,1
2021-06-17 15:08:22,B,1052.1,1,1
2021-06-17 15:08:24,S,1054.2,1,8
2021-06-17 15:08:24,S,1054.25,2,4
2021-06-17 15:08:24,S,1054.55,2,2
2021-06-17 15:08:24,S,1054.8,1,10
2021-06-17 15:08:24,S,1054.9,1,4
2021-06-17 15:08:24,B,1051.95,2,2
2021-06-17 15:08:24,B,1051.9,2,15
2021-06-17 15:08:24,B,1051.8,1,1
2021-06-17 15:08:24,B,1051.75,1,1
2021-06-17 15:08:24,B,1051.7,1,1
2021-06-17 15:08:27,S,1053.3,1,8
2021-06-17 15:08:27,S,1053.35,1,9
2021-06-17 15:08:27,S,1054.1,1,1
2021-06-17 15:08:27,S,1054.25,2,4
2021-06-17 15:08:27,S,1054.55,2,2
2021-06-17 15:08:27,B,1051.95,2,2
2021-06-17 15:08:27,B,1051.9,1,1
2021-06-17 15:08:27,B,1051.8,1,1
2021-06-17 15:08:27,B,1051.75,1,1
2021-06-17 15:08:27,B,1051.7,1,1
2021-06-17 15:08:29,S,1054.2,1,8
2021-06-17 15:08:29,S,1054.25,1,10
2021-06-17 15:08:29,S,1054.3,2,4
2021-06-17 15:08:29,S,1054.45,1,1
2021-06-17 15:08:29,S,1054.5,1,1
2021-06-17 15:08:29,B,1051.75,1,4
2021-06-17 15:08:29,B,1051.7,1,1
2021-06-17 15:08:29,B,1051.65,1,1
2021-06-17 15:08:29,B,1051.55,1,1
2021-06-17 15:08:29,B,1051.5,1,1
2021-06-17 15:08:32,S,1054.05,1,8
2021-06-17 15:08:32,S,1054.1,1,1
2021-06-17 15:08:32,S,1054.15,3,5
2021-06-17 15:08:32,S,1054.2,2,2
2021-06-17 15:08:32,S,1054.65,1,1
2021-06-17 15:08:32,B,1052.9,1,5
2021-06-17 15:08:32,B,1052.65,1,4
2021-06-17 15:08:32,B,1052.6,1,1
2021-06-17 15:08:32,B,1051.85,1,1
2021-06-17 15:08:32,B,1051.4,1,1
2021-06-17 15:08:34,S,1053.35,2,21
2021-06-17 15:08:34,S,1053.4,2,26
2021-06-17 15:08:34,S,1054.15,3,5
2021-06-17 15:08:34,S,1054.2,2,2
2021-06-17 15:08:34,S,1054.65,1,1
2021-06-17 15:08:34,B,1052.9,1,5
2021-06-17 15:08:34,B,1052.35,1,4
2021-06-17 15:08:34,B,1052.3,1,10
2021-06-17 15:08:34,B,1051.9,1,1
2021-06-17 15:08:34,B,1051.85,1,1
2021-06-17 15:08:36,S,1053.35,1,8
2021-06-17 15:08:36,S,1053.4,2,26
2021-06-17 15:08:36,S,1053.65,2,2
2021-06-17 15:08:36,S,1053.95,1,9
2021-06-17 15:08:36,S,1054.15,3,5
2021-06-17 15:08:36,B,1052.9,1,5
2021-06-17 15:08:36,B,1052.35,1,4
2021-06-17 15:08:36,B,1052.3,1,10
2021-06-17 15:08:36,B,1051.9,1,1
2021-06-17 15:08:36,B,1051.4,1,1
2021-06-17 15:08:43,S,1053.35,1,8
2021-06-17 15:08:43,S,1053.4,2,26
2021-06-17 15:08:43,S,1053.65,2,2
2021-06-17 15:08:43,S,1053.95,1,9
2021-06-17 15:08:43,S,1054.15,3,5
2021-06-17 15:08:43,B,1052.9,1,5
2021-06-17 15:08:43,B,1052.35,1,4
2021-06-17 15:08:43,B,1052.3,1,10
2021-06-17 15:08:43,B,1051.9,1,1
2021-06-17 15:08:43,B,1051.4,1,1
2021-06-17 15:08:51,S,1053.35,4,47
2021-06-17 15:08:51,S,1053.4,1,25
2021-06-17 15:08:51,S,1053.65,2,2
2021-06-17 15:08:51,S,1053.75,1,9
2021-06-17 15:08:51,S,1054.15,3,5
2021-06-17 15:08:51,B,1052.9,1,5
2021-06-17 15:08:51,B,1052.35,1,4
2021-06-17 15:08:51,B,1052.3,1,10
2021-06-17 15:08:51,B,1051.9,1,1
2021-06-17 15:08:51,B,1051.4,1,1
2021-06-17 15:08:55,S,1053.35,4,47
2021-06-17 15:08:55,S,1053.4,1,25
2021-06-17 15:08:55,S,1053.65,2,2
2021-06-17 15:08:55,S,1053.75,1,9
2021-06-17 15:08:55,S,1054.15,3,5
2021-06-17 15:08:55,B,1052.9,1,5
2021-06-17 15:08:55,B,1052.35,1,4
2021-06-17 15:08:55,B,1052.3,1,10
2021-06-17 15:08:55,B,1051.9,1,1
2021-06-17 15:08:55,B,1051.4,1,1
2021-06-17 15:08:56,S,1053.35,1,8
2021-06-17 15:08:56,S,1053.4,2,26
2021-06-17 15:08:56,S,1053.65,2,2
2021-06-17 15:08:56,S,1054.0,1,10
2021-06-17 15:08:56,S,1054.15,3,5
2021-06-17 15:08:56,B,1052.9,1,5
2021-06-17 15:08:56,B,1052.25,1,5
2021-06-17 15:08:56,B,1052.2,1,17
2021-06-17 15:08:56,B,1051.9,1,1
2021-06-17 15:08:56,B,1051.4,1,1
2021-06-17 15:08:58,S,1053.35,2,9
2021-06-17 15:08:58,S,1053.4,2,26
2021-06-17 15:08:58,S,1053.65,2,2
2021-06-17 15:08:58,S,1054.0,1,10
2021-06-17 15:08:58,S,1054.15,3,5
2021-06-17 15:08:58,B,1052.9,1,5
2021-06-17 15:08:58,B,1051.95,1,5
2021-06-17 15:08:58,B,1051.9,1,1
2021-06-17 15:08:58,B,1051.85,1,1
2021-06-17 15:08:58,B,1051.4,1,1
2021-06-17 15:09:00,S,1053.35,2,9
2021-06-17 15:09:00,S,1053.4,2,26
2021-06-17 15:09:00,S,1053.65,2,2
2021-06-17 15:09:00,S,1054.0,1,10
2021-06-17 15:09:00,S,1054.15,3,5
2021-06-17 15:09:00,B,1052.9,1,5
2021-06-17 15:09:00,B,1051.95,1,5
2021-06-17 15:09:00,B,1051.9,1,1
2021-06-17 15:09:00,B,1051.85,1,1
2021-06-17 15:09:00,B,1051.4,1,1
2021-06-17 15:09:01,S,1053.35,2,33
2021-06-17 15:09:01,S,1053.4,2,26
2021-06-17 15:09:01,S,1053.6,2,9
2021-06-17 15:09:01,S,1053.65,2,2
2021-06-17 15:09:01,S,1054.0,1,10
2021-06-17 15:09:01,B,1053.0,1,1
2021-06-17 15:09:01,B,1052.9,1,5
2021-06-17 15:09:01,B,1051.95,1,5
2021-06-17 15:09:01,B,1051.9,1,1
2021-06-17 15:09:01,B,1051.85,1,1
2021-06-17 15:09:06,S,1053.35,2,33
2021-06-17 15:09:06,S,1053.4,2,26
2021-06-17 15:09:06,S,1053.6,2,9
2021-06-17 15:09:06,S,1053.65,2,2
2021-06-17 15:09:06,S,1054.0,1,10
2021-06-17 15:09:06,B,1053.0,1,1
2021-06-17 15:09:06,B,1052.9,1,5
2021-06-17 15:09:06,B,1051.95,1,5
2021-06-17 15:09:06,B,1051.9,1,1
2021-06-17 15:09:06,B,1051.85,1,1
2021-06-17 15:09:09,S,1053.4,1,1
2021-06-17 15:09:09,S,1054.05,1,8
2021-06-17 15:09:09,S,1054.1,2,3
2021-06-17 15:09:09,S,1054.2,2,2
2021-06-17 15:09:09,S,1054.6,1,2
2021-06-17 15:09:09,B,1053.05,1,5
2021-06-17 15:09:09,B,1053.0,1,1
2021-06-17 15:09:09,B,1052.95,1,8
2021-06-17 15:09:09,B,1052.9,1,5
2021-06-17 15:09:09,B,1052.2,1,1
2021-06-17 15:09:11,S,1053.4,1,1
2021-06-17 15:09:11,S,1053.75,1,1
2021-06-17 15:09:11,S,1054.05,1,8
2021-06-17 15:09:11,S,1054.1,1,1
2021-06-17 15:09:11,S,1054.15,2,4
2021-06-17 15:09:11,B,1053.0,1,1
2021-06-17 15:09:11,B,1052.9,1,5
2021-06-17 15:09:11,B,1052.65,1,5
2021-06-17 15:09:11,B,1052.6,1,1
2021-06-17 15:09:11,B,1051.85,1,1
2021-06-17 15:09:13,S,1054.1,1,8
2021-06-17 15:09:13,S,1054.15,3,5
2021-06-17 15:09:13,S,1054.2,2,2
2021-06-17 15:09:13,S,1054.55,1,13
2021-06-17 15:09:13,S,1054.6,1,25
2021-06-17 15:09:13,B,1053.05,1,7
2021-06-17 15:09:13,B,1053.0,1,1
2021-06-17 15:09:13,B,1052.9,1,5
2021-06-17 15:09:13,B,1052.6,1,1
2021-06-17 15:09:13,B,1052.5,1,1
2021-06-17 15:09:16,S,1054.1,1,8
2021-06-17 15:09:16,S,1054.15,3,5
2021-06-17 15:09:16,S,1054.2,2,2
2021-06-17 15:09:16,S,1054.45,1,13
2021-06-17 15:09:16,S,1054.5,1,25
2021-06-17 15:09:16,B,1053.05,1,7
2021-06-17 15:09:16,B,1053.0,1,1
2021-06-17 15:09:16,B,1052.9,1,5
2021-06-17 15:09:16,B,1052.6,1,1
2021-06-17 15:09:16,B,1052.5,1,1
2021-06-17 15:09:18,S,1054.1,1,8
2021-06-17 15:09:18,S,1054.15,3,5
2021-06-17 15:09:18,S,1054.2,2,2
2021-06-17 15:09:18,S,1054.45,1,13
2021-06-17 15:09:18,S,1054.5,1,25
2021-06-17 15:09:18,B,1053.05,1,7
2021-06-17 15:09:18,B,1053.0,1,1
2021-06-17 15:09:18,B,1052.9,1,5
2021-06-17 15:09:18,B,1052.6,1,1
2021-06-17 15:09:18,B,1052.5,1,1
2021-06-17 15:09:19,S,1054.1,1,8
2021-06-17 15:09:19,S,1054.15,3,5
2021-06-17 15:09:19,S,1054.2,2,2
2021-06-17 15:09:19,S,1054.45,1,13
2021-06-17 15:09:19,S,1054.5,1,25
2021-06-17 15:09:19,B,1053.05,1,7
2021-06-17 15:09:19,B,1053.0,1,1
2021-06-17 15:09:19,B,1052.9,1,5
2021-06-17 15:09:19,B,1052.6,1,1
2021-06-17 15:09:19,B,1052.5,1,1
2021-06-17 15:09:20,S,1054.95,1,1
2021-06-17 15:09:20,S,1055.0,1,128
2021-06-17 15:09:20,S,1055.15,1,1
2021-06-17 15:09:20,S,1055.55,2,4
2021-06-17 15:09:20,S,1055.6,1,1
2021-06-17 15:09:20,B,1053.5,1,8
2021-06-17 15:09:20,B,1053.45,1,1
2021-06-17 15:09:20,B,1053.4,2,24
2021-06-17 15:09:20,B,1053.35,2,501
2021-06-17 15:09:20,B,1053.0,2,2
2021-06-17 15:09:22,S,1054.95,1,1
2021-06-17 15:09:22,S,1055.0,1,128
2021-06-17 15:09:22,S,1055.15,1,1
2021-06-17 15:09:22,S,1055.55,2,4
2021-06-17 15:09:22,S,1055.6,1,1
2021-06-17 15:09:22,B,1053.5,1,8
2021-06-17 15:09:22,B,1053.45,3,39
2021-06-17 15:09:22,B,1053.4,2,24
2021-06-17 15:09:22,B,1053.35,2,501
2021-06-17 15:09:22,B,1053.25,1,1
2021-06-17 15:09:27,S,1054.95,1,1
2021-06-17 15:09:27,S,1055.0,1,128
2021-06-17 15:09:27,S,1055.15,1,1
2021-06-17 15:09:27,S,1055.55,2,4
2021-06-17 15:09:27,S,1055.6,1,1
2021-06-17 15:09:27,B,1053.5,1,8
2021-06-17 15:09:27,B,1053.45,3,39
2021-06-17 15:09:27,B,1053.4,2,24
2021-06-17 15:09:27,B,1053.35,2,501
2021-06-17 15:09:27,B,1053.25,1,1
2021-06-17 15:09:36,S,1054.95,1,1
2021-06-17 15:09:36,S,1055.0,1,128
2021-06-17 15:09:36,S,1055.15,1,1
2021-06-17 15:09:36,S,1055.55,2,4
2021-06-17 15:09:36,S,1055.6,1,1
2021-06-17 15:09:36,B,1053.5,1,8
2021-06-17 15:09:36,B,1053.45,3,39
2021-06-17 15:09:36,B,1053.4,2,24
2021-06-17 15:09:36,B,1053.35,2,501
2021-06-17 15:09:36,B,1053.25,1,1
2021-06-17 15:09:38,S,1056.35,1,8
2021-06-17 15:09:38,S,1056.4,2,2
2021-06-17 15:09:38,S,1056.75,1,1
2021-06-17 15:09:38,S,1057.3,1,13
2021-06-17 15:09:38,S,1057.35,2,18
2021-06-17 15:09:38,B,1054.3,2,10
2021-06-17 15:09:38,B,1054.25,2,6
2021-06-17 15:09:38,B,1054.2,1,1
2021-06-17 15:09:38,B,1054.15,1,1
2021-06-17 15:09:38,B,1054.05,1,1
2021-06-17 15:09:40,S,1056.35,1,8
2021-06-17 15:09:40,S,1056.4,2,2
2021-06-17 15:09:40,S,1056.75,1,1
2021-06-17 15:09:40,S,1057.3,1,13
2021-06-17 15:09:40,S,1057.35,2,18
2021-06-17 15:09:40,B,1054.3,2,10
2021-06-17 15:09:40,B,1054.25,2,6
2021-06-17 15:09:40,B,1053.8,2,38
2021-06-17 15:09:40,B,1053.7,2,10
2021-06-17 15:09:40,B,1053.6,2,2
2021-06-17 15:09:45,S,1056.35,1,8
2021-06-17 15:09:45,S,1056.4,2,2
2021-06-17 15:09:45,S,1056.75,1,1
2021-06-17 15:09:45,S,1057.3,1,13
2021-06-17 15:09:45,S,1057.35,2,18
2021-06-17 15:09:45,B,1054.3,2,10
2021-06-17 15:09:45,B,1054.25,2,6
2021-06-17 15:09:45,B,1054.0,1,5
2021-06-17 15:09:45,B,1053.8,2,38
2021-06-17 15:09:45,B,1053.7,2,10
2021-06-17 15:09:47,S,1056.35,1,8
2021-06-17 15:09:47,S,1056.4,2,2
2021-06-17 15:09:47,S,1056.75,1,1
2021-06-17 15:09:47,S,1057.3,1,13
2021-06-17 15:09:47,S,1057.35,2,18
2021-06-17 15:09:47,B,1054.3,2,10
2021-06-17 15:09:47,B,1054.25,2,6
2021-06-17 15:09:47,B,1054.0,2,6
2021-06-17 15:09:47,B,1053.8,2,38
2021-06-17 15:09:47,B,1053.7,2,10
2021-06-17 15:09:49,S,1056.35,1,8
2021-06-17 15:09:49,S,1056.4,2,2
2021-06-17 15:09:49,S,1056.75,1,1
2021-06-17 15:09:49,S,1057.3,1,13
2021-06-17 15:09:49,S,1057.35,2,18
2021-06-17 15:09:49,B,1054.3,2,10
2021-06-17 15:09:49,B,1054.25,2,6
2021-06-17 15:09:49,B,1054.0,2,6
2021-06-17 15:09:49,B,1053.8,2,38
2021-06-17 15:09:49,B,1053.7,2,10
2021-06-17 15:10:01,S,1056.35,1,8
2021-06-17 15:10:01,S,1056.4,2,2
2021-06-17 15:10:01,S,1056.75,1,1
2021-06-17 15:10:01,S,1057.3,1,13
2021-06-17 15:10:01,S,1057.35,2,18
2021-06-17 15:10:01,B,1055.05,1,8
2021-06-17 15:10:01,B,1055.0,1,5
2021-06-17 15:10:01,B,1054.25,1,2
2021-06-17 15:10:01,B,1054.2,1,5
2021-06-17 15:10:01,B,1053.8,2,38
2021-06-17 15:10:03,S,1056.35,1,8
2021-06-17 15:10:03,S,1056.4,2,2
2021-06-17 15:10:03,S,1056.75,1,1
2021-06-17 15:10:03,S,1057.3,1,13
2021-06-17 15:10:03,S,1057.35,2,18
2021-06-17 15:10:03,B,1055.05,1,8
2021-06-17 15:10:03,B,1055.0,1,5
2021-06-17 15:10:03,B,1054.25,1,2
2021-06-17 15:10:03,B,1054.2,1,5
2021-06-17 15:10:03,B,1053.8,2,38
2021-06-17 15:10:04,S,1057.0,1,7
2021-06-17 15:10:04,S,1057.05,2,2
2021-06-17 15:10:04,S,1057.3,1,13
2021-06-17 15:10:04,S,1057.35,2,18
2021-06-17 15:10:04,S,1057.45,1,1
2021-06-17 15:10:04,B,1056.0,1,10
2021-06-17 15:10:04,B,1055.05,1,8
2021-06-17 15:10:04,B,1055.0,1,5
2021-06-17 15:10:04,B,1054.35,1,2
2021-06-17 15:10:04,B,1054.3,2,10
2021-06-17 15:10:07,S,1057.0,1,7
2021-06-17 15:10:07,S,1057.05,2,2
2021-06-17 15:10:07,S,1057.25,1,10
2021-06-17 15:10:07,S,1057.35,1,10
2021-06-17 15:10:07,S,1057.45,1,1
2021-06-17 15:10:07,B,1056.0,1,10
2021-06-17 15:10:07,B,1055.05,1,8
2021-06-17 15:10:07,B,1055.0,1,5
2021-06-17 15:10:07,B,1054.35,1,2
2021-06-17 15:10:07,B,1054.3,2,10
2021-06-17 15:10:09,S,1057.0,1,7
2021-06-17 15:10:09,S,1057.05,2,2
2021-06-17 15:10:09,S,1057.25,1,10
2021-06-17 15:10:09,S,1057.45,1,1
2021-06-17 15:10:09,S,1057.85,2,5
2021-06-17 15:10:09,B,1056.0,1,10
2021-06-17 15:10:09,B,1055.05,1,8
2021-06-17 15:10:09,B,1055.0,1,5
2021-06-17 15:10:09,B,1054.75,1,1
2021-06-17 15:10:09,B,1054.35,1,2
2021-06-17 15:10:12,S,1057.0,1,7
2021-06-17 15:10:12,S,1057.05,2,2
2021-06-17 15:10:12,S,1057.45,2,10
2021-06-17 15:10:12,S,1057.85,2,5
2021-06-17 15:10:12,S,1058.05,2,4
2021-06-17 15:10:12,B,1056.0,1,10
2021-06-17 15:10:12,B,1055.05,1,8
2021-06-17 15:10:12,B,1055.0,1,5
2021-06-17 15:10:12,B,1054.75,1,1
2021-06-17 15:10:12,B,1054.35,1,2
2021-06-17 15:10:13,S,1057.0,1,7
2021-06-17 15:10:13,S,1057.05,2,2
2021-06-17 15:10:13,S,1057.45,2,10
2021-06-17 15:10:13,S,1057.85,2,5
2021-06-17 15:10:13,S,1058.05,2,4
2021-06-17 15:10:13,B,1056.0,1,10
2021-06-17 15:10:13,B,1055.05,1,8
2021-06-17 15:10:13,B,1055.0,1,5
2021-06-17 15:10:13,B,1054.75,1,1
2021-06-17 15:10:13,B,1054.35,1,2
2021-06-17 15:10:20,S,1057.0,1,7
2021-06-17 15:10:20,S,1057.05,2,2
2021-06-17 15:10:20,S,1057.45,2,10
2021-06-17 15:10:20,S,1057.85,2,5
2021-06-17 15:10:20,S,1058.05,2,4
2021-06-17 15:10:20,B,1056.0,1,10
2021-06-17 15:10:20,B,1055.05,1,8
2021-06-17 15:10:20,B,1055.0,1,5
2021-06-17 15:10:20,B,1054.75,1,1
2021-06-17 15:10:20,B,1054.35,1,2
2021-06-17 15:10:21,S,1057.0,1,5
2021-06-17 15:10:21,S,1057.05,2,2
2021-06-17 15:10:21,S,1057.45,2,10
2021-06-17 15:10:21,S,1057.85,2,5
2021-06-17 15:10:21,S,1058.1,2,4
2021-06-17 15:10:21,B,1056.05,1,8
2021-06-17 15:10:21,B,1056.0,1,10
2021-06-17 15:10:21,B,1055.1,1,5
2021-06-17 15:10:21,B,1055.0,1,5
2021-06-17 15:10:21,B,1054.75,1,1
2021-06-17 15:10:23,S,1057.0,1,5
2021-06-17 15:10:23,S,1057.05,2,2
2021-06-17 15:10:23,S,1057.45,2,10
2021-06-17 15:10:23,S,1057.85,2,5
2021-06-17 15:10:23,S,1058.1,2,4
2021-06-17 15:10:23,B,1056.05,1,8
2021-06-17 15:10:23,B,1056.0,1,10
2021-06-17 15:10:23,B,1055.1,1,5
2021-06-17 15:10:23,B,1055.0,1,5
2021-06-17 15:10:23,B,1054.75,1,1
2021-06-17 15:10:30,S,1057.0,1,5
2021-06-17 15:10:30,S,1057.05,2,2
2021-06-17 15:10:30,S,1057.45,2,10
2021-06-17 15:10:30,S,1057.85,2,5
2021-06-17 15:10:30,S,1058.1,2,4
2021-06-17 15:10:30,B,1056.05,1,8
2021-06-17 15:10:30,B,1056.0,1,10
2021-06-17 15:10:30,B,1055.1,1,5
2021-06-17 15:10:30,B,1055.0,1,5
2021-06-17 15:10:30,B,1054.75,1,1
2021-06-17 15:10:33,S,1057.05,2,2
2021-06-17 15:10:33,S,1057.4,1,5
2021-06-17 15:10:33,S,1057.45,1,1
2021-06-17 15:10:33,S,1057.65,1,9
2021-06-17 15:10:33,S,1057.85,1,1
2021-06-17 15:10:33,B,1056.05,1,8
2021-06-17 15:10:33,B,1056.0,1,10
2021-06-17 15:10:33,B,1055.1,1,5
2021-06-17 15:10:33,B,1055.0,1,5
2021-06-17 15:10:33,B,1054.8,1,2
2021-06-17 15:10:36,S,1057.05,2,2
2021-06-17 15:10:36,S,1057.4,1,5
2021-06-17 15:10:36,S,1057.45,1,1
2021-06-17 15:10:36,S,1057.65,1,9
2021-06-17 15:10:36,S,1057.85,1,1
2021-06-17 15:10:36,B,1056.05,1,8
2021-06-17 15:10:36,B,1056.0,1,10
2021-06-17 15:10:36,B,1055.1,1,5
2021-06-17 15:10:36,B,1055.0,1,5
2021-06-17 15:10:36,B,1054.8,1,2
2021-06-17 15:10:38,S,1056.75,1,5
2021-06-17 15:10:38,S,1056.8,2,10
2021-06-17 15:10:38,S,1056.95,2,14
2021-06-17 15:10:38,S,1057.0,2,26
2021-06-17 15:10:38,S,1057.05,2,2
2021-06-17 15:10:38,B,1056.0,1,10
2021-06-17 15:10:38,B,1055.15,1,8
2021-06-17 15:10:38,B,1055.1,1,5
2021-06-17 15:10:38,B,1055.0,2,7
2021-06-17 15:10:38,B,1054.2,1,1
2021-06-17 15:10:41,S,1056.9,1,5
2021-06-17 15:10:41,S,1056.95,2,14
2021-06-17 15:10:41,S,1057.0,2,26
2021-06-17 15:10:41,S,1057.05,2,2
2021-06-17 15:10:41,S,1057.15,1,10
2021-06-17 15:10:41,B,1056.2,1,5
2021-06-17 15:10:41,B,1056.0,1,10
2021-06-17 15:10:41,B,1055.15,1,8
2021-06-17 15:10:41,B,1055.1,1,5
2021-06-17 15:10:41,B,1055.0,1,2
2021-06-17 15:10:43,S,1056.9,1,5
2021-06-17 15:10:43,S,1056.95,2,14
2021-06-17 15:10:43,S,1057.0,2,26
2021-06-17 15:10:43,S,1057.05,2,2
2021-06-17 15:10:43,S,1057.3,1,10
2021-06-17 15:10:43,B,1056.2,1,5
2021-06-17 15:10:43,B,1056.0,1,10
2021-06-17 15:10:43,B,1055.15,1,8
2021-06-17 15:10:43,B,1055.1,1,5
2021-06-17 15:10:43,B,1055.0,1,2
2021-06-17 15:10:46,S,1056.9,1,4
2021-06-17 15:10:46,S,1056.95,2,14
2021-06-17 15:10:46,S,1057.0,2,26
2021-06-17 15:10:46,S,1057.05,2,2
2021-06-17 15:10:46,S,1057.3,1,10
2021-06-17 15:10:46,B,1056.2,1,5
2021-06-17 15:10:46,B,1056.0,2,20
2021-06-17 15:10:46,B,1055.15,1,8
2021-06-17 15:10:46,B,1055.1,1,5
2021-06-17 15:10:46,B,1055.0,1,2
2021-06-17 15:10:49,S,1057.0,2,26
2021-06-17 15:10:49,S,1057.05,2,2
2021-06-17 15:10:49,S,1057.4,1,4
2021-06-17 15:10:49,S,1057.45,1,1
2021-06-17 15:10:49,S,1057.85,1,1
2021-06-17 15:10:49,B,1056.25,1,8
2021-06-17 15:10:49,B,1056.2,1,5
2021-06-17 15:10:49,B,1056.05,1,25
2021-06-17 15:10:49,B,1056.0,2,20
2021-06-17 15:10:49,B,1055.1,1,5
2021-06-17 15:10:51,S,1056.95,1,4
2021-06-17 15:10:51,S,1057.0,4,76
2021-06-17 15:10:51,S,1057.05,2,2
2021-06-17 15:10:51,S,1057.45,1,1
2021-06-17 15:10:51,S,1057.65,1,9
2021-06-17 15:10:51,B,1056.2,1,5
2021-06-17 15:10:51,B,1056.05,1,25
2021-06-17 15:10:51,B,1056.0,2,20
2021-06-17 15:10:51,B,1055.15,1,8
2021-06-17 15:10:51,B,1055.1,1,5
2021-06-17 15:10:54,S,1056.95,1,4
2021-06-17 15:10:54,S,1057.0,4,76
2021-06-17 15:10:54,S,1057.05,2,2
2021-06-17 15:10:54,S,1057.45,1,1
2021-06-17 15:10:54,S,1057.65,1,9
2021-06-17 15:10:54,B,1056.2,1,5
2021-06-17 15:10:54,B,1056.05,1,25
2021-06-17 15:10:54,B,1056.0,2,20
2021-06-17 15:10:54,B,1055.15,1,8
2021-06-17 15:10:54,B,1055.1,1,5
2021-06-17 15:10:56,S,1056.95,1,4
2021-06-17 15:10:56,S,1057.0,4,76
2021-06-17 15:10:56,S,1057.05,2,2
2021-06-17 15:10:56,S,1057.45,1,1
2021-06-17 15:10:56,S,1057.65,1,9
2021-06-17 15:10:56,B,1056.2,1,5
2021-06-17 15:10:56,B,1056.05,1,25
2021-06-17 15:10:56,B,1056.0,2,20
2021-06-17 15:10:56,B,1055.15,1,8
2021-06-17 15:10:56,B,1055.1,1,5
2021-06-17 15:10:57,S,1056.75,1,4
2021-06-17 15:10:57,S,1056.8,1,10
2021-06-17 15:10:57,S,1056.9,1,1
2021-06-17 15:10:57,S,1056.95,1,1
2021-06-17 15:10:57,S,1057.0,3,66
2021-06-17 15:10:57,B,1056.0,2,20
2021-06-17 15:10:57,B,1055.05,1,8
2021-06-17 15:10:57,B,1055.0,1,2
2021-06-17 15:10:57,B,1054.35,1,2
2021-06-17 15:10:57,B,1053.65,2,2
2021-06-17 15:11:02,S,1056.6,1,4
2021-06-17 15:11:02,S,1056.65,1,9
2021-06-17 15:11:02,S,1056.9,1,1
2021-06-17 15:11:02,S,1056.95,1,1
2021-06-17 15:11:02,S,1057.0,3,66
2021-06-17 15:11:02,B,1056.0,2,20
2021-06-17 15:11:02,B,1055.05,1,8
2021-06-17 15:11:02,B,1055.0,1,2
2021-06-17 15:11:02,B,1054.35,1,2
2021-06-17 15:11:02,B,1053.65,2,2
2021-06-17 15:11:07,S,1056.6,1,4
2021-06-17 15:11:07,S,1056.65,2,10
2021-06-17 15:11:07,S,1056.95,2,14
2021-06-17 15:11:07,S,1057.0,3,66
2021-06-17 15:11:07,S,1057.05,2,2
2021-06-17 15:11:07,B,1056.0,2,20
2021-06-17 15:11:07,B,1055.05,1,8
2021-06-17 15:11:07,B,1055.0,2,4
2021-06-17 15:11:07,B,1054.35,1,2
2021-06-17 15:11:07,B,1053.65,2,2
2021-06-17 15:11:13,S,1056.3,1,10
2021-06-17 15:11:13,S,1056.35,1,1
2021-06-17 15:11:13,S,1056.4,1,1
2021-06-17 15:11:13,S,1056.45,1,4
2021-06-17 15:11:13,S,1056.5,1,1
2021-06-17 15:11:13,B,1056.0,1,10
2021-06-17 15:11:13,B,1055.05,1,8
2021-06-17 15:11:13,B,1055.0,2,4
2021-06-17 15:11:13,B,1053.75,1,2
2021-06-17 15:11:13,B,1053.65,2,2
2021-06-17 15:11:18,S,1056.6,2,2
2021-06-17 15:11:18,S,1056.9,2,5
2021-06-17 15:11:18,S,1056.95,3,24
2021-06-17 15:11:18,S,1057.0,2,41
2021-06-17 15:11:18,S,1057.05,2,2
2021-06-17 15:11:18,B,1056.0,1,10
2021-06-17 15:11:18,B,1055.95,1,10
2021-06-17 15:11:18,B,1055.05,1,8
2021-06-17 15:11:18,B,1055.0,2,4
2021-06-17 15:11:18,B,1054.7,1,1
2021-06-17 15:11:23,S,1056.6,2,2
2021-06-17 15:11:23,S,1056.9,2,5
2021-06-17 15:11:23,S,1056.95,3,24
2021-06-17 15:11:23,S,1057.0,2,41
2021-06-17 15:11:23,S,1057.05,2,2
2021-06-17 15:11:23,B,1056.05,1,10
2021-06-17 15:11:23,B,1056.0,1,10
2021-06-17 15:11:23,B,1055.05,1,8
2021-06-17 15:11:23,B,1055.0,2,4
2021-06-17 15:11:23,B,1054.7,1,1
2021-06-17 15:11:25,S,1056.6,2,2
2021-06-17 15:11:25,S,1056.9,2,5
2021-06-17 15:11:25,S,1056.95,3,24
2021-06-17 15:11:25,S,1057.0,2,41
2021-06-17 15:11:25,S,1057.05,2,2
2021-06-17 15:11:25,B,1056.05,1,10
2021-06-17 15:11:25,B,1056.0,1,10
2021-06-17 15:11:25,B,1055.05,1,8
2021-06-17 15:11:25,B,1055.0,2,4
2021-06-17 15:11:25,B,1054.7,1,1
2021-06-17 15:11:25,S,1056.6,2,2
2021-06-17 15:11:25,S,1056.9,2,5
2021-06-17 15:11:25,S,1056.95,2,14
2021-06-17 15:11:25,S,1057.0,2,41
2021-06-17 15:11:25,S,1057.05,2,2
2021-06-17 15:11:25,B,1056.1,2,15
2021-06-17 15:11:25,B,1056.05,1,9
2021-06-17 15:11:25,B,1055.05,1,8
2021-06-17 15:11:25,B,1055.0,2,4
2021-06-17 15:11:25,B,1054.75,1,1
2021-06-17 15:11:28,S,1056.8,1,4
2021-06-17 15:11:28,S,1056.85,2,11
2021-06-17 15:11:28,S,1056.9,1,1
2021-06-17 15:11:28,S,1056.95,2,14
2021-06-17 15:11:28,S,1057.0,2,41
2021-06-17 15:11:28,B,1056.05,1,9
2021-06-17 15:11:28,B,1055.05,1,8
2021-06-17 15:11:28,B,1055.0,2,4
2021-06-17 15:11:28,B,1054.75,1,1
2021-06-17 15:11:28,B,1054.35,1,2
2021-06-17 15:11:31,S,1055.9,1,8
2021-06-17 15:11:31,S,1055.95,1,9
2021-06-17 15:11:31,S,1056.35,1,11
2021-06-17 15:11:31,S,1056.75,2,4
2021-06-17 15:11:31,S,1056.8,1,4
2021-06-17 15:11:31,B,1054.75,1,1
2021-06-17 15:11:31,B,1054.35,1,4
2021-06-17 15:11:31,B,1054.3,1,1
2021-06-17 15:11:31,B,1053.95,1,1
2021-06-17 15:11:31,B,1053.6,1,1
2021-06-17 15:11:33,S,1055.9,1,8
2021-06-17 15:11:33,S,1055.95,1,9
2021-06-17 15:11:33,S,1056.35,1,11
2021-06-17 15:11:33,S,1056.75,2,4
2021-06-17 15:11:33,S,1056.8,1,4
2021-06-17 15:11:33,B,1054.75,1,1
2021-06-17 15:11:33,B,1054.35,1,4
2021-06-17 15:11:33,B,1054.3,1,1
2021-06-17 15:11:33,B,1053.95,1,1
2021-06-17 15:11:33,B,1053.6,1,1
2021-06-17 15:11:33,S,1056.0,1,8
2021-06-17 15:11:33,S,1056.05,2,2
2021-06-17 15:11:33,S,1056.5,2,2
2021-06-17 15:11:33,S,1056.95,1,13
2021-06-17 15:11:33,S,1057.0,2,41
2021-06-17 15:11:33,B,1054.45,1,6
2021-06-17 15:11:33,B,1054.4,1,1
2021-06-17 15:11:33,B,1054.0,1,3
2021-06-17 15:11:33,B,1053.95,1,1
2021-06-17 15:11:33,B,1053.65,1,2
2021-06-17 15:11:36,S,1056.05,2,2
2021-06-17 15:11:36,S,1056.4,1,8
2021-06-17 15:11:36,S,1056.45,1,1
2021-06-17 15:11:36,S,1056.5,3,11
2021-06-17 15:11:36,S,1056.95,1,13
2021-06-17 15:11:36,B,1054.55,2,31
2021-06-17 15:11:36,B,1054.5,2,15
2021-06-17 15:11:36,B,1054.05,1,2
2021-06-17 15:11:36,B,1054.0,1,3
2021-06-17 15:11:36,B,1053.95,1,1
2021-06-17 15:11:38,S,1056.05,2,2
2021-06-17 15:11:38,S,1056.4,1,8
2021-06-17 15:11:38,S,1056.45,1,1
2021-06-17 15:11:38,S,1056.5,3,11
2021-06-17 15:11:38,S,1056.95,1,13
2021-06-17 15:11:38,B,1054.55,2,31
2021-06-17 15:11:38,B,1054.5,2,15
2021-06-17 15:11:38,B,1054.05,1,2
2021-06-17 15:11:38,B,1054.0,1,3
2021-06-17 15:11:38,B,1053.95,1,1
2021-06-17 15:11:39,S,1056.2,1,2
2021-06-17 15:11:39,S,1056.25,2,12
2021-06-17 15:11:39,S,1056.5,2,2
2021-06-17 15:11:39,S,1057.0,3,45
2021-06-17 15:11:39,S,1057.05,1,1
2021-06-17 15:11:39,B,1054.05,1,8
2021-06-17 15:11:39,B,1054.0,1,3
2021-06-17 15:11:39,B,1053.65,2,2
2021-06-17 15:11:39,B,1053.6,1,1
2021-06-17 15:11:39,B,1053.2,1,2
2021-06-17 15:11:42,S,1056.45,1,2
2021-06-17 15:11:42,S,1056.5,2,2
2021-06-17 15:11:42,S,1056.75,1,9
2021-06-17 15:11:42,S,1056.95,2,14
2021-06-17 15:11:42,S,1057.0,2,41
2021-06-17 15:11:42,B,1055.05,1,8
2021-06-17 15:11:42,B,1055.0,1,2
2021-06-17 15:11:42,B,1054.35,1,2
2021-06-17 15:11:42,B,1054.3,2,38
2021-06-17 15:11:42,B,1054.0,1,3
2021-06-17 15:11:52,S,1056.45,1,7
2021-06-17 15:11:52,S,1056.5,2,2
2021-06-17 15:11:52,S,1056.75,2,10
2021-06-17 15:11:52,S,1056.95,2,14
2021-06-17 15:11:52,S,1057.0,2,41
2021-06-17 15:11:52,B,1055.05,1,8
2021-06-17 15:11:52,B,1055.0,1,2
2021-06-17 15:11:52,B,1054.35,1,2
2021-06-17 15:11:52,B,1054.3,2,38
2021-06-17 15:11:52,B,1054.2,1,1
2021-06-17 15:12:04,S,1056.45,1,7
2021-06-17 15:12:04,S,1056.5,2,2
2021-06-17 15:12:04,S,1056.75,2,10
2021-06-17 15:12:04,S,1056.95,2,14
2021-06-17 15:12:04,S,1057.0,2,41
2021-06-17 15:12:04,B,1055.05,1,8
2021-06-17 15:12:04,B,1055.0,1,2
2021-06-17 15:12:04,B,1054.35,1,2
2021-06-17 15:12:04,B,1054.3,2,38
2021-06-17 15:12:04,B,1054.2,1,1
2021-06-17 15:12:10,S,1056.45,1,7
2021-06-17 15:12:10,S,1056.5,2,2
2021-06-17 15:12:10,S,1056.75,2,10
2021-06-17 15:12:10,S,1056.95,2,14
2021-06-17 15:12:10,S,1057.0,2,41
2021-06-17 15:12:10,B,1055.05,1,8
2021-06-17 15:12:10,B,1055.0,1,2
2021-06-17 15:12:10,B,1054.35,1,2
2021-06-17 15:12:10,B,1054.3,2,38
2021-06-17 15:12:10,B,1054.2,1,1
2021-06-17 15:12:12,S,1056.45,1,7
2021-06-17 15:12:12,S,1056.5,2,2
2021-06-17 15:12:12,S,1056.75,2,10
2021-06-17 15:12:12,S,1056.95,2,14
2021-06-17 15:12:12,S,1057.0,2,41
2021-06-17 15:12:12,B,1055.05,1,8
2021-06-17 15:12:12,B,1055.0,1,2
2021-06-17 15:12:12,B,1054.35,1,2
2021-06-17 15:12:12,B,1054.3,2,38
2021-06-17 15:12:12,B,1054.2,1,1
2021-06-17 15:12:15,S,1056.45,1,7
2021-06-17 15:12:15,S,1056.5,2,2
2021-06-17 15:12:15,S,1056.75,2,10
2021-06-17 15:12:15,S,1056.95,2,14
2021-06-17 15:12:15,S,1057.0,2,41
2021-06-17 15:12:15,B,1055.05,1,8
2021-06-17 15:12:15,B,1055.0,1,2
2021-06-17 15:12:15,B,1054.35,1,2
2021-06-17 15:12:15,B,1054.3,2,38
2021-06-17 15:12:15,B,1054.2,1,1
2021-06-17 15:12:21,S,1056.45,1,7
2021-06-17 15:12:21,S,1056.5,2,2
2021-06-17 15:12:21,S,1056.75,1,1
2021-06-17 15:12:21,S,1057.0,2,41
2021-06-17 15:12:21,S,1057.05,1,1
2021-06-17 15:12:21,B,1055.15,2,21
2021-06-17 15:12:21,B,1055.1,1,29
2021-06-17 15:12:21,B,1055.0,1,2
2021-06-17 15:12:21,B,1054.35,1,2
2021-06-17 15:12:21,B,1054.3,1,25
2021-06-17 15:12:25,S,1056.95,1,7
2021-06-17 15:12:25,S,1057.0,2,41
2021-06-17 15:12:25,S,1057.05,1,1
2021-06-17 15:12:25,S,1057.35,1,10
2021-06-17 15:12:25,S,1057.45,1,1
2021-06-17 15:12:25,B,1055.25,3,46
2021-06-17 15:12:25,B,1055.2,1,29
2021-06-17 15:12:25,B,1055.0,1,2
2021-06-17 15:12:25,B,1054.45,1,2
2021-06-17 15:12:25,B,1054.25,2,2
2021-06-17 15:12:28,S,1056.95,1,7
2021-06-17 15:12:28,S,1057.0,2,41
2021-06-17 15:12:28,S,1057.05,1,1
2021-06-17 15:12:28,S,1057.15,1,10
2021-06-17 15:12:28,S,1057.35,1,10
2021-06-17 15:12:28,B,1055.4,1,8
2021-06-17 15:12:28,B,1055.35,2,38
2021-06-17 15:12:28,B,1055.3,1,29
2021-06-17 15:12:28,B,1055.0,1,2
2021-06-17 15:12:28,B,1054.45,1,2
2021-06-17 15:12:31,S,1056.95,2,8
2021-06-17 15:12:31,S,1057.0,2,41
2021-06-17 15:12:31,S,1057.05,1,1
2021-06-17 15:12:31,S,1057.15,1,10
2021-06-17 15:12:31,S,1057.35,1,10
2021-06-17 15:12:31,B,1055.4,1,8
2021-06-17 15:12:31,B,1055.35,2,38
2021-06-17 15:12:31,B,1055.3,1,29
2021-06-17 15:12:31,B,1055.0,1,2
2021-06-17 15:12:31,B,1054.45,1,2
2021-06-17 15:12:34,S,1056.95,2,8
2021-06-17 15:12:34,S,1057.0,2,41
2021-06-17 15:12:34,S,1057.05,1,1
2021-06-17 15:12:34,S,1057.15,1,10
2021-06-17 15:12:34,S,1057.35,1,10
2021-06-17 15:12:34,B,1055.5,3,46
2021-06-17 15:12:34,B,1055.45,1,29
2021-06-17 15:12:34,B,1055.05,1,2
2021-06-17 15:12:34,B,1055.0,1,2
2021-06-17 15:12:34,B,1054.25,2,2
2021-06-17 15:12:39,S,1056.95,2,8
2021-06-17 15:12:39,S,1057.0,2,41
2021-06-17 15:12:39,S,1057.05,1,1
2021-06-17 15:12:39,S,1057.45,1,1
2021-06-17 15:12:39,S,1057.85,1,1
2021-06-17 15:12:39,B,1055.6,3,46
2021-06-17 15:12:39,B,1055.55,1,29
2021-06-17 15:12:39,B,1055.05,1,2
2021-06-17 15:12:39,B,1055.0,1,2
2021-06-17 15:12:39,B,1054.65,1,1
2021-06-17 15:12:45,S,1056.95,2,8
2021-06-17 15:12:45,S,1057.0,2,41
2021-06-17 15:12:45,S,1057.05,1,1
2021-06-17 15:12:45,S,1057.45,1,1
2021-06-17 15:12:45,S,1057.85,1,1
2021-06-17 15:12:45,B,1055.7,3,46
2021-06-17 15:12:45,B,1055.65,1,29
2021-06-17 15:12:45,B,1055.05,1,2
2021-06-17 15:12:45,B,1055.0,1,2
2021-06-17 15:12:45,B,1054.65,1,1
2021-06-17 15:12:47,S,1056.95,2,8
2021-06-17 15:12:47,S,1057.0,2,41
2021-06-17 15:12:47,S,1057.05,1,1
2021-06-17 15:12:47,S,1057.45,1,1
2021-06-17 15:12:47,S,1057.85,1,1
2021-06-17 15:12:47,B,1055.7,3,46
2021-06-17 15:12:47,B,1055.65,1,29
2021-06-17 15:12:47,B,1055.05,1,2
2021-06-17 15:12:47,B,1055.0,1,2
2021-06-17 15:12:47,B,1054.65,1,1
2021-06-17 15:12:48,S,1056.95,1,1
2021-06-17 15:12:48,S,1057.0,2,41
2021-06-17 15:12:48,S,1057.05,1,1
2021-06-17 15:12:48,S,1057.45,1,1
2021-06-17 15:12:48,S,1057.85,1,1
2021-06-17 15:12:48,B,1055.8,3,46
2021-06-17 15:12:48,B,1055.75,1,29
2021-06-17 15:12:48,B,1055.05,1,2
2021-06-17 15:12:48,B,1055.0,1,2
2021-06-17 15:12:48,B,1054.65,1,1
2021-06-17 15:12:51,S,1057.0,1,40
2021-06-17 15:12:51,S,1057.05,1,1
2021-06-17 15:12:51,S,1057.45,1,1
2021-06-17 15:12:51,S,1057.85,1,1
2021-06-17 15:12:51,S,1057.95,1,13
2021-06-17 15:12:51,B,1055.8,3,46
2021-06-17 15:12:51,B,1055.75,1,29
2021-06-17 15:12:51,B,1055.05,1,2
2021-06-17 15:12:51,B,1055.0,1,2
2021-06-17 15:12:51,B,1054.65,1,1
2021-06-17 15:12:54,S,1057.0,1,40
2021-06-17 15:12:54,S,1057.05,1,1
2021-06-17 15:12:54,S,1057.45,1,1
2021-06-17 15:12:54,S,1057.85,1,1
2021-06-17 15:12:54,S,1057.95,1,13
2021-06-17 15:12:54,B,1055.9,3,46
2021-06-17 15:12:54,B,1055.85,1,29
2021-06-17 15:12:54,B,1055.05,1,2
2021-06-17 15:12:54,B,1055.0,1,2
2021-06-17 15:12:54,B,1054.65,1,1
2021-06-17 15:12:57,S,1057.0,1,40
2021-06-17 15:12:57,S,1057.05,1,1
2021-06-17 15:12:57,S,1057.45,1,1
2021-06-17 15:12:57,S,1057.85,1,1
2021-06-17 15:12:57,S,1057.95,1,13
2021-06-17 15:12:57,B,1055.9,3,46
2021-06-17 15:12:57,B,1055.85,1,29
2021-06-17 15:12:57,B,1055.05,1,2
2021-06-17 15:12:57,B,1055.0,1,2
2021-06-17 15:12:57,B,1054.65,1,1
2021-06-17 15:12:58,S,1057.0,1,40
2021-06-17 15:12:58,S,1057.05,1,1
2021-06-17 15:12:58,S,1057.45,1,1
2021-06-17 15:12:58,S,1057.85,1,1
2021-06-17 15:12:58,S,1057.95,1,13
2021-06-17 15:12:58,B,1055.9,3,46
2021-06-17 15:12:58,B,1055.85,1,29
2021-06-17 15:12:58,B,1055.05,1,2
2021-06-17 15:12:58,B,1055.0,1,2
2021-06-17 15:12:58,B,1054.65,1,1
2021-06-17 15:12:59,S,1056.8,1,10
2021-06-17 15:12:59,S,1056.9,1,8
2021-06-17 15:12:59,S,1056.95,2,14
2021-06-17 15:12:59,S,1057.0,1,40
2021-06-17 15:12:59,S,1057.05,1,1
2021-06-17 15:12:59,B,1055.95,1,29
2021-06-17 15:12:59,B,1055.1,2,9
2021-06-17 15:12:59,B,1055.0,1,2
2021-06-17 15:12:59,B,1054.65,1,1
2021-06-17 15:12:59,B,1054.35,1,2
2021-06-17 15:13:01,S,1056.8,1,10
2021-06-17 15:13:01,S,1056.9,1,8
2021-06-17 15:13:01,S,1056.95,2,14
2021-06-17 15:13:01,S,1057.0,1,40
2021-06-17 15:13:01,S,1057.05,1,1
2021-06-17 15:13:01,B,1055.95,1,29
2021-06-17 15:13:01,B,1055.1,2,9
2021-06-17 15:13:01,B,1055.0,1,2
2021-06-17 15:13:01,B,1054.65,1,1
2021-06-17 15:13:01,B,1054.35,1,2
2021-06-17 15:13:01,S,1056.85,1,8
2021-06-17 15:13:01,S,1056.9,2,2
2021-06-17 15:13:01,S,1056.95,2,14
2021-06-17 15:13:01,S,1057.0,1,40
2021-06-17 15:13:01,S,1057.3,1,28
2021-06-17 15:13:01,B,1055.95,1,29
2021-06-17 15:13:01,B,1055.1,2,9
2021-06-17 15:13:01,B,1055.0,1,2
2021-06-17 15:13:01,B,1054.65,1,1
2021-06-17 15:13:01,B,1054.35,1,2
2021-06-17 15:13:07,S,1056.85,1,8
2021-06-17 15:13:07,S,1056.9,2,2
2021-06-17 15:13:07,S,1056.95,2,14
2021-06-17 15:13:07,S,1057.0,1,40
2021-06-17 15:13:07,S,1057.3,1,28
2021-06-17 15:13:07,B,1055.95,1,29
2021-06-17 15:13:07,B,1055.1,2,9
2021-06-17 15:13:07,B,1055.0,1,2
2021-06-17 15:13:07,B,1054.65,1,1
2021-06-17 15:13:07,B,1054.35,1,2
2021-06-17 15:13:09,S,1056.85,1,8
2021-06-17 15:13:09,S,1056.9,2,2
2021-06-17 15:13:09,S,1056.95,2,14
2021-06-17 15:13:09,S,1057.0,1,40
2021-06-17 15:13:09,S,1057.3,1,28
2021-06-17 15:13:09,B,1055.95,1,29
2021-06-17 15:13:09,B,1055.1,2,9
2021-06-17 15:13:09,B,1055.0,1,2
2021-06-17 15:13:09,B,1054.65,1,1
2021-06-17 15:13:09,B,1054.35,1,2
2021-06-17 15:13:10,S,1056.95,1,13
2021-06-17 15:13:10,S,1057.0,1,40
2021-06-17 15:13:10,S,1057.35,1,8
2021-06-17 15:13:10,S,1057.85,1,1
2021-06-17 15:13:10,S,1057.95,1,25
2021-06-17 15:13:10,B,1056.0,2,16
2021-06-17 15:13:10,B,1055.95,1,29
2021-06-17 15:13:10,B,1055.05,1,8
2021-06-17 15:13:10,B,1055.0,1,2
2021-06-17 15:13:10,B,1054.65,1,1
2021-06-17 15:13:13,S,1056.95,1,13
2021-06-17 15:13:13,S,1057.0,1,40
2021-06-17 15:13:13,S,1057.15,1,1
2021-06-17 15:13:13,S,1057.5,1,1
2021-06-17 15:13:13,S,1057.85,1,1
2021-06-17 15:13:13,B,1056.0,2,16
2021-06-17 15:13:13,B,1055.95,1,29
2021-06-17 15:13:13,B,1055.05,1,8
2021-06-17 15:13:13,B,1055.0,1,2
2021-06-17 15:13:13,B,1054.65,1,1
2021-06-17 15:13:15,S,1056.95,1,13
2021-06-17 15:13:15,S,1057.0,1,40
2021-06-17 15:13:15,S,1057.15,1,1
2021-06-17 15:13:15,S,1057.5,1,1
2021-06-17 15:13:15,S,1057.85,1,1
2021-06-17 15:13:15,B,1056.05,1,29
2021-06-17 15:13:15,B,1056.0,2,16
2021-06-17 15:13:15,B,1055.05,1,8
2021-06-17 15:13:15,B,1055.0,1,2
2021-06-17 15:13:15,B,1054.7,1,2
2021-06-17 15:13:21,S,1057.0,1,40
2021-06-17 15:13:21,S,1057.15,1,1
2021-06-17 15:13:21,S,1057.5,1,1
2021-06-17 15:13:21,S,1057.85,1,1
2021-06-17 15:13:21,S,1058.0,1,75
2021-06-17 15:13:21,B,1056.35,1,8
2021-06-17 15:13:21,B,1056.3,2,16
2021-06-17 15:13:21,B,1056.25,1,10
2021-06-17 15:13:21,B,1056.1,1,25
2021-06-17 15:13:21,B,1056.05,1,29
2021-06-17 15:13:24,S,1057.0,1,40
2021-06-17 15:13:24,S,1057.5,1,1
2021-06-17 15:13:24,S,1057.85,1,1
2021-06-17 15:13:24,S,1057.95,1,13
2021-06-17 15:13:24,S,1058.0,1,75
2021-06-17 15:13:24,B,1056.45,4,49
2021-06-17 15:13:24,B,1056.4,1,29
2021-06-17 15:13:24,B,1055.3,1,2
2021-06-17 15:13:24,B,1055.25,1,1
2021-06-17 15:13:24,B,1055.0,1,2
2021-06-17 15:13:27,S,1057.0,1,40
2021-06-17 15:13:27,S,1057.5,1,1
2021-06-17 15:13:27,S,1057.85,1,1
2021-06-17 15:13:27,S,1057.95,1,13
2021-06-17 15:13:27,S,1058.0,1,75
2021-06-17 15:13:27,B,1056.45,4,49
2021-06-17 15:13:27,B,1056.4,1,29
2021-06-17 15:13:27,B,1055.3,1,2
2021-06-17 15:13:27,B,1055.25,1,1
2021-06-17 15:13:27,B,1055.0,1,2
2021-06-17 15:13:28,S,1057.0,1,35
2021-06-17 15:13:28,S,1057.9,2,2
2021-06-17 15:13:28,S,1057.95,1,13
2021-06-17 15:13:28,S,1058.0,1,75
2021-06-17 15:13:28,S,1058.2,1,9
2021-06-17 15:13:28,B,1056.6,2,16
2021-06-17 15:13:28,B,1056.55,1,10
2021-06-17 15:13:28,B,1056.5,1,29
2021-06-17 15:13:28,B,1055.85,1,8
2021-06-17 15:13:28,B,1055.8,1,1
2021-06-17 15:13:32,S,1057.0,1,35
2021-06-17 15:13:32,S,1057.9,2,2
2021-06-17 15:13:32,S,1057.95,1,13
2021-06-17 15:13:32,S,1058.0,1,75
2021-06-17 15:13:32,S,1058.2,1,9
2021-06-17 15:13:32,B,1056.65,1,10
2021-06-17 15:13:32,B,1056.6,2,16
2021-06-17 15:13:32,B,1056.5,1,29
2021-06-17 15:13:32,B,1055.85,1,8
2021-06-17 15:13:32,B,1055.8,1,1
2021-06-17 15:13:33,S,1057.0,1,35
2021-06-17 15:13:33,S,1057.9,2,2
2021-06-17 15:13:33,S,1057.95,1,13
2021-06-17 15:13:33,S,1058.0,1,75
2021-06-17 15:13:33,S,1058.2,1,9
2021-06-17 15:13:33,B,1056.65,1,10
2021-06-17 15:13:33,B,1056.6,2,16
2021-06-17 15:13:33,B,1056.5,1,29
2021-06-17 15:13:33,B,1055.85,1,8
2021-06-17 15:13:33,B,1055.8,1,1
2021-06-17 15:13:34,S,1057.0,1,33
2021-06-17 15:13:34,S,1057.9,2,2
2021-06-17 15:13:34,S,1057.95,1,13
2021-06-17 15:13:34,S,1058.0,1,75
2021-06-17 15:13:34,S,1058.2,1,9
2021-06-17 15:13:34,B,1056.8,1,10
2021-06-17 15:13:34,B,1056.75,2,16
2021-06-17 15:13:34,B,1056.7,1,29
2021-06-17 15:13:34,B,1055.35,1,8
2021-06-17 15:13:34,B,1055.3,1,2
2021-06-17 15:13:36,S,1057.0,1,33
2021-06-17 15:13:36,S,1057.9,2,2
2021-06-17 15:13:36,S,1057.95,1,13
2021-06-17 15:13:36,S,1058.0,1,75
2021-06-17 15:13:36,S,1058.2,1,9
2021-06-17 15:13:36,B,1056.8,1,10
2021-06-17 15:13:36,B,1056.75,2,16
2021-06-17 15:13:36,B,1056.7,1,29
2021-06-17 15:13:36,B,1055.35,1,8
2021-06-17 15:13:36,B,1055.3,1,2
2021-06-17 15:13:36,S,1058.05,3,10
2021-06-17 15:13:36,S,1058.1,2,11
2021-06-17 15:13:36,S,1058.2,2,7
2021-06-17 15:13:36,S,1058.3,1,26
2021-06-17 15:13:36,S,1058.35,2,20
2021-06-17 15:13:36,B,1057.15,1,1
2021-06-17 15:13:36,B,1056.75,1,8
2021-06-17 15:13:36,B,1056.7,1,8
2021-06-17 15:13:36,B,1055.8,1,6
2021-06-17 15:13:36,B,1055.6,1,1
2021-06-17 15:13:39,S,1058.05,3,10
2021-06-17 15:13:39,S,1058.1,2,9
2021-06-17 15:13:39,S,1058.2,2,7
2021-06-17 15:13:39,S,1058.3,1,26
2021-06-17 15:13:39,S,1058.35,2,20
2021-06-17 15:13:39,B,1057.2,1,8
2021-06-17 15:13:39,B,1057.15,1,1
2021-06-17 15:13:39,B,1055.95,1,8
2021-06-17 15:13:39,B,1055.9,2,51
2021-06-17 15:13:39,B,1055.85,2,7
2021-06-17 15:13:42,S,1058.05,3,10
2021-06-17 15:13:42,S,1058.1,2,9
2021-06-17 15:13:42,S,1058.2,2,7
2021-06-17 15:13:42,S,1058.3,1,26
2021-06-17 15:13:42,S,1058.35,2,20
2021-06-17 15:13:42,B,1057.2,1,8
2021-06-17 15:13:42,B,1055.95,2,9
2021-06-17 15:13:42,B,1055.9,3,52
2021-06-17 15:13:42,B,1055.35,1,2
2021-06-17 15:13:42,B,1055.05,2,2
2021-06-17 15:13:45,S,1058.05,1,8
2021-06-17 15:13:45,S,1058.1,1,8
2021-06-17 15:13:45,S,1058.2,1,6
2021-06-17 15:13:45,S,1058.5,1,1
2021-06-17 15:13:45,S,1058.6,1,5
2021-06-17 15:13:45,B,1056.65,1,8
2021-06-17 15:13:45,B,1056.6,1,3
2021-06-17 15:13:45,B,1055.95,2,9
2021-06-17 15:13:45,B,1055.9,3,52
2021-06-17 15:13:45,B,1055.1,1,2
2021-06-17 15:13:48,S,1058.05,3,10
2021-06-17 15:13:48,S,1058.1,2,9
2021-06-17 15:13:48,S,1058.2,1,6
2021-06-17 15:13:48,S,1058.3,1,9
2021-06-17 15:13:48,S,1058.5,1,1
2021-06-17 15:13:48,B,1056.65,1,8
2021-06-17 15:13:48,B,1056.6,1,3
2021-06-17 15:13:48,B,1055.95,2,9
2021-06-17 15:13:48,B,1055.9,3,52
2021-06-17 15:13:48,B,1055.1,1,2
2021-06-17 15:13:50,S,1058.05,3,10
2021-06-17 15:13:50,S,1058.1,1,8
2021-06-17 15:13:50,S,1058.5,1,1
2021-06-17 15:13:50,S,1058.6,1,5
2021-06-17 15:13:50,S,1058.65,1,1
2021-06-17 15:13:50,B,1056.75,1,8
2021-06-17 15:13:50,B,1056.7,1,8
2021-06-17 15:13:50,B,1056.6,2,4
2021-06-17 15:13:50,B,1055.9,3,52
2021-06-17 15:13:50,B,1055.1,1,2
2021-06-17 15:13:53,S,1058.05,3,10
2021-06-17 15:13:53,S,1058.1,1,8
2021-06-17 15:13:53,S,1058.45,1,10
2021-06-17 15:13:53,S,1058.5,1,1
2021-06-17 15:13:53,S,1058.6,1,5
2021-06-17 15:13:53,B,1056.75,1,8
2021-06-17 15:13:53,B,1056.7,1,8
2021-06-17 15:13:53,B,1056.6,1,3
2021-06-17 15:13:53,B,1055.9,3,52
2021-06-17 15:13:53,B,1055.1,1,2
2021-06-17 15:13:55,S,1058.05,3,10
2021-06-17 15:13:55,S,1058.1,1,8
2021-06-17 15:13:55,S,1058.45,1,10
2021-06-17 15:13:55,S,1058.5,1,1
2021-06-17 15:13:55,S,1058.6,1,5
2021-06-17 15:13:55,B,1056.85,1,8
2021-06-17 15:13:55,B,1056.8,1,8
2021-06-17 15:13:55,B,1056.6,1,3
2021-06-17 15:13:55,B,1055.9,3,52
2021-06-17 15:13:55,B,1055.1,1,2
2021-06-17 15:13:58,S,1058.05,3,10
2021-06-17 15:13:58,S,1058.1,1,8
2021-06-17 15:13:58,S,1058.5,1,1
2021-06-17 15:13:58,S,1058.6,1,5
2021-06-17 15:13:58,S,1058.65,1,1
2021-06-17 15:13:58,B,1056.95,1,8
2021-06-17 15:13:58,B,1056.9,3,52
2021-06-17 15:13:58,B,1056.85,2,81
2021-06-17 15:13:58,B,1056.8,2,9
2021-06-17 15:13:58,B,1056.65,1,2
2021-06-17 15:14:00,S,1058.05,3,10
2021-06-17 15:14:00,S,1058.1,1,8
2021-06-17 15:14:00,S,1058.5,1,1
2021-06-17 15:14:00,S,1058.6,1,5
2021-06-17 15:14:00,S,1058.65,1,1
2021-06-17 15:14:00,B,1057.05,1,8
2021-06-17 15:14:00,B,1057.0,2,9
2021-06-17 15:14:00,B,1056.95,1,1
2021-06-17 15:14:00,B,1056.9,3,52
2021-06-17 15:14:00,B,1056.85,2,81
2021-06-17 15:14:03,S,1058.05,1,1
2021-06-17 15:14:03,S,1058.1,1,8
2021-06-17 15:14:03,S,1058.45,1,8
2021-06-17 15:14:03,S,1058.5,1,1
2021-06-17 15:14:03,S,1058.6,1,5
2021-06-17 15:14:03,B,1057.05,2,88
2021-06-17 15:14:03,B,1057.0,2,9
2021-06-17 15:14:03,B,1056.6,1,3
2021-06-17 15:14:03,B,1056.5,1,1
2021-06-17 15:14:03,B,1056.25,1,2
2021-06-17 15:14:03,S,1058.05,1,1
2021-06-17 15:14:03,S,1058.1,1,8
2021-06-17 15:14:03,S,1058.45,1,8
2021-06-17 15:14:03,S,1058.5,1,1
2021-06-17 15:14:03,S,1058.6,1,5
2021-06-17 15:14:03,B,1057.05,2,88
2021-06-17 15:14:03,B,1057.0,2,9
2021-06-17 15:14:03,B,1056.6,1,3
2021-06-17 15:14:03,B,1056.5,1,1
2021-06-17 15:14:03,B,1056.25,1,2
2021-06-17 15:14:05,S,1058.05,1,1
2021-06-17 15:14:05,S,1058.1,1,8
2021-06-17 15:14:05,S,1058.45,1,8
2021-06-17 15:14:05,S,1058.5,1,1
2021-06-17 15:14:05,S,1058.6,1,5
2021-06-17 15:14:05,B,1057.15,1,8
2021-06-17 15:14:05,B,1057.1,3,59
2021-06-17 15:14:05,B,1057.05,2,81
2021-06-17 15:14:05,B,1057.0,1,1
2021-06-17 15:14:05,B,1056.65,1,2
2021-06-17 15:14:08,S,1058.05,1,1
2021-06-17 15:14:08,S,1058.1,1,8
2021-06-17 15:14:08,S,1058.55,1,8
2021-06-17 15:14:08,S,1058.6,1,5
2021-06-17 15:14:08,S,1059.0,2,51
2021-06-17 15:14:08,B,1057.25,2,34
2021-06-17 15:14:08,B,1057.2,1,80
2021-06-17 15:14:08,B,1057.1,2,33
2021-06-17 15:14:08,B,1057.05,1,1
2021-06-17 15:14:08,B,1057.0,1,1
2021-06-17 15:14:10,S,1058.05,1,1
2021-06-17 15:14:10,S,1058.1,1,8
2021-06-17 15:14:10,S,1058.55,2,9
2021-06-17 15:14:10,S,1058.6,1,5
2021-06-17 15:14:10,S,1058.75,1,10
2021-06-17 15:14:10,B,1057.35,1,8
2021-06-17 15:14:10,B,1057.3,2,9
2021-06-17 15:14:10,B,1057.25,1,26
2021-06-17 15:14:10,B,1057.2,1,80
2021-06-17 15:14:10,B,1056.65,1,2
2021-06-17 15:14:13,S,1058.05,1,1
2021-06-17 15:14:13,S,1058.1,1,8
2021-06-17 15:14:13,S,1058.55,1,8
2021-06-17 15:14:13,S,1058.6,1,5
2021-06-17 15:14:13,S,1059.0,1,50
2021-06-17 15:14:13,B,1057.4,4,67
2021-06-17 15:14:13,B,1057.35,1,80
2021-06-17 15:14:13,B,1056.75,2,3
2021-06-17 15:14:13,B,1056.6,1,3
2021-06-17 15:14:13,B,1056.05,1,35
2021-06-17 15:14:16,S,1058.05,1,1
2021-06-17 15:14:16,S,1058.1,1,8
2021-06-17 15:14:16,S,1058.35,1,8
2021-06-17 15:14:16,S,1058.4,1,1
2021-06-17 15:14:16,S,1058.6,1,5
2021-06-17 15:14:16,B,1057.4,4,67
2021-06-17 15:14:16,B,1057.35,1,80
2021-06-17 15:14:16,B,1056.75,2,3
2021-06-17 15:14:16,B,1056.6,1,3
2021-06-17 15:14:16,B,1056.05,1,35
2021-06-17 15:14:19,S,1058.05,1,1
2021-06-17 15:14:19,S,1058.1,1,8
2021-06-17 15:14:19,S,1058.35,1,8
2021-06-17 15:14:19,S,1058.4,1,1
2021-06-17 15:14:19,S,1058.6,1,5
2021-06-17 15:14:19,B,1057.5,2,51
2021-06-17 15:14:19,B,1057.45,3,89
2021-06-17 15:14:19,B,1057.4,2,9
2021-06-17 15:14:19,B,1056.85,1,2
2021-06-17 15:14:19,B,1056.8,1,1
2021-06-17 15:14:24,S,1058.05,1,1
2021-06-17 15:14:24,S,1058.1,1,8
2021-06-17 15:14:24,S,1058.6,1,5
2021-06-17 15:14:24,S,1058.95,1,8
2021-06-17 15:14:24,S,1059.0,1,50
2021-06-17 15:14:24,B,1057.6,1,8
2021-06-17 15:14:24,B,1057.55,2,9
2021-06-17 15:14:24,B,1057.5,3,107
2021-06-17 15:14:24,B,1057.45,1,1
2021-06-17 15:14:24,B,1056.85,1,2
2021-06-17 15:14:27,S,1058.05,1,1
2021-06-17 15:14:27,S,1058.1,1,8
2021-06-17 15:14:27,S,1058.55,1,8
2021-06-17 15:14:27,S,1058.6,1,5
2021-06-17 15:14:27,S,1058.65,1,1
2021-06-17 15:14:27,B,1057.6,2,88
2021-06-17 15:14:27,B,1057.55,2,9
2021-06-17 15:14:27,B,1057.5,1,1
2021-06-17 15:14:27,B,1056.85,1,2
2021-06-17 15:14:27,B,1056.65,1,1
2021-06-17 15:14:30,S,1058.05,1,1
2021-06-17 15:14:30,S,1058.1,1,8
2021-06-17 15:14:30,S,1058.6,1,5
2021-06-17 15:14:30,S,1058.65,1,1
2021-06-17 15:14:30,S,1058.95,1,8
2021-06-17 15:14:30,B,1057.7,1,8
2021-06-17 15:14:30,B,1057.65,4,60
2021-06-17 15:14:30,B,1057.6,2,81
2021-06-17 15:14:30,B,1056.85,1,2
2021-06-17 15:14:30,B,1056.65,1,1
2021-06-17 15:14:31,S,1058.05,1,1
2021-06-17 15:14:31,S,1058.1,1,8
2021-06-17 15:14:31,S,1058.6,1,5
2021-06-17 15:14:31,S,1058.65,1,1
2021-06-17 15:14:31,S,1058.95,1,8
2021-06-17 15:14:31,B,1057.7,1,8
2021-06-17 15:14:31,B,1057.65,4,60
2021-06-17 15:14:31,B,1057.6,2,81
2021-06-17 15:14:31,B,1056.85,1,2
2021-06-17 15:14:31,B,1056.65,1,1
2021-06-17 15:14:33,S,1058.6,1,5
2021-06-17 15:14:33,S,1058.9,1,8
2021-06-17 15:14:33,S,1058.95,2,27
2021-06-17 15:14:33,S,1059.0,1,50
2021-06-17 15:14:33,S,1059.4,1,1
2021-06-17 15:14:33,B,1057.8,1,8
2021-06-17 15:14:33,B,1057.75,2,81
2021-06-17 15:14:33,B,1057.7,1,1
2021-06-17 15:14:33,B,1057.65,2,9
2021-06-17 15:14:33,B,1056.7,1,2
2021-06-17 15:14:35,S,1058.6,1,5
2021-06-17 15:14:35,S,1058.9,1,8
2021-06-17 15:14:35,S,1058.95,1,1
2021-06-17 15:14:35,S,1059.0,1,50
2021-06-17 15:14:35,S,1059.4,1,1
2021-06-17 15:14:35,B,1057.9,1,8
2021-06-17 15:14:35,B,1057.85,2,9
2021-06-17 15:14:35,B,1057.8,2,27
2021-06-17 15:14:35,B,1057.75,2,81
2021-06-17 15:14:35,B,1057.45,1,1
2021-06-17 15:14:37,S,1058.6,1,5
2021-06-17 15:14:37,S,1058.9,1,8
2021-06-17 15:14:37,S,1058.95,1,1
2021-06-17 15:14:37,S,1059.0,1,50
2021-06-17 15:14:37,S,1059.15,1,9
2021-06-17 15:14:37,B,1058.0,1,8
2021-06-17 15:14:37,B,1057.95,1,80
2021-06-17 15:14:37,B,1057.85,1,8
2021-06-17 15:14:37,B,1056.7,1,2
2021-06-17 15:14:37,B,1056.65,1,1
2021-06-17 15:14:39,S,1058.6,1,5
2021-06-17 15:14:39,S,1058.9,1,8
2021-06-17 15:14:39,S,1058.95,1,1
2021-06-17 15:14:39,S,1059.0,1,50
2021-06-17 15:14:39,S,1059.15,1,9
2021-06-17 15:14:39,B,1058.0,1,8
2021-06-17 15:14:39,B,1057.95,1,80
2021-06-17 15:14:39,B,1057.85,1,8
2021-06-17 15:14:39,B,1056.7,1,2
2021-06-17 15:14:39,B,1056.65,1,1
2021-06-17 15:14:40,S,1057.8,1,8
2021-06-17 15:14:40,S,1057.85,1,8
2021-06-17 15:14:40,S,1057.9,1,8
2021-06-17 15:14:40,S,1058.1,1,1
2021-06-17 15:14:40,S,1058.2,1,1
2021-06-17 15:14:40,B,1056.65,2,51
2021-06-17 15:14:40,B,1056.6,2,38
2021-06-17 15:14:40,B,1055.45,2,8
2021-06-17 15:14:40,B,1055.05,2,4
2021-06-17 15:14:40,B,1055.0,1,2
2021-06-17 15:14:43,S,1057.8,1,8
2021-06-17 15:14:43,S,1057.85,1,8
2021-06-17 15:14:43,S,1057.9,1,8
2021-06-17 15:14:43,S,1058.1,1,1
2021-06-17 15:14:43,S,1058.2,3,18
2021-06-17 15:14:43,B,1056.65,3,86
2021-06-17 15:14:43,B,1056.6,1,3
2021-06-17 15:14:43,B,1055.65,2,2
2021-06-17 15:14:43,B,1055.45,2,8
2021-06-17 15:14:43,B,1055.35,1,1
2021-06-17 15:14:48,S,1057.8,1,8
2021-06-17 15:14:48,S,1057.85,1,8
2021-06-17 15:14:48,S,1057.9,1,8
2021-06-17 15:14:48,S,1058.1,1,1
2021-06-17 15:14:48,S,1058.2,3,18
2021-06-17 15:14:48,B,1056.7,1,7
2021-06-17 15:14:48,B,1056.65,3,86
2021-06-17 15:14:48,B,1056.6,1,3
2021-06-17 15:14:48,B,1055.65,2,2
2021-06-17 15:14:48,B,1055.45,2,8
2021-06-17 15:14:51,S,1057.85,2,16
2021-06-17 15:14:51,S,1057.9,1,8
2021-06-17 15:14:51,S,1058.1,1,1
2021-06-17 15:14:51,S,1058.2,3,18
2021-06-17 15:14:51,S,1058.5,1,1
2021-06-17 15:14:51,B,1057.0,1,5
2021-06-17 15:14:51,B,1056.7,1,7
2021-06-17 15:14:51,B,1056.65,3,86
2021-06-17 15:14:51,B,1056.6,1,3
2021-06-17 15:14:51,B,1055.65,2,2
2021-06-17 15:14:54,S,1057.85,1,8
2021-06-17 15:14:54,S,1057.9,1,8
2021-06-17 15:14:54,S,1058.05,1,8
2021-06-17 15:14:54,S,1058.1,1,1
2021-06-17 15:14:54,S,1058.2,1,1
2021-06-17 15:14:54,B,1057.05,3,58
2021-06-17 15:14:54,B,1057.0,2,40
2021-06-17 15:14:54,B,1056.6,1,3
2021-06-17 15:14:54,B,1055.65,2,2
2021-06-17 15:14:54,B,1055.45,2,8
2021-06-17 15:14:56,S,1057.85,1,8
2021-06-17 15:14:56,S,1057.9,1,8
2021-06-17 15:14:56,S,1058.05,1,8
2021-06-17 15:14:56,S,1058.1,1,1
2021-06-17 15:14:56,S,1058.2,1,1
2021-06-17 15:14:56,B,1057.05,3,58
2021-06-17 15:14:56,B,1057.0,2,40
2021-06-17 15:14:56,B,1056.65,2,101
2021-06-17 15:14:56,B,1056.6,2,4
2021-06-17 15:14:56,B,1056.4,1,1
2021-06-17 15:14:58,S,1057.85,1,8
2021-06-17 15:14:58,S,1057.9,1,8
2021-06-17 15:14:58,S,1058.45,1,8
2021-06-17 15:14:58,S,1058.5,1,1
2021-06-17 15:14:58,S,1058.6,1,5
2021-06-17 15:14:58,B,1057.15,1,7
2021-06-17 15:14:58,B,1057.1,2,11
2021-06-17 15:14:58,B,1057.05,2,51
2021-06-17 15:14:58,B,1057.0,1,5
2021-06-17 15:14:58,B,1056.65,2,101
2021-06-17 15:15:01,S,1057.85,1,8
2021-06-17 15:15:01,S,1057.9,1,8
2021-06-17 15:15:01,S,1058.45,1,8
2021-06-17 15:15:01,S,1058.5,1,1
2021-06-17 15:15:01,S,1058.6,1,5
2021-06-17 15:15:01,B,1057.15,2,8
2021-06-17 15:15:01,B,1057.1,2,11
2021-06-17 15:15:01,B,1057.05,2,51
2021-06-17 15:15:01,B,1057.0,2,8
2021-06-17 15:15:01,B,1056.65,2,101
2021-06-17 15:15:04,S,1057.85,1,8
2021-06-17 15:15:04,S,1057.9,1,8
2021-06-17 15:15:04,S,1058.45,1,8
2021-06-17 15:15:04,S,1058.5,1,1
2021-06-17 15:15:04,S,1058.6,1,5
2021-06-17 15:15:04,B,1057.25,1,1
2021-06-17 15:15:04,B,1057.2,2,51
2021-06-17 15:15:04,B,1057.15,3,18
2021-06-17 15:15:04,B,1057.0,2,8
2021-06-17 15:15:04,B,1056.65,2,101
2021-06-17 15:15:09,S,1057.85,1,8
2021-06-17 15:15:09,S,1057.9,1,8
2021-06-17 15:15:09,S,1058.45,1,8
2021-06-17 15:15:09,S,1058.5,1,1
2021-06-17 15:15:09,S,1058.6,1,5
2021-06-17 15:15:09,B,1057.3,2,51
2021-06-17 15:15:09,B,1057.25,2,11
2021-06-17 15:15:09,B,1057.05,1,7
2021-06-17 15:15:09,B,1057.0,2,8
2021-06-17 15:15:09,B,1056.65,2,101
2021-06-17 15:15:12,S,1057.8,1,3
2021-06-17 15:15:12,S,1057.85,1,8
2021-06-17 15:15:12,S,1057.9,1,8
2021-06-17 15:15:12,S,1058.45,1,8
2021-06-17 15:15:12,S,1058.5,1,1
2021-06-17 15:15:12,B,1057.4,2,11
2021-06-17 15:15:12,B,1057.3,2,51
2021-06-17 15:15:12,B,1057.05,1,7
2021-06-17 15:15:12,B,1057.0,2,8
2021-06-17 15:15:12,B,1056.65,2,101
2021-06-17 15:15:14,S,1057.8,1,3
2021-06-17 15:15:14,S,1057.85,1,8
2021-06-17 15:15:14,S,1057.9,1,8
2021-06-17 15:15:14,S,1058.45,1,8
2021-06-17 15:15:14,S,1058.5,1,1
2021-06-17 15:15:14,B,1057.4,2,11
2021-06-17 15:15:14,B,1057.3,2,51
2021-06-17 15:15:14,B,1057.05,1,7
2021-06-17 15:15:14,B,1057.0,2,8
2021-06-17 15:15:14,B,1056.65,2,101
2021-06-17 15:15:15,S,1057.8,1,3
2021-06-17 15:15:15,S,1057.85,1,8
2021-06-17 15:15:15,S,1057.9,1,8
2021-06-17 15:15:15,S,1058.45,1,8
2021-06-17 15:15:15,S,1058.5,1,1
2021-06-17 15:15:15,B,1057.4,1,6
2021-06-17 15:15:15,B,1057.3,2,51
2021-06-17 15:15:15,B,1057.05,1,7
2021-06-17 15:15:15,B,1057.0,2,8
2021-06-17 15:15:15,B,1056.65,2,101
2021-06-17 15:15:16,S,1057.8,1,3
2021-06-17 15:15:16,S,1057.85,1,8
2021-06-17 15:15:16,S,1057.9,1,8
2021-06-17 15:15:16,S,1058.45,1,8
2021-06-17 15:15:16,S,1058.5,1,1
2021-06-17 15:15:16,B,1057.4,1,6
2021-06-17 15:15:16,B,1057.3,2,51
2021-06-17 15:15:16,B,1057.05,1,7
2021-06-17 15:15:16,B,1057.0,2,8
2021-06-17 15:15:16,B,1056.65,2,101
2021-06-17 15:15:18,S,1057.85,1,6
2021-06-17 15:15:18,S,1057.95,1,7
2021-06-17 15:15:18,S,1058.55,1,3
2021-06-17 15:15:18,S,1058.6,1,5
2021-06-17 15:15:18,S,1058.65,1,10
2021-06-17 15:15:18,B,1057.8,1,5
2021-06-17 15:15:18,B,1057.45,1,8
2021-06-17 15:15:18,B,1057.4,2,51
2021-06-17 15:15:18,B,1057.35,1,6
2021-06-17 15:15:18,B,1057.0,2,8
2021-06-17 15:15:21,S,1057.95,1,7
2021-06-17 15:15:21,S,1058.0,1,1
2021-06-17 15:15:21,S,1058.45,1,3
2021-06-17 15:15:21,S,1058.5,1,6
2021-06-17 15:15:21,S,1058.6,1,5
2021-06-17 15:15:21,B,1057.8,1,5
2021-06-17 15:15:21,B,1057.45,1,8
2021-06-17 15:15:21,B,1057.4,2,51
2021-06-17 15:15:21,B,1057.35,1,6
2021-06-17 15:15:21,B,1057.0,2,8
2021-06-17 15:15:24,S,1057.95,1,7
2021-06-17 15:15:24,S,1058.0,1,1
2021-06-17 15:15:24,S,1058.45,1,3
2021-06-17 15:15:24,S,1058.5,1,6
2021-06-17 15:15:24,S,1058.6,1,5
2021-06-17 15:15:24,B,1057.8,2,11
2021-06-17 15:15:24,B,1057.45,1,8
2021-06-17 15:15:24,B,1057.4,2,51
2021-06-17 15:15:24,B,1057.0,2,8
2021-06-17 15:15:24,B,1056.65,2,101
2021-06-17 15:15:27,S,1057.95,1,7
2021-06-17 15:15:27,S,1058.0,1,1
2021-06-17 15:15:27,S,1058.45,1,3
2021-06-17 15:15:27,S,1058.5,1,6
2021-06-17 15:15:27,S,1058.6,1,5
2021-06-17 15:15:27,B,1057.8,2,11
2021-06-17 15:15:27,B,1057.45,1,8
2021-06-17 15:15:27,B,1057.4,2,51
2021-06-17 15:15:27,B,1057.0,2,8
2021-06-17 15:15:27,B,1056.65,2,101
2021-06-17 15:15:28,S,1057.95,1,7
2021-06-17 15:15:28,S,1058.0,1,1
2021-06-17 15:15:28,S,1058.45,1,3
2021-06-17 15:15:28,S,1058.5,1,6
2021-06-17 15:15:28,S,1058.6,1,5
2021-06-17 15:15:28,B,1057.8,2,11
2021-06-17 15:15:28,B,1057.45,1,8
2021-06-17 15:15:28,B,1057.4,2,51
2021-06-17 15:15:28,B,1057.0,2,8
2021-06-17 15:15:28,B,1056.65,2,101
2021-06-17 15:15:30,S,1057.05,1,9
2021-06-17 15:15:30,S,1057.1,1,4
2021-06-17 15:15:30,S,1057.2,1,1
2021-06-17 15:15:30,S,1057.35,1,9
2021-06-17 15:15:30,S,1057.4,1,8
2021-06-17 15:15:30,B,1056.65,1,25
2021-06-17 15:15:30,B,1055.7,2,6
2021-06-17 15:15:30,B,1055.65,1,1
2021-06-17 15:15:30,B,1055.1,1,1
2021-06-17 15:15:30,B,1055.0,1,2
2021-06-17 15:15:33,S,1056.7,1,4
2021-06-17 15:15:33,S,1056.9,1,8
2021-06-17 15:15:33,S,1056.95,1,9
2021-06-17 15:15:33,S,1057.2,1,1
2021-06-17 15:15:33,S,1057.35,1,9
2021-06-17 15:15:33,B,1055.75,1,5
2021-06-17 15:15:33,B,1055.7,2,26
2021-06-17 15:15:33,B,1055.65,1,1
2021-06-17 15:15:33,B,1055.1,1,1
2021-06-17 15:15:33,B,1055.0,1,2
2021-06-17 15:15:37,S,1056.65,1,8
2021-06-17 15:15:37,S,1056.7,1,4
2021-06-17 15:15:37,S,1056.75,1,1
2021-06-17 15:15:37,S,1056.95,1,9
2021-06-17 15:15:37,S,1057.2,1,1
2021-06-17 15:15:37,B,1055.75,1,5
2021-06-17 15:15:37,B,1055.7,2,11
2021-06-17 15:15:37,B,1055.65,1,1
2021-06-17 15:15:37,B,1055.1,1,1
2021-06-17 15:15:37,B,1055.0,1,2
2021-06-17 15:15:38,S,1056.65,1,8
2021-06-17 15:15:38,S,1056.7,1,4
2021-06-17 15:15:38,S,1056.75,1,1
2021-06-17 15:15:38,S,1056.95,1,9
2021-06-17 15:15:38,S,1057.2,1,1
2021-06-17 15:15:38,B,1055.75,1,5
2021-06-17 15:15:38,B,1055.7,2,11
2021-06-17 15:15:38,B,1055.65,1,1
2021-06-17 15:15:38,B,1055.1,1,1
2021-06-17 15:15:38,B,1055.0,1,2
2021-06-17 15:15:39,S,1056.65,1,8
2021-06-17 15:15:39,S,1056.7,1,4
2021-06-17 15:15:39,S,1056.75,1,1
2021-06-17 15:15:39,S,1056.95,1,9
2021-06-17 15:15:39,S,1057.2,1,1
2021-06-17 15:15:39,B,1055.75,1,5
2021-06-17 15:15:39,B,1055.7,2,11
2021-06-17 15:15:39,B,1055.65,1,1
2021-06-17 15:15:39,B,1055.1,1,1
2021-06-17 15:15:39,B,1055.0,1,2
2021-06-17 15:15:40,S,1056.35,2,11
2021-06-17 15:15:40,S,1056.4,1,9
2021-06-17 15:15:40,S,1056.75,1,1
2021-06-17 15:15:40,S,1057.2,1,1
2021-06-17 15:15:40,S,1057.45,1,1
2021-06-17 15:15:40,B,1055.1,1,7
2021-06-17 15:15:40,B,1054.5,2,8
2021-06-17 15:15:40,B,1054.45,2,27
2021-06-17 15:15:40,B,1054.4,2,26
2021-06-17 15:15:40,B,1054.3,1,5
2021-06-17 15:15:43,S,1056.35,2,11
2021-06-17 15:15:43,S,1056.75,1,1
2021-06-17 15:15:43,S,1057.2,1,1
2021-06-17 15:15:43,S,1057.45,1,1
2021-06-17 15:15:43,S,1057.5,1,1
2021-06-17 15:15:43,B,1054.6,1,25
2021-06-17 15:15:43,B,1054.55,1,26
2021-06-17 15:15:43,B,1054.5,2,14
2021-06-17 15:15:43,B,1054.4,1,1
2021-06-17 15:15:43,B,1054.25,1,25
2021-06-17 15:15:49,S,1056.35,2,11
2021-06-17 15:15:49,S,1056.75,1,1
2021-06-17 15:15:49,S,1057.2,1,1
2021-06-17 15:15:49,S,1057.45,1,1
2021-06-17 15:15:49,S,1057.5,1,1
2021-06-17 15:15:49,B,1054.9,1,25
2021-06-17 15:15:49,B,1054.85,1,26
2021-06-17 15:15:49,B,1054.6,1,7
2021-06-17 15:15:49,B,1054.5,1,7
2021-06-17 15:15:49,B,1054.4,1,1
2021-06-17 15:15:52,S,1056.35,1,3
2021-06-17 15:15:52,S,1056.7,1,8
2021-06-17 15:15:52,S,1056.75,1,1
2021-06-17 15:15:52,S,1057.2,1,1
2021-06-17 15:15:52,S,1057.35,1,10
2021-06-17 15:15:52,B,1055.0,2,32
2021-06-17 15:15:52,B,1054.95,1,26
2021-06-17 15:15:52,B,1054.5,2,8
2021-06-17 15:15:52,B,1054.45,1,5
2021-06-17 15:15:52,B,1054.4,1,1
2021-06-17 15:15:55,S,1056.35,1,3
2021-06-17 15:15:55,S,1056.7,1,8
2021-06-17 15:15:55,S,1056.75,1,1
2021-06-17 15:15:55,S,1057.2,1,1
2021-06-17 15:15:55,S,1057.35,1,10
2021-06-17 15:15:55,B,1055.0,2,32
2021-06-17 15:15:55,B,1054.95,1,26
2021-06-17 15:15:55,B,1054.5,2,8
2021-06-17 15:15:55,B,1054.45,1,5
2021-06-17 15:15:55,B,1054.4,1,1
2021-06-17 15:15:56,S,1056.35,1,3
2021-06-17 15:15:56,S,1056.7,1,8
2021-06-17 15:15:56,S,1056.75,1,1
2021-06-17 15:15:56,S,1057.2,1,1
2021-06-17 15:15:56,S,1057.35,1,10
2021-06-17 15:15:56,B,1055.0,2,32
2021-06-17 15:15:56,B,1054.95,1,26
2021-06-17 15:15:56,B,1054.5,2,8
2021-06-17 15:15:56,B,1054.45,1,5
2021-06-17 15:15:56,B,1054.4,1,1
2021-06-17 15:15:58,S,1056.6,1,8
2021-06-17 15:15:58,S,1056.65,1,6
2021-06-17 15:15:58,S,1056.75,1,1
2021-06-17 15:15:58,S,1057.2,1,1
2021-06-17 15:15:58,S,1057.45,1,1
2021-06-17 15:15:58,B,1055.35,1,2
2021-06-17 15:15:58,B,1055.3,1,25
2021-06-17 15:15:58,B,1055.25,2,33
2021-06-17 15:15:58,B,1055.2,1,7
2021-06-17 15:15:58,B,1054.55,1,6
2021-06-17 15:16:01,S,1056.6,1,8
2021-06-17 15:16:01,S,1056.65,1,6
2021-06-17 15:16:01,S,1056.75,1,1
2021-06-17 15:16:01,S,1057.2,1,1
2021-06-17 15:16:01,S,1057.45,1,1
2021-06-17 15:16:01,B,1055.45,1,2
2021-06-17 15:16:01,B,1055.4,1,25
2021-06-17 15:16:01,B,1055.35,1,26
2021-06-17 15:16:01,B,1055.25,1,7
2021-06-17 15:16:01,B,1055.2,1,7
2021-06-17 15:16:03,S,1056.6,1,8
2021-06-17 15:16:03,S,1056.65,1,6
2021-06-17 15:16:03,S,1056.75,1,1
2021-06-17 15:16:03,S,1057.2,1,1
2021-06-17 15:16:03,S,1057.45,1,1
2021-06-17 15:16:03,B,1055.45,1,2
2021-06-17 15:16:03,B,1055.4,1,25
2021-06-17 15:16:03,B,1055.35,1,26
2021-06-17 15:16:03,B,1055.25,1,7
2021-06-17 15:16:03,B,1055.2,1,7
2021-06-17 15:16:04,S,1056.65,1,6
2021-06-17 15:16:04,S,1056.7,1,8
2021-06-17 15:16:04,S,1056.75,1,1
2021-06-17 15:16:04,S,1057.2,1,1
2021-06-17 15:16:04,S,1057.45,1,1
2021-06-17 15:16:04,B,1055.55,1,7
2021-06-17 15:16:04,B,1055.5,1,25
2021-06-17 15:16:04,B,1055.45,1,26
2021-06-17 15:16:04,B,1055.2,1,7
2021-06-17 15:16:04,B,1055.0,1,2
2021-06-17 15:16:06,S,1056.65,1,6
2021-06-17 15:16:06,S,1056.7,1,8
2021-06-17 15:16:06,S,1056.75,1,1
2021-06-17 15:16:06,S,1057.2,1,1
2021-06-17 15:16:06,S,1057.45,1,1
2021-06-17 15:16:06,B,1055.55,1,7
2021-06-17 15:16:06,B,1055.5,1,25
2021-06-17 15:16:06,B,1055.45,1,26
2021-06-17 15:16:06,B,1055.2,1,7
2021-06-17 15:16:06,B,1055.0,1,2
2021-06-17 15:16:07,S,1056.9,1,3
2021-06-17 15:16:07,S,1056.95,1,2
2021-06-17 15:16:07,S,1057.6,1,4
2021-06-17 15:16:07,S,1057.75,1,1
2021-06-17 15:16:07,S,1058.0,1,1
2021-06-17 15:16:07,B,1055.05,1,8
2021-06-17 15:16:07,B,1055.0,1,2
2021-06-17 15:16:07,B,1054.45,1,1
2021-06-17 15:16:07,B,1054.4,1,2
2021-06-17 15:16:07,B,1054.35,2,28
2021-06-17 15:16:10,S,1056.85,1,2
2021-06-17 15:16:10,S,1056.9,2,3
2021-06-17 15:16:10,S,1057.6,1,4
2021-06-17 15:16:10,S,1057.75,1,1
2021-06-17 15:16:10,S,1058.0,1,1
2021-06-17 15:16:10,B,1055.1,1,8
2021-06-17 15:16:10,B,1055.05,1,7
2021-06-17 15:16:10,B,1055.0,1,2
2021-06-17 15:16:10,B,1054.6,2,3
2021-06-17 15:16:10,B,1054.55,1,26
2021-06-17 15:16:12,S,1056.85,1,2
2021-06-17 15:16:12,S,1056.9,2,3
2021-06-17 15:16:12,S,1057.6,1,4
2021-06-17 15:16:12,S,1057.75,1,1
2021-06-17 15:16:12,S,1058.0,1,1
2021-06-17 15:16:12,B,1055.1,1,8
2021-06-17 15:16:12,B,1055.05,1,7
2021-06-17 15:16:12,B,1055.0,1,2
2021-06-17 15:16:12,B,1054.6,2,3
2021-06-17 15:16:12,B,1054.55,1,26
2021-06-17 15:16:13,S,1057.2,1,1
2021-06-17 15:16:13,S,1057.6,1,1
2021-06-17 15:16:13,S,1057.75,1,1
2021-06-17 15:16:13,S,1058.0,1,1
2021-06-17 15:16:13,S,1058.05,2,4
2021-06-17 15:16:13,B,1055.15,1,8
2021-06-17 15:16:13,B,1055.1,1,7
2021-06-17 15:16:13,B,1055.05,1,1
2021-06-17 15:16:13,B,1055.0,1,2
2021-06-17 15:16:13,B,1054.85,1,26
2021-06-17 15:16:15,S,1057.2,4,6
2021-06-17 15:16:15,S,1057.35,1,9
2021-06-17 15:16:15,S,1057.6,1,7
2021-06-17 15:16:15,S,1057.65,1,3
2021-06-17 15:16:15,S,1057.75,1,1
2021-06-17 15:16:15,B,1055.15,1,8
2021-06-17 15:16:15,B,1055.1,1,7
2021-06-17 15:16:15,B,1055.0,1,2
2021-06-17 15:16:15,B,1054.4,1,1
2021-06-17 15:16:15,B,1054.35,3,30
2021-06-17 15:16:18,S,1056.45,1,1
2021-06-17 15:16:18,S,1056.5,1,9
2021-06-17 15:16:18,S,1056.75,1,1
2021-06-17 15:16:18,S,1057.2,3,5
2021-06-17 15:16:18,S,1057.35,2,10
2021-06-17 15:16:18,B,1055.05,1,8
2021-06-17 15:16:18,B,1055.0,1,2
2021-06-17 15:16:18,B,1054.55,1,4
2021-06-17 15:16:18,B,1054.35,1,26
2021-06-17 15:16:18,B,1054.3,2,29
2021-06-17 15:16:24,S,1056.45,1,1
2021-06-17 15:16:24,S,1056.5,1,9
2021-06-17 15:16:24,S,1056.75,1,1
2021-06-17 15:16:24,S,1057.2,3,5
2021-06-17 15:16:24,S,1057.35,2,10
2021-06-17 15:16:24,B,1055.05,1,8
2021-06-17 15:16:24,B,1055.0,1,2
2021-06-17 15:16:24,B,1054.4,1,2
2021-06-17 15:16:24,B,1054.3,1,26
2021-06-17 15:16:24,B,1054.25,1,25
2021-06-17 15:16:29,S,1056.45,1,1
2021-06-17 15:16:29,S,1056.5,1,9
2021-06-17 15:16:29,S,1056.75,1,1
2021-06-17 15:16:29,S,1057.2,3,5
2021-06-17 15:16:29,S,1057.35,2,10
2021-06-17 15:16:29,B,1055.05,1,8
2021-06-17 15:16:29,B,1055.0,1,2
2021-06-17 15:16:29,B,1054.4,2,3
2021-06-17 15:16:29,B,1054.3,1,26
2021-06-17 15:16:29,B,1054.25,1,25
2021-06-17 15:16:43,S,1056.45,1,1
2021-06-17 15:16:43,S,1056.65,1,9
2021-06-17 15:16:43,S,1056.75,1,1
2021-06-17 15:16:43,S,1057.15,1,1
2021-06-17 15:16:43,S,1057.2,2,4
2021-06-17 15:16:43,B,1055.15,1,8
2021-06-17 15:16:43,B,1055.1,1,4
2021-06-17 15:16:43,B,1055.0,2,12
2021-06-17 15:16:43,B,1054.5,1,26
2021-06-17 15:16:43,B,1054.45,1,25
2021-06-17 15:16:46,S,1057.15,1,1
2021-06-17 15:16:46,S,1057.2,2,4
2021-06-17 15:16:46,S,1057.25,1,26
2021-06-17 15:16:46,S,1057.3,1,25
2021-06-17 15:16:46,S,1057.35,1,9
2021-06-17 15:16:46,B,1055.15,1,8
2021-06-17 15:16:46,B,1055.1,1,4
2021-06-17 15:16:46,B,1055.0,2,12
2021-06-17 15:16:46,B,1054.6,1,26
2021-06-17 15:16:46,B,1054.55,1,25
2021-06-17 15:16:48,S,1057.0,1,1
2021-06-17 15:16:48,S,1057.2,2,4
2021-06-17 15:16:48,S,1057.25,1,3
2021-06-17 15:16:48,S,1057.35,1,9
2021-06-17 15:16:48,S,1057.45,2,27
2021-06-17 15:16:48,B,1055.2,1,8
2021-06-17 15:16:48,B,1055.15,1,8
2021-06-17 15:16:48,B,1055.05,1,6
2021-06-17 15:16:48,B,1055.0,2,12
2021-06-17 15:16:48,B,1054.85,1,25
2021-06-17 15:16:51,S,1057.0,1,1
2021-06-17 15:16:51,S,1057.2,2,4
2021-06-17 15:16:51,S,1057.25,1,3
2021-06-17 15:16:51,S,1057.35,1,9
2021-06-17 15:16:51,S,1057.45,2,27
2021-06-17 15:16:51,B,1055.2,1,8
2021-06-17 15:16:51,B,1055.15,1,8
2021-06-17 15:16:51,B,1055.05,1,6
2021-06-17 15:16:51,B,1055.0,2,12
2021-06-17 15:16:51,B,1054.85,1,25
2021-06-17 15:16:54,S,1057.0,1,1
2021-06-17 15:16:54,S,1057.2,2,4
2021-06-17 15:16:54,S,1057.25,1,3
2021-06-17 15:16:54,S,1057.35,1,9
2021-06-17 15:16:54,S,1057.45,2,27
2021-06-17 15:16:54,B,1055.2,1,8
2021-06-17 15:16:54,B,1055.15,1,8
2021-06-17 15:16:54,B,1055.05,1,6
2021-06-17 15:16:54,B,1055.0,2,12
2021-06-17 15:16:54,B,1054.85,1,25
2021-06-17 15:16:54,S,1057.35,2,35
2021-06-17 15:16:54,S,1057.4,1,25
2021-06-17 15:16:54,S,1057.55,2,4
2021-06-17 15:16:54,S,1057.6,3,38
2021-06-17 15:16:54,S,1057.75,1,1
2021-06-17 15:16:54,B,1055.4,1,8
2021-06-17 15:16:54,B,1055.35,1,6
2021-06-17 15:16:54,B,1055.3,1,5
2021-06-17 15:16:54,B,1055.0,2,12
2021-06-17 15:16:54,B,1054.75,1,8
2021-06-17 15:16:57,S,1057.05,1,26
2021-06-17 15:16:57,S,1057.1,1,25
2021-06-17 15:16:57,S,1057.25,1,1
2021-06-17 15:16:57,S,1057.35,1,1
2021-06-17 15:16:57,S,1057.6,2,30
2021-06-17 15:16:57,B,1055.5,1,8
2021-06-17 15:16:57,B,1055.45,1,9
2021-06-17 15:16:57,B,1055.2,1,7
2021-06-17 15:16:57,B,1055.0,2,12
2021-06-17 15:16:57,B,1054.85,1,1
2021-06-17 15:17:00,S,1056.95,1,26
2021-06-17 15:17:00,S,1057.0,1,25
2021-06-17 15:17:00,S,1057.15,1,1
2021-06-17 15:17:00,S,1057.25,1,1
2021-06-17 15:17:00,S,1057.6,2,30
2021-06-17 15:17:00,B,1055.5,1,8
2021-06-17 15:17:00,B,1055.45,1,9
2021-06-17 15:17:00,B,1055.2,1,7
2021-06-17 15:17:00,B,1055.0,2,12
2021-06-17 15:17:00,B,1054.85,1,1
2021-06-17 15:17:03,S,1056.95,1,1
2021-06-17 15:17:03,S,1057.25,1,1
2021-06-17 15:17:03,S,1057.55,1,26
2021-06-17 15:17:03,S,1057.6,2,30
2021-06-17 15:17:03,S,1057.75,1,1
2021-06-17 15:17:03,B,1055.5,1,8
2021-06-17 15:17:03,B,1055.45,1,9
2021-06-17 15:17:03,B,1055.2,1,7
2021-06-17 15:17:03,B,1055.0,2,12
2021-06-17 15:17:03,B,1054.85,1,1
2021-06-17 15:17:15,S,1056.95,1,1
2021-06-17 15:17:15,S,1057.2,1,10
2021-06-17 15:17:15,S,1057.25,1,1
2021-06-17 15:17:15,S,1057.55,1,26
2021-06-17 15:17:15,S,1057.6,1,20
2021-06-17 15:17:15,B,1055.5,1,8
2021-06-17 15:17:15,B,1055.45,1,9
2021-06-17 15:17:15,B,1055.2,1,7
2021-06-17 15:17:15,B,1055.0,2,12
2021-06-17 15:17:15,B,1054.85,1,1
2021-06-17 15:17:20,S,1056.95,1,1
2021-06-17 15:17:20,S,1057.2,1,10
2021-06-17 15:17:20,S,1057.25,1,1
2021-06-17 15:17:20,S,1057.55,1,26
2021-06-17 15:17:20,S,1057.6,1,20
2021-06-17 15:17:20,B,1055.5,1,8
2021-06-17 15:17:20,B,1055.45,1,9
2021-06-17 15:17:20,B,1055.2,1,7
2021-06-17 15:17:20,B,1055.0,2,12
2021-06-17 15:17:20,B,1054.85,1,1
2021-06-17 15:17:26,S,1056.95,1,1
2021-06-17 15:17:26,S,1057.2,1,10
2021-06-17 15:17:26,S,1057.25,1,1
2021-06-17 15:17:26,S,1057.35,1,26
2021-06-17 15:17:26,S,1057.4,1,25
2021-06-17 15:17:26,B,1055.5,1,8
2021-06-17 15:17:26,B,1055.45,1,9
2021-06-17 15:17:26,B,1055.2,1,3
2021-06-17 15:17:26,B,1055.0,2,12
2021-06-17 15:17:26,B,1054.85,1,1
2021-06-17 15:17:28,S,1056.95,2,10
2021-06-17 15:17:28,S,1057.05,1,3
2021-06-17 15:17:28,S,1057.15,1,26
2021-06-17 15:17:28,S,1057.2,2,35
2021-06-17 15:17:28,S,1057.25,1,1
2021-06-17 15:17:28,B,1055.1,1,8
2021-06-17 15:17:28,B,1055.05,1,5
2021-06-17 15:17:28,B,1055.0,2,12
2021-06-17 15:17:28,B,1054.4,1,26
2021-06-17 15:17:28,B,1054.35,4,34
2021-06-17 15:17:30,S,1056.95,2,10
2021-06-17 15:17:30,S,1057.05,1,3
2021-06-17 15:17:30,S,1057.15,1,26
2021-06-17 15:17:30,S,1057.2,2,35
2021-06-17 15:17:30,S,1057.25,1,1
2021-06-17 15:17:30,B,1055.1,1,8
2021-06-17 15:17:30,B,1055.05,1,5
2021-06-17 15:17:30,B,1055.0,2,12
2021-06-17 15:17:30,B,1054.4,1,26
2021-06-17 15:17:30,B,1054.35,4,34
2021-06-17 15:17:31,S,1056.6,1,1
2021-06-17 15:17:31,S,1056.65,2,11
2021-06-17 15:17:31,S,1056.95,1,1
2021-06-17 15:17:31,S,1057.2,1,10
2021-06-17 15:17:31,S,1057.25,1,1
2021-06-17 15:17:31,B,1055.1,1,8
2021-06-17 15:17:31,B,1055.05,1,5
2021-06-17 15:17:31,B,1055.0,2,12
2021-06-17 15:17:31,B,1054.5,1,26
2021-06-17 15:17:31,B,1054.45,1,25
2021-06-17 15:17:34,S,1056.6,2,2
2021-06-17 15:17:34,S,1056.65,1,1
2021-06-17 15:17:34,S,1057.2,1,10
2021-06-17 15:17:34,S,1057.25,1,1
2021-06-17 15:17:34,S,1057.35,2,10
2021-06-17 15:17:34,B,1055.1,2,10
2021-06-17 15:17:34,B,1055.05,1,5
2021-06-17 15:17:34,B,1055.0,2,12
2021-06-17 15:17:34,B,1054.6,1,26
2021-06-17 15:17:34,B,1054.55,1,25
2021-06-17 15:17:41,S,1056.6,2,2
2021-06-17 15:17:41,S,1056.65,1,1
2021-06-17 15:17:41,S,1056.7,1,9
2021-06-17 15:17:41,S,1057.2,1,10
2021-06-17 15:17:41,S,1057.25,1,1
2021-06-17 15:17:41,B,1055.1,1,8
2021-06-17 15:17:41,B,1055.05,1,5
2021-06-17 15:17:41,B,1055.0,2,12
2021-06-17 15:17:41,B,1054.7,1,26
2021-06-17 15:17:41,B,1054.65,1,25
2021-06-17 15:17:44,S,1056.6,2,2
2021-06-17 15:17:44,S,1056.65,1,1
2021-06-17 15:17:44,S,1056.8,1,10
2021-06-17 15:17:44,S,1057.2,1,10
2021-06-17 15:17:44,S,1057.25,2,27
2021-06-17 15:17:44,B,1055.1,1,8
2021-06-17 15:17:44,B,1055.05,1,5
2021-06-17 15:17:44,B,1055.0,2,12
2021-06-17 15:17:44,B,1054.75,1,25
2021-06-17 15:17:44,B,1054.7,1,26
2021-06-17 15:17:49,S,1056.6,2,2
2021-06-17 15:17:49,S,1056.65,1,1
2021-06-17 15:17:49,S,1056.8,1,10
2021-06-17 15:17:49,S,1057.2,1,10
2021-06-17 15:17:49,S,1057.25,2,27
2021-06-17 15:17:49,B,1055.1,1,8
2021-06-17 15:17:49,B,1055.05,1,5
2021-06-17 15:17:49,B,1055.0,2,12
2021-06-17 15:17:49,B,1054.75,1,25
2021-06-17 15:17:49,B,1054.7,1,26
2021-06-17 15:17:51,S,1056.6,2,2
2021-06-17 15:17:51,S,1056.65,1,1
2021-06-17 15:17:51,S,1056.8,1,10
2021-06-17 15:17:51,S,1057.15,2,51
2021-06-17 15:17:51,S,1057.2,2,13
2021-06-17 15:17:51,B,1055.05,1,8
2021-06-17 15:17:51,B,1055.0,2,12
2021-06-17 15:17:51,B,1054.8,1,3
2021-06-17 15:17:51,B,1054.35,1,26
2021-06-17 15:17:51,B,1054.3,3,29
2021-06-17 15:17:54,S,1056.6,2,2
2021-06-17 15:17:54,S,1056.65,1,1
2021-06-17 15:17:54,S,1056.8,1,10
2021-06-17 15:17:54,S,1057.15,2,51
2021-06-17 15:17:54,S,1057.2,2,13
2021-06-17 15:17:54,B,1055.15,1,8
2021-06-17 15:17:54,B,1055.1,1,20
2021-06-17 15:17:54,B,1055.0,2,12
2021-06-17 15:17:54,B,1054.8,1,3
2021-06-17 15:17:54,B,1054.45,1,26
2021-06-17 15:17:57,S,1056.6,2,2
2021-06-17 15:17:57,S,1056.65,1,1
2021-06-17 15:17:57,S,1057.15,2,51
2021-06-17 15:17:57,S,1057.2,1,10
2021-06-17 15:17:57,S,1057.25,1,1
2021-06-17 15:17:57,B,1055.25,1,8
2021-06-17 15:17:57,B,1055.2,1,8
2021-06-17 15:17:57,B,1055.15,1,26
2021-06-17 15:17:57,B,1055.1,2,35
2021-06-17 15:17:57,B,1055.05,1,25
2021-06-17 15:18:05,S,1056.6,1,1
2021-06-17 15:18:05,S,1056.65,1,1
2021-06-17 15:18:05,S,1057.15,1,1
2021-06-17 15:18:05,S,1057.2,1,10
2021-06-17 15:18:05,S,1057.25,1,1
2021-06-17 15:18:05,B,1055.35,2,16
2021-06-17 15:18:05,B,1055.25,1,8
2021-06-17 15:18:05,B,1055.15,1,26
2021-06-17 15:18:05,B,1055.1,2,35
2021-06-17 15:18:05,B,1055.0,3,62
2021-06-17 15:18:07,S,1056.6,1,1
2021-06-17 15:18:07,S,1056.65,1,1
2021-06-17 15:18:07,S,1057.15,1,1
2021-06-17 15:18:07,S,1057.2,1,10
2021-06-17 15:18:07,S,1057.25,1,1
2021-06-17 15:18:07,B,1055.35,2,16
2021-06-17 15:18:07,B,1055.25,1,8
2021-06-17 15:18:07,B,1055.15,1,26
2021-06-17 15:18:07,B,1055.1,2,35
2021-06-17 15:18:07,B,1055.0,3,62
2021-06-17 15:18:18,S,1056.6,1,1
2021-06-17 15:18:18,S,1056.65,1,1
2021-06-17 15:18:18,S,1057.15,2,2
2021-06-17 15:18:18,S,1057.2,1,10
2021-06-17 15:18:18,S,1057.25,1,1
2021-06-17 15:18:18,B,1055.55,2,13
2021-06-17 15:18:18,B,1055.5,1,5
2021-06-17 15:18:18,B,1055.4,2,51
2021-06-17 15:18:18,B,1055.1,2,35
2021-06-17 15:18:18,B,1055.0,3,62
2021-06-17 15:18:23,S,1056.6,2,9
2021-06-17 15:18:23,S,1056.65,1,1
2021-06-17 15:18:23,S,1057.1,1,9
2021-06-17 15:18:23,S,1057.15,1,1
2021-06-17 15:18:23,S,1057.2,1,10
2021-06-17 15:18:23,B,1055.7,1,7
2021-06-17 15:18:23,B,1055.65,1,2
2021-06-17 15:18:23,B,1055.15,1,26
2021-06-17 15:18:23,B,1055.1,3,37
2021-06-17 15:18:23,B,1055.0,3,62
2021-06-17 15:18:26,S,1056.6,2,9
2021-06-17 15:18:26,S,1056.65,1,1
2021-06-17 15:18:26,S,1057.1,1,9
2021-06-17 15:18:26,S,1057.15,1,1
2021-06-17 15:18:26,S,1057.2,1,10
2021-06-17 15:18:26,B,1055.7,1,7
2021-06-17 15:18:26,B,1055.65,1,2
2021-06-17 15:18:26,B,1055.2,1,25
2021-06-17 15:18:26,B,1055.15,1,26
2021-06-17 15:18:26,B,1055.1,3,37
2021-06-17 15:18:29,S,1056.5,1,8
2021-06-17 15:18:29,S,1056.55,1,10
2021-06-17 15:18:29,S,1056.6,1,1
2021-06-17 15:18:29,S,1056.65,1,1
2021-06-17 15:18:29,S,1057.15,1,1
2021-06-17 15:18:29,B,1055.25,1,8
2021-06-17 15:18:29,B,1055.15,1,26
2021-06-17 15:18:29,B,1055.1,3,37
2021-06-17 15:18:29,B,1055.0,4,72
2021-06-17 15:18:29,B,1054.8,1,99
2021-06-17 15:18:30,S,1056.5,1,8
2021-06-17 15:18:30,S,1056.55,1,10
2021-06-17 15:18:30,S,1056.6,1,1
2021-06-17 15:18:30,S,1056.65,1,1
2021-06-17 15:18:30,S,1057.15,1,1
2021-06-17 15:18:30,B,1055.25,1,8
2021-06-17 15:18:30,B,1055.15,1,26
2021-06-17 15:18:30,B,1055.1,3,37
2021-06-17 15:18:30,B,1055.0,4,72
2021-06-17 15:18:30,B,1054.8,1,99
2021-06-17 15:18:32,S,1055.7,2,16
2021-06-17 15:18:32,S,1056.5,1,8
2021-06-17 15:18:32,S,1056.55,1,10
2021-06-17 15:18:32,S,1056.65,1,1
2021-06-17 15:18:32,S,1057.05,1,25
2021-06-17 15:18:32,B,1055.2,1,10
2021-06-17 15:18:32,B,1055.15,1,26
2021-06-17 15:18:32,B,1055.1,3,37
2021-06-17 15:18:32,B,1055.0,4,72
2021-06-17 15:18:32,B,1054.8,1,99
2021-06-17 15:18:34,S,1055.7,2,16
2021-06-17 15:18:34,S,1056.5,1,8
2021-06-17 15:18:34,S,1056.55,1,10
2021-06-17 15:18:34,S,1056.65,1,1
2021-06-17 15:18:34,S,1057.05,1,25
2021-06-17 15:18:34,B,1055.2,1,10
2021-06-17 15:18:34,B,1055.15,1,26
2021-06-17 15:18:34,B,1055.1,3,37
2021-06-17 15:18:34,B,1055.0,4,72
2021-06-17 15:18:34,B,1054.8,1,99
2021-06-17 15:18:35,S,1055.7,1,1
2021-06-17 15:18:35,S,1056.3,1,8
2021-06-17 15:18:35,S,1056.35,2,11
2021-06-17 15:18:35,S,1056.4,1,1
2021-06-17 15:18:35,S,1056.45,1,1
2021-06-17 15:18:35,B,1055.2,2,17
2021-06-17 15:18:35,B,1055.15,1,26
2021-06-17 15:18:35,B,1055.1,2,35
2021-06-17 15:18:35,B,1055.0,4,72
2021-06-17 15:18:35,B,1054.8,1,99
2021-06-17 15:18:37,S,1055.7,1,1
2021-06-17 15:18:37,S,1056.6,1,8
2021-06-17 15:18:37,S,1056.65,2,2
2021-06-17 15:18:37,S,1057.15,1,7
2021-06-17 15:18:37,S,1057.2,1,10
2021-06-17 15:18:37,B,1055.2,1,7
2021-06-17 15:18:37,B,1055.15,1,26
2021-06-17 15:18:37,B,1055.1,2,35
2021-06-17 15:18:37,B,1055.0,4,72
2021-06-17 15:18:37,B,1054.8,2,106
2021-06-17 15:18:43,S,1055.7,1,1
2021-06-17 15:18:43,S,1056.2,1,1
2021-06-17 15:18:43,S,1056.45,1,8
2021-06-17 15:18:43,S,1056.5,1,9
2021-06-17 15:18:43,S,1056.65,2,2
2021-06-17 15:18:43,B,1055.2,1,7
2021-06-17 15:18:43,B,1055.15,1,26
2021-06-17 15:18:43,B,1055.1,2,35
2021-06-17 15:18:43,B,1055.0,4,72
2021-06-17 15:18:43,B,1054.8,2,106
2021-06-17 15:18:43,S,1055.7,1,1
2021-06-17 15:18:43,S,1056.2,1,1
2021-06-17 15:18:43,S,1056.45,1,8
2021-06-17 15:18:43,S,1056.5,1,9
2021-06-17 15:18:43,S,1056.65,2,2
2021-06-17 15:18:43,B,1055.2,1,7
2021-06-17 15:18:43,B,1055.15,1,26
2021-06-17 15:18:43,B,1055.1,2,35
2021-06-17 15:18:43,B,1055.0,4,72
2021-06-17 15:18:43,B,1054.8,2,106
2021-06-17 15:18:45,S,1057.1,1,8
2021-06-17 15:18:45,S,1057.15,1,10
2021-06-17 15:18:45,S,1057.3,1,6
2021-06-17 15:18:45,S,1057.35,1,9
2021-06-17 15:18:45,S,1057.5,1,7
2021-06-17 15:18:45,B,1055.65,1,2
2021-06-17 15:18:45,B,1055.15,1,26
2021-06-17 15:18:45,B,1055.1,2,35
2021-06-17 15:18:45,B,1055.0,4,72
2021-06-17 15:18:45,B,1054.85,1,5
2021-06-17 15:18:52,S,1057.05,1,16
2021-06-17 15:18:52,S,1057.1,1,1
2021-06-17 15:18:52,S,1057.3,1,4
2021-06-17 15:18:52,S,1057.35,1,1
2021-06-17 15:18:52,S,1057.4,1,3
2021-06-17 15:18:52,B,1055.7,2,17
2021-06-17 15:18:52,B,1055.65,1,2
2021-06-17 15:18:52,B,1055.1,2,35
2021-06-17 15:18:52,B,1055.0,4,72
2021-06-17 15:18:52,B,1054.85,1,5
2021-06-17 15:19:09,S,1057.05,1,16
2021-06-17 15:19:09,S,1057.1,1,1
2021-06-17 15:19:09,S,1057.3,1,4
2021-06-17 15:19:09,S,1057.35,1,1
2021-06-17 15:19:09,S,1057.4,1,3
2021-06-17 15:19:09,B,1055.7,2,17
2021-06-17 15:19:09,B,1055.65,1,2
2021-06-17 15:19:09,B,1055.1,2,35
2021-06-17 15:19:09,B,1055.0,4,72
2021-06-17 15:19:09,B,1054.85,1,5
2021-06-17 15:19:11,S,1057.0,1,16
2021-06-17 15:19:11,S,1057.05,1,3
2021-06-17 15:19:11,S,1057.1,1,1
2021-06-17 15:19:11,S,1057.3,1,4
2021-06-17 15:19:11,S,1057.35,1,1
2021-06-17 15:19:11,B,1055.2,1,8
2021-06-17 15:19:11,B,1055.1,2,35
2021-06-17 15:19:11,B,1055.0,3,62
2021-06-17 15:19:11,B,1054.85,1,5
2021-06-17 15:19:11,B,1054.8,1,99
2021-06-17 15:19:13,S,1056.35,1,9
2021-06-17 15:19:13,S,1056.6,1,16
2021-06-17 15:19:13,S,1056.65,1,1
2021-06-17 15:19:13,S,1057.05,1,3
2021-06-17 15:19:13,S,1057.1,1,1
2021-06-17 15:19:13,B,1055.2,1,8
2021-06-17 15:19:13,B,1055.15,2,51
2021-06-17 15:19:13,B,1055.1,2,35
2021-06-17 15:19:13,B,1055.0,3,62
2021-06-17 15:19:13,B,1054.85,1,5
2021-06-17 15:19:15,S,1056.35,1,9
2021-06-17 15:19:15,S,1056.6,1,16
2021-06-17 15:19:15,S,1056.65,1,1
2021-06-17 15:19:15,S,1057.05,1,3
2021-06-17 15:19:15,S,1057.1,1,1
2021-06-17 15:19:15,B,1055.2,1,8
2021-06-17 15:19:15,B,1055.15,2,51
2021-06-17 15:19:15,B,1055.1,2,35
2021-06-17 15:19:15,B,1055.0,3,62
2021-06-17 15:19:15,B,1054.85,1,5
2021-06-17 15:19:15,S,1056.35,1,9
2021-06-17 15:19:15,S,1056.6,1,16
2021-06-17 15:19:15,S,1056.65,1,1
2021-06-17 15:19:15,S,1057.05,1,3
2021-06-17 15:19:15,S,1057.1,1,1
2021-06-17 15:19:15,B,1055.2,1,8
2021-06-17 15:19:15,B,1055.15,2,51
2021-06-17 15:19:15,B,1055.1,2,35
2021-06-17 15:19:15,B,1055.0,3,62
2021-06-17 15:19:15,B,1054.85,1,5
2021-06-17 15:19:16,S,1057.2,1,7
2021-06-17 15:19:16,S,1058.0,1,26
2021-06-17 15:19:16,S,1058.05,1,13
2021-06-17 15:19:16,S,1058.2,1,10
2021-06-17 15:19:16,S,1058.25,1,1
2021-06-17 15:19:16,B,1055.5,1,16
2021-06-17 15:19:16,B,1055.45,1,25
2021-06-17 15:19:16,B,1055.35,1,1
2021-06-17 15:19:16,B,1055.2,1,1
2021-06-17 15:19:16,B,1055.1,2,35
2021-06-17 15:19:21,S,1057.2,1,7
2021-06-17 15:19:21,S,1058.0,1,26
2021-06-17 15:19:21,S,1058.05,1,13
2021-06-17 15:19:21,S,1058.2,1,10
2021-06-17 15:19:21,S,1058.25,1,1
2021-06-17 15:19:21,B,1055.5,1,16
2021-06-17 15:19:21,B,1055.45,1,25
2021-06-17 15:19:21,B,1055.35,1,1
2021-06-17 15:19:21,B,1055.2,1,1
2021-06-17 15:19:21,B,1055.1,2,35
2021-06-17 15:19:21,S,1057.1,1,16
2021-06-17 15:19:21,S,1057.15,1,26
2021-06-17 15:19:21,S,1057.25,1,1
2021-06-17 15:19:21,S,1057.35,1,9
2021-06-17 15:19:21,S,1057.55,2,19
2021-06-17 15:19:21,B,1055.25,1,16
2021-06-17 15:19:21,B,1055.2,1,1
2021-06-17 15:19:21,B,1055.15,1,25
2021-06-17 15:19:21,B,1055.1,2,35
2021-06-17 15:19:21,B,1055.05,1,7
2021-06-17 15:19:24,S,1056.65,2,2
2021-06-17 15:19:24,S,1057.2,1,16
2021-06-17 15:19:24,S,1057.25,1,1
2021-06-17 15:19:24,S,1057.35,1,9
2021-06-17 15:19:24,S,1057.55,1,7
2021-06-17 15:19:24,B,1055.55,1,16
2021-06-17 15:19:24,B,1055.5,1,25
2021-06-17 15:19:24,B,1055.45,1,1
2021-06-17 15:19:24,B,1055.15,1,26
2021-06-17 15:19:24,B,1055.1,2,35
2021-06-17 15:19:27,S,1056.5,1,16
2021-06-17 15:19:27,S,1056.55,2,27
2021-06-17 15:19:27,S,1056.65,3,5
2021-06-17 15:19:27,S,1057.25,2,8
2021-06-17 15:19:27,S,1057.35,1,9
2021-06-17 15:19:27,B,1055.15,1,15
2021-06-17 15:19:27,B,1055.1,2,35
2021-06-17 15:19:27,B,1055.0,4,102
2021-06-17 15:19:27,B,1054.85,1,10
2021-06-17 15:19:27,B,1054.8,1,99
2021-06-17 15:19:30,S,1056.6,1,16
2021-06-17 15:19:30,S,1056.65,3,5
2021-06-17 15:19:30,S,1057.25,2,9
2021-06-17 15:19:30,S,1057.35,1,9
2021-06-17 15:19:30,S,1057.6,1,1
2021-06-17 15:19:30,B,1055.15,1,15
2021-06-17 15:19:30,B,1055.1,2,35
2021-06-17 15:19:30,B,1055.0,4,102
2021-06-17 15:19:30,B,1054.8,1,99
2021-06-17 15:19:30,B,1054.35,1,8
2021-06-17 15:19:32,S,1056.6,1,3
2021-06-17 15:19:32,S,1056.65,3,5
2021-06-17 15:19:32,S,1056.9,2,17
2021-06-17 15:19:32,S,1056.95,1,26
2021-06-17 15:19:32,S,1057.0,1,1
2021-06-17 15:19:32,B,1055.7,1,15
2021-06-17 15:19:32,B,1055.65,1,25
2021-06-17 15:19:32,B,1055.55,1,40
2021-06-17 15:19:32,B,1055.15,1,10
2021-06-17 15:19:32,B,1055.1,2,35
2021-06-17 15:19:39,S,1056.6,1,3
2021-06-17 15:19:39,S,1056.65,3,5
2021-06-17 15:19:39,S,1056.9,2,17
2021-06-17 15:19:39,S,1056.95,1,26
2021-06-17 15:19:39,S,1057.0,1,1
2021-06-17 15:19:39,B,1055.7,1,15
2021-06-17 15:19:39,B,1055.65,1,25
2021-06-17 15:19:39,B,1055.55,1,40
2021-06-17 15:19:39,B,1055.15,1,10
2021-06-17 15:19:39,B,1055.1,2,35
2021-06-17 15:19:40,S,1056.6,1,3
2021-06-17 15:19:40,S,1056.65,3,5
2021-06-17 15:19:40,S,1056.9,2,17
2021-06-17 15:19:40,S,1056.95,1,26
2021-06-17 15:19:40,S,1057.0,1,1
2021-06-17 15:19:40,B,1055.7,1,15
2021-06-17 15:19:40,B,1055.65,1,25
2021-06-17 15:19:40,B,1055.55,1,40
2021-06-17 15:19:40,B,1055.15,1,10
2021-06-17 15:19:40,B,1055.1,2,35
2021-06-17 15:19:42,S,1056.85,2,26
2021-06-17 15:19:42,S,1056.9,2,51
2021-06-17 15:19:42,S,1057.25,2,2
2021-06-17 15:19:42,S,1057.6,1,1
2021-06-17 15:19:42,S,1058.0,1,424
2021-06-17 15:19:42,B,1055.55,1,1
2021-06-17 15:19:42,B,1055.1,2,35
2021-06-17 15:19:42,B,1055.0,2,12
2021-06-17 15:19:42,B,1054.85,1,26
2021-06-17 15:19:42,B,1054.8,1,99
2021-06-17 15:19:45,S,1056.35,1,1
2021-06-17 15:19:45,S,1056.7,1,16
2021-06-17 15:19:45,S,1056.75,1,1
2021-06-17 15:19:45,S,1056.8,2,2
2021-06-17 15:19:45,S,1057.25,3,8
2021-06-17 15:19:45,B,1055.55,1,1
2021-06-17 15:19:45,B,1055.1,2,35
2021-06-17 15:19:45,B,1055.0,2,12
2021-06-17 15:19:45,B,1054.85,1,26
2021-06-17 15:19:45,B,1054.8,1,99
2021-06-17 15:19:46,S,1056.35,1,1
2021-06-17 15:19:46,S,1056.7,1,16
2021-06-17 15:19:46,S,1056.75,1,1
2021-06-17 15:19:46,S,1056.8,2,2
2021-06-17 15:19:46,S,1057.25,3,8
2021-06-17 15:19:46,B,1055.55,1,1
2021-06-17 15:19:46,B,1055.1,2,35
2021-06-17 15:19:46,B,1055.0,2,12
2021-06-17 15:19:46,B,1054.85,1,26
2021-06-17 15:19:46,B,1054.8,1,99
2021-06-17 15:19:47,S,1055.65,1,10
2021-06-17 15:19:47,S,1055.7,1,100
2021-06-17 15:19:47,S,1055.8,2,17
2021-06-17 15:19:47,S,1055.85,1,1
2021-06-17 15:19:47,S,1056.25,1,1
2021-06-17 15:19:47,B,1055.1,2,35
2021-06-17 15:19:47,B,1055.0,2,12
2021-06-17 15:19:47,B,1054.8,1,99
2021-06-17 15:19:47,B,1054.3,2,39
2021-06-17 15:19:47,B,1054.25,1,25
2021-06-17 15:19:55,S,1055.65,1,10
2021-06-17 15:19:55,S,1055.7,1,100
2021-06-17 15:19:55,S,1055.8,2,17
2021-06-17 15:19:55,S,1055.85,1,1
2021-06-17 15:19:55,S,1056.15,1,1
2021-06-17 15:19:55,B,1055.1,2,35
2021-06-17 15:19:55,B,1055.0,3,27
2021-06-17 15:19:55,B,1054.8,1,99
2021-06-17 15:19:55,B,1054.3,2,39
2021-06-17 15:19:55,B,1054.25,1,25
2021-06-17 15:19:57,S,1055.65,1,10
2021-06-17 15:19:57,S,1055.7,1,100
2021-06-17 15:19:57,S,1055.8,2,17
2021-06-17 15:19:57,S,1055.85,1,1
2021-06-17 15:19:57,S,1056.15,1,1
2021-06-17 15:19:57,B,1055.1,2,35
2021-06-17 15:19:57,B,1055.0,3,27
2021-06-17 15:19:57,B,1054.8,1,99
2021-06-17 15:19:57,B,1054.3,2,39
2021-06-17 15:19:57,B,1054.25,1,25
2021-06-17 15:20:00,S,1055.65,1,10
2021-06-17 15:20:00,S,1055.7,1,100
2021-06-17 15:20:00,S,1055.8,2,17
2021-06-17 15:20:00,S,1055.85,1,1
2021-06-17 15:20:00,S,1056.15,1,1
2021-06-17 15:20:00,B,1055.1,2,35
2021-06-17 15:20:00,B,1055.0,3,27
2021-06-17 15:20:00,B,1054.8,1,99
2021-06-17 15:20:00,B,1054.3,2,39
2021-06-17 15:20:00,B,1054.25,1,25
2021-06-17 15:20:03,S,1055.65,3,22
2021-06-17 15:20:03,S,1055.7,1,100
2021-06-17 15:20:03,S,1056.1,1,16
2021-06-17 15:20:03,S,1056.15,1,1
2021-06-17 15:20:03,S,1056.25,1,26
2021-06-17 15:20:03,B,1055.0,4,44
2021-06-17 15:20:03,B,1054.8,1,99
2021-06-17 15:20:03,B,1054.3,1,26
2021-06-17 15:20:03,B,1054.25,1,25
2021-06-17 15:20:03,B,1054.05,1,24
2021-06-17 15:20:10,S,1055.55,2,51
2021-06-17 15:20:10,S,1055.6,4,107
2021-06-17 15:20:10,S,1055.65,1,11
2021-06-17 15:20:10,S,1055.7,1,100
2021-06-17 15:20:10,S,1056.15,1,1
2021-06-17 15:20:10,B,1055.0,4,44
2021-06-17 15:20:10,B,1054.8,1,99
2021-06-17 15:20:10,B,1054.3,1,26
2021-06-17 15:20:10,B,1054.25,1,25
2021-06-17 15:20:10,B,1054.0,1,3
2021-06-17 15:20:14,S,1055.55,2,3
2021-06-17 15:20:14,S,1055.6,2,89
2021-06-17 15:20:14,S,1055.65,1,16
2021-06-17 15:20:14,S,1055.7,1,100
2021-06-17 15:20:14,S,1056.15,1,1
2021-06-17 15:20:14,B,1055.0,4,44
2021-06-17 15:20:14,B,1054.8,1,99
2021-06-17 15:20:14,B,1054.3,1,26
2021-06-17 15:20:14,B,1054.25,1,25
2021-06-17 15:20:14,B,1054.0,1,3
2021-06-17 15:20:18,S,1055.5,2,16
2021-06-17 15:20:18,S,1055.55,2,5
2021-06-17 15:20:18,S,1055.6,1,29
2021-06-17 15:20:18,S,1055.7,1,100
2021-06-17 15:20:18,S,1056.25,1,16
2021-06-17 15:20:18,B,1055.0,4,44
2021-06-17 15:20:18,B,1054.8,1,99
2021-06-17 15:20:18,B,1054.3,1,26
2021-06-17 15:20:18,B,1054.25,1,25
2021-06-17 15:20:18,B,1054.0,1,3
2021-06-17 15:20:21,S,1055.5,3,18
2021-06-17 15:20:21,S,1055.55,1,3
2021-06-17 15:20:21,S,1055.6,1,29
2021-06-17 15:20:21,S,1055.7,1,100
2021-06-17 15:20:21,S,1056.15,1,16
2021-06-17 15:20:21,B,1055.0,4,44
2021-06-17 15:20:21,B,1054.8,1,99
2021-06-17 15:20:21,B,1054.3,1,26
2021-06-17 15:20:21,B,1054.25,1,25
2021-06-17 15:20:21,B,1054.0,1,3
2021-06-17 15:20:24,S,1055.5,3,18
2021-06-17 15:20:24,S,1055.55,1,3
2021-06-17 15:20:24,S,1055.6,1,29
2021-06-17 15:20:24,S,1055.7,1,100
2021-06-17 15:20:24,S,1056.15,1,16
2021-06-17 15:20:24,B,1055.0,4,44
2021-06-17 15:20:24,B,1054.8,1,99
2021-06-17 15:20:24,B,1054.3,1,26
2021-06-17 15:20:24,B,1054.25,1,25
2021-06-17 15:20:24,B,1054.0,1,3
2021-06-17 15:20:25,S,1055.45,3,17
2021-06-17 15:20:25,S,1055.5,1,3
2021-06-17 15:20:25,S,1055.6,1,29
2021-06-17 15:20:25,S,1055.7,1,100
2021-06-17 15:20:25,S,1055.95,1,16
2021-06-17 15:20:25,B,1055.1,2,18
2021-06-17 15:20:25,B,1055.0,3,27
2021-06-17 15:20:25,B,1054.8,1,99
2021-06-17 15:20:25,B,1054.3,1,26
2021-06-17 15:20:25,B,1054.25,1,25
2021-06-17 15:20:28,S,1055.4,3,27
2021-06-17 15:20:28,S,1055.45,1,2
2021-06-17 15:20:28,S,1055.7,1,100
2021-06-17 15:20:28,S,1055.85,2,41
2021-06-17 15:20:28,S,1055.95,1,18
2021-06-17 15:20:28,B,1055.1,2,18
2021-06-17 15:20:28,B,1055.0,4,52
2021-06-17 15:20:28,B,1054.8,1,99
2021-06-17 15:20:28,B,1054.3,1,26
2021-06-17 15:20:28,B,1054.25,1,25
2021-06-17 15:20:32,S,1055.4,4,29
2021-06-17 15:20:32,S,1055.7,1,100
2021-06-17 15:20:32,S,1055.85,2,41
2021-06-17 15:20:32,S,1055.95,1,18
2021-06-17 15:20:32,S,1056.45,2,928
2021-06-17 15:20:32,B,1055.1,2,18
2021-06-17 15:20:32,B,1055.0,4,52
2021-06-17 15:20:32,B,1054.8,1,99
2021-06-17 15:20:32,B,1054.3,1,26
2021-06-17 15:20:32,B,1054.25,1,25
2021-06-17 15:20:35,S,1055.4,4,29
2021-06-17 15:20:35,S,1055.7,1,100
2021-06-17 15:20:35,S,1055.85,2,41
2021-06-17 15:20:35,S,1055.95,1,18
2021-06-17 15:20:35,S,1056.4,1,26
2021-06-17 15:20:35,B,1055.1,2,31
2021-06-17 15:20:35,B,1055.0,5,62
2021-06-17 15:20:35,B,1054.8,1,99
2021-06-17 15:20:35,B,1054.3,1,26
2021-06-17 15:20:35,B,1054.25,1,25
2021-06-17 15:20:42,S,1055.4,4,29
2021-06-17 15:20:42,S,1055.7,1,100
2021-06-17 15:20:42,S,1055.85,2,41
2021-06-17 15:20:42,S,1055.95,1,18
2021-06-17 15:20:42,S,1056.4,1,26
2021-06-17 15:20:42,B,1055.1,2,31
2021-06-17 15:20:42,B,1055.0,5,62
2021-06-17 15:20:42,B,1054.8,1,99
2021-06-17 15:20:42,B,1054.3,1,26
2021-06-17 15:20:42,B,1054.25,1,25
2021-06-17 15:20:45,S,1055.4,4,29
2021-06-17 15:20:45,S,1055.7,1,100
2021-06-17 15:20:45,S,1055.85,2,41
2021-06-17 15:20:45,S,1055.95,1,18
2021-06-17 15:20:45,S,1056.4,1,26
2021-06-17 15:20:45,B,1055.1,2,31
2021-06-17 15:20:45,B,1055.0,5,62
2021-06-17 15:20:45,B,1054.8,1,99
2021-06-17 15:20:45,B,1054.3,1,26
2021-06-17 15:20:45,B,1054.25,1,25
2021-06-17 15:20:47,S,1055.4,4,29
2021-06-17 15:20:47,S,1055.7,1,100
2021-06-17 15:20:47,S,1055.85,2,41
2021-06-17 15:20:47,S,1055.95,1,18
2021-06-17 15:20:47,S,1056.4,1,26
2021-06-17 15:20:47,B,1055.1,2,31
2021-06-17 15:20:47,B,1055.0,5,62
2021-06-17 15:20:47,B,1054.8,1,99
2021-06-17 15:20:47,B,1054.3,1,26
2021-06-17 15:20:47,B,1054.25,1,25
2021-06-17 15:20:48,S,1055.4,4,24
2021-06-17 15:20:48,S,1055.7,1,100
2021-06-17 15:20:48,S,1056.25,1,16
2021-06-17 15:20:48,S,1056.3,1,26
2021-06-17 15:20:48,S,1056.4,1,32
2021-06-17 15:20:48,B,1055.1,3,202
2021-06-17 15:20:48,B,1055.0,5,62
2021-06-17 15:20:48,B,1054.8,1,99
2021-06-17 15:20:48,B,1054.25,1,25
2021-06-17 15:20:48,B,1054.05,1,26
2021-06-17 15:20:50,S,1055.4,4,24
2021-06-17 15:20:50,S,1055.7,1,100
2021-06-17 15:20:50,S,1056.25,1,16
2021-06-17 15:20:50,S,1056.3,1,26
2021-06-17 15:20:50,S,1056.4,1,32
2021-06-17 15:20:50,B,1055.1,3,202
2021-06-17 15:20:50,B,1055.0,5,62
2021-06-17 15:20:50,B,1054.8,1,99
2021-06-17 15:20:50,B,1054.25,1,25
2021-06-17 15:20:50,B,1054.05,1,26
2021-06-17 15:20:51,S,1055.4,4,24
2021-06-17 15:20:51,S,1055.7,1,100
2021-06-17 15:20:51,S,1056.05,1,16
2021-06-17 15:20:51,S,1056.1,1,25
2021-06-17 15:20:51,S,1056.35,1,26
2021-06-17 15:20:51,B,1055.1,4,222
2021-06-17 15:20:51,B,1055.0,4,37
2021-06-17 15:20:51,B,1054.8,1,99
2021-06-17 15:20:51,B,1054.3,1,26
2021-06-17 15:20:51,B,1054.25,1,25
2021-06-17 15:20:58,S,1055.4,4,24
2021-06-17 15:20:58,S,1055.7,1,100
2021-06-17 15:20:58,S,1056.05,1,16
2021-06-17 15:20:58,S,1056.1,1,25
2021-06-17 15:20:58,S,1056.35,1,26
2021-06-17 15:20:58,B,1055.1,4,222
2021-06-17 15:20:58,B,1055.0,4,37
2021-06-17 15:20:58,B,1054.8,1,99
2021-06-17 15:20:58,B,1054.3,1,26
2021-06-17 15:20:58,B,1054.25,1,25
2021-06-17 15:20:58,S,1055.35,3,57
2021-06-17 15:20:58,S,1055.4,1,11
2021-06-17 15:20:58,S,1055.7,1,100
2021-06-17 15:20:58,S,1056.15,1,16
2021-06-17 15:20:58,S,1056.2,2,51
2021-06-17 15:20:58,B,1055.1,4,221
2021-06-17 15:20:58,B,1055.0,4,37
2021-06-17 15:20:58,B,1054.8,1,99
2021-06-17 15:20:58,B,1054.4,1,26
2021-06-17 15:20:58,B,1054.35,1,26
2021-06-17 15:21:02,S,1055.35,3,57
2021-06-17 15:21:02,S,1055.4,1,11
2021-06-17 15:21:02,S,1055.7,1,100
2021-06-17 15:21:02,S,1055.95,1,16
2021-06-17 15:21:02,S,1056.0,1,25
2021-06-17 15:21:02,B,1055.1,2,154
2021-06-17 15:21:02,B,1055.0,4,37
2021-06-17 15:21:02,B,1054.8,1,99
2021-06-17 15:21:02,B,1054.3,1,26
2021-06-17 15:21:02,B,1054.25,1,25
2021-06-17 15:21:07,S,1055.35,3,57
2021-06-17 15:21:07,S,1055.4,1,11
2021-06-17 15:21:07,S,1055.7,1,100
2021-06-17 15:21:07,S,1055.95,1,16
2021-06-17 15:21:07,S,1056.0,1,25
2021-06-17 15:21:07,B,1055.1,2,154
2021-06-17 15:21:07,B,1055.0,4,37
2021-06-17 15:21:07,B,1054.8,1,99
2021-06-17 15:21:07,B,1054.3,1,26
2021-06-17 15:21:07,B,1054.25,1,25
2021-06-17 15:21:09,S,1055.65,2,341
2021-06-17 15:21:09,S,1055.7,1,68
2021-06-17 15:21:09,S,1056.05,1,16
2021-06-17 15:21:09,S,1056.1,1,25
2021-06-17 15:21:09,S,1056.85,2,598
2021-06-17 15:21:09,B,1055.1,2,154
2021-06-17 15:21:09,B,1055.0,4,37
2021-06-17 15:21:09,B,1054.8,1,99
2021-06-17 15:21:09,B,1054.3,1,26
2021-06-17 15:21:09,B,1054.25,1,25
2021-06-17 15:21:13,S,1055.65,2,341
2021-06-17 15:21:13,S,1055.7,1,68
2021-06-17 15:21:13,S,1056.05,1,16
2021-06-17 15:21:13,S,1056.1,1,25
2021-06-17 15:21:13,S,1056.85,2,598
2021-06-17 15:21:13,B,1055.1,2,154
2021-06-17 15:21:13,B,1055.0,4,37
2021-06-17 15:21:13,B,1054.8,1,99
2021-06-17 15:21:13,B,1054.3,1,26
2021-06-17 15:21:13,B,1054.25,1,25
2021-06-17 15:21:13,S,1055.65,2,341
2021-06-17 15:21:13,S,1055.7,1,68
2021-06-17 15:21:13,S,1056.05,1,16
2021-06-17 15:21:13,S,1056.1,1,25
2021-06-17 15:21:13,S,1056.85,2,598
2021-06-17 15:21:13,B,1055.1,2,154
2021-06-17 15:21:13,B,1055.0,4,37
2021-06-17 15:21:13,B,1054.8,1,99
2021-06-17 15:21:13,B,1054.3,1,26
2021-06-17 15:21:13,B,1054.25,1,25
2021-06-17 15:21:15,S,1055.65,2,341
2021-06-17 15:21:15,S,1055.7,1,68
2021-06-17 15:21:15,S,1056.05,1,16
2021-06-17 15:21:15,S,1056.1,1,25
2021-06-17 15:21:15,S,1056.85,2,598
2021-06-17 15:21:15,B,1055.1,2,154
2021-06-17 15:21:15,B,1055.0,4,37
2021-06-17 15:21:15,B,1054.8,1,99
2021-06-17 15:21:15,B,1054.3,1,26
2021-06-17 15:21:15,B,1054.25,1,25
2021-06-17 15:21:16,S,1053.7,1,16
2021-06-17 15:21:16,S,1053.75,2,32
2021-06-17 15:21:16,S,1053.85,2,39
2021-06-17 15:21:16,S,1053.95,1,26
2021-06-17 15:21:16,S,1054.0,1,1
2021-06-17 15:21:16,B,1053.0,1,19
2021-06-17 15:21:16,B,1052.9,1,5
2021-06-17 15:21:16,B,1052.65,1,7
2021-06-17 15:21:16,B,1051.25,1,5
2021-06-17 15:21:16,B,1051.15,2,10
2021-06-17 15:21:18,S,1053.7,1,16
2021-06-17 15:21:18,S,1053.75,2,32
2021-06-17 15:21:18,S,1053.85,2,39
2021-06-17 15:21:18,S,1053.95,1,26
2021-06-17 15:21:18,S,1054.0,1,1
2021-06-17 15:21:18,B,1053.0,1,19
2021-06-17 15:21:18,B,1052.9,1,5
2021-06-17 15:21:18,B,1052.65,1,7
2021-06-17 15:21:18,B,1051.25,1,5
2021-06-17 15:21:18,B,1051.15,2,10
2021-06-17 15:21:19,S,1053.7,1,16
2021-06-17 15:21:19,S,1053.75,2,32
2021-06-17 15:21:19,S,1053.85,2,39
2021-06-17 15:21:19,S,1053.95,1,26
2021-06-17 15:21:19,S,1054.0,1,1
2021-06-17 15:21:19,B,1053.0,1,19
2021-06-17 15:21:19,B,1052.9,1,5
2021-06-17 15:21:19,B,1052.65,1,7
2021-06-17 15:21:19,B,1051.25,1,5
2021-06-17 15:21:19,B,1051.15,2,10
2021-06-17 15:21:19,S,1052.8,2,26
2021-06-17 15:21:19,S,1052.85,1,25
2021-06-17 15:21:19,S,1053.05,1,12
2021-06-17 15:21:19,S,1053.1,1,1
2021-06-17 15:21:19,S,1053.15,1,28
2021-06-17 15:21:19,B,1051.15,2,31
2021-06-17 15:21:19,B,1051.1,1,28
2021-06-17 15:21:19,B,1051.0,3,12
2021-06-17 15:21:19,B,1050.15,2,10
2021-06-17 15:21:19,B,1050.1,1,5
2021-06-17 15:21:20,S,1052.8,2,26
2021-06-17 15:21:20,S,1052.85,1,25
2021-06-17 15:21:20,S,1053.05,1,12
2021-06-17 15:21:20,S,1053.1,1,1
2021-06-17 15:21:20,S,1053.15,1,28
2021-06-17 15:21:20,B,1051.15,2,31
2021-06-17 15:21:20,B,1051.1,1,28
2021-06-17 15:21:20,B,1051.0,3,12
2021-06-17 15:21:20,B,1050.15,2,10
2021-06-17 15:21:20,B,1050.1,1,5
2021-06-17 15:21:23,S,1052.4,2,56
2021-06-17 15:21:23,S,1052.45,1,8
2021-06-17 15:21:23,S,1052.5,1,1
2021-06-17 15:21:23,S,1053.05,1,12
2021-06-17 15:21:23,S,1055.55,1,5
2021-06-17 15:21:23,B,1051.1,1,9
2021-06-17 15:21:23,B,1051.0,3,12
2021-06-17 15:21:23,B,1050.1,2,6
2021-06-17 15:21:23,B,1050.05,1,25
2021-06-17 15:21:23,B,1050.0,51,518
2021-06-17 15:21:28,S,1052.4,2,56
2021-06-17 15:21:28,S,1052.45,1,8
2021-06-17 15:21:28,S,1052.5,1,1
2021-06-17 15:21:28,S,1053.05,1,12
2021-06-17 15:21:28,S,1055.55,1,5
2021-06-17 15:21:28,B,1051.1,1,9
2021-06-17 15:21:28,B,1051.0,3,12
2021-06-17 15:21:28,B,1050.1,2,6
2021-06-17 15:21:28,B,1050.05,1,25
2021-06-17 15:21:28,B,1050.0,51,518
2021-06-17 15:21:29,S,1052.4,2,56
2021-06-17 15:21:29,S,1052.45,1,8
2021-06-17 15:21:29,S,1052.5,1,1
2021-06-17 15:21:29,S,1053.05,1,12
2021-06-17 15:21:29,S,1055.55,1,5
2021-06-17 15:21:29,B,1051.1,1,9
2021-06-17 15:21:29,B,1051.0,3,12
2021-06-17 15:21:29,B,1050.1,2,6
2021-06-17 15:21:29,B,1050.05,1,25
2021-06-17 15:21:29,B,1050.0,51,518
2021-06-17 15:21:30,S,1052.4,2,56
2021-06-17 15:21:30,S,1052.45,1,8
2021-06-17 15:21:30,S,1052.5,1,1
2021-06-17 15:21:30,S,1053.05,1,12
2021-06-17 15:21:30,S,1055.55,1,5
2021-06-17 15:21:30,B,1051.1,1,9
2021-06-17 15:21:30,B,1051.0,3,12
2021-06-17 15:21:30,B,1050.1,2,6
2021-06-17 15:21:30,B,1050.05,1,25
2021-06-17 15:21:30,B,1050.0,51,518
2021-06-17 15:21:30,S,1051.85,1,16
2021-06-17 15:21:30,S,1051.9,2,51
2021-06-17 15:21:30,S,1052.3,2,9
2021-06-17 15:21:30,S,1052.35,1,85
2021-06-17 15:21:30,S,1053.05,1,12
2021-06-17 15:21:30,B,1050.15,1,25
2021-06-17 15:21:30,B,1050.1,1,2
2021-06-17 15:21:30,B,1050.0,49,509
2021-06-17 15:21:30,B,1049.55,2,51
2021-06-17 15:21:30,B,1049.5,1,1
2021-06-17 15:21:34,S,1051.85,1,16
2021-06-17 15:21:34,S,1051.9,2,51
2021-06-17 15:21:34,S,1052.3,2,9
2021-06-17 15:21:34,S,1052.35,1,85
2021-06-17 15:21:34,S,1053.05,1,12
2021-06-17 15:21:34,B,1050.15,1,25
2021-06-17 15:21:34,B,1050.1,1,2
2021-06-17 15:21:34,B,1050.0,49,509
2021-06-17 15:21:34,B,1049.55,2,51
2021-06-17 15:21:34,B,1049.5,1,1
2021-06-17 15:21:34,S,1051.65,1,4
2021-06-17 15:21:34,S,1051.7,1,1
2021-06-17 15:21:34,S,1052.8,1,16
2021-06-17 15:21:34,S,1052.85,1,6
2021-06-17 15:21:34,S,1052.95,1,3
2021-06-17 15:21:34,B,1050.4,2,15
2021-06-17 15:21:34,B,1050.35,1,10
2021-06-17 15:21:34,B,1050.25,1,28
2021-06-17 15:21:34,B,1050.0,50,519
2021-06-17 15:21:34,B,1049.55,2,23
2021-06-17 15:21:38,S,1051.65,1,4
2021-06-17 15:21:38,S,1051.7,1,1
2021-06-17 15:21:38,S,1052.8,1,16
2021-06-17 15:21:38,S,1052.85,1,6
2021-06-17 15:21:38,S,1052.95,1,3
2021-06-17 15:21:38,B,1050.4,2,15
2021-06-17 15:21:38,B,1050.35,1,10
2021-06-17 15:21:38,B,1050.25,1,28
2021-06-17 15:21:38,B,1050.0,50,519
2021-06-17 15:21:38,B,1049.55,2,23
2021-06-17 15:21:41,S,1051.65,2,5
2021-06-17 15:21:41,S,1052.8,1,16
2021-06-17 15:21:41,S,1052.85,1,6
2021-06-17 15:21:41,S,1052.95,1,3
2021-06-17 15:21:41,S,1053.0,1,6
2021-06-17 15:21:41,B,1050.4,1,18
2021-06-17 15:21:41,B,1050.35,1,5
2021-06-17 15:21:41,B,1050.0,50,519
2021-06-17 15:21:41,B,1049.55,2,23
2021-06-17 15:21:41,B,1049.5,1,1
2021-06-17 15:21:43,S,1051.65,2,5
2021-06-17 15:21:43,S,1052.8,1,16
2021-06-17 15:21:43,S,1052.85,1,6
2021-06-17 15:21:43,S,1052.95,1,3
2021-06-17 15:21:43,S,1053.0,1,6
2021-06-17 15:21:43,B,1050.4,1,18
2021-06-17 15:21:43,B,1050.35,1,5
2021-06-17 15:21:43,B,1050.0,50,519
2021-06-17 15:21:43,B,1049.55,2,23
2021-06-17 15:21:43,B,1049.5,1,1
2021-06-17 15:21:48,S,1052.15,2,42
2021-06-17 15:21:48,S,1052.2,2,51
2021-06-17 15:21:48,S,1052.25,1,56
2021-06-17 15:21:48,S,1052.3,1,3
2021-06-17 15:21:48,S,1052.6,1,80
2021-06-17 15:21:48,B,1050.0,50,519
2021-06-17 15:21:48,B,1049.55,3,21
2021-06-17 15:21:48,B,1049.5,4,50
2021-06-17 15:21:48,B,1049.0,1,1
2021-06-17 15:21:48,B,1048.3,1,1
2021-06-17 15:21:51,S,1052.15,2,42
2021-06-17 15:21:51,S,1052.2,2,51
2021-06-17 15:21:51,S,1052.25,1,56
2021-06-17 15:21:51,S,1052.3,1,3
2021-06-17 15:21:51,S,1052.6,1,80
2021-06-17 15:21:51,B,1050.0,50,519
2021-06-17 15:21:51,B,1049.55,3,21
2021-06-17 15:21:51,B,1049.5,4,50
2021-06-17 15:21:51,B,1049.0,1,1
2021-06-17 15:21:51,B,1048.3,1,1
2021-06-17 15:21:52,S,1051.95,2,51
2021-06-17 15:21:52,S,1052.0,1,26
2021-06-17 15:21:52,S,1052.55,1,16
2021-06-17 15:21:52,S,1052.6,2,138
2021-06-17 15:21:52,S,1055.65,2,4
2021-06-17 15:21:52,B,1050.4,1,26
2021-06-17 15:21:52,B,1050.35,1,7
2021-06-17 15:21:52,B,1050.0,50,519
2021-06-17 15:21:52,B,1049.55,1,17
2021-06-17 15:21:52,B,1049.5,2,35
2021-06-17 15:21:55,S,1051.9,1,255
2021-06-17 15:21:55,S,1052.45,1,16
2021-06-17 15:21:55,S,1052.5,1,26
2021-06-17 15:21:55,S,1055.55,2,51
2021-06-17 15:21:55,S,1055.65,1,60
2021-06-17 15:21:55,B,1050.4,1,26
2021-06-17 15:21:55,B,1050.35,1,7
2021-06-17 15:21:55,B,1050.0,51,594
2021-06-17 15:21:55,B,1049.55,2,51
2021-06-17 15:21:55,B,1049.5,1,1
2021-06-17 15:21:58,S,1051.9,1,255
2021-06-17 15:21:58,S,1052.45,1,16
2021-06-17 15:21:58,S,1052.5,1,26
2021-06-17 15:21:58,S,1055.55,2,51
2021-06-17 15:21:58,S,1055.65,1,60
2021-06-17 15:21:58,B,1050.4,1,26
2021-06-17 15:21:58,B,1050.35,1,7
2021-06-17 15:21:58,B,1050.0,51,594
2021-06-17 15:21:58,B,1049.55,2,51
2021-06-17 15:21:58,B,1049.5,1,1
2021-06-17 15:21:58,S,1054.35,3,23
2021-06-17 15:21:58,S,1054.4,1,11
2021-06-17 15:21:58,S,1054.45,1,11
2021-06-17 15:21:58,S,1055.05,3,131
2021-06-17 15:21:58,S,1055.7,1,68
2021-06-17 15:21:58,B,1052.05,1,7
2021-06-17 15:21:58,B,1052.0,1,87
2021-06-17 15:21:58,B,1050.5,2,2
2021-06-17 15:21:58,B,1050.45,1,25
2021-06-17 15:21:58,B,1050.4,1,34
2021-06-17 15:22:01,S,1053.95,2,30
2021-06-17 15:22:01,S,1054.0,3,56
2021-06-17 15:22:01,S,1054.15,1,18
2021-06-17 15:22:01,S,1055.0,1,2
2021-06-17 15:22:01,S,1055.05,1,80
2021-06-17 15:22:01,B,1052.0,1,87
2021-06-17 15:22:01,B,1050.85,1,28
2021-06-17 15:22:01,B,1050.8,2,51
2021-06-17 15:22:01,B,1050.7,1,19
2021-06-17 15:22:01,B,1050.5,2,2
2021-06-17 15:22:06,S,1053.95,2,30
2021-06-17 15:22:06,S,1054.0,3,56
2021-06-17 15:22:06,S,1054.15,1,18
2021-06-17 15:22:06,S,1055.0,1,2
2021-06-17 15:22:06,S,1055.05,1,80
2021-06-17 15:22:06,B,1052.0,1,87
2021-06-17 15:22:06,B,1050.85,1,28
2021-06-17 15:22:06,B,1050.8,2,51
2021-06-17 15:22:06,B,1050.7,1,19
2021-06-17 15:22:06,B,1050.5,2,2
2021-06-17 15:22:07,S,1054.05,2,18
2021-06-17 15:22:07,S,1054.1,1,10
2021-06-17 15:22:07,S,1054.15,2,26
2021-06-17 15:22:07,S,1054.9,2,51
2021-06-17 15:22:07,S,1054.95,1,28
2021-06-17 15:22:07,B,1054.0,1,1
2021-06-17 15:22:07,B,1052.05,1,16
2021-06-17 15:22:07,B,1052.0,1,9
2021-06-17 15:22:07,B,1051.95,2,51
2021-06-17 15:22:07,B,1051.9,1,28
2021-06-17 15:22:09,S,1054.05,2,18
2021-06-17 15:22:09,S,1054.1,1,10
2021-06-17 15:22:09,S,1054.15,2,26
2021-06-17 15:22:09,S,1054.9,2,51
2021-06-17 15:22:09,S,1054.95,1,28
2021-06-17 15:22:09,B,1054.0,1,1
2021-06-17 15:22:09,B,1052.05,1,16
2021-06-17 15:22:09,B,1052.0,1,9
2021-06-17 15:22:09,B,1051.95,2,51
2021-06-17 15:22:09,B,1051.9,1,28
2021-06-17 15:22:10,S,1053.95,2,28
2021-06-17 15:22:10,S,1054.15,1,18
2021-06-17 15:22:10,S,1054.9,1,2
2021-06-17 15:22:10,S,1054.95,1,28
2021-06-17 15:22:10,S,1055.05,1,80
2021-06-17 15:22:10,B,1052.15,1,16
2021-06-17 15:22:10,B,1052.1,1,8
2021-06-17 15:22:10,B,1051.05,1,25
2021-06-17 15:22:10,B,1051.0,2,147
2021-06-17 15:22:10,B,1050.9,2,2
2021-06-17 15:22:13,S,1053.8,1,16
2021-06-17 15:22:13,S,1053.85,1,10
2021-06-17 15:22:13,S,1053.95,1,12
2021-06-17 15:22:13,S,1054.0,1,10
2021-06-17 15:22:13,S,1054.9,2,27
2021-06-17 15:22:13,B,1051.85,1,16
2021-06-17 15:22:13,B,1051.8,2,35
2021-06-17 15:22:13,B,1051.45,1,26
2021-06-17 15:22:13,B,1051.35,1,25
2021-06-17 15:22:13,B,1051.2,2,2
2021-06-17 15:22:16,S,1053.95,1,16
2021-06-17 15:22:16,S,1054.0,2,15
2021-06-17 15:22:16,S,1054.7,2,37
2021-06-17 15:22:16,S,1054.75,1,26
2021-06-17 15:22:16,S,1054.9,2,11
2021-06-17 15:22:16,B,1052.15,1,16
2021-06-17 15:22:16,B,1052.1,1,12
2021-06-17 15:22:16,B,1052.0,2,51
2021-06-17 15:22:16,B,1051.8,1,28
2021-06-17 15:22:16,B,1051.4,1,1
2021-06-17 15:22:19,S,1053.95,1,16
2021-06-17 15:22:19,S,1054.0,2,15
2021-06-17 15:22:19,S,1054.7,2,37
2021-06-17 15:22:19,S,1054.75,1,26
2021-06-17 15:22:19,S,1054.9,2,11
2021-06-17 15:22:19,B,1052.15,1,16
2021-06-17 15:22:19,B,1052.1,1,12
2021-06-17 15:22:19,B,1052.0,2,51
2021-06-17 15:22:19,B,1051.8,1,28
2021-06-17 15:22:19,B,1051.4,1,1
2021-06-17 15:22:19,S,1053.9,1,15
2021-06-17 15:22:19,S,1053.95,1,8
2021-06-17 15:22:19,S,1054.0,2,15
2021-06-17 15:22:19,S,1054.9,2,11
2021-06-17 15:22:19,S,1055.05,1,80
2021-06-17 15:22:19,B,1052.45,1,16
2021-06-17 15:22:19,B,1052.4,1,7
2021-06-17 15:22:19,B,1052.3,1,26
2021-06-17 15:22:19,B,1052.15,1,8
2021-06-17 15:22:19,B,1051.1,2,2
2021-06-17 15:22:22,S,1053.95,1,14
2021-06-17 15:22:22,S,1054.0,2,15
2021-06-17 15:22:22,S,1054.85,1,7
2021-06-17 15:22:22,S,1054.9,2,9
2021-06-17 15:22:22,S,1055.0,2,51
2021-06-17 15:22:22,B,1052.65,1,16
2021-06-17 15:22:22,B,1052.6,2,33
2021-06-17 15:22:22,B,1051.15,2,2
2021-06-17 15:22:22,B,1051.05,2,32
2021-06-17 15:22:22,B,1051.0,2,219
2021-06-17 15:22:23,S,1053.95,1,14
2021-06-17 15:22:23,S,1054.0,2,15
2021-06-17 15:22:23,S,1054.85,1,7
2021-06-17 15:22:23,S,1054.9,2,9
2021-06-17 15:22:23,S,1055.0,2,51
2021-06-17 15:22:23,B,1052.65,1,16
2021-06-17 15:22:23,B,1052.6,2,33
2021-06-17 15:22:23,B,1051.15,2,2
2021-06-17 15:22:23,B,1051.05,2,32
2021-06-17 15:22:23,B,1051.0,2,219
2021-06-17 15:22:25,S,1053.95,1,13
2021-06-17 15:22:25,S,1054.0,2,15
2021-06-17 15:22:25,S,1054.7,1,7
2021-06-17 15:22:25,S,1054.75,2,51
2021-06-17 15:22:25,S,1054.9,1,7
2021-06-17 15:22:25,B,1052.35,3,30
2021-06-17 15:22:25,B,1052.3,1,26
2021-06-17 15:22:25,B,1052.25,1,6
2021-06-17 15:22:25,B,1052.1,1,21
2021-06-17 15:22:25,B,1052.0,1,7
2021-06-17 15:22:28,S,1053.95,1,13
2021-06-17 15:22:28,S,1054.0,2,15
2021-06-17 15:22:28,S,1054.55,1,6
2021-06-17 15:22:28,S,1054.6,2,27
2021-06-17 15:22:28,S,1054.85,1,2
2021-06-17 15:22:28,B,1052.15,1,16
2021-06-17 15:22:28,B,1052.1,1,5
2021-06-17 15:22:28,B,1052.0,1,7
2021-06-17 15:22:28,B,1051.3,2,2
2021-06-17 15:22:28,B,1051.2,1,7
2021-06-17 15:22:30,S,1053.95,1,13
2021-06-17 15:22:30,S,1054.0,2,15
2021-06-17 15:22:30,S,1054.55,1,6
2021-06-17 15:22:30,S,1054.6,2,27
2021-06-17 15:22:30,S,1054.85,1,2
2021-06-17 15:22:30,B,1052.15,1,16
2021-06-17 15:22:30,B,1052.1,1,5
2021-06-17 15:22:30,B,1052.0,1,7
2021-06-17 15:22:30,B,1051.3,2,2
2021-06-17 15:22:30,B,1051.2,1,7
2021-06-17 15:22:33,S,1053.95,1,13
2021-06-17 15:22:33,S,1054.0,2,15
2021-06-17 15:22:33,S,1054.55,1,6
2021-06-17 15:22:33,S,1054.6,2,27
2021-06-17 15:22:33,S,1054.85,1,2
2021-06-17 15:22:33,B,1052.15,1,16
2021-06-17 15:22:33,B,1052.1,1,5
2021-06-17 15:22:33,B,1052.0,1,7
2021-06-17 15:22:33,B,1051.3,2,2
2021-06-17 15:22:33,B,1051.2,1,7
2021-06-17 15:22:40,S,1053.95,1,13
2021-06-17 15:22:40,S,1054.0,2,15
2021-06-17 15:22:40,S,1054.55,1,6
2021-06-17 15:22:40,S,1054.6,2,27
2021-06-17 15:22:40,S,1054.85,1,2
2021-06-17 15:22:40,B,1052.15,1,16
2021-06-17 15:22:40,B,1052.1,1,5
2021-06-17 15:22:40,B,1052.0,1,7
2021-06-17 15:22:40,B,1051.3,2,2
2021-06-17 15:22:40,B,1051.2,1,7
2021-06-17 15:22:42,S,1053.85,1,16
2021-06-17 15:22:42,S,1053.9,1,26
2021-06-17 15:22:42,S,1054.0,2,15
2021-06-17 15:22:42,S,1054.5,1,2
2021-06-17 15:22:42,S,1054.55,1,6
2021-06-17 15:22:42,B,1052.25,1,4
2021-06-17 15:22:42,B,1052.05,1,3
2021-06-17 15:22:42,B,1052.0,1,7
2021-06-17 15:22:42,B,1051.25,2,2
2021-06-17 15:22:42,B,1051.2,1,7
2021-06-17 15:22:53,S,1053.75,1,16
2021-06-17 15:22:53,S,1053.8,1,26
2021-06-17 15:22:53,S,1054.0,2,15
2021-06-17 15:22:53,S,1054.5,1,2
2021-06-17 15:22:53,S,1054.55,2,31
2021-06-17 15:22:53,B,1052.3,1,3
2021-06-17 15:22:53,B,1052.25,1,4
2021-06-17 15:22:53,B,1052.05,1,26
2021-06-17 15:22:53,B,1052.0,2,62
2021-06-17 15:22:53,B,1051.2,3,9
2021-06-17 15:22:55,S,1053.75,1,16
2021-06-17 15:22:55,S,1053.8,1,26
2021-06-17 15:22:55,S,1054.0,2,15
2021-06-17 15:22:55,S,1054.5,1,2
2021-06-17 15:22:55,S,1054.55,2,31
2021-06-17 15:22:55,B,1052.3,1,3
2021-06-17 15:22:55,B,1052.25,1,4
2021-06-17 15:22:55,B,1052.05,1,26
2021-06-17 15:22:55,B,1052.0,2,62
2021-06-17 15:22:55,B,1051.2,3,9
2021-06-17 15:22:57,S,1053.75,1,16
2021-06-17 15:22:57,S,1053.8,1,26
2021-06-17 15:22:57,S,1054.0,2,15
2021-06-17 15:22:57,S,1054.5,1,2
2021-06-17 15:22:57,S,1054.55,2,31
2021-06-17 15:22:57,B,1052.3,1,3
2021-06-17 15:22:57,B,1052.25,1,4
2021-06-17 15:22:57,B,1052.05,1,26
2021-06-17 15:22:57,B,1052.0,2,62
2021-06-17 15:22:57,B,1051.2,3,9
2021-06-17 15:22:58,S,1053.9,1,16
2021-06-17 15:22:58,S,1053.95,1,26
2021-06-17 15:22:58,S,1054.0,2,15
2021-06-17 15:22:58,S,1054.5,1,2
2021-06-17 15:22:58,S,1054.55,2,31
2021-06-17 15:22:58,B,1052.3,1,11
2021-06-17 15:22:58,B,1052.25,1,4
2021-06-17 15:22:58,B,1052.05,1,26
2021-06-17 15:22:58,B,1052.0,2,62
2021-06-17 15:22:58,B,1051.25,2,2
2021-06-17 15:23:04,S,1053.95,1,16
2021-06-17 15:23:04,S,1054.0,2,15
2021-06-17 15:23:04,S,1054.55,1,11
2021-06-17 15:23:04,S,1054.6,2,32
2021-06-17 15:23:04,S,1055.65,1,2
2021-06-17 15:23:04,B,1052.3,1,11
2021-06-17 15:23:04,B,1052.25,1,4
2021-06-17 15:23:04,B,1052.0,2,62
2021-06-17 15:23:04,B,1051.05,5,64
2021-06-17 15:23:04,B,1051.0,4,247
2021-06-17 15:23:10,S,1053.8,1,16
2021-06-17 15:23:10,S,1053.85,1,26
2021-06-17 15:23:10,S,1053.9,1,80
2021-06-17 15:23:10,S,1054.0,2,15
2021-06-17 15:23:10,S,1054.5,1,2
2021-06-17 15:23:10,B,1052.3,1,11
2021-06-17 15:23:10,B,1052.25,1,4
2021-06-17 15:23:10,B,1052.0,2,62
2021-06-17 15:23:10,B,1051.1,1,25
2021-06-17 15:23:10,B,1051.05,3,13
2021-06-17 15:23:11,S,1053.8,1,16
2021-06-17 15:23:11,S,1053.85,1,26
2021-06-17 15:23:11,S,1053.9,1,80
2021-06-17 15:23:11,S,1054.0,2,15
2021-06-17 15:23:11,S,1054.5,1,2
2021-06-17 15:23:11,B,1052.3,1,11
2021-06-17 15:23:11,B,1052.25,1,4
2021-06-17 15:23:11,B,1052.0,2,62
2021-06-17 15:23:11,B,1051.1,1,25
2021-06-17 15:23:11,B,1051.05,3,13
2021-06-17 15:23:13,S,1053.65,1,16
2021-06-17 15:23:13,S,1053.7,1,80
2021-06-17 15:23:13,S,1053.9,1,26
2021-06-17 15:23:13,S,1054.0,2,15
2021-06-17 15:23:13,S,1054.5,2,15
2021-06-17 15:23:13,B,1052.3,1,11
2021-06-17 15:23:13,B,1052.25,2,10
2021-06-17 15:23:13,B,1052.0,2,62
2021-06-17 15:23:13,B,1051.1,1,16
2021-06-17 15:23:13,B,1051.05,3,27
2021-06-17 15:23:15,S,1053.65,1,16
2021-06-17 15:23:15,S,1053.7,1,80
2021-06-17 15:23:15,S,1053.9,1,26
2021-06-17 15:23:15,S,1054.0,2,15
2021-06-17 15:23:15,S,1054.5,2,15
2021-06-17 15:23:15,B,1052.3,1,11
2021-06-17 15:23:15,B,1052.25,2,10
2021-06-17 15:23:15,B,1052.0,2,62
2021-06-17 15:23:15,B,1051.1,1,16
2021-06-17 15:23:15,B,1051.05,3,27
2021-06-17 15:23:17,S,1053.6,1,11
2021-06-17 15:23:17,S,1053.65,1,26
2021-06-17 15:23:17,S,1053.7,1,80
2021-06-17 15:23:17,S,1053.95,1,25
2021-06-17 15:23:17,S,1054.0,2,15
2021-06-17 15:23:17,B,1052.25,1,4
2021-06-17 15:23:17,B,1052.05,1,16
2021-06-17 15:23:17,B,1052.0,2,62
2021-06-17 15:23:17,B,1051.15,1,25
2021-06-17 15:23:17,B,1051.1,1,16
2021-06-17 15:23:20,S,1053.5,1,11
2021-06-17 15:23:20,S,1053.55,1,55
2021-06-17 15:23:20,S,1053.9,1,26
2021-06-17 15:23:20,S,1053.95,1,10
2021-06-17 15:23:20,S,1054.0,3,25
2021-06-17 15:23:20,B,1052.3,1,16
2021-06-17 15:23:20,B,1052.25,1,4
2021-06-17 15:23:20,B,1052.1,1,15
2021-06-17 15:23:20,B,1052.0,2,62
2021-06-17 15:23:20,B,1051.15,1,25
2021-06-17 15:23:24,S,1053.5,1,11
2021-06-17 15:23:24,S,1053.55,1,55
2021-06-17 15:23:24,S,1053.65,1,10
2021-06-17 15:23:24,S,1053.95,1,26
2021-06-17 15:23:24,S,1054.0,1,5
2021-06-17 15:23:24,B,1052.3,1,16
2021-06-17 15:23:24,B,1052.25,1,4
2021-06-17 15:23:24,B,1052.0,2,62
2021-06-17 15:23:24,B,1051.15,1,25
2021-06-17 15:23:24,B,1051.1,1,16
2021-06-17 15:23:25,S,1053.5,1,11
2021-06-17 15:23:25,S,1053.55,1,55
2021-06-17 15:23:25,S,1053.65,1,10
2021-06-17 15:23:25,S,1053.95,1,26
2021-06-17 15:23:25,S,1054.0,1,5
2021-06-17 15:23:25,B,1052.3,1,16
2021-06-17 15:23:25,B,1052.25,1,4
2021-06-17 15:23:25,B,1052.0,2,62
2021-06-17 15:23:25,B,1051.15,1,25
2021-06-17 15:23:25,B,1051.1,1,16
2021-06-17 15:23:28,S,1053.3,1,16
2021-06-17 15:23:28,S,1053.35,1,26
2021-06-17 15:23:28,S,1053.45,1,80
2021-06-17 15:23:28,S,1053.65,1,10
2021-06-17 15:23:28,S,1053.95,1,16
2021-06-17 15:23:28,B,1052.1,1,5
2021-06-17 15:23:28,B,1052.05,1,10
2021-06-17 15:23:28,B,1052.0,3,106
2021-06-17 15:23:28,B,1051.3,1,25
2021-06-17 15:23:28,B,1051.25,1,26
2021-06-17 15:23:28,S,1053.3,1,16
2021-06-17 15:23:28,S,1053.35,1,26
2021-06-17 15:23:28,S,1053.45,1,80
2021-06-17 15:23:28,S,1053.65,1,10
2021-06-17 15:23:28,S,1053.95,1,16
2021-06-17 15:23:28,B,1052.1,1,5
2021-06-17 15:23:28,B,1052.05,1,10
2021-06-17 15:23:28,B,1052.0,3,106
2021-06-17 15:23:28,B,1051.3,1,25
2021-06-17 15:23:28,B,1051.25,1,26
2021-06-17 15:23:31,S,1053.4,1,11
2021-06-17 15:23:31,S,1053.45,1,72
2021-06-17 15:23:31,S,1053.65,1,10
2021-06-17 15:23:31,S,1054.0,1,5
2021-06-17 15:23:31,S,1054.45,1,11
2021-06-17 15:23:31,B,1052.25,1,16
2021-06-17 15:23:31,B,1052.2,1,10
2021-06-17 15:23:31,B,1052.05,2,24
2021-06-17 15:23:31,B,1052.0,3,106
2021-06-17 15:23:31,B,1051.4,1,25
2021-06-17 15:23:33,S,1053.4,1,11
2021-06-17 15:23:33,S,1053.45,1,72
2021-06-17 15:23:33,S,1053.65,1,10
2021-06-17 15:23:33,S,1054.0,1,5
2021-06-17 15:23:33,S,1054.45,1,11
2021-06-17 15:23:33,B,1052.25,1,16
2021-06-17 15:23:33,B,1052.2,1,10
2021-06-17 15:23:33,B,1052.05,2,24
2021-06-17 15:23:33,B,1052.0,3,106
2021-06-17 15:23:33,B,1051.4,1,25
2021-06-17 15:23:35,S,1053.55,1,16
2021-06-17 15:23:35,S,1053.6,1,50
2021-06-17 15:23:35,S,1053.65,1,10
2021-06-17 15:23:35,S,1054.0,1,5
2021-06-17 15:23:35,S,1054.45,1,11
2021-06-17 15:23:35,B,1052.5,2,22
2021-06-17 15:23:35,B,1052.45,1,26
2021-06-17 15:23:35,B,1052.05,1,12
2021-06-17 15:23:35,B,1052.0,3,106
2021-06-17 15:23:35,B,1051.05,1,25
2021-06-17 15:23:37,S,1053.55,1,16
2021-06-17 15:23:37,S,1053.6,1,50
2021-06-17 15:23:37,S,1053.65,1,10
2021-06-17 15:23:37,S,1054.0,1,5
2021-06-17 15:23:37,S,1054.45,1,11
2021-06-17 15:23:37,B,1052.5,2,22
2021-06-17 15:23:37,B,1052.45,1,26
2021-06-17 15:23:37,B,1052.05,1,12
2021-06-17 15:23:37,B,1052.0,3,106
2021-06-17 15:23:37,B,1051.05,1,25
2021-06-17 15:23:38,S,1053.45,1,15
2021-06-17 15:23:38,S,1053.5,1,75
2021-06-17 15:23:38,S,1053.65,1,10
2021-06-17 15:23:38,S,1054.0,1,5
2021-06-17 15:23:38,S,1054.45,1,25
2021-06-17 15:23:38,B,1052.55,1,16
2021-06-17 15:23:38,B,1052.5,1,10
2021-06-17 15:23:38,B,1052.4,1,26
2021-06-17 15:23:38,B,1052.0,5,152
2021-06-17 15:23:38,B,1051.05,1,25
2021-06-17 15:23:45,S,1053.6,2,65
2021-06-17 15:23:45,S,1053.65,1,10
2021-06-17 15:23:45,S,1054.0,1,5
2021-06-17 15:23:45,S,1054.55,2,31
2021-06-17 15:23:45,S,1054.6,1,21
2021-06-17 15:23:45,B,1052.65,3,30
2021-06-17 15:23:45,B,1052.6,1,26
2021-06-17 15:23:45,B,1052.05,1,25
2021-06-17 15:23:45,B,1052.0,5,152
2021-06-17 15:23:45,B,1051.1,2,2
2021-06-17 15:23:48,S,1053.5,1,10
2021-06-17 15:23:48,S,1053.55,1,15
2021-06-17 15:23:48,S,1053.6,1,50
2021-06-17 15:23:48,S,1054.0,1,5
2021-06-17 15:23:48,S,1054.45,2,37
2021-06-17 15:23:48,B,1052.2,1,16
2021-06-17 15:23:48,B,1052.15,1,10
2021-06-17 15:23:48,B,1052.1,1,26
2021-06-17 15:23:48,B,1052.0,5,152
2021-06-17 15:23:48,B,1051.0,3,183
2021-06-17 15:23:51,S,1053.4,1,15
2021-06-17 15:23:51,S,1053.45,1,50
2021-06-17 15:23:51,S,1053.5,1,10
2021-06-17 15:23:51,S,1054.0,1,5
2021-06-17 15:23:51,S,1054.45,1,12
2021-06-17 15:23:51,B,1052.35,1,16
2021-06-17 15:23:51,B,1052.3,1,6
2021-06-17 15:23:51,B,1052.25,1,26
2021-06-17 15:23:51,B,1052.0,5,152
2021-06-17 15:23:51,B,1051.0,3,183
2021-06-17 15:23:54,S,1053.45,1,50
2021-06-17 15:23:54,S,1053.5,1,10
2021-06-17 15:23:54,S,1053.95,1,15
2021-06-17 15:23:54,S,1054.0,1,5
2021-06-17 15:23:54,S,1054.45,1,25
2021-06-17 15:23:54,B,1052.6,1,10
2021-06-17 15:23:54,B,1052.55,1,16
2021-06-17 15:23:54,B,1052.5,1,26
2021-06-17 15:23:54,B,1052.0,6,155
2021-06-17 15:23:54,B,1051.0,2,180
2021-06-17 15:23:55,S,1053.45,1,50
2021-06-17 15:23:55,S,1053.5,1,10
2021-06-17 15:23:55,S,1053.95,1,15
2021-06-17 15:23:55,S,1054.0,1,5
2021-06-17 15:23:55,S,1054.45,1,25
2021-06-17 15:23:55,B,1052.6,1,10
2021-06-17 15:23:55,B,1052.55,1,16
2021-06-17 15:23:55,B,1052.5,1,26
2021-06-17 15:23:55,B,1052.0,6,155
2021-06-17 15:23:55,B,1051.0,2,180
2021-06-17 15:23:58,S,1053.45,1,48
2021-06-17 15:23:58,S,1053.5,1,10
2021-06-17 15:23:58,S,1053.95,1,15
2021-06-17 15:23:58,S,1054.0,1,5
2021-06-17 15:23:58,S,1054.5,1,6
2021-06-17 15:23:58,B,1052.65,1,16
2021-06-17 15:23:58,B,1052.6,1,10
2021-06-17 15:23:58,B,1052.4,1,26
2021-06-17 15:23:58,B,1052.3,1,19
2021-06-17 15:23:58,B,1052.05,1,25
2021-06-17 15:24:02,S,1053.45,1,48
2021-06-17 15:24:02,S,1053.5,1,10
2021-06-17 15:24:02,S,1053.95,1,15
2021-06-17 15:24:02,S,1054.0,1,5
2021-06-17 15:24:02,S,1054.5,1,6
2021-06-17 15:24:02,B,1052.65,1,16
2021-06-17 15:24:02,B,1052.6,1,10
2021-06-17 15:24:02,B,1052.4,1,26
2021-06-17 15:24:02,B,1052.3,1,19
2021-06-17 15:24:02,B,1052.05,1,25
2021-06-17 15:24:04,S,1055.45,2,30
2021-06-17 15:24:04,S,1055.5,1,10
2021-06-17 15:24:04,S,1055.55,1,26
2021-06-17 15:24:04,S,1055.65,1,256
2021-06-17 15:24:04,S,1055.7,2,118
2021-06-17 15:24:04,B,1053.05,1,16
2021-06-17 15:24:04,B,1053.0,2,51
2021-06-17 15:24:04,B,1052.8,2,2
2021-06-17 15:24:04,B,1052.75,1,1
2021-06-17 15:24:04,B,1052.05,1,16
2021-06-17 15:24:06,S,1055.45,2,30
2021-06-17 15:24:06,S,1055.5,1,10
2021-06-17 15:24:06,S,1055.55,1,26
2021-06-17 15:24:06,S,1055.65,1,256
2021-06-17 15:24:06,S,1055.7,2,118
2021-06-17 15:24:06,B,1053.05,1,16
2021-06-17 15:24:06,B,1053.0,2,51
2021-06-17 15:24:06,B,1052.8,2,2
2021-06-17 15:24:06,B,1052.75,1,1
2021-06-17 15:24:06,B,1052.05,1,16
2021-06-17 15:24:07,S,1054.85,2,6
2021-06-17 15:24:07,S,1054.9,1,10
2021-06-17 15:24:07,S,1055.0,1,180
2021-06-17 15:24:07,S,1055.1,1,8
2021-06-17 15:24:07,S,1055.65,1,26
2021-06-17 15:24:07,B,1052.9,1,16
2021-06-17 15:24:07,B,1052.85,1,26
2021-06-17 15:24:07,B,1052.8,1,16
2021-06-17 15:24:07,B,1052.75,1,1
2021-06-17 15:24:07,B,1052.1,3,27
2021-06-17 15:24:10,S,1054.7,1,6
2021-06-17 15:24:10,S,1054.75,2,12
2021-06-17 15:24:10,S,1054.8,2,35
2021-06-17 15:24:10,S,1055.0,1,180
2021-06-17 15:24:10,S,1055.55,1,26
2021-06-17 15:24:10,B,1053.2,1,16
2021-06-17 15:24:10,B,1053.15,2,51
2021-06-17 15:24:10,B,1053.0,1,25
2021-06-17 15:24:10,B,1052.8,1,16
2021-06-17 15:24:10,B,1052.75,1,1
2021-06-17 15:24:13,S,1054.7,2,8
2021-06-17 15:24:13,S,1054.75,1,8
2021-06-17 15:24:13,S,1054.9,1,21
2021-06-17 15:24:13,S,1054.95,2,144
2021-06-17 15:24:13,S,1055.7,1,68
2021-06-17 15:24:13,B,1053.3,1,16
2021-06-17 15:24:13,B,1053.25,1,26
2021-06-17 15:24:13,B,1053.0,1,25
2021-06-17 15:24:13,B,1052.85,1,16
2021-06-17 15:24:13,B,1052.55,1,1
2021-06-17 15:24:16,S,1054.7,2,8
2021-06-17 15:24:16,S,1054.75,1,8
2021-06-17 15:24:16,S,1054.9,1,21
2021-06-17 15:24:16,S,1054.95,2,144
2021-06-17 15:24:16,S,1055.65,2,51
2021-06-17 15:24:16,B,1053.4,1,16
2021-06-17 15:24:16,B,1053.35,2,51
2021-06-17 15:24:16,B,1053.0,1,25
2021-06-17 15:24:16,B,1052.6,1,8
2021-06-17 15:24:16,B,1052.55,1,1
2021-06-17 15:24:20,S,1054.75,1,30
2021-06-17 15:24:20,S,1055.6,1,6
2021-06-17 15:24:20,S,1055.65,2,23
2021-06-17 15:24:20,S,1055.7,2,83
2021-06-17 15:24:20,S,1056.7,1,2
2021-06-17 15:24:20,B,1053.7,2,26
2021-06-17 15:24:20,B,1053.65,2,51
2021-06-17 15:24:20,B,1053.0,2,38
2021-06-17 15:24:20,B,1052.9,1,2
2021-06-17 15:24:20,B,1052.65,1,1
2021-06-17 15:24:23,S,1054.75,1,30
2021-06-17 15:24:23,S,1055.6,1,6
2021-06-17 15:24:23,S,1055.65,2,23
2021-06-17 15:24:23,S,1055.7,2,83
2021-06-17 15:24:23,S,1056.7,1,2
2021-06-17 15:24:23,B,1053.9,1,16
2021-06-17 15:24:23,B,1053.85,1,11
2021-06-17 15:24:23,B,1053.75,2,51
2021-06-17 15:24:23,B,1053.05,1,10
2021-06-17 15:24:23,B,1053.0,2,38
2021-06-17 15:24:30,S,1055.35,2,8
2021-06-17 15:24:30,S,1055.4,1,30
2021-06-17 15:24:30,S,1055.5,1,7
2021-06-17 15:24:30,S,1055.55,1,18
2021-06-17 15:24:30,S,1055.65,1,10
2021-06-17 15:24:30,B,1053.35,1,16
2021-06-17 15:24:30,B,1053.3,1,7
2021-06-17 15:24:30,B,1053.2,2,27
2021-06-17 15:24:30,B,1053.05,1,10
2021-06-17 15:24:30,B,1053.0,1,25
2021-06-17 15:24:32,S,1055.35,2,8
2021-06-17 15:24:32,S,1055.4,1,30
2021-06-17 15:24:32,S,1055.5,1,7
2021-06-17 15:24:32,S,1055.55,1,18
2021-06-17 15:24:32,S,1055.65,1,10
2021-06-17 15:24:32,B,1053.35,1,16
2021-06-17 15:24:32,B,1053.3,1,7
2021-06-17 15:24:32,B,1053.2,2,27
2021-06-17 15:24:32,B,1053.05,1,10
2021-06-17 15:24:32,B,1053.0,1,25
2021-06-17 15:24:35,S,1055.35,2,8
2021-06-17 15:24:35,S,1055.4,1,30
2021-06-17 15:24:35,S,1055.5,1,7
2021-06-17 15:24:35,S,1055.55,1,18
2021-06-17 15:24:35,S,1055.65,1,10
2021-06-17 15:24:35,B,1053.35,1,16
2021-06-17 15:24:35,B,1053.3,1,7
2021-06-17 15:24:35,B,1053.2,2,27
2021-06-17 15:24:35,B,1053.05,1,10
2021-06-17 15:24:35,B,1053.0,1,25
2021-06-17 15:24:36,S,1055.25,1,5
2021-06-17 15:24:36,S,1055.3,1,40
2021-06-17 15:24:36,S,1055.4,1,10
2021-06-17 15:24:36,S,1055.55,1,18
2021-06-17 15:24:36,S,1055.65,1,10
2021-06-17 15:24:36,B,1053.65,1,16
2021-06-17 15:24:36,B,1053.6,1,10
2021-06-17 15:24:36,B,1053.5,2,51
2021-06-17 15:24:36,B,1053.2,1,1
2021-06-17 15:24:36,B,1053.05,1,10
2021-06-17 15:24:39,S,1055.3,1,5
2021-06-17 15:24:39,S,1055.35,1,25
2021-06-17 15:24:39,S,1055.45,1,14
2021-06-17 15:24:39,S,1055.65,2,19
2021-06-17 15:24:39,S,1055.7,2,83
2021-06-17 15:24:39,B,1053.75,2,23
2021-06-17 15:24:39,B,1053.7,2,51
2021-06-17 15:24:39,B,1053.25,1,1
2021-06-17 15:24:39,B,1053.05,1,10
2021-06-17 15:24:39,B,1053.0,1,25
2021-06-17 15:24:42,S,1055.2,1,6
2021-06-17 15:24:42,S,1055.25,1,25
2021-06-17 15:24:42,S,1055.6,1,14
2021-06-17 15:24:42,S,1055.65,2,19
2021-06-17 15:24:42,S,1055.7,2,83
2021-06-17 15:24:42,B,1053.95,1,16
2021-06-17 15:24:42,B,1053.9,1,9
2021-06-17 15:24:42,B,1053.8,2,51
2021-06-17 15:24:42,B,1053.25,1,1
2021-06-17 15:24:42,B,1053.05,1,10
2021-06-17 15:24:45,S,1055.2,1,6
2021-06-17 15:24:45,S,1055.25,1,25
2021-06-17 15:24:45,S,1055.6,1,14
2021-06-17 15:24:45,S,1055.65,2,19
2021-06-17 15:24:45,S,1055.7,2,83
2021-06-17 15:24:45,B,1053.95,1,16
2021-06-17 15:24:45,B,1053.9,1,9
2021-06-17 15:24:45,B,1053.8,2,51
2021-06-17 15:24:45,B,1053.25,1,1
2021-06-17 15:24:45,B,1053.05,1,10
2021-06-17 15:24:49,S,1055.1,1,6
2021-06-17 15:24:49,S,1055.15,1,30
2021-06-17 15:24:49,S,1055.6,1,14
2021-06-17 15:24:49,S,1055.65,2,19
2021-06-17 15:24:49,S,1055.7,2,83
2021-06-17 15:24:49,B,1054.1,2,51
2021-06-17 15:24:49,B,1053.25,1,16
2021-06-17 15:24:49,B,1053.2,2,11
2021-06-17 15:24:49,B,1053.15,1,1
2021-06-17 15:24:49,B,1053.05,1,10
2021-06-17 15:24:52,S,1055.0,1,6
2021-06-17 15:24:52,S,1055.05,1,30
2021-06-17 15:24:52,S,1055.5,1,18
2021-06-17 15:24:52,S,1055.55,1,10
2021-06-17 15:24:52,S,1055.65,1,10
2021-06-17 15:24:52,B,1053.6,2,27
2021-06-17 15:24:52,B,1053.55,2,51
2021-06-17 15:24:52,B,1053.15,1,1
2021-06-17 15:24:52,B,1053.1,2,4
2021-06-17 15:24:52,B,1053.05,1,10
2021-06-17 15:24:55,S,1055.0,1,6
2021-06-17 15:24:55,S,1055.05,1,30
2021-06-17 15:24:55,S,1055.5,1,18
2021-06-17 15:24:55,S,1055.55,1,10
2021-06-17 15:24:55,S,1055.65,1,10
2021-06-17 15:24:55,B,1053.6,2,27
2021-06-17 15:24:55,B,1053.55,2,51
2021-06-17 15:24:55,B,1053.15,1,1
2021-06-17 15:24:55,B,1053.1,2,4
2021-06-17 15:24:55,B,1053.05,1,10
2021-06-17 15:24:56,S,1055.45,1,45
2021-06-17 15:24:56,S,1055.65,1,10
2021-06-17 15:24:56,S,1055.7,2,83
2021-06-17 15:24:56,S,1056.6,1,2
2021-06-17 15:24:56,S,1056.7,1,25
2021-06-17 15:24:56,B,1053.8,2,30
2021-06-17 15:24:56,B,1053.75,1,1
2021-06-17 15:24:56,B,1053.65,2,51
2021-06-17 15:24:56,B,1053.5,1,1
2021-06-17 15:24:56,B,1053.15,1,1
2021-06-17 15:24:59,S,1055.45,1,45
2021-06-17 15:24:59,S,1055.65,1,10
2021-06-17 15:24:59,S,1055.7,2,83
2021-06-17 15:24:59,S,1056.6,2,27
2021-06-17 15:24:59,S,1056.65,1,26
2021-06-17 15:24:59,B,1053.9,2,34
2021-06-17 15:24:59,B,1053.85,2,51
2021-06-17 15:24:59,B,1053.75,1,1
2021-06-17 15:24:59,B,1053.5,1,1
2021-06-17 15:24:59,B,1053.25,1,2
2021-06-17 15:25:02,S,1054.9,1,50
2021-06-17 15:25:02,S,1054.95,1,15
2021-06-17 15:25:02,S,1055.45,1,45
2021-06-17 15:25:02,S,1055.65,2,12
2021-06-17 15:25:02,S,1055.7,2,83
2021-06-17 15:25:02,B,1053.75,1,1
2021-06-17 15:25:02,B,1053.35,2,28
2021-06-17 15:25:02,B,1053.3,1,26
2021-06-17 15:25:02,B,1053.15,1,1
2021-06-17 15:25:02,B,1053.05,1,10
2021-06-17 15:25:06,S,1054.8,2,76
2021-06-17 15:25:06,S,1054.85,1,226
2021-06-17 15:25:06,S,1054.95,1,15
2021-06-17 15:25:06,S,1055.6,1,26
2021-06-17 15:25:06,S,1055.65,1,25
2021-06-17 15:25:06,B,1054.0,1,5
2021-06-17 15:25:06,B,1053.75,1,1
2021-06-17 15:25:06,B,1053.5,1,16
2021-06-17 15:25:06,B,1053.45,1,26
2021-06-17 15:25:06,B,1053.2,1,26
2021-06-17 15:25:09,S,1054.7,1,50
2021-06-17 15:25:09,S,1054.75,1,226
2021-06-17 15:25:09,S,1054.95,1,15
2021-06-17 15:25:09,S,1055.6,1,28
2021-06-17 15:25:09,S,1055.7,2,83
2021-06-17 15:25:09,B,1054.0,1,5
2021-06-17 15:25:09,B,1053.75,1,1
2021-06-17 15:25:09,B,1053.4,2,42
2021-06-17 15:25:09,B,1053.35,1,26
2021-06-17 15:25:09,B,1053.15,1,1
2021-06-17 15:25:12,S,1054.7,1,50
2021-06-17 15:25:12,S,1054.75,1,226
2021-06-17 15:25:12,S,1054.8,1,1
2021-06-17 15:25:12,S,1054.95,1,15
2021-06-17 15:25:12,S,1055.55,1,26
2021-06-17 15:25:12,B,1054.0,1,5
2021-06-17 15:25:12,B,1053.75,1,1
2021-06-17 15:25:12,B,1053.6,1,16
2021-06-17 15:25:12,B,1053.55,1,24
2021-06-17 15:25:12,B,1053.45,1,26
2021-06-17 15:25:15,S,1054.65,1,50
2021-06-17 15:25:15,S,1054.7,1,226
2021-06-17 15:25:15,S,1054.8,1,1
2021-06-17 15:25:15,S,1054.95,2,39
2021-06-17 15:25:15,S,1055.65,1,26
2021-06-17 15:25:15,B,1054.0,1,5
2021-06-17 15:25:15,B,1053.75,1,1
2021-06-17 15:25:15,B,1053.5,1,16
2021-06-17 15:25:15,B,1053.45,1,26
2021-06-17 15:25:15,B,1053.2,1,24
2021-06-17 15:25:18,S,1054.65,1,50
2021-06-17 15:25:18,S,1054.7,1,226
2021-06-17 15:25:18,S,1054.8,1,1
2021-06-17 15:25:18,S,1054.95,2,39
2021-06-17 15:25:18,S,1055.65,1,26
2021-06-17 15:25:18,B,1054.0,1,5
2021-06-17 15:25:18,B,1053.75,1,1
2021-06-17 15:25:18,B,1053.5,1,16
2021-06-17 15:25:18,B,1053.45,1,26
2021-06-17 15:25:18,B,1053.2,1,24
2021-06-17 15:25:20,S,1054.65,1,50
2021-06-17 15:25:20,S,1054.7,1,226
2021-06-17 15:25:20,S,1054.8,1,1
2021-06-17 15:25:20,S,1054.95,2,39
2021-06-17 15:25:20,S,1055.65,1,26
2021-06-17 15:25:20,B,1054.0,1,5
2021-06-17 15:25:20,B,1053.75,1,1
2021-06-17 15:25:20,B,1053.5,1,16
2021-06-17 15:25:20,B,1053.45,1,26
2021-06-17 15:25:20,B,1053.2,1,24
2021-06-17 15:25:22,S,1054.6,2,197
2021-06-17 15:25:22,S,1054.95,1,15
2021-06-17 15:25:22,S,1055.55,2,49
2021-06-17 15:25:22,S,1055.7,2,83
2021-06-17 15:25:22,S,1056.75,3,3
2021-06-17 15:25:22,B,1053.75,1,1
2021-06-17 15:25:22,B,1053.65,1,26
2021-06-17 15:25:22,B,1053.6,1,23
2021-06-17 15:25:22,B,1053.25,1,16
2021-06-17 15:25:22,B,1053.2,1,14
2021-06-17 15:25:25,S,1054.55,2,6
2021-06-17 15:25:25,S,1054.95,1,15
2021-06-17 15:25:25,S,1055.55,1,23
2021-06-17 15:25:25,S,1055.7,2,83
2021-06-17 15:25:25,S,1056.75,3,3
2021-06-17 15:25:25,B,1054.1,2,30
2021-06-17 15:25:25,B,1054.05,2,51
2021-06-17 15:25:25,B,1053.95,1,9
2021-06-17 15:25:25,B,1053.75,1,1
2021-06-17 15:25:25,B,1053.15,1,1
2021-06-17 15:25:30,S,1054.55,2,6
2021-06-17 15:25:30,S,1054.95,1,15
2021-06-17 15:25:30,S,1055.55,1,23
2021-06-17 15:25:30,S,1055.7,2,83
2021-06-17 15:25:30,S,1056.75,3,3
2021-06-17 15:25:30,B,1054.1,2,30
2021-06-17 15:25:30,B,1054.05,2,51
2021-06-17 15:25:30,B,1053.95,1,9
2021-06-17 15:25:30,B,1053.75,1,1
2021-06-17 15:25:30,B,1053.15,1,1
2021-06-17 15:25:31,S,1054.55,2,6
2021-06-17 15:25:31,S,1054.85,1,16
2021-06-17 15:25:31,S,1054.9,1,25
2021-06-17 15:25:31,S,1054.95,1,15
2021-06-17 15:25:31,S,1055.55,1,23
2021-06-17 15:25:31,B,1053.8,1,7
2021-06-17 15:25:31,B,1053.75,1,1
2021-06-17 15:25:31,B,1053.3,1,16
2021-06-17 15:25:31,B,1053.25,1,26
2021-06-17 15:25:31,B,1053.15,1,1
2021-06-17 15:25:34,S,1054.5,2,6
2021-06-17 15:25:34,S,1054.9,1,16
2021-06-17 15:25:34,S,1054.95,2,30
2021-06-17 15:25:34,S,1055.55,1,23
2021-06-17 15:25:34,S,1055.65,1,25
2021-06-17 15:25:34,B,1053.75,1,1
2021-06-17 15:25:34,B,1053.7,1,3
2021-06-17 15:25:34,B,1053.65,1,16
2021-06-17 15:25:34,B,1053.6,1,26
2021-06-17 15:25:34,B,1053.15,1,1
2021-06-17 15:25:38,S,1054.45,1,10
2021-06-17 15:25:38,S,1054.5,2,2
2021-06-17 15:25:38,S,1054.9,1,16
2021-06-17 15:25:38,S,1054.95,2,30
2021-06-17 15:25:38,S,1055.55,1,23
2021-06-17 15:25:38,B,1053.85,1,7
2021-06-17 15:25:38,B,1053.75,1,1
2021-06-17 15:25:38,B,1053.3,1,16
2021-06-17 15:25:38,B,1053.25,1,26
2021-06-17 15:25:38,B,1053.15,1,1
2021-06-17 15:25:41,S,1054.45,1,10
2021-06-17 15:25:41,S,1054.5,2,2
2021-06-17 15:25:41,S,1054.9,1,16
2021-06-17 15:25:41,S,1054.95,2,30
2021-06-17 15:25:41,S,1055.55,1,23
2021-06-17 15:25:41,B,1053.85,1,7
2021-06-17 15:25:41,B,1053.75,1,1
2021-06-17 15:25:41,B,1053.3,1,16
2021-06-17 15:25:41,B,1053.25,1,26
2021-06-17 15:25:41,B,1053.15,1,1
2021-06-17 15:25:42,S,1054.45,2,10
2021-06-17 15:25:42,S,1054.5,1,1
2021-06-17 15:25:42,S,1054.9,1,16
2021-06-17 15:25:42,S,1054.95,2,30
2021-06-17 15:25:42,S,1055.5,1,25
2021-06-17 15:25:42,B,1053.85,1,7
2021-06-17 15:25:42,B,1053.75,1,1
2021-06-17 15:25:42,B,1053.5,1,16
2021-06-17 15:25:42,B,1053.45,1,26
2021-06-17 15:25:42,B,1053.15,1,1
2021-06-17 15:25:45,S,1054.4,1,5
2021-06-17 15:25:45,S,1054.45,1,1
2021-06-17 15:25:45,S,1054.5,1,1
2021-06-17 15:25:45,S,1054.95,2,30
2021-06-17 15:25:45,S,1055.6,1,16
2021-06-17 15:25:45,B,1054.05,3,53
2021-06-17 15:25:45,B,1054.0,2,101
2021-06-17 15:25:45,B,1053.75,1,1
2021-06-17 15:25:45,B,1053.15,1,1
2021-06-17 15:25:45,B,1053.05,2,35
2021-06-17 15:25:48,S,1054.9,2,136
2021-06-17 15:25:48,S,1054.95,2,24
2021-06-17 15:25:48,S,1055.65,1,25
2021-06-17 15:25:48,S,1055.7,2,83
2021-06-17 15:25:48,S,1056.8,4,41
2021-06-17 15:25:48,B,1054.05,2,37
2021-06-17 15:25:48,B,1054.0,2,101
2021-06-17 15:25:48,B,1053.8,1,16
2021-06-17 15:25:48,B,1053.75,1,1
2021-06-17 15:25:48,B,1053.15,1,1
2021-06-17 15:25:51,S,1054.9,2,136
2021-06-17 15:25:51,S,1054.95,2,24
2021-06-17 15:25:51,S,1055.65,1,25
2021-06-17 15:25:51,S,1055.7,2,83
2021-06-17 15:25:51,S,1056.8,4,41
2021-06-17 15:25:51,B,1054.05,2,37
2021-06-17 15:25:51,B,1054.0,2,101
2021-06-17 15:25:51,B,1053.8,1,16
2021-06-17 15:25:51,B,1053.75,1,1
2021-06-17 15:25:51,B,1053.15,1,1
2021-06-17 15:25:55,S,1054.85,1,80
2021-06-17 15:25:55,S,1054.95,2,24
2021-06-17 15:25:55,S,1055.5,1,16
2021-06-17 15:25:55,S,1055.55,1,25
2021-06-17 15:25:55,S,1055.6,1,22
2021-06-17 15:25:55,B,1054.05,2,42
2021-06-17 15:25:55,B,1054.0,2,101
2021-06-17 15:25:55,B,1053.8,1,22
2021-06-17 15:25:55,B,1053.75,1,1
2021-06-17 15:25:55,B,1053.15,1,1
2021-06-17 15:26:01,S,1054.9,1,120
2021-06-17 15:26:01,S,1054.95,2,24
2021-06-17 15:26:01,S,1055.65,1,16
2021-06-17 15:26:01,S,1055.7,3,110
2021-06-17 15:26:01,S,1056.8,3,28
2021-06-17 15:26:01,B,1054.05,1,26
2021-06-17 15:26:01,B,1054.0,3,106
2021-06-17 15:26:01,B,1053.8,2,42
2021-06-17 15:26:01,B,1053.75,1,1
2021-06-17 15:26:01,B,1053.15,1,1
2021-06-17 15:26:07,S,1054.85,1,5
2021-06-17 15:26:07,S,1054.9,2,135
2021-06-17 15:26:07,S,1054.95,2,24
2021-06-17 15:26:07,S,1055.65,1,16
2021-06-17 15:26:07,S,1055.7,3,110
2021-06-17 15:26:07,B,1054.1,1,13
2021-06-17 15:26:07,B,1054.05,1,2
2021-06-17 15:26:07,B,1054.0,3,106
2021-06-17 15:26:07,B,1053.8,2,42
2021-06-17 15:26:07,B,1053.75,1,1
2021-06-17 15:26:09,S,1054.85,1,5
2021-06-17 15:26:09,S,1054.9,2,135
2021-06-17 15:26:09,S,1054.95,2,24
2021-06-17 15:26:09,S,1055.65,1,16
2021-06-17 15:26:09,S,1055.7,3,110
2021-06-17 15:26:09,B,1054.1,1,13
2021-06-17 15:26:09,B,1054.05,1,2
2021-06-17 15:26:09,B,1054.0,3,106
2021-06-17 15:26:09,B,1053.8,2,42
2021-06-17 15:26:09,B,1053.75,1,1
2021-06-17 15:26:11,S,1054.75,1,5
2021-06-17 15:26:11,S,1054.8,1,25
2021-06-17 15:26:11,S,1054.9,1,15
2021-06-17 15:26:11,S,1054.95,2,24
2021-06-17 15:26:11,S,1055.65,1,16
2021-06-17 15:26:11,B,1054.7,1,10
2021-06-17 15:26:11,B,1054.65,1,13
2021-06-17 15:26:11,B,1054.1,1,16
2021-06-17 15:26:11,B,1054.05,1,2
2021-06-17 15:26:11,B,1054.0,3,106
2021-06-17 15:26:13,S,1054.75,1,5
2021-06-17 15:26:13,S,1054.8,1,25
2021-06-17 15:26:13,S,1054.9,1,15
2021-06-17 15:26:13,S,1054.95,2,24
2021-06-17 15:26:13,S,1055.65,1,16
2021-06-17 15:26:13,B,1054.7,1,10
2021-06-17 15:26:13,B,1054.65,1,13
2021-06-17 15:26:13,B,1054.1,1,16
2021-06-17 15:26:13,B,1054.05,1,2
2021-06-17 15:26:13,B,1054.0,3,106
2021-06-17 15:26:14,S,1054.75,1,5
2021-06-17 15:26:14,S,1054.8,1,25
2021-06-17 15:26:14,S,1054.9,1,15
2021-06-17 15:26:14,S,1054.95,2,24
2021-06-17 15:26:14,S,1055.65,1,16
2021-06-17 15:26:14,B,1054.7,1,10
2021-06-17 15:26:14,B,1054.65,1,13
2021-06-17 15:26:14,B,1054.1,1,16
2021-06-17 15:26:14,B,1054.05,1,2
2021-06-17 15:26:14,B,1054.0,3,106
2021-06-17 15:26:15,S,1054.75,1,5
2021-06-17 15:26:15,S,1054.8,1,25
2021-06-17 15:26:15,S,1054.9,1,15
2021-06-17 15:26:15,S,1054.95,2,24
2021-06-17 15:26:15,S,1055.65,1,16
2021-06-17 15:26:15,B,1054.7,1,10
2021-06-17 15:26:15,B,1054.65,1,13
2021-06-17 15:26:15,B,1054.1,1,16
2021-06-17 15:26:15,B,1054.05,1,2
2021-06-17 15:26:15,B,1054.0,3,106
2021-06-17 15:26:16,S,1054.75,1,5
2021-06-17 15:26:16,S,1054.8,1,25
2021-06-17 15:26:16,S,1054.9,1,15
2021-06-17 15:26:16,S,1054.95,2,24
2021-06-17 15:26:16,S,1055.65,1,16
2021-06-17 15:26:16,B,1054.7,1,10
2021-06-17 15:26:16,B,1054.65,1,13
2021-06-17 15:26:16,B,1054.1,1,16
2021-06-17 15:26:16,B,1054.05,1,2
2021-06-17 15:26:16,B,1054.0,3,106
2021-06-17 15:26:18,S,1054.65,1,16
2021-06-17 15:26:18,S,1054.7,1,15
2021-06-17 15:26:18,S,1054.85,1,75
2021-06-17 15:26:18,S,1054.9,1,15
2021-06-17 15:26:18,S,1054.95,2,24
2021-06-17 15:26:18,B,1054.0,3,17
2021-06-17 15:26:18,B,1053.75,1,1
2021-06-17 15:26:18,B,1053.15,1,1
2021-06-17 15:26:18,B,1053.05,1,10
2021-06-17 15:26:18,B,1053.0,5,79
2021-06-17 15:26:21,S,1054.55,1,16
2021-06-17 15:26:21,S,1054.6,1,80
2021-06-17 15:26:21,S,1054.7,1,15
2021-06-17 15:26:21,S,1054.9,1,15
2021-06-17 15:26:21,S,1054.95,2,24
2021-06-17 15:26:21,B,1054.0,3,17
2021-06-17 15:26:21,B,1053.75,1,1
2021-06-17 15:26:21,B,1053.15,1,1
2021-06-17 15:26:21,B,1053.05,1,10
2021-06-17 15:26:21,B,1053.0,5,79
2021-06-17 15:26:24,S,1054.55,1,16
2021-06-17 15:26:24,S,1054.6,1,80
2021-06-17 15:26:24,S,1054.7,1,15
2021-06-17 15:26:24,S,1054.9,1,15
2021-06-17 15:26:24,S,1054.95,2,24
2021-06-17 15:26:24,B,1054.0,3,17
2021-06-17 15:26:24,B,1053.75,1,1
2021-06-17 15:26:24,B,1053.2,1,1
2021-06-17 15:26:24,B,1053.15,1,1
2021-06-17 15:26:24,B,1053.05,1,10
2021-06-17 15:26:27,S,1054.55,1,16
2021-06-17 15:26:27,S,1054.6,1,80
2021-06-17 15:26:27,S,1054.7,1,15
2021-06-17 15:26:27,S,1054.9,1,15
2021-06-17 15:26:27,S,1054.95,2,24
2021-06-17 15:26:27,B,1054.0,3,17
2021-06-17 15:26:27,B,1053.75,1,1
2021-06-17 15:26:27,B,1053.2,1,1
2021-06-17 15:26:27,B,1053.15,1,1
2021-06-17 15:26:27,B,1053.05,1,10
2021-06-17 15:26:27,S,1054.55,1,16
2021-06-17 15:26:27,S,1054.6,1,80
2021-06-17 15:26:27,S,1054.7,1,15
2021-06-17 15:26:27,S,1054.9,1,15
2021-06-17 15:26:27,S,1054.95,2,24
2021-06-17 15:26:27,B,1054.0,3,17
2021-06-17 15:26:27,B,1053.75,1,1
2021-06-17 15:26:27,B,1053.2,1,1
2021-06-17 15:26:27,B,1053.15,1,1
2021-06-17 15:26:27,B,1053.05,1,10
2021-06-17 15:26:30,S,1054.55,1,16
2021-06-17 15:26:30,S,1054.6,1,80
2021-06-17 15:26:30,S,1054.7,1,15
2021-06-17 15:26:30,S,1054.9,1,15
2021-06-17 15:26:30,S,1054.95,2,24
2021-06-17 15:26:30,B,1054.0,2,10
2021-06-17 15:26:30,B,1053.75,1,1
2021-06-17 15:26:30,B,1053.2,1,1
2021-06-17 15:26:30,B,1053.15,1,1
2021-06-17 15:26:30,B,1053.05,1,10
2021-06-17 15:26:34,S,1054.55,1,16
2021-06-17 15:26:34,S,1054.6,1,80
2021-06-17 15:26:34,S,1054.7,1,15
2021-06-17 15:26:34,S,1054.9,1,15
2021-06-17 15:26:34,S,1054.95,2,24
2021-06-17 15:26:34,B,1054.0,1,2
2021-06-17 15:26:34,B,1053.75,1,1
2021-06-17 15:26:34,B,1053.2,1,1
2021-06-17 15:26:34,B,1053.15,1,1
2021-06-17 15:26:34,B,1053.05,1,10
2021-06-17 15:26:40,S,1054.45,1,16
2021-06-17 15:26:40,S,1054.5,1,80
2021-06-17 15:26:40,S,1054.7,1,15
2021-06-17 15:26:40,S,1054.9,1,15
2021-06-17 15:26:40,S,1054.95,2,24
2021-06-17 15:26:40,B,1054.0,2,10
2021-06-17 15:26:40,B,1053.75,1,1
2021-06-17 15:26:40,B,1053.2,1,1
2021-06-17 15:26:40,B,1053.15,1,1
2021-06-17 15:26:40,B,1053.05,1,10
2021-06-17 15:26:43,S,1054.6,1,80
2021-06-17 15:26:43,S,1054.65,1,16
2021-06-17 15:26:43,S,1054.7,1,15
2021-06-17 15:26:43,S,1054.9,1,15
2021-06-17 15:26:43,S,1054.95,2,24
2021-06-17 15:26:43,B,1054.0,2,52
2021-06-17 15:26:43,B,1053.75,1,1
2021-06-17 15:26:43,B,1053.2,1,1
2021-06-17 15:26:43,B,1053.15,1,1
2021-06-17 15:26:43,B,1053.05,1,10
2021-06-17 15:26:48,S,1054.6,1,80
2021-06-17 15:26:48,S,1054.65,1,16
2021-06-17 15:26:48,S,1054.7,1,15
2021-06-17 15:26:48,S,1054.9,1,15
2021-06-17 15:26:48,S,1054.95,2,24
2021-06-17 15:26:48,B,1054.0,2,52
2021-06-17 15:26:48,B,1053.75,1,1
2021-06-17 15:26:48,B,1053.2,1,1
2021-06-17 15:26:48,B,1053.15,1,1
2021-06-17 15:26:48,B,1053.05,1,10
2021-06-17 15:26:49,S,1053.9,1,16
2021-06-17 15:26:49,S,1053.95,1,165
2021-06-17 15:26:49,S,1054.0,1,40
2021-06-17 15:26:49,S,1054.7,1,15
2021-06-17 15:26:49,S,1054.9,1,15
2021-06-17 15:26:49,B,1053.75,1,1
2021-06-17 15:26:49,B,1053.15,1,1
2021-06-17 15:26:49,B,1053.05,1,10
2021-06-17 15:26:49,B,1053.0,5,79
2021-06-17 15:26:49,B,1052.05,1,1
2021-06-17 15:26:51,S,1053.9,1,16
2021-06-17 15:26:51,S,1053.95,1,165
2021-06-17 15:26:51,S,1054.0,1,40
2021-06-17 15:26:51,S,1054.7,1,15
2021-06-17 15:26:51,S,1054.9,1,15
2021-06-17 15:26:51,B,1053.75,1,1
2021-06-17 15:26:51,B,1053.15,1,1
2021-06-17 15:26:51,B,1053.05,1,10
2021-06-17 15:26:51,B,1053.0,5,79
2021-06-17 15:26:51,B,1052.05,1,1
2021-06-17 15:26:52,S,1053.9,1,16
2021-06-17 15:26:52,S,1053.95,1,165
2021-06-17 15:26:52,S,1054.0,1,40
2021-06-17 15:26:52,S,1054.7,1,15
2021-06-17 15:26:52,S,1054.9,1,15
2021-06-17 15:26:52,B,1053.75,1,1
2021-06-17 15:26:52,B,1053.15,1,1
2021-06-17 15:26:52,B,1053.05,1,10
2021-06-17 15:26:52,B,1053.0,5,79
2021-06-17 15:26:52,B,1052.05,1,1
2021-06-17 15:26:52,S,1053.85,1,80
2021-06-17 15:26:52,S,1053.95,1,16
2021-06-17 15:26:52,S,1054.0,1,40
2021-06-17 15:26:52,S,1054.7,1,15
2021-06-17 15:26:52,S,1054.9,1,15
2021-06-17 15:26:52,B,1053.15,1,1
2021-06-17 15:26:52,B,1053.05,1,10
2021-06-17 15:26:52,B,1053.0,5,79
2021-06-17 15:26:52,B,1052.05,1,12
2021-06-17 15:26:52,B,1052.0,4,559
2021-06-17 15:26:55,S,1053.85,1,80
2021-06-17 15:26:55,S,1053.95,1,16
2021-06-17 15:26:55,S,1054.0,2,46
2021-06-17 15:26:55,S,1054.7,1,15
2021-06-17 15:26:55,S,1054.9,1,15
2021-06-17 15:26:55,B,1053.15,1,1
2021-06-17 15:26:55,B,1053.05,1,10
2021-06-17 15:26:55,B,1053.0,5,79
2021-06-17 15:26:55,B,1052.05,1,12
2021-06-17 15:26:55,B,1052.0,4,559
2021-06-17 15:26:58,S,1053.9,1,16
2021-06-17 15:26:58,S,1053.95,1,165
2021-06-17 15:26:58,S,1054.0,2,46
2021-06-17 15:26:58,S,1054.7,1,15
2021-06-17 15:26:58,S,1054.9,1,15
2021-06-17 15:26:58,B,1053.15,1,1
2021-06-17 15:26:58,B,1053.05,1,10
2021-06-17 15:26:58,B,1053.0,5,79
2021-06-17 15:26:58,B,1052.05,1,12
2021-06-17 15:26:58,B,1052.0,4,559
2021-06-17 15:27:02,S,1053.9,2,17
2021-06-17 15:27:02,S,1053.95,1,165
2021-06-17 15:27:02,S,1054.0,2,46
2021-06-17 15:27:02,S,1054.7,1,15
2021-06-17 15:27:02,S,1054.75,1,5
2021-06-17 15:27:02,B,1053.15,1,1
2021-06-17 15:27:02,B,1053.05,1,10
2021-06-17 15:27:02,B,1053.0,5,79
2021-06-17 15:27:02,B,1052.05,1,12
2021-06-17 15:27:02,B,1052.0,4,559
2021-06-17 15:27:07,S,1053.9,2,17
2021-06-17 15:27:07,S,1053.95,1,165
2021-06-17 15:27:07,S,1054.0,2,46
2021-06-17 15:27:07,S,1054.7,1,15
2021-06-17 15:27:07,S,1054.75,1,5
2021-06-17 15:27:07,B,1053.15,1,1
2021-06-17 15:27:07,B,1053.05,1,10
2021-06-17 15:27:07,B,1053.0,5,79
2021-06-17 15:27:07,B,1052.05,1,12
2021-06-17 15:27:07,B,1052.0,4,559
2021-06-17 15:27:07,S,1053.85,1,5
2021-06-17 15:27:07,S,1053.9,1,1
2021-06-17 15:27:07,S,1054.0,2,46
2021-06-17 15:27:07,S,1054.65,1,16
2021-06-17 15:27:07,S,1054.7,1,15
2021-06-17 15:27:07,B,1053.15,2,10
2021-06-17 15:27:07,B,1053.1,1,1
2021-06-17 15:27:07,B,1053.05,1,10
2021-06-17 15:27:07,B,1053.0,4,78
2021-06-17 15:27:07,B,1052.05,1,12
2021-06-17 15:27:09,S,1053.85,1,5
2021-06-17 15:27:09,S,1053.9,1,1
2021-06-17 15:27:09,S,1054.0,2,46
2021-06-17 15:27:09,S,1054.65,1,16
2021-06-17 15:27:09,S,1054.7,1,15
2021-06-17 15:27:09,B,1053.15,2,10
2021-06-17 15:27:09,B,1053.1,1,1
2021-06-17 15:27:09,B,1053.05,1,10
2021-06-17 15:27:09,B,1053.0,4,78
2021-06-17 15:27:09,B,1052.05,1,12
2021-06-17 15:27:11,S,1053.9,1,16
2021-06-17 15:27:11,S,1053.95,1,155
2021-06-17 15:27:11,S,1054.0,2,34
2021-06-17 15:27:11,S,1054.7,1,15
2021-06-17 15:27:11,S,1054.75,1,5
2021-06-17 15:27:11,B,1053.15,3,12
2021-06-17 15:27:11,B,1053.1,1,1
2021-06-17 15:27:11,B,1053.05,1,10
2021-06-17 15:27:11,B,1053.0,4,78
2021-06-17 15:27:11,B,1052.05,1,12
2021-06-17 15:27:14,S,1053.95,1,150
2021-06-17 15:27:14,S,1054.0,2,34
2021-06-17 15:27:14,S,1054.65,1,16
2021-06-17 15:27:14,S,1054.7,1,15
2021-06-17 15:27:14,S,1054.75,1,5
2021-06-17 15:27:14,B,1053.85,3,17
2021-06-17 15:27:14,B,1053.2,1,6
2021-06-17 15:27:14,B,1053.15,2,6
2021-06-17 15:27:14,B,1053.1,2,13
2021-06-17 15:27:14,B,1053.05,1,10
2021-06-17 15:27:17,S,1053.95,1,150
2021-06-17 15:27:17,S,1054.0,2,34
2021-06-17 15:27:17,S,1054.65,1,16
2021-06-17 15:27:17,S,1054.7,1,15
2021-06-17 15:27:17,S,1054.75,1,5
2021-06-17 15:27:17,B,1053.85,3,17
2021-06-17 15:27:17,B,1053.2,1,6
2021-06-17 15:27:17,B,1053.15,2,6
2021-06-17 15:27:17,B,1053.1,2,13
2021-06-17 15:27:17,B,1053.05,1,10
2021-06-17 15:27:18,S,1053.95,1,150
2021-06-17 15:27:18,S,1054.0,2,34
2021-06-17 15:27:18,S,1054.65,1,16
2021-06-17 15:27:18,S,1054.7,1,15
2021-06-17 15:27:18,S,1054.75,1,5
2021-06-17 15:27:18,B,1053.85,1,2
2021-06-17 15:27:18,B,1053.8,1,6
2021-06-17 15:27:18,B,1053.2,1,6
2021-06-17 15:27:18,B,1053.15,2,6
2021-06-17 15:27:18,B,1053.1,2,13
2021-06-17 15:27:21,S,1053.95,1,150
2021-06-17 15:27:21,S,1054.0,2,34
2021-06-17 15:27:21,S,1054.65,1,16
2021-06-17 15:27:21,S,1054.7,1,15
2021-06-17 15:27:21,S,1054.75,1,5
2021-06-17 15:27:21,B,1053.85,1,2
2021-06-17 15:27:21,B,1053.8,1,7
2021-06-17 15:27:21,B,1053.2,1,6
2021-06-17 15:27:21,B,1053.15,2,6
2021-06-17 15:27:21,B,1053.1,2,13
2021-06-17 15:27:22,S,1053.95,1,150
2021-06-17 15:27:22,S,1054.0,2,34
2021-06-17 15:27:22,S,1054.65,1,16
2021-06-17 15:27:22,S,1054.7,1,15
2021-06-17 15:27:22,S,1054.75,1,5
2021-06-17 15:27:22,B,1053.85,1,2
2021-06-17 15:27:22,B,1053.8,1,7
2021-06-17 15:27:22,B,1053.2,1,6
2021-06-17 15:27:22,B,1053.15,2,6
2021-06-17 15:27:22,B,1053.1,2,13
2021-06-17 15:27:24,S,1053.95,1,45
2021-06-17 15:27:24,S,1054.0,2,34
2021-06-17 15:27:24,S,1054.65,1,16
2021-06-17 15:27:24,S,1054.7,1,15
2021-06-17 15:27:24,S,1054.75,1,5
2021-06-17 15:27:24,B,1053.2,1,6
2021-06-17 15:27:24,B,1053.15,1,1
2021-06-17 15:27:24,B,1053.1,1,1
2021-06-17 15:27:24,B,1053.05,1,10
2021-06-17 15:27:24,B,1053.0,4,78
2021-06-17 15:27:30,S,1054.0,2,34
2021-06-17 15:27:30,S,1054.7,1,15
2021-06-17 15:27:30,S,1054.75,1,5
2021-06-17 15:27:30,S,1054.85,1,16
2021-06-17 15:27:30,S,1054.9,1,15
2021-06-17 15:27:30,B,1053.85,2,166
2021-06-17 15:27:30,B,1053.8,1,8
2021-06-17 15:27:30,B,1053.2,1,12
2021-06-17 15:27:30,B,1053.15,1,1
2021-06-17 15:27:30,B,1053.1,1,1
2021-06-17 15:27:33,S,1054.0,2,34
2021-06-17 15:27:33,S,1054.7,1,15
2021-06-17 15:27:33,S,1054.75,1,5
2021-06-17 15:27:33,S,1054.85,1,16
2021-06-17 15:27:33,S,1054.9,1,15
2021-06-17 15:27:33,B,1053.85,2,166
2021-06-17 15:27:33,B,1053.8,1,8
2021-06-17 15:27:33,B,1053.2,1,12
2021-06-17 15:27:33,B,1053.15,1,1
2021-06-17 15:27:33,B,1053.1,1,1
2021-06-17 15:27:34,S,1053.95,1,16
2021-06-17 15:27:34,S,1054.0,2,34
2021-06-17 15:27:34,S,1054.7,1,15
2021-06-17 15:27:34,S,1054.75,1,5
2021-06-17 15:27:34,S,1054.9,1,15
2021-06-17 15:27:34,B,1052.0,1,224
2021-06-17 15:27:34,B,1051.0,2,19
2021-06-17 15:27:34,B,1050.1,1,10
2021-06-17 15:27:34,B,1050.0,52,633
2021-06-17 15:27:34,B,1049.6,1,1
2021-06-17 15:27:35,S,1053.95,1,16
2021-06-17 15:27:35,S,1054.0,2,34
2021-06-17 15:27:35,S,1054.7,1,15
2021-06-17 15:27:35,S,1054.75,1,5
2021-06-17 15:27:35,S,1054.9,1,15
2021-06-17 15:27:35,B,1052.0,1,224
2021-06-17 15:27:35,B,1051.0,2,19
2021-06-17 15:27:35,B,1050.1,1,10
2021-06-17 15:27:35,B,1050.0,52,633
2021-06-17 15:27:35,B,1049.6,1,1
2021-06-17 15:27:37,S,1053.5,1,3
2021-06-17 15:27:37,S,1053.95,1,16
2021-06-17 15:27:37,S,1054.0,2,34
2021-06-17 15:27:37,S,1054.7,1,15
2021-06-17 15:27:37,S,1054.75,1,5
2021-06-17 15:27:37,B,1052.0,1,221
2021-06-17 15:27:37,B,1051.0,2,19
2021-06-17 15:27:37,B,1050.1,1,10
2021-06-17 15:27:37,B,1050.0,52,633
2021-06-17 15:27:37,B,1049.6,1,1
2021-06-17 15:27:40,S,1053.05,1,3
2021-06-17 15:27:40,S,1053.5,1,3
2021-06-17 15:27:40,S,1053.95,1,16
2021-06-17 15:27:40,S,1054.0,2,34
2021-06-17 15:27:40,S,1054.7,1,15
2021-06-17 15:27:40,B,1052.0,1,221
2021-06-17 15:27:40,B,1051.0,2,19
2021-06-17 15:27:40,B,1050.1,1,10
2021-06-17 15:27:40,B,1050.0,52,633
2021-06-17 15:27:40,B,1049.6,1,1
2021-06-17 15:27:43,S,1052.6,1,3
2021-06-17 15:27:43,S,1053.05,1,3
2021-06-17 15:27:43,S,1053.95,1,16
2021-06-17 15:27:43,S,1054.0,2,34
2021-06-17 15:27:43,S,1054.7,1,15
2021-06-17 15:27:43,B,1052.0,1,221
2021-06-17 15:27:43,B,1051.0,2,19
2021-06-17 15:27:43,B,1050.1,1,10
2021-06-17 15:27:43,B,1050.0,52,633
2021-06-17 15:27:43,B,1049.6,1,1
2021-06-17 15:27:46,S,1052.3,1,3
2021-06-17 15:27:46,S,1052.6,1,3
2021-06-17 15:27:46,S,1053.0,1,6
2021-06-17 15:27:46,S,1053.95,1,16
2021-06-17 15:27:46,S,1054.0,1,28
2021-06-17 15:27:46,B,1052.0,1,221
2021-06-17 15:27:46,B,1051.0,2,19
2021-06-17 15:27:46,B,1050.1,1,10
2021-06-17 15:27:46,B,1050.0,52,633
2021-06-17 15:27:46,B,1049.6,1,1
2021-06-17 15:27:48,S,1052.3,1,3
2021-06-17 15:27:48,S,1052.6,1,3
2021-06-17 15:27:48,S,1053.0,1,6
2021-06-17 15:27:48,S,1053.95,1,16
2021-06-17 15:27:48,S,1054.0,1,28
2021-06-17 15:27:48,B,1052.0,1,221
2021-06-17 15:27:48,B,1051.0,2,19
2021-06-17 15:27:48,B,1050.1,1,10
2021-06-17 15:27:48,B,1050.0,52,633
2021-06-17 15:27:48,B,1049.6,1,1
2021-06-17 15:27:49,S,1052.15,1,3
2021-06-17 15:27:49,S,1052.3,1,3
2021-06-17 15:27:49,S,1053.0,1,6
2021-06-17 15:27:49,S,1053.95,1,16
2021-06-17 15:27:49,S,1054.0,1,28
2021-06-17 15:27:49,B,1052.0,1,201
2021-06-17 15:27:49,B,1051.0,2,19
2021-06-17 15:27:49,B,1050.1,1,10
2021-06-17 15:27:49,B,1050.0,52,633
2021-06-17 15:27:49,B,1049.6,1,1
2021-06-17 15:27:51,S,1052.15,1,3
2021-06-17 15:27:51,S,1052.3,1,3
2021-06-17 15:27:51,S,1053.0,1,6
2021-06-17 15:27:51,S,1053.95,1,16
2021-06-17 15:27:51,S,1054.0,1,28
2021-06-17 15:27:51,B,1052.0,1,201
2021-06-17 15:27:51,B,1051.0,2,19
2021-06-17 15:27:51,B,1050.1,1,10
2021-06-17 15:27:51,B,1050.0,52,633
2021-06-17 15:27:51,B,1049.6,1,1
2021-06-17 15:27:52,S,1052.3,1,3
2021-06-17 15:27:52,S,1053.0,1,6
2021-06-17 15:27:52,S,1053.95,1,16
2021-06-17 15:27:52,S,1054.0,1,28
2021-06-17 15:27:52,S,1054.7,1,15
2021-06-17 15:27:52,B,1052.0,1,201
2021-06-17 15:27:52,B,1051.0,2,19
2021-06-17 15:27:52,B,1050.1,1,10
2021-06-17 15:27:52,B,1050.0,52,642
2021-06-17 15:27:52,B,1049.6,1,1
2021-06-17 15:27:57,S,1052.3,1,3
2021-06-17 15:27:57,S,1053.0,1,6
2021-06-17 15:27:57,S,1053.95,1,16
2021-06-17 15:27:57,S,1054.0,1,28
2021-06-17 15:27:57,S,1054.7,1,15
2021-06-17 15:27:57,B,1052.0,1,201
2021-06-17 15:27:57,B,1051.0,2,19
2021-06-17 15:27:57,B,1050.1,1,10
2021-06-17 15:27:57,B,1050.0,52,642
2021-06-17 15:27:57,B,1049.6,1,1
2021-06-17 15:27:58,S,1053.0,1,6
2021-06-17 15:27:58,S,1053.95,1,16
2021-06-17 15:27:58,S,1054.0,1,28
2021-06-17 15:27:58,S,1054.7,1,15
2021-06-17 15:27:58,S,1054.75,1,5
2021-06-17 15:27:58,B,1052.3,1,8
2021-06-17 15:27:58,B,1052.0,2,210
2021-06-17 15:27:58,B,1051.15,1,1
2021-06-17 15:27:58,B,1051.0,1,10
2021-06-17 15:27:58,B,1050.1,1,10
2021-06-17 15:28:01,S,1053.95,1,16
2021-06-17 15:28:01,S,1054.0,1,28
2021-06-17 15:28:01,S,1054.7,1,15
2021-06-17 15:28:01,S,1054.75,1,5
2021-06-17 15:28:01,S,1054.9,1,15
2021-06-17 15:28:01,B,1052.35,1,4
2021-06-17 15:28:01,B,1052.3,1,8
2021-06-17 15:28:01,B,1052.15,1,5
2021-06-17 15:28:01,B,1052.0,2,210
2021-06-17 15:28:01,B,1051.15,1,1
2021-06-17 15:28:05,S,1053.95,1,16
2021-06-17 15:28:05,S,1054.0,1,28
2021-06-17 15:28:05,S,1054.7,1,15
2021-06-17 15:28:05,S,1054.75,1,5
2021-06-17 15:28:05,S,1054.9,1,15
2021-06-17 15:28:05,B,1052.35,1,4
2021-06-17 15:28:05,B,1052.3,1,8
2021-06-17 15:28:05,B,1052.15,1,5
2021-06-17 15:28:05,B,1052.0,2,210
2021-06-17 15:28:05,B,1051.15,1,1
2021-06-17 15:28:12,S,1053.7,1,5
2021-06-17 15:28:12,S,1053.95,1,16
2021-06-17 15:28:12,S,1054.0,1,28
2021-06-17 15:28:12,S,1054.7,1,15
2021-06-17 15:28:12,S,1054.9,1,15
2021-06-17 15:28:12,B,1052.35,1,4
2021-06-17 15:28:12,B,1052.3,1,8
2021-06-17 15:28:12,B,1052.15,1,5
2021-06-17 15:28:12,B,1052.0,2,210
2021-06-17 15:28:12,B,1051.15,1,1
2021-06-17 15:28:13,S,1053.7,1,5
2021-06-17 15:28:13,S,1053.95,1,16
2021-06-17 15:28:13,S,1054.0,1,28
2021-06-17 15:28:13,S,1054.7,1,15
2021-06-17 15:28:13,S,1054.9,1,15
2021-06-17 15:28:13,B,1052.35,1,4
2021-06-17 15:28:13,B,1052.3,1,8
2021-06-17 15:28:13,B,1052.15,1,5
2021-06-17 15:28:13,B,1052.0,2,210
2021-06-17 15:28:13,B,1051.15,1,1
2021-06-17 15:28:13,S,1053.7,1,5
2021-06-17 15:28:13,S,1053.95,1,16
2021-06-17 15:28:13,S,1054.0,1,28
2021-06-17 15:28:13,S,1054.7,1,15
2021-06-17 15:28:13,S,1054.9,1,15
2021-06-17 15:28:13,B,1052.35,1,4
2021-06-17 15:28:13,B,1052.3,1,8
2021-06-17 15:28:13,B,1052.15,1,5
2021-06-17 15:28:13,B,1052.0,2,210
2021-06-17 15:28:13,B,1051.15,1,1
2021-06-17 15:28:15,S,1053.7,1,5
2021-06-17 15:28:15,S,1053.85,1,16
2021-06-17 15:28:15,S,1053.9,1,37
2021-06-17 15:28:15,S,1054.0,1,28
2021-06-17 15:28:15,S,1054.7,1,15
2021-06-17 15:28:15,B,1052.3,1,2
2021-06-17 15:28:15,B,1052.15,1,5
2021-06-17 15:28:15,B,1052.0,2,210
2021-06-17 15:28:15,B,1051.15,1,1
2021-06-17 15:28:15,B,1051.0,1,10
2021-06-17 15:28:18,S,1053.7,1,5
2021-06-17 15:28:18,S,1053.85,1,16
2021-06-17 15:28:18,S,1053.9,1,37
2021-06-17 15:28:18,S,1054.0,1,28
2021-06-17 15:28:18,S,1054.7,1,15
2021-06-17 15:28:18,B,1052.3,1,2
2021-06-17 15:28:18,B,1052.15,1,5
2021-06-17 15:28:18,B,1052.0,2,210
2021-06-17 15:28:18,B,1051.15,1,1
2021-06-17 15:28:18,B,1051.0,1,10
2021-06-17 15:28:21,S,1053.7,1,5
2021-06-17 15:28:21,S,1053.85,1,16
2021-06-17 15:28:21,S,1053.9,1,37
2021-06-17 15:28:21,S,1054.0,1,28
2021-06-17 15:28:21,S,1054.7,1,15
2021-06-17 15:28:21,B,1052.5,1,2
2021-06-17 15:28:21,B,1052.3,1,2
2021-06-17 15:28:21,B,1052.15,1,5
2021-06-17 15:28:21,B,1052.0,2,210
2021-06-17 15:28:21,B,1051.2,1,1
2021-06-17 15:28:23,S,1053.7,1,5
2021-06-17 15:28:23,S,1053.85,1,16
2021-06-17 15:28:23,S,1053.9,1,37
2021-06-17 15:28:23,S,1054.0,1,28
2021-06-17 15:28:23,S,1054.7,1,15
2021-06-17 15:28:23,B,1052.5,1,2
2021-06-17 15:28:23,B,1052.3,1,2
2021-06-17 15:28:23,B,1052.15,1,5
2021-06-17 15:28:23,B,1052.0,2,210
2021-06-17 15:28:23,B,1051.2,1,1
2021-06-17 15:28:24,S,1053.7,1,3
2021-06-17 15:28:24,S,1053.85,1,16
2021-06-17 15:28:24,S,1053.9,1,37
2021-06-17 15:28:24,S,1054.0,1,28
2021-06-17 15:28:24,S,1054.7,1,15
2021-06-17 15:28:24,B,1052.5,1,2
2021-06-17 15:28:24,B,1052.3,1,2
2021-06-17 15:28:24,B,1052.15,1,5
2021-06-17 15:28:24,B,1052.0,2,210
2021-06-17 15:28:24,B,1051.2,1,1
2021-06-17 15:28:27,S,1053.65,2,23
2021-06-17 15:28:27,S,1053.7,1,3
2021-06-17 15:28:27,S,1053.9,1,37
2021-06-17 15:28:27,S,1054.0,1,28
2021-06-17 15:28:27,S,1054.7,1,15
2021-06-17 15:28:27,B,1052.5,1,2
2021-06-17 15:28:27,B,1052.3,1,2
2021-06-17 15:28:27,B,1052.15,1,5
2021-06-17 15:28:27,B,1052.0,2,210
2021-06-17 15:28:27,B,1051.2,1,1
2021-06-17 15:28:28,S,1053.65,2,23
2021-06-17 15:28:28,S,1053.7,1,3
2021-06-17 15:28:28,S,1053.9,1,37
2021-06-17 15:28:28,S,1054.0,1,28
2021-06-17 15:28:28,S,1054.7,1,15
2021-06-17 15:28:28,B,1052.5,1,2
2021-06-17 15:28:28,B,1052.3,1,2
2021-06-17 15:28:28,B,1052.15,1,5
2021-06-17 15:28:28,B,1052.0,2,210
2021-06-17 15:28:28,B,1051.2,1,1
2021-06-17 15:28:33,S,1053.6,1,16
2021-06-17 15:28:33,S,1053.65,2,15
2021-06-17 15:28:33,S,1053.7,2,11
2021-06-17 15:28:33,S,1053.9,1,37
2021-06-17 15:28:33,S,1054.0,1,28
2021-06-17 15:28:33,B,1052.6,1,3
2021-06-17 15:28:33,B,1052.0,3,229
2021-06-17 15:28:33,B,1051.2,1,1
2021-06-17 15:28:33,B,1051.15,1,1
2021-06-17 15:28:33,B,1051.0,1,10
2021-06-17 15:28:36,S,1053.6,1,16
2021-06-17 15:28:36,S,1053.65,2,15
2021-06-17 15:28:36,S,1053.7,2,11
2021-06-17 15:28:36,S,1053.9,1,37
2021-06-17 15:28:36,S,1054.0,1,28
2021-06-17 15:28:36,B,1052.6,1,3
2021-06-17 15:28:36,B,1052.05,1,1
2021-06-17 15:28:36,B,1052.0,3,229
2021-06-17 15:28:36,B,1051.2,1,1
2021-06-17 15:28:36,B,1051.0,1,10
2021-06-17 15:28:45,S,1053.65,2,15
2021-06-17 15:28:45,S,1053.7,2,11
2021-06-17 15:28:45,S,1053.9,1,37
2021-06-17 15:28:45,S,1053.95,1,16
2021-06-17 15:28:45,S,1054.0,1,28
2021-06-17 15:28:45,B,1053.6,1,3
2021-06-17 15:28:45,B,1052.6,1,3
2021-06-17 15:28:45,B,1052.05,1,1
2021-06-17 15:28:45,B,1052.0,4,234
2021-06-17 15:28:45,B,1051.2,1,1
2021-06-17 15:28:49,S,1053.65,2,15
2021-06-17 15:28:49,S,1053.7,2,11
2021-06-17 15:28:49,S,1053.9,1,37
2021-06-17 15:28:49,S,1053.95,1,16
2021-06-17 15:28:49,S,1054.0,1,28
2021-06-17 15:28:49,B,1053.6,1,3
2021-06-17 15:28:49,B,1052.6,1,3
2021-06-17 15:28:49,B,1052.05,1,1
2021-06-17 15:28:49,B,1052.0,4,234
2021-06-17 15:28:49,B,1051.2,1,1
2021-06-17 15:28:56,S,1053.55,1,16
2021-06-17 15:28:56,S,1053.6,1,21
2021-06-17 15:28:56,S,1053.65,2,15
2021-06-17 15:28:56,S,1053.7,1,3
2021-06-17 15:28:56,S,1053.9,1,37
2021-06-17 15:28:56,B,1052.6,1,3
2021-06-17 15:28:56,B,1052.05,1,1
2021-06-17 15:28:56,B,1052.0,4,234
2021-06-17 15:28:56,B,1051.2,1,1
2021-06-17 15:28:56,B,1051.0,1,10
2021-06-17 15:28:59,S,1052.6,1,22
2021-06-17 15:28:59,S,1053.45,1,16
2021-06-17 15:28:59,S,1053.5,1,37
2021-06-17 15:28:59,S,1053.6,1,21
2021-06-17 15:28:59,S,1053.65,1,7
2021-06-17 15:28:59,B,1052.05,1,1
2021-06-17 15:28:59,B,1052.0,4,234
2021-06-17 15:28:59,B,1051.2,1,1
2021-06-17 15:28:59,B,1051.0,1,10
2021-06-17 15:28:59,B,1050.1,1,10
2021-06-17 15:29:01,S,1052.6,1,22
2021-06-17 15:29:01,S,1053.45,1,16
2021-06-17 15:29:01,S,1053.5,1,37
2021-06-17 15:29:01,S,1053.6,1,21
2021-06-17 15:29:01,S,1053.65,1,7
2021-06-17 15:29:01,B,1052.05,1,1
2021-06-17 15:29:01,B,1052.0,4,234
2021-06-17 15:29:01,B,1051.2,1,1
2021-06-17 15:29:01,B,1051.0,1,10
2021-06-17 15:29:01,B,1050.1,1,10
2021-06-17 15:29:02,S,1052.6,1,19
2021-06-17 15:29:02,S,1053.45,1,16
2021-06-17 15:29:02,S,1053.5,1,37
2021-06-17 15:29:02,S,1053.6,1,21
2021-06-17 15:29:02,S,1053.65,1,7
2021-06-17 15:29:02,B,1052.05,1,1
2021-06-17 15:29:02,B,1052.0,4,234
2021-06-17 15:29:02,B,1051.2,1,1
2021-06-17 15:29:02,B,1051.0,1,10
2021-06-17 15:29:02,B,1050.1,1,10
2021-06-17 15:29:05,S,1052.6,2,20
2021-06-17 15:29:05,S,1053.45,1,16
2021-06-17 15:29:05,S,1053.5,1,37
2021-06-17 15:29:05,S,1053.65,1,7
2021-06-17 15:29:05,S,1053.7,1,3
2021-06-17 15:29:05,B,1052.05,1,1
2021-06-17 15:29:05,B,1052.0,4,234
2021-06-17 15:29:05,B,1051.2,1,1
2021-06-17 15:29:05,B,1051.0,1,10
2021-06-17 15:29:05,B,1050.1,1,10
2021-06-17 15:29:06,S,1052.6,2,20
2021-06-17 15:29:06,S,1053.45,1,16
2021-06-17 15:29:06,S,1053.5,1,37
2021-06-17 15:29:06,S,1053.65,1,7
2021-06-17 15:29:06,S,1053.7,1,3
2021-06-17 15:29:06,B,1052.05,1,1
2021-06-17 15:29:06,B,1052.0,4,234
2021-06-17 15:29:06,B,1051.2,1,1
2021-06-17 15:29:06,B,1051.0,1,10
2021-06-17 15:29:06,B,1050.1,1,10
2021-06-17 15:29:08,S,1052.05,2,22
2021-06-17 15:29:08,S,1052.6,1,19
2021-06-17 15:29:08,S,1053.45,1,16
2021-06-17 15:29:08,S,1053.5,1,37
2021-06-17 15:29:08,S,1053.65,1,7
2021-06-17 15:29:08,B,1052.0,4,234
2021-06-17 15:29:08,B,1051.05,1,1
2021-06-17 15:29:08,B,1051.0,1,10
2021-06-17 15:29:08,B,1050.1,1,10
2021-06-17 15:29:08,B,1050.0,49,618
2021-06-17 15:29:14,S,1052.05,2,22
2021-06-17 15:29:14,S,1052.6,1,19
2021-06-17 15:29:14,S,1053.45,1,16
2021-06-17 15:29:14,S,1053.5,1,37
2021-06-17 15:29:14,S,1053.65,1,7
2021-06-17 15:29:14,B,1052.0,4,234
2021-06-17 15:29:14,B,1051.05,1,1
2021-06-17 15:29:14,B,1051.0,1,10
2021-06-17 15:29:14,B,1050.1,1,10
2021-06-17 15:29:14,B,1050.0,50,619
2021-06-17 15:29:17,S,1052.05,2,22
2021-06-17 15:29:17,S,1052.6,1,19
2021-06-17 15:29:17,S,1053.45,1,16
2021-06-17 15:29:17,S,1053.5,1,37
2021-06-17 15:29:17,S,1053.65,1,7
2021-06-17 15:29:17,B,1052.0,6,269
2021-06-17 15:29:17,B,1051.05,1,1
2021-06-17 15:29:17,B,1051.0,2,11
2021-06-17 15:29:17,B,1050.1,1,10
2021-06-17 15:29:17,B,1050.0,48,584
2021-06-17 15:29:18,S,1052.05,2,22
2021-06-17 15:29:18,S,1052.6,1,19
2021-06-17 15:29:18,S,1053.45,1,16
2021-06-17 15:29:18,S,1053.5,1,37
2021-06-17 15:29:18,S,1053.65,1,7
2021-06-17 15:29:18,B,1052.0,6,269
2021-06-17 15:29:18,B,1051.05,1,1
2021-06-17 15:29:18,B,1051.0,2,11
2021-06-17 15:29:18,B,1050.1,1,10
2021-06-17 15:29:18,B,1050.0,48,584
2021-06-17 15:29:21,S,1052.05,2,22
2021-06-17 15:29:21,S,1052.6,1,19
2021-06-17 15:29:21,S,1053.45,1,16
2021-06-17 15:29:21,S,1053.5,1,37
2021-06-17 15:29:21,S,1053.65,1,7
2021-06-17 15:29:21,B,1052.0,6,241
2021-06-17 15:29:21,B,1051.05,1,1
2021-06-17 15:29:21,B,1051.0,3,16
2021-06-17 15:29:21,B,1050.1,1,10
2021-06-17 15:29:21,B,1050.0,48,584
2021-06-17 15:29:23,S,1052.05,2,22
2021-06-17 15:29:23,S,1052.6,1,19
2021-06-17 15:29:23,S,1053.45,1,16
2021-06-17 15:29:23,S,1053.5,1,37
2021-06-17 15:29:23,S,1053.65,1,7
2021-06-17 15:29:23,B,1052.0,6,241
2021-06-17 15:29:23,B,1051.05,1,1
2021-06-17 15:29:23,B,1051.0,3,16
2021-06-17 15:29:23,B,1050.1,1,10
2021-06-17 15:29:23,B,1050.0,48,584
2021-06-17 15:29:24,S,1052.05,2,22
2021-06-17 15:29:24,S,1052.6,1,19
2021-06-17 15:29:24,S,1053.45,1,16
2021-06-17 15:29:24,S,1053.5,1,37
2021-06-17 15:29:24,S,1053.65,1,7
2021-06-17 15:29:24,B,1052.0,6,241
2021-06-17 15:29:24,B,1051.05,1,1
2021-06-17 15:29:24,B,1051.0,3,16
2021-06-17 15:29:24,B,1050.1,1,10
2021-06-17 15:29:24,B,1050.0,48,584
2021-06-17 15:29:24,S,1052.6,1,11
2021-06-17 15:29:24,S,1053.5,1,37
2021-06-17 15:29:24,S,1053.65,1,7
2021-06-17 15:29:24,S,1053.7,1,3
2021-06-17 15:29:24,S,1055.65,1,16
2021-06-17 15:29:24,B,1052.05,2,11
2021-06-17 15:29:24,B,1052.0,6,241
2021-06-17 15:29:24,B,1051.0,3,16
2021-06-17 15:29:24,B,1050.1,1,10
2021-06-17 15:29:24,B,1050.0,47,574
2021-06-17 15:29:27,S,1052.6,1,11
2021-06-17 15:29:27,S,1053.15,1,1
2021-06-17 15:29:27,S,1053.25,1,16
2021-06-17 15:29:27,S,1053.3,1,1
2021-06-17 15:29:27,S,1053.5,1,37
2021-06-17 15:29:27,B,1052.05,2,11
2021-06-17 15:29:27,B,1052.0,6,241
2021-06-17 15:29:27,B,1051.0,3,16
2021-06-17 15:29:27,B,1050.1,1,10
2021-06-17 15:29:27,B,1050.0,47,574
2021-06-17 15:29:29,S,1052.6,1,11
2021-06-17 15:29:29,S,1053.15,1,1
2021-06-17 15:29:29,S,1053.25,1,16
2021-06-17 15:29:29,S,1053.3,1,1
2021-06-17 15:29:29,S,1053.5,1,37
2021-06-17 15:29:29,B,1052.05,2,11
2021-06-17 15:29:29,B,1052.0,6,241
2021-06-17 15:29:29,B,1051.0,3,16
2021-06-17 15:29:29,B,1050.1,1,10
2021-06-17 15:29:29,B,1050.0,47,574
2021-06-17 15:29:30,S,1052.6,1,11
2021-06-17 15:29:30,S,1053.15,1,1
2021-06-17 15:29:30,S,1053.25,1,16
2021-06-17 15:29:30,S,1053.3,1,1
2021-06-17 15:29:30,S,1053.5,1,37
2021-06-17 15:29:30,B,1052.05,2,11
2021-06-17 15:29:30,B,1052.0,6,241
2021-06-17 15:29:30,B,1051.0,3,16
2021-06-17 15:29:30,B,1050.1,1,10
2021-06-17 15:29:30,B,1050.0,47,574
2021-06-17 15:29:31,S,1052.65,1,8
2021-06-17 15:29:31,S,1052.7,1,7
2021-06-17 15:29:31,S,1053.15,1,1
2021-06-17 15:29:31,S,1053.25,1,16
2021-06-17 15:29:31,S,1053.3,1,1
2021-06-17 15:29:31,B,1052.05,1,3
2021-06-17 15:29:31,B,1052.0,5,232
2021-06-17 15:29:31,B,1051.0,3,16
2021-06-17 15:29:31,B,1050.1,1,10
2021-06-17 15:29:31,B,1050.0,47,574
2021-06-17 15:29:34,S,1052.65,1,8
2021-06-17 15:29:34,S,1052.7,1,7
2021-06-17 15:29:34,S,1053.15,1,1
2021-06-17 15:29:34,S,1053.25,1,16
2021-06-17 15:29:34,S,1053.3,1,1
2021-06-17 15:29:34,B,1052.05,1,3
2021-06-17 15:29:34,B,1052.0,5,232
2021-06-17 15:29:34,B,1051.0,3,16
2021-06-17 15:29:34,B,1050.1,1,10
2021-06-17 15:29:34,B,1050.0,47,574
2021-06-17 15:29:35,S,1052.65,1,8
2021-06-17 15:29:35,S,1052.7,1,7
2021-06-17 15:29:35,S,1053.15,1,1
2021-06-17 15:29:35,S,1053.25,1,16
2021-06-17 15:29:35,S,1053.3,1,1
2021-06-17 15:29:35,B,1052.05,1,3
2021-06-17 15:29:35,B,1052.0,5,232
2021-06-17 15:29:35,B,1051.0,3,16
2021-06-17 15:29:35,B,1050.1,1,10
2021-06-17 15:29:35,B,1050.0,47,574
2021-06-17 15:29:37,S,1052.65,1,7
2021-06-17 15:29:37,S,1052.7,1,7
2021-06-17 15:29:37,S,1053.15,1,1
2021-06-17 15:29:37,S,1053.25,1,16
2021-06-17 15:29:37,S,1053.3,1,1
2021-06-17 15:29:37,B,1052.0,5,228
2021-06-17 15:29:37,B,1051.0,3,16
2021-06-17 15:29:37,B,1050.1,1,10
2021-06-17 15:29:37,B,1050.0,48,576
2021-06-17 15:29:37,B,1049.55,1,17
2021-06-17 15:29:40,S,1052.65,1,7
2021-06-17 15:29:40,S,1052.7,1,7
2021-06-17 15:29:40,S,1053.15,1,1
2021-06-17 15:29:40,S,1053.25,1,16
2021-06-17 15:29:40,S,1053.3,1,1
2021-06-17 15:29:40,B,1052.1,1,1
2021-06-17 15:29:40,B,1052.0,6,229
2021-06-17 15:29:40,B,1051.0,3,16
2021-06-17 15:29:40,B,1050.1,1,10
2021-06-17 15:29:40,B,1050.0,47,575
2021-06-17 15:29:43,S,1052.6,1,37
2021-06-17 15:29:43,S,1052.65,1,7
2021-06-17 15:29:43,S,1052.7,1,7
2021-06-17 15:29:43,S,1053.1,1,16
2021-06-17 15:29:43,S,1053.15,1,1
2021-06-17 15:29:43,B,1052.1,1,1
2021-06-17 15:29:43,B,1052.0,6,229
2021-06-17 15:29:43,B,1051.0,3,16
2021-06-17 15:29:43,B,1050.1,1,10
2021-06-17 15:29:43,B,1050.0,47,575
2021-06-17 15:29:44,S,1052.6,1,37
2021-06-17 15:29:44,S,1052.65,1,7
2021-06-17 15:29:44,S,1052.7,1,7
2021-06-17 15:29:44,S,1053.1,1,16
2021-06-17 15:29:44,S,1053.15,1,1
2021-06-17 15:29:44,B,1052.1,1,1
2021-06-17 15:29:44,B,1052.0,6,229
2021-06-17 15:29:44,B,1051.0,3,16
2021-06-17 15:29:44,B,1050.1,1,10
2021-06-17 15:29:44,B,1050.0,47,575
2021-06-17 15:29:46,S,1052.6,1,37
2021-06-17 15:29:46,S,1052.65,1,7
2021-06-17 15:29:46,S,1052.7,1,7
2021-06-17 15:29:46,S,1053.1,1,16
2021-06-17 15:29:46,S,1053.15,1,1
2021-06-17 15:29:46,B,1052.0,6,200
2021-06-17 15:29:46,B,1051.0,3,16
2021-06-17 15:29:46,B,1050.1,1,10
2021-06-17 15:29:46,B,1050.0,47,575
2021-06-17 15:29:46,B,1049.55,1,17
2021-06-17 15:29:49,S,1052.6,1,37
2021-06-17 15:29:49,S,1052.65,1,7
2021-06-17 15:29:49,S,1052.7,1,7
2021-06-17 15:29:49,S,1053.15,1,1
2021-06-17 15:29:49,S,1053.3,1,1
2021-06-17 15:29:49,B,1052.0,6,200
2021-06-17 15:29:49,B,1051.0,3,16
2021-06-17 15:29:49,B,1050.1,1,10
2021-06-17 15:29:49,B,1050.0,47,575
2021-06-17 15:29:49,B,1049.55,1,17
2021-06-17 15:29:51,S,1052.6,1,37
2021-06-17 15:29:51,S,1052.65,1,7
2021-06-17 15:29:51,S,1052.7,1,7
2021-06-17 15:29:51,S,1053.15,1,1
2021-06-17 15:29:51,S,1053.3,1,1
2021-06-17 15:29:51,B,1052.0,6,200
2021-06-17 15:29:51,B,1051.0,3,16
2021-06-17 15:29:51,B,1050.1,1,10
2021-06-17 15:29:51,B,1050.0,47,575
2021-06-17 15:29:51,B,1049.55,1,17
2021-06-17 15:29:52,S,1052.6,1,37
2021-06-17 15:29:52,S,1052.65,1,7
2021-06-17 15:29:52,S,1052.7,1,7
2021-06-17 15:29:52,S,1053.15,1,1
2021-06-17 15:29:52,S,1053.3,1,1
2021-06-17 15:29:52,B,1052.0,6,184
2021-06-17 15:29:52,B,1051.0,2,15
2021-06-17 15:29:52,B,1050.5,1,1
2021-06-17 15:29:52,B,1050.1,1,10
2021-06-17 15:29:52,B,1050.0,47,575
2021-06-17 15:29:55,S,1052.6,1,37
2021-06-17 15:29:55,S,1052.65,1,7
2021-06-17 15:29:55,S,1052.7,1,7
2021-06-17 15:29:55,S,1053.15,1,1
2021-06-17 15:29:55,S,1053.3,1,1
2021-06-17 15:29:55,B,1052.0,7,185
2021-06-17 15:29:55,B,1051.0,2,15
2021-06-17 15:29:55,B,1050.5,1,1
2021-06-17 15:29:55,B,1050.1,1,10
2021-06-17 15:29:55,B,1050.0,46,574
2021-06-17 15:29:58,S,1052.6,1,37
2021-06-17 15:29:58,S,1052.65,1,7
2021-06-17 15:29:58,S,1052.7,1,7
2021-06-17 15:29:58,S,1053.15,1,1
2021-06-17 15:29:58,S,1053.3,1,1
2021-06-17 15:29:58,B,1052.0,7,185
2021-06-17 15:29:58,B,1051.0,2,15
2021-06-17 15:29:58,B,1050.5,1,1
2021-06-17 15:29:58,B,1050.1,1,10
2021-06-17 15:29:58,B,1050.0,47,575
2021-06-17 15:31:27,S,0.0,0,0
2021-06-17 15:31:27,S,0.0,0,0
2021-06-17 15:31:27,S,0.0,0,0
2021-06-17 15:31:27,S,0.0,0,0
2021-06-17 15:31:27,S,0.0,0,0
2021-06-17 15:31:27,B,0.0,0,0
2021-06-17 15:31:27,B,0.0,0,0
2021-06-17 15:31:27,B,0.0,0,0
2021-06-17 15:31:27,B,0.0,0,0
2021-06-17 15:31:27,B,0.0,0,0
2021-06-17 15:40:04,S,0.0,0,0
2021-06-17 15:40:04,S,0.0,0,0
2021-06-17 15:40:04,S,0.0,0,0
2021-06-17 15:40:04,S,0.0,0,0
2021-06-17 15:40:04,S,0.0,0,0
2021-06-17 15:40:04,B,0.0,0,0
2021-06-17 15:40:04,B,0.0,0,0
2021-06-17 15:40:04,B,0.0,0,0
2021-06-17 15:40:04,B,0.0,0,0
2021-06-17 15:40:04,B,0.0,0,0
2021-06-17 15:40:08,S,0.0,0,0
2021-06-17 15:40:08,S,0.0,0,0
2021-06-17 15:40:08,S,0.0,0,0
2021-06-17 15:40:08,S,0.0,0,0
2021-06-17 15:40:08,S,0.0,0,0
2021-06-17 15:40:08,B,0.0,0,0
2021-06-17 15:40:08,B,0.0,0,0
2021-06-17 15:40:08,B,0.0,0,0
2021-06-17 15:40:08,B,0.0,0,0
2021-06-17 15:40:08,B,0.0,0,0
2021-06-17 15:40:10,S,1055.1,1,1
2021-06-17 15:40:10,S,0.0,0,0
2021-06-17 15:40:10,S,0.0,0,0
2021-06-17 15:40:10,S,0.0,0,0
2021-06-17 15:40:10,S,0.0,0,0
2021-06-17 15:40:10,B,0.0,0,0
2021-06-17 15:40:10,B,0.0,0,0
2021-06-17 15:40:10,B,0.0,0,0
2021-06-17 15:40:10,B,0.0,0,0
2021-06-17 15:40:10,B,0.0,0,0
2021-06-17 15:40:39,S,1055.1,2,38
2021-06-17 15:40:39,S,0.0,0,0
2021-06-17 15:40:39,S,0.0,0,0
2021-06-17 15:40:39,S,0.0,0,0
2021-06-17 15:40:39,S,0.0,0,0
2021-06-17 15:40:39,B,0.0,0,0
2021-06-17 15:40:39,B,0.0,0,0
2021-06-17 15:40:39,B,0.0,0,0
2021-06-17 15:40:39,B,0.0,0,0
2021-06-17 15:40:39,B,0.0,0,0
2021-06-17 15:41:14,S,1055.1,3,41
2021-06-17 15:41:14,S,0.0,0,0
2021-06-17 15:41:14,S,0.0,0,0
2021-06-17 15:41:14,S,0.0,0,0
2021-06-17 15:41:14,S,0.0,0,0
2021-06-17 15:41:14,B,0.0,0,0
2021-06-17 15:41:14,B,0.0,0,0
2021-06-17 15:41:14,B,0.0,0,0
2021-06-17 15:41:14,B,0.0,0,0
2021-06-17 15:41:14,B,0.0,0,0
2021-06-17 15:41:15,S,1055.1,4,44
2021-06-17 15:41:15,S,0.0,0,0
2021-06-17 15:41:15,S,0.0,0,0
2021-06-17 15:41:15,S,0.0,0,0
2021-06-17 15:41:15,S,0.0,0,0
2021-06-17 15:41:15,B,0.0,0,0
2021-06-17 15:41:15,B,0.0,0,0
2021-06-17 15:41:15,B,0.0,0,0
2021-06-17 15:41:15,B,0.0,0,0
2021-06-17 15:41:15,B,0.0,0,0
2021-06-17 15:41:43,S,1055.1,4,44
2021-06-17 15:41:43,S,0.0,0,0
2021-06-17 15:41:43,S,0.0,0,0
2021-06-17 15:41:43,S,0.0,0,0
2021-06-17 15:41:43,S,0.0,0,0
2021-06-17 15:41:43,B,0.0,0,0
2021-06-17 15:41:43,B,0.0,0,0
2021-06-17 15:41:43,B,0.0,0,0
2021-06-17 15:41:43,B,0.0,0,0
2021-06-17 15:41:43,B,0.0,0,0
2021-06-17 15:42:50,S,1055.1,5,112
2021-06-17 15:42:50,S,0.0,0,0
2021-06-17 15:42:50,S,0.0,0,0
2021-06-17 15:42:50,S,0.0,0,0
2021-06-17 15:42:50,S,0.0,0,0
2021-06-17 15:42:50,B,0.0,0,0
2021-06-17 15:42:50,B,0.0,0,0
2021-06-17 15:42:50,B,0.0,0,0
2021-06-17 15:42:50,B,0.0,0,0
2021-06-17 15:42:50,B,0.0,0,0
2021-06-17 15:44:24,S,1055.1,5,112
2021-06-17 15:44:24,S,0.0,0,0
2021-06-17 15:44:24,S,0.0,0,0
2021-06-17 15:44:24,S,0.0,0,0
2021-06-17 15:44:24,S,0.0,0,0
2021-06-17 15:44:24,B,0.0,0,0
2021-06-17 15:44:24,B,0.0,0,0
2021-06-17 15:44:24,B,0.0,0,0
2021-06-17 15:44:24,B,0.0,0,0
2021-06-17 15:44:24,B,0.0,0,0
2021-06-17 15:47:47,S,1055.1,5,112
2021-06-17 15:47:47,S,0.0,0,0
2021-06-17 15:47:47,S,0.0,0,0
2021-06-17 15:47:47,S,0.0,0,0
2021-06-17 15:47:47,S,0.0,0,0
2021-06-17 15:47:47,B,0.0,0,0
2021-06-17 15:47:47,B,0.0,0,0
2021-06-17 15:47:47,B,0.0,0,0
2021-06-17 15:47:47,B,0.0,0,0
2021-06-17 15:47:47,B,0.0,0,0
2021-06-17 15:47:51,S,1055.1,5,112
2021-06-17 15:47:51,S,0.0,0,0
2021-06-17 15:47:51,S,0.0,0,0
2021-06-17 15:47:51,S,0.0,0,0
2021-06-17 15:47:51,S,0.0,0,0
2021-06-17 15:47:51,B,0.0,0,0
2021-06-17 15:47:51,B,0.0,0,0
2021-06-17 15:47:51,B,0.0,0,0
2021-06-17 15:47:51,B,0.0,0,0
2021-06-17 15:47:51,B,0.0,0,0
2021-06-17 15:49:13,S,1055.1,5,112
2021-06-17 15:49:13,S,0.0,0,0
2021-06-17 15:49:13,S,0.0,0,0
2021-06-17 15:49:13,S,0.0,0,0
2021-06-17 15:49:13,S,0.0,0,0
2021-06-17 15:49:13,B,0.0,0,0
2021-06-17 15:49:13,B,0.0,0,0
2021-06-17 15:49:13,B,0.0,0,0
2021-06-17 15:49:13,B,0.0,0,0
2021-06-17 15:49:13,B,0.0,0,0
2021-06-17 15:53:36,S,1055.1,5,112
2021-06-17 15:53:36,S,0.0,0,0
2021-06-17 15:53:36,S,0.0,0,0
2021-06-17 15:53:36,S,0.0,0,0
2021-06-17 15:53:36,S,0.0,0,0
2021-06-17 15:53:36,B,0.0,0,0
2021-06-17 15:53:36,B,0.0,0,0
2021-06-17 15:53:36,B,0.0,0,0
2021-06-17 15:53:36,B,0.0,0,0
2021-06-17 15:53:36,B,0.0,0,0
2021-06-17 15:54:57,S,1055.1,4,110
2021-06-17 15:54:57,S,0.0,0,0
2021-06-17 15:54:57,S,0.0,0,0
2021-06-17 15:54:57,S,0.0,0,0
2021-06-17 15:54:57,S,0.0,0,0
2021-06-17 15:54:57,B,0.0,0,0
2021-06-17 15:54:57,B,0.0,0,0
2021-06-17 15:54:57,B,0.0,0,0
2021-06-17 15:54:57,B,0.0,0,0
2021-06-17 15:54:57,B,0.0,0,0
2021-06-17 16:34:16,S,1055.1,4,110
2021-06-17 16:34:16,S,0.0,0,0
2021-06-17 16:34:16,S,0.0,0,0
2021-06-17 16:34:16,S,0.0,0,0
2021-06-17 16:34:16,S,0.0,0,0
2021-06-17 16:34:16,B,0.0,0,0
2021-06-17 16:34:16,B,0.0,0,0
2021-06-17 16:34:16,B,0.0,0,0
2021-06-17 16:34:16,B,0.0,0,0
2021-06-17 16:34:16,B,0.0,0,0
2021-06-17 16:34:55,S,1055.1,4,110
2021-06-17 16:34:55,S,0.0,0,0
2021-06-17 16:34:55,S,0.0,0,0
2021-06-17 16:34:55,S,0.0,0,0
2021-06-17 16:34:55,S,0.0,0,0
2021-06-17 16:34:55,B,0.0,0,0
2021-06-17 16:34:55,B,0.0,0,0
2021-06-17 16:34:55,B,0.0,0,0
2021-06-17 16:34:55,B,0.0,0,0
2021-06-17 16:34:55,B,0.0,0,0
2021-06-17 16:45:12,S,1055.1,4,110
2021-06-17 16:45:12,S,0.0,0,0
2021-06-17 16:45:12,S,0.0,0,0
2021-06-17 16:45:12,S,0.0,0,0
2021-06-17 16:45:12,S,0.0,0,0
2021-06-17 16:45:12,B,0.0,0,0
2021-06-17 16:45:12,B,0.0,0,0
2021-06-17 16:45:12,B,0.0,0,0
2021-06-17 16:45:12,B,0.0,0,0
2021-06-17 16:45:12,B,0.0,0,0
2021-06-17 16:45:14,S,1055.1,4,110
2021-06-17 16:45:14,S,0.0,0,0
2021-06-17 16:45:14,S,0.0,0,0
2021-06-17 16:45:14,S,0.0,0,0
2021-06-17 16:45:14,S,0.0,0,0
2021-06-17 16:45:14,B,0.0,0,0
2021-06-17 16:45:14,B,0.0,0,0
2021-06-17 16:45:14,B,0.0,0,0
2021-06-17 16:45:14,B,0.0,0,0
2021-06-17 16:45:14,B,0.0,0,0
2021-06-17 16:47:23,S,1055.1,4,110
2021-06-17 16:47:23,S,0.0,0,0
2021-06-17 16:47:23,S,0.0,0,0
2021-06-17 16:47:23,S,0.0,0,0
2021-06-17 16:47:23,S,0.0,0,0
2021-06-17 16:47:23,B,0.0,0,0
2021-06-17 16:47:23,B,0.0,0,0
2021-06-17 16:47:23,B,0.0,0,0
2021-06-17 16:47:23,B,0.0,0,0
2021-06-17 16:47:23,B,0.0,0,0
2021-06-17 16:55:01,S,1055.1,4,110
2021-06-17 16:55:01,S,0.0,0,0
2021-06-17 16:55:01,S,0.0,0,0
2021-06-17 16:55:01,S,0.0,0,0
2021-06-17 16:55:01,S,0.0,0,0
2021-06-17 16:55:01,B,0.0,0,0
2021-06-17 16:55:01,B,0.0,0,0
2021-06-17 16:55:01,B,0.0,0,0
2021-06-17 16:55:01,B,0.0,0,0
2021-06-17 16:55:01,B,0.0,0,0
2021-06-17 17:39:46,S,1055.1,4,110
2021-06-17 17:39:46,S,0.0,0,0
2021-06-17 17:39:46,S,0.0,0,0
2021-06-17 17:39:46,S,0.0,0,0
2021-06-17 17:39:46,S,0.0,0,0
2021-06-17 17:39:46,B,0.0,0,0
2021-06-17 17:39:46,B,0.0,0,0
2021-06-17 17:39:46,B,0.0,0,0
2021-06-17 17:39:46,B,0.0,0,0
2021-06-17 17:39:46,B,0.0,0,0
2021-06-18 01:01:00,S,1055.1,4,110
2021-06-18 01:01:00,S,0.0,0,0
2021-06-18 01:01:00,S,0.0,0,0
2021-06-18 01:01:00,S,0.0,0,0
2021-06-18 01:01:00,S,0.0,0,0
2021-06-18 01:01:00,B,0.0,0,0
2021-06-18 01:01:00,B,0.0,0,0
2021-06-18 01:01:00,B,0.0,0,0
2021-06-18 01:01:00,B,0.0,0,0
2021-06-18 01:01:00,B,0.0,0,0
2021-06-18 06:40:37,S,1055.1,4,110
2021-06-18 06:40:37,S,0.0,0,0
2021-06-18 06:40:37,S,0.0,0,0
2021-06-18 06:40:37,S,0.0,0,0
2021-06-18 06:40:37,S,0.0,0,0
2021-06-18 06:40:37,B,0.0,0,0
2021-06-18 06:40:37,B,0.0,0,0
2021-06-18 06:40:37,B,0.0,0,0
2021-06-18 06:40:37,B,0.0,0,0
2021-06-18 06:40:37,B,0.0,0,0
2021-06-18 06:41:16,S,0.0,0,0
2021-06-18 06:41:16,S,0.0,0,0
2021-06-18 06:41:16,S,0.0,0,0
2021-06-18 06:41:16,S,0.0,0,0
2021-06-18 06:41:16,S,0.0,0,0
2021-06-18 06:41:16,B,0.0,0,0
2021-06-18 06:41:16,B,0.0,0,0
2021-06-18 06:41:16,B,0.0,0,0
2021-06-18 06:41:16,B,0.0,0,0
2021-06-18 06:41:16,B,0.0,0,0
2021-06-18 06:42:00,S,0.0,0,0
2021-06-18 06:42:00,S,0.0,0,0
2021-06-18 06:42:00,S,0.0,0,0
2021-06-18 06:42:00,S,0.0,0,0
2021-06-18 06:42:00,S,0.0,0,0
2021-06-18 06:42:00,B,0.0,0,0
2021-06-18 06:42:00,B,0.0,0,0
2021-06-18 06:42:00,B,0.0,0,0
2021-06-18 06:42:00,B,0.0,0,0
2021-06-18 06:42:00,B,0.0,0,0
2021-06-18 06:42:40,S,0.0,0,0
2021-06-18 06:42:40,S,0.0,0,0
2021-06-18 06:42:40,S,0.0,0,0
2021-06-18 06:42:40,S,0.0,0,0
2021-06-18 06:42:40,S,0.0,0,0
2021-06-18 06:42:40,B,0.0,0,0
2021-06-18 06:42:40,B,0.0,0,0
2021-06-18 06:42:40,B,0.0,0,0
2021-06-18 06:42:40,B,0.0,0,0
2021-06-18 06:42:40,B,0.0,0,0
2021-06-18 06:43:25,S,0.0,0,0
2021-06-18 06:43:25,S,0.0,0,0
2021-06-18 06:43:25,S,0.0,0,0
2021-06-18 06:43:25,S,0.0,0,0
2021-06-18 06:43:25,S,0.0,0,0
2021-06-18 06:43:25,B,0.0,0,0
2021-06-18 06:43:25,B,0.0,0,0
2021-06-18 06:43:25,B,0.0,0,0
2021-06-18 06:43:25,B,0.0,0,0
2021-06-18 06:43:25,B,0.0,0,0
2021-06-18 07:56:05,S,0.0,0,0
2021-06-18 07:56:05,S,0.0,0,0
2021-06-18 07:56:05,S,0.0,0,0
2021-06-18 07:56:05,S,0.0,0,0
2021-06-18 07:56:05,S,0.0,0,0
2021-06-18 07:56:05,B,0.0,0,0
2021-06-18 07:56:05,B,0.0,0,0
2021-06-18 07:56:05,B,0.0,0,0
2021-06-18 07:56:05,B,0.0,0,0
2021-06-18 07:56:05,B,0.0,0,0
2021-06-18 07:56:43,S,0.0,0,0
2021-06-18 07:56:43,S,0.0,0,0
2021-06-18 07:56:43,S,0.0,0,0
2021-06-18 07:56:43,S,0.0,0,0
2021-06-18 07:56:43,S,0.0,0,0
2021-06-18 07:56:43,B,0.0,0,0
2021-06-18 07:56:43,B,0.0,0,0
2021-06-18 07:56:43,B,0.0,0,0
2021-06-18 07:56:43,B,0.0,0,0
2021-06-18 07:56:43,B,0.0,0,0
2021-06-18 07:57:27,S,0.0,0,0
2021-06-18 07:57:27,S,0.0,0,0
2021-06-18 07:57:27,S,0.0,0,0
2021-06-18 07:57:27,S,0.0,0,0
2021-06-18 07:57:27,S,0.0,0,0
2021-06-18 07:57:27,B,0.0,0,0
2021-06-18 07:57:27,B,0.0,0,0
2021-06-18 07:57:27,B,0.0,0,0
2021-06-18 07:57:27,B,0.0,0,0
2021-06-18 07:57:27,B,0.0,0,0
2021-06-18 07:58:07,S,0.0,0,0
2021-06-18 07:58:07,S,0.0,0,0
2021-06-18 07:58:07,S,0.0,0,0
2021-06-18 07:58:07,S,0.0,0,0
2021-06-18 07:58:07,S,0.0,0,0
2021-06-18 07:58:07,B,0.0,0,0
2021-06-18 07:58:07,B,0.0,0,0
2021-06-18 07:58:07,B,0.0,0,0
2021-06-18 07:58:07,B,0.0,0,0
2021-06-18 07:58:07,B,0.0,0,0
2021-06-18 07:58:50,S,0.0,0,0
2021-06-18 07:58:50,S,0.0,0,0
2021-06-18 07:58:50,S,0.0,0,0
2021-06-18 07:58:50,S,0.0,0,0
2021-06-18 07:58:50,S,0.0,0,0
2021-06-18 07:58:50,B,0.0,0,0
2021-06-18 07:58:50,B,0.0,0,0
2021-06-18 07:58:50,B,0.0,0,0
2021-06-18 07:58:50,B,0.0,0,0
2021-06-18 07:58:50,B,0.0,0,0
2021-06-18 09:00:01,S,1195.0,3,80
2021-06-18 09:00:01,S,1245.0,1,30
2021-06-18 09:00:01,S,1266.1,1,25
2021-06-18 09:00:01,S,0.0,0,0
2021-06-18 09:00:01,S,0.0,0,0
2021-06-18 09:00:01,B,1023.4,1,1
2021-06-18 09:00:01,B,1018.5,1,1
2021-06-18 09:00:01,B,1000.0,1,1
2021-06-18 09:00:01,B,980.0,1,1
2021-06-18 09:00:01,B,0.0,0,0
2021-06-18 09:00:06,S,1086.8,1,1
2021-06-18 09:00:06,S,1108.0,1,24
2021-06-18 09:00:06,S,1118.4,1,1
2021-06-18 09:00:06,S,1134.0,1,5
2021-06-18 09:00:06,S,0.0,0,0
2021-06-18 09:00:06,B,1025.0,1,10
2021-06-18 09:00:06,B,1023.4,1,1
2021-06-18 09:00:06,B,1018.5,1,1
2021-06-18 09:00:06,B,1015.0,1,7
2021-06-18 09:00:06,B,0.0,0,0
2021-06-18 09:00:10,S,1060.4,1,6
2021-06-18 09:00:10,S,1065.0,1,100
2021-06-18 09:00:10,S,1086.8,1,1
2021-06-18 09:00:10,S,1089.9,1,1
2021-06-18 09:00:10,S,0.0,1,28
2021-06-18 09:00:10,B,1040.5,1,1
2021-06-18 09:00:10,B,1026.6,1,2
2021-06-18 09:00:10,B,1025.0,1,10
2021-06-18 09:00:10,B,1023.4,1,1
2021-06-18 09:00:10,B,0.0,2,10
2021-06-18 09:00:15,S,1060.4,1,6
2021-06-18 09:00:15,S,1062.0,1,54
2021-06-18 09:00:15,S,1065.0,1,100
2021-06-18 09:00:15,S,1078.0,1,1
2021-06-18 09:00:15,S,0.0,1,28
2021-06-18 09:00:15,B,1040.5,1,1
2021-06-18 09:00:15,B,1040.0,1,5
2021-06-18 09:00:15,B,1026.6,1,2
2021-06-18 09:00:15,B,1025.0,1,10
2021-06-18 09:00:15,B,0.0,4,62
2021-06-18 09:00:19,S,1060.4,1,6
2021-06-18 09:00:19,S,1062.0,1,54
2021-06-18 09:00:19,S,1065.0,1,100
2021-06-18 09:00:19,S,1078.0,1,1
2021-06-18 09:00:19,S,0.0,1,28
2021-06-18 09:00:19,B,1043.15,1,91
2021-06-18 09:00:19,B,1040.5,1,1
2021-06-18 09:00:19,B,1040.0,1,5
2021-06-18 09:00:19,B,1026.6,1,2
2021-06-18 09:00:19,B,0.0,4,62
2021-06-18 09:00:24,S,1060.4,1,6
2021-06-18 09:00:24,S,1062.0,1,54
2021-06-18 09:00:24,S,1065.0,1,100
2021-06-18 09:00:24,S,1078.0,1,1
2021-06-18 09:00:24,S,0.0,1,28
2021-06-18 09:00:24,B,1050.0,1,10
2021-06-18 09:00:24,B,1043.15,1,91
2021-06-18 09:00:24,B,1040.5,1,1
2021-06-18 09:00:24,B,1040.0,1,5
2021-06-18 09:00:24,B,0.0,4,62
2021-06-18 09:00:28,S,1060.4,1,6
2021-06-18 09:00:28,S,1062.0,1,54
2021-06-18 09:00:28,S,1065.0,1,100
2021-06-18 09:00:28,S,1078.0,1,1
2021-06-18 09:00:28,S,0.0,1,28
2021-06-18 09:00:28,B,1055.0,1,25
2021-06-18 09:00:28,B,1050.0,2,13
2021-06-18 09:00:28,B,1043.15,1,91
2021-06-18 09:00:28,B,1040.5,1,1
2021-06-18 09:00:28,B,0.0,4,62
2021-06-18 09:00:29,S,1060.4,1,6
2021-06-18 09:00:29,S,1062.0,1,54
2021-06-18 09:00:29,S,1065.0,1,100
2021-06-18 09:00:29,S,1078.0,1,1
2021-06-18 09:00:29,S,0.0,1,28
2021-06-18 09:00:29,B,1055.0,1,25
2021-06-18 09:00:29,B,1050.0,2,13
2021-06-18 09:00:29,B,1043.15,1,91
2021-06-18 09:00:29,B,1040.5,1,1
2021-06-18 09:00:29,B,0.0,4,62
2021-06-18 09:00:31,S,1060.4,1,6
2021-06-18 09:00:31,S,1062.0,1,54
2021-06-18 09:00:31,S,1065.0,1,100
2021-06-18 09:00:31,S,1078.0,1,1
2021-06-18 09:00:31,S,0.0,1,28
2021-06-18 09:00:31,B,1055.0,1,25
2021-06-18 09:00:31,B,1050.0,2,13
2021-06-18 09:00:31,B,1043.15,1,91
2021-06-18 09:00:31,B,1040.5,1,1
2021-06-18 09:00:31,B,0.0,4,62
2021-06-18 09:00:31,S,1060.4,1,6
2021-06-18 09:00:31,S,1062.0,1,54
2021-06-18 09:00:31,S,1065.0,1,100
2021-06-18 09:00:31,S,1078.0,1,1
2021-06-18 09:00:31,S,0.0,1,28
2021-06-18 09:00:31,B,1055.0,1,25
2021-06-18 09:00:31,B,1050.0,2,13
2021-06-18 09:00:31,B,1043.15,1,91
2021-06-18 09:00:31,B,1040.5,1,1
2021-06-18 09:00:31,B,0.0,4,62
2021-06-18 09:00:35,S,1060.4,1,6
2021-06-18 09:00:35,S,1062.0,1,54
2021-06-18 09:00:35,S,1065.0,1,100
2021-06-18 09:00:35,S,1078.0,1,1
2021-06-18 09:00:35,S,0.0,1,28
2021-06-18 09:00:35,B,1124.0,1,5
2021-06-18 09:00:35,B,1055.0,1,25
2021-06-18 09:00:35,B,1050.0,2,13
2021-06-18 09:00:35,B,1043.15,1,91
2021-06-18 09:00:35,B,0.0,4,62
2021-06-18 09:00:35,S,1060.4,1,6
2021-06-18 09:00:35,S,1062.0,1,54
2021-06-18 09:00:35,S,1065.0,1,100
2021-06-18 09:00:35,S,1078.0,1,1
2021-06-18 09:00:35,S,0.0,1,28
2021-06-18 09:00:35,B,1124.0,1,5
2021-06-18 09:00:35,B,1055.0,1,25
2021-06-18 09:00:35,B,1050.0,2,13
2021-06-18 09:00:35,B,1043.15,1,91
2021-06-18 09:00:35,B,0.0,4,62
2021-06-18 09:00:38,S,1060.4,1,6
2021-06-18 09:00:38,S,1062.0,1,54
2021-06-18 09:00:38,S,1065.0,1,100
2021-06-18 09:00:38,S,1078.0,1,1
2021-06-18 09:00:38,S,0.0,1,28
2021-06-18 09:00:38,B,1124.0,1,5
2021-06-18 09:00:38,B,1055.0,1,25
2021-06-18 09:00:38,B,1050.0,2,13
2021-06-18 09:00:38,B,1043.15,1,91
2021-06-18 09:00:38,B,0.0,4,62
2021-06-18 09:00:38,S,1060.4,1,6
2021-06-18 09:00:38,S,1062.0,1,54
2021-06-18 09:00:38,S,1065.0,1,100
2021-06-18 09:00:38,S,1078.0,1,1
2021-06-18 09:00:38,S,0.0,1,28
2021-06-18 09:00:38,B,1124.0,1,5
2021-06-18 09:00:38,B,1055.0,1,25
2021-06-18 09:00:38,B,1050.0,2,13
2021-06-18 09:00:38,B,1043.15,1,91
2021-06-18 09:00:38,B,0.0,4,62
2021-06-18 09:00:44,S,1060.4,1,6
2021-06-18 09:00:44,S,1062.0,1,54
2021-06-18 09:00:44,S,1065.0,1,100
2021-06-18 09:00:44,S,1078.0,1,1
2021-06-18 09:00:44,S,0.0,1,28
2021-06-18 09:00:44,B,1124.0,1,5
2021-06-18 09:00:44,B,1055.0,1,25
2021-06-18 09:00:44,B,1050.0,2,13
2021-06-18 09:00:44,B,1043.15,1,91
2021-06-18 09:00:44,B,0.0,4,62
2021-06-18 09:00:44,S,1060.4,1,6
2021-06-18 09:00:44,S,1062.0,1,54
2021-06-18 09:00:44,S,1065.0,1,100
2021-06-18 09:00:44,S,1078.0,1,1
2021-06-18 09:00:44,S,0.0,1,28
2021-06-18 09:00:44,B,1124.0,1,5
2021-06-18 09:00:44,B,1055.0,1,25
2021-06-18 09:00:44,B,1050.0,2,13
2021-06-18 09:00:44,B,1043.15,1,91
2021-06-18 09:00:44,B,0.0,4,62
2021-06-18 09:00:47,S,1060.4,1,6
2021-06-18 09:00:47,S,1062.0,1,54
2021-06-18 09:00:47,S,1065.0,1,100
2021-06-18 09:00:47,S,1078.0,1,1
2021-06-18 09:00:47,S,0.0,1,28
2021-06-18 09:00:47,B,1124.0,1,5
2021-06-18 09:00:47,B,1055.0,1,25
2021-06-18 09:00:47,B,1050.0,2,13
2021-06-18 09:00:47,B,1043.15,1,91
2021-06-18 09:00:47,B,0.0,4,62
2021-06-18 09:00:47,S,1060.4,1,6
2021-06-18 09:00:47,S,1062.0,1,54
2021-06-18 09:00:47,S,1065.0,1,100
2021-06-18 09:00:47,S,1078.0,1,1
2021-06-18 09:00:47,S,0.0,1,28
2021-06-18 09:00:47,B,1124.0,1,5
2021-06-18 09:00:47,B,1055.0,1,25
2021-06-18 09:00:47,B,1050.0,2,13
2021-06-18 09:00:47,B,1043.15,1,91
2021-06-18 09:00:47,B,0.0,4,62
2021-06-18 09:00:51,S,1060.4,1,6
2021-06-18 09:00:51,S,1062.0,1,54
2021-06-18 09:00:51,S,1065.0,1,100
2021-06-18 09:00:51,S,1078.0,1,1
2021-06-18 09:00:51,S,0.0,1,28
2021-06-18 09:00:51,B,1124.0,1,5
2021-06-18 09:00:51,B,1055.0,2,45
2021-06-18 09:00:51,B,1050.0,2,13
2021-06-18 09:00:51,B,1043.15,1,91
2021-06-18 09:00:51,B,0.0,4,62
2021-06-18 09:00:51,S,1060.4,1,6
2021-06-18 09:00:51,S,1062.0,1,54
2021-06-18 09:00:51,S,1065.0,1,100
2021-06-18 09:00:51,S,1078.0,1,1
2021-06-18 09:00:51,S,0.0,1,28
2021-06-18 09:00:51,B,1124.0,1,5
2021-06-18 09:00:51,B,1055.0,2,45
2021-06-18 09:00:51,B,1050.0,2,13
2021-06-18 09:00:51,B,1043.15,1,91
2021-06-18 09:00:51,B,0.0,4,62
2021-06-18 09:00:54,S,1060.4,1,6
2021-06-18 09:00:54,S,1062.0,1,54
2021-06-18 09:00:54,S,1065.0,1,100
2021-06-18 09:00:54,S,1078.0,1,1
2021-06-18 09:00:54,S,0.0,1,28
2021-06-18 09:00:54,B,1124.0,1,5
2021-06-18 09:00:54,B,1055.0,2,45
2021-06-18 09:00:54,B,1050.0,2,13
2021-06-18 09:00:54,B,1043.15,1,91
2021-06-18 09:00:54,B,0.0,4,62
2021-06-18 09:00:54,S,1060.4,1,6
2021-06-18 09:00:54,S,1062.0,1,54
2021-06-18 09:00:54,S,1065.0,1,100
2021-06-18 09:00:54,S,1078.0,1,1
2021-06-18 09:00:54,S,0.0,1,28
2021-06-18 09:00:54,B,1124.0,1,5
2021-06-18 09:00:54,B,1055.0,2,45
2021-06-18 09:00:54,B,1050.0,2,13
2021-06-18 09:00:54,B,1043.15,1,91
2021-06-18 09:00:54,B,0.0,4,62
2021-06-18 09:00:56,S,1060.4,1,6
2021-06-18 09:00:56,S,1062.0,1,54
2021-06-18 09:00:56,S,1065.0,1,100
2021-06-18 09:00:56,S,1078.0,1,1
2021-06-18 09:00:56,S,0.0,1,28
2021-06-18 09:00:56,B,1124.0,1,5
2021-06-18 09:00:56,B,1055.0,2,45
2021-06-18 09:00:56,B,1050.0,3,63
2021-06-18 09:00:56,B,1043.15,1,91
2021-06-18 09:00:56,B,0.0,4,62
2021-06-18 09:00:56,S,1060.4,1,6
2021-06-18 09:00:56,S,1062.0,1,54
2021-06-18 09:00:56,S,1065.0,1,100
2021-06-18 09:00:56,S,1078.0,1,1
2021-06-18 09:00:56,S,0.0,1,28
2021-06-18 09:00:56,B,1124.0,1,5
2021-06-18 09:00:56,B,1055.0,2,45
2021-06-18 09:00:56,B,1050.0,3,63
2021-06-18 09:00:56,B,1043.15,1,91
2021-06-18 09:00:56,B,0.0,4,62
2021-06-18 09:00:59,S,1060.4,1,6
2021-06-18 09:00:59,S,1062.0,1,54
2021-06-18 09:00:59,S,1065.0,1,100
2021-06-18 09:00:59,S,1078.0,1,1
2021-06-18 09:00:59,S,0.0,1,28
2021-06-18 09:00:59,B,1124.0,1,5
2021-06-18 09:00:59,B,1055.0,2,45
2021-06-18 09:00:59,B,1050.0,3,63
2021-06-18 09:00:59,B,1043.15,1,91
2021-06-18 09:00:59,B,0.0,4,62
2021-06-18 09:00:59,S,1060.4,1,6
2021-06-18 09:00:59,S,1062.0,1,54
2021-06-18 09:00:59,S,1065.0,1,100
2021-06-18 09:00:59,S,1078.0,1,1
2021-06-18 09:00:59,S,0.0,1,28
2021-06-18 09:00:59,B,1124.0,1,5
2021-06-18 09:00:59,B,1055.0,2,45
2021-06-18 09:00:59,B,1050.0,3,63
2021-06-18 09:00:59,B,1043.15,1,91
2021-06-18 09:00:59,B,0.0,4,62
2021-06-18 09:01:01,S,1060.4,1,6
2021-06-18 09:01:01,S,1062.0,1,54
2021-06-18 09:01:01,S,1065.0,1,100
2021-06-18 09:01:01,S,1078.0,1,1
2021-06-18 09:01:01,S,0.0,1,28
2021-06-18 09:01:01,B,1124.0,1,5
2021-06-18 09:01:01,B,1071.0,1,7
2021-06-18 09:01:01,B,1055.0,2,45
2021-06-18 09:01:01,B,1050.0,3,63
2021-06-18 09:01:01,B,0.0,4,62
2021-06-18 09:01:01,S,1060.4,1,6
2021-06-18 09:01:01,S,1062.0,1,54
2021-06-18 09:01:01,S,1065.0,1,100
2021-06-18 09:01:01,S,1078.0,1,1
2021-06-18 09:01:01,S,0.0,1,28
2021-06-18 09:01:01,B,1124.0,1,5
2021-06-18 09:01:01,B,1071.0,1,7
2021-06-18 09:01:01,B,1055.0,2,45
2021-06-18 09:01:01,B,1050.0,3,63
2021-06-18 09:01:01,B,0.0,4,62
2021-06-18 09:01:04,S,1060.4,1,6
2021-06-18 09:01:04,S,1062.0,1,54
2021-06-18 09:01:04,S,1065.0,1,100
2021-06-18 09:01:04,S,1078.0,1,1
2021-06-18 09:01:04,S,0.0,1,28
2021-06-18 09:01:04,B,1124.0,1,5
2021-06-18 09:01:04,B,1071.0,1,7
2021-06-18 09:01:04,B,1055.0,2,45
2021-06-18 09:01:04,B,1050.0,3,63
2021-06-18 09:01:04,B,0.0,4,62
2021-06-18 09:01:04,S,1060.4,1,6
2021-06-18 09:01:04,S,1062.0,1,54
2021-06-18 09:01:04,S,1065.0,1,100
2021-06-18 09:01:04,S,1078.0,1,1
2021-06-18 09:01:04,S,0.0,1,28
2021-06-18 09:01:04,B,1124.0,1,5
2021-06-18 09:01:04,B,1071.0,1,7
2021-06-18 09:01:04,B,1055.0,2,45
2021-06-18 09:01:04,B,1050.0,3,63
2021-06-18 09:01:04,B,0.0,4,62
2021-06-18 09:01:07,S,1060.4,1,6
2021-06-18 09:01:07,S,1062.0,1,54
2021-06-18 09:01:07,S,1065.0,1,100
2021-06-18 09:01:07,S,1078.0,1,1
2021-06-18 09:01:07,S,0.0,1,28
2021-06-18 09:01:07,B,1124.0,1,5
2021-06-18 09:01:07,B,1071.0,1,7
2021-06-18 09:01:07,B,1055.0,2,45
2021-06-18 09:01:07,B,1050.0,3,63
2021-06-18 09:01:07,B,0.0,4,62
2021-06-18 09:01:07,S,1060.4,1,6
2021-06-18 09:01:07,S,1062.0,1,54
2021-06-18 09:01:07,S,1065.0,1,100
2021-06-18 09:01:07,S,1078.0,1,1
2021-06-18 09:01:07,S,0.0,1,28
2021-06-18 09:01:07,B,1124.0,1,5
2021-06-18 09:01:07,B,1071.0,1,7
2021-06-18 09:01:07,B,1055.0,2,45
2021-06-18 09:01:07,B,1050.0,3,63
2021-06-18 09:01:07,B,0.0,4,62
2021-06-18 09:01:10,S,1060.4,1,6
2021-06-18 09:01:10,S,1062.0,1,54
2021-06-18 09:01:10,S,1065.0,1,100
2021-06-18 09:01:10,S,1078.0,1,1
2021-06-18 09:01:10,S,0.0,1,28
2021-06-18 09:01:10,B,1124.0,1,5
2021-06-18 09:01:10,B,1071.0,1,7
2021-06-18 09:01:10,B,1055.0,2,45
2021-06-18 09:01:10,B,1050.0,3,63
2021-06-18 09:01:10,B,0.0,4,62
2021-06-18 09:01:10,S,1060.4,1,6
2021-06-18 09:01:10,S,1062.0,1,54
2021-06-18 09:01:10,S,1065.0,1,100
2021-06-18 09:01:10,S,1078.0,1,1
2021-06-18 09:01:10,S,0.0,1,28
2021-06-18 09:01:10,B,1124.0,1,5
2021-06-18 09:01:10,B,1071.0,1,7
2021-06-18 09:01:10,B,1055.0,2,45
2021-06-18 09:01:10,B,1050.0,3,63
2021-06-18 09:01:10,B,0.0,4,62
2021-06-18 09:01:21,S,1060.4,1,6
2021-06-18 09:01:21,S,1062.0,1,54
2021-06-18 09:01:21,S,1065.0,1,100
2021-06-18 09:01:21,S,1078.0,1,1
2021-06-18 09:01:21,S,0.0,1,28
2021-06-18 09:01:21,B,1124.0,1,5
2021-06-18 09:01:21,B,1071.0,1,7
2021-06-18 09:01:21,B,1055.0,2,45
2021-06-18 09:01:21,B,1050.0,3,63
2021-06-18 09:01:21,B,0.0,4,62
2021-06-18 09:01:21,S,1060.4,1,6
2021-06-18 09:01:21,S,1062.0,1,54
2021-06-18 09:01:21,S,1065.0,1,100
2021-06-18 09:01:21,S,1078.0,1,1
2021-06-18 09:01:21,S,0.0,1,28
2021-06-18 09:01:21,B,1124.0,1,5
2021-06-18 09:01:21,B,1071.0,1,7
2021-06-18 09:01:21,B,1055.0,2,45
2021-06-18 09:01:21,B,1050.0,3,63
2021-06-18 09:01:21,B,0.0,4,62
2021-06-18 09:01:24,S,1060.4,1,6
2021-06-18 09:01:24,S,1062.0,1,54
2021-06-18 09:01:24,S,1065.0,1,100
2021-06-18 09:01:24,S,1078.0,1,1
2021-06-18 09:01:24,S,0.0,1,28
2021-06-18 09:01:24,B,1124.0,1,5
2021-06-18 09:01:24,B,1071.0,1,7
2021-06-18 09:01:24,B,1055.0,2,45
2021-06-18 09:01:24,B,1050.0,3,63
2021-06-18 09:01:24,B,0.0,4,62
2021-06-18 09:01:24,S,1060.4,1,6
2021-06-18 09:01:24,S,1062.0,1,54
2021-06-18 09:01:24,S,1065.0,1,100
2021-06-18 09:01:24,S,1078.0,1,1
2021-06-18 09:01:24,S,0.0,1,28
2021-06-18 09:01:24,B,1124.0,1,5
2021-06-18 09:01:24,B,1071.0,1,7
2021-06-18 09:01:24,B,1055.0,2,45
2021-06-18 09:01:24,B,1050.0,3,63
2021-06-18 09:01:24,B,0.0,4,62
2021-06-18 09:01:27,S,1060.4,1,6
2021-06-18 09:01:27,S,1062.0,1,54
2021-06-18 09:01:27,S,1065.0,1,100
2021-06-18 09:01:27,S,1078.0,1,1
2021-06-18 09:01:27,S,0.0,1,28
2021-06-18 09:01:27,B,1124.0,1,5
2021-06-18 09:01:27,B,1071.0,1,7
2021-06-18 09:01:27,B,1055.0,2,45
2021-06-18 09:01:27,B,1050.0,3,63
2021-06-18 09:01:27,B,0.0,4,62
2021-06-18 09:01:27,S,1060.4,1,6
2021-06-18 09:01:27,S,1062.0,1,54
2021-06-18 09:01:27,S,1065.0,1,100
2021-06-18 09:01:27,S,1078.0,1,1
2021-06-18 09:01:27,S,0.0,1,28
2021-06-18 09:01:27,B,1124.0,1,5
2021-06-18 09:01:27,B,1071.0,1,7
2021-06-18 09:01:27,B,1055.0,2,45
2021-06-18 09:01:27,B,1050.0,3,63
2021-06-18 09:01:27,B,0.0,4,62
2021-06-18 09:01:30,S,1060.4,1,6
2021-06-18 09:01:30,S,1062.0,1,54
2021-06-18 09:01:30,S,1065.0,1,100
2021-06-18 09:01:30,S,1078.0,1,1
2021-06-18 09:01:30,S,0.0,1,28
2021-06-18 09:01:30,B,1124.0,1,5
2021-06-18 09:01:30,B,1071.0,1,7
2021-06-18 09:01:30,B,1055.0,2,45
2021-06-18 09:01:30,B,1050.0,3,63
2021-06-18 09:01:30,B,0.0,4,62
2021-06-18 09:01:30,S,1060.4,1,6
2021-06-18 09:01:30,S,1062.0,1,54
2021-06-18 09:01:30,S,1065.0,1,100
2021-06-18 09:01:30,S,1078.0,1,1
2021-06-18 09:01:30,S,0.0,1,28
2021-06-18 09:01:30,B,1124.0,1,5
2021-06-18 09:01:30,B,1071.0,1,7
2021-06-18 09:01:30,B,1055.0,2,45
2021-06-18 09:01:30,B,1050.0,3,63
2021-06-18 09:01:30,B,0.0,4,62
2021-06-18 09:01:37,S,1060.4,1,6
2021-06-18 09:01:37,S,1062.0,1,54
2021-06-18 09:01:37,S,1065.0,1,100
2021-06-18 09:01:37,S,1078.0,1,1
2021-06-18 09:01:37,S,0.0,1,28
2021-06-18 09:01:37,B,1124.0,1,5
2021-06-18 09:01:37,B,1071.0,1,7
2021-06-18 09:01:37,B,1055.0,2,45
2021-06-18 09:01:37,B,1050.0,3,63
2021-06-18 09:01:37,B,0.0,4,62
2021-06-18 09:01:37,S,1060.4,1,6
2021-06-18 09:01:37,S,1062.0,1,54
2021-06-18 09:01:37,S,1065.0,1,100
2021-06-18 09:01:37,S,1078.0,1,1
2021-06-18 09:01:37,S,0.0,1,28
2021-06-18 09:01:37,B,1124.0,1,5
2021-06-18 09:01:37,B,1071.0,1,7
2021-06-18 09:01:37,B,1055.0,2,45
2021-06-18 09:01:37,B,1050.0,3,63
2021-06-18 09:01:37,B,0.0,4,62
2021-06-18 09:01:48,S,1060.4,1,6
2021-06-18 09:01:48,S,1062.0,1,54
2021-06-18 09:01:48,S,1065.0,1,100
2021-06-18 09:01:48,S,1078.0,1,1
2021-06-18 09:01:48,S,0.0,1,28
2021-06-18 09:01:48,B,1124.0,1,5
2021-06-18 09:01:48,B,1071.0,1,7
2021-06-18 09:01:48,B,1055.0,2,45
2021-06-18 09:01:48,B,1050.0,3,63
2021-06-18 09:01:48,B,0.0,4,62
2021-06-18 09:01:48,S,1060.4,1,6
2021-06-18 09:01:48,S,1062.0,1,54
2021-06-18 09:01:48,S,1065.0,1,100
2021-06-18 09:01:48,S,1078.0,1,1
2021-06-18 09:01:48,S,0.0,1,28
2021-06-18 09:01:48,B,1124.0,1,5
2021-06-18 09:01:48,B,1071.0,1,7
2021-06-18 09:01:48,B,1055.0,2,45
2021-06-18 09:01:48,B,1050.0,3,63
2021-06-18 09:01:48,B,0.0,4,62
2021-06-18 09:01:51,S,1060.4,1,6
2021-06-18 09:01:51,S,1062.0,1,54
2021-06-18 09:01:51,S,1065.0,1,100
2021-06-18 09:01:51,S,1078.0,1,1
2021-06-18 09:01:51,S,0.0,1,28
2021-06-18 09:01:51,B,1124.0,1,5
2021-06-18 09:01:51,B,1071.0,1,7
2021-06-18 09:01:51,B,1055.0,2,45
2021-06-18 09:01:51,B,1050.0,3,63
2021-06-18 09:01:51,B,0.0,4,62
2021-06-18 09:01:51,S,1060.4,1,6
2021-06-18 09:01:51,S,1062.0,1,54
2021-06-18 09:01:51,S,1065.0,1,100
2021-06-18 09:01:51,S,1078.0,1,1
2021-06-18 09:01:51,S,0.0,1,28
2021-06-18 09:01:51,B,1124.0,1,5
2021-06-18 09:01:51,B,1071.0,1,7
2021-06-18 09:01:51,B,1055.0,2,45
2021-06-18 09:01:51,B,1050.0,3,63
2021-06-18 09:01:51,B,0.0,4,62
2021-06-18 09:01:54,S,1060.4,1,6
2021-06-18 09:01:54,S,1062.0,1,54
2021-06-18 09:01:54,S,1065.0,1,100
2021-06-18 09:01:54,S,1078.0,1,1
2021-06-18 09:01:54,S,0.0,1,28
2021-06-18 09:01:54,B,1124.0,1,5
2021-06-18 09:01:54,B,1071.0,1,7
2021-06-18 09:01:54,B,1055.0,2,45
2021-06-18 09:01:54,B,1050.0,3,63
2021-06-18 09:01:54,B,0.0,4,62
2021-06-18 09:01:54,S,1060.4,1,6
2021-06-18 09:01:54,S,1062.0,1,54
2021-06-18 09:01:54,S,1065.0,1,100
2021-06-18 09:01:54,S,1078.0,1,1
2021-06-18 09:01:54,S,0.0,1,28
2021-06-18 09:01:54,B,1124.0,1,5
2021-06-18 09:01:54,B,1071.0,1,7
2021-06-18 09:01:54,B,1055.0,2,45
2021-06-18 09:01:54,B,1050.0,3,63
2021-06-18 09:01:54,B,0.0,4,62
2021-06-18 09:02:07,S,1060.4,1,6
2021-06-18 09:02:07,S,1062.0,1,54
2021-06-18 09:02:07,S,1065.0,1,100
2021-06-18 09:02:07,S,1078.0,1,1
2021-06-18 09:02:07,S,0.0,1,28
2021-06-18 09:02:07,B,1124.0,1,5
2021-06-18 09:02:07,B,1071.0,1,7
2021-06-18 09:02:07,B,1055.0,2,45
2021-06-18 09:02:07,B,1050.0,3,63
2021-06-18 09:02:07,B,0.0,4,62
2021-06-18 09:02:07,S,1060.4,1,6
2021-06-18 09:02:07,S,1062.0,1,54
2021-06-18 09:02:07,S,1065.0,1,100
2021-06-18 09:02:07,S,1078.0,1,1
2021-06-18 09:02:07,S,0.0,1,28
2021-06-18 09:02:07,B,1124.0,1,5
2021-06-18 09:02:07,B,1071.0,1,7
2021-06-18 09:02:07,B,1055.0,2,45
2021-06-18 09:02:07,B,1050.0,3,63
2021-06-18 09:02:07,B,0.0,4,62
2021-06-18 09:02:10,S,1060.4,1,6
2021-06-18 09:02:10,S,1062.0,1,54
2021-06-18 09:02:10,S,1065.0,1,100
2021-06-18 09:02:10,S,1078.0,1,1
2021-06-18 09:02:10,S,0.0,1,28
2021-06-18 09:02:10,B,1124.0,1,5
2021-06-18 09:02:10,B,1071.0,1,7
2021-06-18 09:02:10,B,1055.0,2,45
2021-06-18 09:02:10,B,1050.0,3,63
2021-06-18 09:02:10,B,0.0,4,62
2021-06-18 09:02:10,S,1060.4,1,6
2021-06-18 09:02:10,S,1062.0,1,54
2021-06-18 09:02:10,S,1065.0,1,100
2021-06-18 09:02:10,S,1078.0,1,1
2021-06-18 09:02:10,S,0.0,1,28
2021-06-18 09:02:10,B,1124.0,1,5
2021-06-18 09:02:10,B,1071.0,1,7
2021-06-18 09:02:10,B,1055.0,2,45
2021-06-18 09:02:10,B,1050.0,3,63
2021-06-18 09:02:10,B,0.0,4,62
2021-06-18 09:02:15,S,1060.4,1,6
2021-06-18 09:02:15,S,1062.0,1,54
2021-06-18 09:02:15,S,1065.0,1,100
2021-06-18 09:02:15,S,1078.0,1,1
2021-06-18 09:02:15,S,0.0,1,28
2021-06-18 09:02:15,B,1124.0,1,5
2021-06-18 09:02:15,B,1071.0,1,7
2021-06-18 09:02:15,B,1055.0,2,45
2021-06-18 09:02:15,B,1050.0,3,63
2021-06-18 09:02:15,B,0.0,4,62
2021-06-18 09:02:15,S,1060.4,1,6
2021-06-18 09:02:15,S,1062.0,1,54
2021-06-18 09:02:15,S,1065.0,1,100
2021-06-18 09:02:15,S,1078.0,1,1
2021-06-18 09:02:15,S,0.0,1,28
2021-06-18 09:02:15,B,1124.0,1,5
2021-06-18 09:02:15,B,1071.0,1,7
2021-06-18 09:02:15,B,1055.0,2,45
2021-06-18 09:02:15,B,1050.0,3,63
2021-06-18 09:02:15,B,0.0,4,62
2021-06-18 09:02:18,S,1060.4,1,6
2021-06-18 09:02:18,S,1062.0,1,54
2021-06-18 09:02:18,S,1065.0,1,100
2021-06-18 09:02:18,S,1078.0,1,1
2021-06-18 09:02:18,S,0.0,1,28
2021-06-18 09:02:18,B,1124.0,1,5
2021-06-18 09:02:18,B,1071.0,1,7
2021-06-18 09:02:18,B,1055.0,2,45
2021-06-18 09:02:18,B,1050.0,3,63
2021-06-18 09:02:18,B,0.0,4,62
2021-06-18 09:02:18,S,1060.4,1,6
2021-06-18 09:02:18,S,1062.0,1,54
2021-06-18 09:02:18,S,1065.0,1,100
2021-06-18 09:02:18,S,1078.0,1,1
2021-06-18 09:02:18,S,0.0,1,28
2021-06-18 09:02:18,B,1124.0,1,5
2021-06-18 09:02:18,B,1071.0,1,7
2021-06-18 09:02:18,B,1055.0,2,45
2021-06-18 09:02:18,B,1050.0,3,63
2021-06-18 09:02:18,B,0.0,4,62
2021-06-18 09:02:21,S,1060.4,1,6
2021-06-18 09:02:21,S,1062.0,1,54
2021-06-18 09:02:21,S,1065.0,1,100
2021-06-18 09:02:21,S,1078.0,1,1
2021-06-18 09:02:21,S,0.0,1,28
2021-06-18 09:02:21,B,1124.0,1,5
2021-06-18 09:02:21,B,1071.0,1,7
2021-06-18 09:02:21,B,1055.0,2,45
2021-06-18 09:02:21,B,1050.0,3,63
2021-06-18 09:02:21,B,0.0,4,62
2021-06-18 09:02:21,S,1060.4,1,6
2021-06-18 09:02:21,S,1062.0,1,54
2021-06-18 09:02:21,S,1065.0,1,100
2021-06-18 09:02:21,S,1078.0,1,1
2021-06-18 09:02:21,S,0.0,1,28
2021-06-18 09:02:21,B,1124.0,1,5
2021-06-18 09:02:21,B,1071.0,1,7
2021-06-18 09:02:21,B,1055.0,2,45
2021-06-18 09:02:21,B,1050.0,3,63
2021-06-18 09:02:21,B,0.0,4,62
2021-06-18 09:02:29,S,1060.4,1,6
2021-06-18 09:02:29,S,1062.0,1,54
2021-06-18 09:02:29,S,1065.0,1,100
2021-06-18 09:02:29,S,1078.0,1,1
2021-06-18 09:02:29,S,0.0,1,28
2021-06-18 09:02:29,B,1124.0,1,5
2021-06-18 09:02:29,B,1071.0,1,7
2021-06-18 09:02:29,B,1055.0,2,45
2021-06-18 09:02:29,B,1050.0,3,63
2021-06-18 09:02:29,B,0.0,4,62
2021-06-18 09:02:29,S,1060.4,1,6
2021-06-18 09:02:29,S,1062.0,1,54
2021-06-18 09:02:29,S,1065.0,1,100
2021-06-18 09:02:29,S,1078.0,1,1
2021-06-18 09:02:29,S,0.0,1,28
2021-06-18 09:02:29,B,1124.0,1,5
2021-06-18 09:02:29,B,1071.0,1,7
2021-06-18 09:02:29,B,1055.0,2,45
2021-06-18 09:02:29,B,1050.0,3,63
2021-06-18 09:02:29,B,0.0,4,62
2021-06-18 09:02:43,S,1060.4,1,6
2021-06-18 09:02:43,S,1062.0,1,54
2021-06-18 09:02:43,S,1065.0,1,100
2021-06-18 09:02:43,S,1078.0,1,1
2021-06-18 09:02:43,S,0.0,1,28
2021-06-18 09:02:43,B,1124.0,1,5
2021-06-18 09:02:43,B,1071.0,1,7
2021-06-18 09:02:43,B,1055.0,2,45
2021-06-18 09:02:43,B,1050.0,3,63
2021-06-18 09:02:43,B,0.0,4,62
2021-06-18 09:02:43,S,1060.4,1,6
2021-06-18 09:02:43,S,1062.0,1,54
2021-06-18 09:02:43,S,1065.0,1,100
2021-06-18 09:02:43,S,1078.0,1,1
2021-06-18 09:02:43,S,0.0,1,28
2021-06-18 09:02:43,B,1124.0,1,5
2021-06-18 09:02:43,B,1071.0,1,7
2021-06-18 09:02:43,B,1055.0,2,45
2021-06-18 09:02:43,B,1050.0,3,63
2021-06-18 09:02:43,B,0.0,4,62
2021-06-18 09:02:46,S,1060.4,1,6
2021-06-18 09:02:46,S,1062.0,1,54
2021-06-18 09:02:46,S,1065.0,1,100
2021-06-18 09:02:46,S,1078.0,1,1
2021-06-18 09:02:46,S,0.0,1,28
2021-06-18 09:02:46,B,1124.0,1,5
2021-06-18 09:02:46,B,1071.0,1,7
2021-06-18 09:02:46,B,1056.0,1,20
2021-06-18 09:02:46,B,1055.0,2,45
2021-06-18 09:02:46,B,0.0,4,62
2021-06-18 09:02:46,S,1060.4,1,6
2021-06-18 09:02:46,S,1062.0,1,54
2021-06-18 09:02:46,S,1065.0,1,100
2021-06-18 09:02:46,S,1078.0,1,1
2021-06-18 09:02:46,S,0.0,1,28
2021-06-18 09:02:46,B,1124.0,1,5
2021-06-18 09:02:46,B,1071.0,1,7
2021-06-18 09:02:46,B,1056.0,1,20
2021-06-18 09:02:46,B,1055.0,2,45
2021-06-18 09:02:46,B,0.0,4,62
2021-06-18 09:02:48,S,1060.4,1,6
2021-06-18 09:02:48,S,1062.0,1,54
2021-06-18 09:02:48,S,1065.0,1,100
2021-06-18 09:02:48,S,1078.0,1,1
2021-06-18 09:02:48,S,0.0,1,28
2021-06-18 09:02:48,B,1124.0,1,5
2021-06-18 09:02:48,B,1071.0,1,7
2021-06-18 09:02:48,B,1056.0,1,20
2021-06-18 09:02:48,B,1055.0,2,45
2021-06-18 09:02:48,B,0.0,4,62
2021-06-18 09:02:48,S,1060.4,1,6
2021-06-18 09:02:48,S,1062.0,1,54
2021-06-18 09:02:48,S,1065.0,1,100
2021-06-18 09:02:48,S,1078.0,1,1
2021-06-18 09:02:48,S,0.0,1,28
2021-06-18 09:02:48,B,1124.0,1,5
2021-06-18 09:02:48,B,1071.0,1,7
2021-06-18 09:02:48,B,1056.0,1,20
2021-06-18 09:02:48,B,1055.0,2,45
2021-06-18 09:02:48,B,0.0,4,62
2021-06-18 09:02:51,S,1060.4,1,6
2021-06-18 09:02:51,S,1062.0,1,54
2021-06-18 09:02:51,S,1065.0,1,100
2021-06-18 09:02:51,S,1078.0,1,1
2021-06-18 09:02:51,S,0.0,1,28
2021-06-18 09:02:51,B,1124.0,1,5
2021-06-18 09:02:51,B,1071.0,1,7
2021-06-18 09:02:51,B,1056.0,1,20
2021-06-18 09:02:51,B,1055.0,2,45
2021-06-18 09:02:51,B,0.0,4,62
2021-06-18 09:02:51,S,1060.4,1,6
2021-06-18 09:02:51,S,1062.0,1,54
2021-06-18 09:02:51,S,1065.0,1,100
2021-06-18 09:02:51,S,1078.0,1,1
2021-06-18 09:02:51,S,0.0,1,28
2021-06-18 09:02:51,B,1124.0,1,5
2021-06-18 09:02:51,B,1071.0,1,7
2021-06-18 09:02:51,B,1056.0,1,20
2021-06-18 09:02:51,B,1055.0,2,45
2021-06-18 09:02:51,B,0.0,4,62
2021-06-18 09:02:59,S,1060.4,1,6
2021-06-18 09:02:59,S,1062.0,1,54
2021-06-18 09:02:59,S,1065.0,1,100
2021-06-18 09:02:59,S,1078.0,1,1
2021-06-18 09:02:59,S,0.0,1,28
2021-06-18 09:02:59,B,1124.0,1,5
2021-06-18 09:02:59,B,1071.0,1,7
2021-06-18 09:02:59,B,1056.0,1,20
2021-06-18 09:02:59,B,1055.0,2,45
2021-06-18 09:02:59,B,0.0,4,62
2021-06-18 09:02:59,S,1060.4,1,6
2021-06-18 09:02:59,S,1062.0,1,54
2021-06-18 09:02:59,S,1065.0,1,100
2021-06-18 09:02:59,S,1078.0,1,1
2021-06-18 09:02:59,S,0.0,1,28
2021-06-18 09:02:59,B,1124.0,1,5
2021-06-18 09:02:59,B,1071.0,1,7
2021-06-18 09:02:59,B,1056.0,1,20
2021-06-18 09:02:59,B,1055.0,2,45
2021-06-18 09:02:59,B,0.0,4,62
2021-06-18 09:03:06,S,1060.4,1,6
2021-06-18 09:03:06,S,1062.0,1,54
2021-06-18 09:03:06,S,1065.0,1,100
2021-06-18 09:03:06,S,1078.0,1,1
2021-06-18 09:03:06,S,0.0,1,28
2021-06-18 09:03:06,B,1124.0,1,5
2021-06-18 09:03:06,B,1071.0,1,7
2021-06-18 09:03:06,B,1056.0,1,20
2021-06-18 09:03:06,B,1055.0,2,45
2021-06-18 09:03:06,B,0.0,4,62
2021-06-18 09:03:06,S,1060.4,1,6
2021-06-18 09:03:06,S,1062.0,1,54
2021-06-18 09:03:06,S,1065.0,1,100
2021-06-18 09:03:06,S,1078.0,1,1
2021-06-18 09:03:06,S,0.0,1,28
2021-06-18 09:03:06,B,1124.0,1,5
2021-06-18 09:03:06,B,1071.0,1,7
2021-06-18 09:03:06,B,1056.0,1,20
2021-06-18 09:03:06,B,1055.0,2,45
2021-06-18 09:03:06,B,0.0,4,62
2021-06-18 09:03:09,S,1060.4,1,6
2021-06-18 09:03:09,S,1062.0,1,54
2021-06-18 09:03:09,S,1065.0,1,100
2021-06-18 09:03:09,S,1078.0,1,1
2021-06-18 09:03:09,S,0.0,1,28
2021-06-18 09:03:09,B,1124.0,1,5
2021-06-18 09:03:09,B,1071.0,1,7
2021-06-18 09:03:09,B,1061.0,1,200
2021-06-18 09:03:09,B,1056.0,1,20
2021-06-18 09:03:09,B,0.0,4,62
2021-06-18 09:03:09,S,1060.4,1,6
2021-06-18 09:03:09,S,1062.0,1,54
2021-06-18 09:03:09,S,1065.0,1,100
2021-06-18 09:03:09,S,1078.0,1,1
2021-06-18 09:03:09,S,0.0,1,28
2021-06-18 09:03:09,B,1124.0,1,5
2021-06-18 09:03:09,B,1071.0,1,7
2021-06-18 09:03:09,B,1061.0,1,200
2021-06-18 09:03:09,B,1056.0,1,20
2021-06-18 09:03:09,B,0.0,4,62
2021-06-18 09:03:11,S,1060.4,1,6
2021-06-18 09:03:11,S,1062.0,1,54
2021-06-18 09:03:11,S,1065.0,1,100
2021-06-18 09:03:11,S,1078.0,1,1
2021-06-18 09:03:11,S,0.0,1,28
2021-06-18 09:03:11,B,1124.0,1,5
2021-06-18 09:03:11,B,1071.0,1,7
2021-06-18 09:03:11,B,1061.0,1,200
2021-06-18 09:03:11,B,1056.0,1,20
2021-06-18 09:03:11,B,0.0,4,62
2021-06-18 09:03:11,S,1060.4,1,6
2021-06-18 09:03:11,S,1062.0,1,54
2021-06-18 09:03:11,S,1065.0,1,100
2021-06-18 09:03:11,S,1078.0,1,1
2021-06-18 09:03:11,S,0.0,1,28
2021-06-18 09:03:11,B,1124.0,1,5
2021-06-18 09:03:11,B,1071.0,1,7
2021-06-18 09:03:11,B,1061.0,1,200
2021-06-18 09:03:11,B,1056.0,1,20
2021-06-18 09:03:11,B,0.0,4,62
2021-06-18 09:03:13,S,1060.4,1,6
2021-06-18 09:03:13,S,1062.0,1,54
2021-06-18 09:03:13,S,1065.0,1,100
2021-06-18 09:03:13,S,1078.0,1,1
2021-06-18 09:03:13,S,0.0,1,28
2021-06-18 09:03:13,B,1124.0,1,5
2021-06-18 09:03:13,B,1071.0,1,7
2021-06-18 09:03:13,B,1056.0,1,20
2021-06-18 09:03:13,B,1055.0,2,45
2021-06-18 09:03:13,B,0.0,4,62
2021-06-18 09:03:13,S,1060.4,1,6
2021-06-18 09:03:13,S,1062.0,1,54
2021-06-18 09:03:13,S,1065.0,1,100
2021-06-18 09:03:13,S,1078.0,1,1
2021-06-18 09:03:13,S,0.0,1,28
2021-06-18 09:03:13,B,1124.0,1,5
2021-06-18 09:03:13,B,1071.0,1,7
2021-06-18 09:03:13,B,1056.0,1,20
2021-06-18 09:03:13,B,1055.0,2,45
2021-06-18 09:03:13,B,0.0,4,62
2021-06-18 09:03:22,S,1060.4,1,6
2021-06-18 09:03:22,S,1062.0,1,54
2021-06-18 09:03:22,S,1065.0,1,100
2021-06-18 09:03:22,S,1078.0,1,1
2021-06-18 09:03:22,S,0.0,1,28
2021-06-18 09:03:22,B,1124.0,1,5
2021-06-18 09:03:22,B,1071.0,1,7
2021-06-18 09:03:22,B,1056.0,1,20
2021-06-18 09:03:22,B,1055.0,2,45
2021-06-18 09:03:22,B,0.0,4,62
2021-06-18 09:03:22,S,1060.4,1,6
2021-06-18 09:03:22,S,1062.0,1,54
2021-06-18 09:03:22,S,1065.0,1,100
2021-06-18 09:03:22,S,1078.0,1,1
2021-06-18 09:03:22,S,0.0,1,28
2021-06-18 09:03:22,B,1124.0,1,5
2021-06-18 09:03:22,B,1071.0,1,7
2021-06-18 09:03:22,B,1056.0,1,20
2021-06-18 09:03:22,B,1055.0,2,45
2021-06-18 09:03:22,B,0.0,4,62
2021-06-18 09:03:30,S,1060.4,1,6
2021-06-18 09:03:30,S,1062.0,1,54
2021-06-18 09:03:30,S,1065.0,1,100
2021-06-18 09:03:30,S,1078.0,1,1
2021-06-18 09:03:30,S,0.0,1,28
2021-06-18 09:03:30,B,1124.0,1,5
2021-06-18 09:03:30,B,1071.0,1,7
2021-06-18 09:03:30,B,1056.0,1,20
2021-06-18 09:03:30,B,1055.0,2,45
2021-06-18 09:03:30,B,0.0,4,62
2021-06-18 09:03:30,S,1060.4,1,6
2021-06-18 09:03:30,S,1062.0,1,54
2021-06-18 09:03:30,S,1065.0,1,100
2021-06-18 09:03:30,S,1078.0,1,1
2021-06-18 09:03:30,S,0.0,1,28
2021-06-18 09:03:30,B,1124.0,1,5
2021-06-18 09:03:30,B,1071.0,1,7
2021-06-18 09:03:30,B,1056.0,1,20
2021-06-18 09:03:30,B,1055.0,2,45
2021-06-18 09:03:30,B,0.0,4,62
2021-06-18 09:03:32,S,1060.4,1,6
2021-06-18 09:03:32,S,1062.0,1,54
2021-06-18 09:03:32,S,1065.0,1,100
2021-06-18 09:03:32,S,1078.0,1,1
2021-06-18 09:03:32,S,0.0,1,28
2021-06-18 09:03:32,B,1124.0,1,5
2021-06-18 09:03:32,B,1071.0,1,7
2021-06-18 09:03:32,B,1056.0,1,20
2021-06-18 09:03:32,B,1055.0,2,45
2021-06-18 09:03:32,B,0.0,4,62
2021-06-18 09:03:32,S,1060.4,1,6
2021-06-18 09:03:32,S,1062.0,1,54
2021-06-18 09:03:32,S,1065.0,1,100
2021-06-18 09:03:32,S,1078.0,1,1
2021-06-18 09:03:32,S,0.0,1,28
2021-06-18 09:03:32,B,1124.0,1,5
2021-06-18 09:03:32,B,1071.0,1,7
2021-06-18 09:03:32,B,1056.0,1,20
2021-06-18 09:03:32,B,1055.0,2,45
2021-06-18 09:03:32,B,0.0,4,62
2021-06-18 09:03:42,S,1060.4,1,6
2021-06-18 09:03:42,S,1062.0,1,54
2021-06-18 09:03:42,S,1065.0,1,100
2021-06-18 09:03:42,S,1078.0,1,1
2021-06-18 09:03:42,S,0.0,1,28
2021-06-18 09:03:42,B,1124.0,1,5
2021-06-18 09:03:42,B,1071.0,1,7
2021-06-18 09:03:42,B,1056.0,1,20
2021-06-18 09:03:42,B,1055.0,2,45
2021-06-18 09:03:42,B,0.0,4,62
2021-06-18 09:03:42,S,1060.4,1,6
2021-06-18 09:03:42,S,1062.0,1,54
2021-06-18 09:03:42,S,1065.0,1,100
2021-06-18 09:03:42,S,1078.0,1,1
2021-06-18 09:03:42,S,0.0,1,28
2021-06-18 09:03:42,B,1124.0,1,5
2021-06-18 09:03:42,B,1071.0,1,7
2021-06-18 09:03:42,B,1056.0,1,20
2021-06-18 09:03:42,B,1055.0,2,45
2021-06-18 09:03:42,B,0.0,4,62
2021-06-18 09:03:46,S,1060.4,1,6
2021-06-18 09:03:46,S,1062.0,1,54
2021-06-18 09:03:46,S,1065.0,1,100
2021-06-18 09:03:46,S,1078.0,1,1
2021-06-18 09:03:46,S,0.0,1,28
2021-06-18 09:03:46,B,1124.0,1,5
2021-06-18 09:03:46,B,1071.0,1,7
2021-06-18 09:03:46,B,1056.0,1,20
2021-06-18 09:03:46,B,1055.0,2,45
2021-06-18 09:03:46,B,0.0,4,62
2021-06-18 09:03:46,S,1060.4,1,6
2021-06-18 09:03:46,S,1062.0,1,54
2021-06-18 09:03:46,S,1065.0,1,100
2021-06-18 09:03:46,S,1078.0,1,1
2021-06-18 09:03:46,S,0.0,1,28
2021-06-18 09:03:46,B,1124.0,1,5
2021-06-18 09:03:46,B,1071.0,1,7
2021-06-18 09:03:46,B,1056.0,1,20
2021-06-18 09:03:46,B,1055.0,2,45
2021-06-18 09:03:46,B,0.0,4,62
2021-06-18 09:03:54,S,1060.4,1,6
2021-06-18 09:03:54,S,1062.0,1,54
2021-06-18 09:03:54,S,1065.0,1,100
2021-06-18 09:03:54,S,1078.0,1,1
2021-06-18 09:03:54,S,0.0,1,28
2021-06-18 09:03:54,B,1124.0,1,5
2021-06-18 09:03:54,B,1071.0,1,7
2021-06-18 09:03:54,B,1056.0,1,20
2021-06-18 09:03:54,B,1055.0,2,45
2021-06-18 09:03:54,B,0.0,4,62
2021-06-18 09:03:54,S,1060.4,1,6
2021-06-18 09:03:54,S,1062.0,1,54
2021-06-18 09:03:54,S,1065.0,1,100
2021-06-18 09:03:54,S,1078.0,1,1
2021-06-18 09:03:54,S,0.0,1,28
2021-06-18 09:03:54,B,1124.0,1,5
2021-06-18 09:03:54,B,1071.0,1,7
2021-06-18 09:03:54,B,1056.0,1,20
2021-06-18 09:03:54,B,1055.0,2,45
2021-06-18 09:03:54,B,0.0,4,62
2021-06-18 09:03:57,S,1060.4,1,6
2021-06-18 09:03:57,S,1062.0,1,54
2021-06-18 09:03:57,S,1065.0,1,100
2021-06-18 09:03:57,S,1078.0,1,1
2021-06-18 09:03:57,S,0.0,1,28
2021-06-18 09:03:57,B,1124.0,1,5
2021-06-18 09:03:57,B,1071.0,1,7
2021-06-18 09:03:57,B,1056.0,1,20
2021-06-18 09:03:57,B,1055.0,2,45
2021-06-18 09:03:57,B,0.0,4,62
2021-06-18 09:03:57,S,1060.4,1,6
2021-06-18 09:03:57,S,1062.0,1,54
2021-06-18 09:03:57,S,1065.0,1,100
2021-06-18 09:03:57,S,1078.0,1,1
2021-06-18 09:03:57,S,0.0,1,28
2021-06-18 09:03:57,B,1124.0,1,5
2021-06-18 09:03:57,B,1071.0,1,7
2021-06-18 09:03:57,B,1056.0,1,20
2021-06-18 09:03:57,B,1055.0,2,45
2021-06-18 09:03:57,B,0.0,4,62
2021-06-18 09:03:59,S,1060.4,1,6
2021-06-18 09:03:59,S,1062.0,1,54
2021-06-18 09:03:59,S,1065.0,1,100
2021-06-18 09:03:59,S,1078.0,1,1
2021-06-18 09:03:59,S,0.0,1,28
2021-06-18 09:03:59,B,1124.0,1,5
2021-06-18 09:03:59,B,1071.0,1,7
2021-06-18 09:03:59,B,1056.0,1,20
2021-06-18 09:03:59,B,1055.0,2,45
2021-06-18 09:03:59,B,0.0,4,62
2021-06-18 09:03:59,S,1060.4,1,6
2021-06-18 09:03:59,S,1062.0,1,54
2021-06-18 09:03:59,S,1065.0,1,100
2021-06-18 09:03:59,S,1078.0,1,1
2021-06-18 09:03:59,S,0.0,1,28
2021-06-18 09:03:59,B,1124.0,1,5
2021-06-18 09:03:59,B,1071.0,1,7
2021-06-18 09:03:59,B,1056.0,1,20
2021-06-18 09:03:59,B,1055.0,2,45
2021-06-18 09:03:59,B,0.0,4,62
2021-06-18 09:04:01,S,1060.4,1,6
2021-06-18 09:04:01,S,1062.0,1,54
2021-06-18 09:04:01,S,1065.0,1,100
2021-06-18 09:04:01,S,1078.0,1,1
2021-06-18 09:04:01,S,0.0,1,28
2021-06-18 09:04:01,B,1124.0,1,5
2021-06-18 09:04:01,B,1071.0,1,7
2021-06-18 09:04:01,B,1056.0,1,20
2021-06-18 09:04:01,B,1055.0,2,45
2021-06-18 09:04:01,B,0.0,4,62
2021-06-18 09:04:01,S,1060.4,1,6
2021-06-18 09:04:01,S,1062.0,1,54
2021-06-18 09:04:01,S,1065.0,1,100
2021-06-18 09:04:01,S,1078.0,1,1
2021-06-18 09:04:01,S,0.0,1,28
2021-06-18 09:04:01,B,1124.0,1,5
2021-06-18 09:04:01,B,1071.0,1,7
2021-06-18 09:04:01,B,1056.0,1,20
2021-06-18 09:04:01,B,1055.0,2,45
2021-06-18 09:04:01,B,0.0,4,62
2021-06-18 09:04:04,S,1060.4,1,6
2021-06-18 09:04:04,S,1062.0,1,54
2021-06-18 09:04:04,S,1065.0,1,100
2021-06-18 09:04:04,S,1078.0,1,1
2021-06-18 09:04:04,S,0.0,1,28
2021-06-18 09:04:04,B,1124.0,1,5
2021-06-18 09:04:04,B,1071.0,1,7
2021-06-18 09:04:04,B,1056.0,1,20
2021-06-18 09:04:04,B,1055.0,2,45
2021-06-18 09:04:04,B,0.0,4,62
2021-06-18 09:04:04,S,1060.4,1,6
2021-06-18 09:04:04,S,1062.0,1,54
2021-06-18 09:04:04,S,1065.0,1,100
2021-06-18 09:04:04,S,1078.0,1,1
2021-06-18 09:04:04,S,0.0,1,28
2021-06-18 09:04:04,B,1124.0,1,5
2021-06-18 09:04:04,B,1071.0,1,7
2021-06-18 09:04:04,B,1056.0,1,20
2021-06-18 09:04:04,B,1055.0,2,45
2021-06-18 09:04:04,B,0.0,4,62
2021-06-18 09:04:07,S,1060.4,1,6
2021-06-18 09:04:07,S,1062.0,1,54
2021-06-18 09:04:07,S,1065.0,1,100
2021-06-18 09:04:07,S,1078.0,1,1
2021-06-18 09:04:07,S,0.0,1,28
2021-06-18 09:04:07,B,1124.0,1,5
2021-06-18 09:04:07,B,1071.0,1,7
2021-06-18 09:04:07,B,1056.0,1,20
2021-06-18 09:04:07,B,1055.0,2,45
2021-06-18 09:04:07,B,0.0,4,62
2021-06-18 09:04:07,S,1060.4,1,6
2021-06-18 09:04:07,S,1062.0,1,54
2021-06-18 09:04:07,S,1065.0,1,100
2021-06-18 09:04:07,S,1078.0,1,1
2021-06-18 09:04:07,S,0.0,1,28
2021-06-18 09:04:07,B,1124.0,1,5
2021-06-18 09:04:07,B,1071.0,1,7
2021-06-18 09:04:07,B,1056.0,1,20
2021-06-18 09:04:07,B,1055.0,2,45
2021-06-18 09:04:07,B,0.0,4,62
2021-06-18 09:04:14,S,1060.4,1,6
2021-06-18 09:04:14,S,1062.0,1,54
2021-06-18 09:04:14,S,1065.0,1,100
2021-06-18 09:04:14,S,1078.0,1,1
2021-06-18 09:04:14,S,0.0,1,28
2021-06-18 09:04:14,B,1124.0,1,5
2021-06-18 09:04:14,B,1071.0,1,7
2021-06-18 09:04:14,B,1056.0,1,20
2021-06-18 09:04:14,B,1055.0,2,45
2021-06-18 09:04:14,B,0.0,4,62
2021-06-18 09:04:14,S,1060.4,1,6
2021-06-18 09:04:14,S,1062.0,1,54
2021-06-18 09:04:14,S,1065.0,1,100
2021-06-18 09:04:14,S,1078.0,1,1
2021-06-18 09:04:14,S,0.0,1,28
2021-06-18 09:04:14,B,1124.0,1,5
2021-06-18 09:04:14,B,1071.0,1,7
2021-06-18 09:04:14,B,1056.0,1,20
2021-06-18 09:04:14,B,1055.0,2,45
2021-06-18 09:04:14,B,0.0,4,62
2021-06-18 09:04:24,S,1060.4,1,6
2021-06-18 09:04:24,S,1062.0,1,54
2021-06-18 09:04:24,S,1065.0,1,100
2021-06-18 09:04:24,S,1078.0,1,1
2021-06-18 09:04:24,S,0.0,1,28
2021-06-18 09:04:24,B,1124.0,1,5
2021-06-18 09:04:24,B,1071.0,1,7
2021-06-18 09:04:24,B,1056.0,1,20
2021-06-18 09:04:24,B,1055.0,2,45
2021-06-18 09:04:24,B,0.0,4,62
2021-06-18 09:04:24,S,1060.4,1,6
2021-06-18 09:04:24,S,1062.0,1,54
2021-06-18 09:04:24,S,1065.0,1,100
2021-06-18 09:04:24,S,1078.0,1,1
2021-06-18 09:04:24,S,0.0,1,28
2021-06-18 09:04:24,B,1124.0,1,5
2021-06-18 09:04:24,B,1071.0,1,7
2021-06-18 09:04:24,B,1056.0,1,20
2021-06-18 09:04:24,B,1055.0,2,45
2021-06-18 09:04:24,B,0.0,4,62
2021-06-18 09:04:31,S,1060.4,1,6
2021-06-18 09:04:31,S,1062.0,1,54
2021-06-18 09:04:31,S,1065.0,1,100
2021-06-18 09:04:31,S,1078.0,1,1
2021-06-18 09:04:31,S,0.0,1,28
2021-06-18 09:04:31,B,1124.0,1,5
2021-06-18 09:04:31,B,1071.0,1,7
2021-06-18 09:04:31,B,1056.0,1,20
2021-06-18 09:04:31,B,1055.0,2,45
2021-06-18 09:04:31,B,0.0,4,62
2021-06-18 09:04:31,S,1060.4,1,6
2021-06-18 09:04:31,S,1062.0,1,54
2021-06-18 09:04:31,S,1065.0,1,100
2021-06-18 09:04:31,S,1078.0,1,1
2021-06-18 09:04:31,S,0.0,1,28
2021-06-18 09:04:31,B,1124.0,1,5
2021-06-18 09:04:31,B,1071.0,1,7
2021-06-18 09:04:31,B,1056.0,1,20
2021-06-18 09:04:31,B,1055.0,2,45
2021-06-18 09:04:31,B,0.0,4,62
2021-06-18 09:04:33,S,1060.4,1,6
2021-06-18 09:04:33,S,1062.0,1,54
2021-06-18 09:04:33,S,1065.0,1,100
2021-06-18 09:04:33,S,1078.0,1,1
2021-06-18 09:04:33,S,0.0,1,28
2021-06-18 09:04:33,B,1124.0,1,5
2021-06-18 09:04:33,B,1071.0,1,7
2021-06-18 09:04:33,B,1056.0,1,20
2021-06-18 09:04:33,B,1055.0,2,45
2021-06-18 09:04:33,B,0.0,4,62
2021-06-18 09:04:33,S,1060.4,1,6
2021-06-18 09:04:33,S,1062.0,1,54
2021-06-18 09:04:33,S,1065.0,1,100
2021-06-18 09:04:33,S,1078.0,1,1
2021-06-18 09:04:33,S,0.0,1,28
2021-06-18 09:04:33,B,1124.0,1,5
2021-06-18 09:04:33,B,1071.0,1,7
2021-06-18 09:04:33,B,1056.0,1,20
2021-06-18 09:04:33,B,1055.0,2,45
2021-06-18 09:04:33,B,0.0,4,62
2021-06-18 09:04:36,S,1060.4,1,6
2021-06-18 09:04:36,S,1062.0,1,54
2021-06-18 09:04:36,S,1065.0,1,100
2021-06-18 09:04:36,S,1078.0,1,1
2021-06-18 09:04:36,S,0.0,1,28
2021-06-18 09:04:36,B,1124.0,1,5
2021-06-18 09:04:36,B,1071.0,1,7
2021-06-18 09:04:36,B,1056.0,1,20
2021-06-18 09:04:36,B,1055.0,2,45
2021-06-18 09:04:36,B,0.0,4,62
2021-06-18 09:04:36,S,1060.4,1,6
2021-06-18 09:04:36,S,1062.0,1,54
2021-06-18 09:04:36,S,1065.0,1,100
2021-06-18 09:04:36,S,1078.0,1,1
2021-06-18 09:04:36,S,0.0,1,28
2021-06-18 09:04:36,B,1124.0,1,5
2021-06-18 09:04:36,B,1071.0,1,7
2021-06-18 09:04:36,B,1056.0,1,20
2021-06-18 09:04:36,B,1055.0,2,45
2021-06-18 09:04:36,B,0.0,4,62
2021-06-18 09:04:39,S,1060.4,1,6
2021-06-18 09:04:39,S,1062.0,1,54
2021-06-18 09:04:39,S,1065.0,1,100
2021-06-18 09:04:39,S,1078.0,1,1
2021-06-18 09:04:39,S,0.0,1,28
2021-06-18 09:04:39,B,1124.0,1,5
2021-06-18 09:04:39,B,1071.0,1,7
2021-06-18 09:04:39,B,1062.0,1,3
2021-06-18 09:04:39,B,1056.0,1,20
2021-06-18 09:04:39,B,0.0,4,62
2021-06-18 09:04:39,S,1060.4,1,6
2021-06-18 09:04:39,S,1062.0,1,54
2021-06-18 09:04:39,S,1065.0,1,100
2021-06-18 09:04:39,S,1078.0,1,1
2021-06-18 09:04:39,S,0.0,1,28
2021-06-18 09:04:39,B,1124.0,1,5
2021-06-18 09:04:39,B,1071.0,1,7
2021-06-18 09:04:39,B,1062.0,1,3
2021-06-18 09:04:39,B,1056.0,1,20
2021-06-18 09:04:39,B,0.0,4,62
2021-06-18 09:04:42,S,1060.4,1,6
2021-06-18 09:04:42,S,1062.0,1,54
2021-06-18 09:04:42,S,1065.0,1,100
2021-06-18 09:04:42,S,1078.0,1,1
2021-06-18 09:04:42,S,0.0,1,28
2021-06-18 09:04:42,B,1124.0,1,5
2021-06-18 09:04:42,B,1071.0,1,7
2021-06-18 09:04:42,B,1062.0,1,3
2021-06-18 09:04:42,B,1056.0,1,20
2021-06-18 09:04:42,B,0.0,4,62
2021-06-18 09:04:42,S,1060.4,1,6
2021-06-18 09:04:42,S,1062.0,1,54
2021-06-18 09:04:42,S,1065.0,1,100
2021-06-18 09:04:42,S,1078.0,1,1
2021-06-18 09:04:42,S,0.0,1,28
2021-06-18 09:04:42,B,1124.0,1,5
2021-06-18 09:04:42,B,1071.0,1,7
2021-06-18 09:04:42,B,1062.0,1,3
2021-06-18 09:04:42,B,1056.0,1,20
2021-06-18 09:04:42,B,0.0,4,62
2021-06-18 09:04:46,S,1060.4,1,6
2021-06-18 09:04:46,S,1062.0,1,54
2021-06-18 09:04:46,S,1065.0,1,100
2021-06-18 09:04:46,S,1078.0,1,1
2021-06-18 09:04:46,S,0.0,1,28
2021-06-18 09:04:46,B,1124.0,1,5
2021-06-18 09:04:46,B,1071.0,1,7
2021-06-18 09:04:46,B,1062.0,1,3
2021-06-18 09:04:46,B,1056.0,1,20
2021-06-18 09:04:46,B,0.0,4,62
2021-06-18 09:04:46,S,1060.4,1,6
2021-06-18 09:04:46,S,1062.0,1,54
2021-06-18 09:04:46,S,1065.0,1,100
2021-06-18 09:04:46,S,1078.0,1,1
2021-06-18 09:04:46,S,0.0,1,28
2021-06-18 09:04:46,B,1124.0,1,5
2021-06-18 09:04:46,B,1071.0,1,7
2021-06-18 09:04:46,B,1062.0,1,3
2021-06-18 09:04:46,B,1056.0,1,20
2021-06-18 09:04:46,B,0.0,4,62
2021-06-18 09:04:49,S,1060.4,1,6
2021-06-18 09:04:49,S,1062.0,1,54
2021-06-18 09:04:49,S,1065.0,1,100
2021-06-18 09:04:49,S,1078.0,1,1
2021-06-18 09:04:49,S,0.0,1,28
2021-06-18 09:04:49,B,1124.0,1,5
2021-06-18 09:04:49,B,1071.0,1,7
2021-06-18 09:04:49,B,1062.0,1,3
2021-06-18 09:04:49,B,1056.0,1,20
2021-06-18 09:04:49,B,0.0,4,62
2021-06-18 09:04:49,S,1060.4,1,6
2021-06-18 09:04:49,S,1062.0,1,54
2021-06-18 09:04:49,S,1065.0,1,100
2021-06-18 09:04:49,S,1078.0,1,1
2021-06-18 09:04:49,S,0.0,1,28
2021-06-18 09:04:49,B,1124.0,1,5
2021-06-18 09:04:49,B,1071.0,1,7
2021-06-18 09:04:49,B,1062.0,1,3
2021-06-18 09:04:49,B,1056.0,1,20
2021-06-18 09:04:49,B,0.0,4,62
2021-06-18 09:04:51,S,1060.4,1,6
2021-06-18 09:04:51,S,1062.0,1,54
2021-06-18 09:04:51,S,1065.0,1,100
2021-06-18 09:04:51,S,1078.0,1,1
2021-06-18 09:04:51,S,0.0,1,28
2021-06-18 09:04:51,B,1124.0,1,5
2021-06-18 09:04:51,B,1071.0,1,7
2021-06-18 09:04:51,B,1062.0,1,3
2021-06-18 09:04:51,B,1056.0,1,20
2021-06-18 09:04:51,B,0.0,4,62
2021-06-18 09:04:51,S,1060.4,1,6
2021-06-18 09:04:51,S,1062.0,1,54
2021-06-18 09:04:51,S,1065.0,1,100
2021-06-18 09:04:51,S,1078.0,1,1
2021-06-18 09:04:51,S,0.0,1,28
2021-06-18 09:04:51,B,1124.0,1,5
2021-06-18 09:04:51,B,1071.0,1,7
2021-06-18 09:04:51,B,1062.0,1,3
2021-06-18 09:04:51,B,1056.0,1,20
2021-06-18 09:04:51,B,0.0,4,62
2021-06-18 09:05:01,S,1060.4,1,6
2021-06-18 09:05:01,S,1062.0,1,54
2021-06-18 09:05:01,S,1065.0,1,100
2021-06-18 09:05:01,S,1078.0,1,1
2021-06-18 09:05:01,S,0.0,1,28
2021-06-18 09:05:01,B,1124.0,1,5
2021-06-18 09:05:01,B,1071.0,1,7
2021-06-18 09:05:01,B,1062.0,1,3
2021-06-18 09:05:01,B,1056.0,1,20
2021-06-18 09:05:01,B,0.0,4,62
2021-06-18 09:05:01,S,1060.4,1,6
2021-06-18 09:05:01,S,1062.0,1,54
2021-06-18 09:05:01,S,1065.0,1,100
2021-06-18 09:05:01,S,1078.0,1,1
2021-06-18 09:05:01,S,0.0,1,28
2021-06-18 09:05:01,B,1124.0,1,5
2021-06-18 09:05:01,B,1071.0,1,7
2021-06-18 09:05:01,B,1062.0,1,3
2021-06-18 09:05:01,B,1056.0,1,20
2021-06-18 09:05:01,B,0.0,4,62
2021-06-18 09:05:03,S,1060.4,1,6
2021-06-18 09:05:03,S,1062.0,1,54
2021-06-18 09:05:03,S,1065.0,1,100
2021-06-18 09:05:03,S,1078.0,1,1
2021-06-18 09:05:03,S,0.0,1,28
2021-06-18 09:05:03,B,1124.0,1,5
2021-06-18 09:05:03,B,1071.0,1,7
2021-06-18 09:05:03,B,1062.0,1,3
2021-06-18 09:05:03,B,1056.0,1,20
2021-06-18 09:05:03,B,0.0,4,62
2021-06-18 09:05:03,S,1060.4,1,6
2021-06-18 09:05:03,S,1062.0,1,54
2021-06-18 09:05:03,S,1065.0,1,100
2021-06-18 09:05:03,S,1078.0,1,1
2021-06-18 09:05:03,S,0.0,1,28
2021-06-18 09:05:03,B,1124.0,1,5
2021-06-18 09:05:03,B,1071.0,1,7
2021-06-18 09:05:03,B,1062.0,1,3
2021-06-18 09:05:03,B,1056.0,1,20
2021-06-18 09:05:03,B,0.0,4,62
2021-06-18 09:05:08,S,1060.4,1,6
2021-06-18 09:05:08,S,1062.0,1,54
2021-06-18 09:05:08,S,1065.0,1,100
2021-06-18 09:05:08,S,1078.0,1,1
2021-06-18 09:05:08,S,0.0,1,28
2021-06-18 09:05:08,B,1124.0,1,5
2021-06-18 09:05:08,B,1071.0,1,7
2021-06-18 09:05:08,B,1062.0,1,3
2021-06-18 09:05:08,B,1056.0,1,20
2021-06-18 09:05:08,B,0.0,4,62
2021-06-18 09:05:08,S,1060.4,1,6
2021-06-18 09:05:08,S,1062.0,1,54
2021-06-18 09:05:08,S,1065.0,1,100
2021-06-18 09:05:08,S,1078.0,1,1
2021-06-18 09:05:08,S,0.0,1,28
2021-06-18 09:05:08,B,1124.0,1,5
2021-06-18 09:05:08,B,1071.0,1,7
2021-06-18 09:05:08,B,1062.0,1,3
2021-06-18 09:05:08,B,1056.0,1,20
2021-06-18 09:05:08,B,0.0,4,62
2021-06-18 09:05:19,S,1060.4,1,6
2021-06-18 09:05:19,S,1062.0,1,54
2021-06-18 09:05:19,S,1065.0,1,100
2021-06-18 09:05:19,S,1078.0,1,1
2021-06-18 09:05:19,S,0.0,1,28
2021-06-18 09:05:19,B,1124.0,1,5
2021-06-18 09:05:19,B,1071.0,1,7
2021-06-18 09:05:19,B,1062.0,1,3
2021-06-18 09:05:19,B,1056.0,1,20
2021-06-18 09:05:19,B,0.0,4,62
2021-06-18 09:05:19,S,1060.4,1,6
2021-06-18 09:05:19,S,1062.0,1,54
2021-06-18 09:05:19,S,1065.0,1,100
2021-06-18 09:05:19,S,1078.0,1,1
2021-06-18 09:05:19,S,0.0,1,28
2021-06-18 09:05:19,B,1124.0,1,5
2021-06-18 09:05:19,B,1071.0,1,7
2021-06-18 09:05:19,B,1062.0,1,3
2021-06-18 09:05:19,B,1056.0,1,20
2021-06-18 09:05:19,B,0.0,4,62
2021-06-18 09:05:23,S,1060.4,1,6
2021-06-18 09:05:23,S,1062.0,1,54
2021-06-18 09:05:23,S,1065.0,1,100
2021-06-18 09:05:23,S,1078.0,1,1
2021-06-18 09:05:23,S,0.0,1,28
2021-06-18 09:05:23,B,1124.0,1,5
2021-06-18 09:05:23,B,1071.0,1,7
2021-06-18 09:05:23,B,1062.0,1,3
2021-06-18 09:05:23,B,1056.0,1,20
2021-06-18 09:05:23,B,0.0,4,62
2021-06-18 09:05:23,S,1060.4,1,6
2021-06-18 09:05:23,S,1062.0,1,54
2021-06-18 09:05:23,S,1065.0,1,100
2021-06-18 09:05:23,S,1078.0,1,1
2021-06-18 09:05:23,S,0.0,1,28
2021-06-18 09:05:23,B,1124.0,1,5
2021-06-18 09:05:23,B,1071.0,1,7
2021-06-18 09:05:23,B,1062.0,1,3
2021-06-18 09:05:23,B,1056.0,1,20
2021-06-18 09:05:23,B,0.0,4,62
2021-06-18 09:05:25,S,1052.0,1,15
2021-06-18 09:05:25,S,1060.4,1,6
2021-06-18 09:05:25,S,1062.0,1,54
2021-06-18 09:05:25,S,1065.0,1,100
2021-06-18 09:05:25,S,0.0,1,28
2021-06-18 09:05:25,B,1124.0,1,5
2021-06-18 09:05:25,B,1071.0,1,7
2021-06-18 09:05:25,B,1062.0,1,3
2021-06-18 09:05:25,B,1056.0,1,20
2021-06-18 09:05:25,B,0.0,4,62
2021-06-18 09:05:25,S,1052.0,1,15
2021-06-18 09:05:25,S,1060.4,1,6
2021-06-18 09:05:25,S,1062.0,1,54
2021-06-18 09:05:25,S,1065.0,1,100
2021-06-18 09:05:25,S,0.0,1,28
2021-06-18 09:05:25,B,1124.0,1,5
2021-06-18 09:05:25,B,1071.0,1,7
2021-06-18 09:05:25,B,1062.0,1,3
2021-06-18 09:05:25,B,1056.0,1,20
2021-06-18 09:05:25,B,0.0,4,62
2021-06-18 09:05:27,S,1052.0,1,15
2021-06-18 09:05:27,S,1060.4,1,6
2021-06-18 09:05:27,S,1062.0,1,54
2021-06-18 09:05:27,S,1065.0,1,100
2021-06-18 09:05:27,S,0.0,1,28
2021-06-18 09:05:27,B,1124.0,1,5
2021-06-18 09:05:27,B,1071.0,1,7
2021-06-18 09:05:27,B,1062.0,1,3
2021-06-18 09:05:27,B,1056.0,1,20
2021-06-18 09:05:27,B,0.0,4,62
2021-06-18 09:05:27,S,1052.0,1,15
2021-06-18 09:05:27,S,1060.4,1,6
2021-06-18 09:05:27,S,1062.0,1,54
2021-06-18 09:05:27,S,1065.0,1,100
2021-06-18 09:05:27,S,0.0,1,28
2021-06-18 09:05:27,B,1124.0,1,5
2021-06-18 09:05:27,B,1071.0,1,7
2021-06-18 09:05:27,B,1062.0,1,3
2021-06-18 09:05:27,B,1056.0,1,20
2021-06-18 09:05:27,B,0.0,4,62
2021-06-18 09:05:36,S,1052.0,1,15
2021-06-18 09:05:36,S,1060.4,1,6
2021-06-18 09:05:36,S,1062.0,1,54
2021-06-18 09:05:36,S,1065.0,1,100
2021-06-18 09:05:36,S,0.0,1,28
2021-06-18 09:05:36,B,1124.0,1,5
2021-06-18 09:05:36,B,1071.0,1,7
2021-06-18 09:05:36,B,1062.0,1,3
2021-06-18 09:05:36,B,1056.0,1,20
2021-06-18 09:05:36,B,0.0,4,62
2021-06-18 09:05:36,S,1052.0,1,15
2021-06-18 09:05:36,S,1060.4,1,6
2021-06-18 09:05:36,S,1062.0,1,54
2021-06-18 09:05:36,S,1065.0,1,100
2021-06-18 09:05:36,S,0.0,1,28
2021-06-18 09:05:36,B,1124.0,1,5
2021-06-18 09:05:36,B,1071.0,1,7
2021-06-18 09:05:36,B,1062.0,1,3
2021-06-18 09:05:36,B,1056.0,1,20
2021-06-18 09:05:36,B,0.0,4,62
2021-06-18 09:05:40,S,1052.0,1,15
2021-06-18 09:05:40,S,1060.4,1,6
2021-06-18 09:05:40,S,1062.0,1,54
2021-06-18 09:05:40,S,1065.0,1,100
2021-06-18 09:05:40,S,0.0,1,28
2021-06-18 09:05:40,B,1124.0,1,5
2021-06-18 09:05:40,B,1071.0,1,7
2021-06-18 09:05:40,B,1062.0,1,3
2021-06-18 09:05:40,B,1056.0,1,20
2021-06-18 09:05:40,B,0.0,5,72
2021-06-18 09:05:40,S,1052.0,1,15
2021-06-18 09:05:40,S,1060.4,1,6
2021-06-18 09:05:40,S,1062.0,1,54
2021-06-18 09:05:40,S,1065.0,1,100
2021-06-18 09:05:40,S,0.0,1,28
2021-06-18 09:05:40,B,1124.0,1,5
2021-06-18 09:05:40,B,1071.0,1,7
2021-06-18 09:05:40,B,1062.0,1,3
2021-06-18 09:05:40,B,1056.0,1,20
2021-06-18 09:05:40,B,0.0,5,72
2021-06-18 09:05:42,S,1052.0,1,15
2021-06-18 09:05:42,S,1060.4,1,6
2021-06-18 09:05:42,S,1062.0,1,54
2021-06-18 09:05:42,S,1065.0,1,100
2021-06-18 09:05:42,S,0.0,1,28
2021-06-18 09:05:42,B,1124.0,1,5
2021-06-18 09:05:42,B,1071.0,1,7
2021-06-18 09:05:42,B,1062.0,1,3
2021-06-18 09:05:42,B,1056.0,1,20
2021-06-18 09:05:42,B,0.0,5,72
2021-06-18 09:05:42,S,1052.0,1,15
2021-06-18 09:05:42,S,1060.4,1,6
2021-06-18 09:05:42,S,1062.0,1,54
2021-06-18 09:05:42,S,1065.0,1,100
2021-06-18 09:05:42,S,0.0,1,28
2021-06-18 09:05:42,B,1124.0,1,5
2021-06-18 09:05:42,B,1071.0,1,7
2021-06-18 09:05:42,B,1062.0,1,3
2021-06-18 09:05:42,B,1056.0,1,20
2021-06-18 09:05:42,B,0.0,5,72
2021-06-18 09:05:46,S,1052.0,1,15
2021-06-18 09:05:46,S,1060.4,1,6
2021-06-18 09:05:46,S,1062.0,1,54
2021-06-18 09:05:46,S,1065.0,1,100
2021-06-18 09:05:46,S,0.0,1,28
2021-06-18 09:05:46,B,1124.0,1,5
2021-06-18 09:05:46,B,1071.0,1,7
2021-06-18 09:05:46,B,1062.0,1,3
2021-06-18 09:05:46,B,1056.0,1,20
2021-06-18 09:05:46,B,0.0,6,73
2021-06-18 09:05:46,S,1052.0,1,15
2021-06-18 09:05:46,S,1060.4,1,6
2021-06-18 09:05:46,S,1062.0,1,54
2021-06-18 09:05:46,S,1065.0,1,100
2021-06-18 09:05:46,S,0.0,1,28
2021-06-18 09:05:46,B,1124.0,1,5
2021-06-18 09:05:46,B,1071.0,1,7
2021-06-18 09:05:46,B,1062.0,1,3
2021-06-18 09:05:46,B,1056.0,1,20
2021-06-18 09:05:46,B,0.0,6,73
2021-06-18 09:05:59,S,1052.0,1,15
2021-06-18 09:05:59,S,1060.4,1,6
2021-06-18 09:05:59,S,1062.0,1,54
2021-06-18 09:05:59,S,1065.0,1,100
2021-06-18 09:05:59,S,0.0,1,28
2021-06-18 09:05:59,B,1124.0,1,5
2021-06-18 09:05:59,B,1071.0,1,7
2021-06-18 09:05:59,B,1062.0,1,3
2021-06-18 09:05:59,B,1056.0,1,20
2021-06-18 09:05:59,B,0.0,6,73
2021-06-18 09:05:59,S,1052.0,1,15
2021-06-18 09:05:59,S,1060.4,1,6
2021-06-18 09:05:59,S,1062.0,1,54
2021-06-18 09:05:59,S,1065.0,1,100
2021-06-18 09:05:59,S,0.0,1,28
2021-06-18 09:05:59,B,1124.0,1,5
2021-06-18 09:05:59,B,1071.0,1,7
2021-06-18 09:05:59,B,1062.0,1,3
2021-06-18 09:05:59,B,1056.0,1,20
2021-06-18 09:05:59,B,0.0,6,73
2021-06-18 09:06:01,S,1052.0,1,15
2021-06-18 09:06:01,S,1060.4,1,6
2021-06-18 09:06:01,S,1062.0,1,54
2021-06-18 09:06:01,S,1065.0,1,100
2021-06-18 09:06:01,S,0.0,1,28
2021-06-18 09:06:01,B,1124.0,1,5
2021-06-18 09:06:01,B,1071.0,1,7
2021-06-18 09:06:01,B,1062.0,1,3
2021-06-18 09:06:01,B,1056.0,1,20
2021-06-18 09:06:01,B,0.0,6,73
2021-06-18 09:06:01,S,1052.0,1,15
2021-06-18 09:06:01,S,1060.4,1,6
2021-06-18 09:06:01,S,1062.0,1,54
2021-06-18 09:06:01,S,1065.0,1,100
2021-06-18 09:06:01,S,0.0,1,28
2021-06-18 09:06:01,B,1124.0,1,5
2021-06-18 09:06:01,B,1071.0,1,7
2021-06-18 09:06:01,B,1062.0,1,3
2021-06-18 09:06:01,B,1056.0,1,20
2021-06-18 09:06:01,B,0.0,6,73
2021-06-18 09:06:03,S,1052.0,1,15
2021-06-18 09:06:03,S,1060.4,1,6
2021-06-18 09:06:03,S,1062.0,1,54
2021-06-18 09:06:03,S,1065.0,1,100
2021-06-18 09:06:03,S,0.0,1,28
2021-06-18 09:06:03,B,1124.0,1,5
2021-06-18 09:06:03,B,1071.0,1,7
2021-06-18 09:06:03,B,1062.0,1,3
2021-06-18 09:06:03,B,1056.0,1,20
2021-06-18 09:06:03,B,0.0,6,73
2021-06-18 09:06:03,S,1052.0,1,15
2021-06-18 09:06:03,S,1060.4,1,6
2021-06-18 09:06:03,S,1062.0,1,54
2021-06-18 09:06:03,S,1065.0,1,100
2021-06-18 09:06:03,S,0.0,1,28
2021-06-18 09:06:03,B,1124.0,1,5
2021-06-18 09:06:03,B,1071.0,1,7
2021-06-18 09:06:03,B,1062.0,1,3
2021-06-18 09:06:03,B,1056.0,1,20
2021-06-18 09:06:03,B,0.0,6,73
2021-06-18 09:06:15,S,1052.0,1,15
2021-06-18 09:06:15,S,1060.4,1,6
2021-06-18 09:06:15,S,1062.0,1,54
2021-06-18 09:06:15,S,1065.0,1,100
2021-06-18 09:06:15,S,0.0,1,28
2021-06-18 09:06:15,B,1124.0,1,5
2021-06-18 09:06:15,B,1071.0,1,7
2021-06-18 09:06:15,B,1062.0,1,3
2021-06-18 09:06:15,B,1056.0,1,20
2021-06-18 09:06:15,B,0.0,6,73
2021-06-18 09:06:15,S,1052.0,1,15
2021-06-18 09:06:15,S,1060.4,1,6
2021-06-18 09:06:15,S,1062.0,1,54
2021-06-18 09:06:15,S,1065.0,1,100
2021-06-18 09:06:15,S,0.0,1,28
2021-06-18 09:06:15,B,1124.0,1,5
2021-06-18 09:06:15,B,1071.0,1,7
2021-06-18 09:06:15,B,1062.0,1,3
2021-06-18 09:06:15,B,1056.0,1,20
2021-06-18 09:06:15,B,0.0,6,73
2021-06-18 09:06:21,S,1052.0,1,15
2021-06-18 09:06:21,S,1060.4,1,6
2021-06-18 09:06:21,S,1062.0,1,54
2021-06-18 09:06:21,S,1065.0,1,100
2021-06-18 09:06:21,S,0.0,1,28
2021-06-18 09:06:21,B,1124.0,1,5
2021-06-18 09:06:21,B,1071.0,1,7
2021-06-18 09:06:21,B,1062.0,1,3
2021-06-18 09:06:21,B,1056.0,1,20
2021-06-18 09:06:21,B,0.0,6,73
2021-06-18 09:06:21,S,1052.0,1,15
2021-06-18 09:06:21,S,1060.4,1,6
2021-06-18 09:06:21,S,1062.0,1,54
2021-06-18 09:06:21,S,1065.0,1,100
2021-06-18 09:06:21,S,0.0,1,28
2021-06-18 09:06:21,B,1124.0,1,5
2021-06-18 09:06:21,B,1071.0,1,7
2021-06-18 09:06:21,B,1062.0,1,3
2021-06-18 09:06:21,B,1056.0,1,20
2021-06-18 09:06:21,B,0.0,6,73
2021-06-18 09:06:25,S,1052.0,1,15
2021-06-18 09:06:25,S,1060.4,1,6
2021-06-18 09:06:25,S,1062.0,1,54
2021-06-18 09:06:25,S,1065.0,1,100
2021-06-18 09:06:25,S,0.0,1,28
2021-06-18 09:06:25,B,1124.0,1,5
2021-06-18 09:06:25,B,1071.0,1,7
2021-06-18 09:06:25,B,1062.0,1,3
2021-06-18 09:06:25,B,1056.0,1,20
2021-06-18 09:06:25,B,0.0,6,73
2021-06-18 09:06:25,S,1052.0,1,15
2021-06-18 09:06:25,S,1060.4,1,6
2021-06-18 09:06:25,S,1062.0,1,54
2021-06-18 09:06:25,S,1065.0,1,100
2021-06-18 09:06:25,S,0.0,1,28
2021-06-18 09:06:25,B,1124.0,1,5
2021-06-18 09:06:25,B,1071.0,1,7
2021-06-18 09:06:25,B,1062.0,1,3
2021-06-18 09:06:25,B,1056.0,1,20
2021-06-18 09:06:25,B,0.0,6,73
2021-06-18 09:06:31,S,1052.0,1,15
2021-06-18 09:06:31,S,1060.4,1,6
2021-06-18 09:06:31,S,1062.0,1,54
2021-06-18 09:06:31,S,1065.0,1,100
2021-06-18 09:06:31,S,0.0,1,28
2021-06-18 09:06:31,B,1124.0,1,5
2021-06-18 09:06:31,B,1071.0,1,7
2021-06-18 09:06:31,B,1062.0,1,3
2021-06-18 09:06:31,B,1056.0,1,20
2021-06-18 09:06:31,B,0.0,6,73
2021-06-18 09:06:31,S,1052.0,1,15
2021-06-18 09:06:31,S,1060.4,1,6
2021-06-18 09:06:31,S,1062.0,1,54
2021-06-18 09:06:31,S,1065.0,1,100
2021-06-18 09:06:31,S,0.0,1,28
2021-06-18 09:06:31,B,1124.0,1,5
2021-06-18 09:06:31,B,1071.0,1,7
2021-06-18 09:06:31,B,1062.0,1,3
2021-06-18 09:06:31,B,1056.0,1,20
2021-06-18 09:06:31,B,0.0,6,73
2021-06-18 09:06:34,S,1052.0,1,15
2021-06-18 09:06:34,S,1060.4,1,6
2021-06-18 09:06:34,S,1062.0,1,54
2021-06-18 09:06:34,S,1065.0,1,100
2021-06-18 09:06:34,S,0.0,1,28
2021-06-18 09:06:34,B,1124.0,1,5
2021-06-18 09:06:34,B,1071.0,1,7
2021-06-18 09:06:34,B,1062.0,1,3
2021-06-18 09:06:34,B,1056.0,1,20
2021-06-18 09:06:34,B,0.0,6,73
2021-06-18 09:06:34,S,1052.0,1,15
2021-06-18 09:06:34,S,1060.4,1,6
2021-06-18 09:06:34,S,1062.0,1,54
2021-06-18 09:06:34,S,1065.0,1,100
2021-06-18 09:06:34,S,0.0,1,28
2021-06-18 09:06:34,B,1124.0,1,5
2021-06-18 09:06:34,B,1071.0,1,7
2021-06-18 09:06:34,B,1062.0,1,3
2021-06-18 09:06:34,B,1056.0,1,20
2021-06-18 09:06:34,B,0.0,6,73
2021-06-18 09:06:36,S,1052.0,1,15
2021-06-18 09:06:36,S,1060.4,1,6
2021-06-18 09:06:36,S,1062.0,1,54
2021-06-18 09:06:36,S,1065.0,1,100
2021-06-18 09:06:36,S,0.0,1,28
2021-06-18 09:06:36,B,1124.0,1,5
2021-06-18 09:06:36,B,1071.0,1,7
2021-06-18 09:06:36,B,1062.0,1,3
2021-06-18 09:06:36,B,1056.0,1,20
2021-06-18 09:06:36,B,0.0,6,73
2021-06-18 09:06:36,S,1052.0,1,15
2021-06-18 09:06:36,S,1060.4,1,6
2021-06-18 09:06:36,S,1062.0,1,54
2021-06-18 09:06:36,S,1065.0,1,100
2021-06-18 09:06:36,S,0.0,1,28
2021-06-18 09:06:36,B,1124.0,1,5
2021-06-18 09:06:36,B,1071.0,1,7
2021-06-18 09:06:36,B,1062.0,1,3
2021-06-18 09:06:36,B,1056.0,1,20
2021-06-18 09:06:36,B,0.0,6,73
2021-06-18 09:06:42,S,1052.0,1,15
2021-06-18 09:06:42,S,1060.4,1,6
2021-06-18 09:06:42,S,1062.0,1,54
2021-06-18 09:06:42,S,1065.0,1,100
2021-06-18 09:06:42,S,0.0,1,28
2021-06-18 09:06:42,B,1124.0,1,5
2021-06-18 09:06:42,B,1071.0,1,7
2021-06-18 09:06:42,B,1062.0,1,3
2021-06-18 09:06:42,B,1056.0,1,20
2021-06-18 09:06:42,B,0.0,6,73
2021-06-18 09:06:42,S,1052.0,1,15
2021-06-18 09:06:42,S,1060.4,1,6
2021-06-18 09:06:42,S,1062.0,1,54
2021-06-18 09:06:42,S,1065.0,1,100
2021-06-18 09:06:42,S,0.0,1,28
2021-06-18 09:06:42,B,1124.0,1,5
2021-06-18 09:06:42,B,1071.0,1,7
2021-06-18 09:06:42,B,1062.0,1,3
2021-06-18 09:06:42,B,1056.0,1,20
2021-06-18 09:06:42,B,0.0,6,73
2021-06-18 09:06:48,S,1052.0,1,15
2021-06-18 09:06:48,S,1060.4,1,6
2021-06-18 09:06:48,S,1062.0,1,54
2021-06-18 09:06:48,S,1065.0,1,100
2021-06-18 09:06:48,S,0.0,1,28
2021-06-18 09:06:48,B,1124.0,1,5
2021-06-18 09:06:48,B,1071.0,1,7
2021-06-18 09:06:48,B,1062.0,1,3
2021-06-18 09:06:48,B,1056.0,1,20
2021-06-18 09:06:48,B,0.0,6,73
2021-06-18 09:06:48,S,1052.0,1,15
2021-06-18 09:06:48,S,1060.4,1,6
2021-06-18 09:06:48,S,1062.0,1,54
2021-06-18 09:06:48,S,1065.0,1,100
2021-06-18 09:06:48,S,0.0,1,28
2021-06-18 09:06:48,B,1124.0,1,5
2021-06-18 09:06:48,B,1071.0,1,7
2021-06-18 09:06:48,B,1062.0,1,3
2021-06-18 09:06:48,B,1056.0,1,20
2021-06-18 09:06:48,B,0.0,6,73
2021-06-18 09:06:59,S,1052.0,1,15
2021-06-18 09:06:59,S,1060.4,1,6
2021-06-18 09:06:59,S,1062.0,1,54
2021-06-18 09:06:59,S,1065.0,1,100
2021-06-18 09:06:59,S,0.0,1,28
2021-06-18 09:06:59,B,1124.0,1,5
2021-06-18 09:06:59,B,1071.0,1,7
2021-06-18 09:06:59,B,1062.0,1,3
2021-06-18 09:06:59,B,1056.0,1,20
2021-06-18 09:06:59,B,0.0,6,73
2021-06-18 09:06:59,S,1052.0,1,15
2021-06-18 09:06:59,S,1060.4,1,6
2021-06-18 09:06:59,S,1062.0,1,54
2021-06-18 09:06:59,S,1065.0,1,100
2021-06-18 09:06:59,S,0.0,1,28
2021-06-18 09:06:59,B,1124.0,1,5
2021-06-18 09:06:59,B,1071.0,1,7
2021-06-18 09:06:59,B,1062.0,1,3
2021-06-18 09:06:59,B,1056.0,1,20
2021-06-18 09:06:59,B,0.0,6,73
2021-06-18 09:07:00,S,1052.0,1,15
2021-06-18 09:07:00,S,1060.4,1,6
2021-06-18 09:07:00,S,1062.0,1,54
2021-06-18 09:07:00,S,1065.0,1,100
2021-06-18 09:07:00,S,0.0,1,28
2021-06-18 09:07:00,B,1124.0,1,5
2021-06-18 09:07:00,B,1071.0,1,7
2021-06-18 09:07:00,B,1062.0,1,3
2021-06-18 09:07:00,B,1056.0,1,20
2021-06-18 09:07:00,B,0.0,6,73
2021-06-18 09:07:00,S,1052.0,1,15
2021-06-18 09:07:00,S,1060.4,1,6
2021-06-18 09:07:00,S,1062.0,1,54
2021-06-18 09:07:00,S,1065.0,1,100
2021-06-18 09:07:00,S,0.0,1,28
2021-06-18 09:07:00,B,1124.0,1,5
2021-06-18 09:07:00,B,1071.0,1,7
2021-06-18 09:07:00,B,1062.0,1,3
2021-06-18 09:07:00,B,1056.0,1,20
2021-06-18 09:07:00,B,0.0,6,73
2021-06-18 09:07:34,S,1052.0,1,15
2021-06-18 09:07:34,S,1060.4,1,6
2021-06-18 09:07:34,S,1062.0,1,54
2021-06-18 09:07:34,S,1065.0,1,100
2021-06-18 09:07:34,S,0.0,1,28
2021-06-18 09:07:34,B,1124.0,1,5
2021-06-18 09:07:34,B,1071.0,1,7
2021-06-18 09:07:34,B,1063.0,1,3
2021-06-18 09:07:34,B,1056.0,1,20
2021-06-18 09:07:34,B,0.0,6,73
2021-06-18 09:07:34,S,1052.0,1,15
2021-06-18 09:07:34,S,1060.4,1,6
2021-06-18 09:07:34,S,1062.0,1,54
2021-06-18 09:07:34,S,1065.0,1,100
2021-06-18 09:07:34,S,0.0,1,28
2021-06-18 09:07:34,B,1124.0,1,5
2021-06-18 09:07:34,B,1071.0,1,7
2021-06-18 09:07:34,B,1063.0,1,3
2021-06-18 09:07:34,B,1056.0,1,20
2021-06-18 09:07:34,B,0.0,6,73
2021-06-18 09:07:52,S,1052.0,1,15
2021-06-18 09:07:52,S,1060.4,1,6
2021-06-18 09:07:52,S,1062.0,1,54
2021-06-18 09:07:52,S,1065.0,1,100
2021-06-18 09:07:52,S,0.0,1,28
2021-06-18 09:07:52,B,1124.0,1,5
2021-06-18 09:07:52,B,1071.0,1,7
2021-06-18 09:07:52,B,1063.0,1,3
2021-06-18 09:07:52,B,1056.0,1,20
2021-06-18 09:07:52,B,0.0,6,73
2021-06-18 09:07:52,S,1052.0,1,15
2021-06-18 09:07:52,S,1060.4,1,6
2021-06-18 09:07:52,S,1062.0,1,54
2021-06-18 09:07:52,S,1065.0,1,100
2021-06-18 09:07:52,S,0.0,1,28
2021-06-18 09:07:52,B,1124.0,1,5
2021-06-18 09:07:52,B,1071.0,1,7
2021-06-18 09:07:52,B,1063.0,1,3
2021-06-18 09:07:52,B,1056.0,1,20
2021-06-18 09:07:52,B,0.0,6,73
2021-06-18 09:07:58,S,1052.0,1,15
2021-06-18 09:07:58,S,1060.4,1,6
2021-06-18 09:07:58,S,1062.0,2,82
2021-06-18 09:07:58,S,1065.0,1,100
2021-06-18 09:07:58,S,1078.0,1,1
2021-06-18 09:07:58,B,1124.0,1,5
2021-06-18 09:07:58,B,1071.0,1,7
2021-06-18 09:07:58,B,1063.0,1,3
2021-06-18 09:07:58,B,1062.0,6,73
2021-06-18 09:07:58,B,1056.0,1,20
2021-06-18 09:07:58,S,1052.0,1,15
2021-06-18 09:07:58,S,1060.4,1,6
2021-06-18 09:07:58,S,1062.0,2,82
2021-06-18 09:07:58,S,1065.0,1,100
2021-06-18 09:07:58,S,1078.0,1,1
2021-06-18 09:07:58,B,1124.0,1,5
2021-06-18 09:07:58,B,1071.0,1,7
2021-06-18 09:07:58,B,1063.0,1,3
2021-06-18 09:07:58,B,1062.0,6,73
2021-06-18 09:07:58,B,1056.0,1,20
2021-06-18 09:07:59,S,1052.0,1,15
2021-06-18 09:07:59,S,1060.4,1,6
2021-06-18 09:07:59,S,1062.0,2,82
2021-06-18 09:07:59,S,1065.0,1,100
2021-06-18 09:07:59,S,1078.0,1,1
2021-06-18 09:07:59,B,1124.0,1,5
2021-06-18 09:07:59,B,1071.0,1,7
2021-06-18 09:07:59,B,1063.0,1,3
2021-06-18 09:07:59,B,1062.0,6,73
2021-06-18 09:07:59,B,1056.0,1,20
2021-06-18 09:07:59,S,1052.0,1,15
2021-06-18 09:07:59,S,1060.4,1,6
2021-06-18 09:07:59,S,1062.0,2,82
2021-06-18 09:07:59,S,1065.0,1,100
2021-06-18 09:07:59,S,1078.0,1,1
2021-06-18 09:07:59,B,1124.0,1,5
2021-06-18 09:07:59,B,1071.0,1,7
2021-06-18 09:07:59,B,1063.0,1,3
2021-06-18 09:07:59,B,1062.0,6,73
2021-06-18 09:07:59,B,1056.0,1,20
2021-06-18 09:08:02,S,1062.0,1,15
2021-06-18 09:08:02,S,1065.0,1,100
2021-06-18 09:08:02,S,1078.0,1,1
2021-06-18 09:08:02,S,1083.0,1,1
2021-06-18 09:08:02,S,1085.0,1,45
2021-06-18 09:08:02,B,1056.0,1,20
2021-06-18 09:08:02,B,1055.0,2,45
2021-06-18 09:08:02,B,1052.6,1,15
2021-06-18 09:08:02,B,1050.25,1,5
2021-06-18 09:08:02,B,1050.0,3,63
2021-06-18 09:08:02,S,1062.0,1,15
2021-06-18 09:08:02,S,1065.0,1,100
2021-06-18 09:08:02,S,1078.0,1,1
2021-06-18 09:08:02,S,1083.0,1,1
2021-06-18 09:08:02,S,1085.0,1,45
2021-06-18 09:08:02,B,1056.0,1,20
2021-06-18 09:08:02,B,1055.0,2,45
2021-06-18 09:08:02,B,1052.6,1,15
2021-06-18 09:08:02,B,1050.25,1,5
2021-06-18 09:08:02,B,1050.0,3,63
2021-06-18 09:15:04,S,1061.95,1,29
2021-06-18 09:15:04,S,1062.0,1,15
2021-06-18 09:15:04,S,1065.0,1,100
2021-06-18 09:15:04,S,1078.0,1,1
2021-06-18 09:15:04,S,1083.0,1,1
2021-06-18 09:15:04,B,1056.05,1,29
2021-06-18 09:15:04,B,1056.0,1,20
2021-06-18 09:15:04,B,1055.0,2,45
2021-06-18 09:15:04,B,1052.6,1,15
2021-06-18 09:15:04,B,1050.25,1,5
2021-06-18 09:15:04,S,1061.95,1,29
2021-06-18 09:15:04,S,1062.0,1,15
2021-06-18 09:15:04,S,1065.0,1,100
2021-06-18 09:15:04,S,1078.0,1,1
2021-06-18 09:15:04,S,1083.0,1,1
2021-06-18 09:15:04,B,1056.05,1,29
2021-06-18 09:15:04,B,1056.0,1,20
2021-06-18 09:15:04,B,1055.0,2,45
2021-06-18 09:15:04,B,1052.6,1,15
2021-06-18 09:15:04,B,1050.25,1,5
2021-06-18 09:15:06,S,1061.95,1,29
2021-06-18 09:15:06,S,1062.0,1,15
2021-06-18 09:15:06,S,1065.0,1,100
2021-06-18 09:15:06,S,1078.0,1,1
2021-06-18 09:15:06,S,1083.0,1,1
2021-06-18 09:15:06,B,1056.05,1,29
2021-06-18 09:15:06,B,1056.0,1,20
2021-06-18 09:15:06,B,1055.0,2,45
2021-06-18 09:15:06,B,1052.6,1,15
2021-06-18 09:15:06,B,1050.25,1,5
2021-06-18 09:15:06,S,1061.95,1,29
2021-06-18 09:15:06,S,1062.0,1,15
2021-06-18 09:15:06,S,1065.0,1,100
2021-06-18 09:15:06,S,1078.0,1,1
2021-06-18 09:15:06,S,1083.0,1,1
2021-06-18 09:15:06,B,1056.05,1,29
2021-06-18 09:15:06,B,1056.0,1,20
2021-06-18 09:15:06,B,1055.0,2,45
2021-06-18 09:15:06,B,1052.6,1,15
2021-06-18 09:15:06,B,1050.25,1,5
2021-06-18 09:15:11,S,1062.75,1,29
2021-06-18 09:15:11,S,1062.8,1,24
2021-06-18 09:15:11,S,1063.35,1,13
2021-06-18 09:15:11,S,1065.0,1,100
2021-06-18 09:15:11,S,1065.9,1,13
2021-06-18 09:15:11,B,1058.35,1,29
2021-06-18 09:15:11,B,1058.3,1,19
2021-06-18 09:15:11,B,1057.75,1,18
2021-06-18 09:15:11,B,1056.3,1,13
2021-06-18 09:15:11,B,1055.0,2,44
2021-06-18 09:15:11,S,1062.75,1,29
2021-06-18 09:15:11,S,1062.8,1,24
2021-06-18 09:15:11,S,1063.35,1,13
2021-06-18 09:15:11,S,1065.0,1,100
2021-06-18 09:15:11,S,1065.9,1,13
2021-06-18 09:15:11,B,1058.35,1,29
2021-06-18 09:15:11,B,1058.3,1,19
2021-06-18 09:15:11,B,1057.75,1,18
2021-06-18 09:15:11,B,1056.3,1,13
2021-06-18 09:15:11,B,1055.0,2,44
2021-06-18 09:15:18,S,1061.65,1,29
2021-06-18 09:15:18,S,1061.7,1,24
2021-06-18 09:15:18,S,1061.75,1,13
2021-06-18 09:15:18,S,1061.9,1,18
2021-06-18 09:15:18,S,1061.95,1,1
2021-06-18 09:15:18,B,1058.3,1,29
2021-06-18 09:15:18,B,1058.25,1,18
2021-06-18 09:15:18,B,1058.2,1,1
2021-06-18 09:15:18,B,1055.3,1,1
2021-06-18 09:15:18,B,1055.05,1,13
2021-06-18 09:15:18,S,1061.65,1,29
2021-06-18 09:15:18,S,1061.7,1,24
2021-06-18 09:15:18,S,1061.75,1,13
2021-06-18 09:15:18,S,1061.9,1,18
2021-06-18 09:15:18,S,1061.95,1,1
2021-06-18 09:15:18,B,1058.3,1,29
2021-06-18 09:15:18,B,1058.25,1,18
2021-06-18 09:15:18,B,1058.2,1,1
2021-06-18 09:15:18,B,1055.3,1,1
2021-06-18 09:15:18,B,1055.05,1,13
2021-06-18 09:15:20,S,1061.65,1,29
2021-06-18 09:15:20,S,1061.7,1,24
2021-06-18 09:15:20,S,1061.75,1,13
2021-06-18 09:15:20,S,1061.9,1,18
2021-06-18 09:15:20,S,1061.95,1,1
2021-06-18 09:15:20,B,1058.3,1,29
2021-06-18 09:15:20,B,1058.25,1,18
2021-06-18 09:15:20,B,1058.2,1,1
2021-06-18 09:15:20,B,1055.3,1,1
2021-06-18 09:15:20,B,1055.05,1,13
2021-06-18 09:15:20,S,1061.65,1,29
2021-06-18 09:15:20,S,1061.7,1,24
2021-06-18 09:15:20,S,1061.75,1,13
2021-06-18 09:15:20,S,1061.9,1,18
2021-06-18 09:15:20,S,1061.95,1,1
2021-06-18 09:15:20,B,1058.3,1,29
2021-06-18 09:15:20,B,1058.25,1,18
2021-06-18 09:15:20,B,1058.2,1,1
2021-06-18 09:15:20,B,1055.3,1,1
2021-06-18 09:15:20,B,1055.05,1,13
2021-06-18 09:15:24,S,1060.35,1,27
2021-06-18 09:15:24,S,1060.4,1,10
2021-06-18 09:15:24,S,1060.8,1,21
2021-06-18 09:15:24,S,1061.95,1,1
2021-06-18 09:15:24,S,1064.15,1,6
2021-06-18 09:15:24,B,1058.05,1,29
2021-06-18 09:15:24,B,1058.0,1,5
2021-06-18 09:15:24,B,1057.55,1,13
2021-06-18 09:15:24,B,1056.75,1,1
2021-06-18 09:15:24,B,1055.0,2,44
2021-06-18 09:15:24,S,1060.35,1,27
2021-06-18 09:15:24,S,1060.4,1,10
2021-06-18 09:15:24,S,1060.8,1,21
2021-06-18 09:15:24,S,1061.95,1,1
2021-06-18 09:15:24,S,1064.15,1,6
2021-06-18 09:15:24,B,1058.05,1,29
2021-06-18 09:15:24,B,1058.0,1,5
2021-06-18 09:15:24,B,1057.55,1,13
2021-06-18 09:15:24,B,1056.75,1,1
2021-06-18 09:15:24,B,1055.0,2,44
2021-06-18 09:15:24,S,1060.35,1,27
2021-06-18 09:15:24,S,1060.4,1,10
2021-06-18 09:15:24,S,1060.8,1,21
2021-06-18 09:15:24,S,1061.95,1,1
2021-06-18 09:15:24,S,1064.15,1,6
2021-06-18 09:15:24,B,1058.05,1,29
2021-06-18 09:15:24,B,1058.0,1,5
2021-06-18 09:15:24,B,1057.55,1,13
2021-06-18 09:15:24,B,1056.75,1,1
2021-06-18 09:15:24,B,1055.0,2,44
2021-06-18 09:15:24,S,1060.35,1,27
2021-06-18 09:15:24,S,1060.4,1,10
2021-06-18 09:15:24,S,1060.8,1,21
2021-06-18 09:15:24,S,1061.95,1,1
2021-06-18 09:15:24,S,1064.15,1,6
2021-06-18 09:15:24,B,1058.05,1,29
2021-06-18 09:15:24,B,1058.0,1,5
2021-06-18 09:15:24,B,1057.55,1,13
2021-06-18 09:15:24,B,1056.75,1,1
2021-06-18 09:15:24,B,1055.0,2,44
2021-06-18 09:15:29,S,1063.4,1,21
2021-06-18 09:15:29,S,1063.45,1,10
2021-06-18 09:15:29,S,1063.85,2,8
2021-06-18 09:15:29,S,1063.95,1,4
2021-06-18 09:15:29,S,1064.15,1,6
2021-06-18 09:15:29,B,1060.3,2,37
2021-06-18 09:15:29,B,1060.25,1,18
2021-06-18 09:15:29,B,1060.15,1,13
2021-06-18 09:15:29,B,1058.1,3,12
2021-06-18 09:15:29,B,1058.05,1,13
2021-06-18 09:15:29,S,1063.4,1,21
2021-06-18 09:15:29,S,1063.45,1,10
2021-06-18 09:15:29,S,1063.85,2,8
2021-06-18 09:15:29,S,1063.95,1,4
2021-06-18 09:15:29,S,1064.15,1,6
2021-06-18 09:15:29,B,1060.3,2,37
2021-06-18 09:15:29,B,1060.25,1,18
2021-06-18 09:15:29,B,1060.15,1,13
2021-06-18 09:15:29,B,1058.1,3,12
2021-06-18 09:15:29,B,1058.05,1,13
2021-06-18 09:15:34,S,1063.4,2,22
2021-06-18 09:15:34,S,1063.45,1,10
2021-06-18 09:15:34,S,1064.0,1,4
2021-06-18 09:15:34,S,1064.05,2,8
2021-06-18 09:15:34,S,1064.85,1,13
2021-06-18 09:15:34,B,1060.15,1,29
2021-06-18 09:15:34,B,1060.1,1,1
2021-06-18 09:15:34,B,1058.35,1,7
2021-06-18 09:15:34,B,1058.3,1,4
2021-06-18 09:15:34,B,1058.25,1,7
2021-06-18 09:15:34,S,1063.4,2,22
2021-06-18 09:15:34,S,1063.45,1,10
2021-06-18 09:15:34,S,1064.0,1,4
2021-06-18 09:15:34,S,1064.05,2,8
2021-06-18 09:15:34,S,1064.85,1,13
2021-06-18 09:15:34,B,1060.15,1,29
2021-06-18 09:15:34,B,1060.1,1,1
2021-06-18 09:15:34,B,1058.35,1,7
2021-06-18 09:15:34,B,1058.3,1,4
2021-06-18 09:15:34,B,1058.25,1,7
2021-06-18 09:15:39,S,1062.9,1,14
2021-06-18 09:15:39,S,1062.95,1,10
2021-06-18 09:15:39,S,1063.3,1,4
2021-06-18 09:15:39,S,1063.35,2,8
2021-06-18 09:15:39,S,1063.4,1,1
2021-06-18 09:15:39,B,1060.6,1,29
2021-06-18 09:15:39,B,1060.55,1,5
2021-06-18 09:15:39,B,1060.35,1,20
2021-06-18 09:15:39,B,1060.1,2,26
2021-06-18 09:15:39,B,1059.9,2,8
2021-06-18 09:15:39,S,1062.9,1,14
2021-06-18 09:15:39,S,1062.95,1,10
2021-06-18 09:15:39,S,1063.3,1,4
2021-06-18 09:15:39,S,1063.35,2,8
2021-06-18 09:15:39,S,1063.4,1,1
2021-06-18 09:15:39,B,1060.6,1,29
2021-06-18 09:15:39,B,1060.55,1,5
2021-06-18 09:15:39,B,1060.35,1,20
2021-06-18 09:15:39,B,1060.1,2,26
2021-06-18 09:15:39,B,1059.9,2,8
2021-06-18 09:15:42,S,1062.9,1,14
2021-06-18 09:15:42,S,1062.95,1,10
2021-06-18 09:15:42,S,1063.3,1,4
2021-06-18 09:15:42,S,1063.35,2,8
2021-06-18 09:15:42,S,1063.4,1,1
2021-06-18 09:15:42,B,1060.6,1,29
2021-06-18 09:15:42,B,1060.55,1,5
2021-06-18 09:15:42,B,1060.35,1,20
2021-06-18 09:15:42,B,1060.1,2,26
2021-06-18 09:15:42,B,1059.9,2,8
2021-06-18 09:15:42,S,1062.9,1,14
2021-06-18 09:15:42,S,1062.95,1,10
2021-06-18 09:15:42,S,1063.3,1,4
2021-06-18 09:15:42,S,1063.35,2,8
2021-06-18 09:15:42,S,1063.4,1,1
2021-06-18 09:15:42,B,1060.6,1,29
2021-06-18 09:15:42,B,1060.55,1,5
2021-06-18 09:15:42,B,1060.35,1,20
2021-06-18 09:15:42,B,1060.1,2,26
2021-06-18 09:15:42,B,1059.9,2,8
2021-06-18 09:15:43,S,1063.15,1,10
2021-06-18 09:15:43,S,1063.2,1,14
2021-06-18 09:15:43,S,1063.85,1,1
2021-06-18 09:15:43,S,1064.5,1,4
2021-06-18 09:15:43,S,1064.55,1,4
2021-06-18 09:15:43,B,1061.2,1,29
2021-06-18 09:15:43,B,1061.15,1,13
2021-06-18 09:15:43,B,1061.05,1,6
2021-06-18 09:15:43,B,1060.8,1,4
2021-06-18 09:15:43,B,1060.75,2,8
2021-06-18 09:15:43,S,1063.15,1,10
2021-06-18 09:15:43,S,1063.2,1,14
2021-06-18 09:15:43,S,1063.85,1,1
2021-06-18 09:15:43,S,1064.5,1,4
2021-06-18 09:15:43,S,1064.55,1,4
2021-06-18 09:15:43,B,1061.2,1,29
2021-06-18 09:15:43,B,1061.15,1,13
2021-06-18 09:15:43,B,1061.05,1,6
2021-06-18 09:15:43,B,1060.8,1,4
2021-06-18 09:15:43,B,1060.75,2,8
2021-06-18 09:15:48,S,1063.15,1,10
2021-06-18 09:15:48,S,1063.2,1,14
2021-06-18 09:15:48,S,1063.85,1,1
2021-06-18 09:15:48,S,1064.5,1,4
2021-06-18 09:15:48,S,1064.55,1,4
2021-06-18 09:15:48,B,1061.2,1,29
2021-06-18 09:15:48,B,1061.15,1,13
2021-06-18 09:15:48,B,1061.05,1,6
2021-06-18 09:15:48,B,1060.8,1,4
2021-06-18 09:15:48,B,1060.75,2,8
2021-06-18 09:15:48,S,1063.15,1,10
2021-06-18 09:15:48,S,1063.2,1,14
2021-06-18 09:15:48,S,1063.85,1,1
2021-06-18 09:15:48,S,1064.5,1,4
2021-06-18 09:15:48,S,1064.55,1,4
2021-06-18 09:15:48,B,1061.2,1,29
2021-06-18 09:15:48,B,1061.15,1,13
2021-06-18 09:15:48,B,1061.05,1,6
2021-06-18 09:15:48,B,1060.8,1,4
2021-06-18 09:15:48,B,1060.75,2,8
2021-06-18 09:15:48,S,1063.7,1,13
2021-06-18 09:15:48,S,1063.75,1,10
2021-06-18 09:15:48,S,1064.15,1,6
2021-06-18 09:15:48,S,1064.2,1,1
2021-06-18 09:15:48,S,1064.3,2,12
2021-06-18 09:15:48,B,1061.1,1,29
2021-06-18 09:15:48,B,1061.05,1,3
2021-06-18 09:15:48,B,1060.9,1,3
2021-06-18 09:15:48,B,1060.4,1,13
2021-06-18 09:15:48,B,1060.35,1,20
2021-06-18 09:15:48,S,1063.7,1,13
2021-06-18 09:15:48,S,1063.75,1,10
2021-06-18 09:15:48,S,1064.15,1,6
2021-06-18 09:15:48,S,1064.2,1,1
2021-06-18 09:15:48,S,1064.3,2,12
2021-06-18 09:15:48,B,1061.1,1,29
2021-06-18 09:15:48,B,1061.05,1,3
2021-06-18 09:15:48,B,1060.9,1,3
2021-06-18 09:15:48,B,1060.4,1,13
2021-06-18 09:15:48,B,1060.35,1,20
2021-06-18 09:15:53,S,1063.35,1,10
2021-06-18 09:15:53,S,1063.4,1,11
2021-06-18 09:15:53,S,1064.15,1,6
2021-06-18 09:15:53,S,1064.2,1,1
2021-06-18 09:15:53,S,1064.35,1,1
2021-06-18 09:15:53,B,1060.9,1,29
2021-06-18 09:15:53,B,1060.85,1,3
2021-06-18 09:15:53,B,1060.5,1,3
2021-06-18 09:15:53,B,1060.35,1,20
2021-06-18 09:15:53,B,1060.05,1,6
2021-06-18 09:15:53,S,1063.35,1,10
2021-06-18 09:15:53,S,1063.4,1,11
2021-06-18 09:15:53,S,1064.15,1,6
2021-06-18 09:15:53,S,1064.2,1,1
2021-06-18 09:15:53,S,1064.35,1,1
2021-06-18 09:15:53,B,1060.9,1,29
2021-06-18 09:15:53,B,1060.85,1,3
2021-06-18 09:15:53,B,1060.5,1,3
2021-06-18 09:15:53,B,1060.35,1,20
2021-06-18 09:15:53,B,1060.05,1,6
2021-06-18 09:15:57,S,1063.35,1,10
2021-06-18 09:15:57,S,1063.4,1,11
2021-06-18 09:15:57,S,1064.15,1,6
2021-06-18 09:15:57,S,1064.2,1,1
2021-06-18 09:15:57,S,1064.35,1,1
2021-06-18 09:15:57,B,1060.9,1,29
2021-06-18 09:15:57,B,1060.85,1,3
2021-06-18 09:15:57,B,1060.5,1,3
2021-06-18 09:15:57,B,1060.35,1,20
2021-06-18 09:15:57,B,1060.05,1,6
2021-06-18 09:15:57,S,1063.35,1,10
2021-06-18 09:15:57,S,1063.4,1,11
2021-06-18 09:15:57,S,1064.15,1,6
2021-06-18 09:15:57,S,1064.2,1,1
2021-06-18 09:15:57,S,1064.35,1,1
2021-06-18 09:15:57,B,1060.9,1,29
2021-06-18 09:15:57,B,1060.85,1,3
2021-06-18 09:15:57,B,1060.5,1,3
2021-06-18 09:15:57,B,1060.35,1,20
2021-06-18 09:15:57,B,1060.05,1,6
2021-06-18 09:15:58,S,1065.0,1,60
2021-06-18 09:15:58,S,1066.4,1,11
2021-06-18 09:15:58,S,1066.45,1,4
2021-06-18 09:15:58,S,1066.55,1,4
2021-06-18 09:15:58,S,1066.7,1,7
2021-06-18 09:15:58,B,1062.9,1,29
2021-06-18 09:15:58,B,1062.85,1,11
2021-06-18 09:15:58,B,1062.8,1,18
2021-06-18 09:15:58,B,1062.2,1,13
2021-06-18 09:15:58,B,1061.4,1,4
2021-06-18 09:15:58,S,1065.0,1,60
2021-06-18 09:15:58,S,1066.4,1,11
2021-06-18 09:15:58,S,1066.45,1,4
2021-06-18 09:15:58,S,1066.55,1,4
2021-06-18 09:15:58,S,1066.7,1,7
2021-06-18 09:15:58,B,1062.9,1,29
2021-06-18 09:15:58,B,1062.85,1,11
2021-06-18 09:15:58,B,1062.8,1,18
2021-06-18 09:15:58,B,1062.2,1,13
2021-06-18 09:15:58,B,1061.4,1,4
2021-06-18 09:16:02,S,1065.0,1,60
2021-06-18 09:16:02,S,1065.25,1,1
2021-06-18 09:16:02,S,1066.15,1,4
2021-06-18 09:16:02,S,1066.2,2,8
2021-06-18 09:16:02,S,1066.3,1,14
2021-06-18 09:16:02,B,1063.6,1,29
2021-06-18 09:16:02,B,1063.55,1,13
2021-06-18 09:16:02,B,1063.45,1,5
2021-06-18 09:16:02,B,1063.25,1,23
2021-06-18 09:16:02,B,1062.3,1,1
2021-06-18 09:16:02,S,1065.0,1,60
2021-06-18 09:16:02,S,1065.25,1,1
2021-06-18 09:16:02,S,1066.15,1,4
2021-06-18 09:16:02,S,1066.2,2,8
2021-06-18 09:16:02,S,1066.3,1,14
2021-06-18 09:16:02,B,1063.6,1,29
2021-06-18 09:16:02,B,1063.55,1,13
2021-06-18 09:16:02,B,1063.45,1,5
2021-06-18 09:16:02,B,1063.25,1,23
2021-06-18 09:16:02,B,1062.3,1,1
2021-06-18 09:16:07,S,1064.85,1,5
2021-06-18 09:16:07,S,1065.0,1,60
2021-06-18 09:16:07,S,1065.25,1,1
2021-06-18 09:16:07,S,1066.2,1,4
2021-06-18 09:16:07,S,1066.25,2,8
2021-06-18 09:16:07,B,1063.65,1,6
2021-06-18 09:16:07,B,1063.6,1,6
2021-06-18 09:16:07,B,1062.4,1,29
2021-06-18 09:16:07,B,1062.35,1,13
2021-06-18 09:16:07,B,1062.25,2,9
2021-06-18 09:16:07,S,1064.85,1,5
2021-06-18 09:16:07,S,1065.0,1,60
2021-06-18 09:16:07,S,1065.25,1,1
2021-06-18 09:16:07,S,1066.2,1,4
2021-06-18 09:16:07,S,1066.25,2,8
2021-06-18 09:16:07,B,1063.65,1,6
2021-06-18 09:16:07,B,1063.6,1,6
2021-06-18 09:16:07,B,1062.4,1,29
2021-06-18 09:16:07,B,1062.35,1,13
2021-06-18 09:16:07,B,1062.25,2,9
2021-06-18 09:16:11,S,1065.0,1,60
2021-06-18 09:16:11,S,1065.6,1,1
2021-06-18 09:16:11,S,1066.2,1,4
2021-06-18 09:16:11,S,1066.25,2,8
2021-06-18 09:16:11,S,1066.3,1,14
2021-06-18 09:16:11,B,1063.65,3,41
2021-06-18 09:16:11,B,1063.6,2,12
2021-06-18 09:16:11,B,1063.4,3,14
2021-06-18 09:16:11,B,1063.3,1,5
2021-06-18 09:16:11,B,1062.45,1,13
2021-06-18 09:16:11,S,1065.0,1,60
2021-06-18 09:16:11,S,1065.6,1,1
2021-06-18 09:16:11,S,1066.2,1,4
2021-06-18 09:16:11,S,1066.25,2,8
2021-06-18 09:16:11,S,1066.3,1,14
2021-06-18 09:16:11,B,1063.65,3,41
2021-06-18 09:16:11,B,1063.6,2,12
2021-06-18 09:16:11,B,1063.4,3,14
2021-06-18 09:16:11,B,1063.3,1,5
2021-06-18 09:16:11,B,1062.45,1,13
2021-06-18 09:16:15,S,1065.0,1,60
2021-06-18 09:16:15,S,1065.6,1,1
2021-06-18 09:16:15,S,1066.2,1,4
2021-06-18 09:16:15,S,1066.25,2,8
2021-06-18 09:16:15,S,1066.3,1,14
2021-06-18 09:16:15,B,1063.65,3,41
2021-06-18 09:16:15,B,1063.6,2,12
2021-06-18 09:16:15,B,1063.4,3,14
2021-06-18 09:16:15,B,1063.3,1,5
2021-06-18 09:16:15,B,1062.45,1,13
2021-06-18 09:16:15,S,1065.0,1,60
2021-06-18 09:16:15,S,1065.6,1,1
2021-06-18 09:16:15,S,1066.2,1,4
2021-06-18 09:16:15,S,1066.25,2,8
2021-06-18 09:16:15,S,1066.3,1,14
2021-06-18 09:16:15,B,1063.65,3,41
2021-06-18 09:16:15,B,1063.6,2,12
2021-06-18 09:16:15,B,1063.4,3,14
2021-06-18 09:16:15,B,1063.3,1,5
2021-06-18 09:16:15,B,1062.45,1,13
2021-06-18 09:16:15,S,1064.65,1,10
2021-06-18 09:16:15,S,1064.7,1,99
2021-06-18 09:16:15,S,1065.0,1,60
2021-06-18 09:16:15,S,1065.6,1,1
2021-06-18 09:16:15,S,1066.2,2,17
2021-06-18 09:16:15,B,1063.65,2,12
2021-06-18 09:16:15,B,1063.6,2,12
2021-06-18 09:16:15,B,1062.75,1,29
2021-06-18 09:16:15,B,1062.7,1,13
2021-06-18 09:16:15,B,1062.25,1,5
2021-06-18 09:16:15,S,1064.65,1,10
2021-06-18 09:16:15,S,1064.7,1,99
2021-06-18 09:16:15,S,1065.0,1,60
2021-06-18 09:16:15,S,1065.6,1,1
2021-06-18 09:16:15,S,1066.2,2,17
2021-06-18 09:16:15,B,1063.65,2,12
2021-06-18 09:16:15,B,1063.6,2,12
2021-06-18 09:16:15,B,1062.75,1,29
2021-06-18 09:16:15,B,1062.7,1,13
2021-06-18 09:16:15,B,1062.25,1,5
2021-06-18 09:16:18,S,1064.65,1,10
2021-06-18 09:16:18,S,1064.7,1,99
2021-06-18 09:16:18,S,1065.0,1,60
2021-06-18 09:16:18,S,1065.6,1,1
2021-06-18 09:16:18,S,1066.2,2,17
2021-06-18 09:16:18,B,1063.65,2,12
2021-06-18 09:16:18,B,1063.6,2,12
2021-06-18 09:16:18,B,1062.75,1,29
2021-06-18 09:16:18,B,1062.7,1,13
2021-06-18 09:16:18,B,1062.25,1,5
2021-06-18 09:16:18,S,1064.65,1,10
2021-06-18 09:16:18,S,1064.7,1,99
2021-06-18 09:16:18,S,1065.0,1,60
2021-06-18 09:16:18,S,1065.6,1,1
2021-06-18 09:16:18,S,1066.2,2,17
2021-06-18 09:16:18,B,1063.65,2,12
2021-06-18 09:16:18,B,1063.6,2,12
2021-06-18 09:16:18,B,1062.75,1,29
2021-06-18 09:16:18,B,1062.7,1,13
2021-06-18 09:16:18,B,1062.25,1,5
2021-06-18 09:16:20,S,1063.2,1,6
2021-06-18 09:16:20,S,1063.25,1,10
2021-06-18 09:16:20,S,1063.65,1,16
2021-06-18 09:16:20,S,1063.7,1,4
2021-06-18 09:16:20,S,1063.8,2,2
2021-06-18 09:16:20,B,1061.15,1,29
2021-06-18 09:16:20,B,1061.1,3,26
2021-06-18 09:16:20,B,1061.05,1,4
2021-06-18 09:16:20,B,1061.0,1,1
2021-06-18 09:16:20,B,1060.4,1,13
2021-06-18 09:16:20,S,1063.2,1,6
2021-06-18 09:16:20,S,1063.25,1,10
2021-06-18 09:16:20,S,1063.65,1,16
2021-06-18 09:16:20,S,1063.7,1,4
2021-06-18 09:16:20,S,1063.8,2,2
2021-06-18 09:16:20,B,1061.15,1,29
2021-06-18 09:16:20,B,1061.1,3,26
2021-06-18 09:16:20,B,1061.05,1,4
2021-06-18 09:16:20,B,1061.0,1,1
2021-06-18 09:16:20,B,1060.4,1,13
2021-06-18 09:16:24,S,1063.1,1,6
2021-06-18 09:16:24,S,1063.15,1,1
2021-06-18 09:16:24,S,1063.5,1,17
2021-06-18 09:16:24,S,1064.25,2,8
2021-06-18 09:16:24,S,1064.3,1,4
2021-06-18 09:16:24,B,1061.35,2,36
2021-06-18 09:16:24,B,1061.3,1,13
2021-06-18 09:16:24,B,1061.25,1,7
2021-06-18 09:16:24,B,1061.05,2,10
2021-06-18 09:16:24,B,1061.0,1,1
2021-06-18 09:16:24,S,1063.1,1,6
2021-06-18 09:16:24,S,1063.15,1,1
2021-06-18 09:16:24,S,1063.5,1,17
2021-06-18 09:16:24,S,1064.25,2,8
2021-06-18 09:16:24,S,1064.3,1,4
2021-06-18 09:16:24,B,1061.35,2,36
2021-06-18 09:16:24,B,1061.3,1,13
2021-06-18 09:16:24,B,1061.25,1,7
2021-06-18 09:16:24,B,1061.05,2,10
2021-06-18 09:16:24,B,1061.0,1,1
2021-06-18 09:16:28,S,1063.1,1,6
2021-06-18 09:16:28,S,1063.15,1,1
2021-06-18 09:16:28,S,1063.5,1,17
2021-06-18 09:16:28,S,1064.25,2,8
2021-06-18 09:16:28,S,1064.3,1,4
2021-06-18 09:16:28,B,1061.35,3,43
2021-06-18 09:16:28,B,1061.3,2,20
2021-06-18 09:16:28,B,1061.25,1,7
2021-06-18 09:16:28,B,1061.05,2,10
2021-06-18 09:16:28,B,1061.0,1,1
2021-06-18 09:16:28,S,1063.1,1,6
2021-06-18 09:16:28,S,1063.15,1,1
2021-06-18 09:16:28,S,1063.5,1,17
2021-06-18 09:16:28,S,1064.25,2,8
2021-06-18 09:16:28,S,1064.3,1,4
2021-06-18 09:16:28,B,1061.35,3,43
2021-06-18 09:16:28,B,1061.3,2,20
2021-06-18 09:16:28,B,1061.25,1,7
2021-06-18 09:16:28,B,1061.05,2,10
2021-06-18 09:16:28,B,1061.0,1,1
2021-06-18 09:16:33,S,1063.8,1,6
2021-06-18 09:16:33,S,1063.85,2,23
2021-06-18 09:16:33,S,1064.15,2,5
2021-06-18 09:16:33,S,1064.2,2,5
2021-06-18 09:16:33,S,1064.3,2,8
2021-06-18 09:16:33,B,1061.7,1,29
2021-06-18 09:16:33,B,1061.65,2,20
2021-06-18 09:16:33,B,1061.6,2,12
2021-06-18 09:16:33,B,1061.45,2,30
2021-06-18 09:16:33,B,1061.05,1,4
2021-06-18 09:16:33,S,1063.8,1,6
2021-06-18 09:16:33,S,1063.85,2,23
2021-06-18 09:16:33,S,1064.15,2,5
2021-06-18 09:16:33,S,1064.2,2,5
2021-06-18 09:16:33,S,1064.3,2,8
2021-06-18 09:16:33,B,1061.7,1,29
2021-06-18 09:16:33,B,1061.65,2,20
2021-06-18 09:16:33,B,1061.6,2,12
2021-06-18 09:16:33,B,1061.45,2,30
2021-06-18 09:16:33,B,1061.05,1,4
2021-06-18 09:16:37,S,1064.0,1,29
2021-06-18 09:16:37,S,1064.05,1,15
2021-06-18 09:16:37,S,1064.1,1,1
2021-06-18 09:16:37,S,1064.2,3,6
2021-06-18 09:16:37,S,1064.35,2,4
2021-06-18 09:16:37,B,1062.1,1,23
2021-06-18 09:16:37,B,1062.05,1,14
2021-06-18 09:16:37,B,1062.0,2,11
2021-06-18 09:16:37,B,1061.8,1,1
2021-06-18 09:16:37,B,1061.15,1,5
2021-06-18 09:16:37,S,1064.0,1,29
2021-06-18 09:16:37,S,1064.05,1,15
2021-06-18 09:16:37,S,1064.1,1,1
2021-06-18 09:16:37,S,1064.2,3,6
2021-06-18 09:16:37,S,1064.35,2,4
2021-06-18 09:16:37,B,1062.1,1,23
2021-06-18 09:16:37,B,1062.05,1,14
2021-06-18 09:16:37,B,1062.0,2,11
2021-06-18 09:16:37,B,1061.8,1,1
2021-06-18 09:16:37,B,1061.15,1,5
2021-06-18 09:16:39,S,1064.0,1,29
2021-06-18 09:16:39,S,1064.05,1,15
2021-06-18 09:16:39,S,1064.1,1,1
2021-06-18 09:16:39,S,1064.2,3,6
2021-06-18 09:16:39,S,1064.35,2,4
2021-06-18 09:16:39,B,1062.1,1,23
2021-06-18 09:16:39,B,1062.05,1,14
2021-06-18 09:16:39,B,1062.0,2,11
2021-06-18 09:16:39,B,1061.8,1,1
2021-06-18 09:16:39,B,1061.15,1,5
2021-06-18 09:16:39,S,1064.0,1,29
2021-06-18 09:16:39,S,1064.05,1,15
2021-06-18 09:16:39,S,1064.1,1,1
2021-06-18 09:16:39,S,1064.2,3,6
2021-06-18 09:16:39,S,1064.35,2,4
2021-06-18 09:16:39,B,1062.1,1,23
2021-06-18 09:16:39,B,1062.05,1,14
2021-06-18 09:16:39,B,1062.0,2,11
2021-06-18 09:16:39,B,1061.8,1,1
2021-06-18 09:16:39,B,1061.15,1,5
2021-06-18 09:16:42,S,1064.1,2,11
2021-06-18 09:16:42,S,1064.15,1,1
2021-06-18 09:16:42,S,1064.35,2,4
2021-06-18 09:16:42,S,1064.45,1,7
2021-06-18 09:16:42,S,1064.55,1,7
2021-06-18 09:16:42,B,1062.1,1,29
2021-06-18 09:16:42,B,1062.05,3,34
2021-06-18 09:16:42,B,1062.0,1,10
2021-06-18 09:16:42,B,1061.1,1,4
2021-06-18 09:16:42,B,1061.05,2,10
2021-06-18 09:16:42,S,1064.1,2,11
2021-06-18 09:16:42,S,1064.15,1,1
2021-06-18 09:16:42,S,1064.35,2,4
2021-06-18 09:16:42,S,1064.45,1,7
2021-06-18 09:16:42,S,1064.55,1,7
2021-06-18 09:16:42,B,1062.1,1,29
2021-06-18 09:16:42,B,1062.05,3,34
2021-06-18 09:16:42,B,1062.0,1,10
2021-06-18 09:16:42,B,1061.1,1,4
2021-06-18 09:16:42,B,1061.05,2,10
2021-06-18 09:16:46,S,1063.5,1,3
2021-06-18 09:16:46,S,1064.1,3,12
2021-06-18 09:16:46,S,1064.3,2,6
2021-06-18 09:16:46,S,1064.35,2,4
2021-06-18 09:16:46,S,1064.45,1,7
2021-06-18 09:16:46,B,1062.1,1,29
2021-06-18 09:16:46,B,1062.05,3,34
2021-06-18 09:16:46,B,1062.0,1,10
2021-06-18 09:16:46,B,1061.1,1,4
2021-06-18 09:16:46,B,1061.05,2,10
2021-06-18 09:16:46,S,1063.5,1,3
2021-06-18 09:16:46,S,1064.1,3,12
2021-06-18 09:16:46,S,1064.3,2,6
2021-06-18 09:16:46,S,1064.35,2,4
2021-06-18 09:16:46,S,1064.45,1,7
2021-06-18 09:16:46,B,1062.1,1,29
2021-06-18 09:16:46,B,1062.05,3,34
2021-06-18 09:16:46,B,1062.0,1,10
2021-06-18 09:16:46,B,1061.1,1,4
2021-06-18 09:16:46,B,1061.05,2,10
2021-06-18 09:16:50,S,1063.5,1,3
2021-06-18 09:16:50,S,1063.7,2,7
2021-06-18 09:16:50,S,1063.75,2,2
2021-06-18 09:16:50,S,1064.1,2,6
2021-06-18 09:16:50,S,1064.3,2,6
2021-06-18 09:16:50,B,1062.1,1,29
2021-06-18 09:16:50,B,1062.05,3,34
2021-06-18 09:16:50,B,1062.0,1,10
2021-06-18 09:16:50,B,1061.8,1,5
2021-06-18 09:16:50,B,1061.1,1,4
2021-06-18 09:16:50,S,1063.5,1,3
2021-06-18 09:16:50,S,1063.7,2,7
2021-06-18 09:16:50,S,1063.75,2,2
2021-06-18 09:16:50,S,1064.1,2,6
2021-06-18 09:16:50,S,1064.3,2,6
2021-06-18 09:16:50,B,1062.1,1,29
2021-06-18 09:16:50,B,1062.05,3,34
2021-06-18 09:16:50,B,1062.0,1,10
2021-06-18 09:16:50,B,1061.8,1,5
2021-06-18 09:16:50,B,1061.1,1,4
2021-06-18 09:16:54,S,1063.5,1,3
2021-06-18 09:16:54,S,1063.7,2,7
2021-06-18 09:16:54,S,1063.75,2,2
2021-06-18 09:16:54,S,1064.1,2,6
2021-06-18 09:16:54,S,1064.3,2,6
2021-06-18 09:16:54,B,1062.1,1,29
2021-06-18 09:16:54,B,1062.05,3,34
2021-06-18 09:16:54,B,1062.0,1,10
2021-06-18 09:16:54,B,1061.8,1,5
2021-06-18 09:16:54,B,1061.1,1,4
2021-06-18 09:16:54,S,1063.5,1,3
2021-06-18 09:16:54,S,1063.7,2,7
2021-06-18 09:16:54,S,1063.75,2,2
2021-06-18 09:16:54,S,1064.1,2,6
2021-06-18 09:16:54,S,1064.3,2,6
2021-06-18 09:16:54,B,1062.1,1,29
2021-06-18 09:16:54,B,1062.05,3,34
2021-06-18 09:16:54,B,1062.0,1,10
2021-06-18 09:16:54,B,1061.8,1,5
2021-06-18 09:16:54,B,1061.1,1,4
2021-06-18 09:16:58,S,1063.5,1,3
2021-06-18 09:16:58,S,1063.7,2,7
2021-06-18 09:16:58,S,1063.75,2,2
2021-06-18 09:16:58,S,1064.1,2,6
2021-06-18 09:16:58,S,1064.3,2,6
2021-06-18 09:16:58,B,1062.1,1,29
2021-06-18 09:16:58,B,1062.05,3,34
2021-06-18 09:16:58,B,1062.0,1,10
2021-06-18 09:16:58,B,1061.1,1,4
2021-06-18 09:16:58,B,1061.05,2,10
2021-06-18 09:16:58,S,1063.5,1,3
2021-06-18 09:16:58,S,1063.7,2,7
2021-06-18 09:16:58,S,1063.75,2,2
2021-06-18 09:16:58,S,1064.1,2,6
2021-06-18 09:16:58,S,1064.3,2,6
2021-06-18 09:16:58,B,1062.1,1,29
2021-06-18 09:16:58,B,1062.05,3,34
2021-06-18 09:16:58,B,1062.0,1,10
2021-06-18 09:16:58,B,1061.1,1,4
2021-06-18 09:16:58,B,1061.05,2,10
2021-06-18 09:17:00,S,1063.5,1,3
2021-06-18 09:17:00,S,1063.7,2,7
2021-06-18 09:17:00,S,1063.75,2,2
2021-06-18 09:17:00,S,1064.1,2,6
2021-06-18 09:17:00,S,1064.3,2,6
2021-06-18 09:17:00,B,1062.1,1,29
2021-06-18 09:17:00,B,1062.05,3,34
2021-06-18 09:17:00,B,1062.0,1,10
2021-06-18 09:17:00,B,1061.1,1,4
2021-06-18 09:17:00,B,1061.05,2,10
2021-06-18 09:17:00,S,1063.5,1,3
2021-06-18 09:17:00,S,1063.7,2,7
2021-06-18 09:17:00,S,1063.75,2,2
2021-06-18 09:17:00,S,1064.1,2,6
2021-06-18 09:17:00,S,1064.3,2,6
2021-06-18 09:17:00,B,1062.1,1,29
2021-06-18 09:17:00,B,1062.05,3,34
2021-06-18 09:17:00,B,1062.0,1,10
2021-06-18 09:17:00,B,1061.1,1,4
2021-06-18 09:17:00,B,1061.05,2,10
2021-06-18 09:17:03,S,1063.5,1,3
2021-06-18 09:17:03,S,1063.7,2,11
2021-06-18 09:17:03,S,1063.75,1,1
2021-06-18 09:17:03,S,1064.1,3,7
2021-06-18 09:17:03,S,1064.35,2,4
2021-06-18 09:17:03,B,1062.2,1,29
2021-06-18 09:17:03,B,1062.15,2,24
2021-06-18 09:17:03,B,1061.05,3,12
2021-06-18 09:17:03,B,1061.0,1,1
2021-06-18 09:17:03,B,1060.85,1,1
2021-06-18 09:17:03,S,1063.5,1,3
2021-06-18 09:17:03,S,1063.7,2,11
2021-06-18 09:17:03,S,1063.75,1,1
2021-06-18 09:17:03,S,1064.1,3,7
2021-06-18 09:17:03,S,1064.35,2,4
2021-06-18 09:17:03,B,1062.2,1,29
2021-06-18 09:17:03,B,1062.15,2,24
2021-06-18 09:17:03,B,1061.05,3,12
2021-06-18 09:17:03,B,1061.0,1,1
2021-06-18 09:17:03,B,1060.85,1,1
2021-06-18 09:17:04,S,1063.5,1,3
2021-06-18 09:17:04,S,1063.7,2,11
2021-06-18 09:17:04,S,1063.75,1,1
2021-06-18 09:17:04,S,1064.1,3,7
2021-06-18 09:17:04,S,1064.35,2,4
2021-06-18 09:17:04,B,1062.2,1,29
2021-06-18 09:17:04,B,1062.15,2,24
2021-06-18 09:17:04,B,1061.05,3,12
2021-06-18 09:17:04,B,1061.0,1,1
2021-06-18 09:17:04,B,1060.85,1,1
2021-06-18 09:17:04,S,1063.5,1,3
2021-06-18 09:17:04,S,1063.7,2,11
2021-06-18 09:17:04,S,1063.75,1,1
2021-06-18 09:17:04,S,1064.1,3,7
2021-06-18 09:17:04,S,1064.35,2,4
2021-06-18 09:17:04,B,1062.2,1,29
2021-06-18 09:17:04,B,1062.15,2,24
2021-06-18 09:17:04,B,1061.05,3,12
2021-06-18 09:17:04,B,1061.0,1,1
2021-06-18 09:17:04,B,1060.85,1,1
2021-06-18 09:17:07,S,1063.5,1,3
2021-06-18 09:17:07,S,1064.05,1,6
2021-06-18 09:17:07,S,1064.1,3,7
2021-06-18 09:17:07,S,1064.35,2,4
2021-06-18 09:17:07,S,1064.4,1,5
2021-06-18 09:17:07,B,1062.2,1,29
2021-06-18 09:17:07,B,1062.15,2,24
2021-06-18 09:17:07,B,1062.0,2,55
2021-06-18 09:17:07,B,1061.05,3,12
2021-06-18 09:17:07,B,1061.0,2,2
2021-06-18 09:17:07,S,1063.5,1,3
2021-06-18 09:17:07,S,1064.05,1,6
2021-06-18 09:17:07,S,1064.1,3,7
2021-06-18 09:17:07,S,1064.35,2,4
2021-06-18 09:17:07,S,1064.4,1,5
2021-06-18 09:17:07,B,1062.2,1,29
2021-06-18 09:17:07,B,1062.15,2,24
2021-06-18 09:17:07,B,1062.0,2,55
2021-06-18 09:17:07,B,1061.05,3,12
2021-06-18 09:17:07,B,1061.0,2,2
2021-06-18 09:17:12,S,1063.5,1,3
2021-06-18 09:17:12,S,1064.05,1,6
2021-06-18 09:17:12,S,1064.1,3,7
2021-06-18 09:17:12,S,1064.35,2,4
2021-06-18 09:17:12,S,1064.4,1,5
2021-06-18 09:17:12,B,1062.2,1,29
2021-06-18 09:17:12,B,1062.15,2,24
2021-06-18 09:17:12,B,1062.0,2,55
2021-06-18 09:17:12,B,1061.05,3,12
2021-06-18 09:17:12,B,1061.0,2,2
2021-06-18 09:17:12,S,1063.5,1,3
2021-06-18 09:17:12,S,1064.05,1,6
2021-06-18 09:17:12,S,1064.1,3,7
2021-06-18 09:17:12,S,1064.35,2,4
2021-06-18 09:17:12,S,1064.4,1,5
2021-06-18 09:17:12,B,1062.2,1,29
2021-06-18 09:17:12,B,1062.15,2,24
2021-06-18 09:17:12,B,1062.0,2,55
2021-06-18 09:17:12,B,1061.05,3,12
2021-06-18 09:17:12,B,1061.0,2,2
2021-06-18 09:17:19,S,1063.5,1,3
2021-06-18 09:17:19,S,1064.05,1,6
2021-06-18 09:17:19,S,1064.1,3,7
2021-06-18 09:17:19,S,1064.35,2,4
2021-06-18 09:17:19,S,1064.4,1,5
2021-06-18 09:17:19,B,1062.2,1,29
2021-06-18 09:17:19,B,1062.15,2,24
2021-06-18 09:17:19,B,1062.0,2,55
2021-06-18 09:17:19,B,1061.05,3,12
2021-06-18 09:17:19,B,1061.0,2,2
2021-06-18 09:17:19,S,1063.5,1,3
2021-06-18 09:17:19,S,1064.05,1,6
2021-06-18 09:17:19,S,1064.1,3,7
2021-06-18 09:17:19,S,1064.35,2,4
2021-06-18 09:17:19,S,1064.4,1,5
2021-06-18 09:17:19,B,1062.2,1,29
2021-06-18 09:17:19,B,1062.15,2,24
2021-06-18 09:17:19,B,1062.0,2,55
2021-06-18 09:17:19,B,1061.05,3,12
2021-06-18 09:17:19,B,1061.0,2,2
2021-06-18 09:17:21,S,1064.05,1,5
2021-06-18 09:17:21,S,1064.1,3,7
2021-06-18 09:17:21,S,1064.35,2,4
2021-06-18 09:17:21,S,1064.4,1,5
2021-06-18 09:17:21,S,1064.45,1,7
2021-06-18 09:17:21,B,1062.3,2,46
2021-06-18 09:17:21,B,1062.2,1,6
2021-06-18 09:17:21,B,1062.0,1,50
2021-06-18 09:17:21,B,1061.05,3,12
2021-06-18 09:17:21,B,1061.0,2,2
2021-06-18 09:17:21,S,1064.05,1,5
2021-06-18 09:17:21,S,1064.1,3,7
2021-06-18 09:17:21,S,1064.35,2,4
2021-06-18 09:17:21,S,1064.4,1,5
2021-06-18 09:17:21,S,1064.45,1,7
2021-06-18 09:17:21,B,1062.3,2,46
2021-06-18 09:17:21,B,1062.2,1,6
2021-06-18 09:17:21,B,1062.0,1,50
2021-06-18 09:17:21,B,1061.05,3,12
2021-06-18 09:17:21,B,1061.0,2,2
2021-06-18 09:17:25,S,1064.05,1,5
2021-06-18 09:17:25,S,1064.1,3,7
2021-06-18 09:17:25,S,1064.35,2,4
2021-06-18 09:17:25,S,1064.4,1,5
2021-06-18 09:17:25,S,1064.45,1,7
2021-06-18 09:17:25,B,1062.3,2,46
2021-06-18 09:17:25,B,1062.2,2,11
2021-06-18 09:17:25,B,1062.0,1,50
2021-06-18 09:17:25,B,1061.05,3,12
2021-06-18 09:17:25,B,1061.0,2,2
2021-06-18 09:17:25,S,1064.05,1,5
2021-06-18 09:17:25,S,1064.1,3,7
2021-06-18 09:17:25,S,1064.35,2,4
2021-06-18 09:17:25,S,1064.4,1,5
2021-06-18 09:17:25,S,1064.45,1,7
2021-06-18 09:17:25,B,1062.3,2,46
2021-06-18 09:17:25,B,1062.2,2,11
2021-06-18 09:17:25,B,1062.0,1,50
2021-06-18 09:17:25,B,1061.05,3,12
2021-06-18 09:17:25,B,1061.0,2,2
2021-06-18 09:17:29,S,1063.7,1,5
2021-06-18 09:17:29,S,1064.05,1,5
2021-06-18 09:17:29,S,1064.1,3,7
2021-06-18 09:17:29,S,1064.35,2,4
2021-06-18 09:17:29,S,1064.4,1,5
2021-06-18 09:17:29,B,1062.3,2,46
2021-06-18 09:17:29,B,1062.25,1,7
2021-06-18 09:17:29,B,1062.2,1,6
2021-06-18 09:17:29,B,1062.0,1,50
2021-06-18 09:17:29,B,1061.05,3,12
2021-06-18 09:17:29,S,1063.7,1,5
2021-06-18 09:17:29,S,1064.05,1,5
2021-06-18 09:17:29,S,1064.1,3,7
2021-06-18 09:17:29,S,1064.35,2,4
2021-06-18 09:17:29,S,1064.4,1,5
2021-06-18 09:17:29,B,1062.3,2,46
2021-06-18 09:17:29,B,1062.25,1,7
2021-06-18 09:17:29,B,1062.2,1,6
2021-06-18 09:17:29,B,1062.0,1,50
2021-06-18 09:17:29,B,1061.05,3,12
2021-06-18 09:17:33,S,1064.05,1,5
2021-06-18 09:17:33,S,1064.1,2,6
2021-06-18 09:17:33,S,1064.35,2,4
2021-06-18 09:17:33,S,1064.45,2,8
2021-06-18 09:17:33,S,1064.55,1,7
2021-06-18 09:17:33,B,1062.5,1,29
2021-06-18 09:17:33,B,1062.45,1,5
2021-06-18 09:17:33,B,1062.4,1,24
2021-06-18 09:17:33,B,1062.35,3,12
2021-06-18 09:17:33,B,1062.0,1,50
2021-06-18 09:17:33,S,1064.05,1,5
2021-06-18 09:17:33,S,1064.1,2,6
2021-06-18 09:17:33,S,1064.35,2,4
2021-06-18 09:17:33,S,1064.45,2,8
2021-06-18 09:17:33,S,1064.55,1,7
2021-06-18 09:17:33,B,1062.5,1,29
2021-06-18 09:17:33,B,1062.45,1,5
2021-06-18 09:17:33,B,1062.4,1,24
2021-06-18 09:17:33,B,1062.35,3,12
2021-06-18 09:17:33,B,1062.0,1,50
2021-06-18 09:17:34,S,1064.05,1,5
2021-06-18 09:17:34,S,1064.1,2,6
2021-06-18 09:17:34,S,1064.35,2,4
2021-06-18 09:17:34,S,1064.45,2,8
2021-06-18 09:17:34,S,1064.55,1,7
2021-06-18 09:17:34,B,1062.5,1,29
2021-06-18 09:17:34,B,1062.45,1,5
2021-06-18 09:17:34,B,1062.4,1,24
2021-06-18 09:17:34,B,1062.35,3,12
2021-06-18 09:17:34,B,1062.0,1,50
2021-06-18 09:17:34,S,1064.05,1,5
2021-06-18 09:17:34,S,1064.1,2,6
2021-06-18 09:17:34,S,1064.35,2,4
2021-06-18 09:17:34,S,1064.45,2,8
2021-06-18 09:17:34,S,1064.55,1,7
2021-06-18 09:17:34,B,1062.5,1,29
2021-06-18 09:17:34,B,1062.45,1,5
2021-06-18 09:17:34,B,1062.4,1,24
2021-06-18 09:17:34,B,1062.35,3,12
2021-06-18 09:17:34,B,1062.0,1,50
2021-06-18 09:17:37,S,1062.9,3,47
2021-06-18 09:17:37,S,1062.95,1,13
2021-06-18 09:17:37,S,1063.05,1,19
2021-06-18 09:17:37,S,1063.15,1,2
2021-06-18 09:17:37,S,1063.85,1,19
2021-06-18 09:17:37,B,1060.55,1,19
2021-06-18 09:17:37,B,1060.5,5,13
2021-06-18 09:17:37,B,1060.05,2,3
2021-06-18 09:17:37,B,1060.0,1,15
2021-06-18 09:17:37,B,1059.35,1,11
2021-06-18 09:17:37,S,1062.9,3,47
2021-06-18 09:17:37,S,1062.95,1,13
2021-06-18 09:17:37,S,1063.05,1,19
2021-06-18 09:17:37,S,1063.15,1,2
2021-06-18 09:17:37,S,1063.85,1,19
2021-06-18 09:17:37,B,1060.55,1,19
2021-06-18 09:17:37,B,1060.5,5,13
2021-06-18 09:17:37,B,1060.05,2,3
2021-06-18 09:17:37,B,1060.0,1,15
2021-06-18 09:17:37,B,1059.35,1,11
2021-06-18 09:17:46,S,1061.4,2,6
2021-06-18 09:17:46,S,1061.55,1,29
2021-06-18 09:17:46,S,1061.6,1,13
2021-06-18 09:17:46,S,1061.9,1,5
2021-06-18 09:17:46,S,1061.95,1,13
2021-06-18 09:17:46,B,1060.5,1,6
2021-06-18 09:17:46,B,1060.45,1,8
2021-06-18 09:17:46,B,1060.1,3,6
2021-06-18 09:17:46,B,1060.0,1,15
2021-06-18 09:17:46,B,1059.65,2,7
2021-06-18 09:17:46,S,1061.4,2,6
2021-06-18 09:17:46,S,1061.55,1,29
2021-06-18 09:17:46,S,1061.6,1,13
2021-06-18 09:17:46,S,1061.9,1,5
2021-06-18 09:17:46,S,1061.95,1,13
2021-06-18 09:17:46,B,1060.5,1,6
2021-06-18 09:17:46,B,1060.45,1,8
2021-06-18 09:17:46,B,1060.1,3,6
2021-06-18 09:17:46,B,1060.0,1,15
2021-06-18 09:17:46,B,1059.65,2,7
2021-06-18 09:17:49,S,1061.2,2,18
2021-06-18 09:17:49,S,1061.25,2,30
2021-06-18 09:17:49,S,1061.3,1,13
2021-06-18 09:17:49,S,1061.35,1,5
2021-06-18 09:17:49,S,1061.4,1,1
2021-06-18 09:17:49,B,1060.5,1,6
2021-06-18 09:17:49,B,1060.45,1,8
2021-06-18 09:17:49,B,1060.0,1,15
2021-06-18 09:17:49,B,1059.7,3,6
2021-06-18 09:17:49,B,1059.65,1,2
2021-06-18 09:17:49,S,1061.2,2,18
2021-06-18 09:17:49,S,1061.25,2,30
2021-06-18 09:17:49,S,1061.3,1,13
2021-06-18 09:17:49,S,1061.35,1,5
2021-06-18 09:17:49,S,1061.4,1,1
2021-06-18 09:17:49,B,1060.5,1,6
2021-06-18 09:17:49,B,1060.45,1,8
2021-06-18 09:17:49,B,1060.0,1,15
2021-06-18 09:17:49,B,1059.7,3,6
2021-06-18 09:17:49,B,1059.65,1,2
2021-06-18 09:17:54,S,1061.15,3,43
2021-06-18 09:17:54,S,1061.2,3,19
2021-06-18 09:17:54,S,1061.25,1,1
2021-06-18 09:17:54,S,1061.35,1,5
2021-06-18 09:17:54,S,1062.15,1,2
2021-06-18 09:17:54,B,1060.5,1,6
2021-06-18 09:17:54,B,1060.45,1,8
2021-06-18 09:17:54,B,1060.0,1,15
2021-06-18 09:17:54,B,1059.7,3,6
2021-06-18 09:17:54,B,1059.65,1,2
2021-06-18 09:17:54,S,1061.15,3,43
2021-06-18 09:17:54,S,1061.2,3,19
2021-06-18 09:17:54,S,1061.25,1,1
2021-06-18 09:17:54,S,1061.35,1,5
2021-06-18 09:17:54,S,1062.15,1,2
2021-06-18 09:17:54,B,1060.5,1,6
2021-06-18 09:17:54,B,1060.45,1,8
2021-06-18 09:17:54,B,1060.0,1,15
2021-06-18 09:17:54,B,1059.7,3,6
2021-06-18 09:17:54,B,1059.65,1,2
2021-06-18 09:17:58,S,1061.05,2,18
2021-06-18 09:17:58,S,1061.1,3,43
2021-06-18 09:17:58,S,1061.15,1,1
2021-06-18 09:17:58,S,1061.35,1,5
2021-06-18 09:17:58,S,1062.15,1,2
2021-06-18 09:17:58,B,1060.5,1,6
2021-06-18 09:17:58,B,1060.45,1,8
2021-06-18 09:17:58,B,1060.0,1,15
2021-06-18 09:17:58,B,1059.7,3,6
2021-06-18 09:17:58,B,1059.65,1,2
2021-06-18 09:17:58,S,1061.05,2,18
2021-06-18 09:17:58,S,1061.1,3,43
2021-06-18 09:17:58,S,1061.15,1,1
2021-06-18 09:17:58,S,1061.35,1,5
2021-06-18 09:17:58,S,1062.15,1,2
2021-06-18 09:17:58,B,1060.5,1,6
2021-06-18 09:17:58,B,1060.45,1,8
2021-06-18 09:17:58,B,1060.0,1,15
2021-06-18 09:17:58,B,1059.7,3,6
2021-06-18 09:17:58,B,1059.65,1,2
2021-06-18 09:18:03,S,1061.0,1,13
2021-06-18 09:18:03,S,1061.05,2,18
2021-06-18 09:18:03,S,1061.3,2,30
2021-06-18 09:18:03,S,1061.35,1,5
2021-06-18 09:18:03,S,1062.15,1,2
2021-06-18 09:18:03,B,1060.5,1,6
2021-06-18 09:18:03,B,1060.45,1,8
2021-06-18 09:18:03,B,1060.0,1,15
2021-06-18 09:18:03,B,1059.7,3,6
2021-06-18 09:18:03,B,1059.65,1,2
2021-06-18 09:18:03,S,1061.0,1,13
2021-06-18 09:18:03,S,1061.05,2,18
2021-06-18 09:18:03,S,1061.3,2,30
2021-06-18 09:18:03,S,1061.35,1,5
2021-06-18 09:18:03,S,1062.15,1,2
2021-06-18 09:18:03,B,1060.5,1,6
2021-06-18 09:18:03,B,1060.45,1,8
2021-06-18 09:18:03,B,1060.0,1,15
2021-06-18 09:18:03,B,1059.7,3,6
2021-06-18 09:18:03,B,1059.65,1,2
2021-06-18 09:18:07,S,1060.9,1,13
2021-06-18 09:18:07,S,1060.95,1,13
2021-06-18 09:18:07,S,1061.3,2,30
2021-06-18 09:18:07,S,1061.35,1,5
2021-06-18 09:18:07,S,1062.15,1,2
2021-06-18 09:18:07,B,1060.55,1,5
2021-06-18 09:18:07,B,1060.5,1,6
2021-06-18 09:18:07,B,1060.45,1,8
2021-06-18 09:18:07,B,1060.0,1,15
2021-06-18 09:18:07,B,1059.7,3,6
2021-06-18 09:18:07,S,1060.9,1,13
2021-06-18 09:18:07,S,1060.95,1,13
2021-06-18 09:18:07,S,1061.3,2,30
2021-06-18 09:18:07,S,1061.35,1,5
2021-06-18 09:18:07,S,1062.15,1,2
2021-06-18 09:18:07,B,1060.55,1,5
2021-06-18 09:18:07,B,1060.5,1,6
2021-06-18 09:18:07,B,1060.45,1,8
2021-06-18 09:18:07,B,1060.0,1,15
2021-06-18 09:18:07,B,1059.7,3,6
2021-06-18 09:18:10,S,1062.05,1,1
2021-06-18 09:18:10,S,1062.1,1,1
2021-06-18 09:18:10,S,1063.35,1,29
2021-06-18 09:18:10,S,1063.4,2,26
2021-06-18 09:18:10,S,1063.5,1,2
2021-06-18 09:18:10,B,1060.95,1,8
2021-06-18 09:18:10,B,1060.9,2,11
2021-06-18 09:18:10,B,1060.6,3,6
2021-06-18 09:18:10,B,1060.55,1,5
2021-06-18 09:18:10,B,1060.0,1,15
2021-06-18 09:18:10,S,1062.05,1,1
2021-06-18 09:18:10,S,1062.1,1,1
2021-06-18 09:18:10,S,1063.35,1,29
2021-06-18 09:18:10,S,1063.4,2,26
2021-06-18 09:18:10,S,1063.5,1,2
2021-06-18 09:18:10,B,1060.95,1,8
2021-06-18 09:18:10,B,1060.9,2,11
2021-06-18 09:18:10,B,1060.6,3,6
2021-06-18 09:18:10,B,1060.55,1,5
2021-06-18 09:18:10,B,1060.0,1,15
2021-06-18 09:18:15,S,1064.0,1,29
2021-06-18 09:18:15,S,1064.05,4,4
2021-06-18 09:18:15,S,1064.1,2,6
2021-06-18 09:18:15,S,1064.3,1,5
2021-06-18 09:18:15,S,1064.45,1,1
2021-06-18 09:18:15,B,1061.45,5,22
2021-06-18 09:18:15,B,1061.4,2,9
2021-06-18 09:18:15,B,1061.15,1,1
2021-06-18 09:18:15,B,1060.55,2,7
2021-06-18 09:18:15,B,1060.0,1,15
2021-06-18 09:18:15,S,1064.0,1,29
2021-06-18 09:18:15,S,1064.05,4,4
2021-06-18 09:18:15,S,1064.1,2,6
2021-06-18 09:18:15,S,1064.3,1,5
2021-06-18 09:18:15,S,1064.45,1,1
2021-06-18 09:18:15,B,1061.45,5,22
2021-06-18 09:18:15,B,1061.4,2,9
2021-06-18 09:18:15,B,1061.15,1,1
2021-06-18 09:18:15,B,1060.55,2,7
2021-06-18 09:18:15,B,1060.0,1,15
2021-06-18 09:18:19,S,1063.9,1,29
2021-06-18 09:18:19,S,1063.95,3,27
2021-06-18 09:18:19,S,1064.0,2,6
2021-06-18 09:18:19,S,1064.05,4,4
2021-06-18 09:18:19,S,1064.1,2,6
2021-06-18 09:18:19,B,1061.5,2,20
2021-06-18 09:18:19,B,1061.45,4,19
2021-06-18 09:18:19,B,1061.4,2,9
2021-06-18 09:18:19,B,1061.2,2,4
2021-06-18 09:18:19,B,1060.55,2,7
2021-06-18 09:18:19,S,1063.9,1,29
2021-06-18 09:18:19,S,1063.95,3,27
2021-06-18 09:18:19,S,1064.0,2,6
2021-06-18 09:18:19,S,1064.05,4,4
2021-06-18 09:18:19,S,1064.1,2,6
2021-06-18 09:18:19,B,1061.5,2,20
2021-06-18 09:18:19,B,1061.45,4,19
2021-06-18 09:18:19,B,1061.4,2,9
2021-06-18 09:18:19,B,1061.2,2,4
2021-06-18 09:18:19,B,1060.55,2,7
2021-06-18 09:18:23,S,1063.15,2,30
2021-06-18 09:18:23,S,1063.2,2,14
2021-06-18 09:18:23,S,1063.25,2,14
2021-06-18 09:18:23,S,1063.75,1,5
2021-06-18 09:18:23,S,1063.8,1,2
2021-06-18 09:18:23,B,1061.6,1,12
2021-06-18 09:18:23,B,1061.55,2,21
2021-06-18 09:18:23,B,1061.5,1,8
2021-06-18 09:18:23,B,1061.45,1,6
2021-06-18 09:18:23,B,1060.65,3,6
2021-06-18 09:18:23,S,1063.15,2,30
2021-06-18 09:18:23,S,1063.2,2,14
2021-06-18 09:18:23,S,1063.25,2,14
2021-06-18 09:18:23,S,1063.75,1,5
2021-06-18 09:18:23,S,1063.8,1,2
2021-06-18 09:18:23,B,1061.6,1,12
2021-06-18 09:18:23,B,1061.55,2,21
2021-06-18 09:18:23,B,1061.5,1,8
2021-06-18 09:18:23,B,1061.45,1,6
2021-06-18 09:18:23,B,1060.65,3,6
2021-06-18 09:18:27,S,1063.15,2,30
2021-06-18 09:18:27,S,1063.2,2,14
2021-06-18 09:18:27,S,1063.25,2,14
2021-06-18 09:18:27,S,1063.75,1,5
2021-06-18 09:18:27,S,1063.8,1,2
2021-06-18 09:18:27,B,1061.6,1,12
2021-06-18 09:18:27,B,1061.55,2,21
2021-06-18 09:18:27,B,1061.5,1,8
2021-06-18 09:18:27,B,1061.45,1,6
2021-06-18 09:18:27,B,1060.65,3,6
2021-06-18 09:18:27,S,1063.15,2,30
2021-06-18 09:18:27,S,1063.2,2,14
2021-06-18 09:18:27,S,1063.25,2,14
2021-06-18 09:18:27,S,1063.75,1,5
2021-06-18 09:18:27,S,1063.8,1,2
2021-06-18 09:18:27,B,1061.6,1,12
2021-06-18 09:18:27,B,1061.55,2,21
2021-06-18 09:18:27,B,1061.5,1,8
2021-06-18 09:18:27,B,1061.45,1,6
2021-06-18 09:18:27,B,1060.65,3,6
2021-06-18 09:18:31,S,1064.05,1,17
2021-06-18 09:18:31,S,1064.1,2,6
2021-06-18 09:18:31,S,1064.4,1,5
2021-06-18 09:18:31,S,1064.45,1,7
2021-06-18 09:18:31,S,1064.55,1,7
2021-06-18 09:18:31,B,1062.15,2,37
2021-06-18 09:18:31,B,1062.1,2,12
2021-06-18 09:18:31,B,1061.75,3,24
2021-06-18 09:18:31,B,1061.7,3,6
2021-06-18 09:18:31,B,1061.65,1,2
2021-06-18 09:18:31,S,1064.05,1,17
2021-06-18 09:18:31,S,1064.1,2,6
2021-06-18 09:18:31,S,1064.4,1,5
2021-06-18 09:18:31,S,1064.45,1,7
2021-06-18 09:18:31,S,1064.55,1,7
2021-06-18 09:18:31,B,1062.15,2,37
2021-06-18 09:18:31,B,1062.1,2,12
2021-06-18 09:18:31,B,1061.75,3,24
2021-06-18 09:18:31,B,1061.7,3,6
2021-06-18 09:18:31,B,1061.65,1,2
2021-06-18 09:18:35,S,1063.8,1,17
2021-06-18 09:18:35,S,1063.85,2,6
2021-06-18 09:18:35,S,1064.0,1,1
2021-06-18 09:18:35,S,1064.1,2,6
2021-06-18 09:18:35,S,1064.4,2,6
2021-06-18 09:18:35,B,1062.35,1,29
2021-06-18 09:18:35,B,1062.3,1,5
2021-06-18 09:18:35,B,1062.25,1,8
2021-06-18 09:18:35,B,1062.2,1,6
2021-06-18 09:18:35,B,1062.15,1,8
2021-06-18 09:18:35,S,1063.8,1,17
2021-06-18 09:18:35,S,1063.85,2,6
2021-06-18 09:18:35,S,1064.0,1,1
2021-06-18 09:18:35,S,1064.1,2,6
2021-06-18 09:18:35,S,1064.4,2,6
2021-06-18 09:18:35,B,1062.35,1,29
2021-06-18 09:18:35,B,1062.3,1,5
2021-06-18 09:18:35,B,1062.25,1,8
2021-06-18 09:18:35,B,1062.2,1,6
2021-06-18 09:18:35,B,1062.15,1,8
2021-06-18 09:18:39,S,1064.05,1,17
2021-06-18 09:18:39,S,1064.1,1,5
2021-06-18 09:18:39,S,1064.4,2,6
2021-06-18 09:18:39,S,1064.45,1,7
2021-06-18 09:18:39,S,1064.55,1,7
2021-06-18 09:18:39,B,1062.3,4,47
2021-06-18 09:18:39,B,1062.25,3,16
2021-06-18 09:18:39,B,1062.2,2,7
2021-06-18 09:18:39,B,1061.8,3,6
2021-06-18 09:18:39,B,1061.75,3,24
2021-06-18 09:18:39,S,1064.05,1,17
2021-06-18 09:18:39,S,1064.1,1,5
2021-06-18 09:18:39,S,1064.4,2,6
2021-06-18 09:18:39,S,1064.45,1,7
2021-06-18 09:18:39,S,1064.55,1,7
2021-06-18 09:18:39,B,1062.3,4,47
2021-06-18 09:18:39,B,1062.25,3,16
2021-06-18 09:18:39,B,1062.2,2,7
2021-06-18 09:18:39,B,1061.8,3,6
2021-06-18 09:18:39,B,1061.75,3,24
2021-06-18 09:18:43,S,1064.05,1,17
2021-06-18 09:18:43,S,1064.1,1,5
2021-06-18 09:18:43,S,1064.2,1,5
2021-06-18 09:18:43,S,1064.4,2,6
2021-06-18 09:18:43,S,1064.45,1,7
2021-06-18 09:18:43,B,1062.3,4,47
2021-06-18 09:18:43,B,1062.25,3,16
2021-06-18 09:18:43,B,1062.2,2,7
2021-06-18 09:18:43,B,1061.75,3,24
2021-06-18 09:18:43,B,1061.7,3,6
2021-06-18 09:18:43,S,1064.05,1,17
2021-06-18 09:18:43,S,1064.1,1,5
2021-06-18 09:18:43,S,1064.2,1,5
2021-06-18 09:18:43,S,1064.4,2,6
2021-06-18 09:18:43,S,1064.45,1,7
2021-06-18 09:18:43,B,1062.3,4,47
2021-06-18 09:18:43,B,1062.25,3,16
2021-06-18 09:18:43,B,1062.2,2,7
2021-06-18 09:18:43,B,1061.75,3,24
2021-06-18 09:18:43,B,1061.7,3,6
2021-06-18 09:18:51,S,1064.05,1,17
2021-06-18 09:18:51,S,1064.1,1,5
2021-06-18 09:18:51,S,1064.2,1,5
2021-06-18 09:18:51,S,1064.4,2,6
2021-06-18 09:18:51,S,1064.45,1,7
2021-06-18 09:18:51,B,1062.3,4,47
2021-06-18 09:18:51,B,1062.25,3,16
2021-06-18 09:18:51,B,1062.2,2,7
2021-06-18 09:18:51,B,1061.75,3,24
2021-06-18 09:18:51,B,1061.7,3,6
2021-06-18 09:18:51,S,1064.05,1,17
2021-06-18 09:18:51,S,1064.1,1,5
2021-06-18 09:18:51,S,1064.2,1,5
2021-06-18 09:18:51,S,1064.4,2,6
2021-06-18 09:18:51,S,1064.45,1,7
2021-06-18 09:18:51,B,1062.3,4,47
2021-06-18 09:18:51,B,1062.25,3,16
2021-06-18 09:18:51,B,1062.2,2,7
2021-06-18 09:18:51,B,1061.75,3,24
2021-06-18 09:18:51,B,1061.7,3,6
2021-06-18 09:18:55,S,1063.75,1,29
2021-06-18 09:18:55,S,1063.8,1,5
2021-06-18 09:18:55,S,1064.1,1,5
2021-06-18 09:18:55,S,1064.4,1,5
2021-06-18 09:18:55,S,1064.45,1,7
2021-06-18 09:18:55,B,1062.35,3,35
2021-06-18 09:18:55,B,1062.3,4,19
2021-06-18 09:18:55,B,1062.25,3,16
2021-06-18 09:18:55,B,1061.75,3,24
2021-06-18 09:18:55,B,1061.65,1,2
2021-06-18 09:18:55,S,1063.75,1,29
2021-06-18 09:18:55,S,1063.8,1,5
2021-06-18 09:18:55,S,1064.1,1,5
2021-06-18 09:18:55,S,1064.4,1,5
2021-06-18 09:18:55,S,1064.45,1,7
2021-06-18 09:18:55,B,1062.35,3,35
2021-06-18 09:18:55,B,1062.3,4,19
2021-06-18 09:18:55,B,1062.25,3,16
2021-06-18 09:18:55,B,1061.75,3,24
2021-06-18 09:18:55,B,1061.65,1,2
2021-06-18 09:18:59,S,1063.75,1,29
2021-06-18 09:18:59,S,1063.8,1,5
2021-06-18 09:18:59,S,1064.1,1,5
2021-06-18 09:18:59,S,1064.4,1,5
2021-06-18 09:18:59,S,1064.45,1,7
2021-06-18 09:18:59,B,1062.35,3,35
2021-06-18 09:18:59,B,1062.3,4,19
2021-06-18 09:18:59,B,1062.25,3,16
2021-06-18 09:18:59,B,1061.75,3,24
2021-06-18 09:18:59,B,1061.65,1,2
2021-06-18 09:18:59,S,1063.75,1,29
2021-06-18 09:18:59,S,1063.8,1,5
2021-06-18 09:18:59,S,1064.1,1,5
2021-06-18 09:18:59,S,1064.4,1,5
2021-06-18 09:18:59,S,1064.45,1,7
2021-06-18 09:18:59,B,1062.35,3,35
2021-06-18 09:18:59,B,1062.3,4,19
2021-06-18 09:18:59,B,1062.25,3,16
2021-06-18 09:18:59,B,1061.75,3,24
2021-06-18 09:18:59,B,1061.65,1,2
2021-06-18 09:19:00,S,1064.65,1,29
2021-06-18 09:19:00,S,1064.7,1,99
2021-06-18 09:19:00,S,1065.5,3,6
2021-06-18 09:19:00,S,1065.55,1,12
2021-06-18 09:19:00,S,1065.8,2,15
2021-06-18 09:19:00,B,1062.7,1,17
2021-06-18 09:19:00,B,1062.65,3,29
2021-06-18 09:19:00,B,1062.6,1,1
2021-06-18 09:19:00,B,1062.55,1,1
2021-06-18 09:19:00,B,1062.45,2,8
2021-06-18 09:19:00,S,1064.65,1,29
2021-06-18 09:19:00,S,1064.7,1,99
2021-06-18 09:19:00,S,1065.5,3,6
2021-06-18 09:19:00,S,1065.55,1,12
2021-06-18 09:19:00,S,1065.8,2,15
2021-06-18 09:19:00,B,1062.7,1,17
2021-06-18 09:19:00,B,1062.65,3,29
2021-06-18 09:19:00,B,1062.6,1,1
2021-06-18 09:19:00,B,1062.55,1,1
2021-06-18 09:19:00,B,1062.45,2,8
2021-06-18 09:19:04,S,1064.1,1,29
2021-06-18 09:19:04,S,1064.15,2,6
2021-06-18 09:19:04,S,1064.3,1,13
2021-06-18 09:19:04,S,1064.7,1,99
2021-06-18 09:19:04,S,1064.95,1,10
2021-06-18 09:19:04,B,1062.7,3,31
2021-06-18 09:19:04,B,1062.65,2,14
2021-06-18 09:19:04,B,1062.4,1,2
2021-06-18 09:19:04,B,1061.85,2,3
2021-06-18 09:19:04,B,1061.8,2,7
2021-06-18 09:19:04,S,1064.1,1,29
2021-06-18 09:19:04,S,1064.15,2,6
2021-06-18 09:19:04,S,1064.3,1,13
2021-06-18 09:19:04,S,1064.7,1,99
2021-06-18 09:19:04,S,1064.95,1,10
2021-06-18 09:19:04,B,1062.7,3,31
2021-06-18 09:19:04,B,1062.65,2,14
2021-06-18 09:19:04,B,1062.4,1,2
2021-06-18 09:19:04,B,1061.85,2,3
2021-06-18 09:19:04,B,1061.8,2,7
2021-06-18 09:19:12,S,1064.65,1,29
2021-06-18 09:19:12,S,1064.7,1,99
2021-06-18 09:19:12,S,1065.15,1,2
2021-06-18 09:19:12,S,1065.7,1,13
2021-06-18 09:19:12,S,1065.75,3,15
2021-06-18 09:19:12,B,1063.05,3,32
2021-06-18 09:19:12,B,1063.0,3,16
2021-06-18 09:19:12,B,1062.7,2,4
2021-06-18 09:19:12,B,1062.65,1,5
2021-06-18 09:19:12,B,1062.4,2,3
2021-06-18 09:19:12,S,1064.65,1,29
2021-06-18 09:19:12,S,1064.7,1,99
2021-06-18 09:19:12,S,1065.15,1,2
2021-06-18 09:19:12,S,1065.7,1,13
2021-06-18 09:19:12,S,1065.75,3,15
2021-06-18 09:19:12,B,1063.05,3,32
2021-06-18 09:19:12,B,1063.0,3,16
2021-06-18 09:19:12,B,1062.7,2,4
2021-06-18 09:19:12,B,1062.65,1,5
2021-06-18 09:19:12,B,1062.4,2,3
2021-06-18 09:19:16,S,1064.5,1,29
2021-06-18 09:19:16,S,1064.55,1,5
2021-06-18 09:19:16,S,1064.6,1,13
2021-06-18 09:19:16,S,1064.7,1,99
2021-06-18 09:19:16,S,1065.15,1,2
2021-06-18 09:19:16,B,1063.05,3,32
2021-06-18 09:19:16,B,1063.0,3,16
2021-06-18 09:19:16,B,1062.7,2,4
2021-06-18 09:19:16,B,1062.65,1,5
2021-06-18 09:19:16,B,1062.4,2,3
2021-06-18 09:19:16,S,1064.5,1,29
2021-06-18 09:19:16,S,1064.55,1,5
2021-06-18 09:19:16,S,1064.6,1,13
2021-06-18 09:19:16,S,1064.7,1,99
2021-06-18 09:19:16,S,1065.15,1,2
2021-06-18 09:19:16,B,1063.05,3,32
2021-06-18 09:19:16,B,1063.0,3,16
2021-06-18 09:19:16,B,1062.7,2,4
2021-06-18 09:19:16,B,1062.65,1,5
2021-06-18 09:19:16,B,1062.4,2,3
2021-06-18 09:19:20,S,1064.4,1,29
2021-06-18 09:19:20,S,1064.45,2,18
2021-06-18 09:19:20,S,1064.7,1,99
2021-06-18 09:19:20,S,1065.15,1,2
2021-06-18 09:19:20,S,1065.7,1,13
2021-06-18 09:19:20,B,1063.05,3,32
2021-06-18 09:19:20,B,1063.0,3,16
2021-06-18 09:19:20,B,1062.7,2,4
2021-06-18 09:19:20,B,1062.65,1,5
2021-06-18 09:19:20,B,1062.4,2,3
2021-06-18 09:19:20,S,1064.4,1,29
2021-06-18 09:19:20,S,1064.45,2,18
2021-06-18 09:19:20,S,1064.7,1,99
2021-06-18 09:19:20,S,1065.15,1,2
2021-06-18 09:19:20,S,1065.7,1,13
2021-06-18 09:19:20,B,1063.05,3,32
2021-06-18 09:19:20,B,1063.0,3,16
2021-06-18 09:19:20,B,1062.7,2,4
2021-06-18 09:19:20,B,1062.65,1,5
2021-06-18 09:19:20,B,1062.4,2,3
2021-06-18 09:19:24,S,1064.65,1,29
2021-06-18 09:19:24,S,1064.7,1,99
2021-06-18 09:19:24,S,1065.15,1,2
2021-06-18 09:19:24,S,1065.7,1,13
2021-06-18 09:19:24,S,1065.75,3,15
2021-06-18 09:19:24,B,1063.05,3,32
2021-06-18 09:19:24,B,1063.0,4,17
2021-06-18 09:19:24,B,1062.7,3,6
2021-06-18 09:19:24,B,1062.65,1,5
2021-06-18 09:19:24,B,1062.4,2,3
2021-06-18 09:19:24,S,1064.65,1,29
2021-06-18 09:19:24,S,1064.7,1,99
2021-06-18 09:19:24,S,1065.15,1,2
2021-06-18 09:19:24,S,1065.7,1,13
2021-06-18 09:19:24,S,1065.75,3,15
2021-06-18 09:19:24,B,1063.05,3,32
2021-06-18 09:19:24,B,1063.0,4,17
2021-06-18 09:19:24,B,1062.7,3,6
2021-06-18 09:19:24,B,1062.65,1,5
2021-06-18 09:19:24,B,1062.4,2,3
2021-06-18 09:19:28,S,1064.55,1,29
2021-06-18 09:19:28,S,1064.6,1,5
2021-06-18 09:19:28,S,1064.7,1,99
2021-06-18 09:19:28,S,1065.15,1,2
2021-06-18 09:19:28,S,1065.7,1,13
2021-06-18 09:19:28,B,1063.05,3,32
2021-06-18 09:19:28,B,1063.0,3,16
2021-06-18 09:19:28,B,1062.7,3,6
2021-06-18 09:19:28,B,1062.65,1,5
2021-06-18 09:19:28,B,1062.4,2,3
2021-06-18 09:19:28,S,1064.55,1,29
2021-06-18 09:19:28,S,1064.6,1,5
2021-06-18 09:19:28,S,1064.7,1,99
2021-06-18 09:19:28,S,1065.15,1,2
2021-06-18 09:19:28,S,1065.7,1,13
2021-06-18 09:19:28,B,1063.05,3,32
2021-06-18 09:19:28,B,1063.0,3,16
2021-06-18 09:19:28,B,1062.7,3,6
2021-06-18 09:19:28,B,1062.65,1,5
2021-06-18 09:19:28,B,1062.4,2,3
2021-06-18 09:19:32,S,1064.45,1,29
2021-06-18 09:19:32,S,1064.5,2,18
2021-06-18 09:19:32,S,1064.7,1,99
2021-06-18 09:19:32,S,1065.15,1,2
2021-06-18 09:19:32,S,1065.7,1,13
2021-06-18 09:19:32,B,1063.05,3,32
2021-06-18 09:19:32,B,1063.0,3,16
2021-06-18 09:19:32,B,1062.7,3,6
2021-06-18 09:19:32,B,1062.65,1,5
2021-06-18 09:19:32,B,1062.4,2,3
2021-06-18 09:19:32,S,1064.45,1,29
2021-06-18 09:19:32,S,1064.5,2,18
2021-06-18 09:19:32,S,1064.7,1,99
2021-06-18 09:19:32,S,1065.15,1,2
2021-06-18 09:19:32,S,1065.7,1,13
2021-06-18 09:19:32,B,1063.05,3,32
2021-06-18 09:19:32,B,1063.0,3,16
2021-06-18 09:19:32,B,1062.7,3,6
2021-06-18 09:19:32,B,1062.65,1,5
2021-06-18 09:19:32,B,1062.4,2,3
2021-06-18 09:19:33,S,1064.45,1,29
2021-06-18 09:19:33,S,1064.5,2,18
2021-06-18 09:19:33,S,1064.7,1,99
2021-06-18 09:19:33,S,1065.15,1,2
2021-06-18 09:19:33,S,1065.7,1,13
2021-06-18 09:19:33,B,1063.05,3,32
2021-06-18 09:19:33,B,1063.0,3,16
2021-06-18 09:19:33,B,1062.7,3,6
2021-06-18 09:19:33,B,1062.65,1,5
2021-06-18 09:19:33,B,1062.4,2,3
2021-06-18 09:19:33,S,1064.45,1,29
2021-06-18 09:19:33,S,1064.5,2,18
2021-06-18 09:19:33,S,1064.7,1,99
2021-06-18 09:19:33,S,1065.15,1,2
2021-06-18 09:19:33,S,1065.7,1,13
2021-06-18 09:19:33,B,1063.05,3,32
2021-06-18 09:19:33,B,1063.0,3,16
2021-06-18 09:19:33,B,1062.7,3,6
2021-06-18 09:19:33,B,1062.65,1,5
2021-06-18 09:19:33,B,1062.4,2,3
2021-06-18 09:19:36,S,1064.65,1,29
2021-06-18 09:19:36,S,1064.7,1,99
2021-06-18 09:19:36,S,1065.8,1,2
2021-06-18 09:19:36,S,1065.85,1,6
2021-06-18 09:19:36,S,1066.1,3,15
2021-06-18 09:19:36,B,1063.3,2,27
2021-06-18 09:19:36,B,1063.25,6,20
2021-06-18 09:19:36,B,1063.2,3,14
2021-06-18 09:19:36,B,1063.15,3,14
2021-06-18 09:19:36,B,1063.0,1,1
2021-06-18 09:19:36,S,1064.65,1,29
2021-06-18 09:19:36,S,1064.7,1,99
2021-06-18 09:19:36,S,1065.8,1,2
2021-06-18 09:19:36,S,1065.85,1,6
2021-06-18 09:19:36,S,1066.1,3,15
2021-06-18 09:19:36,B,1063.3,2,27
2021-06-18 09:19:36,B,1063.25,6,20
2021-06-18 09:19:36,B,1063.2,3,14
2021-06-18 09:19:36,B,1063.15,3,14
2021-06-18 09:19:36,B,1063.0,1,1
2021-06-18 09:19:38,S,1064.65,1,29
2021-06-18 09:19:38,S,1064.7,1,99
2021-06-18 09:19:38,S,1065.8,1,2
2021-06-18 09:19:38,S,1065.85,1,6
2021-06-18 09:19:38,S,1066.1,3,15
2021-06-18 09:19:38,B,1063.3,2,27
2021-06-18 09:19:38,B,1063.25,6,20
2021-06-18 09:19:38,B,1063.2,3,14
2021-06-18 09:19:38,B,1063.15,3,14
2021-06-18 09:19:38,B,1063.0,1,1
2021-06-18 09:19:38,S,1064.65,1,29
2021-06-18 09:19:38,S,1064.7,1,99
2021-06-18 09:19:38,S,1065.8,1,2
2021-06-18 09:19:38,S,1065.85,1,6
2021-06-18 09:19:38,S,1066.1,3,15
2021-06-18 09:19:38,B,1063.3,2,27
2021-06-18 09:19:38,B,1063.25,6,20
2021-06-18 09:19:38,B,1063.2,3,14
2021-06-18 09:19:38,B,1063.15,3,14
2021-06-18 09:19:38,B,1063.0,1,1
2021-06-18 09:19:40,S,1064.65,1,29
2021-06-18 09:19:40,S,1064.7,1,99
2021-06-18 09:19:40,S,1065.8,1,2
2021-06-18 09:19:40,S,1065.85,1,6
2021-06-18 09:19:40,S,1066.1,3,15
2021-06-18 09:19:40,B,1063.3,2,27
2021-06-18 09:19:40,B,1063.25,6,20
2021-06-18 09:19:40,B,1063.2,3,14
2021-06-18 09:19:40,B,1063.15,3,14
2021-06-18 09:19:40,B,1063.0,1,1
2021-06-18 09:19:40,S,1064.65,1,29
2021-06-18 09:19:40,S,1064.7,1,99
2021-06-18 09:19:40,S,1065.8,1,2
2021-06-18 09:19:40,S,1065.85,1,6
2021-06-18 09:19:40,S,1066.1,3,15
2021-06-18 09:19:40,B,1063.3,2,27
2021-06-18 09:19:40,B,1063.25,6,20
2021-06-18 09:19:40,B,1063.2,3,14
2021-06-18 09:19:40,B,1063.15,3,14
2021-06-18 09:19:40,B,1063.0,1,1
2021-06-18 09:19:40,S,1064.65,1,29
2021-06-18 09:19:40,S,1064.7,1,99
2021-06-18 09:19:40,S,1065.8,1,2
2021-06-18 09:19:40,S,1065.95,1,13
2021-06-18 09:19:40,S,1066.0,3,15
2021-06-18 09:19:40,B,1063.4,2,13
2021-06-18 09:19:40,B,1063.35,6,20
2021-06-18 09:19:40,B,1063.3,3,15
2021-06-18 09:19:40,B,1063.0,1,1
2021-06-18 09:19:40,B,1062.95,1,2
2021-06-18 09:19:40,S,1064.65,1,29
2021-06-18 09:19:40,S,1064.7,1,99
2021-06-18 09:19:40,S,1065.8,1,2
2021-06-18 09:19:40,S,1065.95,1,13
2021-06-18 09:19:40,S,1066.0,3,15
2021-06-18 09:19:40,B,1063.4,2,13
2021-06-18 09:19:40,B,1063.35,6,20
2021-06-18 09:19:40,B,1063.3,3,15
2021-06-18 09:19:40,B,1063.0,1,1
2021-06-18 09:19:40,B,1062.95,1,2
2021-06-18 09:19:48,S,1064.55,1,29
2021-06-18 09:19:48,S,1064.6,1,13
2021-06-18 09:19:48,S,1064.7,1,99
2021-06-18 09:19:48,S,1065.0,1,5
2021-06-18 09:19:48,S,1065.3,1,2
2021-06-18 09:19:48,B,1063.4,2,13
2021-06-18 09:19:48,B,1063.35,2,13
2021-06-18 09:19:48,B,1063.3,2,14
2021-06-18 09:19:48,B,1063.05,3,6
2021-06-18 09:19:48,B,1063.0,1,1
2021-06-18 09:19:48,S,1064.55,1,29
2021-06-18 09:19:48,S,1064.6,1,13
2021-06-18 09:19:48,S,1064.7,1,99
2021-06-18 09:19:48,S,1065.0,1,5
2021-06-18 09:19:48,S,1065.3,1,2
2021-06-18 09:19:48,B,1063.4,2,13
2021-06-18 09:19:48,B,1063.35,2,13
2021-06-18 09:19:48,B,1063.3,2,14
2021-06-18 09:19:48,B,1063.05,3,6
2021-06-18 09:19:48,B,1063.0,1,1
2021-06-18 09:19:51,S,1064.55,1,29
2021-06-18 09:19:51,S,1064.6,1,13
2021-06-18 09:19:51,S,1064.7,1,99
2021-06-18 09:19:51,S,1065.0,1,5
2021-06-18 09:19:51,S,1065.3,1,2
2021-06-18 09:19:51,B,1063.4,2,13
2021-06-18 09:19:51,B,1063.35,2,13
2021-06-18 09:19:51,B,1063.3,2,14
2021-06-18 09:19:51,B,1063.05,3,6
2021-06-18 09:19:51,B,1063.0,1,1
2021-06-18 09:19:51,S,1064.55,1,29
2021-06-18 09:19:51,S,1064.6,1,13
2021-06-18 09:19:51,S,1064.7,1,99
2021-06-18 09:19:51,S,1065.0,1,5
2021-06-18 09:19:51,S,1065.3,1,2
2021-06-18 09:19:51,B,1063.4,2,13
2021-06-18 09:19:51,B,1063.35,2,13
2021-06-18 09:19:51,B,1063.3,2,14
2021-06-18 09:19:51,B,1063.05,3,6
2021-06-18 09:19:51,B,1063.0,1,1
2021-06-18 09:19:52,S,1064.55,1,29
2021-06-18 09:19:52,S,1064.6,1,13
2021-06-18 09:19:52,S,1064.7,1,99
2021-06-18 09:19:52,S,1065.0,1,5
2021-06-18 09:19:52,S,1065.3,1,2
2021-06-18 09:19:52,B,1063.4,2,13
2021-06-18 09:19:52,B,1063.35,2,13
2021-06-18 09:19:52,B,1063.3,2,14
2021-06-18 09:19:52,B,1063.05,3,6
2021-06-18 09:19:52,B,1063.0,1,1
2021-06-18 09:19:52,S,1064.55,1,29
2021-06-18 09:19:52,S,1064.6,1,13
2021-06-18 09:19:52,S,1064.7,1,99
2021-06-18 09:19:52,S,1065.0,1,5
2021-06-18 09:19:52,S,1065.3,1,2
2021-06-18 09:19:52,B,1063.4,2,13
2021-06-18 09:19:52,B,1063.35,2,13
2021-06-18 09:19:52,B,1063.3,2,14
2021-06-18 09:19:52,B,1063.05,3,6
2021-06-18 09:19:52,B,1063.0,1,1
2021-06-18 09:19:52,S,1066.65,1,29
2021-06-18 09:19:52,S,1066.7,1,22
2021-06-18 09:19:52,S,1066.75,3,3
2021-06-18 09:19:52,S,1067.0,1,1
2021-06-18 09:19:52,S,1067.35,1,11
2021-06-18 09:19:52,B,1064.05,1,3
2021-06-18 09:19:52,B,1064.0,4,7
2021-06-18 09:19:52,B,1063.5,1,6
2021-06-18 09:19:52,B,1063.4,2,7
2021-06-18 09:19:52,B,1063.35,1,6
2021-06-18 09:19:52,S,1066.65,1,29
2021-06-18 09:19:52,S,1066.7,1,22
2021-06-18 09:19:52,S,1066.75,3,3
2021-06-18 09:19:52,S,1067.0,1,1
2021-06-18 09:19:52,S,1067.35,1,11
2021-06-18 09:19:52,B,1064.05,1,3
2021-06-18 09:19:52,B,1064.0,4,7
2021-06-18 09:19:52,B,1063.5,1,6
2021-06-18 09:19:52,B,1063.4,2,7
2021-06-18 09:19:52,B,1063.35,1,6
2021-06-18 09:19:54,S,1066.65,1,29
2021-06-18 09:19:54,S,1066.7,1,22
2021-06-18 09:19:54,S,1066.75,3,3
2021-06-18 09:19:54,S,1067.0,1,1
2021-06-18 09:19:54,S,1067.35,1,11
2021-06-18 09:19:54,B,1064.05,1,3
2021-06-18 09:19:54,B,1064.0,4,7
2021-06-18 09:19:54,B,1063.5,1,6
2021-06-18 09:19:54,B,1063.4,2,7
2021-06-18 09:19:54,B,1063.35,1,6
2021-06-18 09:19:54,S,1066.65,1,29
2021-06-18 09:19:54,S,1066.7,1,22
2021-06-18 09:19:54,S,1066.75,3,3
2021-06-18 09:19:54,S,1067.0,1,1
2021-06-18 09:19:54,S,1067.35,1,11
2021-06-18 09:19:54,B,1064.05,1,3
2021-06-18 09:19:54,B,1064.0,4,7
2021-06-18 09:19:54,B,1063.5,1,6
2021-06-18 09:19:54,B,1063.4,2,7
2021-06-18 09:19:54,B,1063.35,1,6
2021-06-18 09:19:55,S,1066.65,1,29
2021-06-18 09:19:55,S,1066.7,1,22
2021-06-18 09:19:55,S,1066.75,3,3
2021-06-18 09:19:55,S,1067.0,1,1
2021-06-18 09:19:55,S,1067.35,1,11
2021-06-18 09:19:55,B,1064.05,1,3
2021-06-18 09:19:55,B,1064.0,4,7
2021-06-18 09:19:55,B,1063.5,1,6
2021-06-18 09:19:55,B,1063.4,2,7
2021-06-18 09:19:55,B,1063.35,1,6
2021-06-18 09:19:55,S,1066.65,1,29
2021-06-18 09:19:55,S,1066.7,1,22
2021-06-18 09:19:55,S,1066.75,3,3
2021-06-18 09:19:55,S,1067.0,1,1
2021-06-18 09:19:55,S,1067.35,1,11
2021-06-18 09:19:55,B,1064.05,1,3
2021-06-18 09:19:55,B,1064.0,4,7
2021-06-18 09:19:55,B,1063.5,1,6
2021-06-18 09:19:55,B,1063.4,2,7
2021-06-18 09:19:55,B,1063.35,1,6
2021-06-18 09:20:00,S,1064.2,1,29
2021-06-18 09:20:00,S,1064.25,2,8
2021-06-18 09:20:00,S,1064.35,1,3
2021-06-18 09:20:00,S,1064.9,1,4
2021-06-18 09:20:00,S,1064.95,2,8
2021-06-18 09:20:00,B,1062.1,1,29
2021-06-18 09:20:00,B,1062.05,1,19
2021-06-18 09:20:00,B,1061.8,1,13
2021-06-18 09:20:00,B,1060.9,1,3
2021-06-18 09:20:00,B,1060.85,1,10
2021-06-18 09:20:00,S,1064.2,1,29
2021-06-18 09:20:00,S,1064.25,2,8
2021-06-18 09:20:00,S,1064.35,1,3
2021-06-18 09:20:00,S,1064.9,1,4
2021-06-18 09:20:00,S,1064.95,2,8
2021-06-18 09:20:00,B,1062.1,1,29
2021-06-18 09:20:00,B,1062.05,1,19
2021-06-18 09:20:00,B,1061.8,1,13
2021-06-18 09:20:00,B,1060.9,1,3
2021-06-18 09:20:00,B,1060.85,1,10
2021-06-18 09:20:01,S,1064.2,1,29
2021-06-18 09:20:01,S,1064.25,2,8
2021-06-18 09:20:01,S,1064.35,1,3
2021-06-18 09:20:01,S,1064.9,1,4
2021-06-18 09:20:01,S,1064.95,2,8
2021-06-18 09:20:01,B,1062.1,1,29
2021-06-18 09:20:01,B,1062.05,1,19
2021-06-18 09:20:01,B,1061.8,1,13
2021-06-18 09:20:01,B,1060.9,1,3
2021-06-18 09:20:01,B,1060.85,1,10
2021-06-18 09:20:01,S,1064.2,1,29
2021-06-18 09:20:01,S,1064.25,2,8
2021-06-18 09:20:01,S,1064.35,1,3
2021-06-18 09:20:01,S,1064.9,1,4
2021-06-18 09:20:01,S,1064.95,2,8
2021-06-18 09:20:01,B,1062.1,1,29
2021-06-18 09:20:01,B,1062.05,1,19
2021-06-18 09:20:01,B,1061.8,1,13
2021-06-18 09:20:01,B,1060.9,1,3
2021-06-18 09:20:01,B,1060.85,1,10
2021-06-18 09:20:04,S,1064.2,1,29
2021-06-18 09:20:04,S,1064.25,2,23
2021-06-18 09:20:04,S,1064.35,2,20
2021-06-18 09:20:04,S,1064.95,2,6
2021-06-18 09:20:04,S,1065.0,1,6
2021-06-18 09:20:04,B,1062.55,1,25
2021-06-18 09:20:04,B,1062.5,1,7
2021-06-18 09:20:04,B,1061.15,1,22
2021-06-18 09:20:04,B,1061.0,1,5
2021-06-18 09:20:04,B,1060.65,3,10
2021-06-18 09:20:04,S,1064.2,1,29
2021-06-18 09:20:04,S,1064.25,2,23
2021-06-18 09:20:04,S,1064.35,2,20
2021-06-18 09:20:04,S,1064.95,2,6
2021-06-18 09:20:04,S,1065.0,1,6
2021-06-18 09:20:04,B,1062.55,1,25
2021-06-18 09:20:04,B,1062.5,1,7
2021-06-18 09:20:04,B,1061.15,1,22
2021-06-18 09:20:04,B,1061.0,1,5
2021-06-18 09:20:04,B,1060.65,3,10
2021-06-18 09:20:09,S,1063.5,1,29
2021-06-18 09:20:09,S,1063.55,2,6
2021-06-18 09:20:09,S,1064.15,2,7
2021-06-18 09:20:09,S,1064.25,2,23
2021-06-18 09:20:09,S,1064.35,2,4
2021-06-18 09:20:09,B,1062.7,2,32
2021-06-18 09:20:09,B,1062.65,1,7
2021-06-18 09:20:09,B,1062.6,1,7
2021-06-18 09:20:09,B,1062.15,1,3
2021-06-18 09:20:09,B,1061.65,1,3
2021-06-18 09:20:09,S,1063.5,1,29
2021-06-18 09:20:09,S,1063.55,2,6
2021-06-18 09:20:09,S,1064.15,2,7
2021-06-18 09:20:09,S,1064.25,2,23
2021-06-18 09:20:09,S,1064.35,2,4
2021-06-18 09:20:09,B,1062.7,2,32
2021-06-18 09:20:09,B,1062.65,1,7
2021-06-18 09:20:09,B,1062.6,1,7
2021-06-18 09:20:09,B,1062.15,1,3
2021-06-18 09:20:09,B,1061.65,1,3
2021-06-18 09:20:09,S,1063.5,1,29
2021-06-18 09:20:09,S,1063.55,2,6
2021-06-18 09:20:09,S,1064.15,2,7
2021-06-18 09:20:09,S,1064.25,2,23
2021-06-18 09:20:09,S,1064.35,2,4
2021-06-18 09:20:09,B,1062.7,2,32
2021-06-18 09:20:09,B,1062.65,1,7
2021-06-18 09:20:09,B,1062.6,1,7
2021-06-18 09:20:09,B,1062.15,1,3
2021-06-18 09:20:09,B,1061.65,1,3
2021-06-18 09:20:09,S,1063.5,1,29
2021-06-18 09:20:09,S,1063.55,2,6
2021-06-18 09:20:09,S,1064.15,2,7
2021-06-18 09:20:09,S,1064.25,2,23
2021-06-18 09:20:09,S,1064.35,2,4
2021-06-18 09:20:09,B,1062.7,2,32
2021-06-18 09:20:09,B,1062.65,1,7
2021-06-18 09:20:09,B,1062.6,1,7
2021-06-18 09:20:09,B,1062.15,1,3
2021-06-18 09:20:09,B,1061.65,1,3
2021-06-18 09:20:12,S,1064.0,3,35
2021-06-18 09:20:12,S,1064.2,2,23
2021-06-18 09:20:12,S,1064.25,1,1
2021-06-18 09:20:12,S,1064.5,2,4
2021-06-18 09:20:12,S,1064.95,2,6
2021-06-18 09:20:12,B,1062.95,1,25
2021-06-18 09:20:12,B,1062.9,1,6
2021-06-18 09:20:12,B,1062.85,1,6
2021-06-18 09:20:12,B,1062.8,1,7
2021-06-18 09:20:12,B,1062.75,1,6
2021-06-18 09:20:12,S,1064.0,3,35
2021-06-18 09:20:12,S,1064.2,2,23
2021-06-18 09:20:12,S,1064.25,1,1
2021-06-18 09:20:12,S,1064.5,2,4
2021-06-18 09:20:12,S,1064.95,2,6
2021-06-18 09:20:12,B,1062.95,1,25
2021-06-18 09:20:12,B,1062.9,1,6
2021-06-18 09:20:12,B,1062.85,1,6
2021-06-18 09:20:12,B,1062.8,1,7
2021-06-18 09:20:12,B,1062.75,1,6
2021-06-18 09:20:16,S,1064.0,3,35
2021-06-18 09:20:16,S,1064.2,2,23
2021-06-18 09:20:16,S,1065.0,2,12
2021-06-18 09:20:16,S,1065.05,1,3
2021-06-18 09:20:16,S,1065.5,3,6
2021-06-18 09:20:16,B,1062.95,2,31
2021-06-18 09:20:16,B,1062.9,1,6
2021-06-18 09:20:16,B,1062.85,1,6
2021-06-18 09:20:16,B,1062.8,1,7
2021-06-18 09:20:16,B,1062.4,1,5
2021-06-18 09:20:16,S,1064.0,3,35
2021-06-18 09:20:16,S,1064.2,2,23
2021-06-18 09:20:16,S,1065.0,2,12
2021-06-18 09:20:16,S,1065.05,1,3
2021-06-18 09:20:16,S,1065.5,3,6
2021-06-18 09:20:16,B,1062.95,2,31
2021-06-18 09:20:16,B,1062.9,1,6
2021-06-18 09:20:16,B,1062.85,1,6
2021-06-18 09:20:16,B,1062.8,1,7
2021-06-18 09:20:16,B,1062.4,1,5
2021-06-18 09:20:20,S,1064.0,2,30
2021-06-18 09:20:20,S,1064.2,2,23
2021-06-18 09:20:20,S,1065.0,3,13
2021-06-18 09:20:20,S,1065.05,1,3
2021-06-18 09:20:20,S,1065.5,3,6
2021-06-18 09:20:20,B,1062.95,2,31
2021-06-18 09:20:20,B,1062.9,1,6
2021-06-18 09:20:20,B,1062.85,1,6
2021-06-18 09:20:20,B,1062.8,1,7
2021-06-18 09:20:20,B,1062.4,1,5
2021-06-18 09:20:20,S,1064.0,2,30
2021-06-18 09:20:20,S,1064.2,2,23
2021-06-18 09:20:20,S,1065.0,3,13
2021-06-18 09:20:20,S,1065.05,1,3
2021-06-18 09:20:20,S,1065.5,3,6
2021-06-18 09:20:20,B,1062.95,2,31
2021-06-18 09:20:20,B,1062.9,1,6
2021-06-18 09:20:20,B,1062.85,1,6
2021-06-18 09:20:20,B,1062.8,1,7
2021-06-18 09:20:20,B,1062.4,1,5
2021-06-18 09:20:24,S,1063.85,1,29
2021-06-18 09:20:24,S,1063.9,2,6
2021-06-18 09:20:24,S,1064.0,1,1
2021-06-18 09:20:24,S,1064.2,2,23
2021-06-18 09:20:24,S,1065.0,3,13
2021-06-18 09:20:24,B,1062.95,2,31
2021-06-18 09:20:24,B,1062.9,1,6
2021-06-18 09:20:24,B,1062.85,1,6
2021-06-18 09:20:24,B,1062.15,1,3
2021-06-18 09:20:24,B,1061.7,1,7
2021-06-18 09:20:24,S,1063.85,1,29
2021-06-18 09:20:24,S,1063.9,2,6
2021-06-18 09:20:24,S,1064.0,1,1
2021-06-18 09:20:24,S,1064.2,2,23
2021-06-18 09:20:24,S,1065.0,3,13
2021-06-18 09:20:24,B,1062.95,2,31
2021-06-18 09:20:24,B,1062.9,1,6
2021-06-18 09:20:24,B,1062.85,1,6
2021-06-18 09:20:24,B,1062.15,1,3
2021-06-18 09:20:24,B,1061.7,1,7
2021-06-18 09:20:28,S,1063.85,1,29
2021-06-18 09:20:28,S,1063.9,2,6
2021-06-18 09:20:28,S,1064.2,2,23
2021-06-18 09:20:28,S,1064.95,1,11
2021-06-18 09:20:28,S,1065.0,3,13
2021-06-18 09:20:28,B,1062.95,2,31
2021-06-18 09:20:28,B,1062.9,1,6
2021-06-18 09:20:28,B,1062.85,1,6
2021-06-18 09:20:28,B,1062.15,1,3
2021-06-18 09:20:28,B,1061.7,1,7
2021-06-18 09:20:28,S,1063.85,1,29
2021-06-18 09:20:28,S,1063.9,2,6
2021-06-18 09:20:28,S,1064.2,2,23
2021-06-18 09:20:28,S,1064.95,1,11
2021-06-18 09:20:28,S,1065.0,3,13
2021-06-18 09:20:28,B,1062.95,2,31
2021-06-18 09:20:28,B,1062.9,1,6
2021-06-18 09:20:28,B,1062.85,1,6
2021-06-18 09:20:28,B,1062.15,1,3
2021-06-18 09:20:28,B,1061.7,1,7
2021-06-18 09:20:32,S,1063.65,1,29
2021-06-18 09:20:32,S,1063.7,2,6
2021-06-18 09:20:32,S,1064.2,2,23
2021-06-18 09:20:32,S,1064.35,1,3
2021-06-18 09:20:32,S,1064.95,1,11
2021-06-18 09:20:32,B,1062.95,2,31
2021-06-18 09:20:32,B,1062.9,1,6
2021-06-18 09:20:32,B,1062.85,1,6
2021-06-18 09:20:32,B,1062.15,1,3
2021-06-18 09:20:32,B,1062.05,1,5
2021-06-18 09:20:32,S,1063.65,1,29
2021-06-18 09:20:32,S,1063.7,2,6
2021-06-18 09:20:32,S,1064.2,2,23
2021-06-18 09:20:32,S,1064.35,1,3
2021-06-18 09:20:32,S,1064.95,1,11
2021-06-18 09:20:32,B,1062.95,2,31
2021-06-18 09:20:32,B,1062.9,1,6
2021-06-18 09:20:32,B,1062.85,1,6
2021-06-18 09:20:32,B,1062.15,1,3
2021-06-18 09:20:32,B,1062.05,1,5
2021-06-18 09:20:36,S,1063.65,1,29
2021-06-18 09:20:36,S,1063.7,2,6
2021-06-18 09:20:36,S,1064.2,2,23
2021-06-18 09:20:36,S,1064.35,1,3
2021-06-18 09:20:36,S,1064.95,1,11
2021-06-18 09:20:36,B,1062.95,2,31
2021-06-18 09:20:36,B,1062.9,1,6
2021-06-18 09:20:36,B,1062.85,1,6
2021-06-18 09:20:36,B,1062.15,1,3
2021-06-18 09:20:36,B,1062.05,1,5
2021-06-18 09:20:36,S,1063.65,1,29
2021-06-18 09:20:36,S,1063.7,2,6
2021-06-18 09:20:36,S,1064.2,2,23
2021-06-18 09:20:36,S,1064.35,1,3
2021-06-18 09:20:36,S,1064.95,1,11
2021-06-18 09:20:36,B,1062.95,2,31
2021-06-18 09:20:36,B,1062.9,1,6
2021-06-18 09:20:36,B,1062.85,1,6
2021-06-18 09:20:36,B,1062.15,1,3
2021-06-18 09:20:36,B,1062.05,1,5
2021-06-18 09:20:40,S,1063.8,1,28
2021-06-18 09:20:40,S,1063.85,2,6
2021-06-18 09:20:40,S,1064.1,2,8
2021-06-18 09:20:40,S,1064.2,2,23
2021-06-18 09:20:40,S,1065.0,3,13
2021-06-18 09:20:40,B,1063.0,2,35
2021-06-18 09:20:40,B,1062.95,1,6
2021-06-18 09:20:40,B,1062.9,1,6
2021-06-18 09:20:40,B,1062.15,1,3
2021-06-18 09:20:40,B,1061.7,1,7
2021-06-18 09:20:40,S,1063.8,1,28
2021-06-18 09:20:40,S,1063.85,2,6
2021-06-18 09:20:40,S,1064.1,2,8
2021-06-18 09:20:40,S,1064.2,2,23
2021-06-18 09:20:40,S,1065.0,3,13
2021-06-18 09:20:40,B,1063.0,2,35
2021-06-18 09:20:40,B,1062.95,1,6
2021-06-18 09:20:40,B,1062.9,1,6
2021-06-18 09:20:40,B,1062.15,1,3
2021-06-18 09:20:40,B,1061.7,1,7
2021-06-18 09:20:40,S,1063.8,1,28
2021-06-18 09:20:40,S,1063.85,2,6
2021-06-18 09:20:40,S,1064.1,2,8
2021-06-18 09:20:40,S,1064.2,2,23
2021-06-18 09:20:40,S,1065.0,3,13
2021-06-18 09:20:40,B,1063.0,2,35
2021-06-18 09:20:40,B,1062.95,1,6
2021-06-18 09:20:40,B,1062.9,1,6
2021-06-18 09:20:40,B,1062.15,1,3
2021-06-18 09:20:40,B,1061.7,1,7
2021-06-18 09:20:40,S,1063.8,1,28
2021-06-18 09:20:40,S,1063.85,2,6
2021-06-18 09:20:40,S,1064.1,2,8
2021-06-18 09:20:40,S,1064.2,2,23
2021-06-18 09:20:40,S,1065.0,3,13
2021-06-18 09:20:40,B,1063.0,2,35
2021-06-18 09:20:40,B,1062.95,1,6
2021-06-18 09:20:40,B,1062.9,1,6
2021-06-18 09:20:40,B,1062.15,1,3
2021-06-18 09:20:40,B,1061.7,1,7
2021-06-18 09:20:43,S,1063.6,1,29
2021-06-18 09:20:43,S,1063.65,2,6
2021-06-18 09:20:43,S,1064.2,2,23
2021-06-18 09:20:43,S,1064.3,1,3
2021-06-18 09:20:43,S,1064.9,1,13
2021-06-18 09:20:43,B,1062.8,1,6
2021-06-18 09:20:43,B,1062.75,1,8
2021-06-18 09:20:43,B,1061.4,1,3
2021-06-18 09:20:43,B,1061.25,1,3
2021-06-18 09:20:43,B,1061.2,2,15
2021-06-18 09:20:43,S,1063.6,1,29
2021-06-18 09:20:43,S,1063.65,2,6
2021-06-18 09:20:43,S,1064.2,2,23
2021-06-18 09:20:43,S,1064.3,1,3
2021-06-18 09:20:43,S,1064.9,1,13
2021-06-18 09:20:43,B,1062.8,1,6
2021-06-18 09:20:43,B,1062.75,1,8
2021-06-18 09:20:43,B,1061.4,1,3
2021-06-18 09:20:43,B,1061.25,1,3
2021-06-18 09:20:43,B,1061.2,2,15
2021-06-18 09:20:46,S,1063.6,1,29
2021-06-18 09:20:46,S,1063.65,2,6
2021-06-18 09:20:46,S,1064.2,2,23
2021-06-18 09:20:46,S,1064.3,1,3
2021-06-18 09:20:46,S,1064.9,1,13
2021-06-18 09:20:46,B,1062.8,1,6
2021-06-18 09:20:46,B,1062.75,1,8
2021-06-18 09:20:46,B,1061.4,1,3
2021-06-18 09:20:46,B,1061.25,1,3
2021-06-18 09:20:46,B,1061.2,2,15
2021-06-18 09:20:46,S,1063.6,1,29
2021-06-18 09:20:46,S,1063.65,2,6
2021-06-18 09:20:46,S,1064.2,2,23
2021-06-18 09:20:46,S,1064.3,1,3
2021-06-18 09:20:46,S,1064.9,1,13
2021-06-18 09:20:46,B,1062.8,1,6
2021-06-18 09:20:46,B,1062.75,1,8
2021-06-18 09:20:46,B,1061.4,1,3
2021-06-18 09:20:46,B,1061.25,1,3
2021-06-18 09:20:46,B,1061.2,2,15
2021-06-18 09:20:51,S,1062.3,1,29
2021-06-18 09:20:51,S,1062.35,2,20
2021-06-18 09:20:51,S,1063.1,2,2
2021-06-18 09:20:51,S,1063.15,3,12
2021-06-18 09:20:51,S,1063.2,2,14
2021-06-18 09:20:51,B,1060.55,1,5
2021-06-18 09:20:51,B,1060.2,1,3
2021-06-18 09:20:51,B,1060.05,1,13
2021-06-18 09:20:51,B,1060.0,1,15
2021-06-18 09:20:51,B,1059.7,3,12
2021-06-18 09:20:51,S,1062.3,1,29
2021-06-18 09:20:51,S,1062.35,2,20
2021-06-18 09:20:51,S,1063.1,2,2
2021-06-18 09:20:51,S,1063.15,3,12
2021-06-18 09:20:51,S,1063.2,2,14
2021-06-18 09:20:51,B,1060.55,1,5
2021-06-18 09:20:51,B,1060.2,1,3
2021-06-18 09:20:51,B,1060.05,1,13
2021-06-18 09:20:51,B,1060.0,1,15
2021-06-18 09:20:51,B,1059.7,3,12
2021-06-18 09:20:53,S,1062.3,1,29
2021-06-18 09:20:53,S,1062.35,2,20
2021-06-18 09:20:53,S,1063.1,2,2
2021-06-18 09:20:53,S,1063.15,3,12
2021-06-18 09:20:53,S,1063.2,2,14
2021-06-18 09:20:53,B,1060.55,1,5
2021-06-18 09:20:53,B,1060.2,1,3
2021-06-18 09:20:53,B,1060.05,1,13
2021-06-18 09:20:53,B,1060.0,1,15
2021-06-18 09:20:53,B,1059.7,3,12
2021-06-18 09:20:53,S,1062.3,1,29
2021-06-18 09:20:53,S,1062.35,2,20
2021-06-18 09:20:53,S,1063.1,2,2
2021-06-18 09:20:53,S,1063.15,3,12
2021-06-18 09:20:53,S,1063.2,2,14
2021-06-18 09:20:53,B,1060.55,1,5
2021-06-18 09:20:53,B,1060.2,1,3
2021-06-18 09:20:53,B,1060.05,1,13
2021-06-18 09:20:53,B,1060.0,1,15
2021-06-18 09:20:53,B,1059.7,3,12
2021-06-18 09:20:55,S,1063.8,1,29
2021-06-18 09:20:55,S,1063.85,2,25
2021-06-18 09:20:55,S,1064.25,4,13
2021-06-18 09:20:55,S,1064.3,2,4
2021-06-18 09:20:55,S,1064.75,1,2
2021-06-18 09:20:55,B,1061.4,2,29
2021-06-18 09:20:55,B,1061.05,1,13
2021-06-18 09:20:55,B,1061.0,1,50
2021-06-18 09:20:55,B,1060.75,1,3
2021-06-18 09:20:55,B,1060.55,1,5
2021-06-18 09:20:55,S,1063.8,1,29
2021-06-18 09:20:55,S,1063.85,2,25
2021-06-18 09:20:55,S,1064.25,4,13
2021-06-18 09:20:55,S,1064.3,2,4
2021-06-18 09:20:55,S,1064.75,1,2
2021-06-18 09:20:55,B,1061.4,2,29
2021-06-18 09:20:55,B,1061.05,1,13
2021-06-18 09:20:55,B,1061.0,1,50
2021-06-18 09:20:55,B,1060.75,1,3
2021-06-18 09:20:55,B,1060.55,1,5
2021-06-18 09:20:59,S,1061.95,1,29
2021-06-18 09:20:59,S,1062.0,1,50
2021-06-18 09:20:59,S,1063.65,1,22
2021-06-18 09:20:59,S,1063.75,1,1
2021-06-18 09:20:59,S,1063.8,1,1
2021-06-18 09:20:59,B,1061.5,1,2
2021-06-18 09:20:59,B,1061.4,1,5
2021-06-18 09:20:59,B,1061.35,1,2
2021-06-18 09:20:59,B,1061.3,1,2
2021-06-18 09:20:59,B,1061.25,1,2
2021-06-18 09:20:59,S,1061.95,1,29
2021-06-18 09:20:59,S,1062.0,1,50
2021-06-18 09:20:59,S,1063.65,1,22
2021-06-18 09:20:59,S,1063.75,1,1
2021-06-18 09:20:59,S,1063.8,1,1
2021-06-18 09:20:59,B,1061.5,1,2
2021-06-18 09:20:59,B,1061.4,1,5
2021-06-18 09:20:59,B,1061.35,1,2
2021-06-18 09:20:59,B,1061.3,1,2
2021-06-18 09:20:59,B,1061.25,1,2
2021-06-18 09:21:00,S,1061.95,1,29
2021-06-18 09:21:00,S,1062.0,1,50
2021-06-18 09:21:00,S,1063.65,1,22
2021-06-18 09:21:00,S,1063.75,1,1
2021-06-18 09:21:00,S,1063.8,1,1
2021-06-18 09:21:00,B,1061.5,1,2
2021-06-18 09:21:00,B,1061.4,1,5
2021-06-18 09:21:00,B,1061.35,1,2
2021-06-18 09:21:00,B,1061.3,1,2
2021-06-18 09:21:00,B,1061.25,1,2
2021-06-18 09:21:00,S,1061.95,1,29
2021-06-18 09:21:00,S,1062.0,1,50
2021-06-18 09:21:00,S,1063.65,1,22
2021-06-18 09:21:00,S,1063.75,1,1
2021-06-18 09:21:00,S,1063.8,1,1
2021-06-18 09:21:00,B,1061.5,1,2
2021-06-18 09:21:00,B,1061.4,1,5
2021-06-18 09:21:00,B,1061.35,1,2
2021-06-18 09:21:00,B,1061.3,1,2
2021-06-18 09:21:00,B,1061.25,1,2
2021-06-18 09:21:06,S,1061.95,1,29
2021-06-18 09:21:06,S,1062.0,2,51
2021-06-18 09:21:06,S,1062.95,2,4
2021-06-18 09:21:06,S,1063.35,1,3
2021-06-18 09:21:06,S,1063.6,2,2
2021-06-18 09:21:06,B,1061.05,1,23
2021-06-18 09:21:06,B,1061.0,1,50
2021-06-18 09:21:06,B,1060.55,1,5
2021-06-18 09:21:06,B,1060.2,2,4
2021-06-18 09:21:06,B,1060.15,1,3
2021-06-18 09:21:06,S,1061.95,1,29
2021-06-18 09:21:06,S,1062.0,2,51
2021-06-18 09:21:06,S,1062.95,2,4
2021-06-18 09:21:06,S,1063.35,1,3
2021-06-18 09:21:06,S,1063.6,2,2
2021-06-18 09:21:06,B,1061.05,1,23
2021-06-18 09:21:06,B,1061.0,1,50
2021-06-18 09:21:06,B,1060.55,1,5
2021-06-18 09:21:06,B,1060.2,2,4
2021-06-18 09:21:06,B,1060.15,1,3
2021-06-18 09:21:07,S,1061.95,1,29
2021-06-18 09:21:07,S,1062.0,2,51
2021-06-18 09:21:07,S,1062.95,2,4
2021-06-18 09:21:07,S,1063.35,1,3
2021-06-18 09:21:07,S,1063.6,2,2
2021-06-18 09:21:07,B,1061.05,1,23
2021-06-18 09:21:07,B,1061.0,1,50
2021-06-18 09:21:07,B,1060.55,1,5
2021-06-18 09:21:07,B,1060.2,2,4
2021-06-18 09:21:07,B,1060.15,1,3
2021-06-18 09:21:07,S,1061.95,1,29
2021-06-18 09:21:07,S,1062.0,2,51
2021-06-18 09:21:07,S,1062.95,2,4
2021-06-18 09:21:07,S,1063.35,1,3
2021-06-18 09:21:07,S,1063.6,2,2
2021-06-18 09:21:07,B,1061.05,1,23
2021-06-18 09:21:07,B,1061.0,1,50
2021-06-18 09:21:07,B,1060.55,1,5
2021-06-18 09:21:07,B,1060.2,2,4
2021-06-18 09:21:07,B,1060.15,1,3
2021-06-18 09:21:10,S,1061.95,1,29
2021-06-18 09:21:10,S,1062.0,2,51
2021-06-18 09:21:10,S,1062.95,2,4
2021-06-18 09:21:10,S,1063.35,1,3
2021-06-18 09:21:10,S,1063.65,2,23
2021-06-18 09:21:10,B,1061.15,1,26
2021-06-18 09:21:10,B,1061.1,1,13
2021-06-18 09:21:10,B,1061.0,1,50
2021-06-18 09:21:10,B,1060.55,1,5
2021-06-18 09:21:10,B,1060.2,2,4
2021-06-18 09:21:10,S,1061.95,1,29
2021-06-18 09:21:10,S,1062.0,2,51
2021-06-18 09:21:10,S,1062.95,2,4
2021-06-18 09:21:10,S,1063.35,1,3
2021-06-18 09:21:10,S,1063.65,2,23
2021-06-18 09:21:10,B,1061.15,1,26
2021-06-18 09:21:10,B,1061.1,1,13
2021-06-18 09:21:10,B,1061.0,1,50
2021-06-18 09:21:10,B,1060.55,1,5
2021-06-18 09:21:10,B,1060.2,2,4
2021-06-18 09:21:10,S,1061.95,1,29
2021-06-18 09:21:10,S,1062.0,2,51
2021-06-18 09:21:10,S,1062.95,2,4
2021-06-18 09:21:10,S,1063.35,1,3
2021-06-18 09:21:10,S,1063.65,2,23
2021-06-18 09:21:10,B,1061.15,1,26
2021-06-18 09:21:10,B,1061.1,1,13
2021-06-18 09:21:10,B,1061.0,1,50
2021-06-18 09:21:10,B,1060.55,1,5
2021-06-18 09:21:10,B,1060.2,2,4
2021-06-18 09:21:10,S,1061.95,1,29
2021-06-18 09:21:10,S,1062.0,2,51
2021-06-18 09:21:10,S,1062.95,2,4
2021-06-18 09:21:10,S,1063.35,1,3
2021-06-18 09:21:10,S,1063.65,2,23
2021-06-18 09:21:10,B,1061.15,1,26
2021-06-18 09:21:10,B,1061.1,1,13
2021-06-18 09:21:10,B,1061.0,1,50
2021-06-18 09:21:10,B,1060.55,1,5
2021-06-18 09:21:10,B,1060.2,2,4
2021-06-18 09:21:14,S,1061.95,1,29
2021-06-18 09:21:14,S,1062.0,2,51
2021-06-18 09:21:14,S,1062.95,2,4
2021-06-18 09:21:14,S,1063.35,1,3
2021-06-18 09:21:14,S,1063.6,3,3
2021-06-18 09:21:14,B,1061.05,1,24
2021-06-18 09:21:14,B,1061.0,1,50
2021-06-18 09:21:14,B,1060.55,1,5
2021-06-18 09:21:14,B,1060.2,2,4
2021-06-18 09:21:14,B,1060.15,1,3
2021-06-18 09:21:14,S,1061.95,1,29
2021-06-18 09:21:14,S,1062.0,2,51
2021-06-18 09:21:14,S,1062.95,2,4
2021-06-18 09:21:14,S,1063.35,1,3
2021-06-18 09:21:14,S,1063.6,3,3
2021-06-18 09:21:14,B,1061.05,1,24
2021-06-18 09:21:14,B,1061.0,1,50
2021-06-18 09:21:14,B,1060.55,1,5
2021-06-18 09:21:14,B,1060.2,2,4
2021-06-18 09:21:14,B,1060.15,1,3
2021-06-18 09:21:18,S,1061.95,1,29
2021-06-18 09:21:18,S,1062.0,2,51
2021-06-18 09:21:18,S,1062.95,2,4
2021-06-18 09:21:18,S,1063.35,1,3
2021-06-18 09:21:18,S,1063.6,3,3
2021-06-18 09:21:18,B,1061.05,1,24
2021-06-18 09:21:18,B,1061.0,1,50
2021-06-18 09:21:18,B,1060.55,1,5
2021-06-18 09:21:18,B,1060.2,2,4
2021-06-18 09:21:18,B,1060.15,1,3
2021-06-18 09:21:18,S,1061.95,1,29
2021-06-18 09:21:18,S,1062.0,2,51
2021-06-18 09:21:18,S,1062.95,2,4
2021-06-18 09:21:18,S,1063.35,1,3
2021-06-18 09:21:18,S,1063.6,3,3
2021-06-18 09:21:18,B,1061.05,1,24
2021-06-18 09:21:18,B,1061.0,1,50
2021-06-18 09:21:18,B,1060.55,1,5
2021-06-18 09:21:18,B,1060.2,2,4
2021-06-18 09:21:18,B,1060.15,1,3
2021-06-18 09:21:25,S,1061.95,1,29
2021-06-18 09:21:25,S,1062.0,2,51
2021-06-18 09:21:25,S,1062.95,2,4
2021-06-18 09:21:25,S,1063.3,1,7
2021-06-18 09:21:25,S,1063.35,1,3
2021-06-18 09:21:25,B,1061.15,1,24
2021-06-18 09:21:25,B,1061.1,1,13
2021-06-18 09:21:25,B,1061.0,1,50
2021-06-18 09:21:25,B,1060.55,1,5
2021-06-18 09:21:25,B,1060.2,2,4
2021-06-18 09:21:25,S,1061.95,1,29
2021-06-18 09:21:25,S,1062.0,2,51
2021-06-18 09:21:25,S,1062.95,2,4
2021-06-18 09:21:25,S,1063.3,1,7
2021-06-18 09:21:25,S,1063.35,1,3
2021-06-18 09:21:25,B,1061.15,1,24
2021-06-18 09:21:25,B,1061.1,1,13
2021-06-18 09:21:25,B,1061.0,1,50
2021-06-18 09:21:25,B,1060.55,1,5
2021-06-18 09:21:25,B,1060.2,2,4
2021-06-18 09:21:28,S,1061.95,1,29
2021-06-18 09:21:28,S,1062.0,2,51
2021-06-18 09:21:28,S,1062.95,2,4
2021-06-18 09:21:28,S,1063.3,1,7
2021-06-18 09:21:28,S,1063.35,1,3
2021-06-18 09:21:28,B,1061.15,1,24
2021-06-18 09:21:28,B,1061.1,1,13
2021-06-18 09:21:28,B,1061.0,1,50
2021-06-18 09:21:28,B,1060.55,1,5
2021-06-18 09:21:28,B,1060.2,2,4
2021-06-18 09:21:28,S,1061.95,1,29
2021-06-18 09:21:28,S,1062.0,2,51
2021-06-18 09:21:28,S,1062.95,2,4
2021-06-18 09:21:28,S,1063.3,1,7
2021-06-18 09:21:28,S,1063.35,1,3
2021-06-18 09:21:28,B,1061.15,1,24
2021-06-18 09:21:28,B,1061.1,1,13
2021-06-18 09:21:28,B,1061.0,1,50
2021-06-18 09:21:28,B,1060.55,1,5
2021-06-18 09:21:28,B,1060.2,2,4
2021-06-18 09:21:29,S,1061.1,2,30
2021-06-18 09:21:29,S,1061.15,2,51
2021-06-18 09:21:29,S,1061.95,1,1
2021-06-18 09:21:29,S,1062.0,2,51
2021-06-18 09:21:29,S,1062.15,1,3
2021-06-18 09:21:29,B,1060.55,1,5
2021-06-18 09:21:29,B,1060.25,1,24
2021-06-18 09:21:29,B,1060.2,1,1
2021-06-18 09:21:29,B,1060.05,1,13
2021-06-18 09:21:29,B,1060.0,2,21
2021-06-18 09:21:29,S,1061.1,2,30
2021-06-18 09:21:29,S,1061.15,2,51
2021-06-18 09:21:29,S,1061.95,1,1
2021-06-18 09:21:29,S,1062.0,2,51
2021-06-18 09:21:29,S,1062.15,1,3
2021-06-18 09:21:29,B,1060.55,1,5
2021-06-18 09:21:29,B,1060.25,1,24
2021-06-18 09:21:29,B,1060.2,1,1
2021-06-18 09:21:29,B,1060.05,1,13
2021-06-18 09:21:29,B,1060.0,2,21
2021-06-18 09:21:33,S,1061.1,1,29
2021-06-18 09:21:33,S,1061.15,2,51
2021-06-18 09:21:33,S,1062.0,2,51
2021-06-18 09:21:33,S,1062.15,1,3
2021-06-18 09:21:33,S,1062.55,1,3
2021-06-18 09:21:33,B,1060.55,1,5
2021-06-18 09:21:33,B,1060.35,1,24
2021-06-18 09:21:33,B,1060.3,1,13
2021-06-18 09:21:33,B,1060.2,1,1
2021-06-18 09:21:33,B,1060.0,2,20
2021-06-18 09:21:33,S,1061.1,1,29
2021-06-18 09:21:33,S,1061.15,2,51
2021-06-18 09:21:33,S,1062.0,2,51
2021-06-18 09:21:33,S,1062.15,1,3
2021-06-18 09:21:33,S,1062.55,1,3
2021-06-18 09:21:33,B,1060.55,1,5
2021-06-18 09:21:33,B,1060.35,1,24
2021-06-18 09:21:33,B,1060.3,1,13
2021-06-18 09:21:33,B,1060.2,1,1
2021-06-18 09:21:33,B,1060.0,2,20
2021-06-18 09:21:37,S,1060.95,1,29
2021-06-18 09:21:37,S,1061.0,2,8
2021-06-18 09:21:37,S,1061.15,2,51
2021-06-18 09:21:37,S,1062.0,2,51
2021-06-18 09:21:37,S,1062.15,1,3
2021-06-18 09:21:37,B,1060.0,1,15
2021-06-18 09:21:37,B,1059.15,3,25
2021-06-18 09:21:37,B,1059.1,2,25
2021-06-18 09:21:37,B,1059.05,1,3
2021-06-18 09:21:37,B,1059.0,1,600
2021-06-18 09:21:37,S,1060.95,1,29
2021-06-18 09:21:37,S,1061.0,2,8
2021-06-18 09:21:37,S,1061.15,2,51
2021-06-18 09:21:37,S,1062.0,2,51
2021-06-18 09:21:37,S,1062.15,1,3
2021-06-18 09:21:37,B,1060.0,1,15
2021-06-18 09:21:37,B,1059.15,3,25
2021-06-18 09:21:37,B,1059.1,2,25
2021-06-18 09:21:37,B,1059.05,1,3
2021-06-18 09:21:37,B,1059.0,1,600
2021-06-18 09:21:41,S,1060.95,1,29
2021-06-18 09:21:41,S,1061.0,1,7
2021-06-18 09:21:41,S,1061.15,1,50
2021-06-18 09:21:41,S,1061.6,1,3
2021-06-18 09:21:41,S,1062.0,2,51
2021-06-18 09:21:41,B,1060.0,1,15
2021-06-18 09:21:41,B,1059.6,1,19
2021-06-18 09:21:41,B,1059.55,1,1
2021-06-18 09:21:41,B,1059.5,2,6
2021-06-18 09:21:41,B,1059.15,2,12
2021-06-18 09:21:41,S,1060.95,1,29
2021-06-18 09:21:41,S,1061.0,1,7
2021-06-18 09:21:41,S,1061.15,1,50
2021-06-18 09:21:41,S,1061.6,1,3
2021-06-18 09:21:41,S,1062.0,2,51
2021-06-18 09:21:41,B,1060.0,1,15
2021-06-18 09:21:41,B,1059.6,1,19
2021-06-18 09:21:41,B,1059.55,1,1
2021-06-18 09:21:41,B,1059.5,2,6
2021-06-18 09:21:41,B,1059.15,2,12
2021-06-18 09:21:45,S,1060.95,1,29
2021-06-18 09:21:45,S,1061.0,2,8
2021-06-18 09:21:45,S,1061.15,1,50
2021-06-18 09:21:45,S,1061.6,1,3
2021-06-18 09:21:45,S,1062.0,2,51
2021-06-18 09:21:45,B,1060.0,1,15
2021-06-18 09:21:45,B,1059.65,1,19
2021-06-18 09:21:45,B,1059.5,2,6
2021-06-18 09:21:45,B,1059.15,2,12
2021-06-18 09:21:45,B,1059.1,2,16
2021-06-18 09:21:45,S,1060.95,1,29
2021-06-18 09:21:45,S,1061.0,2,8
2021-06-18 09:21:45,S,1061.15,1,50
2021-06-18 09:21:45,S,1061.6,1,3
2021-06-18 09:21:45,S,1062.0,2,51
2021-06-18 09:21:45,B,1060.0,1,15
2021-06-18 09:21:45,B,1059.65,1,19
2021-06-18 09:21:45,B,1059.5,2,6
2021-06-18 09:21:45,B,1059.15,2,12
2021-06-18 09:21:45,B,1059.1,2,16
2021-06-18 09:21:49,S,1060.2,1,10
2021-06-18 09:21:49,S,1060.95,2,30
2021-06-18 09:21:49,S,1061.0,1,7
2021-06-18 09:21:49,S,1061.15,1,50
2021-06-18 09:21:49,S,1061.6,1,3
2021-06-18 09:21:49,B,1060.0,1,15
2021-06-18 09:21:49,B,1059.65,1,19
2021-06-18 09:21:49,B,1059.1,1,3
2021-06-18 09:21:49,B,1059.05,2,16
2021-06-18 09:21:49,B,1059.0,1,600
2021-06-18 09:21:49,S,1060.2,1,10
2021-06-18 09:21:49,S,1060.95,2,30
2021-06-18 09:21:49,S,1061.0,1,7
2021-06-18 09:21:49,S,1061.15,1,50
2021-06-18 09:21:49,S,1061.6,1,3
2021-06-18 09:21:49,B,1060.0,1,15
2021-06-18 09:21:49,B,1059.65,1,19
2021-06-18 09:21:49,B,1059.1,1,3
2021-06-18 09:21:49,B,1059.05,2,16
2021-06-18 09:21:49,B,1059.0,1,600
2021-06-18 09:21:53,S,1060.2,1,10
2021-06-18 09:21:53,S,1060.95,2,30
2021-06-18 09:21:53,S,1061.0,2,8
2021-06-18 09:21:53,S,1061.1,1,3
2021-06-18 09:21:53,S,1061.15,1,50
2021-06-18 09:21:53,B,1060.0,1,15
2021-06-18 09:21:53,B,1059.65,1,19
2021-06-18 09:21:53,B,1059.1,1,3
2021-06-18 09:21:53,B,1059.05,3,21
2021-06-18 09:21:53,B,1059.0,1,600
2021-06-18 09:21:53,S,1060.2,1,10
2021-06-18 09:21:53,S,1060.95,2,30
2021-06-18 09:21:53,S,1061.0,2,8
2021-06-18 09:21:53,S,1061.1,1,3
2021-06-18 09:21:53,S,1061.15,1,50
2021-06-18 09:21:53,B,1060.0,1,15
2021-06-18 09:21:53,B,1059.65,1,19
2021-06-18 09:21:53,B,1059.1,1,3
2021-06-18 09:21:53,B,1059.05,3,21
2021-06-18 09:21:53,B,1059.0,1,600
2021-06-18 09:21:54,S,1060.2,1,10
2021-06-18 09:21:54,S,1060.95,2,30
2021-06-18 09:21:54,S,1061.0,2,8
2021-06-18 09:21:54,S,1061.1,1,3
2021-06-18 09:21:54,S,1061.15,1,50
2021-06-18 09:21:54,B,1060.0,1,15
2021-06-18 09:21:54,B,1059.65,1,19
2021-06-18 09:21:54,B,1059.1,1,3
2021-06-18 09:21:54,B,1059.05,3,21
2021-06-18 09:21:54,B,1059.0,1,600
2021-06-18 09:21:54,S,1060.2,1,10
2021-06-18 09:21:54,S,1060.95,2,30
2021-06-18 09:21:54,S,1061.0,2,8
2021-06-18 09:21:54,S,1061.1,1,3
2021-06-18 09:21:54,S,1061.15,1,50
2021-06-18 09:21:54,B,1060.0,1,15
2021-06-18 09:21:54,B,1059.65,1,19
2021-06-18 09:21:54,B,1059.1,1,3
2021-06-18 09:21:54,B,1059.05,3,21
2021-06-18 09:21:54,B,1059.0,1,600
2021-06-18 09:22:00,S,1060.2,1,10
2021-06-18 09:22:00,S,1060.95,2,30
2021-06-18 09:22:00,S,1061.0,2,8
2021-06-18 09:22:00,S,1061.1,1,3
2021-06-18 09:22:00,S,1061.15,1,50
2021-06-18 09:22:00,B,1060.0,1,15
2021-06-18 09:22:00,B,1059.65,1,19
2021-06-18 09:22:00,B,1059.1,1,3
2021-06-18 09:22:00,B,1059.05,3,21
2021-06-18 09:22:00,B,1059.0,1,600
2021-06-18 09:22:00,S,1060.2,1,10
2021-06-18 09:22:00,S,1060.95,2,30
2021-06-18 09:22:00,S,1061.0,2,8
2021-06-18 09:22:00,S,1061.1,1,3
2021-06-18 09:22:00,S,1061.15,1,50
2021-06-18 09:22:00,B,1060.0,1,15
2021-06-18 09:22:00,B,1059.65,1,19
2021-06-18 09:22:00,B,1059.1,1,3
2021-06-18 09:22:00,B,1059.05,3,21
2021-06-18 09:22:00,B,1059.0,1,600
2021-06-18 09:22:01,S,1060.95,1,29
2021-06-18 09:22:01,S,1061.0,2,8
2021-06-18 09:22:01,S,1061.15,2,51
2021-06-18 09:22:01,S,1061.8,1,4
2021-06-18 09:22:01,S,1061.95,1,2
2021-06-18 09:22:01,B,1060.05,1,15
2021-06-18 09:22:01,B,1060.0,1,15
2021-06-18 09:22:01,B,1059.7,1,20
2021-06-18 09:22:01,B,1059.45,1,5
2021-06-18 09:22:01,B,1059.1,1,3
2021-06-18 09:22:01,S,1060.95,1,29
2021-06-18 09:22:01,S,1061.0,2,8
2021-06-18 09:22:01,S,1061.15,2,51
2021-06-18 09:22:01,S,1061.8,1,4
2021-06-18 09:22:01,S,1061.95,1,2
2021-06-18 09:22:01,B,1060.05,1,15
2021-06-18 09:22:01,B,1060.0,1,15
2021-06-18 09:22:01,B,1059.7,1,20
2021-06-18 09:22:01,B,1059.45,1,5
2021-06-18 09:22:01,B,1059.1,1,3
2021-06-18 09:22:03,S,1060.95,1,29
2021-06-18 09:22:03,S,1061.0,2,8
2021-06-18 09:22:03,S,1061.15,2,51
2021-06-18 09:22:03,S,1061.8,1,4
2021-06-18 09:22:03,S,1061.95,1,2
2021-06-18 09:22:03,B,1060.05,1,15
2021-06-18 09:22:03,B,1060.0,1,15
2021-06-18 09:22:03,B,1059.7,1,20
2021-06-18 09:22:03,B,1059.45,1,5
2021-06-18 09:22:03,B,1059.1,1,3
2021-06-18 09:22:03,S,1060.95,1,29
2021-06-18 09:22:03,S,1061.0,2,8
2021-06-18 09:22:03,S,1061.15,2,51
2021-06-18 09:22:03,S,1061.8,1,4
2021-06-18 09:22:03,S,1061.95,1,2
2021-06-18 09:22:03,B,1060.05,1,15
2021-06-18 09:22:03,B,1060.0,1,15
2021-06-18 09:22:03,B,1059.7,1,20
2021-06-18 09:22:03,B,1059.45,1,5
2021-06-18 09:22:03,B,1059.1,1,3
2021-06-18 09:22:04,S,1060.95,1,29
2021-06-18 09:22:04,S,1061.0,2,8
2021-06-18 09:22:04,S,1061.15,2,51
2021-06-18 09:22:04,S,1061.3,1,5
2021-06-18 09:22:04,S,1061.35,1,3
2021-06-18 09:22:04,B,1060.0,1,10
2021-06-18 09:22:04,B,1059.7,1,20
2021-06-18 09:22:04,B,1059.1,1,3
2021-06-18 09:22:04,B,1059.05,2,16
2021-06-18 09:22:04,B,1059.0,1,600
2021-06-18 09:22:04,S,1060.95,1,29
2021-06-18 09:22:04,S,1061.0,2,8
2021-06-18 09:22:04,S,1061.15,2,51
2021-06-18 09:22:04,S,1061.3,1,5
2021-06-18 09:22:04,S,1061.35,1,3
2021-06-18 09:22:04,B,1060.0,1,10
2021-06-18 09:22:04,B,1059.7,1,20
2021-06-18 09:22:04,B,1059.1,1,3
2021-06-18 09:22:04,B,1059.05,2,16
2021-06-18 09:22:04,B,1059.0,1,600
2021-06-18 09:22:06,S,1060.95,1,29
2021-06-18 09:22:06,S,1061.0,2,8
2021-06-18 09:22:06,S,1061.15,2,51
2021-06-18 09:22:06,S,1061.3,1,5
2021-06-18 09:22:06,S,1061.35,1,3
2021-06-18 09:22:06,B,1060.0,1,10
2021-06-18 09:22:06,B,1059.7,1,20
2021-06-18 09:22:06,B,1059.1,1,3
2021-06-18 09:22:06,B,1059.05,2,16
2021-06-18 09:22:06,B,1059.0,1,600
2021-06-18 09:22:06,S,1060.95,1,29
2021-06-18 09:22:06,S,1061.0,2,8
2021-06-18 09:22:06,S,1061.15,2,51
2021-06-18 09:22:06,S,1061.3,1,5
2021-06-18 09:22:06,S,1061.35,1,3
2021-06-18 09:22:06,B,1060.0,1,10
2021-06-18 09:22:06,B,1059.7,1,20
2021-06-18 09:22:06,B,1059.1,1,3
2021-06-18 09:22:06,B,1059.05,2,16
2021-06-18 09:22:06,B,1059.0,1,600
2021-06-18 09:22:09,S,1061.0,1,7
2021-06-18 09:22:09,S,1061.55,1,29
2021-06-18 09:22:09,S,1061.6,1,7
2021-06-18 09:22:09,S,1061.7,2,8
2021-06-18 09:22:09,S,1061.75,1,1
2021-06-18 09:22:09,B,1060.0,2,45
2021-06-18 09:22:09,B,1059.65,2,4
2021-06-18 09:22:09,B,1059.5,2,41
2021-06-18 09:22:09,B,1059.3,1,3
2021-06-18 09:22:09,B,1059.15,2,8
2021-06-18 09:22:09,S,1061.0,1,7
2021-06-18 09:22:09,S,1061.55,1,29
2021-06-18 09:22:09,S,1061.6,1,7
2021-06-18 09:22:09,S,1061.7,2,8
2021-06-18 09:22:09,S,1061.75,1,1
2021-06-18 09:22:09,B,1060.0,2,45
2021-06-18 09:22:09,B,1059.65,2,4
2021-06-18 09:22:09,B,1059.5,2,41
2021-06-18 09:22:09,B,1059.3,1,3
2021-06-18 09:22:09,B,1059.15,2,8
2021-06-18 09:22:12,S,1061.0,1,7
2021-06-18 09:22:12,S,1061.55,2,30
2021-06-18 09:22:12,S,1061.6,2,8
2021-06-18 09:22:12,S,1061.7,2,8
2021-06-18 09:22:12,S,1061.75,1,1
2021-06-18 09:22:12,B,1060.0,1,40
2021-06-18 09:22:12,B,1059.65,2,4
2021-06-18 09:22:12,B,1059.5,3,42
2021-06-18 09:22:12,B,1059.3,1,3
2021-06-18 09:22:12,B,1059.15,2,8
2021-06-18 09:22:12,S,1061.0,1,7
2021-06-18 09:22:12,S,1061.55,2,30
2021-06-18 09:22:12,S,1061.6,2,8
2021-06-18 09:22:12,S,1061.7,2,8
2021-06-18 09:22:12,S,1061.75,1,1
2021-06-18 09:22:12,B,1060.0,1,40
2021-06-18 09:22:12,B,1059.65,2,4
2021-06-18 09:22:12,B,1059.5,3,42
2021-06-18 09:22:12,B,1059.3,1,3
2021-06-18 09:22:12,B,1059.15,2,8
2021-06-18 09:22:16,S,1061.0,1,7
2021-06-18 09:22:16,S,1061.55,2,30
2021-06-18 09:22:16,S,1061.6,2,8
2021-06-18 09:22:16,S,1061.7,2,8
2021-06-18 09:22:16,S,1061.75,1,1
2021-06-18 09:22:16,B,1060.0,1,40
2021-06-18 09:22:16,B,1059.65,2,4
2021-06-18 09:22:16,B,1059.5,3,42
2021-06-18 09:22:16,B,1059.3,1,3
2021-06-18 09:22:16,B,1059.15,2,8
2021-06-18 09:22:16,S,1061.0,1,7
2021-06-18 09:22:16,S,1061.55,2,30
2021-06-18 09:22:16,S,1061.6,2,8
2021-06-18 09:22:16,S,1061.7,2,8
2021-06-18 09:22:16,S,1061.75,1,1
2021-06-18 09:22:16,B,1060.0,1,40
2021-06-18 09:22:16,B,1059.65,2,4
2021-06-18 09:22:16,B,1059.5,3,42
2021-06-18 09:22:16,B,1059.3,1,3
2021-06-18 09:22:16,B,1059.15,2,8
2021-06-18 09:22:16,S,1060.95,1,29
2021-06-18 09:22:16,S,1061.0,2,8
2021-06-18 09:22:16,S,1061.1,1,5
2021-06-18 09:22:16,S,1061.6,1,7
2021-06-18 09:22:16,S,1061.7,2,8
2021-06-18 09:22:16,B,1060.05,1,2
2021-06-18 09:22:16,B,1060.0,1,40
2021-06-18 09:22:16,B,1059.65,1,3
2021-06-18 09:22:16,B,1059.5,1,28
2021-06-18 09:22:16,B,1059.3,1,3
2021-06-18 09:22:16,S,1060.95,1,29
2021-06-18 09:22:16,S,1061.0,2,8
2021-06-18 09:22:16,S,1061.1,1,5
2021-06-18 09:22:16,S,1061.6,1,7
2021-06-18 09:22:16,S,1061.7,2,8
2021-06-18 09:22:16,B,1060.05,1,2
2021-06-18 09:22:16,B,1060.0,1,40
2021-06-18 09:22:16,B,1059.65,1,3
2021-06-18 09:22:16,B,1059.5,1,28
2021-06-18 09:22:16,B,1059.3,1,3
2021-06-18 09:22:20,S,1061.0,1,7
2021-06-18 09:22:20,S,1061.55,1,29
2021-06-18 09:22:20,S,1061.6,1,7
2021-06-18 09:22:20,S,1061.7,1,7
2021-06-18 09:22:20,S,1061.8,1,4
2021-06-18 09:22:20,B,1060.05,2,3
2021-06-18 09:22:20,B,1060.0,3,46
2021-06-18 09:22:20,B,1059.65,1,3
2021-06-18 09:22:20,B,1059.55,1,13
2021-06-18 09:22:20,B,1059.5,1,28
2021-06-18 09:22:20,S,1061.0,1,7
2021-06-18 09:22:20,S,1061.55,1,29
2021-06-18 09:22:20,S,1061.6,1,7
2021-06-18 09:22:20,S,1061.7,1,7
2021-06-18 09:22:20,S,1061.8,1,4
2021-06-18 09:22:20,B,1060.05,2,3
2021-06-18 09:22:20,B,1060.0,3,46
2021-06-18 09:22:20,B,1059.65,1,3
2021-06-18 09:22:20,B,1059.55,1,13
2021-06-18 09:22:20,B,1059.5,1,28
2021-06-18 09:22:24,S,1061.0,1,7
2021-06-18 09:22:24,S,1061.55,1,29
2021-06-18 09:22:24,S,1061.6,1,7
2021-06-18 09:22:24,S,1061.7,1,7
2021-06-18 09:22:24,S,1061.75,1,5
2021-06-18 09:22:24,B,1060.25,2,3
2021-06-18 09:22:24,B,1060.2,1,5
2021-06-18 09:22:24,B,1060.0,3,56
2021-06-18 09:22:24,B,1059.65,1,3
2021-06-18 09:22:24,B,1059.55,1,13
2021-06-18 09:22:24,S,1061.0,1,7
2021-06-18 09:22:24,S,1061.55,1,29
2021-06-18 09:22:24,S,1061.6,1,7
2021-06-18 09:22:24,S,1061.7,1,7
2021-06-18 09:22:24,S,1061.75,1,5
2021-06-18 09:22:24,B,1060.25,2,3
2021-06-18 09:22:24,B,1060.2,1,5
2021-06-18 09:22:24,B,1060.0,3,56
2021-06-18 09:22:24,B,1059.65,1,3
2021-06-18 09:22:24,B,1059.55,1,13
2021-06-18 09:22:25,S,1061.0,1,7
2021-06-18 09:22:25,S,1061.55,1,29
2021-06-18 09:22:25,S,1061.6,1,7
2021-06-18 09:22:25,S,1061.7,1,7
2021-06-18 09:22:25,S,1061.75,1,5
2021-06-18 09:22:25,B,1060.25,2,3
2021-06-18 09:22:25,B,1060.2,1,5
2021-06-18 09:22:25,B,1060.0,3,56
2021-06-18 09:22:25,B,1059.65,1,3
2021-06-18 09:22:25,B,1059.55,1,13
2021-06-18 09:22:25,S,1061.0,1,7
2021-06-18 09:22:25,S,1061.55,1,29
2021-06-18 09:22:25,S,1061.6,1,7
2021-06-18 09:22:25,S,1061.7,1,7
2021-06-18 09:22:25,S,1061.75,1,5
2021-06-18 09:22:25,B,1060.25,2,3
2021-06-18 09:22:25,B,1060.2,1,5
2021-06-18 09:22:25,B,1060.0,3,56
2021-06-18 09:22:25,B,1059.65,1,3
2021-06-18 09:22:25,B,1059.55,1,13
2021-06-18 09:22:28,S,1061.0,1,7
2021-06-18 09:22:28,S,1061.55,2,30
2021-06-18 09:22:28,S,1061.6,1,7
2021-06-18 09:22:28,S,1061.7,1,7
2021-06-18 09:22:28,S,1061.75,1,5
2021-06-18 09:22:28,B,1060.0,2,53
2021-06-18 09:22:28,B,1059.65,3,9
2021-06-18 09:22:28,B,1059.55,2,14
2021-06-18 09:22:28,B,1059.5,1,28
2021-06-18 09:22:28,B,1059.3,1,3
2021-06-18 09:22:28,S,1061.0,1,7
2021-06-18 09:22:28,S,1061.55,2,30
2021-06-18 09:22:28,S,1061.6,1,7
2021-06-18 09:22:28,S,1061.7,1,7
2021-06-18 09:22:28,S,1061.75,1,5
2021-06-18 09:22:28,B,1060.0,2,53
2021-06-18 09:22:28,B,1059.65,3,9
2021-06-18 09:22:28,B,1059.55,2,14
2021-06-18 09:22:28,B,1059.5,1,28
2021-06-18 09:22:28,B,1059.3,1,3
2021-06-18 09:22:32,S,1060.95,2,30
2021-06-18 09:22:32,S,1061.0,2,8
2021-06-18 09:22:32,S,1061.15,2,6
2021-06-18 09:22:32,S,1061.6,2,14
2021-06-18 09:22:32,S,1061.7,1,7
2021-06-18 09:22:32,B,1060.0,2,53
2021-06-18 09:22:32,B,1059.65,1,3
2021-06-18 09:22:32,B,1059.5,1,28
2021-06-18 09:22:32,B,1059.4,1,5
2021-06-18 09:22:32,B,1059.3,1,3
2021-06-18 09:22:32,S,1060.95,2,30
2021-06-18 09:22:32,S,1061.0,2,8
2021-06-18 09:22:32,S,1061.15,2,6
2021-06-18 09:22:32,S,1061.6,2,14
2021-06-18 09:22:32,S,1061.7,1,7
2021-06-18 09:22:32,B,1060.0,2,53
2021-06-18 09:22:32,B,1059.65,1,3
2021-06-18 09:22:32,B,1059.5,1,28
2021-06-18 09:22:32,B,1059.4,1,5
2021-06-18 09:22:32,B,1059.3,1,3
2021-06-18 09:22:34,S,1060.95,2,30
2021-06-18 09:22:34,S,1061.0,2,8
2021-06-18 09:22:34,S,1061.15,2,6
2021-06-18 09:22:34,S,1061.6,2,14
2021-06-18 09:22:34,S,1061.7,1,7
2021-06-18 09:22:34,B,1060.0,2,53
2021-06-18 09:22:34,B,1059.65,1,3
2021-06-18 09:22:34,B,1059.5,1,28
2021-06-18 09:22:34,B,1059.4,1,5
2021-06-18 09:22:34,B,1059.3,1,3
2021-06-18 09:22:34,S,1060.95,2,30
2021-06-18 09:22:34,S,1061.0,2,8
2021-06-18 09:22:34,S,1061.15,2,6
2021-06-18 09:22:34,S,1061.6,2,14
2021-06-18 09:22:34,S,1061.7,1,7
2021-06-18 09:22:34,B,1060.0,2,53
2021-06-18 09:22:34,B,1059.65,1,3
2021-06-18 09:22:34,B,1059.5,1,28
2021-06-18 09:22:34,B,1059.4,1,5
2021-06-18 09:22:34,B,1059.3,1,3
2021-06-18 09:22:36,S,1061.0,1,7
2021-06-18 09:22:36,S,1061.3,1,29
2021-06-18 09:22:36,S,1061.35,1,5
2021-06-18 09:22:36,S,1061.6,2,8
2021-06-18 09:22:36,S,1061.7,1,7
2021-06-18 09:22:36,B,1060.0,2,43
2021-06-18 09:22:36,B,1059.65,1,1
2021-06-18 09:22:36,B,1059.5,2,29
2021-06-18 09:22:36,B,1059.4,1,5
2021-06-18 09:22:36,B,1059.3,1,3
2021-06-18 09:22:36,S,1061.0,1,7
2021-06-18 09:22:36,S,1061.3,1,29
2021-06-18 09:22:36,S,1061.35,1,5
2021-06-18 09:22:36,S,1061.6,2,8
2021-06-18 09:22:36,S,1061.7,1,7
2021-06-18 09:22:36,B,1060.0,2,43
2021-06-18 09:22:36,B,1059.65,1,1
2021-06-18 09:22:36,B,1059.5,2,29
2021-06-18 09:22:36,B,1059.4,1,5
2021-06-18 09:22:36,B,1059.3,1,3
2021-06-18 09:22:37,S,1061.0,1,7
2021-06-18 09:22:37,S,1061.3,1,29
2021-06-18 09:22:37,S,1061.35,1,5
2021-06-18 09:22:37,S,1061.6,2,8
2021-06-18 09:22:37,S,1061.7,1,7
2021-06-18 09:22:37,B,1060.0,2,43
2021-06-18 09:22:37,B,1059.65,1,1
2021-06-18 09:22:37,B,1059.5,2,29
2021-06-18 09:22:37,B,1059.4,1,5
2021-06-18 09:22:37,B,1059.3,1,3
2021-06-18 09:22:37,S,1061.0,1,7
2021-06-18 09:22:37,S,1061.3,1,29
2021-06-18 09:22:37,S,1061.35,1,5
2021-06-18 09:22:37,S,1061.6,2,8
2021-06-18 09:22:37,S,1061.7,1,7
2021-06-18 09:22:37,B,1060.0,2,43
2021-06-18 09:22:37,B,1059.65,1,1
2021-06-18 09:22:37,B,1059.5,2,29
2021-06-18 09:22:37,B,1059.4,1,5
2021-06-18 09:22:37,B,1059.3,1,3
2021-06-18 09:22:40,S,1061.0,1,7
2021-06-18 09:22:40,S,1061.3,1,29
2021-06-18 09:22:40,S,1061.35,1,5
2021-06-18 09:22:40,S,1061.6,2,8
2021-06-18 09:22:40,S,1061.7,1,7
2021-06-18 09:22:40,B,1060.0,2,36
2021-06-18 09:22:40,B,1059.5,2,29
2021-06-18 09:22:40,B,1059.4,2,6
2021-06-18 09:22:40,B,1059.3,1,3
2021-06-18 09:22:40,B,1059.15,1,6
2021-06-18 09:22:40,S,1061.0,1,7
2021-06-18 09:22:40,S,1061.3,1,29
2021-06-18 09:22:40,S,1061.35,1,5
2021-06-18 09:22:40,S,1061.6,2,8
2021-06-18 09:22:40,S,1061.7,1,7
2021-06-18 09:22:40,B,1060.0,2,36
2021-06-18 09:22:40,B,1059.5,2,29
2021-06-18 09:22:40,B,1059.4,2,6
2021-06-18 09:22:40,B,1059.3,1,3
2021-06-18 09:22:40,B,1059.15,1,6
2021-06-18 09:22:40,S,1061.0,1,7
2021-06-18 09:22:40,S,1061.3,1,29
2021-06-18 09:22:40,S,1061.35,1,5
2021-06-18 09:22:40,S,1061.6,2,8
2021-06-18 09:22:40,S,1061.7,1,7
2021-06-18 09:22:40,B,1060.0,2,36
2021-06-18 09:22:40,B,1059.5,2,29
2021-06-18 09:22:40,B,1059.4,2,6
2021-06-18 09:22:40,B,1059.3,1,3
2021-06-18 09:22:40,B,1059.15,1,6
2021-06-18 09:22:40,S,1061.0,1,7
2021-06-18 09:22:40,S,1061.3,1,29
2021-06-18 09:22:40,S,1061.35,1,5
2021-06-18 09:22:40,S,1061.6,2,8
2021-06-18 09:22:40,S,1061.7,1,7
2021-06-18 09:22:40,B,1060.0,2,36
2021-06-18 09:22:40,B,1059.5,2,29
2021-06-18 09:22:40,B,1059.4,2,6
2021-06-18 09:22:40,B,1059.3,1,3
2021-06-18 09:22:40,B,1059.15,1,6
2021-06-18 09:22:43,S,1061.0,1,7
2021-06-18 09:22:43,S,1061.3,1,29
2021-06-18 09:22:43,S,1061.35,1,5
2021-06-18 09:22:43,S,1061.6,2,8
2021-06-18 09:22:43,S,1061.7,1,7
2021-06-18 09:22:43,B,1060.0,2,36
2021-06-18 09:22:43,B,1059.5,2,29
2021-06-18 09:22:43,B,1059.4,2,6
2021-06-18 09:22:43,B,1059.3,1,3
2021-06-18 09:22:43,B,1059.15,1,6
2021-06-18 09:22:43,S,1061.0,1,7
2021-06-18 09:22:43,S,1061.3,1,29
2021-06-18 09:22:43,S,1061.35,1,5
2021-06-18 09:22:43,S,1061.6,2,8
2021-06-18 09:22:43,S,1061.7,1,7
2021-06-18 09:22:43,B,1060.0,2,36
2021-06-18 09:22:43,B,1059.5,2,29
2021-06-18 09:22:43,B,1059.4,2,6
2021-06-18 09:22:43,B,1059.3,1,3
2021-06-18 09:22:43,B,1059.15,1,6
2021-06-18 09:22:43,S,1064.65,1,16
2021-06-18 09:22:43,S,1064.7,3,7
2021-06-18 09:22:43,S,1064.75,1,5
2021-06-18 09:22:43,S,1064.8,1,1
2021-06-18 09:22:43,S,1064.85,2,25
2021-06-18 09:22:43,B,1061.75,1,29
2021-06-18 09:22:43,B,1061.7,2,27
2021-06-18 09:22:43,B,1061.65,1,1
2021-06-18 09:22:43,B,1061.6,2,5
2021-06-18 09:22:43,B,1061.55,2,8
2021-06-18 09:22:43,S,1064.65,1,16
2021-06-18 09:22:43,S,1064.7,3,7
2021-06-18 09:22:43,S,1064.75,1,5
2021-06-18 09:22:43,S,1064.8,1,1
2021-06-18 09:22:43,S,1064.85,2,25
2021-06-18 09:22:43,B,1061.75,1,29
2021-06-18 09:22:43,B,1061.7,2,27
2021-06-18 09:22:43,B,1061.65,1,1
2021-06-18 09:22:43,B,1061.6,2,5
2021-06-18 09:22:43,B,1061.55,2,8
2021-06-18 09:22:47,S,1064.5,1,16
2021-06-18 09:22:47,S,1064.55,1,4
2021-06-18 09:22:47,S,1064.95,1,13
2021-06-18 09:22:47,S,1065.0,4,20
2021-06-18 09:22:47,S,1065.35,1,4
2021-06-18 09:22:47,B,1062.8,2,51
2021-06-18 09:22:47,B,1062.75,2,6
2021-06-18 09:22:47,B,1061.75,4,8
2021-06-18 09:22:47,B,1061.6,2,5
2021-06-18 09:22:47,B,1061.55,3,21
2021-06-18 09:22:47,S,1064.5,1,16
2021-06-18 09:22:47,S,1064.55,1,4
2021-06-18 09:22:47,S,1064.95,1,13
2021-06-18 09:22:47,S,1065.0,4,20
2021-06-18 09:22:47,S,1065.35,1,4
2021-06-18 09:22:47,B,1062.8,2,51
2021-06-18 09:22:47,B,1062.75,2,6
2021-06-18 09:22:47,B,1061.75,4,8
2021-06-18 09:22:47,B,1061.6,2,5
2021-06-18 09:22:47,B,1061.55,3,21
2021-06-18 09:22:49,S,1064.5,1,16
2021-06-18 09:22:49,S,1064.55,1,4
2021-06-18 09:22:49,S,1064.95,1,13
2021-06-18 09:22:49,S,1065.0,4,20
2021-06-18 09:22:49,S,1065.35,1,4
2021-06-18 09:22:49,B,1062.8,2,51
2021-06-18 09:22:49,B,1062.75,2,6
2021-06-18 09:22:49,B,1061.75,4,8
2021-06-18 09:22:49,B,1061.6,2,5
2021-06-18 09:22:49,B,1061.55,3,21
2021-06-18 09:22:49,S,1064.5,1,16
2021-06-18 09:22:49,S,1064.55,1,4
2021-06-18 09:22:49,S,1064.95,1,13
2021-06-18 09:22:49,S,1065.0,4,20
2021-06-18 09:22:49,S,1065.35,1,4
2021-06-18 09:22:49,B,1062.8,2,51
2021-06-18 09:22:49,B,1062.75,2,6
2021-06-18 09:22:49,B,1061.75,4,8
2021-06-18 09:22:49,B,1061.6,2,5
2021-06-18 09:22:49,B,1061.55,3,21
2021-06-18 09:22:51,S,1066.4,1,4
2021-06-18 09:22:51,S,1066.65,2,5
2021-06-18 09:22:51,S,1066.7,1,7
2021-06-18 09:22:51,S,1066.75,1,4
2021-06-18 09:22:51,S,1067.4,1,9
2021-06-18 09:22:51,B,1064.5,1,29
2021-06-18 09:22:51,B,1064.45,2,23
2021-06-18 09:22:51,B,1064.4,1,1
2021-06-18 09:22:51,B,1064.35,2,20
2021-06-18 09:22:51,B,1064.05,1,13
2021-06-18 09:22:51,S,1066.4,1,4
2021-06-18 09:22:51,S,1066.65,2,5
2021-06-18 09:22:51,S,1066.7,1,7
2021-06-18 09:22:51,S,1066.75,1,4
2021-06-18 09:22:51,S,1067.4,1,9
2021-06-18 09:22:51,B,1064.5,1,29
2021-06-18 09:22:51,B,1064.45,2,23
2021-06-18 09:22:51,B,1064.4,1,1
2021-06-18 09:22:51,B,1064.35,2,20
2021-06-18 09:22:51,B,1064.05,1,13
2021-06-18 09:22:52,S,1066.4,1,4
2021-06-18 09:22:52,S,1066.65,2,5
2021-06-18 09:22:52,S,1066.7,1,7
2021-06-18 09:22:52,S,1066.75,1,4
2021-06-18 09:22:52,S,1067.4,1,9
2021-06-18 09:22:52,B,1064.5,1,29
2021-06-18 09:22:52,B,1064.45,2,23
2021-06-18 09:22:52,B,1064.4,1,1
2021-06-18 09:22:52,B,1064.35,2,20
2021-06-18 09:22:52,B,1064.05,1,13
2021-06-18 09:22:52,S,1066.4,1,4
2021-06-18 09:22:52,S,1066.65,2,5
2021-06-18 09:22:52,S,1066.7,1,7
2021-06-18 09:22:52,S,1066.75,1,4
2021-06-18 09:22:52,S,1067.4,1,9
2021-06-18 09:22:52,B,1064.5,1,29
2021-06-18 09:22:52,B,1064.45,2,23
2021-06-18 09:22:52,B,1064.4,1,1
2021-06-18 09:22:52,B,1064.35,2,20
2021-06-18 09:22:52,B,1064.05,1,13
2021-06-18 09:22:54,S,1066.4,1,4
2021-06-18 09:22:54,S,1066.65,2,5
2021-06-18 09:22:54,S,1066.7,1,7
2021-06-18 09:22:54,S,1066.75,1,4
2021-06-18 09:22:54,S,1067.4,1,9
2021-06-18 09:22:54,B,1064.5,1,29
2021-06-18 09:22:54,B,1064.45,2,23
2021-06-18 09:22:54,B,1064.4,1,1
2021-06-18 09:22:54,B,1064.35,2,20
2021-06-18 09:22:54,B,1064.05,1,13
2021-06-18 09:22:54,S,1066.4,1,4
2021-06-18 09:22:54,S,1066.65,2,5
2021-06-18 09:22:54,S,1066.7,1,7
2021-06-18 09:22:54,S,1066.75,1,4
2021-06-18 09:22:54,S,1067.4,1,9
2021-06-18 09:22:54,B,1064.5,1,29
2021-06-18 09:22:54,B,1064.45,2,23
2021-06-18 09:22:54,B,1064.4,1,1
2021-06-18 09:22:54,B,1064.35,2,20
2021-06-18 09:22:54,B,1064.05,1,13
2021-06-18 09:22:55,S,1067.85,1,1
2021-06-18 09:22:55,S,1067.9,1,2
2021-06-18 09:22:55,S,1068.1,1,6
2021-06-18 09:22:55,S,1068.15,1,8
2021-06-18 09:22:55,S,1068.6,3,5
2021-06-18 09:22:55,B,1066.05,1,29
2021-06-18 09:22:55,B,1066.0,2,6
2021-06-18 09:22:55,B,1065.6,3,33
2021-06-18 09:22:55,B,1065.45,1,1
2021-06-18 09:22:55,B,1065.1,4,5
2021-06-18 09:22:55,S,1067.85,1,1
2021-06-18 09:22:55,S,1067.9,1,2
2021-06-18 09:22:55,S,1068.1,1,6
2021-06-18 09:22:55,S,1068.15,1,8
2021-06-18 09:22:55,S,1068.6,3,5
2021-06-18 09:22:55,B,1066.05,1,29
2021-06-18 09:22:55,B,1066.0,2,6
2021-06-18 09:22:55,B,1065.6,3,33
2021-06-18 09:22:55,B,1065.45,1,1
2021-06-18 09:22:55,B,1065.1,4,5
2021-06-18 09:22:59,S,1067.85,2,2
2021-06-18 09:22:59,S,1068.15,1,8
2021-06-18 09:22:59,S,1068.65,1,4
2021-06-18 09:22:59,S,1069.0,1,5
2021-06-18 09:22:59,S,1069.15,3,5
2021-06-18 09:22:59,B,1066.6,1,29
2021-06-18 09:22:59,B,1066.55,1,5
2021-06-18 09:22:59,B,1066.5,1,13
2021-06-18 09:22:59,B,1066.2,1,16
2021-06-18 09:22:59,B,1065.8,1,4
2021-06-18 09:22:59,S,1067.85,2,2
2021-06-18 09:22:59,S,1068.15,1,8
2021-06-18 09:22:59,S,1068.65,1,4
2021-06-18 09:22:59,S,1069.0,1,5
2021-06-18 09:22:59,S,1069.15,3,5
2021-06-18 09:22:59,B,1066.6,1,29
2021-06-18 09:22:59,B,1066.55,1,5
2021-06-18 09:22:59,B,1066.5,1,13
2021-06-18 09:22:59,B,1066.2,1,16
2021-06-18 09:22:59,B,1065.8,1,4
2021-06-18 09:23:03,S,1068.1,2,2
2021-06-18 09:23:03,S,1068.15,2,9
2021-06-18 09:23:03,S,1068.65,1,4
2021-06-18 09:23:03,S,1069.0,1,5
2021-06-18 09:23:03,S,1069.2,4,9
2021-06-18 09:23:03,B,1066.7,1,29
2021-06-18 09:23:03,B,1066.65,2,18
2021-06-18 09:23:03,B,1066.25,3,4
2021-06-18 09:23:03,B,1066.2,1,16
2021-06-18 09:23:03,B,1065.8,1,4
2021-06-18 09:23:03,S,1068.1,2,2
2021-06-18 09:23:03,S,1068.15,2,9
2021-06-18 09:23:03,S,1068.65,1,4
2021-06-18 09:23:03,S,1069.0,1,5
2021-06-18 09:23:03,S,1069.2,4,9
2021-06-18 09:23:03,B,1066.7,1,29
2021-06-18 09:23:03,B,1066.65,2,18
2021-06-18 09:23:03,B,1066.25,3,4
2021-06-18 09:23:03,B,1066.2,1,16
2021-06-18 09:23:03,B,1065.8,1,4
2021-06-18 09:23:07,S,1068.1,2,2
2021-06-18 09:23:07,S,1068.15,2,9
2021-06-18 09:23:07,S,1068.25,1,5
2021-06-18 09:23:07,S,1068.4,1,6
2021-06-18 09:23:07,S,1068.65,1,4
2021-06-18 09:23:07,B,1066.9,1,29
2021-06-18 09:23:07,B,1066.85,1,6
2021-06-18 09:23:07,B,1066.65,1,5
2021-06-18 09:23:07,B,1066.2,1,16
2021-06-18 09:23:07,B,1065.85,3,4
2021-06-18 09:23:07,S,1068.1,2,2
2021-06-18 09:23:07,S,1068.15,2,9
2021-06-18 09:23:07,S,1068.25,1,5
2021-06-18 09:23:07,S,1068.4,1,6
2021-06-18 09:23:07,S,1068.65,1,4
2021-06-18 09:23:07,B,1066.9,1,29
2021-06-18 09:23:07,B,1066.85,1,6
2021-06-18 09:23:07,B,1066.65,1,5
2021-06-18 09:23:07,B,1066.2,1,16
2021-06-18 09:23:07,B,1065.85,3,4
2021-06-18 09:23:11,S,1068.1,2,2
2021-06-18 09:23:11,S,1068.15,2,9
2021-06-18 09:23:11,S,1068.45,1,4
2021-06-18 09:23:11,S,1068.5,1,5
2021-06-18 09:23:11,S,1068.65,1,4
2021-06-18 09:23:11,B,1067.1,1,29
2021-06-18 09:23:11,B,1067.05,1,6
2021-06-18 09:23:11,B,1066.65,1,5
2021-06-18 09:23:11,B,1066.2,1,16
2021-06-18 09:23:11,B,1065.9,1,4
2021-06-18 09:23:11,S,1068.1,2,2
2021-06-18 09:23:11,S,1068.15,2,9
2021-06-18 09:23:11,S,1068.45,1,4
2021-06-18 09:23:11,S,1068.5,1,5
2021-06-18 09:23:11,S,1068.65,1,4
2021-06-18 09:23:11,B,1067.1,1,29
2021-06-18 09:23:11,B,1067.05,1,6
2021-06-18 09:23:11,B,1066.65,1,5
2021-06-18 09:23:11,B,1066.2,1,16
2021-06-18 09:23:11,B,1065.9,1,4
2021-06-18 09:23:13,S,1068.1,2,2
2021-06-18 09:23:13,S,1068.15,2,9
2021-06-18 09:23:13,S,1068.45,1,4
2021-06-18 09:23:13,S,1068.5,1,5
2021-06-18 09:23:13,S,1068.65,1,4
2021-06-18 09:23:13,B,1067.1,1,29
2021-06-18 09:23:13,B,1067.05,1,6
2021-06-18 09:23:13,B,1066.65,1,5
2021-06-18 09:23:13,B,1066.2,1,16
2021-06-18 09:23:13,B,1065.9,1,4
2021-06-18 09:23:13,S,1068.1,2,2
2021-06-18 09:23:13,S,1068.15,2,9
2021-06-18 09:23:13,S,1068.45,1,4
2021-06-18 09:23:13,S,1068.5,1,5
2021-06-18 09:23:13,S,1068.65,1,4
2021-06-18 09:23:13,B,1067.1,1,29
2021-06-18 09:23:13,B,1067.05,1,6
2021-06-18 09:23:13,B,1066.65,1,5
2021-06-18 09:23:13,B,1066.2,1,16
2021-06-18 09:23:13,B,1065.9,1,4
2021-06-18 09:23:13,S,1068.1,2,2
2021-06-18 09:23:13,S,1068.15,2,9
2021-06-18 09:23:13,S,1068.45,1,4
2021-06-18 09:23:13,S,1068.5,1,5
2021-06-18 09:23:13,S,1068.65,1,4
2021-06-18 09:23:13,B,1067.1,1,29
2021-06-18 09:23:13,B,1067.05,1,6
2021-06-18 09:23:13,B,1066.65,1,5
2021-06-18 09:23:13,B,1066.2,1,16
2021-06-18 09:23:13,B,1065.9,1,4
2021-06-18 09:23:13,S,1068.1,2,2
2021-06-18 09:23:13,S,1068.15,2,9
2021-06-18 09:23:13,S,1068.45,1,4
2021-06-18 09:23:13,S,1068.5,1,5
2021-06-18 09:23:13,S,1068.65,1,4
2021-06-18 09:23:13,B,1067.1,1,29
2021-06-18 09:23:13,B,1067.05,1,6
2021-06-18 09:23:13,B,1066.65,1,5
2021-06-18 09:23:13,B,1066.2,1,16
2021-06-18 09:23:13,B,1065.9,1,4
2021-06-18 09:23:15,S,1067.45,1,29
2021-06-18 09:23:15,S,1067.5,2,8
2021-06-18 09:23:15,S,1067.55,1,6
2021-06-18 09:23:15,S,1068.45,3,3
2021-06-18 09:23:15,S,1068.55,1,13
2021-06-18 09:23:15,B,1065.3,1,28
2021-06-18 09:23:15,B,1065.25,1,16
2021-06-18 09:23:15,B,1065.2,1,1
2021-06-18 09:23:15,B,1065.15,1,1
2021-06-18 09:23:15,B,1065.0,2,7
2021-06-18 09:23:15,S,1067.45,1,29
2021-06-18 09:23:15,S,1067.5,2,8
2021-06-18 09:23:15,S,1067.55,1,6
2021-06-18 09:23:15,S,1068.45,3,3
2021-06-18 09:23:15,S,1068.55,1,13
2021-06-18 09:23:15,B,1065.3,1,28
2021-06-18 09:23:15,B,1065.25,1,16
2021-06-18 09:23:15,B,1065.2,1,1
2021-06-18 09:23:15,B,1065.15,1,1
2021-06-18 09:23:15,B,1065.0,2,7
2021-06-18 09:23:19,S,1067.45,2,34
2021-06-18 09:23:19,S,1067.5,2,8
2021-06-18 09:23:19,S,1068.0,1,4
2021-06-18 09:23:19,S,1068.4,1,6
2021-06-18 09:23:19,S,1068.5,3,3
2021-06-18 09:23:19,B,1065.9,1,28
2021-06-18 09:23:19,B,1065.85,1,6
2021-06-18 09:23:19,B,1065.75,1,5
2021-06-18 09:23:19,B,1065.5,1,4
2021-06-18 09:23:19,B,1065.45,2,17
2021-06-18 09:23:19,S,1067.45,2,34
2021-06-18 09:23:19,S,1067.5,2,8
2021-06-18 09:23:19,S,1068.0,1,4
2021-06-18 09:23:19,S,1068.4,1,6
2021-06-18 09:23:19,S,1068.5,3,3
2021-06-18 09:23:19,B,1065.9,1,28
2021-06-18 09:23:19,B,1065.85,1,6
2021-06-18 09:23:19,B,1065.75,1,5
2021-06-18 09:23:19,B,1065.5,1,4
2021-06-18 09:23:19,B,1065.45,2,17
2021-06-18 09:23:22,S,1067.45,4,39
2021-06-18 09:23:22,S,1067.5,2,8
2021-06-18 09:23:22,S,1067.55,1,7
2021-06-18 09:23:22,S,1068.0,1,4
2021-06-18 09:23:22,S,1068.2,3,3
2021-06-18 09:23:22,B,1065.55,1,28
2021-06-18 09:23:22,B,1065.5,1,4
2021-06-18 09:23:22,B,1065.45,1,16
2021-06-18 09:23:22,B,1064.95,1,4
2021-06-18 09:23:22,B,1064.65,1,4
2021-06-18 09:23:22,S,1067.45,4,39
2021-06-18 09:23:22,S,1067.5,2,8
2021-06-18 09:23:22,S,1067.55,1,7
2021-06-18 09:23:22,S,1068.0,1,4
2021-06-18 09:23:22,S,1068.2,3,3
2021-06-18 09:23:22,B,1065.55,1,28
2021-06-18 09:23:22,B,1065.5,1,4
2021-06-18 09:23:22,B,1065.45,1,16
2021-06-18 09:23:22,B,1064.95,1,4
2021-06-18 09:23:22,B,1064.65,1,4
2021-06-18 09:23:26,S,1067.45,3,35
2021-06-18 09:23:26,S,1067.5,2,8
2021-06-18 09:23:26,S,1067.55,1,7
2021-06-18 09:23:26,S,1068.0,1,4
2021-06-18 09:23:26,S,1068.2,3,3
2021-06-18 09:23:26,B,1065.65,1,28
2021-06-18 09:23:26,B,1065.6,2,33
2021-06-18 09:23:26,B,1065.5,1,5
2021-06-18 09:23:26,B,1065.05,1,4
2021-06-18 09:23:26,B,1064.95,2,5
2021-06-18 09:23:26,S,1067.45,3,35
2021-06-18 09:23:26,S,1067.5,2,8
2021-06-18 09:23:26,S,1067.55,1,7
2021-06-18 09:23:26,S,1068.0,1,4
2021-06-18 09:23:26,S,1068.2,3,3
2021-06-18 09:23:26,B,1065.65,1,28
2021-06-18 09:23:26,B,1065.6,2,33
2021-06-18 09:23:26,B,1065.5,1,5
2021-06-18 09:23:26,B,1065.05,1,4
2021-06-18 09:23:26,B,1064.95,2,5
2021-06-18 09:23:30,S,1067.45,3,35
2021-06-18 09:23:30,S,1067.5,2,8
2021-06-18 09:23:30,S,1067.55,1,7
2021-06-18 09:23:30,S,1068.0,1,4
2021-06-18 09:23:30,S,1068.2,3,3
2021-06-18 09:23:30,B,1065.65,1,28
2021-06-18 09:23:30,B,1065.6,2,33
2021-06-18 09:23:30,B,1065.5,1,5
2021-06-18 09:23:30,B,1065.05,1,4
2021-06-18 09:23:30,B,1064.95,2,5
2021-06-18 09:23:30,S,1067.45,3,35
2021-06-18 09:23:30,S,1067.5,2,8
2021-06-18 09:23:30,S,1067.55,1,7
2021-06-18 09:23:30,S,1068.0,1,4
2021-06-18 09:23:30,S,1068.2,3,3
2021-06-18 09:23:30,B,1065.65,1,28
2021-06-18 09:23:30,B,1065.6,2,33
2021-06-18 09:23:30,B,1065.5,1,5
2021-06-18 09:23:30,B,1065.05,1,4
2021-06-18 09:23:30,B,1064.95,2,5
2021-06-18 09:23:30,S,1065.55,1,29
2021-06-18 09:23:30,S,1065.6,2,13
2021-06-18 09:23:30,S,1065.65,1,28
2021-06-18 09:23:30,S,1065.7,4,10
2021-06-18 09:23:30,S,1065.8,1,7
2021-06-18 09:23:30,B,1063.1,1,28
2021-06-18 09:23:30,B,1063.05,1,4
2021-06-18 09:23:30,B,1062.8,1,1
2021-06-18 09:23:30,B,1062.7,1,7
2021-06-18 09:23:30,B,1062.45,1,4
2021-06-18 09:23:30,S,1065.55,1,29
2021-06-18 09:23:30,S,1065.6,2,13
2021-06-18 09:23:30,S,1065.65,1,28
2021-06-18 09:23:30,S,1065.7,4,10
2021-06-18 09:23:30,S,1065.8,1,7
2021-06-18 09:23:30,B,1063.1,1,28
2021-06-18 09:23:30,B,1063.05,1,4
2021-06-18 09:23:30,B,1062.8,1,1
2021-06-18 09:23:30,B,1062.7,1,7
2021-06-18 09:23:30,B,1062.45,1,4
2021-06-18 09:23:31,S,1065.55,1,29
2021-06-18 09:23:31,S,1065.6,2,13
2021-06-18 09:23:31,S,1065.65,1,28
2021-06-18 09:23:31,S,1065.7,4,10
2021-06-18 09:23:31,S,1065.8,1,7
2021-06-18 09:23:31,B,1063.1,1,28
2021-06-18 09:23:31,B,1063.05,1,4
2021-06-18 09:23:31,B,1062.8,1,1
2021-06-18 09:23:31,B,1062.7,1,7
2021-06-18 09:23:31,B,1062.45,1,4
2021-06-18 09:23:31,S,1065.55,1,29
2021-06-18 09:23:31,S,1065.6,2,13
2021-06-18 09:23:31,S,1065.65,1,28
2021-06-18 09:23:31,S,1065.7,4,10
2021-06-18 09:23:31,S,1065.8,1,7
2021-06-18 09:23:31,B,1063.1,1,28
2021-06-18 09:23:31,B,1063.05,1,4
2021-06-18 09:23:31,B,1062.8,1,1
2021-06-18 09:23:31,B,1062.7,1,7
2021-06-18 09:23:31,B,1062.45,1,4
2021-06-18 09:23:34,S,1065.85,1,4
2021-06-18 09:23:34,S,1065.9,2,98
2021-06-18 09:23:34,S,1066.4,1,3
2021-06-18 09:23:34,S,1066.45,1,4
2021-06-18 09:23:34,S,1066.65,1,2
2021-06-18 09:23:34,B,1063.85,2,57
2021-06-18 09:23:34,B,1063.8,4,4
2021-06-18 09:23:34,B,1063.75,3,20
2021-06-18 09:23:34,B,1063.7,2,20
2021-06-18 09:23:34,B,1063.25,1,3
2021-06-18 09:23:34,S,1065.85,1,4
2021-06-18 09:23:34,S,1065.9,2,98
2021-06-18 09:23:34,S,1066.4,1,3
2021-06-18 09:23:34,S,1066.45,1,4
2021-06-18 09:23:34,S,1066.65,1,2
2021-06-18 09:23:34,B,1063.85,2,57
2021-06-18 09:23:34,B,1063.8,4,4
2021-06-18 09:23:34,B,1063.75,3,20
2021-06-18 09:23:34,B,1063.7,2,20
2021-06-18 09:23:34,B,1063.25,1,3
2021-06-18 09:23:36,S,1065.85,1,4
2021-06-18 09:23:36,S,1065.9,2,98
2021-06-18 09:23:36,S,1066.4,1,3
2021-06-18 09:23:36,S,1066.45,1,4
2021-06-18 09:23:36,S,1066.65,1,2
2021-06-18 09:23:36,B,1063.85,2,57
2021-06-18 09:23:36,B,1063.8,4,4
2021-06-18 09:23:36,B,1063.75,3,20
2021-06-18 09:23:36,B,1063.7,2,20
2021-06-18 09:23:36,B,1063.25,1,3
2021-06-18 09:23:36,S,1065.85,1,4
2021-06-18 09:23:36,S,1065.9,2,98
2021-06-18 09:23:36,S,1066.4,1,3
2021-06-18 09:23:36,S,1066.45,1,4
2021-06-18 09:23:36,S,1066.65,1,2
2021-06-18 09:23:36,B,1063.85,2,57
2021-06-18 09:23:36,B,1063.8,4,4
2021-06-18 09:23:36,B,1063.75,3,20
2021-06-18 09:23:36,B,1063.7,2,20
2021-06-18 09:23:36,B,1063.25,1,3
2021-06-18 09:23:37,S,1065.85,1,4
2021-06-18 09:23:37,S,1065.9,2,98
2021-06-18 09:23:37,S,1066.4,1,3
2021-06-18 09:23:37,S,1066.45,1,4
2021-06-18 09:23:37,S,1066.65,1,2
2021-06-18 09:23:37,B,1063.85,2,57
2021-06-18 09:23:37,B,1063.8,4,4
2021-06-18 09:23:37,B,1063.75,3,20
2021-06-18 09:23:37,B,1063.7,2,20
2021-06-18 09:23:37,B,1063.25,1,3
2021-06-18 09:23:37,S,1065.85,1,4
2021-06-18 09:23:37,S,1065.9,2,98
2021-06-18 09:23:37,S,1066.4,1,3
2021-06-18 09:23:37,S,1066.45,1,4
2021-06-18 09:23:37,S,1066.65,1,2
2021-06-18 09:23:37,B,1063.85,2,57
2021-06-18 09:23:37,B,1063.8,4,4
2021-06-18 09:23:37,B,1063.75,3,20
2021-06-18 09:23:37,B,1063.7,2,20
2021-06-18 09:23:37,B,1063.25,1,3
2021-06-18 09:23:37,S,1065.55,1,29
2021-06-18 09:23:37,S,1065.6,1,3
2021-06-18 09:23:37,S,1065.9,2,98
2021-06-18 09:23:37,S,1066.0,1,4
2021-06-18 09:23:37,S,1066.4,3,7
2021-06-18 09:23:37,B,1063.6,1,25
2021-06-18 09:23:37,B,1063.55,2,22
2021-06-18 09:23:37,B,1063.3,4,4
2021-06-18 09:23:37,B,1063.25,1,3
2021-06-18 09:23:37,B,1063.2,1,4
2021-06-18 09:23:37,S,1065.55,1,29
2021-06-18 09:23:37,S,1065.6,1,3
2021-06-18 09:23:37,S,1065.9,2,98
2021-06-18 09:23:37,S,1066.0,1,4
2021-06-18 09:23:37,S,1066.4,3,7
2021-06-18 09:23:37,B,1063.6,1,25
2021-06-18 09:23:37,B,1063.55,2,22
2021-06-18 09:23:37,B,1063.3,4,4
2021-06-18 09:23:37,B,1063.25,1,3
2021-06-18 09:23:37,B,1063.2,1,4
2021-06-18 09:23:40,S,1065.55,1,29
2021-06-18 09:23:40,S,1065.6,1,3
2021-06-18 09:23:40,S,1065.9,2,98
2021-06-18 09:23:40,S,1066.0,1,4
2021-06-18 09:23:40,S,1066.4,3,7
2021-06-18 09:23:40,B,1063.6,1,25
2021-06-18 09:23:40,B,1063.55,2,22
2021-06-18 09:23:40,B,1063.3,4,4
2021-06-18 09:23:40,B,1063.25,1,3
2021-06-18 09:23:40,B,1063.2,1,4
2021-06-18 09:23:40,S,1065.55,1,29
2021-06-18 09:23:40,S,1065.6,1,3
2021-06-18 09:23:40,S,1065.9,2,98
2021-06-18 09:23:40,S,1066.0,1,4
2021-06-18 09:23:40,S,1066.4,3,7
2021-06-18 09:23:40,B,1063.6,1,25
2021-06-18 09:23:40,B,1063.55,2,22
2021-06-18 09:23:40,B,1063.3,4,4
2021-06-18 09:23:40,B,1063.25,1,3
2021-06-18 09:23:40,B,1063.2,1,4
2021-06-18 09:23:42,S,1065.55,1,8
2021-06-18 09:23:42,S,1065.6,1,3
2021-06-18 09:23:42,S,1065.9,2,98
2021-06-18 09:23:42,S,1066.8,3,10
2021-06-18 09:23:42,S,1066.9,1,4
2021-06-18 09:23:42,B,1063.95,1,29
2021-06-18 09:23:42,B,1063.9,2,22
2021-06-18 09:23:42,B,1063.75,1,4
2021-06-18 09:23:42,B,1063.3,5,17
2021-06-18 09:23:42,B,1063.25,1,3
2021-06-18 09:23:42,S,1065.55,1,8
2021-06-18 09:23:42,S,1065.6,1,3
2021-06-18 09:23:42,S,1065.9,2,98
2021-06-18 09:23:42,S,1066.8,3,10
2021-06-18 09:23:42,S,1066.9,1,4
2021-06-18 09:23:42,B,1063.95,1,29
2021-06-18 09:23:42,B,1063.9,2,22
2021-06-18 09:23:42,B,1063.75,1,4
2021-06-18 09:23:42,B,1063.3,5,17
2021-06-18 09:23:42,B,1063.25,1,3
2021-06-18 09:23:45,S,1065.55,1,8
2021-06-18 09:23:45,S,1065.6,1,3
2021-06-18 09:23:45,S,1065.65,1,4
2021-06-18 09:23:45,S,1065.7,1,5
2021-06-18 09:23:45,S,1065.9,2,98
2021-06-18 09:23:45,B,1063.95,1,29
2021-06-18 09:23:45,B,1063.9,2,22
2021-06-18 09:23:45,B,1063.75,1,4
2021-06-18 09:23:45,B,1063.35,1,6
2021-06-18 09:23:45,B,1063.3,5,17
2021-06-18 09:23:45,S,1065.55,1,8
2021-06-18 09:23:45,S,1065.6,1,3
2021-06-18 09:23:45,S,1065.65,1,4
2021-06-18 09:23:45,S,1065.7,1,5
2021-06-18 09:23:45,S,1065.9,2,98
2021-06-18 09:23:45,B,1063.95,1,29
2021-06-18 09:23:45,B,1063.9,2,22
2021-06-18 09:23:45,B,1063.75,1,4
2021-06-18 09:23:45,B,1063.35,1,6
2021-06-18 09:23:45,B,1063.3,5,17
2021-06-18 09:23:46,S,1065.55,1,8
2021-06-18 09:23:46,S,1065.6,1,3
2021-06-18 09:23:46,S,1065.65,1,4
2021-06-18 09:23:46,S,1065.7,1,5
2021-06-18 09:23:46,S,1065.9,2,98
2021-06-18 09:23:46,B,1063.95,1,29
2021-06-18 09:23:46,B,1063.9,2,22
2021-06-18 09:23:46,B,1063.75,1,4
2021-06-18 09:23:46,B,1063.35,1,6
2021-06-18 09:23:46,B,1063.3,5,17
2021-06-18 09:23:46,S,1065.55,1,8
2021-06-18 09:23:46,S,1065.6,1,3
2021-06-18 09:23:46,S,1065.65,1,4
2021-06-18 09:23:46,S,1065.7,1,5
2021-06-18 09:23:46,S,1065.9,2,98
2021-06-18 09:23:46,B,1063.95,1,29
2021-06-18 09:23:46,B,1063.9,2,22
2021-06-18 09:23:46,B,1063.75,1,4
2021-06-18 09:23:46,B,1063.35,1,6
2021-06-18 09:23:46,B,1063.3,5,17
2021-06-18 09:23:49,S,1065.8,1,2
2021-06-18 09:23:49,S,1065.85,1,3
2021-06-18 09:23:49,S,1065.9,2,98
2021-06-18 09:23:49,S,1066.25,1,4
2021-06-18 09:23:49,S,1066.9,1,4
2021-06-18 09:23:49,B,1064.35,1,29
2021-06-18 09:23:49,B,1064.3,2,6
2021-06-18 09:23:49,B,1063.95,4,9
2021-06-18 09:23:49,B,1063.9,2,22
2021-06-18 09:23:49,B,1063.75,1,4
2021-06-18 09:23:49,S,1065.8,1,2
2021-06-18 09:23:49,S,1065.85,1,3
2021-06-18 09:23:49,S,1065.9,2,98
2021-06-18 09:23:49,S,1066.25,1,4
2021-06-18 09:23:49,S,1066.9,1,4
2021-06-18 09:23:49,B,1064.35,1,29
2021-06-18 09:23:49,B,1064.3,2,6
2021-06-18 09:23:49,B,1063.95,4,9
2021-06-18 09:23:49,B,1063.9,2,22
2021-06-18 09:23:49,B,1063.75,1,4
2021-06-18 09:23:50,S,1065.8,1,2
2021-06-18 09:23:50,S,1065.85,1,3
2021-06-18 09:23:50,S,1065.9,2,98
2021-06-18 09:23:50,S,1066.25,1,4
2021-06-18 09:23:50,S,1066.9,1,4
2021-06-18 09:23:50,B,1064.35,1,29
2021-06-18 09:23:50,B,1064.3,2,6
2021-06-18 09:23:50,B,1063.95,4,9
2021-06-18 09:23:50,B,1063.9,2,22
2021-06-18 09:23:50,B,1063.75,1,4
2021-06-18 09:23:50,S,1065.8,1,2
2021-06-18 09:23:50,S,1065.85,1,3
2021-06-18 09:23:50,S,1065.9,2,98
2021-06-18 09:23:50,S,1066.25,1,4
2021-06-18 09:23:50,S,1066.9,1,4
2021-06-18 09:23:50,B,1064.35,1,29
2021-06-18 09:23:50,B,1064.3,2,6
2021-06-18 09:23:50,B,1063.95,4,9
2021-06-18 09:23:50,B,1063.9,2,22
2021-06-18 09:23:50,B,1063.75,1,4
2021-06-18 09:23:51,S,1065.8,1,2
2021-06-18 09:23:51,S,1065.85,1,3
2021-06-18 09:23:51,S,1065.9,2,98
2021-06-18 09:23:51,S,1066.25,1,4
2021-06-18 09:23:51,S,1066.9,1,4
2021-06-18 09:23:51,B,1064.35,1,29
2021-06-18 09:23:51,B,1064.3,2,6
2021-06-18 09:23:51,B,1063.95,4,9
2021-06-18 09:23:51,B,1063.9,2,22
2021-06-18 09:23:51,B,1063.75,1,4
2021-06-18 09:23:51,S,1065.8,1,2
2021-06-18 09:23:51,S,1065.85,1,3
2021-06-18 09:23:51,S,1065.9,2,98
2021-06-18 09:23:51,S,1066.25,1,4
2021-06-18 09:23:51,S,1066.9,1,4
2021-06-18 09:23:51,B,1064.35,1,29
2021-06-18 09:23:51,B,1064.3,2,6
2021-06-18 09:23:51,B,1063.95,4,9
2021-06-18 09:23:51,B,1063.9,2,22
2021-06-18 09:23:51,B,1063.75,1,4
2021-06-18 09:23:54,S,1069.8,2,5
2021-06-18 09:23:54,S,1069.9,1,12
2021-06-18 09:23:54,S,1070.0,1,1
2021-06-18 09:23:54,S,1070.2,1,5
2021-06-18 09:23:54,S,1070.55,3,10
2021-06-18 09:23:54,B,1067.6,1,29
2021-06-18 09:23:54,B,1067.55,1,16
2021-06-18 09:23:54,B,1067.5,1,5
2021-06-18 09:23:54,B,1067.3,3,3
2021-06-18 09:23:54,B,1067.2,2,7
2021-06-18 09:23:54,S,1069.8,2,5
2021-06-18 09:23:54,S,1069.9,1,12
2021-06-18 09:23:54,S,1070.0,1,1
2021-06-18 09:23:54,S,1070.2,1,5
2021-06-18 09:23:54,S,1070.55,3,10
2021-06-18 09:23:54,B,1067.6,1,29
2021-06-18 09:23:54,B,1067.55,1,16
2021-06-18 09:23:54,B,1067.5,1,5
2021-06-18 09:23:54,B,1067.3,3,3
2021-06-18 09:23:54,B,1067.2,2,7
2021-06-18 09:23:57,S,1069.8,2,5
2021-06-18 09:23:57,S,1069.9,1,12
2021-06-18 09:23:57,S,1070.0,1,1
2021-06-18 09:23:57,S,1070.2,1,5
2021-06-18 09:23:57,S,1070.55,3,10
2021-06-18 09:23:57,B,1067.6,1,29
2021-06-18 09:23:57,B,1067.55,1,16
2021-06-18 09:23:57,B,1067.5,1,5
2021-06-18 09:23:57,B,1067.3,3,3
2021-06-18 09:23:57,B,1067.2,2,7
2021-06-18 09:23:57,S,1069.8,2,5
2021-06-18 09:23:57,S,1069.9,1,12
2021-06-18 09:23:57,S,1070.0,1,1
2021-06-18 09:23:57,S,1070.2,1,5
2021-06-18 09:23:57,S,1070.55,3,10
2021-06-18 09:23:57,B,1067.6,1,29
2021-06-18 09:23:57,B,1067.55,1,16
2021-06-18 09:23:57,B,1067.5,1,5
2021-06-18 09:23:57,B,1067.3,3,3
2021-06-18 09:23:57,B,1067.2,2,7
2021-06-18 09:23:58,S,1069.7,1,24
2021-06-18 09:23:58,S,1069.75,1,12
2021-06-18 09:23:58,S,1070.0,1,1
2021-06-18 09:23:58,S,1070.6,1,4
2021-06-18 09:23:58,S,1070.95,1,10
2021-06-18 09:23:58,B,1068.7,1,29
2021-06-18 09:23:58,B,1068.65,2,21
2021-06-18 09:23:58,B,1068.05,2,18
2021-06-18 09:23:58,B,1067.95,2,6
2021-06-18 09:23:58,B,1067.6,3,3
2021-06-18 09:23:58,S,1069.7,1,24
2021-06-18 09:23:58,S,1069.75,1,12
2021-06-18 09:23:58,S,1070.0,1,1
2021-06-18 09:23:58,S,1070.6,1,4
2021-06-18 09:23:58,S,1070.95,1,10
2021-06-18 09:23:58,B,1068.7,1,29
2021-06-18 09:23:58,B,1068.65,2,21
2021-06-18 09:23:58,B,1068.05,2,18
2021-06-18 09:23:58,B,1067.95,2,6
2021-06-18 09:23:58,B,1067.6,3,3
2021-06-18 09:24:00,S,1069.7,1,24
2021-06-18 09:24:00,S,1069.75,1,12
2021-06-18 09:24:00,S,1070.0,1,1
2021-06-18 09:24:00,S,1070.6,1,4
2021-06-18 09:24:00,S,1070.95,1,10
2021-06-18 09:24:00,B,1068.7,1,29
2021-06-18 09:24:00,B,1068.65,2,21
2021-06-18 09:24:00,B,1068.05,2,18
2021-06-18 09:24:00,B,1067.95,2,6
2021-06-18 09:24:00,B,1067.6,3,3
2021-06-18 09:24:00,S,1069.7,1,24
2021-06-18 09:24:00,S,1069.75,1,12
2021-06-18 09:24:00,S,1070.0,1,1
2021-06-18 09:24:00,S,1070.6,1,4
2021-06-18 09:24:00,S,1070.95,1,10
2021-06-18 09:24:00,B,1068.7,1,29
2021-06-18 09:24:00,B,1068.65,2,21
2021-06-18 09:24:00,B,1068.05,2,18
2021-06-18 09:24:00,B,1067.95,2,6
2021-06-18 09:24:00,B,1067.6,3,3
2021-06-18 09:24:01,S,1072.15,1,24
2021-06-18 09:24:01,S,1072.2,1,5
2021-06-18 09:24:01,S,1072.7,2,5
2021-06-18 09:24:01,S,1073.0,1,5
2021-06-18 09:24:01,S,1073.3,1,12
2021-06-18 09:24:01,B,1070.75,2,47
2021-06-18 09:24:01,B,1070.7,4,4
2021-06-18 09:24:01,B,1070.35,2,6
2021-06-18 09:24:01,B,1070.05,1,7
2021-06-18 09:24:01,B,1070.0,1,5
2021-06-18 09:24:01,S,1072.15,1,24
2021-06-18 09:24:01,S,1072.2,1,5
2021-06-18 09:24:01,S,1072.7,2,5
2021-06-18 09:24:01,S,1073.0,1,5
2021-06-18 09:24:01,S,1073.3,1,12
2021-06-18 09:24:01,B,1070.75,2,47
2021-06-18 09:24:01,B,1070.7,4,4
2021-06-18 09:24:01,B,1070.35,2,6
2021-06-18 09:24:01,B,1070.05,1,7
2021-06-18 09:24:01,B,1070.0,1,5
2021-06-18 09:24:05,S,1072.15,1,24
2021-06-18 09:24:05,S,1072.2,1,5
2021-06-18 09:24:05,S,1072.7,2,5
2021-06-18 09:24:05,S,1073.0,1,5
2021-06-18 09:24:05,S,1073.3,1,12
2021-06-18 09:24:05,B,1070.75,2,47
2021-06-18 09:24:05,B,1070.7,4,4
2021-06-18 09:24:05,B,1070.35,2,6
2021-06-18 09:24:05,B,1070.05,1,7
2021-06-18 09:24:05,B,1070.0,1,5
2021-06-18 09:24:05,S,1072.15,1,24
2021-06-18 09:24:05,S,1072.2,1,5
2021-06-18 09:24:05,S,1072.7,2,5
2021-06-18 09:24:05,S,1073.0,1,5
2021-06-18 09:24:05,S,1073.3,1,12
2021-06-18 09:24:05,B,1070.75,2,47
2021-06-18 09:24:05,B,1070.7,4,4
2021-06-18 09:24:05,B,1070.35,2,6
2021-06-18 09:24:05,B,1070.05,1,7
2021-06-18 09:24:05,B,1070.0,1,5
2021-06-18 09:24:06,S,1070.75,2,36
2021-06-18 09:24:06,S,1070.8,1,19
2021-06-18 09:24:06,S,1070.85,1,2
2021-06-18 09:24:06,S,1070.95,3,3
2021-06-18 09:24:06,S,1071.15,1,14
2021-06-18 09:24:06,B,1067.7,1,6
2021-06-18 09:24:06,B,1067.65,1,4
2021-06-18 09:24:06,B,1067.15,3,3
2021-06-18 09:24:06,B,1067.1,1,2
2021-06-18 09:24:06,B,1067.05,1,3
2021-06-18 09:24:06,S,1070.75,2,36
2021-06-18 09:24:06,S,1070.8,1,19
2021-06-18 09:24:06,S,1070.85,1,2
2021-06-18 09:24:06,S,1070.95,3,3
2021-06-18 09:24:06,S,1071.15,1,14
2021-06-18 09:24:06,B,1067.7,1,6
2021-06-18 09:24:06,B,1067.65,1,4
2021-06-18 09:24:06,B,1067.15,3,3
2021-06-18 09:24:06,B,1067.1,1,2
2021-06-18 09:24:06,B,1067.05,1,3
2021-06-18 09:24:08,S,1070.75,2,36
2021-06-18 09:24:08,S,1070.8,1,19
2021-06-18 09:24:08,S,1070.85,1,2
2021-06-18 09:24:08,S,1070.95,3,3
2021-06-18 09:24:08,S,1071.15,1,14
2021-06-18 09:24:08,B,1067.7,1,6
2021-06-18 09:24:08,B,1067.65,1,4
2021-06-18 09:24:08,B,1067.15,3,3
2021-06-18 09:24:08,B,1067.1,1,2
2021-06-18 09:24:08,B,1067.05,1,3
2021-06-18 09:24:08,S,1070.75,2,36
2021-06-18 09:24:08,S,1070.8,1,19
2021-06-18 09:24:08,S,1070.85,1,2
2021-06-18 09:24:08,S,1070.95,3,3
2021-06-18 09:24:08,S,1071.15,1,14
2021-06-18 09:24:08,B,1067.7,1,6
2021-06-18 09:24:08,B,1067.65,1,4
2021-06-18 09:24:08,B,1067.15,3,3
2021-06-18 09:24:08,B,1067.1,1,2
2021-06-18 09:24:08,B,1067.05,1,3
2021-06-18 09:24:09,S,1068.3,1,14
2021-06-18 09:24:09,S,1068.35,1,5
2021-06-18 09:24:09,S,1068.55,3,13
2021-06-18 09:24:09,S,1068.6,2,13
2021-06-18 09:24:09,S,1069.1,1,2
2021-06-18 09:24:09,B,1066.75,1,14
2021-06-18 09:24:09,B,1066.7,2,6
2021-06-18 09:24:09,B,1066.65,2,7
2021-06-18 09:24:09,B,1066.6,2,3
2021-06-18 09:24:09,B,1066.2,1,4
2021-06-18 09:24:09,S,1068.3,1,14
2021-06-18 09:24:09,S,1068.35,1,5
2021-06-18 09:24:09,S,1068.55,3,13
2021-06-18 09:24:09,S,1068.6,2,13
2021-06-18 09:24:09,S,1069.1,1,2
2021-06-18 09:24:09,B,1066.75,1,14
2021-06-18 09:24:09,B,1066.7,2,6
2021-06-18 09:24:09,B,1066.65,2,7
2021-06-18 09:24:09,B,1066.6,2,3
2021-06-18 09:24:09,B,1066.2,1,4
2021-06-18 09:24:13,S,1070.3,2,17
2021-06-18 09:24:13,S,1070.35,1,5
2021-06-18 09:24:13,S,1070.85,1,1
2021-06-18 09:24:13,S,1070.9,3,7
2021-06-18 09:24:13,S,1070.95,1,6
2021-06-18 09:24:13,B,1067.7,1,14
2021-06-18 09:24:13,B,1067.65,1,19
2021-06-18 09:24:13,B,1067.1,1,6
2021-06-18 09:24:13,B,1067.05,1,3
2021-06-18 09:24:13,B,1067.0,3,4
2021-06-18 09:24:13,S,1070.3,2,17
2021-06-18 09:24:13,S,1070.35,1,5
2021-06-18 09:24:13,S,1070.85,1,1
2021-06-18 09:24:13,S,1070.9,3,7
2021-06-18 09:24:13,S,1070.95,1,6
2021-06-18 09:24:13,B,1067.7,1,14
2021-06-18 09:24:13,B,1067.65,1,19
2021-06-18 09:24:13,B,1067.1,1,6
2021-06-18 09:24:13,B,1067.05,1,3
2021-06-18 09:24:13,B,1067.0,3,4
2021-06-18 09:24:16,S,1070.3,2,17
2021-06-18 09:24:16,S,1070.35,1,5
2021-06-18 09:24:16,S,1070.85,1,1
2021-06-18 09:24:16,S,1070.9,3,7
2021-06-18 09:24:16,S,1070.95,1,6
2021-06-18 09:24:16,B,1067.7,1,14
2021-06-18 09:24:16,B,1067.65,1,19
2021-06-18 09:24:16,B,1067.1,1,6
2021-06-18 09:24:16,B,1067.05,1,3
2021-06-18 09:24:16,B,1067.0,3,4
2021-06-18 09:24:16,S,1070.3,2,17
2021-06-18 09:24:16,S,1070.35,1,5
2021-06-18 09:24:16,S,1070.85,1,1
2021-06-18 09:24:16,S,1070.9,3,7
2021-06-18 09:24:16,S,1070.95,1,6
2021-06-18 09:24:16,B,1067.7,1,14
2021-06-18 09:24:16,B,1067.65,1,19
2021-06-18 09:24:16,B,1067.1,1,6
2021-06-18 09:24:16,B,1067.05,1,3
2021-06-18 09:24:16,B,1067.0,3,4
2021-06-18 09:24:16,S,1070.3,2,17
2021-06-18 09:24:16,S,1070.35,1,5
2021-06-18 09:24:16,S,1070.85,1,1
2021-06-18 09:24:16,S,1070.9,3,7
2021-06-18 09:24:16,S,1070.95,1,6
2021-06-18 09:24:16,B,1067.7,1,14
2021-06-18 09:24:16,B,1067.65,1,19
2021-06-18 09:24:16,B,1067.1,1,6
2021-06-18 09:24:16,B,1067.05,1,3
2021-06-18 09:24:16,B,1067.0,3,4
2021-06-18 09:24:16,S,1070.3,2,17
2021-06-18 09:24:16,S,1070.35,1,5
2021-06-18 09:24:16,S,1070.85,1,1
2021-06-18 09:24:16,S,1070.9,3,7
2021-06-18 09:24:16,S,1070.95,1,6
2021-06-18 09:24:16,B,1067.7,1,14
2021-06-18 09:24:16,B,1067.65,1,19
2021-06-18 09:24:16,B,1067.1,1,6
2021-06-18 09:24:16,B,1067.05,1,3
2021-06-18 09:24:16,B,1067.0,3,4
2021-06-18 09:24:17,S,1069.85,2,8
2021-06-18 09:24:17,S,1070.1,2,8
2021-06-18 09:24:17,S,1070.25,4,4
2021-06-18 09:24:17,S,1070.3,1,4
2021-06-18 09:24:17,S,1070.65,1,4
2021-06-18 09:24:17,B,1067.25,1,7
2021-06-18 09:24:17,B,1067.2,1,7
2021-06-18 09:24:17,B,1067.15,2,4
2021-06-18 09:24:17,B,1067.1,4,4
2021-06-18 09:24:17,B,1066.85,1,4
2021-06-18 09:24:17,S,1069.85,2,8
2021-06-18 09:24:17,S,1070.1,2,8
2021-06-18 09:24:17,S,1070.25,4,4
2021-06-18 09:24:17,S,1070.3,1,4
2021-06-18 09:24:17,S,1070.65,1,4
2021-06-18 09:24:17,B,1067.25,1,7
2021-06-18 09:24:17,B,1067.2,1,7
2021-06-18 09:24:17,B,1067.15,2,4
2021-06-18 09:24:17,B,1067.1,4,4
2021-06-18 09:24:17,B,1066.85,1,4
2021-06-18 09:24:21,S,1069.8,1,7
2021-06-18 09:24:21,S,1069.85,2,5
2021-06-18 09:24:21,S,1070.0,2,7
2021-06-18 09:24:21,S,1070.05,1,13
2021-06-18 09:24:21,S,1070.1,2,8
2021-06-18 09:24:21,B,1067.55,1,7
2021-06-18 09:24:21,B,1067.5,1,7
2021-06-18 09:24:21,B,1067.4,3,3
2021-06-18 09:24:21,B,1067.1,1,1
2021-06-18 09:24:21,B,1066.9,1,2
2021-06-18 09:24:21,S,1069.8,1,7
2021-06-18 09:24:21,S,1069.85,2,5
2021-06-18 09:24:21,S,1070.0,2,7
2021-06-18 09:24:21,S,1070.05,1,13
2021-06-18 09:24:21,S,1070.1,2,8
2021-06-18 09:24:21,B,1067.55,1,7
2021-06-18 09:24:21,B,1067.5,1,7
2021-06-18 09:24:21,B,1067.4,3,3
2021-06-18 09:24:21,B,1067.1,1,1
2021-06-18 09:24:21,B,1066.9,1,2
2021-06-18 09:24:25,S,1069.8,1,7
2021-06-18 09:24:25,S,1069.85,3,10
2021-06-18 09:24:25,S,1070.0,2,7
2021-06-18 09:24:25,S,1070.05,1,13
2021-06-18 09:24:25,S,1070.1,2,8
2021-06-18 09:24:25,B,1068.25,1,7
2021-06-18 09:24:25,B,1068.2,1,5
2021-06-18 09:24:25,B,1067.55,3,3
2021-06-18 09:24:25,B,1067.5,1,7
2021-06-18 09:24:25,B,1067.3,1,4
2021-06-18 09:24:25,S,1069.8,1,7
2021-06-18 09:24:25,S,1069.85,3,10
2021-06-18 09:24:25,S,1070.0,2,7
2021-06-18 09:24:25,S,1070.05,1,13
2021-06-18 09:24:25,S,1070.1,2,8
2021-06-18 09:24:25,B,1068.25,1,7
2021-06-18 09:24:25,B,1068.2,1,5
2021-06-18 09:24:25,B,1067.55,3,3
2021-06-18 09:24:25,B,1067.5,1,7
2021-06-18 09:24:25,B,1067.3,1,4
2021-06-18 09:24:29,S,1069.7,1,7
2021-06-18 09:24:29,S,1069.75,3,12
2021-06-18 09:24:29,S,1069.8,2,24
2021-06-18 09:24:29,S,1069.85,2,5
2021-06-18 09:24:29,S,1070.05,1,13
2021-06-18 09:24:29,B,1068.25,1,7
2021-06-18 09:24:29,B,1068.2,1,5
2021-06-18 09:24:29,B,1067.55,3,3
2021-06-18 09:24:29,B,1067.5,1,7
2021-06-18 09:24:29,B,1066.9,1,3
2021-06-18 09:24:29,S,1069.7,1,7
2021-06-18 09:24:29,S,1069.75,3,12
2021-06-18 09:24:29,S,1069.8,2,24
2021-06-18 09:24:29,S,1069.85,2,5
2021-06-18 09:24:29,S,1070.05,1,13
2021-06-18 09:24:29,B,1068.25,1,7
2021-06-18 09:24:29,B,1068.2,1,5
2021-06-18 09:24:29,B,1067.55,3,3
2021-06-18 09:24:29,B,1067.5,1,7
2021-06-18 09:24:29,B,1066.9,1,3
2021-06-18 09:24:33,S,1069.7,1,7
2021-06-18 09:24:33,S,1069.75,1,6
2021-06-18 09:24:33,S,1069.8,1,23
2021-06-18 09:24:33,S,1069.85,1,4
2021-06-18 09:24:33,S,1070.05,1,13
2021-06-18 09:24:33,B,1067.95,1,7
2021-06-18 09:24:33,B,1067.9,2,6
2021-06-18 09:24:33,B,1067.6,3,3
2021-06-18 09:24:33,B,1067.3,1,4
2021-06-18 09:24:33,B,1067.1,1,7
2021-06-18 09:24:33,S,1069.7,1,7
2021-06-18 09:24:33,S,1069.75,1,6
2021-06-18 09:24:33,S,1069.8,1,23
2021-06-18 09:24:33,S,1069.85,1,4
2021-06-18 09:24:33,S,1070.05,1,13
2021-06-18 09:24:33,B,1067.95,1,7
2021-06-18 09:24:33,B,1067.9,2,6
2021-06-18 09:24:33,B,1067.6,3,3
2021-06-18 09:24:33,B,1067.3,1,4
2021-06-18 09:24:33,B,1067.1,1,7
2021-06-18 09:24:37,S,1069.7,1,7
2021-06-18 09:24:37,S,1069.75,1,6
2021-06-18 09:24:37,S,1069.8,1,23
2021-06-18 09:24:37,S,1069.85,1,4
2021-06-18 09:24:37,S,1070.05,1,13
2021-06-18 09:24:37,B,1068.35,1,7
2021-06-18 09:24:37,B,1068.3,2,6
2021-06-18 09:24:37,B,1067.6,3,3
2021-06-18 09:24:37,B,1067.3,1,4
2021-06-18 09:24:37,B,1067.1,1,7
2021-06-18 09:24:37,S,1069.7,1,7
2021-06-18 09:24:37,S,1069.75,1,6
2021-06-18 09:24:37,S,1069.8,1,23
2021-06-18 09:24:37,S,1069.85,1,4
2021-06-18 09:24:37,S,1070.05,1,13
2021-06-18 09:24:37,B,1068.35,1,7
2021-06-18 09:24:37,B,1068.3,2,6
2021-06-18 09:24:37,B,1067.6,3,3
2021-06-18 09:24:37,B,1067.3,1,4
2021-06-18 09:24:37,B,1067.1,1,7
2021-06-18 09:24:37,S,1069.7,1,7
2021-06-18 09:24:37,S,1069.75,1,6
2021-06-18 09:24:37,S,1069.8,1,23
2021-06-18 09:24:37,S,1069.85,1,4
2021-06-18 09:24:37,S,1070.05,1,13
2021-06-18 09:24:37,B,1068.35,1,7
2021-06-18 09:24:37,B,1068.3,2,6
2021-06-18 09:24:37,B,1067.6,3,3
2021-06-18 09:24:37,B,1067.3,1,4
2021-06-18 09:24:37,B,1067.1,1,7
2021-06-18 09:24:38,S,1069.7,1,7
2021-06-18 09:24:38,S,1069.75,1,6
2021-06-18 09:24:38,S,1069.8,1,23
2021-06-18 09:24:38,S,1069.85,1,4
2021-06-18 09:24:38,S,1070.05,1,13
2021-06-18 09:24:38,B,1068.35,1,7
2021-06-18 09:24:38,B,1068.3,2,6
2021-06-18 09:24:38,B,1067.6,3,3
2021-06-18 09:24:38,B,1067.3,1,4
2021-06-18 09:24:38,B,1067.1,1,7
2021-06-18 09:24:39,S,1069.7,1,7
2021-06-18 09:24:39,S,1069.75,1,6
2021-06-18 09:24:39,S,1069.8,1,23
2021-06-18 09:24:39,S,1069.85,1,4
2021-06-18 09:24:39,S,1070.05,1,13
2021-06-18 09:24:39,B,1068.35,1,7
2021-06-18 09:24:39,B,1068.3,2,6
2021-06-18 09:24:39,B,1067.6,3,3
2021-06-18 09:24:39,B,1067.3,1,4
2021-06-18 09:24:39,B,1067.1,1,7
2021-06-18 09:24:39,S,1069.7,1,7
2021-06-18 09:24:39,S,1069.75,1,6
2021-06-18 09:24:39,S,1069.8,1,23
2021-06-18 09:24:39,S,1069.85,1,4
2021-06-18 09:24:39,S,1070.05,1,13
2021-06-18 09:24:39,B,1068.35,1,7
2021-06-18 09:24:39,B,1068.3,2,6
2021-06-18 09:24:39,B,1067.6,3,3
2021-06-18 09:24:39,B,1067.3,1,4
2021-06-18 09:24:39,B,1067.1,1,7
2021-06-18 09:24:40,S,1069.6,1,7
2021-06-18 09:24:40,S,1069.65,1,7
2021-06-18 09:24:40,S,1069.7,3,3
2021-06-18 09:24:40,S,1069.75,2,12
2021-06-18 09:24:40,S,1069.8,1,23
2021-06-18 09:24:40,B,1067.05,2,3
2021-06-18 09:24:40,B,1067.0,1,1
2021-06-18 09:24:40,B,1066.4,3,3
2021-06-18 09:24:40,B,1066.35,1,3
2021-06-18 09:24:40,B,1066.3,1,1
2021-06-18 09:24:40,S,1069.6,1,7
2021-06-18 09:24:40,S,1069.65,1,7
2021-06-18 09:24:40,S,1069.7,3,3
2021-06-18 09:24:40,S,1069.75,2,12
2021-06-18 09:24:40,S,1069.8,1,23
2021-06-18 09:24:40,B,1067.05,2,3
2021-06-18 09:24:40,B,1067.0,1,1
2021-06-18 09:24:40,B,1066.4,3,3
2021-06-18 09:24:40,B,1066.35,1,3
2021-06-18 09:24:40,B,1066.3,1,1
2021-06-18 09:24:44,S,1067.9,1,5
2021-06-18 09:24:44,S,1067.95,1,25
2021-06-18 09:24:44,S,1068.4,1,4
2021-06-18 09:24:44,S,1068.85,1,4
2021-06-18 09:24:44,S,1069.25,1,6
2021-06-18 09:24:44,B,1067.05,1,7
2021-06-18 09:24:44,B,1067.0,2,2
2021-06-18 09:24:44,B,1065.95,1,7
2021-06-18 09:24:44,B,1065.9,1,3
2021-06-18 09:24:44,B,1065.85,1,3
2021-06-18 09:24:44,S,1067.9,1,5
2021-06-18 09:24:44,S,1067.95,1,25
2021-06-18 09:24:44,S,1068.4,1,4
2021-06-18 09:24:44,S,1068.85,1,4
2021-06-18 09:24:44,S,1069.25,1,6
2021-06-18 09:24:44,B,1067.05,1,7
2021-06-18 09:24:44,B,1067.0,2,2
2021-06-18 09:24:44,B,1065.95,1,7
2021-06-18 09:24:44,B,1065.9,1,3
2021-06-18 09:24:44,B,1065.85,1,3
2021-06-18 09:24:47,S,1067.9,1,5
2021-06-18 09:24:47,S,1067.95,1,25
2021-06-18 09:24:47,S,1068.4,1,4
2021-06-18 09:24:47,S,1068.85,1,4
2021-06-18 09:24:47,S,1069.25,1,6
2021-06-18 09:24:47,B,1067.05,1,7
2021-06-18 09:24:47,B,1067.0,2,2
2021-06-18 09:24:47,B,1065.95,1,7
2021-06-18 09:24:47,B,1065.9,1,3
2021-06-18 09:24:47,B,1065.85,1,3
2021-06-18 09:24:47,S,1067.9,1,5
2021-06-18 09:24:47,S,1067.95,1,25
2021-06-18 09:24:47,S,1068.4,1,4
2021-06-18 09:24:47,S,1068.85,1,4
2021-06-18 09:24:47,S,1069.25,1,6
2021-06-18 09:24:47,B,1067.05,1,7
2021-06-18 09:24:47,B,1067.0,2,2
2021-06-18 09:24:47,B,1065.95,1,7
2021-06-18 09:24:47,B,1065.9,1,3
2021-06-18 09:24:47,B,1065.85,1,3
2021-06-18 09:24:48,S,1067.95,1,25
2021-06-18 09:24:48,S,1069.0,1,4
2021-06-18 09:24:48,S,1069.25,1,6
2021-06-18 09:24:48,S,1069.45,1,4
2021-06-18 09:24:48,S,1069.65,2,8
2021-06-18 09:24:48,B,1067.25,3,11
2021-06-18 09:24:48,B,1067.2,1,7
2021-06-18 09:24:48,B,1067.15,1,7
2021-06-18 09:24:48,B,1067.0,2,2
2021-06-18 09:24:48,B,1065.95,1,7
2021-06-18 09:24:48,S,1067.95,1,25
2021-06-18 09:24:48,S,1069.0,1,4
2021-06-18 09:24:48,S,1069.25,1,6
2021-06-18 09:24:48,S,1069.45,1,4
2021-06-18 09:24:48,S,1069.65,2,8
2021-06-18 09:24:48,B,1067.25,3,11
2021-06-18 09:24:48,B,1067.2,1,7
2021-06-18 09:24:48,B,1067.15,1,7
2021-06-18 09:24:48,B,1067.0,2,2
2021-06-18 09:24:48,B,1065.95,1,7
2021-06-18 09:24:52,S,1069.5,1,4
2021-06-18 09:24:52,S,1069.8,1,23
2021-06-18 09:24:52,S,1070.1,1,7
2021-06-18 09:24:52,S,1070.3,1,4
2021-06-18 09:24:52,S,1070.6,3,3
2021-06-18 09:24:52,B,1068.0,2,8
2021-06-18 09:24:52,B,1067.95,1,25
2021-06-18 09:24:52,B,1067.25,2,6
2021-06-18 09:24:52,B,1067.05,1,3
2021-06-18 09:24:52,B,1067.0,2,2
2021-06-18 09:24:52,S,1069.5,1,4
2021-06-18 09:24:52,S,1069.8,1,23
2021-06-18 09:24:52,S,1070.1,1,7
2021-06-18 09:24:52,S,1070.3,1,4
2021-06-18 09:24:52,S,1070.6,3,3
2021-06-18 09:24:52,B,1068.0,2,8
2021-06-18 09:24:52,B,1067.95,1,25
2021-06-18 09:24:52,B,1067.25,2,6
2021-06-18 09:24:52,B,1067.05,1,3
2021-06-18 09:24:52,B,1067.0,2,2
2021-06-18 09:24:55,S,1069.5,1,4
2021-06-18 09:24:55,S,1069.8,1,23
2021-06-18 09:24:55,S,1070.1,1,7
2021-06-18 09:24:55,S,1070.3,1,4
2021-06-18 09:24:55,S,1070.6,3,3
2021-06-18 09:24:55,B,1068.0,2,8
2021-06-18 09:24:55,B,1067.95,1,25
2021-06-18 09:24:55,B,1067.25,2,6
2021-06-18 09:24:55,B,1067.05,1,3
2021-06-18 09:24:55,B,1067.0,2,2
2021-06-18 09:24:55,S,1069.5,1,4
2021-06-18 09:24:55,S,1069.8,1,23
2021-06-18 09:24:55,S,1070.1,1,7
2021-06-18 09:24:55,S,1070.3,1,4
2021-06-18 09:24:55,S,1070.6,3,3
2021-06-18 09:24:55,B,1068.0,2,8
2021-06-18 09:24:55,B,1067.95,1,25
2021-06-18 09:24:55,B,1067.25,2,6
2021-06-18 09:24:55,B,1067.05,1,3
2021-06-18 09:24:55,B,1067.0,2,2
2021-06-18 09:24:56,S,1069.75,1,6
2021-06-18 09:24:56,S,1069.8,1,23
2021-06-18 09:24:56,S,1070.3,1,4
2021-06-18 09:24:56,S,1070.6,3,3
2021-06-18 09:24:56,S,1070.65,2,5
2021-06-18 09:24:56,B,1067.8,2,8
2021-06-18 09:24:56,B,1067.05,1,7
2021-06-18 09:24:56,B,1067.0,2,2
2021-06-18 09:24:56,B,1066.8,1,6
2021-06-18 09:24:56,B,1066.65,1,4
2021-06-18 09:24:56,S,1069.75,1,6
2021-06-18 09:24:56,S,1069.8,1,23
2021-06-18 09:24:56,S,1070.3,1,4
2021-06-18 09:24:56,S,1070.6,3,3
2021-06-18 09:24:56,S,1070.65,2,5
2021-06-18 09:24:56,B,1067.8,2,8
2021-06-18 09:24:56,B,1067.05,1,7
2021-06-18 09:24:56,B,1067.0,2,2
2021-06-18 09:24:56,B,1066.8,1,6
2021-06-18 09:24:56,B,1066.65,1,4
2021-06-18 09:24:58,S,1069.75,1,6
2021-06-18 09:24:58,S,1069.8,1,23
2021-06-18 09:24:58,S,1070.3,1,4
2021-06-18 09:24:58,S,1070.6,3,3
2021-06-18 09:24:58,S,1070.65,2,5
2021-06-18 09:24:58,B,1067.8,2,8
2021-06-18 09:24:58,B,1067.05,1,7
2021-06-18 09:24:58,B,1067.0,2,2
2021-06-18 09:24:58,B,1066.8,1,6
2021-06-18 09:24:58,B,1066.65,1,4
2021-06-18 09:24:58,S,1069.75,1,6
2021-06-18 09:24:58,S,1069.8,1,23
2021-06-18 09:24:58,S,1070.3,1,4
2021-06-18 09:24:58,S,1070.6,3,3
2021-06-18 09:24:58,S,1070.65,2,5
2021-06-18 09:24:58,B,1067.8,2,8
2021-06-18 09:24:58,B,1067.05,1,7
2021-06-18 09:24:58,B,1067.0,2,2
2021-06-18 09:24:58,B,1066.8,1,6
2021-06-18 09:24:58,B,1066.65,1,4
2021-06-18 09:25:00,S,1069.75,1,7
2021-06-18 09:25:00,S,1069.8,1,23
2021-06-18 09:25:00,S,1070.1,1,6
2021-06-18 09:25:00,S,1070.6,3,3
2021-06-18 09:25:00,S,1070.65,1,10
2021-06-18 09:25:00,B,1067.4,2,8
2021-06-18 09:25:00,B,1067.05,1,7
2021-06-18 09:25:00,B,1067.0,2,2
2021-06-18 09:25:00,B,1066.85,3,3
2021-06-18 09:25:00,B,1066.8,1,6
2021-06-18 09:25:00,S,1069.75,1,7
2021-06-18 09:25:00,S,1069.8,1,23
2021-06-18 09:25:00,S,1070.1,1,6
2021-06-18 09:25:00,S,1070.6,3,3
2021-06-18 09:25:00,S,1070.65,1,10
2021-06-18 09:25:00,B,1067.4,2,8
2021-06-18 09:25:00,B,1067.05,1,7
2021-06-18 09:25:00,B,1067.0,2,2
2021-06-18 09:25:00,B,1066.85,3,3
2021-06-18 09:25:00,B,1066.8,1,6
2021-06-18 09:25:04,S,1069.45,1,7
2021-06-18 09:25:04,S,1069.5,1,4
2021-06-18 09:25:04,S,1070.0,1,4
2021-06-18 09:25:04,S,1070.1,1,6
2021-06-18 09:25:04,S,1070.6,3,3
2021-06-18 09:25:04,B,1067.3,2,14
2021-06-18 09:25:04,B,1067.15,1,2
2021-06-18 09:25:04,B,1067.0,2,2
2021-06-18 09:25:04,B,1066.85,4,5
2021-06-18 09:25:04,B,1066.8,1,6
2021-06-18 09:25:04,S,1069.45,1,7
2021-06-18 09:25:04,S,1069.5,1,4
2021-06-18 09:25:04,S,1070.0,1,4
2021-06-18 09:25:04,S,1070.1,1,6
2021-06-18 09:25:04,S,1070.6,3,3
2021-06-18 09:25:04,B,1067.3,2,14
2021-06-18 09:25:04,B,1067.15,1,2
2021-06-18 09:25:04,B,1067.0,2,2
2021-06-18 09:25:04,B,1066.85,4,5
2021-06-18 09:25:04,B,1066.8,1,6
2021-06-18 09:25:08,S,1070.7,1,8
2021-06-18 09:25:08,S,1070.75,3,3
2021-06-18 09:25:08,S,1070.8,1,4
2021-06-18 09:25:08,S,1070.95,1,6
2021-06-18 09:25:08,S,1071.0,1,2
2021-06-18 09:25:08,B,1067.8,2,12
2021-06-18 09:25:08,B,1067.75,2,6
2021-06-18 09:25:08,B,1067.4,3,3
2021-06-18 09:25:08,B,1067.3,1,7
2021-06-18 09:25:08,B,1067.2,1,3
2021-06-18 09:25:08,S,1070.7,1,8
2021-06-18 09:25:08,S,1070.75,3,3
2021-06-18 09:25:08,S,1070.8,1,4
2021-06-18 09:25:08,S,1070.95,1,6
2021-06-18 09:25:08,S,1071.0,1,2
2021-06-18 09:25:08,B,1067.8,2,12
2021-06-18 09:25:08,B,1067.75,2,6
2021-06-18 09:25:08,B,1067.4,3,3
2021-06-18 09:25:08,B,1067.3,1,7
2021-06-18 09:25:08,B,1067.2,1,3
2021-06-18 09:25:09,S,1070.7,1,8
2021-06-18 09:25:09,S,1070.75,3,3
2021-06-18 09:25:09,S,1070.8,1,4
2021-06-18 09:25:09,S,1070.95,1,6
2021-06-18 09:25:09,S,1071.0,1,2
2021-06-18 09:25:09,B,1067.8,2,12
2021-06-18 09:25:09,B,1067.75,2,6
2021-06-18 09:25:09,B,1067.4,3,3
2021-06-18 09:25:09,B,1067.3,1,7
2021-06-18 09:25:09,B,1067.2,1,3
2021-06-18 09:25:09,S,1070.7,1,8
2021-06-18 09:25:09,S,1070.75,3,3
2021-06-18 09:25:09,S,1070.8,1,4
2021-06-18 09:25:09,S,1070.95,1,6
2021-06-18 09:25:09,S,1071.0,1,2
2021-06-18 09:25:09,B,1067.8,2,12
2021-06-18 09:25:09,B,1067.75,2,6
2021-06-18 09:25:09,B,1067.4,3,3
2021-06-18 09:25:09,B,1067.3,1,7
2021-06-18 09:25:09,B,1067.2,1,3
2021-06-18 09:25:12,S,1070.7,2,8
2021-06-18 09:25:12,S,1070.75,1,7
2021-06-18 09:25:12,S,1070.8,1,4
2021-06-18 09:25:12,S,1070.9,3,7
2021-06-18 09:25:12,S,1070.95,1,6
2021-06-18 09:25:12,B,1068.4,1,3
2021-06-18 09:25:12,B,1068.35,1,5
2021-06-18 09:25:12,B,1067.8,1,5
2021-06-18 09:25:12,B,1067.35,3,7
2021-06-18 09:25:12,B,1067.3,1,7
2021-06-18 09:25:12,S,1070.7,2,8
2021-06-18 09:25:12,S,1070.75,1,7
2021-06-18 09:25:12,S,1070.8,1,4
2021-06-18 09:25:12,S,1070.9,3,7
2021-06-18 09:25:12,S,1070.95,1,6
2021-06-18 09:25:12,B,1068.4,1,3
2021-06-18 09:25:12,B,1068.35,1,5
2021-06-18 09:25:12,B,1067.8,1,5
2021-06-18 09:25:12,B,1067.35,3,7
2021-06-18 09:25:12,B,1067.3,1,7
2021-06-18 09:25:16,S,1070.6,2,8
2021-06-18 09:25:16,S,1070.8,1,4
2021-06-18 09:25:16,S,1071.0,1,2
2021-06-18 09:25:16,S,1071.05,1,1
2021-06-18 09:25:16,S,1071.55,1,5
2021-06-18 09:25:16,B,1069.35,1,3
2021-06-18 09:25:16,B,1069.3,1,5
2021-06-18 09:25:16,B,1068.3,1,5
2021-06-18 09:25:16,B,1067.9,3,7
2021-06-18 09:25:16,B,1067.85,1,4
2021-06-18 09:25:16,S,1070.6,2,8
2021-06-18 09:25:16,S,1070.8,1,4
2021-06-18 09:25:16,S,1071.0,1,2
2021-06-18 09:25:16,S,1071.05,1,1
2021-06-18 09:25:16,S,1071.55,1,5
2021-06-18 09:25:16,B,1069.35,1,3
2021-06-18 09:25:16,B,1069.3,1,5
2021-06-18 09:25:16,B,1068.3,1,5
2021-06-18 09:25:16,B,1067.9,3,7
2021-06-18 09:25:16,B,1067.85,1,4
2021-06-18 09:25:16,S,1070.6,2,8
2021-06-18 09:25:16,S,1070.8,1,4
2021-06-18 09:25:16,S,1071.0,1,2
2021-06-18 09:25:16,S,1071.05,1,1
2021-06-18 09:25:16,S,1071.55,1,5
2021-06-18 09:25:16,B,1069.35,1,3
2021-06-18 09:25:16,B,1069.3,1,5
2021-06-18 09:25:16,B,1068.3,1,5
2021-06-18 09:25:16,B,1067.9,3,7
2021-06-18 09:25:16,B,1067.85,1,4
2021-06-18 09:25:16,S,1070.6,2,8
2021-06-18 09:25:16,S,1070.8,1,4
2021-06-18 09:25:16,S,1071.0,1,2
2021-06-18 09:25:16,S,1071.05,1,1
2021-06-18 09:25:16,S,1071.55,1,5
2021-06-18 09:25:16,B,1069.35,1,3
2021-06-18 09:25:16,B,1069.3,1,5
2021-06-18 09:25:16,B,1068.3,1,5
2021-06-18 09:25:16,B,1067.9,3,7
2021-06-18 09:25:16,B,1067.85,1,4
2021-06-18 09:25:18,S,1070.6,2,8
2021-06-18 09:25:18,S,1070.8,1,4
2021-06-18 09:25:18,S,1071.0,1,2
2021-06-18 09:25:18,S,1071.05,1,1
2021-06-18 09:25:18,S,1071.55,1,5
2021-06-18 09:25:18,B,1069.35,1,3
2021-06-18 09:25:18,B,1069.3,1,5
2021-06-18 09:25:18,B,1068.3,1,5
2021-06-18 09:25:18,B,1067.9,3,7
2021-06-18 09:25:18,B,1067.85,1,4
2021-06-18 09:25:18,S,1070.6,2,8
2021-06-18 09:25:18,S,1070.8,1,4
2021-06-18 09:25:18,S,1071.0,1,2
2021-06-18 09:25:18,S,1071.05,1,1
2021-06-18 09:25:18,S,1071.55,1,5
2021-06-18 09:25:18,B,1069.35,1,3
2021-06-18 09:25:18,B,1069.3,1,5
2021-06-18 09:25:18,B,1068.3,1,5
2021-06-18 09:25:18,B,1067.9,3,7
2021-06-18 09:25:18,B,1067.85,1,4
2021-06-18 09:25:19,S,1070.95,2,8
2021-06-18 09:25:19,S,1071.0,1,2
2021-06-18 09:25:19,S,1071.1,1,5
2021-06-18 09:25:19,S,1071.55,1,5
2021-06-18 09:25:19,S,1071.75,1,6
2021-06-18 09:25:19,B,1069.5,1,5
2021-06-18 09:25:19,B,1069.45,1,5
2021-06-18 09:25:19,B,1068.3,1,5
2021-06-18 09:25:19,B,1068.0,3,6
2021-06-18 09:25:19,B,1067.85,1,4
2021-06-18 09:25:19,S,1070.95,2,8
2021-06-18 09:25:19,S,1071.0,1,2
2021-06-18 09:25:19,S,1071.1,1,5
2021-06-18 09:25:19,S,1071.55,1,5
2021-06-18 09:25:19,S,1071.75,1,6
2021-06-18 09:25:19,B,1069.5,1,5
2021-06-18 09:25:19,B,1069.45,1,5
2021-06-18 09:25:19,B,1068.3,1,5
2021-06-18 09:25:19,B,1068.0,3,6
2021-06-18 09:25:19,B,1067.85,1,4
2021-06-18 09:25:20,S,1070.95,2,8
2021-06-18 09:25:20,S,1071.0,1,2
2021-06-18 09:25:20,S,1071.1,1,5
2021-06-18 09:25:20,S,1071.55,1,5
2021-06-18 09:25:20,S,1071.75,1,6
2021-06-18 09:25:20,B,1069.5,1,5
2021-06-18 09:25:20,B,1069.45,1,5
2021-06-18 09:25:20,B,1068.3,1,5
2021-06-18 09:25:20,B,1068.0,3,6
2021-06-18 09:25:20,B,1067.85,1,4
2021-06-18 09:25:20,S,1070.95,2,8
2021-06-18 09:25:20,S,1071.0,1,2
2021-06-18 09:25:20,S,1071.1,1,5
2021-06-18 09:25:20,S,1071.55,1,5
2021-06-18 09:25:20,S,1071.75,1,6
2021-06-18 09:25:20,B,1069.5,1,5
2021-06-18 09:25:20,B,1069.45,1,5
2021-06-18 09:25:20,B,1068.3,1,5
2021-06-18 09:25:20,B,1068.0,3,6
2021-06-18 09:25:20,B,1067.85,1,4
2021-06-18 09:25:23,S,1070.8,1,7
2021-06-18 09:25:23,S,1070.85,1,6
2021-06-18 09:25:23,S,1070.95,1,4
2021-06-18 09:25:23,S,1071.0,1,2
2021-06-18 09:25:23,S,1071.5,3,3
2021-06-18 09:25:23,B,1068.8,2,6
2021-06-18 09:25:23,B,1068.3,2,6
2021-06-18 09:25:23,B,1067.75,1,6
2021-06-18 09:25:23,B,1067.7,3,3
2021-06-18 09:25:23,B,1067.45,1,2
2021-06-18 09:25:23,S,1070.8,1,7
2021-06-18 09:25:23,S,1070.85,1,6
2021-06-18 09:25:23,S,1070.95,1,4
2021-06-18 09:25:23,S,1071.0,1,2
2021-06-18 09:25:23,S,1071.5,3,3
2021-06-18 09:25:23,B,1068.8,2,6
2021-06-18 09:25:23,B,1068.3,2,6
2021-06-18 09:25:23,B,1067.75,1,6
2021-06-18 09:25:23,B,1067.7,3,3
2021-06-18 09:25:23,B,1067.45,1,2
2021-06-18 09:25:25,S,1070.8,1,7
2021-06-18 09:25:25,S,1070.85,1,6
2021-06-18 09:25:25,S,1070.95,1,4
2021-06-18 09:25:25,S,1071.0,1,2
2021-06-18 09:25:25,S,1071.5,3,3
2021-06-18 09:25:25,B,1068.8,2,6
2021-06-18 09:25:25,B,1068.3,2,6
2021-06-18 09:25:25,B,1067.75,1,6
2021-06-18 09:25:25,B,1067.7,3,3
2021-06-18 09:25:25,B,1067.45,1,2
2021-06-18 09:25:25,S,1070.8,1,7
2021-06-18 09:25:25,S,1070.85,1,6
2021-06-18 09:25:25,S,1070.95,1,4
2021-06-18 09:25:25,S,1071.0,1,2
2021-06-18 09:25:25,S,1071.5,3,3
2021-06-18 09:25:25,B,1068.8,2,6
2021-06-18 09:25:25,B,1068.3,2,6
2021-06-18 09:25:25,B,1067.75,1,6
2021-06-18 09:25:25,B,1067.7,3,3
2021-06-18 09:25:25,B,1067.45,1,2
2021-06-18 09:25:26,S,1070.8,1,7
2021-06-18 09:25:26,S,1070.85,1,6
2021-06-18 09:25:26,S,1070.95,1,4
2021-06-18 09:25:26,S,1071.0,1,2
2021-06-18 09:25:26,S,1071.5,3,3
2021-06-18 09:25:26,B,1068.8,2,6
2021-06-18 09:25:26,B,1068.3,2,6
2021-06-18 09:25:26,B,1067.75,1,6
2021-06-18 09:25:26,B,1067.7,3,3
2021-06-18 09:25:26,B,1067.45,1,2
2021-06-18 09:25:26,S,1070.8,1,7
2021-06-18 09:25:26,S,1070.85,1,6
2021-06-18 09:25:26,S,1070.95,1,4
2021-06-18 09:25:26,S,1071.0,1,2
2021-06-18 09:25:26,S,1071.5,3,3
2021-06-18 09:25:26,B,1068.8,2,6
2021-06-18 09:25:26,B,1068.3,2,6
2021-06-18 09:25:26,B,1067.75,1,6
2021-06-18 09:25:26,B,1067.7,3,3
2021-06-18 09:25:26,B,1067.45,1,2
2021-06-18 09:25:27,S,1070.55,1,2
2021-06-18 09:25:27,S,1070.6,1,5
2021-06-18 09:25:27,S,1070.9,1,6
2021-06-18 09:25:27,S,1070.95,2,10
2021-06-18 09:25:27,S,1071.0,1,2
2021-06-18 09:25:27,B,1069.0,2,8
2021-06-18 09:25:27,B,1068.95,1,5
2021-06-18 09:25:27,B,1068.3,2,6
2021-06-18 09:25:27,B,1067.65,1,6
2021-06-18 09:25:27,B,1067.5,2,6
2021-06-18 09:25:27,S,1070.55,1,2
2021-06-18 09:25:27,S,1070.6,1,5
2021-06-18 09:25:27,S,1070.9,1,6
2021-06-18 09:25:27,S,1070.95,2,10
2021-06-18 09:25:27,S,1071.0,1,2
2021-06-18 09:25:27,B,1069.0,2,8
2021-06-18 09:25:27,B,1068.95,1,5
2021-06-18 09:25:27,B,1068.3,2,6
2021-06-18 09:25:27,B,1067.65,1,6
2021-06-18 09:25:27,B,1067.5,2,6
2021-06-18 09:25:31,S,1070.95,2,5
2021-06-18 09:25:31,S,1071.0,1,2
2021-06-18 09:25:31,S,1071.05,1,5
2021-06-18 09:25:31,S,1071.55,1,5
2021-06-18 09:25:31,S,1071.6,1,6
2021-06-18 09:25:31,B,1069.55,1,7
2021-06-18 09:25:31,B,1069.5,1,5
2021-06-18 09:25:31,B,1068.3,2,6
2021-06-18 09:25:31,B,1068.15,1,4
2021-06-18 09:25:31,B,1067.75,1,2
2021-06-18 09:25:31,S,1070.95,2,5
2021-06-18 09:25:31,S,1071.0,1,2
2021-06-18 09:25:31,S,1071.05,1,5
2021-06-18 09:25:31,S,1071.55,1,5
2021-06-18 09:25:31,S,1071.6,1,6
2021-06-18 09:25:31,B,1069.55,1,7
2021-06-18 09:25:31,B,1069.5,1,5
2021-06-18 09:25:31,B,1068.3,2,6
2021-06-18 09:25:31,B,1068.15,1,4
2021-06-18 09:25:31,B,1067.75,1,2
2021-06-18 09:25:34,S,1070.95,2,5
2021-06-18 09:25:34,S,1071.0,1,2
2021-06-18 09:25:34,S,1071.55,1,5
2021-06-18 09:25:34,S,1071.6,1,6
2021-06-18 09:25:34,S,1071.8,1,7
2021-06-18 09:25:34,B,1069.55,1,7
2021-06-18 09:25:34,B,1069.5,1,5
2021-06-18 09:25:34,B,1069.1,1,5
2021-06-18 09:25:34,B,1068.3,1,1
2021-06-18 09:25:34,B,1068.15,1,4
2021-06-18 09:25:34,S,1070.95,2,5
2021-06-18 09:25:34,S,1071.0,1,2
2021-06-18 09:25:34,S,1071.55,1,5
2021-06-18 09:25:34,S,1071.6,1,6
2021-06-18 09:25:34,S,1071.8,1,7
2021-06-18 09:25:34,B,1069.55,1,7
2021-06-18 09:25:34,B,1069.5,1,5
2021-06-18 09:25:34,B,1069.1,1,5
2021-06-18 09:25:34,B,1068.3,1,1
2021-06-18 09:25:34,B,1068.15,1,4
2021-06-18 09:25:35,S,1070.95,2,5
2021-06-18 09:25:35,S,1071.0,1,2
2021-06-18 09:25:35,S,1071.55,1,5
2021-06-18 09:25:35,S,1071.6,1,6
2021-06-18 09:25:35,S,1071.8,1,7
2021-06-18 09:25:35,B,1069.55,1,7
2021-06-18 09:25:35,B,1069.5,1,5
2021-06-18 09:25:35,B,1069.1,1,5
2021-06-18 09:25:35,B,1068.3,1,1
2021-06-18 09:25:35,B,1068.15,1,4
2021-06-18 09:25:35,S,1070.95,2,5
2021-06-18 09:25:35,S,1071.0,1,2
2021-06-18 09:25:35,S,1071.55,1,5
2021-06-18 09:25:35,S,1071.6,1,6
2021-06-18 09:25:35,S,1071.8,1,7
2021-06-18 09:25:35,B,1069.55,1,7
2021-06-18 09:25:35,B,1069.5,1,5
2021-06-18 09:25:35,B,1069.1,1,5
2021-06-18 09:25:35,B,1068.3,1,1
2021-06-18 09:25:35,B,1068.15,1,4
2021-06-18 09:25:36,S,1070.95,2,5
2021-06-18 09:25:36,S,1071.0,1,2
2021-06-18 09:25:36,S,1071.55,1,5
2021-06-18 09:25:36,S,1071.6,1,6
2021-06-18 09:25:36,S,1071.8,1,7
2021-06-18 09:25:36,B,1069.55,1,7
2021-06-18 09:25:36,B,1069.5,1,5
2021-06-18 09:25:36,B,1069.1,1,5
2021-06-18 09:25:36,B,1068.3,1,1
2021-06-18 09:25:36,B,1068.15,1,4
2021-06-18 09:25:36,S,1070.95,2,5
2021-06-18 09:25:36,S,1071.0,1,2
2021-06-18 09:25:36,S,1071.55,1,5
2021-06-18 09:25:36,S,1071.6,1,6
2021-06-18 09:25:36,S,1071.8,1,7
2021-06-18 09:25:36,B,1069.55,1,7
2021-06-18 09:25:36,B,1069.5,1,5
2021-06-18 09:25:36,B,1069.1,1,5
2021-06-18 09:25:36,B,1068.3,1,1
2021-06-18 09:25:36,B,1068.15,1,4
2021-06-18 09:25:39,S,1073.95,1,7
2021-06-18 09:25:39,S,1074.0,3,3
2021-06-18 09:25:39,S,1074.35,1,6
2021-06-18 09:25:39,S,1074.65,1,5
2021-06-18 09:25:39,S,1074.9,1,3
2021-06-18 09:25:39,B,1070.85,1,7
2021-06-18 09:25:39,B,1070.8,1,7
2021-06-18 09:25:39,B,1070.75,1,2
2021-06-18 09:25:39,B,1070.45,3,3
2021-06-18 09:25:39,B,1070.35,1,5
2021-06-18 09:25:39,S,1073.95,1,7
2021-06-18 09:25:39,S,1074.0,3,3
2021-06-18 09:25:39,S,1074.35,1,6
2021-06-18 09:25:39,S,1074.65,1,5
2021-06-18 09:25:39,S,1074.9,1,3
2021-06-18 09:25:39,B,1070.85,1,7
2021-06-18 09:25:39,B,1070.8,1,7
2021-06-18 09:25:39,B,1070.75,1,2
2021-06-18 09:25:39,B,1070.45,3,3
2021-06-18 09:25:39,B,1070.35,1,5
2021-06-18 09:25:43,S,1074.85,1,7
2021-06-18 09:25:43,S,1074.9,3,8
2021-06-18 09:25:43,S,1075.0,2,40
2021-06-18 09:25:43,S,1075.4,3,3
2021-06-18 09:25:43,S,1075.45,1,5
2021-06-18 09:25:43,B,1072.65,1,7
2021-06-18 09:25:43,B,1072.6,1,5
2021-06-18 09:25:43,B,1072.25,1,7
2021-06-18 09:25:43,B,1072.0,1,3
2021-06-18 09:25:43,B,1071.7,1,2
2021-06-18 09:25:43,S,1074.85,1,7
2021-06-18 09:25:43,S,1074.9,3,8
2021-06-18 09:25:43,S,1075.0,2,40
2021-06-18 09:25:43,S,1075.4,3,3
2021-06-18 09:25:43,S,1075.45,1,5
2021-06-18 09:25:43,B,1072.65,1,7
2021-06-18 09:25:43,B,1072.6,1,5
2021-06-18 09:25:43,B,1072.25,1,7
2021-06-18 09:25:43,B,1072.0,1,3
2021-06-18 09:25:43,B,1071.7,1,2
2021-06-18 09:25:44,S,1074.85,1,7
2021-06-18 09:25:44,S,1074.9,3,8
2021-06-18 09:25:44,S,1075.0,2,40
2021-06-18 09:25:44,S,1075.4,3,3
2021-06-18 09:25:44,S,1075.45,1,5
2021-06-18 09:25:44,B,1072.65,1,7
2021-06-18 09:25:44,B,1072.6,1,5
2021-06-18 09:25:44,B,1072.25,1,7
2021-06-18 09:25:44,B,1072.0,1,3
2021-06-18 09:25:44,B,1071.7,1,2
2021-06-18 09:25:44,S,1074.85,1,7
2021-06-18 09:25:44,S,1074.9,3,8
2021-06-18 09:25:44,S,1075.0,2,40
2021-06-18 09:25:44,S,1075.4,3,3
2021-06-18 09:25:44,S,1075.45,1,5
2021-06-18 09:25:44,B,1072.65,1,7
2021-06-18 09:25:44,B,1072.6,1,5
2021-06-18 09:25:44,B,1072.25,1,7
2021-06-18 09:25:44,B,1072.0,1,3
2021-06-18 09:25:44,B,1071.7,1,2
2021-06-18 09:25:46,S,1074.85,1,2
2021-06-18 09:25:46,S,1074.9,1,3
2021-06-18 09:25:46,S,1075.0,2,40
2021-06-18 09:25:46,S,1075.4,3,3
2021-06-18 09:25:46,S,1075.45,1,5
2021-06-18 09:25:46,B,1072.65,1,7
2021-06-18 09:25:46,B,1072.6,1,5
2021-06-18 09:25:46,B,1072.25,1,7
2021-06-18 09:25:46,B,1072.0,1,3
2021-06-18 09:25:46,B,1071.7,1,2
2021-06-18 09:25:46,S,1074.85,1,2
2021-06-18 09:25:46,S,1074.9,1,3
2021-06-18 09:25:46,S,1075.0,2,40
2021-06-18 09:25:46,S,1075.4,3,3
2021-06-18 09:25:46,S,1075.45,1,5
2021-06-18 09:25:46,B,1072.65,1,7
2021-06-18 09:25:46,B,1072.6,1,5
2021-06-18 09:25:46,B,1072.25,1,7
2021-06-18 09:25:46,B,1072.0,1,3
2021-06-18 09:25:46,B,1071.7,1,2
2021-06-18 09:25:50,S,1074.8,1,3
2021-06-18 09:25:50,S,1075.0,1,39
2021-06-18 09:25:50,S,1075.35,1,5
2021-06-18 09:25:50,S,1075.45,1,5
2021-06-18 09:25:50,S,1075.95,1,1
2021-06-18 09:25:50,B,1073.6,1,7
2021-06-18 09:25:50,B,1073.55,1,5
2021-06-18 09:25:50,B,1073.25,2,12
2021-06-18 09:25:50,B,1073.2,1,25
2021-06-18 09:25:50,B,1072.6,1,3
2021-06-18 09:25:50,S,1074.8,1,3
2021-06-18 09:25:50,S,1075.0,1,39
2021-06-18 09:25:50,S,1075.35,1,5
2021-06-18 09:25:50,S,1075.45,1,5
2021-06-18 09:25:50,S,1075.95,1,1
2021-06-18 09:25:50,B,1073.6,1,7
2021-06-18 09:25:50,B,1073.55,1,5
2021-06-18 09:25:50,B,1073.25,2,12
2021-06-18 09:25:50,B,1073.2,1,25
2021-06-18 09:25:50,B,1072.6,1,3
2021-06-18 09:25:54,S,1074.8,1,3
2021-06-18 09:25:54,S,1075.0,2,40
2021-06-18 09:25:54,S,1075.15,1,10
2021-06-18 09:25:54,S,1075.45,2,16
2021-06-18 09:25:54,S,1075.75,1,13
2021-06-18 09:25:54,B,1073.3,1,7
2021-06-18 09:25:54,B,1073.25,2,12
2021-06-18 09:25:54,B,1073.2,1,25
2021-06-18 09:25:54,B,1072.55,1,4
2021-06-18 09:25:54,B,1072.3,1,3
2021-06-18 09:25:54,S,1074.8,1,3
2021-06-18 09:25:54,S,1075.0,2,40
2021-06-18 09:25:54,S,1075.15,1,10
2021-06-18 09:25:54,S,1075.45,2,16
2021-06-18 09:25:54,S,1075.75,1,13
2021-06-18 09:25:54,B,1073.3,1,7
2021-06-18 09:25:54,B,1073.25,2,12
2021-06-18 09:25:54,B,1073.2,1,25
2021-06-18 09:25:54,B,1072.55,1,4
2021-06-18 09:25:54,B,1072.3,1,3
2021-06-18 09:25:58,S,1074.8,1,3
2021-06-18 09:25:58,S,1075.0,2,40
2021-06-18 09:25:58,S,1075.15,1,10
2021-06-18 09:25:58,S,1075.45,2,16
2021-06-18 09:25:58,S,1075.75,1,13
2021-06-18 09:25:58,B,1073.3,1,7
2021-06-18 09:25:58,B,1073.25,2,12
2021-06-18 09:25:58,B,1073.2,1,25
2021-06-18 09:25:58,B,1072.6,1,3
2021-06-18 09:25:58,B,1072.55,1,4
2021-06-18 09:25:58,S,1074.8,1,3
2021-06-18 09:25:58,S,1075.0,2,40
2021-06-18 09:25:58,S,1075.15,1,10
2021-06-18 09:25:58,S,1075.45,2,16
2021-06-18 09:25:58,S,1075.75,1,13
2021-06-18 09:25:58,B,1073.3,1,7
2021-06-18 09:25:58,B,1073.25,2,12
2021-06-18 09:25:58,B,1073.2,1,25
2021-06-18 09:25:58,B,1072.6,1,3
2021-06-18 09:25:58,B,1072.55,1,4
2021-06-18 09:25:59,S,1074.8,1,3
2021-06-18 09:25:59,S,1075.0,2,40
2021-06-18 09:25:59,S,1075.15,1,10
2021-06-18 09:25:59,S,1075.45,2,16
2021-06-18 09:25:59,S,1075.75,1,13
2021-06-18 09:25:59,B,1073.3,1,7
2021-06-18 09:25:59,B,1073.25,2,12
2021-06-18 09:25:59,B,1073.2,1,25
2021-06-18 09:25:59,B,1072.6,1,3
2021-06-18 09:25:59,B,1072.55,1,4
2021-06-18 09:25:59,S,1074.8,1,3
2021-06-18 09:25:59,S,1075.0,2,40
2021-06-18 09:25:59,S,1075.15,1,10
2021-06-18 09:25:59,S,1075.45,2,16
2021-06-18 09:25:59,S,1075.75,1,13
2021-06-18 09:25:59,B,1073.3,1,7
2021-06-18 09:25:59,B,1073.25,2,12
2021-06-18 09:25:59,B,1073.2,1,25
2021-06-18 09:25:59,B,1072.6,1,3
2021-06-18 09:25:59,B,1072.55,1,4
2021-06-18 09:26:00,S,1074.8,1,3
2021-06-18 09:26:00,S,1075.0,2,40
2021-06-18 09:26:00,S,1075.15,1,10
2021-06-18 09:26:00,S,1075.45,2,16
2021-06-18 09:26:00,S,1075.75,1,13
2021-06-18 09:26:00,B,1073.3,1,7
2021-06-18 09:26:00,B,1073.25,2,12
2021-06-18 09:26:00,B,1073.2,1,25
2021-06-18 09:26:00,B,1072.6,1,3
2021-06-18 09:26:00,B,1072.55,1,4
2021-06-18 09:26:00,S,1074.8,1,3
2021-06-18 09:26:00,S,1075.0,2,40
2021-06-18 09:26:00,S,1075.15,1,10
2021-06-18 09:26:00,S,1075.45,2,16
2021-06-18 09:26:00,S,1075.75,1,13
2021-06-18 09:26:00,B,1073.3,1,7
2021-06-18 09:26:00,B,1073.25,2,12
2021-06-18 09:26:00,B,1073.2,1,25
2021-06-18 09:26:00,B,1072.6,1,3
2021-06-18 09:26:00,B,1072.55,1,4
2021-06-18 09:26:02,S,1073.6,1,27
2021-06-18 09:26:02,S,1074.75,2,5
2021-06-18 09:26:02,S,1074.95,2,7
2021-06-18 09:26:02,S,1075.0,2,40
2021-06-18 09:26:02,S,1075.4,3,6
2021-06-18 09:26:02,B,1072.5,2,10
2021-06-18 09:26:02,B,1072.45,1,5
2021-06-18 09:26:02,B,1072.35,1,11
2021-06-18 09:26:02,B,1072.0,1,3
2021-06-18 09:26:02,B,1071.75,1,4
2021-06-18 09:26:02,S,1073.6,1,27
2021-06-18 09:26:02,S,1074.75,2,5
2021-06-18 09:26:02,S,1074.95,2,7
2021-06-18 09:26:02,S,1075.0,2,40
2021-06-18 09:26:02,S,1075.4,3,6
2021-06-18 09:26:02,B,1072.5,2,10
2021-06-18 09:26:02,B,1072.45,1,5
2021-06-18 09:26:02,B,1072.35,1,11
2021-06-18 09:26:02,B,1072.0,1,3
2021-06-18 09:26:02,B,1071.75,1,4
2021-06-18 09:26:06,S,1073.6,1,27
2021-06-18 09:26:06,S,1074.0,2,6
2021-06-18 09:26:06,S,1074.15,2,5
2021-06-18 09:26:06,S,1074.75,2,5
2021-06-18 09:26:06,S,1074.95,2,7
2021-06-18 09:26:06,B,1072.5,2,10
2021-06-18 09:26:06,B,1072.35,1,11
2021-06-18 09:26:06,B,1072.2,1,5
2021-06-18 09:26:06,B,1072.0,1,3
2021-06-18 09:26:06,B,1071.75,1,4
2021-06-18 09:26:06,S,1073.6,1,27
2021-06-18 09:26:06,S,1074.0,2,6
2021-06-18 09:26:06,S,1074.15,2,5
2021-06-18 09:26:06,S,1074.75,2,5
2021-06-18 09:26:06,S,1074.95,2,7
2021-06-18 09:26:06,B,1072.5,2,10
2021-06-18 09:26:06,B,1072.35,1,11
2021-06-18 09:26:06,B,1072.2,1,5
2021-06-18 09:26:06,B,1072.0,1,3
2021-06-18 09:26:06,B,1071.75,1,4
2021-06-18 09:26:07,S,1073.6,1,27
2021-06-18 09:26:07,S,1074.0,2,6
2021-06-18 09:26:07,S,1074.15,2,5
2021-06-18 09:26:07,S,1074.75,2,5
2021-06-18 09:26:07,S,1074.95,2,7
2021-06-18 09:26:07,B,1072.5,2,10
2021-06-18 09:26:07,B,1072.35,1,11
2021-06-18 09:26:07,B,1072.2,1,5
2021-06-18 09:26:07,B,1072.0,1,3
2021-06-18 09:26:07,B,1071.75,1,4
2021-06-18 09:26:07,S,1073.6,1,27
2021-06-18 09:26:07,S,1074.0,2,6
2021-06-18 09:26:07,S,1074.15,2,5
2021-06-18 09:26:07,S,1074.75,2,5
2021-06-18 09:26:07,S,1074.95,2,7
2021-06-18 09:26:07,B,1072.5,2,10
2021-06-18 09:26:07,B,1072.35,1,11
2021-06-18 09:26:07,B,1072.2,1,5
2021-06-18 09:26:07,B,1072.0,1,3
2021-06-18 09:26:07,B,1071.75,1,4
2021-06-18 09:26:09,S,1073.6,1,27
2021-06-18 09:26:09,S,1074.0,2,6
2021-06-18 09:26:09,S,1074.15,2,5
2021-06-18 09:26:09,S,1074.75,2,5
2021-06-18 09:26:09,S,1074.95,2,7
2021-06-18 09:26:09,B,1072.5,2,10
2021-06-18 09:26:09,B,1072.35,1,11
2021-06-18 09:26:09,B,1072.2,1,5
2021-06-18 09:26:09,B,1072.0,1,3
2021-06-18 09:26:09,B,1071.75,1,4
2021-06-18 09:26:09,S,1073.6,1,27
2021-06-18 09:26:09,S,1074.0,2,6
2021-06-18 09:26:09,S,1074.15,2,5
2021-06-18 09:26:09,S,1074.75,2,5
2021-06-18 09:26:09,S,1074.95,2,7
2021-06-18 09:26:09,B,1072.5,2,10
2021-06-18 09:26:09,B,1072.35,1,11
2021-06-18 09:26:09,B,1072.2,1,5
2021-06-18 09:26:09,B,1072.0,1,3
2021-06-18 09:26:09,B,1071.75,1,4
2021-06-18 09:26:10,S,1074.75,1,4
2021-06-18 09:26:10,S,1074.95,1,1
2021-06-18 09:26:10,S,1075.0,2,40
2021-06-18 09:26:10,S,1075.4,3,6
2021-06-18 09:26:10,S,1075.45,1,5
2021-06-18 09:26:10,B,1072.8,1,7
2021-06-18 09:26:10,B,1072.75,2,15
2021-06-18 09:26:10,B,1072.2,1,5
2021-06-18 09:26:10,B,1072.0,1,3
2021-06-18 09:26:10,B,1071.75,1,4
2021-06-18 09:26:10,S,1074.75,1,4
2021-06-18 09:26:10,S,1074.95,1,1
2021-06-18 09:26:10,S,1075.0,2,40
2021-06-18 09:26:10,S,1075.4,3,6
2021-06-18 09:26:10,S,1075.45,1,5
2021-06-18 09:26:10,B,1072.8,1,7
2021-06-18 09:26:10,B,1072.75,2,15
2021-06-18 09:26:10,B,1072.2,1,5
2021-06-18 09:26:10,B,1072.0,1,3
2021-06-18 09:26:10,B,1071.75,1,4
2021-06-18 09:26:13,S,1074.75,1,5
2021-06-18 09:26:13,S,1075.0,1,39
2021-06-18 09:26:13,S,1075.8,4,7
2021-06-18 09:26:13,S,1075.95,1,1
2021-06-18 09:26:13,S,1076.0,1,6
2021-06-18 09:26:13,B,1072.8,1,7
2021-06-18 09:26:13,B,1072.75,1,5
2021-06-18 09:26:13,B,1072.4,1,3
2021-06-18 09:26:13,B,1072.35,1,15
2021-06-18 09:26:13,B,1072.05,3,6
2021-06-18 09:26:13,S,1074.75,1,5
2021-06-18 09:26:13,S,1075.0,1,39
2021-06-18 09:26:13,S,1075.8,4,7
2021-06-18 09:26:13,S,1075.95,1,1
2021-06-18 09:26:13,S,1076.0,1,6
2021-06-18 09:26:13,B,1072.8,1,7
2021-06-18 09:26:13,B,1072.75,1,5
2021-06-18 09:26:13,B,1072.4,1,3
2021-06-18 09:26:13,B,1072.35,1,15
2021-06-18 09:26:13,B,1072.05,3,6
2021-06-18 09:26:17,S,1074.75,2,15
2021-06-18 09:26:17,S,1075.0,3,44
2021-06-18 09:26:17,S,1075.5,1,1
2021-06-18 09:26:17,S,1075.55,1,4
2021-06-18 09:26:17,S,1075.75,3,6
2021-06-18 09:26:17,B,1073.05,1,7
2021-06-18 09:26:17,B,1073.0,1,8
2021-06-18 09:26:17,B,1072.7,1,3
2021-06-18 09:26:17,B,1072.65,1,4
2021-06-18 09:26:17,B,1072.35,1,15
2021-06-18 09:26:17,S,1074.75,2,15
2021-06-18 09:26:17,S,1075.0,3,44
2021-06-18 09:26:17,S,1075.5,1,1
2021-06-18 09:26:17,S,1075.55,1,4
2021-06-18 09:26:17,S,1075.75,3,6
2021-06-18 09:26:17,B,1073.05,1,7
2021-06-18 09:26:17,B,1073.0,1,8
2021-06-18 09:26:17,B,1072.7,1,3
2021-06-18 09:26:17,B,1072.65,1,4
2021-06-18 09:26:17,B,1072.35,1,15
2021-06-18 09:26:21,S,1074.75,1,10
2021-06-18 09:26:21,S,1074.85,2,13
2021-06-18 09:26:21,S,1075.0,3,44
2021-06-18 09:26:21,S,1075.15,1,12
2021-06-18 09:26:21,S,1075.45,1,12
2021-06-18 09:26:21,B,1073.05,1,7
2021-06-18 09:26:21,B,1073.0,1,8
2021-06-18 09:26:21,B,1072.7,1,3
2021-06-18 09:26:21,B,1072.65,1,4
2021-06-18 09:26:21,B,1072.35,1,15
2021-06-18 09:26:21,S,1074.75,1,10
2021-06-18 09:26:21,S,1074.85,2,13
2021-06-18 09:26:21,S,1075.0,3,44
2021-06-18 09:26:21,S,1075.15,1,12
2021-06-18 09:26:21,S,1075.45,1,12
2021-06-18 09:26:21,B,1073.05,1,7
2021-06-18 09:26:21,B,1073.0,1,8
2021-06-18 09:26:21,B,1072.7,1,3
2021-06-18 09:26:21,B,1072.65,1,4
2021-06-18 09:26:21,B,1072.35,1,15
2021-06-18 09:26:25,S,1074.75,1,10
2021-06-18 09:26:25,S,1074.85,1,12
2021-06-18 09:26:25,S,1075.0,2,5
2021-06-18 09:26:25,S,1075.15,1,12
2021-06-18 09:26:25,S,1075.45,1,12
2021-06-18 09:26:25,B,1073.15,1,7
2021-06-18 09:26:25,B,1073.1,1,3
2021-06-18 09:26:25,B,1073.0,1,8
2021-06-18 09:26:25,B,1072.95,1,5
2021-06-18 09:26:25,B,1072.8,1,70
2021-06-18 09:26:25,S,1074.75,1,10
2021-06-18 09:26:25,S,1074.85,1,12
2021-06-18 09:26:25,S,1075.0,2,5
2021-06-18 09:26:25,S,1075.15,1,12
2021-06-18 09:26:25,S,1075.45,1,12
2021-06-18 09:26:25,B,1073.15,1,7
2021-06-18 09:26:25,B,1073.1,1,3
2021-06-18 09:26:25,B,1073.0,1,8
2021-06-18 09:26:25,B,1072.95,1,5
2021-06-18 09:26:25,B,1072.8,1,70
2021-06-18 09:26:28,S,1074.75,1,10
2021-06-18 09:26:28,S,1074.85,2,13
2021-06-18 09:26:28,S,1075.0,3,10
2021-06-18 09:26:28,S,1075.15,1,12
2021-06-18 09:26:28,S,1075.45,1,12
2021-06-18 09:26:28,B,1073.15,1,7
2021-06-18 09:26:28,B,1073.1,1,3
2021-06-18 09:26:28,B,1073.0,1,8
2021-06-18 09:26:28,B,1072.95,1,5
2021-06-18 09:26:28,B,1072.8,1,70
2021-06-18 09:26:28,S,1074.75,1,10
2021-06-18 09:26:28,S,1074.85,2,13
2021-06-18 09:26:28,S,1075.0,3,10
2021-06-18 09:26:28,S,1075.15,1,12
2021-06-18 09:26:28,S,1075.45,1,12
2021-06-18 09:26:28,B,1073.15,1,7
2021-06-18 09:26:28,B,1073.1,1,3
2021-06-18 09:26:28,B,1073.0,1,8
2021-06-18 09:26:28,B,1072.95,1,5
2021-06-18 09:26:28,B,1072.8,1,70
2021-06-18 09:26:33,S,1074.75,1,10
2021-06-18 09:26:33,S,1075.0,1,5
2021-06-18 09:26:33,S,1075.55,2,5
2021-06-18 09:26:33,S,1075.95,2,7
2021-06-18 09:26:33,S,1076.0,1,39
2021-06-18 09:26:33,B,1073.6,2,10
2021-06-18 09:26:33,B,1073.55,1,5
2021-06-18 09:26:33,B,1073.0,1,8
2021-06-18 09:26:33,B,1072.85,1,6
2021-06-18 09:26:33,B,1072.8,1,70
2021-06-18 09:26:33,S,1074.75,1,10
2021-06-18 09:26:33,S,1075.0,1,5
2021-06-18 09:26:33,S,1075.55,2,5
2021-06-18 09:26:33,S,1075.95,2,7
2021-06-18 09:26:33,S,1076.0,1,39
2021-06-18 09:26:33,B,1073.6,2,10
2021-06-18 09:26:33,B,1073.55,1,5
2021-06-18 09:26:33,B,1073.0,1,8
2021-06-18 09:26:33,B,1072.85,1,6
2021-06-18 09:26:33,B,1072.8,1,70
2021-06-18 09:26:35,S,1074.75,1,10
2021-06-18 09:26:35,S,1075.0,1,5
2021-06-18 09:26:35,S,1075.55,2,5
2021-06-18 09:26:35,S,1075.95,2,7
2021-06-18 09:26:35,S,1076.0,1,39
2021-06-18 09:26:35,B,1073.6,2,10
2021-06-18 09:26:35,B,1073.55,1,5
2021-06-18 09:26:35,B,1073.0,1,8
2021-06-18 09:26:35,B,1072.85,1,6
2021-06-18 09:26:35,B,1072.8,1,70
2021-06-18 09:26:35,S,1074.75,1,10
2021-06-18 09:26:35,S,1075.0,1,5
2021-06-18 09:26:35,S,1075.55,2,5
2021-06-18 09:26:35,S,1075.95,2,7
2021-06-18 09:26:35,S,1076.0,1,39
2021-06-18 09:26:35,B,1073.6,2,10
2021-06-18 09:26:35,B,1073.55,1,5
2021-06-18 09:26:35,B,1073.0,1,8
2021-06-18 09:26:35,B,1072.85,1,6
2021-06-18 09:26:35,B,1072.8,1,70
2021-06-18 09:26:36,S,1074.75,2,34
2021-06-18 09:26:36,S,1075.0,3,16
2021-06-18 09:26:36,S,1075.1,1,5
2021-06-18 09:26:36,S,1075.15,1,11
2021-06-18 09:26:36,S,1075.45,1,11
2021-06-18 09:26:36,B,1073.1,1,7
2021-06-18 09:26:36,B,1073.05,1,3
2021-06-18 09:26:36,B,1073.0,1,8
2021-06-18 09:26:36,B,1072.8,1,70
2021-06-18 09:26:36,B,1072.4,1,6
2021-06-18 09:26:36,S,1074.75,2,34
2021-06-18 09:26:36,S,1075.0,3,16
2021-06-18 09:26:36,S,1075.1,1,5
2021-06-18 09:26:36,S,1075.15,1,11
2021-06-18 09:26:36,S,1075.45,1,11
2021-06-18 09:26:36,B,1073.1,1,7
2021-06-18 09:26:36,B,1073.05,1,3
2021-06-18 09:26:36,B,1073.0,1,8
2021-06-18 09:26:36,B,1072.8,1,70
2021-06-18 09:26:36,B,1072.4,1,6
2021-06-18 09:26:40,S,1074.75,2,34
2021-06-18 09:26:40,S,1075.0,3,16
2021-06-18 09:26:40,S,1075.1,1,5
2021-06-18 09:26:40,S,1075.55,2,5
2021-06-18 09:26:40,S,1075.95,2,7
2021-06-18 09:26:40,B,1073.45,1,7
2021-06-18 09:26:40,B,1073.4,1,5
2021-06-18 09:26:40,B,1073.05,1,3
2021-06-18 09:26:40,B,1072.8,1,70
2021-06-18 09:26:40,B,1072.4,1,6
2021-06-18 09:26:40,S,1074.75,2,34
2021-06-18 09:26:40,S,1075.0,3,16
2021-06-18 09:26:40,S,1075.1,1,5
2021-06-18 09:26:40,S,1075.55,2,5
2021-06-18 09:26:40,S,1075.95,2,7
2021-06-18 09:26:40,B,1073.45,1,7
2021-06-18 09:26:40,B,1073.4,1,5
2021-06-18 09:26:40,B,1073.05,1,3
2021-06-18 09:26:40,B,1072.8,1,70
2021-06-18 09:26:40,B,1072.4,1,6
2021-06-18 09:26:43,S,1074.75,2,34
2021-06-18 09:26:43,S,1075.0,3,16
2021-06-18 09:26:43,S,1075.1,1,5
2021-06-18 09:26:43,S,1075.55,2,5
2021-06-18 09:26:43,S,1075.95,2,7
2021-06-18 09:26:43,B,1073.45,1,7
2021-06-18 09:26:43,B,1073.4,1,5
2021-06-18 09:26:43,B,1073.05,1,3
2021-06-18 09:26:43,B,1072.8,1,70
2021-06-18 09:26:43,B,1072.4,1,6
2021-06-18 09:26:43,S,1074.75,2,34
2021-06-18 09:26:43,S,1075.0,3,16
2021-06-18 09:26:43,S,1075.1,1,5
2021-06-18 09:26:43,S,1075.55,2,5
2021-06-18 09:26:43,S,1075.95,2,7
2021-06-18 09:26:43,B,1073.45,1,7
2021-06-18 09:26:43,B,1073.4,1,5
2021-06-18 09:26:43,B,1073.05,1,3
2021-06-18 09:26:43,B,1072.8,1,70
2021-06-18 09:26:43,B,1072.4,1,6
2021-06-18 09:26:43,S,1075.0,1,5
2021-06-18 09:26:43,S,1075.05,1,6
2021-06-18 09:26:43,S,1075.85,1,13
2021-06-18 09:26:43,S,1075.95,4,4
2021-06-18 09:26:43,S,1076.0,1,39
2021-06-18 09:26:43,B,1073.4,1,7
2021-06-18 09:26:43,B,1073.35,1,3
2021-06-18 09:26:43,B,1073.25,1,15
2021-06-18 09:26:43,B,1072.8,1,70
2021-06-18 09:26:43,B,1072.35,3,3
2021-06-18 09:26:43,S,1075.0,1,5
2021-06-18 09:26:43,S,1075.05,1,6
2021-06-18 09:26:43,S,1075.85,1,13
2021-06-18 09:26:43,S,1075.95,4,4
2021-06-18 09:26:43,S,1076.0,1,39
2021-06-18 09:26:43,B,1073.4,1,7
2021-06-18 09:26:43,B,1073.35,1,3
2021-06-18 09:26:43,B,1073.25,1,15
2021-06-18 09:26:43,B,1072.8,1,70
2021-06-18 09:26:43,B,1072.35,3,3
2021-06-18 09:26:45,S,1075.0,1,5
2021-06-18 09:26:45,S,1075.05,1,6
2021-06-18 09:26:45,S,1075.85,1,13
2021-06-18 09:26:45,S,1075.95,4,4
2021-06-18 09:26:45,S,1076.0,1,39
2021-06-18 09:26:45,B,1073.4,1,7
2021-06-18 09:26:45,B,1073.35,1,3
2021-06-18 09:26:45,B,1073.25,1,15
2021-06-18 09:26:45,B,1072.8,1,70
2021-06-18 09:26:45,B,1072.35,3,3
2021-06-18 09:26:45,S,1075.0,1,5
2021-06-18 09:26:45,S,1075.05,1,6
2021-06-18 09:26:45,S,1075.85,1,13
2021-06-18 09:26:45,S,1075.95,4,4
2021-06-18 09:26:45,S,1076.0,1,39
2021-06-18 09:26:45,B,1073.4,1,7
2021-06-18 09:26:45,B,1073.35,1,3
2021-06-18 09:26:45,B,1073.25,1,15
2021-06-18 09:26:45,B,1072.8,1,70
2021-06-18 09:26:45,B,1072.35,3,3
2021-06-18 09:26:46,S,1075.0,1,5
2021-06-18 09:26:46,S,1075.05,1,6
2021-06-18 09:26:46,S,1075.85,1,13
2021-06-18 09:26:46,S,1075.95,4,4
2021-06-18 09:26:46,S,1076.0,1,39
2021-06-18 09:26:46,B,1073.4,1,7
2021-06-18 09:26:46,B,1073.35,1,3
2021-06-18 09:26:46,B,1073.25,1,15
2021-06-18 09:26:46,B,1072.8,1,70
2021-06-18 09:26:46,B,1072.35,3,3
2021-06-18 09:26:46,S,1075.0,1,5
2021-06-18 09:26:46,S,1075.05,1,6
2021-06-18 09:26:46,S,1075.85,1,13
2021-06-18 09:26:46,S,1075.95,4,4
2021-06-18 09:26:46,S,1076.0,1,39
2021-06-18 09:26:46,B,1073.4,1,7
2021-06-18 09:26:46,B,1073.35,1,3
2021-06-18 09:26:46,B,1073.25,1,15
2021-06-18 09:26:46,B,1072.8,1,70
2021-06-18 09:26:46,B,1072.35,3,3
2021-06-18 09:26:48,S,1076.0,1,29
2021-06-18 09:26:48,S,1077.05,1,14
2021-06-18 09:26:48,S,1077.1,2,12
2021-06-18 09:26:48,S,1077.15,1,1
2021-06-18 09:26:48,S,1077.35,1,5
2021-06-18 09:26:48,B,1075.15,1,5
2021-06-18 09:26:48,B,1075.0,1,5
2021-06-18 09:26:48,B,1073.8,3,14
2021-06-18 09:26:48,B,1073.75,4,16
2021-06-18 09:26:48,B,1073.2,1,4
2021-06-18 09:26:48,S,1076.0,1,29
2021-06-18 09:26:48,S,1077.05,1,14
2021-06-18 09:26:48,S,1077.1,2,12
2021-06-18 09:26:48,S,1077.15,1,1
2021-06-18 09:26:48,S,1077.35,1,5
2021-06-18 09:26:48,B,1075.15,1,5
2021-06-18 09:26:48,B,1075.0,1,5
2021-06-18 09:26:48,B,1073.8,3,14
2021-06-18 09:26:48,B,1073.75,4,16
2021-06-18 09:26:48,B,1073.2,1,4
2021-06-18 09:26:49,S,1076.0,1,29
2021-06-18 09:26:49,S,1077.05,1,14
2021-06-18 09:26:49,S,1077.1,2,12
2021-06-18 09:26:49,S,1077.15,1,1
2021-06-18 09:26:49,S,1077.35,1,5
2021-06-18 09:26:49,B,1075.15,1,5
2021-06-18 09:26:49,B,1075.0,1,5
2021-06-18 09:26:49,B,1073.8,3,14
2021-06-18 09:26:49,B,1073.75,4,16
2021-06-18 09:26:49,B,1073.2,1,4
2021-06-18 09:26:49,S,1076.0,1,29
2021-06-18 09:26:49,S,1077.05,1,14
2021-06-18 09:26:49,S,1077.1,2,12
2021-06-18 09:26:49,S,1077.15,1,1
2021-06-18 09:26:49,S,1077.35,1,5
2021-06-18 09:26:49,B,1075.15,1,5
2021-06-18 09:26:49,B,1075.0,1,5
2021-06-18 09:26:49,B,1073.8,3,14
2021-06-18 09:26:49,B,1073.75,4,16
2021-06-18 09:26:49,B,1073.2,1,4
2021-06-18 09:26:50,S,1076.0,1,29
2021-06-18 09:26:50,S,1077.05,1,14
2021-06-18 09:26:50,S,1077.1,2,12
2021-06-18 09:26:50,S,1077.15,1,1
2021-06-18 09:26:50,S,1077.35,1,5
2021-06-18 09:26:50,B,1075.15,1,5
2021-06-18 09:26:50,B,1075.0,1,5
2021-06-18 09:26:50,B,1073.8,3,14
2021-06-18 09:26:50,B,1073.75,4,16
2021-06-18 09:26:50,B,1073.2,1,4
2021-06-18 09:26:50,S,1076.0,1,29
2021-06-18 09:26:50,S,1077.05,1,14
2021-06-18 09:26:50,S,1077.1,2,12
2021-06-18 09:26:50,S,1077.15,1,1
2021-06-18 09:26:50,S,1077.35,1,5
2021-06-18 09:26:50,B,1075.15,1,5
2021-06-18 09:26:50,B,1075.0,1,5
2021-06-18 09:26:50,B,1073.8,3,14
2021-06-18 09:26:50,B,1073.75,4,16
2021-06-18 09:26:50,B,1073.2,1,4
2021-06-18 09:26:51,S,1076.0,1,29
2021-06-18 09:26:51,S,1077.05,1,14
2021-06-18 09:26:51,S,1077.1,2,12
2021-06-18 09:26:51,S,1077.15,1,1
2021-06-18 09:26:51,S,1077.35,1,5
2021-06-18 09:26:51,B,1075.15,1,5
2021-06-18 09:26:51,B,1075.0,1,5
2021-06-18 09:26:51,B,1073.8,3,14
2021-06-18 09:26:51,B,1073.75,4,16
2021-06-18 09:26:51,B,1073.2,1,4
2021-06-18 09:26:51,S,1076.0,1,29
2021-06-18 09:26:51,S,1077.05,1,14
2021-06-18 09:26:51,S,1077.1,2,12
2021-06-18 09:26:51,S,1077.15,1,1
2021-06-18 09:26:51,S,1077.35,1,5
2021-06-18 09:26:51,B,1075.15,1,5
2021-06-18 09:26:51,B,1075.0,1,5
2021-06-18 09:26:51,B,1073.8,3,14
2021-06-18 09:26:51,B,1073.75,4,16
2021-06-18 09:26:51,B,1073.2,1,4
2021-06-18 09:26:51,S,1076.0,1,23
2021-06-18 09:26:51,S,1076.25,1,4
2021-06-18 09:26:51,S,1076.65,2,11
2021-06-18 09:26:51,S,1076.75,2,2
2021-06-18 09:26:51,S,1076.8,2,5
2021-06-18 09:26:51,B,1074.2,1,7
2021-06-18 09:26:51,B,1074.15,1,14
2021-06-18 09:26:51,B,1073.8,2,7
2021-06-18 09:26:51,B,1073.75,3,3
2021-06-18 09:26:51,B,1073.2,1,4
2021-06-18 09:26:51,S,1076.0,1,23
2021-06-18 09:26:51,S,1076.25,1,4
2021-06-18 09:26:51,S,1076.65,2,11
2021-06-18 09:26:51,S,1076.75,2,2
2021-06-18 09:26:51,S,1076.8,2,5
2021-06-18 09:26:51,B,1074.2,1,7
2021-06-18 09:26:51,B,1074.15,1,14
2021-06-18 09:26:51,B,1073.8,2,7
2021-06-18 09:26:51,B,1073.75,3,3
2021-06-18 09:26:51,B,1073.2,1,4
2021-06-18 09:26:55,S,1075.15,1,25
2021-06-18 09:26:55,S,1076.0,2,24
2021-06-18 09:26:55,S,1076.25,1,4
2021-06-18 09:26:55,S,1076.75,3,3
2021-06-18 09:26:55,S,1076.8,2,5
2021-06-18 09:26:55,B,1073.95,1,7
2021-06-18 09:26:55,B,1073.9,1,15
2021-06-18 09:26:55,B,1073.8,1,3
2021-06-18 09:26:55,B,1073.75,3,3
2021-06-18 09:26:55,B,1073.2,1,4
2021-06-18 09:26:55,S,1075.15,1,25
2021-06-18 09:26:55,S,1076.0,2,24
2021-06-18 09:26:55,S,1076.25,1,4
2021-06-18 09:26:55,S,1076.75,3,3
2021-06-18 09:26:55,S,1076.8,2,5
2021-06-18 09:26:55,B,1073.95,1,7
2021-06-18 09:26:55,B,1073.9,1,15
2021-06-18 09:26:55,B,1073.8,1,3
2021-06-18 09:26:55,B,1073.75,3,3
2021-06-18 09:26:55,B,1073.2,1,4
2021-06-18 09:26:57,S,1075.15,1,25
2021-06-18 09:26:57,S,1076.0,2,24
2021-06-18 09:26:57,S,1076.25,1,4
2021-06-18 09:26:57,S,1076.75,3,3
2021-06-18 09:26:57,S,1076.8,2,5
2021-06-18 09:26:57,B,1073.95,1,7
2021-06-18 09:26:57,B,1073.9,1,15
2021-06-18 09:26:57,B,1073.8,1,3
2021-06-18 09:26:57,B,1073.75,3,3
2021-06-18 09:26:57,B,1073.2,1,4
2021-06-18 09:26:57,S,1075.15,1,25
2021-06-18 09:26:57,S,1076.0,2,24
2021-06-18 09:26:57,S,1076.25,1,4
2021-06-18 09:26:57,S,1076.75,3,3
2021-06-18 09:26:57,S,1076.8,2,5
2021-06-18 09:26:57,B,1073.95,1,7
2021-06-18 09:26:57,B,1073.9,1,15
2021-06-18 09:26:57,B,1073.8,1,3
2021-06-18 09:26:57,B,1073.75,3,3
2021-06-18 09:26:57,B,1073.2,1,4
2021-06-18 09:26:59,S,1076.0,1,23
2021-06-18 09:26:59,S,1077.25,2,12
2021-06-18 09:26:59,S,1077.35,1,5
2021-06-18 09:26:59,S,1077.55,1,11
2021-06-18 09:26:59,S,1077.75,2,12
2021-06-18 09:26:59,B,1075.2,1,7
2021-06-18 09:26:59,B,1075.15,1,5
2021-06-18 09:26:59,B,1075.0,1,93
2021-06-18 09:26:59,B,1074.05,2,9
2021-06-18 09:26:59,B,1074.0,4,25
2021-06-18 09:26:59,S,1076.0,1,23
2021-06-18 09:26:59,S,1077.25,2,12
2021-06-18 09:26:59,S,1077.35,1,5
2021-06-18 09:26:59,S,1077.55,1,11
2021-06-18 09:26:59,S,1077.75,2,12
2021-06-18 09:26:59,B,1075.2,1,7
2021-06-18 09:26:59,B,1075.15,1,5
2021-06-18 09:26:59,B,1075.0,1,93
2021-06-18 09:26:59,B,1074.05,2,9
2021-06-18 09:26:59,B,1074.0,4,25
2021-06-18 09:27:03,S,1076.0,1,13
2021-06-18 09:27:03,S,1077.05,2,6
2021-06-18 09:27:03,S,1077.35,1,5
2021-06-18 09:27:03,S,1077.75,2,12
2021-06-18 09:27:03,S,1077.8,1,6
2021-06-18 09:27:03,B,1075.4,1,7
2021-06-18 09:27:03,B,1075.35,1,5
2021-06-18 09:27:03,B,1075.0,2,94
2021-06-18 09:27:03,B,1074.05,2,9
2021-06-18 09:27:03,B,1074.0,4,25
2021-06-18 09:27:03,S,1076.0,1,13
2021-06-18 09:27:03,S,1077.05,2,6
2021-06-18 09:27:03,S,1077.35,1,5
2021-06-18 09:27:03,S,1077.75,2,12
2021-06-18 09:27:03,S,1077.8,1,6
2021-06-18 09:27:03,B,1075.4,1,7
2021-06-18 09:27:03,B,1075.35,1,5
2021-06-18 09:27:03,B,1075.0,2,94
2021-06-18 09:27:03,B,1074.05,2,9
2021-06-18 09:27:03,B,1074.0,4,25
2021-06-18 09:27:06,S,1076.0,1,13
2021-06-18 09:27:06,S,1076.85,1,4
2021-06-18 09:27:06,S,1077.35,1,5
2021-06-18 09:27:06,S,1077.7,3,3
2021-06-18 09:27:06,S,1077.75,2,12
2021-06-18 09:27:06,B,1075.05,1,7
2021-06-18 09:27:06,B,1075.0,2,94
2021-06-18 09:27:06,B,1074.05,3,10
2021-06-18 09:27:06,B,1074.0,4,25
2021-06-18 09:27:06,B,1073.9,1,4
2021-06-18 09:27:06,S,1076.0,1,13
2021-06-18 09:27:06,S,1076.85,1,4
2021-06-18 09:27:06,S,1077.35,1,5
2021-06-18 09:27:06,S,1077.7,3,3
2021-06-18 09:27:06,S,1077.75,2,12
2021-06-18 09:27:06,B,1075.05,1,7
2021-06-18 09:27:06,B,1075.0,2,94
2021-06-18 09:27:06,B,1074.05,3,10
2021-06-18 09:27:06,B,1074.0,4,25
2021-06-18 09:27:06,B,1073.9,1,4
2021-06-18 09:27:09,S,1076.0,1,13
2021-06-18 09:27:09,S,1076.85,1,4
2021-06-18 09:27:09,S,1077.35,1,5
2021-06-18 09:27:09,S,1077.7,3,3
2021-06-18 09:27:09,S,1077.75,2,12
2021-06-18 09:27:09,B,1075.05,1,7
2021-06-18 09:27:09,B,1075.0,2,94
2021-06-18 09:27:09,B,1074.05,3,10
2021-06-18 09:27:09,B,1074.0,4,25
2021-06-18 09:27:09,B,1073.9,1,4
2021-06-18 09:27:09,S,1076.0,1,13
2021-06-18 09:27:09,S,1076.85,1,4
2021-06-18 09:27:09,S,1077.35,1,5
2021-06-18 09:27:09,S,1077.7,3,3
2021-06-18 09:27:09,S,1077.75,2,12
2021-06-18 09:27:09,B,1075.05,1,7
2021-06-18 09:27:09,B,1075.0,2,94
2021-06-18 09:27:09,B,1074.05,3,10
2021-06-18 09:27:09,B,1074.0,4,25
2021-06-18 09:27:09,B,1073.9,1,4
2021-06-18 09:27:10,S,1074.6,1,2
2021-06-18 09:27:10,S,1074.65,1,18
2021-06-18 09:27:10,S,1075.1,3,9
2021-06-18 09:27:10,S,1075.2,1,7
2021-06-18 09:27:10,S,1075.45,1,12
2021-06-18 09:27:10,B,1072.85,1,8
2021-06-18 09:27:10,B,1072.8,1,53
2021-06-18 09:27:10,B,1072.0,3,3
2021-06-18 09:27:10,B,1071.95,1,12
2021-06-18 09:27:10,B,1071.9,1,7
2021-06-18 09:27:10,S,1074.6,1,2
2021-06-18 09:27:10,S,1074.65,1,18
2021-06-18 09:27:10,S,1075.1,3,9
2021-06-18 09:27:10,S,1075.2,1,7
2021-06-18 09:27:10,S,1075.45,1,12
2021-06-18 09:27:10,B,1072.85,1,8
2021-06-18 09:27:10,B,1072.8,1,53
2021-06-18 09:27:10,B,1072.0,3,3
2021-06-18 09:27:10,B,1071.95,1,12
2021-06-18 09:27:10,B,1071.9,1,7
2021-06-18 09:27:10,S,1074.6,1,2
2021-06-18 09:27:10,S,1074.65,1,18
2021-06-18 09:27:10,S,1075.1,3,9
2021-06-18 09:27:10,S,1075.2,1,7
2021-06-18 09:27:10,S,1075.45,1,12
2021-06-18 09:27:10,B,1072.85,1,8
2021-06-18 09:27:10,B,1072.8,1,53
2021-06-18 09:27:10,B,1072.0,3,3
2021-06-18 09:27:10,B,1071.95,1,12
2021-06-18 09:27:10,B,1071.9,1,7
2021-06-18 09:27:10,S,1074.6,1,2
2021-06-18 09:27:10,S,1074.65,1,18
2021-06-18 09:27:10,S,1075.1,3,9
2021-06-18 09:27:10,S,1075.2,1,7
2021-06-18 09:27:10,S,1075.45,1,12
2021-06-18 09:27:10,B,1072.85,1,8
2021-06-18 09:27:10,B,1072.8,1,53
2021-06-18 09:27:10,B,1072.0,3,3
2021-06-18 09:27:10,B,1071.95,1,12
2021-06-18 09:27:10,B,1071.9,1,7
2021-06-18 09:27:12,S,1074.6,1,2
2021-06-18 09:27:12,S,1074.65,1,18
2021-06-18 09:27:12,S,1075.1,3,9
2021-06-18 09:27:12,S,1075.2,1,7
2021-06-18 09:27:12,S,1075.45,1,12
2021-06-18 09:27:12,B,1072.85,1,8
2021-06-18 09:27:12,B,1072.8,1,53
2021-06-18 09:27:12,B,1072.0,3,3
2021-06-18 09:27:12,B,1071.95,1,12
2021-06-18 09:27:12,B,1071.9,1,7
2021-06-18 09:27:12,S,1074.6,1,2
2021-06-18 09:27:12,S,1074.65,1,18
2021-06-18 09:27:12,S,1075.1,3,9
2021-06-18 09:27:12,S,1075.2,1,7
2021-06-18 09:27:12,S,1075.45,1,12
2021-06-18 09:27:12,B,1072.85,1,8
2021-06-18 09:27:12,B,1072.8,1,53
2021-06-18 09:27:12,B,1072.0,3,3
2021-06-18 09:27:12,B,1071.95,1,12
2021-06-18 09:27:12,B,1071.9,1,7
2021-06-18 09:27:13,S,1074.6,1,2
2021-06-18 09:27:13,S,1074.65,1,18
2021-06-18 09:27:13,S,1075.1,3,9
2021-06-18 09:27:13,S,1075.2,1,7
2021-06-18 09:27:13,S,1075.45,1,12
2021-06-18 09:27:13,B,1072.85,1,8
2021-06-18 09:27:13,B,1072.8,1,53
2021-06-18 09:27:13,B,1072.0,3,3
2021-06-18 09:27:13,B,1071.95,1,12
2021-06-18 09:27:13,B,1071.9,1,7
2021-06-18 09:27:13,S,1074.6,1,2
2021-06-18 09:27:13,S,1074.65,1,18
2021-06-18 09:27:13,S,1075.1,3,9
2021-06-18 09:27:13,S,1075.2,1,7
2021-06-18 09:27:13,S,1075.45,1,12
2021-06-18 09:27:13,B,1072.85,1,8
2021-06-18 09:27:13,B,1072.8,1,53
2021-06-18 09:27:13,B,1072.0,3,3
2021-06-18 09:27:13,B,1071.95,1,12
2021-06-18 09:27:13,B,1071.9,1,7
2021-06-18 09:27:14,S,1075.4,1,1
2021-06-18 09:27:14,S,1075.45,2,3
2021-06-18 09:27:14,S,1075.5,1,1
2021-06-18 09:27:14,S,1075.55,1,1
2021-06-18 09:27:14,S,1075.6,1,1
2021-06-18 09:27:14,B,1073.4,1,1
2021-06-18 09:27:14,B,1073.35,2,3
2021-06-18 09:27:14,B,1073.3,2,5
2021-06-18 09:27:14,B,1072.9,2,2
2021-06-18 09:27:14,B,1072.85,3,8
2021-06-18 09:27:14,S,1075.4,1,1
2021-06-18 09:27:14,S,1075.45,2,3
2021-06-18 09:27:14,S,1075.5,1,1
2021-06-18 09:27:14,S,1075.55,1,1
2021-06-18 09:27:14,S,1075.6,1,1
2021-06-18 09:27:14,B,1073.4,1,1
2021-06-18 09:27:14,B,1073.35,2,3
2021-06-18 09:27:14,B,1073.3,2,5
2021-06-18 09:27:14,B,1072.9,2,2
2021-06-18 09:27:14,B,1072.85,3,8
2021-06-18 09:27:15,S,1075.4,1,1
2021-06-18 09:27:15,S,1075.45,2,3
2021-06-18 09:27:15,S,1075.5,1,1
2021-06-18 09:27:15,S,1075.55,1,1
2021-06-18 09:27:15,S,1075.6,1,1
2021-06-18 09:27:15,B,1073.4,1,1
2021-06-18 09:27:15,B,1073.35,2,3
2021-06-18 09:27:15,B,1073.3,2,5
2021-06-18 09:27:15,B,1072.9,2,2
2021-06-18 09:27:15,B,1072.85,3,8
2021-06-18 09:27:15,S,1075.4,1,1
2021-06-18 09:27:15,S,1075.45,2,3
2021-06-18 09:27:15,S,1075.5,1,1
2021-06-18 09:27:15,S,1075.55,1,1
2021-06-18 09:27:15,S,1075.6,1,1
2021-06-18 09:27:15,B,1073.4,1,1
2021-06-18 09:27:15,B,1073.35,2,3
2021-06-18 09:27:15,B,1073.3,2,5
2021-06-18 09:27:15,B,1072.9,2,2
2021-06-18 09:27:15,B,1072.85,3,8
2021-06-18 09:27:16,S,1075.4,1,1
2021-06-18 09:27:16,S,1075.45,2,3
2021-06-18 09:27:16,S,1075.5,1,1
2021-06-18 09:27:16,S,1075.55,1,1
2021-06-18 09:27:16,S,1075.6,1,1
2021-06-18 09:27:16,B,1073.4,1,1
2021-06-18 09:27:16,B,1073.35,2,3
2021-06-18 09:27:16,B,1073.3,2,5
2021-06-18 09:27:16,B,1072.9,2,2
2021-06-18 09:27:16,B,1072.85,3,8
2021-06-18 09:27:16,S,1075.4,1,1
2021-06-18 09:27:16,S,1075.45,2,3
2021-06-18 09:27:16,S,1075.5,1,1
2021-06-18 09:27:16,S,1075.55,1,1
2021-06-18 09:27:16,S,1075.6,1,1
2021-06-18 09:27:16,B,1073.4,1,1
2021-06-18 09:27:16,B,1073.35,2,3
2021-06-18 09:27:16,B,1073.3,2,5
2021-06-18 09:27:16,B,1072.9,2,2
2021-06-18 09:27:16,B,1072.85,3,8
2021-06-18 09:27:16,S,1075.4,1,1
2021-06-18 09:27:16,S,1075.45,2,3
2021-06-18 09:27:16,S,1075.5,1,1
2021-06-18 09:27:16,S,1075.55,1,1
2021-06-18 09:27:16,S,1075.6,1,1
2021-06-18 09:27:16,B,1073.4,1,1
2021-06-18 09:27:16,B,1073.35,2,3
2021-06-18 09:27:16,B,1073.3,2,5
2021-06-18 09:27:16,B,1072.9,2,2
2021-06-18 09:27:16,B,1072.85,3,8
2021-06-18 09:27:16,S,1075.4,1,1
2021-06-18 09:27:16,S,1075.45,2,3
2021-06-18 09:27:16,S,1075.5,1,1
2021-06-18 09:27:16,S,1075.55,1,1
2021-06-18 09:27:16,S,1075.6,1,1
2021-06-18 09:27:16,B,1073.4,1,1
2021-06-18 09:27:16,B,1073.35,2,3
2021-06-18 09:27:16,B,1073.3,2,5
2021-06-18 09:27:16,B,1072.9,2,2
2021-06-18 09:27:16,B,1072.85,3,8
2021-06-18 09:27:18,S,1075.45,1,11
2021-06-18 09:27:18,S,1075.6,2,2
2021-06-18 09:27:18,S,1075.7,2,12
2021-06-18 09:27:18,S,1075.75,2,13
2021-06-18 09:27:18,S,1076.0,2,12
2021-06-18 09:27:18,B,1075.4,2,2
2021-06-18 09:27:18,B,1073.5,2,2
2021-06-18 09:27:18,B,1073.45,1,1
2021-06-18 09:27:18,B,1073.1,1,4
2021-06-18 09:27:18,B,1072.95,2,2
2021-06-18 09:27:18,S,1075.45,1,11
2021-06-18 09:27:18,S,1075.6,2,2
2021-06-18 09:27:18,S,1075.7,2,12
2021-06-18 09:27:18,S,1075.75,2,13
2021-06-18 09:27:18,S,1076.0,2,12
2021-06-18 09:27:18,B,1075.4,2,2
2021-06-18 09:27:18,B,1073.5,2,2
2021-06-18 09:27:18,B,1073.45,1,1
2021-06-18 09:27:18,B,1073.1,1,4
2021-06-18 09:27:18,B,1072.95,2,2
2021-06-18 09:27:19,S,1075.45,1,11
2021-06-18 09:27:19,S,1075.6,2,2
2021-06-18 09:27:19,S,1075.7,2,12
2021-06-18 09:27:19,S,1075.75,2,13
2021-06-18 09:27:19,S,1076.0,2,12
2021-06-18 09:27:19,B,1075.4,2,2
2021-06-18 09:27:19,B,1073.5,2,2
2021-06-18 09:27:19,B,1073.45,1,1
2021-06-18 09:27:19,B,1073.1,1,4
2021-06-18 09:27:19,B,1072.95,2,2
2021-06-18 09:27:19,S,1075.45,1,11
2021-06-18 09:27:19,S,1075.6,2,2
2021-06-18 09:27:19,S,1075.7,2,12
2021-06-18 09:27:19,S,1075.75,2,13
2021-06-18 09:27:19,S,1076.0,2,12
2021-06-18 09:27:19,B,1075.4,2,2
2021-06-18 09:27:19,B,1073.5,2,2
2021-06-18 09:27:19,B,1073.45,1,1
2021-06-18 09:27:19,B,1073.1,1,4
2021-06-18 09:27:19,B,1072.95,2,2
2021-06-18 09:27:19,S,1075.45,1,11
2021-06-18 09:27:19,S,1075.6,2,2
2021-06-18 09:27:19,S,1075.7,2,12
2021-06-18 09:27:19,S,1075.75,2,13
2021-06-18 09:27:19,S,1076.0,2,12
2021-06-18 09:27:19,B,1075.4,2,2
2021-06-18 09:27:19,B,1073.5,2,2
2021-06-18 09:27:19,B,1073.45,1,1
2021-06-18 09:27:19,B,1073.1,1,4
2021-06-18 09:27:19,B,1072.95,2,2
2021-06-18 09:27:19,S,1075.45,1,11
2021-06-18 09:27:19,S,1075.6,2,2
2021-06-18 09:27:19,S,1075.7,2,12
2021-06-18 09:27:19,S,1075.75,2,13
2021-06-18 09:27:19,S,1076.0,2,12
2021-06-18 09:27:19,B,1075.4,2,2
2021-06-18 09:27:19,B,1073.5,2,2
2021-06-18 09:27:19,B,1073.45,1,1
2021-06-18 09:27:19,B,1073.1,1,4
2021-06-18 09:27:19,B,1072.95,2,2
2021-06-18 09:27:21,S,1075.45,1,11
2021-06-18 09:27:21,S,1075.6,2,2
2021-06-18 09:27:21,S,1075.7,2,12
2021-06-18 09:27:21,S,1075.75,2,13
2021-06-18 09:27:21,S,1076.0,2,12
2021-06-18 09:27:21,B,1075.4,2,2
2021-06-18 09:27:21,B,1073.5,2,2
2021-06-18 09:27:21,B,1073.45,1,1
2021-06-18 09:27:21,B,1073.1,1,4
2021-06-18 09:27:21,B,1072.95,2,2
2021-06-18 09:27:21,S,1075.45,1,11
2021-06-18 09:27:21,S,1075.6,2,2
2021-06-18 09:27:21,S,1075.7,2,12
2021-06-18 09:27:21,S,1075.75,2,13
2021-06-18 09:27:21,S,1076.0,2,12
2021-06-18 09:27:21,B,1075.4,2,2
2021-06-18 09:27:21,B,1073.5,2,2
2021-06-18 09:27:21,B,1073.45,1,1
2021-06-18 09:27:21,B,1073.1,1,4
2021-06-18 09:27:21,B,1072.95,2,2
2021-06-18 09:27:21,S,1074.4,1,18
2021-06-18 09:27:21,S,1074.5,1,7
2021-06-18 09:27:21,S,1074.55,1,12
2021-06-18 09:27:21,S,1074.75,1,1
2021-06-18 09:27:21,S,1074.8,3,11
2021-06-18 09:27:21,B,1072.85,1,1
2021-06-18 09:27:21,B,1072.8,1,44
2021-06-18 09:27:21,B,1072.15,2,5
2021-06-18 09:27:21,B,1072.0,2,8
2021-06-18 09:27:21,B,1071.95,1,12
2021-06-18 09:27:21,S,1074.4,1,18
2021-06-18 09:27:21,S,1074.5,1,7
2021-06-18 09:27:21,S,1074.55,1,12
2021-06-18 09:27:21,S,1074.75,1,1
2021-06-18 09:27:21,S,1074.8,3,11
2021-06-18 09:27:21,B,1072.85,1,1
2021-06-18 09:27:21,B,1072.8,1,44
2021-06-18 09:27:21,B,1072.15,2,5
2021-06-18 09:27:21,B,1072.0,2,8
2021-06-18 09:27:21,B,1071.95,1,12
2021-06-18 09:27:22,S,1074.4,1,18
2021-06-18 09:27:22,S,1074.5,1,7
2021-06-18 09:27:22,S,1074.55,1,12
2021-06-18 09:27:22,S,1074.75,1,1
2021-06-18 09:27:22,S,1074.8,3,11
2021-06-18 09:27:22,B,1072.85,1,1
2021-06-18 09:27:22,B,1072.8,1,44
2021-06-18 09:27:22,B,1072.15,2,5
2021-06-18 09:27:22,B,1072.0,2,8
2021-06-18 09:27:22,B,1071.95,1,12
2021-06-18 09:27:22,S,1074.4,1,18
2021-06-18 09:27:22,S,1074.5,1,7
2021-06-18 09:27:22,S,1074.55,1,12
2021-06-18 09:27:22,S,1074.75,1,1
2021-06-18 09:27:22,S,1074.8,3,11
2021-06-18 09:27:22,B,1072.85,1,1
2021-06-18 09:27:22,B,1072.8,1,44
2021-06-18 09:27:22,B,1072.15,2,5
2021-06-18 09:27:22,B,1072.0,2,8
2021-06-18 09:27:22,B,1071.95,1,12
2021-06-18 09:27:22,S,1074.4,1,18
2021-06-18 09:27:22,S,1074.5,1,7
2021-06-18 09:27:22,S,1074.55,1,12
2021-06-18 09:27:22,S,1074.75,1,1
2021-06-18 09:27:22,S,1074.8,3,11
2021-06-18 09:27:22,B,1072.85,1,1
2021-06-18 09:27:22,B,1072.8,1,44
2021-06-18 09:27:22,B,1072.15,2,5
2021-06-18 09:27:22,B,1072.0,2,8
2021-06-18 09:27:22,B,1071.95,1,12
2021-06-18 09:27:22,S,1074.4,1,18
2021-06-18 09:27:22,S,1074.5,1,7
2021-06-18 09:27:22,S,1074.55,1,12
2021-06-18 09:27:22,S,1074.75,1,1
2021-06-18 09:27:22,S,1074.8,3,11
2021-06-18 09:27:22,B,1072.85,1,1
2021-06-18 09:27:22,B,1072.8,1,44
2021-06-18 09:27:22,B,1072.15,2,5
2021-06-18 09:27:22,B,1072.0,2,8
2021-06-18 09:27:22,B,1071.95,1,12
2021-06-18 09:27:25,S,1074.5,3,14
2021-06-18 09:27:25,S,1074.55,2,13
2021-06-18 09:27:25,S,1074.8,2,7
2021-06-18 09:27:25,S,1074.85,1,13
2021-06-18 09:27:25,S,1075.15,1,13
2021-06-18 09:27:25,B,1072.85,1,1
2021-06-18 09:27:25,B,1072.8,1,44
2021-06-18 09:27:25,B,1072.0,2,8
2021-06-18 09:27:25,B,1071.95,1,12
2021-06-18 09:27:25,B,1071.85,3,8
2021-06-18 09:27:25,S,1074.5,3,14
2021-06-18 09:27:25,S,1074.55,2,13
2021-06-18 09:27:25,S,1074.8,2,7
2021-06-18 09:27:25,S,1074.85,1,13
2021-06-18 09:27:25,S,1075.15,1,13
2021-06-18 09:27:25,B,1072.85,1,1
2021-06-18 09:27:25,B,1072.8,1,44
2021-06-18 09:27:25,B,1072.0,2,8
2021-06-18 09:27:25,B,1071.95,1,12
2021-06-18 09:27:25,B,1071.85,3,8
2021-06-18 09:27:27,S,1074.5,3,14
2021-06-18 09:27:27,S,1074.55,2,13
2021-06-18 09:27:27,S,1074.8,2,7
2021-06-18 09:27:27,S,1074.85,1,13
2021-06-18 09:27:27,S,1075.15,1,13
2021-06-18 09:27:27,B,1072.85,1,1
2021-06-18 09:27:27,B,1072.8,1,44
2021-06-18 09:27:27,B,1072.0,2,8
2021-06-18 09:27:27,B,1071.95,1,12
2021-06-18 09:27:27,B,1071.85,3,8
2021-06-18 09:27:27,S,1074.5,3,14
2021-06-18 09:27:27,S,1074.55,2,13
2021-06-18 09:27:27,S,1074.8,2,7
2021-06-18 09:27:27,S,1074.85,1,13
2021-06-18 09:27:27,S,1075.15,1,13
2021-06-18 09:27:27,B,1072.85,1,1
2021-06-18 09:27:27,B,1072.8,1,44
2021-06-18 09:27:27,B,1072.0,2,8
2021-06-18 09:27:27,B,1071.95,1,12
2021-06-18 09:27:27,B,1071.85,3,8
2021-06-18 09:27:28,S,1074.5,3,14
2021-06-18 09:27:28,S,1074.55,2,13
2021-06-18 09:27:28,S,1074.8,2,7
2021-06-18 09:27:28,S,1074.85,1,13
2021-06-18 09:27:28,S,1075.15,1,13
2021-06-18 09:27:28,B,1072.85,1,1
2021-06-18 09:27:28,B,1072.8,1,44
2021-06-18 09:27:28,B,1072.0,2,8
2021-06-18 09:27:28,B,1071.95,1,12
2021-06-18 09:27:28,B,1071.85,3,8
2021-06-18 09:27:28,S,1074.5,3,14
2021-06-18 09:27:28,S,1074.55,2,13
2021-06-18 09:27:28,S,1074.8,2,7
2021-06-18 09:27:28,S,1074.85,1,13
2021-06-18 09:27:28,S,1075.15,1,13
2021-06-18 09:27:28,B,1072.85,1,1
2021-06-18 09:27:28,B,1072.8,1,44
2021-06-18 09:27:28,B,1072.0,2,8
2021-06-18 09:27:28,B,1071.95,1,12
2021-06-18 09:27:28,B,1071.85,3,8
2021-06-18 09:27:29,S,1073.05,1,2
2021-06-18 09:27:29,S,1073.1,1,9
2021-06-18 09:27:29,S,1073.6,2,7
2021-06-18 09:27:29,S,1073.65,2,19
2021-06-18 09:27:29,S,1074.3,1,6
2021-06-18 09:27:29,B,1071.05,1,1
2021-06-18 09:27:29,B,1071.0,1,19
2021-06-18 09:27:29,B,1070.95,1,1
2021-06-18 09:27:29,B,1070.9,1,79
2021-06-18 09:27:29,B,1070.45,1,1
2021-06-18 09:27:29,S,1073.05,1,2
2021-06-18 09:27:29,S,1073.1,1,9
2021-06-18 09:27:29,S,1073.6,2,7
2021-06-18 09:27:29,S,1073.65,2,19
2021-06-18 09:27:29,S,1074.3,1,6
2021-06-18 09:27:29,B,1071.05,1,1
2021-06-18 09:27:29,B,1071.0,1,19
2021-06-18 09:27:29,B,1070.95,1,1
2021-06-18 09:27:29,B,1070.9,1,79
2021-06-18 09:27:29,B,1070.45,1,1
2021-06-18 09:27:32,S,1073.05,1,2
2021-06-18 09:27:32,S,1073.1,1,9
2021-06-18 09:27:32,S,1073.6,2,7
2021-06-18 09:27:32,S,1073.65,2,19
2021-06-18 09:27:32,S,1074.3,1,6
2021-06-18 09:27:32,B,1071.05,1,1
2021-06-18 09:27:32,B,1071.0,1,19
2021-06-18 09:27:32,B,1070.95,1,1
2021-06-18 09:27:32,B,1070.9,1,79
2021-06-18 09:27:32,B,1070.45,1,1
2021-06-18 09:27:32,S,1073.05,1,2
2021-06-18 09:27:32,S,1073.1,1,9
2021-06-18 09:27:32,S,1073.6,2,7
2021-06-18 09:27:32,S,1073.65,2,19
2021-06-18 09:27:32,S,1074.3,1,6
2021-06-18 09:27:32,B,1071.05,1,1
2021-06-18 09:27:32,B,1071.0,1,19
2021-06-18 09:27:32,B,1070.95,1,1
2021-06-18 09:27:32,B,1070.9,1,79
2021-06-18 09:27:32,B,1070.45,1,1
2021-06-18 09:27:33,S,1073.1,1,1
2021-06-18 09:27:33,S,1073.15,1,9
2021-06-18 09:27:33,S,1073.6,3,9
2021-06-18 09:27:33,S,1073.95,3,23
2021-06-18 09:27:33,S,1074.0,1,100
2021-06-18 09:27:33,B,1071.15,1,2
2021-06-18 09:27:33,B,1071.1,2,6
2021-06-18 09:27:33,B,1071.05,2,8
2021-06-18 09:27:33,B,1070.95,2,8
2021-06-18 09:27:33,B,1070.9,2,80
2021-06-18 09:27:33,S,1073.1,1,1
2021-06-18 09:27:33,S,1073.15,1,9
2021-06-18 09:27:33,S,1073.6,3,9
2021-06-18 09:27:33,S,1073.95,3,23
2021-06-18 09:27:33,S,1074.0,1,100
2021-06-18 09:27:33,B,1071.15,1,2
2021-06-18 09:27:33,B,1071.1,2,6
2021-06-18 09:27:33,B,1071.05,2,8
2021-06-18 09:27:33,B,1070.95,2,8
2021-06-18 09:27:33,B,1070.9,2,80
2021-06-18 09:27:37,S,1073.1,1,1
2021-06-18 09:27:37,S,1073.15,1,9
2021-06-18 09:27:37,S,1073.25,1,4
2021-06-18 09:27:37,S,1073.5,1,6
2021-06-18 09:27:37,S,1073.6,3,9
2021-06-18 09:27:37,B,1071.25,1,2
2021-06-18 09:27:37,B,1071.2,1,5
2021-06-18 09:27:37,B,1071.1,2,6
2021-06-18 09:27:37,B,1071.05,2,8
2021-06-18 09:27:37,B,1070.95,2,8
2021-06-18 09:27:37,S,1073.1,1,1
2021-06-18 09:27:37,S,1073.15,1,9
2021-06-18 09:27:37,S,1073.25,1,4
2021-06-18 09:27:37,S,1073.5,1,6
2021-06-18 09:27:37,S,1073.6,3,9
2021-06-18 09:27:37,B,1071.25,1,2
2021-06-18 09:27:37,B,1071.2,1,5
2021-06-18 09:27:37,B,1071.1,2,6
2021-06-18 09:27:37,B,1071.05,2,8
2021-06-18 09:27:37,B,1070.95,2,8
2021-06-18 09:27:40,S,1072.85,1,1
2021-06-18 09:27:40,S,1072.9,1,2
2021-06-18 09:27:40,S,1073.0,1,10
2021-06-18 09:27:40,S,1073.25,1,4
2021-06-18 09:27:40,S,1073.5,1,6
2021-06-18 09:27:40,B,1071.25,1,2
2021-06-18 09:27:40,B,1071.2,2,6
2021-06-18 09:27:40,B,1071.1,2,6
2021-06-18 09:27:40,B,1071.05,2,8
2021-06-18 09:27:40,B,1070.95,2,8
2021-06-18 09:27:40,S,1072.85,1,1
2021-06-18 09:27:40,S,1072.9,1,2
2021-06-18 09:27:40,S,1073.0,1,10
2021-06-18 09:27:40,S,1073.25,1,4
2021-06-18 09:27:40,S,1073.5,1,6
2021-06-18 09:27:40,B,1071.25,1,2
2021-06-18 09:27:40,B,1071.2,2,6
2021-06-18 09:27:40,B,1071.1,2,6
2021-06-18 09:27:40,B,1071.05,2,8
2021-06-18 09:27:40,B,1070.95,2,8
2021-06-18 09:27:46,S,1072.85,1,1
2021-06-18 09:27:46,S,1072.9,1,2
2021-06-18 09:27:46,S,1073.0,1,10
2021-06-18 09:27:46,S,1073.25,1,4
2021-06-18 09:27:46,S,1073.5,1,6
2021-06-18 09:27:46,B,1071.25,1,2
2021-06-18 09:27:46,B,1071.2,2,6
2021-06-18 09:27:46,B,1071.1,2,6
2021-06-18 09:27:46,B,1071.05,2,8
2021-06-18 09:27:46,B,1070.95,2,8
2021-06-18 09:27:46,S,1072.85,1,1
2021-06-18 09:27:46,S,1072.9,1,2
2021-06-18 09:27:46,S,1073.0,1,10
2021-06-18 09:27:46,S,1073.25,1,4
2021-06-18 09:27:46,S,1073.5,1,6
2021-06-18 09:27:46,B,1071.25,1,2
2021-06-18 09:27:46,B,1071.2,2,6
2021-06-18 09:27:46,B,1071.1,2,6
2021-06-18 09:27:46,B,1071.05,2,8
2021-06-18 09:27:46,B,1070.95,2,8
2021-06-18 09:27:48,S,1072.9,1,2
2021-06-18 09:27:48,S,1073.0,1,10
2021-06-18 09:27:48,S,1073.9,3,9
2021-06-18 09:27:48,S,1073.95,2,12
2021-06-18 09:27:48,S,1074.0,1,100
2021-06-18 09:27:48,B,1071.25,1,2
2021-06-18 09:27:48,B,1071.2,2,6
2021-06-18 09:27:48,B,1071.1,2,6
2021-06-18 09:27:48,B,1071.05,2,8
2021-06-18 09:27:48,B,1070.95,2,8
2021-06-18 09:27:48,S,1072.9,1,2
2021-06-18 09:27:48,S,1073.0,1,10
2021-06-18 09:27:48,S,1073.9,3,9
2021-06-18 09:27:48,S,1073.95,2,12
2021-06-18 09:27:48,S,1074.0,1,100
2021-06-18 09:27:48,B,1071.25,1,2
2021-06-18 09:27:48,B,1071.2,2,6
2021-06-18 09:27:48,B,1071.1,2,6
2021-06-18 09:27:48,B,1071.05,2,8
2021-06-18 09:27:48,B,1070.95,2,8
2021-06-18 09:27:49,S,1072.9,1,2
2021-06-18 09:27:49,S,1073.0,1,10
2021-06-18 09:27:49,S,1073.9,3,9
2021-06-18 09:27:49,S,1073.95,2,12
2021-06-18 09:27:49,S,1074.0,1,100
2021-06-18 09:27:49,B,1071.25,1,2
2021-06-18 09:27:49,B,1071.2,2,6
2021-06-18 09:27:49,B,1071.1,2,6
2021-06-18 09:27:49,B,1071.05,2,8
2021-06-18 09:27:49,B,1070.95,2,8
2021-06-18 09:27:49,S,1072.9,1,2
2021-06-18 09:27:49,S,1073.0,1,10
2021-06-18 09:27:49,S,1073.9,3,9
2021-06-18 09:27:49,S,1073.95,2,12
2021-06-18 09:27:49,S,1074.0,1,100
2021-06-18 09:27:49,B,1071.25,1,2
2021-06-18 09:27:49,B,1071.2,2,6
2021-06-18 09:27:49,B,1071.1,2,6
2021-06-18 09:27:49,B,1071.05,2,8
2021-06-18 09:27:49,B,1070.95,2,8
2021-06-18 09:27:52,S,1072.85,1,2
2021-06-18 09:27:52,S,1072.9,1,2
2021-06-18 09:27:52,S,1073.0,1,10
2021-06-18 09:27:52,S,1073.35,1,4
2021-06-18 09:27:52,S,1073.65,1,11
2021-06-18 09:27:52,B,1071.35,1,2
2021-06-18 09:27:52,B,1071.3,2,6
2021-06-18 09:27:52,B,1071.25,1,1
2021-06-18 09:27:52,B,1071.2,1,1
2021-06-18 09:27:52,B,1071.1,2,6
2021-06-18 09:27:52,S,1072.85,1,2
2021-06-18 09:27:52,S,1072.9,1,2
2021-06-18 09:27:52,S,1073.0,1,10
2021-06-18 09:27:52,S,1073.35,1,4
2021-06-18 09:27:52,S,1073.65,1,11
2021-06-18 09:27:52,B,1071.35,1,2
2021-06-18 09:27:52,B,1071.3,2,6
2021-06-18 09:27:52,B,1071.25,1,1
2021-06-18 09:27:52,B,1071.2,1,1
2021-06-18 09:27:52,B,1071.1,2,6
2021-06-18 09:27:55,S,1072.85,1,2
2021-06-18 09:27:55,S,1072.9,1,2
2021-06-18 09:27:55,S,1073.0,1,10
2021-06-18 09:27:55,S,1073.05,1,5
2021-06-18 09:27:55,S,1073.35,1,4
2021-06-18 09:27:55,B,1071.55,1,2
2021-06-18 09:27:55,B,1071.5,2,6
2021-06-18 09:27:55,B,1071.1,2,6
2021-06-18 09:27:55,B,1071.05,2,8
2021-06-18 09:27:55,B,1070.95,2,8
2021-06-18 09:27:55,S,1072.85,1,2
2021-06-18 09:27:55,S,1072.9,1,2
2021-06-18 09:27:55,S,1073.0,1,10
2021-06-18 09:27:55,S,1073.05,1,5
2021-06-18 09:27:55,S,1073.35,1,4
2021-06-18 09:27:55,B,1071.55,1,2
2021-06-18 09:27:55,B,1071.5,2,6
2021-06-18 09:27:55,B,1071.1,2,6
2021-06-18 09:27:55,B,1071.05,2,8
2021-06-18 09:27:55,B,1070.95,2,8
2021-06-18 09:27:58,S,1072.85,1,2
2021-06-18 09:27:58,S,1072.9,1,2
2021-06-18 09:27:58,S,1073.0,1,10
2021-06-18 09:27:58,S,1073.05,1,5
2021-06-18 09:27:58,S,1073.35,1,4
2021-06-18 09:27:58,B,1071.55,1,2
2021-06-18 09:27:58,B,1071.5,2,6
2021-06-18 09:27:58,B,1071.1,2,6
2021-06-18 09:27:58,B,1071.05,2,8
2021-06-18 09:27:58,B,1070.95,2,8
2021-06-18 09:27:58,S,1072.85,1,2
2021-06-18 09:27:58,S,1072.9,1,2
2021-06-18 09:27:58,S,1073.0,1,10
2021-06-18 09:27:58,S,1073.05,1,5
2021-06-18 09:27:58,S,1073.35,1,4
2021-06-18 09:27:58,B,1071.55,1,2
2021-06-18 09:27:58,B,1071.5,2,6
2021-06-18 09:27:58,B,1071.1,2,6
2021-06-18 09:27:58,B,1071.05,2,8
2021-06-18 09:27:58,B,1070.95,2,8
2021-06-18 09:28:00,S,1072.65,1,2
2021-06-18 09:28:00,S,1072.7,1,2
2021-06-18 09:28:00,S,1072.8,1,5
2021-06-18 09:28:00,S,1073.0,1,4
2021-06-18 09:28:00,S,1073.3,3,8
2021-06-18 09:28:00,B,1071.25,1,2
2021-06-18 09:28:00,B,1071.2,1,50
2021-06-18 09:28:00,B,1071.15,1,1
2021-06-18 09:28:00,B,1071.1,2,6
2021-06-18 09:28:00,B,1071.05,2,8
2021-06-18 09:28:00,S,1072.65,1,2
2021-06-18 09:28:00,S,1072.7,1,2
2021-06-18 09:28:00,S,1072.8,1,5
2021-06-18 09:28:00,S,1073.0,1,4
2021-06-18 09:28:00,S,1073.3,3,8
2021-06-18 09:28:00,B,1071.25,1,2
2021-06-18 09:28:00,B,1071.2,1,50
2021-06-18 09:28:00,B,1071.15,1,1
2021-06-18 09:28:00,B,1071.1,2,6
2021-06-18 09:28:00,B,1071.05,2,8
2021-06-18 09:28:00,S,1072.65,1,2
2021-06-18 09:28:00,S,1072.7,1,2
2021-06-18 09:28:00,S,1072.8,1,5
2021-06-18 09:28:00,S,1073.0,1,4
2021-06-18 09:28:00,S,1073.3,3,8
2021-06-18 09:28:00,B,1071.25,1,2
2021-06-18 09:28:00,B,1071.2,1,50
2021-06-18 09:28:00,B,1071.15,1,1
2021-06-18 09:28:00,B,1071.1,2,6
2021-06-18 09:28:00,B,1071.05,2,8
2021-06-18 09:28:00,S,1072.65,1,2
2021-06-18 09:28:00,S,1072.7,1,2
2021-06-18 09:28:00,S,1072.8,1,5
2021-06-18 09:28:00,S,1073.0,1,4
2021-06-18 09:28:00,S,1073.3,3,8
2021-06-18 09:28:00,B,1071.25,1,2
2021-06-18 09:28:00,B,1071.2,1,50
2021-06-18 09:28:00,B,1071.15,1,1
2021-06-18 09:28:00,B,1071.1,2,6
2021-06-18 09:28:00,B,1071.05,2,8
2021-06-18 09:28:02,S,1072.65,1,2
2021-06-18 09:28:02,S,1072.7,1,2
2021-06-18 09:28:02,S,1072.8,1,5
2021-06-18 09:28:02,S,1073.0,1,4
2021-06-18 09:28:02,S,1073.3,3,8
2021-06-18 09:28:02,B,1071.25,1,2
2021-06-18 09:28:02,B,1071.2,1,50
2021-06-18 09:28:02,B,1071.15,1,1
2021-06-18 09:28:02,B,1071.1,2,6
2021-06-18 09:28:02,B,1071.05,2,8
2021-06-18 09:28:02,S,1072.65,1,2
2021-06-18 09:28:02,S,1072.7,1,2
2021-06-18 09:28:02,S,1072.8,1,5
2021-06-18 09:28:02,S,1073.0,1,4
2021-06-18 09:28:02,S,1073.3,3,8
2021-06-18 09:28:02,B,1071.25,1,2
2021-06-18 09:28:02,B,1071.2,1,50
2021-06-18 09:28:02,B,1071.15,1,1
2021-06-18 09:28:02,B,1071.1,2,6
2021-06-18 09:28:02,B,1071.05,2,8
2021-06-18 09:28:03,S,1072.7,1,2
2021-06-18 09:28:03,S,1072.75,1,5
2021-06-18 09:28:03,S,1072.8,1,5
2021-06-18 09:28:03,S,1073.0,1,4
2021-06-18 09:28:03,S,1073.25,3,8
2021-06-18 09:28:03,B,1071.25,1,1
2021-06-18 09:28:03,B,1071.2,2,43
2021-06-18 09:28:03,B,1071.1,2,6
2021-06-18 09:28:03,B,1071.05,2,8
2021-06-18 09:28:03,B,1070.95,2,8
2021-06-18 09:28:03,S,1072.7,1,2
2021-06-18 09:28:03,S,1072.75,1,5
2021-06-18 09:28:03,S,1072.8,1,5
2021-06-18 09:28:03,S,1073.0,1,4
2021-06-18 09:28:03,S,1073.25,3,8
2021-06-18 09:28:03,B,1071.25,1,1
2021-06-18 09:28:03,B,1071.2,2,43
2021-06-18 09:28:03,B,1071.1,2,6
2021-06-18 09:28:03,B,1071.05,2,8
2021-06-18 09:28:03,B,1070.95,2,8
2021-06-18 09:28:07,S,1072.55,1,2
2021-06-18 09:28:07,S,1072.6,1,5
2021-06-18 09:28:07,S,1072.7,1,6
2021-06-18 09:28:07,S,1072.75,2,15
2021-06-18 09:28:07,S,1073.0,1,4
2021-06-18 09:28:07,B,1071.25,1,1
2021-06-18 09:28:07,B,1071.2,2,43
2021-06-18 09:28:07,B,1071.1,2,6
2021-06-18 09:28:07,B,1071.05,2,8
2021-06-18 09:28:07,B,1070.95,2,8
2021-06-18 09:28:07,S,1072.55,1,2
2021-06-18 09:28:07,S,1072.6,1,5
2021-06-18 09:28:07,S,1072.7,1,6
2021-06-18 09:28:07,S,1072.75,2,15
2021-06-18 09:28:07,S,1073.0,1,4
2021-06-18 09:28:07,B,1071.25,1,1
2021-06-18 09:28:07,B,1071.2,2,43
2021-06-18 09:28:07,B,1071.1,2,6
2021-06-18 09:28:07,B,1071.05,2,8
2021-06-18 09:28:07,B,1070.95,2,8
2021-06-18 09:28:09,S,1072.55,1,2
2021-06-18 09:28:09,S,1072.6,1,5
2021-06-18 09:28:09,S,1072.7,1,6
2021-06-18 09:28:09,S,1072.75,2,15
2021-06-18 09:28:09,S,1073.0,1,4
2021-06-18 09:28:09,B,1071.25,1,1
2021-06-18 09:28:09,B,1071.2,2,43
2021-06-18 09:28:09,B,1071.1,2,6
2021-06-18 09:28:09,B,1071.05,2,8
2021-06-18 09:28:09,B,1070.95,2,8
2021-06-18 09:28:09,S,1072.55,1,2
2021-06-18 09:28:09,S,1072.6,1,5
2021-06-18 09:28:09,S,1072.7,1,6
2021-06-18 09:28:09,S,1072.75,2,15
2021-06-18 09:28:09,S,1073.0,1,4
2021-06-18 09:28:09,B,1071.25,1,1
2021-06-18 09:28:09,B,1071.2,2,43
2021-06-18 09:28:09,B,1071.1,2,6
2021-06-18 09:28:09,B,1071.05,2,8
2021-06-18 09:28:09,B,1070.95,2,8
2021-06-18 09:28:11,S,1072.3,1,2
2021-06-18 09:28:11,S,1072.35,1,6
2021-06-18 09:28:11,S,1072.4,1,6
2021-06-18 09:28:11,S,1072.45,2,15
2021-06-18 09:28:11,S,1072.6,1,4
2021-06-18 09:28:11,B,1070.9,1,79
2021-06-18 09:28:11,B,1070.15,2,6
2021-06-18 09:28:11,B,1070.0,2,5
2021-06-18 09:28:11,B,1069.9,2,10
2021-06-18 09:28:11,B,1069.85,2,11
2021-06-18 09:28:11,S,1072.3,1,2
2021-06-18 09:28:11,S,1072.35,1,6
2021-06-18 09:28:11,S,1072.4,1,6
2021-06-18 09:28:11,S,1072.45,2,15
2021-06-18 09:28:11,S,1072.6,1,4
2021-06-18 09:28:11,B,1070.9,1,79
2021-06-18 09:28:11,B,1070.15,2,6
2021-06-18 09:28:11,B,1070.0,2,5
2021-06-18 09:28:11,B,1069.9,2,10
2021-06-18 09:28:11,B,1069.85,2,11
2021-06-18 09:28:15,S,1072.0,1,2
2021-06-18 09:28:15,S,1072.05,1,5
2021-06-18 09:28:15,S,1072.15,1,12
2021-06-18 09:28:15,S,1072.35,1,6
2021-06-18 09:28:15,S,1072.45,1,10
2021-06-18 09:28:15,B,1070.9,1,79
2021-06-18 09:28:15,B,1070.15,2,6
2021-06-18 09:28:15,B,1070.0,2,5
2021-06-18 09:28:15,B,1069.9,2,10
2021-06-18 09:28:15,B,1069.55,1,12
2021-06-18 09:28:15,S,1072.0,1,2
2021-06-18 09:28:15,S,1072.05,1,5
2021-06-18 09:28:15,S,1072.15,1,12
2021-06-18 09:28:15,S,1072.35,1,6
2021-06-18 09:28:15,S,1072.45,1,10
2021-06-18 09:28:15,B,1070.9,1,79
2021-06-18 09:28:15,B,1070.15,2,6
2021-06-18 09:28:15,B,1070.0,2,5
2021-06-18 09:28:15,B,1069.9,2,10
2021-06-18 09:28:15,B,1069.55,1,12
2021-06-18 09:28:17,S,1072.0,1,2
2021-06-18 09:28:17,S,1072.05,1,5
2021-06-18 09:28:17,S,1072.15,1,12
2021-06-18 09:28:17,S,1072.35,1,6
2021-06-18 09:28:17,S,1072.45,1,10
2021-06-18 09:28:17,B,1070.9,1,79
2021-06-18 09:28:17,B,1070.15,2,6
2021-06-18 09:28:17,B,1070.0,2,5
2021-06-18 09:28:17,B,1069.9,2,10
2021-06-18 09:28:17,B,1069.55,1,12
2021-06-18 09:28:17,S,1072.0,1,2
2021-06-18 09:28:17,S,1072.05,1,5
2021-06-18 09:28:17,S,1072.15,1,12
2021-06-18 09:28:17,S,1072.35,1,6
2021-06-18 09:28:17,S,1072.45,1,10
2021-06-18 09:28:17,B,1070.9,1,79
2021-06-18 09:28:17,B,1070.15,2,6
2021-06-18 09:28:17,B,1070.0,2,5
2021-06-18 09:28:17,B,1069.9,2,10
2021-06-18 09:28:17,B,1069.55,1,12
2021-06-18 09:28:18,S,1070.85,1,2
2021-06-18 09:28:18,S,1070.9,1,3
2021-06-18 09:28:18,S,1071.1,1,24
2021-06-18 09:28:18,S,1071.45,3,8
2021-06-18 09:28:18,S,1071.65,2,12
2021-06-18 09:28:18,B,1068.8,1,5
2021-06-18 09:28:18,B,1068.7,2,3
2021-06-18 09:28:18,B,1068.55,1,2
2021-06-18 09:28:18,B,1068.5,1,6
2021-06-18 09:28:18,B,1068.1,2,4
2021-06-18 09:28:18,S,1070.85,1,2
2021-06-18 09:28:18,S,1070.9,1,3
2021-06-18 09:28:18,S,1071.1,1,24
2021-06-18 09:28:18,S,1071.45,3,8
2021-06-18 09:28:18,S,1071.65,2,12
2021-06-18 09:28:18,B,1068.8,1,5
2021-06-18 09:28:18,B,1068.7,2,3
2021-06-18 09:28:18,B,1068.55,1,2
2021-06-18 09:28:18,B,1068.5,1,6
2021-06-18 09:28:18,B,1068.1,2,4
2021-06-18 09:28:22,S,1069.25,2,3
2021-06-18 09:28:22,S,1069.3,3,8
2021-06-18 09:28:22,S,1069.5,1,5
2021-06-18 09:28:22,S,1070.05,1,12
2021-06-18 09:28:22,S,1070.3,2,12
2021-06-18 09:28:22,B,1067.45,2,5
2021-06-18 09:28:22,B,1067.4,1,4
2021-06-18 09:28:22,B,1067.0,1,1
2021-06-18 09:28:22,B,1066.95,1,1
2021-06-18 09:28:22,B,1066.9,1,5
2021-06-18 09:28:22,S,1069.25,2,3
2021-06-18 09:28:22,S,1069.3,3,8
2021-06-18 09:28:22,S,1069.5,1,5
2021-06-18 09:28:22,S,1070.05,1,12
2021-06-18 09:28:22,S,1070.3,2,12
2021-06-18 09:28:22,B,1067.45,2,5
2021-06-18 09:28:22,B,1067.4,1,4
2021-06-18 09:28:22,B,1067.0,1,1
2021-06-18 09:28:22,B,1066.95,1,1
2021-06-18 09:28:22,B,1066.9,1,5
2021-06-18 09:28:24,S,1069.25,2,3
2021-06-18 09:28:24,S,1069.3,3,8
2021-06-18 09:28:24,S,1069.5,1,5
2021-06-18 09:28:24,S,1070.05,1,12
2021-06-18 09:28:24,S,1070.3,2,12
2021-06-18 09:28:24,B,1067.45,2,5
2021-06-18 09:28:24,B,1067.4,1,4
2021-06-18 09:28:24,B,1067.0,1,1
2021-06-18 09:28:24,B,1066.95,1,1
2021-06-18 09:28:24,B,1066.9,1,5
2021-06-18 09:28:24,S,1069.25,2,3
2021-06-18 09:28:24,S,1069.3,3,8
2021-06-18 09:28:24,S,1069.5,1,5
2021-06-18 09:28:24,S,1070.05,1,12
2021-06-18 09:28:24,S,1070.3,2,12
2021-06-18 09:28:24,B,1067.45,2,5
2021-06-18 09:28:24,B,1067.4,1,4
2021-06-18 09:28:24,B,1067.0,1,1
2021-06-18 09:28:24,B,1066.95,1,1
2021-06-18 09:28:24,B,1066.9,1,5
2021-06-18 09:28:26,S,1068.9,1,2
2021-06-18 09:28:26,S,1068.95,1,5
2021-06-18 09:28:26,S,1069.25,1,1
2021-06-18 09:28:26,S,1069.35,1,2
2021-06-18 09:28:26,S,1069.4,2,4
2021-06-18 09:28:26,B,1067.45,2,3
2021-06-18 09:28:26,B,1067.3,2,6
2021-06-18 09:28:26,B,1067.0,1,1
2021-06-18 09:28:26,B,1066.95,1,1
2021-06-18 09:28:26,B,1066.9,1,5
2021-06-18 09:28:26,S,1068.9,1,2
2021-06-18 09:28:26,S,1068.95,1,5
2021-06-18 09:28:26,S,1069.25,1,1
2021-06-18 09:28:26,S,1069.35,1,2
2021-06-18 09:28:26,S,1069.4,2,4
2021-06-18 09:28:26,B,1067.45,2,3
2021-06-18 09:28:26,B,1067.3,2,6
2021-06-18 09:28:26,B,1067.0,1,1
2021-06-18 09:28:26,B,1066.95,1,1
2021-06-18 09:28:26,B,1066.9,1,5
2021-06-18 09:28:30,S,1068.9,1,2
2021-06-18 09:28:30,S,1068.95,1,5
2021-06-18 09:28:30,S,1069.25,1,1
2021-06-18 09:28:30,S,1069.35,1,2
2021-06-18 09:28:30,S,1069.4,2,4
2021-06-18 09:28:30,B,1067.45,2,3
2021-06-18 09:28:30,B,1067.3,2,6
2021-06-18 09:28:30,B,1067.0,1,1
2021-06-18 09:28:30,B,1066.95,1,1
2021-06-18 09:28:30,B,1066.9,1,5
2021-06-18 09:28:30,S,1068.9,1,2
2021-06-18 09:28:30,S,1068.95,1,5
2021-06-18 09:28:30,S,1069.25,1,1
2021-06-18 09:28:30,S,1069.35,1,2
2021-06-18 09:28:30,S,1069.4,2,4
2021-06-18 09:28:30,B,1067.45,2,3
2021-06-18 09:28:30,B,1067.3,2,6
2021-06-18 09:28:30,B,1067.0,1,1
2021-06-18 09:28:30,B,1066.95,1,1
2021-06-18 09:28:30,B,1066.9,1,5
2021-06-18 09:28:31,S,1068.9,1,2
2021-06-18 09:28:31,S,1068.95,1,5
2021-06-18 09:28:31,S,1069.25,1,1
2021-06-18 09:28:31,S,1069.35,1,2
2021-06-18 09:28:31,S,1069.4,2,4
2021-06-18 09:28:31,B,1067.45,2,3
2021-06-18 09:28:31,B,1067.3,2,6
2021-06-18 09:28:31,B,1067.0,1,1
2021-06-18 09:28:31,B,1066.95,1,1
2021-06-18 09:28:31,B,1066.9,1,5
2021-06-18 09:28:31,S,1068.9,1,2
2021-06-18 09:28:31,S,1068.95,1,5
2021-06-18 09:28:31,S,1069.25,1,1
2021-06-18 09:28:31,S,1069.35,1,2
2021-06-18 09:28:31,S,1069.4,2,4
2021-06-18 09:28:31,B,1067.45,2,3
2021-06-18 09:28:31,B,1067.3,2,6
2021-06-18 09:28:31,B,1067.0,1,1
2021-06-18 09:28:31,B,1066.95,1,1
2021-06-18 09:28:31,B,1066.9,1,5
2021-06-18 09:28:33,S,1068.8,1,1
2021-06-18 09:28:33,S,1068.85,1,1
2021-06-18 09:28:33,S,1068.95,1,5
2021-06-18 09:28:33,S,1069.35,1,2
2021-06-18 09:28:33,S,1069.4,2,4
2021-06-18 09:28:33,B,1067.45,2,3
2021-06-18 09:28:33,B,1067.3,2,6
2021-06-18 09:28:33,B,1067.0,1,1
2021-06-18 09:28:33,B,1066.95,1,1
2021-06-18 09:28:33,B,1066.9,1,5
2021-06-18 09:28:33,S,1068.8,1,1
2021-06-18 09:28:33,S,1068.85,1,1
2021-06-18 09:28:33,S,1068.95,1,5
2021-06-18 09:28:33,S,1069.35,1,2
2021-06-18 09:28:33,S,1069.4,2,4
2021-06-18 09:28:33,B,1067.45,2,3
2021-06-18 09:28:33,B,1067.3,2,6
2021-06-18 09:28:33,B,1067.0,1,1
2021-06-18 09:28:33,B,1066.95,1,1
2021-06-18 09:28:33,B,1066.9,1,5
2021-06-18 09:28:40,S,1068.8,1,1
2021-06-18 09:28:40,S,1068.85,1,1
2021-06-18 09:28:40,S,1068.95,1,5
2021-06-18 09:28:40,S,1069.35,1,2
2021-06-18 09:28:40,S,1069.4,2,4
2021-06-18 09:28:40,B,1067.45,2,3
2021-06-18 09:28:40,B,1067.3,2,6
2021-06-18 09:28:40,B,1067.0,1,1
2021-06-18 09:28:40,B,1066.95,1,1
2021-06-18 09:28:40,B,1066.9,1,5
2021-06-18 09:28:40,S,1068.8,1,1
2021-06-18 09:28:40,S,1068.85,1,1
2021-06-18 09:28:40,S,1068.95,1,5
2021-06-18 09:28:40,S,1069.35,1,2
2021-06-18 09:28:40,S,1069.4,2,4
2021-06-18 09:28:40,B,1067.45,2,3
2021-06-18 09:28:40,B,1067.3,2,6
2021-06-18 09:28:40,B,1067.0,1,1
2021-06-18 09:28:40,B,1066.95,1,1
2021-06-18 09:28:40,B,1066.9,1,5
2021-06-18 09:28:44,S,1068.8,1,1
2021-06-18 09:28:44,S,1068.85,1,1
2021-06-18 09:28:44,S,1068.95,1,5
2021-06-18 09:28:44,S,1069.35,1,2
2021-06-18 09:28:44,S,1069.4,2,4
2021-06-18 09:28:44,B,1067.45,2,3
2021-06-18 09:28:44,B,1067.3,2,6
2021-06-18 09:28:44,B,1067.0,1,1
2021-06-18 09:28:44,B,1066.95,1,1
2021-06-18 09:28:44,B,1066.9,1,5
2021-06-18 09:28:44,S,1068.8,1,1
2021-06-18 09:28:44,S,1068.85,1,1
2021-06-18 09:28:44,S,1068.95,1,5
2021-06-18 09:28:44,S,1069.35,1,2
2021-06-18 09:28:44,S,1069.4,2,4
2021-06-18 09:28:44,B,1067.45,2,3
2021-06-18 09:28:44,B,1067.3,2,6
2021-06-18 09:28:44,B,1067.0,1,1
2021-06-18 09:28:44,B,1066.95,1,1
2021-06-18 09:28:44,B,1066.9,1,5
2021-06-18 09:28:48,S,1068.45,1,1
2021-06-18 09:28:48,S,1068.5,1,2
2021-06-18 09:28:48,S,1068.85,1,1
2021-06-18 09:28:48,S,1068.95,1,5
2021-06-18 09:28:48,S,1069.35,1,2
2021-06-18 09:28:48,B,1067.45,2,3
2021-06-18 09:28:48,B,1067.0,1,1
2021-06-18 09:28:48,B,1066.9,1,5
2021-06-18 09:28:48,B,1066.85,1,2
2021-06-18 09:28:48,B,1066.8,2,10
2021-06-18 09:28:48,S,1068.45,1,1
2021-06-18 09:28:48,S,1068.5,1,2
2021-06-18 09:28:48,S,1068.85,1,1
2021-06-18 09:28:48,S,1068.95,1,5
2021-06-18 09:28:48,S,1069.35,1,2
2021-06-18 09:28:48,B,1067.45,2,3
2021-06-18 09:28:48,B,1067.0,1,1
2021-06-18 09:28:48,B,1066.9,1,5
2021-06-18 09:28:48,B,1066.85,1,2
2021-06-18 09:28:48,B,1066.8,2,10
2021-06-18 09:28:51,S,1068.0,1,2
2021-06-18 09:28:51,S,1068.45,1,1
2021-06-18 09:28:51,S,1068.5,1,2
2021-06-18 09:28:51,S,1068.85,1,1
2021-06-18 09:28:51,S,1068.9,1,4
2021-06-18 09:28:51,B,1067.45,2,3
2021-06-18 09:28:51,B,1067.0,2,2
2021-06-18 09:28:51,B,1066.9,1,5
2021-06-18 09:28:51,B,1066.8,1,6
2021-06-18 09:28:51,B,1066.55,1,11
2021-06-18 09:28:51,S,1068.0,1,2
2021-06-18 09:28:51,S,1068.45,1,1
2021-06-18 09:28:51,S,1068.5,1,2
2021-06-18 09:28:51,S,1068.85,1,1
2021-06-18 09:28:51,S,1068.9,1,4
2021-06-18 09:28:51,B,1067.45,2,3
2021-06-18 09:28:51,B,1067.0,2,2
2021-06-18 09:28:51,B,1066.9,1,5
2021-06-18 09:28:51,B,1066.8,1,6
2021-06-18 09:28:51,B,1066.55,1,11
2021-06-18 09:28:52,S,1068.0,1,2
2021-06-18 09:28:52,S,1068.45,1,1
2021-06-18 09:28:52,S,1068.5,1,2
2021-06-18 09:28:52,S,1068.85,1,1
2021-06-18 09:28:52,S,1068.9,1,4
2021-06-18 09:28:52,B,1067.45,2,3
2021-06-18 09:28:52,B,1067.0,2,2
2021-06-18 09:28:52,B,1066.9,1,5
2021-06-18 09:28:52,B,1066.8,1,6
2021-06-18 09:28:52,B,1066.55,1,11
2021-06-18 09:28:52,S,1068.0,1,2
2021-06-18 09:28:52,S,1068.45,1,1
2021-06-18 09:28:52,S,1068.5,1,2
2021-06-18 09:28:52,S,1068.85,1,1
2021-06-18 09:28:52,S,1068.9,1,4
2021-06-18 09:28:52,B,1067.45,2,3
2021-06-18 09:28:52,B,1067.0,2,2
2021-06-18 09:28:52,B,1066.9,1,5
2021-06-18 09:28:52,B,1066.8,1,6
2021-06-18 09:28:52,B,1066.55,1,11
2021-06-18 09:28:54,S,1067.05,1,2
2021-06-18 09:28:54,S,1067.1,1,5
2021-06-18 09:28:54,S,1067.4,1,2
2021-06-18 09:28:54,S,1067.9,3,14
2021-06-18 09:28:54,S,1067.95,3,17
2021-06-18 09:28:54,B,1065.85,1,1
2021-06-18 09:28:54,B,1065.8,2,2
2021-06-18 09:28:54,B,1065.5,1,1
2021-06-18 09:28:54,B,1065.45,1,5
2021-06-18 09:28:54,B,1065.35,1,10
2021-06-18 09:28:54,S,1067.05,1,2
2021-06-18 09:28:54,S,1067.1,1,5
2021-06-18 09:28:54,S,1067.4,1,2
2021-06-18 09:28:54,S,1067.9,3,14
2021-06-18 09:28:54,S,1067.95,3,17
2021-06-18 09:28:54,B,1065.85,1,1
2021-06-18 09:28:54,B,1065.8,2,2
2021-06-18 09:28:54,B,1065.5,1,1
2021-06-18 09:28:54,B,1065.45,1,5
2021-06-18 09:28:54,B,1065.35,1,10
2021-06-18 09:28:58,S,1066.75,1,2
2021-06-18 09:28:58,S,1066.8,1,10
2021-06-18 09:28:58,S,1067.1,1,5
2021-06-18 09:28:58,S,1067.4,1,2
2021-06-18 09:28:58,S,1067.9,3,14
2021-06-18 09:28:58,B,1065.85,1,1
2021-06-18 09:28:58,B,1065.8,2,2
2021-06-18 09:28:58,B,1065.5,1,1
2021-06-18 09:28:58,B,1065.45,1,5
2021-06-18 09:28:58,B,1065.35,1,10
2021-06-18 09:28:58,S,1066.75,1,2
2021-06-18 09:28:58,S,1066.8,1,10
2021-06-18 09:28:58,S,1067.1,1,5
2021-06-18 09:28:58,S,1067.4,1,2
2021-06-18 09:28:58,S,1067.9,3,14
2021-06-18 09:28:58,B,1065.85,1,1
2021-06-18 09:28:58,B,1065.8,2,2
2021-06-18 09:28:58,B,1065.5,1,1
2021-06-18 09:28:58,B,1065.45,1,5
2021-06-18 09:28:58,B,1065.35,1,10
2021-06-18 09:29:00,S,1066.75,1,2
2021-06-18 09:29:00,S,1066.8,1,10
2021-06-18 09:29:00,S,1067.1,1,5
2021-06-18 09:29:00,S,1067.4,1,2
2021-06-18 09:29:00,S,1067.9,3,14
2021-06-18 09:29:00,B,1065.85,1,1
2021-06-18 09:29:00,B,1065.8,2,2
2021-06-18 09:29:00,B,1065.5,1,1
2021-06-18 09:29:00,B,1065.45,1,5
2021-06-18 09:29:00,B,1065.35,1,10
2021-06-18 09:29:00,S,1066.75,1,2
2021-06-18 09:29:00,S,1066.8,1,10
2021-06-18 09:29:00,S,1067.1,1,5
2021-06-18 09:29:00,S,1067.4,1,2
2021-06-18 09:29:00,S,1067.9,3,14
2021-06-18 09:29:00,B,1065.85,1,1
2021-06-18 09:29:00,B,1065.8,2,2
2021-06-18 09:29:00,B,1065.5,1,1
2021-06-18 09:29:00,B,1065.45,1,5
2021-06-18 09:29:00,B,1065.35,1,10
2021-06-18 09:29:01,S,1066.75,1,2
2021-06-18 09:29:01,S,1066.8,1,10
2021-06-18 09:29:01,S,1067.1,1,5
2021-06-18 09:29:01,S,1067.4,1,2
2021-06-18 09:29:01,S,1067.9,3,14
2021-06-18 09:29:01,B,1065.85,1,1
2021-06-18 09:29:01,B,1065.8,2,2
2021-06-18 09:29:01,B,1065.5,1,1
2021-06-18 09:29:01,B,1065.45,1,5
2021-06-18 09:29:01,B,1065.35,1,10
2021-06-18 09:29:01,S,1066.75,1,2
2021-06-18 09:29:01,S,1066.8,1,10
2021-06-18 09:29:01,S,1067.1,1,5
2021-06-18 09:29:01,S,1067.4,1,2
2021-06-18 09:29:01,S,1067.9,3,14
2021-06-18 09:29:01,B,1065.85,1,1
2021-06-18 09:29:01,B,1065.8,2,2
2021-06-18 09:29:01,B,1065.5,1,1
2021-06-18 09:29:01,B,1065.45,1,5
2021-06-18 09:29:01,B,1065.35,1,10
2021-06-18 09:29:01,S,1070.5,1,2
2021-06-18 09:29:01,S,1070.55,1,5
2021-06-18 09:29:01,S,1070.75,1,5
2021-06-18 09:29:01,S,1071.0,1,100
2021-06-18 09:29:01,S,1071.25,1,4
2021-06-18 09:29:01,B,1068.95,1,2
2021-06-18 09:29:01,B,1068.9,1,5
2021-06-18 09:29:01,B,1068.45,1,3
2021-06-18 09:29:01,B,1068.4,1,4
2021-06-18 09:29:01,B,1068.2,1,7
2021-06-18 09:29:01,S,1070.5,1,2
2021-06-18 09:29:01,S,1070.55,1,5
2021-06-18 09:29:01,S,1070.75,1,5
2021-06-18 09:29:01,S,1071.0,1,100
2021-06-18 09:29:01,S,1071.25,1,4
2021-06-18 09:29:01,B,1068.95,1,2
2021-06-18 09:29:01,B,1068.9,1,5
2021-06-18 09:29:01,B,1068.45,1,3
2021-06-18 09:29:01,B,1068.4,1,4
2021-06-18 09:29:01,B,1068.2,1,7
2021-06-18 09:29:05,S,1070.5,1,2
2021-06-18 09:29:05,S,1070.55,1,5
2021-06-18 09:29:05,S,1070.75,1,5
2021-06-18 09:29:05,S,1071.0,1,100
2021-06-18 09:29:05,S,1071.25,1,4
2021-06-18 09:29:05,B,1069.0,1,3
2021-06-18 09:29:05,B,1068.95,1,2
2021-06-18 09:29:05,B,1068.4,1,4
2021-06-18 09:29:05,B,1068.2,1,7
2021-06-18 09:29:05,B,1068.15,1,7
2021-06-18 09:29:05,S,1070.5,1,2
2021-06-18 09:29:05,S,1070.55,1,5
2021-06-18 09:29:05,S,1070.75,1,5
2021-06-18 09:29:05,S,1071.0,1,100
2021-06-18 09:29:05,S,1071.25,1,4
2021-06-18 09:29:05,B,1069.0,1,3
2021-06-18 09:29:05,B,1068.95,1,2
2021-06-18 09:29:05,B,1068.4,1,4
2021-06-18 09:29:05,B,1068.2,1,7
2021-06-18 09:29:05,B,1068.15,1,7
2021-06-18 09:29:08,S,1070.5,1,2
2021-06-18 09:29:08,S,1070.55,1,5
2021-06-18 09:29:08,S,1070.75,1,5
2021-06-18 09:29:08,S,1071.0,1,100
2021-06-18 09:29:08,S,1071.25,1,4
2021-06-18 09:29:08,B,1069.0,1,3
2021-06-18 09:29:08,B,1068.95,1,2
2021-06-18 09:29:08,B,1068.4,1,4
2021-06-18 09:29:08,B,1068.2,1,7
2021-06-18 09:29:08,B,1068.15,1,7
2021-06-18 09:29:08,S,1070.5,1,2
2021-06-18 09:29:08,S,1070.55,1,5
2021-06-18 09:29:08,S,1070.75,1,5
2021-06-18 09:29:08,S,1071.0,1,100
2021-06-18 09:29:08,S,1071.25,1,4
2021-06-18 09:29:08,B,1069.0,1,3
2021-06-18 09:29:08,B,1068.95,1,2
2021-06-18 09:29:08,B,1068.4,1,4
2021-06-18 09:29:08,B,1068.2,1,7
2021-06-18 09:29:08,B,1068.15,1,7
2021-06-18 09:29:09,S,1069.95,1,2
2021-06-18 09:29:09,S,1070.0,1,5
2021-06-18 09:29:09,S,1070.2,1,5
2021-06-18 09:29:09,S,1070.45,1,5
2021-06-18 09:29:09,S,1070.95,1,6
2021-06-18 09:29:09,B,1068.95,1,1
2021-06-18 09:29:09,B,1068.9,1,6
2021-06-18 09:29:09,B,1068.45,1,1
2021-06-18 09:29:09,B,1068.4,1,4
2021-06-18 09:29:09,B,1068.2,1,7
2021-06-18 09:29:09,S,1069.95,1,2
2021-06-18 09:29:09,S,1070.0,1,5
2021-06-18 09:29:09,S,1070.2,1,5
2021-06-18 09:29:09,S,1070.45,1,5
2021-06-18 09:29:09,S,1070.95,1,6
2021-06-18 09:29:09,B,1068.95,1,1
2021-06-18 09:29:09,B,1068.9,1,6
2021-06-18 09:29:09,B,1068.45,1,1
2021-06-18 09:29:09,B,1068.4,1,4
2021-06-18 09:29:09,B,1068.2,1,7
2021-06-18 09:29:13,S,1070.95,1,1
2021-06-18 09:29:13,S,1071.0,1,11
2021-06-18 09:29:13,S,1072.5,1,2
2021-06-18 09:29:13,S,1072.55,3,3
2021-06-18 09:29:13,S,1072.6,1,4
2021-06-18 09:29:13,B,1069.8,1,1
2021-06-18 09:29:13,B,1069.75,1,1
2021-06-18 09:29:13,B,1069.7,1,1
2021-06-18 09:29:13,B,1068.5,1,6
2021-06-18 09:29:13,B,1068.45,1,5
2021-06-18 09:29:13,S,1070.95,1,1
2021-06-18 09:29:13,S,1071.0,1,11
2021-06-18 09:29:13,S,1072.5,1,2
2021-06-18 09:29:13,S,1072.55,3,3
2021-06-18 09:29:13,S,1072.6,1,4
2021-06-18 09:29:13,B,1069.8,1,1
2021-06-18 09:29:13,B,1069.75,1,1
2021-06-18 09:29:13,B,1069.7,1,1
2021-06-18 09:29:13,B,1068.5,1,6
2021-06-18 09:29:13,B,1068.45,1,5
2021-06-18 09:29:15,S,1070.95,1,1
2021-06-18 09:29:15,S,1071.0,1,11
2021-06-18 09:29:15,S,1072.5,1,2
2021-06-18 09:29:15,S,1072.55,3,3
2021-06-18 09:29:15,S,1072.6,1,4
2021-06-18 09:29:15,B,1069.8,1,1
2021-06-18 09:29:15,B,1069.75,1,1
2021-06-18 09:29:15,B,1069.7,1,1
2021-06-18 09:29:15,B,1068.5,1,6
2021-06-18 09:29:15,B,1068.45,1,5
2021-06-18 09:29:15,S,1070.95,1,1
2021-06-18 09:29:15,S,1071.0,1,11
2021-06-18 09:29:15,S,1072.5,1,2
2021-06-18 09:29:15,S,1072.55,3,3
2021-06-18 09:29:15,S,1072.6,1,4
2021-06-18 09:29:15,B,1069.8,1,1
2021-06-18 09:29:15,B,1069.75,1,1
2021-06-18 09:29:15,B,1069.7,1,1
2021-06-18 09:29:15,B,1068.5,1,6
2021-06-18 09:29:15,B,1068.45,1,5
2021-06-18 09:29:16,S,1072.55,2,3
2021-06-18 09:29:16,S,1072.75,2,2
2021-06-18 09:29:16,S,1072.8,1,5
2021-06-18 09:29:16,S,1073.25,1,5
2021-06-18 09:29:16,S,1073.5,2,11
2021-06-18 09:29:16,B,1069.9,1,1
2021-06-18 09:29:16,B,1069.85,1,1
2021-06-18 09:29:16,B,1069.5,2,2
2021-06-18 09:29:16,B,1069.3,1,4
2021-06-18 09:29:16,B,1068.6,1,1
2021-06-18 09:29:16,S,1072.55,2,3
2021-06-18 09:29:16,S,1072.75,2,2
2021-06-18 09:29:16,S,1072.8,1,5
2021-06-18 09:29:16,S,1073.25,1,5
2021-06-18 09:29:16,S,1073.5,2,11
2021-06-18 09:29:16,B,1069.9,1,1
2021-06-18 09:29:16,B,1069.85,1,1
2021-06-18 09:29:16,B,1069.5,2,2
2021-06-18 09:29:16,B,1069.3,1,4
2021-06-18 09:29:16,B,1068.6,1,1
2021-06-18 09:29:19,S,1072.55,2,3
2021-06-18 09:29:19,S,1072.75,2,2
2021-06-18 09:29:19,S,1072.8,1,5
2021-06-18 09:29:19,S,1073.25,1,5
2021-06-18 09:29:19,S,1073.5,2,11
2021-06-18 09:29:19,B,1069.9,1,1
2021-06-18 09:29:19,B,1069.85,1,1
2021-06-18 09:29:19,B,1069.5,2,2
2021-06-18 09:29:19,B,1069.3,1,4
2021-06-18 09:29:19,B,1068.6,1,1
2021-06-18 09:29:19,S,1072.55,2,3
2021-06-18 09:29:19,S,1072.75,2,2
2021-06-18 09:29:19,S,1072.8,1,5
2021-06-18 09:29:19,S,1073.25,1,5
2021-06-18 09:29:19,S,1073.5,2,11
2021-06-18 09:29:19,B,1069.9,1,1
2021-06-18 09:29:19,B,1069.85,1,1
2021-06-18 09:29:19,B,1069.5,2,2
2021-06-18 09:29:19,B,1069.3,1,4
2021-06-18 09:29:19,B,1068.6,1,1
2021-06-18 09:29:20,S,1071.95,1,1
2021-06-18 09:29:20,S,1072.0,1,2
2021-06-18 09:29:20,S,1072.55,1,5
2021-06-18 09:29:20,S,1072.75,2,2
2021-06-18 09:29:20,S,1072.8,1,5
2021-06-18 09:29:20,B,1068.5,1,2
2021-06-18 09:29:20,B,1068.45,1,1
2021-06-18 09:29:20,B,1068.4,1,4
2021-06-18 09:29:20,B,1068.25,2,2
2021-06-18 09:29:20,B,1068.2,1,7
2021-06-18 09:29:20,S,1071.95,1,1
2021-06-18 09:29:20,S,1072.0,1,2
2021-06-18 09:29:20,S,1072.55,1,5
2021-06-18 09:29:20,S,1072.75,2,2
2021-06-18 09:29:20,S,1072.8,1,5
2021-06-18 09:29:20,B,1068.5,1,2
2021-06-18 09:29:20,B,1068.45,1,1
2021-06-18 09:29:20,B,1068.4,1,4
2021-06-18 09:29:20,B,1068.25,2,2
2021-06-18 09:29:20,B,1068.2,1,7
2021-06-18 09:29:23,S,1071.65,1,1
2021-06-18 09:29:23,S,1071.7,1,3
2021-06-18 09:29:23,S,1071.8,1,6
2021-06-18 09:29:23,S,1071.85,1,4
2021-06-18 09:29:23,S,1072.4,1,6
2021-06-18 09:29:23,B,1069.35,1,1
2021-06-18 09:29:23,B,1068.65,1,3
2021-06-18 09:29:23,B,1068.6,2,4
2021-06-18 09:29:23,B,1068.5,1,6
2021-06-18 09:29:23,B,1068.4,1,4
2021-06-18 09:29:23,S,1071.65,1,1
2021-06-18 09:29:23,S,1071.7,1,3
2021-06-18 09:29:23,S,1071.8,1,6
2021-06-18 09:29:23,S,1071.85,1,4
2021-06-18 09:29:23,S,1072.4,1,6
2021-06-18 09:29:23,B,1069.35,1,1
2021-06-18 09:29:23,B,1068.65,1,3
2021-06-18 09:29:23,B,1068.6,2,4
2021-06-18 09:29:23,B,1068.5,1,6
2021-06-18 09:29:23,B,1068.4,1,4
2021-06-18 09:29:24,S,1071.65,1,1
2021-06-18 09:29:24,S,1071.7,1,3
2021-06-18 09:29:24,S,1071.8,1,6
2021-06-18 09:29:24,S,1071.85,1,4
2021-06-18 09:29:24,S,1072.4,1,6
2021-06-18 09:29:24,B,1069.35,1,1
2021-06-18 09:29:24,B,1068.65,1,3
2021-06-18 09:29:24,B,1068.6,2,4
2021-06-18 09:29:24,B,1068.5,1,6
2021-06-18 09:29:24,B,1068.4,1,4
2021-06-18 09:29:24,S,1071.65,1,1
2021-06-18 09:29:24,S,1071.7,1,3
2021-06-18 09:29:24,S,1071.8,1,6
2021-06-18 09:29:24,S,1071.85,1,4
2021-06-18 09:29:24,S,1072.4,1,6
2021-06-18 09:29:24,B,1069.35,1,1
2021-06-18 09:29:24,B,1068.65,1,3
2021-06-18 09:29:24,B,1068.6,2,4
2021-06-18 09:29:24,B,1068.5,1,6
2021-06-18 09:29:24,B,1068.4,1,4
2021-06-18 09:29:27,S,1072.75,1,2
2021-06-18 09:29:27,S,1072.8,1,3
2021-06-18 09:29:27,S,1072.85,1,3
2021-06-18 09:29:27,S,1073.4,2,4
2021-06-18 09:29:27,S,1073.5,2,11
2021-06-18 09:29:27,B,1070.55,1,2
2021-06-18 09:29:27,B,1070.5,2,2
2021-06-18 09:29:27,B,1070.15,2,7
2021-06-18 09:29:27,B,1069.55,1,4
2021-06-18 09:29:27,B,1069.4,1,1
2021-06-18 09:29:27,S,1072.75,1,2
2021-06-18 09:29:27,S,1072.8,1,3
2021-06-18 09:29:27,S,1072.85,1,3
2021-06-18 09:29:27,S,1073.4,2,4
2021-06-18 09:29:27,S,1073.5,2,11
2021-06-18 09:29:27,B,1070.55,1,2
2021-06-18 09:29:27,B,1070.5,2,2
2021-06-18 09:29:27,B,1070.15,2,7
2021-06-18 09:29:27,B,1069.55,1,4
2021-06-18 09:29:27,B,1069.4,1,1
2021-06-18 09:29:28,S,1072.75,1,2
2021-06-18 09:29:28,S,1072.8,1,3
2021-06-18 09:29:28,S,1072.85,1,3
2021-06-18 09:29:28,S,1073.4,2,4
2021-06-18 09:29:28,S,1073.5,2,11
2021-06-18 09:29:28,B,1070.55,1,2
2021-06-18 09:29:28,B,1070.5,2,2
2021-06-18 09:29:28,B,1070.15,2,7
2021-06-18 09:29:28,B,1069.55,1,4
2021-06-18 09:29:28,B,1069.4,1,1
2021-06-18 09:29:28,S,1072.75,1,2
2021-06-18 09:29:28,S,1072.8,1,3
2021-06-18 09:29:28,S,1072.85,1,3
2021-06-18 09:29:28,S,1073.4,2,4
2021-06-18 09:29:28,S,1073.5,2,11
2021-06-18 09:29:28,B,1070.55,1,2
2021-06-18 09:29:28,B,1070.5,2,2
2021-06-18 09:29:28,B,1070.15,2,7
2021-06-18 09:29:28,B,1069.55,1,4
2021-06-18 09:29:28,B,1069.4,1,1
2021-06-18 09:29:30,S,1074.3,1,3
2021-06-18 09:29:30,S,1074.35,2,13
2021-06-18 09:29:30,S,1074.75,2,4
2021-06-18 09:29:30,S,1074.85,1,10
2021-06-18 09:29:30,S,1074.95,1,4
2021-06-18 09:29:30,B,1070.85,1,2
2021-06-18 09:29:30,B,1070.8,1,3
2021-06-18 09:29:30,B,1070.75,2,4
2021-06-18 09:29:30,B,1070.15,1,4
2021-06-18 09:29:30,B,1069.55,1,4
2021-06-18 09:29:30,S,1074.3,1,3
2021-06-18 09:29:30,S,1074.35,2,13
2021-06-18 09:29:30,S,1074.75,2,4
2021-06-18 09:29:30,S,1074.85,1,10
2021-06-18 09:29:30,S,1074.95,1,4
2021-06-18 09:29:30,B,1070.85,1,2
2021-06-18 09:29:30,B,1070.8,1,3
2021-06-18 09:29:30,B,1070.75,2,4
2021-06-18 09:29:30,B,1070.15,1,4
2021-06-18 09:29:30,B,1069.55,1,4
2021-06-18 09:29:34,S,1073.0,1,5
2021-06-18 09:29:34,S,1073.5,1,5
2021-06-18 09:29:34,S,1073.55,2,4
2021-06-18 09:29:34,S,1073.7,1,3
2021-06-18 09:29:34,S,1074.1,1,5
2021-06-18 09:29:34,B,1070.95,1,2
2021-06-18 09:29:34,B,1070.9,1,5
2021-06-18 09:29:34,B,1070.75,2,4
2021-06-18 09:29:34,B,1070.15,1,4
2021-06-18 09:29:34,B,1069.55,1,4
2021-06-18 09:29:34,S,1073.0,1,5
2021-06-18 09:29:34,S,1073.5,1,5
2021-06-18 09:29:34,S,1073.55,2,4
2021-06-18 09:29:34,S,1073.7,1,3
2021-06-18 09:29:34,S,1074.1,1,5
2021-06-18 09:29:34,B,1070.95,1,2
2021-06-18 09:29:34,B,1070.9,1,5
2021-06-18 09:29:34,B,1070.75,2,4
2021-06-18 09:29:34,B,1070.15,1,4
2021-06-18 09:29:34,B,1069.55,1,4
2021-06-18 09:29:38,S,1073.0,1,5
2021-06-18 09:29:38,S,1073.5,1,5
2021-06-18 09:29:38,S,1073.55,2,4
2021-06-18 09:29:38,S,1073.7,1,3
2021-06-18 09:29:38,S,1073.95,1,12
2021-06-18 09:29:38,B,1070.95,1,2
2021-06-18 09:29:38,B,1070.9,2,10
2021-06-18 09:29:38,B,1070.75,2,4
2021-06-18 09:29:38,B,1070.15,1,4
2021-06-18 09:29:38,B,1069.55,1,4
2021-06-18 09:29:38,S,1073.0,1,5
2021-06-18 09:29:38,S,1073.5,1,5
2021-06-18 09:29:38,S,1073.55,2,4
2021-06-18 09:29:38,S,1073.7,1,3
2021-06-18 09:29:38,S,1073.95,1,12
2021-06-18 09:29:38,B,1070.95,1,2
2021-06-18 09:29:38,B,1070.9,2,10
2021-06-18 09:29:38,B,1070.75,2,4
2021-06-18 09:29:38,B,1070.15,1,4
2021-06-18 09:29:38,B,1069.55,1,4
2021-06-18 09:29:40,S,1073.0,1,5
2021-06-18 09:29:40,S,1073.5,1,5
2021-06-18 09:29:40,S,1073.55,2,4
2021-06-18 09:29:40,S,1073.7,1,3
2021-06-18 09:29:40,S,1073.95,1,12
2021-06-18 09:29:40,B,1070.95,1,2
2021-06-18 09:29:40,B,1070.9,2,10
2021-06-18 09:29:40,B,1070.75,2,4
2021-06-18 09:29:40,B,1070.15,1,4
2021-06-18 09:29:40,B,1069.55,1,4
2021-06-18 09:29:40,S,1073.0,1,5
2021-06-18 09:29:40,S,1073.5,1,5
2021-06-18 09:29:40,S,1073.55,2,4
2021-06-18 09:29:40,S,1073.7,1,3
2021-06-18 09:29:40,S,1073.95,1,12
2021-06-18 09:29:40,B,1070.95,1,2
2021-06-18 09:29:40,B,1070.9,2,10
2021-06-18 09:29:40,B,1070.75,2,4
2021-06-18 09:29:40,B,1070.15,1,4
2021-06-18 09:29:40,B,1069.55,1,4
2021-06-18 09:29:42,S,1072.95,1,5
2021-06-18 09:29:42,S,1073.0,1,3
2021-06-18 09:29:42,S,1073.35,1,5
2021-06-18 09:29:42,S,1073.4,2,2
2021-06-18 09:29:42,S,1073.7,1,3
2021-06-18 09:29:42,B,1070.35,1,2
2021-06-18 09:29:42,B,1070.3,2,4
2021-06-18 09:29:42,B,1070.25,1,5
2021-06-18 09:29:42,B,1070.15,1,4
2021-06-18 09:29:42,B,1069.55,1,4
2021-06-18 09:29:42,S,1072.95,1,5
2021-06-18 09:29:42,S,1073.0,1,3
2021-06-18 09:29:42,S,1073.35,1,5
2021-06-18 09:29:42,S,1073.4,2,2
2021-06-18 09:29:42,S,1073.7,1,3
2021-06-18 09:29:42,B,1070.35,1,2
2021-06-18 09:29:42,B,1070.3,2,4
2021-06-18 09:29:42,B,1070.25,1,5
2021-06-18 09:29:42,B,1070.15,1,4
2021-06-18 09:29:42,B,1069.55,1,4
2021-06-18 09:29:45,S,1072.95,1,5
2021-06-18 09:29:45,S,1073.0,1,3
2021-06-18 09:29:45,S,1073.3,2,2
2021-06-18 09:29:45,S,1073.35,1,5
2021-06-18 09:29:45,S,1073.5,1,7
2021-06-18 09:29:45,B,1070.35,1,2
2021-06-18 09:29:45,B,1070.3,2,4
2021-06-18 09:29:45,B,1070.25,1,5
2021-06-18 09:29:45,B,1070.15,1,4
2021-06-18 09:29:45,B,1069.55,1,4
2021-06-18 09:29:45,S,1072.95,1,5
2021-06-18 09:29:45,S,1073.0,1,3
2021-06-18 09:29:45,S,1073.3,2,2
2021-06-18 09:29:45,S,1073.35,1,5
2021-06-18 09:29:45,S,1073.5,1,7
2021-06-18 09:29:45,B,1070.35,1,2
2021-06-18 09:29:45,B,1070.3,2,4
2021-06-18 09:29:45,B,1070.25,1,5
2021-06-18 09:29:45,B,1070.15,1,4
2021-06-18 09:29:45,B,1069.55,1,4
2021-06-18 09:29:49,S,1073.35,1,4
2021-06-18 09:29:49,S,1073.4,2,2
2021-06-18 09:29:49,S,1073.5,1,7
2021-06-18 09:29:49,S,1073.7,1,3
2021-06-18 09:29:49,S,1073.95,1,12
2021-06-18 09:29:49,B,1070.55,1,2
2021-06-18 09:29:49,B,1070.5,2,4
2021-06-18 09:29:49,B,1070.15,1,4
2021-06-18 09:29:49,B,1069.6,1,1
2021-06-18 09:29:49,B,1069.55,1,4
2021-06-18 09:29:49,S,1073.35,1,4
2021-06-18 09:29:49,S,1073.4,2,2
2021-06-18 09:29:49,S,1073.5,1,7
2021-06-18 09:29:49,S,1073.7,1,3
2021-06-18 09:29:49,S,1073.95,1,12
2021-06-18 09:29:49,B,1070.55,1,2
2021-06-18 09:29:49,B,1070.5,2,4
2021-06-18 09:29:49,B,1070.15,1,4
2021-06-18 09:29:49,B,1069.6,1,1
2021-06-18 09:29:49,B,1069.55,1,4
2021-06-18 09:29:52,S,1072.85,1,5
2021-06-18 09:29:52,S,1072.95,1,4
2021-06-18 09:29:52,S,1073.0,1,3
2021-06-18 09:29:52,S,1073.45,2,2
2021-06-18 09:29:52,S,1073.5,1,7
2021-06-18 09:29:52,B,1070.85,1,2
2021-06-18 09:29:52,B,1070.8,1,5
2021-06-18 09:29:52,B,1070.5,2,4
2021-06-18 09:29:52,B,1070.2,1,1
2021-06-18 09:29:52,B,1070.15,1,4
2021-06-18 09:29:52,S,1072.85,1,5
2021-06-18 09:29:52,S,1072.95,1,4
2021-06-18 09:29:52,S,1073.0,1,3
2021-06-18 09:29:52,S,1073.45,2,2
2021-06-18 09:29:52,S,1073.5,1,7
2021-06-18 09:29:52,B,1070.85,1,2
2021-06-18 09:29:52,B,1070.8,1,5
2021-06-18 09:29:52,B,1070.5,2,4
2021-06-18 09:29:52,B,1070.2,1,1
2021-06-18 09:29:52,B,1070.15,1,4
2021-06-18 09:29:54,S,1072.85,1,5
2021-06-18 09:29:54,S,1072.95,1,4
2021-06-18 09:29:54,S,1073.0,1,3
2021-06-18 09:29:54,S,1073.45,2,2
2021-06-18 09:29:54,S,1073.5,1,7
2021-06-18 09:29:54,B,1070.85,1,2
2021-06-18 09:29:54,B,1070.8,1,5
2021-06-18 09:29:54,B,1070.5,2,4
2021-06-18 09:29:54,B,1070.2,1,1
2021-06-18 09:29:54,B,1070.15,1,4
2021-06-18 09:29:54,S,1072.85,1,5
2021-06-18 09:29:54,S,1072.95,1,4
2021-06-18 09:29:54,S,1073.0,1,3
2021-06-18 09:29:54,S,1073.45,2,2
2021-06-18 09:29:54,S,1073.5,1,7
2021-06-18 09:29:54,B,1070.85,1,2
2021-06-18 09:29:54,B,1070.8,1,5
2021-06-18 09:29:54,B,1070.5,2,4
2021-06-18 09:29:54,B,1070.2,1,1
2021-06-18 09:29:54,B,1070.15,1,4
2021-06-18 09:29:56,S,1072.85,1,5
2021-06-18 09:29:56,S,1072.95,1,4
2021-06-18 09:29:56,S,1073.0,1,3
2021-06-18 09:29:56,S,1073.45,2,2
2021-06-18 09:29:56,S,1073.5,1,7
2021-06-18 09:29:56,B,1070.85,1,2
2021-06-18 09:29:56,B,1070.8,1,5
2021-06-18 09:29:56,B,1070.5,2,4
2021-06-18 09:29:56,B,1070.2,1,1
2021-06-18 09:29:56,B,1070.15,1,4
2021-06-18 09:29:56,S,1072.85,1,5
2021-06-18 09:29:56,S,1072.95,1,4
2021-06-18 09:29:56,S,1073.0,1,3
2021-06-18 09:29:56,S,1073.45,2,2
2021-06-18 09:29:56,S,1073.5,1,7
2021-06-18 09:29:56,B,1070.85,1,2
2021-06-18 09:29:56,B,1070.8,1,5
2021-06-18 09:29:56,B,1070.5,2,4
2021-06-18 09:29:56,B,1070.2,1,1
2021-06-18 09:29:56,B,1070.15,1,4
2021-06-18 09:29:57,S,1072.7,1,2
2021-06-18 09:29:57,S,1072.75,1,5
2021-06-18 09:29:57,S,1072.9,1,3
2021-06-18 09:29:57,S,1073.45,2,2
2021-06-18 09:29:57,S,1073.5,1,6
2021-06-18 09:29:57,B,1070.05,1,2
2021-06-18 09:29:57,B,1070.0,1,5
2021-06-18 09:29:57,B,1069.95,1,1
2021-06-18 09:29:57,B,1069.9,2,2
2021-06-18 09:29:57,B,1069.85,1,4
2021-06-18 09:29:57,S,1072.7,1,2
2021-06-18 09:29:57,S,1072.75,1,5
2021-06-18 09:29:57,S,1072.9,1,3
2021-06-18 09:29:57,S,1073.45,2,2
2021-06-18 09:29:57,S,1073.5,1,6
2021-06-18 09:29:57,B,1070.05,1,2
2021-06-18 09:29:57,B,1070.0,1,5
2021-06-18 09:29:57,B,1069.95,1,1
2021-06-18 09:29:57,B,1069.9,2,2
2021-06-18 09:29:57,B,1069.85,1,4
2021-06-18 09:30:00,S,1072.0,1,2
2021-06-18 09:30:00,S,1072.05,1,5
2021-06-18 09:30:00,S,1072.7,1,5
2021-06-18 09:30:00,S,1072.9,1,3
2021-06-18 09:30:00,S,1073.45,2,2
2021-06-18 09:30:00,B,1070.4,1,5
2021-06-18 09:30:00,B,1070.2,1,1
2021-06-18 09:30:00,B,1069.9,1,5
2021-06-18 09:30:00,B,1069.85,1,4
2021-06-18 09:30:00,B,1069.4,1,3
2021-06-18 09:30:00,S,1072.0,1,2
2021-06-18 09:30:00,S,1072.05,1,5
2021-06-18 09:30:00,S,1072.7,1,5
2021-06-18 09:30:00,S,1072.9,1,3
2021-06-18 09:30:00,S,1073.45,2,2
2021-06-18 09:30:00,B,1070.4,1,5
2021-06-18 09:30:00,B,1070.2,1,1
2021-06-18 09:30:00,B,1069.9,1,5
2021-06-18 09:30:00,B,1069.85,1,4
2021-06-18 09:30:00,B,1069.4,1,3
2021-06-18 09:30:03,S,1071.7,1,2
2021-06-18 09:30:03,S,1071.75,1,5
2021-06-18 09:30:03,S,1071.95,1,5
2021-06-18 09:30:03,S,1072.85,2,2
2021-06-18 09:30:03,S,1072.9,1,3
2021-06-18 09:30:03,B,1070.2,2,6
2021-06-18 09:30:03,B,1069.85,1,4
2021-06-18 09:30:03,B,1069.4,1,3
2021-06-18 09:30:03,B,1069.35,1,6
2021-06-18 09:30:03,B,1069.15,1,2
2021-06-18 09:30:03,S,1071.7,1,2
2021-06-18 09:30:03,S,1071.75,1,5
2021-06-18 09:30:03,S,1071.95,1,5
2021-06-18 09:30:03,S,1072.85,2,2
2021-06-18 09:30:03,S,1072.9,1,3
2021-06-18 09:30:03,B,1070.2,2,6
2021-06-18 09:30:03,B,1069.85,1,4
2021-06-18 09:30:03,B,1069.4,1,3
2021-06-18 09:30:03,B,1069.35,1,6
2021-06-18 09:30:03,B,1069.15,1,2
2021-06-18 09:30:07,S,1071.4,1,2
2021-06-18 09:30:07,S,1071.45,1,5
2021-06-18 09:30:07,S,1071.95,1,5
2021-06-18 09:30:07,S,1072.45,1,13
2021-06-18 09:30:07,S,1072.75,1,13
2021-06-18 09:30:07,B,1069.9,1,1
2021-06-18 09:30:07,B,1069.4,1,3
2021-06-18 09:30:07,B,1069.35,1,6
2021-06-18 09:30:07,B,1069.15,1,2
2021-06-18 09:30:07,B,1069.1,1,4
2021-06-18 09:30:07,S,1071.4,1,2
2021-06-18 09:30:07,S,1071.45,1,5
2021-06-18 09:30:07,S,1071.95,1,5
2021-06-18 09:30:07,S,1072.45,1,13
2021-06-18 09:30:07,S,1072.75,1,13
2021-06-18 09:30:07,B,1069.9,1,1
2021-06-18 09:30:07,B,1069.4,1,3
2021-06-18 09:30:07,B,1069.35,1,6
2021-06-18 09:30:07,B,1069.15,1,2
2021-06-18 09:30:07,B,1069.1,1,4
2021-06-18 09:30:10,S,1071.4,1,2
2021-06-18 09:30:10,S,1071.45,1,5
2021-06-18 09:30:10,S,1071.95,1,5
2021-06-18 09:30:10,S,1072.45,1,13
2021-06-18 09:30:10,S,1072.75,1,13
2021-06-18 09:30:10,B,1069.9,1,1
2021-06-18 09:30:10,B,1069.4,1,3
2021-06-18 09:30:10,B,1069.35,1,6
2021-06-18 09:30:10,B,1069.15,1,2
2021-06-18 09:30:10,B,1069.1,1,4
2021-06-18 09:30:10,S,1071.4,1,2
2021-06-18 09:30:10,S,1071.45,1,5
2021-06-18 09:30:10,S,1071.95,1,5
2021-06-18 09:30:10,S,1072.45,1,13
2021-06-18 09:30:10,S,1072.75,1,13
2021-06-18 09:30:10,B,1069.9,1,1
2021-06-18 09:30:10,B,1069.4,1,3
2021-06-18 09:30:10,B,1069.35,1,6
2021-06-18 09:30:10,B,1069.15,1,2
2021-06-18 09:30:10,B,1069.1,1,4
2021-06-18 09:30:11,S,1070.35,1,2
2021-06-18 09:30:11,S,1070.4,1,50
2021-06-18 09:30:11,S,1071.3,1,5
2021-06-18 09:30:11,S,1071.95,1,5
2021-06-18 09:30:11,S,1072.15,1,1
2021-06-18 09:30:11,B,1068.85,1,1
2021-06-18 09:30:11,B,1068.8,1,2
2021-06-18 09:30:11,B,1068.75,1,2
2021-06-18 09:30:11,B,1068.7,1,2
2021-06-18 09:30:11,B,1068.55,1,3
2021-06-18 09:30:11,S,1070.35,1,2
2021-06-18 09:30:11,S,1070.4,1,50
2021-06-18 09:30:11,S,1071.3,1,5
2021-06-18 09:30:11,S,1071.95,1,5
2021-06-18 09:30:11,S,1072.15,1,1
2021-06-18 09:30:11,B,1068.85,1,1
2021-06-18 09:30:11,B,1068.8,1,2
2021-06-18 09:30:11,B,1068.75,1,2
2021-06-18 09:30:11,B,1068.7,1,2
2021-06-18 09:30:11,B,1068.55,1,3
2021-06-18 09:30:12,S,1070.35,1,2
2021-06-18 09:30:12,S,1070.4,1,50
2021-06-18 09:30:12,S,1071.3,1,5
2021-06-18 09:30:12,S,1071.95,1,5
2021-06-18 09:30:12,S,1072.15,1,1
2021-06-18 09:30:12,B,1068.85,1,1
2021-06-18 09:30:12,B,1068.8,1,2
2021-06-18 09:30:12,B,1068.75,1,2
2021-06-18 09:30:12,B,1068.7,1,2
2021-06-18 09:30:12,B,1068.55,1,3
2021-06-18 09:30:12,S,1070.35,1,2
2021-06-18 09:30:12,S,1070.4,1,50
2021-06-18 09:30:12,S,1071.3,1,5
2021-06-18 09:30:12,S,1071.95,1,5
2021-06-18 09:30:12,S,1072.15,1,1
2021-06-18 09:30:12,B,1068.85,1,1
2021-06-18 09:30:12,B,1068.8,1,2
2021-06-18 09:30:12,B,1068.75,1,2
2021-06-18 09:30:12,B,1068.7,1,2
2021-06-18 09:30:12,B,1068.55,1,3
2021-06-18 09:30:15,S,1070.35,1,1
2021-06-18 09:30:15,S,1070.4,1,49
2021-06-18 09:30:15,S,1071.15,1,5
2021-06-18 09:30:15,S,1071.2,1,3
2021-06-18 09:30:15,S,1071.25,1,13
2021-06-18 09:30:15,B,1068.8,1,2
2021-06-18 09:30:15,B,1068.75,1,2
2021-06-18 09:30:15,B,1068.7,1,2
2021-06-18 09:30:15,B,1068.55,1,3
2021-06-18 09:30:15,B,1068.45,1,2
2021-06-18 09:30:15,S,1070.35,1,1
2021-06-18 09:30:15,S,1070.4,1,49
2021-06-18 09:30:15,S,1071.15,1,5
2021-06-18 09:30:15,S,1071.2,1,3
2021-06-18 09:30:15,S,1071.25,1,13
2021-06-18 09:30:15,B,1068.8,1,2
2021-06-18 09:30:15,B,1068.75,1,2
2021-06-18 09:30:15,B,1068.7,1,2
2021-06-18 09:30:15,B,1068.55,1,3
2021-06-18 09:30:15,B,1068.45,1,2
2021-06-18 09:30:19,S,1070.2,1,1
2021-06-18 09:30:19,S,1070.25,1,5
2021-06-18 09:30:19,S,1070.4,1,49
2021-06-18 09:30:19,S,1071.15,1,5
2021-06-18 09:30:19,S,1071.2,1,3
2021-06-18 09:30:19,B,1068.8,1,2
2021-06-18 09:30:19,B,1068.75,1,2
2021-06-18 09:30:19,B,1068.7,1,2
2021-06-18 09:30:19,B,1068.6,1,5
2021-06-18 09:30:19,B,1068.55,1,3
2021-06-18 09:30:19,S,1070.2,1,1
2021-06-18 09:30:19,S,1070.25,1,5
2021-06-18 09:30:19,S,1070.4,1,49
2021-06-18 09:30:19,S,1071.15,1,5
2021-06-18 09:30:19,S,1071.2,1,3
2021-06-18 09:30:19,B,1068.8,1,2
2021-06-18 09:30:19,B,1068.75,1,2
2021-06-18 09:30:19,B,1068.7,1,2
2021-06-18 09:30:19,B,1068.6,1,5
2021-06-18 09:30:19,B,1068.55,1,3
2021-06-18 09:30:22,S,1070.1,1,1
2021-06-18 09:30:22,S,1070.15,1,5
2021-06-18 09:30:22,S,1070.4,1,49
2021-06-18 09:30:22,S,1071.15,1,5
2021-06-18 09:30:22,S,1071.2,1,3
2021-06-18 09:30:22,B,1068.8,1,2
2021-06-18 09:30:22,B,1068.75,1,2
2021-06-18 09:30:22,B,1068.7,1,2
2021-06-18 09:30:22,B,1068.6,1,5
2021-06-18 09:30:22,B,1068.55,1,3
2021-06-18 09:30:22,S,1070.1,1,1
2021-06-18 09:30:22,S,1070.15,1,5
2021-06-18 09:30:22,S,1070.4,1,49
2021-06-18 09:30:22,S,1071.15,1,5
2021-06-18 09:30:22,S,1071.2,1,3
2021-06-18 09:30:22,B,1068.8,1,2
2021-06-18 09:30:22,B,1068.75,1,2
2021-06-18 09:30:22,B,1068.7,1,2
2021-06-18 09:30:22,B,1068.6,1,5
2021-06-18 09:30:22,B,1068.55,1,3
2021-06-18 09:30:26,S,1069.1,1,1
2021-06-18 09:30:26,S,1069.15,2,18
2021-06-18 09:30:26,S,1069.45,1,11
2021-06-18 09:30:26,S,1069.75,1,11
2021-06-18 09:30:26,S,1069.9,1,3
2021-06-18 09:30:26,B,1068.05,2,8
2021-06-18 09:30:26,B,1068.0,3,15
2021-06-18 09:30:26,B,1067.5,1,2
2021-06-18 09:30:26,B,1067.45,1,4
2021-06-18 09:30:26,B,1067.25,1,6
2021-06-18 09:30:26,S,1069.1,1,1
2021-06-18 09:30:26,S,1069.15,2,18
2021-06-18 09:30:26,S,1069.45,1,11
2021-06-18 09:30:26,S,1069.75,1,11
2021-06-18 09:30:26,S,1069.9,1,3
2021-06-18 09:30:26,B,1068.05,2,8
2021-06-18 09:30:26,B,1068.0,3,15
2021-06-18 09:30:26,B,1067.5,1,2
2021-06-18 09:30:26,B,1067.45,1,4
2021-06-18 09:30:26,B,1067.25,1,6
2021-06-18 09:30:30,S,1068.85,1,1
2021-06-18 09:30:30,S,1068.9,1,5
2021-06-18 09:30:30,S,1069.15,1,13
2021-06-18 09:30:30,S,1069.45,1,11
2021-06-18 09:30:30,S,1069.75,1,11
2021-06-18 09:30:30,B,1068.05,2,8
2021-06-18 09:30:30,B,1068.0,3,15
2021-06-18 09:30:30,B,1067.45,1,4
2021-06-18 09:30:30,B,1067.3,1,2
2021-06-18 09:30:30,B,1067.25,2,11
2021-06-18 09:30:30,S,1068.85,1,1
2021-06-18 09:30:30,S,1068.9,1,5
2021-06-18 09:30:30,S,1069.15,1,13
2021-06-18 09:30:30,S,1069.45,1,11
2021-06-18 09:30:30,S,1069.75,1,11
2021-06-18 09:30:30,B,1068.05,2,8
2021-06-18 09:30:30,B,1068.0,3,15
2021-06-18 09:30:30,B,1067.45,1,4
2021-06-18 09:30:30,B,1067.3,1,2
2021-06-18 09:30:30,B,1067.25,2,11
2021-06-18 09:30:31,S,1068.85,1,1
2021-06-18 09:30:31,S,1068.9,1,5
2021-06-18 09:30:31,S,1069.15,1,13
2021-06-18 09:30:31,S,1069.45,1,11
2021-06-18 09:30:31,S,1069.75,1,11
2021-06-18 09:30:31,B,1068.05,2,8
2021-06-18 09:30:31,B,1068.0,3,15
2021-06-18 09:30:31,B,1067.45,1,4
2021-06-18 09:30:31,B,1067.3,1,2
2021-06-18 09:30:31,B,1067.25,2,11
2021-06-18 09:30:31,S,1068.85,1,1
2021-06-18 09:30:31,S,1068.9,1,5
2021-06-18 09:30:31,S,1069.15,1,13
2021-06-18 09:30:31,S,1069.45,1,11
2021-06-18 09:30:31,S,1069.75,1,11
2021-06-18 09:30:31,B,1068.05,2,8
2021-06-18 09:30:31,B,1068.0,3,15
2021-06-18 09:30:31,B,1067.45,1,4
2021-06-18 09:30:31,B,1067.3,1,2
2021-06-18 09:30:31,B,1067.25,2,11
2021-06-18 09:30:34,S,1070.1,1,7
2021-06-18 09:30:34,S,1070.35,1,5
2021-06-18 09:30:34,S,1070.4,2,50
2021-06-18 09:30:34,S,1070.55,1,3
2021-06-18 09:30:34,S,1070.95,1,7
2021-06-18 09:30:34,B,1068.05,2,4
2021-06-18 09:30:34,B,1068.0,2,9
2021-06-18 09:30:34,B,1067.45,1,4
2021-06-18 09:30:34,B,1067.25,1,6
2021-06-18 09:30:34,B,1066.85,2,2
2021-06-18 09:30:34,S,1070.1,1,7
2021-06-18 09:30:34,S,1070.35,1,5
2021-06-18 09:30:34,S,1070.4,2,50
2021-06-18 09:30:34,S,1070.55,1,3
2021-06-18 09:30:34,S,1070.95,1,7
2021-06-18 09:30:34,B,1068.05,2,4
2021-06-18 09:30:34,B,1068.0,2,9
2021-06-18 09:30:34,B,1067.45,1,4
2021-06-18 09:30:34,B,1067.25,1,6
2021-06-18 09:30:34,B,1066.85,2,2
2021-06-18 09:30:37,S,1070.1,1,7
2021-06-18 09:30:37,S,1070.35,2,6
2021-06-18 09:30:37,S,1070.4,2,50
2021-06-18 09:30:37,S,1070.55,1,3
2021-06-18 09:30:37,S,1070.95,1,7
2021-06-18 09:30:37,B,1068.05,2,8
2021-06-18 09:30:37,B,1068.0,3,15
2021-06-18 09:30:37,B,1067.5,1,2
2021-06-18 09:30:37,B,1067.45,1,4
2021-06-18 09:30:37,B,1067.3,2,2
2021-06-18 09:30:37,S,1070.1,1,7
2021-06-18 09:30:37,S,1070.35,2,6
2021-06-18 09:30:37,S,1070.4,2,50
2021-06-18 09:30:37,S,1070.55,1,3
2021-06-18 09:30:37,S,1070.95,1,7
2021-06-18 09:30:37,B,1068.05,2,8
2021-06-18 09:30:37,B,1068.0,3,15
2021-06-18 09:30:37,B,1067.5,1,2
2021-06-18 09:30:37,B,1067.45,1,4
2021-06-18 09:30:37,B,1067.3,2,2
2021-06-18 09:30:41,S,1070.1,1,7
2021-06-18 09:30:41,S,1070.35,2,6
2021-06-18 09:30:41,S,1070.4,2,50
2021-06-18 09:30:41,S,1070.55,1,3
2021-06-18 09:30:41,S,1070.95,1,7
2021-06-18 09:30:41,B,1068.05,2,8
2021-06-18 09:30:41,B,1068.0,3,15
2021-06-18 09:30:41,B,1067.5,1,2
2021-06-18 09:30:41,B,1067.45,1,4
2021-06-18 09:30:41,B,1067.3,2,2
2021-06-18 09:30:41,S,1070.1,1,7
2021-06-18 09:30:41,S,1070.35,2,6
2021-06-18 09:30:41,S,1070.4,2,50
2021-06-18 09:30:41,S,1070.55,1,3
2021-06-18 09:30:41,S,1070.95,1,7
2021-06-18 09:30:41,B,1068.05,2,8
2021-06-18 09:30:41,B,1068.0,3,15
2021-06-18 09:30:41,B,1067.5,1,2
2021-06-18 09:30:41,B,1067.45,1,4
2021-06-18 09:30:41,B,1067.3,2,2
2021-06-18 09:30:45,S,1070.1,1,7
2021-06-18 09:30:45,S,1070.35,2,6
2021-06-18 09:30:45,S,1070.4,2,50
2021-06-18 09:30:45,S,1070.55,1,3
2021-06-18 09:30:45,S,1070.95,1,7
2021-06-18 09:30:45,B,1068.05,2,8
2021-06-18 09:30:45,B,1068.0,3,15
2021-06-18 09:30:45,B,1067.5,1,2
2021-06-18 09:30:45,B,1067.45,1,4
2021-06-18 09:30:45,B,1067.3,2,2
2021-06-18 09:30:45,S,1070.1,1,7
2021-06-18 09:30:45,S,1070.35,2,6
2021-06-18 09:30:45,S,1070.4,2,50
2021-06-18 09:30:45,S,1070.55,1,3
2021-06-18 09:30:45,S,1070.95,1,7
2021-06-18 09:30:45,B,1068.05,2,8
2021-06-18 09:30:45,B,1068.0,3,15
2021-06-18 09:30:45,B,1067.5,1,2
2021-06-18 09:30:45,B,1067.45,1,4
2021-06-18 09:30:45,B,1067.3,2,2
2021-06-18 09:30:48,S,1070.1,1,7
2021-06-18 09:30:48,S,1070.35,2,6
2021-06-18 09:30:48,S,1070.4,2,50
2021-06-18 09:30:48,S,1070.55,1,3
2021-06-18 09:30:48,S,1070.95,1,7
2021-06-18 09:30:48,B,1068.05,2,8
2021-06-18 09:30:48,B,1068.0,3,15
2021-06-18 09:30:48,B,1067.5,1,2
2021-06-18 09:30:48,B,1067.45,1,4
2021-06-18 09:30:48,B,1067.3,2,2
2021-06-18 09:30:48,S,1070.1,1,7
2021-06-18 09:30:48,S,1070.35,2,6
2021-06-18 09:30:48,S,1070.4,2,50
2021-06-18 09:30:48,S,1070.55,1,3
2021-06-18 09:30:48,S,1070.95,1,7
2021-06-18 09:30:48,B,1068.05,2,8
2021-06-18 09:30:48,B,1068.0,3,15
2021-06-18 09:30:48,B,1067.5,1,2
2021-06-18 09:30:48,B,1067.45,1,4
2021-06-18 09:30:48,B,1067.3,2,2
2021-06-18 09:30:52,S,1070.1,1,7
2021-06-18 09:30:52,S,1070.35,2,6
2021-06-18 09:30:52,S,1070.4,2,50
2021-06-18 09:30:52,S,1070.55,1,3
2021-06-18 09:30:52,S,1070.9,2,2
2021-06-18 09:30:52,B,1068.15,1,2
2021-06-18 09:30:52,B,1068.1,2,10
2021-06-18 09:30:52,B,1068.0,2,9
2021-06-18 09:30:52,B,1067.65,1,7
2021-06-18 09:30:52,B,1067.5,1,2
2021-06-18 09:30:52,S,1070.1,1,7
2021-06-18 09:30:52,S,1070.35,2,6
2021-06-18 09:30:52,S,1070.4,2,50
2021-06-18 09:30:52,S,1070.55,1,3
2021-06-18 09:30:52,S,1070.9,2,2
2021-06-18 09:30:52,B,1068.15,1,2
2021-06-18 09:30:52,B,1068.1,2,10
2021-06-18 09:30:52,B,1068.0,2,9
2021-06-18 09:30:52,B,1067.65,1,7
2021-06-18 09:30:52,B,1067.5,1,2
2021-06-18 09:30:55,S,1070.1,2,8
2021-06-18 09:30:55,S,1070.35,1,5
2021-06-18 09:30:55,S,1070.4,2,50
2021-06-18 09:30:55,S,1070.9,2,2
2021-06-18 09:30:55,S,1070.95,1,7
2021-06-18 09:30:55,B,1068.35,1,2
2021-06-18 09:30:55,B,1068.3,1,6
2021-06-18 09:30:55,B,1068.1,1,4
2021-06-18 09:30:55,B,1068.05,1,2
2021-06-18 09:30:55,B,1068.0,2,9
2021-06-18 09:30:55,S,1070.1,2,8
2021-06-18 09:30:55,S,1070.35,1,5
2021-06-18 09:30:55,S,1070.4,2,50
2021-06-18 09:30:55,S,1070.9,2,2
2021-06-18 09:30:55,S,1070.95,1,7
2021-06-18 09:30:55,B,1068.35,1,2
2021-06-18 09:30:55,B,1068.3,1,6
2021-06-18 09:30:55,B,1068.1,1,4
2021-06-18 09:30:55,B,1068.05,1,2
2021-06-18 09:30:55,B,1068.0,2,9
2021-06-18 09:30:59,S,1069.8,1,5
2021-06-18 09:30:59,S,1070.1,2,8
2021-06-18 09:30:59,S,1070.35,2,6
2021-06-18 09:30:59,S,1070.4,2,50
2021-06-18 09:30:59,S,1070.9,2,2
2021-06-18 09:30:59,B,1068.35,1,2
2021-06-18 09:30:59,B,1068.3,1,6
2021-06-18 09:30:59,B,1068.1,1,4
2021-06-18 09:30:59,B,1068.0,2,9
2021-06-18 09:30:59,B,1067.7,1,2
2021-06-18 09:30:59,S,1069.8,1,5
2021-06-18 09:30:59,S,1070.1,2,8
2021-06-18 09:30:59,S,1070.35,2,6
2021-06-18 09:30:59,S,1070.4,2,50
2021-06-18 09:30:59,S,1070.9,2,2
2021-06-18 09:30:59,B,1068.35,1,2
2021-06-18 09:30:59,B,1068.3,1,6
2021-06-18 09:30:59,B,1068.1,1,4
2021-06-18 09:30:59,B,1068.0,2,9
2021-06-18 09:30:59,B,1067.7,1,2
2021-06-18 09:31:00,S,1069.8,1,5
2021-06-18 09:31:00,S,1070.1,2,8
2021-06-18 09:31:00,S,1070.35,2,6
2021-06-18 09:31:00,S,1070.4,2,50
2021-06-18 09:31:00,S,1070.9,2,2
2021-06-18 09:31:00,B,1068.35,1,2
2021-06-18 09:31:00,B,1068.3,1,6
2021-06-18 09:31:00,B,1068.1,1,4
2021-06-18 09:31:00,B,1068.0,2,9
2021-06-18 09:31:00,B,1067.7,1,2
2021-06-18 09:31:00,S,1069.8,1,5
2021-06-18 09:31:00,S,1070.1,2,8
2021-06-18 09:31:00,S,1070.35,2,6
2021-06-18 09:31:00,S,1070.4,2,50
2021-06-18 09:31:00,S,1070.9,2,2
2021-06-18 09:31:00,B,1068.35,1,2
2021-06-18 09:31:00,B,1068.3,1,6
2021-06-18 09:31:00,B,1068.1,1,4
2021-06-18 09:31:00,B,1068.0,2,9
2021-06-18 09:31:00,B,1067.7,1,2
2021-06-18 09:31:03,S,1070.1,1,1
2021-06-18 09:31:03,S,1070.35,2,6
2021-06-18 09:31:03,S,1070.4,2,50
2021-06-18 09:31:03,S,1070.9,2,2
2021-06-18 09:31:03,S,1070.95,2,20
2021-06-18 09:31:03,B,1068.35,1,2
2021-06-18 09:31:03,B,1068.3,1,6
2021-06-18 09:31:03,B,1068.2,1,5
2021-06-18 09:31:03,B,1068.1,1,4
2021-06-18 09:31:03,B,1068.05,1,2
2021-06-18 09:31:03,S,1070.1,1,1
2021-06-18 09:31:03,S,1070.35,2,6
2021-06-18 09:31:03,S,1070.4,2,50
2021-06-18 09:31:03,S,1070.9,2,2
2021-06-18 09:31:03,S,1070.95,2,20
2021-06-18 09:31:03,B,1068.35,1,2
2021-06-18 09:31:03,B,1068.3,1,6
2021-06-18 09:31:03,B,1068.2,1,5
2021-06-18 09:31:03,B,1068.1,1,4
2021-06-18 09:31:03,B,1068.05,1,2
2021-06-18 09:31:06,S,1070.1,1,1
2021-06-18 09:31:06,S,1070.35,2,6
2021-06-18 09:31:06,S,1070.4,2,50
2021-06-18 09:31:06,S,1070.9,2,2
2021-06-18 09:31:06,S,1070.95,2,20
2021-06-18 09:31:06,B,1068.35,1,2
2021-06-18 09:31:06,B,1068.3,1,6
2021-06-18 09:31:06,B,1068.2,1,5
2021-06-18 09:31:06,B,1068.1,1,4
2021-06-18 09:31:06,B,1068.05,1,2
2021-06-18 09:31:06,S,1070.1,1,1
2021-06-18 09:31:06,S,1070.35,2,6
2021-06-18 09:31:06,S,1070.4,2,50
2021-06-18 09:31:06,S,1070.9,2,2
2021-06-18 09:31:06,S,1070.95,2,20
2021-06-18 09:31:06,B,1068.35,1,2
2021-06-18 09:31:06,B,1068.3,1,6
2021-06-18 09:31:06,B,1068.2,1,5
2021-06-18 09:31:06,B,1068.1,1,4
2021-06-18 09:31:06,B,1068.05,1,2
2021-06-18 09:31:06,S,1069.95,1,2
2021-06-18 09:31:06,S,1070.0,1,4
2021-06-18 09:31:06,S,1070.05,2,11
2021-06-18 09:31:06,S,1070.1,2,2
2021-06-18 09:31:06,S,1070.35,1,10
2021-06-18 09:31:06,B,1068.15,1,2
2021-06-18 09:31:06,B,1068.1,1,4
2021-06-18 09:31:06,B,1068.0,2,9
2021-06-18 09:31:06,B,1067.7,1,1
2021-06-18 09:31:06,B,1067.65,1,7
2021-06-18 09:31:06,S,1069.95,1,2
2021-06-18 09:31:06,S,1070.0,1,4
2021-06-18 09:31:06,S,1070.05,2,11
2021-06-18 09:31:06,S,1070.1,2,2
2021-06-18 09:31:06,S,1070.35,1,10
2021-06-18 09:31:06,B,1068.15,1,2
2021-06-18 09:31:06,B,1068.1,1,4
2021-06-18 09:31:06,B,1068.0,2,9
2021-06-18 09:31:06,B,1067.7,1,1
2021-06-18 09:31:06,B,1067.65,1,7
2021-06-18 09:31:09,S,1069.55,1,2
2021-06-18 09:31:09,S,1069.6,1,5
2021-06-18 09:31:09,S,1069.75,1,13
2021-06-18 09:31:09,S,1070.0,2,5
2021-06-18 09:31:09,S,1070.05,2,11
2021-06-18 09:31:09,B,1068.05,1,2
2021-06-18 09:31:09,B,1068.0,2,9
2021-06-18 09:31:09,B,1067.7,1,1
2021-06-18 09:31:09,B,1067.45,1,4
2021-06-18 09:31:09,B,1067.15,1,12
2021-06-18 09:31:09,S,1069.55,1,2
2021-06-18 09:31:09,S,1069.6,1,5
2021-06-18 09:31:09,S,1069.75,1,13
2021-06-18 09:31:09,S,1070.0,2,5
2021-06-18 09:31:09,S,1070.05,2,11
2021-06-18 09:31:09,B,1068.05,1,2
2021-06-18 09:31:09,B,1068.0,2,9
2021-06-18 09:31:09,B,1067.7,1,1
2021-06-18 09:31:09,B,1067.45,1,4
2021-06-18 09:31:09,B,1067.15,1,12
2021-06-18 09:31:13,S,1069.2,1,2
2021-06-18 09:31:13,S,1069.25,1,5
2021-06-18 09:31:13,S,1069.75,2,14
2021-06-18 09:31:13,S,1070.0,2,5
2021-06-18 09:31:13,S,1070.05,2,11
2021-06-18 09:31:13,B,1068.05,1,2
2021-06-18 09:31:13,B,1068.0,2,9
2021-06-18 09:31:13,B,1067.5,1,2
2021-06-18 09:31:13,B,1067.45,1,4
2021-06-18 09:31:13,B,1067.05,1,4
2021-06-18 09:31:13,S,1069.2,1,2
2021-06-18 09:31:13,S,1069.25,1,5
2021-06-18 09:31:13,S,1069.75,2,14
2021-06-18 09:31:13,S,1070.0,2,5
2021-06-18 09:31:13,S,1070.05,2,11
2021-06-18 09:31:13,B,1068.05,1,2
2021-06-18 09:31:13,B,1068.0,2,9
2021-06-18 09:31:13,B,1067.5,1,2
2021-06-18 09:31:13,B,1067.45,1,4
2021-06-18 09:31:13,B,1067.05,1,4
2021-06-18 09:31:16,S,1069.1,1,2
2021-06-18 09:31:16,S,1069.15,1,5
2021-06-18 09:31:16,S,1069.45,1,10
2021-06-18 09:31:16,S,1069.75,2,14
2021-06-18 09:31:16,S,1070.0,2,5
2021-06-18 09:31:16,B,1068.05,1,2
2021-06-18 09:31:16,B,1068.0,2,9
2021-06-18 09:31:16,B,1067.55,1,5
2021-06-18 09:31:16,B,1067.5,1,2
2021-06-18 09:31:16,B,1067.45,1,4
2021-06-18 09:31:16,S,1069.1,1,2
2021-06-18 09:31:16,S,1069.15,1,5
2021-06-18 09:31:16,S,1069.45,1,10
2021-06-18 09:31:16,S,1069.75,2,14
2021-06-18 09:31:16,S,1070.0,2,5
2021-06-18 09:31:16,B,1068.05,1,2
2021-06-18 09:31:16,B,1068.0,2,9
2021-06-18 09:31:16,B,1067.55,1,5
2021-06-18 09:31:16,B,1067.5,1,2
2021-06-18 09:31:16,B,1067.45,1,4
2021-06-18 09:31:19,S,1069.1,1,2
2021-06-18 09:31:19,S,1069.15,1,5
2021-06-18 09:31:19,S,1069.45,1,10
2021-06-18 09:31:19,S,1069.75,2,14
2021-06-18 09:31:19,S,1070.0,2,5
2021-06-18 09:31:19,B,1068.05,1,2
2021-06-18 09:31:19,B,1068.0,2,9
2021-06-18 09:31:19,B,1067.55,1,5
2021-06-18 09:31:19,B,1067.5,1,2
2021-06-18 09:31:19,B,1067.45,1,4
2021-06-18 09:31:19,S,1069.1,1,2
2021-06-18 09:31:19,S,1069.15,1,5
2021-06-18 09:31:19,S,1069.45,1,10
2021-06-18 09:31:19,S,1069.75,2,14
2021-06-18 09:31:19,S,1070.0,2,5
2021-06-18 09:31:19,B,1068.05,1,2
2021-06-18 09:31:19,B,1068.0,2,9
2021-06-18 09:31:19,B,1067.55,1,5
2021-06-18 09:31:19,B,1067.5,1,2
2021-06-18 09:31:19,B,1067.45,1,4
2021-06-18 09:31:20,S,1068.85,1,2
2021-06-18 09:31:20,S,1068.9,1,5
2021-06-18 09:31:20,S,1069.45,1,10
2021-06-18 09:31:20,S,1069.75,2,14
2021-06-18 09:31:20,S,1070.0,2,5
2021-06-18 09:31:20,B,1068.0,2,7
2021-06-18 09:31:20,B,1067.5,1,2
2021-06-18 09:31:20,B,1067.05,1,4
2021-06-18 09:31:20,B,1066.95,1,1
2021-06-18 09:31:20,B,1066.9,3,19
2021-06-18 09:31:20,S,1068.85,1,2
2021-06-18 09:31:20,S,1068.9,1,5
2021-06-18 09:31:20,S,1069.45,1,10
2021-06-18 09:31:20,S,1069.75,2,14
2021-06-18 09:31:20,S,1070.0,2,5
2021-06-18 09:31:20,B,1068.0,2,7
2021-06-18 09:31:20,B,1067.5,1,2
2021-06-18 09:31:20,B,1067.05,1,4
2021-06-18 09:31:20,B,1066.95,1,1
2021-06-18 09:31:20,B,1066.9,3,19
2021-06-18 09:31:21,S,1068.85,1,2
2021-06-18 09:31:21,S,1068.9,1,5
2021-06-18 09:31:21,S,1069.45,1,10
2021-06-18 09:31:21,S,1069.75,2,14
2021-06-18 09:31:21,S,1070.0,2,5
2021-06-18 09:31:21,B,1068.0,2,7
2021-06-18 09:31:21,B,1067.5,1,2
2021-06-18 09:31:21,B,1067.05,1,4
2021-06-18 09:31:21,B,1066.95,1,1
2021-06-18 09:31:21,B,1066.9,3,19
2021-06-18 09:31:21,S,1068.85,1,2
2021-06-18 09:31:21,S,1068.9,1,5
2021-06-18 09:31:21,S,1069.45,1,10
2021-06-18 09:31:21,S,1069.75,2,14
2021-06-18 09:31:21,S,1070.0,2,5
2021-06-18 09:31:21,B,1068.0,2,7
2021-06-18 09:31:21,B,1067.5,1,2
2021-06-18 09:31:21,B,1067.05,1,4
2021-06-18 09:31:21,B,1066.95,1,1
2021-06-18 09:31:21,B,1066.9,3,19
2021-06-18 09:31:24,S,1068.05,1,2
2021-06-18 09:31:24,S,1068.1,1,25
2021-06-18 09:31:24,S,1068.3,1,5
2021-06-18 09:31:24,S,1068.85,1,1
2021-06-18 09:31:24,S,1068.9,1,1
2021-06-18 09:31:24,B,1067.3,1,2
2021-06-18 09:31:24,B,1066.95,2,7
2021-06-18 09:31:24,B,1066.9,2,13
2021-06-18 09:31:24,B,1066.85,1,25
2021-06-18 09:31:24,B,1066.8,1,6
2021-06-18 09:31:24,S,1068.05,1,2
2021-06-18 09:31:24,S,1068.1,1,25
2021-06-18 09:31:24,S,1068.3,1,5
2021-06-18 09:31:24,S,1068.85,1,1
2021-06-18 09:31:24,S,1068.9,1,1
2021-06-18 09:31:24,B,1067.3,1,2
2021-06-18 09:31:24,B,1066.95,2,7
2021-06-18 09:31:24,B,1066.9,2,13
2021-06-18 09:31:24,B,1066.85,1,25
2021-06-18 09:31:24,B,1066.8,1,6
2021-06-18 09:31:27,S,1068.05,1,2
2021-06-18 09:31:27,S,1068.1,1,25
2021-06-18 09:31:27,S,1069.7,1,4
2021-06-18 09:31:27,S,1069.75,1,1
2021-06-18 09:31:27,S,1069.85,1,1
2021-06-18 09:31:27,B,1067.3,1,2
2021-06-18 09:31:27,B,1066.95,1,1
2021-06-18 09:31:27,B,1066.9,2,13
2021-06-18 09:31:27,B,1066.85,1,25
2021-06-18 09:31:27,B,1066.8,1,6
2021-06-18 09:31:27,S,1068.05,1,2
2021-06-18 09:31:27,S,1068.1,1,25
2021-06-18 09:31:27,S,1069.7,1,4
2021-06-18 09:31:27,S,1069.75,1,1
2021-06-18 09:31:27,S,1069.85,1,1
2021-06-18 09:31:27,B,1067.3,1,2
2021-06-18 09:31:27,B,1066.95,1,1
2021-06-18 09:31:27,B,1066.9,2,13
2021-06-18 09:31:27,B,1066.85,1,25
2021-06-18 09:31:27,B,1066.8,1,6
2021-06-18 09:31:28,S,1068.05,1,2
2021-06-18 09:31:28,S,1068.1,1,25
2021-06-18 09:31:28,S,1069.7,1,4
2021-06-18 09:31:28,S,1069.75,1,1
2021-06-18 09:31:28,S,1069.85,1,1
2021-06-18 09:31:28,B,1067.3,1,2
2021-06-18 09:31:28,B,1066.95,1,1
2021-06-18 09:31:28,B,1066.9,2,13
2021-06-18 09:31:28,B,1066.85,1,25
2021-06-18 09:31:28,B,1066.8,1,6
2021-06-18 09:31:28,S,1068.05,1,2
2021-06-18 09:31:28,S,1068.1,1,25
2021-06-18 09:31:28,S,1069.7,1,4
2021-06-18 09:31:28,S,1069.75,1,1
2021-06-18 09:31:28,S,1069.85,1,1
2021-06-18 09:31:28,B,1067.3,1,2
2021-06-18 09:31:28,B,1066.95,1,1
2021-06-18 09:31:28,B,1066.9,2,13
2021-06-18 09:31:28,B,1066.85,1,25
2021-06-18 09:31:28,B,1066.8,1,6
2021-06-18 09:31:31,S,1070.55,2,4
2021-06-18 09:31:31,S,1070.7,1,14
2021-06-18 09:31:31,S,1071.35,2,6
2021-06-18 09:31:31,S,1071.4,2,4
2021-06-18 09:31:31,S,1071.55,1,11
2021-06-18 09:31:31,B,1069.05,1,2
2021-06-18 09:31:31,B,1069.0,2,9
2021-06-18 09:31:31,B,1068.4,1,4
2021-06-18 09:31:31,B,1068.35,2,2
2021-06-18 09:31:31,B,1067.8,1,4
2021-06-18 09:31:31,S,1070.55,2,4
2021-06-18 09:31:31,S,1070.7,1,14
2021-06-18 09:31:31,S,1071.35,2,6
2021-06-18 09:31:31,S,1071.4,2,4
2021-06-18 09:31:31,S,1071.55,1,11
2021-06-18 09:31:31,B,1069.05,1,2
2021-06-18 09:31:31,B,1069.0,2,9
2021-06-18 09:31:31,B,1068.4,1,4
2021-06-18 09:31:31,B,1068.35,2,2
2021-06-18 09:31:31,B,1067.8,1,4
2021-06-18 09:31:35,S,1070.55,3,5
2021-06-18 09:31:35,S,1070.7,1,14
2021-06-18 09:31:35,S,1071.35,2,6
2021-06-18 09:31:35,S,1071.4,2,4
2021-06-18 09:31:35,S,1071.95,2,4
2021-06-18 09:31:35,B,1069.4,1,2
2021-06-18 09:31:35,B,1069.35,1,5
2021-06-18 09:31:35,B,1069.0,1,4
2021-06-18 09:31:35,B,1068.4,1,4
2021-06-18 09:31:35,B,1068.35,2,2
2021-06-18 09:31:35,S,1070.55,3,5
2021-06-18 09:31:35,S,1070.7,1,14
2021-06-18 09:31:35,S,1071.35,2,6
2021-06-18 09:31:35,S,1071.4,2,4
2021-06-18 09:31:35,S,1071.95,2,4
2021-06-18 09:31:35,B,1069.4,1,2
2021-06-18 09:31:35,B,1069.35,1,5
2021-06-18 09:31:35,B,1069.0,1,4
2021-06-18 09:31:35,B,1068.4,1,4
2021-06-18 09:31:35,B,1068.35,2,2
2021-06-18 09:31:37,S,1070.55,3,5
2021-06-18 09:31:37,S,1070.7,1,14
2021-06-18 09:31:37,S,1071.35,2,6
2021-06-18 09:31:37,S,1071.4,2,4
2021-06-18 09:31:37,S,1071.95,2,4
2021-06-18 09:31:37,B,1069.4,1,2
2021-06-18 09:31:37,B,1069.35,1,5
2021-06-18 09:31:37,B,1069.0,1,4
2021-06-18 09:31:37,B,1068.4,1,4
2021-06-18 09:31:37,B,1068.35,2,2
2021-06-18 09:31:37,S,1070.55,3,5
2021-06-18 09:31:37,S,1070.7,1,14
2021-06-18 09:31:37,S,1071.35,2,6
2021-06-18 09:31:37,S,1071.4,2,4
2021-06-18 09:31:37,S,1071.95,2,4
2021-06-18 09:31:37,B,1069.4,1,2
2021-06-18 09:31:37,B,1069.35,1,5
2021-06-18 09:31:37,B,1069.0,1,4
2021-06-18 09:31:37,B,1068.4,1,4
2021-06-18 09:31:37,B,1068.35,2,2
2021-06-18 09:31:39,S,1070.55,3,4
2021-06-18 09:31:39,S,1070.7,1,14
2021-06-18 09:31:39,S,1070.9,1,5
2021-06-18 09:31:39,S,1071.35,2,6
2021-06-18 09:31:39,S,1071.4,2,4
2021-06-18 09:31:39,B,1069.4,1,2
2021-06-18 09:31:39,B,1069.35,1,5
2021-06-18 09:31:39,B,1069.0,1,4
2021-06-18 09:31:39,B,1068.4,1,4
2021-06-18 09:31:39,B,1068.35,2,2
2021-06-18 09:31:39,S,1070.55,3,4
2021-06-18 09:31:39,S,1070.7,1,14
2021-06-18 09:31:39,S,1070.9,1,5
2021-06-18 09:31:39,S,1071.35,2,6
2021-06-18 09:31:39,S,1071.4,2,4
2021-06-18 09:31:39,B,1069.4,1,2
2021-06-18 09:31:39,B,1069.35,1,5
2021-06-18 09:31:39,B,1069.0,1,4
2021-06-18 09:31:39,B,1068.4,1,4
2021-06-18 09:31:39,B,1068.35,2,2
2021-06-18 09:31:42,S,1070.55,3,4
2021-06-18 09:31:42,S,1070.7,1,14
2021-06-18 09:31:42,S,1070.9,1,5
2021-06-18 09:31:42,S,1071.35,2,6
2021-06-18 09:31:42,S,1071.4,2,4
2021-06-18 09:31:42,B,1069.05,1,2
2021-06-18 09:31:42,B,1069.0,1,4
2021-06-18 09:31:42,B,1068.95,1,5
2021-06-18 09:31:42,B,1068.4,1,4
2021-06-18 09:31:42,B,1068.35,2,2
2021-06-18 09:31:42,S,1070.55,3,4
2021-06-18 09:31:42,S,1070.7,1,14
2021-06-18 09:31:42,S,1070.9,1,5
2021-06-18 09:31:42,S,1071.35,2,6
2021-06-18 09:31:42,S,1071.4,2,4
2021-06-18 09:31:42,B,1069.05,1,2
2021-06-18 09:31:42,B,1069.0,1,4
2021-06-18 09:31:42,B,1068.95,1,5
2021-06-18 09:31:42,B,1068.4,1,4
2021-06-18 09:31:42,B,1068.35,2,2
2021-06-18 09:31:49,S,1070.55,3,4
2021-06-18 09:31:49,S,1070.7,1,14
2021-06-18 09:31:49,S,1070.9,1,5
2021-06-18 09:31:49,S,1071.35,2,6
2021-06-18 09:31:49,S,1071.4,2,4
2021-06-18 09:31:49,B,1069.05,1,2
2021-06-18 09:31:49,B,1069.0,1,4
2021-06-18 09:31:49,B,1068.4,1,4
2021-06-18 09:31:49,B,1068.35,2,2
2021-06-18 09:31:49,B,1067.8,1,4
2021-06-18 09:31:49,S,1070.55,3,4
2021-06-18 09:31:49,S,1070.7,1,14
2021-06-18 09:31:49,S,1070.9,1,5
2021-06-18 09:31:49,S,1071.35,2,6
2021-06-18 09:31:49,S,1071.4,2,4
2021-06-18 09:31:49,B,1069.05,1,2
2021-06-18 09:31:49,B,1069.0,1,4
2021-06-18 09:31:49,B,1068.4,1,4
2021-06-18 09:31:49,B,1068.35,2,2
2021-06-18 09:31:49,B,1067.8,1,4
2021-06-18 09:31:53,S,1070.4,1,1
2021-06-18 09:31:53,S,1070.45,1,5
2021-06-18 09:31:53,S,1070.55,2,3
2021-06-18 09:31:53,S,1070.7,1,14
2021-06-18 09:31:53,S,1071.35,2,6
2021-06-18 09:31:53,B,1069.05,1,2
2021-06-18 09:31:53,B,1069.0,1,4
2021-06-18 09:31:53,B,1068.8,1,5
2021-06-18 09:31:53,B,1068.5,1,7
2021-06-18 09:31:53,B,1068.4,1,4
2021-06-18 09:31:53,S,1070.4,1,1
2021-06-18 09:31:53,S,1070.45,1,5
2021-06-18 09:31:53,S,1070.55,2,3
2021-06-18 09:31:53,S,1070.7,1,14
2021-06-18 09:31:53,S,1071.35,2,6
2021-06-18 09:31:53,B,1069.05,1,2
2021-06-18 09:31:53,B,1069.0,1,4
2021-06-18 09:31:53,B,1068.8,1,5
2021-06-18 09:31:53,B,1068.5,1,7
2021-06-18 09:31:53,B,1068.4,1,4
2021-06-18 09:31:57,S,1070.2,2,15
2021-06-18 09:31:57,S,1070.25,1,5
2021-06-18 09:31:57,S,1070.35,1,2
2021-06-18 09:31:57,S,1070.4,1,1
2021-06-18 09:31:57,S,1070.55,1,1
2021-06-18 09:31:57,B,1068.75,1,2
2021-06-18 09:31:57,B,1068.7,1,3
2021-06-18 09:31:57,B,1068.65,1,5
2021-06-18 09:31:57,B,1068.5,1,7
2021-06-18 09:31:57,B,1068.4,1,4
2021-06-18 09:31:57,S,1070.2,2,15
2021-06-18 09:31:57,S,1070.25,1,5
2021-06-18 09:31:57,S,1070.35,1,2
2021-06-18 09:31:57,S,1070.4,1,1
2021-06-18 09:31:57,S,1070.55,1,1
2021-06-18 09:31:57,B,1068.75,1,2
2021-06-18 09:31:57,B,1068.7,1,3
2021-06-18 09:31:57,B,1068.65,1,5
2021-06-18 09:31:57,B,1068.5,1,7
2021-06-18 09:31:57,B,1068.4,1,4
2021-06-18 09:32:00,S,1070.2,2,15
2021-06-18 09:32:00,S,1070.25,1,5
2021-06-18 09:32:00,S,1070.35,1,2
2021-06-18 09:32:00,S,1070.4,1,1
2021-06-18 09:32:00,S,1071.25,1,11
2021-06-18 09:32:00,B,1068.75,1,2
2021-06-18 09:32:00,B,1068.7,1,3
2021-06-18 09:32:00,B,1068.65,1,5
2021-06-18 09:32:00,B,1068.5,1,7
2021-06-18 09:32:00,B,1068.4,1,4
2021-06-18 09:32:00,S,1070.2,2,15
2021-06-18 09:32:00,S,1070.25,1,5
2021-06-18 09:32:00,S,1070.35,1,2
2021-06-18 09:32:00,S,1070.4,1,1
2021-06-18 09:32:00,S,1071.25,1,11
2021-06-18 09:32:00,B,1068.75,1,2
2021-06-18 09:32:00,B,1068.7,1,3
2021-06-18 09:32:00,B,1068.65,1,5
2021-06-18 09:32:00,B,1068.5,1,7
2021-06-18 09:32:00,B,1068.4,1,4
2021-06-18 09:32:04,S,1069.9,1,1
2021-06-18 09:32:04,S,1069.95,1,5
2021-06-18 09:32:04,S,1070.05,1,2
2021-06-18 09:32:04,S,1070.35,1,14
2021-06-18 09:32:04,S,1070.4,1,1
2021-06-18 09:32:04,B,1068.55,1,2
2021-06-18 09:32:04,B,1068.5,1,7
2021-06-18 09:32:04,B,1068.4,1,4
2021-06-18 09:32:04,B,1068.35,2,2
2021-06-18 09:32:04,B,1068.3,1,5
2021-06-18 09:32:04,S,1069.9,1,1
2021-06-18 09:32:04,S,1069.95,1,5
2021-06-18 09:32:04,S,1070.05,1,2
2021-06-18 09:32:04,S,1070.35,1,14
2021-06-18 09:32:04,S,1070.4,1,1
2021-06-18 09:32:04,B,1068.55,1,2
2021-06-18 09:32:04,B,1068.5,1,7
2021-06-18 09:32:04,B,1068.4,1,4
2021-06-18 09:32:04,B,1068.35,2,2
2021-06-18 09:32:04,B,1068.3,1,5
2021-06-18 09:32:07,S,1069.65,2,15
2021-06-18 09:32:07,S,1069.7,1,5
2021-06-18 09:32:07,S,1069.85,1,2
2021-06-18 09:32:07,S,1069.9,1,1
2021-06-18 09:32:07,S,1070.35,1,11
2021-06-18 09:32:07,B,1068.15,1,2
2021-06-18 09:32:07,B,1068.1,2,2
2021-06-18 09:32:07,B,1067.8,1,4
2021-06-18 09:32:07,B,1067.65,1,7
2021-06-18 09:32:07,B,1067.25,1,4
2021-06-18 09:32:07,S,1069.65,2,15
2021-06-18 09:32:07,S,1069.7,1,5
2021-06-18 09:32:07,S,1069.85,1,2
2021-06-18 09:32:07,S,1069.9,1,1
2021-06-18 09:32:07,S,1070.35,1,11
2021-06-18 09:32:07,B,1068.15,1,2
2021-06-18 09:32:07,B,1068.1,2,2
2021-06-18 09:32:07,B,1067.8,1,4
2021-06-18 09:32:07,B,1067.65,1,7
2021-06-18 09:32:07,B,1067.25,1,4
2021-06-18 09:32:10,S,1069.5,1,1
2021-06-18 09:32:10,S,1069.55,1,5
2021-06-18 09:32:10,S,1069.6,1,2
2021-06-18 09:32:10,S,1069.85,1,14
2021-06-18 09:32:10,S,1069.9,1,1
2021-06-18 09:32:10,B,1068.15,1,2
2021-06-18 09:32:10,B,1068.1,2,2
2021-06-18 09:32:10,B,1067.9,1,5
2021-06-18 09:32:10,B,1067.8,1,4
2021-06-18 09:32:10,B,1067.65,1,7
2021-06-18 09:32:10,S,1069.5,1,1
2021-06-18 09:32:10,S,1069.55,1,5
2021-06-18 09:32:10,S,1069.6,1,2
2021-06-18 09:32:10,S,1069.85,1,14
2021-06-18 09:32:10,S,1069.9,1,1
2021-06-18 09:32:10,B,1068.15,1,2
2021-06-18 09:32:10,B,1068.1,2,2
2021-06-18 09:32:10,B,1067.9,1,5
2021-06-18 09:32:10,B,1067.8,1,4
2021-06-18 09:32:10,B,1067.65,1,7
2021-06-18 09:32:14,S,1069.5,2,2
2021-06-18 09:32:14,S,1069.55,1,5
2021-06-18 09:32:14,S,1069.6,1,2
2021-06-18 09:32:14,S,1069.85,1,14
2021-06-18 09:32:14,S,1070.35,1,11
2021-06-18 09:32:14,B,1068.15,1,2
2021-06-18 09:32:14,B,1068.1,2,2
2021-06-18 09:32:14,B,1067.9,1,5
2021-06-18 09:32:14,B,1067.8,1,4
2021-06-18 09:32:14,B,1067.65,1,7
2021-06-18 09:32:14,S,1069.5,2,2
2021-06-18 09:32:14,S,1069.55,1,5
2021-06-18 09:32:14,S,1069.6,1,2
2021-06-18 09:32:14,S,1069.85,1,14
2021-06-18 09:32:14,S,1070.35,1,11
2021-06-18 09:32:14,B,1068.15,1,2
2021-06-18 09:32:14,B,1068.1,2,2
2021-06-18 09:32:14,B,1067.9,1,5
2021-06-18 09:32:14,B,1067.8,1,4
2021-06-18 09:32:14,B,1067.65,1,7
2021-06-18 09:32:18,S,1069.4,2,15
2021-06-18 09:32:18,S,1069.45,1,5
2021-06-18 09:32:18,S,1069.5,1,1
2021-06-18 09:32:18,S,1069.55,1,25
2021-06-18 09:32:18,S,1069.6,1,2
2021-06-18 09:32:18,B,1068.15,1,2
2021-06-18 09:32:18,B,1068.1,2,2
2021-06-18 09:32:18,B,1067.8,1,4
2021-06-18 09:32:18,B,1067.75,1,5
2021-06-18 09:32:18,B,1067.65,1,7
2021-06-18 09:32:18,S,1069.4,2,15
2021-06-18 09:32:18,S,1069.45,1,5
2021-06-18 09:32:18,S,1069.5,1,1
2021-06-18 09:32:18,S,1069.55,1,25
2021-06-18 09:32:18,S,1069.6,1,2
2021-06-18 09:32:18,B,1068.15,1,2
2021-06-18 09:32:18,B,1068.1,2,2
2021-06-18 09:32:18,B,1067.8,1,4
2021-06-18 09:32:18,B,1067.75,1,5
2021-06-18 09:32:18,B,1067.65,1,7
2021-06-18 09:32:21,S,1069.05,1,1
2021-06-18 09:32:21,S,1069.1,1,5
2021-06-18 09:32:21,S,1069.4,1,14
2021-06-18 09:32:21,S,1069.45,1,2
2021-06-18 09:32:21,S,1069.5,1,1
2021-06-18 09:32:21,B,1067.9,1,2
2021-06-18 09:32:21,B,1067.85,2,2
2021-06-18 09:32:21,B,1067.65,1,7
2021-06-18 09:32:21,B,1067.55,1,5
2021-06-18 09:32:21,B,1067.25,1,4
2021-06-18 09:32:21,S,1069.05,1,1
2021-06-18 09:32:21,S,1069.1,1,5
2021-06-18 09:32:21,S,1069.4,1,14
2021-06-18 09:32:21,S,1069.45,1,2
2021-06-18 09:32:21,S,1069.5,1,1
2021-06-18 09:32:21,B,1067.9,1,2
2021-06-18 09:32:21,B,1067.85,2,2
2021-06-18 09:32:21,B,1067.65,1,7
2021-06-18 09:32:21,B,1067.55,1,5
2021-06-18 09:32:21,B,1067.25,1,4
2021-06-18 09:32:22,S,1069.05,1,1
2021-06-18 09:32:22,S,1069.1,1,5
2021-06-18 09:32:22,S,1069.4,1,14
2021-06-18 09:32:22,S,1069.45,1,2
2021-06-18 09:32:22,S,1069.5,1,1
2021-06-18 09:32:22,B,1067.9,1,2
2021-06-18 09:32:22,B,1067.85,2,2
2021-06-18 09:32:22,B,1067.65,1,7
2021-06-18 09:32:22,B,1067.55,1,5
2021-06-18 09:32:22,B,1067.25,1,4
2021-06-18 09:32:22,S,1069.05,1,1
2021-06-18 09:32:22,S,1069.1,1,5
2021-06-18 09:32:22,S,1069.4,1,14
2021-06-18 09:32:22,S,1069.45,1,2
2021-06-18 09:32:22,S,1069.5,1,1
2021-06-18 09:32:22,B,1067.9,1,2
2021-06-18 09:32:22,B,1067.85,2,2
2021-06-18 09:32:22,B,1067.65,1,7
2021-06-18 09:32:22,B,1067.55,1,5
2021-06-18 09:32:22,B,1067.25,1,4
2021-06-18 09:32:24,S,1069.55,1,23
2021-06-18 09:32:24,S,1070.65,2,13
2021-06-18 09:32:24,S,1070.75,2,4
2021-06-18 09:32:24,S,1070.9,2,4
2021-06-18 09:32:24,S,1070.95,2,18
2021-06-18 09:32:24,B,1068.3,1,2
2021-06-18 09:32:24,B,1068.25,1,5
2021-06-18 09:32:24,B,1068.05,1,4
2021-06-18 09:32:24,B,1068.0,1,4
2021-06-18 09:32:24,B,1067.95,2,2
2021-06-18 09:32:24,S,1069.55,1,23
2021-06-18 09:32:24,S,1070.65,2,13
2021-06-18 09:32:24,S,1070.75,2,4
2021-06-18 09:32:24,S,1070.9,2,4
2021-06-18 09:32:24,S,1070.95,2,18
2021-06-18 09:32:24,B,1068.3,1,2
2021-06-18 09:32:24,B,1068.25,1,5
2021-06-18 09:32:24,B,1068.05,1,4
2021-06-18 09:32:24,B,1068.0,1,4
2021-06-18 09:32:24,B,1067.95,2,2
2021-06-18 09:32:28,S,1069.55,1,23
2021-06-18 09:32:28,S,1070.65,2,13
2021-06-18 09:32:28,S,1070.75,2,4
2021-06-18 09:32:28,S,1070.9,2,4
2021-06-18 09:32:28,S,1070.95,2,18
2021-06-18 09:32:28,B,1068.3,1,2
2021-06-18 09:32:28,B,1068.25,1,5
2021-06-18 09:32:28,B,1068.05,1,4
2021-06-18 09:32:28,B,1068.0,1,4
2021-06-18 09:32:28,B,1067.95,2,2
2021-06-18 09:32:28,S,1069.55,1,23
2021-06-18 09:32:28,S,1070.65,2,13
2021-06-18 09:32:28,S,1070.75,2,4
2021-06-18 09:32:28,S,1070.9,2,4
2021-06-18 09:32:28,S,1070.95,2,18
2021-06-18 09:32:28,B,1068.3,1,2
2021-06-18 09:32:28,B,1068.25,1,5
2021-06-18 09:32:28,B,1068.05,1,4
2021-06-18 09:32:28,B,1068.0,1,4
2021-06-18 09:32:28,B,1067.95,2,2
2021-06-18 09:32:31,S,1069.55,1,23
2021-06-18 09:32:31,S,1070.7,1,11
2021-06-18 09:32:31,S,1070.75,2,4
2021-06-18 09:32:31,S,1070.95,2,18
2021-06-18 09:32:31,S,1071.2,2,4
2021-06-18 09:32:31,B,1068.4,1,2
2021-06-18 09:32:31,B,1068.35,1,5
2021-06-18 09:32:31,B,1068.05,1,4
2021-06-18 09:32:31,B,1068.0,2,6
2021-06-18 09:32:31,B,1067.95,2,2
2021-06-18 09:32:31,S,1069.55,1,23
2021-06-18 09:32:31,S,1070.7,1,11
2021-06-18 09:32:31,S,1070.75,2,4
2021-06-18 09:32:31,S,1070.95,2,18
2021-06-18 09:32:31,S,1071.2,2,4
2021-06-18 09:32:31,B,1068.4,1,2
2021-06-18 09:32:31,B,1068.35,1,5
2021-06-18 09:32:31,B,1068.05,1,4
2021-06-18 09:32:31,B,1068.0,2,6
2021-06-18 09:32:31,B,1067.95,2,2
2021-06-18 09:32:33,S,1069.55,1,23
2021-06-18 09:32:33,S,1070.7,1,11
2021-06-18 09:32:33,S,1070.75,2,4
2021-06-18 09:32:33,S,1070.95,2,18
2021-06-18 09:32:33,S,1071.2,2,4
2021-06-18 09:32:33,B,1068.4,1,2
2021-06-18 09:32:33,B,1068.35,1,5
2021-06-18 09:32:33,B,1068.05,1,4
2021-06-18 09:32:33,B,1068.0,2,6
2021-06-18 09:32:33,B,1067.95,2,2
2021-06-18 09:32:33,S,1069.55,1,23
2021-06-18 09:32:33,S,1070.7,1,11
2021-06-18 09:32:33,S,1070.75,2,4
2021-06-18 09:32:33,S,1070.95,2,18
2021-06-18 09:32:33,S,1071.2,2,4
2021-06-18 09:32:33,B,1068.4,1,2
2021-06-18 09:32:33,B,1068.35,1,5
2021-06-18 09:32:33,B,1068.05,1,4
2021-06-18 09:32:33,B,1068.0,2,6
2021-06-18 09:32:33,B,1067.95,2,2
2021-06-18 09:32:34,S,1071.55,1,10
2021-06-18 09:32:34,S,1071.6,1,1
2021-06-18 09:32:34,S,1071.75,2,4
2021-06-18 09:32:34,S,1071.8,1,6
2021-06-18 09:32:34,S,1072.0,1,50
2021-06-18 09:32:34,B,1069.15,1,2
2021-06-18 09:32:34,B,1069.1,2,2
2021-06-18 09:32:34,B,1068.95,1,1
2021-06-18 09:32:34,B,1068.9,1,4
2021-06-18 09:32:34,B,1068.55,1,2
2021-06-18 09:32:34,S,1071.55,1,10
2021-06-18 09:32:34,S,1071.6,1,1
2021-06-18 09:32:34,S,1071.75,2,4
2021-06-18 09:32:34,S,1071.8,1,6
2021-06-18 09:32:34,S,1072.0,1,50
2021-06-18 09:32:34,B,1069.15,1,2
2021-06-18 09:32:34,B,1069.1,2,2
2021-06-18 09:32:34,B,1068.95,1,1
2021-06-18 09:32:34,B,1068.9,1,4
2021-06-18 09:32:34,B,1068.55,1,2
2021-06-18 09:32:38,S,1071.1,1,5
2021-06-18 09:32:38,S,1071.5,1,1
2021-06-18 09:32:38,S,1071.55,1,10
2021-06-18 09:32:38,S,1071.8,1,6
2021-06-18 09:32:38,S,1071.95,2,4
2021-06-18 09:32:38,B,1069.15,1,2
2021-06-18 09:32:38,B,1069.1,2,2
2021-06-18 09:32:38,B,1068.95,1,1
2021-06-18 09:32:38,B,1068.9,1,4
2021-06-18 09:32:38,B,1068.55,1,2
2021-06-18 09:32:38,S,1071.1,1,5
2021-06-18 09:32:38,S,1071.5,1,1
2021-06-18 09:32:38,S,1071.55,1,10
2021-06-18 09:32:38,S,1071.8,1,6
2021-06-18 09:32:38,S,1071.95,2,4
2021-06-18 09:32:38,B,1069.15,1,2
2021-06-18 09:32:38,B,1069.1,2,2
2021-06-18 09:32:38,B,1068.95,1,1
2021-06-18 09:32:38,B,1068.9,1,4
2021-06-18 09:32:38,B,1068.55,1,2
2021-06-18 09:32:39,S,1071.1,1,5
2021-06-18 09:32:39,S,1071.5,1,1
2021-06-18 09:32:39,S,1071.55,1,10
2021-06-18 09:32:39,S,1071.8,1,6
2021-06-18 09:32:39,S,1071.95,2,4
2021-06-18 09:32:39,B,1069.15,1,2
2021-06-18 09:32:39,B,1069.1,2,2
2021-06-18 09:32:39,B,1068.95,1,1
2021-06-18 09:32:39,B,1068.9,1,4
2021-06-18 09:32:39,B,1068.55,1,2
2021-06-18 09:32:39,S,1071.1,1,5
2021-06-18 09:32:39,S,1071.5,1,1
2021-06-18 09:32:39,S,1071.55,1,10
2021-06-18 09:32:39,S,1071.8,1,6
2021-06-18 09:32:39,S,1071.95,2,4
2021-06-18 09:32:39,B,1069.15,1,2
2021-06-18 09:32:39,B,1069.1,2,2
2021-06-18 09:32:39,B,1068.95,1,1
2021-06-18 09:32:39,B,1068.9,1,4
2021-06-18 09:32:39,B,1068.55,1,2
2021-06-18 09:32:41,S,1072.0,1,50
2021-06-18 09:32:41,S,1072.4,1,36
2021-06-18 09:32:41,S,1072.65,1,6
2021-06-18 09:32:41,S,1073.0,1,2
2021-06-18 09:32:41,S,1073.3,1,2
2021-06-18 09:32:41,B,1070.4,1,2
2021-06-18 09:32:41,B,1070.35,1,5
2021-06-18 09:32:41,B,1070.0,1,7
2021-06-18 09:32:41,B,1069.5,2,2
2021-06-18 09:32:41,B,1069.0,1,2
2021-06-18 09:32:41,S,1072.0,1,50
2021-06-18 09:32:41,S,1072.4,1,36
2021-06-18 09:32:41,S,1072.65,1,6
2021-06-18 09:32:41,S,1073.0,1,2
2021-06-18 09:32:41,S,1073.3,1,2
2021-06-18 09:32:41,B,1070.4,1,2
2021-06-18 09:32:41,B,1070.35,1,5
2021-06-18 09:32:41,B,1070.0,1,7
2021-06-18 09:32:41,B,1069.5,2,2
2021-06-18 09:32:41,B,1069.0,1,2
2021-06-18 09:32:42,S,1072.0,1,50
2021-06-18 09:32:42,S,1072.4,1,36
2021-06-18 09:32:42,S,1072.65,1,6
2021-06-18 09:32:42,S,1073.0,1,2
2021-06-18 09:32:42,S,1073.3,1,2
2021-06-18 09:32:42,B,1070.4,1,2
2021-06-18 09:32:42,B,1070.35,1,5
2021-06-18 09:32:42,B,1070.0,1,7
2021-06-18 09:32:42,B,1069.5,2,2
2021-06-18 09:32:42,B,1069.0,1,2
2021-06-18 09:32:42,S,1072.0,1,50
2021-06-18 09:32:42,S,1072.4,1,36
2021-06-18 09:32:42,S,1072.65,1,6
2021-06-18 09:32:42,S,1073.0,1,2
2021-06-18 09:32:42,S,1073.3,1,2
2021-06-18 09:32:42,B,1070.4,1,2
2021-06-18 09:32:42,B,1070.35,1,5
2021-06-18 09:32:42,B,1070.0,1,7
2021-06-18 09:32:42,B,1069.5,2,2
2021-06-18 09:32:42,B,1069.0,1,2
2021-06-18 09:32:45,S,1071.55,1,5
2021-06-18 09:32:45,S,1071.95,2,6
2021-06-18 09:32:45,S,1072.0,2,70
2021-06-18 09:32:45,S,1072.25,1,3
2021-06-18 09:32:45,S,1072.4,1,36
2021-06-18 09:32:45,B,1069.45,1,2
2021-06-18 09:32:45,B,1069.4,1,5
2021-06-18 09:32:45,B,1069.15,2,2
2021-06-18 09:32:45,B,1069.0,1,2
2021-06-18 09:32:45,B,1068.95,1,1
2021-06-18 09:32:45,S,1071.55,1,5
2021-06-18 09:32:45,S,1071.95,2,6
2021-06-18 09:32:45,S,1072.0,2,70
2021-06-18 09:32:45,S,1072.25,1,3
2021-06-18 09:32:45,S,1072.4,1,36
2021-06-18 09:32:45,B,1069.45,1,2
2021-06-18 09:32:45,B,1069.4,1,5
2021-06-18 09:32:45,B,1069.15,2,2
2021-06-18 09:32:45,B,1069.0,1,2
2021-06-18 09:32:45,B,1068.95,1,1
2021-06-18 09:32:48,S,1071.55,1,5
2021-06-18 09:32:48,S,1071.95,2,6
2021-06-18 09:32:48,S,1072.0,2,70
2021-06-18 09:32:48,S,1072.25,1,3
2021-06-18 09:32:48,S,1072.4,1,36
2021-06-18 09:32:48,B,1069.45,1,2
2021-06-18 09:32:48,B,1069.4,1,5
2021-06-18 09:32:48,B,1069.15,2,2
2021-06-18 09:32:48,B,1069.0,1,2
2021-06-18 09:32:48,B,1068.95,1,1
2021-06-18 09:32:48,S,1071.55,1,5
2021-06-18 09:32:48,S,1071.95,2,6
2021-06-18 09:32:48,S,1072.0,2,70
2021-06-18 09:32:48,S,1072.25,1,3
2021-06-18 09:32:48,S,1072.4,1,36
2021-06-18 09:32:48,B,1069.45,1,2
2021-06-18 09:32:48,B,1069.4,1,5
2021-06-18 09:32:48,B,1069.15,2,2
2021-06-18 09:32:48,B,1069.0,1,2
2021-06-18 09:32:48,B,1068.95,1,1
2021-06-18 09:32:52,S,1071.55,1,5
2021-06-18 09:32:52,S,1071.95,2,6
2021-06-18 09:32:52,S,1072.0,2,70
2021-06-18 09:32:52,S,1072.25,1,3
2021-06-18 09:32:52,S,1072.4,1,36
2021-06-18 09:32:52,B,1069.45,1,2
2021-06-18 09:32:52,B,1069.4,1,5
2021-06-18 09:32:52,B,1069.15,2,2
2021-06-18 09:32:52,B,1069.0,1,2
2021-06-18 09:32:52,B,1068.95,1,1
2021-06-18 09:32:52,S,1071.55,1,5
2021-06-18 09:32:52,S,1071.95,2,6
2021-06-18 09:32:52,S,1072.0,2,70
2021-06-18 09:32:52,S,1072.25,1,3
2021-06-18 09:32:52,S,1072.4,1,36
2021-06-18 09:32:52,B,1069.45,1,2
2021-06-18 09:32:52,B,1069.4,1,5
2021-06-18 09:32:52,B,1069.15,2,2
2021-06-18 09:32:52,B,1069.0,1,2
2021-06-18 09:32:52,B,1068.95,1,1
2021-06-18 09:32:55,S,1072.0,1,20
2021-06-18 09:32:55,S,1072.25,2,4
2021-06-18 09:32:55,S,1072.35,2,4
2021-06-18 09:32:55,S,1072.4,1,36
2021-06-18 09:32:55,S,1072.65,1,6
2021-06-18 09:32:55,B,1069.65,1,2
2021-06-18 09:32:55,B,1069.6,2,2
2021-06-18 09:32:55,B,1069.55,1,4
2021-06-18 09:32:55,B,1069.1,1,4
2021-06-18 09:32:55,B,1068.95,3,7
2021-06-18 09:32:55,S,1072.0,1,20
2021-06-18 09:32:55,S,1072.25,2,4
2021-06-18 09:32:55,S,1072.35,2,4
2021-06-18 09:32:55,S,1072.4,1,36
2021-06-18 09:32:55,S,1072.65,1,6
2021-06-18 09:32:55,B,1069.65,1,2
2021-06-18 09:32:55,B,1069.6,2,2
2021-06-18 09:32:55,B,1069.55,1,4
2021-06-18 09:32:55,B,1069.1,1,4
2021-06-18 09:32:55,B,1068.95,3,7
2021-06-18 09:33:02,S,1071.8,1,5
2021-06-18 09:33:02,S,1072.0,2,21
2021-06-18 09:33:02,S,1072.25,2,4
2021-06-18 09:33:02,S,1072.4,1,36
2021-06-18 09:33:02,S,1072.6,2,2
2021-06-18 09:33:02,B,1069.95,1,2
2021-06-18 09:33:02,B,1069.9,1,5
2021-06-18 09:33:02,B,1069.6,2,2
2021-06-18 09:33:02,B,1069.55,1,4
2021-06-18 09:33:02,B,1069.1,1,4
2021-06-18 09:33:02,S,1071.8,1,5
2021-06-18 09:33:02,S,1072.0,2,21
2021-06-18 09:33:02,S,1072.25,2,4
2021-06-18 09:33:02,S,1072.4,1,36
2021-06-18 09:33:02,S,1072.6,2,2
2021-06-18 09:33:02,B,1069.95,1,2
2021-06-18 09:33:02,B,1069.9,1,5
2021-06-18 09:33:02,B,1069.6,2,2
2021-06-18 09:33:02,B,1069.55,1,4
2021-06-18 09:33:02,B,1069.1,1,4
2021-06-18 09:33:03,S,1071.8,1,5
2021-06-18 09:33:03,S,1072.0,2,21
2021-06-18 09:33:03,S,1072.25,2,4
2021-06-18 09:33:03,S,1072.4,1,36
2021-06-18 09:33:03,S,1072.6,2,2
2021-06-18 09:33:03,B,1069.95,1,2
2021-06-18 09:33:03,B,1069.9,1,5
2021-06-18 09:33:03,B,1069.6,2,2
2021-06-18 09:33:03,B,1069.55,1,4
2021-06-18 09:33:03,B,1069.1,1,4
2021-06-18 09:33:03,S,1071.8,1,5
2021-06-18 09:33:03,S,1072.0,2,21
2021-06-18 09:33:03,S,1072.25,2,4
2021-06-18 09:33:03,S,1072.4,1,36
2021-06-18 09:33:03,S,1072.6,2,2
2021-06-18 09:33:03,B,1069.95,1,2
2021-06-18 09:33:03,B,1069.9,1,5
2021-06-18 09:33:03,B,1069.6,2,2
2021-06-18 09:33:03,B,1069.55,1,4
2021-06-18 09:33:03,B,1069.1,1,4
2021-06-18 09:33:06,S,1071.95,1,2
2021-06-18 09:33:06,S,1072.0,1,20
2021-06-18 09:33:06,S,1072.4,2,37
2021-06-18 09:33:06,S,1073.0,2,57
2021-06-18 09:33:06,S,1073.45,2,2
2021-06-18 09:33:06,B,1070.85,1,2
2021-06-18 09:33:06,B,1070.8,1,5
2021-06-18 09:33:06,B,1070.7,1,3
2021-06-18 09:33:06,B,1070.4,1,2
2021-06-18 09:33:06,B,1070.35,1,4
2021-06-18 09:33:06,S,1071.95,1,2
2021-06-18 09:33:06,S,1072.0,1,20
2021-06-18 09:33:06,S,1072.4,2,37
2021-06-18 09:33:06,S,1073.0,2,57
2021-06-18 09:33:06,S,1073.45,2,2
2021-06-18 09:33:06,B,1070.85,1,2
2021-06-18 09:33:06,B,1070.8,1,5
2021-06-18 09:33:06,B,1070.7,1,3
2021-06-18 09:33:06,B,1070.4,1,2
2021-06-18 09:33:06,B,1070.35,1,4
2021-06-18 09:33:07,S,1071.95,1,2
2021-06-18 09:33:07,S,1072.0,1,20
2021-06-18 09:33:07,S,1072.4,2,37
2021-06-18 09:33:07,S,1073.0,2,57
2021-06-18 09:33:07,S,1073.45,2,2
2021-06-18 09:33:07,B,1070.85,1,2
2021-06-18 09:33:07,B,1070.8,1,5
2021-06-18 09:33:07,B,1070.7,1,3
2021-06-18 09:33:07,B,1070.4,1,2
2021-06-18 09:33:07,B,1070.35,1,4
2021-06-18 09:33:07,S,1071.95,1,2
2021-06-18 09:33:07,S,1072.0,1,20
2021-06-18 09:33:07,S,1072.4,2,37
2021-06-18 09:33:07,S,1073.0,2,57
2021-06-18 09:33:07,S,1073.45,2,2
2021-06-18 09:33:07,B,1070.85,1,2
2021-06-18 09:33:07,B,1070.8,1,5
2021-06-18 09:33:07,B,1070.7,1,3
2021-06-18 09:33:07,B,1070.4,1,2
2021-06-18 09:33:07,B,1070.35,1,4
2021-06-18 09:33:09,S,1071.95,1,2
2021-06-18 09:33:09,S,1072.0,1,20
2021-06-18 09:33:09,S,1072.35,1,2
2021-06-18 09:33:09,S,1072.4,3,42
2021-06-18 09:33:09,S,1072.75,1,12
2021-06-18 09:33:09,B,1071.0,1,10
2021-06-18 09:33:09,B,1070.1,1,7
2021-06-18 09:33:09,B,1070.05,2,12
2021-06-18 09:33:09,B,1070.0,1,200
2021-06-18 09:33:09,B,1069.4,2,2
2021-06-18 09:33:09,S,1071.95,1,2
2021-06-18 09:33:09,S,1072.0,1,20
2021-06-18 09:33:09,S,1072.35,1,2
2021-06-18 09:33:09,S,1072.4,3,42
2021-06-18 09:33:09,S,1072.75,1,12
2021-06-18 09:33:09,B,1071.0,1,10
2021-06-18 09:33:09,B,1070.1,1,7
2021-06-18 09:33:09,B,1070.05,2,12
2021-06-18 09:33:09,B,1070.0,1,200
2021-06-18 09:33:09,B,1069.4,2,2
2021-06-18 09:33:12,S,1071.95,1,2
2021-06-18 09:33:12,S,1072.0,1,3
2021-06-18 09:33:12,S,1072.4,1,36
2021-06-18 09:33:12,S,1072.95,1,2
2021-06-18 09:33:12,S,1073.0,3,60
2021-06-18 09:33:12,B,1071.05,1,2
2021-06-18 09:33:12,B,1071.0,1,10
2021-06-18 09:33:12,B,1070.85,1,5
2021-06-18 09:33:12,B,1070.2,1,7
2021-06-18 09:33:12,B,1070.15,1,10
2021-06-18 09:33:12,S,1071.95,1,2
2021-06-18 09:33:12,S,1072.0,1,3
2021-06-18 09:33:12,S,1072.4,1,36
2021-06-18 09:33:12,S,1072.95,1,2
2021-06-18 09:33:12,S,1073.0,3,60
2021-06-18 09:33:12,B,1071.05,1,2
2021-06-18 09:33:12,B,1071.0,1,10
2021-06-18 09:33:12,B,1070.85,1,5
2021-06-18 09:33:12,B,1070.2,1,7
2021-06-18 09:33:12,B,1070.15,1,10
2021-06-18 09:33:16,S,1071.95,2,3
2021-06-18 09:33:16,S,1072.0,1,3
2021-06-18 09:33:16,S,1072.4,1,36
2021-06-18 09:33:16,S,1072.7,1,5
2021-06-18 09:33:16,S,1072.95,1,2
2021-06-18 09:33:16,B,1071.15,1,2
2021-06-18 09:33:16,B,1071.1,1,5
2021-06-18 09:33:16,B,1071.0,1,10
2021-06-18 09:33:16,B,1070.5,1,4
2021-06-18 09:33:16,B,1070.35,1,6
2021-06-18 09:33:16,S,1071.95,2,3
2021-06-18 09:33:16,S,1072.0,1,3
2021-06-18 09:33:16,S,1072.4,1,36
2021-06-18 09:33:16,S,1072.7,1,5
2021-06-18 09:33:16,S,1072.95,1,2
2021-06-18 09:33:16,B,1071.15,1,2
2021-06-18 09:33:16,B,1071.1,1,5
2021-06-18 09:33:16,B,1071.0,1,10
2021-06-18 09:33:16,B,1070.5,1,4
2021-06-18 09:33:16,B,1070.35,1,6
2021-06-18 09:33:19,S,1071.95,2,3
2021-06-18 09:33:19,S,1072.0,1,3
2021-06-18 09:33:19,S,1072.4,1,36
2021-06-18 09:33:19,S,1072.7,1,5
2021-06-18 09:33:19,S,1072.95,1,2
2021-06-18 09:33:19,B,1071.15,1,2
2021-06-18 09:33:19,B,1071.1,1,5
2021-06-18 09:33:19,B,1071.0,1,10
2021-06-18 09:33:19,B,1070.5,1,4
2021-06-18 09:33:19,B,1070.35,1,6
2021-06-18 09:33:19,S,1071.95,2,3
2021-06-18 09:33:19,S,1072.0,1,3
2021-06-18 09:33:19,S,1072.4,1,36
2021-06-18 09:33:19,S,1072.7,1,5
2021-06-18 09:33:19,S,1072.95,1,2
2021-06-18 09:33:19,B,1071.15,1,2
2021-06-18 09:33:19,B,1071.1,1,5
2021-06-18 09:33:19,B,1071.0,1,10
2021-06-18 09:33:19,B,1070.5,1,4
2021-06-18 09:33:19,B,1070.35,1,6
2021-06-18 09:33:22,S,1072.0,1,50
2021-06-18 09:33:22,S,1072.4,1,32
2021-06-18 09:33:22,S,1072.65,2,6
2021-06-18 09:33:22,S,1072.9,1,2
2021-06-18 09:33:22,S,1073.0,2,51
2021-06-18 09:33:22,B,1071.1,1,5
2021-06-18 09:33:22,B,1071.05,1,2
2021-06-18 09:33:22,B,1071.0,1,10
2021-06-18 09:33:22,B,1070.5,1,4
2021-06-18 09:33:22,B,1070.35,1,1
2021-06-18 09:33:22,S,1072.0,1,50
2021-06-18 09:33:22,S,1072.4,1,32
2021-06-18 09:33:22,S,1072.65,2,6
2021-06-18 09:33:22,S,1072.9,1,2
2021-06-18 09:33:22,S,1073.0,2,51
2021-06-18 09:33:22,B,1071.1,1,5
2021-06-18 09:33:22,B,1071.05,1,2
2021-06-18 09:33:22,B,1071.0,1,10
2021-06-18 09:33:22,B,1070.5,1,4
2021-06-18 09:33:22,B,1070.35,1,1
2021-06-18 09:33:25,S,1072.0,2,60
2021-06-18 09:33:25,S,1072.4,2,33
2021-06-18 09:33:25,S,1072.6,2,3
2021-06-18 09:33:25,S,1072.65,2,6
2021-06-18 09:33:25,S,1072.75,1,10
2021-06-18 09:33:25,B,1071.0,1,10
2021-06-18 09:33:25,B,1070.55,1,2
2021-06-18 09:33:25,B,1070.5,1,4
2021-06-18 09:33:25,B,1070.35,1,1
2021-06-18 09:33:25,B,1070.3,2,13
2021-06-18 09:33:25,S,1072.0,2,60
2021-06-18 09:33:25,S,1072.4,2,33
2021-06-18 09:33:25,S,1072.6,2,3
2021-06-18 09:33:25,S,1072.65,2,6
2021-06-18 09:33:25,S,1072.75,1,10
2021-06-18 09:33:25,B,1071.0,1,10
2021-06-18 09:33:25,B,1070.55,1,2
2021-06-18 09:33:25,B,1070.5,1,4
2021-06-18 09:33:25,B,1070.35,1,1
2021-06-18 09:33:25,B,1070.3,2,13
2021-06-18 09:33:29,S,1072.0,3,85
2021-06-18 09:33:29,S,1072.1,1,5
2021-06-18 09:33:29,S,1072.35,2,3
2021-06-18 09:33:29,S,1072.4,2,33
2021-06-18 09:33:29,S,1072.75,1,10
2021-06-18 09:33:29,B,1071.0,1,10
2021-06-18 09:33:29,B,1070.55,1,2
2021-06-18 09:33:29,B,1070.5,1,4
2021-06-18 09:33:29,B,1070.35,1,1
2021-06-18 09:33:29,B,1070.3,2,13
2021-06-18 09:33:29,S,1072.0,3,85
2021-06-18 09:33:29,S,1072.1,1,5
2021-06-18 09:33:29,S,1072.35,2,3
2021-06-18 09:33:29,S,1072.4,2,33
2021-06-18 09:33:29,S,1072.75,1,10
2021-06-18 09:33:29,B,1071.0,1,10
2021-06-18 09:33:29,B,1070.55,1,2
2021-06-18 09:33:29,B,1070.5,1,4
2021-06-18 09:33:29,B,1070.35,1,1
2021-06-18 09:33:29,B,1070.3,2,13
2021-06-18 09:33:31,S,1072.0,3,85
2021-06-18 09:33:31,S,1072.1,1,5
2021-06-18 09:33:31,S,1072.35,2,3
2021-06-18 09:33:31,S,1072.4,2,33
2021-06-18 09:33:31,S,1072.75,1,10
2021-06-18 09:33:31,B,1071.0,1,10
2021-06-18 09:33:31,B,1070.55,1,2
2021-06-18 09:33:31,B,1070.5,1,4
2021-06-18 09:33:31,B,1070.35,1,1
2021-06-18 09:33:31,B,1070.3,2,13
2021-06-18 09:33:31,S,1072.0,3,85
2021-06-18 09:33:31,S,1072.1,1,5
2021-06-18 09:33:31,S,1072.35,2,3
2021-06-18 09:33:31,S,1072.4,2,33
2021-06-18 09:33:31,S,1072.75,1,10
2021-06-18 09:33:31,B,1071.0,1,10
2021-06-18 09:33:31,B,1070.55,1,2
2021-06-18 09:33:31,B,1070.5,1,4
2021-06-18 09:33:31,B,1070.35,1,1
2021-06-18 09:33:31,B,1070.3,2,13
2021-06-18 09:33:32,S,1072.0,3,75
2021-06-18 09:33:32,S,1072.1,1,5
2021-06-18 09:33:32,S,1072.35,2,3
2021-06-18 09:33:32,S,1072.4,2,33
2021-06-18 09:33:32,S,1072.75,1,10
2021-06-18 09:33:32,B,1071.0,1,10
2021-06-18 09:33:32,B,1070.55,1,2
2021-06-18 09:33:32,B,1070.5,1,4
2021-06-18 09:33:32,B,1070.35,1,1
2021-06-18 09:33:32,B,1070.3,2,13
2021-06-18 09:33:32,S,1072.0,3,75
2021-06-18 09:33:32,S,1072.1,1,5
2021-06-18 09:33:32,S,1072.35,2,3
2021-06-18 09:33:32,S,1072.4,2,33
2021-06-18 09:33:32,S,1072.75,1,10
2021-06-18 09:33:32,B,1071.0,1,10
2021-06-18 09:33:32,B,1070.55,1,2
2021-06-18 09:33:32,B,1070.5,1,4
2021-06-18 09:33:32,B,1070.35,1,1
2021-06-18 09:33:32,B,1070.3,2,13
2021-06-18 09:33:41,S,1072.0,3,75
2021-06-18 09:33:41,S,1072.1,1,5
2021-06-18 09:33:41,S,1072.35,2,3
2021-06-18 09:33:41,S,1072.4,2,33
2021-06-18 09:33:41,S,1072.75,1,10
2021-06-18 09:33:41,B,1071.0,1,10
2021-06-18 09:33:41,B,1070.55,1,2
2021-06-18 09:33:41,B,1070.5,1,4
2021-06-18 09:33:41,B,1070.35,1,1
2021-06-18 09:33:41,B,1070.3,2,13
2021-06-18 09:33:41,S,1072.0,3,75
2021-06-18 09:33:41,S,1072.1,1,5
2021-06-18 09:33:41,S,1072.35,2,3
2021-06-18 09:33:41,S,1072.4,2,33
2021-06-18 09:33:41,S,1072.75,1,10
2021-06-18 09:33:41,B,1071.0,1,10
2021-06-18 09:33:41,B,1070.55,1,2
2021-06-18 09:33:41,B,1070.5,1,4
2021-06-18 09:33:41,B,1070.35,1,1
2021-06-18 09:33:41,B,1070.3,2,13
2021-06-18 09:33:42,S,1072.0,3,74
2021-06-18 09:33:42,S,1072.25,1,5
2021-06-18 09:33:42,S,1072.35,2,3
2021-06-18 09:33:42,S,1072.4,1,32
2021-06-18 09:33:42,S,1072.75,1,10
2021-06-18 09:33:42,B,1071.0,1,10
2021-06-18 09:33:42,B,1070.55,1,2
2021-06-18 09:33:42,B,1070.5,1,4
2021-06-18 09:33:42,B,1070.35,1,1
2021-06-18 09:33:42,B,1070.3,2,13
2021-06-18 09:33:42,S,1072.0,3,74
2021-06-18 09:33:42,S,1072.25,1,5
2021-06-18 09:33:42,S,1072.35,2,3
2021-06-18 09:33:42,S,1072.4,1,32
2021-06-18 09:33:42,S,1072.75,1,10
2021-06-18 09:33:42,B,1071.0,1,10
2021-06-18 09:33:42,B,1070.55,1,2
2021-06-18 09:33:42,B,1070.5,1,4
2021-06-18 09:33:42,B,1070.35,1,1
2021-06-18 09:33:42,B,1070.3,2,13
2021-06-18 09:33:46,S,1071.45,1,4
2021-06-18 09:33:46,S,1071.5,1,5
2021-06-18 09:33:46,S,1071.55,1,10
2021-06-18 09:33:46,S,1071.8,1,28
2021-06-18 09:33:46,S,1071.85,1,11
2021-06-18 09:33:46,B,1070.35,1,4
2021-06-18 09:33:46,B,1070.3,1,7
2021-06-18 09:33:46,B,1070.25,1,7
2021-06-18 09:33:46,B,1070.2,1,7
2021-06-18 09:33:46,B,1070.1,1,7
2021-06-18 09:33:46,S,1071.45,1,4
2021-06-18 09:33:46,S,1071.5,1,5
2021-06-18 09:33:46,S,1071.55,1,10
2021-06-18 09:33:46,S,1071.8,1,28
2021-06-18 09:33:46,S,1071.85,1,11
2021-06-18 09:33:46,B,1070.35,1,4
2021-06-18 09:33:46,B,1070.3,1,7
2021-06-18 09:33:46,B,1070.25,1,7
2021-06-18 09:33:46,B,1070.2,1,7
2021-06-18 09:33:46,B,1070.1,1,7
2021-06-18 09:33:49,S,1071.0,1,5
2021-06-18 09:33:49,S,1071.45,1,4
2021-06-18 09:33:49,S,1071.5,1,5
2021-06-18 09:33:49,S,1071.55,1,10
2021-06-18 09:33:49,S,1071.8,1,28
2021-06-18 09:33:49,B,1070.35,1,4
2021-06-18 09:33:49,B,1070.3,1,7
2021-06-18 09:33:49,B,1070.25,1,7
2021-06-18 09:33:49,B,1070.2,1,7
2021-06-18 09:33:49,B,1070.1,1,7
2021-06-18 09:33:49,S,1071.0,1,5
2021-06-18 09:33:49,S,1071.45,1,4
2021-06-18 09:33:49,S,1071.5,1,5
2021-06-18 09:33:49,S,1071.55,1,10
2021-06-18 09:33:49,S,1071.8,1,28
2021-06-18 09:33:49,B,1070.35,1,4
2021-06-18 09:33:49,B,1070.3,1,7
2021-06-18 09:33:49,B,1070.25,1,7
2021-06-18 09:33:49,B,1070.2,1,7
2021-06-18 09:33:49,B,1070.1,1,7
2021-06-18 09:33:52,S,1071.0,1,5
2021-06-18 09:33:52,S,1071.45,1,4
2021-06-18 09:33:52,S,1071.5,1,5
2021-06-18 09:33:52,S,1071.8,1,28
2021-06-18 09:33:52,S,1071.9,1,2
2021-06-18 09:33:52,B,1070.35,1,4
2021-06-18 09:33:52,B,1070.3,1,7
2021-06-18 09:33:52,B,1070.25,1,7
2021-06-18 09:33:52,B,1070.2,1,7
2021-06-18 09:33:52,B,1070.1,1,7
2021-06-18 09:33:52,S,1071.0,1,5
2021-06-18 09:33:52,S,1071.45,1,4
2021-06-18 09:33:52,S,1071.5,1,5
2021-06-18 09:33:52,S,1071.8,1,28
2021-06-18 09:33:52,S,1071.9,1,2
2021-06-18 09:33:52,B,1070.35,1,4
2021-06-18 09:33:52,B,1070.3,1,7
2021-06-18 09:33:52,B,1070.25,1,7
2021-06-18 09:33:52,B,1070.2,1,7
2021-06-18 09:33:52,B,1070.1,1,7
2021-06-18 09:33:56,S,1071.0,1,5
2021-06-18 09:33:56,S,1071.45,1,4
2021-06-18 09:33:56,S,1071.5,1,5
2021-06-18 09:33:56,S,1071.8,1,28
2021-06-18 09:33:56,S,1071.9,1,2
2021-06-18 09:33:56,B,1070.35,1,4
2021-06-18 09:33:56,B,1070.3,1,7
2021-06-18 09:33:56,B,1070.25,1,7
2021-06-18 09:33:56,B,1070.2,1,7
2021-06-18 09:33:56,B,1070.1,1,7
2021-06-18 09:33:56,S,1071.0,1,5
2021-06-18 09:33:56,S,1071.45,1,4
2021-06-18 09:33:56,S,1071.5,1,5
2021-06-18 09:33:56,S,1071.8,1,28
2021-06-18 09:33:56,S,1071.9,1,2
2021-06-18 09:33:56,B,1070.35,1,4
2021-06-18 09:33:56,B,1070.3,1,7
2021-06-18 09:33:56,B,1070.25,1,7
2021-06-18 09:33:56,B,1070.2,1,7
2021-06-18 09:33:56,B,1070.1,1,7
2021-06-18 09:34:00,S,1071.0,1,5
2021-06-18 09:34:00,S,1071.45,1,4
2021-06-18 09:34:00,S,1071.5,1,5
2021-06-18 09:34:00,S,1071.8,1,28
2021-06-18 09:34:00,S,1071.9,1,2
2021-06-18 09:34:00,B,1070.35,1,4
2021-06-18 09:34:00,B,1070.3,1,7
2021-06-18 09:34:00,B,1070.25,1,7
2021-06-18 09:34:00,B,1070.2,1,7
2021-06-18 09:34:00,B,1070.1,1,7
2021-06-18 09:34:00,S,1071.0,1,5
2021-06-18 09:34:00,S,1071.45,1,4
2021-06-18 09:34:00,S,1071.5,1,5
2021-06-18 09:34:00,S,1071.8,1,28
2021-06-18 09:34:00,S,1071.9,1,2
2021-06-18 09:34:00,B,1070.35,1,4
2021-06-18 09:34:00,B,1070.3,1,7
2021-06-18 09:34:00,B,1070.25,1,7
2021-06-18 09:34:00,B,1070.2,1,7
2021-06-18 09:34:00,B,1070.1,1,7
2021-06-18 09:34:05,S,1071.0,1,5
2021-06-18 09:34:05,S,1071.45,1,4
2021-06-18 09:34:05,S,1071.5,1,5
2021-06-18 09:34:05,S,1071.8,1,28
2021-06-18 09:34:05,S,1071.9,1,2
2021-06-18 09:34:05,B,1070.35,1,4
2021-06-18 09:34:05,B,1070.3,1,7
2021-06-18 09:34:05,B,1070.25,1,7
2021-06-18 09:34:05,B,1070.2,1,7
2021-06-18 09:34:05,B,1070.1,1,7
2021-06-18 09:34:05,S,1071.0,1,5
2021-06-18 09:34:05,S,1071.45,1,4
2021-06-18 09:34:05,S,1071.5,1,5
2021-06-18 09:34:05,S,1071.8,1,28
2021-06-18 09:34:05,S,1071.9,1,2
2021-06-18 09:34:05,B,1070.35,1,4
2021-06-18 09:34:05,B,1070.3,1,7
2021-06-18 09:34:05,B,1070.25,1,7
2021-06-18 09:34:05,B,1070.2,1,7
2021-06-18 09:34:05,B,1070.1,1,7
2021-06-18 09:34:07,S,1070.8,1,5
2021-06-18 09:34:07,S,1070.95,2,15
2021-06-18 09:34:07,S,1071.0,1,5
2021-06-18 09:34:07,S,1071.25,2,12
2021-06-18 09:34:07,S,1071.45,2,3
2021-06-18 09:34:07,B,1070.0,2,181
2021-06-18 09:34:07,B,1068.7,1,4
2021-06-18 09:34:07,B,1068.65,1,11
2021-06-18 09:34:07,B,1068.5,1,7
2021-06-18 09:34:07,B,1068.35,1,11
2021-06-18 09:34:07,S,1070.8,1,5
2021-06-18 09:34:07,S,1070.95,2,15
2021-06-18 09:34:07,S,1071.0,1,5
2021-06-18 09:34:07,S,1071.25,2,12
2021-06-18 09:34:07,S,1071.45,2,3
2021-06-18 09:34:07,B,1070.0,2,181
2021-06-18 09:34:07,B,1068.7,1,4
2021-06-18 09:34:07,B,1068.65,1,11
2021-06-18 09:34:07,B,1068.5,1,7
2021-06-18 09:34:07,B,1068.35,1,11
2021-06-18 09:34:07,S,1070.8,1,5
2021-06-18 09:34:07,S,1070.95,2,15
2021-06-18 09:34:07,S,1071.0,1,5
2021-06-18 09:34:07,S,1071.25,2,12
2021-06-18 09:34:07,S,1071.45,2,3
2021-06-18 09:34:07,B,1070.0,2,181
2021-06-18 09:34:07,B,1068.7,1,4
2021-06-18 09:34:07,B,1068.65,1,11
2021-06-18 09:34:07,B,1068.5,1,7
2021-06-18 09:34:07,B,1068.35,1,11
2021-06-18 09:34:07,S,1070.8,1,5
2021-06-18 09:34:07,S,1070.95,2,15
2021-06-18 09:34:07,S,1071.0,1,5
2021-06-18 09:34:07,S,1071.25,2,12
2021-06-18 09:34:07,S,1071.45,2,3
2021-06-18 09:34:07,B,1070.0,2,181
2021-06-18 09:34:07,B,1068.7,1,4
2021-06-18 09:34:07,B,1068.65,1,11
2021-06-18 09:34:07,B,1068.5,1,7
2021-06-18 09:34:07,B,1068.35,1,11
2021-06-18 09:34:10,S,1069.6,2,8
2021-06-18 09:34:10,S,1069.65,1,5
2021-06-18 09:34:10,S,1070.0,1,2
2021-06-18 09:34:10,S,1070.5,2,2
2021-06-18 09:34:10,S,1070.55,1,1
2021-06-18 09:34:10,B,1067.9,1,1
2021-06-18 09:34:10,B,1067.85,3,16
2021-06-18 09:34:10,B,1067.65,1,7
2021-06-18 09:34:10,B,1067.2,1,5
2021-06-18 09:34:10,B,1066.95,2,2
2021-06-18 09:34:10,S,1069.6,2,8
2021-06-18 09:34:10,S,1069.65,1,5
2021-06-18 09:34:10,S,1070.0,1,2
2021-06-18 09:34:10,S,1070.5,2,2
2021-06-18 09:34:10,S,1070.55,1,1
2021-06-18 09:34:10,B,1067.9,1,1
2021-06-18 09:34:10,B,1067.85,3,16
2021-06-18 09:34:10,B,1067.65,1,7
2021-06-18 09:34:10,B,1067.2,1,5
2021-06-18 09:34:10,B,1066.95,2,2
2021-06-18 09:34:13,S,1068.4,1,4
2021-06-18 09:34:13,S,1068.55,1,4
2021-06-18 09:34:13,S,1068.6,1,5
2021-06-18 09:34:13,S,1069.35,1,3
2021-06-18 09:34:13,S,1070.0,5,10
2021-06-18 09:34:13,B,1066.95,1,5
2021-06-18 09:34:13,B,1066.9,2,10
2021-06-18 09:34:13,B,1066.85,1,25
2021-06-18 09:34:13,B,1066.3,1,7
2021-06-18 09:34:13,B,1066.0,1,6
2021-06-18 09:34:13,S,1068.4,1,4
2021-06-18 09:34:13,S,1068.55,1,4
2021-06-18 09:34:13,S,1068.6,1,5
2021-06-18 09:34:13,S,1069.35,1,3
2021-06-18 09:34:13,S,1070.0,5,10
2021-06-18 09:34:13,B,1066.95,1,5
2021-06-18 09:34:13,B,1066.9,2,10
2021-06-18 09:34:13,B,1066.85,1,25
2021-06-18 09:34:13,B,1066.3,1,7
2021-06-18 09:34:13,B,1066.0,1,6
2021-06-18 09:34:16,S,1068.4,1,4
2021-06-18 09:34:16,S,1068.55,1,4
2021-06-18 09:34:16,S,1068.6,1,5
2021-06-18 09:34:16,S,1069.35,1,3
2021-06-18 09:34:16,S,1070.0,5,10
2021-06-18 09:34:16,B,1066.95,1,5
2021-06-18 09:34:16,B,1066.9,2,10
2021-06-18 09:34:16,B,1066.85,1,25
2021-06-18 09:34:16,B,1066.3,1,7
2021-06-18 09:34:16,B,1066.0,1,6
2021-06-18 09:34:16,S,1068.4,1,4
2021-06-18 09:34:16,S,1068.55,1,4
2021-06-18 09:34:16,S,1068.6,1,5
2021-06-18 09:34:16,S,1069.35,1,3
2021-06-18 09:34:16,S,1070.0,5,10
2021-06-18 09:34:16,B,1066.95,1,5
2021-06-18 09:34:16,B,1066.9,2,10
2021-06-18 09:34:16,B,1066.85,1,25
2021-06-18 09:34:16,B,1066.3,1,7
2021-06-18 09:34:16,B,1066.0,1,6
2021-06-18 09:34:16,S,1069.95,1,4
2021-06-18 09:34:16,S,1070.0,2,7
2021-06-18 09:34:16,S,1070.3,1,3
2021-06-18 09:34:16,S,1070.85,1,3
2021-06-18 09:34:16,S,1070.9,2,2
2021-06-18 09:34:16,B,1068.35,1,4
2021-06-18 09:34:16,B,1068.3,1,5
2021-06-18 09:34:16,B,1067.4,1,3
2021-06-18 09:34:16,B,1067.2,1,2
2021-06-18 09:34:16,B,1067.1,2,2
2021-06-18 09:34:16,S,1069.95,1,4
2021-06-18 09:34:16,S,1070.0,2,7
2021-06-18 09:34:16,S,1070.3,1,3
2021-06-18 09:34:16,S,1070.85,1,3
2021-06-18 09:34:16,S,1070.9,2,2
2021-06-18 09:34:16,B,1068.35,1,4
2021-06-18 09:34:16,B,1068.3,1,5
2021-06-18 09:34:16,B,1067.4,1,3
2021-06-18 09:34:16,B,1067.2,1,2
2021-06-18 09:34:16,B,1067.1,2,2
2021-06-18 09:34:20,S,1069.95,1,4
2021-06-18 09:34:20,S,1070.0,2,7
2021-06-18 09:34:20,S,1070.3,1,3
2021-06-18 09:34:20,S,1070.85,1,3
2021-06-18 09:34:20,S,1070.95,1,6
2021-06-18 09:34:20,B,1068.45,1,4
2021-06-18 09:34:20,B,1068.4,1,5
2021-06-18 09:34:20,B,1067.85,1,4
2021-06-18 09:34:20,B,1067.75,1,13
2021-06-18 09:34:20,B,1067.45,1,13
2021-06-18 09:34:20,S,1069.95,1,4
2021-06-18 09:34:20,S,1070.0,2,7
2021-06-18 09:34:20,S,1070.3,1,3
2021-06-18 09:34:20,S,1070.85,1,3
2021-06-18 09:34:20,S,1070.95,1,6
2021-06-18 09:34:20,B,1068.45,1,4
2021-06-18 09:34:20,B,1068.4,1,5
2021-06-18 09:34:20,B,1067.85,1,4
2021-06-18 09:34:20,B,1067.75,1,13
2021-06-18 09:34:20,B,1067.45,1,13
2021-06-18 09:34:22,S,1069.95,1,4
2021-06-18 09:34:22,S,1070.0,2,7
2021-06-18 09:34:22,S,1070.3,1,3
2021-06-18 09:34:22,S,1070.85,1,3
2021-06-18 09:34:22,S,1070.95,1,6
2021-06-18 09:34:22,B,1068.45,1,4
2021-06-18 09:34:22,B,1068.4,1,5
2021-06-18 09:34:22,B,1067.85,1,4
2021-06-18 09:34:22,B,1067.75,1,13
2021-06-18 09:34:22,B,1067.45,1,13
2021-06-18 09:34:22,S,1069.95,1,4
2021-06-18 09:34:22,S,1070.0,2,7
2021-06-18 09:34:22,S,1070.3,1,3
2021-06-18 09:34:22,S,1070.85,1,3
2021-06-18 09:34:22,S,1070.95,1,6
2021-06-18 09:34:22,B,1068.45,1,4
2021-06-18 09:34:22,B,1068.4,1,5
2021-06-18 09:34:22,B,1067.85,1,4
2021-06-18 09:34:22,B,1067.75,1,13
2021-06-18 09:34:22,B,1067.45,1,13
2021-06-18 09:34:24,S,1071.95,1,10
2021-06-18 09:34:24,S,1072.0,3,85
2021-06-18 09:34:24,S,1072.4,1,32
2021-06-18 09:34:24,S,1072.6,2,2
2021-06-18 09:34:24,S,1072.65,2,13
2021-06-18 09:34:24,B,1069.25,1,4
2021-06-18 09:34:24,B,1069.2,1,3
2021-06-18 09:34:24,B,1068.65,2,2
2021-06-18 09:34:24,B,1068.4,1,5
2021-06-18 09:34:24,B,1067.85,1,2
2021-06-18 09:34:24,S,1071.95,1,10
2021-06-18 09:34:24,S,1072.0,3,85
2021-06-18 09:34:24,S,1072.4,1,32
2021-06-18 09:34:24,S,1072.6,2,2
2021-06-18 09:34:24,S,1072.65,2,13
2021-06-18 09:34:24,B,1069.25,1,4
2021-06-18 09:34:24,B,1069.2,1,3
2021-06-18 09:34:24,B,1068.65,2,2
2021-06-18 09:34:24,B,1068.4,1,5
2021-06-18 09:34:24,B,1067.85,1,2
2021-06-18 09:34:27,S,1071.15,2,6
2021-06-18 09:34:27,S,1071.45,1,16
2021-06-18 09:34:27,S,1071.5,2,3
2021-06-18 09:34:27,S,1072.0,3,85
2021-06-18 09:34:27,S,1072.35,2,4
2021-06-18 09:34:27,B,1069.25,1,4
2021-06-18 09:34:27,B,1069.2,1,5
2021-06-18 09:34:27,B,1068.65,2,2
2021-06-18 09:34:27,B,1068.4,1,2
2021-06-18 09:34:27,B,1068.35,1,10
2021-06-18 09:34:27,S,1071.15,2,6
2021-06-18 09:34:27,S,1071.45,1,16
2021-06-18 09:34:27,S,1071.5,2,3
2021-06-18 09:34:27,S,1072.0,3,85
2021-06-18 09:34:27,S,1072.35,2,4
2021-06-18 09:34:27,B,1069.25,1,4
2021-06-18 09:34:27,B,1069.2,1,5
2021-06-18 09:34:27,B,1068.65,2,2
2021-06-18 09:34:27,B,1068.4,1,2
2021-06-18 09:34:27,B,1068.35,1,10
2021-06-18 09:34:28,S,1071.15,2,6
2021-06-18 09:34:28,S,1071.45,1,16
2021-06-18 09:34:28,S,1071.5,2,3
2021-06-18 09:34:28,S,1072.0,3,85
2021-06-18 09:34:28,S,1072.35,2,4
2021-06-18 09:34:28,B,1069.25,1,4
2021-06-18 09:34:28,B,1069.2,1,5
2021-06-18 09:34:28,B,1068.65,2,2
2021-06-18 09:34:28,B,1068.4,1,2
2021-06-18 09:34:28,B,1068.35,1,10
2021-06-18 09:34:28,S,1071.15,2,6
2021-06-18 09:34:28,S,1071.45,1,16
2021-06-18 09:34:28,S,1071.5,2,3
2021-06-18 09:34:28,S,1072.0,3,85
2021-06-18 09:34:28,S,1072.35,2,4
2021-06-18 09:34:28,B,1069.25,1,4
2021-06-18 09:34:28,B,1069.2,1,5
2021-06-18 09:34:28,B,1068.65,2,2
2021-06-18 09:34:28,B,1068.4,1,2
2021-06-18 09:34:28,B,1068.35,1,10
2021-06-18 09:34:30,S,1072.0,3,85
2021-06-18 09:34:30,S,1072.4,1,32
2021-06-18 09:34:30,S,1072.85,1,3
2021-06-18 09:34:30,S,1073.4,1,3
2021-06-18 09:34:30,S,1073.45,2,4
2021-06-18 09:34:30,B,1070.3,1,4
2021-06-18 09:34:30,B,1070.25,1,3
2021-06-18 09:34:30,B,1070.2,3,6
2021-06-18 09:34:30,B,1070.15,1,7
2021-06-18 09:34:30,B,1070.1,2,3
2021-06-18 09:34:30,S,1072.0,3,85
2021-06-18 09:34:30,S,1072.4,1,32
2021-06-18 09:34:30,S,1072.85,1,3
2021-06-18 09:34:30,S,1073.4,1,3
2021-06-18 09:34:30,S,1073.45,2,4
2021-06-18 09:34:30,B,1070.3,1,4
2021-06-18 09:34:30,B,1070.25,1,3
2021-06-18 09:34:30,B,1070.2,3,6
2021-06-18 09:34:30,B,1070.15,1,7
2021-06-18 09:34:30,B,1070.1,2,3
2021-06-18 09:34:34,S,1072.0,3,85
2021-06-18 09:34:34,S,1072.4,2,33
2021-06-18 09:34:34,S,1072.85,1,3
2021-06-18 09:34:34,S,1073.05,1,10
2021-06-18 09:34:34,S,1073.3,2,4
2021-06-18 09:34:34,B,1070.3,1,4
2021-06-18 09:34:34,B,1070.25,1,3
2021-06-18 09:34:34,B,1070.2,3,6
2021-06-18 09:34:34,B,1070.15,1,7
2021-06-18 09:34:34,B,1070.1,1,1
2021-06-18 09:34:34,S,1072.0,3,85
2021-06-18 09:34:34,S,1072.4,2,33
2021-06-18 09:34:34,S,1072.85,1,3
2021-06-18 09:34:34,S,1073.05,1,10
2021-06-18 09:34:34,S,1073.3,2,4
2021-06-18 09:34:34,B,1070.3,1,4
2021-06-18 09:34:34,B,1070.25,1,3
2021-06-18 09:34:34,B,1070.2,3,6
2021-06-18 09:34:34,B,1070.15,1,7
2021-06-18 09:34:34,B,1070.1,1,1
2021-06-18 09:34:37,S,1072.0,3,85
2021-06-18 09:34:37,S,1072.4,2,33
2021-06-18 09:34:37,S,1072.85,1,3
2021-06-18 09:34:37,S,1073.05,1,10
2021-06-18 09:34:37,S,1073.35,3,17
2021-06-18 09:34:37,B,1070.65,1,4
2021-06-18 09:34:37,B,1070.6,1,5
2021-06-18 09:34:37,B,1070.25,3,15
2021-06-18 09:34:37,B,1070.2,4,13
2021-06-18 09:34:37,B,1070.15,1,7
2021-06-18 09:34:37,S,1072.0,3,85
2021-06-18 09:34:37,S,1072.4,2,33
2021-06-18 09:34:37,S,1072.85,1,3
2021-06-18 09:34:37,S,1073.05,1,10
2021-06-18 09:34:37,S,1073.35,3,17
2021-06-18 09:34:37,B,1070.65,1,4
2021-06-18 09:34:37,B,1070.6,1,5
2021-06-18 09:34:37,B,1070.25,3,15
2021-06-18 09:34:37,B,1070.2,4,13
2021-06-18 09:34:37,B,1070.15,1,7
2021-06-18 09:34:40,S,1072.0,3,85
2021-06-18 09:34:40,S,1072.3,2,6
2021-06-18 09:34:40,S,1072.4,2,33
2021-06-18 09:34:40,S,1072.85,1,3
2021-06-18 09:34:40,S,1073.0,1,30
2021-06-18 09:34:40,B,1070.65,1,4
2021-06-18 09:34:40,B,1070.6,1,5
2021-06-18 09:34:40,B,1070.25,3,15
2021-06-18 09:34:40,B,1070.2,4,13
2021-06-18 09:34:40,B,1070.15,1,7
2021-06-18 09:34:40,S,1072.0,3,85
2021-06-18 09:34:40,S,1072.3,2,6
2021-06-18 09:34:40,S,1072.4,2,33
2021-06-18 09:34:40,S,1072.85,1,3
2021-06-18 09:34:40,S,1073.0,1,30
2021-06-18 09:34:40,B,1070.65,1,4
2021-06-18 09:34:40,B,1070.6,1,5
2021-06-18 09:34:40,B,1070.25,3,15
2021-06-18 09:34:40,B,1070.2,4,13
2021-06-18 09:34:40,B,1070.15,1,7
2021-06-18 09:34:44,S,1072.0,3,85
2021-06-18 09:34:44,S,1072.3,2,6
2021-06-18 09:34:44,S,1072.4,2,33
2021-06-18 09:34:44,S,1072.85,1,3
2021-06-18 09:34:44,S,1073.0,1,30
2021-06-18 09:34:44,B,1070.4,1,4
2021-06-18 09:34:44,B,1070.35,1,5
2021-06-18 09:34:44,B,1070.25,1,3
2021-06-18 09:34:44,B,1070.2,3,6
2021-06-18 09:34:44,B,1070.15,1,7
2021-06-18 09:34:44,S,1072.0,3,85
2021-06-18 09:34:44,S,1072.3,2,6
2021-06-18 09:34:44,S,1072.4,2,33
2021-06-18 09:34:44,S,1072.85,1,3
2021-06-18 09:34:44,S,1073.0,1,30
2021-06-18 09:34:44,B,1070.4,1,4
2021-06-18 09:34:44,B,1070.35,1,5
2021-06-18 09:34:44,B,1070.25,1,3
2021-06-18 09:34:44,B,1070.2,3,6
2021-06-18 09:34:44,B,1070.15,1,7
2021-06-18 09:34:46,S,1072.0,3,85
2021-06-18 09:34:46,S,1072.3,2,6
2021-06-18 09:34:46,S,1072.4,2,33
2021-06-18 09:34:46,S,1072.85,1,3
2021-06-18 09:34:46,S,1073.0,1,30
2021-06-18 09:34:46,B,1070.4,1,4
2021-06-18 09:34:46,B,1070.35,1,5
2021-06-18 09:34:46,B,1070.25,1,3
2021-06-18 09:34:46,B,1070.2,3,6
2021-06-18 09:34:46,B,1070.15,1,7
2021-06-18 09:34:46,S,1072.0,3,85
2021-06-18 09:34:46,S,1072.3,2,6
2021-06-18 09:34:46,S,1072.4,2,33
2021-06-18 09:34:46,S,1072.85,1,3
2021-06-18 09:34:46,S,1073.0,1,30
2021-06-18 09:34:46,B,1070.4,1,4
2021-06-18 09:34:46,B,1070.35,1,5
2021-06-18 09:34:46,B,1070.25,1,3
2021-06-18 09:34:46,B,1070.2,3,6
2021-06-18 09:34:46,B,1070.15,1,7
2021-06-18 09:34:48,S,1072.0,1,10
2021-06-18 09:34:48,S,1072.3,1,1
2021-06-18 09:34:48,S,1072.35,1,5
2021-06-18 09:34:48,S,1072.4,2,33
2021-06-18 09:34:48,S,1073.0,1,30
2021-06-18 09:34:48,B,1070.8,1,4
2021-06-18 09:34:48,B,1070.75,1,5
2021-06-18 09:34:48,B,1070.55,2,2
2021-06-18 09:34:48,B,1070.45,1,3
2021-06-18 09:34:48,B,1070.2,1,4
2021-06-18 09:34:48,S,1072.0,1,10
2021-06-18 09:34:48,S,1072.3,1,1
2021-06-18 09:34:48,S,1072.35,1,5
2021-06-18 09:34:48,S,1072.4,2,33
2021-06-18 09:34:48,S,1073.0,1,30
2021-06-18 09:34:48,B,1070.8,1,4
2021-06-18 09:34:48,B,1070.75,1,5
2021-06-18 09:34:48,B,1070.55,2,2
2021-06-18 09:34:48,B,1070.45,1,3
2021-06-18 09:34:48,B,1070.2,1,4
2021-06-18 09:34:51,S,1072.0,1,10
2021-06-18 09:34:51,S,1072.4,2,33
2021-06-18 09:34:51,S,1072.65,1,3
2021-06-18 09:34:51,S,1073.0,1,30
2021-06-18 09:34:51,S,1073.2,1,3
2021-06-18 09:34:51,B,1070.9,1,4
2021-06-18 09:34:51,B,1070.85,1,5
2021-06-18 09:34:51,B,1070.55,2,2
2021-06-18 09:34:51,B,1070.45,1,3
2021-06-18 09:34:51,B,1070.2,1,4
2021-06-18 09:34:51,S,1072.0,1,10
2021-06-18 09:34:51,S,1072.4,2,33
2021-06-18 09:34:51,S,1072.65,1,3
2021-06-18 09:34:51,S,1073.0,1,30
2021-06-18 09:34:51,S,1073.2,1,3
2021-06-18 09:34:51,B,1070.9,1,4
2021-06-18 09:34:51,B,1070.85,1,5
2021-06-18 09:34:51,B,1070.55,2,2
2021-06-18 09:34:51,B,1070.45,1,3
2021-06-18 09:34:51,B,1070.2,1,4
2021-06-18 09:34:54,S,1072.0,1,10
2021-06-18 09:34:54,S,1072.4,2,33
2021-06-18 09:34:54,S,1072.45,2,6
2021-06-18 09:34:54,S,1072.65,1,3
2021-06-18 09:34:54,S,1073.0,1,30
2021-06-18 09:34:54,B,1070.9,1,4
2021-06-18 09:34:54,B,1070.85,1,5
2021-06-18 09:34:54,B,1070.55,2,2
2021-06-18 09:34:54,B,1070.45,1,3
2021-06-18 09:34:54,B,1070.2,1,4
2021-06-18 09:34:54,S,1072.0,1,10
2021-06-18 09:34:54,S,1072.4,2,33
2021-06-18 09:34:54,S,1072.45,2,6
2021-06-18 09:34:54,S,1072.65,1,3
2021-06-18 09:34:54,S,1073.0,1,30
2021-06-18 09:34:54,B,1070.9,1,4
2021-06-18 09:34:54,B,1070.85,1,5
2021-06-18 09:34:54,B,1070.55,2,2
2021-06-18 09:34:54,B,1070.45,1,3
2021-06-18 09:34:54,B,1070.2,1,4
2021-06-18 09:35:04,S,1072.0,2,11
2021-06-18 09:35:04,S,1072.4,2,33
2021-06-18 09:35:04,S,1072.45,2,6
2021-06-18 09:35:04,S,1072.65,1,3
2021-06-18 09:35:04,S,1073.0,1,30
2021-06-18 09:35:04,B,1070.6,1,4
2021-06-18 09:35:04,B,1070.55,2,2
2021-06-18 09:35:04,B,1070.45,1,5
2021-06-18 09:35:04,B,1070.2,1,4
2021-06-18 09:35:04,B,1070.15,1,7
2021-06-18 09:35:04,S,1072.0,2,11
2021-06-18 09:35:04,S,1072.4,2,33
2021-06-18 09:35:04,S,1072.45,2,6
2021-06-18 09:35:04,S,1072.65,1,3
2021-06-18 09:35:04,S,1073.0,1,30
2021-06-18 09:35:04,B,1070.6,1,4
2021-06-18 09:35:04,B,1070.55,2,2
2021-06-18 09:35:04,B,1070.45,1,5
2021-06-18 09:35:04,B,1070.2,1,4
2021-06-18 09:35:04,B,1070.15,1,7
2021-06-18 09:35:06,S,1072.0,2,11
2021-06-18 09:35:06,S,1072.4,2,33
2021-06-18 09:35:06,S,1072.45,2,6
2021-06-18 09:35:06,S,1072.65,1,3
2021-06-18 09:35:06,S,1073.0,1,30
2021-06-18 09:35:06,B,1070.6,1,4
2021-06-18 09:35:06,B,1070.55,2,2
2021-06-18 09:35:06,B,1070.45,1,5
2021-06-18 09:35:06,B,1070.2,1,4
2021-06-18 09:35:06,B,1070.15,1,7
2021-06-18 09:35:06,S,1072.0,2,11
2021-06-18 09:35:06,S,1072.4,2,33
2021-06-18 09:35:06,S,1072.45,2,6
2021-06-18 09:35:06,S,1072.65,1,3
2021-06-18 09:35:06,S,1073.0,1,30
2021-06-18 09:35:06,B,1070.6,1,4
2021-06-18 09:35:06,B,1070.55,2,2
2021-06-18 09:35:06,B,1070.45,1,5
2021-06-18 09:35:06,B,1070.2,1,4
2021-06-18 09:35:06,B,1070.15,1,7
2021-06-18 09:35:07,S,1071.95,1,5
2021-06-18 09:35:07,S,1072.0,2,11
2021-06-18 09:35:07,S,1072.4,2,33
2021-06-18 09:35:07,S,1072.6,1,3
2021-06-18 09:35:07,S,1073.0,1,30
2021-06-18 09:35:07,B,1070.7,1,4
2021-06-18 09:35:07,B,1070.65,2,2
2021-06-18 09:35:07,B,1070.35,1,5
2021-06-18 09:35:07,B,1070.2,1,4
2021-06-18 09:35:07,B,1070.15,1,7
2021-06-18 09:35:07,S,1071.95,1,5
2021-06-18 09:35:07,S,1072.0,2,11
2021-06-18 09:35:07,S,1072.4,2,33
2021-06-18 09:35:07,S,1072.6,1,3
2021-06-18 09:35:07,S,1073.0,1,30
2021-06-18 09:35:07,B,1070.7,1,4
2021-06-18 09:35:07,B,1070.65,2,2
2021-06-18 09:35:07,B,1070.35,1,5
2021-06-18 09:35:07,B,1070.2,1,4
2021-06-18 09:35:07,B,1070.15,1,7
2021-06-18 09:35:08,S,1071.95,1,5
2021-06-18 09:35:08,S,1072.0,2,11
2021-06-18 09:35:08,S,1072.4,2,33
2021-06-18 09:35:08,S,1072.6,1,3
2021-06-18 09:35:08,S,1073.0,1,30
2021-06-18 09:35:08,B,1070.7,1,4
2021-06-18 09:35:08,B,1070.65,2,2
2021-06-18 09:35:08,B,1070.35,1,5
2021-06-18 09:35:08,B,1070.2,1,4
2021-06-18 09:35:08,B,1070.15,1,7
2021-06-18 09:35:08,S,1071.95,1,5
2021-06-18 09:35:08,S,1072.0,2,11
2021-06-18 09:35:08,S,1072.4,2,33
2021-06-18 09:35:08,S,1072.6,1,3
2021-06-18 09:35:08,S,1073.0,1,30
2021-06-18 09:35:08,B,1070.7,1,4
2021-06-18 09:35:08,B,1070.65,2,2
2021-06-18 09:35:08,B,1070.35,1,5
2021-06-18 09:35:08,B,1070.2,1,4
2021-06-18 09:35:08,B,1070.15,1,7
2021-06-18 09:35:11,S,1071.95,1,5
2021-06-18 09:35:11,S,1072.0,2,11
2021-06-18 09:35:11,S,1072.4,2,33
2021-06-18 09:35:11,S,1073.0,1,30
2021-06-18 09:35:11,S,1073.05,1,10
2021-06-18 09:35:11,B,1070.7,1,3
2021-06-18 09:35:11,B,1070.65,2,2
2021-06-18 09:35:11,B,1070.2,2,9
2021-06-18 09:35:11,B,1070.15,1,7
2021-06-18 09:35:11,B,1070.1,1,1
2021-06-18 09:35:11,S,1071.95,1,5
2021-06-18 09:35:11,S,1072.0,2,11
2021-06-18 09:35:11,S,1072.4,2,33
2021-06-18 09:35:11,S,1073.0,1,30
2021-06-18 09:35:11,S,1073.05,1,10
2021-06-18 09:35:11,B,1070.7,1,3
2021-06-18 09:35:11,B,1070.65,2,2
2021-06-18 09:35:11,B,1070.2,2,9
2021-06-18 09:35:11,B,1070.15,1,7
2021-06-18 09:35:11,B,1070.1,1,1
2021-06-18 09:35:15,S,1071.95,1,5
2021-06-18 09:35:15,S,1072.0,2,11
2021-06-18 09:35:15,S,1072.15,2,4
2021-06-18 09:35:15,S,1072.4,2,33
2021-06-18 09:35:15,S,1072.45,1,12
2021-06-18 09:35:15,B,1070.3,1,3
2021-06-18 09:35:15,B,1070.25,2,2
2021-06-18 09:35:15,B,1070.2,1,4
2021-06-18 09:35:15,B,1070.15,1,7
2021-06-18 09:35:15,B,1070.1,1,1
2021-06-18 09:35:15,S,1071.95,1,5
2021-06-18 09:35:15,S,1072.0,2,11
2021-06-18 09:35:15,S,1072.15,2,4
2021-06-18 09:35:15,S,1072.4,2,33
2021-06-18 09:35:15,S,1072.45,1,12
2021-06-18 09:35:15,B,1070.3,1,3
2021-06-18 09:35:15,B,1070.25,2,2
2021-06-18 09:35:15,B,1070.2,1,4
2021-06-18 09:35:15,B,1070.15,1,7
2021-06-18 09:35:15,B,1070.1,1,1
2021-06-18 09:35:18,S,1072.0,2,11
2021-06-18 09:35:18,S,1072.4,2,33
2021-06-18 09:35:18,S,1072.95,1,1
2021-06-18 09:35:18,S,1073.0,1,30
2021-06-18 09:35:18,S,1073.35,2,13
2021-06-18 09:35:18,B,1069.8,1,3
2021-06-18 09:35:18,B,1069.75,3,8
2021-06-18 09:35:18,B,1069.6,1,4
2021-06-18 09:35:18,B,1069.1,1,2
2021-06-18 09:35:18,B,1069.05,1,4
2021-06-18 09:35:18,S,1072.0,2,11
2021-06-18 09:35:18,S,1072.4,2,33
2021-06-18 09:35:18,S,1072.95,1,1
2021-06-18 09:35:18,S,1073.0,1,30
2021-06-18 09:35:18,S,1073.35,2,13
2021-06-18 09:35:18,B,1069.8,1,3
2021-06-18 09:35:18,B,1069.75,3,8
2021-06-18 09:35:18,B,1069.6,1,4
2021-06-18 09:35:18,B,1069.1,1,2
2021-06-18 09:35:18,B,1069.05,1,4
2021-06-18 09:35:22,S,1072.0,2,11
2021-06-18 09:35:22,S,1072.1,1,7
2021-06-18 09:35:22,S,1072.15,2,4
2021-06-18 09:35:22,S,1072.35,1,1
2021-06-18 09:35:22,S,1072.4,2,33
2021-06-18 09:35:22,B,1070.2,1,3
2021-06-18 09:35:22,B,1070.15,1,4
2021-06-18 09:35:22,B,1069.75,2,2
2021-06-18 09:35:22,B,1069.65,1,2
2021-06-18 09:35:22,B,1069.6,1,4
2021-06-18 09:35:22,S,1072.0,2,11
2021-06-18 09:35:22,S,1072.1,1,7
2021-06-18 09:35:22,S,1072.15,2,4
2021-06-18 09:35:22,S,1072.35,1,1
2021-06-18 09:35:22,S,1072.4,2,33
2021-06-18 09:35:22,B,1070.2,1,3
2021-06-18 09:35:22,B,1070.15,1,4
2021-06-18 09:35:22,B,1069.75,2,2
2021-06-18 09:35:22,B,1069.65,1,2
2021-06-18 09:35:22,B,1069.6,1,4
2021-06-18 09:35:25,S,1072.0,2,11
2021-06-18 09:35:25,S,1072.1,2,8
2021-06-18 09:35:25,S,1072.15,2,4
2021-06-18 09:35:25,S,1072.4,2,33
2021-06-18 09:35:25,S,1072.7,1,3
2021-06-18 09:35:25,B,1070.2,1,3
2021-06-18 09:35:25,B,1070.15,1,4
2021-06-18 09:35:25,B,1069.75,2,2
2021-06-18 09:35:25,B,1069.65,1,2
2021-06-18 09:35:25,B,1069.6,1,4
2021-06-18 09:35:25,S,1072.0,2,11
2021-06-18 09:35:25,S,1072.1,2,8
2021-06-18 09:35:25,S,1072.15,2,4
2021-06-18 09:35:25,S,1072.4,2,33
2021-06-18 09:35:25,S,1072.7,1,3
2021-06-18 09:35:25,B,1070.2,1,3
2021-06-18 09:35:25,B,1070.15,1,4
2021-06-18 09:35:25,B,1069.75,2,2
2021-06-18 09:35:25,B,1069.65,1,2
2021-06-18 09:35:25,B,1069.6,1,4
2021-06-18 09:35:28,S,1072.0,2,11
2021-06-18 09:35:28,S,1072.1,2,8
2021-06-18 09:35:28,S,1072.15,2,4
2021-06-18 09:35:28,S,1072.4,2,33
2021-06-18 09:35:28,S,1072.7,1,3
2021-06-18 09:35:28,B,1070.2,1,3
2021-06-18 09:35:28,B,1070.15,1,4
2021-06-18 09:35:28,B,1070.05,1,5
2021-06-18 09:35:28,B,1069.75,2,2
2021-06-18 09:35:28,B,1069.65,1,2
2021-06-18 09:35:28,S,1072.0,2,11
2021-06-18 09:35:28,S,1072.1,2,8
2021-06-18 09:35:28,S,1072.15,2,4
2021-06-18 09:35:28,S,1072.4,2,33
2021-06-18 09:35:28,S,1072.7,1,3
2021-06-18 09:35:28,B,1070.2,1,3
2021-06-18 09:35:28,B,1070.15,1,4
2021-06-18 09:35:28,B,1070.05,1,5
2021-06-18 09:35:28,B,1069.75,2,2
2021-06-18 09:35:28,B,1069.65,1,2
2021-06-18 09:35:30,S,1072.0,2,11
2021-06-18 09:35:30,S,1072.1,2,8
2021-06-18 09:35:30,S,1072.15,2,4
2021-06-18 09:35:30,S,1072.4,2,33
2021-06-18 09:35:30,S,1072.7,1,3
2021-06-18 09:35:30,B,1070.2,1,3
2021-06-18 09:35:30,B,1070.15,1,4
2021-06-18 09:35:30,B,1070.05,1,5
2021-06-18 09:35:30,B,1069.75,2,2
2021-06-18 09:35:30,B,1069.65,1,2
2021-06-18 09:35:30,S,1072.0,2,11
2021-06-18 09:35:30,S,1072.1,2,8
2021-06-18 09:35:30,S,1072.15,2,4
2021-06-18 09:35:30,S,1072.4,2,33
2021-06-18 09:35:30,S,1072.7,1,3
2021-06-18 09:35:30,B,1070.2,1,3
2021-06-18 09:35:30,B,1070.15,1,4
2021-06-18 09:35:30,B,1070.05,1,5
2021-06-18 09:35:30,B,1069.75,2,2
2021-06-18 09:35:30,B,1069.65,1,2
2021-06-18 09:35:31,S,1071.95,1,5
2021-06-18 09:35:31,S,1072.0,2,11
2021-06-18 09:35:31,S,1072.1,1,1
2021-06-18 09:35:31,S,1072.15,1,1
2021-06-18 09:35:31,S,1072.4,2,33
2021-06-18 09:35:31,B,1070.2,1,3
2021-06-18 09:35:31,B,1070.15,1,4
2021-06-18 09:35:31,B,1070.05,1,5
2021-06-18 09:35:31,B,1069.75,2,2
2021-06-18 09:35:31,B,1069.65,1,2
2021-06-18 09:35:31,S,1071.95,1,5
2021-06-18 09:35:31,S,1072.0,2,11
2021-06-18 09:35:31,S,1072.1,1,1
2021-06-18 09:35:31,S,1072.15,1,1
2021-06-18 09:35:31,S,1072.4,2,33
2021-06-18 09:35:31,B,1070.2,1,3
2021-06-18 09:35:31,B,1070.15,1,4
2021-06-18 09:35:31,B,1070.05,1,5
2021-06-18 09:35:31,B,1069.75,2,2
2021-06-18 09:35:31,B,1069.65,1,2
2021-06-18 09:35:34,S,1072.95,1,1
2021-06-18 09:35:34,S,1073.0,1,30
2021-06-18 09:35:34,S,1073.5,2,13
2021-06-18 09:35:34,S,1074.3,2,4
2021-06-18 09:35:34,S,1074.35,2,13
2021-06-18 09:35:34,B,1070.85,2,17
2021-06-18 09:35:34,B,1070.8,2,2
2021-06-18 09:35:34,B,1070.7,1,5
2021-06-18 09:35:34,B,1070.15,1,4
2021-06-18 09:35:34,B,1069.65,1,5
2021-06-18 09:35:34,S,1072.95,1,1
2021-06-18 09:35:34,S,1073.0,1,30
2021-06-18 09:35:34,S,1073.5,2,13
2021-06-18 09:35:34,S,1074.3,2,4
2021-06-18 09:35:34,S,1074.35,2,13
2021-06-18 09:35:34,B,1070.85,2,17
2021-06-18 09:35:34,B,1070.8,2,2
2021-06-18 09:35:34,B,1070.7,1,5
2021-06-18 09:35:34,B,1070.15,1,4
2021-06-18 09:35:34,B,1069.65,1,5
2021-06-18 09:35:38,S,1073.0,1,30
2021-06-18 09:35:38,S,1073.3,2,28
2021-06-18 09:35:38,S,1073.45,2,4
2021-06-18 09:35:38,S,1073.5,2,7
2021-06-18 09:35:38,S,1073.9,2,2
2021-06-18 09:35:38,B,1070.95,2,17
2021-06-18 09:35:38,B,1070.9,1,5
2021-06-18 09:35:38,B,1070.75,1,4
2021-06-18 09:35:38,B,1070.5,2,12
2021-06-18 09:35:38,B,1070.3,2,2
2021-06-18 09:35:38,S,1073.0,1,30
2021-06-18 09:35:38,S,1073.3,2,28
2021-06-18 09:35:38,S,1073.45,2,4
2021-06-18 09:35:38,S,1073.5,2,7
2021-06-18 09:35:38,S,1073.9,2,2
2021-06-18 09:35:38,B,1070.95,2,17
2021-06-18 09:35:38,B,1070.9,1,5
2021-06-18 09:35:38,B,1070.75,1,4
2021-06-18 09:35:38,B,1070.5,2,12
2021-06-18 09:35:38,B,1070.3,2,2
2021-06-18 09:35:39,S,1073.0,1,30
2021-06-18 09:35:39,S,1073.3,2,28
2021-06-18 09:35:39,S,1073.45,2,4
2021-06-18 09:35:39,S,1073.5,2,7
2021-06-18 09:35:39,S,1073.9,2,2
2021-06-18 09:35:39,B,1070.95,2,17
2021-06-18 09:35:39,B,1070.9,1,5
2021-06-18 09:35:39,B,1070.75,1,4
2021-06-18 09:35:39,B,1070.5,2,12
2021-06-18 09:35:39,B,1070.3,2,2
2021-06-18 09:35:39,S,1073.0,1,30
2021-06-18 09:35:39,S,1073.3,2,28
2021-06-18 09:35:39,S,1073.45,2,4
2021-06-18 09:35:39,S,1073.5,2,7
2021-06-18 09:35:39,S,1073.9,2,2
2021-06-18 09:35:39,B,1070.95,2,17
2021-06-18 09:35:39,B,1070.9,1,5
2021-06-18 09:35:39,B,1070.75,1,4
2021-06-18 09:35:39,B,1070.5,2,12
2021-06-18 09:35:39,B,1070.3,2,2
2021-06-18 09:35:42,S,1074.2,1,27
2021-06-18 09:35:42,S,1074.25,2,2
2021-06-18 09:35:42,S,1074.3,1,1
2021-06-18 09:35:42,S,1074.35,2,7
2021-06-18 09:35:42,S,1074.6,1,3
2021-06-18 09:35:42,B,1071.1,1,3
2021-06-18 09:35:42,B,1071.05,2,2
2021-06-18 09:35:42,B,1070.75,1,4
2021-06-18 09:35:42,B,1070.45,1,11
2021-06-18 09:35:42,B,1070.2,3,19
2021-06-18 09:35:42,S,1074.2,1,27
2021-06-18 09:35:42,S,1074.25,2,2
2021-06-18 09:35:42,S,1074.3,1,1
2021-06-18 09:35:42,S,1074.35,2,7
2021-06-18 09:35:42,S,1074.6,1,3
2021-06-18 09:35:42,B,1071.1,1,3
2021-06-18 09:35:42,B,1071.05,2,2
2021-06-18 09:35:42,B,1070.75,1,4
2021-06-18 09:35:42,B,1070.45,1,11
2021-06-18 09:35:42,B,1070.2,3,19
2021-06-18 09:35:45,S,1074.2,1,27
2021-06-18 09:35:45,S,1074.25,2,2
2021-06-18 09:35:45,S,1074.35,2,7
2021-06-18 09:35:45,S,1074.6,1,3
2021-06-18 09:35:45,S,1074.65,1,3
2021-06-18 09:35:45,B,1071.45,1,3
2021-06-18 09:35:45,B,1071.4,2,9
2021-06-18 09:35:45,B,1071.05,2,2
2021-06-18 09:35:45,B,1070.75,1,4
2021-06-18 09:35:45,B,1070.5,1,7
2021-06-18 09:35:45,S,1074.2,1,27
2021-06-18 09:35:45,S,1074.25,2,2
2021-06-18 09:35:45,S,1074.35,2,7
2021-06-18 09:35:45,S,1074.6,1,3
2021-06-18 09:35:45,S,1074.65,1,3
2021-06-18 09:35:45,B,1071.45,1,3
2021-06-18 09:35:45,B,1071.4,2,9
2021-06-18 09:35:45,B,1071.05,2,2
2021-06-18 09:35:45,B,1070.75,1,4
2021-06-18 09:35:45,B,1070.5,1,7
2021-06-18 09:35:48,S,1074.2,1,27
2021-06-18 09:35:48,S,1074.25,2,2
2021-06-18 09:35:48,S,1074.35,2,7
2021-06-18 09:35:48,S,1074.6,1,3
2021-06-18 09:35:48,S,1074.65,1,3
2021-06-18 09:35:48,B,1071.45,1,3
2021-06-18 09:35:48,B,1071.4,2,9
2021-06-18 09:35:48,B,1071.05,2,2
2021-06-18 09:35:48,B,1070.75,1,4
2021-06-18 09:35:48,B,1070.5,1,7
2021-06-18 09:35:48,S,1074.2,1,27
2021-06-18 09:35:48,S,1074.25,2,2
2021-06-18 09:35:48,S,1074.35,2,7
2021-06-18 09:35:48,S,1074.6,1,3
2021-06-18 09:35:48,S,1074.65,1,3
2021-06-18 09:35:48,B,1071.45,1,3
2021-06-18 09:35:48,B,1071.4,2,9
2021-06-18 09:35:48,B,1071.05,2,2
2021-06-18 09:35:48,B,1070.75,1,4
2021-06-18 09:35:48,B,1070.5,1,7
2021-06-18 09:35:52,S,1074.2,1,27
2021-06-18 09:35:52,S,1074.25,2,2
2021-06-18 09:35:52,S,1074.35,2,7
2021-06-18 09:35:52,S,1074.6,1,3
2021-06-18 09:35:52,S,1074.65,1,3
2021-06-18 09:35:52,B,1071.45,1,3
2021-06-18 09:35:52,B,1071.4,2,9
2021-06-18 09:35:52,B,1071.05,2,2
2021-06-18 09:35:52,B,1070.75,1,4
2021-06-18 09:35:52,B,1070.5,1,7
2021-06-18 09:35:52,S,1074.2,1,27
2021-06-18 09:35:52,S,1074.25,2,2
2021-06-18 09:35:52,S,1074.35,2,7
2021-06-18 09:35:52,S,1074.6,1,3
2021-06-18 09:35:52,S,1074.65,1,3
2021-06-18 09:35:52,B,1071.45,1,3
2021-06-18 09:35:52,B,1071.4,2,9
2021-06-18 09:35:52,B,1071.05,2,2
2021-06-18 09:35:52,B,1070.75,1,4
2021-06-18 09:35:52,B,1070.5,1,7
2021-06-18 09:35:55,S,1074.3,1,3
2021-06-18 09:35:55,S,1074.35,1,6
2021-06-18 09:35:55,S,1074.55,2,2
2021-06-18 09:35:55,S,1074.65,2,6
2021-06-18 09:35:55,S,1075.0,4,276
2021-06-18 09:35:55,B,1071.45,3,5
2021-06-18 09:35:55,B,1071.4,2,9
2021-06-18 09:35:55,B,1070.75,1,4
2021-06-18 09:35:55,B,1070.5,1,7
2021-06-18 09:35:55,B,1070.45,1,11
2021-06-18 09:35:55,S,1074.3,1,3
2021-06-18 09:35:55,S,1074.35,1,6
2021-06-18 09:35:55,S,1074.55,2,2
2021-06-18 09:35:55,S,1074.65,2,6
2021-06-18 09:35:55,S,1075.0,4,276
2021-06-18 09:35:55,B,1071.45,3,5
2021-06-18 09:35:55,B,1071.4,2,9
2021-06-18 09:35:55,B,1070.75,1,4
2021-06-18 09:35:55,B,1070.5,1,7
2021-06-18 09:35:55,B,1070.45,1,11
2021-06-18 09:35:57,S,1074.3,1,3
2021-06-18 09:35:57,S,1074.35,1,6
2021-06-18 09:35:57,S,1074.55,2,2
2021-06-18 09:35:57,S,1074.65,2,6
2021-06-18 09:35:57,S,1075.0,4,276
2021-06-18 09:35:57,B,1071.45,3,5
2021-06-18 09:35:57,B,1071.4,2,9
2021-06-18 09:35:57,B,1070.75,1,4
2021-06-18 09:35:57,B,1070.5,1,7
2021-06-18 09:35:57,B,1070.45,1,11
2021-06-18 09:35:57,S,1074.3,1,3
2021-06-18 09:35:57,S,1074.35,1,6
2021-06-18 09:35:57,S,1074.55,2,2
2021-06-18 09:35:57,S,1074.65,2,6
2021-06-18 09:35:57,S,1075.0,4,276
2021-06-18 09:35:57,B,1071.45,3,5
2021-06-18 09:35:57,B,1071.4,2,9
2021-06-18 09:35:57,B,1070.75,1,4
2021-06-18 09:35:57,B,1070.5,1,7
2021-06-18 09:35:57,B,1070.45,1,11
2021-06-18 09:35:58,S,1074.8,1,27
2021-06-18 09:35:58,S,1074.85,2,2
2021-06-18 09:35:58,S,1074.95,1,5
2021-06-18 09:35:58,S,1075.0,2,208
2021-06-18 09:35:58,S,1075.2,2,106
2021-06-18 09:35:58,B,1071.7,1,3
2021-06-18 09:35:58,B,1071.65,2,2
2021-06-18 09:35:58,B,1071.4,2,9
2021-06-18 09:35:58,B,1071.3,1,5
2021-06-18 09:35:58,B,1071.0,1,5
2021-06-18 09:35:58,S,1074.8,1,27
2021-06-18 09:35:58,S,1074.85,2,2
2021-06-18 09:35:58,S,1074.95,1,5
2021-06-18 09:35:58,S,1075.0,2,208
2021-06-18 09:35:58,S,1075.2,2,106
2021-06-18 09:35:58,B,1071.7,1,3
2021-06-18 09:35:58,B,1071.65,2,2
2021-06-18 09:35:58,B,1071.4,2,9
2021-06-18 09:35:58,B,1071.3,1,5
2021-06-18 09:35:58,B,1071.0,1,5
2021-06-18 09:36:00,S,1074.8,1,27
2021-06-18 09:36:00,S,1074.85,2,2
2021-06-18 09:36:00,S,1074.95,1,5
2021-06-18 09:36:00,S,1075.0,2,208
2021-06-18 09:36:00,S,1075.2,2,106
2021-06-18 09:36:00,B,1071.7,1,3
2021-06-18 09:36:00,B,1071.65,2,2
2021-06-18 09:36:00,B,1071.4,2,9
2021-06-18 09:36:00,B,1071.3,1,5
2021-06-18 09:36:00,B,1071.0,1,5
2021-06-18 09:36:00,S,1074.8,1,27
2021-06-18 09:36:00,S,1074.85,2,2
2021-06-18 09:36:00,S,1074.95,1,5
2021-06-18 09:36:00,S,1075.0,2,208
2021-06-18 09:36:00,S,1075.2,2,106
2021-06-18 09:36:00,B,1071.7,1,3
2021-06-18 09:36:00,B,1071.65,2,2
2021-06-18 09:36:00,B,1071.4,2,9
2021-06-18 09:36:00,B,1071.3,1,5
2021-06-18 09:36:00,B,1071.0,1,5
2021-06-18 09:36:01,S,1075.95,1,1
2021-06-18 09:36:01,S,1076.0,3,17
2021-06-18 09:36:01,S,1076.85,2,2
2021-06-18 09:36:01,S,1076.9,1,4
2021-06-18 09:36:01,S,1077.5,1,1
2021-06-18 09:36:01,B,1074.25,2,5
2021-06-18 09:36:01,B,1074.2,2,4
2021-06-18 09:36:01,B,1074.15,1,6
2021-06-18 09:36:01,B,1074.1,1,23
2021-06-18 09:36:01,B,1073.6,1,4
2021-06-18 09:36:01,S,1075.95,1,1
2021-06-18 09:36:01,S,1076.0,3,17
2021-06-18 09:36:01,S,1076.85,2,2
2021-06-18 09:36:01,S,1076.9,1,4
2021-06-18 09:36:01,S,1077.5,1,1
2021-06-18 09:36:01,B,1074.25,2,5
2021-06-18 09:36:01,B,1074.2,2,4
2021-06-18 09:36:01,B,1074.15,1,6
2021-06-18 09:36:01,B,1074.1,1,23
2021-06-18 09:36:01,B,1073.6,1,4
2021-06-18 09:36:04,S,1075.95,1,1
2021-06-18 09:36:04,S,1076.0,3,17
2021-06-18 09:36:04,S,1076.75,1,5
2021-06-18 09:36:04,S,1077.2,1,3
2021-06-18 09:36:04,S,1077.5,1,1
2021-06-18 09:36:04,B,1075.0,1,3
2021-06-18 09:36:04,B,1074.95,1,5
2021-06-18 09:36:04,B,1074.35,1,2
2021-06-18 09:36:04,B,1074.3,2,12
2021-06-18 09:36:04,B,1074.25,1,23
2021-06-18 09:36:04,S,1075.95,1,1
2021-06-18 09:36:04,S,1076.0,3,17
2021-06-18 09:36:04,S,1076.75,1,5
2021-06-18 09:36:04,S,1077.2,1,3
2021-06-18 09:36:04,S,1077.5,1,1
2021-06-18 09:36:04,B,1075.0,1,3
2021-06-18 09:36:04,B,1074.95,1,5
2021-06-18 09:36:04,B,1074.35,1,2
2021-06-18 09:36:04,B,1074.3,2,12
2021-06-18 09:36:04,B,1074.25,1,23
2021-06-18 09:36:04,S,1075.95,1,1
2021-06-18 09:36:04,S,1076.0,3,17
2021-06-18 09:36:04,S,1076.75,1,5
2021-06-18 09:36:04,S,1077.2,1,3
2021-06-18 09:36:04,S,1077.5,1,1
2021-06-18 09:36:04,B,1075.0,1,3
2021-06-18 09:36:04,B,1074.95,1,5
2021-06-18 09:36:04,B,1074.35,1,2
2021-06-18 09:36:04,B,1074.3,2,12
2021-06-18 09:36:04,B,1074.25,1,23
2021-06-18 09:36:04,S,1075.95,1,1
2021-06-18 09:36:04,S,1076.0,3,17
2021-06-18 09:36:04,S,1076.75,1,5
2021-06-18 09:36:04,S,1077.2,1,3
2021-06-18 09:36:04,S,1077.5,1,1
2021-06-18 09:36:04,B,1075.0,1,3
2021-06-18 09:36:04,B,1074.95,1,5
2021-06-18 09:36:04,B,1074.35,1,2
2021-06-18 09:36:04,B,1074.3,2,12
2021-06-18 09:36:04,B,1074.25,1,23
2021-06-18 09:36:05,S,1075.95,1,1
2021-06-18 09:36:05,S,1076.0,3,17
2021-06-18 09:36:05,S,1076.75,1,5
2021-06-18 09:36:05,S,1077.2,1,3
2021-06-18 09:36:05,S,1077.5,1,1
2021-06-18 09:36:05,B,1075.0,1,3
2021-06-18 09:36:05,B,1074.95,1,5
2021-06-18 09:36:05,B,1074.35,1,2
2021-06-18 09:36:05,B,1074.3,2,12
2021-06-18 09:36:05,B,1074.25,1,23
2021-06-18 09:36:05,S,1075.95,1,1
2021-06-18 09:36:05,S,1076.0,3,17
2021-06-18 09:36:05,S,1076.75,1,5
2021-06-18 09:36:05,S,1077.2,1,3
2021-06-18 09:36:05,S,1077.5,1,1
2021-06-18 09:36:05,B,1075.0,1,3
2021-06-18 09:36:05,B,1074.95,1,5
2021-06-18 09:36:05,B,1074.35,1,2
2021-06-18 09:36:05,B,1074.3,2,12
2021-06-18 09:36:05,B,1074.25,1,23
2021-06-18 09:36:10,S,1078.35,1,13
2021-06-18 09:36:10,S,1078.4,2,6
2021-06-18 09:36:10,S,1078.8,1,2
2021-06-18 09:36:10,S,1078.9,1,2
2021-06-18 09:36:10,S,1079.0,2,3
2021-06-18 09:36:10,B,1075.85,2,16
2021-06-18 09:36:10,B,1075.8,2,6
2021-06-18 09:36:10,B,1075.2,1,4
2021-06-18 09:36:10,B,1075.15,1,4
2021-06-18 09:36:10,B,1074.35,1,12
2021-06-18 09:36:10,S,1078.35,1,13
2021-06-18 09:36:10,S,1078.4,2,6
2021-06-18 09:36:10,S,1078.8,1,2
2021-06-18 09:36:10,S,1078.9,1,2
2021-06-18 09:36:10,S,1079.0,2,3
2021-06-18 09:36:10,B,1075.85,2,16
2021-06-18 09:36:10,B,1075.8,2,6
2021-06-18 09:36:10,B,1075.2,1,4
2021-06-18 09:36:10,B,1075.15,1,4
2021-06-18 09:36:10,B,1074.35,1,12
2021-06-18 09:36:14,S,1078.15,2,6
2021-06-18 09:36:14,S,1078.45,1,13
2021-06-18 09:36:14,S,1078.95,2,4
2021-06-18 09:36:14,S,1079.0,2,3
2021-06-18 09:36:14,S,1079.05,1,13
2021-06-18 09:36:14,B,1075.95,2,16
2021-06-18 09:36:14,B,1075.85,2,6
2021-06-18 09:36:14,B,1075.3,1,6
2021-06-18 09:36:14,B,1075.2,1,4
2021-06-18 09:36:14,B,1074.4,1,2
2021-06-18 09:36:14,S,1078.15,2,6
2021-06-18 09:36:14,S,1078.45,1,13
2021-06-18 09:36:14,S,1078.95,2,4
2021-06-18 09:36:14,S,1079.0,2,3
2021-06-18 09:36:14,S,1079.05,1,13
2021-06-18 09:36:14,B,1075.95,2,16
2021-06-18 09:36:14,B,1075.85,2,6
2021-06-18 09:36:14,B,1075.3,1,6
2021-06-18 09:36:14,B,1075.2,1,4
2021-06-18 09:36:14,B,1074.4,1,2
2021-06-18 09:36:18,S,1078.15,1,5
2021-06-18 09:36:18,S,1078.35,2,15
2021-06-18 09:36:18,S,1078.75,1,11
2021-06-18 09:36:18,S,1079.0,4,7
2021-06-18 09:36:18,S,1079.05,1,10
2021-06-18 09:36:18,B,1076.1,2,13
2021-06-18 09:36:18,B,1076.0,2,12
2021-06-18 09:36:18,B,1075.9,1,4
2021-06-18 09:36:18,B,1075.85,2,6
2021-06-18 09:36:18,B,1075.2,1,4
2021-06-18 09:36:18,S,1078.15,1,5
2021-06-18 09:36:18,S,1078.35,2,15
2021-06-18 09:36:18,S,1078.75,1,11
2021-06-18 09:36:18,S,1079.0,4,7
2021-06-18 09:36:18,S,1079.05,1,10
2021-06-18 09:36:18,B,1076.1,2,13
2021-06-18 09:36:18,B,1076.0,2,12
2021-06-18 09:36:18,B,1075.9,1,4
2021-06-18 09:36:18,B,1075.85,2,6
2021-06-18 09:36:18,B,1075.2,1,4
2021-06-18 09:36:19,S,1078.15,1,5
2021-06-18 09:36:19,S,1078.35,2,15
2021-06-18 09:36:19,S,1078.75,1,11
2021-06-18 09:36:19,S,1079.0,4,7
2021-06-18 09:36:19,S,1079.05,1,10
2021-06-18 09:36:19,B,1076.1,2,13
2021-06-18 09:36:19,B,1076.0,2,12
2021-06-18 09:36:19,B,1075.9,1,4
2021-06-18 09:36:19,B,1075.85,2,6
2021-06-18 09:36:19,B,1075.2,1,4
2021-06-18 09:36:19,S,1078.15,1,5
2021-06-18 09:36:19,S,1078.35,2,15
2021-06-18 09:36:19,S,1078.75,1,11
2021-06-18 09:36:19,S,1079.0,4,7
2021-06-18 09:36:19,S,1079.05,1,10
2021-06-18 09:36:19,B,1076.1,2,13
2021-06-18 09:36:19,B,1076.0,2,12
2021-06-18 09:36:19,B,1075.9,1,4
2021-06-18 09:36:19,B,1075.85,2,6
2021-06-18 09:36:19,B,1075.2,1,4
2021-06-18 09:36:21,S,1078.6,2,10
2021-06-18 09:36:21,S,1078.75,1,11
2021-06-18 09:36:21,S,1078.95,2,4
2021-06-18 09:36:21,S,1079.0,2,3
2021-06-18 09:36:21,S,1079.05,1,10
2021-06-18 09:36:21,B,1076.4,2,14
2021-06-18 09:36:21,B,1076.25,2,6
2021-06-18 09:36:21,B,1075.9,1,4
2021-06-18 09:36:21,B,1075.2,1,4
2021-06-18 09:36:21,B,1074.45,1,7
2021-06-18 09:36:21,S,1078.6,2,10
2021-06-18 09:36:21,S,1078.75,1,11
2021-06-18 09:36:21,S,1078.95,2,4
2021-06-18 09:36:21,S,1079.0,2,3
2021-06-18 09:36:21,S,1079.05,1,10
2021-06-18 09:36:21,B,1076.4,2,14
2021-06-18 09:36:21,B,1076.25,2,6
2021-06-18 09:36:21,B,1075.9,1,4
2021-06-18 09:36:21,B,1075.2,1,4
2021-06-18 09:36:21,B,1074.45,1,7
2021-06-18 09:36:24,S,1078.35,1,5
2021-06-18 09:36:24,S,1078.7,1,9
2021-06-18 09:36:24,S,1078.75,2,12
2021-06-18 09:36:24,S,1079.0,2,3
2021-06-18 09:36:24,S,1079.05,1,10
2021-06-18 09:36:24,B,1076.6,1,2
2021-06-18 09:36:24,B,1076.55,1,11
2021-06-18 09:36:24,B,1076.2,1,2
2021-06-18 09:36:24,B,1075.95,2,6
2021-06-18 09:36:24,B,1075.9,1,4
2021-06-18 09:36:24,S,1078.35,1,5
2021-06-18 09:36:24,S,1078.7,1,9
2021-06-18 09:36:24,S,1078.75,2,12
2021-06-18 09:36:24,S,1079.0,2,3
2021-06-18 09:36:24,S,1079.05,1,10
2021-06-18 09:36:24,B,1076.6,1,2
2021-06-18 09:36:24,B,1076.55,1,11
2021-06-18 09:36:24,B,1076.2,1,2
2021-06-18 09:36:24,B,1075.95,2,6
2021-06-18 09:36:24,B,1075.9,1,4
2021-06-18 09:36:27,S,1078.35,1,5
2021-06-18 09:36:27,S,1078.7,1,9
2021-06-18 09:36:27,S,1078.75,2,12
2021-06-18 09:36:27,S,1079.0,2,3
2021-06-18 09:36:27,S,1079.05,1,10
2021-06-18 09:36:27,B,1076.6,1,2
2021-06-18 09:36:27,B,1076.55,1,11
2021-06-18 09:36:27,B,1076.2,1,2
2021-06-18 09:36:27,B,1075.95,2,6
2021-06-18 09:36:27,B,1075.9,1,4
2021-06-18 09:36:27,S,1078.35,1,5
2021-06-18 09:36:27,S,1078.7,1,9
2021-06-18 09:36:27,S,1078.75,2,12
2021-06-18 09:36:27,S,1079.0,2,3
2021-06-18 09:36:27,S,1079.05,1,10
2021-06-18 09:36:27,B,1076.6,1,2
2021-06-18 09:36:27,B,1076.55,1,11
2021-06-18 09:36:27,B,1076.2,1,2
2021-06-18 09:36:27,B,1075.95,2,6
2021-06-18 09:36:27,B,1075.9,1,4
2021-06-18 09:36:28,S,1078.35,1,5
2021-06-18 09:36:28,S,1078.7,1,9
2021-06-18 09:36:28,S,1078.75,2,12
2021-06-18 09:36:28,S,1079.0,2,3
2021-06-18 09:36:28,S,1079.05,1,10
2021-06-18 09:36:28,B,1076.6,1,2
2021-06-18 09:36:28,B,1076.55,1,11
2021-06-18 09:36:28,B,1076.2,1,2
2021-06-18 09:36:28,B,1075.95,2,6
2021-06-18 09:36:28,B,1075.9,1,4
2021-06-18 09:36:28,S,1078.35,1,5
2021-06-18 09:36:28,S,1078.7,1,9
2021-06-18 09:36:28,S,1078.75,2,12
2021-06-18 09:36:28,S,1079.0,2,3
2021-06-18 09:36:28,S,1079.05,1,10
2021-06-18 09:36:28,B,1076.6,1,2
2021-06-18 09:36:28,B,1076.55,1,11
2021-06-18 09:36:28,B,1076.2,1,2
2021-06-18 09:36:28,B,1075.95,2,6
2021-06-18 09:36:28,B,1075.9,1,4
2021-06-18 09:36:30,S,1076.05,1,1
2021-06-18 09:36:30,S,1076.1,1,5
2021-06-18 09:36:30,S,1076.95,1,12
2021-06-18 09:36:30,S,1077.05,1,3
2021-06-18 09:36:30,S,1077.2,1,8
2021-06-18 09:36:30,B,1074.65,1,1
2021-06-18 09:36:30,B,1074.6,1,9
2021-06-18 09:36:30,B,1074.55,1,5
2021-06-18 09:36:30,B,1074.5,1,2
2021-06-18 09:36:30,B,1074.25,1,4
2021-06-18 09:36:30,S,1076.05,1,1
2021-06-18 09:36:30,S,1076.1,1,5
2021-06-18 09:36:30,S,1076.95,1,12
2021-06-18 09:36:30,S,1077.05,1,3
2021-06-18 09:36:30,S,1077.2,1,8
2021-06-18 09:36:30,B,1074.65,1,1
2021-06-18 09:36:30,B,1074.6,1,9
2021-06-18 09:36:30,B,1074.55,1,5
2021-06-18 09:36:30,B,1074.5,1,2
2021-06-18 09:36:30,B,1074.25,1,4
2021-06-18 09:36:30,S,1076.05,1,1
2021-06-18 09:36:30,S,1076.1,1,5
2021-06-18 09:36:30,S,1076.95,1,12
2021-06-18 09:36:30,S,1077.05,1,3
2021-06-18 09:36:30,S,1077.2,1,8
2021-06-18 09:36:30,B,1074.65,1,1
2021-06-18 09:36:30,B,1074.6,1,9
2021-06-18 09:36:30,B,1074.55,1,5
2021-06-18 09:36:30,B,1074.5,1,2
2021-06-18 09:36:30,B,1074.25,1,4
2021-06-18 09:36:30,S,1076.05,1,1
2021-06-18 09:36:30,S,1076.1,1,5
2021-06-18 09:36:30,S,1076.95,1,12
2021-06-18 09:36:30,S,1077.05,1,3
2021-06-18 09:36:30,S,1077.2,1,8
2021-06-18 09:36:30,B,1074.65,1,1
2021-06-18 09:36:30,B,1074.6,1,9
2021-06-18 09:36:30,B,1074.55,1,5
2021-06-18 09:36:30,B,1074.5,1,2
2021-06-18 09:36:30,B,1074.25,1,4
2021-06-18 09:36:33,S,1076.05,1,1
2021-06-18 09:36:33,S,1076.1,1,5
2021-06-18 09:36:33,S,1076.95,1,12
2021-06-18 09:36:33,S,1077.05,1,3
2021-06-18 09:36:33,S,1077.2,1,8
2021-06-18 09:36:33,B,1074.65,1,1
2021-06-18 09:36:33,B,1074.6,1,9
2021-06-18 09:36:33,B,1074.55,1,5
2021-06-18 09:36:33,B,1074.5,1,2
2021-06-18 09:36:33,B,1074.25,1,4
2021-06-18 09:36:33,S,1076.05,1,1
2021-06-18 09:36:33,S,1076.1,1,5
2021-06-18 09:36:33,S,1076.95,1,12
2021-06-18 09:36:33,S,1077.05,1,3
2021-06-18 09:36:33,S,1077.2,1,8
2021-06-18 09:36:33,B,1074.65,1,1
2021-06-18 09:36:33,B,1074.6,1,9
2021-06-18 09:36:33,B,1074.55,1,5
2021-06-18 09:36:33,B,1074.5,1,2
2021-06-18 09:36:33,B,1074.25,1,4
2021-06-18 09:36:33,S,1076.0,1,3
2021-06-18 09:36:33,S,1078.3,1,9
2021-06-18 09:36:33,S,1078.45,1,10
2021-06-18 09:36:33,S,1078.75,3,14
2021-06-18 09:36:33,S,1079.0,2,3
2021-06-18 09:36:33,B,1075.4,1,1
2021-06-18 09:36:33,B,1075.35,1,7
2021-06-18 09:36:33,B,1075.1,1,4
2021-06-18 09:36:33,B,1074.45,1,6
2021-06-18 09:36:33,B,1074.25,1,4
2021-06-18 09:36:33,S,1076.0,1,3
2021-06-18 09:36:33,S,1078.3,1,9
2021-06-18 09:36:33,S,1078.45,1,10
2021-06-18 09:36:33,S,1078.75,3,14
2021-06-18 09:36:33,S,1079.0,2,3
2021-06-18 09:36:33,B,1075.4,1,1
2021-06-18 09:36:33,B,1075.35,1,7
2021-06-18 09:36:33,B,1075.1,1,4
2021-06-18 09:36:33,B,1074.45,1,6
2021-06-18 09:36:33,B,1074.25,1,4
2021-06-18 09:36:36,S,1076.0,1,3
2021-06-18 09:36:36,S,1077.1,1,9
2021-06-18 09:36:36,S,1078.05,2,2
2021-06-18 09:36:36,S,1078.1,1,6
2021-06-18 09:36:36,S,1078.25,1,3
2021-06-18 09:36:36,B,1074.65,1,1
2021-06-18 09:36:36,B,1074.6,1,6
2021-06-18 09:36:36,B,1074.55,1,5
2021-06-18 09:36:36,B,1074.25,1,4
2021-06-18 09:36:36,B,1073.85,1,2
2021-06-18 09:36:36,S,1076.0,1,3
2021-06-18 09:36:36,S,1077.1,1,9
2021-06-18 09:36:36,S,1078.05,2,2
2021-06-18 09:36:36,S,1078.1,1,6
2021-06-18 09:36:36,S,1078.25,1,3
2021-06-18 09:36:36,B,1074.65,1,1
2021-06-18 09:36:36,B,1074.6,1,6
2021-06-18 09:36:36,B,1074.55,1,5
2021-06-18 09:36:36,B,1074.25,1,4
2021-06-18 09:36:36,B,1073.85,1,2
2021-06-18 09:36:38,S,1076.0,1,3
2021-06-18 09:36:38,S,1077.1,1,9
2021-06-18 09:36:38,S,1078.05,2,2
2021-06-18 09:36:38,S,1078.1,1,6
2021-06-18 09:36:38,S,1078.25,1,3
2021-06-18 09:36:38,B,1074.65,1,1
2021-06-18 09:36:38,B,1074.6,1,6
2021-06-18 09:36:38,B,1074.55,1,5
2021-06-18 09:36:38,B,1074.25,1,4
2021-06-18 09:36:38,B,1073.85,1,2
2021-06-18 09:36:38,S,1076.0,1,3
2021-06-18 09:36:38,S,1077.1,1,9
2021-06-18 09:36:38,S,1078.05,2,2
2021-06-18 09:36:38,S,1078.1,1,6
2021-06-18 09:36:38,S,1078.25,1,3
2021-06-18 09:36:38,B,1074.65,1,1
2021-06-18 09:36:38,B,1074.6,1,6
2021-06-18 09:36:38,B,1074.55,1,5
2021-06-18 09:36:38,B,1074.25,1,4
2021-06-18 09:36:38,B,1073.85,1,2
2021-06-18 09:36:39,S,1076.05,1,1
2021-06-18 09:36:39,S,1076.1,1,5
2021-06-18 09:36:39,S,1076.95,1,12
2021-06-18 09:36:39,S,1077.0,1,9
2021-06-18 09:36:39,S,1077.1,3,3
2021-06-18 09:36:39,B,1074.5,1,1
2021-06-18 09:36:39,B,1074.45,1,6
2021-06-18 09:36:39,B,1074.4,1,5
2021-06-18 09:36:39,B,1074.35,1,2
2021-06-18 09:36:39,B,1074.25,1,4
2021-06-18 09:36:39,S,1076.05,1,1
2021-06-18 09:36:39,S,1076.1,1,5
2021-06-18 09:36:39,S,1076.95,1,12
2021-06-18 09:36:39,S,1077.0,1,9
2021-06-18 09:36:39,S,1077.1,3,3
2021-06-18 09:36:39,B,1074.5,1,1
2021-06-18 09:36:39,B,1074.45,1,6
2021-06-18 09:36:39,B,1074.4,1,5
2021-06-18 09:36:39,B,1074.35,1,2
2021-06-18 09:36:39,B,1074.25,1,4
2021-06-18 09:36:40,S,1076.05,1,1
2021-06-18 09:36:40,S,1076.1,1,5
2021-06-18 09:36:40,S,1076.95,1,12
2021-06-18 09:36:40,S,1077.0,1,9
2021-06-18 09:36:40,S,1077.1,3,3
2021-06-18 09:36:40,B,1074.5,1,1
2021-06-18 09:36:40,B,1074.45,1,6
2021-06-18 09:36:40,B,1074.4,1,5
2021-06-18 09:36:40,B,1074.35,1,2
2021-06-18 09:36:40,B,1074.25,1,4
2021-06-18 09:36:40,S,1076.05,1,1
2021-06-18 09:36:40,S,1076.1,1,5
2021-06-18 09:36:40,S,1076.95,1,12
2021-06-18 09:36:40,S,1077.0,1,9
2021-06-18 09:36:40,S,1077.1,3,3
2021-06-18 09:36:40,B,1074.5,1,1
2021-06-18 09:36:40,B,1074.45,1,6
2021-06-18 09:36:40,B,1074.4,1,5
2021-06-18 09:36:40,B,1074.35,1,2
2021-06-18 09:36:40,B,1074.25,1,4
2021-06-18 09:36:43,S,1073.35,1,1
2021-06-18 09:36:43,S,1073.4,1,1
2021-06-18 09:36:43,S,1073.5,1,1
2021-06-18 09:36:43,S,1073.6,1,5
2021-06-18 09:36:43,S,1073.7,1,1
2021-06-18 09:36:43,B,1071.4,2,9
2021-06-18 09:36:43,B,1071.1,1,5
2021-06-18 09:36:43,B,1071.05,1,7
2021-06-18 09:36:43,B,1071.0,1,1
2021-06-18 09:36:43,B,1070.8,3,8
2021-06-18 09:36:43,S,1073.35,1,1
2021-06-18 09:36:43,S,1073.4,1,1
2021-06-18 09:36:43,S,1073.5,1,1
2021-06-18 09:36:43,S,1073.6,1,5
2021-06-18 09:36:43,S,1073.7,1,1
2021-06-18 09:36:43,B,1071.4,2,9
2021-06-18 09:36:43,B,1071.1,1,5
2021-06-18 09:36:43,B,1071.05,1,7
2021-06-18 09:36:43,B,1071.0,1,1
2021-06-18 09:36:43,B,1070.8,3,8
2021-06-18 09:36:46,S,1073.15,1,1
2021-06-18 09:36:46,S,1073.2,2,2
2021-06-18 09:36:46,S,1073.4,1,9
2021-06-18 09:36:46,S,1073.45,1,1
2021-06-18 09:36:46,S,1073.6,1,5
2021-06-18 09:36:46,B,1071.05,1,7
2021-06-18 09:36:46,B,1071.0,1,1
2021-06-18 09:36:46,B,1070.75,1,4
2021-06-18 09:36:46,B,1070.5,2,2
2021-06-18 09:36:46,B,1070.45,1,11
2021-06-18 09:36:46,S,1073.15,1,1
2021-06-18 09:36:46,S,1073.2,2,2
2021-06-18 09:36:46,S,1073.4,1,9
2021-06-18 09:36:46,S,1073.45,1,1
2021-06-18 09:36:46,S,1073.6,1,5
2021-06-18 09:36:46,B,1071.05,1,7
2021-06-18 09:36:46,B,1071.0,1,1
2021-06-18 09:36:46,B,1070.75,1,4
2021-06-18 09:36:46,B,1070.5,2,2
2021-06-18 09:36:46,B,1070.45,1,11
2021-06-18 09:36:49,S,1072.35,2,10
2021-06-18 09:36:49,S,1072.4,1,5
2021-06-18 09:36:49,S,1072.45,1,13
2021-06-18 09:36:49,S,1072.7,1,2
2021-06-18 09:36:49,S,1072.75,1,13
2021-06-18 09:36:49,B,1071.0,1,1
2021-06-18 09:36:49,B,1070.4,1,4
2021-06-18 09:36:49,B,1070.35,1,5
2021-06-18 09:36:49,B,1070.2,1,7
2021-06-18 09:36:49,B,1070.05,1,6
2021-06-18 09:36:49,S,1072.35,2,10
2021-06-18 09:36:49,S,1072.4,1,5
2021-06-18 09:36:49,S,1072.45,1,13
2021-06-18 09:36:49,S,1072.7,1,2
2021-06-18 09:36:49,S,1072.75,1,13
2021-06-18 09:36:49,B,1071.0,1,1
2021-06-18 09:36:49,B,1070.4,1,4
2021-06-18 09:36:49,B,1070.35,1,5
2021-06-18 09:36:49,B,1070.2,1,7
2021-06-18 09:36:49,B,1070.05,1,6
2021-06-18 09:36:50,S,1072.35,2,10
2021-06-18 09:36:50,S,1072.4,1,5
2021-06-18 09:36:50,S,1072.45,1,13
2021-06-18 09:36:50,S,1072.7,1,2
2021-06-18 09:36:50,S,1072.75,1,13
2021-06-18 09:36:50,B,1071.0,1,1
2021-06-18 09:36:50,B,1070.4,1,4
2021-06-18 09:36:50,B,1070.35,1,5
2021-06-18 09:36:50,B,1070.2,1,7
2021-06-18 09:36:50,B,1070.05,1,6
2021-06-18 09:36:50,S,1072.35,2,10
2021-06-18 09:36:50,S,1072.4,1,5
2021-06-18 09:36:50,S,1072.45,1,13
2021-06-18 09:36:50,S,1072.7,1,2
2021-06-18 09:36:50,S,1072.75,1,13
2021-06-18 09:36:50,B,1071.0,1,1
2021-06-18 09:36:50,B,1070.4,1,4
2021-06-18 09:36:50,B,1070.35,1,5
2021-06-18 09:36:50,B,1070.2,1,7
2021-06-18 09:36:50,B,1070.05,1,6
2021-06-18 09:36:51,S,1072.35,2,10
2021-06-18 09:36:51,S,1072.4,1,5
2021-06-18 09:36:51,S,1072.45,1,13
2021-06-18 09:36:51,S,1072.7,1,2
2021-06-18 09:36:51,S,1072.75,1,13
2021-06-18 09:36:51,B,1071.0,1,1
2021-06-18 09:36:51,B,1070.4,1,4
2021-06-18 09:36:51,B,1070.35,1,5
2021-06-18 09:36:51,B,1070.2,1,7
2021-06-18 09:36:51,B,1070.05,1,6
2021-06-18 09:36:51,S,1072.35,2,10
2021-06-18 09:36:51,S,1072.4,1,5
2021-06-18 09:36:51,S,1072.45,1,13
2021-06-18 09:36:51,S,1072.7,1,2
2021-06-18 09:36:51,S,1072.75,1,13
2021-06-18 09:36:51,B,1071.0,1,1
2021-06-18 09:36:51,B,1070.4,1,4
2021-06-18 09:36:51,B,1070.35,1,5
2021-06-18 09:36:51,B,1070.2,1,7
2021-06-18 09:36:51,B,1070.05,1,6
2021-06-18 09:36:55,S,1072.35,2,10
2021-06-18 09:36:55,S,1072.4,1,5
2021-06-18 09:36:55,S,1072.45,1,13
2021-06-18 09:36:55,S,1072.7,1,2
2021-06-18 09:36:55,S,1072.75,1,13
2021-06-18 09:36:55,B,1071.0,1,1
2021-06-18 09:36:55,B,1070.4,1,4
2021-06-18 09:36:55,B,1070.35,1,5
2021-06-18 09:36:55,B,1070.2,1,7
2021-06-18 09:36:55,B,1070.05,1,6
2021-06-18 09:36:55,S,1072.35,2,10
2021-06-18 09:36:55,S,1072.4,1,5
2021-06-18 09:36:55,S,1072.45,1,13
2021-06-18 09:36:55,S,1072.7,1,2
2021-06-18 09:36:55,S,1072.75,1,13
2021-06-18 09:36:55,B,1071.0,1,1
2021-06-18 09:36:55,B,1070.4,1,4
2021-06-18 09:36:55,B,1070.35,1,5
2021-06-18 09:36:55,B,1070.2,1,7
2021-06-18 09:36:55,B,1070.05,1,6
2021-06-18 09:36:59,S,1075.85,3,9
2021-06-18 09:36:59,S,1076.0,1,2
2021-06-18 09:36:59,S,1076.05,1,11
2021-06-18 09:36:59,S,1076.25,1,3
2021-06-18 09:36:59,S,1076.35,1,11
2021-06-18 09:36:59,B,1074.0,1,7
2021-06-18 09:36:59,B,1073.95,1,5
2021-06-18 09:36:59,B,1073.2,1,4
2021-06-18 09:36:59,B,1073.05,2,2
2021-06-18 09:36:59,B,1073.0,1,66
2021-06-18 09:36:59,S,1075.85,3,9
2021-06-18 09:36:59,S,1076.0,1,2
2021-06-18 09:36:59,S,1076.05,1,11
2021-06-18 09:36:59,S,1076.25,1,3
2021-06-18 09:36:59,S,1076.35,1,11
2021-06-18 09:36:59,B,1074.0,1,7
2021-06-18 09:36:59,B,1073.95,1,5
2021-06-18 09:36:59,B,1073.2,1,4
2021-06-18 09:36:59,B,1073.05,2,2
2021-06-18 09:36:59,B,1073.0,1,66
2021-06-18 09:37:03,S,1075.85,3,9
2021-06-18 09:37:03,S,1076.05,1,11
2021-06-18 09:37:03,S,1076.2,1,2
2021-06-18 09:37:03,S,1076.25,1,3
2021-06-18 09:37:03,S,1076.35,1,11
2021-06-18 09:37:03,B,1074.0,1,7
2021-06-18 09:37:03,B,1073.95,1,5
2021-06-18 09:37:03,B,1073.2,1,4
2021-06-18 09:37:03,B,1073.05,2,2
2021-06-18 09:37:03,B,1073.0,1,66
2021-06-18 09:37:03,S,1075.85,3,9
2021-06-18 09:37:03,S,1076.05,1,11
2021-06-18 09:37:03,S,1076.2,1,2
2021-06-18 09:37:03,S,1076.25,1,3
2021-06-18 09:37:03,S,1076.35,1,11
2021-06-18 09:37:03,B,1074.0,1,7
2021-06-18 09:37:03,B,1073.95,1,5
2021-06-18 09:37:03,B,1073.2,1,4
2021-06-18 09:37:03,B,1073.05,2,2
2021-06-18 09:37:03,B,1073.0,1,66
2021-06-18 09:37:06,S,1075.85,3,9
2021-06-18 09:37:06,S,1076.05,1,11
2021-06-18 09:37:06,S,1076.2,1,2
2021-06-18 09:37:06,S,1076.25,1,3
2021-06-18 09:37:06,S,1076.35,1,11
2021-06-18 09:37:06,B,1074.0,1,7
2021-06-18 09:37:06,B,1073.95,1,5
2021-06-18 09:37:06,B,1073.2,1,4
2021-06-18 09:37:06,B,1073.05,2,2
2021-06-18 09:37:06,B,1073.0,1,66
2021-06-18 09:37:06,S,1075.85,3,9
2021-06-18 09:37:06,S,1076.05,1,11
2021-06-18 09:37:06,S,1076.2,1,2
2021-06-18 09:37:06,S,1076.25,1,3
2021-06-18 09:37:06,S,1076.35,1,11
2021-06-18 09:37:06,B,1074.0,1,7
2021-06-18 09:37:06,B,1073.95,1,5
2021-06-18 09:37:06,B,1073.2,1,4
2021-06-18 09:37:06,B,1073.05,2,2
2021-06-18 09:37:06,B,1073.0,1,66
2021-06-18 09:37:09,S,1075.85,3,9
2021-06-18 09:37:09,S,1076.05,1,11
2021-06-18 09:37:09,S,1076.2,1,2
2021-06-18 09:37:09,S,1076.25,1,3
2021-06-18 09:37:09,S,1076.35,1,11
2021-06-18 09:37:09,B,1074.0,1,7
2021-06-18 09:37:09,B,1073.95,1,5
2021-06-18 09:37:09,B,1073.2,1,4
2021-06-18 09:37:09,B,1073.05,2,2
2021-06-18 09:37:09,B,1073.0,1,66
2021-06-18 09:37:09,S,1075.85,3,9
2021-06-18 09:37:09,S,1076.05,1,11
2021-06-18 09:37:09,S,1076.2,1,2
2021-06-18 09:37:09,S,1076.25,1,3
2021-06-18 09:37:09,S,1076.35,1,11
2021-06-18 09:37:09,B,1074.0,1,7
2021-06-18 09:37:09,B,1073.95,1,5
2021-06-18 09:37:09,B,1073.2,1,4
2021-06-18 09:37:09,B,1073.05,2,2
2021-06-18 09:37:09,B,1073.0,1,66
2021-06-18 09:37:09,S,1073.5,1,1
2021-06-18 09:37:09,S,1073.55,1,5
2021-06-18 09:37:09,S,1073.7,1,2
2021-06-18 09:37:09,S,1073.75,1,3
2021-06-18 09:37:09,S,1073.9,1,6
2021-06-18 09:37:09,B,1073.0,1,10
2021-06-18 09:37:09,B,1072.35,1,50
2021-06-18 09:37:09,B,1071.1,1,8
2021-06-18 09:37:09,B,1071.05,2,16
2021-06-18 09:37:09,B,1071.0,1,1
2021-06-18 09:37:09,S,1073.5,1,1
2021-06-18 09:37:09,S,1073.55,1,5
2021-06-18 09:37:09,S,1073.7,1,2
2021-06-18 09:37:09,S,1073.75,1,3
2021-06-18 09:37:09,S,1073.9,1,6
2021-06-18 09:37:09,B,1073.0,1,10
2021-06-18 09:37:09,B,1072.35,1,50
2021-06-18 09:37:09,B,1071.1,1,8
2021-06-18 09:37:09,B,1071.05,2,16
2021-06-18 09:37:09,B,1071.0,1,1
2021-06-18 09:37:10,S,1073.5,1,1
2021-06-18 09:37:10,S,1073.55,1,5
2021-06-18 09:37:10,S,1073.7,1,2
2021-06-18 09:37:10,S,1073.75,1,3
2021-06-18 09:37:10,S,1073.9,1,6
2021-06-18 09:37:10,B,1073.0,1,10
2021-06-18 09:37:10,B,1072.35,1,50
2021-06-18 09:37:10,B,1071.1,1,8
2021-06-18 09:37:10,B,1071.05,2,16
2021-06-18 09:37:10,B,1071.0,1,1
2021-06-18 09:37:10,S,1073.5,1,1
2021-06-18 09:37:10,S,1073.55,1,5
2021-06-18 09:37:10,S,1073.7,1,2
2021-06-18 09:37:10,S,1073.75,1,3
2021-06-18 09:37:10,S,1073.9,1,6
2021-06-18 09:37:10,B,1073.0,1,10
2021-06-18 09:37:10,B,1072.35,1,50
2021-06-18 09:37:10,B,1071.1,1,8
2021-06-18 09:37:10,B,1071.05,2,16
2021-06-18 09:37:10,B,1071.0,1,1
2021-06-18 09:37:13,S,1073.35,1,1
2021-06-18 09:37:13,S,1073.4,1,5
2021-06-18 09:37:13,S,1073.55,1,3
2021-06-18 09:37:13,S,1073.6,1,2
2021-06-18 09:37:13,S,1073.65,2,2
2021-06-18 09:37:13,B,1072.35,1,50
2021-06-18 09:37:13,B,1071.75,1,5
2021-06-18 09:37:13,B,1071.3,1,4
2021-06-18 09:37:13,B,1071.1,1,8
2021-06-18 09:37:13,B,1071.05,2,16
2021-06-18 09:37:13,S,1073.35,1,1
2021-06-18 09:37:13,S,1073.4,1,5
2021-06-18 09:37:13,S,1073.55,1,3
2021-06-18 09:37:13,S,1073.6,1,2
2021-06-18 09:37:13,S,1073.65,2,2
2021-06-18 09:37:13,B,1072.35,1,50
2021-06-18 09:37:13,B,1071.75,1,5
2021-06-18 09:37:13,B,1071.3,1,4
2021-06-18 09:37:13,B,1071.1,1,8
2021-06-18 09:37:13,B,1071.05,2,16
2021-06-18 09:37:16,S,1073.35,1,1
2021-06-18 09:37:16,S,1073.4,1,5
2021-06-18 09:37:16,S,1073.55,1,3
2021-06-18 09:37:16,S,1073.6,1,2
2021-06-18 09:37:16,S,1073.65,2,2
2021-06-18 09:37:16,B,1072.35,1,50
2021-06-18 09:37:16,B,1071.75,1,5
2021-06-18 09:37:16,B,1071.3,1,4
2021-06-18 09:37:16,B,1071.1,1,8
2021-06-18 09:37:16,B,1071.05,2,16
2021-06-18 09:37:16,S,1073.35,1,1
2021-06-18 09:37:16,S,1073.4,1,5
2021-06-18 09:37:16,S,1073.55,1,3
2021-06-18 09:37:16,S,1073.6,1,2
2021-06-18 09:37:16,S,1073.65,2,2
2021-06-18 09:37:16,B,1072.35,1,50
2021-06-18 09:37:16,B,1071.75,1,5
2021-06-18 09:37:16,B,1071.3,1,4
2021-06-18 09:37:16,B,1071.1,1,8
2021-06-18 09:37:16,B,1071.05,2,16
2021-06-18 09:37:16,S,1074.0,1,23
2021-06-18 09:37:16,S,1075.1,1,3
2021-06-18 09:37:16,S,1075.75,2,2
2021-06-18 09:37:16,S,1075.8,1,1
2021-06-18 09:37:16,S,1075.85,1,3
2021-06-18 09:37:16,B,1073.25,1,1
2021-06-18 09:37:16,B,1073.2,2,4
2021-06-18 09:37:16,B,1073.05,1,6
2021-06-18 09:37:16,B,1073.0,1,18
2021-06-18 09:37:16,B,1072.35,1,50
2021-06-18 09:37:16,S,1074.0,1,23
2021-06-18 09:37:16,S,1075.1,1,3
2021-06-18 09:37:16,S,1075.75,2,2
2021-06-18 09:37:16,S,1075.8,1,1
2021-06-18 09:37:16,S,1075.85,1,3
2021-06-18 09:37:16,B,1073.25,1,1
2021-06-18 09:37:16,B,1073.2,2,4
2021-06-18 09:37:16,B,1073.05,1,6
2021-06-18 09:37:16,B,1073.0,1,18
2021-06-18 09:37:16,B,1072.35,1,50
2021-06-18 09:37:18,S,1074.0,1,23
2021-06-18 09:37:18,S,1075.1,1,3
2021-06-18 09:37:18,S,1075.75,2,2
2021-06-18 09:37:18,S,1075.8,1,1
2021-06-18 09:37:18,S,1075.85,1,3
2021-06-18 09:37:18,B,1073.25,1,1
2021-06-18 09:37:18,B,1073.2,2,4
2021-06-18 09:37:18,B,1073.05,1,6
2021-06-18 09:37:18,B,1073.0,1,18
2021-06-18 09:37:18,B,1072.35,1,50
2021-06-18 09:37:18,S,1074.0,1,23
2021-06-18 09:37:18,S,1075.1,1,3
2021-06-18 09:37:18,S,1075.75,2,2
2021-06-18 09:37:18,S,1075.8,1,1
2021-06-18 09:37:18,S,1075.85,1,3
2021-06-18 09:37:18,B,1073.25,1,1
2021-06-18 09:37:18,B,1073.2,2,4
2021-06-18 09:37:18,B,1073.05,1,6
2021-06-18 09:37:18,B,1073.0,1,18
2021-06-18 09:37:18,B,1072.35,1,50
2021-06-18 09:37:20,S,1077.35,1,1
2021-06-18 09:37:20,S,1077.4,2,4
2021-06-18 09:37:20,S,1077.45,1,5
2021-06-18 09:37:20,S,1077.65,1,3
2021-06-18 09:37:20,S,1077.75,2,12
2021-06-18 09:37:20,B,1074.85,1,1
2021-06-18 09:37:20,B,1074.8,1,2
2021-06-18 09:37:20,B,1074.6,1,15
2021-06-18 09:37:20,B,1073.45,2,4
2021-06-18 09:37:20,B,1073.4,1,4
2021-06-18 09:37:20,S,1077.35,1,1
2021-06-18 09:37:20,S,1077.4,2,4
2021-06-18 09:37:20,S,1077.45,1,5
2021-06-18 09:37:20,S,1077.65,1,3
2021-06-18 09:37:20,S,1077.75,2,12
2021-06-18 09:37:20,B,1074.85,1,1
2021-06-18 09:37:20,B,1074.8,1,2
2021-06-18 09:37:20,B,1074.6,1,15
2021-06-18 09:37:20,B,1073.45,2,4
2021-06-18 09:37:20,B,1073.4,1,4
2021-06-18 09:37:22,S,1077.35,1,1
2021-06-18 09:37:22,S,1077.4,2,4
2021-06-18 09:37:22,S,1077.45,1,5
2021-06-18 09:37:22,S,1077.65,1,3
2021-06-18 09:37:22,S,1077.75,2,12
2021-06-18 09:37:22,B,1074.85,1,1
2021-06-18 09:37:22,B,1074.8,1,2
2021-06-18 09:37:22,B,1074.6,1,15
2021-06-18 09:37:22,B,1073.45,2,4
2021-06-18 09:37:22,B,1073.4,1,4
2021-06-18 09:37:22,S,1077.35,1,1
2021-06-18 09:37:22,S,1077.4,2,4
2021-06-18 09:37:22,S,1077.45,1,5
2021-06-18 09:37:22,S,1077.65,1,3
2021-06-18 09:37:22,S,1077.75,2,12
2021-06-18 09:37:22,B,1074.85,1,1
2021-06-18 09:37:22,B,1074.8,1,2
2021-06-18 09:37:22,B,1074.6,1,15
2021-06-18 09:37:22,B,1073.45,2,4
2021-06-18 09:37:22,B,1073.4,1,4
2021-06-18 09:37:23,S,1076.7,1,3
2021-06-18 09:37:23,S,1077.35,1,11
2021-06-18 09:37:23,S,1077.4,2,2
2021-06-18 09:37:23,S,1077.45,1,5
2021-06-18 09:37:23,S,1077.55,1,11
2021-06-18 09:37:23,B,1074.8,1,1
2021-06-18 09:37:23,B,1074.75,1,11
2021-06-18 09:37:23,B,1074.7,1,2
2021-06-18 09:37:23,B,1073.5,1,7
2021-06-18 09:37:23,B,1073.4,1,4
2021-06-18 09:37:23,S,1076.7,1,3
2021-06-18 09:37:23,S,1077.35,1,11
2021-06-18 09:37:23,S,1077.4,2,2
2021-06-18 09:37:23,S,1077.45,1,5
2021-06-18 09:37:23,S,1077.55,1,11
2021-06-18 09:37:23,B,1074.8,1,1
2021-06-18 09:37:23,B,1074.75,1,11
2021-06-18 09:37:23,B,1074.7,1,2
2021-06-18 09:37:23,B,1073.5,1,7
2021-06-18 09:37:23,B,1073.4,1,4
2021-06-18 09:37:26,S,1076.7,1,3
2021-06-18 09:37:26,S,1077.35,1,11
2021-06-18 09:37:26,S,1077.4,2,2
2021-06-18 09:37:26,S,1077.45,1,5
2021-06-18 09:37:26,S,1077.55,1,11
2021-06-18 09:37:26,B,1074.8,1,1
2021-06-18 09:37:26,B,1074.75,1,11
2021-06-18 09:37:26,B,1074.7,1,2
2021-06-18 09:37:26,B,1073.5,1,7
2021-06-18 09:37:26,B,1073.4,1,4
2021-06-18 09:37:26,S,1076.7,1,3
2021-06-18 09:37:26,S,1077.35,1,11
2021-06-18 09:37:26,S,1077.4,2,2
2021-06-18 09:37:26,S,1077.45,1,5
2021-06-18 09:37:26,S,1077.55,1,11
2021-06-18 09:37:26,B,1074.8,1,1
2021-06-18 09:37:26,B,1074.75,1,11
2021-06-18 09:37:26,B,1074.7,1,2
2021-06-18 09:37:26,B,1073.5,1,7
2021-06-18 09:37:26,B,1073.4,1,4
2021-06-18 09:37:27,S,1077.9,1,1
2021-06-18 09:37:27,S,1077.95,1,9
2021-06-18 09:37:27,S,1078.0,1,5
2021-06-18 09:37:27,S,1078.35,1,5
2021-06-18 09:37:27,S,1078.8,2,2
2021-06-18 09:37:27,B,1075.4,2,2
2021-06-18 09:37:27,B,1075.05,1,9
2021-06-18 09:37:27,B,1075.0,3,3
2021-06-18 09:37:27,B,1074.85,1,4
2021-06-18 09:37:27,B,1074.8,1,5
2021-06-18 09:37:27,S,1077.9,1,1
2021-06-18 09:37:27,S,1077.95,1,9
2021-06-18 09:37:27,S,1078.0,1,5
2021-06-18 09:37:27,S,1078.35,1,5
2021-06-18 09:37:27,S,1078.8,2,2
2021-06-18 09:37:27,B,1075.4,2,2
2021-06-18 09:37:27,B,1075.05,1,9
2021-06-18 09:37:27,B,1075.0,3,3
2021-06-18 09:37:27,B,1074.85,1,4
2021-06-18 09:37:27,B,1074.8,1,5
2021-06-18 09:37:30,S,1077.95,1,1
2021-06-18 09:37:30,S,1078.0,1,5
2021-06-18 09:37:30,S,1078.35,1,5
2021-06-18 09:37:30,S,1078.8,2,2
2021-06-18 09:37:30,S,1078.85,1,5
2021-06-18 09:37:30,B,1076.1,1,1
2021-06-18 09:37:30,B,1076.05,1,5
2021-06-18 09:37:30,B,1075.1,2,2
2021-06-18 09:37:30,B,1075.05,1,9
2021-06-18 09:37:30,B,1075.0,1,1
2021-06-18 09:37:30,S,1077.95,1,1
2021-06-18 09:37:30,S,1078.0,1,5
2021-06-18 09:37:30,S,1078.35,1,5
2021-06-18 09:37:30,S,1078.8,2,2
2021-06-18 09:37:30,S,1078.85,1,5
2021-06-18 09:37:30,B,1076.1,1,1
2021-06-18 09:37:30,B,1076.05,1,5
2021-06-18 09:37:30,B,1075.1,2,2
2021-06-18 09:37:30,B,1075.05,1,9
2021-06-18 09:37:30,B,1075.0,1,1
2021-06-18 09:37:34,S,1077.15,1,1
2021-06-18 09:37:34,S,1077.2,1,5
2021-06-18 09:37:34,S,1077.55,1,12
2021-06-18 09:37:34,S,1077.65,1,6
2021-06-18 09:37:34,S,1077.7,1,3
2021-06-18 09:37:34,B,1075.2,1,1
2021-06-18 09:37:34,B,1075.15,1,2
2021-06-18 09:37:34,B,1075.05,1,9
2021-06-18 09:37:34,B,1074.85,1,4
2021-06-18 09:37:34,B,1074.25,2,2
2021-06-18 09:37:34,S,1077.15,1,1
2021-06-18 09:37:34,S,1077.2,1,5
2021-06-18 09:37:34,S,1077.55,1,12
2021-06-18 09:37:34,S,1077.65,1,6
2021-06-18 09:37:34,S,1077.7,1,3
2021-06-18 09:37:34,B,1075.2,1,1
2021-06-18 09:37:34,B,1075.15,1,2
2021-06-18 09:37:34,B,1075.05,1,9
2021-06-18 09:37:34,B,1074.85,1,4
2021-06-18 09:37:34,B,1074.25,2,2
2021-06-18 09:37:37,S,1076.6,1,1
2021-06-18 09:37:37,S,1076.65,1,5
2021-06-18 09:37:37,S,1077.25,1,12
2021-06-18 09:37:37,S,1077.55,1,12
2021-06-18 09:37:37,S,1077.65,1,6
2021-06-18 09:37:37,B,1075.2,1,1
2021-06-18 09:37:37,B,1075.15,1,2
2021-06-18 09:37:37,B,1075.05,1,9
2021-06-18 09:37:37,B,1075.0,1,5
2021-06-18 09:37:37,B,1074.45,1,6
2021-06-18 09:37:37,S,1076.6,1,1
2021-06-18 09:37:37,S,1076.65,1,5
2021-06-18 09:37:37,S,1077.25,1,12
2021-06-18 09:37:37,S,1077.55,1,12
2021-06-18 09:37:37,S,1077.65,1,6
2021-06-18 09:37:37,B,1075.2,1,1
2021-06-18 09:37:37,B,1075.15,1,2
2021-06-18 09:37:37,B,1075.05,1,9
2021-06-18 09:37:37,B,1075.0,1,5
2021-06-18 09:37:37,B,1074.45,1,6
2021-06-18 09:37:40,S,1077.7,1,3
2021-06-18 09:37:40,S,1078.0,1,5
2021-06-18 09:37:40,S,1078.3,2,2
2021-06-18 09:37:40,S,1078.35,3,17
2021-06-18 09:37:40,S,1078.4,1,30
2021-06-18 09:37:40,B,1075.8,1,1
2021-06-18 09:37:40,B,1075.75,1,5
2021-06-18 09:37:40,B,1075.4,1,4
2021-06-18 09:37:40,B,1074.55,2,2
2021-06-18 09:37:40,B,1074.5,1,2
2021-06-18 09:37:40,S,1077.7,1,3
2021-06-18 09:37:40,S,1078.0,1,5
2021-06-18 09:37:40,S,1078.3,2,2
2021-06-18 09:37:40,S,1078.35,3,17
2021-06-18 09:37:40,S,1078.4,1,30
2021-06-18 09:37:40,B,1075.8,1,1
2021-06-18 09:37:40,B,1075.75,1,5
2021-06-18 09:37:40,B,1075.4,1,4
2021-06-18 09:37:40,B,1074.55,2,2
2021-06-18 09:37:40,B,1074.5,1,2
2021-06-18 09:37:43,S,1077.8,1,5
2021-06-18 09:37:43,S,1078.0,1,5
2021-06-18 09:37:43,S,1078.25,1,3
2021-06-18 09:37:43,S,1078.3,1,4
2021-06-18 09:37:43,S,1078.35,2,12
2021-06-18 09:37:43,B,1076.15,1,1
2021-06-18 09:37:43,B,1076.1,1,5
2021-06-18 09:37:43,B,1075.8,1,4
2021-06-18 09:37:43,B,1075.0,1,4
2021-06-18 09:37:43,B,1074.6,2,2
2021-06-18 09:37:43,S,1077.8,1,5
2021-06-18 09:37:43,S,1078.0,1,5
2021-06-18 09:37:43,S,1078.25,1,3
2021-06-18 09:37:43,S,1078.3,1,4
2021-06-18 09:37:43,S,1078.35,2,12
2021-06-18 09:37:43,B,1076.15,1,1
2021-06-18 09:37:43,B,1076.1,1,5
2021-06-18 09:37:43,B,1075.8,1,4
2021-06-18 09:37:43,B,1075.0,1,4
2021-06-18 09:37:43,B,1074.6,2,2
2021-06-18 09:37:45,S,1077.8,1,5
2021-06-18 09:37:45,S,1078.0,1,5
2021-06-18 09:37:45,S,1078.25,1,3
2021-06-18 09:37:45,S,1078.3,1,4
2021-06-18 09:37:45,S,1078.35,2,12
2021-06-18 09:37:45,B,1076.15,1,1
2021-06-18 09:37:45,B,1076.1,1,5
2021-06-18 09:37:45,B,1075.8,1,4
2021-06-18 09:37:45,B,1075.0,1,4
2021-06-18 09:37:45,B,1074.6,2,2
2021-06-18 09:37:45,S,1077.8,1,5
2021-06-18 09:37:45,S,1078.0,1,5
2021-06-18 09:37:45,S,1078.25,1,3
2021-06-18 09:37:45,S,1078.3,1,4
2021-06-18 09:37:45,S,1078.35,2,12
2021-06-18 09:37:45,B,1076.15,1,1
2021-06-18 09:37:45,B,1076.1,1,5
2021-06-18 09:37:45,B,1075.8,1,4
2021-06-18 09:37:45,B,1075.0,1,4
2021-06-18 09:37:45,B,1074.6,2,2
2021-06-18 09:37:46,S,1077.8,1,5
2021-06-18 09:37:46,S,1078.0,1,5
2021-06-18 09:37:46,S,1078.25,1,3
2021-06-18 09:37:46,S,1078.3,1,4
2021-06-18 09:37:46,S,1078.35,2,12
2021-06-18 09:37:46,B,1076.15,1,1
2021-06-18 09:37:46,B,1076.1,1,5
2021-06-18 09:37:46,B,1075.8,1,4
2021-06-18 09:37:46,B,1075.0,1,4
2021-06-18 09:37:46,B,1074.6,2,2
2021-06-18 09:37:46,S,1077.8,1,5
2021-06-18 09:37:46,S,1078.0,1,5
2021-06-18 09:37:46,S,1078.25,1,3
2021-06-18 09:37:46,S,1078.3,1,4
2021-06-18 09:37:46,S,1078.35,2,12
2021-06-18 09:37:46,B,1076.15,1,1
2021-06-18 09:37:46,B,1076.1,1,5
2021-06-18 09:37:46,B,1075.8,1,4
2021-06-18 09:37:46,B,1075.0,1,4
2021-06-18 09:37:46,B,1074.6,2,2
2021-06-18 09:37:47,S,1078.2,1,5
2021-06-18 09:37:47,S,1078.25,1,1
2021-06-18 09:37:47,S,1078.3,1,1
2021-06-18 09:37:47,S,1078.4,1,30
2021-06-18 09:37:47,S,1078.8,1,1
2021-06-18 09:37:47,B,1075.2,2,6
2021-06-18 09:37:47,B,1075.15,1,5
2021-06-18 09:37:47,B,1075.1,2,2
2021-06-18 09:37:47,B,1074.8,1,5
2021-06-18 09:37:47,B,1074.7,1,5
2021-06-18 09:37:47,S,1078.2,1,5
2021-06-18 09:37:47,S,1078.25,1,1
2021-06-18 09:37:47,S,1078.3,1,1
2021-06-18 09:37:47,S,1078.4,1,30
2021-06-18 09:37:47,S,1078.8,1,1
2021-06-18 09:37:47,B,1075.2,2,6
2021-06-18 09:37:47,B,1075.15,1,5
2021-06-18 09:37:47,B,1075.1,2,2
2021-06-18 09:37:47,B,1074.8,1,5
2021-06-18 09:37:47,B,1074.7,1,5
2021-06-18 09:37:49,S,1078.2,1,5
2021-06-18 09:37:49,S,1078.25,1,1
2021-06-18 09:37:49,S,1078.3,1,1
2021-06-18 09:37:49,S,1078.4,1,30
2021-06-18 09:37:49,S,1078.8,1,1
2021-06-18 09:37:49,B,1075.2,2,6
2021-06-18 09:37:49,B,1075.15,1,5
2021-06-18 09:37:49,B,1075.1,2,2
2021-06-18 09:37:49,B,1074.8,1,5
2021-06-18 09:37:49,B,1074.7,1,5
2021-06-18 09:37:49,S,1078.2,1,5
2021-06-18 09:37:49,S,1078.25,1,1
2021-06-18 09:37:49,S,1078.3,1,1
2021-06-18 09:37:49,S,1078.4,1,30
2021-06-18 09:37:49,S,1078.8,1,1
2021-06-18 09:37:49,B,1075.2,2,6
2021-06-18 09:37:49,B,1075.15,1,5
2021-06-18 09:37:49,B,1075.1,2,2
2021-06-18 09:37:49,B,1074.8,1,5
2021-06-18 09:37:49,B,1074.7,1,5
2021-06-18 09:37:49,S,1079.45,1,5
2021-06-18 09:37:49,S,1079.5,2,2
2021-06-18 09:37:49,S,1079.95,1,6
2021-06-18 09:37:49,S,1080.0,6,374
2021-06-18 09:37:49,S,1080.3,2,12
2021-06-18 09:37:49,B,1076.45,1,1
2021-06-18 09:37:49,B,1076.4,1,5
2021-06-18 09:37:49,B,1076.35,2,2
2021-06-18 09:37:49,B,1075.5,1,4
2021-06-18 09:37:49,B,1075.15,1,5
2021-06-18 09:37:49,S,1079.45,1,5
2021-06-18 09:37:49,S,1079.5,2,2
2021-06-18 09:37:49,S,1079.95,1,6
2021-06-18 09:37:49,S,1080.0,6,374
2021-06-18 09:37:49,S,1080.3,2,12
2021-06-18 09:37:49,B,1076.45,1,1
2021-06-18 09:37:49,B,1076.4,1,5
2021-06-18 09:37:49,B,1076.35,2,2
2021-06-18 09:37:49,B,1075.5,1,4
2021-06-18 09:37:49,B,1075.15,1,5
2021-06-18 09:37:50,S,1079.45,1,5
2021-06-18 09:37:50,S,1079.5,2,2
2021-06-18 09:37:50,S,1079.95,1,6
2021-06-18 09:37:50,S,1080.0,6,374
2021-06-18 09:37:50,S,1080.3,2,12
2021-06-18 09:37:50,B,1076.45,1,1
2021-06-18 09:37:50,B,1076.4,1,5
2021-06-18 09:37:50,B,1076.35,2,2
2021-06-18 09:37:50,B,1075.5,1,4
2021-06-18 09:37:50,B,1075.15,1,5
2021-06-18 09:37:50,S,1079.45,1,5
2021-06-18 09:37:50,S,1079.5,2,2
2021-06-18 09:37:50,S,1079.95,1,6
2021-06-18 09:37:50,S,1080.0,6,374
2021-06-18 09:37:50,S,1080.3,2,12
2021-06-18 09:37:50,B,1076.45,1,1
2021-06-18 09:37:50,B,1076.4,1,5
2021-06-18 09:37:50,B,1076.35,2,2
2021-06-18 09:37:50,B,1075.5,1,4
2021-06-18 09:37:50,B,1075.15,1,5
2021-06-18 09:37:51,S,1079.45,1,5
2021-06-18 09:37:51,S,1079.5,2,2
2021-06-18 09:37:51,S,1079.95,1,6
2021-06-18 09:37:51,S,1080.0,6,374
2021-06-18 09:37:51,S,1080.3,2,12
2021-06-18 09:37:51,B,1076.45,1,1
2021-06-18 09:37:51,B,1076.4,1,5
2021-06-18 09:37:51,B,1076.35,2,2
2021-06-18 09:37:51,B,1075.5,1,4
2021-06-18 09:37:51,B,1075.15,1,5
2021-06-18 09:37:51,S,1079.45,1,5
2021-06-18 09:37:51,S,1079.5,2,2
2021-06-18 09:37:51,S,1079.95,1,6
2021-06-18 09:37:51,S,1080.0,6,374
2021-06-18 09:37:51,S,1080.3,2,12
2021-06-18 09:37:51,B,1076.45,1,1
2021-06-18 09:37:51,B,1076.4,1,5
2021-06-18 09:37:51,B,1076.35,2,2
2021-06-18 09:37:51,B,1075.5,1,4
2021-06-18 09:37:51,B,1075.15,1,5
2021-06-18 09:37:52,S,1076.1,1,1
2021-06-18 09:37:52,S,1076.15,1,5
2021-06-18 09:37:52,S,1076.95,1,12
2021-06-18 09:37:52,S,1077.0,1,10
2021-06-18 09:37:52,S,1077.2,2,2
2021-06-18 09:37:52,B,1074.5,1,1
2021-06-18 09:37:52,B,1074.45,1,4
2021-06-18 09:37:52,B,1074.4,1,2
2021-06-18 09:37:52,B,1074.0,1,1
2021-06-18 09:37:52,B,1073.8,1,1
2021-06-18 09:37:52,S,1076.1,1,1
2021-06-18 09:37:52,S,1076.15,1,5
2021-06-18 09:37:52,S,1076.95,1,12
2021-06-18 09:37:52,S,1077.0,1,10
2021-06-18 09:37:52,S,1077.2,2,2
2021-06-18 09:37:52,B,1074.5,1,1
2021-06-18 09:37:52,B,1074.45,1,4
2021-06-18 09:37:52,B,1074.4,1,2
2021-06-18 09:37:52,B,1074.0,1,1
2021-06-18 09:37:52,B,1073.8,1,1
2021-06-18 09:37:55,S,1076.1,1,1
2021-06-18 09:37:55,S,1076.15,1,5
2021-06-18 09:37:55,S,1076.95,1,12
2021-06-18 09:37:55,S,1077.0,1,10
2021-06-18 09:37:55,S,1077.05,1,3
2021-06-18 09:37:55,B,1074.7,1,1
2021-06-18 09:37:55,B,1074.65,1,5
2021-06-18 09:37:55,B,1074.55,1,4
2021-06-18 09:37:55,B,1074.4,1,2
2021-06-18 09:37:55,B,1074.0,1,1
2021-06-18 09:37:55,S,1076.1,1,1
2021-06-18 09:37:55,S,1076.15,1,5
2021-06-18 09:37:55,S,1076.95,1,12
2021-06-18 09:37:55,S,1077.0,1,10
2021-06-18 09:37:55,S,1077.05,1,3
2021-06-18 09:37:55,B,1074.7,1,1
2021-06-18 09:37:55,B,1074.65,1,5
2021-06-18 09:37:55,B,1074.55,1,4
2021-06-18 09:37:55,B,1074.4,1,2
2021-06-18 09:37:55,B,1074.0,1,1
2021-06-18 09:37:59,S,1076.85,1,1
2021-06-18 09:37:59,S,1076.9,1,4
2021-06-18 09:37:59,S,1076.95,1,12
2021-06-18 09:37:59,S,1077.0,1,10
2021-06-18 09:37:59,S,1077.05,1,3
2021-06-18 09:37:59,B,1074.2,1,1
2021-06-18 09:37:59,B,1074.15,1,4
2021-06-18 09:37:59,B,1074.1,2,2
2021-06-18 09:37:59,B,1074.05,1,1
2021-06-18 09:37:59,B,1074.0,1,1
2021-06-18 09:37:59,S,1076.85,1,1
2021-06-18 09:37:59,S,1076.9,1,4
2021-06-18 09:37:59,S,1076.95,1,12
2021-06-18 09:37:59,S,1077.0,1,10
2021-06-18 09:37:59,S,1077.05,1,3
2021-06-18 09:37:59,B,1074.2,1,1
2021-06-18 09:37:59,B,1074.15,1,4
2021-06-18 09:37:59,B,1074.1,2,2
2021-06-18 09:37:59,B,1074.05,1,1
2021-06-18 09:37:59,B,1074.0,1,1
2021-06-18 09:38:03,S,1076.85,1,1
2021-06-18 09:38:03,S,1076.9,1,4
2021-06-18 09:38:03,S,1076.95,1,12
2021-06-18 09:38:03,S,1077.0,1,10
2021-06-18 09:38:03,S,1077.05,1,3
2021-06-18 09:38:03,B,1074.35,1,1
2021-06-18 09:38:03,B,1074.3,1,2
2021-06-18 09:38:03,B,1074.1,1,4
2021-06-18 09:38:03,B,1074.05,2,2
2021-06-18 09:38:03,B,1074.0,1,1
2021-06-18 09:38:03,S,1076.85,1,1
2021-06-18 09:38:03,S,1076.9,1,4
2021-06-18 09:38:03,S,1076.95,1,12
2021-06-18 09:38:03,S,1077.0,1,10
2021-06-18 09:38:03,S,1077.05,1,3
2021-06-18 09:38:03,B,1074.35,1,1
2021-06-18 09:38:03,B,1074.3,1,2
2021-06-18 09:38:03,B,1074.1,1,4
2021-06-18 09:38:03,B,1074.05,2,2
2021-06-18 09:38:03,B,1074.0,1,1
2021-06-18 09:38:06,S,1075.75,1,1
2021-06-18 09:38:06,S,1075.8,1,5
2021-06-18 09:38:06,S,1076.3,1,3
2021-06-18 09:38:06,S,1076.35,1,12
2021-06-18 09:38:06,S,1076.65,1,12
2021-06-18 09:38:06,B,1074.1,1,1
2021-06-18 09:38:06,B,1074.05,1,1
2021-06-18 09:38:06,B,1074.0,1,1
2021-06-18 09:38:06,B,1073.9,1,5
2021-06-18 09:38:06,B,1073.8,1,1
2021-06-18 09:38:06,S,1075.75,1,1
2021-06-18 09:38:06,S,1075.8,1,5
2021-06-18 09:38:06,S,1076.3,1,3
2021-06-18 09:38:06,S,1076.35,1,12
2021-06-18 09:38:06,S,1076.65,1,12
2021-06-18 09:38:06,B,1074.1,1,1
2021-06-18 09:38:06,B,1074.05,1,1
2021-06-18 09:38:06,B,1074.0,1,1
2021-06-18 09:38:06,B,1073.9,1,5
2021-06-18 09:38:06,B,1073.8,1,1
2021-06-18 09:38:07,S,1075.75,1,1
2021-06-18 09:38:07,S,1075.8,1,5
2021-06-18 09:38:07,S,1076.3,1,3
2021-06-18 09:38:07,S,1076.35,1,12
2021-06-18 09:38:07,S,1076.65,1,12
2021-06-18 09:38:07,B,1074.1,1,1
2021-06-18 09:38:07,B,1074.05,1,1
2021-06-18 09:38:07,B,1074.0,1,1
2021-06-18 09:38:07,B,1073.9,1,5
2021-06-18 09:38:07,B,1073.8,1,1
2021-06-18 09:38:07,S,1075.75,1,1
2021-06-18 09:38:07,S,1075.8,1,5
2021-06-18 09:38:07,S,1076.3,1,3
2021-06-18 09:38:07,S,1076.35,1,12
2021-06-18 09:38:07,S,1076.65,1,12
2021-06-18 09:38:07,B,1074.1,1,1
2021-06-18 09:38:07,B,1074.05,1,1
2021-06-18 09:38:07,B,1074.0,1,1
2021-06-18 09:38:07,B,1073.9,1,5
2021-06-18 09:38:07,B,1073.8,1,1
2021-06-18 09:38:09,S,1077.0,1,10
2021-06-18 09:38:09,S,1077.1,1,5
2021-06-18 09:38:09,S,1077.35,1,3
2021-06-18 09:38:09,S,1077.5,2,4
2021-06-18 09:38:09,S,1077.55,2,9
2021-06-18 09:38:09,B,1073.95,1,1
2021-06-18 09:38:09,B,1073.9,1,4
2021-06-18 09:38:09,B,1073.65,1,5
2021-06-18 09:38:09,B,1073.4,1,2
2021-06-18 09:38:09,B,1073.35,2,2
2021-06-18 09:38:09,S,1077.0,1,10
2021-06-18 09:38:09,S,1077.1,1,5
2021-06-18 09:38:09,S,1077.35,1,3
2021-06-18 09:38:09,S,1077.5,2,4
2021-06-18 09:38:09,S,1077.55,2,9
2021-06-18 09:38:09,B,1073.95,1,1
2021-06-18 09:38:09,B,1073.9,1,4
2021-06-18 09:38:09,B,1073.65,1,5
2021-06-18 09:38:09,B,1073.4,1,2
2021-06-18 09:38:09,B,1073.35,2,2
2021-06-18 09:38:19,S,1078.35,1,8
2021-06-18 09:38:19,S,1078.4,1,4
2021-06-18 09:38:19,S,1079.3,2,4
2021-06-18 09:38:19,S,1079.35,3,20
2021-06-18 09:38:19,S,1079.45,1,7
2021-06-18 09:38:19,B,1076.05,1,1
2021-06-18 09:38:19,B,1076.0,1,1
2021-06-18 09:38:19,B,1075.9,1,1
2021-06-18 09:38:19,B,1074.9,1,4
2021-06-18 09:38:19,B,1073.9,1,3
2021-06-18 09:38:19,S,1078.35,1,8
2021-06-18 09:38:19,S,1078.4,1,4
2021-06-18 09:38:19,S,1079.3,2,4
2021-06-18 09:38:19,S,1079.35,3,20
2021-06-18 09:38:19,S,1079.45,1,7
2021-06-18 09:38:19,B,1076.05,1,1
2021-06-18 09:38:19,B,1076.0,1,1
2021-06-18 09:38:19,B,1075.9,1,1
2021-06-18 09:38:19,B,1074.9,1,4
2021-06-18 09:38:19,B,1073.9,1,3
2021-06-18 09:38:22,S,1078.95,1,7
2021-06-18 09:38:22,S,1079.0,1,5
2021-06-18 09:38:22,S,1079.2,2,4
2021-06-18 09:38:22,S,1079.35,3,20
2021-06-18 09:38:22,S,1079.45,2,12
2021-06-18 09:38:22,B,1075.75,2,8
2021-06-18 09:38:22,B,1075.7,2,2
2021-06-18 09:38:22,B,1074.9,1,4
2021-06-18 09:38:22,B,1074.6,1,4
2021-06-18 09:38:22,B,1073.95,1,4
2021-06-18 09:38:22,S,1078.95,1,7
2021-06-18 09:38:22,S,1079.0,1,5
2021-06-18 09:38:22,S,1079.2,2,4
2021-06-18 09:38:22,S,1079.35,3,20
2021-06-18 09:38:22,S,1079.45,2,12
2021-06-18 09:38:22,B,1075.75,2,8
2021-06-18 09:38:22,B,1075.7,2,2
2021-06-18 09:38:22,B,1074.9,1,4
2021-06-18 09:38:22,B,1074.6,1,4
2021-06-18 09:38:22,B,1073.95,1,4
2021-06-18 09:38:25,S,1077.2,2,7
2021-06-18 09:38:25,S,1077.25,1,5
2021-06-18 09:38:25,S,1078.6,1,3
2021-06-18 09:38:25,S,1079.3,2,4
2021-06-18 09:38:25,S,1079.35,2,15
2021-06-18 09:38:25,B,1075.8,2,2
2021-06-18 09:38:25,B,1075.0,1,1
2021-06-18 09:38:25,B,1074.95,1,1
2021-06-18 09:38:25,B,1073.95,1,4
2021-06-18 09:38:25,B,1073.9,1,3
2021-06-18 09:38:25,S,1077.2,2,7
2021-06-18 09:38:25,S,1077.25,1,5
2021-06-18 09:38:25,S,1078.6,1,3
2021-06-18 09:38:25,S,1079.3,2,4
2021-06-18 09:38:25,S,1079.35,2,15
2021-06-18 09:38:25,B,1075.8,2,2
2021-06-18 09:38:25,B,1075.0,1,1
2021-06-18 09:38:25,B,1074.95,1,1
2021-06-18 09:38:25,B,1073.95,1,4
2021-06-18 09:38:25,B,1073.9,1,3
2021-06-18 09:38:29,S,1078.0,1,1
2021-06-18 09:38:29,S,1078.05,1,5
2021-06-18 09:38:29,S,1078.6,1,3
2021-06-18 09:38:29,S,1079.0,1,5
2021-06-18 09:38:29,S,1079.3,2,2
2021-06-18 09:38:29,B,1076.2,1,1
2021-06-18 09:38:29,B,1076.15,2,2
2021-06-18 09:38:29,B,1075.3,1,4
2021-06-18 09:38:29,B,1074.95,1,1
2021-06-18 09:38:29,B,1074.65,1,1
2021-06-18 09:38:29,S,1078.0,1,1
2021-06-18 09:38:29,S,1078.05,1,5
2021-06-18 09:38:29,S,1078.6,1,3
2021-06-18 09:38:29,S,1079.0,1,5
2021-06-18 09:38:29,S,1079.3,2,2
2021-06-18 09:38:29,B,1076.2,1,1
2021-06-18 09:38:29,B,1076.15,2,2
2021-06-18 09:38:29,B,1075.3,1,4
2021-06-18 09:38:29,B,1074.95,1,1
2021-06-18 09:38:29,B,1074.65,1,1
2021-06-18 09:38:33,S,1078.05,1,1
2021-06-18 09:38:33,S,1078.1,1,4
2021-06-18 09:38:33,S,1079.05,1,5
2021-06-18 09:38:33,S,1079.15,2,2
2021-06-18 09:38:33,S,1079.25,1,5
2021-06-18 09:38:33,B,1076.1,1,1
2021-06-18 09:38:33,B,1076.05,2,2
2021-06-18 09:38:33,B,1074.95,1,1
2021-06-18 09:38:33,B,1074.65,1,1
2021-06-18 09:38:33,B,1074.6,1,4
2021-06-18 09:38:33,S,1078.05,1,1
2021-06-18 09:38:33,S,1078.1,1,4
2021-06-18 09:38:33,S,1079.05,1,5
2021-06-18 09:38:33,S,1079.15,2,2
2021-06-18 09:38:33,S,1079.25,1,5
2021-06-18 09:38:33,B,1076.1,1,1
2021-06-18 09:38:33,B,1076.05,2,2
2021-06-18 09:38:33,B,1074.95,1,1
2021-06-18 09:38:33,B,1074.65,1,1
2021-06-18 09:38:33,B,1074.6,1,4
2021-06-18 09:38:36,S,1077.65,1,1
2021-06-18 09:38:36,S,1077.7,1,5
2021-06-18 09:38:36,S,1078.95,2,2
2021-06-18 09:38:36,S,1079.0,1,3
2021-06-18 09:38:36,S,1079.35,1,3
2021-06-18 09:38:36,B,1076.1,1,1
2021-06-18 09:38:36,B,1076.05,2,2
2021-06-18 09:38:36,B,1076.0,1,5
2021-06-18 09:38:36,B,1075.4,1,4
2021-06-18 09:38:36,B,1074.95,1,1
2021-06-18 09:38:36,S,1077.65,1,1
2021-06-18 09:38:36,S,1077.7,1,5
2021-06-18 09:38:36,S,1078.95,2,2
2021-06-18 09:38:36,S,1079.0,1,3
2021-06-18 09:38:36,S,1079.35,1,3
2021-06-18 09:38:36,B,1076.1,1,1
2021-06-18 09:38:36,B,1076.05,2,2
2021-06-18 09:38:36,B,1076.0,1,5
2021-06-18 09:38:36,B,1075.4,1,4
2021-06-18 09:38:36,B,1074.95,1,1
2021-06-18 09:38:39,S,1078.15,1,1
2021-06-18 09:38:39,S,1078.2,1,3
2021-06-18 09:38:39,S,1079.0,1,3
2021-06-18 09:38:39,S,1079.3,2,2
2021-06-18 09:38:39,S,1079.35,1,3
2021-06-18 09:38:39,B,1076.45,1,1
2021-06-18 09:38:39,B,1076.4,1,1
2021-06-18 09:38:39,B,1076.3,1,5
2021-06-18 09:38:39,B,1076.1,1,1
2021-06-18 09:38:39,B,1075.35,1,4
2021-06-18 09:38:39,S,1078.15,1,1
2021-06-18 09:38:39,S,1078.2,1,3
2021-06-18 09:38:39,S,1079.0,1,3
2021-06-18 09:38:39,S,1079.3,2,2
2021-06-18 09:38:39,S,1079.35,1,3
2021-06-18 09:38:39,B,1076.45,1,1
2021-06-18 09:38:39,B,1076.4,1,1
2021-06-18 09:38:39,B,1076.3,1,5
2021-06-18 09:38:39,B,1076.1,1,1
2021-06-18 09:38:39,B,1075.35,1,4
2021-06-18 09:38:43,S,1078.45,1,1
2021-06-18 09:38:43,S,1078.5,1,3
2021-06-18 09:38:43,S,1078.55,1,3
2021-06-18 09:38:43,S,1079.0,2,2
2021-06-18 09:38:43,S,1079.05,1,11
2021-06-18 09:38:43,B,1076.15,1,1
2021-06-18 09:38:43,B,1076.1,2,2
2021-06-18 09:38:43,B,1075.55,1,3
2021-06-18 09:38:43,B,1075.45,1,1
2021-06-18 09:38:43,B,1075.35,1,4
2021-06-18 09:38:43,S,1078.45,1,1
2021-06-18 09:38:43,S,1078.5,1,3
2021-06-18 09:38:43,S,1078.55,1,3
2021-06-18 09:38:43,S,1079.0,2,2
2021-06-18 09:38:43,S,1079.05,1,11
2021-06-18 09:38:43,B,1076.15,1,1
2021-06-18 09:38:43,B,1076.1,2,2
2021-06-18 09:38:43,B,1075.55,1,3
2021-06-18 09:38:43,B,1075.45,1,1
2021-06-18 09:38:43,B,1075.35,1,4
2021-06-18 09:38:45,S,1078.45,1,1
2021-06-18 09:38:45,S,1078.5,1,3
2021-06-18 09:38:45,S,1078.55,1,3
2021-06-18 09:38:45,S,1079.0,2,2
2021-06-18 09:38:45,S,1079.05,1,11
2021-06-18 09:38:45,B,1076.15,1,1
2021-06-18 09:38:45,B,1076.1,2,2
2021-06-18 09:38:45,B,1075.55,1,3
2021-06-18 09:38:45,B,1075.45,1,1
2021-06-18 09:38:45,B,1075.35,1,4
2021-06-18 09:38:45,S,1078.45,1,1
2021-06-18 09:38:45,S,1078.5,1,3
2021-06-18 09:38:45,S,1078.55,1,3
2021-06-18 09:38:45,S,1079.0,2,2
2021-06-18 09:38:45,S,1079.05,1,11
2021-06-18 09:38:45,B,1076.15,1,1
2021-06-18 09:38:45,B,1076.1,2,2
2021-06-18 09:38:45,B,1075.55,1,3
2021-06-18 09:38:45,B,1075.45,1,1
2021-06-18 09:38:45,B,1075.35,1,4
2021-06-18 09:38:46,S,1075.85,1,29
2021-06-18 09:38:46,S,1076.4,1,10
2021-06-18 09:38:46,S,1076.7,1,5
2021-06-18 09:38:46,S,1077.7,1,3
2021-06-18 09:38:46,S,1078.35,2,2
2021-06-18 09:38:46,B,1075.05,1,9
2021-06-18 09:38:46,B,1075.0,1,1
2021-06-18 09:38:46,B,1074.95,1,5
2021-06-18 09:38:46,B,1074.75,2,2
2021-06-18 09:38:46,B,1074.5,1,11
2021-06-18 09:38:46,S,1075.85,1,29
2021-06-18 09:38:46,S,1076.4,1,10
2021-06-18 09:38:46,S,1076.7,1,5
2021-06-18 09:38:46,S,1077.7,1,3
2021-06-18 09:38:46,S,1078.35,2,2
2021-06-18 09:38:46,B,1075.05,1,9
2021-06-18 09:38:46,B,1075.0,1,1
2021-06-18 09:38:46,B,1074.95,1,5
2021-06-18 09:38:46,B,1074.75,2,2
2021-06-18 09:38:46,B,1074.5,1,11
2021-06-18 09:38:52,S,1075.85,1,29
2021-06-18 09:38:52,S,1076.4,1,10
2021-06-18 09:38:52,S,1076.7,1,5
2021-06-18 09:38:52,S,1077.0,1,3
2021-06-18 09:38:52,S,1077.7,1,3
2021-06-18 09:38:52,B,1075.05,1,9
2021-06-18 09:38:52,B,1075.0,1,1
2021-06-18 09:38:52,B,1074.95,1,5
2021-06-18 09:38:52,B,1074.75,2,2
2021-06-18 09:38:52,B,1074.5,1,11
2021-06-18 09:38:52,S,1075.85,1,29
2021-06-18 09:38:52,S,1076.4,1,10
2021-06-18 09:38:52,S,1076.7,1,5
2021-06-18 09:38:52,S,1077.0,1,3
2021-06-18 09:38:52,S,1077.7,1,3
2021-06-18 09:38:52,B,1075.05,1,9
2021-06-18 09:38:52,B,1075.0,1,1
2021-06-18 09:38:52,B,1074.95,1,5
2021-06-18 09:38:52,B,1074.75,2,2
2021-06-18 09:38:52,B,1074.5,1,11
2021-06-18 09:38:55,S,1075.85,1,29
2021-06-18 09:38:55,S,1076.4,1,10
2021-06-18 09:38:55,S,1076.7,1,5
2021-06-18 09:38:55,S,1077.0,1,3
2021-06-18 09:38:55,S,1077.7,1,3
2021-06-18 09:38:55,B,1075.05,1,9
2021-06-18 09:38:55,B,1075.0,1,1
2021-06-18 09:38:55,B,1074.95,1,5
2021-06-18 09:38:55,B,1074.75,2,2
2021-06-18 09:38:55,B,1074.5,1,11
2021-06-18 09:38:55,S,1075.85,1,29
2021-06-18 09:38:55,S,1076.4,1,10
2021-06-18 09:38:55,S,1076.7,1,5
2021-06-18 09:38:55,S,1077.0,1,3
2021-06-18 09:38:55,S,1077.7,1,3
2021-06-18 09:38:55,B,1075.05,1,9
2021-06-18 09:38:55,B,1075.0,1,1
2021-06-18 09:38:55,B,1074.95,1,5
2021-06-18 09:38:55,B,1074.75,2,2
2021-06-18 09:38:55,B,1074.5,1,11
2021-06-18 09:38:55,S,1076.4,1,10
2021-06-18 09:38:55,S,1077.7,1,3
2021-06-18 09:38:55,S,1078.55,1,3
2021-06-18 09:38:55,S,1079.3,2,2
2021-06-18 09:38:55,S,1079.35,1,3
2021-06-18 09:38:55,B,1075.35,2,15
2021-06-18 09:38:55,B,1075.3,2,2
2021-06-18 09:38:55,B,1074.5,1,11
2021-06-18 09:38:55,B,1074.45,1,6
2021-06-18 09:38:55,B,1074.2,1,3
2021-06-18 09:38:55,S,1076.4,1,10
2021-06-18 09:38:55,S,1077.7,1,3
2021-06-18 09:38:55,S,1078.55,1,3
2021-06-18 09:38:55,S,1079.3,2,2
2021-06-18 09:38:55,S,1079.35,1,3
2021-06-18 09:38:55,B,1075.35,2,15
2021-06-18 09:38:55,B,1075.3,2,2
2021-06-18 09:38:55,B,1074.5,1,11
2021-06-18 09:38:55,B,1074.45,1,6
2021-06-18 09:38:55,B,1074.2,1,3
2021-06-18 09:38:56,S,1076.4,1,10
2021-06-18 09:38:56,S,1077.7,1,3
2021-06-18 09:38:56,S,1078.55,1,3
2021-06-18 09:38:56,S,1079.3,2,2
2021-06-18 09:38:56,S,1079.35,1,3
2021-06-18 09:38:56,B,1075.35,2,15
2021-06-18 09:38:56,B,1075.3,2,2
2021-06-18 09:38:56,B,1074.5,1,11
2021-06-18 09:38:56,B,1074.45,1,6
2021-06-18 09:38:56,B,1074.2,1,3
2021-06-18 09:38:56,S,1076.4,1,10
2021-06-18 09:38:56,S,1077.7,1,3
2021-06-18 09:38:56,S,1078.55,1,3
2021-06-18 09:38:56,S,1079.3,2,2
2021-06-18 09:38:56,S,1079.35,1,3
2021-06-18 09:38:56,B,1075.35,2,15
2021-06-18 09:38:56,B,1075.3,2,2
2021-06-18 09:38:56,B,1074.5,1,11
2021-06-18 09:38:56,B,1074.45,1,6
2021-06-18 09:38:56,B,1074.2,1,3
2021-06-18 09:38:58,S,1076.4,1,10
2021-06-18 09:38:58,S,1077.7,1,3
2021-06-18 09:38:58,S,1078.55,1,3
2021-06-18 09:38:58,S,1079.3,2,2
2021-06-18 09:38:58,S,1079.35,1,3
2021-06-18 09:38:58,B,1075.35,2,15
2021-06-18 09:38:58,B,1075.3,2,2
2021-06-18 09:38:58,B,1074.5,1,11
2021-06-18 09:38:58,B,1074.45,1,6
2021-06-18 09:38:58,B,1074.2,1,3
2021-06-18 09:38:58,S,1076.4,1,10
2021-06-18 09:38:58,S,1077.7,1,3
2021-06-18 09:38:58,S,1078.55,1,3
2021-06-18 09:38:58,S,1079.3,2,2
2021-06-18 09:38:58,S,1079.35,1,3
2021-06-18 09:38:58,B,1075.35,2,15
2021-06-18 09:38:58,B,1075.3,2,2
2021-06-18 09:38:58,B,1074.5,1,11
2021-06-18 09:38:58,B,1074.45,1,6
2021-06-18 09:38:58,B,1074.2,1,3
2021-06-18 09:38:59,S,1078.35,1,1
2021-06-18 09:38:59,S,1078.4,1,11
2021-06-18 09:38:59,S,1078.65,1,3
2021-06-18 09:38:59,S,1078.7,1,5
2021-06-18 09:38:59,S,1079.15,1,5
2021-06-18 09:38:59,B,1075.55,1,1
2021-06-18 09:38:59,B,1075.5,1,1
2021-06-18 09:38:59,B,1075.2,1,1
2021-06-18 09:38:59,B,1074.75,1,4
2021-06-18 09:38:59,B,1074.6,2,10
2021-06-18 09:38:59,S,1078.35,1,1
2021-06-18 09:38:59,S,1078.4,1,11
2021-06-18 09:38:59,S,1078.65,1,3
2021-06-18 09:38:59,S,1078.7,1,5
2021-06-18 09:38:59,S,1079.15,1,5
2021-06-18 09:38:59,B,1075.55,1,1
2021-06-18 09:38:59,B,1075.5,1,1
2021-06-18 09:38:59,B,1075.2,1,1
2021-06-18 09:38:59,B,1074.75,1,4
2021-06-18 09:38:59,B,1074.6,2,10
2021-06-18 09:39:01,S,1078.35,1,1
2021-06-18 09:39:01,S,1078.4,1,11
2021-06-18 09:39:01,S,1078.65,1,3
2021-06-18 09:39:01,S,1078.7,1,5
2021-06-18 09:39:01,S,1079.15,1,5
2021-06-18 09:39:01,B,1075.55,1,1
2021-06-18 09:39:01,B,1075.5,1,1
2021-06-18 09:39:01,B,1075.2,1,1
2021-06-18 09:39:01,B,1074.75,1,4
2021-06-18 09:39:01,B,1074.6,2,10
2021-06-18 09:39:01,S,1078.35,1,1
2021-06-18 09:39:01,S,1078.4,1,11
2021-06-18 09:39:01,S,1078.65,1,3
2021-06-18 09:39:01,S,1078.7,1,5
2021-06-18 09:39:01,S,1079.15,1,5
2021-06-18 09:39:01,B,1075.55,1,1
2021-06-18 09:39:01,B,1075.5,1,1
2021-06-18 09:39:01,B,1075.2,1,1
2021-06-18 09:39:01,B,1074.75,1,4
2021-06-18 09:39:01,B,1074.6,2,10
2021-06-18 09:39:06,S,1076.95,1,1
2021-06-18 09:39:06,S,1077.0,1,10
2021-06-18 09:39:06,S,1077.3,1,5
2021-06-18 09:39:06,S,1077.8,1,3
2021-06-18 09:39:06,S,1078.4,1,11
2021-06-18 09:39:06,B,1075.6,1,5
2021-06-18 09:39:06,B,1075.55,1,7
2021-06-18 09:39:06,B,1075.5,2,5
2021-06-18 09:39:06,B,1075.3,1,6
2021-06-18 09:39:06,B,1075.25,1,10
2021-06-18 09:39:06,S,1076.95,1,1
2021-06-18 09:39:06,S,1077.0,1,10
2021-06-18 09:39:06,S,1077.3,1,5
2021-06-18 09:39:06,S,1077.8,1,3
2021-06-18 09:39:06,S,1078.4,1,11
2021-06-18 09:39:06,B,1075.6,1,5
2021-06-18 09:39:06,B,1075.55,1,7
2021-06-18 09:39:06,B,1075.5,2,5
2021-06-18 09:39:06,B,1075.3,1,6
2021-06-18 09:39:06,B,1075.25,1,10
2021-06-18 09:39:09,S,1076.95,1,1
2021-06-18 09:39:09,S,1077.0,2,11
2021-06-18 09:39:09,S,1077.3,1,5
2021-06-18 09:39:09,S,1077.8,1,3
2021-06-18 09:39:09,S,1078.4,1,11
2021-06-18 09:39:09,B,1075.6,1,5
2021-06-18 09:39:09,B,1075.55,1,7
2021-06-18 09:39:09,B,1075.5,2,5
2021-06-18 09:39:09,B,1075.3,1,6
2021-06-18 09:39:09,B,1075.25,1,10
2021-06-18 09:39:09,S,1076.95,1,1
2021-06-18 09:39:09,S,1077.0,2,11
2021-06-18 09:39:09,S,1077.3,1,5
2021-06-18 09:39:09,S,1077.8,1,3
2021-06-18 09:39:09,S,1078.4,1,11
2021-06-18 09:39:09,B,1075.6,1,5
2021-06-18 09:39:09,B,1075.55,1,7
2021-06-18 09:39:09,B,1075.5,2,5
2021-06-18 09:39:09,B,1075.3,1,6
2021-06-18 09:39:09,B,1075.25,1,10
2021-06-18 09:39:10,S,1076.95,1,1
2021-06-18 09:39:10,S,1077.0,2,11
2021-06-18 09:39:10,S,1077.3,1,5
2021-06-18 09:39:10,S,1077.8,1,3
2021-06-18 09:39:10,S,1078.4,1,11
2021-06-18 09:39:10,B,1075.6,1,5
2021-06-18 09:39:10,B,1075.55,1,7
2021-06-18 09:39:10,B,1075.5,2,5
2021-06-18 09:39:10,B,1075.3,1,6
2021-06-18 09:39:10,B,1075.25,1,10
2021-06-18 09:39:10,S,1076.95,1,1
2021-06-18 09:39:10,S,1077.0,2,11
2021-06-18 09:39:10,S,1077.3,1,5
2021-06-18 09:39:10,S,1077.8,1,3
2021-06-18 09:39:10,S,1078.4,1,11
2021-06-18 09:39:10,B,1075.6,1,5
2021-06-18 09:39:10,B,1075.55,1,7
2021-06-18 09:39:10,B,1075.5,2,5
2021-06-18 09:39:10,B,1075.3,1,6
2021-06-18 09:39:10,B,1075.25,1,10
2021-06-18 09:39:12,S,1078.7,2,7
2021-06-18 09:39:12,S,1078.75,1,12
2021-06-18 09:39:12,S,1079.05,1,12
2021-06-18 09:39:12,S,1079.35,2,15
2021-06-18 09:39:12,S,1079.45,1,7
2021-06-18 09:39:12,B,1077.05,1,1
2021-06-18 09:39:12,B,1077.0,1,33
2021-06-18 09:39:12,B,1075.75,2,2
2021-06-18 09:39:12,B,1075.7,1,10
2021-06-18 09:39:12,B,1075.65,1,6
2021-06-18 09:39:12,S,1078.7,2,7
2021-06-18 09:39:12,S,1078.75,1,12
2021-06-18 09:39:12,S,1079.05,1,12
2021-06-18 09:39:12,S,1079.35,2,15
2021-06-18 09:39:12,S,1079.45,1,7
2021-06-18 09:39:12,B,1077.05,1,1
2021-06-18 09:39:12,B,1077.0,1,33
2021-06-18 09:39:12,B,1075.75,2,2
2021-06-18 09:39:12,B,1075.7,1,10
2021-06-18 09:39:12,B,1075.65,1,6
2021-06-18 09:39:16,S,1079.25,1,1
2021-06-18 09:39:16,S,1079.3,1,4
2021-06-18 09:39:16,S,1079.35,1,3
2021-06-18 09:39:16,S,1079.6,1,5
2021-06-18 09:39:16,S,1079.7,2,2
2021-06-18 09:39:16,B,1077.1,1,1
2021-06-18 09:39:16,B,1077.05,2,2
2021-06-18 09:39:16,B,1077.0,1,33
2021-06-18 09:39:16,B,1075.95,1,9
2021-06-18 09:39:16,B,1075.9,1,4
2021-06-18 09:39:16,S,1079.25,1,1
2021-06-18 09:39:16,S,1079.3,1,4
2021-06-18 09:39:16,S,1079.35,1,3
2021-06-18 09:39:16,S,1079.6,1,5
2021-06-18 09:39:16,S,1079.7,2,2
2021-06-18 09:39:16,B,1077.1,1,1
2021-06-18 09:39:16,B,1077.05,2,2
2021-06-18 09:39:16,B,1077.0,1,33
2021-06-18 09:39:16,B,1075.95,1,9
2021-06-18 09:39:16,B,1075.9,1,4
2021-06-18 09:39:19,S,1078.85,1,5
2021-06-18 09:39:19,S,1079.15,1,1
2021-06-18 09:39:19,S,1079.2,1,3
2021-06-18 09:39:19,S,1079.35,1,3
2021-06-18 09:39:19,S,1079.6,1,5
2021-06-18 09:39:19,B,1077.15,1,1
2021-06-18 09:39:19,B,1077.1,2,2
2021-06-18 09:39:19,B,1077.0,1,33
2021-06-18 09:39:19,B,1076.05,1,9
2021-06-18 09:39:19,B,1075.9,1,4
2021-06-18 09:39:19,S,1078.85,1,5
2021-06-18 09:39:19,S,1079.15,1,1
2021-06-18 09:39:19,S,1079.2,1,3
2021-06-18 09:39:19,S,1079.35,1,3
2021-06-18 09:39:19,S,1079.6,1,5
2021-06-18 09:39:19,B,1077.15,1,1
2021-06-18 09:39:19,B,1077.1,2,2
2021-06-18 09:39:19,B,1077.0,1,33
2021-06-18 09:39:19,B,1076.05,1,9
2021-06-18 09:39:19,B,1075.9,1,4
2021-06-18 09:39:22,S,1078.4,1,1
2021-06-18 09:39:22,S,1078.45,1,11
2021-06-18 09:39:22,S,1078.7,1,3
2021-06-18 09:39:22,S,1078.75,1,10
2021-06-18 09:39:22,S,1079.05,1,10
2021-06-18 09:39:22,B,1077.0,1,5
2021-06-18 09:39:22,B,1076.35,1,1
2021-06-18 09:39:22,B,1076.3,3,5
2021-06-18 09:39:22,B,1076.15,1,6
2021-06-18 09:39:22,B,1075.7,1,1
2021-06-18 09:39:22,S,1078.4,1,1
2021-06-18 09:39:22,S,1078.45,1,11
2021-06-18 09:39:22,S,1078.7,1,3
2021-06-18 09:39:22,S,1078.75,1,10
2021-06-18 09:39:22,S,1079.05,1,10
2021-06-18 09:39:22,B,1077.0,1,5
2021-06-18 09:39:22,B,1076.35,1,1
2021-06-18 09:39:22,B,1076.3,3,5
2021-06-18 09:39:22,B,1076.15,1,6
2021-06-18 09:39:22,B,1075.7,1,1
2021-06-18 09:39:26,S,1078.4,2,6
2021-06-18 09:39:26,S,1078.45,1,11
2021-06-18 09:39:26,S,1078.75,1,10
2021-06-18 09:39:26,S,1079.05,1,10
2021-06-18 09:39:26,S,1079.35,2,13
2021-06-18 09:39:26,B,1077.25,1,4
2021-06-18 09:39:26,B,1077.0,1,5
2021-06-18 09:39:26,B,1076.8,1,1
2021-06-18 09:39:26,B,1076.75,1,5
2021-06-18 09:39:26,B,1076.3,3,5
2021-06-18 09:39:26,S,1078.4,2,6
2021-06-18 09:39:26,S,1078.45,1,11
2021-06-18 09:39:26,S,1078.75,1,10
2021-06-18 09:39:26,S,1079.05,1,10
2021-06-18 09:39:26,S,1079.35,2,13
2021-06-18 09:39:26,B,1077.25,1,4
2021-06-18 09:39:26,B,1077.0,1,5
2021-06-18 09:39:26,B,1076.8,1,1
2021-06-18 09:39:26,B,1076.75,1,5
2021-06-18 09:39:26,B,1076.3,3,5
2021-06-18 09:39:33,S,1080.0,6,393
2021-06-18 09:39:33,S,1080.2,1,10
2021-06-18 09:39:33,S,1080.55,1,3
2021-06-18 09:39:33,S,1080.85,1,2
2021-06-18 09:39:33,S,1080.95,1,5
2021-06-18 09:39:33,B,1078.5,1,5
2021-06-18 09:39:33,B,1078.1,1,1
2021-06-18 09:39:33,B,1078.05,3,8
2021-06-18 09:39:33,B,1078.0,1,100
2021-06-18 09:39:33,B,1077.45,1,4
2021-06-18 09:39:33,S,1080.0,6,393
2021-06-18 09:39:33,S,1080.2,1,10
2021-06-18 09:39:33,S,1080.55,1,3
2021-06-18 09:39:33,S,1080.85,1,2
2021-06-18 09:39:33,S,1080.95,1,5
2021-06-18 09:39:33,B,1078.5,1,5
2021-06-18 09:39:33,B,1078.1,1,1
2021-06-18 09:39:33,B,1078.05,3,8
2021-06-18 09:39:33,B,1078.0,1,100
2021-06-18 09:39:33,B,1077.45,1,4
2021-06-18 09:39:36,S,1081.0,1,50
2021-06-18 09:39:36,S,1082.5,1,1
2021-06-18 09:39:36,S,1082.65,2,2
2021-06-18 09:39:36,S,1082.7,1,3
2021-06-18 09:39:36,S,1083.0,1,1
2021-06-18 09:39:36,B,1080.05,2,12
2021-06-18 09:39:36,B,1080.0,1,8
2021-06-18 09:39:36,B,1079.8,1,1
2021-06-18 09:39:36,B,1079.75,1,27
2021-06-18 09:39:36,B,1079.05,1,50
2021-06-18 09:39:36,S,1081.0,1,50
2021-06-18 09:39:36,S,1082.5,1,1
2021-06-18 09:39:36,S,1082.65,2,2
2021-06-18 09:39:36,S,1082.7,1,3
2021-06-18 09:39:36,S,1083.0,1,1
2021-06-18 09:39:36,B,1080.05,2,12
2021-06-18 09:39:36,B,1080.0,1,8
2021-06-18 09:39:36,B,1079.8,1,1
2021-06-18 09:39:36,B,1079.75,1,27
2021-06-18 09:39:36,B,1079.05,1,50
2021-06-18 09:39:37,S,1081.0,1,50
2021-06-18 09:39:37,S,1082.5,1,1
2021-06-18 09:39:37,S,1082.65,2,2
2021-06-18 09:39:37,S,1082.7,1,3
2021-06-18 09:39:37,S,1083.0,1,1
2021-06-18 09:39:37,B,1080.05,2,12
2021-06-18 09:39:37,B,1080.0,1,8
2021-06-18 09:39:37,B,1079.8,1,1
2021-06-18 09:39:37,B,1079.75,1,27
2021-06-18 09:39:37,B,1079.05,1,50
2021-06-18 09:39:37,S,1081.0,1,50
2021-06-18 09:39:37,S,1082.5,1,1
2021-06-18 09:39:37,S,1082.65,2,2
2021-06-18 09:39:37,S,1082.7,1,3
2021-06-18 09:39:37,S,1083.0,1,1
2021-06-18 09:39:37,B,1080.05,2,12
2021-06-18 09:39:37,B,1080.0,1,8
2021-06-18 09:39:37,B,1079.8,1,1
2021-06-18 09:39:37,B,1079.75,1,27
2021-06-18 09:39:37,B,1079.05,1,50
2021-06-18 09:39:37,S,1081.0,1,50
2021-06-18 09:39:37,S,1082.5,1,1
2021-06-18 09:39:37,S,1082.65,2,2
2021-06-18 09:39:37,S,1082.7,1,3
2021-06-18 09:39:37,S,1083.0,1,1
2021-06-18 09:39:37,B,1080.05,2,12
2021-06-18 09:39:37,B,1080.0,1,8
2021-06-18 09:39:37,B,1079.8,1,1
2021-06-18 09:39:37,B,1079.75,1,27
2021-06-18 09:39:37,B,1079.05,1,50
2021-06-18 09:39:37,S,1081.0,1,50
2021-06-18 09:39:37,S,1082.5,1,1
2021-06-18 09:39:37,S,1082.65,2,2
2021-06-18 09:39:37,S,1082.7,1,3
2021-06-18 09:39:37,S,1083.0,1,1
2021-06-18 09:39:37,B,1080.05,2,12
2021-06-18 09:39:37,B,1080.0,1,8
2021-06-18 09:39:37,B,1079.8,1,1
2021-06-18 09:39:37,B,1079.75,1,27
2021-06-18 09:39:37,B,1079.05,1,50
2021-06-18 09:39:39,S,1085.5,1,25
2021-06-18 09:39:39,S,1086.55,1,6
2021-06-18 09:39:39,S,1086.75,1,27
2021-06-18 09:39:39,S,1086.8,1,1
2021-06-18 09:39:39,S,1086.9,1,10
2021-06-18 09:39:39,B,1084.8,1,5
2021-06-18 09:39:39,B,1084.75,1,3
2021-06-18 09:39:39,B,1084.15,1,1
2021-06-18 09:39:39,B,1084.1,2,12
2021-06-18 09:39:39,B,1084.05,1,27
2021-06-18 09:39:39,S,1085.5,1,25
2021-06-18 09:39:39,S,1086.55,1,6
2021-06-18 09:39:39,S,1086.75,1,27
2021-06-18 09:39:39,S,1086.8,1,1
2021-06-18 09:39:39,S,1086.9,1,10
2021-06-18 09:39:39,B,1084.8,1,5
2021-06-18 09:39:39,B,1084.75,1,3
2021-06-18 09:39:39,B,1084.15,1,1
2021-06-18 09:39:39,B,1084.1,2,12
2021-06-18 09:39:39,B,1084.05,1,27
2021-06-18 09:39:42,S,1085.5,1,25
2021-06-18 09:39:42,S,1086.55,1,6
2021-06-18 09:39:42,S,1086.8,2,2
2021-06-18 09:39:42,S,1086.9,1,10
2021-06-18 09:39:42,S,1087.0,1,9
2021-06-18 09:39:42,B,1084.75,2,8
2021-06-18 09:39:42,B,1084.7,1,27
2021-06-18 09:39:42,B,1084.55,1,1
2021-06-18 09:39:42,B,1084.5,1,5
2021-06-18 09:39:42,B,1083.7,1,4
2021-06-18 09:39:42,S,1085.5,1,25
2021-06-18 09:39:42,S,1086.55,1,6
2021-06-18 09:39:42,S,1086.8,2,2
2021-06-18 09:39:42,S,1086.9,1,10
2021-06-18 09:39:42,S,1087.0,1,9
2021-06-18 09:39:42,B,1084.75,2,8
2021-06-18 09:39:42,B,1084.7,1,27
2021-06-18 09:39:42,B,1084.55,1,1
2021-06-18 09:39:42,B,1084.5,1,5
2021-06-18 09:39:42,B,1083.7,1,4
2021-06-18 09:39:43,S,1085.5,1,25
2021-06-18 09:39:43,S,1086.55,1,6
2021-06-18 09:39:43,S,1086.8,2,2
2021-06-18 09:39:43,S,1086.9,1,10
2021-06-18 09:39:43,S,1087.0,1,9
2021-06-18 09:39:43,B,1084.75,2,8
2021-06-18 09:39:43,B,1084.7,1,27
2021-06-18 09:39:43,B,1084.55,1,1
2021-06-18 09:39:43,B,1084.5,1,5
2021-06-18 09:39:43,B,1083.7,1,4
2021-06-18 09:39:43,S,1085.5,1,25
2021-06-18 09:39:43,S,1086.55,1,6
2021-06-18 09:39:43,S,1086.8,2,2
2021-06-18 09:39:43,S,1086.9,1,10
2021-06-18 09:39:43,S,1087.0,1,9
2021-06-18 09:39:43,B,1084.75,2,8
2021-06-18 09:39:43,B,1084.7,1,27
2021-06-18 09:39:43,B,1084.55,1,1
2021-06-18 09:39:43,B,1084.5,1,5
2021-06-18 09:39:43,B,1083.7,1,4
2021-06-18 09:39:45,S,1085.4,1,27
2021-06-18 09:39:45,S,1085.45,1,2
2021-06-18 09:39:45,S,1085.5,3,34
2021-06-18 09:39:45,S,1085.55,2,8
2021-06-18 09:39:45,S,1085.65,1,12
2021-06-18 09:39:45,B,1083.2,1,11
2021-06-18 09:39:45,B,1081.95,1,1
2021-06-18 09:39:45,B,1081.9,1,12
2021-06-18 09:39:45,B,1081.6,2,2
2021-06-18 09:39:45,B,1081.55,1,12
2021-06-18 09:39:45,S,1085.4,1,27
2021-06-18 09:39:45,S,1085.45,1,2
2021-06-18 09:39:45,S,1085.5,3,34
2021-06-18 09:39:45,S,1085.55,2,8
2021-06-18 09:39:45,S,1085.65,1,12
2021-06-18 09:39:45,B,1083.2,1,11
2021-06-18 09:39:45,B,1081.95,1,1
2021-06-18 09:39:45,B,1081.9,1,12
2021-06-18 09:39:45,B,1081.6,2,2
2021-06-18 09:39:45,B,1081.55,1,12
2021-06-18 09:39:48,S,1084.3,1,8
2021-06-18 09:39:48,S,1084.35,1,8
2021-06-18 09:39:48,S,1084.45,2,8
2021-06-18 09:39:48,S,1084.75,2,12
2021-06-18 09:39:48,S,1085.05,1,13
2021-06-18 09:39:48,B,1083.2,1,11
2021-06-18 09:39:48,B,1082.4,1,1
2021-06-18 09:39:48,B,1082.35,1,12
2021-06-18 09:39:48,B,1082.3,1,2
2021-06-18 09:39:48,B,1082.25,2,2
2021-06-18 09:39:48,S,1084.3,1,8
2021-06-18 09:39:48,S,1084.35,1,8
2021-06-18 09:39:48,S,1084.45,2,8
2021-06-18 09:39:48,S,1084.75,2,12
2021-06-18 09:39:48,S,1085.05,1,13
2021-06-18 09:39:48,B,1083.2,1,11
2021-06-18 09:39:48,B,1082.4,1,1
2021-06-18 09:39:48,B,1082.35,1,12
2021-06-18 09:39:48,B,1082.3,1,2
2021-06-18 09:39:48,B,1082.25,2,2
2021-06-18 09:39:49,S,1084.3,1,8
2021-06-18 09:39:49,S,1084.35,1,8
2021-06-18 09:39:49,S,1084.45,2,8
2021-06-18 09:39:49,S,1084.75,2,12
2021-06-18 09:39:49,S,1085.05,1,13
2021-06-18 09:39:49,B,1083.2,1,11
2021-06-18 09:39:49,B,1082.4,1,1
2021-06-18 09:39:49,B,1082.35,1,12
2021-06-18 09:39:49,B,1082.3,1,2
2021-06-18 09:39:49,B,1082.25,2,2
2021-06-18 09:39:49,S,1084.3,1,8
2021-06-18 09:39:49,S,1084.35,1,8
2021-06-18 09:39:49,S,1084.45,2,8
2021-06-18 09:39:49,S,1084.75,2,12
2021-06-18 09:39:49,S,1085.05,1,13
2021-06-18 09:39:49,B,1083.2,1,11
2021-06-18 09:39:49,B,1082.4,1,1
2021-06-18 09:39:49,B,1082.35,1,12
2021-06-18 09:39:49,B,1082.3,1,2
2021-06-18 09:39:49,B,1082.25,2,2
2021-06-18 09:39:50,S,1084.3,1,8
2021-06-18 09:39:50,S,1084.35,1,8
2021-06-18 09:39:50,S,1084.45,2,8
2021-06-18 09:39:50,S,1084.75,2,12
2021-06-18 09:39:50,S,1085.05,1,13
2021-06-18 09:39:50,B,1083.2,1,11
2021-06-18 09:39:50,B,1082.4,1,1
2021-06-18 09:39:50,B,1082.35,1,12
2021-06-18 09:39:50,B,1082.3,1,2
2021-06-18 09:39:50,B,1082.25,2,2
2021-06-18 09:39:50,S,1084.3,1,8
2021-06-18 09:39:50,S,1084.35,1,8
2021-06-18 09:39:50,S,1084.45,2,8
2021-06-18 09:39:50,S,1084.75,2,12
2021-06-18 09:39:50,S,1085.05,1,13
2021-06-18 09:39:50,B,1083.2,1,11
2021-06-18 09:39:50,B,1082.4,1,1
2021-06-18 09:39:50,B,1082.35,1,12
2021-06-18 09:39:50,B,1082.3,1,2
2021-06-18 09:39:50,B,1082.25,2,2
2021-06-18 09:39:51,S,1085.55,1,7
2021-06-18 09:39:51,S,1085.6,1,6
2021-06-18 09:39:51,S,1085.65,3,18
2021-06-18 09:39:51,S,1085.95,1,12
2021-06-18 09:39:51,S,1086.05,2,4
2021-06-18 09:39:51,B,1083.1,1,1
2021-06-18 09:39:51,B,1083.05,1,12
2021-06-18 09:39:51,B,1083.0,2,2
2021-06-18 09:39:51,B,1082.9,1,4
2021-06-18 09:39:51,B,1082.2,1,2
2021-06-18 09:39:51,S,1085.55,1,7
2021-06-18 09:39:51,S,1085.6,1,6
2021-06-18 09:39:51,S,1085.65,3,18
2021-06-18 09:39:51,S,1085.95,1,12
2021-06-18 09:39:51,S,1086.05,2,4
2021-06-18 09:39:51,B,1083.1,1,1
2021-06-18 09:39:51,B,1083.05,1,12
2021-06-18 09:39:51,B,1083.0,2,2
2021-06-18 09:39:51,B,1082.9,1,4
2021-06-18 09:39:51,B,1082.2,1,2
2021-06-18 09:39:54,S,1083.2,1,50
2021-06-18 09:39:54,S,1083.55,1,13
2021-06-18 09:39:54,S,1083.85,2,13
2021-06-18 09:39:54,S,1084.0,2,3
2021-06-18 09:39:54,S,1084.15,2,14
2021-06-18 09:39:54,B,1081.65,2,6
2021-06-18 09:39:54,B,1081.55,1,12
2021-06-18 09:39:54,B,1081.5,2,2
2021-06-18 09:39:54,B,1081.35,1,6
2021-06-18 09:39:54,B,1081.25,1,6
2021-06-18 09:39:54,S,1083.2,1,50
2021-06-18 09:39:54,S,1083.55,1,13
2021-06-18 09:39:54,S,1083.85,2,13
2021-06-18 09:39:54,S,1084.0,2,3
2021-06-18 09:39:54,S,1084.15,2,14
2021-06-18 09:39:54,B,1081.65,2,6
2021-06-18 09:39:54,B,1081.55,1,12
2021-06-18 09:39:54,B,1081.5,2,2
2021-06-18 09:39:54,B,1081.35,1,6
2021-06-18 09:39:54,B,1081.25,1,6
2021-06-18 09:39:58,S,1083.2,1,50
2021-06-18 09:39:58,S,1083.55,1,13
2021-06-18 09:39:58,S,1083.85,2,13
2021-06-18 09:39:58,S,1084.0,2,3
2021-06-18 09:39:58,S,1084.15,2,14
2021-06-18 09:39:58,B,1081.6,1,1
2021-06-18 09:39:58,B,1081.55,1,12
2021-06-18 09:39:58,B,1081.5,2,2
2021-06-18 09:39:58,B,1081.35,1,6
2021-06-18 09:39:58,B,1081.0,1,2
2021-06-18 09:39:58,S,1083.2,1,50
2021-06-18 09:39:58,S,1083.55,1,13
2021-06-18 09:39:58,S,1083.85,2,13
2021-06-18 09:39:58,S,1084.0,2,3
2021-06-18 09:39:58,S,1084.15,2,14
2021-06-18 09:39:58,B,1081.6,1,1
2021-06-18 09:39:58,B,1081.55,1,12
2021-06-18 09:39:58,B,1081.5,2,2
2021-06-18 09:39:58,B,1081.35,1,6
2021-06-18 09:39:58,B,1081.0,1,2
2021-06-18 09:40:01,S,1083.2,1,50
2021-06-18 09:40:01,S,1083.55,1,13
2021-06-18 09:40:01,S,1083.85,2,13
2021-06-18 09:40:01,S,1084.0,2,3
2021-06-18 09:40:01,S,1084.15,2,14
2021-06-18 09:40:01,B,1082.0,1,2
2021-06-18 09:40:01,B,1081.6,1,1
2021-06-18 09:40:01,B,1081.55,1,12
2021-06-18 09:40:01,B,1081.5,2,2
2021-06-18 09:40:01,B,1081.35,1,6
2021-06-18 09:40:01,S,1083.2,1,50
2021-06-18 09:40:01,S,1083.55,1,13
2021-06-18 09:40:01,S,1083.85,2,13
2021-06-18 09:40:01,S,1084.0,2,3
2021-06-18 09:40:01,S,1084.15,2,14
2021-06-18 09:40:01,B,1082.0,1,2
2021-06-18 09:40:01,B,1081.6,1,1
2021-06-18 09:40:01,B,1081.55,1,12
2021-06-18 09:40:01,B,1081.5,2,2
2021-06-18 09:40:01,B,1081.35,1,6
2021-06-18 09:40:03,S,1083.2,1,50
2021-06-18 09:40:03,S,1083.55,1,13
2021-06-18 09:40:03,S,1083.85,2,13
2021-06-18 09:40:03,S,1084.0,2,3
2021-06-18 09:40:03,S,1084.15,2,14
2021-06-18 09:40:03,B,1082.0,1,2
2021-06-18 09:40:03,B,1081.6,1,1
2021-06-18 09:40:03,B,1081.55,1,12
2021-06-18 09:40:03,B,1081.5,2,2
2021-06-18 09:40:03,B,1081.35,1,6
2021-06-18 09:40:03,S,1083.2,1,50
2021-06-18 09:40:03,S,1083.55,1,13
2021-06-18 09:40:03,S,1083.85,2,13
2021-06-18 09:40:03,S,1084.0,2,3
2021-06-18 09:40:03,S,1084.15,2,14
2021-06-18 09:40:03,B,1082.0,1,2
2021-06-18 09:40:03,B,1081.6,1,1
2021-06-18 09:40:03,B,1081.55,1,12
2021-06-18 09:40:03,B,1081.5,2,2
2021-06-18 09:40:03,B,1081.35,1,6
2021-06-18 09:40:04,S,1083.2,1,40
2021-06-18 09:40:04,S,1083.55,1,13
2021-06-18 09:40:04,S,1083.85,2,13
2021-06-18 09:40:04,S,1084.0,2,3
2021-06-18 09:40:04,S,1084.15,2,14
2021-06-18 09:40:04,B,1082.0,1,2
2021-06-18 09:40:04,B,1081.6,2,6
2021-06-18 09:40:04,B,1081.55,1,12
2021-06-18 09:40:04,B,1081.5,2,2
2021-06-18 09:40:04,B,1081.35,1,6
2021-06-18 09:40:04,S,1083.2,1,40
2021-06-18 09:40:04,S,1083.55,1,13
2021-06-18 09:40:04,S,1083.85,2,13
2021-06-18 09:40:04,S,1084.0,2,3
2021-06-18 09:40:04,S,1084.15,2,14
2021-06-18 09:40:04,B,1082.0,1,2
2021-06-18 09:40:04,B,1081.6,2,6
2021-06-18 09:40:04,B,1081.55,1,12
2021-06-18 09:40:04,B,1081.5,2,2
2021-06-18 09:40:04,B,1081.35,1,6
2021-06-18 09:40:04,S,1083.2,1,40
2021-06-18 09:40:04,S,1083.55,1,13
2021-06-18 09:40:04,S,1083.85,2,13
2021-06-18 09:40:04,S,1084.0,2,3
2021-06-18 09:40:04,S,1084.15,2,14
2021-06-18 09:40:04,B,1082.0,1,2
2021-06-18 09:40:04,B,1081.6,2,6
2021-06-18 09:40:04,B,1081.55,1,12
2021-06-18 09:40:04,B,1081.5,2,2
2021-06-18 09:40:04,B,1081.35,1,6
2021-06-18 09:40:04,S,1083.2,1,40
2021-06-18 09:40:04,S,1083.55,1,13
2021-06-18 09:40:04,S,1083.85,2,13
2021-06-18 09:40:04,S,1084.0,2,3
2021-06-18 09:40:04,S,1084.15,2,14
2021-06-18 09:40:04,B,1082.0,1,2
2021-06-18 09:40:04,B,1081.6,2,6
2021-06-18 09:40:04,B,1081.55,1,12
2021-06-18 09:40:04,B,1081.5,2,2
2021-06-18 09:40:04,B,1081.35,1,6
2021-06-18 09:40:06,S,1083.2,1,40
2021-06-18 09:40:06,S,1083.55,1,13
2021-06-18 09:40:06,S,1083.85,2,13
2021-06-18 09:40:06,S,1084.0,2,3
2021-06-18 09:40:06,S,1084.15,2,14
2021-06-18 09:40:06,B,1082.0,1,2
2021-06-18 09:40:06,B,1081.6,2,6
2021-06-18 09:40:06,B,1081.55,1,12
2021-06-18 09:40:06,B,1081.5,2,2
2021-06-18 09:40:06,B,1081.35,1,6
2021-06-18 09:40:06,S,1083.2,1,40
2021-06-18 09:40:06,S,1083.55,1,13
2021-06-18 09:40:06,S,1083.85,2,13
2021-06-18 09:40:06,S,1084.0,2,3
2021-06-18 09:40:06,S,1084.15,2,14
2021-06-18 09:40:06,B,1082.0,1,2
2021-06-18 09:40:06,B,1081.6,2,6
2021-06-18 09:40:06,B,1081.55,1,12
2021-06-18 09:40:06,B,1081.5,2,2
2021-06-18 09:40:06,B,1081.35,1,6
2021-06-18 09:40:07,S,1083.2,1,35
2021-06-18 09:40:07,S,1083.55,1,13
2021-06-18 09:40:07,S,1083.85,2,13
2021-06-18 09:40:07,S,1084.0,2,3
2021-06-18 09:40:07,S,1084.15,2,14
2021-06-18 09:40:07,B,1082.0,1,1
2021-06-18 09:40:07,B,1081.6,2,6
2021-06-18 09:40:07,B,1081.55,1,12
2021-06-18 09:40:07,B,1081.5,2,2
2021-06-18 09:40:07,B,1081.35,1,6
2021-06-18 09:40:07,S,1083.2,1,35
2021-06-18 09:40:07,S,1083.55,1,13
2021-06-18 09:40:07,S,1083.85,2,13
2021-06-18 09:40:07,S,1084.0,2,3
2021-06-18 09:40:07,S,1084.15,2,14
2021-06-18 09:40:07,B,1082.0,1,1
2021-06-18 09:40:07,B,1081.6,2,6
2021-06-18 09:40:07,B,1081.55,1,12
2021-06-18 09:40:07,B,1081.5,2,2
2021-06-18 09:40:07,B,1081.35,1,6
2021-06-18 09:40:10,S,1083.2,1,35
2021-06-18 09:40:10,S,1083.55,1,13
2021-06-18 09:40:10,S,1083.85,2,13
2021-06-18 09:40:10,S,1084.0,2,3
2021-06-18 09:40:10,S,1084.15,2,14
2021-06-18 09:40:10,B,1082.0,1,1
2021-06-18 09:40:10,B,1081.6,2,6
2021-06-18 09:40:10,B,1081.55,1,12
2021-06-18 09:40:10,B,1081.5,2,2
2021-06-18 09:40:10,B,1081.35,1,6
2021-06-18 09:40:10,S,1083.2,1,35
2021-06-18 09:40:10,S,1083.55,1,13
2021-06-18 09:40:10,S,1083.85,2,13
2021-06-18 09:40:10,S,1084.0,2,3
2021-06-18 09:40:10,S,1084.15,2,14
2021-06-18 09:40:10,B,1082.0,1,1
2021-06-18 09:40:10,B,1081.6,2,6
2021-06-18 09:40:10,B,1081.55,1,12
2021-06-18 09:40:10,B,1081.5,2,2
2021-06-18 09:40:10,B,1081.35,1,6
2021-06-18 09:40:11,S,1083.2,1,35
2021-06-18 09:40:11,S,1083.55,1,13
2021-06-18 09:40:11,S,1083.85,2,13
2021-06-18 09:40:11,S,1084.0,2,3
2021-06-18 09:40:11,S,1084.15,2,14
2021-06-18 09:40:11,B,1082.0,1,1
2021-06-18 09:40:11,B,1081.6,2,6
2021-06-18 09:40:11,B,1081.55,1,12
2021-06-18 09:40:11,B,1081.5,2,2
2021-06-18 09:40:11,B,1081.35,1,6
2021-06-18 09:40:11,S,1083.2,1,35
2021-06-18 09:40:11,S,1083.55,1,13
2021-06-18 09:40:11,S,1083.85,2,13
2021-06-18 09:40:11,S,1084.0,2,3
2021-06-18 09:40:11,S,1084.15,2,14
2021-06-18 09:40:11,B,1082.0,1,1
2021-06-18 09:40:11,B,1081.6,2,6
2021-06-18 09:40:11,B,1081.55,1,12
2021-06-18 09:40:11,B,1081.5,2,2
2021-06-18 09:40:11,B,1081.35,1,6
2021-06-18 09:40:12,S,1083.2,1,35
2021-06-18 09:40:12,S,1083.55,1,13
2021-06-18 09:40:12,S,1083.85,2,13
2021-06-18 09:40:12,S,1084.0,2,3
2021-06-18 09:40:12,S,1084.15,2,14
2021-06-18 09:40:12,B,1082.0,1,1
2021-06-18 09:40:12,B,1081.6,2,6
2021-06-18 09:40:12,B,1081.55,1,12
2021-06-18 09:40:12,B,1081.5,2,2
2021-06-18 09:40:12,B,1081.35,1,6
2021-06-18 09:40:12,S,1083.2,1,35
2021-06-18 09:40:12,S,1083.55,1,13
2021-06-18 09:40:12,S,1083.85,2,13
2021-06-18 09:40:12,S,1084.0,2,3
2021-06-18 09:40:12,S,1084.15,2,14
2021-06-18 09:40:12,B,1082.0,1,1
2021-06-18 09:40:12,B,1081.6,2,6
2021-06-18 09:40:12,B,1081.55,1,12
2021-06-18 09:40:12,B,1081.5,2,2
2021-06-18 09:40:12,B,1081.35,1,6
2021-06-18 09:40:13,S,1083.2,1,35
2021-06-18 09:40:13,S,1083.55,1,13
2021-06-18 09:40:13,S,1083.85,2,13
2021-06-18 09:40:13,S,1084.0,2,3
2021-06-18 09:40:13,S,1084.15,2,14
2021-06-18 09:40:13,B,1082.0,1,1
2021-06-18 09:40:13,B,1081.6,2,6
2021-06-18 09:40:13,B,1081.55,1,12
2021-06-18 09:40:13,B,1081.5,2,2
2021-06-18 09:40:13,B,1081.35,1,6
2021-06-18 09:40:13,S,1083.2,1,35
2021-06-18 09:40:13,S,1083.55,1,13
2021-06-18 09:40:13,S,1083.85,2,13
2021-06-18 09:40:13,S,1084.0,2,3
2021-06-18 09:40:13,S,1084.15,2,14
2021-06-18 09:40:13,B,1082.0,1,1
2021-06-18 09:40:13,B,1081.6,2,6
2021-06-18 09:40:13,B,1081.55,1,12
2021-06-18 09:40:13,B,1081.5,2,2
2021-06-18 09:40:13,B,1081.35,1,6
2021-06-18 09:40:13,S,1083.4,1,2
2021-06-18 09:40:13,S,1083.45,1,1
2021-06-18 09:40:13,S,1083.5,2,6
2021-06-18 09:40:13,S,1083.65,2,8
2021-06-18 09:40:13,S,1083.8,1,6
2021-06-18 09:40:13,B,1083.2,1,10
2021-06-18 09:40:13,B,1082.05,1,1
2021-06-18 09:40:13,B,1082.0,1,1
2021-06-18 09:40:13,B,1081.35,1,6
2021-06-18 09:40:13,B,1080.95,1,5
2021-06-18 09:40:13,S,1083.4,1,2
2021-06-18 09:40:13,S,1083.45,1,1
2021-06-18 09:40:13,S,1083.5,2,6
2021-06-18 09:40:13,S,1083.65,2,8
2021-06-18 09:40:13,S,1083.8,1,6
2021-06-18 09:40:13,B,1083.2,1,10
2021-06-18 09:40:13,B,1082.05,1,1
2021-06-18 09:40:13,B,1082.0,1,1
2021-06-18 09:40:13,B,1081.35,1,6
2021-06-18 09:40:13,B,1080.95,1,5
2021-06-18 09:40:15,S,1083.4,1,2
2021-06-18 09:40:15,S,1083.45,1,1
2021-06-18 09:40:15,S,1083.5,2,6
2021-06-18 09:40:15,S,1083.65,2,8
2021-06-18 09:40:15,S,1083.8,1,6
2021-06-18 09:40:15,B,1083.2,1,10
2021-06-18 09:40:15,B,1082.05,1,1
2021-06-18 09:40:15,B,1082.0,1,1
2021-06-18 09:40:15,B,1081.35,1,6
2021-06-18 09:40:15,B,1080.95,1,5
2021-06-18 09:40:15,S,1083.4,1,2
2021-06-18 09:40:15,S,1083.45,1,1
2021-06-18 09:40:15,S,1083.5,2,6
2021-06-18 09:40:15,S,1083.65,2,8
2021-06-18 09:40:15,S,1083.8,1,6
2021-06-18 09:40:15,B,1083.2,1,10
2021-06-18 09:40:15,B,1082.05,1,1
2021-06-18 09:40:15,B,1082.0,1,1
2021-06-18 09:40:15,B,1081.35,1,6
2021-06-18 09:40:15,B,1080.95,1,5
2021-06-18 09:40:17,S,1083.25,1,1
2021-06-18 09:40:17,S,1083.3,1,8
2021-06-18 09:40:17,S,1083.35,1,6
2021-06-18 09:40:17,S,1083.4,2,10
2021-06-18 09:40:17,S,1083.65,1,5
2021-06-18 09:40:17,B,1083.2,1,10
2021-06-18 09:40:17,B,1082.05,1,1
2021-06-18 09:40:17,B,1082.0,1,1
2021-06-18 09:40:17,B,1081.35,1,6
2021-06-18 09:40:17,B,1080.95,1,5
2021-06-18 09:40:17,S,1083.25,1,1
2021-06-18 09:40:17,S,1083.3,1,8
2021-06-18 09:40:17,S,1083.35,1,6
2021-06-18 09:40:17,S,1083.4,2,10
2021-06-18 09:40:17,S,1083.65,1,5
2021-06-18 09:40:17,B,1083.2,1,10
2021-06-18 09:40:17,B,1082.05,1,1
2021-06-18 09:40:17,B,1082.0,1,1
2021-06-18 09:40:17,B,1081.35,1,6
2021-06-18 09:40:17,B,1080.95,1,5
2021-06-18 09:40:20,S,1083.25,1,1
2021-06-18 09:40:20,S,1083.3,1,8
2021-06-18 09:40:20,S,1083.35,2,7
2021-06-18 09:40:20,S,1083.4,2,10
2021-06-18 09:40:20,S,1083.65,1,5
2021-06-18 09:40:20,B,1083.2,1,10
2021-06-18 09:40:20,B,1082.05,1,1
2021-06-18 09:40:20,B,1082.0,1,1
2021-06-18 09:40:20,B,1081.35,1,6
2021-06-18 09:40:20,B,1080.95,1,5
2021-06-18 09:40:20,S,1083.25,1,1
2021-06-18 09:40:20,S,1083.3,1,8
2021-06-18 09:40:20,S,1083.35,2,7
2021-06-18 09:40:20,S,1083.4,2,10
2021-06-18 09:40:20,S,1083.65,1,5
2021-06-18 09:40:20,B,1083.2,1,10
2021-06-18 09:40:20,B,1082.05,1,1
2021-06-18 09:40:20,B,1082.0,1,1
2021-06-18 09:40:20,B,1081.35,1,6
2021-06-18 09:40:20,B,1080.95,1,5
2021-06-18 09:40:24,S,1083.25,1,1
2021-06-18 09:40:24,S,1083.3,1,8
2021-06-18 09:40:24,S,1083.35,2,7
2021-06-18 09:40:24,S,1083.4,2,10
2021-06-18 09:40:24,S,1083.65,1,5
2021-06-18 09:40:24,B,1083.2,1,10
2021-06-18 09:40:24,B,1082.05,1,1
2021-06-18 09:40:24,B,1082.0,1,1
2021-06-18 09:40:24,B,1081.35,1,6
2021-06-18 09:40:24,B,1080.95,1,5
2021-06-18 09:40:24,S,1083.25,1,1
2021-06-18 09:40:24,S,1083.3,1,8
2021-06-18 09:40:24,S,1083.35,2,7
2021-06-18 09:40:24,S,1083.4,2,10
2021-06-18 09:40:24,S,1083.65,1,5
2021-06-18 09:40:24,B,1083.2,1,10
2021-06-18 09:40:24,B,1082.05,1,1
2021-06-18 09:40:24,B,1082.0,1,1
2021-06-18 09:40:24,B,1081.35,1,6
2021-06-18 09:40:24,B,1080.95,1,5
2021-06-18 09:40:25,S,1083.25,1,1
2021-06-18 09:40:25,S,1083.3,1,8
2021-06-18 09:40:25,S,1083.35,2,7
2021-06-18 09:40:25,S,1083.4,2,10
2021-06-18 09:40:25,S,1083.65,1,5
2021-06-18 09:40:25,B,1083.2,1,10
2021-06-18 09:40:25,B,1082.05,1,1
2021-06-18 09:40:25,B,1082.0,1,1
2021-06-18 09:40:25,B,1081.35,1,6
2021-06-18 09:40:25,B,1080.95,1,5
2021-06-18 09:40:25,S,1083.25,1,1
2021-06-18 09:40:25,S,1083.3,1,8
2021-06-18 09:40:25,S,1083.35,2,7
2021-06-18 09:40:25,S,1083.4,2,10
2021-06-18 09:40:25,S,1083.65,1,5
2021-06-18 09:40:25,B,1083.2,1,10
2021-06-18 09:40:25,B,1082.05,1,1
2021-06-18 09:40:25,B,1082.0,1,1
2021-06-18 09:40:25,B,1081.35,1,6
2021-06-18 09:40:25,B,1080.95,1,5
2021-06-18 09:40:27,S,1084.2,1,8
2021-06-18 09:40:27,S,1084.25,1,6
2021-06-18 09:40:27,S,1084.8,2,11
2021-06-18 09:40:27,S,1085.0,3,7
2021-06-18 09:40:27,S,1085.15,1,20
2021-06-18 09:40:27,B,1083.4,1,1
2021-06-18 09:40:27,B,1083.35,1,2
2021-06-18 09:40:27,B,1083.3,2,12
2021-06-18 09:40:27,B,1083.25,1,100
2021-06-18 09:40:27,B,1083.05,1,5
2021-06-18 09:40:27,S,1084.2,1,8
2021-06-18 09:40:27,S,1084.25,1,6
2021-06-18 09:40:27,S,1084.8,2,11
2021-06-18 09:40:27,S,1085.0,3,7
2021-06-18 09:40:27,S,1085.15,1,20
2021-06-18 09:40:27,B,1083.4,1,1
2021-06-18 09:40:27,B,1083.35,1,2
2021-06-18 09:40:27,B,1083.3,2,12
2021-06-18 09:40:27,B,1083.25,1,100
2021-06-18 09:40:27,B,1083.05,1,5
2021-06-18 09:40:30,S,1084.2,1,8
2021-06-18 09:40:30,S,1084.25,1,6
2021-06-18 09:40:30,S,1084.8,2,11
2021-06-18 09:40:30,S,1085.0,3,7
2021-06-18 09:40:30,S,1085.15,1,20
2021-06-18 09:40:30,B,1083.4,1,1
2021-06-18 09:40:30,B,1083.35,1,2
2021-06-18 09:40:30,B,1083.3,2,12
2021-06-18 09:40:30,B,1083.25,1,100
2021-06-18 09:40:30,B,1083.05,1,5
2021-06-18 09:40:30,S,1084.2,1,8
2021-06-18 09:40:30,S,1084.25,1,6
2021-06-18 09:40:30,S,1084.8,2,11
2021-06-18 09:40:30,S,1085.0,3,7
2021-06-18 09:40:30,S,1085.15,1,20
2021-06-18 09:40:30,B,1083.4,1,1
2021-06-18 09:40:30,B,1083.35,1,2
2021-06-18 09:40:30,B,1083.3,2,12
2021-06-18 09:40:30,B,1083.25,1,100
2021-06-18 09:40:30,B,1083.05,1,5
2021-06-18 09:40:30,S,1084.25,1,4
2021-06-18 09:40:30,S,1084.3,1,6
2021-06-18 09:40:30,S,1084.8,2,11
2021-06-18 09:40:30,S,1085.0,3,16
2021-06-18 09:40:30,S,1085.15,1,20
2021-06-18 09:40:30,B,1083.4,2,11
2021-06-18 09:40:30,B,1083.35,1,2
2021-06-18 09:40:30,B,1083.3,2,12
2021-06-18 09:40:30,B,1083.25,1,100
2021-06-18 09:40:30,B,1083.05,1,5
2021-06-18 09:40:30,S,1084.25,1,4
2021-06-18 09:40:30,S,1084.3,1,6
2021-06-18 09:40:30,S,1084.8,2,11
2021-06-18 09:40:30,S,1085.0,3,16
2021-06-18 09:40:30,S,1085.15,1,20
2021-06-18 09:40:30,B,1083.4,2,11
2021-06-18 09:40:30,B,1083.35,1,2
2021-06-18 09:40:30,B,1083.3,2,12
2021-06-18 09:40:30,B,1083.25,1,100
2021-06-18 09:40:30,B,1083.05,1,5
2021-06-18 09:40:31,S,1084.25,1,4
2021-06-18 09:40:31,S,1084.3,1,6
2021-06-18 09:40:31,S,1084.8,2,11
2021-06-18 09:40:31,S,1085.0,3,16
2021-06-18 09:40:31,S,1085.15,1,20
2021-06-18 09:40:31,B,1083.4,2,11
2021-06-18 09:40:31,B,1083.35,1,2
2021-06-18 09:40:31,B,1083.3,2,12
2021-06-18 09:40:31,B,1083.25,1,100
2021-06-18 09:40:31,B,1083.05,1,5
2021-06-18 09:40:31,S,1084.25,1,4
2021-06-18 09:40:31,S,1084.3,1,6
2021-06-18 09:40:31,S,1084.8,2,11
2021-06-18 09:40:31,S,1085.0,3,16
2021-06-18 09:40:31,S,1085.15,1,20
2021-06-18 09:40:31,B,1083.4,2,11
2021-06-18 09:40:31,B,1083.35,1,2
2021-06-18 09:40:31,B,1083.3,2,12
2021-06-18 09:40:31,B,1083.25,1,100
2021-06-18 09:40:31,B,1083.05,1,5
2021-06-18 09:40:33,S,1085.9,1,1
2021-06-18 09:40:33,S,1085.95,2,8
2021-06-18 09:40:33,S,1086.5,2,6
2021-06-18 09:40:33,S,1086.9,1,3
2021-06-18 09:40:33,S,1087.0,1,9
2021-06-18 09:40:33,B,1084.4,1,1
2021-06-18 09:40:33,B,1084.35,1,1
2021-06-18 09:40:33,B,1084.1,1,5
2021-06-18 09:40:33,B,1083.85,1,6
2021-06-18 09:40:33,B,1083.65,1,2
2021-06-18 09:40:33,S,1085.9,1,1
2021-06-18 09:40:33,S,1085.95,2,8
2021-06-18 09:40:33,S,1086.5,2,6
2021-06-18 09:40:33,S,1086.9,1,3
2021-06-18 09:40:33,S,1087.0,1,9
2021-06-18 09:40:33,B,1084.4,1,1
2021-06-18 09:40:33,B,1084.35,1,1
2021-06-18 09:40:33,B,1084.1,1,5
2021-06-18 09:40:33,B,1083.85,1,6
2021-06-18 09:40:33,B,1083.65,1,2
2021-06-18 09:40:34,S,1085.9,1,1
2021-06-18 09:40:34,S,1085.95,2,8
2021-06-18 09:40:34,S,1086.5,2,6
2021-06-18 09:40:34,S,1086.9,1,3
2021-06-18 09:40:34,S,1087.0,1,9
2021-06-18 09:40:34,B,1084.4,1,1
2021-06-18 09:40:34,B,1084.35,1,1
2021-06-18 09:40:34,B,1084.1,1,5
2021-06-18 09:40:34,B,1083.85,1,6
2021-06-18 09:40:34,B,1083.65,1,2
2021-06-18 09:40:34,S,1085.9,1,1
2021-06-18 09:40:34,S,1085.95,2,8
2021-06-18 09:40:34,S,1086.5,2,6
2021-06-18 09:40:34,S,1086.9,1,3
2021-06-18 09:40:34,S,1087.0,1,9
2021-06-18 09:40:34,B,1084.4,1,1
2021-06-18 09:40:34,B,1084.35,1,1
2021-06-18 09:40:34,B,1084.1,1,5
2021-06-18 09:40:34,B,1083.85,1,6
2021-06-18 09:40:34,B,1083.65,1,2
2021-06-18 09:40:37,S,1085.95,1,1
2021-06-18 09:40:37,S,1086.0,1,7
2021-06-18 09:40:37,S,1086.05,1,6
2021-06-18 09:40:37,S,1087.05,1,2
2021-06-18 09:40:37,S,1087.6,2,6
2021-06-18 09:40:37,B,1084.9,1,1
2021-06-18 09:40:37,B,1084.85,1,1
2021-06-18 09:40:37,B,1084.7,1,5
2021-06-18 09:40:37,B,1084.65,1,2
2021-06-18 09:40:37,B,1084.3,1,4
2021-06-18 09:40:37,S,1085.95,1,1
2021-06-18 09:40:37,S,1086.0,1,7
2021-06-18 09:40:37,S,1086.05,1,6
2021-06-18 09:40:37,S,1087.05,1,2
2021-06-18 09:40:37,S,1087.6,2,6
2021-06-18 09:40:37,B,1084.9,1,1
2021-06-18 09:40:37,B,1084.85,1,1
2021-06-18 09:40:37,B,1084.7,1,5
2021-06-18 09:40:37,B,1084.65,1,2
2021-06-18 09:40:37,B,1084.3,1,4
2021-06-18 09:40:37,S,1085.95,1,1
2021-06-18 09:40:37,S,1086.0,1,7
2021-06-18 09:40:37,S,1086.05,1,6
2021-06-18 09:40:37,S,1087.05,1,2
2021-06-18 09:40:37,S,1087.6,2,6
2021-06-18 09:40:37,B,1084.9,1,1
2021-06-18 09:40:37,B,1084.85,1,1
2021-06-18 09:40:37,B,1084.7,1,5
2021-06-18 09:40:37,B,1084.65,1,2
2021-06-18 09:40:37,B,1084.3,1,4
2021-06-18 09:40:37,S,1085.95,1,1
2021-06-18 09:40:37,S,1086.0,1,7
2021-06-18 09:40:37,S,1086.05,1,6
2021-06-18 09:40:37,S,1087.05,1,2
2021-06-18 09:40:37,S,1087.6,2,6
2021-06-18 09:40:37,B,1084.9,1,1
2021-06-18 09:40:37,B,1084.85,1,1
2021-06-18 09:40:37,B,1084.7,1,5
2021-06-18 09:40:37,B,1084.65,1,2
2021-06-18 09:40:37,B,1084.3,1,4
2021-06-18 09:40:39,S,1085.95,1,1
2021-06-18 09:40:39,S,1086.0,1,7
2021-06-18 09:40:39,S,1086.05,1,6
2021-06-18 09:40:39,S,1087.05,1,2
2021-06-18 09:40:39,S,1087.6,2,6
2021-06-18 09:40:39,B,1084.9,1,1
2021-06-18 09:40:39,B,1084.85,1,1
2021-06-18 09:40:39,B,1084.7,1,5
2021-06-18 09:40:39,B,1084.65,1,2
2021-06-18 09:40:39,B,1084.3,1,4
2021-06-18 09:40:39,S,1085.95,1,1
2021-06-18 09:40:39,S,1086.0,1,7
2021-06-18 09:40:39,S,1086.05,1,6
2021-06-18 09:40:39,S,1087.05,1,2
2021-06-18 09:40:39,S,1087.6,2,6
2021-06-18 09:40:39,B,1084.9,1,1
2021-06-18 09:40:39,B,1084.85,1,1
2021-06-18 09:40:39,B,1084.7,1,5
2021-06-18 09:40:39,B,1084.65,1,2
2021-06-18 09:40:39,B,1084.3,1,4
2021-06-18 09:40:40,S,1085.95,1,1
2021-06-18 09:40:40,S,1086.0,1,7
2021-06-18 09:40:40,S,1086.05,1,6
2021-06-18 09:40:40,S,1087.05,1,2
2021-06-18 09:40:40,S,1087.6,2,6
2021-06-18 09:40:40,B,1084.9,1,1
2021-06-18 09:40:40,B,1084.85,1,1
2021-06-18 09:40:40,B,1084.7,1,5
2021-06-18 09:40:40,B,1084.65,1,2
2021-06-18 09:40:40,B,1084.3,1,4
2021-06-18 09:40:40,S,1085.95,1,1
2021-06-18 09:40:40,S,1086.0,1,7
2021-06-18 09:40:40,S,1086.05,1,6
2021-06-18 09:40:40,S,1087.05,1,2
2021-06-18 09:40:40,S,1087.6,2,6
2021-06-18 09:40:40,B,1084.9,1,1
2021-06-18 09:40:40,B,1084.85,1,1
2021-06-18 09:40:40,B,1084.7,1,5
2021-06-18 09:40:40,B,1084.65,1,2
2021-06-18 09:40:40,B,1084.3,1,4
2021-06-18 09:40:40,S,1087.85,2,2
2021-06-18 09:40:40,S,1088.3,1,4
2021-06-18 09:40:40,S,1088.35,1,1
2021-06-18 09:40:40,S,1088.4,3,5
2021-06-18 09:40:40,S,1088.45,2,2
2021-06-18 09:40:40,B,1085.8,2,5
2021-06-18 09:40:40,B,1085.75,1,1
2021-06-18 09:40:40,B,1085.7,1,4
2021-06-18 09:40:40,B,1085.25,1,3
2021-06-18 09:40:40,B,1085.05,1,4
2021-06-18 09:40:40,S,1087.85,2,2
2021-06-18 09:40:40,S,1088.3,1,4
2021-06-18 09:40:40,S,1088.35,1,1
2021-06-18 09:40:40,S,1088.4,3,5
2021-06-18 09:40:40,S,1088.45,2,2
2021-06-18 09:40:40,B,1085.8,2,5
2021-06-18 09:40:40,B,1085.75,1,1
2021-06-18 09:40:40,B,1085.7,1,4
2021-06-18 09:40:40,B,1085.25,1,3
2021-06-18 09:40:40,B,1085.05,1,4
2021-06-18 09:40:43,S,1087.6,2,7
2021-06-18 09:40:43,S,1087.65,1,8
2021-06-18 09:40:43,S,1087.75,1,5
2021-06-18 09:40:43,S,1088.35,2,6
2021-06-18 09:40:43,S,1088.4,2,3
2021-06-18 09:40:43,B,1085.8,1,1
2021-06-18 09:40:43,B,1085.75,1,1
2021-06-18 09:40:43,B,1085.7,1,4
2021-06-18 09:40:43,B,1085.1,1,3
2021-06-18 09:40:43,B,1085.05,1,4
2021-06-18 09:40:43,S,1087.6,2,7
2021-06-18 09:40:43,S,1087.65,1,8
2021-06-18 09:40:43,S,1087.75,1,5
2021-06-18 09:40:43,S,1088.35,2,6
2021-06-18 09:40:43,S,1088.4,2,3
2021-06-18 09:40:43,B,1085.8,1,1
2021-06-18 09:40:43,B,1085.75,1,1
2021-06-18 09:40:43,B,1085.7,1,4
2021-06-18 09:40:43,B,1085.1,1,3
2021-06-18 09:40:43,B,1085.05,1,4
2021-06-18 09:40:45,S,1087.6,2,7
2021-06-18 09:40:45,S,1087.65,1,8
2021-06-18 09:40:45,S,1087.75,1,5
2021-06-18 09:40:45,S,1088.35,2,6
2021-06-18 09:40:45,S,1088.4,2,3
2021-06-18 09:40:45,B,1085.8,1,1
2021-06-18 09:40:45,B,1085.75,1,1
2021-06-18 09:40:45,B,1085.7,1,4
2021-06-18 09:40:45,B,1085.1,1,3
2021-06-18 09:40:45,B,1085.05,1,4
2021-06-18 09:40:45,S,1087.6,2,7
2021-06-18 09:40:45,S,1087.65,1,8
2021-06-18 09:40:45,S,1087.75,1,5
2021-06-18 09:40:45,S,1088.35,2,6
2021-06-18 09:40:45,S,1088.4,2,3
2021-06-18 09:40:45,B,1085.8,1,1
2021-06-18 09:40:45,B,1085.75,1,1
2021-06-18 09:40:45,B,1085.7,1,4
2021-06-18 09:40:45,B,1085.1,1,3
2021-06-18 09:40:45,B,1085.05,1,4
2021-06-18 09:40:46,S,1087.6,2,7
2021-06-18 09:40:46,S,1087.65,1,8
2021-06-18 09:40:46,S,1087.75,1,5
2021-06-18 09:40:46,S,1088.35,2,6
2021-06-18 09:40:46,S,1088.4,2,3
2021-06-18 09:40:46,B,1085.8,1,1
2021-06-18 09:40:46,B,1085.75,1,1
2021-06-18 09:40:46,B,1085.7,1,4
2021-06-18 09:40:46,B,1085.1,1,3
2021-06-18 09:40:46,B,1085.05,1,4
2021-06-18 09:40:46,S,1087.6,2,7
2021-06-18 09:40:46,S,1087.65,1,8
2021-06-18 09:40:46,S,1087.75,1,5
2021-06-18 09:40:46,S,1088.35,2,6
2021-06-18 09:40:46,S,1088.4,2,3
2021-06-18 09:40:46,B,1085.8,1,1
2021-06-18 09:40:46,B,1085.75,1,1
2021-06-18 09:40:46,B,1085.7,1,4
2021-06-18 09:40:46,B,1085.1,1,3
2021-06-18 09:40:46,B,1085.05,1,4
2021-06-18 09:40:46,S,1085.8,2,17
2021-06-18 09:40:46,S,1085.85,1,8
2021-06-18 09:40:46,S,1087.5,1,1
2021-06-18 09:40:46,S,1087.6,1,5
2021-06-18 09:40:46,S,1088.15,1,2
2021-06-18 09:40:46,B,1085.15,1,5
2021-06-18 09:40:46,B,1085.1,1,1
2021-06-18 09:40:46,B,1084.65,1,6
2021-06-18 09:40:46,B,1084.35,1,1
2021-06-18 09:40:46,B,1084.3,1,4
2021-06-18 09:40:46,S,1085.8,2,17
2021-06-18 09:40:46,S,1085.85,1,8
2021-06-18 09:40:46,S,1087.5,1,1
2021-06-18 09:40:46,S,1087.6,1,5
2021-06-18 09:40:46,S,1088.15,1,2
2021-06-18 09:40:46,B,1085.15,1,5
2021-06-18 09:40:46,B,1085.1,1,1
2021-06-18 09:40:46,B,1084.65,1,6
2021-06-18 09:40:46,B,1084.35,1,1
2021-06-18 09:40:46,B,1084.3,1,4
2021-06-18 09:40:50,S,1085.8,1,16
2021-06-18 09:40:50,S,1085.85,1,8
2021-06-18 09:40:50,S,1086.5,1,1
2021-06-18 09:40:50,S,1086.55,1,5
2021-06-18 09:40:50,S,1087.45,1,1
2021-06-18 09:40:50,B,1085.15,1,5
2021-06-18 09:40:50,B,1085.1,1,1
2021-06-18 09:40:50,B,1085.0,1,100
2021-06-18 09:40:50,B,1084.35,1,1
2021-06-18 09:40:50,B,1084.3,1,4
2021-06-18 09:40:50,S,1085.8,1,16
2021-06-18 09:40:50,S,1085.85,1,8
2021-06-18 09:40:50,S,1086.5,1,1
2021-06-18 09:40:50,S,1086.55,1,5
2021-06-18 09:40:50,S,1087.45,1,1
2021-06-18 09:40:50,B,1085.15,1,5
2021-06-18 09:40:50,B,1085.1,1,1
2021-06-18 09:40:50,B,1085.0,1,100
2021-06-18 09:40:50,B,1084.35,1,1
2021-06-18 09:40:50,B,1084.3,1,4
2021-06-18 09:40:51,S,1085.8,1,16
2021-06-18 09:40:51,S,1085.85,1,8
2021-06-18 09:40:51,S,1086.5,1,1
2021-06-18 09:40:51,S,1086.55,1,5
2021-06-18 09:40:51,S,1087.45,1,1
2021-06-18 09:40:51,B,1085.15,1,5
2021-06-18 09:40:51,B,1085.1,1,1
2021-06-18 09:40:51,B,1085.0,1,100
2021-06-18 09:40:51,B,1084.35,1,1
2021-06-18 09:40:51,B,1084.3,1,4
2021-06-18 09:40:51,S,1085.8,1,16
2021-06-18 09:40:51,S,1085.85,1,8
2021-06-18 09:40:51,S,1086.5,1,1
2021-06-18 09:40:51,S,1086.55,1,5
2021-06-18 09:40:51,S,1087.45,1,1
2021-06-18 09:40:51,B,1085.15,1,5
2021-06-18 09:40:51,B,1085.1,1,1
2021-06-18 09:40:51,B,1085.0,1,100
2021-06-18 09:40:51,B,1084.35,1,1
2021-06-18 09:40:51,B,1084.3,1,4
2021-06-18 09:40:53,S,1088.15,2,6
2021-06-18 09:40:53,S,1088.2,3,18
2021-06-18 09:40:53,S,1088.25,2,13
2021-06-18 09:40:53,S,1088.45,1,1
2021-06-18 09:40:53,S,1088.95,1,6
2021-06-18 09:40:53,B,1086.4,1,1
2021-06-18 09:40:53,B,1086.35,1,9
2021-06-18 09:40:53,B,1086.2,1,5
2021-06-18 09:40:53,B,1086.05,2,3
2021-06-18 09:40:53,B,1085.95,2,5
2021-06-18 09:40:53,S,1088.15,2,6
2021-06-18 09:40:53,S,1088.2,3,18
2021-06-18 09:40:53,S,1088.25,2,13
2021-06-18 09:40:53,S,1088.45,1,1
2021-06-18 09:40:53,S,1088.95,1,6
2021-06-18 09:40:53,B,1086.4,1,1
2021-06-18 09:40:53,B,1086.35,1,9
2021-06-18 09:40:53,B,1086.2,1,5
2021-06-18 09:40:53,B,1086.05,2,3
2021-06-18 09:40:53,B,1085.95,2,5
2021-06-18 09:40:55,S,1088.15,2,6
2021-06-18 09:40:55,S,1088.2,3,18
2021-06-18 09:40:55,S,1088.25,2,13
2021-06-18 09:40:55,S,1088.45,1,1
2021-06-18 09:40:55,S,1088.95,1,6
2021-06-18 09:40:55,B,1086.4,1,1
2021-06-18 09:40:55,B,1086.35,1,9
2021-06-18 09:40:55,B,1086.2,1,5
2021-06-18 09:40:55,B,1086.05,2,3
2021-06-18 09:40:55,B,1085.95,2,5
2021-06-18 09:40:55,S,1088.15,2,6
2021-06-18 09:40:55,S,1088.2,3,18
2021-06-18 09:40:55,S,1088.25,2,13
2021-06-18 09:40:55,S,1088.45,1,1
2021-06-18 09:40:55,S,1088.95,1,6
2021-06-18 09:40:55,B,1086.4,1,1
2021-06-18 09:40:55,B,1086.35,1,9
2021-06-18 09:40:55,B,1086.2,1,5
2021-06-18 09:40:55,B,1086.05,2,3
2021-06-18 09:40:55,B,1085.95,2,5
2021-06-18 09:40:57,S,1087.15,1,1
2021-06-18 09:40:57,S,1087.2,1,5
2021-06-18 09:40:57,S,1087.45,1,10
2021-06-18 09:40:57,S,1088.05,1,1
2021-06-18 09:40:57,S,1088.1,2,12
2021-06-18 09:40:57,B,1085.95,1,4
2021-06-18 09:40:57,B,1085.1,1,1
2021-06-18 09:40:57,B,1085.05,2,2
2021-06-18 09:40:57,B,1085.0,1,100
2021-06-18 09:40:57,B,1084.9,1,4
2021-06-18 09:40:57,S,1087.15,1,1
2021-06-18 09:40:57,S,1087.2,1,5
2021-06-18 09:40:57,S,1087.45,1,10
2021-06-18 09:40:57,S,1088.05,1,1
2021-06-18 09:40:57,S,1088.1,2,12
2021-06-18 09:40:57,B,1085.95,1,4
2021-06-18 09:40:57,B,1085.1,1,1
2021-06-18 09:40:57,B,1085.05,2,2
2021-06-18 09:40:57,B,1085.0,1,100
2021-06-18 09:40:57,B,1084.9,1,4
2021-06-18 09:40:58,S,1087.15,1,1
2021-06-18 09:40:58,S,1087.2,1,5
2021-06-18 09:40:58,S,1087.45,1,10
2021-06-18 09:40:58,S,1088.05,1,1
2021-06-18 09:40:58,S,1088.1,2,12
2021-06-18 09:40:58,B,1085.95,1,4
2021-06-18 09:40:58,B,1085.1,1,1
2021-06-18 09:40:58,B,1085.05,2,2
2021-06-18 09:40:58,B,1085.0,1,100
2021-06-18 09:40:58,B,1084.9,1,4
2021-06-18 09:40:58,S,1087.15,1,1
2021-06-18 09:40:58,S,1087.2,1,5
2021-06-18 09:40:58,S,1087.45,1,10
2021-06-18 09:40:58,S,1088.05,1,1
2021-06-18 09:40:58,S,1088.1,2,12
2021-06-18 09:40:58,B,1085.95,1,4
2021-06-18 09:40:58,B,1085.1,1,1
2021-06-18 09:40:58,B,1085.05,2,2
2021-06-18 09:40:58,B,1085.0,1,100
2021-06-18 09:40:58,B,1084.9,1,4
2021-06-18 09:41:00,S,1086.7,1,8
2021-06-18 09:41:00,S,1086.95,1,1
2021-06-18 09:41:00,S,1087.0,1,10
2021-06-18 09:41:00,S,1087.1,1,1
2021-06-18 09:41:00,S,1087.65,1,1
2021-06-18 09:41:00,B,1085.35,2,9
2021-06-18 09:41:00,B,1085.1,2,6
2021-06-18 09:41:00,B,1085.0,2,101
2021-06-18 09:41:00,B,1084.9,1,4
2021-06-18 09:41:00,B,1084.65,2,7
2021-06-18 09:41:00,S,1086.7,1,8
2021-06-18 09:41:00,S,1086.95,1,1
2021-06-18 09:41:00,S,1087.0,1,10
2021-06-18 09:41:00,S,1087.1,1,1
2021-06-18 09:41:00,S,1087.65,1,1
2021-06-18 09:41:00,B,1085.35,2,9
2021-06-18 09:41:00,B,1085.1,2,6
2021-06-18 09:41:00,B,1085.0,2,101
2021-06-18 09:41:00,B,1084.9,1,4
2021-06-18 09:41:00,B,1084.65,2,7
2021-06-18 09:41:01,S,1086.7,1,8
2021-06-18 09:41:01,S,1086.95,1,1
2021-06-18 09:41:01,S,1087.0,1,10
2021-06-18 09:41:01,S,1087.1,1,1
2021-06-18 09:41:01,S,1087.65,1,1
2021-06-18 09:41:01,B,1085.35,2,9
2021-06-18 09:41:01,B,1085.1,2,6
2021-06-18 09:41:01,B,1085.0,2,101
2021-06-18 09:41:01,B,1084.9,1,4
2021-06-18 09:41:01,B,1084.65,2,7
2021-06-18 09:41:01,S,1086.7,1,8
2021-06-18 09:41:01,S,1086.95,1,1
2021-06-18 09:41:01,S,1087.0,1,10
2021-06-18 09:41:01,S,1087.1,1,1
2021-06-18 09:41:01,S,1087.65,1,1
2021-06-18 09:41:01,B,1085.35,2,9
2021-06-18 09:41:01,B,1085.1,2,6
2021-06-18 09:41:01,B,1085.0,2,101
2021-06-18 09:41:01,B,1084.9,1,4
2021-06-18 09:41:01,B,1084.65,2,7
2021-06-18 09:41:02,S,1086.7,1,8
2021-06-18 09:41:02,S,1086.95,1,1
2021-06-18 09:41:02,S,1087.0,1,10
2021-06-18 09:41:02,S,1087.1,1,1
2021-06-18 09:41:02,S,1087.65,1,1
2021-06-18 09:41:02,B,1085.35,2,9
2021-06-18 09:41:02,B,1085.1,2,6
2021-06-18 09:41:02,B,1085.0,2,101
2021-06-18 09:41:02,B,1084.9,1,4
2021-06-18 09:41:02,B,1084.65,2,7
2021-06-18 09:41:02,S,1086.7,1,8
2021-06-18 09:41:02,S,1086.95,1,1
2021-06-18 09:41:02,S,1087.0,1,10
2021-06-18 09:41:02,S,1087.1,1,1
2021-06-18 09:41:02,S,1087.65,1,1
2021-06-18 09:41:02,B,1085.35,2,9
2021-06-18 09:41:02,B,1085.1,2,6
2021-06-18 09:41:02,B,1085.0,2,101
2021-06-18 09:41:02,B,1084.9,1,4
2021-06-18 09:41:02,B,1084.65,2,7
2021-06-18 09:41:03,S,1086.25,3,9
2021-06-18 09:41:03,S,1086.3,2,2
2021-06-18 09:41:03,S,1086.35,1,1
2021-06-18 09:41:03,S,1086.45,2,2
2021-06-18 09:41:03,S,1086.5,1,2
2021-06-18 09:41:03,B,1083.7,1,7
2021-06-18 09:41:03,B,1083.65,2,5
2021-06-18 09:41:03,B,1083.45,2,3
2021-06-18 09:41:03,B,1083.4,2,11
2021-06-18 09:41:03,B,1083.05,1,4
2021-06-18 09:41:03,S,1086.25,3,9
2021-06-18 09:41:03,S,1086.3,2,2
2021-06-18 09:41:03,S,1086.35,1,1
2021-06-18 09:41:03,S,1086.45,2,2
2021-06-18 09:41:03,S,1086.5,1,2
2021-06-18 09:41:03,B,1083.7,1,7
2021-06-18 09:41:03,B,1083.65,2,5
2021-06-18 09:41:03,B,1083.45,2,3
2021-06-18 09:41:03,B,1083.4,2,11
2021-06-18 09:41:03,B,1083.05,1,4
2021-06-18 09:41:03,S,1086.25,3,9
2021-06-18 09:41:03,S,1086.3,2,2
2021-06-18 09:41:03,S,1086.35,1,1
2021-06-18 09:41:03,S,1086.45,2,2
2021-06-18 09:41:03,S,1086.5,1,2
2021-06-18 09:41:03,B,1083.7,1,7
2021-06-18 09:41:03,B,1083.65,2,5
2021-06-18 09:41:03,B,1083.45,2,3
2021-06-18 09:41:03,B,1083.4,2,11
2021-06-18 09:41:03,B,1083.05,1,4
2021-06-18 09:41:03,S,1086.25,3,9
2021-06-18 09:41:03,S,1086.3,2,2
2021-06-18 09:41:03,S,1086.35,1,1
2021-06-18 09:41:03,S,1086.45,2,2
2021-06-18 09:41:03,S,1086.5,1,2
2021-06-18 09:41:03,B,1083.7,1,7
2021-06-18 09:41:03,B,1083.65,2,5
2021-06-18 09:41:03,B,1083.45,2,3
2021-06-18 09:41:03,B,1083.4,2,11
2021-06-18 09:41:03,B,1083.05,1,4
2021-06-18 09:41:06,S,1085.0,1,7
2021-06-18 09:41:06,S,1085.3,1,1
2021-06-18 09:41:06,S,1085.35,1,5
2021-06-18 09:41:06,S,1085.75,1,1
2021-06-18 09:41:06,S,1086.3,1,1
2021-06-18 09:41:06,B,1083.65,2,6
2021-06-18 09:41:06,B,1083.45,1,5
2021-06-18 09:41:06,B,1083.4,2,11
2021-06-18 09:41:06,B,1083.05,2,5
2021-06-18 09:41:06,B,1082.95,1,6
2021-06-18 09:41:06,S,1085.0,1,7
2021-06-18 09:41:06,S,1085.3,1,1
2021-06-18 09:41:06,S,1085.35,1,5
2021-06-18 09:41:06,S,1085.75,1,1
2021-06-18 09:41:06,S,1086.3,1,1
2021-06-18 09:41:06,B,1083.65,2,6
2021-06-18 09:41:06,B,1083.45,1,5
2021-06-18 09:41:06,B,1083.4,2,11
2021-06-18 09:41:06,B,1083.05,2,5
2021-06-18 09:41:06,B,1082.95,1,6
2021-06-18 09:41:08,S,1085.0,1,7
2021-06-18 09:41:08,S,1085.3,1,1
2021-06-18 09:41:08,S,1085.35,1,5
2021-06-18 09:41:08,S,1085.75,1,1
2021-06-18 09:41:08,S,1086.3,1,1
2021-06-18 09:41:08,B,1083.65,2,6
2021-06-18 09:41:08,B,1083.45,1,5
2021-06-18 09:41:08,B,1083.4,2,11
2021-06-18 09:41:08,B,1083.05,2,5
2021-06-18 09:41:08,B,1082.95,1,6
2021-06-18 09:41:08,S,1085.0,1,7
2021-06-18 09:41:08,S,1085.3,1,1
2021-06-18 09:41:08,S,1085.35,1,5
2021-06-18 09:41:08,S,1085.75,1,1
2021-06-18 09:41:08,S,1086.3,1,1
2021-06-18 09:41:08,B,1083.65,2,6
2021-06-18 09:41:08,B,1083.45,1,5
2021-06-18 09:41:08,B,1083.4,2,11
2021-06-18 09:41:08,B,1083.05,2,5
2021-06-18 09:41:08,B,1082.95,1,6
2021-06-18 09:41:09,S,1085.0,1,13
2021-06-18 09:41:09,S,1085.05,1,6
2021-06-18 09:41:09,S,1087.0,2,2
2021-06-18 09:41:09,S,1087.05,1,1
2021-06-18 09:41:09,S,1087.4,1,1
2021-06-18 09:41:09,B,1084.05,2,12
2021-06-18 09:41:09,B,1084.0,3,246
2021-06-18 09:41:09,B,1083.5,2,8
2021-06-18 09:41:09,B,1083.4,3,15
2021-06-18 09:41:09,B,1082.95,1,7
2021-06-18 09:41:09,S,1085.0,1,13
2021-06-18 09:41:09,S,1085.05,1,6
2021-06-18 09:41:09,S,1087.0,2,2
2021-06-18 09:41:09,S,1087.05,1,1
2021-06-18 09:41:09,S,1087.4,1,1
2021-06-18 09:41:09,B,1084.05,2,12
2021-06-18 09:41:09,B,1084.0,3,246
2021-06-18 09:41:09,B,1083.5,2,8
2021-06-18 09:41:09,B,1083.4,3,15
2021-06-18 09:41:09,B,1082.95,1,7
2021-06-18 09:41:12,S,1085.0,1,13
2021-06-18 09:41:12,S,1085.05,1,6
2021-06-18 09:41:12,S,1085.3,1,1
2021-06-18 09:41:12,S,1085.35,1,100
2021-06-18 09:41:12,S,1085.45,1,5
2021-06-18 09:41:12,B,1084.0,2,245
2021-06-18 09:41:12,B,1083.4,2,11
2021-06-18 09:41:12,B,1082.95,2,8
2021-06-18 09:41:12,B,1082.2,1,2
2021-06-18 09:41:12,B,1082.15,1,4
2021-06-18 09:41:12,S,1085.0,1,13
2021-06-18 09:41:12,S,1085.05,1,6
2021-06-18 09:41:12,S,1085.3,1,1
2021-06-18 09:41:12,S,1085.35,1,100
2021-06-18 09:41:12,S,1085.45,1,5
2021-06-18 09:41:12,B,1084.0,2,245
2021-06-18 09:41:12,B,1083.4,2,11
2021-06-18 09:41:12,B,1082.95,2,8
2021-06-18 09:41:12,B,1082.2,1,2
2021-06-18 09:41:12,B,1082.15,1,4
2021-06-18 09:41:15,S,1085.0,1,13
2021-06-18 09:41:15,S,1085.05,1,6
2021-06-18 09:41:15,S,1085.3,1,1
2021-06-18 09:41:15,S,1085.35,1,100
2021-06-18 09:41:15,S,1085.45,1,5
2021-06-18 09:41:15,B,1084.0,2,245
2021-06-18 09:41:15,B,1083.4,2,11
2021-06-18 09:41:15,B,1083.2,2,5
2021-06-18 09:41:15,B,1082.95,2,8
2021-06-18 09:41:15,B,1082.2,1,2
2021-06-18 09:41:15,S,1085.0,1,13
2021-06-18 09:41:15,S,1085.05,1,6
2021-06-18 09:41:15,S,1085.3,1,1
2021-06-18 09:41:15,S,1085.35,1,100
2021-06-18 09:41:15,S,1085.45,1,5
2021-06-18 09:41:15,B,1084.0,2,245
2021-06-18 09:41:15,B,1083.4,2,11
2021-06-18 09:41:15,B,1083.2,2,5
2021-06-18 09:41:15,B,1082.95,2,8
2021-06-18 09:41:15,B,1082.2,1,2
2021-06-18 09:41:19,S,1085.0,1,13
2021-06-18 09:41:19,S,1085.05,1,6
2021-06-18 09:41:19,S,1085.3,1,1
2021-06-18 09:41:19,S,1085.35,1,100
2021-06-18 09:41:19,S,1085.45,1,5
2021-06-18 09:41:19,B,1084.0,2,245
2021-06-18 09:41:19,B,1083.4,2,11
2021-06-18 09:41:19,B,1083.2,2,5
2021-06-18 09:41:19,B,1082.95,2,8
2021-06-18 09:41:19,B,1082.2,1,2
2021-06-18 09:41:19,S,1085.0,1,13
2021-06-18 09:41:19,S,1085.05,1,6
2021-06-18 09:41:19,S,1085.3,1,1
2021-06-18 09:41:19,S,1085.35,1,100
2021-06-18 09:41:19,S,1085.45,1,5
2021-06-18 09:41:19,B,1084.0,2,245
2021-06-18 09:41:19,B,1083.4,2,11
2021-06-18 09:41:19,B,1083.2,2,5
2021-06-18 09:41:19,B,1082.95,2,8
2021-06-18 09:41:19,B,1082.2,1,2
2021-06-18 09:41:21,S,1085.0,1,13
2021-06-18 09:41:21,S,1085.05,1,6
2021-06-18 09:41:21,S,1085.3,1,1
2021-06-18 09:41:21,S,1085.35,1,100
2021-06-18 09:41:21,S,1085.45,1,5
2021-06-18 09:41:21,B,1084.0,2,245
2021-06-18 09:41:21,B,1083.4,2,11
2021-06-18 09:41:21,B,1083.2,2,5
2021-06-18 09:41:21,B,1082.95,2,8
2021-06-18 09:41:21,B,1082.2,1,2
2021-06-18 09:41:21,S,1085.0,1,13
2021-06-18 09:41:21,S,1085.05,1,6
2021-06-18 09:41:21,S,1085.3,1,1
2021-06-18 09:41:21,S,1085.35,1,100
2021-06-18 09:41:21,S,1085.45,1,5
2021-06-18 09:41:21,B,1084.0,2,245
2021-06-18 09:41:21,B,1083.4,2,11
2021-06-18 09:41:21,B,1083.2,2,5
2021-06-18 09:41:21,B,1082.95,2,8
2021-06-18 09:41:21,B,1082.2,1,2
2021-06-18 09:41:22,S,1085.05,1,6
2021-06-18 09:41:22,S,1085.1,1,7
2021-06-18 09:41:22,S,1085.35,1,100
2021-06-18 09:41:22,S,1085.6,1,1
2021-06-18 09:41:22,S,1085.65,1,5
2021-06-18 09:41:22,B,1085.0,1,25
2021-06-18 09:41:22,B,1084.05,2,7
2021-06-18 09:41:22,B,1084.0,4,346
2021-06-18 09:41:22,B,1083.8,2,5
2021-06-18 09:41:22,B,1083.4,2,11
2021-06-18 09:41:22,S,1085.05,1,6
2021-06-18 09:41:22,S,1085.1,1,7
2021-06-18 09:41:22,S,1085.35,1,100
2021-06-18 09:41:22,S,1085.6,1,1
2021-06-18 09:41:22,S,1085.65,1,5
2021-06-18 09:41:22,B,1085.0,1,25
2021-06-18 09:41:22,B,1084.05,2,7
2021-06-18 09:41:22,B,1084.0,4,346
2021-06-18 09:41:22,B,1083.8,2,5
2021-06-18 09:41:22,B,1083.4,2,11
2021-06-18 09:41:23,S,1085.05,1,6
2021-06-18 09:41:23,S,1085.1,1,7
2021-06-18 09:41:23,S,1085.35,1,100
2021-06-18 09:41:23,S,1085.6,1,1
2021-06-18 09:41:23,S,1085.65,1,5
2021-06-18 09:41:23,B,1085.0,1,25
2021-06-18 09:41:23,B,1084.05,2,7
2021-06-18 09:41:23,B,1084.0,4,346
2021-06-18 09:41:23,B,1083.8,2,5
2021-06-18 09:41:23,B,1083.4,2,11
2021-06-18 09:41:23,S,1085.05,1,6
2021-06-18 09:41:23,S,1085.1,1,7
2021-06-18 09:41:23,S,1085.35,1,100
2021-06-18 09:41:23,S,1085.6,1,1
2021-06-18 09:41:23,S,1085.65,1,5
2021-06-18 09:41:23,B,1085.0,1,25
2021-06-18 09:41:23,B,1084.05,2,7
2021-06-18 09:41:23,B,1084.0,4,346
2021-06-18 09:41:23,B,1083.8,2,5
2021-06-18 09:41:23,B,1083.4,2,11
2021-06-18 09:41:25,S,1085.05,1,6
2021-06-18 09:41:25,S,1085.1,1,7
2021-06-18 09:41:25,S,1085.3,1,1
2021-06-18 09:41:25,S,1085.35,2,105
2021-06-18 09:41:25,S,1085.7,1,1
2021-06-18 09:41:25,B,1084.05,2,7
2021-06-18 09:41:25,B,1084.0,3,277
2021-06-18 09:41:25,B,1083.4,2,11
2021-06-18 09:41:25,B,1083.2,2,5
2021-06-18 09:41:25,B,1082.95,2,8
2021-06-18 09:41:25,S,1085.05,1,6
2021-06-18 09:41:25,S,1085.1,1,7
2021-06-18 09:41:25,S,1085.3,1,1
2021-06-18 09:41:25,S,1085.35,2,105
2021-06-18 09:41:25,S,1085.7,1,1
2021-06-18 09:41:25,B,1084.05,2,7
2021-06-18 09:41:25,B,1084.0,3,277
2021-06-18 09:41:25,B,1083.4,2,11
2021-06-18 09:41:25,B,1083.2,2,5
2021-06-18 09:41:25,B,1082.95,2,8
2021-06-18 09:41:28,S,1085.05,1,6
2021-06-18 09:41:28,S,1085.1,1,7
2021-06-18 09:41:28,S,1085.35,1,100
2021-06-18 09:41:28,S,1085.65,1,1
2021-06-18 09:41:28,S,1085.7,1,5
2021-06-18 09:41:28,B,1085.0,3,7
2021-06-18 09:41:28,B,1084.05,2,7
2021-06-18 09:41:28,B,1084.0,4,278
2021-06-18 09:41:28,B,1083.8,1,4
2021-06-18 09:41:28,B,1083.4,2,11
2021-06-18 09:41:28,S,1085.05,1,6
2021-06-18 09:41:28,S,1085.1,1,7
2021-06-18 09:41:28,S,1085.35,1,100
2021-06-18 09:41:28,S,1085.65,1,1
2021-06-18 09:41:28,S,1085.7,1,5
2021-06-18 09:41:28,B,1085.0,3,7
2021-06-18 09:41:28,B,1084.05,2,7
2021-06-18 09:41:28,B,1084.0,4,278
2021-06-18 09:41:28,B,1083.8,1,4
2021-06-18 09:41:28,B,1083.4,2,11
2021-06-18 09:41:30,S,1085.05,1,6
2021-06-18 09:41:30,S,1085.1,1,7
2021-06-18 09:41:30,S,1085.35,1,100
2021-06-18 09:41:30,S,1085.65,1,1
2021-06-18 09:41:30,S,1085.7,1,5
2021-06-18 09:41:30,B,1085.0,3,7
2021-06-18 09:41:30,B,1084.05,2,7
2021-06-18 09:41:30,B,1084.0,4,278
2021-06-18 09:41:30,B,1083.8,1,4
2021-06-18 09:41:30,B,1083.4,2,11
2021-06-18 09:41:30,S,1085.05,1,6
2021-06-18 09:41:30,S,1085.1,1,7
2021-06-18 09:41:30,S,1085.35,1,100
2021-06-18 09:41:30,S,1085.65,1,1
2021-06-18 09:41:30,S,1085.7,1,5
2021-06-18 09:41:30,B,1085.0,3,7
2021-06-18 09:41:30,B,1084.05,2,7
2021-06-18 09:41:30,B,1084.0,4,278
2021-06-18 09:41:30,B,1083.8,1,4
2021-06-18 09:41:30,B,1083.4,2,11
2021-06-18 09:41:31,S,1084.95,1,5
2021-06-18 09:41:31,S,1085.0,2,13
2021-06-18 09:41:31,S,1085.1,1,5
2021-06-18 09:41:31,S,1085.3,1,1
2021-06-18 09:41:31,S,1085.35,1,100
2021-06-18 09:41:31,B,1084.0,3,273
2021-06-18 09:41:31,B,1083.4,2,11
2021-06-18 09:41:31,B,1083.1,2,5
2021-06-18 09:41:31,B,1082.95,2,8
2021-06-18 09:41:31,B,1082.3,1,1
2021-06-18 09:41:31,S,1084.95,1,5
2021-06-18 09:41:31,S,1085.0,2,13
2021-06-18 09:41:31,S,1085.1,1,5
2021-06-18 09:41:31,S,1085.3,1,1
2021-06-18 09:41:31,S,1085.35,1,100
2021-06-18 09:41:31,B,1084.0,3,273
2021-06-18 09:41:31,B,1083.4,2,11
2021-06-18 09:41:31,B,1083.1,2,5
2021-06-18 09:41:31,B,1082.95,2,8
2021-06-18 09:41:31,B,1082.3,1,1
2021-06-18 09:41:33,S,1084.95,1,5
2021-06-18 09:41:33,S,1085.0,2,13
2021-06-18 09:41:33,S,1085.1,1,5
2021-06-18 09:41:33,S,1085.3,1,1
2021-06-18 09:41:33,S,1085.35,1,100
2021-06-18 09:41:33,B,1084.0,3,273
2021-06-18 09:41:33,B,1083.4,2,11
2021-06-18 09:41:33,B,1083.1,2,5
2021-06-18 09:41:33,B,1082.95,2,8
2021-06-18 09:41:33,B,1082.3,1,1
2021-06-18 09:41:33,S,1084.95,1,5
2021-06-18 09:41:33,S,1085.0,2,13
2021-06-18 09:41:33,S,1085.1,1,5
2021-06-18 09:41:33,S,1085.3,1,1
2021-06-18 09:41:33,S,1085.35,1,100
2021-06-18 09:41:33,B,1084.0,3,273
2021-06-18 09:41:33,B,1083.4,2,11
2021-06-18 09:41:33,B,1083.1,2,5
2021-06-18 09:41:33,B,1082.95,2,8
2021-06-18 09:41:33,B,1082.3,1,1
2021-06-18 09:41:34,S,1082.15,1,5
2021-06-18 09:41:34,S,1082.25,1,1
2021-06-18 09:41:34,S,1082.3,1,2
2021-06-18 09:41:34,S,1083.45,1,1
2021-06-18 09:41:34,S,1083.5,2,2
2021-06-18 09:41:34,B,1081.35,1,6
2021-06-18 09:41:34,B,1081.0,1,5
2021-06-18 09:41:34,B,1080.3,2,6
2021-06-18 09:41:34,B,1080.05,1,12
2021-06-18 09:41:34,B,1079.75,1,12
2021-06-18 09:41:34,S,1082.15,1,5
2021-06-18 09:41:34,S,1082.25,1,1
2021-06-18 09:41:34,S,1082.3,1,2
2021-06-18 09:41:34,S,1083.45,1,1
2021-06-18 09:41:34,S,1083.5,2,2
2021-06-18 09:41:34,B,1081.35,1,6
2021-06-18 09:41:34,B,1081.0,1,5
2021-06-18 09:41:34,B,1080.3,2,6
2021-06-18 09:41:34,B,1080.05,1,12
2021-06-18 09:41:34,B,1079.75,1,12
2021-06-18 09:41:37,S,1082.0,1,1
2021-06-18 09:41:37,S,1082.55,1,1
2021-06-18 09:41:37,S,1082.6,1,1
2021-06-18 09:41:37,S,1083.3,1,2
2021-06-18 09:41:37,S,1083.5,2,2
2021-06-18 09:41:37,B,1080.35,1,27
2021-06-18 09:41:37,B,1080.3,2,5
2021-06-18 09:41:37,B,1080.1,2,7
2021-06-18 09:41:37,B,1080.0,2,41
2021-06-18 09:41:37,B,1079.6,2,5
2021-06-18 09:41:37,S,1082.0,1,1
2021-06-18 09:41:37,S,1082.55,1,1
2021-06-18 09:41:37,S,1082.6,1,1
2021-06-18 09:41:37,S,1083.3,1,2
2021-06-18 09:41:37,S,1083.5,2,2
2021-06-18 09:41:37,B,1080.35,1,27
2021-06-18 09:41:37,B,1080.3,2,5
2021-06-18 09:41:37,B,1080.1,2,7
2021-06-18 09:41:37,B,1080.0,2,41
2021-06-18 09:41:37,B,1079.6,2,5
2021-06-18 09:41:40,S,1081.35,1,2
2021-06-18 09:41:40,S,1082.55,1,1
2021-06-18 09:41:40,S,1082.6,1,1
2021-06-18 09:41:40,S,1083.3,1,2
2021-06-18 09:41:40,S,1083.5,2,2
2021-06-18 09:41:40,B,1080.4,1,6
2021-06-18 09:41:40,B,1080.35,1,27
2021-06-18 09:41:40,B,1080.3,2,5
2021-06-18 09:41:40,B,1080.05,1,6
2021-06-18 09:41:40,B,1080.0,2,41
2021-06-18 09:41:40,S,1081.35,1,2
2021-06-18 09:41:40,S,1082.55,1,1
2021-06-18 09:41:40,S,1082.6,1,1
2021-06-18 09:41:40,S,1083.3,1,2
2021-06-18 09:41:40,S,1083.5,2,2
2021-06-18 09:41:40,B,1080.4,1,6
2021-06-18 09:41:40,B,1080.35,1,27
2021-06-18 09:41:40,B,1080.3,2,5
2021-06-18 09:41:40,B,1080.05,1,6
2021-06-18 09:41:40,B,1080.0,2,41
2021-06-18 09:41:46,S,1081.35,1,2
2021-06-18 09:41:46,S,1082.55,1,1
2021-06-18 09:41:46,S,1082.6,1,1
2021-06-18 09:41:46,S,1083.3,1,2
2021-06-18 09:41:46,S,1083.5,2,2
2021-06-18 09:41:46,B,1080.4,1,6
2021-06-18 09:41:46,B,1080.35,2,28
2021-06-18 09:41:46,B,1080.3,2,5
2021-06-18 09:41:46,B,1080.05,1,6
2021-06-18 09:41:46,B,1080.0,2,41
2021-06-18 09:41:46,S,1081.35,1,2
2021-06-18 09:41:46,S,1082.55,1,1
2021-06-18 09:41:46,S,1082.6,1,1
2021-06-18 09:41:46,S,1083.3,1,2
2021-06-18 09:41:46,S,1083.5,2,2
2021-06-18 09:41:46,B,1080.4,1,6
2021-06-18 09:41:46,B,1080.35,2,28
2021-06-18 09:41:46,B,1080.3,2,5
2021-06-18 09:41:46,B,1080.05,1,6
2021-06-18 09:41:46,B,1080.0,2,41
2021-06-18 09:41:48,S,1081.35,1,2
2021-06-18 09:41:48,S,1082.55,1,1
2021-06-18 09:41:48,S,1082.6,1,1
2021-06-18 09:41:48,S,1083.3,1,2
2021-06-18 09:41:48,S,1083.5,2,2
2021-06-18 09:41:48,B,1080.4,1,6
2021-06-18 09:41:48,B,1080.35,2,28
2021-06-18 09:41:48,B,1080.3,2,5
2021-06-18 09:41:48,B,1080.05,1,6
2021-06-18 09:41:48,B,1080.0,2,41
2021-06-18 09:41:48,S,1081.35,1,2
2021-06-18 09:41:48,S,1082.55,1,1
2021-06-18 09:41:48,S,1082.6,1,1
2021-06-18 09:41:48,S,1083.3,1,2
2021-06-18 09:41:48,S,1083.5,2,2
2021-06-18 09:41:48,B,1080.4,1,6
2021-06-18 09:41:48,B,1080.35,2,28
2021-06-18 09:41:48,B,1080.3,2,5
2021-06-18 09:41:48,B,1080.05,1,6
2021-06-18 09:41:48,B,1080.0,2,41
2021-06-18 09:41:49,S,1081.35,1,2
2021-06-18 09:41:49,S,1082.35,2,2
2021-06-18 09:41:49,S,1082.4,2,17
2021-06-18 09:41:49,S,1082.45,1,1
2021-06-18 09:41:49,S,1082.5,2,3
2021-06-18 09:41:49,B,1080.0,1,40
2021-06-18 09:41:49,B,1079.55,2,8
2021-06-18 09:41:49,B,1079.5,1,4
2021-06-18 09:41:49,B,1078.85,1,5
2021-06-18 09:41:49,B,1078.7,1,7
2021-06-18 09:41:49,S,1081.35,1,2
2021-06-18 09:41:49,S,1082.35,2,2
2021-06-18 09:41:49,S,1082.4,2,17
2021-06-18 09:41:49,S,1082.45,1,1
2021-06-18 09:41:49,S,1082.5,2,3
2021-06-18 09:41:49,B,1080.0,1,40
2021-06-18 09:41:49,B,1079.55,2,8
2021-06-18 09:41:49,B,1079.5,1,4
2021-06-18 09:41:49,B,1078.85,1,5
2021-06-18 09:41:49,B,1078.7,1,7
2021-06-18 09:41:55,S,1081.35,1,2
2021-06-18 09:41:55,S,1081.45,1,5
2021-06-18 09:41:55,S,1081.75,1,1
2021-06-18 09:41:55,S,1081.8,1,1
2021-06-18 09:41:55,S,1082.25,1,2
2021-06-18 09:41:55,B,1080.0,1,40
2021-06-18 09:41:55,B,1079.55,2,8
2021-06-18 09:41:55,B,1079.5,2,5
2021-06-18 09:41:55,B,1078.85,1,5
2021-06-18 09:41:55,B,1078.7,1,7
2021-06-18 09:41:55,S,1081.35,1,2
2021-06-18 09:41:55,S,1081.45,1,5
2021-06-18 09:41:55,S,1081.75,1,1
2021-06-18 09:41:55,S,1081.8,1,1
2021-06-18 09:41:55,S,1082.25,1,2
2021-06-18 09:41:55,B,1080.0,1,40
2021-06-18 09:41:55,B,1079.55,2,8
2021-06-18 09:41:55,B,1079.5,2,5
2021-06-18 09:41:55,B,1078.85,1,5
2021-06-18 09:41:55,B,1078.7,1,7
2021-06-18 09:41:56,S,1081.35,1,2
2021-06-18 09:41:56,S,1081.45,1,5
2021-06-18 09:41:56,S,1081.75,1,1
2021-06-18 09:41:56,S,1081.8,1,1
2021-06-18 09:41:56,S,1082.25,1,2
2021-06-18 09:41:56,B,1080.0,1,40
2021-06-18 09:41:56,B,1079.55,2,8
2021-06-18 09:41:56,B,1079.5,2,5
2021-06-18 09:41:56,B,1078.85,1,5
2021-06-18 09:41:56,B,1078.7,1,7
2021-06-18 09:41:56,S,1081.35,1,2
2021-06-18 09:41:56,S,1081.45,1,5
2021-06-18 09:41:56,S,1081.75,1,1
2021-06-18 09:41:56,S,1081.8,1,1
2021-06-18 09:41:56,S,1082.25,1,2
2021-06-18 09:41:56,B,1080.0,1,40
2021-06-18 09:41:56,B,1079.55,2,8
2021-06-18 09:41:56,B,1079.5,2,5
2021-06-18 09:41:56,B,1078.85,1,5
2021-06-18 09:41:56,B,1078.7,1,7
2021-06-18 09:41:58,S,1081.7,1,1
2021-06-18 09:41:58,S,1081.75,1,2
2021-06-18 09:41:58,S,1082.2,1,15
2021-06-18 09:41:58,S,1082.3,1,1
2021-06-18 09:41:58,S,1083.2,1,1
2021-06-18 09:41:58,B,1080.1,2,2
2021-06-18 09:41:58,B,1080.05,1,1
2021-06-18 09:41:58,B,1080.0,2,11
2021-06-18 09:41:58,B,1079.0,1,1
2021-06-18 09:41:58,B,1078.95,1,5
2021-06-18 09:41:58,S,1081.7,1,1
2021-06-18 09:41:58,S,1081.75,1,2
2021-06-18 09:41:58,S,1082.2,1,15
2021-06-18 09:41:58,S,1082.3,1,1
2021-06-18 09:41:58,S,1083.2,1,1
2021-06-18 09:41:58,B,1080.1,2,2
2021-06-18 09:41:58,B,1080.05,1,1
2021-06-18 09:41:58,B,1080.0,2,11
2021-06-18 09:41:58,B,1079.0,1,1
2021-06-18 09:41:58,B,1078.95,1,5
2021-06-18 09:41:59,S,1081.7,1,1
2021-06-18 09:41:59,S,1081.75,1,2
2021-06-18 09:41:59,S,1082.2,1,15
2021-06-18 09:41:59,S,1082.3,1,1
2021-06-18 09:41:59,S,1083.2,1,1
2021-06-18 09:41:59,B,1080.1,2,2
2021-06-18 09:41:59,B,1080.05,1,1
2021-06-18 09:41:59,B,1080.0,2,11
2021-06-18 09:41:59,B,1079.0,1,1
2021-06-18 09:41:59,B,1078.95,1,5
2021-06-18 09:41:59,S,1081.7,1,1
2021-06-18 09:41:59,S,1081.75,1,2
2021-06-18 09:41:59,S,1082.2,1,15
2021-06-18 09:41:59,S,1082.3,1,1
2021-06-18 09:41:59,S,1083.2,1,1
2021-06-18 09:41:59,B,1080.1,2,2
2021-06-18 09:41:59,B,1080.05,1,1
2021-06-18 09:41:59,B,1080.0,2,11
2021-06-18 09:41:59,B,1079.0,1,1
2021-06-18 09:41:59,B,1078.95,1,5
2021-06-18 09:42:01,S,1082.75,1,1
2021-06-18 09:42:01,S,1082.85,1,5
2021-06-18 09:42:01,S,1083.1,2,12
2021-06-18 09:42:01,S,1083.15,1,13
2021-06-18 09:42:01,S,1083.2,1,1
2021-06-18 09:42:01,B,1080.95,1,1
2021-06-18 09:42:01,B,1080.9,2,2
2021-06-18 09:42:01,B,1080.85,2,5
2021-06-18 09:42:01,B,1080.4,1,6
2021-06-18 09:42:01,B,1080.15,2,5
2021-06-18 09:42:01,S,1082.75,1,1
2021-06-18 09:42:01,S,1082.85,1,5
2021-06-18 09:42:01,S,1083.1,2,12
2021-06-18 09:42:01,S,1083.15,1,13
2021-06-18 09:42:01,S,1083.2,1,1
2021-06-18 09:42:01,B,1080.95,1,1
2021-06-18 09:42:01,B,1080.9,2,2
2021-06-18 09:42:01,B,1080.85,2,5
2021-06-18 09:42:01,B,1080.4,1,6
2021-06-18 09:42:01,B,1080.15,2,5
2021-06-18 09:42:05,S,1082.5,1,1
2021-06-18 09:42:05,S,1082.55,1,5
2021-06-18 09:42:05,S,1083.1,2,12
2021-06-18 09:42:05,S,1083.15,1,13
2021-06-18 09:42:05,S,1083.2,1,1
2021-06-18 09:42:05,B,1080.95,1,1
2021-06-18 09:42:05,B,1080.9,2,2
2021-06-18 09:42:05,B,1080.85,2,5
2021-06-18 09:42:05,B,1080.4,1,6
2021-06-18 09:42:05,B,1080.15,2,5
2021-06-18 09:42:05,S,1082.5,1,1
2021-06-18 09:42:05,S,1082.55,1,5
2021-06-18 09:42:05,S,1083.1,2,12
2021-06-18 09:42:05,S,1083.15,1,13
2021-06-18 09:42:05,S,1083.2,1,1
2021-06-18 09:42:05,B,1080.95,1,1
2021-06-18 09:42:05,B,1080.9,2,2
2021-06-18 09:42:05,B,1080.85,2,5
2021-06-18 09:42:05,B,1080.4,1,6
2021-06-18 09:42:05,B,1080.15,2,5
2021-06-18 09:42:07,S,1082.5,1,1
2021-06-18 09:42:07,S,1082.55,1,5
2021-06-18 09:42:07,S,1083.1,2,12
2021-06-18 09:42:07,S,1083.15,1,13
2021-06-18 09:42:07,S,1083.2,1,1
2021-06-18 09:42:07,B,1080.95,1,1
2021-06-18 09:42:07,B,1080.9,2,2
2021-06-18 09:42:07,B,1080.85,2,5
2021-06-18 09:42:07,B,1080.4,1,6
2021-06-18 09:42:07,B,1080.15,2,5
2021-06-18 09:42:07,S,1082.5,1,1
2021-06-18 09:42:07,S,1082.55,1,5
2021-06-18 09:42:07,S,1083.1,2,12
2021-06-18 09:42:07,S,1083.15,1,13
2021-06-18 09:42:07,S,1083.2,1,1
2021-06-18 09:42:07,B,1080.95,1,1
2021-06-18 09:42:07,B,1080.9,2,2
2021-06-18 09:42:07,B,1080.85,2,5
2021-06-18 09:42:07,B,1080.4,1,6
2021-06-18 09:42:07,B,1080.15,2,5
2021-06-18 09:42:08,S,1080.7,1,5
2021-06-18 09:42:08,S,1081.1,2,2
2021-06-18 09:42:08,S,1081.15,2,3
2021-06-18 09:42:08,S,1081.75,1,2
2021-06-18 09:42:08,S,1081.8,1,5
2021-06-18 09:42:08,B,1079.05,1,6
2021-06-18 09:42:08,B,1079.0,1,2
2021-06-18 09:42:08,B,1078.95,2,6
2021-06-18 09:42:08,B,1078.9,2,8
2021-06-18 09:42:08,B,1078.8,1,4
2021-06-18 09:42:08,S,1080.7,1,5
2021-06-18 09:42:08,S,1081.1,2,2
2021-06-18 09:42:08,S,1081.15,2,3
2021-06-18 09:42:08,S,1081.75,1,2
2021-06-18 09:42:08,S,1081.8,1,5
2021-06-18 09:42:08,B,1079.05,1,6
2021-06-18 09:42:08,B,1079.0,1,2
2021-06-18 09:42:08,B,1078.95,2,6
2021-06-18 09:42:08,B,1078.9,2,8
2021-06-18 09:42:08,B,1078.8,1,4
2021-06-18 09:42:12,S,1081.75,1,2
2021-06-18 09:42:12,S,1082.15,1,1
2021-06-18 09:42:12,S,1082.2,1,5
2021-06-18 09:42:12,S,1082.25,1,2
2021-06-18 09:42:12,S,1082.5,1,5
2021-06-18 09:42:12,B,1080.05,1,2
2021-06-18 09:42:12,B,1080.0,1,20
2021-06-18 09:42:12,B,1078.95,2,3
2021-06-18 09:42:12,B,1078.9,1,7
2021-06-18 09:42:12,B,1078.8,2,5
2021-06-18 09:42:12,S,1081.75,1,2
2021-06-18 09:42:12,S,1082.15,1,1
2021-06-18 09:42:12,S,1082.2,1,5
2021-06-18 09:42:12,S,1082.25,1,2
2021-06-18 09:42:12,S,1082.5,1,5
2021-06-18 09:42:12,B,1080.05,1,2
2021-06-18 09:42:12,B,1080.0,1,20
2021-06-18 09:42:12,B,1078.95,2,3
2021-06-18 09:42:12,B,1078.9,1,7
2021-06-18 09:42:12,B,1078.8,2,5
2021-06-18 09:42:15,S,1081.8,1,1
2021-06-18 09:42:15,S,1081.85,1,5
2021-06-18 09:42:15,S,1082.2,1,5
2021-06-18 09:42:15,S,1082.25,1,2
2021-06-18 09:42:15,S,1082.7,2,3
2021-06-18 09:42:15,B,1080.05,1,2
2021-06-18 09:42:15,B,1080.0,1,20
2021-06-18 09:42:15,B,1079.6,1,1
2021-06-18 09:42:15,B,1079.55,2,5
2021-06-18 09:42:15,B,1079.0,1,2
2021-06-18 09:42:15,S,1081.8,1,1
2021-06-18 09:42:15,S,1081.85,1,5
2021-06-18 09:42:15,S,1082.2,1,5
2021-06-18 09:42:15,S,1082.25,1,2
2021-06-18 09:42:15,S,1082.7,2,3
2021-06-18 09:42:15,B,1080.05,1,2
2021-06-18 09:42:15,B,1080.0,1,20
2021-06-18 09:42:15,B,1079.6,1,1
2021-06-18 09:42:15,B,1079.55,2,5
2021-06-18 09:42:15,B,1079.0,1,2
2021-06-18 09:42:17,S,1081.8,1,1
2021-06-18 09:42:17,S,1081.85,1,5
2021-06-18 09:42:17,S,1082.2,1,5
2021-06-18 09:42:17,S,1082.25,1,2
2021-06-18 09:42:17,S,1082.7,2,3
2021-06-18 09:42:17,B,1080.05,1,2
2021-06-18 09:42:17,B,1080.0,1,20
2021-06-18 09:42:17,B,1079.6,1,1
2021-06-18 09:42:17,B,1079.55,2,5
2021-06-18 09:42:17,B,1079.0,1,2
2021-06-18 09:42:17,S,1081.8,1,1
2021-06-18 09:42:17,S,1081.85,1,5
2021-06-18 09:42:17,S,1082.2,1,5
2021-06-18 09:42:17,S,1082.25,1,2
2021-06-18 09:42:17,S,1082.7,2,3
2021-06-18 09:42:17,B,1080.05,1,2
2021-06-18 09:42:17,B,1080.0,1,20
2021-06-18 09:42:17,B,1079.6,1,1
2021-06-18 09:42:17,B,1079.55,2,5
2021-06-18 09:42:17,B,1079.0,1,2
2021-06-18 09:42:18,S,1079.95,1,1
2021-06-18 09:42:18,S,1080.0,1,11
2021-06-18 09:42:18,S,1080.2,1,5
2021-06-18 09:42:18,S,1081.55,1,5
2021-06-18 09:42:18,S,1081.6,1,2
2021-06-18 09:42:18,B,1078.8,2,5
2021-06-18 09:42:18,B,1078.4,1,2
2021-06-18 09:42:18,B,1078.35,1,1
2021-06-18 09:42:18,B,1078.25,1,2
2021-06-18 09:42:18,B,1078.2,1,4
2021-06-18 09:42:18,S,1079.95,1,1
2021-06-18 09:42:18,S,1080.0,1,11
2021-06-18 09:42:18,S,1080.2,1,5
2021-06-18 09:42:18,S,1081.55,1,5
2021-06-18 09:42:18,S,1081.6,1,2
2021-06-18 09:42:18,B,1078.8,2,5
2021-06-18 09:42:18,B,1078.4,1,2
2021-06-18 09:42:18,B,1078.35,1,1
2021-06-18 09:42:18,B,1078.25,1,2
2021-06-18 09:42:18,B,1078.2,1,4
2021-06-18 09:42:21,S,1079.95,1,1
2021-06-18 09:42:21,S,1080.0,1,11
2021-06-18 09:42:21,S,1080.2,1,5
2021-06-18 09:42:21,S,1080.75,1,2
2021-06-18 09:42:21,S,1080.8,1,2
2021-06-18 09:42:21,B,1078.8,2,5
2021-06-18 09:42:21,B,1078.4,1,2
2021-06-18 09:42:21,B,1078.35,2,2
2021-06-18 09:42:21,B,1078.25,1,2
2021-06-18 09:42:21,B,1078.2,1,4
2021-06-18 09:42:21,S,1079.95,1,1
2021-06-18 09:42:21,S,1080.0,1,11
2021-06-18 09:42:21,S,1080.2,1,5
2021-06-18 09:42:21,S,1080.75,1,2
2021-06-18 09:42:21,S,1080.8,1,2
2021-06-18 09:42:21,B,1078.8,2,5
2021-06-18 09:42:21,B,1078.4,1,2
2021-06-18 09:42:21,B,1078.35,2,2
2021-06-18 09:42:21,B,1078.25,1,2
2021-06-18 09:42:21,B,1078.2,1,4
2021-06-18 09:42:24,S,1079.95,1,1
2021-06-18 09:42:24,S,1080.0,1,11
2021-06-18 09:42:24,S,1080.2,1,5
2021-06-18 09:42:24,S,1080.75,1,2
2021-06-18 09:42:24,S,1080.8,1,2
2021-06-18 09:42:24,B,1078.8,2,5
2021-06-18 09:42:24,B,1078.4,1,2
2021-06-18 09:42:24,B,1078.35,2,2
2021-06-18 09:42:24,B,1078.25,1,2
2021-06-18 09:42:24,B,1078.2,1,4
2021-06-18 09:42:24,S,1079.95,1,1
2021-06-18 09:42:24,S,1080.0,1,11
2021-06-18 09:42:24,S,1080.2,1,5
2021-06-18 09:42:24,S,1080.75,1,2
2021-06-18 09:42:24,S,1080.8,1,2
2021-06-18 09:42:24,B,1078.8,2,5
2021-06-18 09:42:24,B,1078.4,1,2
2021-06-18 09:42:24,B,1078.35,2,2
2021-06-18 09:42:24,B,1078.25,1,2
2021-06-18 09:42:24,B,1078.2,1,4
2021-06-18 09:42:28,S,1079.85,1,1
2021-06-18 09:42:28,S,1079.9,1,5
2021-06-18 09:42:28,S,1080.0,2,12
2021-06-18 09:42:28,S,1080.75,1,2
2021-06-18 09:42:28,S,1080.8,1,2
2021-06-18 09:42:28,B,1078.8,2,5
2021-06-18 09:42:28,B,1078.4,1,2
2021-06-18 09:42:28,B,1078.35,2,2
2021-06-18 09:42:28,B,1078.25,1,2
2021-06-18 09:42:28,B,1078.2,1,4
2021-06-18 09:42:28,S,1079.85,1,1
2021-06-18 09:42:28,S,1079.9,1,5
2021-06-18 09:42:28,S,1080.0,2,12
2021-06-18 09:42:28,S,1080.75,1,2
2021-06-18 09:42:28,S,1080.8,1,2
2021-06-18 09:42:28,B,1078.8,2,5
2021-06-18 09:42:28,B,1078.4,1,2
2021-06-18 09:42:28,B,1078.35,2,2
2021-06-18 09:42:28,B,1078.25,1,2
2021-06-18 09:42:28,B,1078.2,1,4
2021-06-18 09:42:31,S,1079.85,1,1
2021-06-18 09:42:31,S,1079.9,1,5
2021-06-18 09:42:31,S,1080.0,2,12
2021-06-18 09:42:31,S,1080.75,1,2
2021-06-18 09:42:31,S,1080.8,1,2
2021-06-18 09:42:31,B,1078.8,2,5
2021-06-18 09:42:31,B,1078.4,1,2
2021-06-18 09:42:31,B,1078.35,2,2
2021-06-18 09:42:31,B,1078.25,1,2
2021-06-18 09:42:31,B,1078.2,1,4
2021-06-18 09:42:31,S,1079.85,1,1
2021-06-18 09:42:31,S,1079.9,1,5
2021-06-18 09:42:31,S,1080.0,2,12
2021-06-18 09:42:31,S,1080.75,1,2
2021-06-18 09:42:31,S,1080.8,1,2
2021-06-18 09:42:31,B,1078.8,2,5
2021-06-18 09:42:31,B,1078.4,1,2
2021-06-18 09:42:31,B,1078.35,2,2
2021-06-18 09:42:31,B,1078.25,1,2
2021-06-18 09:42:31,B,1078.2,1,4
2021-06-18 09:42:32,S,1079.85,1,1
2021-06-18 09:42:32,S,1079.9,1,5
2021-06-18 09:42:32,S,1080.0,2,12
2021-06-18 09:42:32,S,1080.75,1,2
2021-06-18 09:42:32,S,1080.8,1,2
2021-06-18 09:42:32,B,1078.8,2,5
2021-06-18 09:42:32,B,1078.4,1,2
2021-06-18 09:42:32,B,1078.35,2,2
2021-06-18 09:42:32,B,1078.25,1,2
2021-06-18 09:42:32,B,1078.2,1,4
2021-06-18 09:42:32,S,1079.85,1,1
2021-06-18 09:42:32,S,1079.9,1,5
2021-06-18 09:42:32,S,1080.0,2,12
2021-06-18 09:42:32,S,1080.75,1,2
2021-06-18 09:42:32,S,1080.8,1,2
2021-06-18 09:42:32,B,1078.8,2,5
2021-06-18 09:42:32,B,1078.4,1,2
2021-06-18 09:42:32,B,1078.35,2,2
2021-06-18 09:42:32,B,1078.25,1,2
2021-06-18 09:42:32,B,1078.2,1,4
2021-06-18 09:42:33,S,1079.0,1,5
2021-06-18 09:42:33,S,1079.45,1,1
2021-06-18 09:42:33,S,1079.5,1,5
2021-06-18 09:42:33,S,1080.0,2,12
2021-06-18 09:42:33,S,1080.1,1,2
2021-06-18 09:42:33,B,1077.85,1,4
2021-06-18 09:42:33,B,1077.6,2,5
2021-06-18 09:42:33,B,1077.25,1,1
2021-06-18 09:42:33,B,1077.0,4,32
2021-06-18 09:42:33,B,1076.8,2,11
2021-06-18 09:42:33,S,1079.0,1,5
2021-06-18 09:42:33,S,1079.45,1,1
2021-06-18 09:42:33,S,1079.5,1,5
2021-06-18 09:42:33,S,1080.0,2,12
2021-06-18 09:42:33,S,1080.1,1,2
2021-06-18 09:42:33,B,1077.85,1,4
2021-06-18 09:42:33,B,1077.6,2,5
2021-06-18 09:42:33,B,1077.25,1,1
2021-06-18 09:42:33,B,1077.0,4,32
2021-06-18 09:42:33,B,1076.8,2,11
2021-06-18 09:42:36,S,1081.55,1,1
2021-06-18 09:42:36,S,1081.6,1,5
2021-06-18 09:42:36,S,1081.75,1,1
2021-06-18 09:42:36,S,1082.25,1,2
2021-06-18 09:42:36,S,1082.5,1,2
2021-06-18 09:42:36,B,1079.8,1,1
2021-06-18 09:42:36,B,1079.75,1,2
2021-06-18 09:42:36,B,1079.2,1,1
2021-06-18 09:42:36,B,1079.15,1,1
2021-06-18 09:42:36,B,1078.8,1,1
2021-06-18 09:42:36,S,1081.55,1,1
2021-06-18 09:42:36,S,1081.6,1,5
2021-06-18 09:42:36,S,1081.75,1,1
2021-06-18 09:42:36,S,1082.25,1,2
2021-06-18 09:42:36,S,1082.5,1,2
2021-06-18 09:42:36,B,1079.8,1,1
2021-06-18 09:42:36,B,1079.75,1,2
2021-06-18 09:42:36,B,1079.2,1,1
2021-06-18 09:42:36,B,1079.15,1,1
2021-06-18 09:42:36,B,1078.8,1,1
2021-06-18 09:42:39,S,1081.5,1,1
2021-06-18 09:42:39,S,1081.55,1,4
2021-06-18 09:42:39,S,1081.6,1,2
2021-06-18 09:42:39,S,1082.15,1,2
2021-06-18 09:42:39,S,1082.2,1,1
2021-06-18 09:42:39,B,1079.4,1,1
2021-06-18 09:42:39,B,1079.35,1,1
2021-06-18 09:42:39,B,1079.1,1,2
2021-06-18 09:42:39,B,1079.05,1,1
2021-06-18 09:42:39,B,1079.0,1,5
2021-06-18 09:42:39,S,1081.5,1,1
2021-06-18 09:42:39,S,1081.55,1,4
2021-06-18 09:42:39,S,1081.6,1,2
2021-06-18 09:42:39,S,1082.15,1,2
2021-06-18 09:42:39,S,1082.2,1,1
2021-06-18 09:42:39,B,1079.4,1,1
2021-06-18 09:42:39,B,1079.35,1,1
2021-06-18 09:42:39,B,1079.1,1,2
2021-06-18 09:42:39,B,1079.05,1,1
2021-06-18 09:42:39,B,1079.0,1,5
2021-06-18 09:42:41,S,1081.5,1,1
2021-06-18 09:42:41,S,1081.55,1,4
2021-06-18 09:42:41,S,1081.6,1,2
2021-06-18 09:42:41,S,1082.15,1,2
2021-06-18 09:42:41,S,1082.2,1,1
2021-06-18 09:42:41,B,1079.4,1,1
2021-06-18 09:42:41,B,1079.35,1,1
2021-06-18 09:42:41,B,1079.1,1,2
2021-06-18 09:42:41,B,1079.05,1,1
2021-06-18 09:42:41,B,1079.0,1,5
2021-06-18 09:42:41,S,1081.5,1,1
2021-06-18 09:42:41,S,1081.55,1,4
2021-06-18 09:42:41,S,1081.6,1,2
2021-06-18 09:42:41,S,1082.15,1,2
2021-06-18 09:42:41,S,1082.2,1,1
2021-06-18 09:42:41,B,1079.4,1,1
2021-06-18 09:42:41,B,1079.35,1,1
2021-06-18 09:42:41,B,1079.1,1,2
2021-06-18 09:42:41,B,1079.05,1,1
2021-06-18 09:42:41,B,1079.0,1,5
2021-06-18 09:42:43,S,1081.2,1,5
2021-06-18 09:42:43,S,1081.5,1,4
2021-06-18 09:42:43,S,1081.55,1,2
2021-06-18 09:42:43,S,1082.15,1,2
2021-06-18 09:42:43,S,1082.2,1,1
2021-06-18 09:42:43,B,1079.6,2,2
2021-06-18 09:42:43,B,1079.4,1,4
2021-06-18 09:42:43,B,1079.1,2,6
2021-06-18 09:42:43,B,1079.05,2,3
2021-06-18 09:42:43,B,1079.0,1,5
2021-06-18 09:42:43,S,1081.2,1,5
2021-06-18 09:42:43,S,1081.5,1,4
2021-06-18 09:42:43,S,1081.55,1,2
2021-06-18 09:42:43,S,1082.15,1,2
2021-06-18 09:42:43,S,1082.2,1,1
2021-06-18 09:42:43,B,1079.6,2,2
2021-06-18 09:42:43,B,1079.4,1,4
2021-06-18 09:42:43,B,1079.1,2,6
2021-06-18 09:42:43,B,1079.05,2,3
2021-06-18 09:42:43,B,1079.0,1,5
2021-06-18 09:42:46,S,1080.75,3,13
2021-06-18 09:42:46,S,1080.8,1,18
2021-06-18 09:42:46,S,1081.2,1,2
2021-06-18 09:42:46,S,1081.3,1,4
2021-06-18 09:42:46,S,1081.4,1,2
2021-06-18 09:42:46,B,1078.65,2,2
2021-06-18 09:42:46,B,1078.6,1,1
2021-06-18 09:42:46,B,1078.35,2,5
2021-06-18 09:42:46,B,1077.9,1,2
2021-06-18 09:42:46,B,1077.6,2,5
2021-06-18 09:42:46,S,1080.75,3,13
2021-06-18 09:42:46,S,1080.8,1,18
2021-06-18 09:42:46,S,1081.2,1,2
2021-06-18 09:42:46,S,1081.3,1,4
2021-06-18 09:42:46,S,1081.4,1,2
2021-06-18 09:42:46,B,1078.65,2,2
2021-06-18 09:42:46,B,1078.6,1,1
2021-06-18 09:42:46,B,1078.35,2,5
2021-06-18 09:42:46,B,1077.9,1,2
2021-06-18 09:42:46,B,1077.6,2,5
2021-06-18 09:42:48,S,1080.75,3,13
2021-06-18 09:42:48,S,1080.8,1,18
2021-06-18 09:42:48,S,1081.2,1,2
2021-06-18 09:42:48,S,1081.3,1,4
2021-06-18 09:42:48,S,1081.4,1,2
2021-06-18 09:42:48,B,1078.65,2,2
2021-06-18 09:42:48,B,1078.6,1,1
2021-06-18 09:42:48,B,1078.35,2,5
2021-06-18 09:42:48,B,1077.9,1,2
2021-06-18 09:42:48,B,1077.6,2,5
2021-06-18 09:42:48,S,1080.75,3,13
2021-06-18 09:42:48,S,1080.8,1,18
2021-06-18 09:42:48,S,1081.2,1,2
2021-06-18 09:42:48,S,1081.3,1,4
2021-06-18 09:42:48,S,1081.4,1,2
2021-06-18 09:42:48,B,1078.65,2,2
2021-06-18 09:42:48,B,1078.6,1,1
2021-06-18 09:42:48,B,1078.35,2,5
2021-06-18 09:42:48,B,1077.9,1,2
2021-06-18 09:42:48,B,1077.6,2,5
2021-06-18 09:42:50,S,1081.8,2,5
2021-06-18 09:42:50,S,1081.9,1,5
2021-06-18 09:42:50,S,1081.95,1,2
2021-06-18 09:42:50,S,1082.3,1,1
2021-06-18 09:42:50,S,1082.35,1,5
2021-06-18 09:42:50,B,1079.15,1,1
2021-06-18 09:42:50,B,1079.1,2,5
2021-06-18 09:42:50,B,1078.45,2,3
2021-06-18 09:42:50,B,1078.4,2,5
2021-06-18 09:42:50,B,1078.35,2,5
2021-06-18 09:42:50,S,1081.8,2,5
2021-06-18 09:42:50,S,1081.9,1,5
2021-06-18 09:42:50,S,1081.95,1,2
2021-06-18 09:42:50,S,1082.3,1,1
2021-06-18 09:42:50,S,1082.35,1,5
2021-06-18 09:42:50,B,1079.15,1,1
2021-06-18 09:42:50,B,1079.1,2,5
2021-06-18 09:42:50,B,1078.45,2,3
2021-06-18 09:42:50,B,1078.4,2,5
2021-06-18 09:42:50,B,1078.35,2,5
2021-06-18 09:42:53,S,1081.7,2,5
2021-06-18 09:42:53,S,1081.75,1,1
2021-06-18 09:42:53,S,1081.85,1,2
2021-06-18 09:42:53,S,1082.4,1,5
2021-06-18 09:42:53,S,1082.5,1,2
2021-06-18 09:42:53,B,1079.2,1,1
2021-06-18 09:42:53,B,1079.15,2,2
2021-06-18 09:42:53,B,1079.1,2,5
2021-06-18 09:42:53,B,1078.4,2,5
2021-06-18 09:42:53,B,1078.35,2,5
2021-06-18 09:42:53,S,1081.7,2,5
2021-06-18 09:42:53,S,1081.75,1,1
2021-06-18 09:42:53,S,1081.85,1,2
2021-06-18 09:42:53,S,1082.4,1,5
2021-06-18 09:42:53,S,1082.5,1,2
2021-06-18 09:42:53,B,1079.2,1,1
2021-06-18 09:42:53,B,1079.15,2,2
2021-06-18 09:42:53,B,1079.1,2,5
2021-06-18 09:42:53,B,1078.4,2,5
2021-06-18 09:42:53,B,1078.35,2,5
2021-06-18 09:42:55,S,1081.7,2,5
2021-06-18 09:42:55,S,1081.75,1,1
2021-06-18 09:42:55,S,1081.85,1,2
2021-06-18 09:42:55,S,1082.4,1,5
2021-06-18 09:42:55,S,1082.5,1,2
2021-06-18 09:42:55,B,1079.2,1,1
2021-06-18 09:42:55,B,1079.15,2,2
2021-06-18 09:42:55,B,1079.1,2,5
2021-06-18 09:42:55,B,1078.4,2,5
2021-06-18 09:42:55,B,1078.35,2,5
2021-06-18 09:42:55,S,1081.7,2,5
2021-06-18 09:42:55,S,1081.75,1,1
2021-06-18 09:42:55,S,1081.85,1,2
2021-06-18 09:42:55,S,1082.4,1,5
2021-06-18 09:42:55,S,1082.5,1,2
2021-06-18 09:42:55,B,1079.2,1,1
2021-06-18 09:42:55,B,1079.15,2,2
2021-06-18 09:42:55,B,1079.1,2,5
2021-06-18 09:42:55,B,1078.4,2,5
2021-06-18 09:42:55,B,1078.35,2,5
2021-06-18 09:42:57,S,1083.5,1,3
2021-06-18 09:42:57,S,1084.95,1,4
2021-06-18 09:42:57,S,1085.0,3,201
2021-06-18 09:42:57,S,1085.3,1,1
2021-06-18 09:42:57,S,1085.35,1,100
2021-06-18 09:42:57,B,1082.15,2,2
2021-06-18 09:42:57,B,1082.1,2,14
2021-06-18 09:42:57,B,1082.05,4,20
2021-06-18 09:42:57,B,1082.0,1,494
2021-06-18 09:42:57,B,1079.8,1,5
2021-06-18 09:42:57,S,1083.5,1,3
2021-06-18 09:42:57,S,1084.95,1,4
2021-06-18 09:42:57,S,1085.0,3,201
2021-06-18 09:42:57,S,1085.3,1,1
2021-06-18 09:42:57,S,1085.35,1,100
2021-06-18 09:42:57,B,1082.15,2,2
2021-06-18 09:42:57,B,1082.1,2,14
2021-06-18 09:42:57,B,1082.05,4,20
2021-06-18 09:42:57,B,1082.0,1,494
2021-06-18 09:42:57,B,1079.8,1,5
2021-06-18 09:43:00,S,1084.6,1,5
2021-06-18 09:43:00,S,1084.85,1,3
2021-06-18 09:43:00,S,1084.9,1,5
2021-06-18 09:43:00,S,1084.95,1,6
2021-06-18 09:43:00,S,1085.0,2,200
2021-06-18 09:43:00,B,1082.75,1,1
2021-06-18 09:43:00,B,1082.7,1,7
2021-06-18 09:43:00,B,1082.65,2,5
2021-06-18 09:43:00,B,1082.45,2,2
2021-06-18 09:43:00,B,1082.4,2,2
2021-06-18 09:43:00,S,1084.6,1,5
2021-06-18 09:43:00,S,1084.85,1,3
2021-06-18 09:43:00,S,1084.9,1,5
2021-06-18 09:43:00,S,1084.95,1,6
2021-06-18 09:43:00,S,1085.0,2,200
2021-06-18 09:43:00,B,1082.75,1,1
2021-06-18 09:43:00,B,1082.7,1,7
2021-06-18 09:43:00,B,1082.65,2,5
2021-06-18 09:43:00,B,1082.45,2,2
2021-06-18 09:43:00,B,1082.4,2,2
2021-06-18 09:43:03,S,1084.6,1,5
2021-06-18 09:43:03,S,1084.85,1,3
2021-06-18 09:43:03,S,1084.9,1,5
2021-06-18 09:43:03,S,1084.95,1,6
2021-06-18 09:43:03,S,1085.0,2,200
2021-06-18 09:43:03,B,1082.75,1,1
2021-06-18 09:43:03,B,1082.7,1,7
2021-06-18 09:43:03,B,1082.65,2,5
2021-06-18 09:43:03,B,1082.45,2,2
2021-06-18 09:43:03,B,1082.4,2,2
2021-06-18 09:43:03,S,1084.6,1,5
2021-06-18 09:43:03,S,1084.85,1,3
2021-06-18 09:43:03,S,1084.9,1,5
2021-06-18 09:43:03,S,1084.95,1,6
2021-06-18 09:43:03,S,1085.0,2,200
2021-06-18 09:43:03,B,1082.75,1,1
2021-06-18 09:43:03,B,1082.7,1,7
2021-06-18 09:43:03,B,1082.65,2,5
2021-06-18 09:43:03,B,1082.45,2,2
2021-06-18 09:43:03,B,1082.4,2,2
2021-06-18 09:43:04,S,1084.85,1,7
2021-06-18 09:43:04,S,1084.9,1,5
2021-06-18 09:43:04,S,1084.95,1,6
2021-06-18 09:43:04,S,1085.0,2,200
2021-06-18 09:43:04,S,1085.3,1,2
2021-06-18 09:43:04,B,1083.05,1,1
2021-06-18 09:43:04,B,1083.0,1,25
2021-06-18 09:43:04,B,1082.45,1,1
2021-06-18 09:43:04,B,1082.4,1,1
2021-06-18 09:43:04,B,1082.35,1,1
2021-06-18 09:43:04,S,1084.85,1,7
2021-06-18 09:43:04,S,1084.9,1,5
2021-06-18 09:43:04,S,1084.95,1,6
2021-06-18 09:43:04,S,1085.0,2,200
2021-06-18 09:43:04,S,1085.3,1,2
2021-06-18 09:43:04,B,1083.05,1,1
2021-06-18 09:43:04,B,1083.0,1,25
2021-06-18 09:43:04,B,1082.45,1,1
2021-06-18 09:43:04,B,1082.4,1,1
2021-06-18 09:43:04,B,1082.35,1,1
2021-06-18 09:43:05,S,1084.85,1,7
2021-06-18 09:43:05,S,1084.9,1,5
2021-06-18 09:43:05,S,1084.95,1,6
2021-06-18 09:43:05,S,1085.0,2,200
2021-06-18 09:43:05,S,1085.3,1,2
2021-06-18 09:43:05,B,1083.05,1,1
2021-06-18 09:43:05,B,1083.0,1,25
2021-06-18 09:43:05,B,1082.45,1,1
2021-06-18 09:43:05,B,1082.4,1,1
2021-06-18 09:43:05,B,1082.35,1,1
2021-06-18 09:43:05,S,1084.85,1,7
2021-06-18 09:43:05,S,1084.9,1,5
2021-06-18 09:43:05,S,1084.95,1,6
2021-06-18 09:43:05,S,1085.0,2,200
2021-06-18 09:43:05,S,1085.3,1,2
2021-06-18 09:43:05,B,1083.05,1,1
2021-06-18 09:43:05,B,1083.0,1,25
2021-06-18 09:43:05,B,1082.45,1,1
2021-06-18 09:43:05,B,1082.4,1,1
2021-06-18 09:43:05,B,1082.35,1,1
2021-06-18 09:43:06,S,1084.85,1,7
2021-06-18 09:43:06,S,1084.9,1,5
2021-06-18 09:43:06,S,1084.95,1,6
2021-06-18 09:43:06,S,1085.0,2,200
2021-06-18 09:43:06,S,1085.3,1,2
2021-06-18 09:43:06,B,1083.05,1,1
2021-06-18 09:43:06,B,1083.0,1,25
2021-06-18 09:43:06,B,1082.45,1,1
2021-06-18 09:43:06,B,1082.4,1,1
2021-06-18 09:43:06,B,1082.35,1,1
2021-06-18 09:43:06,S,1084.85,1,7
2021-06-18 09:43:06,S,1084.9,1,5
2021-06-18 09:43:06,S,1084.95,1,6
2021-06-18 09:43:06,S,1085.0,2,200
2021-06-18 09:43:06,S,1085.3,1,2
2021-06-18 09:43:06,B,1083.05,1,1
2021-06-18 09:43:06,B,1083.0,1,25
2021-06-18 09:43:06,B,1082.45,1,1
2021-06-18 09:43:06,B,1082.4,1,1
2021-06-18 09:43:06,B,1082.35,1,1
2021-06-18 09:43:07,S,1081.25,1,1
2021-06-18 09:43:07,S,1081.3,1,5
2021-06-18 09:43:07,S,1081.65,1,7
2021-06-18 09:43:07,S,1082.7,1,6
2021-06-18 09:43:07,S,1082.75,1,28
2021-06-18 09:43:07,B,1080.0,1,20
2021-06-18 09:43:07,B,1079.2,2,6
2021-06-18 09:43:07,B,1079.1,2,5
2021-06-18 09:43:07,B,1078.85,1,11
2021-06-18 09:43:07,B,1078.7,1,6
2021-06-18 09:43:07,S,1081.25,1,1
2021-06-18 09:43:07,S,1081.3,1,5
2021-06-18 09:43:07,S,1081.65,1,7
2021-06-18 09:43:07,S,1082.7,1,6
2021-06-18 09:43:07,S,1082.75,1,28
2021-06-18 09:43:07,B,1080.0,1,20
2021-06-18 09:43:07,B,1079.2,2,6
2021-06-18 09:43:07,B,1079.1,2,5
2021-06-18 09:43:07,B,1078.85,1,11
2021-06-18 09:43:07,B,1078.7,1,6
2021-06-18 09:43:11,S,1081.25,1,1
2021-06-18 09:43:11,S,1081.3,1,5
2021-06-18 09:43:11,S,1081.75,1,9
2021-06-18 09:43:11,S,1082.1,1,2
2021-06-18 09:43:11,S,1082.75,2,30
2021-06-18 09:43:11,B,1080.0,1,20
2021-06-18 09:43:11,B,1079.65,1,5
2021-06-18 09:43:11,B,1079.6,1,3
2021-06-18 09:43:11,B,1079.55,1,6
2021-06-18 09:43:11,B,1079.1,2,5
2021-06-18 09:43:11,S,1081.25,1,1
2021-06-18 09:43:11,S,1081.3,1,5
2021-06-18 09:43:11,S,1081.75,1,9
2021-06-18 09:43:11,S,1082.1,1,2
2021-06-18 09:43:11,S,1082.75,2,30
2021-06-18 09:43:11,B,1080.0,1,20
2021-06-18 09:43:11,B,1079.65,1,5
2021-06-18 09:43:11,B,1079.6,1,3
2021-06-18 09:43:11,B,1079.55,1,6
2021-06-18 09:43:11,B,1079.1,2,5
2021-06-18 09:43:13,S,1081.25,1,1
2021-06-18 09:43:13,S,1081.3,1,5
2021-06-18 09:43:13,S,1081.75,1,9
2021-06-18 09:43:13,S,1082.1,1,2
2021-06-18 09:43:13,S,1082.75,2,30
2021-06-18 09:43:13,B,1080.0,1,20
2021-06-18 09:43:13,B,1079.65,1,5
2021-06-18 09:43:13,B,1079.6,1,3
2021-06-18 09:43:13,B,1079.55,1,6
2021-06-18 09:43:13,B,1079.1,2,5
2021-06-18 09:43:13,S,1081.25,1,1
2021-06-18 09:43:13,S,1081.3,1,5
2021-06-18 09:43:13,S,1081.75,1,9
2021-06-18 09:43:13,S,1082.1,1,2
2021-06-18 09:43:13,S,1082.75,2,30
2021-06-18 09:43:13,B,1080.0,1,20
2021-06-18 09:43:13,B,1079.65,1,5
2021-06-18 09:43:13,B,1079.6,1,3
2021-06-18 09:43:13,B,1079.55,1,6
2021-06-18 09:43:13,B,1079.1,2,5
2021-06-18 09:43:15,S,1082.45,1,1
2021-06-18 09:43:15,S,1082.5,1,10
2021-06-18 09:43:15,S,1082.75,1,28
2021-06-18 09:43:15,S,1083.15,1,2
2021-06-18 09:43:15,S,1083.25,1,5
2021-06-18 09:43:15,B,1080.2,1,1
2021-06-18 09:43:15,B,1080.15,1,3
2021-06-18 09:43:15,B,1080.1,1,6
2021-06-18 09:43:15,B,1080.05,2,13
2021-06-18 09:43:15,B,1080.0,1,20
2021-06-18 09:43:15,S,1082.45,1,1
2021-06-18 09:43:15,S,1082.5,1,10
2021-06-18 09:43:15,S,1082.75,1,28
2021-06-18 09:43:15,S,1083.15,1,2
2021-06-18 09:43:15,S,1083.25,1,5
2021-06-18 09:43:15,B,1080.2,1,1
2021-06-18 09:43:15,B,1080.15,1,3
2021-06-18 09:43:15,B,1080.1,1,6
2021-06-18 09:43:15,B,1080.05,2,13
2021-06-18 09:43:15,B,1080.0,1,20
2021-06-18 09:43:18,S,1082.35,1,1
2021-06-18 09:43:18,S,1082.4,1,7
2021-06-18 09:43:18,S,1082.75,1,28
2021-06-18 09:43:18,S,1083.15,1,2
2021-06-18 09:43:18,S,1083.25,1,5
2021-06-18 09:43:18,B,1080.2,1,1
2021-06-18 09:43:18,B,1080.15,1,3
2021-06-18 09:43:18,B,1080.1,1,6
2021-06-18 09:43:18,B,1080.05,2,13
2021-06-18 09:43:18,B,1080.0,1,20
2021-06-18 09:43:18,S,1082.35,1,1
2021-06-18 09:43:18,S,1082.4,1,7
2021-06-18 09:43:18,S,1082.75,1,28
2021-06-18 09:43:18,S,1083.15,1,2
2021-06-18 09:43:18,S,1083.25,1,5
2021-06-18 09:43:18,B,1080.2,1,1
2021-06-18 09:43:18,B,1080.15,1,3
2021-06-18 09:43:18,B,1080.1,1,6
2021-06-18 09:43:18,B,1080.05,2,13
2021-06-18 09:43:18,B,1080.0,1,20
2021-06-18 09:43:19,S,1082.35,1,1
2021-06-18 09:43:19,S,1082.4,1,7
2021-06-18 09:43:19,S,1082.75,1,28
2021-06-18 09:43:19,S,1083.15,1,2
2021-06-18 09:43:19,S,1083.25,1,5
2021-06-18 09:43:19,B,1080.2,1,1
2021-06-18 09:43:19,B,1080.15,1,3
2021-06-18 09:43:19,B,1080.1,1,6
2021-06-18 09:43:19,B,1080.05,2,13
2021-06-18 09:43:19,B,1080.0,1,20
2021-06-18 09:43:19,S,1082.35,1,1
2021-06-18 09:43:19,S,1082.4,1,7
2021-06-18 09:43:19,S,1082.75,1,28
2021-06-18 09:43:19,S,1083.15,1,2
2021-06-18 09:43:19,S,1083.25,1,5
2021-06-18 09:43:19,B,1080.2,1,1
2021-06-18 09:43:19,B,1080.15,1,3
2021-06-18 09:43:19,B,1080.1,1,6
2021-06-18 09:43:19,B,1080.05,2,13
2021-06-18 09:43:19,B,1080.0,1,20
2021-06-18 09:43:22,S,1084.9,1,5
2021-06-18 09:43:22,S,1085.0,2,200
2021-06-18 09:43:22,S,1085.35,3,103
2021-06-18 09:43:22,S,1085.95,1,5
2021-06-18 09:43:22,S,1086.0,1,10
2021-06-18 09:43:22,B,1083.15,1,1
2021-06-18 09:43:22,B,1083.1,1,5
2021-06-18 09:43:22,B,1082.5,2,5
2021-06-18 09:43:22,B,1082.05,3,13
2021-06-18 09:43:22,B,1082.0,2,201
2021-06-18 09:43:22,S,1084.9,1,5
2021-06-18 09:43:22,S,1085.0,2,200
2021-06-18 09:43:22,S,1085.35,3,103
2021-06-18 09:43:22,S,1085.95,1,5
2021-06-18 09:43:22,S,1086.0,1,10
2021-06-18 09:43:22,B,1083.15,1,1
2021-06-18 09:43:22,B,1083.1,1,5
2021-06-18 09:43:22,B,1082.5,2,5
2021-06-18 09:43:22,B,1082.05,3,13
2021-06-18 09:43:22,B,1082.0,2,201
2021-06-18 09:43:24,S,1084.9,1,5
2021-06-18 09:43:24,S,1085.0,2,200
2021-06-18 09:43:24,S,1085.35,3,103
2021-06-18 09:43:24,S,1085.95,1,5
2021-06-18 09:43:24,S,1086.0,1,10
2021-06-18 09:43:24,B,1083.15,1,1
2021-06-18 09:43:24,B,1083.1,1,5
2021-06-18 09:43:24,B,1082.5,2,5
2021-06-18 09:43:24,B,1082.05,3,13
2021-06-18 09:43:24,B,1082.0,2,201
2021-06-18 09:43:24,S,1084.9,1,5
2021-06-18 09:43:24,S,1085.0,2,200
2021-06-18 09:43:24,S,1085.35,3,103
2021-06-18 09:43:24,S,1085.95,1,5
2021-06-18 09:43:24,S,1086.0,1,10
2021-06-18 09:43:24,B,1083.15,1,1
2021-06-18 09:43:24,B,1083.1,1,5
2021-06-18 09:43:24,B,1082.5,2,5
2021-06-18 09:43:24,B,1082.05,3,13
2021-06-18 09:43:24,B,1082.0,2,201
2021-06-18 09:43:25,S,1084.9,1,5
2021-06-18 09:43:25,S,1084.95,1,10
2021-06-18 09:43:25,S,1085.0,3,201
2021-06-18 09:43:25,S,1085.35,2,101
2021-06-18 09:43:25,S,1085.95,1,5
2021-06-18 09:43:25,B,1082.75,1,1
2021-06-18 09:43:25,B,1082.7,1,7
2021-06-18 09:43:25,B,1082.65,1,5
2021-06-18 09:43:25,B,1082.5,1,4
2021-06-18 09:43:25,B,1082.05,3,13
2021-06-18 09:43:25,S,1084.9,1,5
2021-06-18 09:43:25,S,1084.95,1,10
2021-06-18 09:43:25,S,1085.0,3,201
2021-06-18 09:43:25,S,1085.35,2,101
2021-06-18 09:43:25,S,1085.95,1,5
2021-06-18 09:43:25,B,1082.75,1,1
2021-06-18 09:43:25,B,1082.7,1,7
2021-06-18 09:43:25,B,1082.65,1,5
2021-06-18 09:43:25,B,1082.5,1,4
2021-06-18 09:43:25,B,1082.05,3,13
2021-06-18 09:43:28,S,1084.9,1,3
2021-06-18 09:43:28,S,1084.95,1,10
2021-06-18 09:43:28,S,1085.0,3,201
2021-06-18 09:43:28,S,1085.35,2,101
2021-06-18 09:43:28,S,1085.95,1,5
2021-06-18 09:43:28,B,1083.05,1,1
2021-06-18 09:43:28,B,1083.0,1,5
2021-06-18 09:43:28,B,1082.7,1,7
2021-06-18 09:43:28,B,1082.5,1,4
2021-06-18 09:43:28,B,1082.05,3,13
2021-06-18 09:43:28,S,1084.9,1,3
2021-06-18 09:43:28,S,1084.95,1,10
2021-06-18 09:43:28,S,1085.0,3,201
2021-06-18 09:43:28,S,1085.35,2,101
2021-06-18 09:43:28,S,1085.95,1,5
2021-06-18 09:43:28,B,1083.05,1,1
2021-06-18 09:43:28,B,1083.0,1,5
2021-06-18 09:43:28,B,1082.7,1,7
2021-06-18 09:43:28,B,1082.5,1,4
2021-06-18 09:43:28,B,1082.05,3,13
2021-06-18 09:43:28,S,1084.9,1,3
2021-06-18 09:43:28,S,1084.95,1,10
2021-06-18 09:43:28,S,1085.0,3,201
2021-06-18 09:43:28,S,1085.35,2,101
2021-06-18 09:43:28,S,1085.95,1,5
2021-06-18 09:43:28,B,1083.05,1,1
2021-06-18 09:43:28,B,1083.0,1,5
2021-06-18 09:43:28,B,1082.7,1,7
2021-06-18 09:43:28,B,1082.5,1,4
2021-06-18 09:43:28,B,1082.05,3,13
2021-06-18 09:43:28,S,1084.9,1,3
2021-06-18 09:43:28,S,1084.95,1,10
2021-06-18 09:43:28,S,1085.0,3,201
2021-06-18 09:43:28,S,1085.35,2,101
2021-06-18 09:43:28,S,1085.95,1,5
2021-06-18 09:43:28,B,1083.05,1,1
2021-06-18 09:43:28,B,1083.0,1,5
2021-06-18 09:43:28,B,1082.7,1,7
2021-06-18 09:43:28,B,1082.5,1,4
2021-06-18 09:43:28,B,1082.05,3,13
2021-06-18 09:43:29,S,1084.9,1,3
2021-06-18 09:43:29,S,1084.95,1,10
2021-06-18 09:43:29,S,1085.0,3,201
2021-06-18 09:43:29,S,1085.35,2,101
2021-06-18 09:43:29,S,1085.95,1,5
2021-06-18 09:43:29,B,1083.05,1,1
2021-06-18 09:43:29,B,1083.0,1,5
2021-06-18 09:43:29,B,1082.7,1,7
2021-06-18 09:43:29,B,1082.5,1,4
2021-06-18 09:43:29,B,1082.05,3,13
2021-06-18 09:43:29,S,1084.9,1,3
2021-06-18 09:43:29,S,1084.95,1,10
2021-06-18 09:43:29,S,1085.0,3,201
2021-06-18 09:43:29,S,1085.35,2,101
2021-06-18 09:43:29,S,1085.95,1,5
2021-06-18 09:43:29,B,1083.05,1,1
2021-06-18 09:43:29,B,1083.0,1,5
2021-06-18 09:43:29,B,1082.7,1,7
2021-06-18 09:43:29,B,1082.5,1,4
2021-06-18 09:43:29,B,1082.05,3,13
2021-06-18 09:43:31,S,1084.9,1,3
2021-06-18 09:43:31,S,1084.95,1,10
2021-06-18 09:43:31,S,1085.0,3,201
2021-06-18 09:43:31,S,1085.35,2,101
2021-06-18 09:43:31,S,1085.95,1,5
2021-06-18 09:43:31,B,1083.05,1,1
2021-06-18 09:43:31,B,1083.0,1,5
2021-06-18 09:43:31,B,1082.7,1,7
2021-06-18 09:43:31,B,1082.5,1,4
2021-06-18 09:43:31,B,1082.05,3,13
2021-06-18 09:43:31,S,1084.9,1,3
2021-06-18 09:43:31,S,1084.95,1,10
2021-06-18 09:43:31,S,1085.0,3,201
2021-06-18 09:43:31,S,1085.35,2,101
2021-06-18 09:43:31,S,1085.95,1,5
2021-06-18 09:43:31,B,1083.05,1,1
2021-06-18 09:43:31,B,1083.0,1,5
2021-06-18 09:43:31,B,1082.7,1,7
2021-06-18 09:43:31,B,1082.5,1,4
2021-06-18 09:43:31,B,1082.05,3,13
2021-06-18 09:43:31,S,1087.0,2,11
2021-06-18 09:43:31,S,1087.05,1,7
2021-06-18 09:43:31,S,1088.0,3,27
2021-06-18 09:43:31,S,1088.35,2,11
2021-06-18 09:43:31,S,1088.65,1,5
2021-06-18 09:43:31,B,1085.55,1,1
2021-06-18 09:43:31,B,1085.5,2,12
2021-06-18 09:43:31,B,1085.45,1,15
2021-06-18 09:43:31,B,1085.4,1,5
2021-06-18 09:43:31,B,1084.55,1,4
2021-06-18 09:43:31,S,1087.0,2,11
2021-06-18 09:43:31,S,1087.05,1,7
2021-06-18 09:43:31,S,1088.0,3,27
2021-06-18 09:43:31,S,1088.35,2,11
2021-06-18 09:43:31,S,1088.65,1,5
2021-06-18 09:43:31,B,1085.55,1,1
2021-06-18 09:43:31,B,1085.5,2,12
2021-06-18 09:43:31,B,1085.45,1,15
2021-06-18 09:43:31,B,1085.4,1,5
2021-06-18 09:43:31,B,1084.55,1,4
2021-06-18 09:43:32,S,1087.0,2,11
2021-06-18 09:43:32,S,1087.05,1,7
2021-06-18 09:43:32,S,1088.0,3,27
2021-06-18 09:43:32,S,1088.35,2,11
2021-06-18 09:43:32,S,1088.65,1,5
2021-06-18 09:43:32,B,1085.55,1,1
2021-06-18 09:43:32,B,1085.5,2,12
2021-06-18 09:43:32,B,1085.45,1,15
2021-06-18 09:43:32,B,1085.4,1,5
2021-06-18 09:43:32,B,1084.55,1,4
2021-06-18 09:43:32,S,1087.0,2,11
2021-06-18 09:43:32,S,1087.05,1,7
2021-06-18 09:43:32,S,1088.0,3,27
2021-06-18 09:43:32,S,1088.35,2,11
2021-06-18 09:43:32,S,1088.65,1,5
2021-06-18 09:43:32,B,1085.55,1,1
2021-06-18 09:43:32,B,1085.5,2,12
2021-06-18 09:43:32,B,1085.45,1,15
2021-06-18 09:43:32,B,1085.4,1,5
2021-06-18 09:43:32,B,1084.55,1,4
2021-06-18 09:43:34,S,1086.9,1,6
2021-06-18 09:43:34,S,1086.95,1,8
2021-06-18 09:43:34,S,1087.0,2,11
2021-06-18 09:43:34,S,1087.35,1,2
2021-06-18 09:43:34,S,1088.0,3,27
2021-06-18 09:43:34,B,1085.25,2,14
2021-06-18 09:43:34,B,1085.2,2,9
2021-06-18 09:43:34,B,1084.6,1,4
2021-06-18 09:43:34,B,1084.55,1,4
2021-06-18 09:43:34,B,1083.9,1,4
2021-06-18 09:43:34,S,1086.9,1,6
2021-06-18 09:43:34,S,1086.95,1,8
2021-06-18 09:43:34,S,1087.0,2,11
2021-06-18 09:43:34,S,1087.35,1,2
2021-06-18 09:43:34,S,1088.0,3,27
2021-06-18 09:43:34,B,1085.25,2,14
2021-06-18 09:43:34,B,1085.2,2,9
2021-06-18 09:43:34,B,1084.6,1,4
2021-06-18 09:43:34,B,1084.55,1,4
2021-06-18 09:43:34,B,1083.9,1,4
2021-06-18 09:43:38,S,1086.9,1,6
2021-06-18 09:43:38,S,1086.95,1,8
2021-06-18 09:43:38,S,1087.0,1,10
2021-06-18 09:43:38,S,1087.6,1,2
2021-06-18 09:43:38,S,1088.0,3,27
2021-06-18 09:43:38,B,1085.7,1,1
2021-06-18 09:43:38,B,1085.65,1,3
2021-06-18 09:43:38,B,1085.55,1,12
2021-06-18 09:43:38,B,1085.5,1,5
2021-06-18 09:43:38,B,1085.2,1,4
2021-06-18 09:43:38,S,1086.9,1,6
2021-06-18 09:43:38,S,1086.95,1,8
2021-06-18 09:43:38,S,1087.0,1,10
2021-06-18 09:43:38,S,1087.6,1,2
2021-06-18 09:43:38,S,1088.0,3,27
2021-06-18 09:43:38,B,1085.7,1,1
2021-06-18 09:43:38,B,1085.65,1,3
2021-06-18 09:43:38,B,1085.55,1,12
2021-06-18 09:43:38,B,1085.5,1,5
2021-06-18 09:43:38,B,1085.2,1,4
2021-06-18 09:43:39,S,1086.9,1,6
2021-06-18 09:43:39,S,1086.95,1,8
2021-06-18 09:43:39,S,1087.0,1,10
2021-06-18 09:43:39,S,1087.6,1,2
2021-06-18 09:43:39,S,1088.0,3,27
2021-06-18 09:43:39,B,1085.7,1,1
2021-06-18 09:43:39,B,1085.65,1,3
2021-06-18 09:43:39,B,1085.55,1,12
2021-06-18 09:43:39,B,1085.5,1,5
2021-06-18 09:43:39,B,1085.2,1,4
2021-06-18 09:43:39,S,1086.9,1,6
2021-06-18 09:43:39,S,1086.95,1,8
2021-06-18 09:43:39,S,1087.0,1,10
2021-06-18 09:43:39,S,1087.6,1,2
2021-06-18 09:43:39,S,1088.0,3,27
2021-06-18 09:43:39,B,1085.7,1,1
2021-06-18 09:43:39,B,1085.65,1,3
2021-06-18 09:43:39,B,1085.55,1,12
2021-06-18 09:43:39,B,1085.5,1,5
2021-06-18 09:43:39,B,1085.2,1,4
2021-06-18 09:43:40,S,1086.9,1,6
2021-06-18 09:43:40,S,1086.95,1,8
2021-06-18 09:43:40,S,1087.0,1,10
2021-06-18 09:43:40,S,1087.6,1,2
2021-06-18 09:43:40,S,1088.0,3,27
2021-06-18 09:43:40,B,1085.7,1,1
2021-06-18 09:43:40,B,1085.65,1,3
2021-06-18 09:43:40,B,1085.55,1,12
2021-06-18 09:43:40,B,1085.5,1,5
2021-06-18 09:43:40,B,1085.2,1,4
2021-06-18 09:43:40,S,1086.9,1,6
2021-06-18 09:43:40,S,1086.95,1,8
2021-06-18 09:43:40,S,1087.0,1,10
2021-06-18 09:43:40,S,1087.6,1,2
2021-06-18 09:43:40,S,1088.0,3,27
2021-06-18 09:43:40,B,1085.7,1,1
2021-06-18 09:43:40,B,1085.65,1,3
2021-06-18 09:43:40,B,1085.55,1,12
2021-06-18 09:43:40,B,1085.5,1,5
2021-06-18 09:43:40,B,1085.2,1,4
2021-06-18 09:43:41,S,1088.9,3,10
2021-06-18 09:43:41,S,1088.95,1,6
2021-06-18 09:43:41,S,1089.0,2,14
2021-06-18 09:43:41,S,1089.9,2,7
2021-06-18 09:43:41,S,1089.95,1,100
2021-06-18 09:43:41,B,1086.9,1,1
2021-06-18 09:43:41,B,1086.85,1,5
2021-06-18 09:43:41,B,1086.2,1,10
2021-06-18 09:43:41,B,1086.15,1,2
2021-06-18 09:43:41,B,1085.9,1,4
2021-06-18 09:43:41,S,1088.9,3,10
2021-06-18 09:43:41,S,1088.95,1,6
2021-06-18 09:43:41,S,1089.0,2,14
2021-06-18 09:43:41,S,1089.9,2,7
2021-06-18 09:43:41,S,1089.95,1,100
2021-06-18 09:43:41,B,1086.9,1,1
2021-06-18 09:43:41,B,1086.85,1,5
2021-06-18 09:43:41,B,1086.2,1,10
2021-06-18 09:43:41,B,1086.15,1,2
2021-06-18 09:43:41,B,1085.9,1,4
2021-06-18 09:43:42,S,1088.9,3,10
2021-06-18 09:43:42,S,1088.95,1,6
2021-06-18 09:43:42,S,1089.0,2,14
2021-06-18 09:43:42,S,1089.9,2,7
2021-06-18 09:43:42,S,1089.95,1,100
2021-06-18 09:43:42,B,1086.9,1,1
2021-06-18 09:43:42,B,1086.85,1,5
2021-06-18 09:43:42,B,1086.2,1,10
2021-06-18 09:43:42,B,1086.15,1,2
2021-06-18 09:43:42,B,1085.9,1,4
2021-06-18 09:43:42,S,1088.9,3,10
2021-06-18 09:43:42,S,1088.95,1,6
2021-06-18 09:43:42,S,1089.0,2,14
2021-06-18 09:43:42,S,1089.9,2,7
2021-06-18 09:43:42,S,1089.95,1,100
2021-06-18 09:43:42,B,1086.9,1,1
2021-06-18 09:43:42,B,1086.85,1,5
2021-06-18 09:43:42,B,1086.2,1,10
2021-06-18 09:43:42,B,1086.15,1,2
2021-06-18 09:43:42,B,1085.9,1,4
2021-06-18 09:43:45,S,1087.45,1,1
2021-06-18 09:43:45,S,1087.5,2,11
2021-06-18 09:43:45,S,1088.3,2,23
2021-06-18 09:43:45,S,1088.9,2,2
2021-06-18 09:43:45,S,1088.95,1,6
2021-06-18 09:43:45,B,1085.8,4,29
2021-06-18 09:43:45,B,1085.75,1,14
2021-06-18 09:43:45,B,1085.65,1,4
2021-06-18 09:43:45,B,1085.05,1,6
2021-06-18 09:43:45,B,1085.0,1,200
2021-06-18 09:43:45,S,1087.45,1,1
2021-06-18 09:43:45,S,1087.5,2,11
2021-06-18 09:43:45,S,1088.3,2,23
2021-06-18 09:43:45,S,1088.9,2,2
2021-06-18 09:43:45,S,1088.95,1,6
2021-06-18 09:43:45,B,1085.8,4,29
2021-06-18 09:43:45,B,1085.75,1,14
2021-06-18 09:43:45,B,1085.65,1,4
2021-06-18 09:43:45,B,1085.05,1,6
2021-06-18 09:43:45,B,1085.0,1,200
2021-06-18 09:43:45,S,1087.45,1,1
2021-06-18 09:43:45,S,1087.5,2,11
2021-06-18 09:43:45,S,1088.3,2,23
2021-06-18 09:43:45,S,1088.9,2,2
2021-06-18 09:43:45,S,1088.95,1,6
2021-06-18 09:43:45,B,1085.8,4,29
2021-06-18 09:43:45,B,1085.75,1,14
2021-06-18 09:43:45,B,1085.65,1,4
2021-06-18 09:43:45,B,1085.05,1,6
2021-06-18 09:43:45,B,1085.0,1,200
2021-06-18 09:43:45,S,1087.45,1,1
2021-06-18 09:43:45,S,1087.5,2,11
2021-06-18 09:43:45,S,1088.3,2,23
2021-06-18 09:43:45,S,1088.9,2,2
2021-06-18 09:43:45,S,1088.95,1,6
2021-06-18 09:43:45,B,1085.8,4,29
2021-06-18 09:43:45,B,1085.75,1,14
2021-06-18 09:43:45,B,1085.65,1,4
2021-06-18 09:43:45,B,1085.05,1,6
2021-06-18 09:43:45,B,1085.0,1,200
2021-06-18 09:43:46,S,1087.45,1,1
2021-06-18 09:43:46,S,1087.5,2,11
2021-06-18 09:43:46,S,1088.3,2,23
2021-06-18 09:43:46,S,1088.9,2,2
2021-06-18 09:43:46,S,1088.95,1,6
2021-06-18 09:43:46,B,1085.8,4,29
2021-06-18 09:43:46,B,1085.75,1,14
2021-06-18 09:43:46,B,1085.65,1,4
2021-06-18 09:43:46,B,1085.05,1,6
2021-06-18 09:43:46,B,1085.0,1,200
2021-06-18 09:43:46,S,1087.45,1,1
2021-06-18 09:43:46,S,1087.5,2,11
2021-06-18 09:43:46,S,1088.3,2,23
2021-06-18 09:43:46,S,1088.9,2,2
2021-06-18 09:43:46,S,1088.95,1,6
2021-06-18 09:43:46,B,1085.8,4,29
2021-06-18 09:43:46,B,1085.75,1,14
2021-06-18 09:43:46,B,1085.65,1,4
2021-06-18 09:43:46,B,1085.05,1,6
2021-06-18 09:43:46,B,1085.0,1,200
2021-06-18 09:43:48,S,1089.95,1,73
2021-06-18 09:43:48,S,1090.0,9,146
2021-06-18 09:43:48,S,1090.5,2,8
2021-06-18 09:43:48,S,1090.65,1,2
2021-06-18 09:43:48,S,1090.95,2,7
2021-06-18 09:43:48,B,1087.65,1,1
2021-06-18 09:43:48,B,1087.6,1,14
2021-06-18 09:43:48,B,1087.35,1,6
2021-06-18 09:43:48,B,1087.25,1,3
2021-06-18 09:43:48,B,1087.2,1,4
2021-06-18 09:43:48,S,1089.95,1,73
2021-06-18 09:43:48,S,1090.0,9,146
2021-06-18 09:43:48,S,1090.5,2,8
2021-06-18 09:43:48,S,1090.65,1,2
2021-06-18 09:43:48,S,1090.95,2,7
2021-06-18 09:43:48,B,1087.65,1,1
2021-06-18 09:43:48,B,1087.6,1,14
2021-06-18 09:43:48,B,1087.35,1,6
2021-06-18 09:43:48,B,1087.25,1,3
2021-06-18 09:43:48,B,1087.2,1,4
2021-06-18 09:43:49,S,1089.95,1,73
2021-06-18 09:43:49,S,1090.0,9,146
2021-06-18 09:43:49,S,1090.5,2,8
2021-06-18 09:43:49,S,1090.65,1,2
2021-06-18 09:43:49,S,1090.95,2,7
2021-06-18 09:43:49,B,1087.65,1,1
2021-06-18 09:43:49,B,1087.6,1,14
2021-06-18 09:43:49,B,1087.35,1,6
2021-06-18 09:43:49,B,1087.25,1,3
2021-06-18 09:43:49,B,1087.2,1,4
2021-06-18 09:43:49,S,1089.95,1,73
2021-06-18 09:43:49,S,1090.0,9,146
2021-06-18 09:43:49,S,1090.5,2,8
2021-06-18 09:43:49,S,1090.65,1,2
2021-06-18 09:43:49,S,1090.95,2,7
2021-06-18 09:43:49,B,1087.65,1,1
2021-06-18 09:43:49,B,1087.6,1,14
2021-06-18 09:43:49,B,1087.35,1,6
2021-06-18 09:43:49,B,1087.25,1,3
2021-06-18 09:43:49,B,1087.2,1,4
2021-06-18 09:43:51,S,1089.95,1,73
2021-06-18 09:43:51,S,1090.0,9,146
2021-06-18 09:43:51,S,1090.5,2,8
2021-06-18 09:43:51,S,1090.65,1,2
2021-06-18 09:43:51,S,1090.95,2,7
2021-06-18 09:43:51,B,1087.65,1,1
2021-06-18 09:43:51,B,1087.6,1,14
2021-06-18 09:43:51,B,1087.35,1,6
2021-06-18 09:43:51,B,1087.25,1,3
2021-06-18 09:43:51,B,1087.2,1,4
2021-06-18 09:43:51,S,1089.95,1,73
2021-06-18 09:43:51,S,1090.0,9,146
2021-06-18 09:43:51,S,1090.5,2,8
2021-06-18 09:43:51,S,1090.65,1,2
2021-06-18 09:43:51,S,1090.95,2,7
2021-06-18 09:43:51,B,1087.65,1,1
2021-06-18 09:43:51,B,1087.6,1,14
2021-06-18 09:43:51,B,1087.35,1,6
2021-06-18 09:43:51,B,1087.25,1,3
2021-06-18 09:43:51,B,1087.2,1,4
2021-06-18 09:43:51,S,1092.9,1,1
2021-06-18 09:43:51,S,1093.0,2,106
2021-06-18 09:43:51,S,1093.1,1,2
2021-06-18 09:43:51,S,1094.0,1,44
2021-06-18 09:43:51,S,1094.2,1,5
2021-06-18 09:43:51,B,1090.85,1,1
2021-06-18 09:43:51,B,1090.8,2,18
2021-06-18 09:43:51,B,1090.05,2,12
2021-06-18 09:43:51,B,1090.0,1,500
2021-06-18 09:43:51,B,1089.25,1,5
2021-06-18 09:43:51,S,1092.9,1,1
2021-06-18 09:43:51,S,1093.0,2,106
2021-06-18 09:43:51,S,1093.1,1,2
2021-06-18 09:43:51,S,1094.0,1,44
2021-06-18 09:43:51,S,1094.2,1,5
2021-06-18 09:43:51,B,1090.85,1,1
2021-06-18 09:43:51,B,1090.8,2,18
2021-06-18 09:43:51,B,1090.05,2,12
2021-06-18 09:43:51,B,1090.0,1,500
2021-06-18 09:43:51,B,1089.25,1,5
2021-06-18 09:43:52,S,1092.9,1,1
2021-06-18 09:43:52,S,1093.0,2,106
2021-06-18 09:43:52,S,1093.1,1,2
2021-06-18 09:43:52,S,1094.0,1,44
2021-06-18 09:43:52,S,1094.2,1,5
2021-06-18 09:43:52,B,1090.85,1,1
2021-06-18 09:43:52,B,1090.8,2,18
2021-06-18 09:43:52,B,1090.05,2,12
2021-06-18 09:43:52,B,1090.0,1,500
2021-06-18 09:43:52,B,1089.25,1,5
2021-06-18 09:43:52,S,1092.9,1,1
2021-06-18 09:43:52,S,1093.0,2,106
2021-06-18 09:43:52,S,1093.1,1,2
2021-06-18 09:43:52,S,1094.0,1,44
2021-06-18 09:43:52,S,1094.2,1,5
2021-06-18 09:43:52,B,1090.85,1,1
2021-06-18 09:43:52,B,1090.8,2,18
2021-06-18 09:43:52,B,1090.05,2,12
2021-06-18 09:43:52,B,1090.0,1,500
2021-06-18 09:43:52,B,1089.25,1,5
2021-06-18 09:43:54,S,1092.9,1,1
2021-06-18 09:43:54,S,1093.0,2,106
2021-06-18 09:43:54,S,1093.1,1,2
2021-06-18 09:43:54,S,1094.0,1,44
2021-06-18 09:43:54,S,1094.2,1,5
2021-06-18 09:43:54,B,1090.85,1,1
2021-06-18 09:43:54,B,1090.8,2,18
2021-06-18 09:43:54,B,1090.05,2,12
2021-06-18 09:43:54,B,1090.0,1,500
2021-06-18 09:43:54,B,1089.25,1,5
2021-06-18 09:43:54,S,1092.9,1,1
2021-06-18 09:43:54,S,1093.0,2,106
2021-06-18 09:43:54,S,1093.1,1,2
2021-06-18 09:43:54,S,1094.0,1,44
2021-06-18 09:43:54,S,1094.2,1,5
2021-06-18 09:43:54,B,1090.85,1,1
2021-06-18 09:43:54,B,1090.8,2,18
2021-06-18 09:43:54,B,1090.05,2,12
2021-06-18 09:43:54,B,1090.0,1,500
2021-06-18 09:43:54,B,1089.25,1,5
2021-06-18 09:43:54,S,1092.7,2,20
2021-06-18 09:43:54,S,1092.75,1,6
2021-06-18 09:43:54,S,1092.8,1,1
2021-06-18 09:43:54,S,1092.95,2,7
2021-06-18 09:43:54,S,1093.0,3,98
2021-06-18 09:43:54,B,1089.7,1,1
2021-06-18 09:43:54,B,1089.65,1,3
2021-06-18 09:43:54,B,1089.6,1,4
2021-06-18 09:43:54,B,1089.4,1,1
2021-06-18 09:43:54,B,1089.35,1,4
2021-06-18 09:43:54,S,1092.7,2,20
2021-06-18 09:43:54,S,1092.75,1,6
2021-06-18 09:43:54,S,1092.8,1,1
2021-06-18 09:43:54,S,1092.95,2,7
2021-06-18 09:43:54,S,1093.0,3,98
2021-06-18 09:43:54,B,1089.7,1,1
2021-06-18 09:43:54,B,1089.65,1,3
2021-06-18 09:43:54,B,1089.6,1,4
2021-06-18 09:43:54,B,1089.4,1,1
2021-06-18 09:43:54,B,1089.35,1,4
2021-06-18 09:43:55,S,1092.7,2,20
2021-06-18 09:43:55,S,1092.75,1,6
2021-06-18 09:43:55,S,1092.8,1,1
2021-06-18 09:43:55,S,1092.95,2,7
2021-06-18 09:43:55,S,1093.0,3,98
2021-06-18 09:43:55,B,1089.7,1,1
2021-06-18 09:43:55,B,1089.65,1,3
2021-06-18 09:43:55,B,1089.6,1,4
2021-06-18 09:43:55,B,1089.4,1,1
2021-06-18 09:43:55,B,1089.35,1,4
2021-06-18 09:43:55,S,1092.7,2,20
2021-06-18 09:43:55,S,1092.75,1,6
2021-06-18 09:43:55,S,1092.8,1,1
2021-06-18 09:43:55,S,1092.95,2,7
2021-06-18 09:43:55,S,1093.0,3,98
2021-06-18 09:43:55,B,1089.7,1,1
2021-06-18 09:43:55,B,1089.65,1,3
2021-06-18 09:43:55,B,1089.6,1,4
2021-06-18 09:43:55,B,1089.4,1,1
2021-06-18 09:43:55,B,1089.35,1,4
2021-06-18 09:43:57,S,1092.7,2,20
2021-06-18 09:43:57,S,1092.75,1,6
2021-06-18 09:43:57,S,1092.8,1,1
2021-06-18 09:43:57,S,1092.95,2,7
2021-06-18 09:43:57,S,1093.0,3,98
2021-06-18 09:43:57,B,1089.7,1,1
2021-06-18 09:43:57,B,1089.65,1,3
2021-06-18 09:43:57,B,1089.6,1,4
2021-06-18 09:43:57,B,1089.4,1,1
2021-06-18 09:43:57,B,1089.35,1,4
2021-06-18 09:43:57,S,1092.7,2,20
2021-06-18 09:43:57,S,1092.75,1,6
2021-06-18 09:43:57,S,1092.8,1,1
2021-06-18 09:43:57,S,1092.95,2,7
2021-06-18 09:43:57,S,1093.0,3,98
2021-06-18 09:43:57,B,1089.7,1,1
2021-06-18 09:43:57,B,1089.65,1,3
2021-06-18 09:43:57,B,1089.6,1,4
2021-06-18 09:43:57,B,1089.4,1,1
2021-06-18 09:43:57,B,1089.35,1,4
2021-06-18 09:43:58,S,1091.9,1,6
2021-06-18 09:43:58,S,1091.95,1,13
2021-06-18 09:43:58,S,1092.05,1,1
2021-06-18 09:43:58,S,1092.95,1,6
2021-06-18 09:43:58,S,1093.0,3,98
2021-06-18 09:43:58,B,1089.65,1,1
2021-06-18 09:43:58,B,1089.6,1,4
2021-06-18 09:43:58,B,1089.4,1,1
2021-06-18 09:43:58,B,1089.35,1,4
2021-06-18 09:43:58,B,1088.7,1,4
2021-06-18 09:43:58,S,1091.9,1,6
2021-06-18 09:43:58,S,1091.95,1,13
2021-06-18 09:43:58,S,1092.05,1,1
2021-06-18 09:43:58,S,1092.95,1,6
2021-06-18 09:43:58,S,1093.0,3,98
2021-06-18 09:43:58,B,1089.65,1,1
2021-06-18 09:43:58,B,1089.6,1,4
2021-06-18 09:43:58,B,1089.4,1,1
2021-06-18 09:43:58,B,1089.35,1,4
2021-06-18 09:43:58,B,1088.7,1,4
2021-06-18 09:43:58,S,1091.9,1,6
2021-06-18 09:43:58,S,1091.95,1,13
2021-06-18 09:43:58,S,1092.05,1,1
2021-06-18 09:43:58,S,1092.95,1,6
2021-06-18 09:43:58,S,1093.0,3,98
2021-06-18 09:43:58,B,1089.65,1,1
2021-06-18 09:43:58,B,1089.6,1,4
2021-06-18 09:43:58,B,1089.4,1,1
2021-06-18 09:43:58,B,1089.35,1,4
2021-06-18 09:43:58,B,1088.7,1,4
2021-06-18 09:43:58,S,1091.9,1,6
2021-06-18 09:43:58,S,1091.95,1,13
2021-06-18 09:43:58,S,1092.05,1,1
2021-06-18 09:43:58,S,1092.95,1,6
2021-06-18 09:43:58,S,1093.0,3,98
2021-06-18 09:43:58,B,1089.65,1,1
2021-06-18 09:43:58,B,1089.6,1,4
2021-06-18 09:43:58,B,1089.4,1,1
2021-06-18 09:43:58,B,1089.35,1,4
2021-06-18 09:43:58,B,1088.7,1,4
2021-06-18 09:43:59,S,1091.9,1,6
2021-06-18 09:43:59,S,1091.95,1,13
2021-06-18 09:43:59,S,1092.05,1,1
2021-06-18 09:43:59,S,1092.95,1,6
2021-06-18 09:43:59,S,1093.0,3,98
2021-06-18 09:43:59,B,1089.65,1,1
2021-06-18 09:43:59,B,1089.6,1,4
2021-06-18 09:43:59,B,1089.4,1,1
2021-06-18 09:43:59,B,1089.35,1,4
2021-06-18 09:43:59,B,1088.7,1,4
2021-06-18 09:43:59,S,1091.9,1,6
2021-06-18 09:43:59,S,1091.95,1,13
2021-06-18 09:43:59,S,1092.05,1,1
2021-06-18 09:43:59,S,1092.95,1,6
2021-06-18 09:43:59,S,1093.0,3,98
2021-06-18 09:43:59,B,1089.65,1,1
2021-06-18 09:43:59,B,1089.6,1,4
2021-06-18 09:43:59,B,1089.4,1,1
2021-06-18 09:43:59,B,1089.35,1,4
2021-06-18 09:43:59,B,1088.7,1,4
2021-06-18 09:44:00,S,1091.9,1,6
2021-06-18 09:44:00,S,1091.95,1,13
2021-06-18 09:44:00,S,1092.05,1,1
2021-06-18 09:44:00,S,1092.95,1,6
2021-06-18 09:44:00,S,1093.0,3,98
2021-06-18 09:44:00,B,1089.65,1,1
2021-06-18 09:44:00,B,1089.6,1,4
2021-06-18 09:44:00,B,1089.4,1,1
2021-06-18 09:44:00,B,1089.35,1,4
2021-06-18 09:44:00,B,1088.7,1,4
2021-06-18 09:44:00,S,1091.9,1,6
2021-06-18 09:44:00,S,1091.95,1,13
2021-06-18 09:44:00,S,1092.05,1,1
2021-06-18 09:44:00,S,1092.95,1,6
2021-06-18 09:44:00,S,1093.0,3,98
2021-06-18 09:44:00,B,1089.65,1,1
2021-06-18 09:44:00,B,1089.6,1,4
2021-06-18 09:44:00,B,1089.4,1,1
2021-06-18 09:44:00,B,1089.35,1,4
2021-06-18 09:44:00,B,1088.7,1,4
2021-06-18 09:44:01,S,1091.9,1,6
2021-06-18 09:44:01,S,1091.95,1,13
2021-06-18 09:44:01,S,1092.05,1,1
2021-06-18 09:44:01,S,1092.95,1,6
2021-06-18 09:44:01,S,1093.0,3,98
2021-06-18 09:44:01,B,1089.65,1,1
2021-06-18 09:44:01,B,1089.6,1,4
2021-06-18 09:44:01,B,1089.4,1,1
2021-06-18 09:44:01,B,1089.35,1,4
2021-06-18 09:44:01,B,1088.7,1,4
2021-06-18 09:44:01,S,1091.9,1,6
2021-06-18 09:44:01,S,1091.95,1,13
2021-06-18 09:44:01,S,1092.05,1,1
2021-06-18 09:44:01,S,1092.95,1,6
2021-06-18 09:44:01,S,1093.0,3,98
2021-06-18 09:44:01,B,1089.65,1,1
2021-06-18 09:44:01,B,1089.6,1,4
2021-06-18 09:44:01,B,1089.4,1,1
2021-06-18 09:44:01,B,1089.35,1,4
2021-06-18 09:44:01,B,1088.7,1,4
2021-06-18 09:44:01,S,1092.55,1,12
2021-06-18 09:44:01,S,1092.6,1,6
2021-06-18 09:44:01,S,1092.9,2,3
2021-06-18 09:44:01,S,1093.0,3,38
2021-06-18 09:44:01,S,1093.1,2,3
2021-06-18 09:44:01,B,1089.5,1,1
2021-06-18 09:44:01,B,1089.45,1,12
2021-06-18 09:44:01,B,1089.4,1,2
2021-06-18 09:44:01,B,1089.35,1,4
2021-06-18 09:44:01,B,1089.05,1,5
2021-06-18 09:44:01,S,1092.55,1,12
2021-06-18 09:44:01,S,1092.6,1,6
2021-06-18 09:44:01,S,1092.9,2,3
2021-06-18 09:44:01,S,1093.0,3,38
2021-06-18 09:44:01,S,1093.1,2,3
2021-06-18 09:44:01,B,1089.5,1,1
2021-06-18 09:44:01,B,1089.45,1,12
2021-06-18 09:44:01,B,1089.4,1,2
2021-06-18 09:44:01,B,1089.35,1,4
2021-06-18 09:44:01,B,1089.05,1,5
2021-06-18 09:44:02,S,1092.55,1,12
2021-06-18 09:44:02,S,1092.6,1,6
2021-06-18 09:44:02,S,1092.9,2,3
2021-06-18 09:44:02,S,1093.0,3,38
2021-06-18 09:44:02,S,1093.1,2,3
2021-06-18 09:44:02,B,1089.5,1,1
2021-06-18 09:44:02,B,1089.45,1,12
2021-06-18 09:44:02,B,1089.4,1,2
2021-06-18 09:44:02,B,1089.35,1,4
2021-06-18 09:44:02,B,1089.05,1,5
2021-06-18 09:44:02,S,1092.55,1,12
2021-06-18 09:44:02,S,1092.6,1,6
2021-06-18 09:44:02,S,1092.9,2,3
2021-06-18 09:44:02,S,1093.0,3,38
2021-06-18 09:44:02,S,1093.1,2,3
2021-06-18 09:44:02,B,1089.5,1,1
2021-06-18 09:44:02,B,1089.45,1,12
2021-06-18 09:44:02,B,1089.4,1,2
2021-06-18 09:44:02,B,1089.35,1,4
2021-06-18 09:44:02,B,1089.05,1,5
2021-06-18 09:44:04,S,1094.0,1,20
2021-06-18 09:44:04,S,1094.6,2,3
2021-06-18 09:44:04,S,1094.65,1,5
2021-06-18 09:44:04,S,1094.75,1,7
2021-06-18 09:44:04,S,1095.0,3,25
2021-06-18 09:44:04,B,1090.7,1,1
2021-06-18 09:44:04,B,1090.65,1,2
2021-06-18 09:44:04,B,1090.6,2,12
2021-06-18 09:44:04,B,1090.55,1,13
2021-06-18 09:44:04,B,1090.45,1,5
2021-06-18 09:44:04,S,1094.0,1,20
2021-06-18 09:44:04,S,1094.6,2,3
2021-06-18 09:44:04,S,1094.65,1,5
2021-06-18 09:44:04,S,1094.75,1,7
2021-06-18 09:44:04,S,1095.0,3,25
2021-06-18 09:44:04,B,1090.7,1,1
2021-06-18 09:44:04,B,1090.65,1,2
2021-06-18 09:44:04,B,1090.6,2,12
2021-06-18 09:44:04,B,1090.55,1,13
2021-06-18 09:44:04,B,1090.45,1,5
2021-06-18 09:44:06,S,1094.0,1,20
2021-06-18 09:44:06,S,1094.6,2,3
2021-06-18 09:44:06,S,1094.65,1,5
2021-06-18 09:44:06,S,1094.75,1,7
2021-06-18 09:44:06,S,1095.0,3,25
2021-06-18 09:44:06,B,1090.7,1,1
2021-06-18 09:44:06,B,1090.65,1,2
2021-06-18 09:44:06,B,1090.6,2,12
2021-06-18 09:44:06,B,1090.55,1,13
2021-06-18 09:44:06,B,1090.45,1,5
2021-06-18 09:44:06,S,1094.0,1,20
2021-06-18 09:44:06,S,1094.6,2,3
2021-06-18 09:44:06,S,1094.65,1,5
2021-06-18 09:44:06,S,1094.75,1,7
2021-06-18 09:44:06,S,1095.0,3,25
2021-06-18 09:44:06,B,1090.7,1,1
2021-06-18 09:44:06,B,1090.65,1,2
2021-06-18 09:44:06,B,1090.6,2,12
2021-06-18 09:44:06,B,1090.55,1,13
2021-06-18 09:44:06,B,1090.45,1,5
2021-06-18 09:44:08,S,1092.95,1,1
2021-06-18 09:44:08,S,1093.0,1,5
2021-06-18 09:44:08,S,1093.9,2,15
2021-06-18 09:44:08,S,1094.0,2,21
2021-06-18 09:44:08,S,1094.65,1,13
2021-06-18 09:44:08,B,1091.4,1,1
2021-06-18 09:44:08,B,1091.35,1,4
2021-06-18 09:44:08,B,1090.5,1,2
2021-06-18 09:44:08,B,1090.1,1,4
2021-06-18 09:44:08,B,1090.05,3,16
2021-06-18 09:44:08,S,1092.95,1,1
2021-06-18 09:44:08,S,1093.0,1,5
2021-06-18 09:44:08,S,1093.9,2,15
2021-06-18 09:44:08,S,1094.0,2,21
2021-06-18 09:44:08,S,1094.65,1,13
2021-06-18 09:44:08,B,1091.4,1,1
2021-06-18 09:44:08,B,1091.35,1,4
2021-06-18 09:44:08,B,1090.5,1,2
2021-06-18 09:44:08,B,1090.1,1,4
2021-06-18 09:44:08,B,1090.05,3,16
2021-06-18 09:44:10,S,1092.95,1,1
2021-06-18 09:44:10,S,1093.0,1,5
2021-06-18 09:44:10,S,1093.9,2,15
2021-06-18 09:44:10,S,1094.0,2,21
2021-06-18 09:44:10,S,1094.65,1,13
2021-06-18 09:44:10,B,1091.4,1,1
2021-06-18 09:44:10,B,1091.35,1,4
2021-06-18 09:44:10,B,1090.5,1,2
2021-06-18 09:44:10,B,1090.1,1,4
2021-06-18 09:44:10,B,1090.05,3,16
2021-06-18 09:44:10,S,1092.95,1,1
2021-06-18 09:44:10,S,1093.0,1,5
2021-06-18 09:44:10,S,1093.9,2,15
2021-06-18 09:44:10,S,1094.0,2,21
2021-06-18 09:44:10,S,1094.65,1,13
2021-06-18 09:44:10,B,1091.4,1,1
2021-06-18 09:44:10,B,1091.35,1,4
2021-06-18 09:44:10,B,1090.5,1,2
2021-06-18 09:44:10,B,1090.1,1,4
2021-06-18 09:44:10,B,1090.05,3,16
2021-06-18 09:44:11,S,1092.95,1,1
2021-06-18 09:44:11,S,1093.0,1,5
2021-06-18 09:44:11,S,1093.9,2,15
2021-06-18 09:44:11,S,1094.0,2,21
2021-06-18 09:44:11,S,1094.65,1,13
2021-06-18 09:44:11,B,1091.4,1,1
2021-06-18 09:44:11,B,1091.35,1,4
2021-06-18 09:44:11,B,1090.5,1,2
2021-06-18 09:44:11,B,1090.1,1,4
2021-06-18 09:44:11,B,1090.05,3,16
2021-06-18 09:44:11,S,1092.95,1,1
2021-06-18 09:44:11,S,1093.0,1,5
2021-06-18 09:44:11,S,1093.9,2,15
2021-06-18 09:44:11,S,1094.0,2,21
2021-06-18 09:44:11,S,1094.65,1,13
2021-06-18 09:44:11,B,1091.4,1,1
2021-06-18 09:44:11,B,1091.35,1,4
2021-06-18 09:44:11,B,1090.5,1,2
2021-06-18 09:44:11,B,1090.1,1,4
2021-06-18 09:44:11,B,1090.05,3,16
2021-06-18 09:44:12,S,1093.85,2,11
2021-06-18 09:44:12,S,1093.9,1,6
2021-06-18 09:44:12,S,1094.0,2,25
2021-06-18 09:44:12,S,1095.0,5,38
2021-06-18 09:44:12,S,1096.45,1,6
2021-06-18 09:44:12,B,1092.6,5,25
2021-06-18 09:44:12,B,1092.55,1,500
2021-06-18 09:44:12,B,1090.95,1,4
2021-06-18 09:44:12,B,1090.1,1,4
2021-06-18 09:44:12,B,1090.0,1,25
2021-06-18 09:44:12,S,1093.85,2,11
2021-06-18 09:44:12,S,1093.9,1,6
2021-06-18 09:44:12,S,1094.0,2,25
2021-06-18 09:44:12,S,1095.0,5,38
2021-06-18 09:44:12,S,1096.45,1,6
2021-06-18 09:44:12,B,1092.6,5,25
2021-06-18 09:44:12,B,1092.55,1,500
2021-06-18 09:44:12,B,1090.95,1,4
2021-06-18 09:44:12,B,1090.1,1,4
2021-06-18 09:44:12,B,1090.0,1,25
2021-06-18 09:44:12,S,1093.85,2,11
2021-06-18 09:44:12,S,1093.9,1,6
2021-06-18 09:44:12,S,1094.0,2,25
2021-06-18 09:44:12,S,1095.0,5,38
2021-06-18 09:44:12,S,1096.45,1,6
2021-06-18 09:44:12,B,1092.6,5,25
2021-06-18 09:44:12,B,1092.55,1,500
2021-06-18 09:44:12,B,1090.95,1,4
2021-06-18 09:44:12,B,1090.1,1,4
2021-06-18 09:44:12,B,1090.0,1,25
2021-06-18 09:44:12,S,1093.85,2,11
2021-06-18 09:44:12,S,1093.9,1,6
2021-06-18 09:44:12,S,1094.0,2,25
2021-06-18 09:44:12,S,1095.0,5,38
2021-06-18 09:44:12,S,1096.45,1,6
2021-06-18 09:44:12,B,1092.6,5,25
2021-06-18 09:44:12,B,1092.55,1,500
2021-06-18 09:44:12,B,1090.95,1,4
2021-06-18 09:44:12,B,1090.1,1,4
2021-06-18 09:44:12,B,1090.0,1,25
2021-06-18 09:44:13,S,1093.85,2,11
2021-06-18 09:44:13,S,1093.9,1,6
2021-06-18 09:44:13,S,1094.0,2,25
2021-06-18 09:44:13,S,1095.0,5,38
2021-06-18 09:44:13,S,1096.45,1,6
2021-06-18 09:44:13,B,1092.6,5,25
2021-06-18 09:44:13,B,1092.55,1,500
2021-06-18 09:44:13,B,1090.95,1,4
2021-06-18 09:44:13,B,1090.1,1,4
2021-06-18 09:44:13,B,1090.0,1,25
2021-06-18 09:44:13,S,1093.85,2,11
2021-06-18 09:44:13,S,1093.9,1,6
2021-06-18 09:44:13,S,1094.0,2,25
2021-06-18 09:44:13,S,1095.0,5,38
2021-06-18 09:44:13,S,1096.45,1,6
2021-06-18 09:44:13,B,1092.6,5,25
2021-06-18 09:44:13,B,1092.55,1,500
2021-06-18 09:44:13,B,1090.95,1,4
2021-06-18 09:44:13,B,1090.1,1,4
2021-06-18 09:44:13,B,1090.0,1,25
2021-06-18 09:44:14,S,1093.85,2,11
2021-06-18 09:44:14,S,1093.9,1,6
2021-06-18 09:44:14,S,1094.0,2,25
2021-06-18 09:44:14,S,1095.0,5,38
2021-06-18 09:44:14,S,1096.45,1,6
2021-06-18 09:44:14,B,1092.6,5,25
2021-06-18 09:44:14,B,1092.55,1,500
2021-06-18 09:44:14,B,1090.95,1,4
2021-06-18 09:44:14,B,1090.1,1,4
2021-06-18 09:44:14,B,1090.0,1,25
2021-06-18 09:44:14,S,1093.85,2,11
2021-06-18 09:44:14,S,1093.9,1,6
2021-06-18 09:44:14,S,1094.0,2,25
2021-06-18 09:44:14,S,1095.0,5,38
2021-06-18 09:44:14,S,1096.45,1,6
2021-06-18 09:44:14,B,1092.6,5,25
2021-06-18 09:44:14,B,1092.55,1,500
2021-06-18 09:44:14,B,1090.95,1,4
2021-06-18 09:44:14,B,1090.1,1,4
2021-06-18 09:44:14,B,1090.0,1,25
2021-06-18 09:44:15,S,1096.0,1,1
2021-06-18 09:44:15,S,1096.05,1,7
2021-06-18 09:44:15,S,1097.0,2,3
2021-06-18 09:44:15,S,1097.1,2,14
2021-06-18 09:44:15,S,1097.15,1,5
2021-06-18 09:44:15,B,1095.35,1,1
2021-06-18 09:44:15,B,1095.3,1,5
2021-06-18 09:44:15,B,1095.1,1,10
2021-06-18 09:44:15,B,1095.05,2,12
2021-06-18 09:44:15,B,1095.0,1,69
2021-06-18 09:44:15,S,1096.0,1,1
2021-06-18 09:44:15,S,1096.05,1,7
2021-06-18 09:44:15,S,1097.0,2,3
2021-06-18 09:44:15,S,1097.1,2,14
2021-06-18 09:44:15,S,1097.15,1,5
2021-06-18 09:44:15,B,1095.35,1,1
2021-06-18 09:44:15,B,1095.3,1,5
2021-06-18 09:44:15,B,1095.1,1,10
2021-06-18 09:44:15,B,1095.05,2,12
2021-06-18 09:44:15,B,1095.0,1,69
2021-06-18 09:44:16,S,1096.0,1,1
2021-06-18 09:44:16,S,1096.05,1,7
2021-06-18 09:44:16,S,1097.0,2,3
2021-06-18 09:44:16,S,1097.1,2,14
2021-06-18 09:44:16,S,1097.15,1,5
2021-06-18 09:44:16,B,1095.35,1,1
2021-06-18 09:44:16,B,1095.3,1,5
2021-06-18 09:44:16,B,1095.1,1,10
2021-06-18 09:44:16,B,1095.05,2,12
2021-06-18 09:44:16,B,1095.0,1,69
2021-06-18 09:44:16,S,1096.0,1,1
2021-06-18 09:44:16,S,1096.05,1,7
2021-06-18 09:44:16,S,1097.0,2,3
2021-06-18 09:44:16,S,1097.1,2,14
2021-06-18 09:44:16,S,1097.15,1,5
2021-06-18 09:44:16,B,1095.35,1,1
2021-06-18 09:44:16,B,1095.3,1,5
2021-06-18 09:44:16,B,1095.1,1,10
2021-06-18 09:44:16,B,1095.05,2,12
2021-06-18 09:44:16,B,1095.0,1,69
2021-06-18 09:44:18,S,1096.0,1,1
2021-06-18 09:44:18,S,1096.05,1,7
2021-06-18 09:44:18,S,1097.0,2,3
2021-06-18 09:44:18,S,1097.1,2,14
2021-06-18 09:44:18,S,1097.15,1,5
2021-06-18 09:44:18,B,1095.35,1,1
2021-06-18 09:44:18,B,1095.3,1,5
2021-06-18 09:44:18,B,1095.1,1,10
2021-06-18 09:44:18,B,1095.05,2,12
2021-06-18 09:44:18,B,1095.0,1,69
2021-06-18 09:44:18,S,1096.0,1,1
2021-06-18 09:44:18,S,1096.05,1,7
2021-06-18 09:44:18,S,1097.0,2,3
2021-06-18 09:44:18,S,1097.1,2,14
2021-06-18 09:44:18,S,1097.15,1,5
2021-06-18 09:44:18,B,1095.35,1,1
2021-06-18 09:44:18,B,1095.3,1,5
2021-06-18 09:44:18,B,1095.1,1,10
2021-06-18 09:44:18,B,1095.05,2,12
2021-06-18 09:44:18,B,1095.0,1,69
2021-06-18 09:44:19,S,1096.0,1,10
2021-06-18 09:44:19,S,1096.95,1,13
2021-06-18 09:44:19,S,1097.0,1,2
2021-06-18 09:44:19,S,1097.7,1,2
2021-06-18 09:44:19,S,1097.95,1,6
2021-06-18 09:44:19,B,1095.1,1,1
2021-06-18 09:44:19,B,1095.05,1,7
2021-06-18 09:44:19,B,1095.0,2,75
2021-06-18 09:44:19,B,1094.85,1,4
2021-06-18 09:44:19,B,1093.8,1,2
2021-06-18 09:44:19,S,1096.0,1,10
2021-06-18 09:44:19,S,1096.95,1,13
2021-06-18 09:44:19,S,1097.0,1,2
2021-06-18 09:44:19,S,1097.7,1,2
2021-06-18 09:44:19,S,1097.95,1,6
2021-06-18 09:44:19,B,1095.1,1,1
2021-06-18 09:44:19,B,1095.05,1,7
2021-06-18 09:44:19,B,1095.0,2,75
2021-06-18 09:44:19,B,1094.85,1,4
2021-06-18 09:44:19,B,1093.8,1,2
2021-06-18 09:44:21,S,1096.0,1,10
2021-06-18 09:44:21,S,1096.95,1,13
2021-06-18 09:44:21,S,1097.0,1,2
2021-06-18 09:44:21,S,1097.7,1,2
2021-06-18 09:44:21,S,1097.95,1,6
2021-06-18 09:44:21,B,1095.1,1,1
2021-06-18 09:44:21,B,1095.05,1,7
2021-06-18 09:44:21,B,1095.0,2,75
2021-06-18 09:44:21,B,1094.85,1,4
2021-06-18 09:44:21,B,1093.8,1,2
2021-06-18 09:44:21,S,1096.0,1,10
2021-06-18 09:44:21,S,1096.95,1,13
2021-06-18 09:44:21,S,1097.0,1,2
2021-06-18 09:44:21,S,1097.7,1,2
2021-06-18 09:44:21,S,1097.95,1,6
2021-06-18 09:44:21,B,1095.1,1,1
2021-06-18 09:44:21,B,1095.05,1,7
2021-06-18 09:44:21,B,1095.0,2,75
2021-06-18 09:44:21,B,1094.85,1,4
2021-06-18 09:44:21,B,1093.8,1,2
2021-06-18 09:44:21,S,1096.0,1,10
2021-06-18 09:44:21,S,1096.95,1,13
2021-06-18 09:44:21,S,1097.0,1,2
2021-06-18 09:44:21,S,1097.7,1,2
2021-06-18 09:44:21,S,1097.95,1,6
2021-06-18 09:44:21,B,1095.1,1,1
2021-06-18 09:44:21,B,1095.05,1,7
2021-06-18 09:44:21,B,1095.0,2,75
2021-06-18 09:44:21,B,1094.85,1,4
2021-06-18 09:44:21,B,1093.8,1,2
2021-06-18 09:44:21,S,1096.0,1,10
2021-06-18 09:44:21,S,1096.95,1,13
2021-06-18 09:44:21,S,1097.0,1,2
2021-06-18 09:44:21,S,1097.7,1,2
2021-06-18 09:44:21,S,1097.95,1,6
2021-06-18 09:44:21,B,1095.1,1,1
2021-06-18 09:44:21,B,1095.05,1,7
2021-06-18 09:44:21,B,1095.0,2,75
2021-06-18 09:44:21,B,1094.85,1,4
2021-06-18 09:44:21,B,1093.8,1,2
2021-06-18 09:44:23,S,1095.65,1,1
2021-06-18 09:44:23,S,1095.7,1,2
2021-06-18 09:44:23,S,1096.0,1,10
2021-06-18 09:44:23,S,1096.65,1,13
2021-06-18 09:44:23,S,1096.7,1,2
2021-06-18 09:44:23,B,1093.3,1,6
2021-06-18 09:44:23,B,1093.25,1,2
2021-06-18 09:44:23,B,1093.0,1,10
2021-06-18 09:44:23,B,1092.7,1,2
2021-06-18 09:44:23,B,1092.6,2,10
2021-06-18 09:44:23,S,1095.65,1,1
2021-06-18 09:44:23,S,1095.7,1,2
2021-06-18 09:44:23,S,1096.0,1,10
2021-06-18 09:44:23,S,1096.65,1,13
2021-06-18 09:44:23,S,1096.7,1,2
2021-06-18 09:44:23,B,1093.3,1,6
2021-06-18 09:44:23,B,1093.25,1,2
2021-06-18 09:44:23,B,1093.0,1,10
2021-06-18 09:44:23,B,1092.7,1,2
2021-06-18 09:44:23,B,1092.6,2,10
2021-06-18 09:44:24,S,1095.65,1,1
2021-06-18 09:44:24,S,1095.7,1,2
2021-06-18 09:44:24,S,1096.0,1,10
2021-06-18 09:44:24,S,1096.65,1,13
2021-06-18 09:44:24,S,1096.7,1,2
2021-06-18 09:44:24,B,1093.3,1,6
2021-06-18 09:44:24,B,1093.25,1,2
2021-06-18 09:44:24,B,1093.0,1,10
2021-06-18 09:44:24,B,1092.7,1,2
2021-06-18 09:44:24,B,1092.6,2,10
2021-06-18 09:44:24,S,1095.65,1,1
2021-06-18 09:44:24,S,1095.7,1,2
2021-06-18 09:44:24,S,1096.0,1,10
2021-06-18 09:44:24,S,1096.65,1,13
2021-06-18 09:44:24,S,1096.7,1,2
2021-06-18 09:44:24,B,1093.3,1,6
2021-06-18 09:44:24,B,1093.25,1,2
2021-06-18 09:44:24,B,1093.0,1,10
2021-06-18 09:44:24,B,1092.7,1,2
2021-06-18 09:44:24,B,1092.6,2,10
2021-06-18 09:44:25,S,1095.65,1,1
2021-06-18 09:44:25,S,1095.7,1,2
2021-06-18 09:44:25,S,1096.0,1,10
2021-06-18 09:44:25,S,1096.65,1,13
2021-06-18 09:44:25,S,1096.7,1,2
2021-06-18 09:44:25,B,1093.3,1,6
2021-06-18 09:44:25,B,1093.25,1,2
2021-06-18 09:44:25,B,1093.0,1,10
2021-06-18 09:44:25,B,1092.7,1,2
2021-06-18 09:44:25,B,1092.6,2,10
2021-06-18 09:44:25,S,1095.65,1,1
2021-06-18 09:44:25,S,1095.7,1,2
2021-06-18 09:44:25,S,1096.0,1,10
2021-06-18 09:44:25,S,1096.65,1,13
2021-06-18 09:44:25,S,1096.7,1,2
2021-06-18 09:44:25,B,1093.3,1,6
2021-06-18 09:44:25,B,1093.25,1,2
2021-06-18 09:44:25,B,1093.0,1,10
2021-06-18 09:44:25,B,1092.7,1,2
2021-06-18 09:44:25,B,1092.6,2,10
2021-06-18 09:44:25,S,1095.65,1,1
2021-06-18 09:44:25,S,1095.7,1,2
2021-06-18 09:44:25,S,1096.0,1,10
2021-06-18 09:44:25,S,1096.65,1,13
2021-06-18 09:44:25,S,1096.7,1,2
2021-06-18 09:44:25,B,1093.3,1,6
2021-06-18 09:44:25,B,1093.25,1,2
2021-06-18 09:44:25,B,1093.0,1,10
2021-06-18 09:44:25,B,1092.7,1,2
2021-06-18 09:44:25,B,1092.6,2,10
2021-06-18 09:44:25,S,1095.65,1,1
2021-06-18 09:44:25,S,1095.7,1,2
2021-06-18 09:44:25,S,1096.0,1,10
2021-06-18 09:44:25,S,1096.65,1,13
2021-06-18 09:44:25,S,1096.7,1,2
2021-06-18 09:44:25,B,1093.3,1,6
2021-06-18 09:44:25,B,1093.25,1,2
2021-06-18 09:44:25,B,1093.0,1,10
2021-06-18 09:44:25,B,1092.7,1,2
2021-06-18 09:44:25,B,1092.6,2,10
2021-06-18 09:44:26,S,1097.25,1,1
2021-06-18 09:44:26,S,1097.3,1,4
2021-06-18 09:44:26,S,1098.0,3,44
2021-06-18 09:44:26,S,1098.6,1,5
2021-06-18 09:44:26,S,1098.7,1,2
2021-06-18 09:44:26,B,1094.6,1,1
2021-06-18 09:44:26,B,1094.55,1,5
2021-06-18 09:44:26,B,1094.3,1,5
2021-06-18 09:44:26,B,1094.1,1,5
2021-06-18 09:44:26,B,1093.9,1,5
2021-06-18 09:44:26,S,1097.25,1,1
2021-06-18 09:44:26,S,1097.3,1,4
2021-06-18 09:44:26,S,1098.0,3,44
2021-06-18 09:44:26,S,1098.6,1,5
2021-06-18 09:44:26,S,1098.7,1,2
2021-06-18 09:44:26,B,1094.6,1,1
2021-06-18 09:44:26,B,1094.55,1,5
2021-06-18 09:44:26,B,1094.3,1,5
2021-06-18 09:44:26,B,1094.1,1,5
2021-06-18 09:44:26,B,1093.9,1,5
2021-06-18 09:44:28,S,1097.25,1,1
2021-06-18 09:44:28,S,1097.3,1,4
2021-06-18 09:44:28,S,1098.0,3,44
2021-06-18 09:44:28,S,1098.6,1,5
2021-06-18 09:44:28,S,1098.7,1,2
2021-06-18 09:44:28,B,1094.6,1,1
2021-06-18 09:44:28,B,1094.55,1,5
2021-06-18 09:44:28,B,1094.3,1,5
2021-06-18 09:44:28,B,1094.1,1,5
2021-06-18 09:44:28,B,1093.9,1,5
2021-06-18 09:44:28,S,1097.25,1,1
2021-06-18 09:44:28,S,1097.3,1,4
2021-06-18 09:44:28,S,1098.0,3,44
2021-06-18 09:44:28,S,1098.6,1,5
2021-06-18 09:44:28,S,1098.7,1,2
2021-06-18 09:44:28,B,1094.6,1,1
2021-06-18 09:44:28,B,1094.55,1,5
2021-06-18 09:44:28,B,1094.3,1,5
2021-06-18 09:44:28,B,1094.1,1,5
2021-06-18 09:44:28,B,1093.9,1,5
2021-06-18 09:44:29,S,1097.25,1,1
2021-06-18 09:44:29,S,1097.3,1,4
2021-06-18 09:44:29,S,1098.0,3,44
2021-06-18 09:44:29,S,1098.6,1,5
2021-06-18 09:44:29,S,1098.7,1,2
2021-06-18 09:44:29,B,1094.6,1,1
2021-06-18 09:44:29,B,1094.55,1,5
2021-06-18 09:44:29,B,1094.3,1,5
2021-06-18 09:44:29,B,1094.1,1,5
2021-06-18 09:44:29,B,1093.9,1,5
2021-06-18 09:44:29,S,1097.25,1,1
2021-06-18 09:44:29,S,1097.3,1,4
2021-06-18 09:44:29,S,1098.0,3,44
2021-06-18 09:44:29,S,1098.6,1,5
2021-06-18 09:44:29,S,1098.7,1,2
2021-06-18 09:44:29,B,1094.6,1,1
2021-06-18 09:44:29,B,1094.55,1,5
2021-06-18 09:44:29,B,1094.3,1,5
2021-06-18 09:44:29,B,1094.1,1,5
2021-06-18 09:44:29,B,1093.9,1,5
2021-06-18 09:44:30,S,1095.95,2,2
2021-06-18 09:44:30,S,1096.0,1,3
2021-06-18 09:44:30,S,1096.6,1,4
2021-06-18 09:44:30,S,1096.8,1,10
2021-06-18 09:44:30,S,1097.3,2,3
2021-06-18 09:44:30,B,1093.6,1,2
2021-06-18 09:44:30,B,1093.55,1,1
2021-06-18 09:44:30,B,1093.5,1,4
2021-06-18 09:44:30,B,1093.05,1,7
2021-06-18 09:44:30,B,1093.0,1,10
2021-06-18 09:44:30,S,1095.95,2,2
2021-06-18 09:44:30,S,1096.0,1,3
2021-06-18 09:44:30,S,1096.6,1,4
2021-06-18 09:44:30,S,1096.8,1,10
2021-06-18 09:44:30,S,1097.3,2,3
2021-06-18 09:44:30,B,1093.6,1,2
2021-06-18 09:44:30,B,1093.55,1,1
2021-06-18 09:44:30,B,1093.5,1,4
2021-06-18 09:44:30,B,1093.05,1,7
2021-06-18 09:44:30,B,1093.0,1,10
2021-06-18 09:44:33,S,1095.95,1,1
2021-06-18 09:44:33,S,1096.0,1,5
2021-06-18 09:44:33,S,1096.1,1,4
2021-06-18 09:44:33,S,1096.6,1,2
2021-06-18 09:44:33,S,1097.3,2,2
2021-06-18 09:44:33,B,1094.25,1,1
2021-06-18 09:44:33,B,1094.2,1,1
2021-06-18 09:44:33,B,1094.15,1,4
2021-06-18 09:44:33,B,1093.85,1,7
2021-06-18 09:44:33,B,1093.55,1,5
2021-06-18 09:44:33,S,1095.95,1,1
2021-06-18 09:44:33,S,1096.0,1,5
2021-06-18 09:44:33,S,1096.1,1,4
2021-06-18 09:44:33,S,1096.6,1,2
2021-06-18 09:44:33,S,1097.3,2,2
2021-06-18 09:44:33,B,1094.25,1,1
2021-06-18 09:44:33,B,1094.2,1,1
2021-06-18 09:44:33,B,1094.15,1,4
2021-06-18 09:44:33,B,1093.85,1,7
2021-06-18 09:44:33,B,1093.55,1,5
2021-06-18 09:44:36,S,1095.95,1,1
2021-06-18 09:44:36,S,1096.0,1,5
2021-06-18 09:44:36,S,1096.1,1,4
2021-06-18 09:44:36,S,1096.6,1,2
2021-06-18 09:44:36,S,1097.3,2,2
2021-06-18 09:44:36,B,1094.25,1,1
2021-06-18 09:44:36,B,1094.2,1,1
2021-06-18 09:44:36,B,1094.15,1,4
2021-06-18 09:44:36,B,1093.85,1,7
2021-06-18 09:44:36,B,1093.55,1,5
2021-06-18 09:44:36,S,1095.95,1,1
2021-06-18 09:44:36,S,1096.0,1,5
2021-06-18 09:44:36,S,1096.1,1,4
2021-06-18 09:44:36,S,1096.6,1,2
2021-06-18 09:44:36,S,1097.3,2,2
2021-06-18 09:44:36,B,1094.25,1,1
2021-06-18 09:44:36,B,1094.2,1,1
2021-06-18 09:44:36,B,1094.15,1,4
2021-06-18 09:44:36,B,1093.85,1,7
2021-06-18 09:44:36,B,1093.55,1,5
2021-06-18 09:44:37,S,1096.7,4,17
2021-06-18 09:44:37,S,1096.75,2,20
2021-06-18 09:44:37,S,1097.0,2,4
2021-06-18 09:44:37,S,1097.05,2,3
2021-06-18 09:44:37,S,1097.8,1,6
2021-06-18 09:44:37,B,1094.45,2,2
2021-06-18 09:44:37,B,1094.2,1,3
2021-06-18 09:44:37,B,1094.15,1,4
2021-06-18 09:44:37,B,1093.85,1,7
2021-06-18 09:44:37,B,1093.5,1,4
2021-06-18 09:44:37,S,1096.7,4,17
2021-06-18 09:44:37,S,1096.75,2,20
2021-06-18 09:44:37,S,1097.0,2,4
2021-06-18 09:44:37,S,1097.05,2,3
2021-06-18 09:44:37,S,1097.8,1,6
2021-06-18 09:44:37,B,1094.45,2,2
2021-06-18 09:44:37,B,1094.2,1,3
2021-06-18 09:44:37,B,1094.15,1,4
2021-06-18 09:44:37,B,1093.85,1,7
2021-06-18 09:44:37,B,1093.5,1,4
2021-06-18 09:44:37,S,1096.7,4,17
2021-06-18 09:44:37,S,1096.75,2,20
2021-06-18 09:44:37,S,1097.0,2,4
2021-06-18 09:44:37,S,1097.05,2,3
2021-06-18 09:44:37,S,1097.8,1,6
2021-06-18 09:44:37,B,1094.45,2,2
2021-06-18 09:44:37,B,1094.2,1,3
2021-06-18 09:44:37,B,1094.15,1,4
2021-06-18 09:44:37,B,1093.85,1,7
2021-06-18 09:44:37,B,1093.5,1,4
2021-06-18 09:44:37,S,1096.7,4,17
2021-06-18 09:44:37,S,1096.75,2,20
2021-06-18 09:44:37,S,1097.0,2,4
2021-06-18 09:44:37,S,1097.05,2,3
2021-06-18 09:44:37,S,1097.8,1,6
2021-06-18 09:44:37,B,1094.45,2,2
2021-06-18 09:44:37,B,1094.2,1,3
2021-06-18 09:44:37,B,1094.15,1,4
2021-06-18 09:44:37,B,1093.85,1,7
2021-06-18 09:44:37,B,1093.5,1,4
2021-06-18 09:44:38,S,1096.7,4,17
2021-06-18 09:44:38,S,1096.75,2,20
2021-06-18 09:44:38,S,1097.0,2,4
2021-06-18 09:44:38,S,1097.05,2,3
2021-06-18 09:44:38,S,1097.8,1,6
2021-06-18 09:44:38,B,1094.45,2,2
2021-06-18 09:44:38,B,1094.2,1,3
2021-06-18 09:44:38,B,1094.15,1,4
2021-06-18 09:44:38,B,1093.85,1,7
2021-06-18 09:44:38,B,1093.5,1,4
2021-06-18 09:44:38,S,1096.7,4,17
2021-06-18 09:44:38,S,1096.75,2,20
2021-06-18 09:44:38,S,1097.0,2,4
2021-06-18 09:44:38,S,1097.05,2,3
2021-06-18 09:44:38,S,1097.8,1,6
2021-06-18 09:44:38,B,1094.45,2,2
2021-06-18 09:44:38,B,1094.2,1,3
2021-06-18 09:44:38,B,1094.15,1,4
2021-06-18 09:44:38,B,1093.85,1,7
2021-06-18 09:44:38,B,1093.5,1,4
2021-06-18 09:44:40,S,1096.5,1,5
2021-06-18 09:44:40,S,1097.0,1,50
2021-06-18 09:44:40,S,1097.65,2,7
2021-06-18 09:44:40,S,1097.7,1,2
2021-06-18 09:44:40,S,1097.95,1,5
2021-06-18 09:44:40,B,1094.55,1,1
2021-06-18 09:44:40,B,1094.5,1,6
2021-06-18 09:44:40,B,1094.15,1,4
2021-06-18 09:44:40,B,1093.9,1,6
2021-06-18 09:44:40,B,1093.85,2,12
2021-06-18 09:44:40,S,1096.5,1,5
2021-06-18 09:44:40,S,1097.0,1,50
2021-06-18 09:44:40,S,1097.65,2,7
2021-06-18 09:44:40,S,1097.7,1,2
2021-06-18 09:44:40,S,1097.95,1,5
2021-06-18 09:44:40,B,1094.55,1,1
2021-06-18 09:44:40,B,1094.5,1,6
2021-06-18 09:44:40,B,1094.15,1,4
2021-06-18 09:44:40,B,1093.9,1,6
2021-06-18 09:44:40,B,1093.85,2,12
2021-06-18 09:44:41,S,1096.5,1,5
2021-06-18 09:44:41,S,1097.0,1,50
2021-06-18 09:44:41,S,1097.65,2,7
2021-06-18 09:44:41,S,1097.7,1,2
2021-06-18 09:44:41,S,1097.95,1,5
2021-06-18 09:44:41,B,1094.55,1,1
2021-06-18 09:44:41,B,1094.5,1,6
2021-06-18 09:44:41,B,1094.15,1,4
2021-06-18 09:44:41,B,1093.9,1,6
2021-06-18 09:44:41,B,1093.85,2,12
2021-06-18 09:44:41,S,1096.5,1,5
2021-06-18 09:44:41,S,1097.0,1,50
2021-06-18 09:44:41,S,1097.65,2,7
2021-06-18 09:44:41,S,1097.7,1,2
2021-06-18 09:44:41,S,1097.95,1,5
2021-06-18 09:44:41,B,1094.55,1,1
2021-06-18 09:44:41,B,1094.5,1,6
2021-06-18 09:44:41,B,1094.15,1,4
2021-06-18 09:44:41,B,1093.9,1,6
2021-06-18 09:44:41,B,1093.85,2,12
2021-06-18 09:44:42,S,1096.5,1,5
2021-06-18 09:44:42,S,1097.0,1,50
2021-06-18 09:44:42,S,1097.65,2,7
2021-06-18 09:44:42,S,1097.7,1,2
2021-06-18 09:44:42,S,1097.95,1,5
2021-06-18 09:44:42,B,1094.55,1,1
2021-06-18 09:44:42,B,1094.5,1,6
2021-06-18 09:44:42,B,1094.15,1,4
2021-06-18 09:44:42,B,1093.9,1,6
2021-06-18 09:44:42,B,1093.85,2,12
2021-06-18 09:44:42,S,1096.5,1,5
2021-06-18 09:44:42,S,1097.0,1,50
2021-06-18 09:44:42,S,1097.65,2,7
2021-06-18 09:44:42,S,1097.7,1,2
2021-06-18 09:44:42,S,1097.95,1,5
2021-06-18 09:44:42,B,1094.55,1,1
2021-06-18 09:44:42,B,1094.5,1,6
2021-06-18 09:44:42,B,1094.15,1,4
2021-06-18 09:44:42,B,1093.9,1,6
2021-06-18 09:44:42,B,1093.85,2,12
2021-06-18 09:44:43,S,1096.85,1,5
2021-06-18 09:44:43,S,1096.9,1,1
2021-06-18 09:44:43,S,1097.9,1,1
2021-06-18 09:44:43,S,1097.95,1,1
2021-06-18 09:44:43,S,1098.4,1,1
2021-06-18 09:44:43,B,1096.5,1,5
2021-06-18 09:44:43,B,1095.3,1,4
2021-06-18 09:44:43,B,1094.15,1,4
2021-06-18 09:44:43,B,1093.9,1,2
2021-06-18 09:44:43,B,1093.85,1,7
2021-06-18 09:44:43,S,1096.85,1,5
2021-06-18 09:44:43,S,1096.9,1,1
2021-06-18 09:44:43,S,1097.9,1,1
2021-06-18 09:44:43,S,1097.95,1,1
2021-06-18 09:44:43,S,1098.4,1,1
2021-06-18 09:44:43,B,1096.5,1,5
2021-06-18 09:44:43,B,1095.3,1,4
2021-06-18 09:44:43,B,1094.15,1,4
2021-06-18 09:44:43,B,1093.9,1,2
2021-06-18 09:44:43,B,1093.85,1,7
2021-06-18 09:44:44,S,1096.85,1,5
2021-06-18 09:44:44,S,1096.9,1,1
2021-06-18 09:44:44,S,1097.9,1,1
2021-06-18 09:44:44,S,1097.95,1,1
2021-06-18 09:44:44,S,1098.4,1,1
2021-06-18 09:44:44,B,1096.5,1,5
2021-06-18 09:44:44,B,1095.3,1,4
2021-06-18 09:44:44,B,1094.15,1,4
2021-06-18 09:44:44,B,1093.9,1,2
2021-06-18 09:44:44,B,1093.85,1,7
2021-06-18 09:44:44,S,1096.85,1,5
2021-06-18 09:44:44,S,1096.9,1,1
2021-06-18 09:44:44,S,1097.9,1,1
2021-06-18 09:44:44,S,1097.95,1,1
2021-06-18 09:44:44,S,1098.4,1,1
2021-06-18 09:44:44,B,1096.5,1,5
2021-06-18 09:44:44,B,1095.3,1,4
2021-06-18 09:44:44,B,1094.15,1,4
2021-06-18 09:44:44,B,1093.9,1,2
2021-06-18 09:44:44,B,1093.85,1,7
2021-06-18 09:44:47,S,1098.9,1,2
2021-06-18 09:44:47,S,1098.95,1,10
2021-06-18 09:44:47,S,1099.0,2,70
2021-06-18 09:44:47,S,1099.15,1,2
2021-06-18 09:44:47,S,1099.65,1,2
2021-06-18 09:44:47,B,1096.6,1,2
2021-06-18 09:44:47,B,1096.55,2,12
2021-06-18 09:44:47,B,1096.5,1,300
2021-06-18 09:44:47,B,1096.45,1,4
2021-06-18 09:44:47,B,1095.75,1,4
2021-06-18 09:44:47,S,1098.9,1,2
2021-06-18 09:44:47,S,1098.95,1,10
2021-06-18 09:44:47,S,1099.0,2,70
2021-06-18 09:44:47,S,1099.15,1,2
2021-06-18 09:44:47,S,1099.65,1,2
2021-06-18 09:44:47,B,1096.6,1,2
2021-06-18 09:44:47,B,1096.55,2,12
2021-06-18 09:44:47,B,1096.5,1,300
2021-06-18 09:44:47,B,1096.45,1,4
2021-06-18 09:44:47,B,1095.75,1,4
2021-06-18 09:44:50,S,1098.9,1,2
2021-06-18 09:44:50,S,1098.95,1,10
2021-06-18 09:44:50,S,1099.0,2,70
2021-06-18 09:44:50,S,1099.15,1,2
2021-06-18 09:44:50,S,1099.65,1,2
2021-06-18 09:44:50,B,1096.6,1,2
2021-06-18 09:44:50,B,1096.55,2,12
2021-06-18 09:44:50,B,1096.5,1,300
2021-06-18 09:44:50,B,1096.45,1,4
2021-06-18 09:44:50,B,1095.75,1,4
2021-06-18 09:44:50,S,1098.9,1,2
2021-06-18 09:44:50,S,1098.95,1,10
2021-06-18 09:44:50,S,1099.0,2,70
2021-06-18 09:44:50,S,1099.15,1,2
2021-06-18 09:44:50,S,1099.65,1,2
2021-06-18 09:44:50,B,1096.6,1,2
2021-06-18 09:44:50,B,1096.55,2,12
2021-06-18 09:44:50,B,1096.5,1,300
2021-06-18 09:44:50,B,1096.45,1,4
2021-06-18 09:44:50,B,1095.75,1,4
2021-06-18 09:44:51,S,1097.55,1,2
2021-06-18 09:44:51,S,1097.6,1,4
2021-06-18 09:44:51,S,1097.7,2,19
2021-06-18 09:44:51,S,1098.15,1,1
2021-06-18 09:44:51,S,1098.2,1,1
2021-06-18 09:44:51,B,1095.05,2,12
2021-06-18 09:44:51,B,1095.0,1,15
2021-06-18 09:44:51,B,1094.75,1,5
2021-06-18 09:44:51,B,1093.3,2,11
2021-06-18 09:44:51,B,1093.25,1,10
2021-06-18 09:44:51,S,1097.55,1,2
2021-06-18 09:44:51,S,1097.6,1,4
2021-06-18 09:44:51,S,1097.7,2,19
2021-06-18 09:44:51,S,1098.15,1,1
2021-06-18 09:44:51,S,1098.2,1,1
2021-06-18 09:44:51,B,1095.05,2,12
2021-06-18 09:44:51,B,1095.0,1,15
2021-06-18 09:44:51,B,1094.75,1,5
2021-06-18 09:44:51,B,1093.3,2,11
2021-06-18 09:44:51,B,1093.25,1,10
2021-06-18 09:44:51,S,1097.55,1,2
2021-06-18 09:44:51,S,1097.6,1,4
2021-06-18 09:44:51,S,1097.7,2,19
2021-06-18 09:44:51,S,1098.15,1,1
2021-06-18 09:44:51,S,1098.2,1,1
2021-06-18 09:44:51,B,1095.05,2,12
2021-06-18 09:44:51,B,1095.0,1,15
2021-06-18 09:44:51,B,1094.75,1,5
2021-06-18 09:44:51,B,1093.3,2,11
2021-06-18 09:44:51,B,1093.25,1,10
2021-06-18 09:44:51,S,1097.55,1,2
2021-06-18 09:44:51,S,1097.6,1,4
2021-06-18 09:44:51,S,1097.7,2,19
2021-06-18 09:44:51,S,1098.15,1,1
2021-06-18 09:44:51,S,1098.2,1,1
2021-06-18 09:44:51,B,1095.05,2,12
2021-06-18 09:44:51,B,1095.0,1,15
2021-06-18 09:44:51,B,1094.75,1,5
2021-06-18 09:44:51,B,1093.3,2,11
2021-06-18 09:44:51,B,1093.25,1,10
2021-06-18 09:44:52,S,1097.55,1,2
2021-06-18 09:44:52,S,1097.6,1,4
2021-06-18 09:44:52,S,1097.7,2,19
2021-06-18 09:44:52,S,1098.15,1,1
2021-06-18 09:44:52,S,1098.2,1,1
2021-06-18 09:44:52,B,1095.05,2,12
2021-06-18 09:44:52,B,1095.0,1,15
2021-06-18 09:44:52,B,1094.75,1,5
2021-06-18 09:44:52,B,1093.3,2,11
2021-06-18 09:44:52,B,1093.25,1,10
2021-06-18 09:44:52,S,1097.55,1,2
2021-06-18 09:44:52,S,1097.6,1,4
2021-06-18 09:44:52,S,1097.7,2,19
2021-06-18 09:44:52,S,1098.15,1,1
2021-06-18 09:44:52,S,1098.2,1,1
2021-06-18 09:44:52,B,1095.05,2,12
2021-06-18 09:44:52,B,1095.0,1,15
2021-06-18 09:44:52,B,1094.75,1,5
2021-06-18 09:44:52,B,1093.3,2,11
2021-06-18 09:44:52,B,1093.25,1,10
2021-06-18 09:44:53,S,1097.55,1,2
2021-06-18 09:44:53,S,1097.6,1,4
2021-06-18 09:44:53,S,1097.7,2,19
2021-06-18 09:44:53,S,1098.15,1,1
2021-06-18 09:44:53,S,1098.2,1,1
2021-06-18 09:44:53,B,1095.05,2,12
2021-06-18 09:44:53,B,1095.0,1,15
2021-06-18 09:44:53,B,1094.75,1,5
2021-06-18 09:44:53,B,1093.3,2,11
2021-06-18 09:44:53,B,1093.25,1,10
2021-06-18 09:44:53,S,1097.55,1,2
2021-06-18 09:44:53,S,1097.6,1,4
2021-06-18 09:44:53,S,1097.7,2,19
2021-06-18 09:44:53,S,1098.15,1,1
2021-06-18 09:44:53,S,1098.2,1,1
2021-06-18 09:44:53,B,1095.05,2,12
2021-06-18 09:44:53,B,1095.0,1,15
2021-06-18 09:44:53,B,1094.75,1,5
2021-06-18 09:44:53,B,1093.3,2,11
2021-06-18 09:44:53,B,1093.25,1,10
2021-06-18 09:44:54,S,1095.7,4,28
2021-06-18 09:44:54,S,1098.9,2,3
2021-06-18 09:44:54,S,1098.95,3,13
2021-06-18 09:44:54,S,1099.0,5,601
2021-06-18 09:44:54,S,1099.05,1,5
2021-06-18 09:44:54,B,1093.7,1,8
2021-06-18 09:44:54,B,1093.65,3,22
2021-06-18 09:44:54,B,1093.6,1,8
2021-06-18 09:44:54,B,1093.55,2,9
2021-06-18 09:44:54,B,1093.35,1,7
2021-06-18 09:44:54,S,1095.7,4,28
2021-06-18 09:44:54,S,1098.9,2,3
2021-06-18 09:44:54,S,1098.95,3,13
2021-06-18 09:44:54,S,1099.0,5,601
2021-06-18 09:44:54,S,1099.05,1,5
2021-06-18 09:44:54,B,1093.7,1,8
2021-06-18 09:44:54,B,1093.65,3,22
2021-06-18 09:44:54,B,1093.6,1,8
2021-06-18 09:44:54,B,1093.55,2,9
2021-06-18 09:44:54,B,1093.35,1,7
2021-06-18 09:44:55,S,1095.7,4,28
2021-06-18 09:44:55,S,1098.9,2,3
2021-06-18 09:44:55,S,1098.95,3,13
2021-06-18 09:44:55,S,1099.0,5,601
2021-06-18 09:44:55,S,1099.05,1,5
2021-06-18 09:44:55,B,1093.7,1,8
2021-06-18 09:44:55,B,1093.65,3,22
2021-06-18 09:44:55,B,1093.6,1,8
2021-06-18 09:44:55,B,1093.55,2,9
2021-06-18 09:44:55,B,1093.35,1,7
2021-06-18 09:44:55,S,1095.7,4,28
2021-06-18 09:44:55,S,1098.9,2,3
2021-06-18 09:44:55,S,1098.95,3,13
2021-06-18 09:44:55,S,1099.0,5,601
2021-06-18 09:44:55,S,1099.05,1,5
2021-06-18 09:44:55,B,1093.7,1,8
2021-06-18 09:44:55,B,1093.65,3,22
2021-06-18 09:44:55,B,1093.6,1,8
2021-06-18 09:44:55,B,1093.55,2,9
2021-06-18 09:44:55,B,1093.35,1,7
2021-06-18 09:44:56,S,1095.7,4,28
2021-06-18 09:44:56,S,1098.9,2,3
2021-06-18 09:44:56,S,1098.95,3,13
2021-06-18 09:44:56,S,1099.0,5,601
2021-06-18 09:44:56,S,1099.05,1,5
2021-06-18 09:44:56,B,1093.7,1,8
2021-06-18 09:44:56,B,1093.65,3,22
2021-06-18 09:44:56,B,1093.6,1,8
2021-06-18 09:44:56,B,1093.55,2,9
2021-06-18 09:44:56,B,1093.35,1,7
2021-06-18 09:44:56,S,1095.7,4,28
2021-06-18 09:44:56,S,1098.9,2,3
2021-06-18 09:44:56,S,1098.95,3,13
2021-06-18 09:44:56,S,1099.0,5,601
2021-06-18 09:44:56,S,1099.05,1,5
2021-06-18 09:44:56,B,1093.7,1,8
2021-06-18 09:44:56,B,1093.65,3,22
2021-06-18 09:44:56,B,1093.6,1,8
2021-06-18 09:44:56,B,1093.55,2,9
2021-06-18 09:44:56,B,1093.35,1,7
2021-06-18 09:44:57,S,1095.7,4,28
2021-06-18 09:44:57,S,1098.9,2,3
2021-06-18 09:44:57,S,1098.95,3,13
2021-06-18 09:44:57,S,1099.0,5,601
2021-06-18 09:44:57,S,1099.05,1,5
2021-06-18 09:44:57,B,1093.7,1,8
2021-06-18 09:44:57,B,1093.65,3,22
2021-06-18 09:44:57,B,1093.6,1,8
2021-06-18 09:44:57,B,1093.55,2,9
2021-06-18 09:44:57,B,1093.35,1,7
2021-06-18 09:44:57,S,1095.7,4,28
2021-06-18 09:44:57,S,1098.9,2,3
2021-06-18 09:44:57,S,1098.95,3,13
2021-06-18 09:44:57,S,1099.0,5,601
2021-06-18 09:44:57,S,1099.05,1,5
2021-06-18 09:44:57,B,1093.7,1,8
2021-06-18 09:44:57,B,1093.65,3,22
2021-06-18 09:44:57,B,1093.6,1,8
2021-06-18 09:44:57,B,1093.55,2,9
2021-06-18 09:44:57,B,1093.35,1,7
2021-06-18 09:44:58,S,1095.9,1,2
2021-06-18 09:44:58,S,1095.95,1,16
2021-06-18 09:44:58,S,1096.8,1,2
2021-06-18 09:44:58,S,1097.05,1,2
2021-06-18 09:44:58,S,1097.75,1,2
2021-06-18 09:44:58,B,1093.95,2,6
2021-06-18 09:44:58,B,1093.9,1,8
2021-06-18 09:44:58,B,1093.3,1,4
2021-06-18 09:44:58,B,1093.25,1,4
2021-06-18 09:44:58,B,1093.05,2,12
2021-06-18 09:44:58,S,1095.9,1,2
2021-06-18 09:44:58,S,1095.95,1,16
2021-06-18 09:44:58,S,1096.8,1,2
2021-06-18 09:44:58,S,1097.05,1,2
2021-06-18 09:44:58,S,1097.75,1,2
2021-06-18 09:44:58,B,1093.95,2,6
2021-06-18 09:44:58,B,1093.9,1,8
2021-06-18 09:44:58,B,1093.3,1,4
2021-06-18 09:44:58,B,1093.25,1,4
2021-06-18 09:44:58,B,1093.05,2,12
2021-06-18 09:45:01,S,1097.35,1,2
2021-06-18 09:45:01,S,1097.4,1,2
2021-06-18 09:45:01,S,1097.45,1,7
2021-06-18 09:45:01,S,1097.95,1,2
2021-06-18 09:45:01,S,1098.3,1,5
2021-06-18 09:45:01,B,1095.75,1,2
2021-06-18 09:45:01,B,1095.7,2,101
2021-06-18 09:45:01,B,1094.65,1,4
2021-06-18 09:45:01,B,1094.05,1,8
2021-06-18 09:45:01,B,1094.0,1,14
2021-06-18 09:45:01,S,1097.35,1,2
2021-06-18 09:45:01,S,1097.4,1,2
2021-06-18 09:45:01,S,1097.45,1,7
2021-06-18 09:45:01,S,1097.95,1,2
2021-06-18 09:45:01,S,1098.3,1,5
2021-06-18 09:45:01,B,1095.75,1,2
2021-06-18 09:45:01,B,1095.7,2,101
2021-06-18 09:45:01,B,1094.65,1,4
2021-06-18 09:45:01,B,1094.05,1,8
2021-06-18 09:45:01,B,1094.0,1,14
2021-06-18 09:45:01,S,1097.35,1,2
2021-06-18 09:45:01,S,1097.4,1,2
2021-06-18 09:45:01,S,1097.45,1,7
2021-06-18 09:45:01,S,1097.95,1,2
2021-06-18 09:45:01,S,1098.3,1,5
2021-06-18 09:45:01,B,1095.75,1,2
2021-06-18 09:45:01,B,1095.7,2,101
2021-06-18 09:45:01,B,1094.65,1,4
2021-06-18 09:45:01,B,1094.05,1,8
2021-06-18 09:45:01,B,1094.0,1,14
2021-06-18 09:45:01,S,1097.35,1,2
2021-06-18 09:45:01,S,1097.4,1,2
2021-06-18 09:45:01,S,1097.45,1,7
2021-06-18 09:45:01,S,1097.95,1,2
2021-06-18 09:45:01,S,1098.3,1,5
2021-06-18 09:45:01,B,1095.75,1,2
2021-06-18 09:45:01,B,1095.7,2,101
2021-06-18 09:45:01,B,1094.65,1,4
2021-06-18 09:45:01,B,1094.05,1,8
2021-06-18 09:45:01,B,1094.0,1,14
2021-06-18 09:45:02,S,1097.35,1,2
2021-06-18 09:45:02,S,1097.4,1,2
2021-06-18 09:45:02,S,1097.45,1,7
2021-06-18 09:45:02,S,1097.95,1,2
2021-06-18 09:45:02,S,1098.3,1,5
2021-06-18 09:45:02,B,1095.75,1,2
2021-06-18 09:45:02,B,1095.7,2,101
2021-06-18 09:45:02,B,1094.65,1,4
2021-06-18 09:45:02,B,1094.05,1,8
2021-06-18 09:45:02,B,1094.0,1,14
2021-06-18 09:45:02,S,1097.35,1,2
2021-06-18 09:45:02,S,1097.4,1,2
2021-06-18 09:45:02,S,1097.45,1,7
2021-06-18 09:45:02,S,1097.95,1,2
2021-06-18 09:45:02,S,1098.3,1,5
2021-06-18 09:45:02,B,1095.75,1,2
2021-06-18 09:45:02,B,1095.7,2,101
2021-06-18 09:45:02,B,1094.65,1,4
2021-06-18 09:45:02,B,1094.05,1,8
2021-06-18 09:45:02,B,1094.0,1,14
2021-06-18 09:45:03,S,1097.35,1,2
2021-06-18 09:45:03,S,1097.4,1,2
2021-06-18 09:45:03,S,1097.45,1,7
2021-06-18 09:45:03,S,1097.95,1,2
2021-06-18 09:45:03,S,1098.3,1,5
2021-06-18 09:45:03,B,1095.75,1,2
2021-06-18 09:45:03,B,1095.7,2,101
2021-06-18 09:45:03,B,1094.65,1,4
2021-06-18 09:45:03,B,1094.05,1,8
2021-06-18 09:45:03,B,1094.0,1,14
2021-06-18 09:45:03,S,1097.35,1,2
2021-06-18 09:45:03,S,1097.4,1,2
2021-06-18 09:45:03,S,1097.45,1,7
2021-06-18 09:45:03,S,1097.95,1,2
2021-06-18 09:45:03,S,1098.3,1,5
2021-06-18 09:45:03,B,1095.75,1,2
2021-06-18 09:45:03,B,1095.7,2,101
2021-06-18 09:45:03,B,1094.65,1,4
2021-06-18 09:45:03,B,1094.05,1,8
2021-06-18 09:45:03,B,1094.0,1,14
2021-06-18 09:45:04,S,1098.3,1,4
2021-06-18 09:45:04,S,1098.35,1,27
2021-06-18 09:45:04,S,1098.4,1,6
2021-06-18 09:45:04,S,1099.0,2,264
2021-06-18 09:45:04,S,1099.3,1,2
2021-06-18 09:45:04,B,1096.65,1,4
2021-06-18 09:45:04,B,1096.6,2,9
2021-06-18 09:45:04,B,1096.35,2,5
2021-06-18 09:45:04,B,1096.3,3,12
2021-06-18 09:45:04,B,1095.7,2,101
2021-06-18 09:45:04,S,1098.3,1,4
2021-06-18 09:45:04,S,1098.35,1,27
2021-06-18 09:45:04,S,1098.4,1,6
2021-06-18 09:45:04,S,1099.0,2,264
2021-06-18 09:45:04,S,1099.3,1,2
2021-06-18 09:45:04,B,1096.65,1,4
2021-06-18 09:45:04,B,1096.6,2,9
2021-06-18 09:45:04,B,1096.35,2,5
2021-06-18 09:45:04,B,1096.3,3,12
2021-06-18 09:45:04,B,1095.7,2,101
2021-06-18 09:45:06,S,1098.3,1,4
2021-06-18 09:45:06,S,1098.35,1,27
2021-06-18 09:45:06,S,1098.4,1,6
2021-06-18 09:45:06,S,1099.0,2,264
2021-06-18 09:45:06,S,1099.3,1,2
2021-06-18 09:45:06,B,1096.65,1,4
2021-06-18 09:45:06,B,1096.6,2,9
2021-06-18 09:45:06,B,1096.35,2,5
2021-06-18 09:45:06,B,1096.3,3,12
2021-06-18 09:45:06,B,1095.7,2,101
2021-06-18 09:45:06,S,1098.3,1,4
2021-06-18 09:45:06,S,1098.35,1,27
2021-06-18 09:45:06,S,1098.4,1,6
2021-06-18 09:45:06,S,1099.0,2,264
2021-06-18 09:45:06,S,1099.3,1,2
2021-06-18 09:45:06,B,1096.65,1,4
2021-06-18 09:45:06,B,1096.6,2,9
2021-06-18 09:45:06,B,1096.35,2,5
2021-06-18 09:45:06,B,1096.3,3,12
2021-06-18 09:45:06,B,1095.7,2,101
2021-06-18 09:45:07,S,1098.3,1,4
2021-06-18 09:45:07,S,1098.35,1,27
2021-06-18 09:45:07,S,1098.4,1,6
2021-06-18 09:45:07,S,1099.0,2,264
2021-06-18 09:45:07,S,1099.3,1,2
2021-06-18 09:45:07,B,1096.65,1,4
2021-06-18 09:45:07,B,1096.6,2,9
2021-06-18 09:45:07,B,1096.35,2,5
2021-06-18 09:45:07,B,1096.3,3,12
2021-06-18 09:45:07,B,1095.7,2,101
2021-06-18 09:45:07,S,1098.3,1,4
2021-06-18 09:45:07,S,1098.35,1,27
2021-06-18 09:45:07,S,1098.4,1,6
2021-06-18 09:45:07,S,1099.0,2,264
2021-06-18 09:45:07,S,1099.3,1,2
2021-06-18 09:45:07,B,1096.65,1,4
2021-06-18 09:45:07,B,1096.6,2,9
2021-06-18 09:45:07,B,1096.35,2,5
2021-06-18 09:45:07,B,1096.3,3,12
2021-06-18 09:45:07,B,1095.7,2,101
2021-06-18 09:45:08,S,1099.8,1,4
2021-06-18 09:45:08,S,1099.85,1,6
2021-06-18 09:45:08,S,1099.9,2,713
2021-06-18 09:45:08,S,1100.0,11,611
2021-06-18 09:45:08,S,1101.55,1,7
2021-06-18 09:45:08,B,1097.3,1,4
2021-06-18 09:45:08,B,1097.25,2,13
2021-06-18 09:45:08,B,1096.9,1,1
2021-06-18 09:45:08,B,1096.85,1,1
2021-06-18 09:45:08,B,1096.8,1,5
2021-06-18 09:45:08,S,1099.8,1,4
2021-06-18 09:45:08,S,1099.85,1,6
2021-06-18 09:45:08,S,1099.9,2,713
2021-06-18 09:45:08,S,1100.0,11,611
2021-06-18 09:45:08,S,1101.55,1,7
2021-06-18 09:45:08,B,1097.3,1,4
2021-06-18 09:45:08,B,1097.25,2,13
2021-06-18 09:45:08,B,1096.9,1,1
2021-06-18 09:45:08,B,1096.85,1,1
2021-06-18 09:45:08,B,1096.8,1,5
2021-06-18 09:45:09,S,1099.8,1,4
2021-06-18 09:45:09,S,1099.85,1,6
2021-06-18 09:45:09,S,1099.9,2,713
2021-06-18 09:45:09,S,1100.0,11,611
2021-06-18 09:45:09,S,1101.55,1,7
2021-06-18 09:45:09,B,1097.3,1,4
2021-06-18 09:45:09,B,1097.25,2,13
2021-06-18 09:45:09,B,1096.9,1,1
2021-06-18 09:45:09,B,1096.85,1,1
2021-06-18 09:45:09,B,1096.8,1,5
2021-06-18 09:45:09,S,1099.8,1,4
2021-06-18 09:45:09,S,1099.85,1,6
2021-06-18 09:45:09,S,1099.9,2,713
2021-06-18 09:45:09,S,1100.0,11,611
2021-06-18 09:45:09,S,1101.55,1,7
2021-06-18 09:45:09,B,1097.3,1,4
2021-06-18 09:45:09,B,1097.25,2,13
2021-06-18 09:45:09,B,1096.9,1,1
2021-06-18 09:45:09,B,1096.85,1,1
2021-06-18 09:45:09,B,1096.8,1,5
2021-06-18 09:45:10,S,1099.8,1,4
2021-06-18 09:45:10,S,1099.85,1,6
2021-06-18 09:45:10,S,1099.9,2,713
2021-06-18 09:45:10,S,1100.0,11,611
2021-06-18 09:45:10,S,1101.55,1,7
2021-06-18 09:45:10,B,1097.3,1,4
2021-06-18 09:45:10,B,1097.25,2,13
2021-06-18 09:45:10,B,1096.9,1,1
2021-06-18 09:45:10,B,1096.85,1,1
2021-06-18 09:45:10,B,1096.8,1,5
2021-06-18 09:45:10,S,1099.8,1,4
2021-06-18 09:45:10,S,1099.85,1,6
2021-06-18 09:45:10,S,1099.9,2,713
2021-06-18 09:45:10,S,1100.0,11,611
2021-06-18 09:45:10,S,1101.55,1,7
2021-06-18 09:45:10,B,1097.3,1,4
2021-06-18 09:45:10,B,1097.25,2,13
2021-06-18 09:45:10,B,1096.9,1,1
2021-06-18 09:45:10,B,1096.85,1,1
2021-06-18 09:45:10,B,1096.8,1,5
2021-06-18 09:45:11,S,1105.0,2,49
2021-06-18 09:45:11,S,1105.9,1,3
2021-06-18 09:45:11,S,1105.95,2,2
2021-06-18 09:45:11,S,1106.95,2,12
2021-06-18 09:45:11,S,1107.0,2,101
2021-06-18 09:45:11,B,1102.65,1,4
2021-06-18 09:45:11,B,1102.6,2,33
2021-06-18 09:45:11,B,1102.55,1,7
2021-06-18 09:45:11,B,1102.5,2,11
2021-06-18 09:45:11,B,1102.1,1,6
2021-06-18 09:45:11,S,1105.0,2,49
2021-06-18 09:45:11,S,1105.9,1,3
2021-06-18 09:45:11,S,1105.95,2,2
2021-06-18 09:45:11,S,1106.95,2,12
2021-06-18 09:45:11,S,1107.0,2,101
2021-06-18 09:45:11,B,1102.65,1,4
2021-06-18 09:45:11,B,1102.6,2,33
2021-06-18 09:45:11,B,1102.55,1,7
2021-06-18 09:45:11,B,1102.5,2,11
2021-06-18 09:45:11,B,1102.1,1,6
2021-06-18 09:45:12,S,1105.0,2,49
2021-06-18 09:45:12,S,1105.9,1,3
2021-06-18 09:45:12,S,1105.95,2,2
2021-06-18 09:45:12,S,1106.95,2,12
2021-06-18 09:45:12,S,1107.0,2,101
2021-06-18 09:45:12,B,1102.65,1,4
2021-06-18 09:45:12,B,1102.6,2,33
2021-06-18 09:45:12,B,1102.55,1,7
2021-06-18 09:45:12,B,1102.5,2,11
2021-06-18 09:45:12,B,1102.1,1,6
2021-06-18 09:45:12,S,1105.0,2,49
2021-06-18 09:45:12,S,1105.9,1,3
2021-06-18 09:45:12,S,1105.95,2,2
2021-06-18 09:45:12,S,1106.95,2,12
2021-06-18 09:45:12,S,1107.0,2,101
2021-06-18 09:45:12,B,1102.65,1,4
2021-06-18 09:45:12,B,1102.6,2,33
2021-06-18 09:45:12,B,1102.55,1,7
2021-06-18 09:45:12,B,1102.5,2,11
2021-06-18 09:45:12,B,1102.1,1,6
2021-06-18 09:45:13,S,1105.0,2,49
2021-06-18 09:45:13,S,1105.9,1,3
2021-06-18 09:45:13,S,1105.95,2,2
2021-06-18 09:45:13,S,1106.95,2,12
2021-06-18 09:45:13,S,1107.0,2,101
2021-06-18 09:45:13,B,1102.65,1,4
2021-06-18 09:45:13,B,1102.6,2,33
2021-06-18 09:45:13,B,1102.55,1,7
2021-06-18 09:45:13,B,1102.5,2,11
2021-06-18 09:45:13,B,1102.1,1,6
2021-06-18 09:45:13,S,1105.0,2,49
2021-06-18 09:45:13,S,1105.9,1,3
2021-06-18 09:45:13,S,1105.95,2,2
2021-06-18 09:45:13,S,1106.95,2,12
2021-06-18 09:45:13,S,1107.0,2,101
2021-06-18 09:45:13,B,1102.65,1,4
2021-06-18 09:45:13,B,1102.6,2,33
2021-06-18 09:45:13,B,1102.55,1,7
2021-06-18 09:45:13,B,1102.5,2,11
2021-06-18 09:45:13,B,1102.1,1,6
2021-06-18 09:45:14,S,1105.0,2,49
2021-06-18 09:45:14,S,1105.9,1,3
2021-06-18 09:45:14,S,1105.95,2,2
2021-06-18 09:45:14,S,1106.95,2,12
2021-06-18 09:45:14,S,1107.0,2,101
2021-06-18 09:45:14,B,1102.65,1,4
2021-06-18 09:45:14,B,1102.6,2,33
2021-06-18 09:45:14,B,1102.55,1,7
2021-06-18 09:45:14,B,1102.5,2,11
2021-06-18 09:45:14,B,1102.1,1,6
2021-06-18 09:45:14,S,1105.0,2,49
2021-06-18 09:45:14,S,1105.9,1,3
2021-06-18 09:45:14,S,1105.95,2,2
2021-06-18 09:45:14,S,1106.95,2,12
2021-06-18 09:45:14,S,1107.0,2,101
2021-06-18 09:45:14,B,1102.65,1,4
2021-06-18 09:45:14,B,1102.6,2,33
2021-06-18 09:45:14,B,1102.55,1,7
2021-06-18 09:45:14,B,1102.5,2,11
2021-06-18 09:45:14,B,1102.1,1,6
2021-06-18 09:45:15,S,1104.15,2,3
2021-06-18 09:45:15,S,1104.2,1,18
2021-06-18 09:45:15,S,1104.75,2,12
2021-06-18 09:45:15,S,1104.85,1,1
2021-06-18 09:45:15,S,1104.95,1,1
2021-06-18 09:45:15,B,1102.05,1,27
2021-06-18 09:45:15,B,1102.0,2,5
2021-06-18 09:45:15,B,1101.35,1,2
2021-06-18 09:45:15,B,1101.3,1,4
2021-06-18 09:45:15,B,1100.75,1,7
2021-06-18 09:45:15,S,1104.15,2,3
2021-06-18 09:45:15,S,1104.2,1,18
2021-06-18 09:45:15,S,1104.75,2,12
2021-06-18 09:45:15,S,1104.85,1,1
2021-06-18 09:45:15,S,1104.95,1,1
2021-06-18 09:45:15,B,1102.05,1,27
2021-06-18 09:45:15,B,1102.0,2,5
2021-06-18 09:45:15,B,1101.35,1,2
2021-06-18 09:45:15,B,1101.3,1,4
2021-06-18 09:45:15,B,1100.75,1,7
2021-06-18 09:45:15,S,1104.15,2,3
2021-06-18 09:45:15,S,1104.2,1,18
2021-06-18 09:45:15,S,1104.75,2,12
2021-06-18 09:45:15,S,1104.85,1,1
2021-06-18 09:45:15,S,1104.95,1,1
2021-06-18 09:45:15,B,1102.05,1,27
2021-06-18 09:45:15,B,1102.0,2,5
2021-06-18 09:45:15,B,1101.35,1,2
2021-06-18 09:45:15,B,1101.3,1,4
2021-06-18 09:45:15,B,1100.75,1,7
2021-06-18 09:45:15,S,1104.15,2,3
2021-06-18 09:45:15,S,1104.2,1,18
2021-06-18 09:45:15,S,1104.75,2,12
2021-06-18 09:45:15,S,1104.85,1,1
2021-06-18 09:45:15,S,1104.95,1,1
2021-06-18 09:45:15,B,1102.05,1,27
2021-06-18 09:45:15,B,1102.0,2,5
2021-06-18 09:45:15,B,1101.35,1,2
2021-06-18 09:45:15,B,1101.3,1,4
2021-06-18 09:45:15,B,1100.75,1,7
2021-06-18 09:45:16,S,1104.15,2,3
2021-06-18 09:45:16,S,1104.2,1,18
2021-06-18 09:45:16,S,1104.75,2,12
2021-06-18 09:45:16,S,1104.85,1,1
2021-06-18 09:45:16,S,1104.95,1,1
2021-06-18 09:45:16,B,1102.05,1,27
2021-06-18 09:45:16,B,1102.0,2,5
2021-06-18 09:45:16,B,1101.35,1,2
2021-06-18 09:45:16,B,1101.3,1,4
2021-06-18 09:45:16,B,1100.75,1,7
2021-06-18 09:45:16,S,1104.15,2,3
2021-06-18 09:45:16,S,1104.2,1,18
2021-06-18 09:45:16,S,1104.75,2,12
2021-06-18 09:45:16,S,1104.85,1,1
2021-06-18 09:45:16,S,1104.95,1,1
2021-06-18 09:45:16,B,1102.05,1,27
2021-06-18 09:45:16,B,1102.0,2,5
2021-06-18 09:45:16,B,1101.35,1,2
2021-06-18 09:45:16,B,1101.3,1,4
2021-06-18 09:45:16,B,1100.75,1,7
2021-06-18 09:45:17,S,1104.15,2,3
2021-06-18 09:45:17,S,1104.2,1,18
2021-06-18 09:45:17,S,1104.75,2,12
2021-06-18 09:45:17,S,1104.85,1,1
2021-06-18 09:45:17,S,1104.95,1,1
2021-06-18 09:45:17,B,1102.05,1,27
2021-06-18 09:45:17,B,1102.0,2,5
2021-06-18 09:45:17,B,1101.35,1,2
2021-06-18 09:45:17,B,1101.3,1,4
2021-06-18 09:45:17,B,1100.75,1,7
2021-06-18 09:45:17,S,1104.15,2,3
2021-06-18 09:45:17,S,1104.2,1,18
2021-06-18 09:45:17,S,1104.75,2,12
2021-06-18 09:45:17,S,1104.85,1,1
2021-06-18 09:45:17,S,1104.95,1,1
2021-06-18 09:45:17,B,1102.05,1,27
2021-06-18 09:45:17,B,1102.0,2,5
2021-06-18 09:45:17,B,1101.35,1,2
2021-06-18 09:45:17,B,1101.3,1,4
2021-06-18 09:45:17,B,1100.75,1,7
2021-06-18 09:45:18,S,1103.0,1,2
2021-06-18 09:45:18,S,1103.05,1,2
2021-06-18 09:45:18,S,1104.95,2,2
2021-06-18 09:45:18,S,1105.0,3,13
2021-06-18 09:45:18,S,1105.05,3,30
2021-06-18 09:45:18,B,1100.3,1,4
2021-06-18 09:45:18,B,1099.65,2,27
2021-06-18 09:45:18,B,1099.6,2,10
2021-06-18 09:45:18,B,1099.55,2,14
2021-06-18 09:45:18,B,1099.25,1,10
2021-06-18 09:45:18,S,1103.0,1,2
2021-06-18 09:45:18,S,1103.05,1,2
2021-06-18 09:45:18,S,1104.95,2,2
2021-06-18 09:45:18,S,1105.0,3,13
2021-06-18 09:45:18,S,1105.05,3,30
2021-06-18 09:45:18,B,1100.3,1,4
2021-06-18 09:45:18,B,1099.65,2,27
2021-06-18 09:45:18,B,1099.6,2,10
2021-06-18 09:45:18,B,1099.55,2,14
2021-06-18 09:45:18,B,1099.25,1,10
2021-06-18 09:45:19,S,1103.0,1,2
2021-06-18 09:45:19,S,1103.05,1,2
2021-06-18 09:45:19,S,1104.95,2,2
2021-06-18 09:45:19,S,1105.0,3,13
2021-06-18 09:45:19,S,1105.05,3,30
2021-06-18 09:45:19,B,1100.3,1,4
2021-06-18 09:45:19,B,1099.65,2,27
2021-06-18 09:45:19,B,1099.6,2,10
2021-06-18 09:45:19,B,1099.55,2,14
2021-06-18 09:45:19,B,1099.25,1,10
2021-06-18 09:45:19,S,1103.0,1,2
2021-06-18 09:45:19,S,1103.05,1,2
2021-06-18 09:45:19,S,1104.95,2,2
2021-06-18 09:45:19,S,1105.0,3,13
2021-06-18 09:45:19,S,1105.05,3,30
2021-06-18 09:45:19,B,1100.3,1,4
2021-06-18 09:45:19,B,1099.65,2,27
2021-06-18 09:45:19,B,1099.6,2,10
2021-06-18 09:45:19,B,1099.55,2,14
2021-06-18 09:45:19,B,1099.25,1,10
2021-06-18 09:45:20,S,1103.0,1,2
2021-06-18 09:45:20,S,1103.05,1,2
2021-06-18 09:45:20,S,1104.95,2,2
2021-06-18 09:45:20,S,1105.0,3,13
2021-06-18 09:45:20,S,1105.05,3,30
2021-06-18 09:45:20,B,1100.3,1,4
2021-06-18 09:45:20,B,1099.65,2,27
2021-06-18 09:45:20,B,1099.6,2,10
2021-06-18 09:45:20,B,1099.55,2,14
2021-06-18 09:45:20,B,1099.25,1,10
2021-06-18 09:45:20,S,1103.0,1,2
2021-06-18 09:45:20,S,1103.05,1,2
2021-06-18 09:45:20,S,1104.95,2,2
2021-06-18 09:45:20,S,1105.0,3,13
2021-06-18 09:45:20,S,1105.05,3,30
2021-06-18 09:45:20,B,1100.3,1,4
2021-06-18 09:45:20,B,1099.65,2,27
2021-06-18 09:45:20,B,1099.6,2,10
2021-06-18 09:45:20,B,1099.55,2,14
2021-06-18 09:45:20,B,1099.25,1,10
2021-06-18 09:45:22,S,1101.55,1,5
2021-06-18 09:45:22,S,1102.0,1,2
2021-06-18 09:45:22,S,1102.05,1,1
2021-06-18 09:45:22,S,1102.55,1,2
2021-06-18 09:45:22,S,1102.6,1,2
2021-06-18 09:45:22,B,1099.7,1,6
2021-06-18 09:45:22,B,1099.65,2,8
2021-06-18 09:45:22,B,1099.6,2,5
2021-06-18 09:45:22,B,1098.95,1,23
2021-06-18 09:45:22,B,1098.9,1,4
2021-06-18 09:45:22,S,1101.55,1,5
2021-06-18 09:45:22,S,1102.0,1,2
2021-06-18 09:45:22,S,1102.05,1,1
2021-06-18 09:45:22,S,1102.55,1,2
2021-06-18 09:45:22,S,1102.6,1,2
2021-06-18 09:45:22,B,1099.7,1,6
2021-06-18 09:45:22,B,1099.65,2,8
2021-06-18 09:45:22,B,1099.6,2,5
2021-06-18 09:45:22,B,1098.95,1,23
2021-06-18 09:45:22,B,1098.9,1,4
2021-06-18 09:45:22,S,1101.55,1,5
2021-06-18 09:45:22,S,1102.0,1,2
2021-06-18 09:45:22,S,1102.05,1,1
2021-06-18 09:45:22,S,1102.55,1,2
2021-06-18 09:45:22,S,1102.6,1,2
2021-06-18 09:45:22,B,1099.7,1,6
2021-06-18 09:45:22,B,1099.65,2,8
2021-06-18 09:45:22,B,1099.6,2,5
2021-06-18 09:45:22,B,1098.95,1,23
2021-06-18 09:45:22,B,1098.9,1,4
2021-06-18 09:45:22,S,1101.55,1,5
2021-06-18 09:45:22,S,1102.0,1,2
2021-06-18 09:45:22,S,1102.05,1,1
2021-06-18 09:45:22,S,1102.55,1,2
2021-06-18 09:45:22,S,1102.6,1,2
2021-06-18 09:45:22,B,1099.7,1,6
2021-06-18 09:45:22,B,1099.65,2,8
2021-06-18 09:45:22,B,1099.6,2,5
2021-06-18 09:45:22,B,1098.95,1,23
2021-06-18 09:45:22,B,1098.9,1,4
2021-06-18 09:45:23,S,1101.55,1,5
2021-06-18 09:45:23,S,1102.0,1,2
2021-06-18 09:45:23,S,1102.05,1,1
2021-06-18 09:45:23,S,1102.55,1,2
2021-06-18 09:45:23,S,1102.6,1,2
2021-06-18 09:45:23,B,1099.7,1,6
2021-06-18 09:45:23,B,1099.65,2,8
2021-06-18 09:45:23,B,1099.6,2,5
2021-06-18 09:45:23,B,1098.95,1,23
2021-06-18 09:45:23,B,1098.9,1,4
2021-06-18 09:45:23,S,1101.55,1,5
2021-06-18 09:45:23,S,1102.0,1,2
2021-06-18 09:45:23,S,1102.05,1,1
2021-06-18 09:45:23,S,1102.55,1,2
2021-06-18 09:45:23,S,1102.6,1,2
2021-06-18 09:45:23,B,1099.7,1,6
2021-06-18 09:45:23,B,1099.65,2,8
2021-06-18 09:45:23,B,1099.6,2,5
2021-06-18 09:45:23,B,1098.95,1,23
2021-06-18 09:45:23,B,1098.9,1,4
2021-06-18 09:45:24,S,1101.55,1,5
2021-06-18 09:45:24,S,1102.0,1,2
2021-06-18 09:45:24,S,1102.05,1,1
2021-06-18 09:45:24,S,1102.55,1,2
2021-06-18 09:45:24,S,1102.6,1,2
2021-06-18 09:45:24,B,1099.7,1,6
2021-06-18 09:45:24,B,1099.65,2,8
2021-06-18 09:45:24,B,1099.6,2,5
2021-06-18 09:45:24,B,1098.95,1,23
2021-06-18 09:45:24,B,1098.9,1,4
2021-06-18 09:45:24,S,1101.55,1,5
2021-06-18 09:45:24,S,1102.0,1,2
2021-06-18 09:45:24,S,1102.05,1,1
2021-06-18 09:45:24,S,1102.55,1,2
2021-06-18 09:45:24,S,1102.6,1,2
2021-06-18 09:45:24,B,1099.7,1,6
2021-06-18 09:45:24,B,1099.65,2,8
2021-06-18 09:45:24,B,1099.6,2,5
2021-06-18 09:45:24,B,1098.95,1,23
2021-06-18 09:45:24,B,1098.9,1,4
2021-06-18 09:45:25,S,1105.75,1,7
2021-06-18 09:45:25,S,1106.2,3,13
2021-06-18 09:45:25,S,1106.55,1,2
2021-06-18 09:45:25,S,1106.6,1,7
2021-06-18 09:45:25,S,1106.65,1,5
2021-06-18 09:45:25,B,1102.1,2,8
2021-06-18 09:45:25,B,1102.05,2,20
2021-06-18 09:45:25,B,1100.45,1,1
2021-06-18 09:45:25,B,1100.4,2,5
2021-06-18 09:45:25,B,1100.2,1,5
2021-06-18 09:45:25,S,1105.75,1,7
2021-06-18 09:45:25,S,1106.2,3,13
2021-06-18 09:45:25,S,1106.55,1,2
2021-06-18 09:45:25,S,1106.6,1,7
2021-06-18 09:45:25,S,1106.65,1,5
2021-06-18 09:45:25,B,1102.1,2,8
2021-06-18 09:45:25,B,1102.05,2,20
2021-06-18 09:45:25,B,1100.45,1,1
2021-06-18 09:45:25,B,1100.4,2,5
2021-06-18 09:45:25,B,1100.2,1,5
2021-06-18 09:45:25,S,1105.75,1,7
2021-06-18 09:45:25,S,1106.2,3,13
2021-06-18 09:45:25,S,1106.55,1,2
2021-06-18 09:45:25,S,1106.6,1,7
2021-06-18 09:45:25,S,1106.65,1,5
2021-06-18 09:45:25,B,1102.1,2,8
2021-06-18 09:45:25,B,1102.05,2,20
2021-06-18 09:45:25,B,1100.45,1,1
2021-06-18 09:45:25,B,1100.4,2,5
2021-06-18 09:45:25,B,1100.2,1,5
2021-06-18 09:45:25,S,1105.75,1,7
2021-06-18 09:45:25,S,1106.2,3,13
2021-06-18 09:45:25,S,1106.55,1,2
2021-06-18 09:45:25,S,1106.6,1,7
2021-06-18 09:45:25,S,1106.65,1,5
2021-06-18 09:45:25,B,1102.1,2,8
2021-06-18 09:45:25,B,1102.05,2,20
2021-06-18 09:45:25,B,1100.45,1,1
2021-06-18 09:45:25,B,1100.4,2,5
2021-06-18 09:45:25,B,1100.2,1,5
2021-06-18 09:45:27,S,1105.75,1,7
2021-06-18 09:45:27,S,1106.2,3,13
2021-06-18 09:45:27,S,1106.55,1,2
2021-06-18 09:45:27,S,1106.6,1,7
2021-06-18 09:45:27,S,1106.65,1,5
2021-06-18 09:45:27,B,1102.1,2,8
2021-06-18 09:45:27,B,1102.05,2,20
2021-06-18 09:45:27,B,1100.45,1,1
2021-06-18 09:45:27,B,1100.4,2,5
2021-06-18 09:45:27,B,1100.2,1,5
2021-06-18 09:45:27,S,1105.75,1,7
2021-06-18 09:45:27,S,1106.2,3,13
2021-06-18 09:45:27,S,1106.55,1,2
2021-06-18 09:45:27,S,1106.6,1,7
2021-06-18 09:45:27,S,1106.65,1,5
2021-06-18 09:45:27,B,1102.1,2,8
2021-06-18 09:45:27,B,1102.05,2,20
2021-06-18 09:45:27,B,1100.45,1,1
2021-06-18 09:45:27,B,1100.4,2,5
2021-06-18 09:45:27,B,1100.2,1,5
2021-06-18 09:45:28,S,1105.75,1,7
2021-06-18 09:45:28,S,1106.2,3,13
2021-06-18 09:45:28,S,1106.55,1,2
2021-06-18 09:45:28,S,1106.6,1,7
2021-06-18 09:45:28,S,1106.65,1,5
2021-06-18 09:45:28,B,1102.1,2,8
2021-06-18 09:45:28,B,1102.05,2,20
2021-06-18 09:45:28,B,1100.45,1,1
2021-06-18 09:45:28,B,1100.4,2,5
2021-06-18 09:45:28,B,1100.2,1,5
2021-06-18 09:45:28,S,1105.75,1,7
2021-06-18 09:45:28,S,1106.2,3,13
2021-06-18 09:45:28,S,1106.55,1,2
2021-06-18 09:45:28,S,1106.6,1,7
2021-06-18 09:45:28,S,1106.65,1,5
2021-06-18 09:45:28,B,1102.1,2,8
2021-06-18 09:45:28,B,1102.05,2,20
2021-06-18 09:45:28,B,1100.45,1,1
2021-06-18 09:45:28,B,1100.4,2,5
2021-06-18 09:45:28,B,1100.2,1,5
2021-06-18 09:45:28,S,1105.7,3,14
2021-06-18 09:45:28,S,1105.75,1,18
2021-06-18 09:45:28,S,1106.6,1,7
2021-06-18 09:45:28,S,1106.7,1,2
2021-06-18 09:45:28,S,1106.85,1,7
2021-06-18 09:45:28,B,1104.15,1,14
2021-06-18 09:45:28,B,1103.5,2,2
2021-06-18 09:45:28,B,1103.0,1,1
2021-06-18 09:45:28,B,1102.45,1,4
2021-06-18 09:45:28,B,1102.05,1,4
2021-06-18 09:45:28,S,1105.7,3,14
2021-06-18 09:45:28,S,1105.75,1,18
2021-06-18 09:45:28,S,1106.6,1,7
2021-06-18 09:45:28,S,1106.7,1,2
2021-06-18 09:45:28,S,1106.85,1,7
2021-06-18 09:45:28,B,1104.15,1,14
2021-06-18 09:45:28,B,1103.5,2,2
2021-06-18 09:45:28,B,1103.0,1,1
2021-06-18 09:45:28,B,1102.45,1,4
2021-06-18 09:45:28,B,1102.05,1,4
2021-06-18 09:45:29,S,1105.7,3,14
2021-06-18 09:45:29,S,1105.75,1,18
2021-06-18 09:45:29,S,1106.6,1,7
2021-06-18 09:45:29,S,1106.7,1,2
2021-06-18 09:45:29,S,1106.85,1,7
2021-06-18 09:45:29,B,1104.15,1,14
2021-06-18 09:45:29,B,1103.5,2,2
2021-06-18 09:45:29,B,1103.0,1,1
2021-06-18 09:45:29,B,1102.45,1,4
2021-06-18 09:45:29,B,1102.05,1,4
2021-06-18 09:45:29,S,1105.7,3,14
2021-06-18 09:45:29,S,1105.75,1,18
2021-06-18 09:45:29,S,1106.6,1,7
2021-06-18 09:45:29,S,1106.7,1,2
2021-06-18 09:45:29,S,1106.85,1,7
2021-06-18 09:45:29,B,1104.15,1,14
2021-06-18 09:45:29,B,1103.5,2,2
2021-06-18 09:45:29,B,1103.0,1,1
2021-06-18 09:45:29,B,1102.45,1,4
2021-06-18 09:45:29,B,1102.05,1,4
2021-06-18 09:45:30,S,1105.7,3,14
2021-06-18 09:45:30,S,1105.75,1,18
2021-06-18 09:45:30,S,1106.6,1,7
2021-06-18 09:45:30,S,1106.7,1,2
2021-06-18 09:45:30,S,1106.85,1,7
2021-06-18 09:45:30,B,1104.15,1,14
2021-06-18 09:45:30,B,1103.5,2,2
2021-06-18 09:45:30,B,1103.0,1,1
2021-06-18 09:45:30,B,1102.45,1,4
2021-06-18 09:45:30,B,1102.05,1,4
2021-06-18 09:45:30,S,1105.7,3,14
2021-06-18 09:45:30,S,1105.75,1,18
2021-06-18 09:45:30,S,1106.6,1,7
2021-06-18 09:45:30,S,1106.7,1,2
2021-06-18 09:45:30,S,1106.85,1,7
2021-06-18 09:45:30,B,1104.15,1,14
2021-06-18 09:45:30,B,1103.5,2,2
2021-06-18 09:45:30,B,1103.0,1,1
2021-06-18 09:45:30,B,1102.45,1,4
2021-06-18 09:45:30,B,1102.05,1,4
2021-06-18 09:45:31,S,1105.55,1,2
2021-06-18 09:45:31,S,1105.6,1,13
2021-06-18 09:45:31,S,1105.85,1,2
2021-06-18 09:45:31,S,1106.25,2,8
2021-06-18 09:45:31,S,1106.4,1,4
2021-06-18 09:45:31,B,1102.4,1,13
2021-06-18 09:45:31,B,1102.35,2,5
2021-06-18 09:45:31,B,1101.9,2,10
2021-06-18 09:45:31,B,1101.85,1,5
2021-06-18 09:45:31,B,1101.75,1,3
2021-06-18 09:45:31,S,1105.55,1,2
2021-06-18 09:45:31,S,1105.6,1,13
2021-06-18 09:45:31,S,1105.85,1,2
2021-06-18 09:45:31,S,1106.25,2,8
2021-06-18 09:45:31,S,1106.4,1,4
2021-06-18 09:45:31,B,1102.4,1,13
2021-06-18 09:45:31,B,1102.35,2,5
2021-06-18 09:45:31,B,1101.9,2,10
2021-06-18 09:45:31,B,1101.85,1,5
2021-06-18 09:45:31,B,1101.75,1,3
2021-06-18 09:45:33,S,1105.55,1,2
2021-06-18 09:45:33,S,1105.6,1,13
2021-06-18 09:45:33,S,1105.85,1,2
2021-06-18 09:45:33,S,1106.25,2,8
2021-06-18 09:45:33,S,1106.4,1,4
2021-06-18 09:45:33,B,1102.4,1,13
2021-06-18 09:45:33,B,1102.35,2,5
2021-06-18 09:45:33,B,1101.9,2,10
2021-06-18 09:45:33,B,1101.85,1,5
2021-06-18 09:45:33,B,1101.75,1,3
2021-06-18 09:45:33,S,1105.55,1,2
2021-06-18 09:45:33,S,1105.6,1,13
2021-06-18 09:45:33,S,1105.85,1,2
2021-06-18 09:45:33,S,1106.25,2,8
2021-06-18 09:45:33,S,1106.4,1,4
2021-06-18 09:45:33,B,1102.4,1,13
2021-06-18 09:45:33,B,1102.35,2,5
2021-06-18 09:45:33,B,1101.9,2,10
2021-06-18 09:45:33,B,1101.85,1,5
2021-06-18 09:45:33,B,1101.75,1,3
2021-06-18 09:45:33,S,1105.55,1,2
2021-06-18 09:45:33,S,1105.6,1,13
2021-06-18 09:45:33,S,1105.85,1,2
2021-06-18 09:45:33,S,1106.25,2,8
2021-06-18 09:45:33,S,1106.4,1,4
2021-06-18 09:45:33,B,1102.4,1,13
2021-06-18 09:45:33,B,1102.35,2,5
2021-06-18 09:45:33,B,1101.9,2,10
2021-06-18 09:45:33,B,1101.85,1,5
2021-06-18 09:45:33,B,1101.75,1,3
2021-06-18 09:45:33,S,1105.55,1,2
2021-06-18 09:45:33,S,1105.6,1,13
2021-06-18 09:45:33,S,1105.85,1,2
2021-06-18 09:45:33,S,1106.25,2,8
2021-06-18 09:45:33,S,1106.4,1,4
2021-06-18 09:45:33,B,1102.4,1,13
2021-06-18 09:45:33,B,1102.35,2,5
2021-06-18 09:45:33,B,1101.9,2,10
2021-06-18 09:45:33,B,1101.85,1,5
2021-06-18 09:45:33,B,1101.75,1,3
2021-06-18 09:45:34,S,1105.55,1,2
2021-06-18 09:45:34,S,1105.6,1,13
2021-06-18 09:45:34,S,1105.85,1,2
2021-06-18 09:45:34,S,1106.25,2,8
2021-06-18 09:45:34,S,1106.4,1,4
2021-06-18 09:45:34,B,1102.4,1,13
2021-06-18 09:45:34,B,1102.35,2,5
2021-06-18 09:45:34,B,1101.9,2,10
2021-06-18 09:45:34,B,1101.85,1,5
2021-06-18 09:45:34,B,1101.75,1,3
2021-06-18 09:45:34,S,1105.55,1,2
2021-06-18 09:45:34,S,1105.6,1,13
2021-06-18 09:45:34,S,1105.85,1,2
2021-06-18 09:45:34,S,1106.25,2,8
2021-06-18 09:45:34,S,1106.4,1,4
2021-06-18 09:45:34,B,1102.4,1,13
2021-06-18 09:45:34,B,1102.35,2,5
2021-06-18 09:45:34,B,1101.9,2,10
2021-06-18 09:45:34,B,1101.85,1,5
2021-06-18 09:45:34,B,1101.75,1,3
2021-06-18 09:45:35,S,1104.1,1,6
2021-06-18 09:45:35,S,1104.15,3,101
2021-06-18 09:45:35,S,1104.9,1,2
2021-06-18 09:45:35,S,1104.95,1,6
2021-06-18 09:45:35,S,1105.0,1,50
2021-06-18 09:45:35,B,1102.35,1,2
2021-06-18 09:45:35,B,1102.3,2,13
2021-06-18 09:45:35,B,1102.2,1,1
2021-06-18 09:45:35,B,1102.15,1,1
2021-06-18 09:45:35,B,1102.05,1,1
2021-06-18 09:45:35,S,1104.1,1,6
2021-06-18 09:45:35,S,1104.15,3,101
2021-06-18 09:45:35,S,1104.9,1,2
2021-06-18 09:45:35,S,1104.95,1,6
2021-06-18 09:45:35,S,1105.0,1,50
2021-06-18 09:45:35,B,1102.35,1,2
2021-06-18 09:45:35,B,1102.3,2,13
2021-06-18 09:45:35,B,1102.2,1,1
2021-06-18 09:45:35,B,1102.15,1,1
2021-06-18 09:45:35,B,1102.05,1,1
2021-06-18 09:45:37,S,1104.1,1,6
2021-06-18 09:45:37,S,1104.15,3,101
2021-06-18 09:45:37,S,1104.9,1,2
2021-06-18 09:45:37,S,1104.95,1,6
2021-06-18 09:45:37,S,1105.0,1,50
2021-06-18 09:45:37,B,1102.35,1,2
2021-06-18 09:45:37,B,1102.3,2,13
2021-06-18 09:45:37,B,1102.2,1,1
2021-06-18 09:45:37,B,1102.15,1,1
2021-06-18 09:45:37,B,1102.05,1,1
2021-06-18 09:45:37,S,1104.1,1,6
2021-06-18 09:45:37,S,1104.15,3,101
2021-06-18 09:45:37,S,1104.9,1,2
2021-06-18 09:45:37,S,1104.95,1,6
2021-06-18 09:45:37,S,1105.0,1,50
2021-06-18 09:45:37,B,1102.35,1,2
2021-06-18 09:45:37,B,1102.3,2,13
2021-06-18 09:45:37,B,1102.2,1,1
2021-06-18 09:45:37,B,1102.15,1,1
2021-06-18 09:45:37,B,1102.05,1,1
2021-06-18 09:45:37,S,1104.1,1,6
2021-06-18 09:45:37,S,1104.15,3,101
2021-06-18 09:45:37,S,1104.9,1,2
2021-06-18 09:45:37,S,1104.95,1,6
2021-06-18 09:45:37,S,1105.0,1,50
2021-06-18 09:45:37,B,1102.35,1,2
2021-06-18 09:45:37,B,1102.3,2,13
2021-06-18 09:45:37,B,1102.2,1,1
2021-06-18 09:45:37,B,1102.15,1,1
2021-06-18 09:45:37,B,1102.05,1,1
2021-06-18 09:45:37,S,1104.1,1,6
2021-06-18 09:45:37,S,1104.15,3,101
2021-06-18 09:45:37,S,1104.9,1,2
2021-06-18 09:45:37,S,1104.95,1,6
2021-06-18 09:45:37,S,1105.0,1,50
2021-06-18 09:45:37,B,1102.35,1,2
2021-06-18 09:45:37,B,1102.3,2,13
2021-06-18 09:45:37,B,1102.2,1,1
2021-06-18 09:45:37,B,1102.15,1,1
2021-06-18 09:45:37,B,1102.05,1,1
2021-06-18 09:45:38,S,1104.15,1,25
2021-06-18 09:45:38,S,1104.9,1,9
2021-06-18 09:45:38,S,1104.95,1,6
2021-06-18 09:45:38,S,1105.0,2,55
2021-06-18 09:45:38,S,1105.85,1,2
2021-06-18 09:45:38,B,1102.3,2,6
2021-06-18 09:45:38,B,1102.25,2,17
2021-06-18 09:45:38,B,1101.7,2,8
2021-06-18 09:45:38,B,1101.65,1,7
2021-06-18 09:45:38,B,1101.6,1,1
2021-06-18 09:45:38,S,1104.15,1,25
2021-06-18 09:45:38,S,1104.9,1,9
2021-06-18 09:45:38,S,1104.95,1,6
2021-06-18 09:45:38,S,1105.0,2,55
2021-06-18 09:45:38,S,1105.85,1,2
2021-06-18 09:45:38,B,1102.3,2,6
2021-06-18 09:45:38,B,1102.25,2,17
2021-06-18 09:45:38,B,1101.7,2,8
2021-06-18 09:45:38,B,1101.65,1,7
2021-06-18 09:45:38,B,1101.6,1,1
2021-06-18 09:45:39,S,1104.15,1,25
2021-06-18 09:45:39,S,1104.9,1,9
2021-06-18 09:45:39,S,1104.95,1,6
2021-06-18 09:45:39,S,1105.0,2,55
2021-06-18 09:45:39,S,1105.85,1,2
2021-06-18 09:45:39,B,1102.3,2,6
2021-06-18 09:45:39,B,1102.25,2,17
2021-06-18 09:45:39,B,1101.7,2,8
2021-06-18 09:45:39,B,1101.65,1,7
2021-06-18 09:45:39,B,1101.6,1,1
2021-06-18 09:45:39,S,1104.15,1,25
2021-06-18 09:45:39,S,1104.9,1,9
2021-06-18 09:45:39,S,1104.95,1,6
2021-06-18 09:45:39,S,1105.0,2,55
2021-06-18 09:45:39,S,1105.85,1,2
2021-06-18 09:45:39,B,1102.3,2,6
2021-06-18 09:45:39,B,1102.25,2,17
2021-06-18 09:45:39,B,1101.7,2,8
2021-06-18 09:45:39,B,1101.65,1,7
2021-06-18 09:45:39,B,1101.6,1,1
2021-06-18 09:45:40,S,1104.15,1,25
2021-06-18 09:45:40,S,1104.9,1,9
2021-06-18 09:45:40,S,1104.95,1,6
2021-06-18 09:45:40,S,1105.0,2,55
2021-06-18 09:45:40,S,1105.85,1,2
2021-06-18 09:45:40,B,1102.3,2,6
2021-06-18 09:45:40,B,1102.25,2,17
2021-06-18 09:45:40,B,1101.7,2,8
2021-06-18 09:45:40,B,1101.65,1,7
2021-06-18 09:45:40,B,1101.6,1,1
2021-06-18 09:45:40,S,1104.15,1,25
2021-06-18 09:45:40,S,1104.9,1,9
2021-06-18 09:45:40,S,1104.95,1,6
2021-06-18 09:45:40,S,1105.0,2,55
2021-06-18 09:45:40,S,1105.85,1,2
2021-06-18 09:45:40,B,1102.3,2,6
2021-06-18 09:45:40,B,1102.25,2,17
2021-06-18 09:45:40,B,1101.7,2,8
2021-06-18 09:45:40,B,1101.65,1,7
2021-06-18 09:45:40,B,1101.6,1,1
2021-06-18 09:45:42,S,1104.9,1,9
2021-06-18 09:45:42,S,1105.0,3,120
2021-06-18 09:45:42,S,1106.0,1,30
2021-06-18 09:45:42,S,1106.95,2,12
2021-06-18 09:45:42,S,1107.0,1,100
2021-06-18 09:45:42,B,1103.2,2,29
2021-06-18 09:45:42,B,1103.15,1,10
2021-06-18 09:45:42,B,1103.1,1,1
2021-06-18 09:45:42,B,1103.0,1,1
2021-06-18 09:45:42,B,1102.9,1,1
2021-06-18 09:45:42,S,1104.9,1,9
2021-06-18 09:45:42,S,1105.0,3,120
2021-06-18 09:45:42,S,1106.0,1,30
2021-06-18 09:45:42,S,1106.95,2,12
2021-06-18 09:45:42,S,1107.0,1,100
2021-06-18 09:45:42,B,1103.2,2,29
2021-06-18 09:45:42,B,1103.15,1,10
2021-06-18 09:45:42,B,1103.1,1,1
2021-06-18 09:45:42,B,1103.0,1,1
2021-06-18 09:45:42,B,1102.9,1,1
2021-06-18 09:45:42,S,1104.9,1,9
2021-06-18 09:45:42,S,1105.0,3,120
2021-06-18 09:45:42,S,1106.0,1,30
2021-06-18 09:45:42,S,1106.95,2,12
2021-06-18 09:45:42,S,1107.0,1,100
2021-06-18 09:45:42,B,1103.2,2,29
2021-06-18 09:45:42,B,1103.15,1,10
2021-06-18 09:45:42,B,1103.1,1,1
2021-06-18 09:45:42,B,1103.0,1,1
2021-06-18 09:45:42,B,1102.9,1,1
2021-06-18 09:45:42,S,1104.9,1,9
2021-06-18 09:45:42,S,1105.0,3,120
2021-06-18 09:45:42,S,1106.0,1,30
2021-06-18 09:45:42,S,1106.95,2,12
2021-06-18 09:45:42,S,1107.0,1,100
2021-06-18 09:45:42,B,1103.2,2,29
2021-06-18 09:45:42,B,1103.15,1,10
2021-06-18 09:45:42,B,1103.1,1,1
2021-06-18 09:45:42,B,1103.0,1,1
2021-06-18 09:45:42,B,1102.9,1,1
2021-06-18 09:45:43,S,1104.9,1,9
2021-06-18 09:45:43,S,1105.0,3,120
2021-06-18 09:45:43,S,1106.0,1,30
2021-06-18 09:45:43,S,1106.95,2,12
2021-06-18 09:45:43,S,1107.0,1,100
2021-06-18 09:45:43,B,1103.2,2,29
2021-06-18 09:45:43,B,1103.15,1,10
2021-06-18 09:45:43,B,1103.1,1,1
2021-06-18 09:45:43,B,1103.0,1,1
2021-06-18 09:45:43,B,1102.9,1,1
2021-06-18 09:45:43,S,1104.9,1,9
2021-06-18 09:45:43,S,1105.0,3,120
2021-06-18 09:45:43,S,1106.0,1,30
2021-06-18 09:45:43,S,1106.95,2,12
2021-06-18 09:45:43,S,1107.0,1,100
2021-06-18 09:45:43,B,1103.2,2,29
2021-06-18 09:45:43,B,1103.15,1,10
2021-06-18 09:45:43,B,1103.1,1,1
2021-06-18 09:45:43,B,1103.0,1,1
2021-06-18 09:45:43,B,1102.9,1,1
2021-06-18 09:45:44,S,1104.9,1,9
2021-06-18 09:45:44,S,1105.0,3,120
2021-06-18 09:45:44,S,1106.0,1,30
2021-06-18 09:45:44,S,1106.95,2,12
2021-06-18 09:45:44,S,1107.0,1,100
2021-06-18 09:45:44,B,1103.2,2,29
2021-06-18 09:45:44,B,1103.15,1,10
2021-06-18 09:45:44,B,1103.1,1,1
2021-06-18 09:45:44,B,1103.0,1,1
2021-06-18 09:45:44,B,1102.9,1,1
2021-06-18 09:45:44,S,1104.9,1,9
2021-06-18 09:45:44,S,1105.0,3,120
2021-06-18 09:45:44,S,1106.0,1,30
2021-06-18 09:45:44,S,1106.95,2,12
2021-06-18 09:45:44,S,1107.0,1,100
2021-06-18 09:45:44,B,1103.2,2,29
2021-06-18 09:45:44,B,1103.15,1,10
2021-06-18 09:45:44,B,1103.1,1,1
2021-06-18 09:45:44,B,1103.0,1,1
2021-06-18 09:45:44,B,1102.9,1,1
2021-06-18 09:45:45,S,1104.95,1,2
2021-06-18 09:45:45,S,1105.0,2,70
2021-06-18 09:45:45,S,1106.0,1,30
2021-06-18 09:45:45,S,1106.55,1,3
2021-06-18 09:45:45,S,1106.6,1,2
2021-06-18 09:45:45,B,1103.55,1,6
2021-06-18 09:45:45,B,1103.5,3,30
2021-06-18 09:45:45,B,1103.45,2,8
2021-06-18 09:45:45,B,1102.6,1,6
2021-06-18 09:45:45,B,1102.55,2,498
2021-06-18 09:45:45,S,1104.95,1,2
2021-06-18 09:45:45,S,1105.0,2,70
2021-06-18 09:45:45,S,1106.0,1,30
2021-06-18 09:45:45,S,1106.55,1,3
2021-06-18 09:45:45,S,1106.6,1,2
2021-06-18 09:45:45,B,1103.55,1,6
2021-06-18 09:45:45,B,1103.5,3,30
2021-06-18 09:45:45,B,1103.45,2,8
2021-06-18 09:45:45,B,1102.6,1,6
2021-06-18 09:45:45,B,1102.55,2,498
2021-06-18 09:45:46,S,1104.95,1,2
2021-06-18 09:45:46,S,1105.0,2,70
2021-06-18 09:45:46,S,1106.0,1,30
2021-06-18 09:45:46,S,1106.55,1,3
2021-06-18 09:45:46,S,1106.6,1,2
2021-06-18 09:45:46,B,1103.55,1,6
2021-06-18 09:45:46,B,1103.5,3,30
2021-06-18 09:45:46,B,1103.45,2,8
2021-06-18 09:45:46,B,1102.6,1,6
2021-06-18 09:45:46,B,1102.55,2,498
2021-06-18 09:45:46,S,1104.95,1,2
2021-06-18 09:45:46,S,1105.0,2,70
2021-06-18 09:45:46,S,1106.0,1,30
2021-06-18 09:45:46,S,1106.55,1,3
2021-06-18 09:45:46,S,1106.6,1,2
2021-06-18 09:45:46,B,1103.55,1,6
2021-06-18 09:45:46,B,1103.5,3,30
2021-06-18 09:45:46,B,1103.45,2,8
2021-06-18 09:45:46,B,1102.6,1,6
2021-06-18 09:45:46,B,1102.55,2,498
2021-06-18 09:45:47,S,1104.95,1,2
2021-06-18 09:45:47,S,1105.0,2,70
2021-06-18 09:45:47,S,1106.0,1,30
2021-06-18 09:45:47,S,1106.55,1,3
2021-06-18 09:45:47,S,1106.6,1,2
2021-06-18 09:45:47,B,1103.55,1,6
2021-06-18 09:45:47,B,1103.5,3,30
2021-06-18 09:45:47,B,1103.45,2,8
2021-06-18 09:45:47,B,1102.6,1,6
2021-06-18 09:45:47,B,1102.55,2,498
2021-06-18 09:45:47,S,1104.95,1,2
2021-06-18 09:45:47,S,1105.0,2,70
2021-06-18 09:45:47,S,1106.0,1,30
2021-06-18 09:45:47,S,1106.55,1,3
2021-06-18 09:45:47,S,1106.6,1,2
2021-06-18 09:45:47,B,1103.55,1,6
2021-06-18 09:45:47,B,1103.5,3,30
2021-06-18 09:45:47,B,1103.45,2,8
2021-06-18 09:45:47,B,1102.6,1,6
2021-06-18 09:45:47,B,1102.55,2,498
2021-06-18 09:45:49,S,1104.95,2,8
2021-06-18 09:45:49,S,1105.0,3,85
2021-06-18 09:45:49,S,1105.8,1,3
2021-06-18 09:45:49,S,1105.9,1,3
2021-06-18 09:45:49,S,1105.95,1,6
2021-06-18 09:45:49,B,1102.55,3,462
2021-06-18 09:45:49,B,1102.1,1,27
2021-06-18 09:45:49,B,1102.05,1,5
2021-06-18 09:45:49,B,1101.9,1,4
2021-06-18 09:45:49,B,1101.6,1,5
2021-06-18 09:45:49,S,1104.95,2,8
2021-06-18 09:45:49,S,1105.0,3,85
2021-06-18 09:45:49,S,1105.8,1,3
2021-06-18 09:45:49,S,1105.9,1,3
2021-06-18 09:45:49,S,1105.95,1,6
2021-06-18 09:45:49,B,1102.55,3,462
2021-06-18 09:45:49,B,1102.1,1,27
2021-06-18 09:45:49,B,1102.05,1,5
2021-06-18 09:45:49,B,1101.9,1,4
2021-06-18 09:45:49,B,1101.6,1,5
2021-06-18 09:45:50,S,1104.95,2,8
2021-06-18 09:45:50,S,1105.0,3,85
2021-06-18 09:45:50,S,1105.8,1,3
2021-06-18 09:45:50,S,1105.9,1,3
2021-06-18 09:45:50,S,1105.95,1,6
2021-06-18 09:45:50,B,1102.55,3,462
2021-06-18 09:45:50,B,1102.1,1,27
2021-06-18 09:45:50,B,1102.05,1,5
2021-06-18 09:45:50,B,1101.9,1,4
2021-06-18 09:45:50,B,1101.6,1,5
2021-06-18 09:45:50,S,1104.95,2,8
2021-06-18 09:45:50,S,1105.0,3,85
2021-06-18 09:45:50,S,1105.8,1,3
2021-06-18 09:45:50,S,1105.9,1,3
2021-06-18 09:45:50,S,1105.95,1,6
2021-06-18 09:45:50,B,1102.55,3,462
2021-06-18 09:45:50,B,1102.1,1,27
2021-06-18 09:45:50,B,1102.05,1,5
2021-06-18 09:45:50,B,1101.9,1,4
2021-06-18 09:45:50,B,1101.6,1,5
2021-06-18 09:45:52,S,1104.65,1,4
2021-06-18 09:45:52,S,1104.7,1,5
2021-06-18 09:45:52,S,1104.95,1,6
2021-06-18 09:45:52,S,1105.0,4,109
2021-06-18 09:45:52,S,1105.85,1,27
2021-06-18 09:45:52,B,1102.95,2,9
2021-06-18 09:45:52,B,1102.9,2,14
2021-06-18 09:45:52,B,1102.85,1,1
2021-06-18 09:45:52,B,1102.55,4,472
2021-06-18 09:45:52,B,1102.05,1,5
2021-06-18 09:45:52,S,1104.65,1,4
2021-06-18 09:45:52,S,1104.7,1,5
2021-06-18 09:45:52,S,1104.95,1,6
2021-06-18 09:45:52,S,1105.0,4,109
2021-06-18 09:45:52,S,1105.85,1,27
2021-06-18 09:45:52,B,1102.95,2,9
2021-06-18 09:45:52,B,1102.9,2,14
2021-06-18 09:45:52,B,1102.85,1,1
2021-06-18 09:45:52,B,1102.55,4,472
2021-06-18 09:45:52,B,1102.05,1,5
2021-06-18 09:45:54,S,1104.65,1,4
2021-06-18 09:45:54,S,1104.7,1,5
2021-06-18 09:45:54,S,1104.95,1,6
2021-06-18 09:45:54,S,1105.0,4,109
2021-06-18 09:45:54,S,1105.85,1,27
2021-06-18 09:45:54,B,1102.95,2,9
2021-06-18 09:45:54,B,1102.9,2,14
2021-06-18 09:45:54,B,1102.85,1,1
2021-06-18 09:45:54,B,1102.55,4,472
2021-06-18 09:45:54,B,1102.05,1,5
2021-06-18 09:45:54,S,1104.65,1,4
2021-06-18 09:45:54,S,1104.7,1,5
2021-06-18 09:45:54,S,1104.95,1,6
2021-06-18 09:45:54,S,1105.0,4,109
2021-06-18 09:45:54,S,1105.85,1,27
2021-06-18 09:45:54,B,1102.95,2,9
2021-06-18 09:45:54,B,1102.9,2,14
2021-06-18 09:45:54,B,1102.85,1,1
2021-06-18 09:45:54,B,1102.55,4,472
2021-06-18 09:45:54,B,1102.05,1,5
2021-06-18 09:45:54,S,1104.65,1,4
2021-06-18 09:45:54,S,1104.7,1,5
2021-06-18 09:45:54,S,1104.95,1,6
2021-06-18 09:45:54,S,1105.0,4,109
2021-06-18 09:45:54,S,1105.85,1,27
2021-06-18 09:45:54,B,1102.95,2,9
2021-06-18 09:45:54,B,1102.9,2,14
2021-06-18 09:45:54,B,1102.85,1,1
2021-06-18 09:45:54,B,1102.55,4,472
2021-06-18 09:45:54,B,1102.05,1,5
2021-06-18 09:45:54,S,1104.65,1,4
2021-06-18 09:45:54,S,1104.7,1,5
2021-06-18 09:45:54,S,1104.95,1,6
2021-06-18 09:45:54,S,1105.0,4,109
2021-06-18 09:45:54,S,1105.85,1,27
2021-06-18 09:45:54,B,1102.95,2,9
2021-06-18 09:45:54,B,1102.9,2,14
2021-06-18 09:45:54,B,1102.85,1,1
2021-06-18 09:45:54,B,1102.55,4,472
2021-06-18 09:45:54,B,1102.05,1,5
2021-06-18 09:45:55,S,1102.9,1,3
2021-06-18 09:45:55,S,1103.25,3,13
2021-06-18 09:45:55,S,1103.3,1,27
2021-06-18 09:45:55,S,1103.6,1,3
2021-06-18 09:45:55,S,1103.8,1,4
2021-06-18 09:45:55,B,1100.4,1,4
2021-06-18 09:45:55,B,1100.35,2,6
2021-06-18 09:45:55,B,1100.05,2,6
2021-06-18 09:45:55,B,1100.0,3,13
2021-06-18 09:45:55,B,1099.95,1,2
2021-06-18 09:45:55,S,1102.9,1,3
2021-06-18 09:45:55,S,1103.25,3,13
2021-06-18 09:45:55,S,1103.3,1,27
2021-06-18 09:45:55,S,1103.6,1,3
2021-06-18 09:45:55,S,1103.8,1,4
2021-06-18 09:45:55,B,1100.4,1,4
2021-06-18 09:45:55,B,1100.35,2,6
2021-06-18 09:45:55,B,1100.05,2,6
2021-06-18 09:45:55,B,1100.0,3,13
2021-06-18 09:45:55,B,1099.95,1,2
2021-06-18 09:45:56,S,1102.9,1,3
2021-06-18 09:45:56,S,1103.25,3,13
2021-06-18 09:45:56,S,1103.3,1,27
2021-06-18 09:45:56,S,1103.6,1,3
2021-06-18 09:45:56,S,1103.8,1,4
2021-06-18 09:45:56,B,1100.4,1,4
2021-06-18 09:45:56,B,1100.35,2,6
2021-06-18 09:45:56,B,1100.05,2,6
2021-06-18 09:45:56,B,1100.0,3,13
2021-06-18 09:45:56,B,1099.95,1,2
2021-06-18 09:45:56,S,1102.9,1,3
2021-06-18 09:45:56,S,1103.25,3,13
2021-06-18 09:45:56,S,1103.3,1,27
2021-06-18 09:45:56,S,1103.6,1,3
2021-06-18 09:45:56,S,1103.8,1,4
2021-06-18 09:45:56,B,1100.4,1,4
2021-06-18 09:45:56,B,1100.35,2,6
2021-06-18 09:45:56,B,1100.05,2,6
2021-06-18 09:45:56,B,1100.0,3,13
2021-06-18 09:45:56,B,1099.95,1,2
2021-06-18 09:45:57,S,1102.9,1,3
2021-06-18 09:45:57,S,1103.25,3,13
2021-06-18 09:45:57,S,1103.3,1,27
2021-06-18 09:45:57,S,1103.6,1,3
2021-06-18 09:45:57,S,1103.8,1,4
2021-06-18 09:45:57,B,1100.4,1,4
2021-06-18 09:45:57,B,1100.35,2,6
2021-06-18 09:45:57,B,1100.05,2,6
2021-06-18 09:45:57,B,1100.0,3,13
2021-06-18 09:45:57,B,1099.95,1,2
2021-06-18 09:45:57,S,1102.9,1,3
2021-06-18 09:45:57,S,1103.25,3,13
2021-06-18 09:45:57,S,1103.3,1,27
2021-06-18 09:45:57,S,1103.6,1,3
2021-06-18 09:45:57,S,1103.8,1,4
2021-06-18 09:45:57,B,1100.4,1,4
2021-06-18 09:45:57,B,1100.35,2,6
2021-06-18 09:45:57,B,1100.05,2,6
2021-06-18 09:45:57,B,1100.0,3,13
2021-06-18 09:45:57,B,1099.95,1,2
2021-06-18 09:45:58,S,1100.0,1,26
2021-06-18 09:45:58,S,1100.45,1,6
2021-06-18 09:45:58,S,1100.5,1,27
2021-06-18 09:45:58,S,1101.2,1,3
2021-06-18 09:45:58,S,1101.95,1,20
2021-06-18 09:45:58,B,1098.25,2,5
2021-06-18 09:45:58,B,1098.2,2,7
2021-06-18 09:45:58,B,1097.75,1,4
2021-06-18 09:45:58,B,1097.5,1,2
2021-06-18 09:45:58,B,1097.35,1,5
2021-06-18 09:45:58,S,1100.0,1,26
2021-06-18 09:45:58,S,1100.45,1,6
2021-06-18 09:45:58,S,1100.5,1,27
2021-06-18 09:45:58,S,1101.2,1,3
2021-06-18 09:45:58,S,1101.95,1,20
2021-06-18 09:45:58,B,1098.25,2,5
2021-06-18 09:45:58,B,1098.2,2,7
2021-06-18 09:45:58,B,1097.75,1,4
2021-06-18 09:45:58,B,1097.5,1,2
2021-06-18 09:45:58,B,1097.35,1,5
2021-06-18 09:46:02,S,1099.65,1,5
2021-06-18 09:46:02,S,1099.7,1,27
2021-06-18 09:46:02,S,1099.95,1,20
2021-06-18 09:46:02,S,1100.0,2,31
2021-06-18 09:46:02,S,1100.55,1,3
2021-06-18 09:46:02,B,1098.2,2,7
2021-06-18 09:46:02,B,1097.8,2,5
2021-06-18 09:46:02,B,1097.75,1,4
2021-06-18 09:46:02,B,1097.5,1,2
2021-06-18 09:46:02,B,1097.35,1,5
2021-06-18 09:46:02,S,1099.65,1,5
2021-06-18 09:46:02,S,1099.7,1,27
2021-06-18 09:46:02,S,1099.95,1,20
2021-06-18 09:46:02,S,1100.0,2,31
2021-06-18 09:46:02,S,1100.55,1,3
2021-06-18 09:46:02,B,1098.2,2,7
2021-06-18 09:46:02,B,1097.8,2,5
2021-06-18 09:46:02,B,1097.75,1,4
2021-06-18 09:46:02,B,1097.5,1,2
2021-06-18 09:46:02,B,1097.35,1,5
2021-06-18 09:46:03,S,1099.65,1,5
2021-06-18 09:46:03,S,1099.7,1,27
2021-06-18 09:46:03,S,1099.95,1,20
2021-06-18 09:46:03,S,1100.0,2,31
2021-06-18 09:46:03,S,1100.55,1,3
2021-06-18 09:46:03,B,1098.2,2,7
2021-06-18 09:46:03,B,1097.8,2,5
2021-06-18 09:46:03,B,1097.75,1,4
2021-06-18 09:46:03,B,1097.5,1,2
2021-06-18 09:46:03,B,1097.35,1,5
2021-06-18 09:46:03,S,1099.65,1,5
2021-06-18 09:46:03,S,1099.7,1,27
2021-06-18 09:46:03,S,1099.95,1,20
2021-06-18 09:46:03,S,1100.0,2,31
2021-06-18 09:46:03,S,1100.55,1,3
2021-06-18 09:46:03,B,1098.2,2,7
2021-06-18 09:46:03,B,1097.8,2,5
2021-06-18 09:46:03,B,1097.75,1,4
2021-06-18 09:46:03,B,1097.5,1,2
2021-06-18 09:46:03,B,1097.35,1,5
2021-06-18 09:46:06,S,1099.9,1,1
2021-06-18 09:46:06,S,1099.95,1,7
2021-06-18 09:46:06,S,1100.0,2,31
2021-06-18 09:46:06,S,1100.4,1,100
2021-06-18 09:46:06,S,1102.3,1,1
2021-06-18 09:46:06,B,1098.3,3,11
2021-06-18 09:46:06,B,1098.25,1,6
2021-06-18 09:46:06,B,1098.2,1,477
2021-06-18 09:46:06,B,1096.45,1,22
2021-06-18 09:46:06,B,1096.35,1,1
2021-06-18 09:46:06,S,1099.9,1,1
2021-06-18 09:46:06,S,1099.95,1,7
2021-06-18 09:46:06,S,1100.0,2,31
2021-06-18 09:46:06,S,1100.4,1,100
2021-06-18 09:46:06,S,1102.3,1,1
2021-06-18 09:46:06,B,1098.3,3,11
2021-06-18 09:46:06,B,1098.25,1,6
2021-06-18 09:46:06,B,1098.2,1,477
2021-06-18 09:46:06,B,1096.45,1,22
2021-06-18 09:46:06,B,1096.35,1,1
2021-06-18 09:46:07,S,1099.9,1,1
2021-06-18 09:46:07,S,1099.95,1,7
2021-06-18 09:46:07,S,1100.0,2,31
2021-06-18 09:46:07,S,1100.4,1,100
2021-06-18 09:46:07,S,1102.3,1,1
2021-06-18 09:46:07,B,1098.3,3,11
2021-06-18 09:46:07,B,1098.25,1,6
2021-06-18 09:46:07,B,1098.2,1,477
2021-06-18 09:46:07,B,1096.45,1,22
2021-06-18 09:46:07,B,1096.35,1,1
2021-06-18 09:46:07,S,1099.9,1,1
2021-06-18 09:46:07,S,1099.95,1,7
2021-06-18 09:46:07,S,1100.0,2,31
2021-06-18 09:46:07,S,1100.4,1,100
2021-06-18 09:46:07,S,1102.3,1,1
2021-06-18 09:46:07,B,1098.3,3,11
2021-06-18 09:46:07,B,1098.25,1,6
2021-06-18 09:46:07,B,1098.2,1,477
2021-06-18 09:46:07,B,1096.45,1,22
2021-06-18 09:46:07,B,1096.35,1,1
2021-06-18 09:46:09,S,1099.0,1,10
2021-06-18 09:46:09,S,1099.45,1,5
2021-06-18 09:46:09,S,1099.9,1,4
2021-06-18 09:46:09,S,1099.95,1,7
2021-06-18 09:46:09,S,1100.0,2,31
2021-06-18 09:46:09,B,1098.35,1,3
2021-06-18 09:46:09,B,1098.3,2,2
2021-06-18 09:46:09,B,1098.25,2,7
2021-06-18 09:46:09,B,1098.2,1,477
2021-06-18 09:46:09,B,1097.7,1,5
2021-06-18 09:46:09,S,1099.0,1,10
2021-06-18 09:46:09,S,1099.45,1,5
2021-06-18 09:46:09,S,1099.9,1,4
2021-06-18 09:46:09,S,1099.95,1,7
2021-06-18 09:46:09,S,1100.0,2,31
2021-06-18 09:46:09,B,1098.35,1,3
2021-06-18 09:46:09,B,1098.3,2,2
2021-06-18 09:46:09,B,1098.25,2,7
2021-06-18 09:46:09,B,1098.2,1,477
2021-06-18 09:46:09,B,1097.7,1,5
2021-06-18 09:46:09,S,1099.0,1,10
2021-06-18 09:46:09,S,1099.45,1,5
2021-06-18 09:46:09,S,1099.9,1,4
2021-06-18 09:46:09,S,1099.95,1,7
2021-06-18 09:46:09,S,1100.0,2,31
2021-06-18 09:46:09,B,1098.35,1,3
2021-06-18 09:46:09,B,1098.3,2,2
2021-06-18 09:46:09,B,1098.25,2,7
2021-06-18 09:46:09,B,1098.2,1,477
2021-06-18 09:46:09,B,1097.7,1,5
2021-06-18 09:46:09,S,1099.0,1,10
2021-06-18 09:46:09,S,1099.45,1,5
2021-06-18 09:46:09,S,1099.9,1,4
2021-06-18 09:46:09,S,1099.95,1,7
2021-06-18 09:46:09,S,1100.0,2,31
2021-06-18 09:46:09,B,1098.35,1,3
2021-06-18 09:46:09,B,1098.3,2,2
2021-06-18 09:46:09,B,1098.25,2,7
2021-06-18 09:46:09,B,1098.2,1,477
2021-06-18 09:46:09,B,1097.7,1,5
2021-06-18 09:46:12,S,1097.35,4,17
2021-06-18 09:46:12,S,1097.4,2,17
2021-06-18 09:46:12,S,1097.45,1,5
2021-06-18 09:46:12,S,1097.9,1,3
2021-06-18 09:46:12,S,1098.85,2,4
2021-06-18 09:46:12,B,1095.6,2,9
2021-06-18 09:46:12,B,1095.55,2,9
2021-06-18 09:46:12,B,1095.3,1,4
2021-06-18 09:46:12,B,1095.0,1,10
2021-06-18 09:46:12,B,1094.8,1,2
2021-06-18 09:46:12,S,1097.35,4,17
2021-06-18 09:46:12,S,1097.4,2,17
2021-06-18 09:46:12,S,1097.45,1,5
2021-06-18 09:46:12,S,1097.9,1,3
2021-06-18 09:46:12,S,1098.85,2,4
2021-06-18 09:46:12,B,1095.6,2,9
2021-06-18 09:46:12,B,1095.55,2,9
2021-06-18 09:46:12,B,1095.3,1,4
2021-06-18 09:46:12,B,1095.0,1,10
2021-06-18 09:46:12,B,1094.8,1,2
2021-06-18 09:46:13,S,1097.35,4,17
2021-06-18 09:46:13,S,1097.4,2,17
2021-06-18 09:46:13,S,1097.45,1,5
2021-06-18 09:46:13,S,1097.9,1,3
2021-06-18 09:46:13,S,1098.85,2,4
2021-06-18 09:46:13,B,1095.6,2,9
2021-06-18 09:46:13,B,1095.55,2,9
2021-06-18 09:46:13,B,1095.3,1,4
2021-06-18 09:46:13,B,1095.0,1,10
2021-06-18 09:46:13,B,1094.8,1,2
2021-06-18 09:46:13,S,1097.35,4,17
2021-06-18 09:46:13,S,1097.4,2,17
2021-06-18 09:46:13,S,1097.45,1,5
2021-06-18 09:46:13,S,1097.9,1,3
2021-06-18 09:46:13,S,1098.85,2,4
2021-06-18 09:46:13,B,1095.6,2,9
2021-06-18 09:46:13,B,1095.55,2,9
2021-06-18 09:46:13,B,1095.3,1,4
2021-06-18 09:46:13,B,1095.0,1,10
2021-06-18 09:46:13,B,1094.8,1,2
2021-06-18 09:46:14,S,1097.35,4,17
2021-06-18 09:46:14,S,1097.4,2,17
2021-06-18 09:46:14,S,1097.45,1,5
2021-06-18 09:46:14,S,1097.9,1,3
2021-06-18 09:46:14,S,1098.85,2,4
2021-06-18 09:46:14,B,1095.6,2,9
2021-06-18 09:46:14,B,1095.55,2,9
2021-06-18 09:46:14,B,1095.3,1,4
2021-06-18 09:46:14,B,1095.0,1,10
2021-06-18 09:46:14,B,1094.8,1,2
2021-06-18 09:46:14,S,1097.35,4,17
2021-06-18 09:46:14,S,1097.4,2,17
2021-06-18 09:46:14,S,1097.45,1,5
2021-06-18 09:46:14,S,1097.9,1,3
2021-06-18 09:46:14,S,1098.85,2,4
2021-06-18 09:46:14,B,1095.6,2,9
2021-06-18 09:46:14,B,1095.55,2,9
2021-06-18 09:46:14,B,1095.3,1,4
2021-06-18 09:46:14,B,1095.0,1,10
2021-06-18 09:46:14,B,1094.8,1,2
2021-06-18 09:46:15,S,1098.0,1,10
2021-06-18 09:46:15,S,1098.55,1,13
2021-06-18 09:46:15,S,1098.6,1,3
2021-06-18 09:46:15,S,1099.0,2,11
2021-06-18 09:46:15,S,1099.5,1,3
2021-06-18 09:46:15,B,1096.3,1,4
2021-06-18 09:46:15,B,1096.25,1,5
2021-06-18 09:46:15,B,1096.2,1,1
2021-06-18 09:46:15,B,1096.1,1,1
2021-06-18 09:46:15,B,1096.0,1,1
2021-06-18 09:46:15,S,1098.0,1,10
2021-06-18 09:46:15,S,1098.55,1,13
2021-06-18 09:46:15,S,1098.6,1,3
2021-06-18 09:46:15,S,1099.0,2,11
2021-06-18 09:46:15,S,1099.5,1,3
2021-06-18 09:46:15,B,1096.3,1,4
2021-06-18 09:46:15,B,1096.25,1,5
2021-06-18 09:46:15,B,1096.2,1,1
2021-06-18 09:46:15,B,1096.1,1,1
2021-06-18 09:46:15,B,1096.0,1,1
2021-06-18 09:46:16,S,1098.0,1,10
2021-06-18 09:46:16,S,1098.55,1,13
2021-06-18 09:46:16,S,1098.6,1,3
2021-06-18 09:46:16,S,1099.0,2,11
2021-06-18 09:46:16,S,1099.5,1,3
2021-06-18 09:46:16,B,1096.3,1,4
2021-06-18 09:46:16,B,1096.25,1,5
2021-06-18 09:46:16,B,1096.2,1,1
2021-06-18 09:46:16,B,1096.1,1,1
2021-06-18 09:46:16,B,1096.0,1,1
2021-06-18 09:46:16,S,1098.0,1,10
2021-06-18 09:46:16,S,1098.55,1,13
2021-06-18 09:46:16,S,1098.6,1,3
2021-06-18 09:46:16,S,1099.0,2,11
2021-06-18 09:46:16,S,1099.5,1,3
2021-06-18 09:46:16,B,1096.3,1,4
2021-06-18 09:46:16,B,1096.25,1,5
2021-06-18 09:46:16,B,1096.2,1,1
2021-06-18 09:46:16,B,1096.1,1,1
2021-06-18 09:46:16,B,1096.0,1,1
2021-06-18 09:46:18,S,1097.9,1,10
2021-06-18 09:46:18,S,1098.95,2,10
2021-06-18 09:46:18,S,1099.0,1,7
2021-06-18 09:46:18,S,1099.25,1,3
2021-06-18 09:46:18,S,1099.5,1,4
2021-06-18 09:46:18,B,1095.95,1,4
2021-06-18 09:46:18,B,1095.9,2,7
2021-06-18 09:46:18,B,1095.65,2,5
2021-06-18 09:46:18,B,1095.6,1,5
2021-06-18 09:46:18,B,1095.35,1,5
2021-06-18 09:46:18,S,1097.9,1,10
2021-06-18 09:46:18,S,1098.95,2,10
2021-06-18 09:46:18,S,1099.0,1,7
2021-06-18 09:46:18,S,1099.25,1,3
2021-06-18 09:46:18,S,1099.5,1,4
2021-06-18 09:46:18,B,1095.95,1,4
2021-06-18 09:46:18,B,1095.9,2,7
2021-06-18 09:46:18,B,1095.65,2,5
2021-06-18 09:46:18,B,1095.6,1,5
2021-06-18 09:46:18,B,1095.35,1,5
2021-06-18 09:46:21,S,1097.9,1,9
2021-06-18 09:46:21,S,1098.95,1,9
2021-06-18 09:46:21,S,1099.0,1,7
2021-06-18 09:46:21,S,1099.2,2,12
2021-06-18 09:46:21,S,1099.25,2,13
2021-06-18 09:46:21,B,1096.05,2,10
2021-06-18 09:46:21,B,1096.0,3,14
2021-06-18 09:46:21,B,1095.95,1,8
2021-06-18 09:46:21,B,1095.9,2,7
2021-06-18 09:46:21,B,1095.65,2,5
2021-06-18 09:46:21,S,1097.9,1,9
2021-06-18 09:46:21,S,1098.95,1,9
2021-06-18 09:46:21,S,1099.0,1,7
2021-06-18 09:46:21,S,1099.2,2,12
2021-06-18 09:46:21,S,1099.25,2,13
2021-06-18 09:46:21,B,1096.05,2,10
2021-06-18 09:46:21,B,1096.0,3,14
2021-06-18 09:46:21,B,1095.95,1,8
2021-06-18 09:46:21,B,1095.9,2,7
2021-06-18 09:46:21,B,1095.65,2,5
2021-06-18 09:46:23,S,1097.9,1,9
2021-06-18 09:46:23,S,1098.95,1,9
2021-06-18 09:46:23,S,1099.0,1,7
2021-06-18 09:46:23,S,1099.2,2,12
2021-06-18 09:46:23,S,1099.25,2,13
2021-06-18 09:46:23,B,1096.05,2,10
2021-06-18 09:46:23,B,1096.0,3,14
2021-06-18 09:46:23,B,1095.95,1,8
2021-06-18 09:46:23,B,1095.9,2,7
2021-06-18 09:46:23,B,1095.65,2,5
2021-06-18 09:46:23,S,1097.9,1,9
2021-06-18 09:46:23,S,1098.95,1,9
2021-06-18 09:46:23,S,1099.0,1,7
2021-06-18 09:46:23,S,1099.2,2,12
2021-06-18 09:46:23,S,1099.25,2,13
2021-06-18 09:46:23,B,1096.05,2,10
2021-06-18 09:46:23,B,1096.0,3,14
2021-06-18 09:46:23,B,1095.95,1,8
2021-06-18 09:46:23,B,1095.9,2,7
2021-06-18 09:46:23,B,1095.65,2,5
2021-06-18 09:46:25,S,1099.0,1,7
2021-06-18 09:46:25,S,1099.25,1,10
2021-06-18 09:46:25,S,1099.9,1,1
2021-06-18 09:46:25,S,1099.95,1,26
2021-06-18 09:46:25,S,1100.0,3,205
2021-06-18 09:46:25,B,1098.05,1,4
2021-06-18 09:46:25,B,1098.0,2,179
2021-06-18 09:46:25,B,1096.0,2,4
2021-06-18 09:46:25,B,1095.0,2,11
2021-06-18 09:46:25,B,1094.75,1,4
2021-06-18 09:46:25,S,1099.0,1,7
2021-06-18 09:46:25,S,1099.25,1,10
2021-06-18 09:46:25,S,1099.9,1,1
2021-06-18 09:46:25,S,1099.95,1,26
2021-06-18 09:46:25,S,1100.0,3,205
2021-06-18 09:46:25,B,1098.05,1,4
2021-06-18 09:46:25,B,1098.0,2,179
2021-06-18 09:46:25,B,1096.0,2,4
2021-06-18 09:46:25,B,1095.0,2,11
2021-06-18 09:46:25,B,1094.75,1,4
2021-06-18 09:46:26,S,1099.0,1,7
2021-06-18 09:46:26,S,1099.25,1,10
2021-06-18 09:46:26,S,1099.9,1,1
2021-06-18 09:46:26,S,1099.95,1,26
2021-06-18 09:46:26,S,1100.0,3,205
2021-06-18 09:46:26,B,1098.05,1,4
2021-06-18 09:46:26,B,1098.0,2,179
2021-06-18 09:46:26,B,1096.0,2,4
2021-06-18 09:46:26,B,1095.0,2,11
2021-06-18 09:46:26,B,1094.75,1,4
2021-06-18 09:46:26,S,1099.0,1,7
2021-06-18 09:46:26,S,1099.25,1,10
2021-06-18 09:46:26,S,1099.9,1,1
2021-06-18 09:46:26,S,1099.95,1,26
2021-06-18 09:46:26,S,1100.0,3,205
2021-06-18 09:46:26,B,1098.05,1,4
2021-06-18 09:46:26,B,1098.0,2,179
2021-06-18 09:46:26,B,1096.0,2,4
2021-06-18 09:46:26,B,1095.0,2,11
2021-06-18 09:46:26,B,1094.75,1,4
2021-06-18 09:46:27,S,1099.0,1,7
2021-06-18 09:46:27,S,1099.25,1,10
2021-06-18 09:46:27,S,1099.9,1,1
2021-06-18 09:46:27,S,1099.95,1,26
2021-06-18 09:46:27,S,1100.0,3,205
2021-06-18 09:46:27,B,1098.05,1,4
2021-06-18 09:46:27,B,1098.0,2,179
2021-06-18 09:46:27,B,1096.0,2,4
2021-06-18 09:46:27,B,1095.0,2,11
2021-06-18 09:46:27,B,1094.75,1,4
2021-06-18 09:46:27,S,1099.0,1,7
2021-06-18 09:46:27,S,1099.25,1,10
2021-06-18 09:46:27,S,1099.9,1,1
2021-06-18 09:46:27,S,1099.95,1,26
2021-06-18 09:46:27,S,1100.0,3,205
2021-06-18 09:46:27,B,1098.05,1,4
2021-06-18 09:46:27,B,1098.0,2,179
2021-06-18 09:46:27,B,1096.0,2,4
2021-06-18 09:46:27,B,1095.0,2,11
2021-06-18 09:46:27,B,1094.75,1,4
2021-06-18 09:46:28,S,1099.0,1,10
2021-06-18 09:46:28,S,1099.25,1,10
2021-06-18 09:46:28,S,1099.55,1,5
2021-06-18 09:46:28,S,1099.9,1,2
2021-06-18 09:46:28,S,1099.95,1,26
2021-06-18 09:46:28,B,1098.05,1,4
2021-06-18 09:46:28,B,1098.0,3,189
2021-06-18 09:46:28,B,1097.8,1,5
2021-06-18 09:46:28,B,1097.3,1,3
2021-06-18 09:46:28,B,1097.25,1,4
2021-06-18 09:46:28,S,1099.0,1,10
2021-06-18 09:46:28,S,1099.25,1,10
2021-06-18 09:46:28,S,1099.55,1,5
2021-06-18 09:46:28,S,1099.9,1,2
2021-06-18 09:46:28,S,1099.95,1,26
2021-06-18 09:46:28,B,1098.05,1,4
2021-06-18 09:46:28,B,1098.0,3,189
2021-06-18 09:46:28,B,1097.8,1,5
2021-06-18 09:46:28,B,1097.3,1,3
2021-06-18 09:46:28,B,1097.25,1,4
2021-06-18 09:46:30,S,1099.0,1,10
2021-06-18 09:46:30,S,1099.25,1,10
2021-06-18 09:46:30,S,1099.55,1,5
2021-06-18 09:46:30,S,1099.9,1,2
2021-06-18 09:46:30,S,1099.95,1,26
2021-06-18 09:46:30,B,1098.05,1,4
2021-06-18 09:46:30,B,1098.0,3,189
2021-06-18 09:46:30,B,1097.8,1,5
2021-06-18 09:46:30,B,1097.3,1,3
2021-06-18 09:46:30,B,1097.25,1,4
2021-06-18 09:46:30,S,1099.0,1,10
2021-06-18 09:46:30,S,1099.25,1,10
2021-06-18 09:46:30,S,1099.55,1,5
2021-06-18 09:46:30,S,1099.9,1,2
2021-06-18 09:46:30,S,1099.95,1,26
2021-06-18 09:46:30,B,1098.05,1,4
2021-06-18 09:46:30,B,1098.0,3,189
2021-06-18 09:46:30,B,1097.8,1,5
2021-06-18 09:46:30,B,1097.3,1,3
2021-06-18 09:46:30,B,1097.25,1,4
2021-06-18 09:46:30,S,1099.0,1,10
2021-06-18 09:46:30,S,1099.25,1,10
2021-06-18 09:46:30,S,1099.55,1,5
2021-06-18 09:46:30,S,1099.9,1,2
2021-06-18 09:46:30,S,1099.95,1,26
2021-06-18 09:46:30,B,1098.05,1,4
2021-06-18 09:46:30,B,1098.0,3,189
2021-06-18 09:46:30,B,1097.8,1,5
2021-06-18 09:46:30,B,1097.3,1,3
2021-06-18 09:46:30,B,1097.25,1,4
2021-06-18 09:46:30,S,1099.0,1,10
2021-06-18 09:46:30,S,1099.25,1,10
2021-06-18 09:46:30,S,1099.55,1,5
2021-06-18 09:46:30,S,1099.9,1,2
2021-06-18 09:46:30,S,1099.95,1,26
2021-06-18 09:46:30,B,1098.05,1,4
2021-06-18 09:46:30,B,1098.0,3,189
2021-06-18 09:46:30,B,1097.8,1,5
2021-06-18 09:46:30,B,1097.3,1,3
2021-06-18 09:46:30,B,1097.25,1,4
2021-06-18 09:46:31,S,1099.9,1,1
2021-06-18 09:46:31,S,1099.95,1,30
2021-06-18 09:46:31,S,1100.0,3,205
2021-06-18 09:46:31,S,1100.35,1,6
2021-06-18 09:46:31,S,1100.4,1,100
2021-06-18 09:46:31,B,1098.35,1,4
2021-06-18 09:46:31,B,1098.3,2,8
2021-06-18 09:46:31,B,1098.25,2,8
2021-06-18 09:46:31,B,1098.15,1,7
2021-06-18 09:46:31,B,1098.1,1,4
2021-06-18 09:46:31,S,1099.9,1,1
2021-06-18 09:46:31,S,1099.95,1,30
2021-06-18 09:46:31,S,1100.0,3,205
2021-06-18 09:46:31,S,1100.35,1,6
2021-06-18 09:46:31,S,1100.4,1,100
2021-06-18 09:46:31,B,1098.35,1,4
2021-06-18 09:46:31,B,1098.3,2,8
2021-06-18 09:46:31,B,1098.25,2,8
2021-06-18 09:46:31,B,1098.15,1,7
2021-06-18 09:46:31,B,1098.1,1,4
2021-06-18 09:46:33,S,1099.9,1,1
2021-06-18 09:46:33,S,1099.95,1,30
2021-06-18 09:46:33,S,1100.0,3,205
2021-06-18 09:46:33,S,1100.35,1,6
2021-06-18 09:46:33,S,1100.4,1,100
2021-06-18 09:46:33,B,1098.35,1,4
2021-06-18 09:46:33,B,1098.3,2,8
2021-06-18 09:46:33,B,1098.25,2,8
2021-06-18 09:46:33,B,1098.15,1,7
2021-06-18 09:46:33,B,1098.1,1,4
2021-06-18 09:46:33,S,1099.9,1,1
2021-06-18 09:46:33,S,1099.95,1,30
2021-06-18 09:46:33,S,1100.0,3,205
2021-06-18 09:46:33,S,1100.35,1,6
2021-06-18 09:46:33,S,1100.4,1,100
2021-06-18 09:46:33,B,1098.35,1,4
2021-06-18 09:46:33,B,1098.3,2,8
2021-06-18 09:46:33,B,1098.25,2,8
2021-06-18 09:46:33,B,1098.15,1,7
2021-06-18 09:46:33,B,1098.1,1,4
2021-06-18 09:46:35,S,1099.95,1,24
2021-06-18 09:46:35,S,1100.0,3,205
2021-06-18 09:46:35,S,1100.35,1,6
2021-06-18 09:46:35,S,1100.4,1,100
2021-06-18 09:46:35,S,1101.0,1,27
2021-06-18 09:46:35,B,1098.35,1,4
2021-06-18 09:46:35,B,1098.3,2,8
2021-06-18 09:46:35,B,1098.25,2,8
2021-06-18 09:46:35,B,1098.15,1,7
2021-06-18 09:46:35,B,1098.1,1,4
2021-06-18 09:46:35,S,1099.95,1,24
2021-06-18 09:46:35,S,1100.0,3,205
2021-06-18 09:46:35,S,1100.35,1,6
2021-06-18 09:46:35,S,1100.4,1,100
2021-06-18 09:46:35,S,1101.0,1,27
2021-06-18 09:46:35,B,1098.35,1,4
2021-06-18 09:46:35,B,1098.3,2,8
2021-06-18 09:46:35,B,1098.25,2,8
2021-06-18 09:46:35,B,1098.15,1,7
2021-06-18 09:46:35,B,1098.1,1,4
2021-06-18 09:46:37,S,1099.95,1,24
2021-06-18 09:46:37,S,1100.0,3,205
2021-06-18 09:46:37,S,1100.35,1,6
2021-06-18 09:46:37,S,1100.4,1,100
2021-06-18 09:46:37,S,1101.0,1,27
2021-06-18 09:46:37,B,1098.35,1,4
2021-06-18 09:46:37,B,1098.3,2,8
2021-06-18 09:46:37,B,1098.25,2,8
2021-06-18 09:46:37,B,1098.15,1,7
2021-06-18 09:46:37,B,1098.1,1,4
2021-06-18 09:46:37,S,1099.95,1,24
2021-06-18 09:46:37,S,1100.0,3,205
2021-06-18 09:46:37,S,1100.35,1,6
2021-06-18 09:46:37,S,1100.4,1,100
2021-06-18 09:46:37,S,1101.0,1,27
2021-06-18 09:46:37,B,1098.35,1,4
2021-06-18 09:46:37,B,1098.3,2,8
2021-06-18 09:46:37,B,1098.25,2,8
2021-06-18 09:46:37,B,1098.15,1,7
2021-06-18 09:46:37,B,1098.1,1,4
2021-06-18 09:46:38,S,1099.95,1,24
2021-06-18 09:46:38,S,1100.0,2,200
2021-06-18 09:46:38,S,1100.35,1,6
2021-06-18 09:46:38,S,1100.4,1,100
2021-06-18 09:46:38,S,1101.0,1,27
2021-06-18 09:46:38,B,1099.0,1,25
2021-06-18 09:46:38,B,1098.65,2,5
2021-06-18 09:46:38,B,1098.6,2,6
2021-06-18 09:46:38,B,1098.3,2,8
2021-06-18 09:46:38,B,1098.25,2,8
2021-06-18 09:46:38,S,1099.95,1,24
2021-06-18 09:46:38,S,1100.0,2,200
2021-06-18 09:46:38,S,1100.35,1,6
2021-06-18 09:46:38,S,1100.4,1,100
2021-06-18 09:46:38,S,1101.0,1,27
2021-06-18 09:46:38,B,1099.0,1,25
2021-06-18 09:46:38,B,1098.65,2,5
2021-06-18 09:46:38,B,1098.6,2,6
2021-06-18 09:46:38,B,1098.3,2,8
2021-06-18 09:46:38,B,1098.25,2,8
2021-06-18 09:46:39,S,1099.95,1,24
2021-06-18 09:46:39,S,1100.0,2,200
2021-06-18 09:46:39,S,1100.35,1,6
2021-06-18 09:46:39,S,1100.4,1,100
2021-06-18 09:46:39,S,1101.0,1,27
2021-06-18 09:46:39,B,1099.0,1,25
2021-06-18 09:46:39,B,1098.65,2,5
2021-06-18 09:46:39,B,1098.6,2,6
2021-06-18 09:46:39,B,1098.3,2,8
2021-06-18 09:46:39,B,1098.25,2,8
2021-06-18 09:46:39,S,1099.95,1,24
2021-06-18 09:46:39,S,1100.0,2,200
2021-06-18 09:46:39,S,1100.35,1,6
2021-06-18 09:46:39,S,1100.4,1,100
2021-06-18 09:46:39,S,1101.0,1,27
2021-06-18 09:46:39,B,1099.0,1,25
2021-06-18 09:46:39,B,1098.65,2,5
2021-06-18 09:46:39,B,1098.6,2,6
2021-06-18 09:46:39,B,1098.3,2,8
2021-06-18 09:46:39,B,1098.25,2,8
2021-06-18 09:46:41,S,1099.65,1,5
2021-06-18 09:46:41,S,1099.85,1,4
2021-06-18 09:46:41,S,1099.9,2,6
2021-06-18 09:46:41,S,1099.95,2,34
2021-06-18 09:46:41,S,1100.0,2,200
2021-06-18 09:46:41,B,1098.35,1,4
2021-06-18 09:46:41,B,1098.3,1,7
2021-06-18 09:46:41,B,1098.25,1,7
2021-06-18 09:46:41,B,1098.15,1,7
2021-06-18 09:46:41,B,1098.05,1,7
2021-06-18 09:46:41,S,1099.65,1,5
2021-06-18 09:46:41,S,1099.85,1,4
2021-06-18 09:46:41,S,1099.9,2,6
2021-06-18 09:46:41,S,1099.95,2,34
2021-06-18 09:46:41,S,1100.0,2,200
2021-06-18 09:46:41,B,1098.35,1,4
2021-06-18 09:46:41,B,1098.3,1,7
2021-06-18 09:46:41,B,1098.25,1,7
2021-06-18 09:46:41,B,1098.15,1,7
2021-06-18 09:46:41,B,1098.05,1,7
2021-06-18 09:46:44,S,1099.0,2,8
2021-06-18 09:46:44,S,1099.6,1,4
2021-06-18 09:46:44,S,1099.65,1,5
2021-06-18 09:46:44,S,1099.9,1,5
2021-06-18 09:46:44,S,1099.95,2,34
2021-06-18 09:46:44,B,1098.35,1,4
2021-06-18 09:46:44,B,1098.3,1,7
2021-06-18 09:46:44,B,1098.25,1,7
2021-06-18 09:46:44,B,1098.15,1,7
2021-06-18 09:46:44,B,1098.05,1,7
2021-06-18 09:46:44,S,1099.0,2,8
2021-06-18 09:46:44,S,1099.6,1,4
2021-06-18 09:46:44,S,1099.65,1,5
2021-06-18 09:46:44,S,1099.9,1,5
2021-06-18 09:46:44,S,1099.95,2,34
2021-06-18 09:46:44,B,1098.35,1,4
2021-06-18 09:46:44,B,1098.3,1,7
2021-06-18 09:46:44,B,1098.25,1,7
2021-06-18 09:46:44,B,1098.15,1,7
2021-06-18 09:46:44,B,1098.05,1,7
2021-06-18 09:46:45,S,1099.0,2,8
2021-06-18 09:46:45,S,1099.6,1,4
2021-06-18 09:46:45,S,1099.65,1,5
2021-06-18 09:46:45,S,1099.9,1,5
2021-06-18 09:46:45,S,1099.95,2,34
2021-06-18 09:46:45,B,1098.35,1,4
2021-06-18 09:46:45,B,1098.3,1,7
2021-06-18 09:46:45,B,1098.25,1,7
2021-06-18 09:46:45,B,1098.15,1,7
2021-06-18 09:46:45,B,1098.05,1,7
2021-06-18 09:46:45,S,1099.0,2,8
2021-06-18 09:46:45,S,1099.6,1,4
2021-06-18 09:46:45,S,1099.65,1,5
2021-06-18 09:46:45,S,1099.9,1,5
2021-06-18 09:46:45,S,1099.95,2,34
2021-06-18 09:46:45,B,1098.35,1,4
2021-06-18 09:46:45,B,1098.3,1,7
2021-06-18 09:46:45,B,1098.25,1,7
2021-06-18 09:46:45,B,1098.15,1,7
2021-06-18 09:46:45,B,1098.05,1,7
2021-06-18 09:46:47,S,1099.95,2,34
2021-06-18 09:46:47,S,1100.0,3,210
2021-06-18 09:46:47,S,1100.35,2,7
2021-06-18 09:46:47,S,1100.4,1,100
2021-06-18 09:46:47,S,1100.95,1,4
2021-06-18 09:46:47,B,1098.6,1,7
2021-06-18 09:46:47,B,1098.2,2,5
2021-06-18 09:46:47,B,1098.15,2,8
2021-06-18 09:46:47,B,1098.05,2,57
2021-06-18 09:46:47,B,1098.0,3,237
2021-06-18 09:46:47,S,1099.95,2,34
2021-06-18 09:46:47,S,1100.0,3,210
2021-06-18 09:46:47,S,1100.35,2,7
2021-06-18 09:46:47,S,1100.4,1,100
2021-06-18 09:46:47,S,1100.95,1,4
2021-06-18 09:46:47,B,1098.6,1,7
2021-06-18 09:46:47,B,1098.2,2,5
2021-06-18 09:46:47,B,1098.15,2,8
2021-06-18 09:46:47,B,1098.05,2,57
2021-06-18 09:46:47,B,1098.0,3,237
2021-06-18 09:46:48,S,1099.95,2,34
2021-06-18 09:46:48,S,1100.0,3,210
2021-06-18 09:46:48,S,1100.35,2,7
2021-06-18 09:46:48,S,1100.4,1,100
2021-06-18 09:46:48,S,1100.95,1,4
2021-06-18 09:46:48,B,1098.6,1,7
2021-06-18 09:46:48,B,1098.2,2,5
2021-06-18 09:46:48,B,1098.15,2,8
2021-06-18 09:46:48,B,1098.05,2,57
2021-06-18 09:46:48,B,1098.0,3,237
2021-06-18 09:46:48,S,1099.95,2,34
2021-06-18 09:46:48,S,1100.0,3,210
2021-06-18 09:46:48,S,1100.35,2,7
2021-06-18 09:46:48,S,1100.4,1,100
2021-06-18 09:46:48,S,1100.95,1,4
2021-06-18 09:46:48,B,1098.6,1,7
2021-06-18 09:46:48,B,1098.2,2,5
2021-06-18 09:46:48,B,1098.15,2,8
2021-06-18 09:46:48,B,1098.05,2,57
2021-06-18 09:46:48,B,1098.0,3,237
2021-06-18 09:46:49,S,1099.95,2,34
2021-06-18 09:46:49,S,1100.0,3,210
2021-06-18 09:46:49,S,1100.35,2,7
2021-06-18 09:46:49,S,1100.4,1,100
2021-06-18 09:46:49,S,1100.95,1,4
2021-06-18 09:46:49,B,1098.6,1,7
2021-06-18 09:46:49,B,1098.2,2,5
2021-06-18 09:46:49,B,1098.15,2,8
2021-06-18 09:46:49,B,1098.05,2,57
2021-06-18 09:46:49,B,1098.0,3,237
2021-06-18 09:46:49,S,1099.95,2,34
2021-06-18 09:46:49,S,1100.0,3,210
2021-06-18 09:46:49,S,1100.35,2,7
2021-06-18 09:46:49,S,1100.4,1,100
2021-06-18 09:46:49,S,1100.95,1,4
2021-06-18 09:46:49,B,1098.6,1,7
2021-06-18 09:46:49,B,1098.2,2,5
2021-06-18 09:46:49,B,1098.15,2,8
2021-06-18 09:46:49,B,1098.05,2,57
2021-06-18 09:46:49,B,1098.0,3,237
2021-06-18 09:46:50,S,1099.95,2,34
2021-06-18 09:46:50,S,1100.0,3,210
2021-06-18 09:46:50,S,1100.35,2,7
2021-06-18 09:46:50,S,1100.4,1,100
2021-06-18 09:46:50,S,1100.95,1,4
2021-06-18 09:46:50,B,1098.6,1,7
2021-06-18 09:46:50,B,1098.2,2,5
2021-06-18 09:46:50,B,1098.15,2,8
2021-06-18 09:46:50,B,1098.05,2,57
2021-06-18 09:46:50,B,1098.0,3,237
2021-06-18 09:46:50,S,1099.95,2,34
2021-06-18 09:46:50,S,1100.0,3,210
2021-06-18 09:46:50,S,1100.35,2,7
2021-06-18 09:46:50,S,1100.4,1,100
2021-06-18 09:46:50,S,1100.95,1,4
2021-06-18 09:46:50,B,1098.6,1,7
2021-06-18 09:46:50,B,1098.2,2,5
2021-06-18 09:46:50,B,1098.15,2,8
2021-06-18 09:46:50,B,1098.05,2,57
2021-06-18 09:46:50,B,1098.0,3,237
2021-06-18 09:46:51,S,1097.4,1,4
2021-06-18 09:46:51,S,1097.45,1,4
2021-06-18 09:46:51,S,1098.25,2,8
2021-06-18 09:46:51,S,1098.3,2,5
2021-06-18 09:46:51,S,1098.5,1,7
2021-06-18 09:46:51,B,1095.55,1,3
2021-06-18 09:46:51,B,1095.5,2,14
2021-06-18 09:46:51,B,1094.35,1,2
2021-06-18 09:46:51,B,1094.25,1,14
2021-06-18 09:46:51,B,1094.15,1,13
2021-06-18 09:46:51,S,1097.4,1,4
2021-06-18 09:46:51,S,1097.45,1,4
2021-06-18 09:46:51,S,1098.25,2,8
2021-06-18 09:46:51,S,1098.3,2,5
2021-06-18 09:46:51,S,1098.5,1,7
2021-06-18 09:46:51,B,1095.55,1,3
2021-06-18 09:46:51,B,1095.5,2,14
2021-06-18 09:46:51,B,1094.35,1,2
2021-06-18 09:46:51,B,1094.25,1,14
2021-06-18 09:46:51,B,1094.15,1,13
2021-06-18 09:46:51,S,1097.4,1,4
2021-06-18 09:46:51,S,1097.45,1,4
2021-06-18 09:46:51,S,1098.25,2,8
2021-06-18 09:46:51,S,1098.3,2,5
2021-06-18 09:46:51,S,1098.5,1,7
2021-06-18 09:46:51,B,1095.55,1,3
2021-06-18 09:46:51,B,1095.5,2,14
2021-06-18 09:46:51,B,1094.35,1,2
2021-06-18 09:46:51,B,1094.25,1,14
2021-06-18 09:46:51,B,1094.15,1,13
2021-06-18 09:46:51,S,1097.4,1,4
2021-06-18 09:46:51,S,1097.45,1,4
2021-06-18 09:46:51,S,1098.25,2,8
2021-06-18 09:46:51,S,1098.3,2,5
2021-06-18 09:46:51,S,1098.5,1,7
2021-06-18 09:46:51,B,1095.55,1,3
2021-06-18 09:46:51,B,1095.5,2,14
2021-06-18 09:46:51,B,1094.35,1,2
2021-06-18 09:46:51,B,1094.25,1,14
2021-06-18 09:46:51,B,1094.15,1,13
2021-06-18 09:46:52,S,1097.4,1,4
2021-06-18 09:46:52,S,1097.45,1,4
2021-06-18 09:46:52,S,1098.25,2,8
2021-06-18 09:46:52,S,1098.3,2,5
2021-06-18 09:46:52,S,1098.5,1,7
2021-06-18 09:46:52,B,1095.55,1,3
2021-06-18 09:46:52,B,1095.5,2,14
2021-06-18 09:46:52,B,1094.35,1,2
2021-06-18 09:46:52,B,1094.25,1,14
2021-06-18 09:46:52,B,1094.15,1,13
2021-06-18 09:46:52,S,1097.4,1,4
2021-06-18 09:46:52,S,1097.45,1,4
2021-06-18 09:46:52,S,1098.25,2,8
2021-06-18 09:46:52,S,1098.3,2,5
2021-06-18 09:46:52,S,1098.5,1,7
2021-06-18 09:46:52,B,1095.55,1,3
2021-06-18 09:46:52,B,1095.5,2,14
2021-06-18 09:46:52,B,1094.35,1,2
2021-06-18 09:46:52,B,1094.25,1,14
2021-06-18 09:46:52,B,1094.15,1,13
2021-06-18 09:46:53,S,1097.4,1,4
2021-06-18 09:46:53,S,1097.45,1,4
2021-06-18 09:46:53,S,1098.25,2,8
2021-06-18 09:46:53,S,1098.3,2,5
2021-06-18 09:46:53,S,1098.5,1,7
2021-06-18 09:46:53,B,1095.55,1,3
2021-06-18 09:46:53,B,1095.5,2,14
2021-06-18 09:46:53,B,1094.35,1,2
2021-06-18 09:46:53,B,1094.25,1,14
2021-06-18 09:46:53,B,1094.15,1,13
2021-06-18 09:46:53,S,1097.4,1,4
2021-06-18 09:46:53,S,1097.45,1,4
2021-06-18 09:46:53,S,1098.25,2,8
2021-06-18 09:46:53,S,1098.3,2,5
2021-06-18 09:46:53,S,1098.5,1,7
2021-06-18 09:46:53,B,1095.55,1,3
2021-06-18 09:46:53,B,1095.5,2,14
2021-06-18 09:46:53,B,1094.35,1,2
2021-06-18 09:46:53,B,1094.25,1,14
2021-06-18 09:46:53,B,1094.15,1,13
2021-06-18 09:46:54,S,1097.3,2,19
2021-06-18 09:46:54,S,1097.8,4,27
2021-06-18 09:46:54,S,1097.85,1,8
2021-06-18 09:46:54,S,1097.95,2,4
2021-06-18 09:46:54,S,1098.0,1,4
2021-06-18 09:46:54,B,1094.6,1,4
2021-06-18 09:46:54,B,1094.55,2,17
2021-06-18 09:46:54,B,1093.75,1,2
2021-06-18 09:46:54,B,1093.7,2,2
2021-06-18 09:46:54,B,1093.4,1,4
2021-06-18 09:46:54,S,1097.3,2,19
2021-06-18 09:46:54,S,1097.8,4,27
2021-06-18 09:46:54,S,1097.85,1,8
2021-06-18 09:46:54,S,1097.95,2,4
2021-06-18 09:46:54,S,1098.0,1,4
2021-06-18 09:46:54,B,1094.6,1,4
2021-06-18 09:46:54,B,1094.55,2,17
2021-06-18 09:46:54,B,1093.75,1,2
2021-06-18 09:46:54,B,1093.7,2,2
2021-06-18 09:46:54,B,1093.4,1,4
2021-06-18 09:46:54,S,1097.3,2,19
2021-06-18 09:46:54,S,1097.8,4,27
2021-06-18 09:46:54,S,1097.85,1,8
2021-06-18 09:46:54,S,1097.95,2,4
2021-06-18 09:46:54,S,1098.0,1,4
2021-06-18 09:46:54,B,1094.6,1,4
2021-06-18 09:46:54,B,1094.55,2,17
2021-06-18 09:46:54,B,1093.75,1,2
2021-06-18 09:46:54,B,1093.7,2,2
2021-06-18 09:46:54,B,1093.4,1,4
2021-06-18 09:46:54,S,1097.3,2,19
2021-06-18 09:46:54,S,1097.8,4,27
2021-06-18 09:46:54,S,1097.85,1,8
2021-06-18 09:46:54,S,1097.95,2,4
2021-06-18 09:46:54,S,1098.0,1,4
2021-06-18 09:46:54,B,1094.6,1,4
2021-06-18 09:46:54,B,1094.55,2,17
2021-06-18 09:46:54,B,1093.75,1,2
2021-06-18 09:46:54,B,1093.7,2,2
2021-06-18 09:46:54,B,1093.4,1,4
2021-06-18 09:46:58,S,1097.3,2,19
2021-06-18 09:46:58,S,1097.8,4,27
2021-06-18 09:46:58,S,1097.85,1,8
2021-06-18 09:46:58,S,1097.95,2,4
2021-06-18 09:46:58,S,1098.0,1,4
2021-06-18 09:46:58,B,1094.6,1,4
2021-06-18 09:46:58,B,1094.55,2,17
2021-06-18 09:46:58,B,1093.75,1,2
2021-06-18 09:46:58,B,1093.7,2,2
2021-06-18 09:46:58,B,1093.4,1,4
2021-06-18 09:46:58,S,1097.3,2,19
2021-06-18 09:46:58,S,1097.8,4,27
2021-06-18 09:46:58,S,1097.85,1,8
2021-06-18 09:46:58,S,1097.95,2,4
2021-06-18 09:46:58,S,1098.0,1,4
2021-06-18 09:46:58,B,1094.6,1,4
2021-06-18 09:46:58,B,1094.55,2,17
2021-06-18 09:46:58,B,1093.75,1,2
2021-06-18 09:46:58,B,1093.7,2,2
2021-06-18 09:46:58,B,1093.4,1,4
2021-06-18 09:47:00,S,1095.15,1,8
2021-06-18 09:47:00,S,1095.2,2,13
2021-06-18 09:47:00,S,1095.25,1,7
2021-06-18 09:47:00,S,1095.55,1,25
2021-06-18 09:47:00,S,1096.1,2,6
2021-06-18 09:47:00,B,1093.7,1,1
2021-06-18 09:47:00,B,1093.25,1,2
2021-06-18 09:47:00,B,1093.15,1,7
2021-06-18 09:47:00,B,1093.0,1,30
2021-06-18 09:47:00,B,1092.6,1,4
2021-06-18 09:47:00,S,1095.15,1,8
2021-06-18 09:47:00,S,1095.2,2,13
2021-06-18 09:47:00,S,1095.25,1,7
2021-06-18 09:47:00,S,1095.55,1,25
2021-06-18 09:47:00,S,1096.1,2,6
2021-06-18 09:47:00,B,1093.7,1,1
2021-06-18 09:47:00,B,1093.25,1,2
2021-06-18 09:47:00,B,1093.15,1,7
2021-06-18 09:47:00,B,1093.0,1,30
2021-06-18 09:47:00,B,1092.6,1,4
2021-06-18 09:47:03,S,1095.05,1,8
2021-06-18 09:47:03,S,1095.1,2,12
2021-06-18 09:47:03,S,1095.15,1,6
2021-06-18 09:47:03,S,1095.2,1,8
2021-06-18 09:47:03,S,1095.55,2,29
2021-06-18 09:47:03,B,1093.7,1,1
2021-06-18 09:47:03,B,1093.35,2,6
2021-06-18 09:47:03,B,1093.25,2,3
2021-06-18 09:47:03,B,1093.15,1,7
2021-06-18 09:47:03,B,1093.0,1,30
2021-06-18 09:47:03,S,1095.05,1,8
2021-06-18 09:47:03,S,1095.1,2,12
2021-06-18 09:47:03,S,1095.15,1,6
2021-06-18 09:47:03,S,1095.2,1,8
2021-06-18 09:47:03,S,1095.55,2,29
2021-06-18 09:47:03,B,1093.7,1,1
2021-06-18 09:47:03,B,1093.35,2,6
2021-06-18 09:47:03,B,1093.25,2,3
2021-06-18 09:47:03,B,1093.15,1,7
2021-06-18 09:47:03,B,1093.0,1,30
2021-06-18 09:47:04,S,1095.05,1,8
2021-06-18 09:47:04,S,1095.1,2,12
2021-06-18 09:47:04,S,1095.15,1,6
2021-06-18 09:47:04,S,1095.2,1,8
2021-06-18 09:47:04,S,1095.55,2,29
2021-06-18 09:47:04,B,1093.7,1,1
2021-06-18 09:47:04,B,1093.35,2,6
2021-06-18 09:47:04,B,1093.25,2,3
2021-06-18 09:47:04,B,1093.15,1,7
2021-06-18 09:47:04,B,1093.0,1,30
2021-06-18 09:47:04,S,1095.05,1,8
2021-06-18 09:47:04,S,1095.1,2,12
2021-06-18 09:47:04,S,1095.15,1,6
2021-06-18 09:47:04,S,1095.2,1,8
2021-06-18 09:47:04,S,1095.55,2,29
2021-06-18 09:47:04,B,1093.7,1,1
2021-06-18 09:47:04,B,1093.35,2,6
2021-06-18 09:47:04,B,1093.25,2,3
2021-06-18 09:47:04,B,1093.15,1,7
2021-06-18 09:47:04,B,1093.0,1,30
2021-06-18 09:47:05,S,1095.05,1,8
2021-06-18 09:47:05,S,1095.1,2,12
2021-06-18 09:47:05,S,1095.15,1,6
2021-06-18 09:47:05,S,1095.2,1,8
2021-06-18 09:47:05,S,1095.55,2,29
2021-06-18 09:47:05,B,1093.7,1,1
2021-06-18 09:47:05,B,1093.35,2,6
2021-06-18 09:47:05,B,1093.25,2,3
2021-06-18 09:47:05,B,1093.15,1,7
2021-06-18 09:47:05,B,1093.0,1,30
2021-06-18 09:47:05,S,1095.05,1,8
2021-06-18 09:47:05,S,1095.1,2,12
2021-06-18 09:47:05,S,1095.15,1,6
2021-06-18 09:47:05,S,1095.2,1,8
2021-06-18 09:47:05,S,1095.55,2,29
2021-06-18 09:47:05,B,1093.7,1,1
2021-06-18 09:47:05,B,1093.35,2,6
2021-06-18 09:47:05,B,1093.25,2,3
2021-06-18 09:47:05,B,1093.15,1,7
2021-06-18 09:47:05,B,1093.0,1,30
2021-06-18 09:47:06,S,1096.8,1,8
2021-06-18 09:47:06,S,1096.85,1,7
2021-06-18 09:47:06,S,1096.9,2,24
2021-06-18 09:47:06,S,1096.95,1,6
2021-06-18 09:47:06,S,1097.0,1,2
2021-06-18 09:47:06,B,1095.0,1,5
2021-06-18 09:47:06,B,1094.55,2,9
2021-06-18 09:47:06,B,1094.0,2,19
2021-06-18 09:47:06,B,1093.95,2,5
2021-06-18 09:47:06,B,1093.85,1,4
2021-06-18 09:47:06,S,1096.8,1,8
2021-06-18 09:47:06,S,1096.85,1,7
2021-06-18 09:47:06,S,1096.9,2,24
2021-06-18 09:47:06,S,1096.95,1,6
2021-06-18 09:47:06,S,1097.0,1,2
2021-06-18 09:47:06,B,1095.0,1,5
2021-06-18 09:47:06,B,1094.55,2,9
2021-06-18 09:47:06,B,1094.0,2,19
2021-06-18 09:47:06,B,1093.95,2,5
2021-06-18 09:47:06,B,1093.85,1,4
2021-06-18 09:47:08,S,1096.8,1,8
2021-06-18 09:47:08,S,1096.85,1,7
2021-06-18 09:47:08,S,1096.9,2,24
2021-06-18 09:47:08,S,1096.95,1,6
2021-06-18 09:47:08,S,1097.0,1,2
2021-06-18 09:47:08,B,1095.0,1,5
2021-06-18 09:47:08,B,1094.55,2,9
2021-06-18 09:47:08,B,1094.0,2,19
2021-06-18 09:47:08,B,1093.95,2,5
2021-06-18 09:47:08,B,1093.85,1,4
2021-06-18 09:47:08,S,1096.8,1,8
2021-06-18 09:47:08,S,1096.85,1,7
2021-06-18 09:47:08,S,1096.9,2,24
2021-06-18 09:47:08,S,1096.95,1,6
2021-06-18 09:47:08,S,1097.0,1,2
2021-06-18 09:47:08,B,1095.0,1,5
2021-06-18 09:47:08,B,1094.55,2,9
2021-06-18 09:47:08,B,1094.0,2,19
2021-06-18 09:47:08,B,1093.95,2,5
2021-06-18 09:47:08,B,1093.85,1,4
2021-06-18 09:47:09,S,1096.95,2,9
2021-06-18 09:47:09,S,1097.0,2,9
2021-06-18 09:47:09,S,1097.05,1,7
2021-06-18 09:47:09,S,1097.1,1,3
2021-06-18 09:47:09,S,1097.7,1,3
2021-06-18 09:47:09,B,1095.15,1,8
2021-06-18 09:47:09,B,1095.1,2,6
2021-06-18 09:47:09,B,1094.65,1,1
2021-06-18 09:47:09,B,1094.6,2,16
2021-06-18 09:47:09,B,1094.5,1,4
2021-06-18 09:47:09,S,1096.95,2,9
2021-06-18 09:47:09,S,1097.0,2,9
2021-06-18 09:47:09,S,1097.05,1,7
2021-06-18 09:47:09,S,1097.1,1,3
2021-06-18 09:47:09,S,1097.7,1,3
2021-06-18 09:47:09,B,1095.15,1,8
2021-06-18 09:47:09,B,1095.1,2,6
2021-06-18 09:47:09,B,1094.65,1,1
2021-06-18 09:47:09,B,1094.6,2,16
2021-06-18 09:47:09,B,1094.5,1,4
2021-06-18 09:47:12,S,1096.95,2,9
2021-06-18 09:47:12,S,1097.0,2,9
2021-06-18 09:47:12,S,1097.05,1,7
2021-06-18 09:47:12,S,1097.1,1,3
2021-06-18 09:47:12,S,1097.2,1,5
2021-06-18 09:47:12,B,1095.5,1,5
2021-06-18 09:47:12,B,1095.15,1,8
2021-06-18 09:47:12,B,1095.1,1,1
2021-06-18 09:47:12,B,1094.65,1,1
2021-06-18 09:47:12,B,1094.6,2,16
2021-06-18 09:47:12,S,1096.95,2,9
2021-06-18 09:47:12,S,1097.0,2,9
2021-06-18 09:47:12,S,1097.05,1,7
2021-06-18 09:47:12,S,1097.1,1,3
2021-06-18 09:47:12,S,1097.2,1,5
2021-06-18 09:47:12,B,1095.5,1,5
2021-06-18 09:47:12,B,1095.15,1,8
2021-06-18 09:47:12,B,1095.1,1,1
2021-06-18 09:47:12,B,1094.65,1,1
2021-06-18 09:47:12,B,1094.6,2,16
2021-06-18 09:47:13,S,1096.95,2,9
2021-06-18 09:47:13,S,1097.0,2,9
2021-06-18 09:47:13,S,1097.05,1,7
2021-06-18 09:47:13,S,1097.1,1,3
2021-06-18 09:47:13,S,1097.2,1,5
2021-06-18 09:47:13,B,1095.5,1,5
2021-06-18 09:47:13,B,1095.15,1,8
2021-06-18 09:47:13,B,1095.1,1,1
2021-06-18 09:47:13,B,1094.65,1,1
2021-06-18 09:47:13,B,1094.6,2,16
2021-06-18 09:47:13,S,1096.95,2,9
2021-06-18 09:47:13,S,1097.0,2,9
2021-06-18 09:47:13,S,1097.05,1,7
2021-06-18 09:47:13,S,1097.1,1,3
2021-06-18 09:47:13,S,1097.2,1,5
2021-06-18 09:47:13,B,1095.5,1,5
2021-06-18 09:47:13,B,1095.15,1,8
2021-06-18 09:47:13,B,1095.1,1,1
2021-06-18 09:47:13,B,1094.65,1,1
2021-06-18 09:47:13,B,1094.6,2,16
2021-06-18 09:47:16,S,1096.9,1,5
2021-06-18 09:47:16,S,1096.95,1,7
2021-06-18 09:47:16,S,1097.0,3,17
2021-06-18 09:47:16,S,1097.05,1,7
2021-06-18 09:47:16,S,1097.1,1,3
2021-06-18 09:47:16,B,1094.65,1,8
2021-06-18 09:47:16,B,1094.6,2,16
2021-06-18 09:47:16,B,1094.45,1,4
2021-06-18 09:47:16,B,1094.05,1,4
2021-06-18 09:47:16,B,1094.0,2,7
2021-06-18 09:47:16,S,1096.9,1,5
2021-06-18 09:47:16,S,1096.95,1,7
2021-06-18 09:47:16,S,1097.0,3,17
2021-06-18 09:47:16,S,1097.05,1,7
2021-06-18 09:47:16,S,1097.1,1,3
2021-06-18 09:47:16,B,1094.65,1,8
2021-06-18 09:47:16,B,1094.6,2,16
2021-06-18 09:47:16,B,1094.45,1,4
2021-06-18 09:47:16,B,1094.05,1,4
2021-06-18 09:47:16,B,1094.0,2,7
2021-06-18 09:47:18,S,1096.9,1,5
2021-06-18 09:47:18,S,1096.95,1,7
2021-06-18 09:47:18,S,1097.0,3,17
2021-06-18 09:47:18,S,1097.05,1,7
2021-06-18 09:47:18,S,1097.1,1,3
2021-06-18 09:47:18,B,1094.65,1,8
2021-06-18 09:47:18,B,1094.6,2,16
2021-06-18 09:47:18,B,1094.45,1,4
2021-06-18 09:47:18,B,1094.05,1,4
2021-06-18 09:47:18,B,1094.0,2,7
2021-06-18 09:47:18,S,1096.9,1,5
2021-06-18 09:47:18,S,1096.95,1,7
2021-06-18 09:47:18,S,1097.0,3,17
2021-06-18 09:47:18,S,1097.05,1,7
2021-06-18 09:47:18,S,1097.1,1,3
2021-06-18 09:47:18,B,1094.65,1,8
2021-06-18 09:47:18,B,1094.6,2,16
2021-06-18 09:47:18,B,1094.45,1,4
2021-06-18 09:47:18,B,1094.05,1,4
2021-06-18 09:47:18,B,1094.0,2,7
2021-06-18 09:47:19,S,1096.95,1,2
2021-06-18 09:47:19,S,1097.0,2,9
2021-06-18 09:47:19,S,1097.9,1,1
2021-06-18 09:47:19,S,1097.95,1,3
2021-06-18 09:47:19,S,1098.45,1,2
2021-06-18 09:47:19,B,1095.4,1,8
2021-06-18 09:47:19,B,1095.35,1,10
2021-06-18 09:47:19,B,1095.3,2,5
2021-06-18 09:47:19,B,1095.25,1,7
2021-06-18 09:47:19,B,1095.2,1,7
2021-06-18 09:47:19,S,1096.95,1,2
2021-06-18 09:47:19,S,1097.0,2,9
2021-06-18 09:47:19,S,1097.9,1,1
2021-06-18 09:47:19,S,1097.95,1,3
2021-06-18 09:47:19,S,1098.45,1,2
2021-06-18 09:47:19,B,1095.4,1,8
2021-06-18 09:47:19,B,1095.35,1,10
2021-06-18 09:47:19,B,1095.3,2,5
2021-06-18 09:47:19,B,1095.25,1,7
2021-06-18 09:47:19,B,1095.2,1,7
2021-06-18 09:47:20,S,1096.95,1,2
2021-06-18 09:47:20,S,1097.0,2,9
2021-06-18 09:47:20,S,1097.9,1,1
2021-06-18 09:47:20,S,1097.95,1,3
2021-06-18 09:47:20,S,1098.45,1,2
2021-06-18 09:47:20,B,1095.4,1,8
2021-06-18 09:47:20,B,1095.35,1,10
2021-06-18 09:47:20,B,1095.3,2,5
2021-06-18 09:47:20,B,1095.25,1,7
2021-06-18 09:47:20,B,1095.2,1,7
2021-06-18 09:47:20,S,1096.95,1,2
2021-06-18 09:47:20,S,1097.0,2,9
2021-06-18 09:47:20,S,1097.9,1,1
2021-06-18 09:47:20,S,1097.95,1,3
2021-06-18 09:47:20,S,1098.45,1,2
2021-06-18 09:47:20,B,1095.4,1,8
2021-06-18 09:47:20,B,1095.35,1,10
2021-06-18 09:47:20,B,1095.3,2,5
2021-06-18 09:47:20,B,1095.25,1,7
2021-06-18 09:47:20,B,1095.2,1,7
2021-06-18 09:47:21,S,1096.95,1,2
2021-06-18 09:47:21,S,1097.0,2,9
2021-06-18 09:47:21,S,1097.9,1,1
2021-06-18 09:47:21,S,1097.95,1,3
2021-06-18 09:47:21,S,1098.45,1,2
2021-06-18 09:47:21,B,1095.4,1,8
2021-06-18 09:47:21,B,1095.35,1,10
2021-06-18 09:47:21,B,1095.3,2,5
2021-06-18 09:47:21,B,1095.25,1,7
2021-06-18 09:47:21,B,1095.2,1,7
2021-06-18 09:47:21,S,1096.95,1,2
2021-06-18 09:47:21,S,1097.0,2,9
2021-06-18 09:47:21,S,1097.9,1,1
2021-06-18 09:47:21,S,1097.95,1,3
2021-06-18 09:47:21,S,1098.45,1,2
2021-06-18 09:47:21,B,1095.4,1,8
2021-06-18 09:47:21,B,1095.35,1,10
2021-06-18 09:47:21,B,1095.3,2,5
2021-06-18 09:47:21,B,1095.25,1,7
2021-06-18 09:47:21,B,1095.2,1,7
2021-06-18 09:47:22,S,1096.95,1,6
2021-06-18 09:47:22,S,1097.0,2,9
2021-06-18 09:47:22,S,1097.05,2,14
2021-06-18 09:47:22,S,1097.75,1,3
2021-06-18 09:47:22,S,1097.9,1,1
2021-06-18 09:47:22,B,1095.4,1,8
2021-06-18 09:47:22,B,1095.35,1,14
2021-06-18 09:47:22,B,1095.3,2,5
2021-06-18 09:47:22,B,1095.25,1,7
2021-06-18 09:47:22,B,1095.2,1,7
2021-06-18 09:47:22,S,1096.95,1,6
2021-06-18 09:47:22,S,1097.0,2,9
2021-06-18 09:47:22,S,1097.05,2,14
2021-06-18 09:47:22,S,1097.75,1,3
2021-06-18 09:47:22,S,1097.9,1,1
2021-06-18 09:47:22,B,1095.4,1,8
2021-06-18 09:47:22,B,1095.35,1,14
2021-06-18 09:47:22,B,1095.3,2,5
2021-06-18 09:47:22,B,1095.25,1,7
2021-06-18 09:47:22,B,1095.2,1,7
2021-06-18 09:47:25,S,1096.95,1,6
2021-06-18 09:47:25,S,1097.0,2,9
2021-06-18 09:47:25,S,1097.05,2,14
2021-06-18 09:47:25,S,1097.75,1,3
2021-06-18 09:47:25,S,1097.9,1,1
2021-06-18 09:47:25,B,1095.4,1,8
2021-06-18 09:47:25,B,1095.35,1,14
2021-06-18 09:47:25,B,1095.3,2,5
2021-06-18 09:47:25,B,1095.25,1,7
2021-06-18 09:47:25,B,1095.2,1,7
2021-06-18 09:47:25,S,1096.95,1,6
2021-06-18 09:47:25,S,1097.0,2,9
2021-06-18 09:47:25,S,1097.05,2,14
2021-06-18 09:47:25,S,1097.75,1,3
2021-06-18 09:47:25,S,1097.9,1,1
2021-06-18 09:47:25,B,1095.4,1,8
2021-06-18 09:47:25,B,1095.35,1,14
2021-06-18 09:47:25,B,1095.3,2,5
2021-06-18 09:47:25,B,1095.25,1,7
2021-06-18 09:47:25,B,1095.2,1,7
2021-06-18 09:47:26,S,1096.95,1,6
2021-06-18 09:47:26,S,1097.0,2,9
2021-06-18 09:47:26,S,1097.05,2,14
2021-06-18 09:47:26,S,1097.75,1,3
2021-06-18 09:47:26,S,1097.9,1,1
2021-06-18 09:47:26,B,1095.4,1,8
2021-06-18 09:47:26,B,1095.35,1,14
2021-06-18 09:47:26,B,1095.3,2,5
2021-06-18 09:47:26,B,1095.25,1,7
2021-06-18 09:47:26,B,1095.2,1,7
2021-06-18 09:47:26,S,1096.95,1,6
2021-06-18 09:47:26,S,1097.0,2,9
2021-06-18 09:47:26,S,1097.05,2,14
2021-06-18 09:47:26,S,1097.75,1,3
2021-06-18 09:47:26,S,1097.9,1,1
2021-06-18 09:47:26,B,1095.4,1,8
2021-06-18 09:47:26,B,1095.35,1,14
2021-06-18 09:47:26,B,1095.3,2,5
2021-06-18 09:47:26,B,1095.25,1,7
2021-06-18 09:47:26,B,1095.2,1,7
2021-06-18 09:47:29,S,1096.95,1,8
2021-06-18 09:47:29,S,1097.0,2,9
2021-06-18 09:47:29,S,1097.05,2,14
2021-06-18 09:47:29,S,1097.3,1,5
2021-06-18 09:47:29,S,1097.75,1,3
2021-06-18 09:47:29,B,1095.4,1,8
2021-06-18 09:47:29,B,1095.35,1,14
2021-06-18 09:47:29,B,1095.3,2,5
2021-06-18 09:47:29,B,1095.25,1,7
2021-06-18 09:47:29,B,1095.2,1,7
2021-06-18 09:47:29,S,1096.95,1,8
2021-06-18 09:47:29,S,1097.0,2,9
2021-06-18 09:47:29,S,1097.05,2,14
2021-06-18 09:47:29,S,1097.3,1,5
2021-06-18 09:47:29,S,1097.75,1,3
2021-06-18 09:47:29,B,1095.4,1,8
2021-06-18 09:47:29,B,1095.35,1,14
2021-06-18 09:47:29,B,1095.3,2,5
2021-06-18 09:47:29,B,1095.25,1,7
2021-06-18 09:47:29,B,1095.2,1,7
2021-06-18 09:47:31,S,1096.95,1,8
2021-06-18 09:47:31,S,1097.0,2,9
2021-06-18 09:47:31,S,1097.05,2,14
2021-06-18 09:47:31,S,1097.3,1,5
2021-06-18 09:47:31,S,1097.75,1,3
2021-06-18 09:47:31,B,1095.4,1,8
2021-06-18 09:47:31,B,1095.35,1,14
2021-06-18 09:47:31,B,1095.3,2,5
2021-06-18 09:47:31,B,1095.25,1,7
2021-06-18 09:47:31,B,1095.2,1,7
2021-06-18 09:47:31,S,1096.95,1,8
2021-06-18 09:47:31,S,1097.0,2,9
2021-06-18 09:47:31,S,1097.05,2,14
2021-06-18 09:47:31,S,1097.3,1,5
2021-06-18 09:47:31,S,1097.75,1,3
2021-06-18 09:47:31,B,1095.4,1,8
2021-06-18 09:47:31,B,1095.35,1,14
2021-06-18 09:47:31,B,1095.3,2,5
2021-06-18 09:47:31,B,1095.25,1,7
2021-06-18 09:47:31,B,1095.2,1,7
2021-06-18 09:47:31,S,1096.95,1,8
2021-06-18 09:47:31,S,1097.0,2,9
2021-06-18 09:47:31,S,1097.05,2,14
2021-06-18 09:47:31,S,1097.3,1,5
2021-06-18 09:47:31,S,1097.75,1,3
2021-06-18 09:47:31,B,1095.4,1,8
2021-06-18 09:47:31,B,1095.35,1,14
2021-06-18 09:47:31,B,1095.3,2,5
2021-06-18 09:47:31,B,1095.25,1,7
2021-06-18 09:47:31,B,1095.2,1,7
2021-06-18 09:47:31,S,1096.95,1,8
2021-06-18 09:47:31,S,1097.0,2,9
2021-06-18 09:47:31,S,1097.05,2,14
2021-06-18 09:47:31,S,1097.3,1,5
2021-06-18 09:47:31,S,1097.75,1,3
2021-06-18 09:47:31,B,1095.4,1,8
2021-06-18 09:47:31,B,1095.35,1,14
2021-06-18 09:47:31,B,1095.3,2,5
2021-06-18 09:47:31,B,1095.25,1,7
2021-06-18 09:47:31,B,1095.2,1,7
2021-06-18 09:47:33,S,1096.95,1,7
2021-06-18 09:47:33,S,1097.0,2,9
2021-06-18 09:47:33,S,1097.05,2,14
2021-06-18 09:47:33,S,1097.25,1,5
2021-06-18 09:47:33,S,1097.75,1,3
2021-06-18 09:47:33,B,1095.4,1,8
2021-06-18 09:47:33,B,1095.35,2,15
2021-06-18 09:47:33,B,1095.3,2,5
2021-06-18 09:47:33,B,1095.25,1,7
2021-06-18 09:47:33,B,1095.2,1,7
2021-06-18 09:47:33,S,1096.95,1,7
2021-06-18 09:47:33,S,1097.0,2,9
2021-06-18 09:47:33,S,1097.05,2,14
2021-06-18 09:47:33,S,1097.25,1,5
2021-06-18 09:47:33,S,1097.75,1,3
2021-06-18 09:47:33,B,1095.4,1,8
2021-06-18 09:47:33,B,1095.35,2,15
2021-06-18 09:47:33,B,1095.3,2,5
2021-06-18 09:47:33,B,1095.25,1,7
2021-06-18 09:47:33,B,1095.2,1,7
2021-06-18 09:47:36,S,1096.0,1,30
2021-06-18 09:47:36,S,1096.05,1,7
2021-06-18 09:47:36,S,1096.1,1,5
2021-06-18 09:47:36,S,1096.65,1,7
2021-06-18 09:47:36,S,1096.7,1,3
2021-06-18 09:47:36,B,1095.15,2,8
2021-06-18 09:47:36,B,1095.1,1,4
2021-06-18 09:47:36,B,1095.0,1,100
2021-06-18 09:47:36,B,1094.5,1,8
2021-06-18 09:47:36,B,1094.45,1,4
2021-06-18 09:47:36,S,1096.0,1,30
2021-06-18 09:47:36,S,1096.05,1,7
2021-06-18 09:47:36,S,1096.1,1,5
2021-06-18 09:47:36,S,1096.65,1,7
2021-06-18 09:47:36,S,1096.7,1,3
2021-06-18 09:47:36,B,1095.15,2,8
2021-06-18 09:47:36,B,1095.1,1,4
2021-06-18 09:47:36,B,1095.0,1,100
2021-06-18 09:47:36,B,1094.5,1,8
2021-06-18 09:47:36,B,1094.45,1,4
2021-06-18 09:47:36,S,1096.0,1,30
2021-06-18 09:47:36,S,1096.05,1,7
2021-06-18 09:47:36,S,1096.1,1,5
2021-06-18 09:47:36,S,1096.65,1,7
2021-06-18 09:47:36,S,1096.7,1,3
2021-06-18 09:47:36,B,1095.15,2,8
2021-06-18 09:47:36,B,1095.1,1,4
2021-06-18 09:47:36,B,1095.0,1,100
2021-06-18 09:47:36,B,1094.5,1,8
2021-06-18 09:47:36,B,1094.45,1,4
2021-06-18 09:47:36,S,1096.0,1,30
2021-06-18 09:47:36,S,1096.05,1,7
2021-06-18 09:47:36,S,1096.1,1,5
2021-06-18 09:47:36,S,1096.65,1,7
2021-06-18 09:47:36,S,1096.7,1,3
2021-06-18 09:47:36,B,1095.15,2,8
2021-06-18 09:47:36,B,1095.1,1,4
2021-06-18 09:47:36,B,1095.0,1,100
2021-06-18 09:47:36,B,1094.5,1,8
2021-06-18 09:47:36,B,1094.45,1,4
2021-06-18 09:47:39,S,1096.0,1,30
2021-06-18 09:47:39,S,1096.05,1,7
2021-06-18 09:47:39,S,1096.3,1,7
2021-06-18 09:47:39,S,1096.35,1,5
2021-06-18 09:47:39,S,1096.7,1,3
2021-06-18 09:47:39,B,1095.1,1,4
2021-06-18 09:47:39,B,1095.0,2,101
2021-06-18 09:47:39,B,1094.5,1,8
2021-06-18 09:47:39,B,1094.45,1,4
2021-06-18 09:47:39,B,1094.0,2,7
2021-06-18 09:47:39,S,1096.0,1,30
2021-06-18 09:47:39,S,1096.05,1,7
2021-06-18 09:47:39,S,1096.3,1,7
2021-06-18 09:47:39,S,1096.35,1,5
2021-06-18 09:47:39,S,1096.7,1,3
2021-06-18 09:47:39,B,1095.1,1,4
2021-06-18 09:47:39,B,1095.0,2,101
2021-06-18 09:47:39,B,1094.5,1,8
2021-06-18 09:47:39,B,1094.45,1,4
2021-06-18 09:47:39,B,1094.0,2,7
2021-06-18 09:47:42,S,1096.1,1,7
2021-06-18 09:47:42,S,1096.7,1,2
2021-06-18 09:47:42,S,1096.95,1,1
2021-06-18 09:47:42,S,1097.0,1,2
2021-06-18 09:47:42,S,1097.75,2,4
2021-06-18 09:47:42,B,1095.3,1,8
2021-06-18 09:47:42,B,1095.25,2,11
2021-06-18 09:47:42,B,1095.05,2,12
2021-06-18 09:47:42,B,1095.0,2,101
2021-06-18 09:47:42,B,1094.5,1,2
2021-06-18 09:47:42,S,1096.1,1,7
2021-06-18 09:47:42,S,1096.7,1,2
2021-06-18 09:47:42,S,1096.95,1,1
2021-06-18 09:47:42,S,1097.0,1,2
2021-06-18 09:47:42,S,1097.75,2,4
2021-06-18 09:47:42,B,1095.3,1,8
2021-06-18 09:47:42,B,1095.25,2,11
2021-06-18 09:47:42,B,1095.05,2,12
2021-06-18 09:47:42,B,1095.0,2,101
2021-06-18 09:47:42,B,1094.5,1,2
2021-06-18 09:47:43,S,1096.1,1,7
2021-06-18 09:47:43,S,1096.7,1,2
2021-06-18 09:47:43,S,1096.95,1,1
2021-06-18 09:47:43,S,1097.0,1,2
2021-06-18 09:47:43,S,1097.75,2,4
2021-06-18 09:47:43,B,1095.3,1,8
2021-06-18 09:47:43,B,1095.25,2,11
2021-06-18 09:47:43,B,1095.05,2,12
2021-06-18 09:47:43,B,1095.0,2,101
2021-06-18 09:47:43,B,1094.5,1,2
2021-06-18 09:47:43,S,1096.1,1,7
2021-06-18 09:47:43,S,1096.7,1,2
2021-06-18 09:47:43,S,1096.95,1,1
2021-06-18 09:47:43,S,1097.0,1,2
2021-06-18 09:47:43,S,1097.75,2,4
2021-06-18 09:47:43,B,1095.3,1,8
2021-06-18 09:47:43,B,1095.25,2,11
2021-06-18 09:47:43,B,1095.05,2,12
2021-06-18 09:47:43,B,1095.0,2,101
2021-06-18 09:47:43,B,1094.5,1,2
2021-06-18 09:47:45,S,1094.7,1,8
2021-06-18 09:47:45,S,1094.75,1,3
2021-06-18 09:47:45,S,1094.8,2,10
2021-06-18 09:47:45,S,1094.95,3,13
2021-06-18 09:47:45,S,1095.0,1,63
2021-06-18 09:47:45,B,1093.05,1,5
2021-06-18 09:47:45,B,1093.0,1,30
2021-06-18 09:47:45,B,1092.7,1,1
2021-06-18 09:47:45,B,1092.65,2,5
2021-06-18 09:47:45,B,1092.05,1,4
2021-06-18 09:47:45,S,1094.7,1,8
2021-06-18 09:47:45,S,1094.75,1,3
2021-06-18 09:47:45,S,1094.8,2,10
2021-06-18 09:47:45,S,1094.95,3,13
2021-06-18 09:47:45,S,1095.0,1,63
2021-06-18 09:47:45,B,1093.05,1,5
2021-06-18 09:47:45,B,1093.0,1,30
2021-06-18 09:47:45,B,1092.7,1,1
2021-06-18 09:47:45,B,1092.65,2,5
2021-06-18 09:47:45,B,1092.05,1,4
2021-06-18 09:47:46,S,1094.7,1,8
2021-06-18 09:47:46,S,1094.75,1,3
2021-06-18 09:47:46,S,1094.8,2,10
2021-06-18 09:47:46,S,1094.95,3,13
2021-06-18 09:47:46,S,1095.0,1,63
2021-06-18 09:47:46,B,1093.05,1,5
2021-06-18 09:47:46,B,1093.0,1,30
2021-06-18 09:47:46,B,1092.7,1,1
2021-06-18 09:47:46,B,1092.65,2,5
2021-06-18 09:47:46,B,1092.05,1,4
2021-06-18 09:47:46,S,1094.7,1,8
2021-06-18 09:47:46,S,1094.75,1,3
2021-06-18 09:47:46,S,1094.8,2,10
2021-06-18 09:47:46,S,1094.95,3,13
2021-06-18 09:47:46,S,1095.0,1,63
2021-06-18 09:47:46,B,1093.05,1,5
2021-06-18 09:47:46,B,1093.0,1,30
2021-06-18 09:47:46,B,1092.7,1,1
2021-06-18 09:47:46,B,1092.65,2,5
2021-06-18 09:47:46,B,1092.05,1,4
2021-06-18 09:47:49,S,1094.65,1,8
2021-06-18 09:47:49,S,1094.7,2,4
2021-06-18 09:47:49,S,1094.75,2,4
2021-06-18 09:47:49,S,1094.95,2,12
2021-06-18 09:47:49,S,1095.0,2,83
2021-06-18 09:47:49,B,1093.15,1,1
2021-06-18 09:47:49,B,1093.0,1,26
2021-06-18 09:47:49,B,1092.1,2,6
2021-06-18 09:47:49,B,1092.05,1,4
2021-06-18 09:47:49,B,1092.0,1,65
2021-06-18 09:47:49,S,1094.65,1,8
2021-06-18 09:47:49,S,1094.7,2,4
2021-06-18 09:47:49,S,1094.75,2,4
2021-06-18 09:47:49,S,1094.95,2,12
2021-06-18 09:47:49,S,1095.0,2,83
2021-06-18 09:47:49,B,1093.15,1,1
2021-06-18 09:47:49,B,1093.0,1,26
2021-06-18 09:47:49,B,1092.1,2,6
2021-06-18 09:47:49,B,1092.05,1,4
2021-06-18 09:47:49,B,1092.0,1,65
2021-06-18 09:47:50,S,1094.65,1,8
2021-06-18 09:47:50,S,1094.7,2,4
2021-06-18 09:47:50,S,1094.75,2,4
2021-06-18 09:47:50,S,1094.95,2,12
2021-06-18 09:47:50,S,1095.0,2,83
2021-06-18 09:47:50,B,1093.15,1,1
2021-06-18 09:47:50,B,1093.0,1,26
2021-06-18 09:47:50,B,1092.1,2,6
2021-06-18 09:47:50,B,1092.05,1,4
2021-06-18 09:47:50,B,1092.0,1,65
2021-06-18 09:47:50,S,1094.65,1,8
2021-06-18 09:47:50,S,1094.7,2,4
2021-06-18 09:47:50,S,1094.75,2,4
2021-06-18 09:47:50,S,1094.95,2,12
2021-06-18 09:47:50,S,1095.0,2,83
2021-06-18 09:47:50,B,1093.15,1,1
2021-06-18 09:47:50,B,1093.0,1,26
2021-06-18 09:47:50,B,1092.1,2,6
2021-06-18 09:47:50,B,1092.05,1,4
2021-06-18 09:47:50,B,1092.0,1,65
2021-06-18 09:47:51,S,1094.3,1,8
2021-06-18 09:47:51,S,1094.35,1,5
2021-06-18 09:47:51,S,1094.7,2,4
2021-06-18 09:47:51,S,1094.75,2,4
2021-06-18 09:47:51,S,1094.95,2,12
2021-06-18 09:47:51,B,1093.15,1,1
2021-06-18 09:47:51,B,1093.0,1,26
2021-06-18 09:47:51,B,1092.1,2,6
2021-06-18 09:47:51,B,1092.05,1,4
2021-06-18 09:47:51,B,1092.0,1,65
2021-06-18 09:47:51,S,1094.3,1,8
2021-06-18 09:47:51,S,1094.35,1,5
2021-06-18 09:47:51,S,1094.7,2,4
2021-06-18 09:47:51,S,1094.75,2,4
2021-06-18 09:47:51,S,1094.95,2,12
2021-06-18 09:47:51,B,1093.15,1,1
2021-06-18 09:47:51,B,1093.0,1,26
2021-06-18 09:47:51,B,1092.1,2,6
2021-06-18 09:47:51,B,1092.05,1,4
2021-06-18 09:47:51,B,1092.0,1,65
2021-06-18 09:47:52,S,1094.25,1,5
2021-06-18 09:47:52,S,1094.7,1,8
2021-06-18 09:47:52,S,1094.75,2,4
2021-06-18 09:47:52,S,1094.95,3,15
2021-06-18 09:47:52,S,1095.0,2,83
2021-06-18 09:47:52,B,1093.15,1,1
2021-06-18 09:47:52,B,1093.0,1,26
2021-06-18 09:47:52,B,1092.15,1,3
2021-06-18 09:47:52,B,1092.05,1,4
2021-06-18 09:47:52,B,1092.0,1,65
2021-06-18 09:47:52,S,1094.25,1,5
2021-06-18 09:47:52,S,1094.7,1,8
2021-06-18 09:47:52,S,1094.75,2,4
2021-06-18 09:47:52,S,1094.95,3,15
2021-06-18 09:47:52,S,1095.0,2,83
2021-06-18 09:47:52,B,1093.15,1,1
2021-06-18 09:47:52,B,1093.0,1,26
2021-06-18 09:47:52,B,1092.15,1,3
2021-06-18 09:47:52,B,1092.05,1,4
2021-06-18 09:47:52,B,1092.0,1,65
2021-06-18 09:47:54,S,1094.6,1,8
2021-06-18 09:47:54,S,1094.65,1,2
2021-06-18 09:47:54,S,1094.75,1,3
2021-06-18 09:47:54,S,1094.95,3,13
2021-06-18 09:47:54,S,1095.0,2,83
2021-06-18 09:47:54,B,1093.15,1,1
2021-06-18 09:47:54,B,1092.65,2,9
2021-06-18 09:47:54,B,1092.6,1,8
2021-06-18 09:47:54,B,1092.55,1,1
2021-06-18 09:47:54,B,1092.45,1,1
2021-06-18 09:47:54,S,1094.6,1,8
2021-06-18 09:47:54,S,1094.65,1,2
2021-06-18 09:47:54,S,1094.75,1,3
2021-06-18 09:47:54,S,1094.95,3,13
2021-06-18 09:47:54,S,1095.0,2,83
2021-06-18 09:47:54,B,1093.15,1,1
2021-06-18 09:47:54,B,1092.65,2,9
2021-06-18 09:47:54,B,1092.6,1,8
2021-06-18 09:47:54,B,1092.55,1,1
2021-06-18 09:47:54,B,1092.45,1,1
2021-06-18 09:47:55,S,1094.6,1,8
2021-06-18 09:47:55,S,1094.65,1,2
2021-06-18 09:47:55,S,1094.75,1,3
2021-06-18 09:47:55,S,1094.95,3,13
2021-06-18 09:47:55,S,1095.0,2,83
2021-06-18 09:47:55,B,1093.15,1,1
2021-06-18 09:47:55,B,1092.65,2,9
2021-06-18 09:47:55,B,1092.6,1,8
2021-06-18 09:47:55,B,1092.55,1,1
2021-06-18 09:47:55,B,1092.45,1,1
2021-06-18 09:47:55,S,1094.6,1,8
2021-06-18 09:47:55,S,1094.65,1,2
2021-06-18 09:47:55,S,1094.75,1,3
2021-06-18 09:47:55,S,1094.95,3,13
2021-06-18 09:47:55,S,1095.0,2,83
2021-06-18 09:47:55,B,1093.15,1,1
2021-06-18 09:47:55,B,1092.65,2,9
2021-06-18 09:47:55,B,1092.6,1,8
2021-06-18 09:47:55,B,1092.55,1,1
2021-06-18 09:47:55,B,1092.45,1,1
2021-06-18 09:47:55,S,1092.95,1,6
2021-06-18 09:47:55,S,1093.0,1,200
2021-06-18 09:47:55,S,1094.55,2,9
2021-06-18 09:47:55,S,1094.6,2,13
2021-06-18 09:47:55,S,1094.7,2,3
2021-06-18 09:47:55,B,1092.0,1,65
2021-06-18 09:47:55,B,1091.5,2,6
2021-06-18 09:47:55,B,1091.4,1,5
2021-06-18 09:47:55,B,1090.65,1,8
2021-06-18 09:47:55,B,1090.6,1,6
2021-06-18 09:47:55,S,1092.95,1,6
2021-06-18 09:47:55,S,1093.0,1,200
2021-06-18 09:47:55,S,1094.55,2,9
2021-06-18 09:47:55,S,1094.6,2,13
2021-06-18 09:47:55,S,1094.7,2,3
2021-06-18 09:47:55,B,1092.0,1,65
2021-06-18 09:47:55,B,1091.5,2,6
2021-06-18 09:47:55,B,1091.4,1,5
2021-06-18 09:47:55,B,1090.65,1,8
2021-06-18 09:47:55,B,1090.6,1,6
2021-06-18 09:47:57,S,1092.9,1,8
2021-06-18 09:47:57,S,1092.95,2,12
2021-06-18 09:47:57,S,1093.0,1,200
2021-06-18 09:47:57,S,1093.5,1,8
2021-06-18 09:47:57,S,1093.55,2,4
2021-06-18 09:47:57,B,1092.0,1,65
2021-06-18 09:47:57,B,1091.55,1,5
2021-06-18 09:47:57,B,1091.5,1,5
2021-06-18 09:47:57,B,1091.2,1,4
2021-06-18 09:47:57,B,1090.6,1,8
2021-06-18 09:47:57,S,1092.9,1,8
2021-06-18 09:47:57,S,1092.95,2,12
2021-06-18 09:47:57,S,1093.0,1,200
2021-06-18 09:47:57,S,1093.5,1,8
2021-06-18 09:47:57,S,1093.55,2,4
2021-06-18 09:47:57,B,1092.0,1,65
2021-06-18 09:47:57,B,1091.55,1,5
2021-06-18 09:47:57,B,1091.5,1,5
2021-06-18 09:47:57,B,1091.2,1,4
2021-06-18 09:47:57,B,1090.6,1,8
2021-06-18 09:47:57,S,1093.0,1,70
2021-06-18 09:47:57,S,1094.5,1,3
2021-06-18 09:47:57,S,1094.55,3,15
2021-06-18 09:47:57,S,1094.6,2,13
2021-06-18 09:47:57,S,1094.7,1,3
2021-06-18 09:47:57,B,1092.05,2,16
2021-06-18 09:47:57,B,1092.0,2,66
2021-06-18 09:47:57,B,1091.6,2,9
2021-06-18 09:47:57,B,1091.55,2,6
2021-06-18 09:47:57,B,1091.5,1,5
2021-06-18 09:47:57,S,1093.0,1,70
2021-06-18 09:47:57,S,1094.5,1,3
2021-06-18 09:47:57,S,1094.55,3,15
2021-06-18 09:47:57,S,1094.6,2,13
2021-06-18 09:47:57,S,1094.7,1,3
2021-06-18 09:47:57,B,1092.05,2,16
2021-06-18 09:47:57,B,1092.0,2,66
2021-06-18 09:47:57,B,1091.6,2,9
2021-06-18 09:47:57,B,1091.55,2,6
2021-06-18 09:47:57,B,1091.5,1,5
2021-06-18 09:47:58,S,1093.0,1,70
2021-06-18 09:47:58,S,1093.15,1,10
2021-06-18 09:47:58,S,1094.05,3,12
2021-06-18 09:47:58,S,1094.1,1,3
2021-06-18 09:47:58,S,1094.55,2,7
2021-06-18 09:47:58,B,1092.0,1,65
2021-06-18 09:47:58,B,1091.75,1,8
2021-06-18 09:47:58,B,1091.7,1,8
2021-06-18 09:47:58,B,1091.6,2,9
2021-06-18 09:47:58,B,1091.55,2,6
2021-06-18 09:47:58,S,1093.0,1,70
2021-06-18 09:47:58,S,1093.15,1,10
2021-06-18 09:47:58,S,1094.05,3,12
2021-06-18 09:47:58,S,1094.1,1,3
2021-06-18 09:47:58,S,1094.55,2,7
2021-06-18 09:47:58,B,1092.0,1,65
2021-06-18 09:47:58,B,1091.75,1,8
2021-06-18 09:47:58,B,1091.7,1,8
2021-06-18 09:47:58,B,1091.6,2,9
2021-06-18 09:47:58,B,1091.55,2,6
2021-06-18 09:48:00,S,1092.95,1,3
2021-06-18 09:48:00,S,1093.0,1,70
2021-06-18 09:48:00,S,1093.15,2,11
2021-06-18 09:48:00,S,1093.45,1,8
2021-06-18 09:48:00,S,1093.5,1,3
2021-06-18 09:48:00,B,1092.0,1,15
2021-06-18 09:48:00,B,1091.5,1,5
2021-06-18 09:48:00,B,1090.7,1,8
2021-06-18 09:48:00,B,1090.65,1,8
2021-06-18 09:48:00,B,1090.6,1,6
2021-06-18 09:48:00,S,1092.95,1,3
2021-06-18 09:48:00,S,1093.0,1,70
2021-06-18 09:48:00,S,1093.15,2,11
2021-06-18 09:48:00,S,1093.45,1,8
2021-06-18 09:48:00,S,1093.5,1,3
2021-06-18 09:48:00,B,1092.0,1,15
2021-06-18 09:48:00,B,1091.5,1,5
2021-06-18 09:48:00,B,1090.7,1,8
2021-06-18 09:48:00,B,1090.65,1,8
2021-06-18 09:48:00,B,1090.6,1,6
2021-06-18 09:48:01,S,1093.0,1,70
2021-06-18 09:48:01,S,1093.15,1,10
2021-06-18 09:48:01,S,1093.45,1,8
2021-06-18 09:48:01,S,1093.5,1,3
2021-06-18 09:48:01,S,1094.1,1,3
2021-06-18 09:48:01,B,1092.0,1,15
2021-06-18 09:48:01,B,1091.55,2,9
2021-06-18 09:48:01,B,1091.5,2,6
2021-06-18 09:48:01,B,1091.15,1,4
2021-06-18 09:48:01,B,1090.65,1,8
2021-06-18 09:48:01,S,1093.0,1,70
2021-06-18 09:48:01,S,1093.15,1,10
2021-06-18 09:48:01,S,1093.45,1,8
2021-06-18 09:48:01,S,1093.5,1,3
2021-06-18 09:48:01,S,1094.1,1,3
2021-06-18 09:48:01,B,1092.0,1,15
2021-06-18 09:48:01,B,1091.55,2,9
2021-06-18 09:48:01,B,1091.5,2,6
2021-06-18 09:48:01,B,1091.15,1,4
2021-06-18 09:48:01,B,1090.65,1,8
2021-06-18 09:48:02,S,1093.0,1,70
2021-06-18 09:48:02,S,1093.15,1,10
2021-06-18 09:48:02,S,1093.45,1,8
2021-06-18 09:48:02,S,1093.5,1,3
2021-06-18 09:48:02,S,1094.1,1,3
2021-06-18 09:48:02,B,1092.0,1,15
2021-06-18 09:48:02,B,1091.55,2,9
2021-06-18 09:48:02,B,1091.5,2,6
2021-06-18 09:48:02,B,1091.15,1,4
2021-06-18 09:48:02,B,1090.65,1,8
2021-06-18 09:48:02,S,1093.0,1,70
2021-06-18 09:48:02,S,1093.15,1,10
2021-06-18 09:48:02,S,1093.45,1,8
2021-06-18 09:48:02,S,1093.5,1,3
2021-06-18 09:48:02,S,1094.1,1,3
2021-06-18 09:48:02,B,1092.0,1,15
2021-06-18 09:48:02,B,1091.55,2,9
2021-06-18 09:48:02,B,1091.5,2,6
2021-06-18 09:48:02,B,1091.15,1,4
2021-06-18 09:48:02,B,1090.65,1,8
2021-06-18 09:48:03,S,1093.0,1,50
2021-06-18 09:48:03,S,1093.15,1,10
2021-06-18 09:48:03,S,1094.05,1,8
2021-06-18 09:48:03,S,1094.1,1,3
2021-06-18 09:48:03,S,1094.55,2,12
2021-06-18 09:48:03,B,1092.0,1,15
2021-06-18 09:48:03,B,1091.55,2,9
2021-06-18 09:48:03,B,1091.5,2,6
2021-06-18 09:48:03,B,1091.2,1,8
2021-06-18 09:48:03,B,1091.15,1,4
2021-06-18 09:48:03,S,1093.0,1,50
2021-06-18 09:48:03,S,1093.15,1,10
2021-06-18 09:48:03,S,1094.05,1,8
2021-06-18 09:48:03,S,1094.1,1,3
2021-06-18 09:48:03,S,1094.55,2,12
2021-06-18 09:48:03,B,1092.0,1,15
2021-06-18 09:48:03,B,1091.55,2,9
2021-06-18 09:48:03,B,1091.5,2,6
2021-06-18 09:48:03,B,1091.2,1,8
2021-06-18 09:48:03,B,1091.15,1,4
2021-06-18 09:48:03,S,1093.0,2,55
2021-06-18 09:48:03,S,1093.15,1,10
2021-06-18 09:48:03,S,1093.5,1,8
2021-06-18 09:48:03,S,1093.55,2,4
2021-06-18 09:48:03,S,1094.05,1,1
2021-06-18 09:48:03,B,1092.0,1,15
2021-06-18 09:48:03,B,1091.55,2,9
2021-06-18 09:48:03,B,1091.5,2,6
2021-06-18 09:48:03,B,1091.2,1,8
2021-06-18 09:48:03,B,1091.15,1,4
2021-06-18 09:48:03,S,1093.0,2,55
2021-06-18 09:48:03,S,1093.15,1,10
2021-06-18 09:48:03,S,1093.5,1,8
2021-06-18 09:48:03,S,1093.55,2,4
2021-06-18 09:48:03,S,1094.05,1,1
2021-06-18 09:48:03,B,1092.0,1,15
2021-06-18 09:48:03,B,1091.55,2,9
2021-06-18 09:48:03,B,1091.5,2,6
2021-06-18 09:48:03,B,1091.2,1,8
2021-06-18 09:48:03,B,1091.15,1,4
2021-06-18 09:48:04,S,1093.0,2,55
2021-06-18 09:48:04,S,1093.15,1,10
2021-06-18 09:48:04,S,1093.5,1,8
2021-06-18 09:48:04,S,1093.55,2,4
2021-06-18 09:48:04,S,1094.05,1,1
2021-06-18 09:48:04,B,1092.0,1,15
2021-06-18 09:48:04,B,1091.55,2,9
2021-06-18 09:48:04,B,1091.5,2,6
2021-06-18 09:48:04,B,1091.2,1,8
2021-06-18 09:48:04,B,1091.15,1,4
2021-06-18 09:48:04,S,1093.0,2,55
2021-06-18 09:48:04,S,1093.15,1,10
2021-06-18 09:48:04,S,1093.5,1,8
2021-06-18 09:48:04,S,1093.55,2,4
2021-06-18 09:48:04,S,1094.05,1,1
2021-06-18 09:48:04,B,1092.0,1,15
2021-06-18 09:48:04,B,1091.55,2,9
2021-06-18 09:48:04,B,1091.5,2,6
2021-06-18 09:48:04,B,1091.2,1,8
2021-06-18 09:48:04,B,1091.15,1,4
2021-06-18 09:48:04,S,1093.0,1,14
2021-06-18 09:48:04,S,1093.15,1,10
2021-06-18 09:48:04,S,1094.0,2,6
2021-06-18 09:48:04,S,1094.55,2,12
2021-06-18 09:48:04,S,1094.6,2,13
2021-06-18 09:48:04,B,1092.0,1,15
2021-06-18 09:48:04,B,1091.7,2,9
2021-06-18 09:48:04,B,1091.65,2,6
2021-06-18 09:48:04,B,1091.6,1,5
2021-06-18 09:48:04,B,1091.55,1,1
2021-06-18 09:48:04,S,1093.0,1,14
2021-06-18 09:48:04,S,1093.15,1,10
2021-06-18 09:48:04,S,1094.0,2,6
2021-06-18 09:48:04,S,1094.55,2,12
2021-06-18 09:48:04,S,1094.6,2,13
2021-06-18 09:48:04,B,1092.0,1,15
2021-06-18 09:48:04,B,1091.7,2,9
2021-06-18 09:48:04,B,1091.65,2,6
2021-06-18 09:48:04,B,1091.6,1,5
2021-06-18 09:48:04,B,1091.55,1,1
2021-06-18 09:48:07,S,1093.0,1,14
2021-06-18 09:48:07,S,1093.15,1,10
2021-06-18 09:48:07,S,1093.6,1,3
2021-06-18 09:48:07,S,1093.9,1,4
2021-06-18 09:48:07,S,1094.0,2,11
2021-06-18 09:48:07,B,1092.0,1,15
2021-06-18 09:48:07,B,1091.7,2,9
2021-06-18 09:48:07,B,1091.5,2,6
2021-06-18 09:48:07,B,1091.2,1,4
2021-06-18 09:48:07,B,1091.15,1,4
2021-06-18 09:48:07,S,1093.0,1,14
2021-06-18 09:48:07,S,1093.15,1,10
2021-06-18 09:48:07,S,1093.6,1,3
2021-06-18 09:48:07,S,1093.9,1,4
2021-06-18 09:48:07,S,1094.0,2,11
2021-06-18 09:48:07,B,1092.0,1,15
2021-06-18 09:48:07,B,1091.7,2,9
2021-06-18 09:48:07,B,1091.5,2,6
2021-06-18 09:48:07,B,1091.2,1,4
2021-06-18 09:48:07,B,1091.15,1,4
2021-06-18 09:48:08,S,1093.0,1,14
2021-06-18 09:48:08,S,1093.15,1,10
2021-06-18 09:48:08,S,1093.9,1,4
2021-06-18 09:48:08,S,1094.0,2,11
2021-06-18 09:48:08,S,1094.15,1,3
2021-06-18 09:48:08,B,1092.95,1,10
2021-06-18 09:48:08,B,1092.05,2,9
2021-06-18 09:48:08,B,1092.0,2,16
2021-06-18 09:48:08,B,1091.7,1,1
2021-06-18 09:48:08,B,1091.55,1,5
2021-06-18 09:48:08,S,1093.0,1,14
2021-06-18 09:48:08,S,1093.15,1,10
2021-06-18 09:48:08,S,1093.9,1,4
2021-06-18 09:48:08,S,1094.0,2,11
2021-06-18 09:48:08,S,1094.15,1,3
2021-06-18 09:48:08,B,1092.95,1,10
2021-06-18 09:48:08,B,1092.05,2,9
2021-06-18 09:48:08,B,1092.0,2,16
2021-06-18 09:48:08,B,1091.7,1,1
2021-06-18 09:48:08,B,1091.55,1,5
2021-06-18 09:48:09,S,1093.0,1,14
2021-06-18 09:48:09,S,1093.15,1,10
2021-06-18 09:48:09,S,1093.9,1,4
2021-06-18 09:48:09,S,1094.0,2,11
2021-06-18 09:48:09,S,1094.15,1,3
2021-06-18 09:48:09,B,1092.95,1,10
2021-06-18 09:48:09,B,1092.05,2,9
2021-06-18 09:48:09,B,1092.0,2,16
2021-06-18 09:48:09,B,1091.55,1,5
2021-06-18 09:48:09,B,1091.5,2,6
2021-06-18 09:48:09,S,1093.0,1,14
2021-06-18 09:48:09,S,1093.15,1,10
2021-06-18 09:48:09,S,1093.9,1,4
2021-06-18 09:48:09,S,1094.0,2,11
2021-06-18 09:48:09,S,1094.15,1,3
2021-06-18 09:48:09,B,1092.95,1,10
2021-06-18 09:48:09,B,1092.05,2,9
2021-06-18 09:48:09,B,1092.0,2,16
2021-06-18 09:48:09,B,1091.55,1,5
2021-06-18 09:48:09,B,1091.5,2,6
2021-06-18 09:48:10,S,1093.0,1,14
2021-06-18 09:48:10,S,1093.15,1,10
2021-06-18 09:48:10,S,1093.9,2,5
2021-06-18 09:48:10,S,1094.0,2,11
2021-06-18 09:48:10,S,1094.55,2,12
2021-06-18 09:48:10,B,1092.95,1,3
2021-06-18 09:48:10,B,1092.0,2,16
2021-06-18 09:48:10,B,1091.6,1,8
2021-06-18 09:48:10,B,1091.55,1,5
2021-06-18 09:48:10,B,1091.5,2,6
2021-06-18 09:48:10,S,1093.0,1,14
2021-06-18 09:48:10,S,1093.15,1,10
2021-06-18 09:48:10,S,1093.9,2,5
2021-06-18 09:48:10,S,1094.0,2,11
2021-06-18 09:48:10,S,1094.55,2,12
2021-06-18 09:48:10,B,1092.95,1,3
2021-06-18 09:48:10,B,1092.0,2,16
2021-06-18 09:48:10,B,1091.6,1,8
2021-06-18 09:48:10,B,1091.55,1,5
2021-06-18 09:48:10,B,1091.5,2,6
2021-06-18 09:48:13,S,1093.0,1,14
2021-06-18 09:48:13,S,1093.15,1,10
2021-06-18 09:48:13,S,1093.9,2,5
2021-06-18 09:48:13,S,1094.0,2,11
2021-06-18 09:48:13,S,1094.55,2,12
2021-06-18 09:48:13,B,1092.95,1,3
2021-06-18 09:48:13,B,1092.0,2,16
2021-06-18 09:48:13,B,1091.6,1,8
2021-06-18 09:48:13,B,1091.55,1,5
2021-06-18 09:48:13,B,1091.5,2,6
2021-06-18 09:48:13,S,1093.0,1,14
2021-06-18 09:48:13,S,1093.15,1,10
2021-06-18 09:48:13,S,1093.9,2,5
2021-06-18 09:48:13,S,1094.0,2,11
2021-06-18 09:48:13,S,1094.55,2,12
2021-06-18 09:48:13,B,1092.95,1,3
2021-06-18 09:48:13,B,1092.0,2,16
2021-06-18 09:48:13,B,1091.6,1,8
2021-06-18 09:48:13,B,1091.55,1,5
2021-06-18 09:48:13,B,1091.5,2,6
2021-06-18 09:48:13,S,1093.0,1,14
2021-06-18 09:48:13,S,1093.15,1,10
2021-06-18 09:48:13,S,1093.9,2,5
2021-06-18 09:48:13,S,1094.0,2,11
2021-06-18 09:48:13,S,1094.55,2,12
2021-06-18 09:48:13,B,1092.0,2,16
2021-06-18 09:48:13,B,1091.6,1,8
2021-06-18 09:48:13,B,1091.55,1,5
2021-06-18 09:48:13,B,1091.5,2,6
2021-06-18 09:48:13,B,1091.15,1,4
2021-06-18 09:48:13,S,1093.0,1,14
2021-06-18 09:48:13,S,1093.15,1,10
2021-06-18 09:48:13,S,1093.9,2,5
2021-06-18 09:48:13,S,1094.0,2,11
2021-06-18 09:48:13,S,1094.55,2,12
2021-06-18 09:48:13,B,1092.0,2,16
2021-06-18 09:48:13,B,1091.6,1,8
2021-06-18 09:48:13,B,1091.55,1,5
2021-06-18 09:48:13,B,1091.5,2,6
2021-06-18 09:48:13,B,1091.15,1,4
2021-06-18 09:48:15,S,1093.0,1,14
2021-06-18 09:48:15,S,1093.15,1,10
2021-06-18 09:48:15,S,1093.9,2,5
2021-06-18 09:48:15,S,1094.0,2,11
2021-06-18 09:48:15,S,1094.55,2,12
2021-06-18 09:48:15,B,1092.0,2,16
2021-06-18 09:48:15,B,1091.75,2,12
2021-06-18 09:48:15,B,1091.7,1,5
2021-06-18 09:48:15,B,1091.5,2,6
2021-06-18 09:48:15,B,1091.15,1,4
2021-06-18 09:48:15,S,1093.0,1,14
2021-06-18 09:48:15,S,1093.15,1,10
2021-06-18 09:48:15,S,1093.9,2,5
2021-06-18 09:48:15,S,1094.0,2,11
2021-06-18 09:48:15,S,1094.55,2,12
2021-06-18 09:48:15,B,1092.0,2,16
2021-06-18 09:48:15,B,1091.75,2,12
2021-06-18 09:48:15,B,1091.7,1,5
2021-06-18 09:48:15,B,1091.5,2,6
2021-06-18 09:48:15,B,1091.15,1,4
2021-06-18 09:48:15,S,1093.0,1,14
2021-06-18 09:48:15,S,1093.15,1,10
2021-06-18 09:48:15,S,1093.75,2,4
2021-06-18 09:48:15,S,1093.95,1,4
2021-06-18 09:48:15,S,1094.0,2,11
2021-06-18 09:48:15,B,1092.0,2,16
2021-06-18 09:48:15,B,1091.6,1,8
2021-06-18 09:48:15,B,1091.55,1,5
2021-06-18 09:48:15,B,1091.5,2,6
2021-06-18 09:48:15,B,1091.15,1,4
2021-06-18 09:48:15,S,1093.0,1,14
2021-06-18 09:48:15,S,1093.15,1,10
2021-06-18 09:48:15,S,1093.75,2,4
2021-06-18 09:48:15,S,1093.95,1,4
2021-06-18 09:48:15,S,1094.0,2,11
2021-06-18 09:48:15,B,1092.0,2,16
2021-06-18 09:48:15,B,1091.6,1,8
2021-06-18 09:48:15,B,1091.55,1,5
2021-06-18 09:48:15,B,1091.5,2,6
2021-06-18 09:48:15,B,1091.15,1,4
2021-06-18 09:48:16,S,1093.0,1,14
2021-06-18 09:48:16,S,1093.15,1,10
2021-06-18 09:48:16,S,1093.75,2,4
2021-06-18 09:48:16,S,1093.95,1,4
2021-06-18 09:48:16,S,1094.0,2,11
2021-06-18 09:48:16,B,1092.0,2,16
2021-06-18 09:48:16,B,1091.6,1,8
2021-06-18 09:48:16,B,1091.55,1,5
2021-06-18 09:48:16,B,1091.5,2,6
2021-06-18 09:48:16,B,1091.15,1,4
2021-06-18 09:48:16,S,1093.0,1,14
2021-06-18 09:48:16,S,1093.15,1,10
2021-06-18 09:48:16,S,1093.75,2,4
2021-06-18 09:48:16,S,1093.95,1,4
2021-06-18 09:48:16,S,1094.0,2,11
2021-06-18 09:48:16,B,1092.0,2,16
2021-06-18 09:48:16,B,1091.6,1,8
2021-06-18 09:48:16,B,1091.55,1,5
2021-06-18 09:48:16,B,1091.5,2,6
2021-06-18 09:48:16,B,1091.15,1,4
2021-06-18 09:48:17,S,1093.0,1,14
2021-06-18 09:48:17,S,1093.15,1,10
2021-06-18 09:48:17,S,1093.75,2,4
2021-06-18 09:48:17,S,1093.95,1,4
2021-06-18 09:48:17,S,1094.0,2,11
2021-06-18 09:48:17,B,1092.0,2,16
2021-06-18 09:48:17,B,1091.6,1,8
2021-06-18 09:48:17,B,1091.55,1,5
2021-06-18 09:48:17,B,1091.5,2,6
2021-06-18 09:48:17,B,1091.4,1,5
2021-06-18 09:48:17,S,1093.0,1,14
2021-06-18 09:48:17,S,1093.15,1,10
2021-06-18 09:48:17,S,1093.75,2,4
2021-06-18 09:48:17,S,1093.95,1,4
2021-06-18 09:48:17,S,1094.0,2,11
2021-06-18 09:48:17,B,1092.0,2,16
2021-06-18 09:48:17,B,1091.6,1,8
2021-06-18 09:48:17,B,1091.55,1,5
2021-06-18 09:48:17,B,1091.5,2,6
2021-06-18 09:48:17,B,1091.4,1,5
2021-06-18 09:48:19,S,1092.9,1,8
2021-06-18 09:48:19,S,1092.95,1,14
2021-06-18 09:48:19,S,1093.0,1,14
2021-06-18 09:48:19,S,1093.15,1,10
2021-06-18 09:48:19,S,1093.7,1,4
2021-06-18 09:48:19,B,1091.15,1,4
2021-06-18 09:48:19,B,1090.4,1,8
2021-06-18 09:48:19,B,1090.35,1,3
2021-06-18 09:48:19,B,1090.25,1,11
2021-06-18 09:48:19,B,1090.05,2,7
2021-06-18 09:48:19,S,1092.9,1,8
2021-06-18 09:48:19,S,1092.95,1,14
2021-06-18 09:48:19,S,1093.0,1,14
2021-06-18 09:48:19,S,1093.15,1,10
2021-06-18 09:48:19,S,1093.7,1,4
2021-06-18 09:48:19,B,1091.15,1,4
2021-06-18 09:48:19,B,1090.4,1,8
2021-06-18 09:48:19,B,1090.35,1,3
2021-06-18 09:48:19,B,1090.25,1,11
2021-06-18 09:48:19,B,1090.05,2,7
2021-06-18 09:48:21,S,1092.25,1,8
2021-06-18 09:48:21,S,1092.3,1,5
2021-06-18 09:48:21,S,1092.95,2,15
2021-06-18 09:48:21,S,1093.0,1,14
2021-06-18 09:48:21,S,1093.1,2,6
2021-06-18 09:48:21,B,1090.65,1,8
2021-06-18 09:48:21,B,1090.6,2,4
2021-06-18 09:48:21,B,1090.55,1,5
2021-06-18 09:48:21,B,1090.45,2,9
2021-06-18 09:48:21,B,1090.4,1,4
2021-06-18 09:48:21,S,1092.25,1,8
2021-06-18 09:48:21,S,1092.3,1,5
2021-06-18 09:48:21,S,1092.95,2,15
2021-06-18 09:48:21,S,1093.0,1,14
2021-06-18 09:48:21,S,1093.1,2,6
2021-06-18 09:48:21,B,1090.65,1,8
2021-06-18 09:48:21,B,1090.6,2,4
2021-06-18 09:48:21,B,1090.55,1,5
2021-06-18 09:48:21,B,1090.45,2,9
2021-06-18 09:48:21,B,1090.4,1,4
2021-06-18 09:48:22,S,1092.8,1,8
2021-06-18 09:48:22,S,1092.85,1,4
2021-06-18 09:48:22,S,1092.9,2,5
2021-06-18 09:48:22,S,1092.95,3,18
2021-06-18 09:48:22,S,1093.0,1,14
2021-06-18 09:48:22,B,1090.65,1,8
2021-06-18 09:48:22,B,1090.6,2,4
2021-06-18 09:48:22,B,1090.45,2,9
2021-06-18 09:48:22,B,1090.4,1,4
2021-06-18 09:48:22,B,1090.05,2,7
2021-06-18 09:48:22,S,1092.8,1,8
2021-06-18 09:48:22,S,1092.85,1,4
2021-06-18 09:48:22,S,1092.9,2,5
2021-06-18 09:48:22,S,1092.95,3,18
2021-06-18 09:48:22,S,1093.0,1,14
2021-06-18 09:48:22,B,1090.65,1,8
2021-06-18 09:48:22,B,1090.6,2,4
2021-06-18 09:48:22,B,1090.45,2,9
2021-06-18 09:48:22,B,1090.4,1,4
2021-06-18 09:48:22,B,1090.05,2,7
2021-06-18 09:48:23,S,1092.6,2,20
2021-06-18 09:48:23,S,1092.65,1,3
2021-06-18 09:48:23,S,1092.85,1,4
2021-06-18 09:48:23,S,1092.95,2,4
2021-06-18 09:48:23,S,1093.0,1,14
2021-06-18 09:48:23,B,1090.45,1,8
2021-06-18 09:48:23,B,1090.4,2,5
2021-06-18 09:48:23,B,1090.1,1,3
2021-06-18 09:48:23,B,1090.05,1,1
2021-06-18 09:48:23,B,1090.0,1,1
2021-06-18 09:48:23,S,1092.6,2,20
2021-06-18 09:48:23,S,1092.65,1,3
2021-06-18 09:48:23,S,1092.85,1,4
2021-06-18 09:48:23,S,1092.95,2,4
2021-06-18 09:48:23,S,1093.0,1,14
2021-06-18 09:48:23,B,1090.45,1,8
2021-06-18 09:48:23,B,1090.4,2,5
2021-06-18 09:48:23,B,1090.1,1,3
2021-06-18 09:48:23,B,1090.05,1,1
2021-06-18 09:48:23,B,1090.0,1,1
2021-06-18 09:48:24,S,1092.6,2,20
2021-06-18 09:48:24,S,1092.65,2,4
2021-06-18 09:48:24,S,1092.85,2,5
2021-06-18 09:48:24,S,1092.95,3,10
2021-06-18 09:48:24,S,1093.0,1,14
2021-06-18 09:48:24,B,1090.45,1,8
2021-06-18 09:48:24,B,1090.4,2,5
2021-06-18 09:48:24,B,1090.1,1,3
2021-06-18 09:48:24,B,1090.05,1,1
2021-06-18 09:48:24,B,1090.0,1,1
2021-06-18 09:48:24,S,1092.6,2,20
2021-06-18 09:48:24,S,1092.65,2,4
2021-06-18 09:48:24,S,1092.85,2,5
2021-06-18 09:48:24,S,1092.95,3,10
2021-06-18 09:48:24,S,1093.0,1,14
2021-06-18 09:48:24,B,1090.45,1,8
2021-06-18 09:48:24,B,1090.4,2,5
2021-06-18 09:48:24,B,1090.1,1,3
2021-06-18 09:48:24,B,1090.05,1,1
2021-06-18 09:48:24,B,1090.0,1,1
2021-06-18 09:48:25,S,1092.6,2,20
2021-06-18 09:48:25,S,1092.65,2,4
2021-06-18 09:48:25,S,1092.85,2,5
2021-06-18 09:48:25,S,1092.95,3,10
2021-06-18 09:48:25,S,1093.0,1,14
2021-06-18 09:48:25,B,1090.45,1,8
2021-06-18 09:48:25,B,1090.4,2,5
2021-06-18 09:48:25,B,1090.25,1,1
2021-06-18 09:48:25,B,1090.1,1,3
2021-06-18 09:48:25,B,1090.05,1,1
2021-06-18 09:48:25,S,1092.6,2,20
2021-06-18 09:48:25,S,1092.65,2,4
2021-06-18 09:48:25,S,1092.85,2,5
2021-06-18 09:48:25,S,1092.95,3,10
2021-06-18 09:48:25,S,1093.0,1,14
2021-06-18 09:48:25,B,1090.45,1,8
2021-06-18 09:48:25,B,1090.4,2,5
2021-06-18 09:48:25,B,1090.25,1,1
2021-06-18 09:48:25,B,1090.1,1,3
2021-06-18 09:48:25,B,1090.05,1,1
2021-06-18 09:48:26,S,1092.45,1,8
2021-06-18 09:48:26,S,1092.5,2,12
2021-06-18 09:48:26,S,1092.55,2,4
2021-06-18 09:48:26,S,1092.85,2,5
2021-06-18 09:48:26,S,1092.95,3,10
2021-06-18 09:48:26,B,1091.15,1,10
2021-06-18 09:48:26,B,1090.45,1,8
2021-06-18 09:48:26,B,1090.4,1,4
2021-06-18 09:48:26,B,1090.25,2,2
2021-06-18 09:48:26,B,1090.05,1,1
2021-06-18 09:48:26,S,1092.45,1,8
2021-06-18 09:48:26,S,1092.5,2,12
2021-06-18 09:48:26,S,1092.55,2,4
2021-06-18 09:48:26,S,1092.85,2,5
2021-06-18 09:48:26,S,1092.95,3,10
2021-06-18 09:48:26,B,1091.15,1,10
2021-06-18 09:48:26,B,1090.45,1,8
2021-06-18 09:48:26,B,1090.4,1,4
2021-06-18 09:48:26,B,1090.25,2,2
2021-06-18 09:48:26,B,1090.05,1,1
2021-06-18 09:48:27,S,1093.0,1,13
2021-06-18 09:48:27,S,1093.15,1,10
2021-06-18 09:48:27,S,1093.4,2,6
2021-06-18 09:48:27,S,1093.6,1,4
2021-06-18 09:48:27,S,1093.65,1,3
2021-06-18 09:48:27,B,1091.4,2,9
2021-06-18 09:48:27,B,1091.35,1,3
2021-06-18 09:48:27,B,1091.15,2,11
2021-06-18 09:48:27,B,1090.95,1,4
2021-06-18 09:48:27,B,1090.4,1,4
2021-06-18 09:48:27,S,1093.0,1,13
2021-06-18 09:48:27,S,1093.15,1,10
2021-06-18 09:48:27,S,1093.4,2,6
2021-06-18 09:48:27,S,1093.6,1,4
2021-06-18 09:48:27,S,1093.65,1,3
2021-06-18 09:48:27,B,1091.4,2,9
2021-06-18 09:48:27,B,1091.35,1,3
2021-06-18 09:48:27,B,1091.15,2,11
2021-06-18 09:48:27,B,1090.95,1,4
2021-06-18 09:48:27,B,1090.4,1,4
2021-06-18 09:48:28,S,1093.0,1,13
2021-06-18 09:48:28,S,1093.15,1,10
2021-06-18 09:48:28,S,1093.4,2,6
2021-06-18 09:48:28,S,1093.6,1,4
2021-06-18 09:48:28,S,1093.65,1,3
2021-06-18 09:48:28,B,1091.4,2,9
2021-06-18 09:48:28,B,1091.35,1,3
2021-06-18 09:48:28,B,1091.15,2,11
2021-06-18 09:48:28,B,1090.95,1,4
2021-06-18 09:48:28,B,1090.4,1,4
2021-06-18 09:48:28,S,1093.0,1,13
2021-06-18 09:48:28,S,1093.15,1,10
2021-06-18 09:48:28,S,1093.4,2,6
2021-06-18 09:48:28,S,1093.6,1,4
2021-06-18 09:48:28,S,1093.65,1,3
2021-06-18 09:48:28,B,1091.4,2,9
2021-06-18 09:48:28,B,1091.35,1,3
2021-06-18 09:48:28,B,1091.15,2,11
2021-06-18 09:48:28,B,1090.95,1,4
2021-06-18 09:48:28,B,1090.4,1,4
2021-06-18 09:48:28,S,1092.65,2,9
2021-06-18 09:48:28,S,1092.7,2,14
2021-06-18 09:48:28,S,1093.0,2,14
2021-06-18 09:48:28,S,1093.15,2,11
2021-06-18 09:48:28,S,1093.6,1,4
2021-06-18 09:48:28,B,1090.45,1,8
2021-06-18 09:48:28,B,1090.4,2,5
2021-06-18 09:48:28,B,1090.25,1,1
2021-06-18 09:48:28,B,1090.1,1,7
2021-06-18 09:48:28,B,1090.05,2,7
2021-06-18 09:48:28,S,1092.65,2,9
2021-06-18 09:48:28,S,1092.7,2,14
2021-06-18 09:48:28,S,1093.0,2,14
2021-06-18 09:48:28,S,1093.15,2,11
2021-06-18 09:48:28,S,1093.6,1,4
2021-06-18 09:48:28,B,1090.45,1,8
2021-06-18 09:48:28,B,1090.4,2,5
2021-06-18 09:48:28,B,1090.25,1,1
2021-06-18 09:48:28,B,1090.1,1,7
2021-06-18 09:48:28,B,1090.05,2,7
2021-06-18 09:48:29,S,1092.95,2,21
2021-06-18 09:48:29,S,1093.0,2,14
2021-06-18 09:48:29,S,1093.05,2,5
2021-06-18 09:48:29,S,1093.15,2,11
2021-06-18 09:48:29,S,1093.6,1,4
2021-06-18 09:48:29,B,1091.15,1,20
2021-06-18 09:48:29,B,1090.4,2,5
2021-06-18 09:48:29,B,1090.25,1,1
2021-06-18 09:48:29,B,1090.1,1,7
2021-06-18 09:48:29,B,1090.05,3,13
2021-06-18 09:48:29,S,1092.95,2,21
2021-06-18 09:48:29,S,1093.0,2,14
2021-06-18 09:48:29,S,1093.05,2,5
2021-06-18 09:48:29,S,1093.15,2,11
2021-06-18 09:48:29,S,1093.6,1,4
2021-06-18 09:48:29,B,1091.15,1,20
2021-06-18 09:48:29,B,1090.4,2,5
2021-06-18 09:48:29,B,1090.25,1,1
2021-06-18 09:48:29,B,1090.1,1,7
2021-06-18 09:48:29,B,1090.05,3,13
2021-06-18 09:48:30,S,1092.95,2,21
2021-06-18 09:48:30,S,1093.0,2,14
2021-06-18 09:48:30,S,1093.05,2,5
2021-06-18 09:48:30,S,1093.15,2,11
2021-06-18 09:48:30,S,1093.6,1,4
2021-06-18 09:48:30,B,1091.15,1,20
2021-06-18 09:48:30,B,1090.4,2,5
2021-06-18 09:48:30,B,1090.25,1,1
2021-06-18 09:48:30,B,1090.1,1,7
2021-06-18 09:48:30,B,1090.05,3,13
2021-06-18 09:48:30,S,1092.95,2,21
2021-06-18 09:48:30,S,1093.0,2,14
2021-06-18 09:48:30,S,1093.05,2,5
2021-06-18 09:48:30,S,1093.15,2,11
2021-06-18 09:48:30,S,1093.6,1,4
2021-06-18 09:48:30,B,1091.15,1,20
2021-06-18 09:48:30,B,1090.4,2,5
2021-06-18 09:48:30,B,1090.25,1,1
2021-06-18 09:48:30,B,1090.1,1,7
2021-06-18 09:48:30,B,1090.05,3,13
2021-06-18 09:48:31,S,1092.5,1,5
2021-06-18 09:48:31,S,1092.9,2,9
2021-06-18 09:48:31,S,1092.95,2,14
2021-06-18 09:48:31,S,1093.0,2,14
2021-06-18 09:48:31,S,1093.05,2,5
2021-06-18 09:48:31,B,1091.15,1,20
2021-06-18 09:48:31,B,1090.75,2,6
2021-06-18 09:48:31,B,1090.4,2,5
2021-06-18 09:48:31,B,1090.25,1,1
2021-06-18 09:48:31,B,1090.1,1,7
2021-06-18 09:48:31,S,1092.5,1,5
2021-06-18 09:48:31,S,1092.9,2,9
2021-06-18 09:48:31,S,1092.95,2,14
2021-06-18 09:48:31,S,1093.0,2,14
2021-06-18 09:48:31,S,1093.05,2,5
2021-06-18 09:48:31,B,1091.15,1,20
2021-06-18 09:48:31,B,1090.75,2,6
2021-06-18 09:48:31,B,1090.4,2,5
2021-06-18 09:48:31,B,1090.25,1,1
2021-06-18 09:48:31,B,1090.1,1,7
2021-06-18 09:48:32,S,1092.9,1,8
2021-06-18 09:48:32,S,1092.95,1,13
2021-06-18 09:48:32,S,1093.0,1,13
2021-06-18 09:48:32,S,1093.05,1,4
2021-06-18 09:48:32,S,1093.15,2,11
2021-06-18 09:48:32,B,1091.15,1,20
2021-06-18 09:48:32,B,1090.95,1,4
2021-06-18 09:48:32,B,1090.45,2,9
2021-06-18 09:48:32,B,1090.4,2,5
2021-06-18 09:48:32,B,1090.25,1,1
2021-06-18 09:48:32,S,1092.9,1,8
2021-06-18 09:48:32,S,1092.95,1,13
2021-06-18 09:48:32,S,1093.0,1,13
2021-06-18 09:48:32,S,1093.05,1,4
2021-06-18 09:48:32,S,1093.15,2,11
2021-06-18 09:48:32,B,1091.15,1,20
2021-06-18 09:48:32,B,1090.95,1,4
2021-06-18 09:48:32,B,1090.45,2,9
2021-06-18 09:48:32,B,1090.4,2,5
2021-06-18 09:48:32,B,1090.25,1,1
2021-06-18 09:48:33,S,1092.9,1,8
2021-06-18 09:48:33,S,1092.95,1,13
2021-06-18 09:48:33,S,1093.0,1,13
2021-06-18 09:48:33,S,1093.15,1,10
2021-06-18 09:48:33,S,1093.65,1,3
2021-06-18 09:48:33,B,1091.15,1,20
2021-06-18 09:48:33,B,1091.0,2,6
2021-06-18 09:48:33,B,1090.95,2,5
2021-06-18 09:48:33,B,1090.45,2,9
2021-06-18 09:48:33,B,1090.4,2,5
2021-06-18 09:48:33,S,1092.9,1,8
2021-06-18 09:48:33,S,1092.95,1,13
2021-06-18 09:48:33,S,1093.0,1,13
2021-06-18 09:48:33,S,1093.15,1,10
2021-06-18 09:48:33,S,1093.65,1,3
2021-06-18 09:48:33,B,1091.15,1,20
2021-06-18 09:48:33,B,1091.0,2,6
2021-06-18 09:48:33,B,1090.95,2,5
2021-06-18 09:48:33,B,1090.45,2,9
2021-06-18 09:48:33,B,1090.4,2,5
2021-06-18 09:48:34,S,1093.0,1,13
2021-06-18 09:48:34,S,1093.1,1,8
2021-06-18 09:48:34,S,1093.15,1,10
2021-06-18 09:48:34,S,1094.0,2,11
2021-06-18 09:48:34,S,1094.15,1,6
2021-06-18 09:48:34,B,1091.45,1,8
2021-06-18 09:48:34,B,1091.4,1,5
2021-06-18 09:48:34,B,1091.2,2,13
2021-06-18 09:48:34,B,1091.15,2,21
2021-06-18 09:48:34,B,1091.0,1,1
2021-06-18 09:48:34,S,1093.0,1,13
2021-06-18 09:48:34,S,1093.1,1,8
2021-06-18 09:48:34,S,1093.15,1,10
2021-06-18 09:48:34,S,1094.0,2,11
2021-06-18 09:48:34,S,1094.15,1,6
2021-06-18 09:48:34,B,1091.45,1,8
2021-06-18 09:48:34,B,1091.4,1,5
2021-06-18 09:48:34,B,1091.2,2,13
2021-06-18 09:48:34,B,1091.15,2,21
2021-06-18 09:48:34,B,1091.0,1,1
2021-06-18 09:48:34,S,1092.95,1,8
2021-06-18 09:48:34,S,1093.0,1,13
2021-06-18 09:48:34,S,1093.15,1,10
2021-06-18 09:48:34,S,1094.0,2,11
2021-06-18 09:48:34,S,1094.15,1,6
2021-06-18 09:48:34,B,1091.45,1,3
2021-06-18 09:48:34,B,1091.4,2,6
2021-06-18 09:48:34,B,1091.15,2,21
2021-06-18 09:48:34,B,1090.95,2,5
2021-06-18 09:48:34,B,1090.4,2,5
2021-06-18 09:48:34,S,1092.95,1,8
2021-06-18 09:48:34,S,1093.0,1,13
2021-06-18 09:48:34,S,1093.15,1,10
2021-06-18 09:48:34,S,1094.0,2,11
2021-06-18 09:48:34,S,1094.15,1,6
2021-06-18 09:48:34,B,1091.45,1,3
2021-06-18 09:48:34,B,1091.4,2,6
2021-06-18 09:48:34,B,1091.15,2,21
2021-06-18 09:48:34,B,1090.95,2,5
2021-06-18 09:48:34,B,1090.4,2,5
2021-06-18 09:48:36,S,1092.95,1,8
2021-06-18 09:48:36,S,1093.0,1,13
2021-06-18 09:48:36,S,1093.15,1,10
2021-06-18 09:48:36,S,1093.2,1,5
2021-06-18 09:48:36,S,1093.5,1,4
2021-06-18 09:48:36,B,1091.55,1,3
2021-06-18 09:48:36,B,1091.5,2,6
2021-06-18 09:48:36,B,1091.45,1,1
2021-06-18 09:48:36,B,1091.4,1,1
2021-06-18 09:48:36,B,1091.15,2,21
2021-06-18 09:48:36,S,1092.95,1,8
2021-06-18 09:48:36,S,1093.0,1,13
2021-06-18 09:48:36,S,1093.15,1,10
2021-06-18 09:48:36,S,1093.2,1,5
2021-06-18 09:48:36,S,1093.5,1,4
2021-06-18 09:48:36,B,1091.55,1,3
2021-06-18 09:48:36,B,1091.5,2,6
2021-06-18 09:48:36,B,1091.45,1,1
2021-06-18 09:48:36,B,1091.4,1,1
2021-06-18 09:48:36,B,1091.15,2,21
2021-06-18 09:48:37,S,1092.95,1,8
2021-06-18 09:48:37,S,1093.0,1,13
2021-06-18 09:48:37,S,1093.15,1,10
2021-06-18 09:48:37,S,1093.2,1,5
2021-06-18 09:48:37,S,1093.5,1,4
2021-06-18 09:48:37,B,1091.55,1,3
2021-06-18 09:48:37,B,1091.5,2,6
2021-06-18 09:48:37,B,1091.2,1,1
2021-06-18 09:48:37,B,1091.15,2,21
2021-06-18 09:48:37,B,1090.95,2,5
2021-06-18 09:48:37,S,1092.95,1,8
2021-06-18 09:48:37,S,1093.0,1,13
2021-06-18 09:48:37,S,1093.15,1,10
2021-06-18 09:48:37,S,1093.2,1,5
2021-06-18 09:48:37,S,1093.5,1,4
2021-06-18 09:48:37,B,1091.55,1,3
2021-06-18 09:48:37,B,1091.5,2,6
2021-06-18 09:48:37,B,1091.2,1,1
2021-06-18 09:48:37,B,1091.15,2,21
2021-06-18 09:48:37,B,1090.95,2,5
2021-06-18 09:48:38,S,1092.95,1,8
2021-06-18 09:48:38,S,1093.0,1,13
2021-06-18 09:48:38,S,1093.15,1,10
2021-06-18 09:48:38,S,1093.5,1,4
2021-06-18 09:48:38,S,1094.0,2,11
2021-06-18 09:48:38,B,1091.55,1,3
2021-06-18 09:48:38,B,1091.5,2,6
2021-06-18 09:48:38,B,1091.15,2,21
2021-06-18 09:48:38,B,1090.95,2,5
2021-06-18 09:48:38,B,1090.4,2,5
2021-06-18 09:48:38,S,1092.95,1,8
2021-06-18 09:48:38,S,1093.0,1,13
2021-06-18 09:48:38,S,1093.15,1,10
2021-06-18 09:48:38,S,1093.5,1,4
2021-06-18 09:48:38,S,1094.0,2,11
2021-06-18 09:48:38,B,1091.55,1,3
2021-06-18 09:48:38,B,1091.5,2,6
2021-06-18 09:48:38,B,1091.15,2,21
2021-06-18 09:48:38,B,1090.95,2,5
2021-06-18 09:48:38,B,1090.4,2,5
2021-06-18 09:48:39,S,1092.95,1,8
2021-06-18 09:48:39,S,1093.0,1,13
2021-06-18 09:48:39,S,1093.15,1,10
2021-06-18 09:48:39,S,1093.35,1,5
2021-06-18 09:48:39,S,1093.5,1,4
2021-06-18 09:48:39,B,1091.6,1,5
2021-06-18 09:48:39,B,1091.2,2,4
2021-06-18 09:48:39,B,1091.15,2,21
2021-06-18 09:48:39,B,1090.95,2,5
2021-06-18 09:48:39,B,1090.4,2,5
2021-06-18 09:48:39,S,1092.95,1,8
2021-06-18 09:48:39,S,1093.0,1,13
2021-06-18 09:48:39,S,1093.15,1,10
2021-06-18 09:48:39,S,1093.35,1,5
2021-06-18 09:48:39,S,1093.5,1,4
2021-06-18 09:48:39,B,1091.6,1,5
2021-06-18 09:48:39,B,1091.2,2,4
2021-06-18 09:48:39,B,1091.15,2,21
2021-06-18 09:48:39,B,1090.95,2,5
2021-06-18 09:48:39,B,1090.4,2,5
2021-06-18 09:48:40,S,1092.95,1,8
2021-06-18 09:48:40,S,1093.0,1,13
2021-06-18 09:48:40,S,1093.15,1,10
2021-06-18 09:48:40,S,1093.35,1,5
2021-06-18 09:48:40,S,1093.5,1,4
2021-06-18 09:48:40,B,1091.3,1,4
2021-06-18 09:48:40,B,1091.25,1,11
2021-06-18 09:48:40,B,1091.2,1,1
2021-06-18 09:48:40,B,1091.15,2,21
2021-06-18 09:48:40,B,1090.95,2,5
2021-06-18 09:48:40,S,1092.95,1,8
2021-06-18 09:48:40,S,1093.0,1,13
2021-06-18 09:48:40,S,1093.15,1,10
2021-06-18 09:48:40,S,1093.35,1,5
2021-06-18 09:48:40,S,1093.5,1,4
2021-06-18 09:48:40,B,1091.3,1,4
2021-06-18 09:48:40,B,1091.25,1,11
2021-06-18 09:48:40,B,1091.2,1,1
2021-06-18 09:48:40,B,1091.15,2,21
2021-06-18 09:48:40,B,1090.95,2,5
2021-06-18 09:48:42,S,1092.95,1,8
2021-06-18 09:48:42,S,1093.0,1,13
2021-06-18 09:48:42,S,1093.15,1,10
2021-06-18 09:48:42,S,1093.35,1,5
2021-06-18 09:48:42,S,1093.5,1,4
2021-06-18 09:48:42,B,1091.3,1,4
2021-06-18 09:48:42,B,1091.25,1,11
2021-06-18 09:48:42,B,1091.2,1,1
2021-06-18 09:48:42,B,1091.15,2,21
2021-06-18 09:48:42,B,1090.95,2,5
2021-06-18 09:48:42,S,1092.95,1,8
2021-06-18 09:48:42,S,1093.0,1,13
2021-06-18 09:48:42,S,1093.15,1,10
2021-06-18 09:48:42,S,1093.35,1,5
2021-06-18 09:48:42,S,1093.5,1,4
2021-06-18 09:48:42,B,1091.3,1,4
2021-06-18 09:48:42,B,1091.25,1,11
2021-06-18 09:48:42,B,1091.2,1,1
2021-06-18 09:48:42,B,1091.15,2,21
2021-06-18 09:48:42,B,1090.95,2,5
2021-06-18 09:48:43,S,1095.8,2,12
2021-06-18 09:48:43,S,1095.85,2,2
2021-06-18 09:48:43,S,1095.9,2,4
2021-06-18 09:48:43,S,1096.6,1,5
2021-06-18 09:48:43,S,1096.65,1,5
2021-06-18 09:48:43,B,1092.9,1,8
2021-06-18 09:48:43,B,1092.85,1,5
2021-06-18 09:48:43,B,1092.5,2,7
2021-06-18 09:48:43,B,1092.4,1,1
2021-06-18 09:48:43,B,1092.25,1,2
2021-06-18 09:48:43,S,1095.8,2,12
2021-06-18 09:48:43,S,1095.85,2,2
2021-06-18 09:48:43,S,1095.9,2,4
2021-06-18 09:48:43,S,1096.6,1,5
2021-06-18 09:48:43,S,1096.65,1,5
2021-06-18 09:48:43,B,1092.9,1,8
2021-06-18 09:48:43,B,1092.85,1,5
2021-06-18 09:48:43,B,1092.5,2,7
2021-06-18 09:48:43,B,1092.4,1,1
2021-06-18 09:48:43,B,1092.25,1,2
2021-06-18 09:48:45,S,1095.3,2,12
2021-06-18 09:48:45,S,1095.35,1,5
2021-06-18 09:48:45,S,1095.7,1,2
2021-06-18 09:48:45,S,1095.8,2,3
2021-06-18 09:48:45,S,1095.85,1,1
2021-06-18 09:48:45,B,1093.05,1,8
2021-06-18 09:48:45,B,1093.0,1,3
2021-06-18 09:48:45,B,1092.8,1,4
2021-06-18 09:48:45,B,1092.5,1,1
2021-06-18 09:48:45,B,1092.25,1,4
2021-06-18 09:48:45,S,1095.3,2,12
2021-06-18 09:48:45,S,1095.35,1,5
2021-06-18 09:48:45,S,1095.7,1,2
2021-06-18 09:48:45,S,1095.8,2,3
2021-06-18 09:48:45,S,1095.85,1,1
2021-06-18 09:48:45,B,1093.05,1,8
2021-06-18 09:48:45,B,1093.0,1,3
2021-06-18 09:48:45,B,1092.8,1,4
2021-06-18 09:48:45,B,1092.5,1,1
2021-06-18 09:48:45,B,1092.25,1,4
2021-06-18 09:48:46,S,1095.65,3,13
2021-06-18 09:48:46,S,1095.7,2,3
2021-06-18 09:48:46,S,1095.8,2,3
2021-06-18 09:48:46,S,1096.35,1,2
2021-06-18 09:48:46,S,1096.6,1,5
2021-06-18 09:48:46,B,1092.95,1,8
2021-06-18 09:48:46,B,1092.9,1,6
2021-06-18 09:48:46,B,1092.85,1,1
2021-06-18 09:48:46,B,1092.75,1,1
2021-06-18 09:48:46,B,1092.35,1,2
2021-06-18 09:48:46,S,1095.65,3,13
2021-06-18 09:48:46,S,1095.7,2,3
2021-06-18 09:48:46,S,1095.8,2,3
2021-06-18 09:48:46,S,1096.35,1,2
2021-06-18 09:48:46,S,1096.6,1,5
2021-06-18 09:48:46,B,1092.95,1,8
2021-06-18 09:48:46,B,1092.9,1,6
2021-06-18 09:48:46,B,1092.85,1,1
2021-06-18 09:48:46,B,1092.75,1,1
2021-06-18 09:48:46,B,1092.35,1,2
2021-06-18 09:48:46,S,1095.6,3,19
2021-06-18 09:48:46,S,1095.65,2,2
2021-06-18 09:48:46,S,1095.7,2,3
2021-06-18 09:48:46,S,1095.8,2,3
2021-06-18 09:48:46,S,1096.05,1,5
2021-06-18 09:48:46,B,1092.95,1,8
2021-06-18 09:48:46,B,1092.9,1,6
2021-06-18 09:48:46,B,1092.85,1,1
2021-06-18 09:48:46,B,1092.75,1,1
2021-06-18 09:48:46,B,1092.65,1,1
2021-06-18 09:48:46,S,1095.6,3,19
2021-06-18 09:48:46,S,1095.65,2,2
2021-06-18 09:48:46,S,1095.7,2,3
2021-06-18 09:48:46,S,1095.8,2,3
2021-06-18 09:48:46,S,1096.05,1,5
2021-06-18 09:48:46,B,1092.95,1,8
2021-06-18 09:48:46,B,1092.9,1,6
2021-06-18 09:48:46,B,1092.85,1,1
2021-06-18 09:48:46,B,1092.75,1,1
2021-06-18 09:48:46,B,1092.65,1,1
2021-06-18 09:48:48,S,1095.6,3,19
2021-06-18 09:48:48,S,1095.65,2,2
2021-06-18 09:48:48,S,1095.7,2,3
2021-06-18 09:48:48,S,1095.8,2,3
2021-06-18 09:48:48,S,1096.05,1,5
2021-06-18 09:48:48,B,1092.95,1,8
2021-06-18 09:48:48,B,1092.9,1,6
2021-06-18 09:48:48,B,1092.85,1,1
2021-06-18 09:48:48,B,1092.75,1,1
2021-06-18 09:48:48,B,1092.65,1,1
2021-06-18 09:48:48,S,1095.6,3,19
2021-06-18 09:48:48,S,1095.65,2,2
2021-06-18 09:48:48,S,1095.7,2,3
2021-06-18 09:48:48,S,1095.8,2,3
2021-06-18 09:48:48,S,1096.05,1,5
2021-06-18 09:48:48,B,1092.95,1,8
2021-06-18 09:48:48,B,1092.9,1,6
2021-06-18 09:48:48,B,1092.85,1,1
2021-06-18 09:48:48,B,1092.75,1,1
2021-06-18 09:48:48,B,1092.65,1,1
2021-06-18 09:48:48,S,1094.55,1,8
2021-06-18 09:48:48,S,1094.6,1,10
2021-06-18 09:48:48,S,1095.05,1,1
2021-06-18 09:48:48,S,1095.1,1,5
2021-06-18 09:48:48,S,1095.55,1,3
2021-06-18 09:48:48,B,1092.9,1,8
2021-06-18 09:48:48,B,1092.85,1,1
2021-06-18 09:48:48,B,1092.8,1,3
2021-06-18 09:48:48,B,1092.75,1,1
2021-06-18 09:48:48,B,1092.65,1,1
2021-06-18 09:48:48,S,1094.55,1,8
2021-06-18 09:48:48,S,1094.6,1,10
2021-06-18 09:48:48,S,1095.05,1,1
2021-06-18 09:48:48,S,1095.1,1,5
2021-06-18 09:48:48,S,1095.55,1,3
2021-06-18 09:48:48,B,1092.9,1,8
2021-06-18 09:48:48,B,1092.85,1,1
2021-06-18 09:48:48,B,1092.8,1,3
2021-06-18 09:48:48,B,1092.75,1,1
2021-06-18 09:48:48,B,1092.65,1,1
2021-06-18 09:48:49,S,1094.35,1,8
2021-06-18 09:48:49,S,1094.4,1,5
2021-06-18 09:48:49,S,1094.6,1,10
2021-06-18 09:48:49,S,1094.7,1,2
2021-06-18 09:48:49,S,1095.05,1,1
2021-06-18 09:48:49,B,1092.9,1,8
2021-06-18 09:48:49,B,1092.85,1,1
2021-06-18 09:48:49,B,1092.8,1,3
2021-06-18 09:48:49,B,1092.75,2,6
2021-06-18 09:48:49,B,1092.65,1,1
2021-06-18 09:48:49,S,1094.35,1,8
2021-06-18 09:48:49,S,1094.4,1,5
2021-06-18 09:48:49,S,1094.6,1,10
2021-06-18 09:48:49,S,1094.7,1,2
2021-06-18 09:48:49,S,1095.05,1,1
2021-06-18 09:48:49,B,1092.9,1,8
2021-06-18 09:48:49,B,1092.85,1,1
2021-06-18 09:48:49,B,1092.8,1,3
2021-06-18 09:48:49,B,1092.75,2,6
2021-06-18 09:48:49,B,1092.65,1,1
2021-06-18 09:48:51,S,1095.2,2,9
2021-06-18 09:48:51,S,1095.25,2,3
2021-06-18 09:48:51,S,1095.75,2,4
2021-06-18 09:48:51,S,1095.8,2,3
2021-06-18 09:48:51,S,1096.05,1,5
2021-06-18 09:48:51,B,1093.15,1,8
2021-06-18 09:48:51,B,1093.1,1,6
2021-06-18 09:48:51,B,1093.05,2,11
2021-06-18 09:48:51,B,1093.0,1,30
2021-06-18 09:48:51,B,1092.25,1,4
2021-06-18 09:48:51,S,1095.2,2,9
2021-06-18 09:48:51,S,1095.25,2,3
2021-06-18 09:48:51,S,1095.75,2,4
2021-06-18 09:48:51,S,1095.8,2,3
2021-06-18 09:48:51,S,1096.05,1,5
2021-06-18 09:48:51,B,1093.15,1,8
2021-06-18 09:48:51,B,1093.1,1,6
2021-06-18 09:48:51,B,1093.05,2,11
2021-06-18 09:48:51,B,1093.0,1,30
2021-06-18 09:48:51,B,1092.25,1,4
2021-06-18 09:48:52,S,1095.2,2,9
2021-06-18 09:48:52,S,1095.25,2,3
2021-06-18 09:48:52,S,1095.75,2,4
2021-06-18 09:48:52,S,1095.8,2,3
2021-06-18 09:48:52,S,1096.05,1,5
2021-06-18 09:48:52,B,1093.15,1,8
2021-06-18 09:48:52,B,1093.1,1,6
2021-06-18 09:48:52,B,1093.05,2,11
2021-06-18 09:48:52,B,1093.0,1,30
2021-06-18 09:48:52,B,1092.25,1,4
2021-06-18 09:48:52,S,1095.2,2,9
2021-06-18 09:48:52,S,1095.25,2,3
2021-06-18 09:48:52,S,1095.75,2,4
2021-06-18 09:48:52,S,1095.8,2,3
2021-06-18 09:48:52,S,1096.05,1,5
2021-06-18 09:48:52,B,1093.15,1,8
2021-06-18 09:48:52,B,1093.1,1,6
2021-06-18 09:48:52,B,1093.05,2,11
2021-06-18 09:48:52,B,1093.0,1,30
2021-06-18 09:48:52,B,1092.25,1,4
2021-06-18 09:48:52,S,1094.5,1,7
2021-06-18 09:48:52,S,1094.55,1,5
2021-06-18 09:48:52,S,1094.65,1,1
2021-06-18 09:48:52,S,1094.7,1,1
2021-06-18 09:48:52,S,1094.75,1,1
2021-06-18 09:48:52,B,1093.3,1,2
2021-06-18 09:48:52,B,1093.1,1,8
2021-06-18 09:48:52,B,1093.05,2,12
2021-06-18 09:48:52,B,1093.0,1,30
2021-06-18 09:48:52,B,1092.8,1,4
2021-06-18 09:48:52,S,1094.5,1,7
2021-06-18 09:48:52,S,1094.55,1,5
2021-06-18 09:48:52,S,1094.65,1,1
2021-06-18 09:48:52,S,1094.7,1,1
2021-06-18 09:48:52,S,1094.75,1,1
2021-06-18 09:48:52,B,1093.3,1,2
2021-06-18 09:48:52,B,1093.1,1,8
2021-06-18 09:48:52,B,1093.05,2,12
2021-06-18 09:48:52,B,1093.0,1,30
2021-06-18 09:48:52,B,1092.8,1,4
2021-06-18 09:48:55,S,1094.95,1,5
2021-06-18 09:48:55,S,1095.8,2,3
2021-06-18 09:48:55,S,1096.25,1,2
2021-06-18 09:48:55,S,1096.3,1,1
2021-06-18 09:48:55,S,1096.35,1,2
2021-06-18 09:48:55,B,1093.75,1,8
2021-06-18 09:48:55,B,1093.7,1,5
2021-06-18 09:48:55,B,1093.6,1,6
2021-06-18 09:48:55,B,1093.55,1,3
2021-06-18 09:48:55,B,1093.05,2,12
2021-06-18 09:48:55,S,1094.95,1,5
2021-06-18 09:48:55,S,1095.8,2,3
2021-06-18 09:48:55,S,1096.25,1,2
2021-06-18 09:48:55,S,1096.3,1,1
2021-06-18 09:48:55,S,1096.35,1,2
2021-06-18 09:48:55,B,1093.75,1,8
2021-06-18 09:48:55,B,1093.7,1,5
2021-06-18 09:48:55,B,1093.6,1,6
2021-06-18 09:48:55,B,1093.55,1,3
2021-06-18 09:48:55,B,1093.05,2,12
2021-06-18 09:48:57,S,1094.95,1,5
2021-06-18 09:48:57,S,1095.8,2,3
2021-06-18 09:48:57,S,1096.25,1,2
2021-06-18 09:48:57,S,1096.3,1,1
2021-06-18 09:48:57,S,1096.35,1,2
2021-06-18 09:48:57,B,1093.75,1,8
2021-06-18 09:48:57,B,1093.7,1,5
2021-06-18 09:48:57,B,1093.6,1,6
2021-06-18 09:48:57,B,1093.55,1,3
2021-06-18 09:48:57,B,1093.05,2,12
2021-06-18 09:48:57,S,1094.95,1,5
2021-06-18 09:48:57,S,1095.8,2,3
2021-06-18 09:48:57,S,1096.25,1,2
2021-06-18 09:48:57,S,1096.3,1,1
2021-06-18 09:48:57,S,1096.35,1,2
2021-06-18 09:48:57,B,1093.75,1,8
2021-06-18 09:48:57,B,1093.7,1,5
2021-06-18 09:48:57,B,1093.6,1,6
2021-06-18 09:48:57,B,1093.55,1,3
2021-06-18 09:48:57,B,1093.05,2,12
2021-06-18 09:48:58,S,1095.8,2,3
2021-06-18 09:48:58,S,1096.2,1,1
2021-06-18 09:48:58,S,1096.25,2,3
2021-06-18 09:48:58,S,1096.35,1,2
2021-06-18 09:48:58,S,1096.85,1,3
2021-06-18 09:48:58,B,1093.75,1,8
2021-06-18 09:48:58,B,1093.7,1,5
2021-06-18 09:48:58,B,1093.6,1,6
2021-06-18 09:48:58,B,1093.55,1,3
2021-06-18 09:48:58,B,1093.05,2,12
2021-06-18 09:48:58,S,1095.8,2,3
2021-06-18 09:48:58,S,1096.2,1,1
2021-06-18 09:48:58,S,1096.25,2,3
2021-06-18 09:48:58,S,1096.35,1,2
2021-06-18 09:48:58,S,1096.85,1,3
2021-06-18 09:48:58,B,1093.75,1,8
2021-06-18 09:48:58,B,1093.7,1,5
2021-06-18 09:48:58,B,1093.6,1,6
2021-06-18 09:48:58,B,1093.55,1,3
2021-06-18 09:48:58,B,1093.05,2,12
2021-06-18 09:49:00,S,1095.8,2,3
2021-06-18 09:49:00,S,1096.2,2,2
2021-06-18 09:49:00,S,1096.25,2,3
2021-06-18 09:49:00,S,1096.35,1,2
2021-06-18 09:49:00,S,1096.85,1,3
2021-06-18 09:49:00,B,1094.15,1,8
2021-06-18 09:49:00,B,1094.1,1,5
2021-06-18 09:49:00,B,1093.6,1,6
2021-06-18 09:49:00,B,1093.55,1,3
2021-06-18 09:49:00,B,1093.05,2,12
2021-06-18 09:49:00,S,1095.8,2,3
2021-06-18 09:49:00,S,1096.2,2,2
2021-06-18 09:49:00,S,1096.25,2,3
2021-06-18 09:49:00,S,1096.35,1,2
2021-06-18 09:49:00,S,1096.85,1,3
2021-06-18 09:49:00,B,1094.15,1,8
2021-06-18 09:49:00,B,1094.1,1,5
2021-06-18 09:49:00,B,1093.6,1,6
2021-06-18 09:49:00,B,1093.55,1,3
2021-06-18 09:49:00,B,1093.05,2,12
2021-06-18 09:49:00,S,1095.8,2,3
2021-06-18 09:49:00,S,1096.2,2,2
2021-06-18 09:49:00,S,1096.25,2,3
2021-06-18 09:49:00,S,1096.35,1,2
2021-06-18 09:49:00,S,1096.85,1,3
2021-06-18 09:49:00,B,1094.15,1,8
2021-06-18 09:49:00,B,1094.1,1,5
2021-06-18 09:49:00,B,1093.6,1,6
2021-06-18 09:49:00,B,1093.55,1,3
2021-06-18 09:49:00,B,1093.05,2,12
2021-06-18 09:49:00,S,1095.8,2,3
2021-06-18 09:49:00,S,1096.2,2,2
2021-06-18 09:49:00,S,1096.25,2,3
2021-06-18 09:49:00,S,1096.35,1,2
2021-06-18 09:49:00,S,1096.85,1,3
2021-06-18 09:49:00,B,1094.15,1,8
2021-06-18 09:49:00,B,1094.1,1,5
2021-06-18 09:49:00,B,1093.6,1,6
2021-06-18 09:49:00,B,1093.55,1,3
2021-06-18 09:49:00,B,1093.05,2,12
2021-06-18 09:49:01,S,1094.8,1,8
2021-06-18 09:49:01,S,1094.85,1,6
2021-06-18 09:49:01,S,1094.9,1,1
2021-06-18 09:49:01,S,1095.0,1,1
2021-06-18 09:49:01,S,1095.05,2,3
2021-06-18 09:49:01,B,1093.15,1,8
2021-06-18 09:49:01,B,1093.1,1,3
2021-06-18 09:49:01,B,1093.0,1,14
2021-06-18 09:49:01,B,1092.25,1,4
2021-06-18 09:49:01,B,1091.75,1,2
2021-06-18 09:49:01,S,1094.8,1,8
2021-06-18 09:49:01,S,1094.85,1,6
2021-06-18 09:49:01,S,1094.9,1,1
2021-06-18 09:49:01,S,1095.0,1,1
2021-06-18 09:49:01,S,1095.05,2,3
2021-06-18 09:49:01,B,1093.15,1,8
2021-06-18 09:49:01,B,1093.1,1,3
2021-06-18 09:49:01,B,1093.0,1,14
2021-06-18 09:49:01,B,1092.25,1,4
2021-06-18 09:49:01,B,1091.75,1,2
2021-06-18 09:49:01,S,1093.95,1,8
2021-06-18 09:49:01,S,1094.0,2,11
2021-06-18 09:49:01,S,1094.8,3,10
2021-06-18 09:49:01,S,1094.85,1,2
2021-06-18 09:49:01,S,1095.8,2,3
2021-06-18 09:49:01,B,1092.4,1,8
2021-06-18 09:49:01,B,1092.35,1,7
2021-06-18 09:49:01,B,1092.25,1,4
2021-06-18 09:49:01,B,1091.8,1,3
2021-06-18 09:49:01,B,1091.75,1,2
2021-06-18 09:49:01,S,1093.95,1,8
2021-06-18 09:49:01,S,1094.0,2,11
2021-06-18 09:49:01,S,1094.8,3,10
2021-06-18 09:49:01,S,1094.85,1,2
2021-06-18 09:49:01,S,1095.8,2,3
2021-06-18 09:49:01,B,1092.4,1,8
2021-06-18 09:49:01,B,1092.35,1,7
2021-06-18 09:49:01,B,1092.25,1,4
2021-06-18 09:49:01,B,1091.8,1,3
2021-06-18 09:49:01,B,1091.75,1,2
2021-06-18 09:49:02,S,1094.7,1,2
2021-06-18 09:49:02,S,1094.8,1,1
2021-06-18 09:49:02,S,1094.85,1,2
2021-06-18 09:49:02,S,1095.25,1,2
2021-06-18 09:49:02,S,1095.8,2,3
2021-06-18 09:49:02,B,1092.35,1,8
2021-06-18 09:49:02,B,1092.3,1,7
2021-06-18 09:49:02,B,1092.25,1,4
2021-06-18 09:49:02,B,1091.8,1,3
2021-06-18 09:49:02,B,1091.75,1,2
2021-06-18 09:49:02,S,1094.7,1,2
2021-06-18 09:49:02,S,1094.8,1,1
2021-06-18 09:49:02,S,1094.85,1,2
2021-06-18 09:49:02,S,1095.25,1,2
2021-06-18 09:49:02,S,1095.8,2,3
2021-06-18 09:49:02,B,1092.35,1,8
2021-06-18 09:49:02,B,1092.3,1,7
2021-06-18 09:49:02,B,1092.25,1,4
2021-06-18 09:49:02,B,1091.8,1,3
2021-06-18 09:49:02,B,1091.75,1,2
2021-06-18 09:49:03,S,1094.55,1,5
2021-06-18 09:49:03,S,1094.6,1,7
2021-06-18 09:49:03,S,1094.8,1,1
2021-06-18 09:49:03,S,1095.2,1,2
2021-06-18 09:49:03,S,1095.25,1,2
2021-06-18 09:49:03,B,1092.9,1,2
2021-06-18 09:49:03,B,1092.3,1,8
2021-06-18 09:49:03,B,1092.25,1,4
2021-06-18 09:49:03,B,1091.75,1,2
2021-06-18 09:49:03,B,1091.7,1,4
2021-06-18 09:49:03,S,1094.55,1,5
2021-06-18 09:49:03,S,1094.6,1,7
2021-06-18 09:49:03,S,1094.8,1,1
2021-06-18 09:49:03,S,1095.2,1,2
2021-06-18 09:49:03,S,1095.25,1,2
2021-06-18 09:49:03,B,1092.9,1,2
2021-06-18 09:49:03,B,1092.3,1,8
2021-06-18 09:49:03,B,1092.25,1,4
2021-06-18 09:49:03,B,1091.75,1,2
2021-06-18 09:49:03,B,1091.7,1,4
2021-06-18 09:49:04,S,1094.5,2,7
2021-06-18 09:49:04,S,1094.55,1,1
2021-06-18 09:49:04,S,1095.25,2,3
2021-06-18 09:49:04,S,1095.7,1,1
2021-06-18 09:49:04,S,1095.8,2,3
2021-06-18 09:49:04,B,1092.3,1,8
2021-06-18 09:49:04,B,1092.25,1,4
2021-06-18 09:49:04,B,1091.8,1,1
2021-06-18 09:49:04,B,1091.75,1,2
2021-06-18 09:49:04,B,1091.7,1,4
2021-06-18 09:49:04,S,1094.5,2,7
2021-06-18 09:49:04,S,1094.55,1,1
2021-06-18 09:49:04,S,1095.25,2,3
2021-06-18 09:49:04,S,1095.7,1,1
2021-06-18 09:49:04,S,1095.8,2,3
2021-06-18 09:49:04,B,1092.3,1,8
2021-06-18 09:49:04,B,1092.25,1,4
2021-06-18 09:49:04,B,1091.8,1,1
2021-06-18 09:49:04,B,1091.75,1,2
2021-06-18 09:49:04,B,1091.7,1,4
2021-06-18 09:49:06,S,1094.5,2,6
2021-06-18 09:49:06,S,1094.55,2,2
2021-06-18 09:49:06,S,1095.25,2,3
2021-06-18 09:49:06,S,1095.7,1,1
2021-06-18 09:49:06,S,1095.8,2,3
2021-06-18 09:49:06,B,1092.3,1,8
2021-06-18 09:49:06,B,1092.25,1,4
2021-06-18 09:49:06,B,1091.8,1,1
2021-06-18 09:49:06,B,1091.75,1,2
2021-06-18 09:49:06,B,1091.7,1,4
2021-06-18 09:49:06,S,1094.5,2,6
2021-06-18 09:49:06,S,1094.55,2,2
2021-06-18 09:49:06,S,1095.25,2,3
2021-06-18 09:49:06,S,1095.7,1,1
2021-06-18 09:49:06,S,1095.8,2,3
2021-06-18 09:49:06,B,1092.3,1,8
2021-06-18 09:49:06,B,1092.25,1,4
2021-06-18 09:49:06,B,1091.8,1,1
2021-06-18 09:49:06,B,1091.75,1,2
2021-06-18 09:49:06,B,1091.7,1,4
2021-06-18 09:49:07,S,1094.3,1,5
2021-06-18 09:49:07,S,1094.5,3,8
2021-06-18 09:49:07,S,1094.55,2,2
2021-06-18 09:49:07,S,1095.2,1,2
2021-06-18 09:49:07,S,1095.25,2,3
2021-06-18 09:49:07,B,1092.6,1,2
2021-06-18 09:49:07,B,1092.3,1,8
2021-06-18 09:49:07,B,1092.25,1,4
2021-06-18 09:49:07,B,1091.75,1,2
2021-06-18 09:49:07,B,1091.7,1,4
2021-06-18 09:49:07,S,1094.3,1,5
2021-06-18 09:49:07,S,1094.5,3,8
2021-06-18 09:49:07,S,1094.55,2,2
2021-06-18 09:49:07,S,1095.2,1,2
2021-06-18 09:49:07,S,1095.25,2,3
2021-06-18 09:49:07,B,1092.6,1,2
2021-06-18 09:49:07,B,1092.3,1,8
2021-06-18 09:49:07,B,1092.25,1,4
2021-06-18 09:49:07,B,1091.75,1,2
2021-06-18 09:49:07,B,1091.7,1,4
2021-06-18 09:49:07,S,1094.5,2,3
2021-06-18 09:49:07,S,1094.55,2,2
2021-06-18 09:49:07,S,1095.25,2,3
2021-06-18 09:49:07,S,1095.65,1,1
2021-06-18 09:49:07,S,1095.7,1,1
2021-06-18 09:49:07,B,1092.65,1,8
2021-06-18 09:49:07,B,1092.6,1,2
2021-06-18 09:49:07,B,1092.25,1,4
2021-06-18 09:49:07,B,1091.75,1,2
2021-06-18 09:49:07,B,1091.7,1,4
2021-06-18 09:49:07,S,1094.5,2,3
2021-06-18 09:49:07,S,1094.55,2,2
2021-06-18 09:49:07,S,1095.25,2,3
2021-06-18 09:49:07,S,1095.65,1,1
2021-06-18 09:49:07,S,1095.7,1,1
2021-06-18 09:49:07,B,1092.65,1,8
2021-06-18 09:49:07,B,1092.6,1,2
2021-06-18 09:49:07,B,1092.25,1,4
2021-06-18 09:49:07,B,1091.75,1,2
2021-06-18 09:49:07,B,1091.7,1,4
2021-06-18 09:49:08,S,1094.55,1,1
2021-06-18 09:49:08,S,1094.65,1,2
2021-06-18 09:49:08,S,1095.2,1,1
2021-06-18 09:49:08,S,1095.25,2,3
2021-06-18 09:49:08,S,1096.3,1,1
2021-06-18 09:49:08,B,1093.15,1,8
2021-06-18 09:49:08,B,1093.1,1,5
2021-06-18 09:49:08,B,1092.3,1,1
2021-06-18 09:49:08,B,1092.25,1,4
2021-06-18 09:49:08,B,1091.75,1,2
2021-06-18 09:49:08,S,1094.55,1,1
2021-06-18 09:49:08,S,1094.65,1,2
2021-06-18 09:49:08,S,1095.2,1,1
2021-06-18 09:49:08,S,1095.25,2,3
2021-06-18 09:49:08,S,1096.3,1,1
2021-06-18 09:49:08,B,1093.15,1,8
2021-06-18 09:49:08,B,1093.1,1,5
2021-06-18 09:49:08,B,1092.3,1,1
2021-06-18 09:49:08,B,1092.25,1,4
2021-06-18 09:49:08,B,1091.75,1,2
2021-06-18 09:49:09,S,1094.95,1,2
2021-06-18 09:49:09,S,1095.4,2,7
2021-06-18 09:49:09,S,1095.45,1,1
2021-06-18 09:49:09,S,1095.5,1,1
2021-06-18 09:49:09,S,1095.7,1,1
2021-06-18 09:49:09,B,1092.85,1,8
2021-06-18 09:49:09,B,1092.8,1,5
2021-06-18 09:49:09,B,1092.4,1,2
2021-06-18 09:49:09,B,1092.3,1,5
2021-06-18 09:49:09,B,1092.1,1,5
2021-06-18 09:49:09,S,1094.95,1,2
2021-06-18 09:49:09,S,1095.4,2,7
2021-06-18 09:49:09,S,1095.45,1,1
2021-06-18 09:49:09,S,1095.5,1,1
2021-06-18 09:49:09,S,1095.7,1,1
2021-06-18 09:49:09,B,1092.85,1,8
2021-06-18 09:49:09,B,1092.8,1,5
2021-06-18 09:49:09,B,1092.4,1,2
2021-06-18 09:49:09,B,1092.3,1,5
2021-06-18 09:49:09,B,1092.1,1,5
2021-06-18 09:49:10,S,1094.95,1,2
2021-06-18 09:49:10,S,1095.4,2,7
2021-06-18 09:49:10,S,1095.45,1,1
2021-06-18 09:49:10,S,1095.5,1,1
2021-06-18 09:49:10,S,1095.7,1,1
2021-06-18 09:49:10,B,1092.85,1,8
2021-06-18 09:49:10,B,1092.8,1,5
2021-06-18 09:49:10,B,1092.4,1,2
2021-06-18 09:49:10,B,1092.3,1,5
2021-06-18 09:49:10,B,1092.1,1,5
2021-06-18 09:49:10,S,1094.95,1,2
2021-06-18 09:49:10,S,1095.4,2,7
2021-06-18 09:49:10,S,1095.45,1,1
2021-06-18 09:49:10,S,1095.5,1,1
2021-06-18 09:49:10,S,1095.7,1,1
2021-06-18 09:49:10,B,1092.85,1,8
2021-06-18 09:49:10,B,1092.8,1,5
2021-06-18 09:49:10,B,1092.4,1,2
2021-06-18 09:49:10,B,1092.3,1,5
2021-06-18 09:49:10,B,1092.1,1,5
2021-06-18 09:49:10,S,1093.8,1,8
2021-06-18 09:49:10,S,1093.85,1,5
2021-06-18 09:49:10,S,1094.45,1,2
2021-06-18 09:49:10,S,1094.8,1,5
2021-06-18 09:49:10,S,1095.45,1,5
2021-06-18 09:49:10,B,1091.85,1,8
2021-06-18 09:49:10,B,1091.8,1,3
2021-06-18 09:49:10,B,1091.45,1,6
2021-06-18 09:49:10,B,1091.35,1,1
2021-06-18 09:49:10,B,1091.2,1,6
2021-06-18 09:49:10,S,1093.8,1,8
2021-06-18 09:49:10,S,1093.85,1,5
2021-06-18 09:49:10,S,1094.45,1,2
2021-06-18 09:49:10,S,1094.8,1,5
2021-06-18 09:49:10,S,1095.45,1,5
2021-06-18 09:49:10,B,1091.85,1,8
2021-06-18 09:49:10,B,1091.8,1,3
2021-06-18 09:49:10,B,1091.45,1,6
2021-06-18 09:49:10,B,1091.35,1,1
2021-06-18 09:49:10,B,1091.2,1,6
2021-06-18 09:49:11,S,1093.8,1,8
2021-06-18 09:49:11,S,1093.85,1,5
2021-06-18 09:49:11,S,1094.45,1,2
2021-06-18 09:49:11,S,1094.8,1,5
2021-06-18 09:49:11,S,1095.45,1,5
2021-06-18 09:49:11,B,1091.85,1,8
2021-06-18 09:49:11,B,1091.8,1,3
2021-06-18 09:49:11,B,1091.45,1,6
2021-06-18 09:49:11,B,1091.35,1,1
2021-06-18 09:49:11,B,1091.2,1,6
2021-06-18 09:49:11,S,1093.8,1,8
2021-06-18 09:49:11,S,1093.85,1,5
2021-06-18 09:49:11,S,1094.45,1,2
2021-06-18 09:49:11,S,1094.8,1,5
2021-06-18 09:49:11,S,1095.45,1,5
2021-06-18 09:49:11,B,1091.85,1,8
2021-06-18 09:49:11,B,1091.8,1,3
2021-06-18 09:49:11,B,1091.45,1,6
2021-06-18 09:49:11,B,1091.35,1,1
2021-06-18 09:49:11,B,1091.2,1,6
2021-06-18 09:49:12,S,1096.2,1,6
2021-06-18 09:49:12,S,1096.25,2,20
2021-06-18 09:49:12,S,1096.75,1,1
2021-06-18 09:49:12,S,1097.05,2,4
2021-06-18 09:49:12,S,1097.2,1,5
2021-06-18 09:49:12,B,1092.8,1,8
2021-06-18 09:49:12,B,1092.75,1,6
2021-06-18 09:49:12,B,1092.6,1,5
2021-06-18 09:49:12,B,1092.4,1,5
2021-06-18 09:49:12,B,1092.3,1,6
2021-06-18 09:49:12,S,1096.2,1,6
2021-06-18 09:49:12,S,1096.25,2,20
2021-06-18 09:49:12,S,1096.75,1,1
2021-06-18 09:49:12,S,1097.05,2,4
2021-06-18 09:49:12,S,1097.2,1,5
2021-06-18 09:49:12,B,1092.8,1,8
2021-06-18 09:49:12,B,1092.75,1,6
2021-06-18 09:49:12,B,1092.6,1,5
2021-06-18 09:49:12,B,1092.4,1,5
2021-06-18 09:49:12,B,1092.3,1,6
2021-06-18 09:49:12,S,1095.75,1,6
2021-06-18 09:49:12,S,1095.8,1,2
2021-06-18 09:49:12,S,1096.2,2,2
2021-06-18 09:49:12,S,1096.65,1,5
2021-06-18 09:49:12,S,1097.05,2,4
2021-06-18 09:49:12,B,1093.0,1,8
2021-06-18 09:49:12,B,1092.95,1,6
2021-06-18 09:49:12,B,1092.9,1,2
2021-06-18 09:49:12,B,1092.85,1,4
2021-06-18 09:49:12,B,1092.8,1,5
2021-06-18 09:49:12,S,1095.75,1,6
2021-06-18 09:49:12,S,1095.8,1,2
2021-06-18 09:49:12,S,1096.2,2,2
2021-06-18 09:49:12,S,1096.65,1,5
2021-06-18 09:49:12,S,1097.05,2,4
2021-06-18 09:49:12,B,1093.0,1,8
2021-06-18 09:49:12,B,1092.95,1,6
2021-06-18 09:49:12,B,1092.9,1,2
2021-06-18 09:49:12,B,1092.85,1,4
2021-06-18 09:49:12,B,1092.8,1,5
2021-06-18 09:49:13,S,1095.75,1,6
2021-06-18 09:49:13,S,1095.8,1,2
2021-06-18 09:49:13,S,1096.2,1,1
2021-06-18 09:49:13,S,1097.05,2,4
2021-06-18 09:49:13,S,1097.1,1,5
2021-06-18 09:49:13,B,1093.55,1,8
2021-06-18 09:49:13,B,1093.5,1,5
2021-06-18 09:49:13,B,1093.05,1,6
2021-06-18 09:49:13,B,1092.9,1,2
2021-06-18 09:49:13,B,1092.85,1,4
2021-06-18 09:49:13,S,1095.75,1,6
2021-06-18 09:49:13,S,1095.8,1,2
2021-06-18 09:49:13,S,1096.2,1,1
2021-06-18 09:49:13,S,1097.05,2,4
2021-06-18 09:49:13,S,1097.1,1,5
2021-06-18 09:49:13,B,1093.55,1,8
2021-06-18 09:49:13,B,1093.5,1,5
2021-06-18 09:49:13,B,1093.05,1,6
2021-06-18 09:49:13,B,1092.9,1,2
2021-06-18 09:49:13,B,1092.85,1,4
2021-06-18 09:49:14,S,1095.7,2,14
2021-06-18 09:49:14,S,1095.8,1,2
2021-06-18 09:49:14,S,1096.2,1,1
2021-06-18 09:49:14,S,1097.05,2,4
2021-06-18 09:49:14,S,1097.1,1,5
2021-06-18 09:49:14,B,1093.0,1,8
2021-06-18 09:49:14,B,1092.95,1,6
2021-06-18 09:49:14,B,1092.9,1,2
2021-06-18 09:49:14,B,1092.85,1,4
2021-06-18 09:49:14,B,1092.6,1,5
2021-06-18 09:49:14,S,1095.7,2,14
2021-06-18 09:49:14,S,1095.8,1,2
2021-06-18 09:49:14,S,1096.2,1,1
2021-06-18 09:49:14,S,1097.05,2,4
2021-06-18 09:49:14,S,1097.1,1,5
2021-06-18 09:49:14,B,1093.0,1,8
2021-06-18 09:49:14,B,1092.95,1,6
2021-06-18 09:49:14,B,1092.9,1,2
2021-06-18 09:49:14,B,1092.85,1,4
2021-06-18 09:49:14,B,1092.6,1,5
2021-06-18 09:49:15,S,1094.65,1,8
2021-06-18 09:49:15,S,1094.7,1,5
2021-06-18 09:49:15,S,1095.25,1,1
2021-06-18 09:49:15,S,1095.65,2,9
2021-06-18 09:49:15,S,1096.2,1,1
2021-06-18 09:49:15,B,1092.95,1,8
2021-06-18 09:49:15,B,1092.9,1,3
2021-06-18 09:49:15,B,1092.85,1,4
2021-06-18 09:49:15,B,1092.3,1,6
2021-06-18 09:49:15,B,1092.25,1,4
2021-06-18 09:49:15,S,1094.65,1,8
2021-06-18 09:49:15,S,1094.7,1,5
2021-06-18 09:49:15,S,1095.25,1,1
2021-06-18 09:49:15,S,1095.65,2,9
2021-06-18 09:49:15,S,1096.2,1,1
2021-06-18 09:49:15,B,1092.95,1,8
2021-06-18 09:49:15,B,1092.9,1,3
2021-06-18 09:49:15,B,1092.85,1,4
2021-06-18 09:49:15,B,1092.3,1,6
2021-06-18 09:49:15,B,1092.25,1,4
2021-06-18 09:49:16,S,1095.2,1,8
2021-06-18 09:49:16,S,1095.25,1,1
2021-06-18 09:49:16,S,1095.65,1,6
2021-06-18 09:49:16,S,1096.15,1,2
2021-06-18 09:49:16,S,1096.2,1,1
2021-06-18 09:49:16,B,1093.25,1,8
2021-06-18 09:49:16,B,1093.2,1,6
2021-06-18 09:49:16,B,1093.15,1,2
2021-06-18 09:49:16,B,1092.85,1,4
2021-06-18 09:49:16,B,1092.3,1,6
2021-06-18 09:49:16,S,1095.2,1,8
2021-06-18 09:49:16,S,1095.25,1,1
2021-06-18 09:49:16,S,1095.65,1,6
2021-06-18 09:49:16,S,1096.15,1,2
2021-06-18 09:49:16,S,1096.2,1,1
2021-06-18 09:49:16,B,1093.25,1,8
2021-06-18 09:49:16,B,1093.2,1,6
2021-06-18 09:49:16,B,1093.15,1,2
2021-06-18 09:49:16,B,1092.85,1,4
2021-06-18 09:49:16,B,1092.3,1,6
2021-06-18 09:49:17,S,1094.9,1,3
2021-06-18 09:49:17,S,1094.95,1,5
2021-06-18 09:49:17,S,1095.25,1,1
2021-06-18 09:49:17,S,1095.65,1,6
2021-06-18 09:49:17,S,1096.15,1,2
2021-06-18 09:49:17,B,1093.2,1,8
2021-06-18 09:49:17,B,1093.15,1,2
2021-06-18 09:49:17,B,1092.85,1,4
2021-06-18 09:49:17,B,1092.3,1,6
2021-06-18 09:49:17,B,1092.25,1,4
2021-06-18 09:49:17,S,1094.9,1,3
2021-06-18 09:49:17,S,1094.95,1,5
2021-06-18 09:49:17,S,1095.25,1,1
2021-06-18 09:49:17,S,1095.65,1,6
2021-06-18 09:49:17,S,1096.15,1,2
2021-06-18 09:49:17,B,1093.2,1,8
2021-06-18 09:49:17,B,1093.15,1,2
2021-06-18 09:49:17,B,1092.85,1,4
2021-06-18 09:49:17,B,1092.3,1,6
2021-06-18 09:49:17,B,1092.25,1,4
2021-06-18 09:49:19,S,1094.9,1,3
2021-06-18 09:49:19,S,1094.95,2,6
2021-06-18 09:49:19,S,1095.25,1,1
2021-06-18 09:49:19,S,1095.65,1,6
2021-06-18 09:49:19,S,1095.9,1,1
2021-06-18 09:49:19,B,1093.2,1,8
2021-06-18 09:49:19,B,1093.15,1,2
2021-06-18 09:49:19,B,1092.85,1,4
2021-06-18 09:49:19,B,1092.3,1,6
2021-06-18 09:49:19,B,1092.25,1,4
2021-06-18 09:49:19,S,1094.9,1,3
2021-06-18 09:49:19,S,1094.95,2,6
2021-06-18 09:49:19,S,1095.25,1,1
2021-06-18 09:49:19,S,1095.65,1,6
2021-06-18 09:49:19,S,1095.9,1,1
2021-06-18 09:49:19,B,1093.2,1,8
2021-06-18 09:49:19,B,1093.15,1,2
2021-06-18 09:49:19,B,1092.85,1,4
2021-06-18 09:49:19,B,1092.3,1,6
2021-06-18 09:49:19,B,1092.25,1,4
2021-06-18 09:49:23,S,1094.65,1,3
2021-06-18 09:49:23,S,1094.7,1,5
2021-06-18 09:49:23,S,1095.25,1,1
2021-06-18 09:49:23,S,1095.65,1,6
2021-06-18 09:49:23,S,1095.9,1,1
2021-06-18 09:49:23,B,1093.2,1,8
2021-06-18 09:49:23,B,1093.15,1,2
2021-06-18 09:49:23,B,1092.85,1,4
2021-06-18 09:49:23,B,1092.3,1,6
2021-06-18 09:49:23,B,1092.25,1,4
2021-06-18 09:49:23,S,1094.65,1,3
2021-06-18 09:49:23,S,1094.7,1,5
2021-06-18 09:49:23,S,1095.25,1,1
2021-06-18 09:49:23,S,1095.65,1,6
2021-06-18 09:49:23,S,1095.9,1,1
2021-06-18 09:49:23,B,1093.2,1,8
2021-06-18 09:49:23,B,1093.15,1,2
2021-06-18 09:49:23,B,1092.85,1,4
2021-06-18 09:49:23,B,1092.3,1,6
2021-06-18 09:49:23,B,1092.25,1,4
2021-06-18 09:49:25,S,1094.65,1,3
2021-06-18 09:49:25,S,1094.7,1,5
2021-06-18 09:49:25,S,1095.25,1,1
2021-06-18 09:49:25,S,1095.65,1,6
2021-06-18 09:49:25,S,1095.9,1,1
2021-06-18 09:49:25,B,1093.2,1,8
2021-06-18 09:49:25,B,1093.15,1,2
2021-06-18 09:49:25,B,1092.85,1,4
2021-06-18 09:49:25,B,1092.3,1,6
2021-06-18 09:49:25,B,1092.25,1,4
2021-06-18 09:49:25,S,1094.65,1,3
2021-06-18 09:49:25,S,1094.7,1,5
2021-06-18 09:49:25,S,1095.25,1,1
2021-06-18 09:49:25,S,1095.65,1,6
2021-06-18 09:49:25,S,1095.9,1,1
2021-06-18 09:49:25,B,1093.2,1,8
2021-06-18 09:49:25,B,1093.15,1,2
2021-06-18 09:49:25,B,1092.85,1,4
2021-06-18 09:49:25,B,1092.3,1,6
2021-06-18 09:49:25,B,1092.25,1,4
2021-06-18 09:49:25,S,1094.65,1,3
2021-06-18 09:49:25,S,1094.7,1,5
2021-06-18 09:49:25,S,1095.25,1,1
2021-06-18 09:49:25,S,1095.65,1,6
2021-06-18 09:49:25,S,1095.9,1,1
2021-06-18 09:49:25,B,1093.2,1,8
2021-06-18 09:49:25,B,1093.15,1,2
2021-06-18 09:49:25,B,1092.85,1,4
2021-06-18 09:49:25,B,1092.3,1,6
2021-06-18 09:49:25,B,1092.25,1,4
2021-06-18 09:49:26,S,1094.65,1,3
2021-06-18 09:49:26,S,1094.7,1,5
2021-06-18 09:49:26,S,1095.25,1,1
2021-06-18 09:49:26,S,1095.65,1,6
2021-06-18 09:49:26,S,1095.9,1,1
2021-06-18 09:49:26,B,1093.2,1,8
2021-06-18 09:49:26,B,1093.15,1,2
2021-06-18 09:49:26,B,1092.85,1,4
2021-06-18 09:49:26,B,1092.3,1,6
2021-06-18 09:49:26,B,1092.25,1,4
2021-06-18 09:49:27,S,1093.2,1,3
2021-06-18 09:49:27,S,1095.15,1,8
2021-06-18 09:49:27,S,1095.2,2,3
2021-06-18 09:49:27,S,1095.25,1,1
2021-06-18 09:49:27,S,1095.65,1,6
2021-06-18 09:49:27,B,1092.65,1,5
2021-06-18 09:49:27,B,1092.6,1,2
2021-06-18 09:49:27,B,1092.45,1,5
2021-06-18 09:49:27,B,1092.3,1,6
2021-06-18 09:49:27,B,1092.1,1,4
2021-06-18 09:49:27,S,1093.2,1,3
2021-06-18 09:49:27,S,1095.15,1,8
2021-06-18 09:49:27,S,1095.2,2,3
2021-06-18 09:49:27,S,1095.25,1,1
2021-06-18 09:49:27,S,1095.65,1,6
2021-06-18 09:49:27,B,1092.65,1,5
2021-06-18 09:49:27,B,1092.6,1,2
2021-06-18 09:49:27,B,1092.45,1,5
2021-06-18 09:49:27,B,1092.3,1,6
2021-06-18 09:49:27,B,1092.1,1,4
2021-06-18 09:49:27,S,1093.2,1,3
2021-06-18 09:49:27,S,1095.05,1,8
2021-06-18 09:49:27,S,1095.1,2,6
2021-06-18 09:49:27,S,1095.15,1,1
2021-06-18 09:49:27,S,1095.2,2,3
2021-06-18 09:49:27,B,1092.65,1,5
2021-06-18 09:49:27,B,1092.6,1,2
2021-06-18 09:49:27,B,1092.5,1,5
2021-06-18 09:49:27,B,1092.45,1,5
2021-06-18 09:49:27,B,1092.3,1,6
2021-06-18 09:49:27,S,1093.2,1,3
2021-06-18 09:49:27,S,1095.05,1,8
2021-06-18 09:49:27,S,1095.1,2,6
2021-06-18 09:49:27,S,1095.15,1,1
2021-06-18 09:49:27,S,1095.2,2,3
2021-06-18 09:49:27,B,1092.65,1,5
2021-06-18 09:49:27,B,1092.6,1,2
2021-06-18 09:49:27,B,1092.5,1,5
2021-06-18 09:49:27,B,1092.45,1,5
2021-06-18 09:49:27,B,1092.3,1,6
2021-06-18 09:49:28,S,1093.2,1,3
2021-06-18 09:49:28,S,1093.95,1,8
2021-06-18 09:49:28,S,1094.0,1,5
2021-06-18 09:49:28,S,1094.6,1,1
2021-06-18 09:49:28,S,1095.0,1,5
2021-06-18 09:49:28,B,1092.6,1,2
2021-06-18 09:49:28,B,1092.45,1,5
2021-06-18 09:49:28,B,1092.3,1,6
2021-06-18 09:49:28,B,1092.1,1,4
2021-06-18 09:49:28,B,1092.0,1,1
2021-06-18 09:49:28,S,1093.2,1,3
2021-06-18 09:49:28,S,1093.95,1,8
2021-06-18 09:49:28,S,1094.0,1,5
2021-06-18 09:49:28,S,1094.6,1,1
2021-06-18 09:49:28,S,1095.0,1,5
2021-06-18 09:49:28,B,1092.6,1,2
2021-06-18 09:49:28,B,1092.45,1,5
2021-06-18 09:49:28,B,1092.3,1,6
2021-06-18 09:49:28,B,1092.1,1,4
2021-06-18 09:49:28,B,1092.0,1,1
2021-06-18 09:49:30,S,1093.2,1,3
2021-06-18 09:49:30,S,1093.95,1,8
2021-06-18 09:49:30,S,1094.0,1,5
2021-06-18 09:49:30,S,1094.6,1,1
2021-06-18 09:49:30,S,1095.0,1,5
2021-06-18 09:49:30,B,1092.6,1,2
2021-06-18 09:49:30,B,1092.1,1,4
2021-06-18 09:49:30,B,1092.0,1,1
2021-06-18 09:49:30,B,1091.5,1,4
2021-06-18 09:49:30,B,1091.45,1,6
2021-06-18 09:49:30,S,1093.2,1,3
2021-06-18 09:49:30,S,1093.95,1,8
2021-06-18 09:49:30,S,1094.0,1,5
2021-06-18 09:49:30,S,1094.6,1,1
2021-06-18 09:49:30,S,1095.0,1,5
2021-06-18 09:49:30,B,1092.6,1,2
2021-06-18 09:49:30,B,1092.1,1,4
2021-06-18 09:49:30,B,1092.0,1,1
2021-06-18 09:49:30,B,1091.5,1,4
2021-06-18 09:49:30,B,1091.45,1,6
2021-06-18 09:49:30,S,1093.2,2,5
2021-06-18 09:49:30,S,1093.95,1,8
2021-06-18 09:49:30,S,1094.0,1,5
2021-06-18 09:49:30,S,1094.6,1,1
2021-06-18 09:49:30,S,1095.0,1,5
2021-06-18 09:49:30,B,1092.6,1,2
2021-06-18 09:49:30,B,1092.1,1,4
2021-06-18 09:49:30,B,1092.0,1,1
2021-06-18 09:49:30,B,1091.5,1,4
2021-06-18 09:49:30,B,1091.45,1,6
2021-06-18 09:49:30,S,1093.2,2,5
2021-06-18 09:49:30,S,1093.95,1,8
2021-06-18 09:49:30,S,1094.0,1,5
2021-06-18 09:49:30,S,1094.6,1,1
2021-06-18 09:49:30,S,1095.0,1,5
2021-06-18 09:49:30,B,1092.6,1,2
2021-06-18 09:49:30,B,1092.1,1,4
2021-06-18 09:49:30,B,1092.0,1,1
2021-06-18 09:49:30,B,1091.5,1,4
2021-06-18 09:49:30,B,1091.45,1,6
2021-06-18 09:49:31,S,1093.2,2,5
2021-06-18 09:49:31,S,1093.95,1,8
2021-06-18 09:49:31,S,1094.0,1,5
2021-06-18 09:49:31,S,1094.6,1,1
2021-06-18 09:49:31,S,1095.0,1,5
2021-06-18 09:49:31,B,1092.6,1,2
2021-06-18 09:49:31,B,1092.1,1,4
2021-06-18 09:49:31,B,1092.0,1,1
2021-06-18 09:49:31,B,1091.5,1,4
2021-06-18 09:49:31,B,1091.45,1,6
2021-06-18 09:49:31,S,1093.2,2,5
2021-06-18 09:49:31,S,1093.95,1,8
2021-06-18 09:49:31,S,1094.0,1,5
2021-06-18 09:49:31,S,1094.6,1,1
2021-06-18 09:49:31,S,1095.0,1,5
2021-06-18 09:49:31,B,1092.6,1,2
2021-06-18 09:49:31,B,1092.1,1,4
2021-06-18 09:49:31,B,1092.0,1,1
2021-06-18 09:49:31,B,1091.5,1,4
2021-06-18 09:49:31,B,1091.45,1,6
2021-06-18 09:49:33,S,1093.2,2,5
2021-06-18 09:49:33,S,1093.95,1,8
2021-06-18 09:49:33,S,1094.0,1,5
2021-06-18 09:49:33,S,1094.6,1,1
2021-06-18 09:49:33,S,1095.0,1,5
2021-06-18 09:49:33,B,1092.6,1,2
2021-06-18 09:49:33,B,1092.1,1,4
2021-06-18 09:49:33,B,1092.0,1,1
2021-06-18 09:49:33,B,1091.5,1,4
2021-06-18 09:49:33,B,1091.45,1,6
2021-06-18 09:49:33,S,1093.2,2,5
2021-06-18 09:49:33,S,1093.95,1,8
2021-06-18 09:49:33,S,1094.0,1,5
2021-06-18 09:49:33,S,1094.6,1,1
2021-06-18 09:49:33,S,1095.0,1,5
2021-06-18 09:49:33,B,1092.6,1,2
2021-06-18 09:49:33,B,1092.1,1,4
2021-06-18 09:49:33,B,1092.0,1,1
2021-06-18 09:49:33,B,1091.5,1,4
2021-06-18 09:49:33,B,1091.45,1,6
2021-06-18 09:49:33,S,1092.2,1,3
2021-06-18 09:49:33,S,1093.2,1,2
2021-06-18 09:49:33,S,1093.95,1,8
2021-06-18 09:49:33,S,1094.0,1,1
2021-06-18 09:49:33,S,1094.6,1,1
2021-06-18 09:49:33,B,1092.15,3,11
2021-06-18 09:49:33,B,1092.1,2,13
2021-06-18 09:49:33,B,1092.05,1,6
2021-06-18 09:49:33,B,1092.0,1,1
2021-06-18 09:49:33,B,1091.45,1,6
2021-06-18 09:49:33,S,1092.2,1,3
2021-06-18 09:49:33,S,1093.2,1,2
2021-06-18 09:49:33,S,1093.95,1,8
2021-06-18 09:49:33,S,1094.0,1,1
2021-06-18 09:49:33,S,1094.6,1,1
2021-06-18 09:49:33,B,1092.15,3,11
2021-06-18 09:49:33,B,1092.1,2,13
2021-06-18 09:49:33,B,1092.05,1,6
2021-06-18 09:49:33,B,1092.0,1,1
2021-06-18 09:49:33,B,1091.45,1,6
2021-06-18 09:49:34,S,1092.2,1,3
2021-06-18 09:49:34,S,1093.2,1,2
2021-06-18 09:49:34,S,1093.95,1,8
2021-06-18 09:49:34,S,1094.0,1,1
2021-06-18 09:49:34,S,1094.6,1,1
2021-06-18 09:49:34,B,1092.15,2,5
2021-06-18 09:49:34,B,1092.1,1,8
2021-06-18 09:49:34,B,1092.05,1,6
2021-06-18 09:49:34,B,1091.2,1,6
2021-06-18 09:49:34,B,1091.15,1,20
2021-06-18 09:49:34,S,1092.2,1,3
2021-06-18 09:49:34,S,1093.2,1,2
2021-06-18 09:49:34,S,1093.95,1,8
2021-06-18 09:49:34,S,1094.0,1,1
2021-06-18 09:49:34,S,1094.6,1,1
2021-06-18 09:49:34,B,1092.15,2,5
2021-06-18 09:49:34,B,1092.1,1,8
2021-06-18 09:49:34,B,1092.05,1,6
2021-06-18 09:49:34,B,1091.2,1,6
2021-06-18 09:49:34,B,1091.15,1,20
2021-06-18 09:49:35,S,1092.2,1,3
2021-06-18 09:49:35,S,1093.2,1,2
2021-06-18 09:49:35,S,1093.95,1,8
2021-06-18 09:49:35,S,1094.0,1,1
2021-06-18 09:49:35,S,1094.6,1,1
2021-06-18 09:49:35,B,1092.15,2,5
2021-06-18 09:49:35,B,1092.1,1,8
2021-06-18 09:49:35,B,1092.05,1,6
2021-06-18 09:49:35,B,1091.2,1,6
2021-06-18 09:49:35,B,1091.15,1,20
2021-06-18 09:49:35,S,1092.2,1,3
2021-06-18 09:49:35,S,1093.2,1,2
2021-06-18 09:49:35,S,1093.95,1,8
2021-06-18 09:49:35,S,1094.0,1,1
2021-06-18 09:49:35,S,1094.6,1,1
2021-06-18 09:49:35,B,1092.15,2,5
2021-06-18 09:49:35,B,1092.1,1,8
2021-06-18 09:49:35,B,1092.05,1,6
2021-06-18 09:49:35,B,1091.2,1,6
2021-06-18 09:49:35,B,1091.15,1,20
2021-06-18 09:49:36,S,1092.2,1,1
2021-06-18 09:49:36,S,1093.2,1,2
2021-06-18 09:49:36,S,1093.95,1,8
2021-06-18 09:49:36,S,1094.0,1,1
2021-06-18 09:49:36,S,1094.6,1,1
2021-06-18 09:49:36,B,1092.15,2,5
2021-06-18 09:49:36,B,1092.1,1,8
2021-06-18 09:49:36,B,1092.05,1,6
2021-06-18 09:49:36,B,1091.85,1,5
2021-06-18 09:49:36,B,1091.2,1,6
2021-06-18 09:49:36,S,1092.2,1,1
2021-06-18 09:49:36,S,1093.2,1,2
2021-06-18 09:49:36,S,1093.95,1,8
2021-06-18 09:49:36,S,1094.0,1,1
2021-06-18 09:49:36,S,1094.6,1,1
2021-06-18 09:49:36,B,1092.15,2,5
2021-06-18 09:49:36,B,1092.1,1,8
2021-06-18 09:49:36,B,1092.05,1,6
2021-06-18 09:49:36,B,1091.85,1,5
2021-06-18 09:49:36,B,1091.2,1,6
2021-06-18 09:49:39,S,1092.2,1,1
2021-06-18 09:49:39,S,1093.2,1,2
2021-06-18 09:49:39,S,1093.95,1,8
2021-06-18 09:49:39,S,1094.0,1,1
2021-06-18 09:49:39,S,1094.6,1,1
2021-06-18 09:49:39,B,1092.15,2,5
2021-06-18 09:49:39,B,1092.1,1,8
2021-06-18 09:49:39,B,1092.05,1,6
2021-06-18 09:49:39,B,1091.85,1,5
2021-06-18 09:49:39,B,1091.2,1,6
2021-06-18 09:49:39,S,1092.2,1,1
2021-06-18 09:49:39,S,1093.2,1,2
2021-06-18 09:49:39,S,1093.95,1,8
2021-06-18 09:49:39,S,1094.0,1,1
2021-06-18 09:49:39,S,1094.6,1,1
2021-06-18 09:49:39,B,1092.15,2,5
2021-06-18 09:49:39,B,1092.1,1,8
2021-06-18 09:49:39,B,1092.05,1,6
2021-06-18 09:49:39,B,1091.85,1,5
2021-06-18 09:49:39,B,1091.2,1,6
2021-06-18 09:49:40,S,1093.2,1,2
2021-06-18 09:49:40,S,1093.95,1,8
2021-06-18 09:49:40,S,1094.0,2,6
2021-06-18 09:49:40,S,1094.6,1,1
2021-06-18 09:49:40,S,1095.0,1,5
2021-06-18 09:49:40,B,1092.3,1,5
2021-06-18 09:49:40,B,1092.2,1,2
2021-06-18 09:49:40,B,1092.15,1,4
2021-06-18 09:49:40,B,1091.8,1,4
2021-06-18 09:49:40,B,1091.45,1,6
2021-06-18 09:49:40,S,1093.2,1,2
2021-06-18 09:49:40,S,1093.95,1,8
2021-06-18 09:49:40,S,1094.0,2,6
2021-06-18 09:49:40,S,1094.6,1,1
2021-06-18 09:49:40,S,1095.0,1,5
2021-06-18 09:49:40,B,1092.3,1,5
2021-06-18 09:49:40,B,1092.2,1,2
2021-06-18 09:49:40,B,1092.15,1,4
2021-06-18 09:49:40,B,1091.8,1,4
2021-06-18 09:49:40,B,1091.45,1,6
2021-06-18 09:49:40,S,1093.2,1,2
2021-06-18 09:49:40,S,1093.95,1,8
2021-06-18 09:49:40,S,1094.0,2,6
2021-06-18 09:49:40,S,1094.6,1,1
2021-06-18 09:49:40,S,1095.0,1,5
2021-06-18 09:49:40,B,1092.3,1,5
2021-06-18 09:49:40,B,1092.2,1,2
2021-06-18 09:49:40,B,1092.15,1,4
2021-06-18 09:49:40,B,1091.8,1,4
2021-06-18 09:49:40,B,1091.45,1,6
2021-06-18 09:49:40,S,1093.2,1,2
2021-06-18 09:49:40,S,1093.95,1,8
2021-06-18 09:49:40,S,1094.0,2,6
2021-06-18 09:49:40,S,1094.6,1,1
2021-06-18 09:49:40,S,1095.0,1,5
2021-06-18 09:49:40,B,1092.3,1,5
2021-06-18 09:49:40,B,1092.2,1,2
2021-06-18 09:49:40,B,1092.15,1,4
2021-06-18 09:49:40,B,1091.8,1,4
2021-06-18 09:49:40,B,1091.45,1,6
2021-06-18 09:49:42,S,1093.2,1,2
2021-06-18 09:49:42,S,1093.95,1,8
2021-06-18 09:49:42,S,1094.0,1,1
2021-06-18 09:49:42,S,1094.25,1,5
2021-06-18 09:49:42,S,1094.6,1,1
2021-06-18 09:49:42,B,1092.3,1,5
2021-06-18 09:49:42,B,1092.2,1,2
2021-06-18 09:49:42,B,1092.15,1,4
2021-06-18 09:49:42,B,1091.8,1,4
2021-06-18 09:49:42,B,1091.45,1,6
2021-06-18 09:49:42,S,1093.2,1,2
2021-06-18 09:49:42,S,1093.95,1,8
2021-06-18 09:49:42,S,1094.0,1,1
2021-06-18 09:49:42,S,1094.25,1,5
2021-06-18 09:49:42,S,1094.6,1,1
2021-06-18 09:49:42,B,1092.3,1,5
2021-06-18 09:49:42,B,1092.2,1,2
2021-06-18 09:49:42,B,1092.15,1,4
2021-06-18 09:49:42,B,1091.8,1,4
2021-06-18 09:49:42,B,1091.45,1,6
2021-06-18 09:49:43,S,1093.2,1,2
2021-06-18 09:49:43,S,1093.95,1,8
2021-06-18 09:49:43,S,1094.0,1,1
2021-06-18 09:49:43,S,1094.25,1,5
2021-06-18 09:49:43,S,1094.6,1,1
2021-06-18 09:49:43,B,1092.3,1,5
2021-06-18 09:49:43,B,1092.2,1,2
2021-06-18 09:49:43,B,1092.15,1,4
2021-06-18 09:49:43,B,1091.8,1,4
2021-06-18 09:49:43,B,1091.45,1,6
2021-06-18 09:49:43,S,1093.2,1,2
2021-06-18 09:49:43,S,1093.95,1,8
2021-06-18 09:49:43,S,1094.0,1,1
2021-06-18 09:49:43,S,1094.25,1,5
2021-06-18 09:49:43,S,1094.6,1,1
2021-06-18 09:49:43,B,1092.3,1,5
2021-06-18 09:49:43,B,1092.2,1,2
2021-06-18 09:49:43,B,1092.15,1,4
2021-06-18 09:49:43,B,1091.8,1,4
2021-06-18 09:49:43,B,1091.45,1,6
2021-06-18 09:49:44,S,1093.2,1,2
2021-06-18 09:49:44,S,1093.95,1,8
2021-06-18 09:49:44,S,1094.0,1,1
2021-06-18 09:49:44,S,1094.25,1,5
2021-06-18 09:49:44,S,1094.6,1,1
2021-06-18 09:49:44,B,1092.3,1,5
2021-06-18 09:49:44,B,1092.2,1,2
2021-06-18 09:49:44,B,1092.15,1,4
2021-06-18 09:49:44,B,1091.8,1,4
2021-06-18 09:49:44,B,1091.45,1,6
2021-06-18 09:49:44,S,1093.2,1,2
2021-06-18 09:49:44,S,1093.95,1,8
2021-06-18 09:49:44,S,1094.0,1,1
2021-06-18 09:49:44,S,1094.25,1,5
2021-06-18 09:49:44,S,1094.6,1,1
2021-06-18 09:49:44,B,1092.3,1,5
2021-06-18 09:49:44,B,1092.2,1,2
2021-06-18 09:49:44,B,1092.15,1,4
2021-06-18 09:49:44,B,1091.8,1,4
2021-06-18 09:49:44,B,1091.45,1,6
2021-06-18 09:49:45,S,1093.2,1,2
2021-06-18 09:49:45,S,1093.95,1,8
2021-06-18 09:49:45,S,1094.0,1,1
2021-06-18 09:49:45,S,1094.25,1,5
2021-06-18 09:49:45,S,1094.6,1,1
2021-06-18 09:49:45,B,1092.3,1,5
2021-06-18 09:49:45,B,1092.2,1,2
2021-06-18 09:49:45,B,1092.15,1,4
2021-06-18 09:49:45,B,1091.8,1,4
2021-06-18 09:49:45,B,1091.45,1,6
2021-06-18 09:49:45,S,1093.2,1,2
2021-06-18 09:49:45,S,1093.95,1,8
2021-06-18 09:49:45,S,1094.0,1,1
2021-06-18 09:49:45,S,1094.25,1,5
2021-06-18 09:49:45,S,1094.6,1,1
2021-06-18 09:49:45,B,1092.3,1,5
2021-06-18 09:49:45,B,1092.2,1,2
2021-06-18 09:49:45,B,1092.15,1,4
2021-06-18 09:49:45,B,1091.8,1,4
2021-06-18 09:49:45,B,1091.45,1,6
2021-06-18 09:49:46,S,1093.2,1,2
2021-06-18 09:49:46,S,1093.95,1,8
2021-06-18 09:49:46,S,1094.0,1,1
2021-06-18 09:49:46,S,1094.25,1,5
2021-06-18 09:49:46,S,1094.6,1,1
2021-06-18 09:49:46,B,1092.3,1,5
2021-06-18 09:49:46,B,1092.2,1,2
2021-06-18 09:49:46,B,1092.15,1,4
2021-06-18 09:49:46,B,1091.8,1,4
2021-06-18 09:49:46,B,1091.45,1,6
2021-06-18 09:49:46,S,1093.2,1,2
2021-06-18 09:49:46,S,1093.95,1,8
2021-06-18 09:49:46,S,1094.0,1,1
2021-06-18 09:49:46,S,1094.25,1,5
2021-06-18 09:49:46,S,1094.6,1,1
2021-06-18 09:49:46,B,1092.3,1,5
2021-06-18 09:49:46,B,1092.2,1,2
2021-06-18 09:49:46,B,1092.15,1,4
2021-06-18 09:49:46,B,1091.8,1,4
2021-06-18 09:49:46,B,1091.45,1,6
2021-06-18 09:49:49,S,1093.2,1,2
2021-06-18 09:49:49,S,1093.75,1,8
2021-06-18 09:49:49,S,1093.8,1,4
2021-06-18 09:49:49,S,1094.0,1,1
2021-06-18 09:49:49,S,1094.6,1,1
2021-06-18 09:49:49,B,1091.25,1,7
2021-06-18 09:49:49,B,1091.15,2,7
2021-06-18 09:49:49,B,1091.1,1,37
2021-06-18 09:49:49,B,1091.0,1,1
2021-06-18 09:49:49,B,1090.9,1,4
2021-06-18 09:49:49,S,1093.2,1,2
2021-06-18 09:49:49,S,1093.75,1,8
2021-06-18 09:49:49,S,1093.8,1,4
2021-06-18 09:49:49,S,1094.0,1,1
2021-06-18 09:49:49,S,1094.6,1,1
2021-06-18 09:49:49,B,1091.25,1,7
2021-06-18 09:49:49,B,1091.15,2,7
2021-06-18 09:49:49,B,1091.1,1,37
2021-06-18 09:49:49,B,1091.0,1,1
2021-06-18 09:49:49,B,1090.9,1,4
2021-06-18 09:49:50,S,1093.2,1,2
2021-06-18 09:49:50,S,1094.0,1,1
2021-06-18 09:49:50,S,1094.55,1,8
2021-06-18 09:49:50,S,1094.6,1,1
2021-06-18 09:49:50,S,1095.25,1,1
2021-06-18 09:49:50,B,1092.2,2,5
2021-06-18 09:49:50,B,1092.15,1,5
2021-06-18 09:49:50,B,1091.25,1,7
2021-06-18 09:49:50,B,1091.15,1,6
2021-06-18 09:49:50,B,1091.1,1,37
2021-06-18 09:49:50,S,1093.2,1,2
2021-06-18 09:49:50,S,1094.0,1,1
2021-06-18 09:49:50,S,1094.55,1,8
2021-06-18 09:49:50,S,1094.6,1,1
2021-06-18 09:49:50,S,1095.25,1,1
2021-06-18 09:49:50,B,1092.2,2,5
2021-06-18 09:49:50,B,1092.15,1,5
2021-06-18 09:49:50,B,1091.25,1,7
2021-06-18 09:49:50,B,1091.15,1,6
2021-06-18 09:49:50,B,1091.1,1,37
2021-06-18 09:49:51,S,1093.2,1,2
2021-06-18 09:49:51,S,1094.55,1,8
2021-06-18 09:49:51,S,1094.6,1,1
2021-06-18 09:49:51,S,1095.25,1,1
2021-06-18 09:49:51,S,1095.95,1,11
2021-06-18 09:49:51,B,1092.2,3,10
2021-06-18 09:49:51,B,1092.15,1,5
2021-06-18 09:49:51,B,1091.25,1,7
2021-06-18 09:49:51,B,1091.15,2,12
2021-06-18 09:49:51,B,1091.1,1,37
2021-06-18 09:49:51,S,1093.2,1,2
2021-06-18 09:49:51,S,1094.55,1,8
2021-06-18 09:49:51,S,1094.6,1,1
2021-06-18 09:49:51,S,1095.25,1,1
2021-06-18 09:49:51,S,1095.95,1,11
2021-06-18 09:49:51,B,1092.2,3,10
2021-06-18 09:49:51,B,1092.15,1,5
2021-06-18 09:49:51,B,1091.25,1,7
2021-06-18 09:49:51,B,1091.15,2,12
2021-06-18 09:49:51,B,1091.1,1,37
2021-06-18 09:49:52,S,1093.2,1,2
2021-06-18 09:49:52,S,1094.55,1,8
2021-06-18 09:49:52,S,1094.6,1,1
2021-06-18 09:49:52,S,1095.2,1,2
2021-06-18 09:49:52,S,1095.25,1,1
2021-06-18 09:49:52,B,1092.2,2,5
2021-06-18 09:49:52,B,1092.15,1,5
2021-06-18 09:49:52,B,1091.85,1,4
2021-06-18 09:49:52,B,1091.25,1,7
2021-06-18 09:49:52,B,1091.15,2,12
2021-06-18 09:49:52,S,1093.2,1,2
2021-06-18 09:49:52,S,1094.55,1,8
2021-06-18 09:49:52,S,1094.6,1,1
2021-06-18 09:49:52,S,1095.2,1,2
2021-06-18 09:49:52,S,1095.25,1,1
2021-06-18 09:49:52,B,1092.2,2,5
2021-06-18 09:49:52,B,1092.15,1,5
2021-06-18 09:49:52,B,1091.85,1,4
2021-06-18 09:49:52,B,1091.25,1,7
2021-06-18 09:49:52,B,1091.15,2,12
2021-06-18 09:49:53,S,1092.15,1,5
2021-06-18 09:49:53,S,1092.25,1,8
2021-06-18 09:49:53,S,1092.3,1,100
2021-06-18 09:49:53,S,1093.2,1,2
2021-06-18 09:49:53,S,1094.6,1,1
2021-06-18 09:49:53,B,1091.1,1,37
2021-06-18 09:49:53,B,1091.0,1,1
2021-06-18 09:49:53,B,1090.85,1,4
2021-06-18 09:49:53,B,1090.55,1,4
2021-06-18 09:49:53,B,1090.45,1,25
2021-06-18 09:49:53,S,1092.15,1,5
2021-06-18 09:49:53,S,1092.25,1,8
2021-06-18 09:49:53,S,1092.3,1,100
2021-06-18 09:49:53,S,1093.2,1,2
2021-06-18 09:49:53,S,1094.6,1,1
2021-06-18 09:49:53,B,1091.1,1,37
2021-06-18 09:49:53,B,1091.0,1,1
2021-06-18 09:49:53,B,1090.85,1,4
2021-06-18 09:49:53,B,1090.55,1,4
2021-06-18 09:49:53,B,1090.45,1,25
2021-06-18 09:49:54,S,1092.15,1,5
2021-06-18 09:49:54,S,1092.25,1,8
2021-06-18 09:49:54,S,1092.3,1,100
2021-06-18 09:49:54,S,1093.2,1,2
2021-06-18 09:49:54,S,1094.6,1,1
2021-06-18 09:49:54,B,1091.1,1,37
2021-06-18 09:49:54,B,1091.0,1,1
2021-06-18 09:49:54,B,1090.85,1,4
2021-06-18 09:49:54,B,1090.55,1,4
2021-06-18 09:49:54,B,1090.45,1,25
2021-06-18 09:49:54,S,1092.15,1,5
2021-06-18 09:49:54,S,1092.25,1,8
2021-06-18 09:49:54,S,1092.3,1,100
2021-06-18 09:49:54,S,1093.2,1,2
2021-06-18 09:49:54,S,1094.6,1,1
2021-06-18 09:49:54,B,1091.1,1,37
2021-06-18 09:49:54,B,1091.0,1,1
2021-06-18 09:49:54,B,1090.85,1,4
2021-06-18 09:49:54,B,1090.55,1,4
2021-06-18 09:49:54,B,1090.45,1,25
2021-06-18 09:49:55,S,1092.15,1,5
2021-06-18 09:49:55,S,1092.25,1,8
2021-06-18 09:49:55,S,1092.3,1,100
2021-06-18 09:49:55,S,1093.2,1,2
2021-06-18 09:49:55,S,1093.7,1,2
2021-06-18 09:49:55,B,1091.1,1,37
2021-06-18 09:49:55,B,1091.0,1,1
2021-06-18 09:49:55,B,1090.85,1,4
2021-06-18 09:49:55,B,1090.55,1,4
2021-06-18 09:49:55,B,1090.45,1,25
2021-06-18 09:49:55,S,1092.15,1,5
2021-06-18 09:49:55,S,1092.25,1,8
2021-06-18 09:49:55,S,1092.3,1,100
2021-06-18 09:49:55,S,1093.2,1,2
2021-06-18 09:49:55,S,1093.7,1,2
2021-06-18 09:49:55,B,1091.1,1,37
2021-06-18 09:49:55,B,1091.0,1,1
2021-06-18 09:49:55,B,1090.85,1,4
2021-06-18 09:49:55,B,1090.55,1,4
2021-06-18 09:49:55,B,1090.45,1,25
2021-06-18 09:49:55,S,1092.15,1,5
2021-06-18 09:49:55,S,1092.25,1,8
2021-06-18 09:49:55,S,1092.3,1,100
2021-06-18 09:49:55,S,1093.2,1,2
2021-06-18 09:49:55,S,1093.7,1,2
2021-06-18 09:49:55,B,1091.1,1,37
2021-06-18 09:49:55,B,1091.0,1,1
2021-06-18 09:49:55,B,1090.85,1,4
2021-06-18 09:49:55,B,1090.55,1,4
2021-06-18 09:49:55,B,1090.45,1,25
2021-06-18 09:49:55,S,1092.15,1,5
2021-06-18 09:49:55,S,1092.25,1,8
2021-06-18 09:49:55,S,1092.3,1,100
2021-06-18 09:49:55,S,1093.2,1,2
2021-06-18 09:49:55,S,1093.7,1,2
2021-06-18 09:49:55,B,1091.1,1,37
2021-06-18 09:49:55,B,1091.0,1,1
2021-06-18 09:49:55,B,1090.85,1,4
2021-06-18 09:49:55,B,1090.55,1,4
2021-06-18 09:49:55,B,1090.45,1,25
2021-06-18 09:49:57,S,1091.95,1,8
2021-06-18 09:49:57,S,1092.0,1,10
2021-06-18 09:49:57,S,1092.15,1,5
2021-06-18 09:49:57,S,1092.3,1,100
2021-06-18 09:49:57,S,1093.2,1,2
2021-06-18 09:49:57,B,1091.0,1,1
2021-06-18 09:49:57,B,1090.45,1,25
2021-06-18 09:49:57,B,1090.25,1,1
2021-06-18 09:49:57,B,1090.05,1,1
2021-06-18 09:49:57,B,1090.0,5,151
2021-06-18 09:49:57,S,1091.95,1,8
2021-06-18 09:49:57,S,1092.0,1,10
2021-06-18 09:49:57,S,1092.15,1,5
2021-06-18 09:49:57,S,1092.3,1,100
2021-06-18 09:49:57,S,1093.2,1,2
2021-06-18 09:49:57,B,1091.0,1,1
2021-06-18 09:49:57,B,1090.45,1,25
2021-06-18 09:49:57,B,1090.25,1,1
2021-06-18 09:49:57,B,1090.05,1,1
2021-06-18 09:49:57,B,1090.0,5,151
2021-06-18 09:49:58,S,1091.95,1,8
2021-06-18 09:49:58,S,1092.0,1,10
2021-06-18 09:49:58,S,1092.15,1,5
2021-06-18 09:49:58,S,1092.3,1,100
2021-06-18 09:49:58,S,1092.9,1,2
2021-06-18 09:49:58,B,1090.45,1,25
2021-06-18 09:49:58,B,1090.25,1,1
2021-06-18 09:49:58,B,1090.05,1,1
2021-06-18 09:49:58,B,1090.0,5,151
2021-06-18 09:49:58,B,1089.4,1,4
2021-06-18 09:49:58,S,1091.95,1,8
2021-06-18 09:49:58,S,1092.0,1,10
2021-06-18 09:49:58,S,1092.15,1,5
2021-06-18 09:49:58,S,1092.3,1,100
2021-06-18 09:49:58,S,1092.9,1,2
2021-06-18 09:49:58,B,1090.45,1,25
2021-06-18 09:49:58,B,1090.25,1,1
2021-06-18 09:49:58,B,1090.05,1,1
2021-06-18 09:49:58,B,1090.0,5,151
2021-06-18 09:49:58,B,1089.4,1,4
2021-06-18 09:49:59,S,1091.65,1,5
2021-06-18 09:49:59,S,1091.95,1,8
2021-06-18 09:49:59,S,1092.0,1,10
2021-06-18 09:49:59,S,1092.3,1,100
2021-06-18 09:49:59,S,1092.9,1,2
2021-06-18 09:49:59,B,1090.45,1,25
2021-06-18 09:49:59,B,1090.25,1,1
2021-06-18 09:49:59,B,1090.05,1,1
2021-06-18 09:49:59,B,1090.0,5,151
2021-06-18 09:49:59,B,1089.4,1,4
2021-06-18 09:49:59,S,1091.65,1,5
2021-06-18 09:49:59,S,1091.95,1,8
2021-06-18 09:49:59,S,1092.0,1,10
2021-06-18 09:49:59,S,1092.3,1,100
2021-06-18 09:49:59,S,1092.9,1,2
2021-06-18 09:49:59,B,1090.45,1,25
2021-06-18 09:49:59,B,1090.25,1,1
2021-06-18 09:49:59,B,1090.05,1,1
2021-06-18 09:49:59,B,1090.0,5,151
2021-06-18 09:49:59,B,1089.4,1,4
2021-06-18 09:50:00,S,1091.65,1,5
2021-06-18 09:50:00,S,1091.95,1,8
2021-06-18 09:50:00,S,1092.0,1,10
2021-06-18 09:50:00,S,1092.3,1,100
2021-06-18 09:50:00,S,1092.9,1,2
2021-06-18 09:50:00,B,1090.45,1,25
2021-06-18 09:50:00,B,1090.25,1,1
2021-06-18 09:50:00,B,1090.05,1,1
2021-06-18 09:50:00,B,1090.0,5,151
2021-06-18 09:50:00,B,1089.4,1,4
2021-06-18 09:50:00,S,1091.65,1,5
2021-06-18 09:50:00,S,1091.95,1,8
2021-06-18 09:50:00,S,1092.0,1,10
2021-06-18 09:50:00,S,1092.3,1,100
2021-06-18 09:50:00,S,1092.9,1,2
2021-06-18 09:50:00,B,1090.45,1,25
2021-06-18 09:50:00,B,1090.25,1,1
2021-06-18 09:50:00,B,1090.05,1,1
2021-06-18 09:50:00,B,1090.0,5,151
2021-06-18 09:50:00,B,1089.4,1,4
2021-06-18 09:50:01,S,1091.65,1,4
2021-06-18 09:50:01,S,1091.95,1,8
2021-06-18 09:50:01,S,1092.0,1,10
2021-06-18 09:50:01,S,1092.3,1,100
2021-06-18 09:50:01,S,1092.9,1,2
2021-06-18 09:50:01,B,1090.45,1,25
2021-06-18 09:50:01,B,1090.25,1,1
2021-06-18 09:50:01,B,1090.05,1,1
2021-06-18 09:50:01,B,1090.0,5,151
2021-06-18 09:50:01,B,1089.35,1,13
2021-06-18 09:50:01,S,1091.65,1,4
2021-06-18 09:50:01,S,1091.95,1,8
2021-06-18 09:50:01,S,1092.0,1,10
2021-06-18 09:50:01,S,1092.3,1,100
2021-06-18 09:50:01,S,1092.9,1,2
2021-06-18 09:50:01,B,1090.45,1,25
2021-06-18 09:50:01,B,1090.25,1,1
2021-06-18 09:50:01,B,1090.05,1,1
2021-06-18 09:50:01,B,1090.0,5,151
2021-06-18 09:50:01,B,1089.35,1,13
2021-06-18 09:50:03,S,1091.65,1,4
2021-06-18 09:50:03,S,1091.95,1,8
2021-06-18 09:50:03,S,1092.0,1,10
2021-06-18 09:50:03,S,1092.3,1,100
2021-06-18 09:50:03,S,1092.9,1,2
2021-06-18 09:50:03,B,1090.45,1,15
2021-06-18 09:50:03,B,1090.25,1,1
2021-06-18 09:50:03,B,1090.05,1,1
2021-06-18 09:50:03,B,1090.0,5,151
2021-06-18 09:50:03,B,1089.35,1,13
2021-06-18 09:50:03,S,1091.65,1,4
2021-06-18 09:50:03,S,1091.95,1,8
2021-06-18 09:50:03,S,1092.0,1,10
2021-06-18 09:50:03,S,1092.3,1,100
2021-06-18 09:50:03,S,1092.9,1,2
2021-06-18 09:50:03,B,1090.45,1,15
2021-06-18 09:50:03,B,1090.25,1,1
2021-06-18 09:50:03,B,1090.05,1,1
2021-06-18 09:50:03,B,1090.0,5,151
2021-06-18 09:50:03,B,1089.35,1,13
2021-06-18 09:50:04,S,1091.1,1,8
2021-06-18 09:50:04,S,1091.65,1,4
2021-06-18 09:50:04,S,1091.95,1,8
2021-06-18 09:50:04,S,1092.0,1,10
2021-06-18 09:50:04,S,1092.3,1,100
2021-06-18 09:50:04,B,1090.45,1,15
2021-06-18 09:50:04,B,1090.25,1,1
2021-06-18 09:50:04,B,1090.05,1,1
2021-06-18 09:50:04,B,1090.0,5,151
2021-06-18 09:50:04,B,1089.5,1,5
2021-06-18 09:50:04,S,1091.1,1,8
2021-06-18 09:50:04,S,1091.65,1,4
2021-06-18 09:50:04,S,1091.95,1,8
2021-06-18 09:50:04,S,1092.0,1,10
2021-06-18 09:50:04,S,1092.3,1,100
2021-06-18 09:50:04,B,1090.45,1,15
2021-06-18 09:50:04,B,1090.25,1,1
2021-06-18 09:50:04,B,1090.05,1,1
2021-06-18 09:50:04,B,1090.0,5,151
2021-06-18 09:50:04,B,1089.5,1,5
2021-06-18 09:50:06,S,1091.1,1,3
2021-06-18 09:50:06,S,1091.65,1,4
2021-06-18 09:50:06,S,1091.95,1,8
2021-06-18 09:50:06,S,1092.0,1,10
2021-06-18 09:50:06,S,1092.3,1,100
2021-06-18 09:50:06,B,1090.45,1,15
2021-06-18 09:50:06,B,1090.25,1,1
2021-06-18 09:50:06,B,1090.05,1,1
2021-06-18 09:50:06,B,1090.0,5,151
2021-06-18 09:50:06,B,1089.5,1,5
2021-06-18 09:50:06,S,1091.1,1,3
2021-06-18 09:50:06,S,1091.65,1,4
2021-06-18 09:50:06,S,1091.95,1,8
2021-06-18 09:50:06,S,1092.0,1,10
2021-06-18 09:50:06,S,1092.3,1,100
2021-06-18 09:50:06,B,1090.45,1,15
2021-06-18 09:50:06,B,1090.25,1,1
2021-06-18 09:50:06,B,1090.05,1,1
2021-06-18 09:50:06,B,1090.0,5,151
2021-06-18 09:50:06,B,1089.5,1,5
2021-06-18 09:50:07,S,1091.95,1,8
2021-06-18 09:50:07,S,1092.0,1,10
2021-06-18 09:50:07,S,1092.3,1,100
2021-06-18 09:50:07,S,1092.9,1,2
2021-06-18 09:50:07,S,1093.7,1,2
2021-06-18 09:50:07,B,1090.5,1,8
2021-06-18 09:50:07,B,1090.45,2,19
2021-06-18 09:50:07,B,1090.25,1,1
2021-06-18 09:50:07,B,1090.05,1,1
2021-06-18 09:50:07,B,1090.0,5,151
2021-06-18 09:50:07,S,1091.95,1,8
2021-06-18 09:50:07,S,1092.0,1,10
2021-06-18 09:50:07,S,1092.3,1,100
2021-06-18 09:50:07,S,1092.9,1,2
2021-06-18 09:50:07,S,1093.7,1,2
2021-06-18 09:50:07,B,1090.5,1,8
2021-06-18 09:50:07,B,1090.45,2,19
2021-06-18 09:50:07,B,1090.25,1,1
2021-06-18 09:50:07,B,1090.05,1,1
2021-06-18 09:50:07,B,1090.0,5,151
2021-06-18 09:50:07,S,1091.95,1,8
2021-06-18 09:50:07,S,1092.0,1,10
2021-06-18 09:50:07,S,1092.3,1,100
2021-06-18 09:50:07,S,1092.9,1,2
2021-06-18 09:50:07,S,1093.7,1,2
2021-06-18 09:50:07,B,1090.5,1,7
2021-06-18 09:50:07,B,1090.45,1,15
2021-06-18 09:50:07,B,1090.25,1,1
2021-06-18 09:50:07,B,1090.05,1,1
2021-06-18 09:50:07,B,1090.0,5,151
2021-06-18 09:50:07,S,1091.95,1,8
2021-06-18 09:50:07,S,1092.0,1,10
2021-06-18 09:50:07,S,1092.3,1,100
2021-06-18 09:50:07,S,1092.9,1,2
2021-06-18 09:50:07,S,1093.7,1,2
2021-06-18 09:50:07,B,1090.5,1,7
2021-06-18 09:50:07,B,1090.45,1,15
2021-06-18 09:50:07,B,1090.25,1,1
2021-06-18 09:50:07,B,1090.05,1,1
2021-06-18 09:50:07,B,1090.0,5,151
2021-06-18 09:50:09,S,1091.95,1,8
2021-06-18 09:50:09,S,1092.0,1,10
2021-06-18 09:50:09,S,1092.15,1,20
2021-06-18 09:50:09,S,1092.3,1,100
2021-06-18 09:50:09,S,1092.9,1,2
2021-06-18 09:50:09,B,1090.5,1,7
2021-06-18 09:50:09,B,1090.45,1,15
2021-06-18 09:50:09,B,1090.25,1,1
2021-06-18 09:50:09,B,1090.05,1,1
2021-06-18 09:50:09,B,1090.0,5,151
2021-06-18 09:50:09,S,1091.95,1,8
2021-06-18 09:50:09,S,1092.0,1,10
2021-06-18 09:50:09,S,1092.15,1,20
2021-06-18 09:50:09,S,1092.3,1,100
2021-06-18 09:50:09,S,1092.9,1,2
2021-06-18 09:50:09,B,1090.5,1,7
2021-06-18 09:50:09,B,1090.45,1,15
2021-06-18 09:50:09,B,1090.25,1,1
2021-06-18 09:50:09,B,1090.05,1,1
2021-06-18 09:50:09,B,1090.0,5,151
2021-06-18 09:50:10,S,1091.8,1,5
2021-06-18 09:50:10,S,1091.95,1,8
2021-06-18 09:50:10,S,1092.0,1,10
2021-06-18 09:50:10,S,1092.15,1,20
2021-06-18 09:50:10,S,1092.3,1,100
2021-06-18 09:50:10,B,1090.5,1,7
2021-06-18 09:50:10,B,1090.45,1,15
2021-06-18 09:50:10,B,1090.25,1,1
2021-06-18 09:50:10,B,1090.05,1,1
2021-06-18 09:50:10,B,1090.0,5,151
2021-06-18 09:50:10,S,1091.8,1,5
2021-06-18 09:50:10,S,1091.95,1,8
2021-06-18 09:50:10,S,1092.0,1,10
2021-06-18 09:50:10,S,1092.15,1,20
2021-06-18 09:50:10,S,1092.3,1,100
2021-06-18 09:50:10,B,1090.5,1,7
2021-06-18 09:50:10,B,1090.45,1,15
2021-06-18 09:50:10,B,1090.25,1,1
2021-06-18 09:50:10,B,1090.05,1,1
2021-06-18 09:50:10,B,1090.0,5,151
2021-06-18 09:50:10,S,1088.8,1,5
2021-06-18 09:50:10,S,1088.85,2,2
2021-06-18 09:50:10,S,1089.15,1,8
2021-06-18 09:50:10,S,1089.2,1,2
2021-06-18 09:50:10,S,1089.3,1,2
2021-06-18 09:50:10,B,1087.55,1,7
2021-06-18 09:50:10,B,1087.5,1,8
2021-06-18 09:50:10,B,1087.1,1,5
2021-06-18 09:50:10,B,1086.55,1,10
2021-06-18 09:50:10,B,1086.5,1,1
2021-06-18 09:50:10,S,1088.8,1,5
2021-06-18 09:50:10,S,1088.85,2,2
2021-06-18 09:50:10,S,1089.15,1,8
2021-06-18 09:50:10,S,1089.2,1,2
2021-06-18 09:50:10,S,1089.3,1,2
2021-06-18 09:50:10,B,1087.55,1,7
2021-06-18 09:50:10,B,1087.5,1,8
2021-06-18 09:50:10,B,1087.1,1,5
2021-06-18 09:50:10,B,1086.55,1,10
2021-06-18 09:50:10,B,1086.5,1,1
2021-06-18 09:50:12,S,1088.8,1,5
2021-06-18 09:50:12,S,1088.85,2,2
2021-06-18 09:50:12,S,1089.15,1,8
2021-06-18 09:50:12,S,1089.2,1,2
2021-06-18 09:50:12,S,1089.3,1,2
2021-06-18 09:50:12,B,1087.55,1,7
2021-06-18 09:50:12,B,1087.5,1,8
2021-06-18 09:50:12,B,1087.1,1,5
2021-06-18 09:50:12,B,1086.55,1,10
2021-06-18 09:50:12,B,1086.5,1,1
2021-06-18 09:50:12,S,1088.8,1,5
2021-06-18 09:50:12,S,1088.85,2,2
2021-06-18 09:50:12,S,1089.15,1,8
2021-06-18 09:50:12,S,1089.2,1,2
2021-06-18 09:50:12,S,1089.3,1,2
2021-06-18 09:50:12,B,1087.55,1,7
2021-06-18 09:50:12,B,1087.5,1,8
2021-06-18 09:50:12,B,1087.1,1,5
2021-06-18 09:50:12,B,1086.55,1,10
2021-06-18 09:50:12,B,1086.5,1,1
2021-06-18 09:50:13,S,1088.8,1,5
2021-06-18 09:50:13,S,1088.85,2,2
2021-06-18 09:50:13,S,1089.15,1,8
2021-06-18 09:50:13,S,1089.2,1,2
2021-06-18 09:50:13,S,1089.3,1,2
2021-06-18 09:50:13,B,1087.55,1,7
2021-06-18 09:50:13,B,1087.5,1,8
2021-06-18 09:50:13,B,1087.1,1,5
2021-06-18 09:50:13,B,1086.6,1,4
2021-06-18 09:50:13,B,1086.55,1,10
2021-06-18 09:50:13,S,1088.8,1,5
2021-06-18 09:50:13,S,1088.85,2,2
2021-06-18 09:50:13,S,1089.15,1,8
2021-06-18 09:50:13,S,1089.2,1,2
2021-06-18 09:50:13,S,1089.3,1,2
2021-06-18 09:50:13,B,1087.55,1,7
2021-06-18 09:50:13,B,1087.5,1,8
2021-06-18 09:50:13,B,1087.1,1,5
2021-06-18 09:50:13,B,1086.6,1,4
2021-06-18 09:50:13,B,1086.55,1,10
2021-06-18 09:50:13,S,1088.4,2,2
2021-06-18 09:50:13,S,1088.45,1,5
2021-06-18 09:50:13,S,1088.5,2,11
2021-06-18 09:50:13,S,1089.25,1,8
2021-06-18 09:50:13,S,1089.3,1,2
2021-06-18 09:50:13,B,1087.55,1,7
2021-06-18 09:50:13,B,1087.5,1,8
2021-06-18 09:50:13,B,1086.7,1,5
2021-06-18 09:50:13,B,1086.6,1,4
2021-06-18 09:50:13,B,1086.5,1,1
2021-06-18 09:50:13,S,1088.4,2,2
2021-06-18 09:50:13,S,1088.45,1,5
2021-06-18 09:50:13,S,1088.5,2,11
2021-06-18 09:50:13,S,1089.25,1,8
2021-06-18 09:50:13,S,1089.3,1,2
2021-06-18 09:50:13,B,1087.55,1,7
2021-06-18 09:50:13,B,1087.5,1,8
2021-06-18 09:50:13,B,1086.7,1,5
2021-06-18 09:50:13,B,1086.6,1,4
2021-06-18 09:50:13,B,1086.5,1,1
2021-06-18 09:50:15,S,1088.4,2,2
2021-06-18 09:50:15,S,1088.45,1,5
2021-06-18 09:50:15,S,1088.5,2,11
2021-06-18 09:50:15,S,1089.25,1,8
2021-06-18 09:50:15,S,1089.3,1,2
2021-06-18 09:50:15,B,1087.55,1,7
2021-06-18 09:50:15,B,1087.5,1,8
2021-06-18 09:50:15,B,1086.7,1,5
2021-06-18 09:50:15,B,1086.6,1,4
2021-06-18 09:50:15,B,1086.5,1,1
2021-06-18 09:50:15,S,1088.4,2,2
2021-06-18 09:50:15,S,1088.45,1,5
2021-06-18 09:50:15,S,1088.5,2,11
2021-06-18 09:50:15,S,1089.25,1,8
2021-06-18 09:50:15,S,1089.3,1,2
2021-06-18 09:50:15,B,1087.55,1,7
2021-06-18 09:50:15,B,1087.5,1,8
2021-06-18 09:50:15,B,1086.7,1,5
2021-06-18 09:50:15,B,1086.6,1,4
2021-06-18 09:50:15,B,1086.5,1,1
2021-06-18 09:50:15,S,1088.2,1,8
2021-06-18 09:50:15,S,1088.25,3,4
2021-06-18 09:50:15,S,1088.3,1,8
2021-06-18 09:50:15,S,1088.45,1,5
2021-06-18 09:50:15,S,1089.3,1,2
2021-06-18 09:50:15,B,1086.5,1,1
2021-06-18 09:50:15,B,1086.45,1,7
2021-06-18 09:50:15,B,1086.4,1,1
2021-06-18 09:50:15,B,1086.2,1,4
2021-06-18 09:50:15,B,1086.1,1,1
2021-06-18 09:50:15,S,1088.2,1,8
2021-06-18 09:50:15,S,1088.25,3,4
2021-06-18 09:50:15,S,1088.3,1,8
2021-06-18 09:50:15,S,1088.45,1,5
2021-06-18 09:50:15,S,1089.3,1,2
2021-06-18 09:50:15,B,1086.5,1,1
2021-06-18 09:50:15,B,1086.45,1,7
2021-06-18 09:50:15,B,1086.4,1,1
2021-06-18 09:50:15,B,1086.2,1,4
2021-06-18 09:50:15,B,1086.1,1,1
2021-06-18 09:50:16,S,1087.55,1,5
2021-06-18 09:50:16,S,1087.6,2,2
2021-06-18 09:50:16,S,1088.15,1,8
2021-06-18 09:50:16,S,1088.2,1,1
2021-06-18 09:50:16,S,1088.3,1,8
2021-06-18 09:50:16,B,1086.45,1,7
2021-06-18 09:50:16,B,1086.0,1,20
2021-06-18 09:50:16,B,1085.6,1,4
2021-06-18 09:50:16,B,1085.15,1,11
2021-06-18 09:50:16,B,1085.05,1,1
2021-06-18 09:50:16,S,1087.55,1,5
2021-06-18 09:50:16,S,1087.6,2,2
2021-06-18 09:50:16,S,1088.15,1,8
2021-06-18 09:50:16,S,1088.2,1,1
2021-06-18 09:50:16,S,1088.3,1,8
2021-06-18 09:50:16,B,1086.45,1,7
2021-06-18 09:50:16,B,1086.0,1,20
2021-06-18 09:50:16,B,1085.6,1,4
2021-06-18 09:50:16,B,1085.15,1,11
2021-06-18 09:50:16,B,1085.05,1,1
2021-06-18 09:50:18,S,1087.55,1,5
2021-06-18 09:50:18,S,1087.6,2,2
2021-06-18 09:50:18,S,1087.95,2,11
2021-06-18 09:50:18,S,1088.0,1,2
2021-06-18 09:50:18,S,1088.3,1,8
2021-06-18 09:50:18,B,1086.45,1,7
2021-06-18 09:50:18,B,1086.0,1,20
2021-06-18 09:50:18,B,1085.85,1,5
2021-06-18 09:50:18,B,1085.6,1,4
2021-06-18 09:50:18,B,1085.15,1,11
2021-06-18 09:50:18,S,1087.55,1,5
2021-06-18 09:50:18,S,1087.6,2,2
2021-06-18 09:50:18,S,1087.95,2,11
2021-06-18 09:50:18,S,1088.0,1,2
2021-06-18 09:50:18,S,1088.3,1,8
2021-06-18 09:50:18,B,1086.45,1,7
2021-06-18 09:50:18,B,1086.0,1,20
2021-06-18 09:50:18,B,1085.85,1,5
2021-06-18 09:50:18,B,1085.6,1,4
2021-06-18 09:50:18,B,1085.15,1,11
2021-06-18 09:50:19,S,1087.55,1,5
2021-06-18 09:50:19,S,1087.6,2,2
2021-06-18 09:50:19,S,1087.95,2,11
2021-06-18 09:50:19,S,1088.0,1,2
2021-06-18 09:50:19,S,1088.3,1,8
2021-06-18 09:50:19,B,1086.45,1,7
2021-06-18 09:50:19,B,1086.0,1,20
2021-06-18 09:50:19,B,1085.85,1,5
2021-06-18 09:50:19,B,1085.6,1,4
2021-06-18 09:50:19,B,1085.15,1,11
2021-06-18 09:50:19,S,1087.55,1,5
2021-06-18 09:50:19,S,1087.6,2,2
2021-06-18 09:50:19,S,1087.95,2,11
2021-06-18 09:50:19,S,1088.0,1,2
2021-06-18 09:50:19,S,1088.3,1,8
2021-06-18 09:50:19,B,1086.45,1,7
2021-06-18 09:50:19,B,1086.0,1,20
2021-06-18 09:50:19,B,1085.85,1,5
2021-06-18 09:50:19,B,1085.6,1,4
2021-06-18 09:50:19,B,1085.15,1,11
2021-06-18 09:50:21,S,1087.55,1,5
2021-06-18 09:50:21,S,1087.6,2,2
2021-06-18 09:50:21,S,1087.95,2,11
2021-06-18 09:50:21,S,1088.0,1,2
2021-06-18 09:50:21,S,1088.3,1,8
2021-06-18 09:50:21,B,1086.45,1,7
2021-06-18 09:50:21,B,1086.0,1,20
2021-06-18 09:50:21,B,1085.85,1,5
2021-06-18 09:50:21,B,1085.6,1,4
2021-06-18 09:50:21,B,1085.15,1,11
2021-06-18 09:50:21,S,1087.55,1,5
2021-06-18 09:50:21,S,1087.6,2,2
2021-06-18 09:50:21,S,1087.95,2,11
2021-06-18 09:50:21,S,1088.0,1,2
2021-06-18 09:50:21,S,1088.3,1,8
2021-06-18 09:50:21,B,1086.45,1,7
2021-06-18 09:50:21,B,1086.0,1,20
2021-06-18 09:50:21,B,1085.85,1,5
2021-06-18 09:50:21,B,1085.6,1,4
2021-06-18 09:50:21,B,1085.15,1,11
2021-06-18 09:50:22,S,1087.6,2,2
2021-06-18 09:50:22,S,1087.7,1,5
2021-06-18 09:50:22,S,1087.95,2,11
2021-06-18 09:50:22,S,1088.0,1,2
2021-06-18 09:50:22,S,1088.3,1,8
2021-06-18 09:50:22,B,1086.45,1,7
2021-06-18 09:50:22,B,1086.0,1,20
2021-06-18 09:50:22,B,1085.85,1,5
2021-06-18 09:50:22,B,1085.6,1,4
2021-06-18 09:50:22,B,1085.15,1,11
2021-06-18 09:50:22,S,1087.6,2,2
2021-06-18 09:50:22,S,1087.7,1,5
2021-06-18 09:50:22,S,1087.95,2,11
2021-06-18 09:50:22,S,1088.0,1,2
2021-06-18 09:50:22,S,1088.3,1,8
2021-06-18 09:50:22,B,1086.45,1,7
2021-06-18 09:50:22,B,1086.0,1,20
2021-06-18 09:50:22,B,1085.85,1,5
2021-06-18 09:50:22,B,1085.6,1,4
2021-06-18 09:50:22,B,1085.15,1,11
2021-06-18 09:50:24,S,1087.6,2,2
2021-06-18 09:50:24,S,1087.7,1,5
2021-06-18 09:50:24,S,1087.95,2,11
2021-06-18 09:50:24,S,1088.0,1,2
2021-06-18 09:50:24,S,1088.3,1,8
2021-06-18 09:50:24,B,1086.45,1,7
2021-06-18 09:50:24,B,1086.0,1,20
2021-06-18 09:50:24,B,1085.6,1,4
2021-06-18 09:50:24,B,1085.15,1,11
2021-06-18 09:50:24,B,1085.05,1,1
2021-06-18 09:50:24,S,1087.6,2,2
2021-06-18 09:50:24,S,1087.7,1,5
2021-06-18 09:50:24,S,1087.95,2,11
2021-06-18 09:50:24,S,1088.0,1,2
2021-06-18 09:50:24,S,1088.3,1,8
2021-06-18 09:50:24,B,1086.45,1,7
2021-06-18 09:50:24,B,1086.0,1,20
2021-06-18 09:50:24,B,1085.6,1,4
2021-06-18 09:50:24,B,1085.15,1,11
2021-06-18 09:50:24,B,1085.05,1,1
2021-06-18 09:50:26,S,1087.6,2,2
2021-06-18 09:50:26,S,1087.65,2,12
2021-06-18 09:50:26,S,1087.7,1,5
2021-06-18 09:50:26,S,1088.0,1,2
2021-06-18 09:50:26,S,1088.3,1,8
2021-06-18 09:50:26,B,1086.45,1,7
2021-06-18 09:50:26,B,1086.0,1,20
2021-06-18 09:50:26,B,1085.6,1,4
2021-06-18 09:50:26,B,1085.15,1,11
2021-06-18 09:50:26,B,1085.05,1,1
2021-06-18 09:50:26,S,1087.6,2,2
2021-06-18 09:50:26,S,1087.65,2,12
2021-06-18 09:50:26,S,1087.7,1,5
2021-06-18 09:50:26,S,1088.0,1,2
2021-06-18 09:50:26,S,1088.3,1,8
2021-06-18 09:50:26,B,1086.45,1,7
2021-06-18 09:50:26,B,1086.0,1,20
2021-06-18 09:50:26,B,1085.6,1,4
2021-06-18 09:50:26,B,1085.15,1,11
2021-06-18 09:50:26,B,1085.05,1,1
2021-06-18 09:50:27,S,1087.6,2,2
2021-06-18 09:50:27,S,1087.65,2,12
2021-06-18 09:50:27,S,1087.7,1,5
2021-06-18 09:50:27,S,1088.0,1,2
2021-06-18 09:50:27,S,1088.3,1,8
2021-06-18 09:50:27,B,1086.45,1,7
2021-06-18 09:50:27,B,1086.0,1,20
2021-06-18 09:50:27,B,1085.6,1,4
2021-06-18 09:50:27,B,1085.15,1,11
2021-06-18 09:50:27,B,1085.05,1,1
2021-06-18 09:50:27,S,1087.6,2,2
2021-06-18 09:50:27,S,1087.65,2,12
2021-06-18 09:50:27,S,1087.7,1,5
2021-06-18 09:50:27,S,1088.0,1,2
2021-06-18 09:50:27,S,1088.3,1,8
2021-06-18 09:50:27,B,1086.45,1,7
2021-06-18 09:50:27,B,1086.0,1,20
2021-06-18 09:50:27,B,1085.6,1,4
2021-06-18 09:50:27,B,1085.15,1,11
2021-06-18 09:50:27,B,1085.05,1,1
2021-06-18 09:50:28,S,1086.7,1,8
2021-06-18 09:50:28,S,1086.75,1,1
2021-06-18 09:50:28,S,1086.9,1,2
2021-06-18 09:50:28,S,1087.55,1,6
2021-06-18 09:50:28,S,1088.0,1,2
2021-06-18 09:50:28,B,1085.0,1,2
2021-06-18 09:50:28,B,1084.9,1,1
2021-06-18 09:50:28,B,1084.15,1,4
2021-06-18 09:50:28,B,1083.95,1,13
2021-06-18 09:50:28,B,1083.7,1,20
2021-06-18 09:50:28,S,1086.7,1,8
2021-06-18 09:50:28,S,1086.75,1,1
2021-06-18 09:50:28,S,1086.9,1,2
2021-06-18 09:50:28,S,1087.55,1,6
2021-06-18 09:50:28,S,1088.0,1,2
2021-06-18 09:50:28,B,1085.0,1,2
2021-06-18 09:50:28,B,1084.9,1,1
2021-06-18 09:50:28,B,1084.15,1,4
2021-06-18 09:50:28,B,1083.95,1,13
2021-06-18 09:50:28,B,1083.7,1,20
2021-06-18 09:50:28,S,1086.75,1,1
2021-06-18 09:50:28,S,1087.3,1,2
2021-06-18 09:50:28,S,1087.55,1,6
2021-06-18 09:50:28,S,1087.95,1,8
2021-06-18 09:50:28,S,1088.0,1,2
2021-06-18 09:50:28,B,1086.0,1,16
2021-06-18 09:50:28,B,1085.0,1,2
2021-06-18 09:50:28,B,1084.9,1,1
2021-06-18 09:50:28,B,1084.15,1,4
2021-06-18 09:50:28,B,1083.95,1,13
2021-06-18 09:50:28,S,1086.75,1,1
2021-06-18 09:50:28,S,1087.3,1,2
2021-06-18 09:50:28,S,1087.55,1,6
2021-06-18 09:50:28,S,1087.95,1,8
2021-06-18 09:50:28,S,1088.0,1,2
2021-06-18 09:50:28,B,1086.0,1,16
2021-06-18 09:50:28,B,1085.0,1,2
2021-06-18 09:50:28,B,1084.9,1,1
2021-06-18 09:50:28,B,1084.15,1,4
2021-06-18 09:50:28,B,1083.95,1,13
2021-06-18 09:50:29,S,1086.75,1,1
2021-06-18 09:50:29,S,1087.3,1,2
2021-06-18 09:50:29,S,1087.55,1,6
2021-06-18 09:50:29,S,1087.95,1,8
2021-06-18 09:50:29,S,1088.0,1,2
2021-06-18 09:50:29,B,1086.0,1,16
2021-06-18 09:50:29,B,1085.0,1,2
2021-06-18 09:50:29,B,1084.9,1,1
2021-06-18 09:50:29,B,1084.15,1,4
2021-06-18 09:50:29,B,1083.95,1,13
2021-06-18 09:50:29,S,1086.75,1,1
2021-06-18 09:50:29,S,1087.3,1,2
2021-06-18 09:50:29,S,1087.55,1,6
2021-06-18 09:50:29,S,1087.95,1,8
2021-06-18 09:50:29,S,1088.0,1,2
2021-06-18 09:50:29,B,1086.0,1,16
2021-06-18 09:50:29,B,1085.0,1,2
2021-06-18 09:50:29,B,1084.9,1,1
2021-06-18 09:50:29,B,1084.15,1,4
2021-06-18 09:50:29,B,1083.95,1,13
2021-06-18 09:50:30,S,1089.25,2,9
2021-06-18 09:50:30,S,1089.3,1,2
2021-06-18 09:50:30,S,1089.9,1,8
2021-06-18 09:50:30,S,1089.95,1,6
2021-06-18 09:50:30,S,1090.0,5,145
2021-06-18 09:50:30,B,1087.75,1,8
2021-06-18 09:50:30,B,1087.7,1,5
2021-06-18 09:50:30,B,1087.55,1,108
2021-06-18 09:50:30,B,1086.8,1,2
2021-06-18 09:50:30,B,1086.75,1,4
2021-06-18 09:50:30,S,1089.25,2,9
2021-06-18 09:50:30,S,1089.3,1,2
2021-06-18 09:50:30,S,1089.9,1,8
2021-06-18 09:50:30,S,1089.95,1,6
2021-06-18 09:50:30,S,1090.0,5,145
2021-06-18 09:50:30,B,1087.75,1,8
2021-06-18 09:50:30,B,1087.7,1,5
2021-06-18 09:50:30,B,1087.55,1,108
2021-06-18 09:50:30,B,1086.8,1,2
2021-06-18 09:50:30,B,1086.75,1,4
2021-06-18 09:50:31,S,1089.25,2,9
2021-06-18 09:50:31,S,1089.3,1,2
2021-06-18 09:50:31,S,1089.9,1,8
2021-06-18 09:50:31,S,1089.95,1,6
2021-06-18 09:50:31,S,1090.0,5,145
2021-06-18 09:50:31,B,1087.75,1,8
2021-06-18 09:50:31,B,1087.7,1,5
2021-06-18 09:50:31,B,1087.55,1,108
2021-06-18 09:50:31,B,1086.8,1,2
2021-06-18 09:50:31,B,1086.75,1,4
2021-06-18 09:50:31,S,1089.25,2,9
2021-06-18 09:50:31,S,1089.3,1,2
2021-06-18 09:50:31,S,1089.9,1,8
2021-06-18 09:50:31,S,1089.95,1,6
2021-06-18 09:50:31,S,1090.0,5,145
2021-06-18 09:50:31,B,1087.75,1,8
2021-06-18 09:50:31,B,1087.7,1,5
2021-06-18 09:50:31,B,1087.55,1,108
2021-06-18 09:50:31,B,1086.8,1,2
2021-06-18 09:50:31,B,1086.75,1,4
2021-06-18 09:50:31,S,1089.1,1,7
2021-06-18 09:50:31,S,1089.15,1,8
2021-06-18 09:50:31,S,1089.2,1,2
2021-06-18 09:50:31,S,1089.3,1,2
2021-06-18 09:50:31,S,1089.35,1,5
2021-06-18 09:50:31,B,1087.55,1,96
2021-06-18 09:50:31,B,1086.2,1,2
2021-06-18 09:50:31,B,1086.05,2,11
2021-06-18 09:50:31,B,1086.0,1,16
2021-06-18 09:50:31,B,1085.5,1,6
2021-06-18 09:50:31,S,1089.1,1,7
2021-06-18 09:50:31,S,1089.15,1,8
2021-06-18 09:50:31,S,1089.2,1,2
2021-06-18 09:50:31,S,1089.3,1,2
2021-06-18 09:50:31,S,1089.35,1,5
2021-06-18 09:50:31,B,1087.55,1,96
2021-06-18 09:50:31,B,1086.2,1,2
2021-06-18 09:50:31,B,1086.05,2,11
2021-06-18 09:50:31,B,1086.0,1,16
2021-06-18 09:50:31,B,1085.5,1,6
2021-06-18 09:50:33,S,1088.8,1,5
2021-06-18 09:50:33,S,1088.85,2,21
2021-06-18 09:50:33,S,1088.9,1,2
2021-06-18 09:50:33,S,1088.95,1,6
2021-06-18 09:50:33,S,1089.3,1,2
2021-06-18 09:50:33,B,1087.55,1,75
2021-06-18 09:50:33,B,1086.25,1,13
2021-06-18 09:50:33,B,1086.2,1,2
2021-06-18 09:50:33,B,1086.05,1,1
2021-06-18 09:50:33,B,1086.0,1,16
2021-06-18 09:50:33,S,1088.8,1,5
2021-06-18 09:50:33,S,1088.85,2,21
2021-06-18 09:50:33,S,1088.9,1,2
2021-06-18 09:50:33,S,1088.95,1,6
2021-06-18 09:50:33,S,1089.3,1,2
2021-06-18 09:50:33,B,1087.55,1,75
2021-06-18 09:50:33,B,1086.25,1,13
2021-06-18 09:50:33,B,1086.2,1,2
2021-06-18 09:50:33,B,1086.05,1,1
2021-06-18 09:50:33,B,1086.0,1,16
2021-06-18 09:50:34,S,1089.25,2,10
2021-06-18 09:50:34,S,1089.3,1,2
2021-06-18 09:50:34,S,1089.95,1,6
2021-06-18 09:50:34,S,1090.0,5,145
2021-06-18 09:50:34,S,1090.05,1,2
2021-06-18 09:50:34,B,1087.6,1,5
2021-06-18 09:50:34,B,1087.55,1,75
2021-06-18 09:50:34,B,1086.35,1,13
2021-06-18 09:50:34,B,1086.3,1,4
2021-06-18 09:50:34,B,1086.2,1,2
2021-06-18 09:50:34,S,1089.25,2,10
2021-06-18 09:50:34,S,1089.3,1,2
2021-06-18 09:50:34,S,1089.95,1,6
2021-06-18 09:50:34,S,1090.0,5,145
2021-06-18 09:50:34,S,1090.05,1,2
2021-06-18 09:50:34,B,1087.6,1,5
2021-06-18 09:50:34,B,1087.55,1,75
2021-06-18 09:50:34,B,1086.35,1,13
2021-06-18 09:50:34,B,1086.3,1,4
2021-06-18 09:50:34,B,1086.2,1,2
2021-06-18 09:50:36,S,1089.0,1,5
2021-06-18 09:50:36,S,1089.1,1,2
2021-06-18 09:50:36,S,1089.25,1,8
2021-06-18 09:50:36,S,1089.3,1,2
2021-06-18 09:50:36,S,1089.95,1,6
2021-06-18 09:50:36,B,1087.6,1,4
2021-06-18 09:50:36,B,1087.55,1,75
2021-06-18 09:50:36,B,1086.35,2,14
2021-06-18 09:50:36,B,1086.3,1,4
2021-06-18 09:50:36,B,1086.2,1,2
2021-06-18 09:50:36,S,1089.0,1,5
2021-06-18 09:50:36,S,1089.1,1,2
2021-06-18 09:50:36,S,1089.25,1,8
2021-06-18 09:50:36,S,1089.3,1,2
2021-06-18 09:50:36,S,1089.95,1,6
2021-06-18 09:50:36,B,1087.6,1,4
2021-06-18 09:50:36,B,1087.55,1,75
2021-06-18 09:50:36,B,1086.35,2,14
2021-06-18 09:50:36,B,1086.3,1,4
2021-06-18 09:50:36,B,1086.2,1,2
2021-06-18 09:50:37,S,1089.0,1,5
2021-06-18 09:50:37,S,1089.1,1,2
2021-06-18 09:50:37,S,1089.25,1,8
2021-06-18 09:50:37,S,1089.3,1,2
2021-06-18 09:50:37,S,1089.95,1,6
2021-06-18 09:50:37,B,1087.6,1,4
2021-06-18 09:50:37,B,1087.55,1,75
2021-06-18 09:50:37,B,1086.35,2,14
2021-06-18 09:50:37,B,1086.3,1,4
2021-06-18 09:50:37,B,1086.2,1,2
2021-06-18 09:50:37,S,1089.0,1,5
2021-06-18 09:50:37,S,1089.1,1,2
2021-06-18 09:50:37,S,1089.25,1,8
2021-06-18 09:50:37,S,1089.3,1,2
2021-06-18 09:50:37,S,1089.95,1,6
2021-06-18 09:50:37,B,1087.6,1,4
2021-06-18 09:50:37,B,1087.55,1,75
2021-06-18 09:50:37,B,1086.35,2,14
2021-06-18 09:50:37,B,1086.3,1,4
2021-06-18 09:50:37,B,1086.2,1,2
2021-06-18 09:50:39,S,1089.25,2,10
2021-06-18 09:50:39,S,1089.3,1,2
2021-06-18 09:50:39,S,1089.85,1,5
2021-06-18 09:50:39,S,1089.95,1,6
2021-06-18 09:50:39,S,1090.0,4,135
2021-06-18 09:50:39,B,1087.6,1,4
2021-06-18 09:50:39,B,1087.55,1,75
2021-06-18 09:50:39,B,1087.4,2,6
2021-06-18 09:50:39,B,1086.95,2,5
2021-06-18 09:50:39,B,1086.35,2,14
2021-06-18 09:50:39,S,1089.25,2,10
2021-06-18 09:50:39,S,1089.3,1,2
2021-06-18 09:50:39,S,1089.85,1,5
2021-06-18 09:50:39,S,1089.95,1,6
2021-06-18 09:50:39,S,1090.0,4,135
2021-06-18 09:50:39,B,1087.6,1,4
2021-06-18 09:50:39,B,1087.55,1,75
2021-06-18 09:50:39,B,1087.4,2,6
2021-06-18 09:50:39,B,1086.95,2,5
2021-06-18 09:50:39,B,1086.35,2,14
2021-06-18 09:50:40,S,1089.25,2,10
2021-06-18 09:50:40,S,1089.3,1,2
2021-06-18 09:50:40,S,1089.85,1,5
2021-06-18 09:50:40,S,1089.95,1,6
2021-06-18 09:50:40,S,1090.0,4,135
2021-06-18 09:50:40,B,1087.6,1,4
2021-06-18 09:50:40,B,1087.55,1,75
2021-06-18 09:50:40,B,1087.4,2,6
2021-06-18 09:50:40,B,1086.95,2,5
2021-06-18 09:50:40,B,1086.35,2,14
2021-06-18 09:50:40,S,1089.25,2,10
2021-06-18 09:50:40,S,1089.3,1,2
2021-06-18 09:50:40,S,1089.85,1,5
2021-06-18 09:50:40,S,1089.95,1,6
2021-06-18 09:50:40,S,1090.0,4,135
2021-06-18 09:50:40,B,1087.6,1,4
2021-06-18 09:50:40,B,1087.55,1,75
2021-06-18 09:50:40,B,1087.4,2,6
2021-06-18 09:50:40,B,1086.95,2,5
2021-06-18 09:50:40,B,1086.35,2,14
2021-06-18 09:50:40,S,1089.25,1,8
2021-06-18 09:50:40,S,1089.3,1,9
2021-06-18 09:50:40,S,1089.35,1,2
2021-06-18 09:50:40,S,1089.75,1,2
2021-06-18 09:50:40,S,1089.85,1,5
2021-06-18 09:50:40,B,1087.55,1,36
2021-06-18 09:50:40,B,1086.4,2,3
2021-06-18 09:50:40,B,1086.35,3,20
2021-06-18 09:50:40,B,1086.0,1,16
2021-06-18 09:50:40,B,1085.5,1,6
2021-06-18 09:50:40,S,1089.25,1,8
2021-06-18 09:50:40,S,1089.3,1,9
2021-06-18 09:50:40,S,1089.35,1,2
2021-06-18 09:50:40,S,1089.75,1,2
2021-06-18 09:50:40,S,1089.85,1,5
2021-06-18 09:50:40,B,1087.55,1,36
2021-06-18 09:50:40,B,1086.4,2,3
2021-06-18 09:50:40,B,1086.35,3,20
2021-06-18 09:50:40,B,1086.0,1,16
2021-06-18 09:50:40,B,1085.5,1,6
2021-06-18 09:50:41,S,1089.25,1,8
2021-06-18 09:50:41,S,1089.3,1,9
2021-06-18 09:50:41,S,1089.35,1,2
2021-06-18 09:50:41,S,1089.75,1,2
2021-06-18 09:50:41,S,1089.85,1,5
2021-06-18 09:50:41,B,1087.55,1,36
2021-06-18 09:50:41,B,1086.4,2,3
2021-06-18 09:50:41,B,1086.35,3,20
2021-06-18 09:50:41,B,1086.0,1,16
2021-06-18 09:50:41,B,1085.5,1,6
2021-06-18 09:50:41,S,1089.25,1,8
2021-06-18 09:50:41,S,1089.3,1,9
2021-06-18 09:50:41,S,1089.35,1,2
2021-06-18 09:50:41,S,1089.75,1,2
2021-06-18 09:50:41,S,1089.85,1,5
2021-06-18 09:50:41,B,1087.55,1,36
2021-06-18 09:50:41,B,1086.4,2,3
2021-06-18 09:50:41,B,1086.35,3,20
2021-06-18 09:50:41,B,1086.0,1,16
2021-06-18 09:50:41,B,1085.5,1,6
2021-06-18 09:50:42,S,1089.1,1,5
2021-06-18 09:50:42,S,1089.15,1,2
2021-06-18 09:50:42,S,1089.3,1,8
2021-06-18 09:50:42,S,1089.35,1,2
2021-06-18 09:50:42,S,1089.85,1,5
2021-06-18 09:50:42,B,1087.6,1,2
2021-06-18 09:50:42,B,1087.55,1,36
2021-06-18 09:50:42,B,1087.4,1,5
2021-06-18 09:50:42,B,1086.65,2,3
2021-06-18 09:50:42,B,1086.6,1,4
2021-06-18 09:50:42,S,1089.1,1,5
2021-06-18 09:50:42,S,1089.15,1,2
2021-06-18 09:50:42,S,1089.3,1,8
2021-06-18 09:50:42,S,1089.35,1,2
2021-06-18 09:50:42,S,1089.85,1,5
2021-06-18 09:50:42,B,1087.6,1,2
2021-06-18 09:50:42,B,1087.55,1,36
2021-06-18 09:50:42,B,1087.4,1,5
2021-06-18 09:50:42,B,1086.65,2,3
2021-06-18 09:50:42,B,1086.6,1,4
2021-06-18 09:50:42,S,1089.1,1,5
2021-06-18 09:50:42,S,1089.15,1,2
2021-06-18 09:50:42,S,1089.3,1,8
2021-06-18 09:50:42,S,1089.35,1,2
2021-06-18 09:50:42,S,1089.85,1,5
2021-06-18 09:50:42,B,1087.6,1,2
2021-06-18 09:50:42,B,1087.55,1,36
2021-06-18 09:50:42,B,1087.4,1,5
2021-06-18 09:50:42,B,1086.65,2,3
2021-06-18 09:50:42,B,1086.6,1,4
2021-06-18 09:50:42,S,1089.1,1,5
2021-06-18 09:50:42,S,1089.15,1,2
2021-06-18 09:50:42,S,1089.3,1,8
2021-06-18 09:50:42,S,1089.35,1,2
2021-06-18 09:50:42,S,1089.85,1,5
2021-06-18 09:50:42,B,1087.6,1,2
2021-06-18 09:50:42,B,1087.55,1,36
2021-06-18 09:50:42,B,1087.4,1,5
2021-06-18 09:50:42,B,1086.65,2,3
2021-06-18 09:50:42,B,1086.6,1,4
2021-06-18 09:50:43,S,1087.4,1,5
2021-06-18 09:50:43,S,1087.5,1,8
2021-06-18 09:50:43,S,1087.55,1,6
2021-06-18 09:50:43,S,1087.6,1,23
2021-06-18 09:50:43,S,1087.9,1,2
2021-06-18 09:50:43,B,1086.45,1,6
2021-06-18 09:50:43,B,1086.15,1,2
2021-06-18 09:50:43,B,1086.1,2,5
2021-06-18 09:50:43,B,1086.0,1,16
2021-06-18 09:50:43,B,1085.65,1,5
2021-06-18 09:50:43,S,1087.4,1,5
2021-06-18 09:50:43,S,1087.5,1,8
2021-06-18 09:50:43,S,1087.55,1,6
2021-06-18 09:50:43,S,1087.6,1,23
2021-06-18 09:50:43,S,1087.9,1,2
2021-06-18 09:50:43,B,1086.45,1,6
2021-06-18 09:50:43,B,1086.15,1,2
2021-06-18 09:50:43,B,1086.1,2,5
2021-06-18 09:50:43,B,1086.0,1,16
2021-06-18 09:50:43,B,1085.65,1,5
2021-06-18 09:50:43,S,1087.4,1,5
2021-06-18 09:50:43,S,1087.5,1,8
2021-06-18 09:50:43,S,1087.55,1,6
2021-06-18 09:50:43,S,1087.6,1,23
2021-06-18 09:50:43,S,1087.9,1,2
2021-06-18 09:50:43,B,1086.45,1,6
2021-06-18 09:50:43,B,1086.15,1,2
2021-06-18 09:50:43,B,1086.1,2,5
2021-06-18 09:50:43,B,1086.0,1,16
2021-06-18 09:50:43,B,1085.65,1,5
2021-06-18 09:50:43,S,1087.4,1,5
2021-06-18 09:50:43,S,1087.5,1,8
2021-06-18 09:50:43,S,1087.55,1,6
2021-06-18 09:50:43,S,1087.6,1,23
2021-06-18 09:50:43,S,1087.9,1,2
2021-06-18 09:50:43,B,1086.45,1,6
2021-06-18 09:50:43,B,1086.15,1,2
2021-06-18 09:50:43,B,1086.1,2,5
2021-06-18 09:50:43,B,1086.0,1,16
2021-06-18 09:50:43,B,1085.65,1,5
2021-06-18 09:50:44,S,1087.95,1,5
2021-06-18 09:50:44,S,1088.95,1,8
2021-06-18 09:50:44,S,1089.0,1,5
2021-06-18 09:50:44,S,1089.35,1,2
2021-06-18 09:50:44,S,1089.4,1,2
2021-06-18 09:50:44,B,1086.95,2,10
2021-06-18 09:50:44,B,1086.9,1,5
2021-06-18 09:50:44,B,1086.8,1,10
2021-06-18 09:50:44,B,1086.75,1,1
2021-06-18 09:50:44,B,1086.1,2,5
2021-06-18 09:50:44,S,1087.95,1,5
2021-06-18 09:50:44,S,1088.95,1,8
2021-06-18 09:50:44,S,1089.0,1,5
2021-06-18 09:50:44,S,1089.35,1,2
2021-06-18 09:50:44,S,1089.4,1,2
2021-06-18 09:50:44,B,1086.95,2,10
2021-06-18 09:50:44,B,1086.9,1,5
2021-06-18 09:50:44,B,1086.8,1,10
2021-06-18 09:50:44,B,1086.75,1,1
2021-06-18 09:50:44,B,1086.1,2,5
2021-06-18 09:50:45,S,1087.95,1,5
2021-06-18 09:50:45,S,1088.95,1,8
2021-06-18 09:50:45,S,1089.0,1,5
2021-06-18 09:50:45,S,1089.35,1,2
2021-06-18 09:50:45,S,1089.4,1,2
2021-06-18 09:50:45,B,1086.95,2,10
2021-06-18 09:50:45,B,1086.9,1,5
2021-06-18 09:50:45,B,1086.8,1,10
2021-06-18 09:50:45,B,1086.75,1,1
2021-06-18 09:50:45,B,1086.1,2,5
2021-06-18 09:50:45,S,1087.95,1,5
2021-06-18 09:50:45,S,1088.95,1,8
2021-06-18 09:50:45,S,1089.0,1,5
2021-06-18 09:50:45,S,1089.35,1,2
2021-06-18 09:50:45,S,1089.4,1,2
2021-06-18 09:50:45,B,1086.95,2,10
2021-06-18 09:50:45,B,1086.9,1,5
2021-06-18 09:50:45,B,1086.8,1,10
2021-06-18 09:50:45,B,1086.75,1,1
2021-06-18 09:50:45,B,1086.1,2,5
2021-06-18 09:50:45,S,1087.95,1,11
2021-06-18 09:50:45,S,1088.65,1,8
2021-06-18 09:50:45,S,1088.7,1,2
2021-06-18 09:50:45,S,1089.0,1,5
2021-06-18 09:50:45,S,1089.35,1,2
2021-06-18 09:50:45,B,1086.95,3,11
2021-06-18 09:50:45,B,1086.9,1,5
2021-06-18 09:50:45,B,1086.8,2,11
2021-06-18 09:50:45,B,1086.1,2,5
2021-06-18 09:50:45,B,1086.0,1,16
2021-06-18 09:50:45,S,1087.95,1,11
2021-06-18 09:50:45,S,1088.65,1,8
2021-06-18 09:50:45,S,1088.7,1,2
2021-06-18 09:50:45,S,1089.0,1,5
2021-06-18 09:50:45,S,1089.35,1,2
2021-06-18 09:50:45,B,1086.95,3,11
2021-06-18 09:50:45,B,1086.9,1,5
2021-06-18 09:50:45,B,1086.8,2,11
2021-06-18 09:50:45,B,1086.1,2,5
2021-06-18 09:50:45,B,1086.0,1,16
2021-06-18 09:50:46,S,1087.95,1,11
2021-06-18 09:50:46,S,1088.65,1,8
2021-06-18 09:50:46,S,1088.7,1,2
2021-06-18 09:50:46,S,1089.0,1,5
2021-06-18 09:50:46,S,1089.35,1,2
2021-06-18 09:50:46,B,1086.95,3,11
2021-06-18 09:50:46,B,1086.9,1,5
2021-06-18 09:50:46,B,1086.8,2,11
2021-06-18 09:50:46,B,1086.1,2,5
2021-06-18 09:50:46,B,1086.0,1,16
2021-06-18 09:50:46,S,1087.95,1,11
2021-06-18 09:50:46,S,1088.65,1,8
2021-06-18 09:50:46,S,1088.7,1,2
2021-06-18 09:50:46,S,1089.0,1,5
2021-06-18 09:50:46,S,1089.35,1,2
2021-06-18 09:50:46,B,1086.95,3,11
2021-06-18 09:50:46,B,1086.9,1,5
2021-06-18 09:50:46,B,1086.8,2,11
2021-06-18 09:50:46,B,1086.1,2,5
2021-06-18 09:50:46,B,1086.0,1,16
2021-06-18 09:50:49,S,1087.95,1,11
2021-06-18 09:50:49,S,1088.65,1,8
2021-06-18 09:50:49,S,1088.7,1,2
2021-06-18 09:50:49,S,1089.0,1,5
2021-06-18 09:50:49,S,1089.35,1,2
2021-06-18 09:50:49,B,1086.95,3,11
2021-06-18 09:50:49,B,1086.9,1,5
2021-06-18 09:50:49,B,1086.8,2,11
2021-06-18 09:50:49,B,1086.1,2,5
2021-06-18 09:50:49,B,1086.0,1,16
2021-06-18 09:50:49,S,1087.95,1,11
2021-06-18 09:50:49,S,1088.65,1,8
2021-06-18 09:50:49,S,1088.7,1,2
2021-06-18 09:50:49,S,1089.0,1,5
2021-06-18 09:50:49,S,1089.35,1,2
2021-06-18 09:50:49,B,1086.95,3,11
2021-06-18 09:50:49,B,1086.9,1,5
2021-06-18 09:50:49,B,1086.8,2,11
2021-06-18 09:50:49,B,1086.1,2,5
2021-06-18 09:50:49,B,1086.0,1,16
2021-06-18 09:50:49,S,1087.95,1,11
2021-06-18 09:50:49,S,1088.95,1,8
2021-06-18 09:50:49,S,1089.0,1,5
2021-06-18 09:50:49,S,1089.35,1,2
2021-06-18 09:50:49,S,1090.0,3,35
2021-06-18 09:50:49,B,1087.5,1,2
2021-06-18 09:50:49,B,1087.45,2,6
2021-06-18 09:50:49,B,1087.35,2,9
2021-06-18 09:50:49,B,1087.3,1,13
2021-06-18 09:50:49,B,1087.25,1,1
2021-06-18 09:50:49,S,1087.95,1,11
2021-06-18 09:50:49,S,1088.95,1,8
2021-06-18 09:50:49,S,1089.0,1,5
2021-06-18 09:50:49,S,1089.35,1,2
2021-06-18 09:50:49,S,1090.0,3,35
2021-06-18 09:50:49,B,1087.5,1,2
2021-06-18 09:50:49,B,1087.45,2,6
2021-06-18 09:50:49,B,1087.35,2,9
2021-06-18 09:50:49,B,1087.3,1,13
2021-06-18 09:50:49,B,1087.25,1,1
2021-06-18 09:50:51,S,1087.95,1,11
2021-06-18 09:50:51,S,1088.95,1,8
2021-06-18 09:50:51,S,1089.0,1,5
2021-06-18 09:50:51,S,1089.35,1,2
2021-06-18 09:50:51,S,1090.0,3,35
2021-06-18 09:50:51,B,1087.55,1,5
2021-06-18 09:50:51,B,1087.5,1,2
2021-06-18 09:50:51,B,1087.45,1,1
2021-06-18 09:50:51,B,1087.35,2,9
2021-06-18 09:50:51,B,1087.3,1,13
2021-06-18 09:50:51,S,1087.95,1,11
2021-06-18 09:50:51,S,1088.95,1,8
2021-06-18 09:50:51,S,1089.0,1,5
2021-06-18 09:50:51,S,1089.35,1,2
2021-06-18 09:50:51,S,1090.0,3,35
2021-06-18 09:50:51,B,1087.55,1,5
2021-06-18 09:50:51,B,1087.5,1,2
2021-06-18 09:50:51,B,1087.45,1,1
2021-06-18 09:50:51,B,1087.35,2,9
2021-06-18 09:50:51,B,1087.3,1,13
2021-06-18 09:50:54,S,1087.95,1,6
2021-06-18 09:50:54,S,1089.0,1,5
2021-06-18 09:50:54,S,1089.95,1,8
2021-06-18 09:50:54,S,1090.0,3,35
2021-06-18 09:50:54,S,1090.5,1,3
2021-06-18 09:50:54,B,1087.9,1,8
2021-06-18 09:50:54,B,1087.85,2,14
2021-06-18 09:50:54,B,1087.75,1,2
2021-06-18 09:50:54,B,1087.55,2,6
2021-06-18 09:50:54,B,1087.05,1,6
2021-06-18 09:50:54,S,1087.95,1,6
2021-06-18 09:50:54,S,1089.0,1,5
2021-06-18 09:50:54,S,1089.95,1,8
2021-06-18 09:50:54,S,1090.0,3,35
2021-06-18 09:50:54,S,1090.5,1,3
2021-06-18 09:50:54,B,1087.9,1,8
2021-06-18 09:50:54,B,1087.85,2,14
2021-06-18 09:50:54,B,1087.75,1,2
2021-06-18 09:50:54,B,1087.55,2,6
2021-06-18 09:50:54,B,1087.05,1,6
2021-06-18 09:50:54,S,1087.95,1,6
2021-06-18 09:50:54,S,1089.0,1,5
2021-06-18 09:50:54,S,1089.95,1,8
2021-06-18 09:50:54,S,1090.0,3,35
2021-06-18 09:50:54,S,1090.5,1,3
2021-06-18 09:50:54,B,1087.9,1,8
2021-06-18 09:50:54,B,1087.85,2,14
2021-06-18 09:50:54,B,1087.75,1,2
2021-06-18 09:50:54,B,1087.55,2,6
2021-06-18 09:50:54,B,1087.05,1,6
2021-06-18 09:50:54,S,1087.95,1,6
2021-06-18 09:50:54,S,1089.0,1,5
2021-06-18 09:50:54,S,1089.95,1,8
2021-06-18 09:50:54,S,1090.0,3,35
2021-06-18 09:50:54,S,1090.5,1,3
2021-06-18 09:50:54,B,1087.9,1,8
2021-06-18 09:50:54,B,1087.85,2,14
2021-06-18 09:50:54,B,1087.75,1,2
2021-06-18 09:50:54,B,1087.55,2,6
2021-06-18 09:50:54,B,1087.05,1,6
2021-06-18 09:50:55,S,1087.95,1,11
2021-06-18 09:50:55,S,1088.95,1,8
2021-06-18 09:50:55,S,1089.0,1,5
2021-06-18 09:50:55,S,1089.75,1,2
2021-06-18 09:50:55,S,1090.0,3,35
2021-06-18 09:50:55,B,1087.85,2,14
2021-06-18 09:50:55,B,1087.75,2,3
2021-06-18 09:50:55,B,1087.6,2,9
2021-06-18 09:50:55,B,1087.35,1,5
2021-06-18 09:50:55,B,1087.05,1,7
2021-06-18 09:50:55,S,1087.95,1,11
2021-06-18 09:50:55,S,1088.95,1,8
2021-06-18 09:50:55,S,1089.0,1,5
2021-06-18 09:50:55,S,1089.75,1,2
2021-06-18 09:50:55,S,1090.0,3,35
2021-06-18 09:50:55,B,1087.85,2,14
2021-06-18 09:50:55,B,1087.75,2,3
2021-06-18 09:50:55,B,1087.6,2,9
2021-06-18 09:50:55,B,1087.35,1,5
2021-06-18 09:50:55,B,1087.05,1,7
2021-06-18 09:50:57,S,1089.0,1,5
2021-06-18 09:50:57,S,1089.95,1,7
2021-06-18 09:50:57,S,1090.0,3,35
2021-06-18 09:50:57,S,1090.5,1,3
2021-06-18 09:50:57,S,1091.1,1,3
2021-06-18 09:50:57,B,1088.1,1,8
2021-06-18 09:50:57,B,1088.05,1,13
2021-06-18 09:50:57,B,1088.0,3,8
2021-06-18 09:50:57,B,1087.5,1,4
2021-06-18 09:50:57,B,1087.15,1,7
2021-06-18 09:50:57,S,1089.0,1,5
2021-06-18 09:50:57,S,1089.95,1,7
2021-06-18 09:50:57,S,1090.0,3,35
2021-06-18 09:50:57,S,1090.5,1,3
2021-06-18 09:50:57,S,1091.1,1,3
2021-06-18 09:50:57,B,1088.1,1,8
2021-06-18 09:50:57,B,1088.05,1,13
2021-06-18 09:50:57,B,1088.0,3,8
2021-06-18 09:50:57,B,1087.5,1,4
2021-06-18 09:50:57,B,1087.15,1,7
2021-06-18 09:50:58,S,1089.0,1,5
2021-06-18 09:50:58,S,1089.95,1,7
2021-06-18 09:50:58,S,1090.0,3,35
2021-06-18 09:50:58,S,1090.5,1,3
2021-06-18 09:50:58,S,1091.1,1,3
2021-06-18 09:50:58,B,1088.1,1,8
2021-06-18 09:50:58,B,1088.05,1,13
2021-06-18 09:50:58,B,1088.0,3,8
2021-06-18 09:50:58,B,1087.5,1,4
2021-06-18 09:50:58,B,1087.2,1,6
2021-06-18 09:50:58,S,1089.0,1,5
2021-06-18 09:50:58,S,1089.95,1,7
2021-06-18 09:50:58,S,1090.0,3,35
2021-06-18 09:50:58,S,1090.5,1,3
2021-06-18 09:50:58,S,1091.1,1,3
2021-06-18 09:50:58,B,1088.1,1,8
2021-06-18 09:50:58,B,1088.05,1,13
2021-06-18 09:50:58,B,1088.0,3,8
2021-06-18 09:50:58,B,1087.5,1,4
2021-06-18 09:50:58,B,1087.2,1,6
2021-06-18 09:50:59,S,1089.0,1,5
2021-06-18 09:50:59,S,1089.95,1,7
2021-06-18 09:50:59,S,1090.0,3,35
2021-06-18 09:50:59,S,1090.5,1,3
2021-06-18 09:50:59,S,1091.1,1,3
2021-06-18 09:50:59,B,1088.3,1,8
2021-06-18 09:50:59,B,1088.25,2,10
2021-06-18 09:50:59,B,1088.2,2,9
2021-06-18 09:50:59,B,1088.0,1,1
2021-06-18 09:50:59,B,1087.85,1,5
2021-06-18 09:50:59,S,1089.0,1,5
2021-06-18 09:50:59,S,1089.95,1,7
2021-06-18 09:50:59,S,1090.0,3,35
2021-06-18 09:50:59,S,1090.5,1,3
2021-06-18 09:50:59,S,1091.1,1,3
2021-06-18 09:50:59,B,1088.3,1,8
2021-06-18 09:50:59,B,1088.25,2,10
2021-06-18 09:50:59,B,1088.2,2,9
2021-06-18 09:50:59,B,1088.0,1,1
2021-06-18 09:50:59,B,1087.85,1,5
2021-06-18 09:51:00,S,1089.0,1,5
2021-06-18 09:51:00,S,1089.95,1,7
2021-06-18 09:51:00,S,1090.0,3,35
2021-06-18 09:51:00,S,1090.5,1,3
2021-06-18 09:51:00,S,1091.1,1,3
2021-06-18 09:51:00,B,1088.3,1,8
2021-06-18 09:51:00,B,1088.25,2,10
2021-06-18 09:51:00,B,1088.2,2,9
2021-06-18 09:51:00,B,1087.95,1,4
2021-06-18 09:51:00,B,1087.85,1,5
2021-06-18 09:51:00,S,1089.0,1,5
2021-06-18 09:51:00,S,1089.95,1,7
2021-06-18 09:51:00,S,1090.0,3,35
2021-06-18 09:51:00,S,1090.5,1,3
2021-06-18 09:51:00,S,1091.1,1,3
2021-06-18 09:51:00,B,1088.3,1,8
2021-06-18 09:51:00,B,1088.25,2,10
2021-06-18 09:51:00,B,1088.2,2,9
2021-06-18 09:51:00,B,1087.95,1,4
2021-06-18 09:51:00,B,1087.85,1,5
2021-06-18 09:51:01,S,1088.95,1,8
2021-06-18 09:51:01,S,1089.0,1,5
2021-06-18 09:51:01,S,1089.45,1,8
2021-06-18 09:51:01,S,1089.5,1,5
2021-06-18 09:51:01,S,1090.0,3,35
2021-06-18 09:51:01,B,1088.25,1,7
2021-06-18 09:51:01,B,1088.2,2,9
2021-06-18 09:51:01,B,1088.0,1,1
2021-06-18 09:51:01,B,1087.95,1,4
2021-06-18 09:51:01,B,1087.75,1,5
2021-06-18 09:51:01,S,1088.95,1,8
2021-06-18 09:51:01,S,1089.0,1,5
2021-06-18 09:51:01,S,1089.45,1,8
2021-06-18 09:51:01,S,1089.5,1,5
2021-06-18 09:51:01,S,1090.0,3,35
2021-06-18 09:51:01,B,1088.25,1,7
2021-06-18 09:51:01,B,1088.2,2,9
2021-06-18 09:51:01,B,1088.0,1,1
2021-06-18 09:51:01,B,1087.95,1,4
2021-06-18 09:51:01,B,1087.75,1,5
2021-06-18 09:51:01,S,1088.95,1,8
2021-06-18 09:51:01,S,1089.0,1,5
2021-06-18 09:51:01,S,1089.45,1,8
2021-06-18 09:51:01,S,1089.5,1,5
2021-06-18 09:51:01,S,1090.0,3,35
2021-06-18 09:51:01,B,1088.25,1,7
2021-06-18 09:51:01,B,1088.2,2,9
2021-06-18 09:51:01,B,1088.0,1,1
2021-06-18 09:51:01,B,1087.95,1,4
2021-06-18 09:51:01,B,1087.75,1,5
2021-06-18 09:51:01,S,1088.95,1,8
2021-06-18 09:51:01,S,1089.0,1,5
2021-06-18 09:51:01,S,1089.45,1,8
2021-06-18 09:51:01,S,1089.5,1,5
2021-06-18 09:51:01,S,1090.0,3,35
2021-06-18 09:51:01,B,1088.25,1,7
2021-06-18 09:51:01,B,1088.2,2,9
2021-06-18 09:51:01,B,1088.0,1,1
2021-06-18 09:51:01,B,1087.95,1,4
2021-06-18 09:51:01,B,1087.75,1,5
2021-06-18 09:51:02,S,1089.0,1,5
2021-06-18 09:51:02,S,1089.95,1,8
2021-06-18 09:51:02,S,1090.0,3,35
2021-06-18 09:51:02,S,1091.1,1,3
2021-06-18 09:51:02,S,1091.65,1,2
2021-06-18 09:51:02,B,1088.3,1,1
2021-06-18 09:51:02,B,1088.25,3,16
2021-06-18 09:51:02,B,1088.2,2,9
2021-06-18 09:51:02,B,1087.95,1,4
2021-06-18 09:51:02,B,1087.75,1,5
2021-06-18 09:51:02,S,1089.0,1,5
2021-06-18 09:51:02,S,1089.95,1,8
2021-06-18 09:51:02,S,1090.0,3,35
2021-06-18 09:51:02,S,1091.1,1,3
2021-06-18 09:51:02,S,1091.65,1,2
2021-06-18 09:51:02,B,1088.3,1,1
2021-06-18 09:51:02,B,1088.25,3,16
2021-06-18 09:51:02,B,1088.2,2,9
2021-06-18 09:51:02,B,1087.95,1,4
2021-06-18 09:51:02,B,1087.75,1,5
2021-06-18 09:51:06,S,1089.0,1,5
2021-06-18 09:51:06,S,1089.95,1,8
2021-06-18 09:51:06,S,1090.0,3,35
2021-06-18 09:51:06,S,1091.1,1,3
2021-06-18 09:51:06,S,1091.65,1,2
2021-06-18 09:51:06,B,1088.3,1,1
2021-06-18 09:51:06,B,1088.25,3,16
2021-06-18 09:51:06,B,1088.2,2,9
2021-06-18 09:51:06,B,1087.95,1,4
2021-06-18 09:51:06,B,1087.75,1,5
2021-06-18 09:51:06,S,1089.0,1,5
2021-06-18 09:51:06,S,1089.95,1,8
2021-06-18 09:51:06,S,1090.0,3,35
2021-06-18 09:51:06,S,1091.1,1,3
2021-06-18 09:51:06,S,1091.65,1,2
2021-06-18 09:51:06,B,1088.3,1,1
2021-06-18 09:51:06,B,1088.25,3,16
2021-06-18 09:51:06,B,1088.2,2,9
2021-06-18 09:51:06,B,1087.95,1,4
2021-06-18 09:51:06,B,1087.75,1,5
2021-06-18 09:51:09,S,1089.0,1,5
2021-06-18 09:51:09,S,1089.95,1,8
2021-06-18 09:51:09,S,1090.0,3,35
2021-06-18 09:51:09,S,1090.45,1,2
2021-06-18 09:51:09,S,1091.1,1,3
2021-06-18 09:51:09,B,1088.3,3,14
2021-06-18 09:51:09,B,1088.25,3,16
2021-06-18 09:51:09,B,1088.2,2,9
2021-06-18 09:51:09,B,1087.95,1,4
2021-06-18 09:51:09,B,1087.5,1,4
2021-06-18 09:51:09,S,1089.0,1,5
2021-06-18 09:51:09,S,1089.95,1,8
2021-06-18 09:51:09,S,1090.0,3,35
2021-06-18 09:51:09,S,1090.45,1,2
2021-06-18 09:51:09,S,1091.1,1,3
2021-06-18 09:51:09,B,1088.3,3,14
2021-06-18 09:51:09,B,1088.25,3,16
2021-06-18 09:51:09,B,1088.2,2,9
2021-06-18 09:51:09,B,1087.95,1,4
2021-06-18 09:51:09,B,1087.5,1,4
2021-06-18 09:51:13,S,1089.0,1,5
2021-06-18 09:51:13,S,1089.95,1,8
2021-06-18 09:51:13,S,1090.0,3,35
2021-06-18 09:51:13,S,1090.45,1,2
2021-06-18 09:51:13,S,1091.1,1,3
2021-06-18 09:51:13,B,1088.3,4,18
2021-06-18 09:51:13,B,1088.25,3,16
2021-06-18 09:51:13,B,1088.2,3,14
2021-06-18 09:51:13,B,1087.95,1,4
2021-06-18 09:51:13,B,1087.5,1,4
2021-06-18 09:51:13,S,1089.0,1,5
2021-06-18 09:51:13,S,1089.95,1,8
2021-06-18 09:51:13,S,1090.0,3,35
2021-06-18 09:51:13,S,1090.45,1,2
2021-06-18 09:51:13,S,1091.1,1,3
2021-06-18 09:51:13,B,1088.3,4,18
2021-06-18 09:51:13,B,1088.25,3,16
2021-06-18 09:51:13,B,1088.2,3,14
2021-06-18 09:51:13,B,1087.95,1,4
2021-06-18 09:51:13,B,1087.5,1,4
2021-06-18 09:51:15,S,1089.0,1,5
2021-06-18 09:51:15,S,1089.95,1,8
2021-06-18 09:51:15,S,1090.0,3,35
2021-06-18 09:51:15,S,1090.45,1,2
2021-06-18 09:51:15,S,1091.1,1,3
2021-06-18 09:51:15,B,1088.3,3,10
2021-06-18 09:51:15,B,1088.25,3,16
2021-06-18 09:51:15,B,1088.2,2,9
2021-06-18 09:51:15,B,1088.05,1,5
2021-06-18 09:51:15,B,1087.95,1,4
2021-06-18 09:51:15,S,1089.0,1,5
2021-06-18 09:51:15,S,1089.95,1,8
2021-06-18 09:51:15,S,1090.0,3,35
2021-06-18 09:51:15,S,1090.45,1,2
2021-06-18 09:51:15,S,1091.1,1,3
2021-06-18 09:51:15,B,1088.3,3,10
2021-06-18 09:51:15,B,1088.25,3,16
2021-06-18 09:51:15,B,1088.2,2,9
2021-06-18 09:51:15,B,1088.05,1,5
2021-06-18 09:51:15,B,1087.95,1,4
2021-06-18 09:51:16,S,1089.0,1,5
2021-06-18 09:51:16,S,1089.95,1,8
2021-06-18 09:51:16,S,1090.0,3,35
2021-06-18 09:51:16,S,1090.45,1,2
2021-06-18 09:51:16,S,1091.1,1,3
2021-06-18 09:51:16,B,1088.3,3,10
2021-06-18 09:51:16,B,1088.25,3,16
2021-06-18 09:51:16,B,1088.2,2,9
2021-06-18 09:51:16,B,1088.05,1,5
2021-06-18 09:51:16,B,1087.95,1,4
2021-06-18 09:51:16,S,1089.0,1,5
2021-06-18 09:51:16,S,1089.95,1,8
2021-06-18 09:51:16,S,1090.0,3,35
2021-06-18 09:51:16,S,1090.45,1,2
2021-06-18 09:51:16,S,1091.1,1,3
2021-06-18 09:51:16,B,1088.3,3,10
2021-06-18 09:51:16,B,1088.25,3,16
2021-06-18 09:51:16,B,1088.2,2,9
2021-06-18 09:51:16,B,1088.05,1,5
2021-06-18 09:51:16,B,1087.95,1,4
2021-06-18 09:51:18,S,1089.0,1,5
2021-06-18 09:51:18,S,1089.95,1,8
2021-06-18 09:51:18,S,1090.0,3,35
2021-06-18 09:51:18,S,1090.45,1,2
2021-06-18 09:51:18,S,1091.1,1,3
2021-06-18 09:51:18,B,1088.3,3,10
2021-06-18 09:51:18,B,1088.25,3,16
2021-06-18 09:51:18,B,1088.2,2,9
2021-06-18 09:51:18,B,1088.05,1,5
2021-06-18 09:51:18,B,1087.95,1,4
2021-06-18 09:51:18,S,1089.0,1,5
2021-06-18 09:51:18,S,1089.95,1,8
2021-06-18 09:51:18,S,1090.0,3,35
2021-06-18 09:51:18,S,1090.45,1,2
2021-06-18 09:51:18,S,1091.1,1,3
2021-06-18 09:51:18,B,1088.3,3,10
2021-06-18 09:51:18,B,1088.25,3,16
2021-06-18 09:51:18,B,1088.2,2,9
2021-06-18 09:51:18,B,1088.05,1,5
2021-06-18 09:51:18,B,1087.95,1,4
2021-06-18 09:51:18,S,1089.0,1,5
2021-06-18 09:51:18,S,1089.95,1,8
2021-06-18 09:51:18,S,1090.0,3,35
2021-06-18 09:51:18,S,1090.45,1,2
2021-06-18 09:51:18,S,1091.1,1,3
2021-06-18 09:51:18,B,1088.3,3,10
2021-06-18 09:51:18,B,1088.25,3,16
2021-06-18 09:51:18,B,1088.2,2,9
2021-06-18 09:51:18,B,1088.05,1,5
2021-06-18 09:51:18,B,1087.95,1,4
2021-06-18 09:51:18,S,1089.0,1,5
2021-06-18 09:51:18,S,1089.95,1,8
2021-06-18 09:51:18,S,1090.0,3,35
2021-06-18 09:51:18,S,1090.45,1,2
2021-06-18 09:51:18,S,1091.1,1,3
2021-06-18 09:51:18,B,1088.3,3,10
2021-06-18 09:51:18,B,1088.25,3,16
2021-06-18 09:51:18,B,1088.2,2,9
2021-06-18 09:51:18,B,1088.05,1,5
2021-06-18 09:51:18,B,1087.95,1,4
2021-06-18 09:51:19,S,1089.0,1,5
2021-06-18 09:51:19,S,1089.95,1,8
2021-06-18 09:51:19,S,1090.0,3,35
2021-06-18 09:51:19,S,1091.1,1,3
2021-06-18 09:51:19,S,1091.65,1,2
2021-06-18 09:51:19,B,1088.35,3,10
2021-06-18 09:51:19,B,1088.3,3,16
2021-06-18 09:51:19,B,1088.25,3,16
2021-06-18 09:51:19,B,1087.95,1,4
2021-06-18 09:51:19,B,1087.7,1,5
2021-06-18 09:51:19,S,1089.0,1,5
2021-06-18 09:51:19,S,1089.95,1,8
2021-06-18 09:51:19,S,1090.0,3,35
2021-06-18 09:51:19,S,1091.1,1,3
2021-06-18 09:51:19,S,1091.65,1,2
2021-06-18 09:51:19,B,1088.35,3,10
2021-06-18 09:51:19,B,1088.3,3,16
2021-06-18 09:51:19,B,1088.25,3,16
2021-06-18 09:51:19,B,1087.95,1,4
2021-06-18 09:51:19,B,1087.7,1,5
2021-06-18 09:51:19,S,1089.0,1,5
2021-06-18 09:51:19,S,1089.95,1,8
2021-06-18 09:51:19,S,1090.0,3,35
2021-06-18 09:51:19,S,1090.5,1,2
2021-06-18 09:51:19,S,1091.1,1,3
2021-06-18 09:51:19,B,1088.35,3,10
2021-06-18 09:51:19,B,1088.3,3,16
2021-06-18 09:51:19,B,1088.25,3,16
2021-06-18 09:51:19,B,1087.95,1,4
2021-06-18 09:51:19,B,1087.7,1,5
2021-06-18 09:51:19,S,1089.0,1,5
2021-06-18 09:51:19,S,1089.95,1,8
2021-06-18 09:51:19,S,1090.0,3,35
2021-06-18 09:51:19,S,1090.5,1,2
2021-06-18 09:51:19,S,1091.1,1,3
2021-06-18 09:51:19,B,1088.35,3,10
2021-06-18 09:51:19,B,1088.3,3,16
2021-06-18 09:51:19,B,1088.25,3,16
2021-06-18 09:51:19,B,1087.95,1,4
2021-06-18 09:51:19,B,1087.7,1,5
2021-06-18 09:51:22,S,1089.0,1,5
2021-06-18 09:51:22,S,1089.6,1,8
2021-06-18 09:51:22,S,1089.65,1,5
2021-06-18 09:51:22,S,1089.9,1,8
2021-06-18 09:51:22,S,1090.0,3,35
2021-06-18 09:51:22,B,1088.3,3,12
2021-06-18 09:51:22,B,1088.25,3,16
2021-06-18 09:51:22,B,1087.95,2,5
2021-06-18 09:51:22,B,1087.85,1,5
2021-06-18 09:51:22,B,1087.7,1,5
2021-06-18 09:51:22,S,1089.0,1,5
2021-06-18 09:51:22,S,1089.6,1,8
2021-06-18 09:51:22,S,1089.65,1,5
2021-06-18 09:51:22,S,1089.9,1,8
2021-06-18 09:51:22,S,1090.0,3,35
2021-06-18 09:51:22,B,1088.3,3,12
2021-06-18 09:51:22,B,1088.25,3,16
2021-06-18 09:51:22,B,1087.95,2,5
2021-06-18 09:51:22,B,1087.85,1,5
2021-06-18 09:51:22,B,1087.7,1,5
2021-06-18 09:51:24,S,1089.0,2,15
2021-06-18 09:51:24,S,1089.6,1,8
2021-06-18 09:51:24,S,1089.65,1,5
2021-06-18 09:51:24,S,1089.85,1,2
2021-06-18 09:51:24,S,1089.9,1,8
2021-06-18 09:51:24,B,1088.3,2,11
2021-06-18 09:51:24,B,1088.25,2,15
2021-06-18 09:51:24,B,1087.95,2,5
2021-06-18 09:51:24,B,1087.7,1,5
2021-06-18 09:51:24,B,1087.5,1,4
2021-06-18 09:51:24,S,1089.0,2,15
2021-06-18 09:51:24,S,1089.6,1,8
2021-06-18 09:51:24,S,1089.65,1,5
2021-06-18 09:51:24,S,1089.85,1,2
2021-06-18 09:51:24,S,1089.9,1,8
2021-06-18 09:51:24,B,1088.3,2,11
2021-06-18 09:51:24,B,1088.25,2,15
2021-06-18 09:51:24,B,1087.95,2,5
2021-06-18 09:51:24,B,1087.7,1,5
2021-06-18 09:51:24,B,1087.5,1,4
2021-06-18 09:51:24,S,1089.0,2,15
2021-06-18 09:51:24,S,1089.6,1,8
2021-06-18 09:51:24,S,1089.65,1,5
2021-06-18 09:51:24,S,1089.85,1,2
2021-06-18 09:51:24,S,1089.9,1,8
2021-06-18 09:51:24,B,1088.3,2,11
2021-06-18 09:51:24,B,1088.25,2,15
2021-06-18 09:51:24,B,1087.95,2,5
2021-06-18 09:51:24,B,1087.7,1,5
2021-06-18 09:51:24,B,1087.5,1,4
2021-06-18 09:51:24,S,1089.0,2,15
2021-06-18 09:51:24,S,1089.6,1,8
2021-06-18 09:51:24,S,1089.65,1,5
2021-06-18 09:51:24,S,1089.85,1,2
2021-06-18 09:51:24,S,1089.9,1,8
2021-06-18 09:51:24,B,1088.3,2,11
2021-06-18 09:51:24,B,1088.25,2,15
2021-06-18 09:51:24,B,1087.95,2,5
2021-06-18 09:51:24,B,1087.7,1,5
2021-06-18 09:51:24,B,1087.5,1,4
2021-06-18 09:51:25,S,1088.15,1,74
2021-06-18 09:51:25,S,1088.6,1,8
2021-06-18 09:51:25,S,1088.65,1,5
2021-06-18 09:51:25,S,1089.0,3,16
2021-06-18 09:51:25,S,1089.55,2,13
2021-06-18 09:51:25,B,1087.7,1,5
2021-06-18 09:51:25,B,1087.15,2,8
2021-06-18 09:51:25,B,1087.1,2,8
2021-06-18 09:51:25,B,1087.05,1,7
2021-06-18 09:51:25,B,1087.0,2,301
2021-06-18 09:51:25,S,1088.15,1,74
2021-06-18 09:51:25,S,1088.6,1,8
2021-06-18 09:51:25,S,1088.65,1,5
2021-06-18 09:51:25,S,1089.0,3,16
2021-06-18 09:51:25,S,1089.55,2,13
2021-06-18 09:51:25,B,1087.7,1,5
2021-06-18 09:51:25,B,1087.15,2,8
2021-06-18 09:51:25,B,1087.1,2,8
2021-06-18 09:51:25,B,1087.05,1,7
2021-06-18 09:51:25,B,1087.0,2,301
2021-06-18 09:51:26,S,1088.15,1,74
2021-06-18 09:51:26,S,1088.6,1,8
2021-06-18 09:51:26,S,1088.65,2,6
2021-06-18 09:51:26,S,1089.0,4,21
2021-06-18 09:51:26,S,1089.55,2,13
2021-06-18 09:51:26,B,1087.7,1,5
2021-06-18 09:51:26,B,1087.1,1,7
2021-06-18 09:51:26,B,1087.05,2,8
2021-06-18 09:51:26,B,1087.0,2,301
2021-06-18 09:51:26,B,1086.7,1,4
2021-06-18 09:51:26,S,1088.15,1,74
2021-06-18 09:51:26,S,1088.6,1,8
2021-06-18 09:51:26,S,1088.65,2,6
2021-06-18 09:51:26,S,1089.0,4,21
2021-06-18 09:51:26,S,1089.55,2,13
2021-06-18 09:51:26,B,1087.7,1,5
2021-06-18 09:51:26,B,1087.1,1,7
2021-06-18 09:51:26,B,1087.05,2,8
2021-06-18 09:51:26,B,1087.0,2,301
2021-06-18 09:51:26,B,1086.7,1,4
2021-06-18 09:51:29,S,1088.15,1,74
2021-06-18 09:51:29,S,1088.6,1,8
2021-06-18 09:51:29,S,1088.65,2,6
2021-06-18 09:51:29,S,1088.95,1,2
2021-06-18 09:51:29,S,1089.0,4,21
2021-06-18 09:51:29,B,1087.7,1,5
2021-06-18 09:51:29,B,1087.1,1,7
2021-06-18 09:51:29,B,1087.05,1,7
2021-06-18 09:51:29,B,1087.0,2,301
2021-06-18 09:51:29,B,1086.7,1,4
2021-06-18 09:51:29,S,1088.15,1,74
2021-06-18 09:51:29,S,1088.6,1,8
2021-06-18 09:51:29,S,1088.65,2,6
2021-06-18 09:51:29,S,1088.95,1,2
2021-06-18 09:51:29,S,1089.0,4,21
2021-06-18 09:51:29,B,1087.7,1,5
2021-06-18 09:51:29,B,1087.1,1,7
2021-06-18 09:51:29,B,1087.05,1,7
2021-06-18 09:51:29,B,1087.0,2,301
2021-06-18 09:51:29,B,1086.7,1,4
2021-06-18 09:51:30,S,1088.15,1,74
2021-06-18 09:51:30,S,1088.6,1,8
2021-06-18 09:51:30,S,1088.65,2,6
2021-06-18 09:51:30,S,1088.95,1,2
2021-06-18 09:51:30,S,1089.0,4,21
2021-06-18 09:51:30,B,1087.7,1,4
2021-06-18 09:51:30,B,1087.1,1,7
2021-06-18 09:51:30,B,1087.05,1,7
2021-06-18 09:51:30,B,1087.0,2,301
2021-06-18 09:51:30,B,1086.7,1,4
2021-06-18 09:51:30,S,1088.15,1,74
2021-06-18 09:51:30,S,1088.6,1,8
2021-06-18 09:51:30,S,1088.65,2,6
2021-06-18 09:51:30,S,1088.95,1,2
2021-06-18 09:51:30,S,1089.0,4,21
2021-06-18 09:51:30,B,1087.7,1,4
2021-06-18 09:51:30,B,1087.1,1,7
2021-06-18 09:51:30,B,1087.05,1,7
2021-06-18 09:51:30,B,1087.0,2,301
2021-06-18 09:51:30,B,1086.7,1,4
2021-06-18 09:51:31,S,1088.15,1,74
2021-06-18 09:51:31,S,1088.6,1,8
2021-06-18 09:51:31,S,1088.65,2,6
2021-06-18 09:51:31,S,1088.95,1,2
2021-06-18 09:51:31,S,1089.0,4,21
2021-06-18 09:51:31,B,1087.7,1,4
2021-06-18 09:51:31,B,1087.1,1,7
2021-06-18 09:51:31,B,1087.05,2,8
2021-06-18 09:51:31,B,1087.0,2,301
2021-06-18 09:51:31,B,1086.7,1,4
2021-06-18 09:51:31,S,1088.15,1,74
2021-06-18 09:51:31,S,1088.6,1,8
2021-06-18 09:51:31,S,1088.65,2,6
2021-06-18 09:51:31,S,1088.95,1,2
2021-06-18 09:51:31,S,1089.0,4,21
2021-06-18 09:51:31,B,1087.7,1,4
2021-06-18 09:51:31,B,1087.1,1,7
2021-06-18 09:51:31,B,1087.05,2,8
2021-06-18 09:51:31,B,1087.0,2,301
2021-06-18 09:51:31,B,1086.7,1,4
2021-06-18 09:51:32,S,1088.15,1,74
2021-06-18 09:51:32,S,1088.6,1,8
2021-06-18 09:51:32,S,1088.65,2,6
2021-06-18 09:51:32,S,1088.95,1,2
2021-06-18 09:51:32,S,1089.0,4,21
2021-06-18 09:51:32,B,1087.7,1,4
2021-06-18 09:51:32,B,1087.1,1,7
2021-06-18 09:51:32,B,1087.05,2,8
2021-06-18 09:51:32,B,1087.0,2,301
2021-06-18 09:51:32,B,1086.7,1,4
2021-06-18 09:51:32,S,1088.15,1,74
2021-06-18 09:51:32,S,1088.6,1,8
2021-06-18 09:51:32,S,1088.65,2,6
2021-06-18 09:51:32,S,1088.95,1,2
2021-06-18 09:51:32,S,1089.0,4,21
2021-06-18 09:51:32,B,1087.7,1,4
2021-06-18 09:51:32,B,1087.1,1,7
2021-06-18 09:51:32,B,1087.05,2,8
2021-06-18 09:51:32,B,1087.0,2,301
2021-06-18 09:51:32,B,1086.7,1,4
2021-06-18 09:51:33,S,1089.0,3,20
2021-06-18 09:51:33,S,1089.8,1,8
2021-06-18 09:51:33,S,1089.85,2,3
2021-06-18 09:51:33,S,1089.9,1,2
2021-06-18 09:51:33,S,1090.0,3,35
2021-06-18 09:51:33,B,1087.7,1,4
2021-06-18 09:51:33,B,1087.5,1,13
2021-06-18 09:51:33,B,1087.45,2,5
2021-06-18 09:51:33,B,1087.15,1,5
2021-06-18 09:51:33,B,1087.1,2,8
2021-06-18 09:51:33,S,1089.0,3,20
2021-06-18 09:51:33,S,1089.8,1,8
2021-06-18 09:51:33,S,1089.85,2,3
2021-06-18 09:51:33,S,1089.9,1,2
2021-06-18 09:51:33,S,1090.0,3,35
2021-06-18 09:51:33,B,1087.7,1,4
2021-06-18 09:51:33,B,1087.5,1,13
2021-06-18 09:51:33,B,1087.45,2,5
2021-06-18 09:51:33,B,1087.15,1,5
2021-06-18 09:51:33,B,1087.1,2,8
2021-06-18 09:51:33,S,1088.95,1,8
2021-06-18 09:51:33,S,1089.0,3,20
2021-06-18 09:51:33,S,1089.2,1,5
2021-06-18 09:51:33,S,1089.85,2,3
2021-06-18 09:51:33,S,1089.9,1,2
2021-06-18 09:51:33,B,1087.7,1,4
2021-06-18 09:51:33,B,1087.5,1,13
2021-06-18 09:51:33,B,1087.45,2,5
2021-06-18 09:51:33,B,1087.15,1,5
2021-06-18 09:51:33,B,1087.1,2,8
2021-06-18 09:51:33,S,1088.95,1,8
2021-06-18 09:51:33,S,1089.0,3,20
2021-06-18 09:51:33,S,1089.2,1,5
2021-06-18 09:51:33,S,1089.85,2,3
2021-06-18 09:51:33,S,1089.9,1,2
2021-06-18 09:51:33,B,1087.7,1,4
2021-06-18 09:51:33,B,1087.5,1,13
2021-06-18 09:51:33,B,1087.45,2,5
2021-06-18 09:51:33,B,1087.15,1,5
2021-06-18 09:51:33,B,1087.1,2,8
2021-06-18 09:51:36,S,1088.95,1,8
2021-06-18 09:51:36,S,1089.0,3,20
2021-06-18 09:51:36,S,1089.2,1,5
2021-06-18 09:51:36,S,1089.85,2,3
2021-06-18 09:51:36,S,1089.9,1,2
2021-06-18 09:51:36,B,1087.7,1,4
2021-06-18 09:51:36,B,1087.5,1,13
2021-06-18 09:51:36,B,1087.45,2,5
2021-06-18 09:51:36,B,1087.15,1,5
2021-06-18 09:51:36,B,1087.1,2,8
2021-06-18 09:51:36,S,1088.95,1,8
2021-06-18 09:51:36,S,1089.0,3,20
2021-06-18 09:51:36,S,1089.2,1,5
2021-06-18 09:51:36,S,1089.85,2,3
2021-06-18 09:51:36,S,1089.9,1,2
2021-06-18 09:51:36,B,1087.7,1,4
2021-06-18 09:51:36,B,1087.5,1,13
2021-06-18 09:51:36,B,1087.45,2,5
2021-06-18 09:51:36,B,1087.15,1,5
2021-06-18 09:51:36,B,1087.1,2,8
2021-06-18 09:51:41,S,1089.0,2,10
2021-06-18 09:51:41,S,1089.95,1,8
2021-06-18 09:51:41,S,1090.0,4,36
2021-06-18 09:51:41,S,1090.5,1,2
2021-06-18 09:51:41,S,1091.1,1,3
2021-06-18 09:51:41,B,1087.7,2,17
2021-06-18 09:51:41,B,1087.65,2,2
2021-06-18 09:51:41,B,1087.45,2,5
2021-06-18 09:51:41,B,1087.15,1,5
2021-06-18 09:51:41,B,1087.1,2,8
2021-06-18 09:51:41,S,1089.0,2,10
2021-06-18 09:51:41,S,1089.95,1,8
2021-06-18 09:51:41,S,1090.0,4,36
2021-06-18 09:51:41,S,1090.5,1,2
2021-06-18 09:51:41,S,1091.1,1,3
2021-06-18 09:51:41,B,1087.7,2,17
2021-06-18 09:51:41,B,1087.65,2,2
2021-06-18 09:51:41,B,1087.45,2,5
2021-06-18 09:51:41,B,1087.15,1,5
2021-06-18 09:51:41,B,1087.1,2,8
2021-06-18 09:51:42,S,1089.0,2,10
2021-06-18 09:51:42,S,1089.95,1,8
2021-06-18 09:51:42,S,1090.0,4,36
2021-06-18 09:51:42,S,1090.5,1,2
2021-06-18 09:51:42,S,1091.1,1,3
2021-06-18 09:51:42,B,1087.7,2,17
2021-06-18 09:51:42,B,1087.65,2,2
2021-06-18 09:51:42,B,1087.45,2,5
2021-06-18 09:51:42,B,1087.15,1,5
2021-06-18 09:51:42,B,1087.1,2,8
2021-06-18 09:51:42,S,1089.0,2,10
2021-06-18 09:51:42,S,1089.95,1,8
2021-06-18 09:51:42,S,1090.0,4,36
2021-06-18 09:51:42,S,1090.5,1,2
2021-06-18 09:51:42,S,1091.1,1,3
2021-06-18 09:51:42,B,1087.7,2,17
2021-06-18 09:51:42,B,1087.65,2,2
2021-06-18 09:51:42,B,1087.45,2,5
2021-06-18 09:51:42,B,1087.15,1,5
2021-06-18 09:51:42,B,1087.1,2,8
2021-06-18 09:51:43,S,1089.0,2,10
2021-06-18 09:51:43,S,1089.4,1,8
2021-06-18 09:51:43,S,1089.45,1,5
2021-06-18 09:51:43,S,1089.95,1,2
2021-06-18 09:51:43,S,1090.0,4,36
2021-06-18 09:51:43,B,1087.7,3,22
2021-06-18 09:51:43,B,1087.65,2,2
2021-06-18 09:51:43,B,1087.45,2,5
2021-06-18 09:51:43,B,1087.1,2,8
2021-06-18 09:51:43,B,1087.05,3,14
2021-06-18 09:51:43,S,1089.0,2,10
2021-06-18 09:51:43,S,1089.4,1,8
2021-06-18 09:51:43,S,1089.45,1,5
2021-06-18 09:51:43,S,1089.95,1,2
2021-06-18 09:51:43,S,1090.0,4,36
2021-06-18 09:51:43,B,1087.7,3,22
2021-06-18 09:51:43,B,1087.65,2,2
2021-06-18 09:51:43,B,1087.45,2,5
2021-06-18 09:51:43,B,1087.1,2,8
2021-06-18 09:51:43,B,1087.05,3,14
2021-06-18 09:51:44,S,1089.0,2,10
2021-06-18 09:51:44,S,1089.4,1,8
2021-06-18 09:51:44,S,1089.45,2,6
2021-06-18 09:51:44,S,1089.95,1,2
2021-06-18 09:51:44,S,1090.0,4,36
2021-06-18 09:51:44,B,1087.7,2,17
2021-06-18 09:51:44,B,1087.65,1,1
2021-06-18 09:51:44,B,1087.45,2,5
2021-06-18 09:51:44,B,1087.1,2,8
2021-06-18 09:51:44,B,1087.05,2,8
2021-06-18 09:51:44,S,1089.0,2,10
2021-06-18 09:51:44,S,1089.4,1,8
2021-06-18 09:51:44,S,1089.45,2,6
2021-06-18 09:51:44,S,1089.95,1,2
2021-06-18 09:51:44,S,1090.0,4,36
2021-06-18 09:51:44,B,1087.7,2,17
2021-06-18 09:51:44,B,1087.65,1,1
2021-06-18 09:51:44,B,1087.45,2,5
2021-06-18 09:51:44,B,1087.1,2,8
2021-06-18 09:51:44,B,1087.05,2,8
2021-06-18 09:51:46,S,1089.0,1,2
2021-06-18 09:51:46,S,1089.95,1,8
2021-06-18 09:51:46,S,1090.0,3,35
2021-06-18 09:51:46,S,1090.55,1,2
2021-06-18 09:51:46,S,1091.1,1,3
2021-06-18 09:51:46,B,1088.0,2,18
2021-06-18 09:51:46,B,1087.95,3,52
2021-06-18 09:51:46,B,1087.7,2,5
2021-06-18 09:51:46,B,1087.45,2,5
2021-06-18 09:51:46,B,1087.2,1,7
2021-06-18 09:51:46,S,1089.0,1,2
2021-06-18 09:51:46,S,1089.95,1,8
2021-06-18 09:51:46,S,1090.0,3,35
2021-06-18 09:51:46,S,1090.55,1,2
2021-06-18 09:51:46,S,1091.1,1,3
2021-06-18 09:51:46,B,1088.0,2,18
2021-06-18 09:51:46,B,1087.95,3,52
2021-06-18 09:51:46,B,1087.7,2,5
2021-06-18 09:51:46,B,1087.45,2,5
2021-06-18 09:51:46,B,1087.2,1,7
2021-06-18 09:51:46,S,1089.0,1,2
2021-06-18 09:51:46,S,1089.7,1,8
2021-06-18 09:51:46,S,1089.75,1,5
2021-06-18 09:51:46,S,1090.0,3,35
2021-06-18 09:51:46,S,1090.55,1,2
2021-06-18 09:51:46,B,1088.0,2,18
2021-06-18 09:51:46,B,1087.95,3,52
2021-06-18 09:51:46,B,1087.7,2,5
2021-06-18 09:51:46,B,1087.45,2,5
2021-06-18 09:51:46,B,1087.2,1,7
2021-06-18 09:51:46,S,1089.0,1,2
2021-06-18 09:51:46,S,1089.7,1,8
2021-06-18 09:51:46,S,1089.75,1,5
2021-06-18 09:51:46,S,1090.0,3,35
2021-06-18 09:51:46,S,1090.55,1,2
2021-06-18 09:51:46,B,1088.0,2,18
2021-06-18 09:51:46,B,1087.95,3,52
2021-06-18 09:51:46,B,1087.7,2,5
2021-06-18 09:51:46,B,1087.45,2,5
2021-06-18 09:51:46,B,1087.2,1,7
2021-06-18 09:51:48,S,1089.0,1,2
2021-06-18 09:51:48,S,1089.7,1,8
2021-06-18 09:51:48,S,1089.75,1,5
2021-06-18 09:51:48,S,1090.0,3,35
2021-06-18 09:51:48,S,1090.55,1,2
2021-06-18 09:51:48,B,1088.0,2,18
2021-06-18 09:51:48,B,1087.95,3,52
2021-06-18 09:51:48,B,1087.7,2,5
2021-06-18 09:51:48,B,1087.45,2,5
2021-06-18 09:51:48,B,1087.2,1,7
2021-06-18 09:51:48,S,1089.0,1,2
2021-06-18 09:51:48,S,1089.7,1,8
2021-06-18 09:51:48,S,1089.75,1,5
2021-06-18 09:51:48,S,1090.0,3,35
2021-06-18 09:51:48,S,1090.55,1,2
2021-06-18 09:51:48,B,1088.0,2,18
2021-06-18 09:51:48,B,1087.95,3,52
2021-06-18 09:51:48,B,1087.7,2,5
2021-06-18 09:51:48,B,1087.45,2,5
2021-06-18 09:51:48,B,1087.2,1,7
2021-06-18 09:51:49,S,1089.95,1,8
2021-06-18 09:51:49,S,1090.0,3,35
2021-06-18 09:51:49,S,1090.55,2,3
2021-06-18 09:51:49,S,1091.1,1,3
2021-06-18 09:51:49,S,1091.35,1,7
2021-06-18 09:51:49,B,1088.45,1,1
2021-06-18 09:51:49,B,1088.4,3,19
2021-06-18 09:51:49,B,1088.35,3,7
2021-06-18 09:51:49,B,1088.1,1,4
2021-06-18 09:51:49,B,1088.05,1,1
2021-06-18 09:51:49,S,1089.95,1,8
2021-06-18 09:51:49,S,1090.0,3,35
2021-06-18 09:51:49,S,1090.55,2,3
2021-06-18 09:51:49,S,1091.1,1,3
2021-06-18 09:51:49,S,1091.35,1,7
2021-06-18 09:51:49,B,1088.45,1,1
2021-06-18 09:51:49,B,1088.4,3,19
2021-06-18 09:51:49,B,1088.35,3,7
2021-06-18 09:51:49,B,1088.1,1,4
2021-06-18 09:51:49,B,1088.05,1,1
2021-06-18 09:51:50,S,1089.95,1,8
2021-06-18 09:51:50,S,1090.0,3,35
2021-06-18 09:51:50,S,1091.1,1,3
2021-06-18 09:51:50,S,1091.35,1,7
2021-06-18 09:51:50,S,1091.65,1,2
2021-06-18 09:51:50,B,1088.75,1,5
2021-06-18 09:51:50,B,1088.7,3,8
2021-06-18 09:51:50,B,1088.45,2,2
2021-06-18 09:51:50,B,1088.4,2,13
2021-06-18 09:51:50,B,1088.1,1,4
2021-06-18 09:51:50,S,1089.95,1,8
2021-06-18 09:51:50,S,1090.0,3,35
2021-06-18 09:51:50,S,1091.1,1,3
2021-06-18 09:51:50,S,1091.35,1,7
2021-06-18 09:51:50,S,1091.65,1,2
2021-06-18 09:51:50,B,1088.75,1,5
2021-06-18 09:51:50,B,1088.7,3,8
2021-06-18 09:51:50,B,1088.45,2,2
2021-06-18 09:51:50,B,1088.4,2,13
2021-06-18 09:51:50,B,1088.1,1,4
2021-06-18 09:51:51,S,1089.95,1,8
2021-06-18 09:51:51,S,1090.0,3,35
2021-06-18 09:51:51,S,1091.1,1,3
2021-06-18 09:51:51,S,1091.35,1,7
2021-06-18 09:51:51,S,1091.65,1,2
2021-06-18 09:51:51,B,1088.75,1,5
2021-06-18 09:51:51,B,1088.7,3,8
2021-06-18 09:51:51,B,1088.45,2,2
2021-06-18 09:51:51,B,1088.4,2,13
2021-06-18 09:51:51,B,1088.1,1,4
2021-06-18 09:51:51,S,1089.95,1,8
2021-06-18 09:51:51,S,1090.0,3,35
2021-06-18 09:51:51,S,1091.1,1,3
2021-06-18 09:51:51,S,1091.35,1,7
2021-06-18 09:51:51,S,1091.65,1,2
2021-06-18 09:51:51,B,1088.75,1,5
2021-06-18 09:51:51,B,1088.7,3,8
2021-06-18 09:51:51,B,1088.45,2,2
2021-06-18 09:51:51,B,1088.4,2,13
2021-06-18 09:51:51,B,1088.1,1,4
2021-06-18 09:51:51,S,1089.95,1,8
2021-06-18 09:51:51,S,1090.0,3,35
2021-06-18 09:51:51,S,1090.2,1,5
2021-06-18 09:51:51,S,1091.1,2,4
2021-06-18 09:51:51,S,1091.35,1,7
2021-06-18 09:51:51,B,1088.15,2,18
2021-06-18 09:51:51,B,1088.1,2,5
2021-06-18 09:51:51,B,1088.0,2,8
2021-06-18 09:51:51,B,1087.95,2,51
2021-06-18 09:51:51,B,1087.7,2,5
2021-06-18 09:51:51,S,1089.95,1,8
2021-06-18 09:51:51,S,1090.0,3,35
2021-06-18 09:51:51,S,1090.2,1,5
2021-06-18 09:51:51,S,1091.1,2,4
2021-06-18 09:51:51,S,1091.35,1,7
2021-06-18 09:51:51,B,1088.15,2,18
2021-06-18 09:51:51,B,1088.1,2,5
2021-06-18 09:51:51,B,1088.0,2,8
2021-06-18 09:51:51,B,1087.95,2,51
2021-06-18 09:51:51,B,1087.7,2,5
2021-06-18 09:51:52,S,1089.25,3,19
2021-06-18 09:51:52,S,1089.3,1,5
2021-06-18 09:51:52,S,1090.7,2,14
2021-06-18 09:51:52,S,1090.8,1,1
2021-06-18 09:51:52,S,1091.35,2,8
2021-06-18 09:51:52,B,1087.05,1,6
2021-06-18 09:51:52,B,1087.0,2,307
2021-06-18 09:51:52,B,1086.4,2,7
2021-06-18 09:51:52,B,1086.35,3,18
2021-06-18 09:51:52,B,1086.05,2,14
2021-06-18 09:51:52,S,1089.25,3,19
2021-06-18 09:51:52,S,1089.3,1,5
2021-06-18 09:51:52,S,1090.7,2,14
2021-06-18 09:51:52,S,1090.8,1,1
2021-06-18 09:51:52,S,1091.35,2,8
2021-06-18 09:51:52,B,1087.05,1,6
2021-06-18 09:51:52,B,1087.0,2,307
2021-06-18 09:51:52,B,1086.4,2,7
2021-06-18 09:51:52,B,1086.35,3,18
2021-06-18 09:51:52,B,1086.05,2,14
2021-06-18 09:51:53,S,1088.45,1,5
2021-06-18 09:51:53,S,1088.5,2,11
2021-06-18 09:51:53,S,1088.95,2,9
2021-06-18 09:51:53,S,1089.0,2,4
2021-06-18 09:51:53,S,1089.55,1,3
2021-06-18 09:51:53,B,1087.1,1,2
2021-06-18 09:51:53,B,1087.05,1,7
2021-06-18 09:51:53,B,1087.0,3,308
2021-06-18 09:51:53,B,1086.05,3,18
2021-06-18 09:51:53,B,1086.0,1,16
2021-06-18 09:51:53,S,1088.45,1,5
2021-06-18 09:51:53,S,1088.5,2,11
2021-06-18 09:51:53,S,1088.95,2,9
2021-06-18 09:51:53,S,1089.0,2,4
2021-06-18 09:51:53,S,1089.55,1,3
2021-06-18 09:51:53,B,1087.1,1,2
2021-06-18 09:51:53,B,1087.05,1,7
2021-06-18 09:51:53,B,1087.0,3,308
2021-06-18 09:51:53,B,1086.05,3,18
2021-06-18 09:51:53,B,1086.0,1,16
2021-06-18 09:51:55,S,1088.45,1,5
2021-06-18 09:51:55,S,1088.5,2,11
2021-06-18 09:51:55,S,1088.95,2,9
2021-06-18 09:51:55,S,1089.0,2,4
2021-06-18 09:51:55,S,1089.55,1,3
2021-06-18 09:51:55,B,1087.1,1,2
2021-06-18 09:51:55,B,1087.05,1,7
2021-06-18 09:51:55,B,1087.0,3,308
2021-06-18 09:51:55,B,1086.7,1,4
2021-06-18 09:51:55,B,1086.65,1,5
2021-06-18 09:51:55,S,1088.45,1,5
2021-06-18 09:51:55,S,1088.5,2,11
2021-06-18 09:51:55,S,1088.95,2,9
2021-06-18 09:51:55,S,1089.0,2,4
2021-06-18 09:51:55,S,1089.55,1,3
2021-06-18 09:51:55,B,1087.1,1,2
2021-06-18 09:51:55,B,1087.05,1,7
2021-06-18 09:51:55,B,1087.0,3,308
2021-06-18 09:51:55,B,1086.7,1,4
2021-06-18 09:51:55,B,1086.65,1,5
2021-06-18 09:51:57,S,1088.5,2,11
2021-06-18 09:51:57,S,1088.95,2,9
2021-06-18 09:51:57,S,1089.0,2,4
2021-06-18 09:51:57,S,1089.55,1,3
2021-06-18 09:51:57,S,1089.9,2,7
2021-06-18 09:51:57,B,1087.95,1,5
2021-06-18 09:51:57,B,1087.1,1,2
2021-06-18 09:51:57,B,1087.05,2,8
2021-06-18 09:51:57,B,1087.0,3,308
2021-06-18 09:51:57,B,1086.7,1,4
2021-06-18 09:51:57,S,1088.5,2,11
2021-06-18 09:51:57,S,1088.95,2,9
2021-06-18 09:51:57,S,1089.0,2,4
2021-06-18 09:51:57,S,1089.55,1,3
2021-06-18 09:51:57,S,1089.9,2,7
2021-06-18 09:51:57,B,1087.95,1,5
2021-06-18 09:51:57,B,1087.1,1,2
2021-06-18 09:51:57,B,1087.05,2,8
2021-06-18 09:51:57,B,1087.0,3,308
2021-06-18 09:51:57,B,1086.7,1,4
2021-06-18 09:51:58,S,1088.5,2,11
2021-06-18 09:51:58,S,1088.8,2,9
2021-06-18 09:51:58,S,1088.85,2,6
2021-06-18 09:51:58,S,1088.95,1,1
2021-06-18 09:51:58,S,1089.0,2,4
2021-06-18 09:51:58,B,1087.95,1,5
2021-06-18 09:51:58,B,1087.2,1,4
2021-06-18 09:51:58,B,1087.1,2,3
2021-06-18 09:51:58,B,1087.05,2,8
2021-06-18 09:51:58,B,1087.0,3,308
2021-06-18 09:51:58,S,1088.5,2,11
2021-06-18 09:51:58,S,1088.8,2,9
2021-06-18 09:51:58,S,1088.85,2,6
2021-06-18 09:51:58,S,1088.95,1,1
2021-06-18 09:51:58,S,1089.0,2,4
2021-06-18 09:51:58,B,1087.95,1,5
2021-06-18 09:51:58,B,1087.2,1,4
2021-06-18 09:51:58,B,1087.1,2,3
2021-06-18 09:51:58,B,1087.05,2,8
2021-06-18 09:51:58,B,1087.0,3,308
2021-06-18 09:52:00,S,1088.5,1,1
2021-06-18 09:52:00,S,1089.75,2,9
2021-06-18 09:52:00,S,1089.8,1,1
2021-06-18 09:52:00,S,1090.3,1,6
2021-06-18 09:52:00,S,1090.35,2,10
2021-06-18 09:52:00,B,1087.95,1,5
2021-06-18 09:52:00,B,1087.25,1,2
2021-06-18 09:52:00,B,1087.2,2,5
2021-06-18 09:52:00,B,1087.15,2,6
2021-06-18 09:52:00,B,1087.05,2,8
2021-06-18 09:52:00,S,1088.5,1,1
2021-06-18 09:52:00,S,1089.75,2,9
2021-06-18 09:52:00,S,1089.8,1,1
2021-06-18 09:52:00,S,1090.3,1,6
2021-06-18 09:52:00,S,1090.35,2,10
2021-06-18 09:52:00,B,1087.95,1,5
2021-06-18 09:52:00,B,1087.25,1,2
2021-06-18 09:52:00,B,1087.2,2,5
2021-06-18 09:52:00,B,1087.15,2,6
2021-06-18 09:52:00,B,1087.05,2,8
2021-06-18 09:52:01,S,1088.5,1,1
2021-06-18 09:52:01,S,1089.75,2,9
2021-06-18 09:52:01,S,1090.3,1,6
2021-06-18 09:52:01,S,1090.35,2,10
2021-06-18 09:52:01,S,1090.4,1,1
2021-06-18 09:52:01,B,1087.95,1,5
2021-06-18 09:52:01,B,1087.25,1,2
2021-06-18 09:52:01,B,1087.2,2,5
2021-06-18 09:52:01,B,1087.15,2,6
2021-06-18 09:52:01,B,1087.05,2,8
2021-06-18 09:52:01,S,1088.5,1,1
2021-06-18 09:52:01,S,1089.75,2,9
2021-06-18 09:52:01,S,1090.3,1,6
2021-06-18 09:52:01,S,1090.35,2,10
2021-06-18 09:52:01,S,1090.4,1,1
2021-06-18 09:52:01,B,1087.95,1,5
2021-06-18 09:52:01,B,1087.25,1,2
2021-06-18 09:52:01,B,1087.2,2,5
2021-06-18 09:52:01,B,1087.15,2,6
2021-06-18 09:52:01,B,1087.05,2,8
2021-06-18 09:52:01,S,1089.8,1,8
2021-06-18 09:52:01,S,1089.85,2,6
2021-06-18 09:52:01,S,1090.3,2,7
2021-06-18 09:52:01,S,1090.35,3,11
2021-06-18 09:52:01,S,1090.4,1,1
2021-06-18 09:52:01,B,1088.2,1,5
2021-06-18 09:52:01,B,1088.15,1,2
2021-06-18 09:52:01,B,1087.95,1,5
2021-06-18 09:52:01,B,1087.85,1,4
2021-06-18 09:52:01,B,1087.2,3,11
2021-06-18 09:52:01,S,1089.8,1,8
2021-06-18 09:52:01,S,1089.85,2,6
2021-06-18 09:52:01,S,1090.3,2,7
2021-06-18 09:52:01,S,1090.35,3,11
2021-06-18 09:52:01,S,1090.4,1,1
2021-06-18 09:52:01,B,1088.2,1,5
2021-06-18 09:52:01,B,1088.15,1,2
2021-06-18 09:52:01,B,1087.95,1,5
2021-06-18 09:52:01,B,1087.85,1,4
2021-06-18 09:52:01,B,1087.2,3,11
2021-06-18 09:52:03,S,1089.65,1,8
2021-06-18 09:52:03,S,1089.7,2,6
2021-06-18 09:52:03,S,1089.8,2,4
2021-06-18 09:52:03,S,1090.3,2,7
2021-06-18 09:52:03,S,1090.35,3,11
2021-06-18 09:52:03,B,1087.95,1,5
2021-06-18 09:52:03,B,1087.85,1,4
2021-06-18 09:52:03,B,1087.2,3,11
2021-06-18 09:52:03,B,1087.05,2,8
2021-06-18 09:52:03,B,1087.0,4,343
2021-06-18 09:52:03,S,1089.65,1,8
2021-06-18 09:52:03,S,1089.7,2,6
2021-06-18 09:52:03,S,1089.8,2,4
2021-06-18 09:52:03,S,1090.3,2,7
2021-06-18 09:52:03,S,1090.35,3,11
2021-06-18 09:52:03,B,1087.95,1,5
2021-06-18 09:52:03,B,1087.85,1,4
2021-06-18 09:52:03,B,1087.2,3,11
2021-06-18 09:52:03,B,1087.05,2,8
2021-06-18 09:52:03,B,1087.0,4,343
2021-06-18 09:52:04,S,1087.8,2,6
2021-06-18 09:52:04,S,1087.95,2,3
2021-06-18 09:52:04,S,1088.0,1,1
2021-06-18 09:52:04,S,1088.2,4,28
2021-06-18 09:52:04,S,1088.25,2,13
2021-06-18 09:52:04,B,1087.0,3,286
2021-06-18 09:52:04,B,1086.0,2,61
2021-06-18 09:52:04,B,1085.75,1,10
2021-06-18 09:52:04,B,1085.45,1,13
2021-06-18 09:52:04,B,1085.15,2,16
2021-06-18 09:52:04,S,1087.8,2,6
2021-06-18 09:52:04,S,1087.95,2,3
2021-06-18 09:52:04,S,1088.0,1,1
2021-06-18 09:52:04,S,1088.2,4,28
2021-06-18 09:52:04,S,1088.25,2,13
2021-06-18 09:52:04,B,1087.0,3,286
2021-06-18 09:52:04,B,1086.0,2,61
2021-06-18 09:52:04,B,1085.75,1,10
2021-06-18 09:52:04,B,1085.45,1,13
2021-06-18 09:52:04,B,1085.15,2,16
2021-06-18 09:52:04,S,1087.8,2,6
2021-06-18 09:52:04,S,1087.95,2,3
2021-06-18 09:52:04,S,1088.0,1,1
2021-06-18 09:52:04,S,1088.2,4,28
2021-06-18 09:52:04,S,1088.25,2,13
2021-06-18 09:52:04,B,1087.0,3,286
2021-06-18 09:52:04,B,1086.0,2,61
2021-06-18 09:52:04,B,1085.75,1,10
2021-06-18 09:52:04,B,1085.45,1,13
2021-06-18 09:52:04,B,1085.15,2,16
2021-06-18 09:52:04,S,1087.8,2,6
2021-06-18 09:52:04,S,1087.95,2,3
2021-06-18 09:52:04,S,1088.0,1,1
2021-06-18 09:52:04,S,1088.2,4,28
2021-06-18 09:52:04,S,1088.25,2,13
2021-06-18 09:52:04,B,1087.0,3,286
2021-06-18 09:52:04,B,1086.0,2,61
2021-06-18 09:52:04,B,1085.75,1,10
2021-06-18 09:52:04,B,1085.45,1,13
2021-06-18 09:52:04,B,1085.15,2,16
2021-06-18 09:52:06,S,1087.8,2,6
2021-06-18 09:52:06,S,1087.95,2,3
2021-06-18 09:52:06,S,1088.0,1,1
2021-06-18 09:52:06,S,1088.2,4,28
2021-06-18 09:52:06,S,1088.25,2,13
2021-06-18 09:52:06,B,1087.0,3,286
2021-06-18 09:52:06,B,1086.0,2,61
2021-06-18 09:52:06,B,1085.95,1,4
2021-06-18 09:52:06,B,1085.75,1,10
2021-06-18 09:52:06,B,1085.65,1,5
2021-06-18 09:52:06,S,1087.8,2,6
2021-06-18 09:52:06,S,1087.95,2,3
2021-06-18 09:52:06,S,1088.0,1,1
2021-06-18 09:52:06,S,1088.2,4,28
2021-06-18 09:52:06,S,1088.25,2,13
2021-06-18 09:52:06,B,1087.0,3,286
2021-06-18 09:52:06,B,1086.0,2,61
2021-06-18 09:52:06,B,1085.95,1,4
2021-06-18 09:52:06,B,1085.75,1,10
2021-06-18 09:52:06,B,1085.65,1,5
2021-06-18 09:52:07,S,1087.95,2,3
2021-06-18 09:52:07,S,1088.2,4,28
2021-06-18 09:52:07,S,1088.25,2,13
2021-06-18 09:52:07,S,1088.4,1,3
2021-06-18 09:52:07,S,1088.5,1,500
2021-06-18 09:52:07,B,1087.0,3,286
2021-06-18 09:52:07,B,1086.0,2,61
2021-06-18 09:52:07,B,1085.75,1,10
2021-06-18 09:52:07,B,1085.45,1,13
2021-06-18 09:52:07,B,1085.15,2,16
2021-06-18 09:52:07,S,1087.95,2,3
2021-06-18 09:52:07,S,1088.2,4,28
2021-06-18 09:52:07,S,1088.25,2,13
2021-06-18 09:52:07,S,1088.4,1,3
2021-06-18 09:52:07,S,1088.5,1,500
2021-06-18 09:52:07,B,1087.0,3,286
2021-06-18 09:52:07,B,1086.0,2,61
2021-06-18 09:52:07,B,1085.75,1,10
2021-06-18 09:52:07,B,1085.45,1,13
2021-06-18 09:52:07,B,1085.15,2,16
2021-06-18 09:52:08,S,1087.95,2,3
2021-06-18 09:52:08,S,1088.1,2,7
2021-06-18 09:52:08,S,1088.15,2,28
2021-06-18 09:52:08,S,1088.2,3,22
2021-06-18 09:52:08,S,1088.25,1,1
2021-06-18 09:52:08,B,1087.0,4,283
2021-06-18 09:52:08,B,1086.0,2,61
2021-06-18 09:52:08,B,1085.75,1,10
2021-06-18 09:52:08,B,1085.45,1,13
2021-06-18 09:52:08,B,1085.15,2,16
2021-06-18 09:52:08,S,1087.95,2,3
2021-06-18 09:52:08,S,1088.1,2,7
2021-06-18 09:52:08,S,1088.15,2,28
2021-06-18 09:52:08,S,1088.2,3,22
2021-06-18 09:52:08,S,1088.25,1,1
2021-06-18 09:52:08,B,1087.0,4,283
2021-06-18 09:52:08,B,1086.0,2,61
2021-06-18 09:52:08,B,1085.75,1,10
2021-06-18 09:52:08,B,1085.45,1,13
2021-06-18 09:52:08,B,1085.15,2,16
2021-06-18 09:52:10,S,1087.95,2,3
2021-06-18 09:52:10,S,1088.1,2,7
2021-06-18 09:52:10,S,1088.15,2,28
2021-06-18 09:52:10,S,1088.35,2,21
2021-06-18 09:52:10,S,1088.4,1,3
2021-06-18 09:52:10,B,1087.0,4,283
2021-06-18 09:52:10,B,1086.0,2,61
2021-06-18 09:52:10,B,1085.9,1,4
2021-06-18 09:52:10,B,1085.75,1,10
2021-06-18 09:52:10,B,1085.45,1,13
2021-06-18 09:52:10,S,1087.95,2,3
2021-06-18 09:52:10,S,1088.1,2,7
2021-06-18 09:52:10,S,1088.15,2,28
2021-06-18 09:52:10,S,1088.35,2,21
2021-06-18 09:52:10,S,1088.4,1,3
2021-06-18 09:52:10,B,1087.0,4,283
2021-06-18 09:52:10,B,1086.0,2,61
2021-06-18 09:52:10,B,1085.9,1,4
2021-06-18 09:52:10,B,1085.75,1,10
2021-06-18 09:52:10,B,1085.45,1,13
2021-06-18 09:52:11,S,1087.8,1,5
2021-06-18 09:52:11,S,1087.95,2,3
2021-06-18 09:52:11,S,1088.1,2,7
2021-06-18 09:52:11,S,1088.15,2,28
2021-06-18 09:52:11,S,1088.35,2,21
2021-06-18 09:52:11,B,1087.0,4,283
2021-06-18 09:52:11,B,1086.0,3,62
2021-06-18 09:52:11,B,1085.9,1,4
2021-06-18 09:52:11,B,1085.75,1,10
2021-06-18 09:52:11,B,1085.45,1,13
2021-06-18 09:52:11,S,1087.8,1,5
2021-06-18 09:52:11,S,1087.95,2,3
2021-06-18 09:52:11,S,1088.1,2,7
2021-06-18 09:52:11,S,1088.15,2,28
2021-06-18 09:52:11,S,1088.35,2,21
2021-06-18 09:52:11,B,1087.0,4,283
2021-06-18 09:52:11,B,1086.0,3,62
2021-06-18 09:52:11,B,1085.9,1,4
2021-06-18 09:52:11,B,1085.75,1,10
2021-06-18 09:52:11,B,1085.45,1,13
2021-06-18 09:52:12,S,1087.85,2,21
2021-06-18 09:52:12,S,1087.9,2,28
2021-06-18 09:52:12,S,1088.45,1,6
2021-06-18 09:52:12,S,1088.5,2,501
2021-06-18 09:52:12,S,1088.7,1,5
2021-06-18 09:52:12,B,1086.05,1,6
2021-06-18 09:52:12,B,1086.0,2,61
2021-06-18 09:52:12,B,1085.15,1,12
2021-06-18 09:52:12,B,1085.0,2,27
2021-06-18 09:52:12,B,1084.9,1,1
2021-06-18 09:52:12,S,1087.85,2,21
2021-06-18 09:52:12,S,1087.9,2,28
2021-06-18 09:52:12,S,1088.45,1,6
2021-06-18 09:52:12,S,1088.5,2,501
2021-06-18 09:52:12,S,1088.7,1,5
2021-06-18 09:52:12,B,1086.05,1,6
2021-06-18 09:52:12,B,1086.0,2,61
2021-06-18 09:52:12,B,1085.15,1,12
2021-06-18 09:52:12,B,1085.0,2,27
2021-06-18 09:52:12,B,1084.9,1,1
2021-06-18 09:52:13,S,1087.2,2,6
2021-06-18 09:52:13,S,1087.3,2,14
2021-06-18 09:52:13,S,1087.35,2,9
2021-06-18 09:52:13,S,1087.5,1,1
2021-06-18 09:52:13,S,1087.55,1,1
2021-06-18 09:52:13,B,1086.05,1,6
2021-06-18 09:52:13,B,1086.0,3,69
2021-06-18 09:52:13,B,1085.4,1,4
2021-06-18 09:52:13,B,1085.15,1,5
2021-06-18 09:52:13,B,1085.0,2,27
2021-06-18 09:52:13,S,1087.2,2,6
2021-06-18 09:52:13,S,1087.3,2,14
2021-06-18 09:52:13,S,1087.35,2,9
2021-06-18 09:52:13,S,1087.5,1,1
2021-06-18 09:52:13,S,1087.55,1,1
2021-06-18 09:52:13,B,1086.05,1,6
2021-06-18 09:52:13,B,1086.0,3,69
2021-06-18 09:52:13,B,1085.4,1,4
2021-06-18 09:52:13,B,1085.15,1,5
2021-06-18 09:52:13,B,1085.0,2,27
2021-06-18 09:52:15,S,1087.2,1,5
2021-06-18 09:52:15,S,1087.3,2,14
2021-06-18 09:52:15,S,1087.35,1,1
2021-06-18 09:52:15,S,1087.45,1,8
2021-06-18 09:52:15,S,1087.5,1,3
2021-06-18 09:52:15,B,1086.05,1,6
2021-06-18 09:52:15,B,1086.0,3,69
2021-06-18 09:52:15,B,1085.4,1,4
2021-06-18 09:52:15,B,1085.15,1,5
2021-06-18 09:52:15,B,1085.0,2,27
2021-06-18 09:52:15,S,1087.2,1,5
2021-06-18 09:52:15,S,1087.3,2,14
2021-06-18 09:52:15,S,1087.35,1,1
2021-06-18 09:52:15,S,1087.45,1,8
2021-06-18 09:52:15,S,1087.5,1,3
2021-06-18 09:52:15,B,1086.05,1,6
2021-06-18 09:52:15,B,1086.0,3,69
2021-06-18 09:52:15,B,1085.4,1,4
2021-06-18 09:52:15,B,1085.15,1,5
2021-06-18 09:52:15,B,1085.0,2,27
2021-06-18 09:52:16,S,1087.2,1,5
2021-06-18 09:52:16,S,1087.3,1,13
2021-06-18 09:52:16,S,1087.45,2,9
2021-06-18 09:52:16,S,1087.5,1,3
2021-06-18 09:52:16,S,1087.9,2,28
2021-06-18 09:52:16,B,1086.05,1,6
2021-06-18 09:52:16,B,1086.0,3,69
2021-06-18 09:52:16,B,1085.4,1,4
2021-06-18 09:52:16,B,1085.15,1,5
2021-06-18 09:52:16,B,1085.0,2,27
2021-06-18 09:52:16,S,1087.2,1,5
2021-06-18 09:52:16,S,1087.3,1,13
2021-06-18 09:52:16,S,1087.45,2,9
2021-06-18 09:52:16,S,1087.5,1,3
2021-06-18 09:52:16,S,1087.9,2,28
2021-06-18 09:52:16,B,1086.05,1,6
2021-06-18 09:52:16,B,1086.0,3,69
2021-06-18 09:52:16,B,1085.4,1,4
2021-06-18 09:52:16,B,1085.15,1,5
2021-06-18 09:52:16,B,1085.0,2,27
2021-06-18 09:52:21,S,1087.2,1,5
2021-06-18 09:52:21,S,1087.3,2,14
2021-06-18 09:52:21,S,1087.45,2,9
2021-06-18 09:52:21,S,1087.5,1,3
2021-06-18 09:52:21,S,1087.9,2,28
2021-06-18 09:52:21,B,1086.05,1,6
2021-06-18 09:52:21,B,1086.0,3,69
2021-06-18 09:52:21,B,1085.4,1,4
2021-06-18 09:52:21,B,1085.15,1,5
2021-06-18 09:52:21,B,1085.0,2,27
2021-06-18 09:52:21,S,1087.2,1,5
2021-06-18 09:52:21,S,1087.3,2,14
2021-06-18 09:52:21,S,1087.45,2,9
2021-06-18 09:52:21,S,1087.5,1,3
2021-06-18 09:52:21,S,1087.9,2,28
2021-06-18 09:52:21,B,1086.05,1,6
2021-06-18 09:52:21,B,1086.0,3,69
2021-06-18 09:52:21,B,1085.4,1,4
2021-06-18 09:52:21,B,1085.15,1,5
2021-06-18 09:52:21,B,1085.0,2,27
2021-06-18 09:52:23,S,1087.2,1,5
2021-06-18 09:52:23,S,1087.3,2,14
2021-06-18 09:52:23,S,1087.45,2,9
2021-06-18 09:52:23,S,1087.5,1,3
2021-06-18 09:52:23,S,1087.9,2,28
2021-06-18 09:52:23,B,1086.05,1,6
2021-06-18 09:52:23,B,1086.0,3,69
2021-06-18 09:52:23,B,1085.4,1,4
2021-06-18 09:52:23,B,1085.15,1,5
2021-06-18 09:52:23,B,1085.0,2,27
2021-06-18 09:52:23,S,1087.2,1,5
2021-06-18 09:52:23,S,1087.3,2,14
2021-06-18 09:52:23,S,1087.45,2,9
2021-06-18 09:52:23,S,1087.5,1,3
2021-06-18 09:52:23,S,1087.9,2,28
2021-06-18 09:52:23,B,1086.05,1,6
2021-06-18 09:52:23,B,1086.0,3,69
2021-06-18 09:52:23,B,1085.4,1,4
2021-06-18 09:52:23,B,1085.15,1,5
2021-06-18 09:52:23,B,1085.0,2,27
2021-06-18 09:52:26,S,1082.7,1,6
2021-06-18 09:52:26,S,1082.75,1,5
2021-06-18 09:52:26,S,1083.6,1,8
2021-06-18 09:52:26,S,1083.65,1,12
2021-06-18 09:52:26,S,1083.7,1,12
2021-06-18 09:52:26,B,1081.35,1,20
2021-06-18 09:52:26,B,1081.3,1,9
2021-06-18 09:52:26,B,1081.15,1,25
2021-06-18 09:52:26,B,1080.05,1,1
2021-06-18 09:52:26,B,1080.0,2,31
2021-06-18 09:52:26,S,1082.7,1,6
2021-06-18 09:52:26,S,1082.75,1,5
2021-06-18 09:52:26,S,1083.6,1,8
2021-06-18 09:52:26,S,1083.65,1,12
2021-06-18 09:52:26,S,1083.7,1,12
2021-06-18 09:52:26,B,1081.35,1,20
2021-06-18 09:52:26,B,1081.3,1,9
2021-06-18 09:52:26,B,1081.15,1,25
2021-06-18 09:52:26,B,1080.05,1,1
2021-06-18 09:52:26,B,1080.0,2,31
2021-06-18 09:52:27,S,1082.5,1,5
2021-06-18 09:52:27,S,1082.55,1,6
2021-06-18 09:52:27,S,1083.6,2,9
2021-06-18 09:52:27,S,1083.65,1,12
2021-06-18 09:52:27,S,1083.7,1,12
2021-06-18 09:52:27,B,1081.3,1,9
2021-06-18 09:52:27,B,1081.15,1,25
2021-06-18 09:52:27,B,1080.3,1,4
2021-06-18 09:52:27,B,1080.05,1,1
2021-06-18 09:52:27,B,1080.0,2,31
2021-06-18 09:52:27,S,1082.5,1,5
2021-06-18 09:52:27,S,1082.55,1,6
2021-06-18 09:52:27,S,1083.6,2,9
2021-06-18 09:52:27,S,1083.65,1,12
2021-06-18 09:52:27,S,1083.7,1,12
2021-06-18 09:52:27,B,1081.3,1,9
2021-06-18 09:52:27,B,1081.15,1,25
2021-06-18 09:52:27,B,1080.3,1,4
2021-06-18 09:52:27,B,1080.05,1,1
2021-06-18 09:52:27,B,1080.0,2,31
2021-06-18 09:52:28,S,1082.5,1,5
2021-06-18 09:52:28,S,1082.55,1,6
2021-06-18 09:52:28,S,1083.5,2,9
2021-06-18 09:52:28,S,1083.55,2,5
2021-06-18 09:52:28,S,1083.65,1,12
2021-06-18 09:52:28,B,1081.3,1,9
2021-06-18 09:52:28,B,1081.15,2,26
2021-06-18 09:52:28,B,1080.8,1,5
2021-06-18 09:52:28,B,1080.4,1,6
2021-06-18 09:52:28,B,1080.3,1,4
2021-06-18 09:52:28,S,1082.5,1,5
2021-06-18 09:52:28,S,1082.55,1,6
2021-06-18 09:52:28,S,1083.5,2,9
2021-06-18 09:52:28,S,1083.55,2,5
2021-06-18 09:52:28,S,1083.65,1,12
2021-06-18 09:52:28,B,1081.3,1,9
2021-06-18 09:52:28,B,1081.15,2,26
2021-06-18 09:52:28,B,1080.8,1,5
2021-06-18 09:52:28,B,1080.4,1,6
2021-06-18 09:52:28,B,1080.3,1,4
2021-06-18 09:52:30,S,1082.5,1,5
2021-06-18 09:52:30,S,1082.55,1,6
2021-06-18 09:52:30,S,1083.5,2,9
2021-06-18 09:52:30,S,1083.55,2,5
2021-06-18 09:52:30,S,1083.65,1,12
2021-06-18 09:52:30,B,1081.3,1,9
2021-06-18 09:52:30,B,1081.15,2,26
2021-06-18 09:52:30,B,1080.4,1,6
2021-06-18 09:52:30,B,1080.3,1,4
2021-06-18 09:52:30,B,1080.05,1,1
2021-06-18 09:52:30,S,1082.5,1,5
2021-06-18 09:52:30,S,1082.55,1,6
2021-06-18 09:52:30,S,1083.5,2,9
2021-06-18 09:52:30,S,1083.55,2,5
2021-06-18 09:52:30,S,1083.65,1,12
2021-06-18 09:52:30,B,1081.3,1,9
2021-06-18 09:52:30,B,1081.15,2,26
2021-06-18 09:52:30,B,1080.4,1,6
2021-06-18 09:52:30,B,1080.3,1,4
2021-06-18 09:52:30,B,1080.05,1,1
2021-06-18 09:52:32,S,1082.5,1,5
2021-06-18 09:52:32,S,1082.55,1,6
2021-06-18 09:52:32,S,1083.5,2,9
2021-06-18 09:52:32,S,1083.55,2,5
2021-06-18 09:52:32,S,1083.65,1,12
2021-06-18 09:52:32,B,1081.3,1,9
2021-06-18 09:52:32,B,1081.15,2,26
2021-06-18 09:52:32,B,1080.4,1,6
2021-06-18 09:52:32,B,1080.3,1,4
2021-06-18 09:52:32,B,1080.05,1,1
2021-06-18 09:52:32,S,1082.5,1,5
2021-06-18 09:52:32,S,1082.55,1,6
2021-06-18 09:52:32,S,1083.5,2,9
2021-06-18 09:52:32,S,1083.55,2,5
2021-06-18 09:52:32,S,1083.65,1,12
2021-06-18 09:52:32,B,1081.3,1,9
2021-06-18 09:52:32,B,1081.15,2,26
2021-06-18 09:52:32,B,1080.4,1,6
2021-06-18 09:52:32,B,1080.3,1,4
2021-06-18 09:52:32,B,1080.05,1,1
2021-06-18 09:52:33,S,1083.3,2,20
2021-06-18 09:52:33,S,1083.35,1,4
2021-06-18 09:52:33,S,1083.5,1,1
2021-06-18 09:52:33,S,1083.55,2,5
2021-06-18 09:52:33,S,1083.85,1,5
2021-06-18 09:52:33,B,1081.15,1,1
2021-06-18 09:52:33,B,1081.1,1,7
2021-06-18 09:52:33,B,1080.5,1,25
2021-06-18 09:52:33,B,1080.4,1,6
2021-06-18 09:52:33,B,1080.3,1,4
2021-06-18 09:52:33,S,1083.3,2,20
2021-06-18 09:52:33,S,1083.35,1,4
2021-06-18 09:52:33,S,1083.5,1,1
2021-06-18 09:52:33,S,1083.55,2,5
2021-06-18 09:52:33,S,1083.85,1,5
2021-06-18 09:52:33,B,1081.15,1,1
2021-06-18 09:52:33,B,1081.1,1,7
2021-06-18 09:52:33,B,1080.5,1,25
2021-06-18 09:52:33,B,1080.4,1,6
2021-06-18 09:52:33,B,1080.3,1,4
2021-06-18 09:52:33,S,1082.5,1,8
2021-06-18 09:52:33,S,1082.55,1,5
2021-06-18 09:52:33,S,1083.0,1,1
2021-06-18 09:52:33,S,1083.05,2,5
2021-06-18 09:52:33,S,1083.1,1,13
2021-06-18 09:52:33,B,1081.1,1,7
2021-06-18 09:52:33,B,1080.85,2,6
2021-06-18 09:52:33,B,1080.8,2,5
2021-06-18 09:52:33,B,1080.5,1,25
2021-06-18 09:52:33,B,1080.35,1,13
2021-06-18 09:52:33,S,1082.5,1,8
2021-06-18 09:52:33,S,1082.55,1,5
2021-06-18 09:52:33,S,1083.0,1,1
2021-06-18 09:52:33,S,1083.05,2,5
2021-06-18 09:52:33,S,1083.1,1,13
2021-06-18 09:52:33,B,1081.1,1,7
2021-06-18 09:52:33,B,1080.85,2,6
2021-06-18 09:52:33,B,1080.8,2,5
2021-06-18 09:52:33,B,1080.5,1,25
2021-06-18 09:52:33,B,1080.35,1,13
2021-06-18 09:52:35,S,1083.0,1,8
2021-06-18 09:52:35,S,1083.05,1,4
2021-06-18 09:52:35,S,1083.1,2,14
2021-06-18 09:52:35,S,1083.2,2,13
2021-06-18 09:52:35,S,1083.5,1,3
2021-06-18 09:52:35,B,1081.15,1,3
2021-06-18 09:52:35,B,1081.1,2,8
2021-06-18 09:52:35,B,1080.8,1,4
2021-06-18 09:52:35,B,1080.5,1,25
2021-06-18 09:52:35,B,1080.4,1,6
2021-06-18 09:52:35,S,1083.0,1,8
2021-06-18 09:52:35,S,1083.05,1,4
2021-06-18 09:52:35,S,1083.1,2,14
2021-06-18 09:52:35,S,1083.2,2,13
2021-06-18 09:52:35,S,1083.5,1,3
2021-06-18 09:52:35,B,1081.15,1,3
2021-06-18 09:52:35,B,1081.1,2,8
2021-06-18 09:52:35,B,1080.8,1,4
2021-06-18 09:52:35,B,1080.5,1,25
2021-06-18 09:52:35,B,1080.4,1,6
2021-06-18 09:52:36,S,1082.9,1,8
2021-06-18 09:52:36,S,1082.95,2,13
2021-06-18 09:52:36,S,1083.0,2,13
2021-06-18 09:52:36,S,1083.05,2,5
2021-06-18 09:52:36,S,1083.1,1,1
2021-06-18 09:52:36,B,1080.8,1,4
2021-06-18 09:52:36,B,1080.5,2,26
2021-06-18 09:52:36,B,1080.3,1,4
2021-06-18 09:52:36,B,1080.05,2,11
2021-06-18 09:52:36,B,1080.0,2,31
2021-06-18 09:52:36,S,1082.9,1,8
2021-06-18 09:52:36,S,1082.95,2,13
2021-06-18 09:52:36,S,1083.0,2,13
2021-06-18 09:52:36,S,1083.05,2,5
2021-06-18 09:52:36,S,1083.1,1,1
2021-06-18 09:52:36,B,1080.8,1,4
2021-06-18 09:52:36,B,1080.5,2,26
2021-06-18 09:52:36,B,1080.3,1,4
2021-06-18 09:52:36,B,1080.05,2,11
2021-06-18 09:52:36,B,1080.0,2,31
2021-06-18 09:52:37,S,1082.55,1,8
2021-06-18 09:52:37,S,1082.6,1,5
2021-06-18 09:52:37,S,1082.85,2,14
2021-06-18 09:52:37,S,1083.0,2,13
2021-06-18 09:52:37,S,1083.05,2,5
2021-06-18 09:52:37,B,1081.2,1,25
2021-06-18 09:52:37,B,1080.35,2,14
2021-06-18 09:52:37,B,1080.3,2,5
2021-06-18 09:52:37,B,1080.05,2,11
2021-06-18 09:52:37,B,1080.0,2,31
2021-06-18 09:52:37,S,1082.55,1,8
2021-06-18 09:52:37,S,1082.6,1,5
2021-06-18 09:52:37,S,1082.85,2,14
2021-06-18 09:52:37,S,1083.0,2,13
2021-06-18 09:52:37,S,1083.05,2,5
2021-06-18 09:52:37,B,1081.2,1,25
2021-06-18 09:52:37,B,1080.35,2,14
2021-06-18 09:52:37,B,1080.3,2,5
2021-06-18 09:52:37,B,1080.05,2,11
2021-06-18 09:52:37,B,1080.0,2,31
2021-06-18 09:52:38,S,1083.0,1,8
2021-06-18 09:52:38,S,1083.05,2,5
2021-06-18 09:52:38,S,1083.5,2,6
2021-06-18 09:52:38,S,1083.55,2,5
2021-06-18 09:52:38,S,1083.75,1,12
2021-06-18 09:52:38,B,1081.25,1,8
2021-06-18 09:52:38,B,1081.2,1,25
2021-06-18 09:52:38,B,1080.8,2,5
2021-06-18 09:52:38,B,1080.35,2,14
2021-06-18 09:52:38,B,1080.3,2,5
2021-06-18 09:52:38,S,1083.0,1,8
2021-06-18 09:52:38,S,1083.05,2,5
2021-06-18 09:52:38,S,1083.5,2,6
2021-06-18 09:52:38,S,1083.55,2,5
2021-06-18 09:52:38,S,1083.75,1,12
2021-06-18 09:52:38,B,1081.25,1,8
2021-06-18 09:52:38,B,1081.2,1,25
2021-06-18 09:52:38,B,1080.8,2,5
2021-06-18 09:52:38,B,1080.35,2,14
2021-06-18 09:52:38,B,1080.3,2,5
2021-06-18 09:52:39,S,1083.0,1,8
2021-06-18 09:52:39,S,1083.05,2,5
2021-06-18 09:52:39,S,1083.5,2,6
2021-06-18 09:52:39,S,1083.55,2,5
2021-06-18 09:52:39,S,1083.75,1,12
2021-06-18 09:52:39,B,1081.25,1,8
2021-06-18 09:52:39,B,1081.2,1,25
2021-06-18 09:52:39,B,1080.8,2,5
2021-06-18 09:52:39,B,1080.35,2,14
2021-06-18 09:52:39,B,1080.3,2,5
2021-06-18 09:52:39,S,1083.0,1,8
2021-06-18 09:52:39,S,1083.05,2,5
2021-06-18 09:52:39,S,1083.5,2,6
2021-06-18 09:52:39,S,1083.55,2,5
2021-06-18 09:52:39,S,1083.75,1,12
2021-06-18 09:52:39,B,1081.25,1,8
2021-06-18 09:52:39,B,1081.2,1,25
2021-06-18 09:52:39,B,1080.8,2,5
2021-06-18 09:52:39,B,1080.35,2,14
2021-06-18 09:52:39,B,1080.3,2,5
2021-06-18 09:52:40,S,1083.35,1,12
2021-06-18 09:52:40,S,1083.5,2,13
2021-06-18 09:52:40,S,1083.95,1,5
2021-06-18 09:52:40,S,1084.0,1,85
2021-06-18 09:52:40,S,1084.05,2,9
2021-06-18 09:52:40,B,1081.25,1,8
2021-06-18 09:52:40,B,1081.2,2,26
2021-06-18 09:52:40,B,1080.8,2,5
2021-06-18 09:52:40,B,1080.35,2,14
2021-06-18 09:52:40,B,1080.3,2,5
2021-06-18 09:52:40,S,1083.35,1,12
2021-06-18 09:52:40,S,1083.5,2,13
2021-06-18 09:52:40,S,1083.95,1,5
2021-06-18 09:52:40,S,1084.0,1,85
2021-06-18 09:52:40,S,1084.05,2,9
2021-06-18 09:52:40,B,1081.25,1,8
2021-06-18 09:52:40,B,1081.2,2,26
2021-06-18 09:52:40,B,1080.8,2,5
2021-06-18 09:52:40,B,1080.35,2,14
2021-06-18 09:52:40,B,1080.3,2,5
2021-06-18 09:52:40,S,1083.35,1,12
2021-06-18 09:52:40,S,1083.5,2,13
2021-06-18 09:52:40,S,1083.95,1,5
2021-06-18 09:52:40,S,1084.0,1,85
2021-06-18 09:52:40,S,1084.05,2,9
2021-06-18 09:52:40,B,1081.25,1,8
2021-06-18 09:52:40,B,1081.2,2,26
2021-06-18 09:52:40,B,1080.8,2,5
2021-06-18 09:52:40,B,1080.35,2,14
2021-06-18 09:52:40,B,1080.3,2,5
2021-06-18 09:52:40,S,1083.35,1,12
2021-06-18 09:52:40,S,1083.5,2,13
2021-06-18 09:52:40,S,1083.95,1,5
2021-06-18 09:52:40,S,1084.0,1,85
2021-06-18 09:52:40,S,1084.05,2,9
2021-06-18 09:52:40,B,1081.25,1,8
2021-06-18 09:52:40,B,1081.2,2,26
2021-06-18 09:52:40,B,1080.8,2,5
2021-06-18 09:52:40,B,1080.35,2,14
2021-06-18 09:52:40,B,1080.3,2,5
2021-06-18 09:52:43,S,1083.35,1,7
2021-06-18 09:52:43,S,1083.5,2,13
2021-06-18 09:52:43,S,1083.95,2,6
2021-06-18 09:52:43,S,1084.0,1,85
2021-06-18 09:52:43,S,1084.3,1,5
2021-06-18 09:52:43,B,1081.15,1,8
2021-06-18 09:52:43,B,1081.1,1,7
2021-06-18 09:52:43,B,1081.05,2,8
2021-06-18 09:52:43,B,1081.0,1,25
2021-06-18 09:52:43,B,1080.8,2,5
2021-06-18 09:52:43,S,1083.35,1,7
2021-06-18 09:52:43,S,1083.5,2,13
2021-06-18 09:52:43,S,1083.95,2,6
2021-06-18 09:52:43,S,1084.0,1,85
2021-06-18 09:52:43,S,1084.3,1,5
2021-06-18 09:52:43,B,1081.15,1,8
2021-06-18 09:52:43,B,1081.1,1,7
2021-06-18 09:52:43,B,1081.05,2,8
2021-06-18 09:52:43,B,1081.0,1,25
2021-06-18 09:52:43,B,1080.8,2,5
2021-06-18 09:52:45,S,1083.35,1,7
2021-06-18 09:52:45,S,1083.5,2,13
2021-06-18 09:52:45,S,1083.95,2,6
2021-06-18 09:52:45,S,1084.0,1,85
2021-06-18 09:52:45,S,1084.3,1,5
2021-06-18 09:52:45,B,1081.15,1,7
2021-06-18 09:52:45,B,1081.1,1,7
2021-06-18 09:52:45,B,1081.05,2,8
2021-06-18 09:52:45,B,1081.0,1,25
2021-06-18 09:52:45,B,1080.8,2,5
2021-06-18 09:52:45,S,1083.35,1,7
2021-06-18 09:52:45,S,1083.5,2,13
2021-06-18 09:52:45,S,1083.95,2,6
2021-06-18 09:52:45,S,1084.0,1,85
2021-06-18 09:52:45,S,1084.3,1,5
2021-06-18 09:52:45,B,1081.15,1,7
2021-06-18 09:52:45,B,1081.1,1,7
2021-06-18 09:52:45,B,1081.05,2,8
2021-06-18 09:52:45,B,1081.0,1,25
2021-06-18 09:52:45,B,1080.8,2,5
2021-06-18 09:52:46,S,1083.15,1,4
2021-06-18 09:52:46,S,1083.2,1,11
2021-06-18 09:52:46,S,1083.5,1,12
2021-06-18 09:52:46,S,1083.95,2,6
2021-06-18 09:52:46,S,1084.0,1,85
2021-06-18 09:52:46,B,1081.05,1,4
2021-06-18 09:52:46,B,1081.0,1,22
2021-06-18 09:52:46,B,1080.8,2,5
2021-06-18 09:52:46,B,1080.35,1,1
2021-06-18 09:52:46,B,1080.3,2,5
2021-06-18 09:52:46,S,1083.15,1,4
2021-06-18 09:52:46,S,1083.2,1,11
2021-06-18 09:52:46,S,1083.5,1,12
2021-06-18 09:52:46,S,1083.95,2,6
2021-06-18 09:52:46,S,1084.0,1,85
2021-06-18 09:52:46,B,1081.05,1,4
2021-06-18 09:52:46,B,1081.0,1,22
2021-06-18 09:52:46,B,1080.8,2,5
2021-06-18 09:52:46,B,1080.35,1,1
2021-06-18 09:52:46,B,1080.3,2,5
2021-06-18 09:52:47,S,1083.15,1,4
2021-06-18 09:52:47,S,1083.2,1,11
2021-06-18 09:52:47,S,1083.5,2,13
2021-06-18 09:52:47,S,1083.95,3,12
2021-06-18 09:52:47,S,1084.0,1,85
2021-06-18 09:52:47,B,1081.05,2,5
2021-06-18 09:52:47,B,1081.0,2,23
2021-06-18 09:52:47,B,1080.8,2,5
2021-06-18 09:52:47,B,1080.35,1,1
2021-06-18 09:52:47,B,1080.3,2,5
2021-06-18 09:52:47,S,1083.15,1,4
2021-06-18 09:52:47,S,1083.2,1,11
2021-06-18 09:52:47,S,1083.5,2,13
2021-06-18 09:52:47,S,1083.95,3,12
2021-06-18 09:52:47,S,1084.0,1,85
2021-06-18 09:52:47,B,1081.05,2,5
2021-06-18 09:52:47,B,1081.0,2,23
2021-06-18 09:52:47,B,1080.8,2,5
2021-06-18 09:52:47,B,1080.35,1,1
2021-06-18 09:52:47,B,1080.3,2,5
2021-06-18 09:52:51,S,1083.15,1,4
2021-06-18 09:52:51,S,1083.2,2,12
2021-06-18 09:52:51,S,1083.5,2,13
2021-06-18 09:52:51,S,1083.55,1,5
2021-06-18 09:52:51,S,1083.6,1,4
2021-06-18 09:52:51,B,1081.05,2,5
2021-06-18 09:52:51,B,1081.0,2,23
2021-06-18 09:52:51,B,1080.8,2,5
2021-06-18 09:52:51,B,1080.3,2,5
2021-06-18 09:52:51,B,1080.05,2,11
2021-06-18 09:52:51,S,1083.15,1,4
2021-06-18 09:52:51,S,1083.2,2,12
2021-06-18 09:52:51,S,1083.5,2,13
2021-06-18 09:52:51,S,1083.55,1,5
2021-06-18 09:52:51,S,1083.6,1,4
2021-06-18 09:52:51,B,1081.05,2,5
2021-06-18 09:52:51,B,1081.0,2,23
2021-06-18 09:52:51,B,1080.8,2,5
2021-06-18 09:52:51,B,1080.3,2,5
2021-06-18 09:52:51,B,1080.05,2,11
2021-06-18 09:52:54,S,1083.15,1,4
2021-06-18 09:52:54,S,1083.2,1,11
2021-06-18 09:52:54,S,1083.5,2,13
2021-06-18 09:52:54,S,1083.55,2,18
2021-06-18 09:52:54,S,1083.6,1,4
2021-06-18 09:52:54,B,1081.3,1,4
2021-06-18 09:52:54,B,1081.25,2,6
2021-06-18 09:52:54,B,1081.05,1,1
2021-06-18 09:52:54,B,1081.0,2,23
2021-06-18 09:52:54,B,1080.8,2,5
2021-06-18 09:52:54,S,1083.15,1,4
2021-06-18 09:52:54,S,1083.2,1,11
2021-06-18 09:52:54,S,1083.5,2,13
2021-06-18 09:52:54,S,1083.55,2,18
2021-06-18 09:52:54,S,1083.6,1,4
2021-06-18 09:52:54,B,1081.3,1,4
2021-06-18 09:52:54,B,1081.25,2,6
2021-06-18 09:52:54,B,1081.05,1,1
2021-06-18 09:52:54,B,1081.0,2,23
2021-06-18 09:52:54,B,1080.8,2,5
2021-06-18 09:52:57,S,1083.15,1,4
2021-06-18 09:52:57,S,1083.2,1,11
2021-06-18 09:52:57,S,1083.5,2,13
2021-06-18 09:52:57,S,1083.55,2,18
2021-06-18 09:52:57,S,1083.6,1,4
2021-06-18 09:52:57,B,1081.3,1,4
2021-06-18 09:52:57,B,1081.25,2,6
2021-06-18 09:52:57,B,1081.05,1,1
2021-06-18 09:52:57,B,1081.0,2,23
2021-06-18 09:52:57,B,1080.8,2,5
2021-06-18 09:52:57,S,1083.15,1,4
2021-06-18 09:52:57,S,1083.2,1,11
2021-06-18 09:52:57,S,1083.5,2,13
2021-06-18 09:52:57,S,1083.55,2,18
2021-06-18 09:52:57,S,1083.6,1,4
2021-06-18 09:52:57,B,1081.3,1,4
2021-06-18 09:52:57,B,1081.25,2,6
2021-06-18 09:52:57,B,1081.05,1,1
2021-06-18 09:52:57,B,1081.0,2,23
2021-06-18 09:52:57,B,1080.8,2,5
2021-06-18 09:52:57,S,1083.25,1,4
2021-06-18 09:52:57,S,1083.3,1,7
2021-06-18 09:52:57,S,1083.35,1,1
2021-06-18 09:52:57,S,1083.45,1,1
2021-06-18 09:52:57,S,1083.5,1,1
2021-06-18 09:52:57,B,1081.0,2,117
2021-06-18 09:52:57,B,1080.1,2,8
2021-06-18 09:52:57,B,1080.05,4,18
2021-06-18 09:52:57,B,1080.0,2,31
2021-06-18 09:52:57,B,1079.8,1,4
2021-06-18 09:52:57,S,1083.25,1,4
2021-06-18 09:52:57,S,1083.3,1,7
2021-06-18 09:52:57,S,1083.35,1,1
2021-06-18 09:52:57,S,1083.45,1,1
2021-06-18 09:52:57,S,1083.5,1,1
2021-06-18 09:52:57,B,1081.0,2,117
2021-06-18 09:52:57,B,1080.1,2,8
2021-06-18 09:52:57,B,1080.05,4,18
2021-06-18 09:52:57,B,1080.0,2,31
2021-06-18 09:52:57,B,1079.8,1,4
2021-06-18 09:53:01,S,1083.75,1,4
2021-06-18 09:53:01,S,1083.8,1,12
2021-06-18 09:53:01,S,1083.95,1,9
2021-06-18 09:53:01,S,1084.0,1,85
2021-06-18 09:53:01,S,1084.5,1,5
2021-06-18 09:53:01,B,1081.35,2,6
2021-06-18 09:53:01,B,1081.2,2,6
2021-06-18 09:53:01,B,1081.15,2,5
2021-06-18 09:53:01,B,1081.1,2,26
2021-06-18 09:53:01,B,1081.05,2,7
2021-06-18 09:53:01,S,1083.75,1,4
2021-06-18 09:53:01,S,1083.8,1,12
2021-06-18 09:53:01,S,1083.95,1,9
2021-06-18 09:53:01,S,1084.0,1,85
2021-06-18 09:53:01,S,1084.5,1,5
2021-06-18 09:53:01,B,1081.35,2,6
2021-06-18 09:53:01,B,1081.2,2,6
2021-06-18 09:53:01,B,1081.15,2,5
2021-06-18 09:53:01,B,1081.1,2,26
2021-06-18 09:53:01,B,1081.05,2,7
2021-06-18 09:53:03,S,1083.75,1,4
2021-06-18 09:53:03,S,1083.8,1,12
2021-06-18 09:53:03,S,1083.95,1,9
2021-06-18 09:53:03,S,1084.0,1,85
2021-06-18 09:53:03,S,1084.5,1,5
2021-06-18 09:53:03,B,1081.35,2,6
2021-06-18 09:53:03,B,1081.2,2,6
2021-06-18 09:53:03,B,1081.15,2,5
2021-06-18 09:53:03,B,1081.1,2,26
2021-06-18 09:53:03,B,1081.05,2,7
2021-06-18 09:53:03,S,1083.75,1,4
2021-06-18 09:53:03,S,1083.8,1,12
2021-06-18 09:53:03,S,1083.95,1,9
2021-06-18 09:53:03,S,1084.0,1,85
2021-06-18 09:53:03,S,1084.5,1,5
2021-06-18 09:53:03,B,1081.35,2,6
2021-06-18 09:53:03,B,1081.2,2,6
2021-06-18 09:53:03,B,1081.15,2,5
2021-06-18 09:53:03,B,1081.1,2,26
2021-06-18 09:53:03,B,1081.05,2,7
2021-06-18 09:53:03,S,1083.75,1,4
2021-06-18 09:53:03,S,1083.8,1,12
2021-06-18 09:53:03,S,1083.95,1,9
2021-06-18 09:53:03,S,1084.0,1,85
2021-06-18 09:53:03,S,1084.5,1,5
2021-06-18 09:53:03,B,1081.35,2,6
2021-06-18 09:53:03,B,1081.2,2,6
2021-06-18 09:53:03,B,1081.15,2,5
2021-06-18 09:53:03,B,1081.1,2,26
2021-06-18 09:53:03,B,1081.05,2,7
2021-06-18 09:53:03,S,1083.75,1,4
2021-06-18 09:53:03,S,1083.8,1,12
2021-06-18 09:53:03,S,1083.95,1,9
2021-06-18 09:53:03,S,1084.0,1,85
2021-06-18 09:53:03,S,1084.5,1,5
2021-06-18 09:53:03,B,1081.35,2,6
2021-06-18 09:53:03,B,1081.2,2,6
2021-06-18 09:53:03,B,1081.15,2,5
2021-06-18 09:53:03,B,1081.1,2,26
2021-06-18 09:53:03,B,1081.05,2,7
2021-06-18 09:53:04,S,1085.9,2,2
2021-06-18 09:53:04,S,1086.0,1,2
2021-06-18 09:53:04,S,1086.05,1,1
2021-06-18 09:53:04,S,1086.1,1,1
2021-06-18 09:53:04,S,1086.15,2,2
2021-06-18 09:53:04,B,1084.1,1,4
2021-06-18 09:53:04,B,1084.05,1,1
2021-06-18 09:53:04,B,1084.0,1,5
2021-06-18 09:53:04,B,1082.5,2,12
2021-06-18 09:53:04,B,1082.45,2,13
2021-06-18 09:53:04,S,1085.9,2,2
2021-06-18 09:53:04,S,1086.0,1,2
2021-06-18 09:53:04,S,1086.05,1,1
2021-06-18 09:53:04,S,1086.1,1,1
2021-06-18 09:53:04,S,1086.15,2,2
2021-06-18 09:53:04,B,1084.1,1,4
2021-06-18 09:53:04,B,1084.05,1,1
2021-06-18 09:53:04,B,1084.0,1,5
2021-06-18 09:53:04,B,1082.5,2,12
2021-06-18 09:53:04,B,1082.45,2,13
2021-06-18 09:53:06,S,1085.9,2,2
2021-06-18 09:53:06,S,1086.0,1,2
2021-06-18 09:53:06,S,1086.05,1,1
2021-06-18 09:53:06,S,1086.1,1,1
2021-06-18 09:53:06,S,1086.15,2,2
2021-06-18 09:53:06,B,1084.1,1,4
2021-06-18 09:53:06,B,1084.05,1,1
2021-06-18 09:53:06,B,1084.0,1,5
2021-06-18 09:53:06,B,1082.5,2,12
2021-06-18 09:53:06,B,1082.45,2,13
2021-06-18 09:53:06,S,1085.9,2,2
2021-06-18 09:53:06,S,1086.0,1,2
2021-06-18 09:53:06,S,1086.05,1,1
2021-06-18 09:53:06,S,1086.1,1,1
2021-06-18 09:53:06,S,1086.15,2,2
2021-06-18 09:53:06,B,1084.1,1,4
2021-06-18 09:53:06,B,1084.05,1,1
2021-06-18 09:53:06,B,1084.0,1,5
2021-06-18 09:53:06,B,1082.5,2,12
2021-06-18 09:53:06,B,1082.45,2,13
2021-06-18 09:53:08,S,1085.8,2,7
2021-06-18 09:53:08,S,1085.85,2,5
2021-06-18 09:53:08,S,1085.9,2,2
2021-06-18 09:53:08,S,1086.05,2,2
2021-06-18 09:53:08,S,1086.1,2,2
2021-06-18 09:53:08,B,1083.8,2,5
2021-06-18 09:53:08,B,1083.75,1,2
2021-06-18 09:53:08,B,1083.3,1,5
2021-06-18 09:53:08,B,1082.95,1,6
2021-06-18 09:53:08,B,1082.8,1,3
2021-06-18 09:53:08,S,1085.8,2,7
2021-06-18 09:53:08,S,1085.85,2,5
2021-06-18 09:53:08,S,1085.9,2,2
2021-06-18 09:53:08,S,1086.05,2,2
2021-06-18 09:53:08,S,1086.1,2,2
2021-06-18 09:53:08,B,1083.8,2,5
2021-06-18 09:53:08,B,1083.75,1,2
2021-06-18 09:53:08,B,1083.3,1,5
2021-06-18 09:53:08,B,1082.95,1,6
2021-06-18 09:53:08,B,1082.8,1,3
2021-06-18 09:53:10,S,1085.8,2,7
2021-06-18 09:53:10,S,1085.85,2,5
2021-06-18 09:53:10,S,1085.9,2,2
2021-06-18 09:53:10,S,1086.05,2,2
2021-06-18 09:53:10,S,1086.1,2,2
2021-06-18 09:53:10,B,1083.8,2,5
2021-06-18 09:53:10,B,1083.75,1,2
2021-06-18 09:53:10,B,1083.3,1,5
2021-06-18 09:53:10,B,1082.95,1,6
2021-06-18 09:53:10,B,1082.8,1,3
2021-06-18 09:53:10,S,1085.8,2,7
2021-06-18 09:53:10,S,1085.85,2,5
2021-06-18 09:53:10,S,1085.9,2,2
2021-06-18 09:53:10,S,1086.05,2,2
2021-06-18 09:53:10,S,1086.1,2,2
2021-06-18 09:53:10,B,1083.8,2,5
2021-06-18 09:53:10,B,1083.75,1,2
2021-06-18 09:53:10,B,1083.3,1,5
2021-06-18 09:53:10,B,1082.95,1,6
2021-06-18 09:53:10,B,1082.8,1,3
2021-06-18 09:53:12,S,1081.9,1,8
2021-06-18 09:53:12,S,1081.95,1,6
2021-06-18 09:53:12,S,1082.0,1,1219
2021-06-18 09:53:12,S,1085.75,1,4
2021-06-18 09:53:12,S,1085.8,1,5
2021-06-18 09:53:12,B,1081.85,1,6
2021-06-18 09:53:12,B,1081.8,1,8
2021-06-18 09:53:12,B,1081.35,1,1
2021-06-18 09:53:12,B,1081.15,1,1
2021-06-18 09:53:12,B,1081.1,2,26
2021-06-18 09:53:12,S,1081.9,1,8
2021-06-18 09:53:12,S,1081.95,1,6
2021-06-18 09:53:12,S,1082.0,1,1219
2021-06-18 09:53:12,S,1085.75,1,4
2021-06-18 09:53:12,S,1085.8,1,5
2021-06-18 09:53:12,B,1081.85,1,6
2021-06-18 09:53:12,B,1081.8,1,8
2021-06-18 09:53:12,B,1081.35,1,1
2021-06-18 09:53:12,B,1081.15,1,1
2021-06-18 09:53:12,B,1081.1,2,26
2021-06-18 09:53:15,S,1084.35,2,8
2021-06-18 09:53:15,S,1084.4,2,6
2021-06-18 09:53:15,S,1084.9,1,1
2021-06-18 09:53:15,S,1084.95,2,7
2021-06-18 09:53:15,S,1085.1,1,5
2021-06-18 09:53:15,B,1082.3,1,6
2021-06-18 09:53:15,B,1082.25,1,2
2021-06-18 09:53:15,B,1081.65,1,4
2021-06-18 09:53:15,B,1081.15,1,4
2021-06-18 09:53:15,B,1081.05,1,6
2021-06-18 09:53:15,S,1084.35,2,8
2021-06-18 09:53:15,S,1084.4,2,6
2021-06-18 09:53:15,S,1084.9,1,1
2021-06-18 09:53:15,S,1084.95,2,7
2021-06-18 09:53:15,S,1085.1,1,5
2021-06-18 09:53:15,B,1082.3,1,6
2021-06-18 09:53:15,B,1082.25,1,2
2021-06-18 09:53:15,B,1081.65,1,4
2021-06-18 09:53:15,B,1081.15,1,4
2021-06-18 09:53:15,B,1081.05,1,6
2021-06-18 09:53:16,S,1084.35,2,8
2021-06-18 09:53:16,S,1084.4,2,6
2021-06-18 09:53:16,S,1084.9,1,1
2021-06-18 09:53:16,S,1084.95,2,7
2021-06-18 09:53:16,S,1085.1,1,5
2021-06-18 09:53:16,B,1082.3,1,6
2021-06-18 09:53:16,B,1082.25,1,2
2021-06-18 09:53:16,B,1081.65,1,4
2021-06-18 09:53:16,B,1081.15,1,4
2021-06-18 09:53:16,B,1081.05,1,6
2021-06-18 09:53:16,S,1084.35,2,8
2021-06-18 09:53:16,S,1084.4,2,6
2021-06-18 09:53:16,S,1084.9,1,1
2021-06-18 09:53:16,S,1084.95,2,7
2021-06-18 09:53:16,S,1085.1,1,5
2021-06-18 09:53:16,B,1082.3,1,6
2021-06-18 09:53:16,B,1082.25,1,2
2021-06-18 09:53:16,B,1081.65,1,4
2021-06-18 09:53:16,B,1081.15,1,4
2021-06-18 09:53:16,B,1081.05,1,6
2021-06-18 09:53:18,S,1084.35,2,8
2021-06-18 09:53:18,S,1084.4,2,6
2021-06-18 09:53:18,S,1084.9,1,1
2021-06-18 09:53:18,S,1084.95,2,7
2021-06-18 09:53:18,S,1085.1,1,5
2021-06-18 09:53:18,B,1082.3,1,6
2021-06-18 09:53:18,B,1082.25,1,2
2021-06-18 09:53:18,B,1081.65,1,4
2021-06-18 09:53:18,B,1081.15,1,4
2021-06-18 09:53:18,B,1081.05,1,6
2021-06-18 09:53:18,S,1084.35,2,8
2021-06-18 09:53:18,S,1084.4,2,6
2021-06-18 09:53:18,S,1084.9,1,1
2021-06-18 09:53:18,S,1084.95,2,7
2021-06-18 09:53:18,S,1085.1,1,5
2021-06-18 09:53:18,B,1082.3,1,6
2021-06-18 09:53:18,B,1082.25,1,2
2021-06-18 09:53:18,B,1081.65,1,4
2021-06-18 09:53:18,B,1081.15,1,4
2021-06-18 09:53:18,B,1081.05,1,6
2021-06-18 09:53:19,S,1084.75,1,4
2021-06-18 09:53:19,S,1084.8,2,12
2021-06-18 09:53:19,S,1084.95,2,4
2021-06-18 09:53:19,S,1085.0,2,3
2021-06-18 09:53:19,S,1085.05,1,12
2021-06-18 09:53:19,B,1082.1,2,5
2021-06-18 09:53:19,B,1081.9,2,12
2021-06-18 09:53:19,B,1081.85,1,5
2021-06-18 09:53:19,B,1081.4,1,5
2021-06-18 09:53:19,B,1081.25,1,6
2021-06-18 09:53:19,S,1084.75,1,4
2021-06-18 09:53:19,S,1084.8,2,12
2021-06-18 09:53:19,S,1084.95,2,4
2021-06-18 09:53:19,S,1085.0,2,3
2021-06-18 09:53:19,S,1085.05,1,12
2021-06-18 09:53:19,B,1082.1,2,5
2021-06-18 09:53:19,B,1081.9,2,12
2021-06-18 09:53:19,B,1081.85,1,5
2021-06-18 09:53:19,B,1081.4,1,5
2021-06-18 09:53:19,B,1081.25,1,6
2021-06-18 09:53:22,S,1083.8,1,4
2021-06-18 09:53:22,S,1083.85,1,11
2021-06-18 09:53:22,S,1084.15,2,13
2021-06-18 09:53:22,S,1084.35,2,5
2021-06-18 09:53:22,S,1084.45,1,12
2021-06-18 09:53:22,B,1082.1,1,4
2021-06-18 09:53:22,B,1081.9,2,12
2021-06-18 09:53:22,B,1081.25,1,6
2021-06-18 09:53:22,B,1081.15,1,20
2021-06-18 09:53:22,B,1081.0,4,117
2021-06-18 09:53:22,S,1083.8,1,4
2021-06-18 09:53:22,S,1083.85,1,11
2021-06-18 09:53:22,S,1084.15,2,13
2021-06-18 09:53:22,S,1084.35,2,5
2021-06-18 09:53:22,S,1084.45,1,12
2021-06-18 09:53:22,B,1082.1,1,4
2021-06-18 09:53:22,B,1081.9,2,12
2021-06-18 09:53:22,B,1081.25,1,6
2021-06-18 09:53:22,B,1081.15,1,20
2021-06-18 09:53:22,B,1081.0,4,117
2021-06-18 09:53:24,S,1083.8,1,4
2021-06-18 09:53:24,S,1083.85,1,11
2021-06-18 09:53:24,S,1084.15,2,13
2021-06-18 09:53:24,S,1084.35,2,5
2021-06-18 09:53:24,S,1084.45,1,12
2021-06-18 09:53:24,B,1082.1,1,4
2021-06-18 09:53:24,B,1081.9,2,12
2021-06-18 09:53:24,B,1081.25,1,6
2021-06-18 09:53:24,B,1081.15,1,20
2021-06-18 09:53:24,B,1081.0,4,117
2021-06-18 09:53:24,S,1083.8,1,4
2021-06-18 09:53:24,S,1083.85,1,11
2021-06-18 09:53:24,S,1084.15,2,13
2021-06-18 09:53:24,S,1084.35,2,5
2021-06-18 09:53:24,S,1084.45,1,12
2021-06-18 09:53:24,B,1082.1,1,4
2021-06-18 09:53:24,B,1081.9,2,12
2021-06-18 09:53:24,B,1081.25,1,6
2021-06-18 09:53:24,B,1081.15,1,20
2021-06-18 09:53:24,B,1081.0,4,117
2021-06-18 09:53:25,S,1083.05,1,5
2021-06-18 09:53:25,S,1083.4,1,4
2021-06-18 09:53:25,S,1083.45,2,5
2021-06-18 09:53:25,S,1083.8,2,7
2021-06-18 09:53:25,S,1083.85,2,12
2021-06-18 09:53:25,B,1081.35,3,10
2021-06-18 09:53:25,B,1081.3,1,1
2021-06-18 09:53:25,B,1081.15,1,20
2021-06-18 09:53:25,B,1081.0,4,117
2021-06-18 09:53:25,B,1080.4,2,8
2021-06-18 09:53:25,S,1083.05,1,5
2021-06-18 09:53:25,S,1083.4,1,4
2021-06-18 09:53:25,S,1083.45,2,5
2021-06-18 09:53:25,S,1083.8,2,7
2021-06-18 09:53:25,S,1083.85,2,12
2021-06-18 09:53:25,B,1081.35,3,10
2021-06-18 09:53:25,B,1081.3,1,1
2021-06-18 09:53:25,B,1081.15,1,20
2021-06-18 09:53:25,B,1081.0,4,117
2021-06-18 09:53:25,B,1080.4,2,8
2021-06-18 09:53:28,S,1083.05,1,5
2021-06-18 09:53:28,S,1083.4,1,4
2021-06-18 09:53:28,S,1083.45,1,4
2021-06-18 09:53:28,S,1083.8,2,7
2021-06-18 09:53:28,S,1083.85,2,12
2021-06-18 09:53:28,B,1081.4,1,5
2021-06-18 09:53:28,B,1081.35,3,10
2021-06-18 09:53:28,B,1081.3,1,92
2021-06-18 09:53:28,B,1081.2,1,7
2021-06-18 09:53:28,B,1081.15,2,21
2021-06-18 09:53:28,S,1083.05,1,5
2021-06-18 09:53:28,S,1083.4,1,4
2021-06-18 09:53:28,S,1083.45,1,4
2021-06-18 09:53:28,S,1083.8,2,7
2021-06-18 09:53:28,S,1083.85,2,12
2021-06-18 09:53:28,B,1081.4,1,5
2021-06-18 09:53:28,B,1081.35,3,10
2021-06-18 09:53:28,B,1081.3,1,92
2021-06-18 09:53:28,B,1081.2,1,7
2021-06-18 09:53:28,B,1081.15,2,21
2021-06-18 09:53:32,S,1083.7,1,4
2021-06-18 09:53:32,S,1083.75,1,7
2021-06-18 09:53:32,S,1083.95,2,8
2021-06-18 09:53:32,S,1084.0,2,247
2021-06-18 09:53:32,S,1084.3,1,4
2021-06-18 09:53:32,B,1082.15,1,4
2021-06-18 09:53:32,B,1082.1,1,3
2021-06-18 09:53:32,B,1082.0,1,5
2021-06-18 09:53:32,B,1081.85,1,7
2021-06-18 09:53:32,B,1081.5,2,11
2021-06-18 09:53:32,S,1083.7,1,4
2021-06-18 09:53:32,S,1083.75,1,7
2021-06-18 09:53:32,S,1083.95,2,8
2021-06-18 09:53:32,S,1084.0,2,247
2021-06-18 09:53:32,S,1084.3,1,4
2021-06-18 09:53:32,B,1082.15,1,4
2021-06-18 09:53:32,B,1082.1,1,3
2021-06-18 09:53:32,B,1082.0,1,5
2021-06-18 09:53:32,B,1081.85,1,7
2021-06-18 09:53:32,B,1081.5,2,11
2021-06-18 09:53:35,S,1083.7,1,4
2021-06-18 09:53:35,S,1083.75,1,7
2021-06-18 09:53:35,S,1083.95,2,8
2021-06-18 09:53:35,S,1084.0,2,247
2021-06-18 09:53:35,S,1084.3,1,4
2021-06-18 09:53:35,B,1082.15,1,4
2021-06-18 09:53:35,B,1082.1,1,3
2021-06-18 09:53:35,B,1082.0,1,5
2021-06-18 09:53:35,B,1081.9,1,5
2021-06-18 09:53:35,B,1081.85,1,7
2021-06-18 09:53:35,S,1083.7,1,4
2021-06-18 09:53:35,S,1083.75,1,7
2021-06-18 09:53:35,S,1083.95,2,8
2021-06-18 09:53:35,S,1084.0,2,247
2021-06-18 09:53:35,S,1084.3,1,4
2021-06-18 09:53:35,B,1082.15,1,4
2021-06-18 09:53:35,B,1082.1,1,3
2021-06-18 09:53:35,B,1082.0,1,5
2021-06-18 09:53:35,B,1081.9,1,5
2021-06-18 09:53:35,B,1081.85,1,7
2021-06-18 09:53:38,S,1083.75,1,1
2021-06-18 09:53:38,S,1083.95,2,8
2021-06-18 09:53:38,S,1084.0,3,248
2021-06-18 09:53:38,S,1084.45,1,10
2021-06-18 09:53:38,S,1084.5,1,4
2021-06-18 09:53:38,B,1082.4,1,13
2021-06-18 09:53:38,B,1082.35,1,5
2021-06-18 09:53:38,B,1082.05,1,4
2021-06-18 09:53:38,B,1082.0,1,5
2021-06-18 09:53:38,B,1081.85,1,7
2021-06-18 09:53:38,S,1083.75,1,1
2021-06-18 09:53:38,S,1083.95,2,8
2021-06-18 09:53:38,S,1084.0,3,248
2021-06-18 09:53:38,S,1084.45,1,10
2021-06-18 09:53:38,S,1084.5,1,4
2021-06-18 09:53:38,B,1082.4,1,13
2021-06-18 09:53:38,B,1082.35,1,5
2021-06-18 09:53:38,B,1082.05,1,4
2021-06-18 09:53:38,B,1082.0,1,5
2021-06-18 09:53:38,B,1081.85,1,7
2021-06-18 09:53:42,S,1083.75,1,1
2021-06-18 09:53:42,S,1083.95,2,8
2021-06-18 09:53:42,S,1084.0,3,248
2021-06-18 09:53:42,S,1084.15,1,5
2021-06-18 09:53:42,S,1084.5,1,4
2021-06-18 09:53:42,B,1082.45,1,5
2021-06-18 09:53:42,B,1082.4,1,13
2021-06-18 09:53:42,B,1082.05,1,4
2021-06-18 09:53:42,B,1082.0,1,5
2021-06-18 09:53:42,B,1081.85,1,7
2021-06-18 09:53:42,S,1083.75,1,1
2021-06-18 09:53:42,S,1083.95,2,8
2021-06-18 09:53:42,S,1084.0,3,248
2021-06-18 09:53:42,S,1084.15,1,5
2021-06-18 09:53:42,S,1084.5,1,4
2021-06-18 09:53:42,B,1082.45,1,5
2021-06-18 09:53:42,B,1082.4,1,13
2021-06-18 09:53:42,B,1082.05,1,4
2021-06-18 09:53:42,B,1082.0,1,5
2021-06-18 09:53:42,B,1081.85,1,7
2021-06-18 09:53:42,S,1083.75,1,1
2021-06-18 09:53:42,S,1083.95,2,8
2021-06-18 09:53:42,S,1084.0,3,248
2021-06-18 09:53:42,S,1084.15,1,5
2021-06-18 09:53:42,S,1084.5,1,4
2021-06-18 09:53:42,B,1082.45,1,5
2021-06-18 09:53:42,B,1082.4,1,13
2021-06-18 09:53:42,B,1082.05,1,4
2021-06-18 09:53:42,B,1082.0,1,5
2021-06-18 09:53:42,B,1081.85,1,7
2021-06-18 09:53:42,S,1083.75,1,1
2021-06-18 09:53:42,S,1083.95,2,8
2021-06-18 09:53:42,S,1084.0,3,248
2021-06-18 09:53:42,S,1084.15,1,5
2021-06-18 09:53:42,S,1084.5,1,4
2021-06-18 09:53:42,B,1082.45,1,5
2021-06-18 09:53:42,B,1082.4,1,13
2021-06-18 09:53:42,B,1082.05,1,4
2021-06-18 09:53:42,B,1082.0,1,5
2021-06-18 09:53:42,B,1081.85,1,7
2021-06-18 09:53:48,S,1084.0,2,208
2021-06-18 09:53:48,S,1084.8,2,6
2021-06-18 09:53:48,S,1085.2,3,8
2021-06-18 09:53:48,S,1085.35,1,10
2021-06-18 09:53:48,S,1085.4,1,6
2021-06-18 09:53:48,B,1082.95,1,5
2021-06-18 09:53:48,B,1082.85,1,13
2021-06-18 09:53:48,B,1082.55,1,4
2021-06-18 09:53:48,B,1082.5,1,27
2021-06-18 09:53:48,B,1082.1,1,7
2021-06-18 09:53:48,S,1084.0,2,208
2021-06-18 09:53:48,S,1084.8,2,6
2021-06-18 09:53:48,S,1085.2,3,8
2021-06-18 09:53:48,S,1085.35,1,10
2021-06-18 09:53:48,S,1085.4,1,6
2021-06-18 09:53:48,B,1082.95,1,5
2021-06-18 09:53:48,B,1082.85,1,13
2021-06-18 09:53:48,B,1082.55,1,4
2021-06-18 09:53:48,B,1082.5,1,27
2021-06-18 09:53:48,B,1082.1,1,7
2021-06-18 09:53:51,S,1084.0,2,208
2021-06-18 09:53:51,S,1084.8,2,6
2021-06-18 09:53:51,S,1085.2,3,8
2021-06-18 09:53:51,S,1085.35,1,10
2021-06-18 09:53:51,S,1085.4,1,6
2021-06-18 09:53:51,B,1082.85,1,13
2021-06-18 09:53:51,B,1082.7,1,5
2021-06-18 09:53:51,B,1082.1,1,4
2021-06-18 09:53:51,B,1082.05,1,4
2021-06-18 09:53:51,B,1082.0,1,5
2021-06-18 09:53:51,S,1084.0,2,208
2021-06-18 09:53:51,S,1084.8,2,6
2021-06-18 09:53:51,S,1085.2,3,8
2021-06-18 09:53:51,S,1085.35,1,10
2021-06-18 09:53:51,S,1085.4,1,6
2021-06-18 09:53:51,B,1082.85,1,13
2021-06-18 09:53:51,B,1082.7,1,5
2021-06-18 09:53:51,B,1082.1,1,4
2021-06-18 09:53:51,B,1082.05,1,4
2021-06-18 09:53:51,B,1082.0,1,5
2021-06-18 09:53:55,S,1084.0,2,208
2021-06-18 09:53:55,S,1084.8,1,1
2021-06-18 09:53:55,S,1085.2,2,5
2021-06-18 09:53:55,S,1085.35,1,10
2021-06-18 09:53:55,S,1085.5,1,3
2021-06-18 09:53:55,B,1082.85,1,13
2021-06-18 09:53:55,B,1082.7,1,5
2021-06-18 09:53:55,B,1082.1,1,4
2021-06-18 09:53:55,B,1082.05,1,4
2021-06-18 09:53:55,B,1082.0,1,5
2021-06-18 09:53:55,S,1084.0,2,208
2021-06-18 09:53:55,S,1084.8,1,1
2021-06-18 09:53:55,S,1085.2,2,5
2021-06-18 09:53:55,S,1085.35,1,10
2021-06-18 09:53:55,S,1085.5,1,3
2021-06-18 09:53:55,B,1082.85,1,13
2021-06-18 09:53:55,B,1082.7,1,5
2021-06-18 09:53:55,B,1082.1,1,4
2021-06-18 09:53:55,B,1082.05,1,4
2021-06-18 09:53:55,B,1082.0,1,5
2021-06-18 09:53:58,S,1084.0,3,210
2021-06-18 09:53:58,S,1084.45,1,5
2021-06-18 09:53:58,S,1084.7,1,4
2021-06-18 09:53:58,S,1085.05,1,6
2021-06-18 09:53:58,S,1085.1,1,27
2021-06-18 09:53:58,B,1082.85,1,13
2021-06-18 09:53:58,B,1082.7,1,5
2021-06-18 09:53:58,B,1082.1,1,4
2021-06-18 09:53:58,B,1082.05,1,4
2021-06-18 09:53:58,B,1082.0,1,5
2021-06-18 09:53:58,S,1084.0,3,210
2021-06-18 09:53:58,S,1084.45,1,5
2021-06-18 09:53:58,S,1084.7,1,4
2021-06-18 09:53:58,S,1085.05,1,6
2021-06-18 09:53:58,S,1085.1,1,27
2021-06-18 09:53:58,B,1082.85,1,13
2021-06-18 09:53:58,B,1082.7,1,5
2021-06-18 09:53:58,B,1082.1,1,4
2021-06-18 09:53:58,B,1082.05,1,4
2021-06-18 09:53:58,B,1082.0,1,5
2021-06-18 09:54:03,S,1084.0,3,210
2021-06-18 09:54:03,S,1084.45,1,5
2021-06-18 09:54:03,S,1084.7,1,4
2021-06-18 09:54:03,S,1085.05,1,6
2021-06-18 09:54:03,S,1085.1,1,27
2021-06-18 09:54:03,B,1082.85,1,13
2021-06-18 09:54:03,B,1082.7,1,5
2021-06-18 09:54:03,B,1082.1,1,4
2021-06-18 09:54:03,B,1082.05,1,4
2021-06-18 09:54:03,B,1082.0,1,5
2021-06-18 09:54:03,S,1084.0,3,210
2021-06-18 09:54:03,S,1084.45,1,5
2021-06-18 09:54:03,S,1084.7,1,4
2021-06-18 09:54:03,S,1085.05,1,6
2021-06-18 09:54:03,S,1085.1,1,27
2021-06-18 09:54:03,B,1082.85,1,13
2021-06-18 09:54:03,B,1082.7,1,5
2021-06-18 09:54:03,B,1082.1,1,4
2021-06-18 09:54:03,B,1082.05,1,4
2021-06-18 09:54:03,B,1082.0,1,5
2021-06-18 09:54:05,S,1083.55,1,4
2021-06-18 09:54:05,S,1083.6,1,7
2021-06-18 09:54:05,S,1083.65,1,1
2021-06-18 09:54:05,S,1083.7,2,8
2021-06-18 09:54:05,S,1083.8,1,7
2021-06-18 09:54:05,B,1081.65,1,4
2021-06-18 09:54:05,B,1081.6,2,20
2021-06-18 09:54:05,B,1081.4,2,8
2021-06-18 09:54:05,B,1081.35,2,8
2021-06-18 09:54:05,B,1081.3,1,92
2021-06-18 09:54:05,S,1083.55,1,4
2021-06-18 09:54:05,S,1083.6,1,7
2021-06-18 09:54:05,S,1083.65,1,1
2021-06-18 09:54:05,S,1083.7,2,8
2021-06-18 09:54:05,S,1083.8,1,7
2021-06-18 09:54:05,B,1081.65,1,4
2021-06-18 09:54:05,B,1081.6,2,20
2021-06-18 09:54:05,B,1081.4,2,8
2021-06-18 09:54:05,B,1081.35,2,8
2021-06-18 09:54:05,B,1081.3,1,92
2021-06-18 09:54:07,S,1083.55,1,4
2021-06-18 09:54:07,S,1083.6,1,7
2021-06-18 09:54:07,S,1083.65,1,1
2021-06-18 09:54:07,S,1083.7,2,8
2021-06-18 09:54:07,S,1083.8,1,7
2021-06-18 09:54:07,B,1081.65,1,4
2021-06-18 09:54:07,B,1081.6,2,20
2021-06-18 09:54:07,B,1081.4,2,8
2021-06-18 09:54:07,B,1081.35,2,8
2021-06-18 09:54:07,B,1081.3,1,92
2021-06-18 09:54:07,S,1083.55,1,4
2021-06-18 09:54:07,S,1083.6,1,7
2021-06-18 09:54:07,S,1083.65,1,1
2021-06-18 09:54:07,S,1083.7,2,8
2021-06-18 09:54:07,S,1083.8,1,7
2021-06-18 09:54:07,B,1081.65,1,4
2021-06-18 09:54:07,B,1081.6,2,20
2021-06-18 09:54:07,B,1081.4,2,8
2021-06-18 09:54:07,B,1081.35,2,8
2021-06-18 09:54:07,B,1081.3,1,92
2021-06-18 09:54:08,S,1083.55,2,5
2021-06-18 09:54:08,S,1083.6,1,7
2021-06-18 09:54:08,S,1083.7,1,7
2021-06-18 09:54:08,S,1083.8,1,7
2021-06-18 09:54:08,S,1083.85,1,10
2021-06-18 09:54:08,B,1081.65,1,4
2021-06-18 09:54:08,B,1081.6,2,20
2021-06-18 09:54:08,B,1081.4,2,8
2021-06-18 09:54:08,B,1081.35,2,8
2021-06-18 09:54:08,B,1081.3,1,92
2021-06-18 09:54:08,S,1083.55,2,5
2021-06-18 09:54:08,S,1083.6,1,7
2021-06-18 09:54:08,S,1083.7,1,7
2021-06-18 09:54:08,S,1083.8,1,7
2021-06-18 09:54:08,S,1083.85,1,10
2021-06-18 09:54:08,B,1081.65,1,4
2021-06-18 09:54:08,B,1081.6,2,20
2021-06-18 09:54:08,B,1081.4,2,8
2021-06-18 09:54:08,B,1081.35,2,8
2021-06-18 09:54:08,B,1081.3,1,92
2021-06-18 09:54:11,S,1083.0,1,8
2021-06-18 09:54:11,S,1083.15,1,1
2021-06-18 09:54:11,S,1083.2,1,5
2021-06-18 09:54:11,S,1083.55,1,4
2021-06-18 09:54:11,S,1083.6,1,7
2021-06-18 09:54:11,B,1081.45,1,4
2021-06-18 09:54:11,B,1081.4,2,8
2021-06-18 09:54:11,B,1081.35,2,8
2021-06-18 09:54:11,B,1081.3,1,92
2021-06-18 09:54:11,B,1081.25,1,6
2021-06-18 09:54:11,S,1083.0,1,8
2021-06-18 09:54:11,S,1083.15,1,1
2021-06-18 09:54:11,S,1083.2,1,5
2021-06-18 09:54:11,S,1083.55,1,4
2021-06-18 09:54:11,S,1083.6,1,7
2021-06-18 09:54:11,B,1081.45,1,4
2021-06-18 09:54:11,B,1081.4,2,8
2021-06-18 09:54:11,B,1081.35,2,8
2021-06-18 09:54:11,B,1081.3,1,92
2021-06-18 09:54:11,B,1081.25,1,6
2021-06-18 09:54:14,S,1082.85,1,8
2021-06-18 09:54:14,S,1082.9,1,5
2021-06-18 09:54:14,S,1083.5,1,1
2021-06-18 09:54:14,S,1083.55,1,4
2021-06-18 09:54:14,S,1083.6,1,7
2021-06-18 09:54:14,B,1081.45,1,4
2021-06-18 09:54:14,B,1081.4,2,8
2021-06-18 09:54:14,B,1081.35,2,8
2021-06-18 09:54:14,B,1081.3,1,92
2021-06-18 09:54:14,B,1081.2,1,5
2021-06-18 09:54:14,S,1082.85,1,8
2021-06-18 09:54:14,S,1082.9,1,5
2021-06-18 09:54:14,S,1083.5,1,1
2021-06-18 09:54:14,S,1083.55,1,4
2021-06-18 09:54:14,S,1083.6,1,7
2021-06-18 09:54:14,B,1081.45,1,4
2021-06-18 09:54:14,B,1081.4,2,8
2021-06-18 09:54:14,B,1081.35,2,8
2021-06-18 09:54:14,B,1081.3,1,92
2021-06-18 09:54:14,B,1081.2,1,5
2021-06-18 09:54:16,S,1082.85,1,8
2021-06-18 09:54:16,S,1082.9,1,5
2021-06-18 09:54:16,S,1083.5,1,1
2021-06-18 09:54:16,S,1083.55,1,4
2021-06-18 09:54:16,S,1083.6,1,7
2021-06-18 09:54:16,B,1081.45,1,4
2021-06-18 09:54:16,B,1081.4,2,8
2021-06-18 09:54:16,B,1081.35,2,8
2021-06-18 09:54:16,B,1081.3,1,92
2021-06-18 09:54:16,B,1081.2,1,5
2021-06-18 09:54:16,S,1082.85,1,8
2021-06-18 09:54:16,S,1082.9,1,5
2021-06-18 09:54:16,S,1083.5,1,1
2021-06-18 09:54:16,S,1083.55,1,4
2021-06-18 09:54:16,S,1083.6,1,7
2021-06-18 09:54:16,B,1081.45,1,4
2021-06-18 09:54:16,B,1081.4,2,8
2021-06-18 09:54:16,B,1081.35,2,8
2021-06-18 09:54:16,B,1081.3,1,92
2021-06-18 09:54:16,B,1081.2,1,5
2021-06-18 09:54:18,S,1083.5,1,1
2021-06-18 09:54:18,S,1083.55,1,4
2021-06-18 09:54:18,S,1083.6,1,7
2021-06-18 09:54:18,S,1083.7,1,7
2021-06-18 09:54:18,S,1083.8,1,7
2021-06-18 09:54:18,B,1082.15,1,4
2021-06-18 09:54:18,B,1082.1,2,6
2021-06-18 09:54:18,B,1082.0,2,3
2021-06-18 09:54:18,B,1081.95,2,351
2021-06-18 09:54:18,B,1081.5,1,5
2021-06-18 09:54:18,S,1083.5,1,1
2021-06-18 09:54:18,S,1083.55,1,4
2021-06-18 09:54:18,S,1083.6,1,7
2021-06-18 09:54:18,S,1083.7,1,7
2021-06-18 09:54:18,S,1083.8,1,7
2021-06-18 09:54:18,B,1082.15,1,4
2021-06-18 09:54:18,B,1082.1,2,6
2021-06-18 09:54:18,B,1082.0,2,3
2021-06-18 09:54:18,B,1081.95,2,351
2021-06-18 09:54:18,B,1081.5,1,5
2021-06-18 09:54:21,S,1083.5,1,1
2021-06-18 09:54:21,S,1083.55,1,4
2021-06-18 09:54:21,S,1083.6,1,7
2021-06-18 09:54:21,S,1083.7,1,7
2021-06-18 09:54:21,S,1083.8,1,7
2021-06-18 09:54:21,B,1082.3,1,5
2021-06-18 09:54:21,B,1082.15,2,5
2021-06-18 09:54:21,B,1082.1,1,1
2021-06-18 09:54:21,B,1082.0,2,3
2021-06-18 09:54:21,B,1081.95,2,351
2021-06-18 09:54:21,S,1083.5,1,1
2021-06-18 09:54:21,S,1083.55,1,4
2021-06-18 09:54:21,S,1083.6,1,7
2021-06-18 09:54:21,S,1083.7,1,7
2021-06-18 09:54:21,S,1083.8,1,7
2021-06-18 09:54:21,B,1082.3,1,5
2021-06-18 09:54:21,B,1082.15,2,5
2021-06-18 09:54:21,B,1082.1,1,1
2021-06-18 09:54:21,B,1082.0,2,3
2021-06-18 09:54:21,B,1081.95,2,351
2021-06-18 09:54:24,S,1083.5,2,501
2021-06-18 09:54:24,S,1083.6,1,7
2021-06-18 09:54:24,S,1083.7,2,8
2021-06-18 09:54:24,S,1083.8,1,7
2021-06-18 09:54:24,S,1083.9,1,6
2021-06-18 09:54:24,B,1082.25,1,7
2021-06-18 09:54:24,B,1082.2,1,8
2021-06-18 09:54:24,B,1082.1,2,12
2021-06-18 09:54:24,B,1082.05,1,4
2021-06-18 09:54:24,B,1082.0,1,2
2021-06-18 09:54:24,S,1083.5,2,501
2021-06-18 09:54:24,S,1083.6,1,7
2021-06-18 09:54:24,S,1083.7,2,8
2021-06-18 09:54:24,S,1083.8,1,7
2021-06-18 09:54:24,S,1083.9,1,6
2021-06-18 09:54:24,B,1082.25,1,7
2021-06-18 09:54:24,B,1082.2,1,8
2021-06-18 09:54:24,B,1082.1,2,12
2021-06-18 09:54:24,B,1082.05,1,4
2021-06-18 09:54:24,B,1082.0,1,2
2021-06-18 09:54:28,S,1083.5,2,501
2021-06-18 09:54:28,S,1083.6,1,7
2021-06-18 09:54:28,S,1083.7,2,8
2021-06-18 09:54:28,S,1083.8,1,7
2021-06-18 09:54:28,S,1083.9,1,6
2021-06-18 09:54:28,B,1082.25,1,7
2021-06-18 09:54:28,B,1082.2,1,8
2021-06-18 09:54:28,B,1082.1,1,7
2021-06-18 09:54:28,B,1082.05,1,4
2021-06-18 09:54:28,B,1082.0,1,2
2021-06-18 09:54:28,S,1083.5,2,501
2021-06-18 09:54:28,S,1083.6,1,7
2021-06-18 09:54:28,S,1083.7,2,8
2021-06-18 09:54:28,S,1083.8,1,7
2021-06-18 09:54:28,S,1083.9,1,6
2021-06-18 09:54:28,B,1082.25,1,7
2021-06-18 09:54:28,B,1082.2,1,8
2021-06-18 09:54:28,B,1082.1,1,7
2021-06-18 09:54:28,B,1082.05,1,4
2021-06-18 09:54:28,B,1082.0,1,2
2021-06-18 09:54:31,S,1083.35,1,5
2021-06-18 09:54:31,S,1083.4,1,1
2021-06-18 09:54:31,S,1083.45,1,1
2021-06-18 09:54:31,S,1083.5,2,501
2021-06-18 09:54:31,S,1083.6,1,7
2021-06-18 09:54:31,B,1082.25,1,7
2021-06-18 09:54:31,B,1082.2,1,8
2021-06-18 09:54:31,B,1082.1,1,7
2021-06-18 09:54:31,B,1082.05,1,4
2021-06-18 09:54:31,B,1082.0,1,2
2021-06-18 09:54:31,S,1083.35,1,5
2021-06-18 09:54:31,S,1083.4,1,1
2021-06-18 09:54:31,S,1083.45,1,1
2021-06-18 09:54:31,S,1083.5,2,501
2021-06-18 09:54:31,S,1083.6,1,7
2021-06-18 09:54:31,B,1082.25,1,7
2021-06-18 09:54:31,B,1082.2,1,8
2021-06-18 09:54:31,B,1082.1,1,7
2021-06-18 09:54:31,B,1082.05,1,4
2021-06-18 09:54:31,B,1082.0,1,2
2021-06-18 09:54:33,S,1083.35,1,5
2021-06-18 09:54:33,S,1083.4,1,1
2021-06-18 09:54:33,S,1083.45,1,1
2021-06-18 09:54:33,S,1083.5,2,501
2021-06-18 09:54:33,S,1083.6,1,7
2021-06-18 09:54:33,B,1082.25,1,7
2021-06-18 09:54:33,B,1082.2,1,8
2021-06-18 09:54:33,B,1082.1,1,7
2021-06-18 09:54:33,B,1082.05,1,4
2021-06-18 09:54:33,B,1082.0,1,2
2021-06-18 09:54:33,S,1083.35,1,5
2021-06-18 09:54:33,S,1083.4,1,1
2021-06-18 09:54:33,S,1083.45,1,1
2021-06-18 09:54:33,S,1083.5,2,501
2021-06-18 09:54:33,S,1083.6,1,7
2021-06-18 09:54:33,B,1082.25,1,7
2021-06-18 09:54:33,B,1082.2,1,8
2021-06-18 09:54:33,B,1082.1,1,7
2021-06-18 09:54:33,B,1082.05,1,4
2021-06-18 09:54:33,B,1082.0,1,2
2021-06-18 09:54:34,S,1083.0,2,14
2021-06-18 09:54:34,S,1083.3,1,1
2021-06-18 09:54:34,S,1083.35,2,6
2021-06-18 09:54:34,S,1083.4,1,4
2021-06-18 09:54:34,S,1083.45,2,8
2021-06-18 09:54:34,B,1082.25,1,1
2021-06-18 09:54:34,B,1082.2,1,8
2021-06-18 09:54:34,B,1082.0,1,4
2021-06-18 09:54:34,B,1081.95,1,350
2021-06-18 09:54:34,B,1081.3,1,92
2021-06-18 09:54:34,S,1083.0,2,14
2021-06-18 09:54:34,S,1083.3,1,1
2021-06-18 09:54:34,S,1083.35,2,6
2021-06-18 09:54:34,S,1083.4,1,4
2021-06-18 09:54:34,S,1083.45,2,8
2021-06-18 09:54:34,B,1082.25,1,1
2021-06-18 09:54:34,B,1082.2,1,8
2021-06-18 09:54:34,B,1082.0,1,4
2021-06-18 09:54:34,B,1081.95,1,350
2021-06-18 09:54:34,B,1081.3,1,92
2021-06-18 09:54:37,S,1083.0,2,14
2021-06-18 09:54:37,S,1083.3,1,1
2021-06-18 09:54:37,S,1083.35,2,6
2021-06-18 09:54:37,S,1083.4,1,4
2021-06-18 09:54:37,S,1083.45,2,8
2021-06-18 09:54:37,B,1082.25,1,1
2021-06-18 09:54:37,B,1082.2,1,8
2021-06-18 09:54:37,B,1082.0,1,4
2021-06-18 09:54:37,B,1081.95,1,350
2021-06-18 09:54:37,B,1081.3,1,92
2021-06-18 09:54:37,S,1083.0,2,14
2021-06-18 09:54:37,S,1083.3,1,1
2021-06-18 09:54:37,S,1083.35,2,6
2021-06-18 09:54:37,S,1083.4,1,4
2021-06-18 09:54:37,S,1083.45,2,8
2021-06-18 09:54:37,B,1082.25,1,1
2021-06-18 09:54:37,B,1082.2,1,8
2021-06-18 09:54:37,B,1082.0,1,4
2021-06-18 09:54:37,B,1081.95,1,350
2021-06-18 09:54:37,B,1081.3,1,92
2021-06-18 09:54:40,S,1083.0,1,13
2021-06-18 09:54:40,S,1083.35,2,2
2021-06-18 09:54:40,S,1083.4,2,5
2021-06-18 09:54:40,S,1083.45,2,8
2021-06-18 09:54:40,S,1083.5,2,501
2021-06-18 09:54:40,B,1082.25,1,1
2021-06-18 09:54:40,B,1082.2,1,8
2021-06-18 09:54:40,B,1082.0,2,284
2021-06-18 09:54:40,B,1081.95,1,350
2021-06-18 09:54:40,B,1081.3,1,92
2021-06-18 09:54:40,S,1083.0,1,13
2021-06-18 09:54:40,S,1083.35,2,2
2021-06-18 09:54:40,S,1083.4,2,5
2021-06-18 09:54:40,S,1083.45,2,8
2021-06-18 09:54:40,S,1083.5,2,501
2021-06-18 09:54:40,B,1082.25,1,1
2021-06-18 09:54:40,B,1082.2,1,8
2021-06-18 09:54:40,B,1082.0,2,284
2021-06-18 09:54:40,B,1081.95,1,350
2021-06-18 09:54:40,B,1081.3,1,92
2021-06-18 09:54:43,S,1083.0,1,13
2021-06-18 09:54:43,S,1083.35,2,2
2021-06-18 09:54:43,S,1083.4,2,5
2021-06-18 09:54:43,S,1083.45,2,8
2021-06-18 09:54:43,S,1083.5,2,501
2021-06-18 09:54:43,B,1082.25,1,1
2021-06-18 09:54:43,B,1082.2,1,8
2021-06-18 09:54:43,B,1082.0,2,284
2021-06-18 09:54:43,B,1081.95,1,350
2021-06-18 09:54:43,B,1081.3,1,92
2021-06-18 09:54:43,S,1083.0,1,13
2021-06-18 09:54:43,S,1083.35,2,2
2021-06-18 09:54:43,S,1083.4,2,5
2021-06-18 09:54:43,S,1083.45,2,8
2021-06-18 09:54:43,S,1083.5,2,501
2021-06-18 09:54:43,B,1082.25,1,1
2021-06-18 09:54:43,B,1082.2,1,8
2021-06-18 09:54:43,B,1082.0,2,284
2021-06-18 09:54:43,B,1081.95,1,350
2021-06-18 09:54:43,B,1081.3,1,92
2021-06-18 09:54:44,S,1083.0,1,8
2021-06-18 09:54:44,S,1083.35,1,1
2021-06-18 09:54:44,S,1083.4,1,4
2021-06-18 09:54:44,S,1083.45,1,7
2021-06-18 09:54:44,S,1083.5,1,500
2021-06-18 09:54:44,B,1082.25,1,1
2021-06-18 09:54:44,B,1082.2,1,8
2021-06-18 09:54:44,B,1082.0,2,284
2021-06-18 09:54:44,B,1081.95,1,350
2021-06-18 09:54:44,B,1081.8,1,5
2021-06-18 09:54:44,S,1083.0,1,8
2021-06-18 09:54:44,S,1083.35,1,1
2021-06-18 09:54:44,S,1083.4,1,4
2021-06-18 09:54:44,S,1083.45,1,7
2021-06-18 09:54:44,S,1083.5,1,500
2021-06-18 09:54:44,B,1082.25,1,1
2021-06-18 09:54:44,B,1082.2,1,8
2021-06-18 09:54:44,B,1082.0,2,284
2021-06-18 09:54:44,B,1081.95,1,350
2021-06-18 09:54:44,B,1081.8,1,5
2021-06-18 09:54:47,S,1083.0,1,8
2021-06-18 09:54:47,S,1083.4,2,5
2021-06-18 09:54:47,S,1083.45,1,7
2021-06-18 09:54:47,S,1083.5,1,500
2021-06-18 09:54:47,S,1084.0,3,207
2021-06-18 09:54:47,B,1082.25,1,1
2021-06-18 09:54:47,B,1082.2,1,8
2021-06-18 09:54:47,B,1082.0,2,284
2021-06-18 09:54:47,B,1081.95,1,350
2021-06-18 09:54:47,B,1081.8,1,5
2021-06-18 09:54:47,S,1083.0,1,8
2021-06-18 09:54:47,S,1083.4,2,5
2021-06-18 09:54:47,S,1083.45,1,7
2021-06-18 09:54:47,S,1083.5,1,500
2021-06-18 09:54:47,S,1084.0,3,207
2021-06-18 09:54:47,B,1082.25,1,1
2021-06-18 09:54:47,B,1082.2,1,8
2021-06-18 09:54:47,B,1082.0,2,284
2021-06-18 09:54:47,B,1081.95,1,350
2021-06-18 09:54:47,B,1081.8,1,5
2021-06-18 09:54:49,S,1083.0,1,8
2021-06-18 09:54:49,S,1083.4,2,5
2021-06-18 09:54:49,S,1083.45,1,7
2021-06-18 09:54:49,S,1083.5,1,500
2021-06-18 09:54:49,S,1084.0,3,207
2021-06-18 09:54:49,B,1082.25,1,1
2021-06-18 09:54:49,B,1082.2,1,8
2021-06-18 09:54:49,B,1082.0,2,284
2021-06-18 09:54:49,B,1081.95,1,350
2021-06-18 09:54:49,B,1081.8,1,5
2021-06-18 09:54:49,S,1083.0,1,8
2021-06-18 09:54:49,S,1083.4,2,5
2021-06-18 09:54:49,S,1083.45,1,7
2021-06-18 09:54:49,S,1083.5,1,500
2021-06-18 09:54:49,S,1084.0,3,207
2021-06-18 09:54:49,B,1082.25,1,1
2021-06-18 09:54:49,B,1082.2,1,8
2021-06-18 09:54:49,B,1082.0,2,284
2021-06-18 09:54:49,B,1081.95,1,350
2021-06-18 09:54:49,B,1081.8,1,5
2021-06-18 09:54:50,S,1083.45,1,5
2021-06-18 09:54:50,S,1083.5,1,500
2021-06-18 09:54:50,S,1083.8,2,5
2021-06-18 09:54:50,S,1084.0,4,208
2021-06-18 09:54:50,S,1084.45,1,12
2021-06-18 09:54:50,B,1082.5,1,5
2021-06-18 09:54:50,B,1082.3,1,17
2021-06-18 09:54:50,B,1082.0,2,284
2021-06-18 09:54:50,B,1081.95,1,350
2021-06-18 09:54:50,B,1081.35,1,4
2021-06-18 09:54:50,S,1083.45,1,5
2021-06-18 09:54:50,S,1083.5,1,500
2021-06-18 09:54:50,S,1083.8,2,5
2021-06-18 09:54:50,S,1084.0,4,208
2021-06-18 09:54:50,S,1084.45,1,12
2021-06-18 09:54:50,B,1082.5,1,5
2021-06-18 09:54:50,B,1082.3,1,17
2021-06-18 09:54:50,B,1082.0,2,284
2021-06-18 09:54:50,B,1081.95,1,350
2021-06-18 09:54:50,B,1081.35,1,4
2021-06-18 09:54:53,S,1083.5,1,500
2021-06-18 09:54:53,S,1084.0,4,208
2021-06-18 09:54:53,S,1084.55,2,5
2021-06-18 09:54:53,S,1084.65,1,4
2021-06-18 09:54:53,S,1084.9,1,1
2021-06-18 09:54:53,B,1083.0,1,10
2021-06-18 09:54:53,B,1082.95,1,6
2021-06-18 09:54:53,B,1082.5,1,5
2021-06-18 09:54:53,B,1082.3,1,5
2021-06-18 09:54:53,B,1082.0,3,285
2021-06-18 09:54:53,S,1083.5,1,500
2021-06-18 09:54:53,S,1084.0,4,208
2021-06-18 09:54:53,S,1084.55,2,5
2021-06-18 09:54:53,S,1084.65,1,4
2021-06-18 09:54:53,S,1084.9,1,1
2021-06-18 09:54:53,B,1083.0,1,10
2021-06-18 09:54:53,B,1082.95,1,6
2021-06-18 09:54:53,B,1082.5,1,5
2021-06-18 09:54:53,B,1082.3,1,5
2021-06-18 09:54:53,B,1082.0,3,285
2021-06-18 09:54:56,S,1083.5,2,501
2021-06-18 09:54:56,S,1084.0,4,208
2021-06-18 09:54:56,S,1084.55,3,10
2021-06-18 09:54:56,S,1084.65,1,4
2021-06-18 09:54:56,S,1084.9,1,1
2021-06-18 09:54:56,B,1083.0,2,15
2021-06-18 09:54:56,B,1082.95,1,6
2021-06-18 09:54:56,B,1082.5,1,5
2021-06-18 09:54:56,B,1082.3,1,5
2021-06-18 09:54:56,B,1082.0,3,285
2021-06-18 09:54:56,S,1083.5,2,501
2021-06-18 09:54:56,S,1084.0,4,208
2021-06-18 09:54:56,S,1084.55,3,10
2021-06-18 09:54:56,S,1084.65,1,4
2021-06-18 09:54:56,S,1084.9,1,1
2021-06-18 09:54:56,B,1083.0,2,15
2021-06-18 09:54:56,B,1082.95,1,6
2021-06-18 09:54:56,B,1082.5,1,5
2021-06-18 09:54:56,B,1082.3,1,5
2021-06-18 09:54:56,B,1082.0,3,285
2021-06-18 09:55:00,S,1083.5,2,501
2021-06-18 09:55:00,S,1084.0,4,208
2021-06-18 09:55:00,S,1084.55,3,10
2021-06-18 09:55:00,S,1084.65,1,4
2021-06-18 09:55:00,S,1084.9,1,1
2021-06-18 09:55:00,B,1083.0,2,15
2021-06-18 09:55:00,B,1082.95,1,6
2021-06-18 09:55:00,B,1082.5,1,5
2021-06-18 09:55:00,B,1082.3,1,5
2021-06-18 09:55:00,B,1082.0,3,285
2021-06-18 09:55:00,S,1083.5,2,501
2021-06-18 09:55:00,S,1084.0,4,208
2021-06-18 09:55:00,S,1084.55,3,10
2021-06-18 09:55:00,S,1084.65,1,4
2021-06-18 09:55:00,S,1084.9,1,1
2021-06-18 09:55:00,B,1083.0,2,15
2021-06-18 09:55:00,B,1082.95,1,6
2021-06-18 09:55:00,B,1082.5,1,5
2021-06-18 09:55:00,B,1082.3,1,5
2021-06-18 09:55:00,B,1082.0,3,285
2021-06-18 09:55:00,S,1083.5,2,501
2021-06-18 09:55:00,S,1084.0,4,208
2021-06-18 09:55:00,S,1084.55,3,10
2021-06-18 09:55:00,S,1084.65,1,4
2021-06-18 09:55:00,S,1084.9,1,1
2021-06-18 09:55:00,B,1083.0,2,15
2021-06-18 09:55:00,B,1082.95,1,6
2021-06-18 09:55:00,B,1082.5,1,5
2021-06-18 09:55:00,B,1082.3,1,5
2021-06-18 09:55:00,B,1082.0,3,285
2021-06-18 09:55:00,S,1083.5,2,501
2021-06-18 09:55:00,S,1084.0,4,208
2021-06-18 09:55:00,S,1084.55,3,10
2021-06-18 09:55:00,S,1084.65,1,4
2021-06-18 09:55:00,S,1084.9,1,1
2021-06-18 09:55:00,B,1083.0,2,15
2021-06-18 09:55:00,B,1082.95,1,6
2021-06-18 09:55:00,B,1082.5,1,5
2021-06-18 09:55:00,B,1082.3,1,5
2021-06-18 09:55:00,B,1082.0,3,285
2021-06-18 09:55:03,S,1083.5,2,501
2021-06-18 09:55:03,S,1083.95,2,6
2021-06-18 09:55:03,S,1084.0,4,208
2021-06-18 09:55:03,S,1084.75,1,4
2021-06-18 09:55:03,S,1084.9,1,1
2021-06-18 09:55:03,B,1083.0,1,5
2021-06-18 09:55:03,B,1082.95,2,357
2021-06-18 09:55:03,B,1082.35,1,4
2021-06-18 09:55:03,B,1082.3,2,10
2021-06-18 09:55:03,B,1082.0,2,281
2021-06-18 09:55:03,S,1083.5,2,501
2021-06-18 09:55:03,S,1083.95,2,6
2021-06-18 09:55:03,S,1084.0,4,208
2021-06-18 09:55:03,S,1084.75,1,4
2021-06-18 09:55:03,S,1084.9,1,1
2021-06-18 09:55:03,B,1083.0,1,5
2021-06-18 09:55:03,B,1082.95,2,357
2021-06-18 09:55:03,B,1082.35,1,4
2021-06-18 09:55:03,B,1082.3,2,10
2021-06-18 09:55:03,B,1082.0,2,281
2021-06-18 09:55:06,S,1083.5,2,501
2021-06-18 09:55:06,S,1083.95,2,6
2021-06-18 09:55:06,S,1084.0,4,208
2021-06-18 09:55:06,S,1084.75,1,4
2021-06-18 09:55:06,S,1084.9,1,1
2021-06-18 09:55:06,B,1083.0,1,5
2021-06-18 09:55:06,B,1082.95,2,357
2021-06-18 09:55:06,B,1082.35,1,4
2021-06-18 09:55:06,B,1082.3,2,10
2021-06-18 09:55:06,B,1082.0,2,281
2021-06-18 09:55:06,S,1083.5,2,501
2021-06-18 09:55:06,S,1083.95,2,6
2021-06-18 09:55:06,S,1084.0,4,208
2021-06-18 09:55:06,S,1084.75,1,4
2021-06-18 09:55:06,S,1084.9,1,1
2021-06-18 09:55:06,B,1083.0,1,5
2021-06-18 09:55:06,B,1082.95,2,357
2021-06-18 09:55:06,B,1082.35,1,4
2021-06-18 09:55:06,B,1082.3,2,10
2021-06-18 09:55:06,B,1082.0,2,281
2021-06-18 09:55:07,S,1084.0,3,207
2021-06-18 09:55:07,S,1084.85,2,28
2021-06-18 09:55:07,S,1084.9,2,2
2021-06-18 09:55:07,S,1085.35,1,10
2021-06-18 09:55:07,S,1085.6,1,28
2021-06-18 09:55:07,B,1083.15,1,5
2021-06-18 09:55:07,B,1083.1,1,7
2021-06-18 09:55:07,B,1083.0,4,110
2021-06-18 09:55:07,B,1082.95,1,350
2021-06-18 09:55:07,B,1082.3,2,9
2021-06-18 09:55:07,S,1084.0,3,207
2021-06-18 09:55:07,S,1084.85,2,28
2021-06-18 09:55:07,S,1084.9,2,2
2021-06-18 09:55:07,S,1085.35,1,10
2021-06-18 09:55:07,S,1085.6,1,28
2021-06-18 09:55:07,B,1083.15,1,5
2021-06-18 09:55:07,B,1083.1,1,7
2021-06-18 09:55:07,B,1083.0,4,110
2021-06-18 09:55:07,B,1082.95,1,350
2021-06-18 09:55:07,B,1082.3,2,9
2021-06-18 09:55:10,S,1085.6,1,28
2021-06-18 09:55:10,S,1085.8,2,2
2021-06-18 09:55:10,S,1086.3,2,5
2021-06-18 09:55:10,S,1086.55,2,14
2021-06-18 09:55:10,S,1086.7,1,4
2021-06-18 09:55:10,B,1084.35,1,4
2021-06-18 09:55:10,B,1084.3,1,20
2021-06-18 09:55:10,B,1084.25,1,6
2021-06-18 09:55:10,B,1084.2,1,5
2021-06-18 09:55:10,B,1084.15,1,7
2021-06-18 09:55:10,S,1085.6,1,28
2021-06-18 09:55:10,S,1085.8,2,2
2021-06-18 09:55:10,S,1086.3,2,5
2021-06-18 09:55:10,S,1086.55,2,14
2021-06-18 09:55:10,S,1086.7,1,4
2021-06-18 09:55:10,B,1084.35,1,4
2021-06-18 09:55:10,B,1084.3,1,20
2021-06-18 09:55:10,B,1084.25,1,6
2021-06-18 09:55:10,B,1084.2,1,5
2021-06-18 09:55:10,B,1084.15,1,7
2021-06-18 09:55:13,S,1085.6,1,28
2021-06-18 09:55:13,S,1085.8,2,2
2021-06-18 09:55:13,S,1086.55,2,14
2021-06-18 09:55:13,S,1086.7,1,4
2021-06-18 09:55:13,S,1086.85,2,14
2021-06-18 09:55:13,B,1084.4,1,20
2021-06-18 09:55:13,B,1084.35,1,6
2021-06-18 09:55:13,B,1084.3,1,4
2021-06-18 09:55:13,B,1084.25,1,5
2021-06-18 09:55:13,B,1083.45,2,5
2021-06-18 09:55:13,S,1085.6,1,28
2021-06-18 09:55:13,S,1085.8,2,2
2021-06-18 09:55:13,S,1086.55,2,14
2021-06-18 09:55:13,S,1086.7,1,4
2021-06-18 09:55:13,S,1086.85,2,14
2021-06-18 09:55:13,B,1084.4,1,20
2021-06-18 09:55:13,B,1084.35,1,6
2021-06-18 09:55:13,B,1084.3,1,4
2021-06-18 09:55:13,B,1084.25,1,5
2021-06-18 09:55:13,B,1083.45,2,5
2021-06-18 09:55:17,S,1085.6,1,28
2021-06-18 09:55:17,S,1085.8,2,2
2021-06-18 09:55:17,S,1085.95,1,5
2021-06-18 09:55:17,S,1086.55,2,14
2021-06-18 09:55:17,S,1086.7,1,4
2021-06-18 09:55:17,B,1084.4,1,20
2021-06-18 09:55:17,B,1084.35,1,6
2021-06-18 09:55:17,B,1084.3,1,4
2021-06-18 09:55:17,B,1084.25,1,5
2021-06-18 09:55:17,B,1083.45,2,5
2021-06-18 09:55:17,S,1085.6,1,28
2021-06-18 09:55:17,S,1085.8,2,2
2021-06-18 09:55:17,S,1085.95,1,5
2021-06-18 09:55:17,S,1086.55,2,14
2021-06-18 09:55:17,S,1086.7,1,4
2021-06-18 09:55:17,B,1084.4,1,20
2021-06-18 09:55:17,B,1084.35,1,6
2021-06-18 09:55:17,B,1084.3,1,4
2021-06-18 09:55:17,B,1084.25,1,5
2021-06-18 09:55:17,B,1083.45,2,5
2021-06-18 09:55:20,S,1085.6,1,28
2021-06-18 09:55:20,S,1085.8,1,1
2021-06-18 09:55:20,S,1086.7,2,5
2021-06-18 09:55:20,S,1086.85,2,14
2021-06-18 09:55:20,S,1087.15,3,18
2021-06-18 09:55:20,B,1085.05,1,4
2021-06-18 09:55:20,B,1085.0,1,280
2021-06-18 09:55:20,B,1084.85,1,5
2021-06-18 09:55:20,B,1084.4,2,21
2021-06-18 09:55:20,B,1084.1,1,4
2021-06-18 09:55:20,S,1085.6,1,28
2021-06-18 09:55:20,S,1085.8,1,1
2021-06-18 09:55:20,S,1086.7,2,5
2021-06-18 09:55:20,S,1086.85,2,14
2021-06-18 09:55:20,S,1087.15,3,18
2021-06-18 09:55:20,B,1085.05,1,4
2021-06-18 09:55:20,B,1085.0,1,280
2021-06-18 09:55:20,B,1084.85,1,5
2021-06-18 09:55:20,B,1084.4,2,21
2021-06-18 09:55:20,B,1084.1,1,4
2021-06-18 09:55:24,S,1085.6,1,28
2021-06-18 09:55:24,S,1085.8,1,1
2021-06-18 09:55:24,S,1086.7,2,5
2021-06-18 09:55:24,S,1086.85,2,14
2021-06-18 09:55:24,S,1087.15,3,18
2021-06-18 09:55:24,B,1085.05,1,4
2021-06-18 09:55:24,B,1085.0,1,280
2021-06-18 09:55:24,B,1084.75,1,5
2021-06-18 09:55:24,B,1084.4,2,21
2021-06-18 09:55:24,B,1084.1,1,4
2021-06-18 09:55:24,S,1085.6,1,28
2021-06-18 09:55:24,S,1085.8,1,1
2021-06-18 09:55:24,S,1086.7,2,5
2021-06-18 09:55:24,S,1086.85,2,14
2021-06-18 09:55:24,S,1087.15,3,18
2021-06-18 09:55:24,B,1085.05,1,4
2021-06-18 09:55:24,B,1085.0,1,280
2021-06-18 09:55:24,B,1084.75,1,5
2021-06-18 09:55:24,B,1084.4,2,21
2021-06-18 09:55:24,B,1084.1,1,4
2021-06-18 09:55:24,S,1085.6,1,28
2021-06-18 09:55:24,S,1085.8,1,1
2021-06-18 09:55:24,S,1086.7,2,5
2021-06-18 09:55:24,S,1086.85,2,14
2021-06-18 09:55:24,S,1087.15,3,18
2021-06-18 09:55:24,B,1085.05,1,4
2021-06-18 09:55:24,B,1085.0,1,280
2021-06-18 09:55:24,B,1084.75,1,5
2021-06-18 09:55:24,B,1084.4,2,21
2021-06-18 09:55:24,B,1084.1,1,4
2021-06-18 09:55:24,S,1085.6,1,28
2021-06-18 09:55:24,S,1085.8,1,1
2021-06-18 09:55:24,S,1086.7,2,5
2021-06-18 09:55:24,S,1086.85,2,14
2021-06-18 09:55:24,S,1087.15,3,18
2021-06-18 09:55:24,B,1085.05,1,4
2021-06-18 09:55:24,B,1085.0,1,280
2021-06-18 09:55:24,B,1084.75,1,5
2021-06-18 09:55:24,B,1084.4,2,21
2021-06-18 09:55:24,B,1084.1,1,4
2021-06-18 09:55:25,S,1085.6,1,28
2021-06-18 09:55:25,S,1085.8,1,1
2021-06-18 09:55:25,S,1086.7,2,5
2021-06-18 09:55:25,S,1086.85,2,14
2021-06-18 09:55:25,S,1087.15,3,18
2021-06-18 09:55:25,B,1085.05,1,4
2021-06-18 09:55:25,B,1085.0,1,280
2021-06-18 09:55:25,B,1084.75,1,5
2021-06-18 09:55:25,B,1084.4,2,21
2021-06-18 09:55:25,B,1084.1,1,4
2021-06-18 09:55:25,S,1085.6,1,28
2021-06-18 09:55:25,S,1085.8,1,1
2021-06-18 09:55:25,S,1086.7,2,5
2021-06-18 09:55:25,S,1086.85,2,14
2021-06-18 09:55:25,S,1087.15,3,18
2021-06-18 09:55:25,B,1085.05,1,4
2021-06-18 09:55:25,B,1085.0,1,280
2021-06-18 09:55:25,B,1084.75,1,5
2021-06-18 09:55:25,B,1084.4,2,21
2021-06-18 09:55:25,B,1084.1,1,4
2021-06-18 09:55:27,S,1084.6,1,5
2021-06-18 09:55:27,S,1084.95,1,4
2021-06-18 09:55:27,S,1085.0,2,28
2021-06-18 09:55:27,S,1085.1,1,1
2021-06-18 09:55:27,S,1085.15,1,1
2021-06-18 09:55:27,B,1083.05,1,4
2021-06-18 09:55:27,B,1083.0,4,465
2021-06-18 09:55:27,B,1082.3,2,9
2021-06-18 09:55:27,B,1081.85,1,4
2021-06-18 09:55:27,B,1081.35,3,16
2021-06-18 09:55:27,S,1084.6,1,5
2021-06-18 09:55:27,S,1084.95,1,4
2021-06-18 09:55:27,S,1085.0,2,28
2021-06-18 09:55:27,S,1085.1,1,1
2021-06-18 09:55:27,S,1085.15,1,1
2021-06-18 09:55:27,B,1083.05,1,4
2021-06-18 09:55:27,B,1083.0,4,465
2021-06-18 09:55:27,B,1082.3,2,9
2021-06-18 09:55:27,B,1081.85,1,4
2021-06-18 09:55:27,B,1081.35,3,16
2021-06-18 09:55:28,S,1084.6,1,5
2021-06-18 09:55:28,S,1084.95,1,4
2021-06-18 09:55:28,S,1085.0,2,28
2021-06-18 09:55:28,S,1085.1,1,1
2021-06-18 09:55:28,S,1085.15,1,1
2021-06-18 09:55:28,B,1083.05,1,4
2021-06-18 09:55:28,B,1083.0,4,465
2021-06-18 09:55:28,B,1082.3,2,9
2021-06-18 09:55:28,B,1081.85,1,4
2021-06-18 09:55:28,B,1081.35,3,16
2021-06-18 09:55:28,S,1084.6,1,5
2021-06-18 09:55:28,S,1084.95,1,4
2021-06-18 09:55:28,S,1085.0,2,28
2021-06-18 09:55:28,S,1085.1,1,1
2021-06-18 09:55:28,S,1085.15,1,1
2021-06-18 09:55:28,B,1083.05,1,4
2021-06-18 09:55:28,B,1083.0,4,465
2021-06-18 09:55:28,B,1082.3,2,9
2021-06-18 09:55:28,B,1081.85,1,4
2021-06-18 09:55:28,B,1081.35,3,16
2021-06-18 09:55:29,S,1084.6,1,5
2021-06-18 09:55:29,S,1084.95,1,4
2021-06-18 09:55:29,S,1085.0,2,28
2021-06-18 09:55:29,S,1085.1,1,1
2021-06-18 09:55:29,S,1085.15,1,1
2021-06-18 09:55:29,B,1083.05,1,4
2021-06-18 09:55:29,B,1083.0,4,465
2021-06-18 09:55:29,B,1082.3,2,9
2021-06-18 09:55:29,B,1081.85,1,4
2021-06-18 09:55:29,B,1081.35,3,16
2021-06-18 09:55:29,S,1084.6,1,5
2021-06-18 09:55:29,S,1084.95,1,4
2021-06-18 09:55:29,S,1085.0,2,28
2021-06-18 09:55:29,S,1085.1,1,1
2021-06-18 09:55:29,S,1085.15,1,1
2021-06-18 09:55:29,B,1083.05,1,4
2021-06-18 09:55:29,B,1083.0,4,465
2021-06-18 09:55:29,B,1082.3,2,9
2021-06-18 09:55:29,B,1081.85,1,4
2021-06-18 09:55:29,B,1081.35,3,16
2021-06-18 09:55:31,S,1085.8,2,2
2021-06-18 09:55:31,S,1086.5,1,3
2021-06-18 09:55:31,S,1086.55,1,13
2021-06-18 09:55:31,S,1086.85,1,13
2021-06-18 09:55:31,S,1087.15,2,17
2021-06-18 09:55:31,B,1084.85,1,4
2021-06-18 09:55:31,B,1084.8,1,7
2021-06-18 09:55:31,B,1084.75,1,8
2021-06-18 09:55:31,B,1084.65,1,5
2021-06-18 09:55:31,B,1084.15,1,4
2021-06-18 09:55:31,S,1085.8,2,2
2021-06-18 09:55:31,S,1086.5,1,3
2021-06-18 09:55:31,S,1086.55,1,13
2021-06-18 09:55:31,S,1086.85,1,13
2021-06-18 09:55:31,S,1087.15,2,17
2021-06-18 09:55:31,B,1084.85,1,4
2021-06-18 09:55:31,B,1084.8,1,7
2021-06-18 09:55:31,B,1084.75,1,8
2021-06-18 09:55:31,B,1084.65,1,5
2021-06-18 09:55:31,B,1084.15,1,4
2021-06-18 09:55:34,S,1087.1,2,8
2021-06-18 09:55:34,S,1087.4,2,7
2021-06-18 09:55:34,S,1087.7,2,5
2021-06-18 09:55:34,S,1088.05,1,9
2021-06-18 09:55:34,S,1088.35,1,13
2021-06-18 09:55:34,B,1085.55,1,4
2021-06-18 09:55:34,B,1085.5,1,5
2021-06-18 09:55:34,B,1085.1,1,4
2021-06-18 09:55:34,B,1084.9,2,28
2021-06-18 09:55:34,B,1084.65,1,4
2021-06-18 09:55:34,S,1087.1,2,8
2021-06-18 09:55:34,S,1087.4,2,7
2021-06-18 09:55:34,S,1087.7,2,5
2021-06-18 09:55:34,S,1088.05,1,9
2021-06-18 09:55:34,S,1088.35,1,13
2021-06-18 09:55:34,B,1085.55,1,4
2021-06-18 09:55:34,B,1085.5,1,5
2021-06-18 09:55:34,B,1085.1,1,4
2021-06-18 09:55:34,B,1084.9,2,28
2021-06-18 09:55:34,B,1084.65,1,4
2021-06-18 09:55:37,S,1087.1,2,8
2021-06-18 09:55:37,S,1087.4,2,7
2021-06-18 09:55:37,S,1087.7,2,5
2021-06-18 09:55:37,S,1088.05,1,9
2021-06-18 09:55:37,S,1088.35,1,13
2021-06-18 09:55:37,B,1085.65,1,4
2021-06-18 09:55:37,B,1085.6,1,2
2021-06-18 09:55:37,B,1085.55,1,7
2021-06-18 09:55:37,B,1085.5,1,5
2021-06-18 09:55:37,B,1085.1,1,4
2021-06-18 09:55:37,S,1087.1,2,8
2021-06-18 09:55:37,S,1087.4,2,7
2021-06-18 09:55:37,S,1087.7,2,5
2021-06-18 09:55:37,S,1088.05,1,9
2021-06-18 09:55:37,S,1088.35,1,13
2021-06-18 09:55:37,B,1085.65,1,4
2021-06-18 09:55:37,B,1085.6,1,2
2021-06-18 09:55:37,B,1085.55,1,7
2021-06-18 09:55:37,B,1085.5,1,5
2021-06-18 09:55:37,B,1085.1,1,4
2021-06-18 09:55:40,S,1088.0,2,4
2021-06-18 09:55:40,S,1088.35,2,8
2021-06-18 09:55:40,S,1088.4,2,5
2021-06-18 09:55:40,S,1088.6,1,4
2021-06-18 09:55:40,S,1088.8,1,6
2021-06-18 09:55:40,B,1086.1,1,4
2021-06-18 09:55:40,B,1086.05,1,5
2021-06-18 09:55:40,B,1085.9,1,6
2021-06-18 09:55:40,B,1085.85,1,7
2021-06-18 09:55:40,B,1085.6,1,2
2021-06-18 09:55:40,S,1088.0,2,4
2021-06-18 09:55:40,S,1088.35,2,8
2021-06-18 09:55:40,S,1088.4,2,5
2021-06-18 09:55:40,S,1088.6,1,4
2021-06-18 09:55:40,S,1088.8,1,6
2021-06-18 09:55:40,B,1086.1,1,4
2021-06-18 09:55:40,B,1086.05,1,5
2021-06-18 09:55:40,B,1085.9,1,6
2021-06-18 09:55:40,B,1085.85,1,7
2021-06-18 09:55:40,B,1085.6,1,2
2021-06-18 09:55:41,S,1088.0,2,4
2021-06-18 09:55:41,S,1088.35,2,8
2021-06-18 09:55:41,S,1088.4,2,5
2021-06-18 09:55:41,S,1088.6,1,4
2021-06-18 09:55:41,S,1088.8,1,6
2021-06-18 09:55:41,B,1086.1,1,4
2021-06-18 09:55:41,B,1086.05,1,5
2021-06-18 09:55:41,B,1085.9,1,6
2021-06-18 09:55:41,B,1085.85,1,7
2021-06-18 09:55:41,B,1085.6,1,2
2021-06-18 09:55:41,S,1088.0,2,4
2021-06-18 09:55:41,S,1088.35,2,8
2021-06-18 09:55:41,S,1088.4,2,5
2021-06-18 09:55:41,S,1088.6,1,4
2021-06-18 09:55:41,S,1088.8,1,6
2021-06-18 09:55:41,B,1086.1,1,4
2021-06-18 09:55:41,B,1086.05,1,5
2021-06-18 09:55:41,B,1085.9,1,6
2021-06-18 09:55:41,B,1085.85,1,7
2021-06-18 09:55:41,B,1085.6,1,2
2021-06-18 09:55:44,S,1087.85,1,4
2021-06-18 09:55:44,S,1087.9,2,10
2021-06-18 09:55:44,S,1087.95,1,1
2021-06-18 09:55:44,S,1088.0,2,4
2021-06-18 09:55:44,S,1088.35,2,8
2021-06-18 09:55:44,B,1086.0,1,4
2021-06-18 09:55:44,B,1085.95,2,12
2021-06-18 09:55:44,B,1085.9,1,8
2021-06-18 09:55:44,B,1085.6,1,2
2021-06-18 09:55:44,B,1084.7,1,13
2021-06-18 09:55:44,S,1087.85,1,4
2021-06-18 09:55:44,S,1087.9,2,10
2021-06-18 09:55:44,S,1087.95,1,1
2021-06-18 09:55:44,S,1088.0,2,4
2021-06-18 09:55:44,S,1088.35,2,8
2021-06-18 09:55:44,B,1086.0,1,4
2021-06-18 09:55:44,B,1085.95,2,12
2021-06-18 09:55:44,B,1085.9,1,8
2021-06-18 09:55:44,B,1085.6,1,2
2021-06-18 09:55:44,B,1084.7,1,13
2021-06-18 09:55:46,S,1087.85,1,4
2021-06-18 09:55:46,S,1087.9,2,10
2021-06-18 09:55:46,S,1087.95,1,1
2021-06-18 09:55:46,S,1088.0,2,4
2021-06-18 09:55:46,S,1088.35,2,8
2021-06-18 09:55:46,B,1086.0,1,4
2021-06-18 09:55:46,B,1085.95,2,12
2021-06-18 09:55:46,B,1085.9,1,8
2021-06-18 09:55:46,B,1085.6,1,2
2021-06-18 09:55:46,B,1084.7,1,13
2021-06-18 09:55:46,S,1087.85,1,4
2021-06-18 09:55:46,S,1087.9,2,10
2021-06-18 09:55:46,S,1087.95,1,1
2021-06-18 09:55:46,S,1088.0,2,4
2021-06-18 09:55:46,S,1088.35,2,8
2021-06-18 09:55:46,B,1086.0,1,4
2021-06-18 09:55:46,B,1085.95,2,12
2021-06-18 09:55:46,B,1085.9,1,8
2021-06-18 09:55:46,B,1085.6,1,2
2021-06-18 09:55:46,B,1084.7,1,13
2021-06-18 09:55:46,S,1087.85,1,4
2021-06-18 09:55:46,S,1087.9,2,10
2021-06-18 09:55:46,S,1087.95,1,1
2021-06-18 09:55:46,S,1088.0,2,4
2021-06-18 09:55:46,S,1088.35,2,8
2021-06-18 09:55:46,B,1086.0,1,4
2021-06-18 09:55:46,B,1085.95,2,12
2021-06-18 09:55:46,B,1085.9,1,8
2021-06-18 09:55:46,B,1085.6,1,2
2021-06-18 09:55:46,B,1084.7,1,13
2021-06-18 09:55:46,S,1087.85,1,4
2021-06-18 09:55:46,S,1087.9,2,10
2021-06-18 09:55:46,S,1087.95,1,1
2021-06-18 09:55:46,S,1088.0,2,4
2021-06-18 09:55:46,S,1088.35,2,8
2021-06-18 09:55:46,B,1086.0,1,4
2021-06-18 09:55:46,B,1085.95,2,12
2021-06-18 09:55:46,B,1085.9,1,8
2021-06-18 09:55:46,B,1085.6,1,2
2021-06-18 09:55:46,B,1084.7,1,13
2021-06-18 09:55:48,S,1085.3,1,4
2021-06-18 09:55:48,S,1085.35,3,18
2021-06-18 09:55:48,S,1085.6,1,1
2021-06-18 09:55:48,S,1085.65,2,12
2021-06-18 09:55:48,S,1085.95,1,11
2021-06-18 09:55:48,B,1083.55,1,10
2021-06-18 09:55:48,B,1083.5,2,105
2021-06-18 09:55:48,B,1083.0,3,361
2021-06-18 09:55:48,B,1082.95,1,7
2021-06-18 09:55:48,B,1082.3,2,9
2021-06-18 09:55:48,S,1085.3,1,4
2021-06-18 09:55:48,S,1085.35,3,18
2021-06-18 09:55:48,S,1085.6,1,1
2021-06-18 09:55:48,S,1085.65,2,12
2021-06-18 09:55:48,S,1085.95,1,11
2021-06-18 09:55:48,B,1083.55,1,10
2021-06-18 09:55:48,B,1083.5,2,105
2021-06-18 09:55:48,B,1083.0,3,361
2021-06-18 09:55:48,B,1082.95,1,7
2021-06-18 09:55:48,B,1082.3,2,9
2021-06-18 09:55:48,S,1085.3,1,4
2021-06-18 09:55:48,S,1085.35,3,18
2021-06-18 09:55:48,S,1085.6,1,1
2021-06-18 09:55:48,S,1085.65,2,12
2021-06-18 09:55:48,S,1085.95,1,11
2021-06-18 09:55:48,B,1083.55,1,10
2021-06-18 09:55:48,B,1083.5,2,105
2021-06-18 09:55:48,B,1083.0,3,361
2021-06-18 09:55:48,B,1082.95,1,7
2021-06-18 09:55:48,B,1082.3,2,9
2021-06-18 09:55:48,S,1085.3,1,4
2021-06-18 09:55:48,S,1085.35,3,18
2021-06-18 09:55:48,S,1085.6,1,1
2021-06-18 09:55:48,S,1085.65,2,12
2021-06-18 09:55:48,S,1085.95,1,11
2021-06-18 09:55:48,B,1083.55,1,10
2021-06-18 09:55:48,B,1083.5,2,105
2021-06-18 09:55:48,B,1083.0,3,361
2021-06-18 09:55:48,B,1082.95,1,7
2021-06-18 09:55:48,B,1082.3,2,9
2021-06-18 09:55:51,S,1085.95,1,4
2021-06-18 09:55:51,S,1086.0,2,5
2021-06-18 09:55:51,S,1086.1,2,26
2021-06-18 09:55:51,S,1086.35,1,4
2021-06-18 09:55:51,S,1086.55,1,12
2021-06-18 09:55:51,B,1083.75,1,5
2021-06-18 09:55:51,B,1083.7,1,6
2021-06-18 09:55:51,B,1083.55,3,17
2021-06-18 09:55:51,B,1083.5,2,105
2021-06-18 09:55:51,B,1083.05,2,5
2021-06-18 09:55:51,S,1085.95,1,4
2021-06-18 09:55:51,S,1086.0,2,5
2021-06-18 09:55:51,S,1086.1,2,26
2021-06-18 09:55:51,S,1086.35,1,4
2021-06-18 09:55:51,S,1086.55,1,12
2021-06-18 09:55:51,B,1083.75,1,5
2021-06-18 09:55:51,B,1083.7,1,6
2021-06-18 09:55:51,B,1083.55,3,17
2021-06-18 09:55:51,B,1083.5,2,105
2021-06-18 09:55:51,B,1083.05,2,5
2021-06-18 09:55:52,S,1085.95,1,4
2021-06-18 09:55:52,S,1086.0,2,5
2021-06-18 09:55:52,S,1086.1,2,26
2021-06-18 09:55:52,S,1086.35,1,4
2021-06-18 09:55:52,S,1086.55,1,12
2021-06-18 09:55:52,B,1083.75,1,5
2021-06-18 09:55:52,B,1083.7,1,6
2021-06-18 09:55:52,B,1083.55,3,17
2021-06-18 09:55:52,B,1083.5,2,105
2021-06-18 09:55:52,B,1083.05,2,5
2021-06-18 09:55:52,S,1085.95,1,4
2021-06-18 09:55:52,S,1086.0,2,5
2021-06-18 09:55:52,S,1086.1,2,26
2021-06-18 09:55:52,S,1086.35,1,4
2021-06-18 09:55:52,S,1086.55,1,12
2021-06-18 09:55:52,B,1083.75,1,5
2021-06-18 09:55:52,B,1083.7,1,6
2021-06-18 09:55:52,B,1083.55,3,17
2021-06-18 09:55:52,B,1083.5,2,105
2021-06-18 09:55:52,B,1083.05,2,5
2021-06-18 09:55:54,S,1085.95,1,4
2021-06-18 09:55:54,S,1086.0,2,5
2021-06-18 09:55:54,S,1086.1,2,26
2021-06-18 09:55:54,S,1086.35,1,4
2021-06-18 09:55:54,S,1086.55,1,12
2021-06-18 09:55:54,B,1083.75,1,5
2021-06-18 09:55:54,B,1083.7,1,6
2021-06-18 09:55:54,B,1083.55,3,17
2021-06-18 09:55:54,B,1083.5,2,105
2021-06-18 09:55:54,B,1083.05,2,5
2021-06-18 09:55:54,S,1085.95,1,4
2021-06-18 09:55:54,S,1086.0,2,5
2021-06-18 09:55:54,S,1086.1,2,26
2021-06-18 09:55:54,S,1086.35,1,4
2021-06-18 09:55:54,S,1086.55,1,12
2021-06-18 09:55:54,B,1083.75,1,5
2021-06-18 09:55:54,B,1083.7,1,6
2021-06-18 09:55:54,B,1083.55,3,17
2021-06-18 09:55:54,B,1083.5,2,105
2021-06-18 09:55:54,B,1083.05,2,5
2021-06-18 09:55:55,S,1085.7,1,4
2021-06-18 09:55:55,S,1085.75,1,16
2021-06-18 09:55:55,S,1085.8,1,1
2021-06-18 09:55:55,S,1085.85,2,7
2021-06-18 09:55:55,S,1085.95,2,7
2021-06-18 09:55:55,B,1083.75,1,4
2021-06-18 09:55:55,B,1083.5,1,4
2021-06-18 09:55:55,B,1083.0,2,321
2021-06-18 09:55:55,B,1082.95,1,7
2021-06-18 09:55:55,B,1082.3,2,9
2021-06-18 09:55:55,S,1085.7,1,4
2021-06-18 09:55:55,S,1085.75,1,16
2021-06-18 09:55:55,S,1085.8,1,1
2021-06-18 09:55:55,S,1085.85,2,7
2021-06-18 09:55:55,S,1085.95,2,7
2021-06-18 09:55:55,B,1083.75,1,4
2021-06-18 09:55:55,B,1083.5,1,4
2021-06-18 09:55:55,B,1083.0,2,321
2021-06-18 09:55:55,B,1082.95,1,7
2021-06-18 09:55:55,B,1082.3,2,9
2021-06-18 09:55:58,S,1084.9,1,1
2021-06-18 09:55:58,S,1085.65,1,4
2021-06-18 09:55:58,S,1085.7,2,12
2021-06-18 09:55:58,S,1085.75,1,16
2021-06-18 09:55:58,S,1086.1,2,26
2021-06-18 09:55:58,B,1083.75,1,4
2021-06-18 09:55:58,B,1083.7,1,8
2021-06-18 09:55:58,B,1083.1,2,15
2021-06-18 09:55:58,B,1083.05,1,4
2021-06-18 09:55:58,B,1083.0,2,321
2021-06-18 09:55:58,S,1084.9,1,1
2021-06-18 09:55:58,S,1085.65,1,4
2021-06-18 09:55:58,S,1085.7,2,12
2021-06-18 09:55:58,S,1085.75,1,16
2021-06-18 09:55:58,S,1086.1,2,26
2021-06-18 09:55:58,B,1083.75,1,4
2021-06-18 09:55:58,B,1083.7,1,8
2021-06-18 09:55:58,B,1083.1,2,15
2021-06-18 09:55:58,B,1083.05,1,4
2021-06-18 09:55:58,B,1083.0,2,321
2021-06-18 09:56:00,S,1084.9,1,1
2021-06-18 09:56:00,S,1085.65,1,4
2021-06-18 09:56:00,S,1085.7,2,12
2021-06-18 09:56:00,S,1085.75,1,16
2021-06-18 09:56:00,S,1086.1,2,26
2021-06-18 09:56:00,B,1083.75,1,4
2021-06-18 09:56:00,B,1083.7,1,8
2021-06-18 09:56:00,B,1083.1,2,15
2021-06-18 09:56:00,B,1083.05,1,4
2021-06-18 09:56:00,B,1083.0,2,321
2021-06-18 09:56:00,S,1084.9,1,1
2021-06-18 09:56:00,S,1085.65,1,4
2021-06-18 09:56:00,S,1085.7,2,12
2021-06-18 09:56:00,S,1085.75,1,16
2021-06-18 09:56:00,S,1086.1,2,26
2021-06-18 09:56:00,B,1083.75,1,4
2021-06-18 09:56:00,B,1083.7,1,8
2021-06-18 09:56:00,B,1083.1,2,15
2021-06-18 09:56:00,B,1083.05,1,4
2021-06-18 09:56:00,B,1083.0,2,321
2021-06-18 09:56:01,S,1085.2,2,5
2021-06-18 09:56:01,S,1085.25,1,5
2021-06-18 09:56:01,S,1085.4,1,4
2021-06-18 09:56:01,S,1085.65,1,12
2021-06-18 09:56:01,S,1085.7,2,12
2021-06-18 09:56:01,B,1083.75,1,3
2021-06-18 09:56:01,B,1083.7,1,8
2021-06-18 09:56:01,B,1083.1,1,14
2021-06-18 09:56:01,B,1083.0,2,321
2021-06-18 09:56:01,B,1082.3,2,9
2021-06-18 09:56:01,S,1085.2,2,5
2021-06-18 09:56:01,S,1085.25,1,5
2021-06-18 09:56:01,S,1085.4,1,4
2021-06-18 09:56:01,S,1085.65,1,12
2021-06-18 09:56:01,S,1085.7,2,12
2021-06-18 09:56:01,B,1083.75,1,3
2021-06-18 09:56:01,B,1083.7,1,8
2021-06-18 09:56:01,B,1083.1,1,14
2021-06-18 09:56:01,B,1083.0,2,321
2021-06-18 09:56:01,B,1082.3,2,9
2021-06-18 09:56:01,S,1085.2,2,5
2021-06-18 09:56:01,S,1085.25,1,5
2021-06-18 09:56:01,S,1085.4,1,4
2021-06-18 09:56:01,S,1085.65,1,12
2021-06-18 09:56:01,S,1085.7,2,12
2021-06-18 09:56:01,B,1083.75,1,3
2021-06-18 09:56:01,B,1083.7,1,8
2021-06-18 09:56:01,B,1083.1,1,14
2021-06-18 09:56:01,B,1083.0,2,321
2021-06-18 09:56:01,B,1082.3,2,9
2021-06-18 09:56:01,S,1085.2,2,5
2021-06-18 09:56:01,S,1085.25,1,5
2021-06-18 09:56:01,S,1085.4,1,4
2021-06-18 09:56:01,S,1085.65,1,12
2021-06-18 09:56:01,S,1085.7,2,12
2021-06-18 09:56:01,B,1083.75,1,3
2021-06-18 09:56:01,B,1083.7,1,8
2021-06-18 09:56:01,B,1083.1,1,14
2021-06-18 09:56:01,B,1083.0,2,321
2021-06-18 09:56:01,B,1082.3,2,9
2021-06-18 09:56:04,S,1085.55,1,2
2021-06-18 09:56:04,S,1085.6,2,2
2021-06-18 09:56:04,S,1086.0,2,5
2021-06-18 09:56:04,S,1086.1,2,26
2021-06-18 09:56:04,S,1086.25,1,10
2021-06-18 09:56:04,B,1084.0,1,5
2021-06-18 09:56:04,B,1083.55,2,3
2021-06-18 09:56:04,B,1083.5,1,4
2021-06-18 09:56:04,B,1083.05,2,10
2021-06-18 09:56:04,B,1083.0,2,321
2021-06-18 09:56:04,S,1085.55,1,2
2021-06-18 09:56:04,S,1085.6,2,2
2021-06-18 09:56:04,S,1086.0,2,5
2021-06-18 09:56:04,S,1086.1,2,26
2021-06-18 09:56:04,S,1086.25,1,10
2021-06-18 09:56:04,B,1084.0,1,5
2021-06-18 09:56:04,B,1083.55,2,3
2021-06-18 09:56:04,B,1083.5,1,4
2021-06-18 09:56:04,B,1083.05,2,10
2021-06-18 09:56:04,B,1083.0,2,321
2021-06-18 09:56:07,S,1085.35,1,2
2021-06-18 09:56:07,S,1085.4,2,7
2021-06-18 09:56:07,S,1085.6,2,2
2021-06-18 09:56:07,S,1085.9,1,2
2021-06-18 09:56:07,S,1085.95,2,2
2021-06-18 09:56:07,B,1083.05,2,7
2021-06-18 09:56:07,B,1083.0,2,321
2021-06-18 09:56:07,B,1082.3,2,9
2021-06-18 09:56:07,B,1082.1,1,7
2021-06-18 09:56:07,B,1082.0,1,54
2021-06-18 09:56:07,S,1085.35,1,2
2021-06-18 09:56:07,S,1085.4,2,7
2021-06-18 09:56:07,S,1085.6,2,2
2021-06-18 09:56:07,S,1085.9,1,2
2021-06-18 09:56:07,S,1085.95,2,2
2021-06-18 09:56:07,B,1083.05,2,7
2021-06-18 09:56:07,B,1083.0,2,321
2021-06-18 09:56:07,B,1082.3,2,9
2021-06-18 09:56:07,B,1082.1,1,7
2021-06-18 09:56:07,B,1082.0,1,54
2021-06-18 09:56:11,S,1085.35,1,2
2021-06-18 09:56:11,S,1085.4,2,7
2021-06-18 09:56:11,S,1085.5,2,5
2021-06-18 09:56:11,S,1085.6,2,2
2021-06-18 09:56:11,S,1085.7,1,1
2021-06-18 09:56:11,B,1083.05,1,6
2021-06-18 09:56:11,B,1083.0,2,321
2021-06-18 09:56:11,B,1082.3,2,9
2021-06-18 09:56:11,B,1082.0,1,54
2021-06-18 09:56:11,B,1081.85,1,4
2021-06-18 09:56:11,S,1085.35,1,2
2021-06-18 09:56:11,S,1085.4,2,7
2021-06-18 09:56:11,S,1085.5,2,5
2021-06-18 09:56:11,S,1085.6,2,2
2021-06-18 09:56:11,S,1085.7,1,1
2021-06-18 09:56:11,B,1083.05,1,6
2021-06-18 09:56:11,B,1083.0,2,321
2021-06-18 09:56:11,B,1082.3,2,9
2021-06-18 09:56:11,B,1082.0,1,54
2021-06-18 09:56:11,B,1081.85,1,4
2021-06-18 09:56:13,S,1085.35,1,2
2021-06-18 09:56:13,S,1085.4,2,7
2021-06-18 09:56:13,S,1085.5,2,5
2021-06-18 09:56:13,S,1085.6,2,2
2021-06-18 09:56:13,S,1085.7,1,1
2021-06-18 09:56:13,B,1083.05,1,6
2021-06-18 09:56:13,B,1083.0,2,321
2021-06-18 09:56:13,B,1082.3,2,9
2021-06-18 09:56:13,B,1082.0,1,54
2021-06-18 09:56:13,B,1081.85,1,4
2021-06-18 09:56:13,S,1085.35,1,2
2021-06-18 09:56:13,S,1085.4,2,7
2021-06-18 09:56:13,S,1085.5,2,5
2021-06-18 09:56:13,S,1085.6,2,2
2021-06-18 09:56:13,S,1085.7,1,1
2021-06-18 09:56:13,B,1083.05,1,6
2021-06-18 09:56:13,B,1083.0,2,321
2021-06-18 09:56:13,B,1082.3,2,9
2021-06-18 09:56:13,B,1082.0,1,54
2021-06-18 09:56:13,B,1081.85,1,4
2021-06-18 09:56:14,S,1085.05,1,2
2021-06-18 09:56:14,S,1085.1,1,25
2021-06-18 09:56:14,S,1085.15,1,6
2021-06-18 09:56:14,S,1085.25,1,1
2021-06-18 09:56:14,S,1085.3,1,5
2021-06-18 09:56:14,B,1082.35,1,27
2021-06-18 09:56:14,B,1082.3,1,5
2021-06-18 09:56:14,B,1082.0,1,54
2021-06-18 09:56:14,B,1081.4,1,5
2021-06-18 09:56:14,B,1081.3,1,92
2021-06-18 09:56:14,S,1085.05,1,2
2021-06-18 09:56:14,S,1085.1,1,25
2021-06-18 09:56:14,S,1085.15,1,6
2021-06-18 09:56:14,S,1085.25,1,1
2021-06-18 09:56:14,S,1085.3,1,5
2021-06-18 09:56:14,B,1082.35,1,27
2021-06-18 09:56:14,B,1082.3,1,5
2021-06-18 09:56:14,B,1082.0,1,54
2021-06-18 09:56:14,B,1081.4,1,5
2021-06-18 09:56:14,B,1081.3,1,92
2021-06-18 09:56:17,S,1085.05,1,2
2021-06-18 09:56:17,S,1085.1,1,25
2021-06-18 09:56:17,S,1085.15,1,6
2021-06-18 09:56:17,S,1085.25,1,1
2021-06-18 09:56:17,S,1085.3,1,5
2021-06-18 09:56:17,B,1082.35,1,27
2021-06-18 09:56:17,B,1082.3,1,5
2021-06-18 09:56:17,B,1082.0,1,54
2021-06-18 09:56:17,B,1081.4,1,5
2021-06-18 09:56:17,B,1081.3,1,92
2021-06-18 09:56:17,S,1085.05,1,2
2021-06-18 09:56:17,S,1085.1,1,25
2021-06-18 09:56:17,S,1085.15,1,6
2021-06-18 09:56:17,S,1085.25,1,1
2021-06-18 09:56:17,S,1085.3,1,5
2021-06-18 09:56:17,B,1082.35,1,27
2021-06-18 09:56:17,B,1082.3,1,5
2021-06-18 09:56:17,B,1082.0,1,54
2021-06-18 09:56:17,B,1081.4,1,5
2021-06-18 09:56:17,B,1081.3,1,92
2021-06-18 09:56:18,S,1084.85,1,2
2021-06-18 09:56:18,S,1084.9,1,27
2021-06-18 09:56:18,S,1084.95,1,1
2021-06-18 09:56:18,S,1085.0,3,10
2021-06-18 09:56:18,S,1085.3,2,6
2021-06-18 09:56:18,B,1082.05,1,3
2021-06-18 09:56:18,B,1082.0,2,33
2021-06-18 09:56:18,B,1081.35,1,3
2021-06-18 09:56:18,B,1081.3,1,92
2021-06-18 09:56:18,B,1081.25,1,6
2021-06-18 09:56:18,S,1084.85,1,2
2021-06-18 09:56:18,S,1084.9,1,27
2021-06-18 09:56:18,S,1084.95,1,1
2021-06-18 09:56:18,S,1085.0,3,10
2021-06-18 09:56:18,S,1085.3,2,6
2021-06-18 09:56:18,B,1082.05,1,3
2021-06-18 09:56:18,B,1082.0,2,33
2021-06-18 09:56:18,B,1081.35,1,3
2021-06-18 09:56:18,B,1081.3,1,92
2021-06-18 09:56:18,B,1081.25,1,6
2021-06-18 09:56:19,S,1084.85,1,2
2021-06-18 09:56:19,S,1084.9,1,27
2021-06-18 09:56:19,S,1084.95,1,1
2021-06-18 09:56:19,S,1085.0,3,10
2021-06-18 09:56:19,S,1085.3,2,6
2021-06-18 09:56:19,B,1082.05,1,3
2021-06-18 09:56:19,B,1082.0,2,33
2021-06-18 09:56:19,B,1081.35,1,3
2021-06-18 09:56:19,B,1081.3,1,92
2021-06-18 09:56:19,B,1081.25,1,6
2021-06-18 09:56:19,S,1084.85,1,2
2021-06-18 09:56:19,S,1084.9,1,27
2021-06-18 09:56:19,S,1084.95,1,1
2021-06-18 09:56:19,S,1085.0,3,10
2021-06-18 09:56:19,S,1085.3,2,6
2021-06-18 09:56:19,B,1082.05,1,3
2021-06-18 09:56:19,B,1082.0,2,33
2021-06-18 09:56:19,B,1081.35,1,3
2021-06-18 09:56:19,B,1081.3,1,92
2021-06-18 09:56:19,B,1081.25,1,6
2021-06-18 09:56:21,S,1082.7,1,5
2021-06-18 09:56:21,S,1083.05,2,8
2021-06-18 09:56:21,S,1083.1,1,27
2021-06-18 09:56:21,S,1083.4,1,4
2021-06-18 09:56:21,S,1083.5,1,12
2021-06-18 09:56:21,B,1081.3,1,92
2021-06-18 09:56:21,B,1081.25,2,7
2021-06-18 09:56:21,B,1081.0,4,46
2021-06-18 09:56:21,B,1080.65,1,5
2021-06-18 09:56:21,B,1080.1,1,10
2021-06-18 09:56:21,S,1082.7,1,5
2021-06-18 09:56:21,S,1083.05,2,8
2021-06-18 09:56:21,S,1083.1,1,27
2021-06-18 09:56:21,S,1083.4,1,4
2021-06-18 09:56:21,S,1083.5,1,12
2021-06-18 09:56:21,B,1081.3,1,92
2021-06-18 09:56:21,B,1081.25,2,7
2021-06-18 09:56:21,B,1081.0,4,46
2021-06-18 09:56:21,B,1080.65,1,5
2021-06-18 09:56:21,B,1080.1,1,10
2021-06-18 09:56:22,S,1082.7,1,5
2021-06-18 09:56:22,S,1083.05,2,8
2021-06-18 09:56:22,S,1083.1,1,27
2021-06-18 09:56:22,S,1083.4,1,4
2021-06-18 09:56:22,S,1083.5,1,12
2021-06-18 09:56:22,B,1081.3,1,92
2021-06-18 09:56:22,B,1081.25,2,7
2021-06-18 09:56:22,B,1081.0,4,46
2021-06-18 09:56:22,B,1080.65,1,5
2021-06-18 09:56:22,B,1080.1,1,10
2021-06-18 09:56:22,S,1082.7,1,5
2021-06-18 09:56:22,S,1083.05,2,8
2021-06-18 09:56:22,S,1083.1,1,27
2021-06-18 09:56:22,S,1083.4,1,4
2021-06-18 09:56:22,S,1083.5,1,12
2021-06-18 09:56:22,B,1081.3,1,92
2021-06-18 09:56:22,B,1081.25,2,7
2021-06-18 09:56:22,B,1081.0,4,46
2021-06-18 09:56:22,B,1080.65,1,5
2021-06-18 09:56:22,B,1080.1,1,10
2021-06-18 09:56:24,S,1082.7,1,5
2021-06-18 09:56:24,S,1083.05,2,8
2021-06-18 09:56:24,S,1083.1,1,27
2021-06-18 09:56:24,S,1083.4,1,4
2021-06-18 09:56:24,S,1083.5,1,12
2021-06-18 09:56:24,B,1081.3,1,92
2021-06-18 09:56:24,B,1081.25,2,7
2021-06-18 09:56:24,B,1081.0,4,46
2021-06-18 09:56:24,B,1080.65,1,5
2021-06-18 09:56:24,B,1080.1,1,10
2021-06-18 09:56:24,S,1082.7,1,5
2021-06-18 09:56:24,S,1083.05,2,8
2021-06-18 09:56:24,S,1083.1,1,27
2021-06-18 09:56:24,S,1083.4,1,4
2021-06-18 09:56:24,S,1083.5,1,12
2021-06-18 09:56:24,B,1081.3,1,92
2021-06-18 09:56:24,B,1081.25,2,7
2021-06-18 09:56:24,B,1081.0,4,46
2021-06-18 09:56:24,B,1080.65,1,5
2021-06-18 09:56:24,B,1080.1,1,10
2021-06-18 09:56:24,S,1078.95,1,5
2021-06-18 09:56:24,S,1079.0,1,18
2021-06-18 09:56:24,S,1079.9,2,3
2021-06-18 09:56:24,S,1079.95,2,28
2021-06-18 09:56:24,S,1080.0,1,23
2021-06-18 09:56:24,B,1078.0,2,17
2021-06-18 09:56:24,B,1077.05,2,4
2021-06-18 09:56:24,B,1077.0,2,50
2021-06-18 09:56:24,B,1076.65,1,3
2021-06-18 09:56:24,B,1076.55,1,5
2021-06-18 09:56:24,S,1078.95,1,5
2021-06-18 09:56:24,S,1079.0,1,18
2021-06-18 09:56:24,S,1079.9,2,3
2021-06-18 09:56:24,S,1079.95,2,28
2021-06-18 09:56:24,S,1080.0,1,23
2021-06-18 09:56:24,B,1078.0,2,17
2021-06-18 09:56:24,B,1077.05,2,4
2021-06-18 09:56:24,B,1077.0,2,50
2021-06-18 09:56:24,B,1076.65,1,3
2021-06-18 09:56:24,B,1076.55,1,5
2021-06-18 09:56:26,S,1078.95,1,5
2021-06-18 09:56:26,S,1079.0,1,18
2021-06-18 09:56:26,S,1079.9,2,3
2021-06-18 09:56:26,S,1079.95,2,28
2021-06-18 09:56:26,S,1080.0,1,23
2021-06-18 09:56:26,B,1078.0,2,17
2021-06-18 09:56:26,B,1077.05,2,4
2021-06-18 09:56:26,B,1077.0,2,50
2021-06-18 09:56:26,B,1076.65,1,3
2021-06-18 09:56:26,B,1076.55,1,5
2021-06-18 09:56:26,S,1078.95,1,5
2021-06-18 09:56:26,S,1079.0,1,18
2021-06-18 09:56:26,S,1079.9,2,3
2021-06-18 09:56:26,S,1079.95,2,28
2021-06-18 09:56:26,S,1080.0,1,23
2021-06-18 09:56:26,B,1078.0,2,17
2021-06-18 09:56:26,B,1077.05,2,4
2021-06-18 09:56:26,B,1077.0,2,50
2021-06-18 09:56:26,B,1076.65,1,3
2021-06-18 09:56:26,B,1076.55,1,5
2021-06-18 09:56:27,S,1082.0,1,1
2021-06-18 09:56:27,S,1082.05,1,27
2021-06-18 09:56:27,S,1082.2,1,2
2021-06-18 09:56:27,S,1082.25,1,5
2021-06-18 09:56:27,S,1082.45,1,5
2021-06-18 09:56:27,B,1079.2,1,27
2021-06-18 09:56:27,B,1079.15,1,2
2021-06-18 09:56:27,B,1078.15,1,1
2021-06-18 09:56:27,B,1078.0,2,7
2021-06-18 09:56:27,B,1077.3,1,3
2021-06-18 09:56:27,S,1082.0,1,1
2021-06-18 09:56:27,S,1082.05,1,27
2021-06-18 09:56:27,S,1082.2,1,2
2021-06-18 09:56:27,S,1082.25,1,5
2021-06-18 09:56:27,S,1082.45,1,5
2021-06-18 09:56:27,B,1079.2,1,27
2021-06-18 09:56:27,B,1079.15,1,2
2021-06-18 09:56:27,B,1078.15,1,1
2021-06-18 09:56:27,B,1078.0,2,7
2021-06-18 09:56:27,B,1077.3,1,3
2021-06-18 09:56:28,S,1082.0,1,1
2021-06-18 09:56:28,S,1082.05,1,27
2021-06-18 09:56:28,S,1082.2,1,2
2021-06-18 09:56:28,S,1082.25,1,5
2021-06-18 09:56:28,S,1082.45,1,5
2021-06-18 09:56:28,B,1079.2,1,27
2021-06-18 09:56:28,B,1079.15,1,2
2021-06-18 09:56:28,B,1078.15,1,1
2021-06-18 09:56:28,B,1078.0,2,7
2021-06-18 09:56:28,B,1077.3,1,3
2021-06-18 09:56:29,S,1082.0,1,1
2021-06-18 09:56:29,S,1082.05,1,27
2021-06-18 09:56:29,S,1082.2,1,2
2021-06-18 09:56:29,S,1082.25,1,5
2021-06-18 09:56:29,S,1082.45,1,5
2021-06-18 09:56:29,B,1079.2,1,27
2021-06-18 09:56:29,B,1079.15,1,2
2021-06-18 09:56:29,B,1078.15,1,1
2021-06-18 09:56:29,B,1078.0,2,7
2021-06-18 09:56:29,B,1077.3,1,3
2021-06-18 09:56:31,S,1080.0,1,17
2021-06-18 09:56:31,S,1081.4,2,2
2021-06-18 09:56:31,S,1081.45,1,24
2021-06-18 09:56:31,S,1081.5,1,1
2021-06-18 09:56:31,S,1081.6,1,1
2021-06-18 09:56:31,B,1079.8,1,6
2021-06-18 09:56:31,B,1079.75,1,8
2021-06-18 09:56:31,B,1078.7,2,5
2021-06-18 09:56:31,B,1078.25,2,25
2021-06-18 09:56:31,B,1078.2,1,4
2021-06-18 09:56:31,S,1080.0,1,17
2021-06-18 09:56:31,S,1081.4,2,2
2021-06-18 09:56:31,S,1081.45,1,24
2021-06-18 09:56:31,S,1081.5,1,1
2021-06-18 09:56:31,S,1081.6,1,1
2021-06-18 09:56:31,B,1079.8,1,6
2021-06-18 09:56:31,B,1079.75,1,8
2021-06-18 09:56:31,B,1078.7,2,5
2021-06-18 09:56:31,B,1078.25,2,25
2021-06-18 09:56:31,B,1078.2,1,4
2021-06-18 09:56:32,S,1080.0,1,17
2021-06-18 09:56:32,S,1081.4,2,2
2021-06-18 09:56:32,S,1081.45,1,24
2021-06-18 09:56:32,S,1081.5,1,1
2021-06-18 09:56:32,S,1081.6,1,1
2021-06-18 09:56:32,B,1079.8,1,6
2021-06-18 09:56:32,B,1079.75,1,8
2021-06-18 09:56:32,B,1078.7,2,5
2021-06-18 09:56:32,B,1078.25,2,25
2021-06-18 09:56:32,B,1078.2,1,4
2021-06-18 09:56:32,S,1080.0,1,17
2021-06-18 09:56:32,S,1081.4,2,2
2021-06-18 09:56:32,S,1081.45,1,24
2021-06-18 09:56:32,S,1081.5,1,1
2021-06-18 09:56:32,S,1081.6,1,1
2021-06-18 09:56:32,B,1079.8,1,6
2021-06-18 09:56:32,B,1079.75,1,8
2021-06-18 09:56:32,B,1078.7,2,5
2021-06-18 09:56:32,B,1078.25,2,25
2021-06-18 09:56:32,B,1078.2,1,4
2021-06-18 09:56:34,S,1080.0,2,18
2021-06-18 09:56:34,S,1080.3,1,1
2021-06-18 09:56:34,S,1080.35,1,5
2021-06-18 09:56:34,S,1081.1,1,2
2021-06-18 09:56:34,S,1081.15,1,4
2021-06-18 09:56:34,B,1079.8,1,2
2021-06-18 09:56:34,B,1079.75,1,8
2021-06-18 09:56:34,B,1078.7,2,5
2021-06-18 09:56:34,B,1078.25,2,25
2021-06-18 09:56:34,B,1078.2,1,4
2021-06-18 09:56:34,S,1080.0,2,18
2021-06-18 09:56:34,S,1080.3,1,1
2021-06-18 09:56:34,S,1080.35,1,5
2021-06-18 09:56:34,S,1081.1,1,2
2021-06-18 09:56:34,S,1081.15,1,4
2021-06-18 09:56:34,B,1079.8,1,2
2021-06-18 09:56:34,B,1079.75,1,8
2021-06-18 09:56:34,B,1078.7,2,5
2021-06-18 09:56:34,B,1078.25,2,25
2021-06-18 09:56:34,B,1078.2,1,4
2021-06-18 09:56:37,S,1080.0,2,18
2021-06-18 09:56:37,S,1080.3,1,1
2021-06-18 09:56:37,S,1080.35,1,5
2021-06-18 09:56:37,S,1081.1,1,2
2021-06-18 09:56:37,S,1081.15,1,4
2021-06-18 09:56:37,B,1079.8,1,2
2021-06-18 09:56:37,B,1079.75,1,8
2021-06-18 09:56:37,B,1078.7,2,5
2021-06-18 09:56:37,B,1078.25,2,25
2021-06-18 09:56:37,B,1078.2,1,4
2021-06-18 09:56:37,S,1080.0,2,18
2021-06-18 09:56:37,S,1080.3,1,1
2021-06-18 09:56:37,S,1080.35,1,5
2021-06-18 09:56:37,S,1081.1,1,2
2021-06-18 09:56:37,S,1081.15,1,4
2021-06-18 09:56:37,B,1079.8,1,2
2021-06-18 09:56:37,B,1079.75,1,8
2021-06-18 09:56:37,B,1078.7,2,5
2021-06-18 09:56:37,B,1078.25,2,25
2021-06-18 09:56:37,B,1078.2,1,4
2021-06-18 09:56:38,S,1082.85,2,12
2021-06-18 09:56:38,S,1082.9,1,1
2021-06-18 09:56:38,S,1082.95,1,1
2021-06-18 09:56:38,S,1083.15,2,5
2021-06-18 09:56:38,S,1083.25,1,1
2021-06-18 09:56:38,B,1080.05,1,1
2021-06-18 09:56:38,B,1080.0,1,17
2021-06-18 09:56:38,B,1079.95,1,1
2021-06-18 09:56:38,B,1079.85,2,8
2021-06-18 09:56:38,B,1079.6,1,4
2021-06-18 09:56:38,S,1082.85,2,12
2021-06-18 09:56:38,S,1082.9,1,1
2021-06-18 09:56:38,S,1082.95,1,1
2021-06-18 09:56:38,S,1083.15,2,5
2021-06-18 09:56:38,S,1083.25,1,1
2021-06-18 09:56:38,B,1080.05,1,1
2021-06-18 09:56:38,B,1080.0,1,17
2021-06-18 09:56:38,B,1079.95,1,1
2021-06-18 09:56:38,B,1079.85,2,8
2021-06-18 09:56:38,B,1079.6,1,4
2021-06-18 09:56:40,S,1082.85,2,12
2021-06-18 09:56:40,S,1082.9,1,1
2021-06-18 09:56:40,S,1082.95,1,1
2021-06-18 09:56:40,S,1083.15,2,5
2021-06-18 09:56:40,S,1083.25,1,1
2021-06-18 09:56:40,B,1080.05,1,1
2021-06-18 09:56:40,B,1080.0,1,17
2021-06-18 09:56:40,B,1079.95,1,1
2021-06-18 09:56:40,B,1079.85,2,8
2021-06-18 09:56:40,B,1079.6,1,4
2021-06-18 09:56:40,S,1082.85,2,12
2021-06-18 09:56:40,S,1082.9,1,1
2021-06-18 09:56:40,S,1082.95,1,1
2021-06-18 09:56:40,S,1083.15,2,5
2021-06-18 09:56:40,S,1083.25,1,1
2021-06-18 09:56:40,B,1080.05,1,1
2021-06-18 09:56:40,B,1080.0,1,17
2021-06-18 09:56:40,B,1079.95,1,1
2021-06-18 09:56:40,B,1079.85,2,8
2021-06-18 09:56:40,B,1079.6,1,4
2021-06-18 09:56:42,S,1082.25,3,13
2021-06-18 09:56:42,S,1082.3,2,15
2021-06-18 09:56:42,S,1082.35,1,1
2021-06-18 09:56:42,S,1082.4,1,1
2021-06-18 09:56:42,S,1082.45,1,1
2021-06-18 09:56:42,B,1079.9,1,14
2021-06-18 09:56:42,B,1079.85,2,9
2021-06-18 09:56:42,B,1079.2,2,5
2021-06-18 09:56:42,B,1078.7,2,11
2021-06-18 09:56:42,B,1078.5,1,5
2021-06-18 09:56:42,S,1082.25,3,13
2021-06-18 09:56:42,S,1082.3,2,15
2021-06-18 09:56:42,S,1082.35,1,1
2021-06-18 09:56:42,S,1082.4,1,1
2021-06-18 09:56:42,S,1082.45,1,1
2021-06-18 09:56:42,B,1079.9,1,14
2021-06-18 09:56:42,B,1079.85,2,9
2021-06-18 09:56:42,B,1079.2,2,5
2021-06-18 09:56:42,B,1078.7,2,11
2021-06-18 09:56:42,B,1078.5,1,5
2021-06-18 09:56:43,S,1082.25,3,13
2021-06-18 09:56:43,S,1082.3,2,15
2021-06-18 09:56:43,S,1082.35,1,1
2021-06-18 09:56:43,S,1082.4,1,1
2021-06-18 09:56:43,S,1082.45,1,1
2021-06-18 09:56:43,B,1079.9,1,14
2021-06-18 09:56:43,B,1079.85,2,9
2021-06-18 09:56:43,B,1079.2,2,5
2021-06-18 09:56:43,B,1078.7,2,11
2021-06-18 09:56:43,B,1078.5,1,5
2021-06-18 09:56:43,S,1082.25,3,13
2021-06-18 09:56:43,S,1082.3,2,15
2021-06-18 09:56:43,S,1082.35,1,1
2021-06-18 09:56:43,S,1082.4,1,1
2021-06-18 09:56:43,S,1082.45,1,1
2021-06-18 09:56:43,B,1079.9,1,14
2021-06-18 09:56:43,B,1079.85,2,9
2021-06-18 09:56:43,B,1079.2,2,5
2021-06-18 09:56:43,B,1078.7,2,11
2021-06-18 09:56:43,B,1078.5,1,5
2021-06-18 09:56:45,S,1080.0,1,22
2021-06-18 09:56:45,S,1081.55,1,1
2021-06-18 09:56:45,S,1081.6,1,11
2021-06-18 09:56:45,S,1081.8,1,5
2021-06-18 09:56:45,S,1082.1,1,4
2021-06-18 09:56:45,B,1079.85,1,8
2021-06-18 09:56:45,B,1079.8,1,8
2021-06-18 09:56:45,B,1079.25,1,13
2021-06-18 09:56:45,B,1079.15,1,5
2021-06-18 09:56:45,B,1078.7,1,7
2021-06-18 09:56:45,S,1080.0,1,22
2021-06-18 09:56:45,S,1081.55,1,1
2021-06-18 09:56:45,S,1081.6,1,11
2021-06-18 09:56:45,S,1081.8,1,5
2021-06-18 09:56:45,S,1082.1,1,4
2021-06-18 09:56:45,B,1079.85,1,8
2021-06-18 09:56:45,B,1079.8,1,8
2021-06-18 09:56:45,B,1079.25,1,13
2021-06-18 09:56:45,B,1079.15,1,5
2021-06-18 09:56:45,B,1078.7,1,7
2021-06-18 09:56:46,S,1080.0,1,22
2021-06-18 09:56:46,S,1081.55,1,1
2021-06-18 09:56:46,S,1081.6,1,11
2021-06-18 09:56:46,S,1081.8,1,5
2021-06-18 09:56:46,S,1082.1,1,4
2021-06-18 09:56:46,B,1079.85,1,8
2021-06-18 09:56:46,B,1079.8,1,8
2021-06-18 09:56:46,B,1079.25,1,13
2021-06-18 09:56:46,B,1079.15,1,5
2021-06-18 09:56:46,B,1078.7,1,7
2021-06-18 09:56:46,S,1080.0,1,22
2021-06-18 09:56:46,S,1081.55,1,1
2021-06-18 09:56:46,S,1081.6,1,11
2021-06-18 09:56:46,S,1081.8,1,5
2021-06-18 09:56:46,S,1082.1,1,4
2021-06-18 09:56:46,B,1079.85,1,8
2021-06-18 09:56:46,B,1079.8,1,8
2021-06-18 09:56:46,B,1079.25,1,13
2021-06-18 09:56:46,B,1079.15,1,5
2021-06-18 09:56:46,B,1078.7,1,7
2021-06-18 09:56:48,S,1080.0,1,18
2021-06-18 09:56:48,S,1081.0,2,2
2021-06-18 09:56:48,S,1081.05,1,4
2021-06-18 09:56:48,S,1081.55,2,5
2021-06-18 09:56:48,S,1081.6,1,11
2021-06-18 09:56:48,B,1079.85,1,8
2021-06-18 09:56:48,B,1079.8,1,8
2021-06-18 09:56:48,B,1079.25,1,13
2021-06-18 09:56:48,B,1078.15,1,4
2021-06-18 09:56:48,B,1078.05,1,5
2021-06-18 09:56:48,S,1080.0,1,18
2021-06-18 09:56:48,S,1081.0,2,2
2021-06-18 09:56:48,S,1081.05,1,4
2021-06-18 09:56:48,S,1081.55,2,5
2021-06-18 09:56:48,S,1081.6,1,11
2021-06-18 09:56:48,B,1079.85,1,8
2021-06-18 09:56:48,B,1079.8,1,8
2021-06-18 09:56:48,B,1079.25,1,13
2021-06-18 09:56:48,B,1078.15,1,4
2021-06-18 09:56:48,B,1078.05,1,5
2021-06-18 09:56:49,S,1080.0,1,18
2021-06-18 09:56:49,S,1081.0,2,2
2021-06-18 09:56:49,S,1081.05,1,4
2021-06-18 09:56:49,S,1081.55,2,5
2021-06-18 09:56:49,S,1081.6,1,11
2021-06-18 09:56:49,B,1079.85,1,8
2021-06-18 09:56:49,B,1079.8,1,8
2021-06-18 09:56:49,B,1079.25,1,13
2021-06-18 09:56:49,B,1078.15,1,4
2021-06-18 09:56:49,B,1078.05,1,5
2021-06-18 09:56:49,S,1080.0,1,18
2021-06-18 09:56:49,S,1081.0,2,2
2021-06-18 09:56:49,S,1081.05,1,4
2021-06-18 09:56:49,S,1081.55,2,5
2021-06-18 09:56:49,S,1081.6,1,11
2021-06-18 09:56:49,B,1079.85,1,8
2021-06-18 09:56:49,B,1079.8,1,8
2021-06-18 09:56:49,B,1079.25,1,13
2021-06-18 09:56:49,B,1078.15,1,4
2021-06-18 09:56:49,B,1078.05,1,5
2021-06-18 09:56:52,S,1080.0,1,13
2021-06-18 09:56:52,S,1080.35,1,5
2021-06-18 09:56:52,S,1081.0,1,1
2021-06-18 09:56:52,S,1081.05,1,4
2021-06-18 09:56:52,S,1081.55,2,5
2021-06-18 09:56:52,B,1079.85,1,8
2021-06-18 09:56:52,B,1079.8,1,8
2021-06-18 09:56:52,B,1078.15,2,5
2021-06-18 09:56:52,B,1078.0,1,6
2021-06-18 09:56:52,B,1077.85,1,7
2021-06-18 09:56:52,S,1080.0,1,13
2021-06-18 09:56:52,S,1080.35,1,5
2021-06-18 09:56:52,S,1081.0,1,1
2021-06-18 09:56:52,S,1081.05,1,4
2021-06-18 09:56:52,S,1081.55,2,5
2021-06-18 09:56:52,B,1079.85,1,8
2021-06-18 09:56:52,B,1079.8,1,8
2021-06-18 09:56:52,B,1078.15,2,5
2021-06-18 09:56:52,B,1078.0,1,6
2021-06-18 09:56:52,B,1077.85,1,7
2021-06-18 09:56:55,S,1080.0,1,13
2021-06-18 09:56:55,S,1081.0,1,1
2021-06-18 09:56:55,S,1081.05,1,4
2021-06-18 09:56:55,S,1081.55,2,5
2021-06-18 09:56:55,S,1081.6,1,11
2021-06-18 09:56:55,B,1079.85,1,8
2021-06-18 09:56:55,B,1079.8,1,8
2021-06-18 09:56:55,B,1078.7,1,4
2021-06-18 09:56:55,B,1078.15,2,5
2021-06-18 09:56:55,B,1078.0,1,6
2021-06-18 09:56:55,S,1080.0,1,13
2021-06-18 09:56:55,S,1081.0,1,1
2021-06-18 09:56:55,S,1081.05,1,4
2021-06-18 09:56:55,S,1081.55,2,5
2021-06-18 09:56:55,S,1081.6,1,11
2021-06-18 09:56:55,B,1079.85,1,8
2021-06-18 09:56:55,B,1079.8,1,8
2021-06-18 09:56:55,B,1078.7,1,4
2021-06-18 09:56:55,B,1078.15,2,5
2021-06-18 09:56:55,B,1078.0,1,6
2021-06-18 09:56:56,S,1080.0,1,13
2021-06-18 09:56:56,S,1081.0,1,1
2021-06-18 09:56:56,S,1081.05,1,4
2021-06-18 09:56:56,S,1081.55,2,5
2021-06-18 09:56:56,S,1081.6,1,11
2021-06-18 09:56:56,B,1079.85,1,8
2021-06-18 09:56:56,B,1079.8,1,8
2021-06-18 09:56:56,B,1078.7,1,4
2021-06-18 09:56:56,B,1078.15,2,5
2021-06-18 09:56:56,B,1078.0,1,6
2021-06-18 09:56:56,S,1080.0,1,13
2021-06-18 09:56:56,S,1081.0,1,1
2021-06-18 09:56:56,S,1081.05,1,4
2021-06-18 09:56:56,S,1081.55,2,5
2021-06-18 09:56:56,S,1081.6,1,11
2021-06-18 09:56:56,B,1079.85,1,8
2021-06-18 09:56:56,B,1079.8,1,8
2021-06-18 09:56:56,B,1078.7,1,4
2021-06-18 09:56:56,B,1078.15,2,5
2021-06-18 09:56:56,B,1078.0,1,6
2021-06-18 09:56:58,S,1081.3,1,5
2021-06-18 09:56:58,S,1081.55,1,1
2021-06-18 09:56:58,S,1081.6,1,4
2021-06-18 09:56:58,S,1082.05,1,11
2021-06-18 09:56:58,S,1082.1,1,4
2021-06-18 09:56:58,B,1079.85,1,8
2021-06-18 09:56:58,B,1079.8,2,9
2021-06-18 09:56:58,B,1079.6,1,5
2021-06-18 09:56:58,B,1079.3,2,5
2021-06-18 09:56:58,B,1078.7,2,5
2021-06-18 09:56:58,S,1081.3,1,5
2021-06-18 09:56:58,S,1081.55,1,1
2021-06-18 09:56:58,S,1081.6,1,4
2021-06-18 09:56:58,S,1082.05,1,11
2021-06-18 09:56:58,S,1082.1,1,4
2021-06-18 09:56:58,B,1079.85,1,8
2021-06-18 09:56:58,B,1079.8,2,9
2021-06-18 09:56:58,B,1079.6,1,5
2021-06-18 09:56:58,B,1079.3,2,5
2021-06-18 09:56:58,B,1078.7,2,5
2021-06-18 09:57:01,S,1082.85,1,1
2021-06-18 09:57:01,S,1082.9,1,1
2021-06-18 09:57:01,S,1083.1,2,7
2021-06-18 09:57:01,S,1083.15,1,4
2021-06-18 09:57:01,S,1083.9,1,4
2021-06-18 09:57:01,B,1080.05,1,9
2021-06-18 09:57:01,B,1080.0,2,201
2021-06-18 09:57:01,B,1079.45,2,6
2021-06-18 09:57:01,B,1079.3,2,5
2021-06-18 09:57:01,B,1078.7,2,5
2021-06-18 09:57:01,S,1082.85,1,1
2021-06-18 09:57:01,S,1082.9,1,1
2021-06-18 09:57:01,S,1083.1,2,7
2021-06-18 09:57:01,S,1083.15,1,4
2021-06-18 09:57:01,S,1083.9,1,4
2021-06-18 09:57:01,B,1080.05,1,9
2021-06-18 09:57:01,B,1080.0,2,201
2021-06-18 09:57:01,B,1079.45,2,6
2021-06-18 09:57:01,B,1079.3,2,5
2021-06-18 09:57:01,B,1078.7,2,5
2021-06-18 09:57:05,S,1082.65,1,1
2021-06-18 09:57:05,S,1082.7,2,16
2021-06-18 09:57:05,S,1082.9,2,2
2021-06-18 09:57:05,S,1083.1,2,7
2021-06-18 09:57:05,S,1083.15,1,4
2021-06-18 09:57:05,B,1080.3,1,5
2021-06-18 09:57:05,B,1080.05,2,15
2021-06-18 09:57:05,B,1080.0,2,201
2021-06-18 09:57:05,B,1079.3,2,5
2021-06-18 09:57:05,B,1078.7,2,5
2021-06-18 09:57:05,S,1082.65,1,1
2021-06-18 09:57:05,S,1082.7,2,16
2021-06-18 09:57:05,S,1082.9,2,2
2021-06-18 09:57:05,S,1083.1,2,7
2021-06-18 09:57:05,S,1083.15,1,4
2021-06-18 09:57:05,B,1080.3,1,5
2021-06-18 09:57:05,B,1080.05,2,15
2021-06-18 09:57:05,B,1080.0,2,201
2021-06-18 09:57:05,B,1079.3,2,5
2021-06-18 09:57:05,B,1078.7,2,5
2021-06-18 09:57:09,S,1082.65,1,1
2021-06-18 09:57:09,S,1082.7,2,16
2021-06-18 09:57:09,S,1082.9,2,2
2021-06-18 09:57:09,S,1083.1,2,7
2021-06-18 09:57:09,S,1083.15,1,4
2021-06-18 09:57:09,B,1080.3,1,5
2021-06-18 09:57:09,B,1080.05,2,15
2021-06-18 09:57:09,B,1080.0,2,201
2021-06-18 09:57:09,B,1079.95,1,4
2021-06-18 09:57:09,B,1079.3,2,5
2021-06-18 09:57:09,S,1082.65,1,1
2021-06-18 09:57:09,S,1082.7,2,16
2021-06-18 09:57:09,S,1082.9,2,2
2021-06-18 09:57:09,S,1083.1,2,7
2021-06-18 09:57:09,S,1083.15,1,4
2021-06-18 09:57:09,B,1080.3,1,5
2021-06-18 09:57:09,B,1080.05,2,15
2021-06-18 09:57:09,B,1080.0,2,201
2021-06-18 09:57:09,B,1079.95,1,4
2021-06-18 09:57:09,B,1079.3,2,5
2021-06-18 09:57:12,S,1082.45,1,1
2021-06-18 09:57:12,S,1082.5,1,8
2021-06-18 09:57:12,S,1082.65,1,1
2021-06-18 09:57:12,S,1082.9,2,2
2021-06-18 09:57:12,S,1083.1,2,7
2021-06-18 09:57:12,B,1080.3,1,5
2021-06-18 09:57:12,B,1080.1,1,3
2021-06-18 09:57:12,B,1080.05,2,7
2021-06-18 09:57:12,B,1080.0,2,201
2021-06-18 09:57:12,B,1079.95,1,4
2021-06-18 09:57:12,S,1082.45,1,1
2021-06-18 09:57:12,S,1082.5,1,8
2021-06-18 09:57:12,S,1082.65,1,1
2021-06-18 09:57:12,S,1082.9,2,2
2021-06-18 09:57:12,S,1083.1,2,7
2021-06-18 09:57:12,B,1080.3,1,5
2021-06-18 09:57:12,B,1080.1,1,3
2021-06-18 09:57:12,B,1080.05,2,7
2021-06-18 09:57:12,B,1080.0,2,201
2021-06-18 09:57:12,B,1079.95,1,4
2021-06-18 09:57:15,S,1081.9,1,1
2021-06-18 09:57:15,S,1081.95,2,7
2021-06-18 09:57:15,S,1082.0,1,1
2021-06-18 09:57:15,S,1082.05,1,1
2021-06-18 09:57:15,S,1082.65,2,5
2021-06-18 09:57:15,B,1080.1,1,3
2021-06-18 09:57:15,B,1080.05,2,12
2021-06-18 09:57:15,B,1080.0,1,200
2021-06-18 09:57:15,B,1079.3,1,4
2021-06-18 09:57:15,B,1078.7,3,12
2021-06-18 09:57:15,S,1081.9,1,1
2021-06-18 09:57:15,S,1081.95,2,7
2021-06-18 09:57:15,S,1082.0,1,1
2021-06-18 09:57:15,S,1082.05,1,1
2021-06-18 09:57:15,S,1082.65,2,5
2021-06-18 09:57:15,B,1080.1,1,3
2021-06-18 09:57:15,B,1080.05,2,12
2021-06-18 09:57:15,B,1080.0,1,200
2021-06-18 09:57:15,B,1079.3,1,4
2021-06-18 09:57:15,B,1078.7,3,12
2021-06-18 09:57:16,S,1081.9,1,1
2021-06-18 09:57:16,S,1081.95,2,7
2021-06-18 09:57:16,S,1082.0,1,1
2021-06-18 09:57:16,S,1082.05,1,1
2021-06-18 09:57:16,S,1082.65,2,5
2021-06-18 09:57:16,B,1080.1,1,3
2021-06-18 09:57:16,B,1080.05,2,12
2021-06-18 09:57:16,B,1080.0,1,200
2021-06-18 09:57:16,B,1079.3,1,4
2021-06-18 09:57:16,B,1078.7,3,12
2021-06-18 09:57:16,S,1081.9,1,1
2021-06-18 09:57:16,S,1081.95,2,7
2021-06-18 09:57:16,S,1082.0,1,1
2021-06-18 09:57:16,S,1082.05,1,1
2021-06-18 09:57:16,S,1082.65,2,5
2021-06-18 09:57:16,B,1080.1,1,3
2021-06-18 09:57:16,B,1080.05,2,12
2021-06-18 09:57:16,B,1080.0,1,200
2021-06-18 09:57:16,B,1079.3,1,4
2021-06-18 09:57:16,B,1078.7,3,12
2021-06-18 09:57:18,S,1081.35,1,6
2021-06-18 09:57:18,S,1081.4,1,1
2021-06-18 09:57:18,S,1081.45,1,1
2021-06-18 09:57:18,S,1081.55,1,1
2021-06-18 09:57:18,S,1081.65,1,1
2021-06-18 09:57:18,B,1080.0,1,8
2021-06-18 09:57:18,B,1079.95,1,8
2021-06-18 09:57:18,B,1078.15,2,5
2021-06-18 09:57:18,B,1078.0,1,6
2021-06-18 09:57:18,B,1077.8,1,5
2021-06-18 09:57:18,S,1081.35,1,6
2021-06-18 09:57:18,S,1081.4,1,1
2021-06-18 09:57:18,S,1081.45,1,1
2021-06-18 09:57:18,S,1081.55,1,1
2021-06-18 09:57:18,S,1081.65,1,1
2021-06-18 09:57:18,B,1080.0,1,8
2021-06-18 09:57:18,B,1079.95,1,8
2021-06-18 09:57:18,B,1078.15,2,5
2021-06-18 09:57:18,B,1078.0,1,6
2021-06-18 09:57:18,B,1077.8,1,5
2021-06-18 09:57:20,S,1081.35,1,6
2021-06-18 09:57:20,S,1081.4,1,1
2021-06-18 09:57:20,S,1081.45,1,1
2021-06-18 09:57:20,S,1081.55,1,1
2021-06-18 09:57:20,S,1081.65,1,1
2021-06-18 09:57:20,B,1080.0,1,8
2021-06-18 09:57:20,B,1079.95,1,8
2021-06-18 09:57:20,B,1078.15,2,5
2021-06-18 09:57:20,B,1078.0,1,6
2021-06-18 09:57:20,B,1077.8,1,5
2021-06-18 09:57:20,S,1081.35,1,6
2021-06-18 09:57:20,S,1081.4,1,1
2021-06-18 09:57:20,S,1081.45,1,1
2021-06-18 09:57:20,S,1081.55,1,1
2021-06-18 09:57:20,S,1081.65,1,1
2021-06-18 09:57:20,B,1080.0,1,8
2021-06-18 09:57:20,B,1079.95,1,8
2021-06-18 09:57:20,B,1078.15,2,5
2021-06-18 09:57:20,B,1078.0,1,6
2021-06-18 09:57:20,B,1077.8,1,5
2021-06-18 09:57:21,S,1081.35,1,6
2021-06-18 09:57:21,S,1081.4,1,1
2021-06-18 09:57:21,S,1081.45,1,1
2021-06-18 09:57:21,S,1081.55,1,1
2021-06-18 09:57:21,S,1081.65,1,1
2021-06-18 09:57:21,B,1080.0,1,8
2021-06-18 09:57:21,B,1079.95,1,8
2021-06-18 09:57:21,B,1078.15,2,5
2021-06-18 09:57:21,B,1078.0,1,6
2021-06-18 09:57:21,B,1077.8,1,5
2021-06-18 09:57:21,S,1081.35,1,6
2021-06-18 09:57:21,S,1081.4,1,1
2021-06-18 09:57:21,S,1081.45,1,1
2021-06-18 09:57:21,S,1081.55,1,1
2021-06-18 09:57:21,S,1081.65,1,1
2021-06-18 09:57:21,B,1080.0,1,8
2021-06-18 09:57:21,B,1079.95,1,8
2021-06-18 09:57:21,B,1078.15,2,5
2021-06-18 09:57:21,B,1078.0,1,6
2021-06-18 09:57:21,B,1077.8,1,5
2021-06-18 09:57:22,S,1080.45,1,1
2021-06-18 09:57:22,S,1080.5,1,6
2021-06-18 09:57:22,S,1080.55,1,1
2021-06-18 09:57:22,S,1080.65,1,1
2021-06-18 09:57:22,S,1080.7,2,12
2021-06-18 09:57:22,B,1077.85,1,5
2021-06-18 09:57:22,B,1077.35,2,8
2021-06-18 09:57:22,B,1077.3,2,7
2021-06-18 09:57:22,B,1077.1,2,7
2021-06-18 09:57:22,B,1077.05,1,4
2021-06-18 09:57:22,S,1080.45,1,1
2021-06-18 09:57:22,S,1080.5,1,6
2021-06-18 09:57:22,S,1080.55,1,1
2021-06-18 09:57:22,S,1080.65,1,1
2021-06-18 09:57:22,S,1080.7,2,12
2021-06-18 09:57:22,B,1077.85,1,5
2021-06-18 09:57:22,B,1077.35,2,8
2021-06-18 09:57:22,B,1077.3,2,7
2021-06-18 09:57:22,B,1077.1,2,7
2021-06-18 09:57:22,B,1077.05,1,4
2021-06-18 09:57:25,S,1080.45,1,1
2021-06-18 09:57:25,S,1080.5,1,6
2021-06-18 09:57:25,S,1080.55,1,1
2021-06-18 09:57:25,S,1080.65,1,1
2021-06-18 09:57:25,S,1080.7,2,12
2021-06-18 09:57:25,B,1077.85,1,5
2021-06-18 09:57:25,B,1077.35,2,8
2021-06-18 09:57:25,B,1077.3,2,7
2021-06-18 09:57:25,B,1077.1,2,7
2021-06-18 09:57:25,B,1077.05,1,4
2021-06-18 09:57:25,S,1080.45,1,1
2021-06-18 09:57:25,S,1080.5,1,6
2021-06-18 09:57:25,S,1080.55,1,1
2021-06-18 09:57:25,S,1080.65,1,1
2021-06-18 09:57:25,S,1080.7,2,12
2021-06-18 09:57:25,B,1077.85,1,5
2021-06-18 09:57:25,B,1077.35,2,8
2021-06-18 09:57:25,B,1077.3,2,7
2021-06-18 09:57:25,B,1077.1,2,7
2021-06-18 09:57:25,B,1077.05,1,4
2021-06-18 09:57:26,S,1078.35,1,1
2021-06-18 09:57:26,S,1078.4,1,5
2021-06-18 09:57:26,S,1078.55,2,12
2021-06-18 09:57:26,S,1079.35,1,5
2021-06-18 09:57:26,S,1079.45,1,5
2021-06-18 09:57:26,B,1075.45,1,5
2021-06-18 09:57:26,B,1075.4,2,8
2021-06-18 09:57:26,B,1075.35,2,2
2021-06-18 09:57:26,B,1075.3,3,11
2021-06-18 09:57:26,B,1075.1,1,1
2021-06-18 09:57:26,S,1078.35,1,1
2021-06-18 09:57:26,S,1078.4,1,5
2021-06-18 09:57:26,S,1078.55,2,12
2021-06-18 09:57:26,S,1079.35,1,5
2021-06-18 09:57:26,S,1079.45,1,5
2021-06-18 09:57:26,B,1075.45,1,5
2021-06-18 09:57:26,B,1075.4,2,8
2021-06-18 09:57:26,B,1075.35,2,2
2021-06-18 09:57:26,B,1075.3,3,11
2021-06-18 09:57:26,B,1075.1,1,1
2021-06-18 09:57:30,S,1077.3,3,6
2021-06-18 09:57:30,S,1077.4,2,6
2021-06-18 09:57:30,S,1077.75,1,11
2021-06-18 09:57:30,S,1077.85,2,5
2021-06-18 09:57:30,S,1078.75,1,11
2021-06-18 09:57:30,B,1075.4,1,7
2021-06-18 09:57:30,B,1075.35,1,1
2021-06-18 09:57:30,B,1075.3,1,4
2021-06-18 09:57:30,B,1075.1,1,1
2021-06-18 09:57:30,B,1075.05,1,4
2021-06-18 09:57:30,S,1077.3,3,6
2021-06-18 09:57:30,S,1077.4,2,6
2021-06-18 09:57:30,S,1077.75,1,11
2021-06-18 09:57:30,S,1077.85,2,5
2021-06-18 09:57:30,S,1078.75,1,11
2021-06-18 09:57:30,B,1075.4,1,7
2021-06-18 09:57:30,B,1075.35,1,1
2021-06-18 09:57:30,B,1075.3,1,4
2021-06-18 09:57:30,B,1075.1,1,1
2021-06-18 09:57:30,B,1075.05,1,4
2021-06-18 09:57:30,S,1077.3,3,6
2021-06-18 09:57:30,S,1077.4,2,6
2021-06-18 09:57:30,S,1077.75,1,11
2021-06-18 09:57:30,S,1077.85,2,5
2021-06-18 09:57:30,S,1078.75,1,11
2021-06-18 09:57:30,B,1075.4,1,7
2021-06-18 09:57:30,B,1075.35,1,1
2021-06-18 09:57:30,B,1075.3,1,4
2021-06-18 09:57:30,B,1075.1,1,1
2021-06-18 09:57:30,B,1075.05,1,4
2021-06-18 09:57:30,S,1077.3,3,6
2021-06-18 09:57:30,S,1077.4,2,6
2021-06-18 09:57:30,S,1077.75,1,11
2021-06-18 09:57:30,S,1077.85,2,5
2021-06-18 09:57:30,S,1078.75,1,11
2021-06-18 09:57:30,B,1075.4,1,7
2021-06-18 09:57:30,B,1075.35,1,1
2021-06-18 09:57:30,B,1075.3,1,4
2021-06-18 09:57:30,B,1075.1,1,1
2021-06-18 09:57:30,B,1075.05,1,4
2021-06-18 09:57:33,S,1077.3,3,6
2021-06-18 09:57:33,S,1077.4,2,6
2021-06-18 09:57:33,S,1077.75,1,11
2021-06-18 09:57:33,S,1077.85,2,5
2021-06-18 09:57:33,S,1078.75,1,11
2021-06-18 09:57:33,B,1075.4,1,7
2021-06-18 09:57:33,B,1075.35,1,1
2021-06-18 09:57:33,B,1075.3,1,4
2021-06-18 09:57:33,B,1075.1,1,1
2021-06-18 09:57:33,B,1075.05,1,4
2021-06-18 09:57:33,S,1077.3,3,6
2021-06-18 09:57:33,S,1077.4,2,6
2021-06-18 09:57:33,S,1077.75,1,11
2021-06-18 09:57:33,S,1077.85,2,5
2021-06-18 09:57:33,S,1078.75,1,11
2021-06-18 09:57:33,B,1075.4,1,7
2021-06-18 09:57:33,B,1075.35,1,1
2021-06-18 09:57:33,B,1075.3,1,4
2021-06-18 09:57:33,B,1075.1,1,1
2021-06-18 09:57:33,B,1075.05,1,4
2021-06-18 09:57:33,S,1077.2,1,1
2021-06-18 09:57:33,S,1077.25,1,11
2021-06-18 09:57:33,S,1077.3,2,2
2021-06-18 09:57:33,S,1077.8,1,3
2021-06-18 09:57:33,S,1077.85,3,18
2021-06-18 09:57:33,B,1075.1,1,1
2021-06-18 09:57:33,B,1075.05,1,4
2021-06-18 09:57:33,B,1075.0,3,45
2021-06-18 09:57:33,B,1074.35,1,4
2021-06-18 09:57:33,B,1073.6,1,6
2021-06-18 09:57:33,S,1077.2,1,1
2021-06-18 09:57:33,S,1077.25,1,11
2021-06-18 09:57:33,S,1077.3,2,2
2021-06-18 09:57:33,S,1077.8,1,3
2021-06-18 09:57:33,S,1077.85,3,18
2021-06-18 09:57:33,B,1075.1,1,1
2021-06-18 09:57:33,B,1075.05,1,4
2021-06-18 09:57:33,B,1075.0,3,45
2021-06-18 09:57:33,B,1074.35,1,4
2021-06-18 09:57:33,B,1073.6,1,6
2021-06-18 09:57:35,S,1077.2,1,1
2021-06-18 09:57:35,S,1077.25,1,11
2021-06-18 09:57:35,S,1077.3,2,2
2021-06-18 09:57:35,S,1077.8,1,3
2021-06-18 09:57:35,S,1077.85,3,18
2021-06-18 09:57:35,B,1075.1,1,1
2021-06-18 09:57:35,B,1075.05,1,4
2021-06-18 09:57:35,B,1075.0,3,45
2021-06-18 09:57:35,B,1074.35,1,4
2021-06-18 09:57:35,B,1073.6,1,6
2021-06-18 09:57:35,S,1077.2,1,1
2021-06-18 09:57:35,S,1077.25,1,11
2021-06-18 09:57:35,S,1077.3,2,2
2021-06-18 09:57:35,S,1077.8,1,3
2021-06-18 09:57:35,S,1077.85,3,18
2021-06-18 09:57:35,B,1075.1,1,1
2021-06-18 09:57:35,B,1075.05,1,4
2021-06-18 09:57:35,B,1075.0,3,45
2021-06-18 09:57:35,B,1074.35,1,4
2021-06-18 09:57:35,B,1073.6,1,6
2021-06-18 09:57:36,S,1077.2,1,1
2021-06-18 09:57:36,S,1077.25,1,11
2021-06-18 09:57:36,S,1077.3,2,2
2021-06-18 09:57:36,S,1077.8,1,3
2021-06-18 09:57:36,S,1077.85,3,18
2021-06-18 09:57:36,B,1075.1,1,1
2021-06-18 09:57:36,B,1075.05,1,4
2021-06-18 09:57:36,B,1075.0,3,45
2021-06-18 09:57:36,B,1074.35,1,4
2021-06-18 09:57:36,B,1073.6,1,6
2021-06-18 09:57:36,S,1077.2,1,1
2021-06-18 09:57:36,S,1077.25,1,11
2021-06-18 09:57:36,S,1077.3,2,2
2021-06-18 09:57:36,S,1077.8,1,3
2021-06-18 09:57:36,S,1077.85,3,18
2021-06-18 09:57:36,B,1075.1,1,1
2021-06-18 09:57:36,B,1075.05,1,4
2021-06-18 09:57:36,B,1075.0,3,45
2021-06-18 09:57:36,B,1074.35,1,4
2021-06-18 09:57:36,B,1073.6,1,6
2021-06-18 09:57:37,S,1074.6,1,1
2021-06-18 09:57:37,S,1074.65,1,4
2021-06-18 09:57:37,S,1074.7,1,5
2021-06-18 09:57:37,S,1074.9,1,5
2021-06-18 09:57:37,S,1075.1,1,5
2021-06-18 09:57:37,B,1071.75,1,1
2021-06-18 09:57:37,B,1071.7,1,4
2021-06-18 09:57:37,B,1071.55,1,1
2021-06-18 09:57:37,B,1071.1,1,3
2021-06-18 09:57:37,B,1071.0,2,2
2021-06-18 09:57:37,S,1074.6,1,1
2021-06-18 09:57:37,S,1074.65,1,4
2021-06-18 09:57:37,S,1074.7,1,5
2021-06-18 09:57:37,S,1074.9,1,5
2021-06-18 09:57:37,S,1075.1,1,5
2021-06-18 09:57:37,B,1071.75,1,1
2021-06-18 09:57:37,B,1071.7,1,4
2021-06-18 09:57:37,B,1071.55,1,1
2021-06-18 09:57:37,B,1071.1,1,3
2021-06-18 09:57:37,B,1071.0,2,2
2021-06-18 09:57:37,S,1074.6,1,1
2021-06-18 09:57:37,S,1074.65,1,4
2021-06-18 09:57:37,S,1074.7,1,5
2021-06-18 09:57:37,S,1074.9,1,5
2021-06-18 09:57:37,S,1075.1,1,5
2021-06-18 09:57:37,B,1071.75,1,1
2021-06-18 09:57:37,B,1071.7,1,4
2021-06-18 09:57:37,B,1071.55,1,1
2021-06-18 09:57:37,B,1071.1,1,3
2021-06-18 09:57:37,B,1071.0,2,2
2021-06-18 09:57:37,S,1074.6,1,1
2021-06-18 09:57:37,S,1074.65,1,4
2021-06-18 09:57:37,S,1074.7,1,5
2021-06-18 09:57:37,S,1074.9,1,5
2021-06-18 09:57:37,S,1075.1,1,5
2021-06-18 09:57:37,B,1071.75,1,1
2021-06-18 09:57:37,B,1071.7,1,4
2021-06-18 09:57:37,B,1071.55,1,1
2021-06-18 09:57:37,B,1071.1,1,3
2021-06-18 09:57:37,B,1071.0,2,2
2021-06-18 09:57:38,S,1074.6,1,1
2021-06-18 09:57:38,S,1074.65,1,4
2021-06-18 09:57:38,S,1074.7,1,5
2021-06-18 09:57:38,S,1074.9,1,5
2021-06-18 09:57:38,S,1075.1,1,5
2021-06-18 09:57:38,B,1071.75,1,1
2021-06-18 09:57:38,B,1071.7,1,4
2021-06-18 09:57:38,B,1071.55,1,1
2021-06-18 09:57:38,B,1071.1,1,3
2021-06-18 09:57:38,B,1071.0,2,2
2021-06-18 09:57:38,S,1074.6,1,1
2021-06-18 09:57:38,S,1074.65,1,4
2021-06-18 09:57:38,S,1074.7,1,5
2021-06-18 09:57:38,S,1074.9,1,5
2021-06-18 09:57:38,S,1075.1,1,5
2021-06-18 09:57:38,B,1071.75,1,1
2021-06-18 09:57:38,B,1071.7,1,4
2021-06-18 09:57:38,B,1071.55,1,1
2021-06-18 09:57:38,B,1071.1,1,3
2021-06-18 09:57:38,B,1071.0,2,2
2021-06-18 09:57:39,S,1074.6,1,1
2021-06-18 09:57:39,S,1074.65,1,4
2021-06-18 09:57:39,S,1074.7,1,5
2021-06-18 09:57:39,S,1074.9,1,5
2021-06-18 09:57:39,S,1075.1,1,5
2021-06-18 09:57:39,B,1071.75,1,1
2021-06-18 09:57:39,B,1071.7,1,4
2021-06-18 09:57:39,B,1071.55,1,1
2021-06-18 09:57:39,B,1071.1,1,3
2021-06-18 09:57:39,B,1071.0,2,2
2021-06-18 09:57:39,S,1074.6,1,1
2021-06-18 09:57:39,S,1074.65,1,4
2021-06-18 09:57:39,S,1074.7,1,5
2021-06-18 09:57:39,S,1074.9,1,5
2021-06-18 09:57:39,S,1075.1,1,5
2021-06-18 09:57:39,B,1071.75,1,1
2021-06-18 09:57:39,B,1071.7,1,4
2021-06-18 09:57:39,B,1071.55,1,1
2021-06-18 09:57:39,B,1071.1,1,3
2021-06-18 09:57:39,B,1071.0,2,2
2021-06-18 09:57:41,S,1073.95,1,1
2021-06-18 09:57:41,S,1074.0,1,4
2021-06-18 09:57:41,S,1074.25,1,4
2021-06-18 09:57:41,S,1074.35,1,19
2021-06-18 09:57:41,S,1074.8,1,4
2021-06-18 09:57:41,B,1071.4,1,1
2021-06-18 09:57:41,B,1071.35,2,5
2021-06-18 09:57:41,B,1071.05,3,13
2021-06-18 09:57:41,B,1071.0,2,2
2021-06-18 09:57:41,B,1070.65,1,5
2021-06-18 09:57:41,S,1073.95,1,1
2021-06-18 09:57:41,S,1074.0,1,4
2021-06-18 09:57:41,S,1074.25,1,4
2021-06-18 09:57:41,S,1074.35,1,19
2021-06-18 09:57:41,S,1074.8,1,4
2021-06-18 09:57:41,B,1071.4,1,1
2021-06-18 09:57:41,B,1071.35,2,5
2021-06-18 09:57:41,B,1071.05,3,13
2021-06-18 09:57:41,B,1071.0,2,2
2021-06-18 09:57:41,B,1070.65,1,5
2021-06-18 09:57:42,S,1073.95,1,1
2021-06-18 09:57:42,S,1074.0,1,4
2021-06-18 09:57:42,S,1074.25,1,4
2021-06-18 09:57:42,S,1074.35,1,19
2021-06-18 09:57:42,S,1074.8,1,4
2021-06-18 09:57:42,B,1071.4,1,1
2021-06-18 09:57:42,B,1071.35,2,5
2021-06-18 09:57:42,B,1071.05,3,13
2021-06-18 09:57:42,B,1071.0,2,2
2021-06-18 09:57:42,B,1070.65,1,5
2021-06-18 09:57:42,S,1073.95,1,1
2021-06-18 09:57:42,S,1074.0,1,4
2021-06-18 09:57:42,S,1074.25,1,4
2021-06-18 09:57:42,S,1074.35,1,19
2021-06-18 09:57:42,S,1074.8,1,4
2021-06-18 09:57:42,B,1071.4,1,1
2021-06-18 09:57:42,B,1071.35,2,5
2021-06-18 09:57:42,B,1071.05,3,13
2021-06-18 09:57:42,B,1071.0,2,2
2021-06-18 09:57:42,B,1070.65,1,5
2021-06-18 09:57:44,S,1074.2,1,1
2021-06-18 09:57:44,S,1074.25,1,3
2021-06-18 09:57:44,S,1074.8,1,4
2021-06-18 09:57:44,S,1075.05,1,6
2021-06-18 09:57:44,S,1075.3,1,2
2021-06-18 09:57:44,B,1072.0,2,6
2021-06-18 09:57:44,B,1071.35,2,3
2021-06-18 09:57:44,B,1071.25,2,4
2021-06-18 09:57:44,B,1071.15,2,7
2021-06-18 09:57:44,B,1071.1,3,24
2021-06-18 09:57:44,S,1074.2,1,1
2021-06-18 09:57:44,S,1074.25,1,3
2021-06-18 09:57:44,S,1074.8,1,4
2021-06-18 09:57:44,S,1075.05,1,6
2021-06-18 09:57:44,S,1075.3,1,2
2021-06-18 09:57:44,B,1072.0,2,6
2021-06-18 09:57:44,B,1071.35,2,3
2021-06-18 09:57:44,B,1071.25,2,4
2021-06-18 09:57:44,B,1071.15,2,7
2021-06-18 09:57:44,B,1071.1,3,24
2021-06-18 09:57:48,S,1073.75,1,1
2021-06-18 09:57:48,S,1073.8,1,5
2021-06-18 09:57:48,S,1074.25,1,3
2021-06-18 09:57:48,S,1074.8,1,4
2021-06-18 09:57:48,S,1075.05,1,6
2021-06-18 09:57:48,B,1072.0,1,5
2021-06-18 09:57:48,B,1071.35,2,3
2021-06-18 09:57:48,B,1071.25,2,4
2021-06-18 09:57:48,B,1071.15,2,7
2021-06-18 09:57:48,B,1071.1,3,24
2021-06-18 09:57:48,S,1073.75,1,1
2021-06-18 09:57:48,S,1073.8,1,5
2021-06-18 09:57:48,S,1074.25,1,3
2021-06-18 09:57:48,S,1074.8,1,4
2021-06-18 09:57:48,S,1075.05,1,6
2021-06-18 09:57:48,B,1072.0,1,5
2021-06-18 09:57:48,B,1071.35,2,3
2021-06-18 09:57:48,B,1071.25,2,4
2021-06-18 09:57:48,B,1071.15,2,7
2021-06-18 09:57:48,B,1071.1,3,24
2021-06-18 09:57:51,S,1073.85,1,1
2021-06-18 09:57:51,S,1073.9,1,4
2021-06-18 09:57:51,S,1074.25,1,3
2021-06-18 09:57:51,S,1074.8,1,4
2021-06-18 09:57:51,S,1075.05,1,6
2021-06-18 09:57:51,B,1072.0,1,5
2021-06-18 09:57:51,B,1071.6,2,6
2021-06-18 09:57:51,B,1071.35,2,3
2021-06-18 09:57:51,B,1071.25,2,4
2021-06-18 09:57:51,B,1071.15,3,10
2021-06-18 09:57:51,S,1073.85,1,1
2021-06-18 09:57:51,S,1073.9,1,4
2021-06-18 09:57:51,S,1074.25,1,3
2021-06-18 09:57:51,S,1074.8,1,4
2021-06-18 09:57:51,S,1075.05,1,6
2021-06-18 09:57:51,B,1072.0,1,5
2021-06-18 09:57:51,B,1071.6,2,6
2021-06-18 09:57:51,B,1071.35,2,3
2021-06-18 09:57:51,B,1071.25,2,4
2021-06-18 09:57:51,B,1071.15,3,10
2021-06-18 09:57:54,S,1073.5,1,5
2021-06-18 09:57:54,S,1073.85,1,1
2021-06-18 09:57:54,S,1073.9,1,4
2021-06-18 09:57:54,S,1074.25,1,3
2021-06-18 09:57:54,S,1074.8,1,4
2021-06-18 09:57:54,B,1072.0,1,5
2021-06-18 09:57:54,B,1071.35,2,3
2021-06-18 09:57:54,B,1071.25,2,4
2021-06-18 09:57:54,B,1071.15,3,10
2021-06-18 09:57:54,B,1071.1,2,21
2021-06-18 09:57:54,S,1073.5,1,5
2021-06-18 09:57:54,S,1073.85,1,1
2021-06-18 09:57:54,S,1073.9,1,4
2021-06-18 09:57:54,S,1074.25,1,3
2021-06-18 09:57:54,S,1074.8,1,4
2021-06-18 09:57:54,B,1072.0,1,5
2021-06-18 09:57:54,B,1071.35,2,3
2021-06-18 09:57:54,B,1071.25,2,4
2021-06-18 09:57:54,B,1071.15,3,10
2021-06-18 09:57:54,B,1071.1,2,21
2021-06-18 09:57:58,S,1072.0,1,4
2021-06-18 09:57:58,S,1072.55,1,5
2021-06-18 09:57:58,S,1073.8,1,1
2021-06-18 09:57:58,S,1073.85,1,2
2021-06-18 09:57:58,S,1073.9,1,4
2021-06-18 09:57:58,B,1071.35,1,5
2021-06-18 09:57:58,B,1071.15,2,7
2021-06-18 09:57:58,B,1071.1,2,21
2021-06-18 09:57:58,B,1071.05,2,7
2021-06-18 09:57:58,B,1071.0,2,2
2021-06-18 09:57:58,S,1072.0,1,4
2021-06-18 09:57:58,S,1072.55,1,5
2021-06-18 09:57:58,S,1073.8,1,1
2021-06-18 09:57:58,S,1073.85,1,2
2021-06-18 09:57:58,S,1073.9,1,4
2021-06-18 09:57:58,B,1071.35,1,5
2021-06-18 09:57:58,B,1071.15,2,7
2021-06-18 09:57:58,B,1071.1,2,21
2021-06-18 09:57:58,B,1071.05,2,7
2021-06-18 09:57:58,B,1071.0,2,2
2021-06-18 09:58:00,S,1072.0,1,4
2021-06-18 09:58:00,S,1072.55,1,5
2021-06-18 09:58:00,S,1073.8,1,1
2021-06-18 09:58:00,S,1073.85,1,2
2021-06-18 09:58:00,S,1073.9,1,4
2021-06-18 09:58:00,B,1071.35,1,5
2021-06-18 09:58:00,B,1071.15,2,7
2021-06-18 09:58:00,B,1071.1,2,21
2021-06-18 09:58:00,B,1071.05,2,7
2021-06-18 09:58:00,B,1071.0,2,2
2021-06-18 09:58:00,S,1072.0,1,4
2021-06-18 09:58:00,S,1072.55,1,5
2021-06-18 09:58:00,S,1073.8,1,1
2021-06-18 09:58:00,S,1073.85,1,2
2021-06-18 09:58:00,S,1073.9,1,4
2021-06-18 09:58:00,B,1071.35,1,5
2021-06-18 09:58:00,B,1071.15,2,7
2021-06-18 09:58:00,B,1071.1,2,21
2021-06-18 09:58:00,B,1071.05,2,7
2021-06-18 09:58:00,B,1071.0,2,2
2021-06-18 09:58:01,S,1072.0,1,4
2021-06-18 09:58:01,S,1072.55,1,5
2021-06-18 09:58:01,S,1073.8,1,1
2021-06-18 09:58:01,S,1073.85,1,2
2021-06-18 09:58:01,S,1073.9,1,4
2021-06-18 09:58:01,B,1071.35,1,5
2021-06-18 09:58:01,B,1071.15,2,7
2021-06-18 09:58:01,B,1071.1,2,21
2021-06-18 09:58:01,B,1071.05,2,7
2021-06-18 09:58:01,B,1071.0,2,2
2021-06-18 09:58:01,S,1072.0,1,4
2021-06-18 09:58:01,S,1072.55,1,5
2021-06-18 09:58:01,S,1073.8,1,1
2021-06-18 09:58:01,S,1073.85,1,2
2021-06-18 09:58:01,S,1073.9,1,4
2021-06-18 09:58:01,B,1071.35,1,5
2021-06-18 09:58:01,B,1071.15,2,7
2021-06-18 09:58:01,B,1071.1,2,21
2021-06-18 09:58:01,B,1071.05,2,7
2021-06-18 09:58:01,B,1071.0,2,2
2021-06-18 09:58:02,S,1074.05,1,1
2021-06-18 09:58:02,S,1074.1,1,4
2021-06-18 09:58:02,S,1074.7,1,5
2021-06-18 09:58:02,S,1074.8,1,4
2021-06-18 09:58:02,S,1075.05,1,6
2021-06-18 09:58:02,B,1072.05,1,6
2021-06-18 09:58:02,B,1072.0,3,107
2021-06-18 09:58:02,B,1071.2,1,5
2021-06-18 09:58:02,B,1071.05,2,7
2021-06-18 09:58:02,B,1071.0,2,2
2021-06-18 09:58:02,S,1074.05,1,1
2021-06-18 09:58:02,S,1074.1,1,4
2021-06-18 09:58:02,S,1074.7,1,5
2021-06-18 09:58:02,S,1074.8,1,4
2021-06-18 09:58:02,S,1075.05,1,6
2021-06-18 09:58:02,B,1072.05,1,6
2021-06-18 09:58:02,B,1072.0,3,107
2021-06-18 09:58:02,B,1071.2,1,5
2021-06-18 09:58:02,B,1071.05,2,7
2021-06-18 09:58:02,B,1071.0,2,2
2021-06-18 09:58:06,S,1074.65,1,1
2021-06-18 09:58:06,S,1074.7,1,5
2021-06-18 09:58:06,S,1074.8,1,4
2021-06-18 09:58:06,S,1075.05,1,6
2021-06-18 09:58:06,S,1075.3,1,2
2021-06-18 09:58:06,B,1072.45,1,5
2021-06-18 09:58:06,B,1072.1,2,5
2021-06-18 09:58:06,B,1072.05,1,6
2021-06-18 09:58:06,B,1072.0,3,107
2021-06-18 09:58:06,B,1071.65,1,3
2021-06-18 09:58:06,S,1074.65,1,1
2021-06-18 09:58:06,S,1074.7,1,5
2021-06-18 09:58:06,S,1074.8,1,4
2021-06-18 09:58:06,S,1075.05,1,6
2021-06-18 09:58:06,S,1075.3,1,2
2021-06-18 09:58:06,B,1072.45,1,5
2021-06-18 09:58:06,B,1072.1,2,5
2021-06-18 09:58:06,B,1072.05,1,6
2021-06-18 09:58:06,B,1072.0,3,107
2021-06-18 09:58:06,B,1071.65,1,3
2021-06-18 09:58:09,S,1074.75,1,1
2021-06-18 09:58:09,S,1074.8,1,4
2021-06-18 09:58:09,S,1075.05,1,6
2021-06-18 09:58:09,S,1075.3,1,2
2021-06-18 09:58:09,S,1075.35,1,5
2021-06-18 09:58:09,B,1072.5,1,4
2021-06-18 09:58:09,B,1072.45,2,6
2021-06-18 09:58:09,B,1072.1,1,1
2021-06-18 09:58:09,B,1072.05,1,6
2021-06-18 09:58:09,B,1072.0,3,107
2021-06-18 09:58:09,S,1074.75,1,1
2021-06-18 09:58:09,S,1074.8,1,4
2021-06-18 09:58:09,S,1075.05,1,6
2021-06-18 09:58:09,S,1075.3,1,2
2021-06-18 09:58:09,S,1075.35,1,5
2021-06-18 09:58:09,B,1072.5,1,4
2021-06-18 09:58:09,B,1072.45,2,6
2021-06-18 09:58:09,B,1072.1,1,1
2021-06-18 09:58:09,B,1072.05,1,6
2021-06-18 09:58:09,B,1072.0,3,107
2021-06-18 09:58:13,S,1075.9,2,6
2021-06-18 09:58:13,S,1075.95,1,4
2021-06-18 09:58:13,S,1076.05,1,5
2021-06-18 09:58:13,S,1076.45,1,1
2021-06-18 09:58:13,S,1076.5,1,4
2021-06-18 09:58:13,B,1073.5,1,6
2021-06-18 09:58:13,B,1073.45,2,20
2021-06-18 09:58:13,B,1073.35,1,5
2021-06-18 09:58:13,B,1073.2,1,3
2021-06-18 09:58:13,B,1073.05,1,5
2021-06-18 09:58:13,S,1075.9,2,6
2021-06-18 09:58:13,S,1075.95,1,4
2021-06-18 09:58:13,S,1076.05,1,5
2021-06-18 09:58:13,S,1076.45,1,1
2021-06-18 09:58:13,S,1076.5,1,4
2021-06-18 09:58:13,B,1073.5,1,6
2021-06-18 09:58:13,B,1073.45,2,20
2021-06-18 09:58:13,B,1073.35,1,5
2021-06-18 09:58:13,B,1073.2,1,3
2021-06-18 09:58:13,B,1073.05,1,5
2021-06-18 09:58:16,S,1077.05,1,1
2021-06-18 09:58:16,S,1077.1,1,2
2021-06-18 09:58:16,S,1077.15,1,4
2021-06-18 09:58:16,S,1077.45,1,2
2021-06-18 09:58:16,S,1077.5,1,2
2021-06-18 09:58:16,B,1075.3,1,6
2021-06-18 09:58:16,B,1075.25,2,20
2021-06-18 09:58:16,B,1074.8,2,6
2021-06-18 09:58:16,B,1074.75,2,36
2021-06-18 09:58:16,B,1074.7,1,5
2021-06-18 09:58:16,S,1077.05,1,1
2021-06-18 09:58:16,S,1077.1,1,2
2021-06-18 09:58:16,S,1077.15,1,4
2021-06-18 09:58:16,S,1077.45,1,2
2021-06-18 09:58:16,S,1077.5,1,2
2021-06-18 09:58:16,B,1075.3,1,6
2021-06-18 09:58:16,B,1075.25,2,20
2021-06-18 09:58:16,B,1074.8,2,6
2021-06-18 09:58:16,B,1074.75,2,36
2021-06-18 09:58:16,B,1074.7,1,5
2021-06-18 09:58:17,S,1077.05,1,1
2021-06-18 09:58:17,S,1077.1,1,2
2021-06-18 09:58:17,S,1077.15,1,4
2021-06-18 09:58:17,S,1077.45,1,2
2021-06-18 09:58:17,S,1077.5,1,2
2021-06-18 09:58:17,B,1075.3,1,6
2021-06-18 09:58:17,B,1075.25,2,20
2021-06-18 09:58:17,B,1074.8,2,6
2021-06-18 09:58:17,B,1074.75,2,36
2021-06-18 09:58:17,B,1074.7,1,5
2021-06-18 09:58:17,S,1077.05,1,1
2021-06-18 09:58:17,S,1077.1,1,2
2021-06-18 09:58:17,S,1077.15,1,4
2021-06-18 09:58:17,S,1077.45,1,2
2021-06-18 09:58:17,S,1077.5,1,2
2021-06-18 09:58:17,B,1075.3,1,6
2021-06-18 09:58:17,B,1075.25,2,20
2021-06-18 09:58:17,B,1074.8,2,6
2021-06-18 09:58:17,B,1074.75,2,36
2021-06-18 09:58:17,B,1074.7,1,5
2021-06-18 09:58:20,S,1077.4,1,1
2021-06-18 09:58:20,S,1077.45,1,2
2021-06-18 09:58:20,S,1077.5,1,2
2021-06-18 09:58:20,S,1077.6,1,4
2021-06-18 09:58:20,S,1078.0,1,10
2021-06-18 09:58:20,B,1075.7,1,5
2021-06-18 09:58:20,B,1075.65,1,5
2021-06-18 09:58:20,B,1075.3,2,7
2021-06-18 09:58:20,B,1075.25,2,13
2021-06-18 09:58:20,B,1075.0,1,3
2021-06-18 09:58:20,S,1077.4,1,1
2021-06-18 09:58:20,S,1077.45,1,2
2021-06-18 09:58:20,S,1077.5,1,2
2021-06-18 09:58:20,S,1077.6,1,4
2021-06-18 09:58:20,S,1078.0,1,10
2021-06-18 09:58:20,B,1075.7,1,5
2021-06-18 09:58:20,B,1075.65,1,5
2021-06-18 09:58:20,B,1075.3,2,7
2021-06-18 09:58:20,B,1075.25,2,13
2021-06-18 09:58:20,B,1075.0,1,3
2021-06-18 09:58:21,S,1077.4,1,1
2021-06-18 09:58:21,S,1077.45,1,2
2021-06-18 09:58:21,S,1077.5,1,2
2021-06-18 09:58:21,S,1077.6,1,4
2021-06-18 09:58:21,S,1078.0,1,10
2021-06-18 09:58:21,B,1075.7,1,5
2021-06-18 09:58:21,B,1075.65,1,5
2021-06-18 09:58:21,B,1075.3,2,7
2021-06-18 09:58:21,B,1075.25,2,13
2021-06-18 09:58:21,B,1075.0,1,3
2021-06-18 09:58:21,S,1077.4,1,1
2021-06-18 09:58:21,S,1077.45,1,2
2021-06-18 09:58:21,S,1077.5,1,2
2021-06-18 09:58:21,S,1077.6,1,4
2021-06-18 09:58:21,S,1078.0,1,10
2021-06-18 09:58:21,B,1075.7,1,5
2021-06-18 09:58:21,B,1075.65,1,5
2021-06-18 09:58:21,B,1075.3,2,7
2021-06-18 09:58:21,B,1075.25,2,13
2021-06-18 09:58:21,B,1075.0,1,3
2021-06-18 09:58:21,S,1077.4,1,1
2021-06-18 09:58:21,S,1077.45,1,2
2021-06-18 09:58:21,S,1077.5,1,2
2021-06-18 09:58:21,S,1077.6,1,4
2021-06-18 09:58:21,S,1078.0,1,10
2021-06-18 09:58:21,B,1075.7,1,5
2021-06-18 09:58:21,B,1075.65,1,5
2021-06-18 09:58:21,B,1075.3,2,7
2021-06-18 09:58:21,B,1075.25,2,13
2021-06-18 09:58:21,B,1075.0,1,3
2021-06-18 09:58:21,S,1077.4,1,1
2021-06-18 09:58:21,S,1077.45,1,2
2021-06-18 09:58:21,S,1077.5,1,2
2021-06-18 09:58:21,S,1077.6,1,4
2021-06-18 09:58:21,S,1078.0,1,10
2021-06-18 09:58:21,B,1075.7,1,5
2021-06-18 09:58:21,B,1075.65,1,5
2021-06-18 09:58:21,B,1075.3,2,7
2021-06-18 09:58:21,B,1075.25,2,13
2021-06-18 09:58:21,B,1075.0,1,3
2021-06-18 09:58:22,S,1077.4,1,1
2021-06-18 09:58:22,S,1077.45,1,2
2021-06-18 09:58:22,S,1077.5,1,2
2021-06-18 09:58:22,S,1077.6,1,4
2021-06-18 09:58:22,S,1078.0,1,10
2021-06-18 09:58:22,B,1075.7,1,5
2021-06-18 09:58:22,B,1075.65,1,5
2021-06-18 09:58:22,B,1075.3,2,7
2021-06-18 09:58:22,B,1075.25,2,13
2021-06-18 09:58:22,B,1075.0,1,3
2021-06-18 09:58:22,S,1077.4,1,1
2021-06-18 09:58:22,S,1077.45,1,2
2021-06-18 09:58:22,S,1077.5,1,2
2021-06-18 09:58:22,S,1077.6,1,4
2021-06-18 09:58:22,S,1078.0,1,10
2021-06-18 09:58:22,B,1075.7,1,5
2021-06-18 09:58:22,B,1075.65,1,5
2021-06-18 09:58:22,B,1075.3,2,7
2021-06-18 09:58:22,B,1075.25,2,13
2021-06-18 09:58:22,B,1075.0,1,3
2021-06-18 09:58:23,S,1077.4,1,1
2021-06-18 09:58:23,S,1077.45,1,2
2021-06-18 09:58:23,S,1077.5,1,2
2021-06-18 09:58:23,S,1077.6,1,4
2021-06-18 09:58:23,S,1078.0,1,10
2021-06-18 09:58:23,B,1075.7,1,5
2021-06-18 09:58:23,B,1075.65,1,5
2021-06-18 09:58:23,B,1075.3,2,7
2021-06-18 09:58:23,B,1075.25,2,13
2021-06-18 09:58:23,B,1075.0,1,3
2021-06-18 09:58:23,S,1077.4,1,1
2021-06-18 09:58:23,S,1077.45,1,2
2021-06-18 09:58:23,S,1077.5,1,2
2021-06-18 09:58:23,S,1077.6,1,4
2021-06-18 09:58:23,S,1078.0,1,10
2021-06-18 09:58:23,B,1075.7,1,5
2021-06-18 09:58:23,B,1075.65,1,5
2021-06-18 09:58:23,B,1075.3,2,7
2021-06-18 09:58:23,B,1075.25,2,13
2021-06-18 09:58:23,B,1075.0,1,3
2021-06-18 09:58:24,S,1077.95,1,2
2021-06-18 09:58:24,S,1078.0,1,10
2021-06-18 09:58:24,S,1078.65,1,4
2021-06-18 09:58:24,S,1078.9,1,1
2021-06-18 09:58:24,S,1079.0,1,1
2021-06-18 09:58:24,B,1075.7,2,7
2021-06-18 09:58:24,B,1075.65,2,6
2021-06-18 09:58:24,B,1075.6,1,3
2021-06-18 09:58:24,B,1075.35,1,5
2021-06-18 09:58:24,B,1075.3,1,6
2021-06-18 09:58:24,S,1077.95,1,2
2021-06-18 09:58:24,S,1078.0,1,10
2021-06-18 09:58:24,S,1078.65,1,4
2021-06-18 09:58:24,S,1078.9,1,1
2021-06-18 09:58:24,S,1079.0,1,1
2021-06-18 09:58:24,B,1075.7,2,7
2021-06-18 09:58:24,B,1075.65,2,6
2021-06-18 09:58:24,B,1075.6,1,3
2021-06-18 09:58:24,B,1075.35,1,5
2021-06-18 09:58:24,B,1075.3,1,6
2021-06-18 09:58:26,S,1077.95,1,2
2021-06-18 09:58:26,S,1078.0,1,10
2021-06-18 09:58:26,S,1078.65,1,4
2021-06-18 09:58:26,S,1078.9,1,1
2021-06-18 09:58:26,S,1079.0,1,1
2021-06-18 09:58:26,B,1075.7,2,7
2021-06-18 09:58:26,B,1075.65,2,6
2021-06-18 09:58:26,B,1075.6,1,3
2021-06-18 09:58:26,B,1075.35,1,5
2021-06-18 09:58:26,B,1075.3,1,6
2021-06-18 09:58:26,S,1077.95,1,2
2021-06-18 09:58:26,S,1078.0,1,10
2021-06-18 09:58:26,S,1078.65,1,4
2021-06-18 09:58:26,S,1078.9,1,1
2021-06-18 09:58:26,S,1079.0,1,1
2021-06-18 09:58:26,B,1075.7,2,7
2021-06-18 09:58:26,B,1075.65,2,6
2021-06-18 09:58:26,B,1075.6,1,3
2021-06-18 09:58:26,B,1075.35,1,5
2021-06-18 09:58:26,B,1075.3,1,6
2021-06-18 09:58:27,S,1079.6,1,1
2021-06-18 09:58:27,S,1079.85,1,8
2021-06-18 09:58:27,S,1079.9,1,7
2021-06-18 09:58:27,S,1079.95,2,5
2021-06-18 09:58:27,S,1080.0,2,35
2021-06-18 09:58:27,B,1077.3,1,2
2021-06-18 09:58:27,B,1077.25,2,9
2021-06-18 09:58:27,B,1077.05,1,10
2021-06-18 09:58:27,B,1076.75,2,14
2021-06-18 09:58:27,B,1076.5,1,3
2021-06-18 09:58:27,S,1079.6,1,1
2021-06-18 09:58:27,S,1079.85,1,8
2021-06-18 09:58:27,S,1079.9,1,7
2021-06-18 09:58:27,S,1079.95,2,5
2021-06-18 09:58:27,S,1080.0,2,35
2021-06-18 09:58:27,B,1077.3,1,2
2021-06-18 09:58:27,B,1077.25,2,9
2021-06-18 09:58:27,B,1077.05,1,10
2021-06-18 09:58:27,B,1076.75,2,14
2021-06-18 09:58:27,B,1076.5,1,3
2021-06-18 09:58:31,S,1079.55,1,2
2021-06-18 09:58:31,S,1079.6,2,6
2021-06-18 09:58:31,S,1079.85,1,1
2021-06-18 09:58:31,S,1079.9,1,7
2021-06-18 09:58:31,S,1079.95,2,5
2021-06-18 09:58:31,B,1077.75,1,2
2021-06-18 09:58:31,B,1077.7,1,4
2021-06-18 09:58:31,B,1077.45,2,8
2021-06-18 09:58:31,B,1077.4,2,51
2021-06-18 09:58:31,B,1076.75,1,3
2021-06-18 09:58:31,S,1079.55,1,2
2021-06-18 09:58:31,S,1079.6,2,6
2021-06-18 09:58:31,S,1079.85,1,1
2021-06-18 09:58:31,S,1079.9,1,7
2021-06-18 09:58:31,S,1079.95,2,5
2021-06-18 09:58:31,B,1077.75,1,2
2021-06-18 09:58:31,B,1077.7,1,4
2021-06-18 09:58:31,B,1077.45,2,8
2021-06-18 09:58:31,B,1077.4,2,51
2021-06-18 09:58:31,B,1076.75,1,3
2021-06-18 09:58:32,S,1079.55,1,2
2021-06-18 09:58:32,S,1079.6,2,6
2021-06-18 09:58:32,S,1079.85,1,1
2021-06-18 09:58:32,S,1079.9,1,7
2021-06-18 09:58:32,S,1079.95,2,5
2021-06-18 09:58:32,B,1077.75,1,2
2021-06-18 09:58:32,B,1077.7,1,4
2021-06-18 09:58:32,B,1077.45,2,8
2021-06-18 09:58:32,B,1077.4,2,51
2021-06-18 09:58:32,B,1076.75,1,3
2021-06-18 09:58:32,S,1079.55,1,2
2021-06-18 09:58:32,S,1079.6,2,6
2021-06-18 09:58:32,S,1079.85,1,1
2021-06-18 09:58:32,S,1079.9,1,7
2021-06-18 09:58:32,S,1079.95,2,5
2021-06-18 09:58:32,B,1077.75,1,2
2021-06-18 09:58:32,B,1077.7,1,4
2021-06-18 09:58:32,B,1077.45,2,8
2021-06-18 09:58:32,B,1077.4,2,51
2021-06-18 09:58:32,B,1076.75,1,3
2021-06-18 09:58:34,S,1078.55,1,2
2021-06-18 09:58:34,S,1078.6,1,5
2021-06-18 09:58:34,S,1079.05,1,4
2021-06-18 09:58:34,S,1079.55,1,4
2021-06-18 09:58:34,S,1079.6,1,1
2021-06-18 09:58:34,B,1076.55,1,6
2021-06-18 09:58:34,B,1076.5,1,3
2021-06-18 09:58:34,B,1076.3,2,7
2021-06-18 09:58:34,B,1076.15,1,6
2021-06-18 09:58:34,B,1076.1,1,7
2021-06-18 09:58:34,S,1078.55,1,2
2021-06-18 09:58:34,S,1078.6,1,5
2021-06-18 09:58:34,S,1079.05,1,4
2021-06-18 09:58:34,S,1079.55,1,4
2021-06-18 09:58:34,S,1079.6,1,1
2021-06-18 09:58:34,B,1076.55,1,6
2021-06-18 09:58:34,B,1076.5,1,3
2021-06-18 09:58:34,B,1076.3,2,7
2021-06-18 09:58:34,B,1076.15,1,6
2021-06-18 09:58:34,B,1076.1,1,7
2021-06-18 09:58:35,S,1078.55,1,2
2021-06-18 09:58:35,S,1078.6,1,5
2021-06-18 09:58:35,S,1079.05,1,4
2021-06-18 09:58:35,S,1079.55,1,4
2021-06-18 09:58:35,S,1079.6,1,1
2021-06-18 09:58:35,B,1076.55,1,6
2021-06-18 09:58:35,B,1076.5,1,3
2021-06-18 09:58:35,B,1076.3,2,7
2021-06-18 09:58:35,B,1076.15,1,6
2021-06-18 09:58:35,B,1076.1,1,7
2021-06-18 09:58:35,S,1078.55,1,2
2021-06-18 09:58:35,S,1078.6,1,5
2021-06-18 09:58:35,S,1079.05,1,4
2021-06-18 09:58:35,S,1079.55,1,4
2021-06-18 09:58:35,S,1079.6,1,1
2021-06-18 09:58:35,B,1076.55,1,6
2021-06-18 09:58:35,B,1076.5,1,3
2021-06-18 09:58:35,B,1076.3,2,7
2021-06-18 09:58:35,B,1076.15,1,6
2021-06-18 09:58:35,B,1076.1,1,7
2021-06-18 09:58:36,S,1078.55,1,2
2021-06-18 09:58:36,S,1078.6,1,5
2021-06-18 09:58:36,S,1079.05,1,4
2021-06-18 09:58:36,S,1079.55,1,4
2021-06-18 09:58:36,S,1079.6,1,1
2021-06-18 09:58:36,B,1076.55,1,6
2021-06-18 09:58:36,B,1076.5,1,3
2021-06-18 09:58:36,B,1076.3,2,7
2021-06-18 09:58:36,B,1076.15,1,6
2021-06-18 09:58:36,B,1076.1,1,7
2021-06-18 09:58:36,S,1078.55,1,2
2021-06-18 09:58:36,S,1078.6,1,5
2021-06-18 09:58:36,S,1079.05,1,4
2021-06-18 09:58:36,S,1079.55,1,4
2021-06-18 09:58:36,S,1079.6,1,1
2021-06-18 09:58:36,B,1076.55,1,6
2021-06-18 09:58:36,B,1076.5,1,3
2021-06-18 09:58:36,B,1076.3,2,7
2021-06-18 09:58:36,B,1076.15,1,6
2021-06-18 09:58:36,B,1076.1,1,7
2021-06-18 09:58:38,S,1079.0,1,2
2021-06-18 09:58:38,S,1079.05,1,4
2021-06-18 09:58:38,S,1079.6,1,1
2021-06-18 09:58:38,S,1079.85,1,1
2021-06-18 09:58:38,S,1079.9,2,11
2021-06-18 09:58:38,B,1077.05,1,5
2021-06-18 09:58:38,B,1076.6,2,6
2021-06-18 09:58:38,B,1076.55,2,6
2021-06-18 09:58:38,B,1076.5,2,4
2021-06-18 09:58:38,B,1076.3,2,7
2021-06-18 09:58:38,S,1079.0,1,2
2021-06-18 09:58:38,S,1079.05,1,4
2021-06-18 09:58:38,S,1079.6,1,1
2021-06-18 09:58:38,S,1079.85,1,1
2021-06-18 09:58:38,S,1079.9,2,11
2021-06-18 09:58:38,B,1077.05,1,5
2021-06-18 09:58:38,B,1076.6,2,6
2021-06-18 09:58:38,B,1076.55,2,6
2021-06-18 09:58:38,B,1076.5,2,4
2021-06-18 09:58:38,B,1076.3,2,7
2021-06-18 09:58:40,S,1079.0,1,2
2021-06-18 09:58:40,S,1079.05,1,4
2021-06-18 09:58:40,S,1079.6,1,1
2021-06-18 09:58:40,S,1079.85,1,1
2021-06-18 09:58:40,S,1079.9,2,11
2021-06-18 09:58:40,B,1077.05,1,5
2021-06-18 09:58:40,B,1076.6,2,6
2021-06-18 09:58:40,B,1076.55,2,6
2021-06-18 09:58:40,B,1076.5,2,4
2021-06-18 09:58:40,B,1076.3,2,7
2021-06-18 09:58:40,S,1079.0,1,2
2021-06-18 09:58:40,S,1079.05,1,4
2021-06-18 09:58:40,S,1079.6,1,1
2021-06-18 09:58:40,S,1079.85,1,1
2021-06-18 09:58:40,S,1079.9,2,11
2021-06-18 09:58:40,B,1077.05,1,5
2021-06-18 09:58:40,B,1076.6,2,6
2021-06-18 09:58:40,B,1076.55,2,6
2021-06-18 09:58:40,B,1076.5,2,4
2021-06-18 09:58:40,B,1076.3,2,7
2021-06-18 09:58:42,S,1079.15,1,2
2021-06-18 09:58:42,S,1079.2,1,5
2021-06-18 09:58:42,S,1079.4,1,3
2021-06-18 09:58:42,S,1079.6,1,1
2021-06-18 09:58:42,S,1079.85,1,1
2021-06-18 09:58:42,B,1077.55,1,2
2021-06-18 09:58:42,B,1077.5,1,5
2021-06-18 09:58:42,B,1077.3,1,5
2021-06-18 09:58:42,B,1077.0,2,51
2021-06-18 09:58:42,B,1076.55,2,6
2021-06-18 09:58:42,S,1079.15,1,2
2021-06-18 09:58:42,S,1079.2,1,5
2021-06-18 09:58:42,S,1079.4,1,3
2021-06-18 09:58:42,S,1079.6,1,1
2021-06-18 09:58:42,S,1079.85,1,1
2021-06-18 09:58:42,B,1077.55,1,2
2021-06-18 09:58:42,B,1077.5,1,5
2021-06-18 09:58:42,B,1077.3,1,5
2021-06-18 09:58:42,B,1077.0,2,51
2021-06-18 09:58:42,B,1076.55,2,6
2021-06-18 09:58:42,S,1079.15,1,2
2021-06-18 09:58:42,S,1079.2,1,5
2021-06-18 09:58:42,S,1079.4,1,3
2021-06-18 09:58:42,S,1079.6,1,1
2021-06-18 09:58:42,S,1079.85,1,1
2021-06-18 09:58:42,B,1077.55,1,2
2021-06-18 09:58:42,B,1077.5,1,5
2021-06-18 09:58:42,B,1077.3,1,5
2021-06-18 09:58:42,B,1077.0,2,51
2021-06-18 09:58:42,B,1076.55,2,6
2021-06-18 09:58:42,S,1079.15,1,2
2021-06-18 09:58:42,S,1079.2,1,5
2021-06-18 09:58:42,S,1079.4,1,3
2021-06-18 09:58:42,S,1079.6,1,1
2021-06-18 09:58:42,S,1079.85,1,1
2021-06-18 09:58:42,B,1077.55,1,2
2021-06-18 09:58:42,B,1077.5,1,5
2021-06-18 09:58:42,B,1077.3,1,5
2021-06-18 09:58:42,B,1077.0,2,51
2021-06-18 09:58:42,B,1076.55,2,6
2021-06-18 09:58:46,S,1079.15,1,2
2021-06-18 09:58:46,S,1079.2,1,5
2021-06-18 09:58:46,S,1079.4,1,3
2021-06-18 09:58:46,S,1079.6,1,1
2021-06-18 09:58:46,S,1079.85,1,1
2021-06-18 09:58:46,B,1077.55,1,2
2021-06-18 09:58:46,B,1077.5,1,5
2021-06-18 09:58:46,B,1077.3,1,5
2021-06-18 09:58:46,B,1077.0,2,51
2021-06-18 09:58:46,B,1076.55,2,6
2021-06-18 09:58:46,S,1079.15,1,2
2021-06-18 09:58:46,S,1079.2,1,5
2021-06-18 09:58:46,S,1079.4,1,3
2021-06-18 09:58:46,S,1079.6,1,1
2021-06-18 09:58:46,S,1079.85,1,1
2021-06-18 09:58:46,B,1077.55,1,2
2021-06-18 09:58:46,B,1077.5,1,5
2021-06-18 09:58:46,B,1077.3,1,5
2021-06-18 09:58:46,B,1077.0,2,51
2021-06-18 09:58:46,B,1076.55,2,6
2021-06-18 09:58:49,S,1079.85,2,9
2021-06-18 09:58:49,S,1079.9,1,5
2021-06-18 09:58:49,S,1079.95,1,3
2021-06-18 09:58:49,S,1080.0,1,20
2021-06-18 09:58:49,S,1080.3,1,5
2021-06-18 09:58:49,B,1077.15,1,4
2021-06-18 09:58:49,B,1077.1,1,5
2021-06-18 09:58:49,B,1076.75,1,10
2021-06-18 09:58:49,B,1076.65,1,5
2021-06-18 09:58:49,B,1076.55,1,1
2021-06-18 09:58:49,S,1079.85,2,9
2021-06-18 09:58:49,S,1079.9,1,5
2021-06-18 09:58:49,S,1079.95,1,3
2021-06-18 09:58:49,S,1080.0,1,20
2021-06-18 09:58:49,S,1080.3,1,5
2021-06-18 09:58:49,B,1077.15,1,4
2021-06-18 09:58:49,B,1077.1,1,5
2021-06-18 09:58:49,B,1076.75,1,10
2021-06-18 09:58:49,B,1076.65,1,5
2021-06-18 09:58:49,B,1076.55,1,1
2021-06-18 09:58:50,S,1079.85,2,9
2021-06-18 09:58:50,S,1079.9,1,5
2021-06-18 09:58:50,S,1079.95,1,3
2021-06-18 09:58:50,S,1080.0,1,20
2021-06-18 09:58:50,S,1080.3,1,5
2021-06-18 09:58:50,B,1077.15,1,4
2021-06-18 09:58:50,B,1077.1,1,5
2021-06-18 09:58:50,B,1076.75,1,10
2021-06-18 09:58:50,B,1076.65,1,5
2021-06-18 09:58:50,B,1076.55,1,1
2021-06-18 09:58:50,S,1079.85,2,9
2021-06-18 09:58:50,S,1079.9,1,5
2021-06-18 09:58:50,S,1079.95,1,3
2021-06-18 09:58:50,S,1080.0,1,20
2021-06-18 09:58:50,S,1080.3,1,5
2021-06-18 09:58:50,B,1077.15,1,4
2021-06-18 09:58:50,B,1077.1,1,5
2021-06-18 09:58:50,B,1076.75,1,10
2021-06-18 09:58:50,B,1076.65,1,5
2021-06-18 09:58:50,B,1076.55,1,1
2021-06-18 09:58:52,S,1079.8,1,4
2021-06-18 09:58:52,S,1079.85,1,5
2021-06-18 09:58:52,S,1079.9,1,5
2021-06-18 09:58:52,S,1079.95,1,3
2021-06-18 09:58:52,S,1080.0,1,20
2021-06-18 09:58:52,B,1077.25,1,4
2021-06-18 09:58:52,B,1077.2,2,6
2021-06-18 09:58:52,B,1077.15,1,1
2021-06-18 09:58:52,B,1076.5,2,4
2021-06-18 09:58:52,B,1076.3,2,7
2021-06-18 09:58:52,S,1079.8,1,4
2021-06-18 09:58:52,S,1079.85,1,5
2021-06-18 09:58:52,S,1079.9,1,5
2021-06-18 09:58:52,S,1079.95,1,3
2021-06-18 09:58:52,S,1080.0,1,20
2021-06-18 09:58:52,B,1077.25,1,4
2021-06-18 09:58:52,B,1077.2,2,6
2021-06-18 09:58:52,B,1077.15,1,1
2021-06-18 09:58:52,B,1076.5,2,4
2021-06-18 09:58:52,B,1076.3,2,7
2021-06-18 09:58:55,S,1079.4,2,9
2021-06-18 09:58:55,S,1079.45,1,5
2021-06-18 09:58:55,S,1079.5,1,5
2021-06-18 09:58:55,S,1079.9,1,5
2021-06-18 09:58:55,S,1079.95,3,11
2021-06-18 09:58:55,B,1076.85,1,4
2021-06-18 09:58:55,B,1076.8,1,5
2021-06-18 09:58:55,B,1076.75,1,3
2021-06-18 09:58:55,B,1076.5,1,3
2021-06-18 09:58:55,B,1076.3,2,7
2021-06-18 09:58:55,S,1079.4,2,9
2021-06-18 09:58:55,S,1079.45,1,5
2021-06-18 09:58:55,S,1079.5,1,5
2021-06-18 09:58:55,S,1079.9,1,5
2021-06-18 09:58:55,S,1079.95,3,11
2021-06-18 09:58:55,B,1076.85,1,4
2021-06-18 09:58:55,B,1076.8,1,5
2021-06-18 09:58:55,B,1076.75,1,3
2021-06-18 09:58:55,B,1076.5,1,3
2021-06-18 09:58:55,B,1076.3,2,7
2021-06-18 09:58:59,S,1077.85,1,4
2021-06-18 09:58:59,S,1077.9,1,5
2021-06-18 09:58:59,S,1078.5,1,4
2021-06-18 09:58:59,S,1078.75,1,5
2021-06-18 09:58:59,S,1078.8,1,5
2021-06-18 09:58:59,B,1076.25,1,4
2021-06-18 09:58:59,B,1076.2,1,5
2021-06-18 09:58:59,B,1076.15,1,1
2021-06-18 09:58:59,B,1076.0,1,1
2021-06-18 09:58:59,B,1075.35,1,7
2021-06-18 09:58:59,S,1077.85,1,4
2021-06-18 09:58:59,S,1077.9,1,5
2021-06-18 09:58:59,S,1078.5,1,4
2021-06-18 09:58:59,S,1078.75,1,5
2021-06-18 09:58:59,S,1078.8,1,5
2021-06-18 09:58:59,B,1076.25,1,4
2021-06-18 09:58:59,B,1076.2,1,5
2021-06-18 09:58:59,B,1076.15,1,1
2021-06-18 09:58:59,B,1076.0,1,1
2021-06-18 09:58:59,B,1075.35,1,7
2021-06-18 09:59:07,S,1078.35,1,4
2021-06-18 09:59:07,S,1078.4,1,5
2021-06-18 09:59:07,S,1078.5,1,4
2021-06-18 09:59:07,S,1078.8,1,5
2021-06-18 09:59:07,S,1079.05,1,5
2021-06-18 09:59:07,B,1075.85,1,4
2021-06-18 09:59:07,B,1075.8,2,6
2021-06-18 09:59:07,B,1075.35,1,7
2021-06-18 09:59:07,B,1075.3,1,6
2021-06-18 09:59:07,B,1075.05,1,2
2021-06-18 09:59:07,S,1078.35,1,4
2021-06-18 09:59:07,S,1078.4,1,5
2021-06-18 09:59:07,S,1078.5,1,4
2021-06-18 09:59:07,S,1078.8,1,5
2021-06-18 09:59:07,S,1079.05,1,5
2021-06-18 09:59:07,B,1075.85,1,4
2021-06-18 09:59:07,B,1075.8,2,6
2021-06-18 09:59:07,B,1075.35,1,7
2021-06-18 09:59:07,B,1075.3,1,6
2021-06-18 09:59:07,B,1075.05,1,2
2021-06-18 09:59:10,S,1078.35,1,4
2021-06-18 09:59:10,S,1078.4,1,5
2021-06-18 09:59:10,S,1078.5,1,4
2021-06-18 09:59:10,S,1078.8,1,5
2021-06-18 09:59:10,S,1079.05,1,5
2021-06-18 09:59:10,B,1076.35,1,4
2021-06-18 09:59:10,B,1076.3,2,6
2021-06-18 09:59:10,B,1075.85,1,1
2021-06-18 09:59:10,B,1075.8,2,6
2021-06-18 09:59:10,B,1075.7,1,3
2021-06-18 09:59:11,S,1078.35,1,4
2021-06-18 09:59:11,S,1078.4,1,5
2021-06-18 09:59:11,S,1078.5,1,4
2021-06-18 09:59:11,S,1078.8,1,5
2021-06-18 09:59:11,S,1079.05,1,5
2021-06-18 09:59:11,B,1076.35,1,4
2021-06-18 09:59:11,B,1076.3,2,6
2021-06-18 09:59:11,B,1075.85,1,1
2021-06-18 09:59:11,B,1075.8,2,6
2021-06-18 09:59:11,B,1075.7,1,3
2021-06-18 09:59:13,S,1078.35,1,4
2021-06-18 09:59:13,S,1078.4,1,5
2021-06-18 09:59:13,S,1078.5,1,4
2021-06-18 09:59:13,S,1078.8,1,5
2021-06-18 09:59:13,S,1079.05,1,5
2021-06-18 09:59:13,B,1076.35,1,4
2021-06-18 09:59:13,B,1076.3,2,6
2021-06-18 09:59:13,B,1075.85,1,1
2021-06-18 09:59:13,B,1075.8,2,6
2021-06-18 09:59:13,B,1075.7,1,3
2021-06-18 09:59:13,S,1078.35,1,4
2021-06-18 09:59:13,S,1078.4,1,5
2021-06-18 09:59:13,S,1078.5,1,4
2021-06-18 09:59:13,S,1078.8,1,5
2021-06-18 09:59:13,S,1079.05,1,5
2021-06-18 09:59:13,B,1076.35,1,4
2021-06-18 09:59:13,B,1076.3,2,6
2021-06-18 09:59:13,B,1075.85,1,1
2021-06-18 09:59:13,B,1075.8,2,6
2021-06-18 09:59:13,B,1075.7,1,3
2021-06-18 09:59:14,S,1077.45,1,5
2021-06-18 09:59:14,S,1077.75,1,4
2021-06-18 09:59:14,S,1077.8,1,4
2021-06-18 09:59:14,S,1078.4,1,5
2021-06-18 09:59:14,S,1078.5,1,4
2021-06-18 09:59:14,B,1075.75,1,5
2021-06-18 09:59:14,B,1075.5,2,6
2021-06-18 09:59:14,B,1075.45,1,1
2021-06-18 09:59:14,B,1075.35,1,7
2021-06-18 09:59:14,B,1075.3,1,1
2021-06-18 09:59:14,S,1077.45,1,5
2021-06-18 09:59:14,S,1077.75,1,4
2021-06-18 09:59:14,S,1077.8,1,4
2021-06-18 09:59:14,S,1078.4,1,5
2021-06-18 09:59:14,S,1078.5,1,4
2021-06-18 09:59:14,B,1075.75,1,5
2021-06-18 09:59:14,B,1075.5,2,6
2021-06-18 09:59:14,B,1075.45,1,1
2021-06-18 09:59:14,B,1075.35,1,7
2021-06-18 09:59:14,B,1075.3,1,1
2021-06-18 09:59:18,S,1077.45,1,5
2021-06-18 09:59:18,S,1077.75,1,4
2021-06-18 09:59:18,S,1077.8,1,4
2021-06-18 09:59:18,S,1078.4,1,5
2021-06-18 09:59:18,S,1078.5,1,4
2021-06-18 09:59:18,B,1075.75,1,5
2021-06-18 09:59:18,B,1075.5,2,6
2021-06-18 09:59:18,B,1075.45,1,1
2021-06-18 09:59:18,B,1075.35,1,7
2021-06-18 09:59:18,B,1075.05,1,2
2021-06-18 09:59:18,S,1077.45,1,5
2021-06-18 09:59:18,S,1077.75,1,4
2021-06-18 09:59:18,S,1077.8,1,4
2021-06-18 09:59:18,S,1078.4,1,5
2021-06-18 09:59:18,S,1078.5,1,4
2021-06-18 09:59:18,B,1075.75,1,5
2021-06-18 09:59:18,B,1075.5,2,6
2021-06-18 09:59:18,B,1075.45,1,1
2021-06-18 09:59:18,B,1075.35,1,7
2021-06-18 09:59:18,B,1075.05,1,2
2021-06-18 09:59:21,S,1077.4,1,4
2021-06-18 09:59:21,S,1077.45,1,5
2021-06-18 09:59:21,S,1077.8,1,4
2021-06-18 09:59:21,S,1078.4,1,5
2021-06-18 09:59:21,S,1078.5,1,4
2021-06-18 09:59:21,B,1075.5,2,6
2021-06-18 09:59:21,B,1075.05,1,2
2021-06-18 09:59:21,B,1075.0,1,10
2021-06-18 09:59:21,B,1074.95,1,3
2021-06-18 09:59:21,B,1074.45,1,6
2021-06-18 09:59:21,S,1077.4,1,4
2021-06-18 09:59:21,S,1077.45,1,5
2021-06-18 09:59:21,S,1077.8,1,4
2021-06-18 09:59:21,S,1078.4,1,5
2021-06-18 09:59:21,S,1078.5,1,4
2021-06-18 09:59:21,B,1075.5,2,6
2021-06-18 09:59:21,B,1075.05,1,2
2021-06-18 09:59:21,B,1075.0,1,10
2021-06-18 09:59:21,B,1074.95,1,3
2021-06-18 09:59:21,B,1074.45,1,6
2021-06-18 09:59:24,S,1077.4,1,4
2021-06-18 09:59:24,S,1077.45,1,5
2021-06-18 09:59:24,S,1077.8,1,4
2021-06-18 09:59:24,S,1078.4,1,5
2021-06-18 09:59:24,S,1078.5,1,4
2021-06-18 09:59:24,B,1075.05,1,5
2021-06-18 09:59:24,B,1075.0,2,11
2021-06-18 09:59:24,B,1074.45,1,6
2021-06-18 09:59:24,B,1073.85,1,3
2021-06-18 09:59:24,B,1073.65,2,10
2021-06-18 09:59:24,S,1077.4,1,4
2021-06-18 09:59:24,S,1077.45,1,5
2021-06-18 09:59:24,S,1077.8,1,4
2021-06-18 09:59:24,S,1078.4,1,5
2021-06-18 09:59:24,S,1078.5,1,4
2021-06-18 09:59:24,B,1075.05,1,5
2021-06-18 09:59:24,B,1075.0,2,11
2021-06-18 09:59:24,B,1074.45,1,6
2021-06-18 09:59:24,B,1073.85,1,3
2021-06-18 09:59:24,B,1073.65,2,10
2021-06-18 09:59:28,S,1077.75,1,4
2021-06-18 09:59:28,S,1077.8,1,4
2021-06-18 09:59:28,S,1077.85,1,5
2021-06-18 09:59:28,S,1078.25,1,5
2021-06-18 09:59:28,S,1078.3,1,5
2021-06-18 09:59:28,B,1075.05,1,5
2021-06-18 09:59:28,B,1075.0,2,11
2021-06-18 09:59:28,B,1074.55,1,3
2021-06-18 09:59:28,B,1074.45,1,6
2021-06-18 09:59:28,B,1073.85,1,3
2021-06-18 09:59:28,S,1077.75,1,4
2021-06-18 09:59:28,S,1077.8,1,4
2021-06-18 09:59:28,S,1077.85,1,5
2021-06-18 09:59:28,S,1078.25,1,5
2021-06-18 09:59:28,S,1078.3,1,5
2021-06-18 09:59:28,B,1075.05,1,5
2021-06-18 09:59:28,B,1075.0,2,11
2021-06-18 09:59:28,B,1074.55,1,3
2021-06-18 09:59:28,B,1074.45,1,6
2021-06-18 09:59:28,B,1073.85,1,3
2021-06-18 09:59:31,S,1077.75,1,4
2021-06-18 09:59:31,S,1077.8,1,4
2021-06-18 09:59:31,S,1078.25,1,5
2021-06-18 09:59:31,S,1078.3,1,5
2021-06-18 09:59:31,S,1078.5,1,4
2021-06-18 09:59:31,B,1075.55,1,5
2021-06-18 09:59:31,B,1075.05,1,5
2021-06-18 09:59:31,B,1075.0,2,11
2021-06-18 09:59:31,B,1074.55,1,3
2021-06-18 09:59:31,B,1074.45,1,6
2021-06-18 09:59:31,S,1077.75,1,4
2021-06-18 09:59:31,S,1077.8,1,4
2021-06-18 09:59:31,S,1078.25,1,5
2021-06-18 09:59:31,S,1078.3,1,5
2021-06-18 09:59:31,S,1078.5,1,4
2021-06-18 09:59:31,B,1075.55,1,5
2021-06-18 09:59:31,B,1075.05,1,5
2021-06-18 09:59:31,B,1075.0,2,11
2021-06-18 09:59:31,B,1074.55,1,3
2021-06-18 09:59:31,B,1074.45,1,6
2021-06-18 09:59:35,S,1078.2,1,4
2021-06-18 09:59:35,S,1078.25,1,5
2021-06-18 09:59:35,S,1078.3,1,5
2021-06-18 09:59:35,S,1078.5,1,4
2021-06-18 09:59:35,S,1078.6,1,7
2021-06-18 09:59:35,B,1075.05,2,6
2021-06-18 09:59:35,B,1075.0,2,11
2021-06-18 09:59:35,B,1073.85,1,3
2021-06-18 09:59:35,B,1073.7,1,7
2021-06-18 09:59:35,B,1073.65,2,10
2021-06-18 09:59:35,S,1078.2,1,4
2021-06-18 09:59:35,S,1078.25,1,5
2021-06-18 09:59:35,S,1078.3,1,5
2021-06-18 09:59:35,S,1078.5,1,4
2021-06-18 09:59:35,S,1078.6,1,7
2021-06-18 09:59:35,B,1075.05,2,6
2021-06-18 09:59:35,B,1075.0,2,11
2021-06-18 09:59:35,B,1073.85,1,3
2021-06-18 09:59:35,B,1073.7,1,7
2021-06-18 09:59:35,B,1073.65,2,10
2021-06-18 09:59:39,S,1077.9,2,9
2021-06-18 09:59:39,S,1077.95,1,5
2021-06-18 09:59:39,S,1078.1,1,5
2021-06-18 09:59:39,S,1078.3,1,5
2021-06-18 09:59:39,S,1078.5,1,4
2021-06-18 09:59:39,B,1075.05,1,5
2021-06-18 09:59:39,B,1075.0,1,10
2021-06-18 09:59:39,B,1073.85,1,3
2021-06-18 09:59:39,B,1073.7,1,7
2021-06-18 09:59:39,B,1073.65,1,7
2021-06-18 09:59:39,S,1077.9,2,9
2021-06-18 09:59:39,S,1077.95,1,5
2021-06-18 09:59:39,S,1078.1,1,5
2021-06-18 09:59:39,S,1078.3,1,5
2021-06-18 09:59:39,S,1078.5,1,4
2021-06-18 09:59:39,B,1075.05,1,5
2021-06-18 09:59:39,B,1075.0,1,10
2021-06-18 09:59:39,B,1073.85,1,3
2021-06-18 09:59:39,B,1073.7,1,7
2021-06-18 09:59:39,B,1073.65,1,7
2021-06-18 09:59:42,S,1077.65,1,4
2021-06-18 09:59:42,S,1077.7,1,4
2021-06-18 09:59:42,S,1077.75,1,6
2021-06-18 09:59:42,S,1077.9,1,5
2021-06-18 09:59:42,S,1078.25,1,7
2021-06-18 09:59:42,B,1075.05,1,6
2021-06-18 09:59:42,B,1075.0,2,11
2021-06-18 09:59:42,B,1074.45,1,6
2021-06-18 09:59:42,B,1074.35,1,13
2021-06-18 09:59:42,B,1074.05,1,13
2021-06-18 09:59:42,S,1077.65,1,4
2021-06-18 09:59:42,S,1077.7,1,4
2021-06-18 09:59:42,S,1077.75,1,6
2021-06-18 09:59:42,S,1077.9,1,5
2021-06-18 09:59:42,S,1078.25,1,7
2021-06-18 09:59:42,B,1075.05,1,6
2021-06-18 09:59:42,B,1075.0,2,11
2021-06-18 09:59:42,B,1074.45,1,6
2021-06-18 09:59:42,B,1074.35,1,13
2021-06-18 09:59:42,B,1074.05,1,13
2021-06-18 09:59:45,S,1077.65,1,4
2021-06-18 09:59:45,S,1077.7,1,4
2021-06-18 09:59:45,S,1077.9,1,5
2021-06-18 09:59:45,S,1078.25,1,7
2021-06-18 09:59:45,S,1078.45,1,1
2021-06-18 09:59:45,B,1075.05,2,7
2021-06-18 09:59:45,B,1075.0,2,11
2021-06-18 09:59:45,B,1074.45,1,6
2021-06-18 09:59:45,B,1074.35,1,13
2021-06-18 09:59:45,B,1074.05,1,13
2021-06-18 09:59:45,S,1077.65,1,4
2021-06-18 09:59:45,S,1077.7,1,4
2021-06-18 09:59:45,S,1077.9,1,5
2021-06-18 09:59:45,S,1078.25,1,7
2021-06-18 09:59:45,S,1078.45,1,1
2021-06-18 09:59:45,B,1075.05,2,7
2021-06-18 09:59:45,B,1075.0,2,11
2021-06-18 09:59:45,B,1074.45,1,6
2021-06-18 09:59:45,B,1074.35,1,13
2021-06-18 09:59:45,B,1074.05,1,13
2021-06-18 09:59:49,S,1077.65,1,4
2021-06-18 09:59:49,S,1077.7,1,4
2021-06-18 09:59:49,S,1077.9,1,5
2021-06-18 09:59:49,S,1078.25,1,7
2021-06-18 09:59:49,S,1078.45,1,1
2021-06-18 09:59:49,B,1075.05,2,7
2021-06-18 09:59:49,B,1075.0,2,11
2021-06-18 09:59:49,B,1074.45,1,6
2021-06-18 09:59:49,B,1074.05,1,13
2021-06-18 09:59:49,B,1073.85,1,3
2021-06-18 09:59:49,S,1077.65,1,4
2021-06-18 09:59:49,S,1077.7,1,4
2021-06-18 09:59:49,S,1077.9,1,5
2021-06-18 09:59:49,S,1078.25,1,7
2021-06-18 09:59:49,S,1078.45,1,1
2021-06-18 09:59:49,B,1075.05,2,7
2021-06-18 09:59:49,B,1075.0,2,11
2021-06-18 09:59:49,B,1074.45,1,6
2021-06-18 09:59:49,B,1074.05,1,13
2021-06-18 09:59:49,B,1073.85,1,3
2021-06-18 09:59:50,S,1077.65,1,4
2021-06-18 09:59:50,S,1077.7,1,4
2021-06-18 09:59:50,S,1077.9,1,5
2021-06-18 09:59:50,S,1078.25,1,7
2021-06-18 09:59:50,S,1078.45,1,1
2021-06-18 09:59:50,B,1075.05,2,7
2021-06-18 09:59:50,B,1075.0,2,11
2021-06-18 09:59:50,B,1074.45,1,6
2021-06-18 09:59:50,B,1074.05,1,13
2021-06-18 09:59:50,B,1073.85,1,3
2021-06-18 09:59:50,S,1077.65,1,4
2021-06-18 09:59:50,S,1077.7,1,4
2021-06-18 09:59:50,S,1077.9,1,5
2021-06-18 09:59:50,S,1078.25,1,7
2021-06-18 09:59:50,S,1078.45,1,1
2021-06-18 09:59:50,B,1075.05,2,7
2021-06-18 09:59:50,B,1075.0,2,11
2021-06-18 09:59:50,B,1074.45,1,6
2021-06-18 09:59:50,B,1074.05,1,13
2021-06-18 09:59:50,B,1073.85,1,3
2021-06-18 09:59:52,S,1078.4,1,4
2021-06-18 09:59:52,S,1078.45,1,1
2021-06-18 09:59:52,S,1078.5,1,4
2021-06-18 09:59:52,S,1078.55,1,1
2021-06-18 09:59:52,S,1078.9,1,5
2021-06-18 09:59:52,B,1076.3,1,4
2021-06-18 09:59:52,B,1076.25,1,5
2021-06-18 09:59:52,B,1075.8,1,5
2021-06-18 09:59:52,B,1075.55,1,5
2021-06-18 09:59:52,B,1075.35,1,5
2021-06-18 09:59:52,S,1078.4,1,4
2021-06-18 09:59:52,S,1078.45,1,1
2021-06-18 09:59:52,S,1078.5,1,4
2021-06-18 09:59:52,S,1078.55,1,1
2021-06-18 09:59:52,S,1078.9,1,5
2021-06-18 09:59:52,B,1076.3,1,4
2021-06-18 09:59:52,B,1076.25,1,5
2021-06-18 09:59:52,B,1075.8,1,5
2021-06-18 09:59:52,B,1075.55,1,5
2021-06-18 09:59:52,B,1075.35,1,5
2021-06-18 09:59:54,S,1078.4,1,4
2021-06-18 09:59:54,S,1078.45,1,1
2021-06-18 09:59:54,S,1078.5,1,4
2021-06-18 09:59:54,S,1078.55,1,1
2021-06-18 09:59:54,S,1078.9,1,5
2021-06-18 09:59:54,B,1076.3,1,4
2021-06-18 09:59:54,B,1076.25,1,5
2021-06-18 09:59:54,B,1075.8,1,5
2021-06-18 09:59:54,B,1075.55,1,5
2021-06-18 09:59:54,B,1075.35,1,5
2021-06-18 09:59:54,S,1078.4,1,4
2021-06-18 09:59:54,S,1078.45,1,1
2021-06-18 09:59:54,S,1078.5,1,4
2021-06-18 09:59:54,S,1078.55,1,1
2021-06-18 09:59:54,S,1078.9,1,5
2021-06-18 09:59:54,B,1076.3,1,4
2021-06-18 09:59:54,B,1076.25,1,5
2021-06-18 09:59:54,B,1075.8,1,5
2021-06-18 09:59:54,B,1075.55,1,5
2021-06-18 09:59:54,B,1075.35,1,5
2021-06-18 09:59:56,S,1077.45,1,4
2021-06-18 09:59:56,S,1077.5,1,5
2021-06-18 09:59:56,S,1078.0,2,10
2021-06-18 09:59:56,S,1078.15,1,5
2021-06-18 09:59:56,S,1078.2,1,5
2021-06-18 09:59:56,B,1075.35,1,5
2021-06-18 09:59:56,B,1075.3,1,7
2021-06-18 09:59:56,B,1075.05,2,3
2021-06-18 09:59:56,B,1075.0,3,39
2021-06-18 09:59:56,B,1074.45,1,6
2021-06-18 09:59:56,S,1077.45,1,4
2021-06-18 09:59:56,S,1077.5,1,5
2021-06-18 09:59:56,S,1078.0,2,10
2021-06-18 09:59:56,S,1078.15,1,5
2021-06-18 09:59:56,S,1078.2,1,5
2021-06-18 09:59:56,B,1075.35,1,5
2021-06-18 09:59:56,B,1075.3,1,7
2021-06-18 09:59:56,B,1075.05,2,3
2021-06-18 09:59:56,B,1075.0,3,39
2021-06-18 09:59:56,B,1074.45,1,6
2021-06-18 10:00:00,S,1077.15,1,5
2021-06-18 10:00:00,S,1077.65,1,4
2021-06-18 10:00:00,S,1077.7,1,4
2021-06-18 10:00:00,S,1078.0,2,10
2021-06-18 10:00:00,S,1078.15,1,5
2021-06-18 10:00:00,B,1075.55,1,5
2021-06-18 10:00:00,B,1075.35,1,5
2021-06-18 10:00:00,B,1075.3,1,7
2021-06-18 10:00:00,B,1075.05,2,3
2021-06-18 10:00:00,B,1075.0,3,39
2021-06-18 10:00:00,S,1077.15,1,5
2021-06-18 10:00:00,S,1077.65,1,4
2021-06-18 10:00:00,S,1077.7,1,4
2021-06-18 10:00:00,S,1078.0,2,10
2021-06-18 10:00:00,S,1078.15,1,5
2021-06-18 10:00:00,B,1075.55,1,5
2021-06-18 10:00:00,B,1075.35,1,5
2021-06-18 10:00:00,B,1075.3,1,7
2021-06-18 10:00:00,B,1075.05,2,3
2021-06-18 10:00:00,B,1075.0,3,39
2021-06-18 10:00:03,S,1077.1,1,4
2021-06-18 10:00:03,S,1077.15,1,5
2021-06-18 10:00:03,S,1077.7,1,4
2021-06-18 10:00:03,S,1078.0,2,10
2021-06-18 10:00:03,S,1078.15,1,5
2021-06-18 10:00:03,B,1075.1,1,5
2021-06-18 10:00:03,B,1075.05,2,3
2021-06-18 10:00:03,B,1075.0,3,39
2021-06-18 10:00:03,B,1074.45,1,6
2021-06-18 10:00:03,B,1073.85,1,3
2021-06-18 10:00:03,S,1077.1,1,4
2021-06-18 10:00:03,S,1077.15,1,5
2021-06-18 10:00:03,S,1077.7,1,4
2021-06-18 10:00:03,S,1078.0,2,10
2021-06-18 10:00:03,S,1078.15,1,5
2021-06-18 10:00:03,B,1075.1,1,5
2021-06-18 10:00:03,B,1075.05,2,3
2021-06-18 10:00:03,B,1075.0,3,39
2021-06-18 10:00:03,B,1074.45,1,6
2021-06-18 10:00:03,B,1073.85,1,3
2021-06-18 10:00:07,S,1076.25,1,3
2021-06-18 10:00:07,S,1076.55,1,5
2021-06-18 10:00:07,S,1077.6,1,4
2021-06-18 10:00:07,S,1077.65,1,5
2021-06-18 10:00:07,S,1077.7,1,4
2021-06-18 10:00:07,B,1075.0,2,38
2021-06-18 10:00:07,B,1074.9,1,5
2021-06-18 10:00:07,B,1074.5,1,5
2021-06-18 10:00:07,B,1074.45,1,6
2021-06-18 10:00:07,B,1073.85,1,3
2021-06-18 10:00:07,S,1076.25,1,3
2021-06-18 10:00:07,S,1076.55,1,5
2021-06-18 10:00:07,S,1077.6,1,4
2021-06-18 10:00:07,S,1077.65,1,5
2021-06-18 10:00:07,S,1077.7,1,4
2021-06-18 10:00:07,B,1075.0,2,38
2021-06-18 10:00:07,B,1074.9,1,5
2021-06-18 10:00:07,B,1074.5,1,5
2021-06-18 10:00:07,B,1074.45,1,6
2021-06-18 10:00:07,B,1073.85,1,3
2021-06-18 10:00:12,S,1076.25,1,3
2021-06-18 10:00:12,S,1076.55,1,5
2021-06-18 10:00:12,S,1077.6,1,4
2021-06-18 10:00:12,S,1077.65,1,5
2021-06-18 10:00:12,S,1077.7,1,4
2021-06-18 10:00:12,B,1075.0,2,38
2021-06-18 10:00:12,B,1074.9,1,5
2021-06-18 10:00:12,B,1074.5,1,5
2021-06-18 10:00:12,B,1074.45,1,6
2021-06-18 10:00:12,B,1073.85,1,3
2021-06-18 10:00:12,S,1076.25,1,3
2021-06-18 10:00:12,S,1076.55,1,5
2021-06-18 10:00:12,S,1077.6,1,4
2021-06-18 10:00:12,S,1077.65,1,5
2021-06-18 10:00:12,S,1077.7,1,4
2021-06-18 10:00:12,B,1075.0,2,38
2021-06-18 10:00:12,B,1074.9,1,5
2021-06-18 10:00:12,B,1074.5,1,5
2021-06-18 10:00:12,B,1074.45,1,6
2021-06-18 10:00:12,B,1073.85,1,3
2021-06-18 10:00:13,S,1077.45,1,4
2021-06-18 10:00:13,S,1077.5,1,12
2021-06-18 10:00:13,S,1077.55,1,1
2021-06-18 10:00:13,S,1077.65,1,5
2021-06-18 10:00:13,S,1077.7,1,4
2021-06-18 10:00:13,B,1075.0,2,38
2021-06-18 10:00:13,B,1074.5,1,5
2021-06-18 10:00:13,B,1074.45,1,6
2021-06-18 10:00:13,B,1073.85,1,3
2021-06-18 10:00:13,B,1073.6,2,13
2021-06-18 10:00:13,S,1077.45,1,4
2021-06-18 10:00:13,S,1077.5,1,12
2021-06-18 10:00:13,S,1077.55,1,1
2021-06-18 10:00:13,S,1077.65,1,5
2021-06-18 10:00:13,S,1077.7,1,4
2021-06-18 10:00:13,B,1075.0,2,38
2021-06-18 10:00:13,B,1074.5,1,5
2021-06-18 10:00:13,B,1074.45,1,6
2021-06-18 10:00:13,B,1073.85,1,3
2021-06-18 10:00:13,B,1073.6,2,13
2021-06-18 10:00:14,S,1077.45,1,4
2021-06-18 10:00:14,S,1077.5,1,12
2021-06-18 10:00:14,S,1077.55,1,1
2021-06-18 10:00:14,S,1077.65,1,5
2021-06-18 10:00:14,S,1077.7,1,4
2021-06-18 10:00:14,B,1075.0,2,38
2021-06-18 10:00:14,B,1074.5,1,5
2021-06-18 10:00:14,B,1074.45,1,6
2021-06-18 10:00:14,B,1073.85,1,3
2021-06-18 10:00:14,B,1073.6,2,13
2021-06-18 10:00:14,S,1077.45,1,4
2021-06-18 10:00:14,S,1077.5,1,12
2021-06-18 10:00:14,S,1077.55,1,1
2021-06-18 10:00:14,S,1077.65,1,5
2021-06-18 10:00:14,S,1077.7,1,4
2021-06-18 10:00:14,B,1075.0,2,38
2021-06-18 10:00:14,B,1074.5,1,5
2021-06-18 10:00:14,B,1074.45,1,6
2021-06-18 10:00:14,B,1073.85,1,3
2021-06-18 10:00:14,B,1073.6,2,13
2021-06-18 10:00:16,S,1077.45,1,4
2021-06-18 10:00:16,S,1077.5,1,12
2021-06-18 10:00:16,S,1077.55,1,1
2021-06-18 10:00:16,S,1077.65,1,5
2021-06-18 10:00:16,S,1077.7,1,4
2021-06-18 10:00:16,B,1075.0,2,38
2021-06-18 10:00:16,B,1074.5,1,5
2021-06-18 10:00:16,B,1074.45,1,6
2021-06-18 10:00:16,B,1073.85,1,3
2021-06-18 10:00:16,B,1073.6,2,13
2021-06-18 10:00:17,S,1077.45,1,4
2021-06-18 10:00:17,S,1077.5,1,12
2021-06-18 10:00:17,S,1077.55,1,1
2021-06-18 10:00:17,S,1077.65,1,5
2021-06-18 10:00:17,S,1077.7,1,4
2021-06-18 10:00:17,B,1075.0,2,38
2021-06-18 10:00:17,B,1074.5,1,5
2021-06-18 10:00:17,B,1074.45,1,6
2021-06-18 10:00:17,B,1073.85,1,3
2021-06-18 10:00:17,B,1073.6,2,13
2021-06-18 10:00:17,S,1075.05,1,4
2021-06-18 10:00:17,S,1075.1,1,10
2021-06-18 10:00:17,S,1075.9,1,15
2021-06-18 10:00:17,S,1076.35,1,2
2021-06-18 10:00:17,S,1076.4,1,1
2021-06-18 10:00:17,B,1073.05,1,15
2021-06-18 10:00:17,B,1073.0,1,100
2021-06-18 10:00:17,B,1072.0,3,135
2021-06-18 10:00:17,B,1071.95,1,5
2021-06-18 10:00:17,B,1071.9,2,13
2021-06-18 10:00:17,S,1075.05,1,4
2021-06-18 10:00:17,S,1075.1,1,10
2021-06-18 10:00:17,S,1075.9,1,15
2021-06-18 10:00:17,S,1076.35,1,2
2021-06-18 10:00:17,S,1076.4,1,1
2021-06-18 10:00:17,B,1073.05,1,15
2021-06-18 10:00:17,B,1073.0,1,100
2021-06-18 10:00:17,B,1072.0,3,135
2021-06-18 10:00:17,B,1071.95,1,5
2021-06-18 10:00:17,B,1071.9,2,13
2021-06-18 10:00:21,S,1075.05,1,4
2021-06-18 10:00:21,S,1075.1,1,10
2021-06-18 10:00:21,S,1075.15,1,4
2021-06-18 10:00:21,S,1075.85,1,4
2021-06-18 10:00:21,S,1075.9,1,15
2021-06-18 10:00:21,B,1073.0,1,100
2021-06-18 10:00:21,B,1072.05,1,17
2021-06-18 10:00:21,B,1072.0,3,135
2021-06-18 10:00:21,B,1071.95,1,5
2021-06-18 10:00:21,B,1071.9,2,13
2021-06-18 10:00:21,S,1075.05,1,4
2021-06-18 10:00:21,S,1075.1,1,10
2021-06-18 10:00:21,S,1075.15,1,4
2021-06-18 10:00:21,S,1075.85,1,4
2021-06-18 10:00:21,S,1075.9,1,15
2021-06-18 10:00:21,B,1073.0,1,100
2021-06-18 10:00:21,B,1072.05,1,17
2021-06-18 10:00:21,B,1072.0,3,135
2021-06-18 10:00:21,B,1071.95,1,5
2021-06-18 10:00:21,B,1071.9,2,13
2021-06-18 10:00:22,S,1075.05,1,4
2021-06-18 10:00:22,S,1075.1,1,10
2021-06-18 10:00:22,S,1075.15,1,4
2021-06-18 10:00:22,S,1075.85,1,4
2021-06-18 10:00:22,S,1075.9,1,15
2021-06-18 10:00:22,B,1073.0,1,100
2021-06-18 10:00:22,B,1072.05,1,17
2021-06-18 10:00:22,B,1072.0,3,135
2021-06-18 10:00:22,B,1071.95,1,5
2021-06-18 10:00:22,B,1071.9,2,13
2021-06-18 10:00:22,S,1075.05,1,4
2021-06-18 10:00:22,S,1075.1,1,10
2021-06-18 10:00:22,S,1075.15,1,4
2021-06-18 10:00:22,S,1075.85,1,4
2021-06-18 10:00:22,S,1075.9,1,15
2021-06-18 10:00:22,B,1073.0,1,100
2021-06-18 10:00:22,B,1072.05,1,17
2021-06-18 10:00:22,B,1072.0,3,135
2021-06-18 10:00:22,B,1071.95,1,5
2021-06-18 10:00:22,B,1071.9,2,13
2021-06-18 10:00:24,S,1075.05,1,4
2021-06-18 10:00:24,S,1075.1,1,10
2021-06-18 10:00:24,S,1075.15,1,4
2021-06-18 10:00:24,S,1075.85,1,4
2021-06-18 10:00:24,S,1075.9,1,15
2021-06-18 10:00:24,B,1073.0,1,100
2021-06-18 10:00:24,B,1072.05,1,17
2021-06-18 10:00:24,B,1072.0,3,135
2021-06-18 10:00:24,B,1071.95,1,5
2021-06-18 10:00:24,B,1071.9,2,13
2021-06-18 10:00:24,S,1075.05,1,4
2021-06-18 10:00:24,S,1075.1,1,10
2021-06-18 10:00:24,S,1075.15,1,4
2021-06-18 10:00:24,S,1075.85,1,4
2021-06-18 10:00:24,S,1075.9,1,15
2021-06-18 10:00:24,B,1073.0,1,100
2021-06-18 10:00:24,B,1072.05,1,17
2021-06-18 10:00:24,B,1072.0,3,135
2021-06-18 10:00:24,B,1071.95,1,5
2021-06-18 10:00:24,B,1071.9,2,13
2021-06-18 10:00:28,S,1074.7,1,5
2021-06-18 10:00:28,S,1075.05,1,4
2021-06-18 10:00:28,S,1075.1,1,4
2021-06-18 10:00:28,S,1075.45,1,4
2021-06-18 10:00:28,S,1075.7,1,27
2021-06-18 10:00:28,B,1073.15,1,4
2021-06-18 10:00:28,B,1073.1,1,27
2021-06-18 10:00:28,B,1073.0,3,106
2021-06-18 10:00:28,B,1072.0,3,135
2021-06-18 10:00:28,B,1071.9,1,7
2021-06-18 10:00:28,S,1074.7,1,5
2021-06-18 10:00:28,S,1075.05,1,4
2021-06-18 10:00:28,S,1075.1,1,4
2021-06-18 10:00:28,S,1075.45,1,4
2021-06-18 10:00:28,S,1075.7,1,27
2021-06-18 10:00:28,B,1073.15,1,4
2021-06-18 10:00:28,B,1073.1,1,27
2021-06-18 10:00:28,B,1073.0,3,106
2021-06-18 10:00:28,B,1072.0,3,135
2021-06-18 10:00:28,B,1071.9,1,7
2021-06-18 10:00:31,S,1075.05,1,4
2021-06-18 10:00:31,S,1075.1,1,4
2021-06-18 10:00:31,S,1075.45,1,4
2021-06-18 10:00:31,S,1075.7,1,27
2021-06-18 10:00:31,S,1075.75,1,2
2021-06-18 10:00:31,B,1073.15,1,4
2021-06-18 10:00:31,B,1073.1,1,27
2021-06-18 10:00:31,B,1073.0,2,101
2021-06-18 10:00:31,B,1072.0,3,135
2021-06-18 10:00:31,B,1071.95,1,11
2021-06-18 10:00:31,S,1075.05,1,4
2021-06-18 10:00:31,S,1075.1,1,4
2021-06-18 10:00:31,S,1075.45,1,4
2021-06-18 10:00:31,S,1075.7,1,27
2021-06-18 10:00:31,S,1075.75,1,2
2021-06-18 10:00:31,B,1073.15,1,4
2021-06-18 10:00:31,B,1073.1,1,27
2021-06-18 10:00:31,B,1073.0,2,101
2021-06-18 10:00:31,B,1072.0,3,135
2021-06-18 10:00:31,B,1071.95,1,11
2021-06-18 10:00:35,S,1075.05,1,4
2021-06-18 10:00:35,S,1075.1,1,4
2021-06-18 10:00:35,S,1075.35,1,5
2021-06-18 10:00:35,S,1075.7,1,27
2021-06-18 10:00:35,S,1076.2,1,4
2021-06-18 10:00:35,B,1073.7,1,4
2021-06-18 10:00:35,B,1073.65,1,5
2021-06-18 10:00:35,B,1073.15,2,8
2021-06-18 10:00:35,B,1073.1,2,28
2021-06-18 10:00:35,B,1073.0,2,101
2021-06-18 10:00:35,S,1075.05,1,4
2021-06-18 10:00:35,S,1075.1,1,4
2021-06-18 10:00:35,S,1075.35,1,5
2021-06-18 10:00:35,S,1075.7,1,27
2021-06-18 10:00:35,S,1076.2,1,4
2021-06-18 10:00:35,B,1073.7,1,4
2021-06-18 10:00:35,B,1073.65,1,5
2021-06-18 10:00:35,B,1073.15,2,8
2021-06-18 10:00:35,B,1073.1,2,28
2021-06-18 10:00:35,B,1073.0,2,101
2021-06-18 10:00:39,S,1075.1,1,4
2021-06-18 10:00:39,S,1075.95,1,4
2021-06-18 10:00:39,S,1076.0,1,2
2021-06-18 10:00:39,S,1076.05,1,3
2021-06-18 10:00:39,S,1076.1,1,12
2021-06-18 10:00:39,B,1073.75,1,4
2021-06-18 10:00:39,B,1073.7,1,5
2021-06-18 10:00:39,B,1073.35,1,12
2021-06-18 10:00:39,B,1073.3,1,4
2021-06-18 10:00:39,B,1073.25,1,4
2021-06-18 10:00:39,S,1075.1,1,4
2021-06-18 10:00:39,S,1075.95,1,4
2021-06-18 10:00:39,S,1076.0,1,2
2021-06-18 10:00:39,S,1076.05,1,3
2021-06-18 10:00:39,S,1076.1,1,12
2021-06-18 10:00:39,B,1073.75,1,4
2021-06-18 10:00:39,B,1073.7,1,5
2021-06-18 10:00:39,B,1073.35,1,12
2021-06-18 10:00:39,B,1073.3,1,4
2021-06-18 10:00:39,B,1073.25,1,4
2021-06-18 10:00:42,S,1075.1,1,4
2021-06-18 10:00:42,S,1075.45,1,4
2021-06-18 10:00:42,S,1075.5,1,5
2021-06-18 10:00:42,S,1076.0,1,2
2021-06-18 10:00:42,S,1076.05,1,3
2021-06-18 10:00:42,B,1073.9,1,4
2021-06-18 10:00:42,B,1073.85,1,5
2021-06-18 10:00:42,B,1073.35,1,12
2021-06-18 10:00:42,B,1073.3,1,4
2021-06-18 10:00:42,B,1073.25,1,4
2021-06-18 10:00:42,S,1075.1,1,4
2021-06-18 10:00:42,S,1075.45,1,4
2021-06-18 10:00:42,S,1075.5,1,5
2021-06-18 10:00:42,S,1076.0,1,2
2021-06-18 10:00:42,S,1076.05,1,3
2021-06-18 10:00:42,B,1073.9,1,4
2021-06-18 10:00:42,B,1073.85,1,5
2021-06-18 10:00:42,B,1073.35,1,12
2021-06-18 10:00:42,B,1073.3,1,4
2021-06-18 10:00:42,B,1073.25,1,4
2021-06-18 10:00:49,S,1075.1,1,4
2021-06-18 10:00:49,S,1075.95,1,4
2021-06-18 10:00:49,S,1076.0,1,2
2021-06-18 10:00:49,S,1076.05,1,3
2021-06-18 10:00:49,S,1076.1,1,12
2021-06-18 10:00:49,B,1074.0,1,1
2021-06-18 10:00:49,B,1073.75,1,4
2021-06-18 10:00:49,B,1073.7,1,1
2021-06-18 10:00:49,B,1073.35,2,13
2021-06-18 10:00:49,B,1073.3,2,5
2021-06-18 10:00:49,S,1075.1,1,4
2021-06-18 10:00:49,S,1075.95,1,4
2021-06-18 10:00:49,S,1076.0,1,2
2021-06-18 10:00:49,S,1076.05,1,3
2021-06-18 10:00:49,S,1076.1,1,12
2021-06-18 10:00:49,B,1074.0,1,1
2021-06-18 10:00:49,B,1073.75,1,4
2021-06-18 10:00:49,B,1073.7,1,1
2021-06-18 10:00:49,B,1073.35,2,13
2021-06-18 10:00:49,B,1073.3,2,5
2021-06-18 10:00:54,S,1075.1,1,4
2021-06-18 10:00:54,S,1075.85,1,4
2021-06-18 10:00:54,S,1075.9,1,6
2021-06-18 10:00:54,S,1076.0,1,2
2021-06-18 10:00:54,S,1076.05,1,3
2021-06-18 10:00:54,B,1073.9,1,4
2021-06-18 10:00:54,B,1073.85,1,5
2021-06-18 10:00:54,B,1073.35,2,13
2021-06-18 10:00:54,B,1073.3,2,5
2021-06-18 10:00:54,B,1073.25,1,4
2021-06-18 10:00:54,S,1075.1,1,4
2021-06-18 10:00:54,S,1075.85,1,4
2021-06-18 10:00:54,S,1075.9,1,6
2021-06-18 10:00:54,S,1076.0,1,2
2021-06-18 10:00:54,S,1076.05,1,3
2021-06-18 10:00:54,B,1073.9,1,4
2021-06-18 10:00:54,B,1073.85,1,5
2021-06-18 10:00:54,B,1073.35,2,13
2021-06-18 10:00:54,B,1073.3,2,5
2021-06-18 10:00:54,B,1073.25,1,4
2021-06-18 10:00:57,S,1075.0,1,9
2021-06-18 10:00:57,S,1075.05,1,4
2021-06-18 10:00:57,S,1075.1,1,4
2021-06-18 10:00:57,S,1075.55,1,5
2021-06-18 10:00:57,S,1075.9,1,6
2021-06-18 10:00:57,B,1073.55,1,4
2021-06-18 10:00:57,B,1073.5,1,5
2021-06-18 10:00:57,B,1073.35,2,13
2021-06-18 10:00:57,B,1073.3,1,4
2021-06-18 10:00:57,B,1073.25,1,4
2021-06-18 10:00:57,S,1075.0,1,9
2021-06-18 10:00:57,S,1075.05,1,4
2021-06-18 10:00:57,S,1075.1,1,4
2021-06-18 10:00:57,S,1075.55,1,5
2021-06-18 10:00:57,S,1075.9,1,6
2021-06-18 10:00:57,B,1073.55,1,4
2021-06-18 10:00:57,B,1073.5,1,5
2021-06-18 10:00:57,B,1073.35,2,13
2021-06-18 10:00:57,B,1073.3,1,4
2021-06-18 10:00:57,B,1073.25,1,4
2021-06-18 10:01:00,S,1075.0,1,9
2021-06-18 10:01:00,S,1075.05,1,4
2021-06-18 10:01:00,S,1075.1,1,4
2021-06-18 10:01:00,S,1075.9,1,6
2021-06-18 10:01:00,S,1076.0,1,2
2021-06-18 10:01:00,B,1073.55,1,4
2021-06-18 10:01:00,B,1073.5,1,5
2021-06-18 10:01:00,B,1073.35,2,13
2021-06-18 10:01:00,B,1073.3,1,4
2021-06-18 10:01:00,B,1073.25,1,4
2021-06-18 10:01:00,S,1075.0,1,9
2021-06-18 10:01:00,S,1075.05,1,4
2021-06-18 10:01:00,S,1075.1,1,4
2021-06-18 10:01:00,S,1075.9,1,6
2021-06-18 10:01:00,S,1076.0,1,2
2021-06-18 10:01:00,B,1073.55,1,4
2021-06-18 10:01:00,B,1073.5,1,5
2021-06-18 10:01:00,B,1073.35,2,13
2021-06-18 10:01:00,B,1073.3,1,4
2021-06-18 10:01:00,B,1073.25,1,4
2021-06-18 10:01:06,S,1075.0,1,9
2021-06-18 10:01:06,S,1075.05,1,4
2021-06-18 10:01:06,S,1075.1,1,4
2021-06-18 10:01:06,S,1075.9,1,6
2021-06-18 10:01:06,S,1076.0,1,2
2021-06-18 10:01:06,B,1073.55,1,4
2021-06-18 10:01:06,B,1073.5,1,5
2021-06-18 10:01:06,B,1073.35,2,13
2021-06-18 10:01:06,B,1073.3,1,4
2021-06-18 10:01:06,B,1073.25,1,4
2021-06-18 10:01:06,S,1075.0,1,9
2021-06-18 10:01:06,S,1075.05,1,4
2021-06-18 10:01:06,S,1075.1,1,4
2021-06-18 10:01:06,S,1075.9,1,6
2021-06-18 10:01:06,S,1076.0,1,2
2021-06-18 10:01:06,B,1073.55,1,4
2021-06-18 10:01:06,B,1073.5,1,5
2021-06-18 10:01:06,B,1073.35,2,13
2021-06-18 10:01:06,B,1073.3,1,4
2021-06-18 10:01:06,B,1073.25,1,4
2021-06-18 10:01:07,S,1075.0,1,4
2021-06-18 10:01:07,S,1075.1,1,4
2021-06-18 10:01:07,S,1075.85,1,4
2021-06-18 10:01:07,S,1075.9,1,6
2021-06-18 10:01:07,S,1076.0,1,2
2021-06-18 10:01:07,B,1073.4,2,9
2021-06-18 10:01:07,B,1073.35,2,13
2021-06-18 10:01:07,B,1073.3,1,4
2021-06-18 10:01:07,B,1073.25,1,4
2021-06-18 10:01:07,B,1073.2,1,4
2021-06-18 10:01:07,S,1075.0,1,4
2021-06-18 10:01:07,S,1075.1,1,4
2021-06-18 10:01:07,S,1075.85,1,4
2021-06-18 10:01:07,S,1075.9,1,6
2021-06-18 10:01:07,S,1076.0,1,2
2021-06-18 10:01:07,B,1073.4,2,9
2021-06-18 10:01:07,B,1073.35,2,13
2021-06-18 10:01:07,B,1073.3,1,4
2021-06-18 10:01:07,B,1073.25,1,4
2021-06-18 10:01:07,B,1073.2,1,4
